H,S,V
3,249,79
3,248,75
3,248,76
3,248,77
3,248,77
3,248,77
3,248,78
3,248,78
3,248,78
3,249,79
3,249,79
3,249,80
3,249,80
3,249,80
3,249,80
3,249,79
3,248,78
4,252,78
4,252,77
4,252,77
4,252,77
4,252,77
4,252,77
3,248,77
3,248,77
3,248,77
3,248,77
3,248,77
3,248,77
4,252,77
4,248,70
4,248,70
4,248,70
4,248,70
4,248,70
4,248,70
3,248,71
3,248,72
3,248,73
4,252,74
4,252,76
4,252,77
4,252,77
4,252,78
4,252,78
3,252,79
3,249,80
3,249,80
3,249,80
3,249,80
4,248,78
4,248,78
4,252,77
4,252,77
4,252,77
4,252,77
4,252,77
3,248,77
4,248,76
3,248,75
3,248,74
3,248,73
3,248,72
4,251,72
4,251,72
4,252,73
4,252,73
4,252,74
4,248,75
3,245,73
3,248,72
3,248,71
4,248,70
3,248,69
3,248,68
3,248,68
4,248,68
4,248,68
3,248,68
4,248,68
4,251,70
3,251,71
3,251,72
3,252,73
3,252,74
4,252,76
4,252,77
4,252,77
4,252,78
4,252,78
3,249,79
3,249,80
3,249,80
3,249,80
4,249,79
4,249,79
4,248,78
3,245,78
3,245,78
3,245,78
3,245,77
3,248,77
4,248,76
4,248,75
4,248,73
3,248,73
3,248,72
4,251,72
4,251,72
4,251,72
4,251,72
4,251,72
4,252,73
4,252,73
4,252,73
4,252,74
4,248,74
4,248,75
3,245,74
3,245,73
3,245,73
3,244,71
3,244,71
3,244,70
3,248,69
3,248,68
3,247,67
3,247,67
3,247,66
3,247,66
3,247,66
4,251,67
3,251,67
3,255,69
3,255,70
3,255,72
3,252,73
3,252,74
4,252,76
4,252,77
4,252,77
4,252,78
3,249,79
3,249,80
3,249,80
3,246,81
3,246,81
3,246,81
3,245,80
3,245,80
3,245,80
3,245,79
3,245,79
3,245,78
3,245,78
3,245,76
3,245,75
4,248,73
4,248,73
4,248,72
3,248,72
4,251,72
4,251,72
4,255,72
4,255,72
4,255,72
4,251,72
4,255,72
4,251,72
4,252,73
4,252,73
4,252,74
4,252,75
4,252,77
3,248,78
3,245,74
3,244,72
3,244,72
3,244,70
3,244,70
3,244,69
3,244,69
3,244,69
3,244,68
3,244,68
3,244,67
3,247,67
3,247,67
3,247,66
3,247,66
3,247,66
4,251,67
3,251,67
3,255,69
3,255,71
3,255,72
3,252,74
3,248,75
3,248,77
3,248,77
3,248,78
3,249,79
3,249,80
3,249,81
3,246,83
3,246,83
3,246,84
3,243,83
3,246,82
3,246,81
3,246,81
3,245,80
3,245,80
3,245,80
3,245,80
3,245,79
3,245,78
3,245,76
3,245,75
3,245,74
3,248,73
3,248,73
4,252,73
4,251,72
4,251,72
4,255,72
4,255,72
4,255,72
4,255,72
4,255,72
4,252,73
4,252,73
4,252,74
4,252,74
4,252,75
4,252,77
3,248,77
4,248,78
3,245,76
3,245,75
3,244,72
3,244,71
3,244,68
3,244,68
2,244,68
2,244,67
2,244,67
2,243,66
2,244,67
2,244,67
2,244,67
2,240,67
2,240,67
2,244,67
3,247,66
3,247,66
3,247,67
4,251,67
3,251,69
3,255,71
3,255,72
3,255,75
3,248,77
3,248,78
3,248,78
4,249,79
3,249,80
3,249,81
3,249,83
3,249,83
3,246,84
3,246,85
3,246,85
3,243,85
3,246,84
3,246,84
3,246,83
3,246,83
3,246,83
3,246,82
3,246,81
3,246,81
3,245,80
3,245,79
3,245,78
3,245,76
3,248,75
3,248,74
3,248,74
4,252,73
4,252,73
4,251,72
4,255,72
4,255,72
4,255,72
4,255,72
4,252,73
4,252,73
4,252,74
4,252,74
4,252,74
4,252,75
4,252,75
3,248,75
4,248,75
4,248,75
4,248,75
4,248,75
3,245,75
3,245,73
4,244,70
3,244,68
3,244,68
3,243,66
2,243,65
2,243,65
2,243,66
2,243,66
2,243,66
2,243,66
2,244,67
2,240,67
2,240,68
2,240,68
2,240,68
3,244,69
3,244,69
3,248,70
3,248,71
3,248,72
3,248,75
3,248,76
3,248,78
3,249,79
3,249,80
3,249,80
3,249,81
3,249,81
3,249,83
3,249,84
3,249,84
3,249,86
3,246,86
3,246,86
3,243,85
3,246,85
3,246,84
3,246,84
3,246,83
3,246,83
3,246,83
3,246,83
3,243,82
3,242,81
3,245,80
3,245,79
3,245,79
3,245,78
4,248,76
3,248,76
4,248,75
3,248,74
4,252,73
4,252,73
4,252,73
4,252,73
4,252,73
4,252,73
4,252,73
4,252,74
4,252,74
4,252,74
4,252,75
4,252,75
4,248,75
4,248,75
4,248,75
4,248,75
4,248,75
4,248,75
4,248,74
4,248,73
4,248,71
4,248,71
4,244,70
4,244,70
3,244,68
3,243,65
3,243,64
2,243,64
2,243,64
2,243,65
2,243,66
2,243,66
2,243,66
2,243,66
3,244,67
2,240,69
2,240,69
2,237,71
2,237,71
3,241,71
3,245,73
3,245,73
3,245,75
3,245,76
3,245,77
3,249,79
3,245,80
3,246,81
3,246,82
3,246,83
3,246,83
3,249,84
3,252,84
3,252,84
3,249,86
3,249,86
3,249,87
3,246,87
3,246,87
3,246,86
3,246,85
3,246,85
3,249,84
3,246,84
3,246,83
3,246,83
3,246,83
3,246,83
3,246,82
3,246,81
3,245,80
4,249,79
4,248,78
4,248,78
4,248,78
3,248,76
3,248,75
3,248,75
3,248,75
3,248,75
3,248,75
4,248,75
4,252,75
4,252,75
4,252,74
4,252,74
4,252,75
4,252,75
4,248,75
4,248,75
4,248,75
4,248,75
4,248,75
4,248,75
4,252,74
4,252,74
4,252,74
3,248,74
3,248,73
3,248,71
4,248,70
4,248,68
4,248,68
4,248,68
3,244,67
3,244,67
3,243,65
3,243,64
2,243,64
2,243,64
2,243,65
2,243,66
2,243,66
2,244,68
2,244,69
3,244,70
3,241,71
3,241,73
2,238,75
2,238,75
2,238,75
3,241,75
3,245,76
3,245,77
3,245,79
3,245,80
3,245,80
3,246,82
2,243,84
3,243,84
3,246,85
3,246,84
3,249,84
3,252,84
3,252,85
3,252,86
3,249,87
3,249,87
3,249,87
3,249,87
3,249,87
3,249,87
3,249,87
3,249,85
3,249,85
3,249,84
3,246,84
3,246,84
3,246,83
3,246,83
3,246,83
3,246,81
3,245,80
3,245,79
3,245,79
3,245,79
3,245,78
4,248,78
4,248,78
4,248,78
4,248,78
4,248,78
4,248,78
4,248,78
4,248,78
4,248,78
4,248,78
4,248,78
4,248,78
4,248,78
4,248,78
4,245,78
4,245,77
3,245,76
4,248,75
4,248,74
4,252,74
4,252,74
4,252,74
4,252,74
3,248,76
3,248,73
3,248,72
3,248,69
3,248,68
3,251,67
3,251,66
4,251,66
3,247,67
3,247,67
4,247,67
3,244,67
3,247,65
3,247,64
3,243,64
3,243,66
3,244,68
3,244,70
3,244,70
3,244,72
3,245,74
3,242,76
3,242,77
3,238,77
2,239,78
3,242,78
3,242,78
3,245,79
3,245,80
3,246,81
3,246,81
3,246,83
3,246,84
3,243,85
3,243,85
3,243,85
3,246,85
3,249,85
3,252,86
3,252,86
3,249,87
3,249,87
3,249,87
3,249,88
3,249,87
3,249,87
3,249,87
3,249,87
3,249,87
3,249,86
3,249,86
3,249,85
3,246,85
3,246,85
3,246,84
3,246,84
3,249,83
3,246,83
3,246,82
3,245,80
3,245,80
3,245,80
3,245,80
3,249,80
4,249,79
3,245,79
3,245,79
3,245,79
3,245,80
3,245,80
3,245,80
3,245,80
3,245,79
3,245,79
4,245,80
4,245,80
4,245,80
4,245,80
3,245,79
3,245,77
4,248,76
3,248,74
4,252,74
4,252,74
4,252,74
4,252,74
3,248,75
3,245,78
3,245,76
4,248,74
3,248,72
3,248,69
3,248,68
3,247,67
3,247,67
3,251,66
3,251,66
3,247,67
3,247,67
3,247,67
4,247,67
4,247,67
4,248,68
3,244,69
3,244,71
3,244,72
3,245,74
3,245,75
3,245,76
3,245,78
3,242,79
3,242,81
3,242,81
3,243,82
3,243,82
3,246,81
3,246,81
3,246,82
3,246,83
3,246,83
3,246,84
2,243,85
3,243,86
3,240,87
3,240,87
3,243,86
3,249,86
3,249,86
3,249,87
3,249,87
3,249,88
3,249,88
3,249,88
3,249,88
3,246,87
3,246,88
3,246,88
3,249,87
3,249,87
3,246,87
3,246,87
3,246,86
3,246,86
3,246,86
3,246,86
3,246,86
3,246,86
3,246,86
3,246,85
3,246,84
3,246,84
3,246,84
3,246,84
3,246,84
3,246,84
3,246,84
3,246,84
3,243,84
3,243,84
3,243,83
3,246,83
3,246,82
3,246,82
3,243,82
3,243,82
3,243,82
3,242,81
3,242,80
3,245,79
3,245,79
4,248,77
4,252,74
4,252,74
4,252,74
4,252,74
4,252,74
4,252,75
3,248,75
3,245,79
3,245,78
3,245,78
3,245,76
3,245,73
3,248,71
3,248,69
3,248,68
3,247,67
3,247,67
3,251,66
3,247,66
3,247,67
3,248,68
4,248,69
4,248,70
3,248,71
3,248,72
3,245,73
3,245,75
3,245,76
3,245,78
3,245,78
3,245,79
3,245,80
3,246,82
3,246,83
3,243,84
3,243,84
3,246,84
3,246,84
3,246,84
3,246,84
3,246,84
3,246,85
3,246,86
2,243,87
3,243,88
3,241,89
3,241,89
3,243,87
3,249,87
3,249,87
3,249,87
3,249,87
3,249,88
3,249,88
3,249,88
2,246,88
3,246,88
3,246,88
3,246,88
3,246,88
3,246,88
3,246,88
3,246,88
3,246,87
3,246,88
3,246,88
3,246,88
3,246,88
3,243,88
3,246,87
3,246,87
3,246,86
3,246,86
3,246,85
3,246,85
3,246,85
3,246,85
3,246,86
3,246,86
3,243,85
3,243,85
3,243,85
3,243,84
3,246,84
3,246,84
3,246,84
3,243,84
3,243,84
3,243,84
3,243,82
3,242,81
3,245,80
3,245,79
4,248,78
4,252,76
4,252,74
4,252,74
4,252,74
4,252,74
4,252,75
3,248,75
3,248,77
3,249,80
3,249,80
3,245,79
3,245,79
3,245,78
3,245,76
3,245,74
3,248,72
3,248,69
3,248,69
3,248,68
3,247,67
3,247,67
3,248,68
3,248,69
4,248,70
3,248,71
3,245,73
3,245,75
3,245,75
3,245,76
4,245,78
3,245,78
3,245,79
3,245,79
3,246,81
3,246,82
3,246,83
3,246,84
3,246,85
3,246,86
3,246,86
3,246,85
3,246,85
3,246,85
3,246,86
3,246,87
2,246,89
2,246,89
2,244,89
2,241,90
2,241,90
3,243,88
3,246,87
3,249,87
3,249,87
3,249,87
3,249,87
3,249,88
2,246,88
3,246,88
2,244,89
2,244,89
3,244,90
2,244,89
2,244,89
2,244,89
2,244,89
3,246,89
2,244,89
2,244,89
2,244,90
2,244,89
2,244,89
3,243,88
3,246,88
3,246,87
3,246,87
3,246,87
3,246,87
3,246,87
3,246,87
3,246,87
3,243,87
3,243,87
3,243,86
3,243,86
3,243,85
3,246,85
2,246,84
2,243,84
2,243,84
3,243,84
3,243,84
3,243,84
3,243,84
3,243,82
3,246,81
3,245,79
3,248,78
4,252,77
4,252,76
4,252,75
4,252,74
4,252,75
4,252,75
4,252,76
3,248,77
4,248,78
3,249,82
3,249,80
3,249,80
3,249,80
3,245,80
3,245,79
3,245,79
3,245,78
3,245,76
3,248,74
3,248,72
3,248,70
3,248,70
3,248,70
4,248,70
3,248,73
3,248,73
3,248,74
3,248,75
3,245,77
3,245,77
3,245,79
3,245,80
4,245,80
3,246,81
3,246,81
3,246,82
3,246,83
3,246,84
3,246,85
3,246,86
3,246,87
3,246,88
3,246,88
2,246,88
3,246,88
3,246,88
3,246,88
2,246,89
2,246,89
2,246,90
3,246,90
2,244,90
3,244,90
3,243,88
3,246,87
3,246,87
3,246,87
3,249,87
3,249,87
2,246,88
2,246,89
3,246,89
2,244,90
2,244,90
2,241,91
2,244,91
2,244,91
2,244,91
2,244,91
2,244,91
2,244,91
2,244,91
2,244,91
2,244,90
2,244,90
3,246,89
3,246,89
3,246,88
3,249,88
3,249,88
3,249,88
3,246,88
2,246,88
2,246,88
2,244,89
2,244,89
3,243,88
3,243,88
3,246,86
3,246,85
2,246,85
3,246,85
3,246,85
3,243,85
3,243,85
3,243,85
3,243,85
3,243,84
3,243,84
3,243,82
3,246,81
4,249,79
4,252,78
4,252,77
4,252,76
4,252,75
4,252,76
4,252,76
4,252,76
4,248,77
4,252,77
4,248,78
3,246,83
3,246,83
3,246,82
3,249,81
3,249,81
3,249,81
3,245,80
3,245,80
3,245,79
3,245,78
4,248,76
3,248,74
3,248,74
3,248,74
3,248,75
3,248,75
3,248,77
3,248,77
3,248,78
3,249,79
3,249,80
3,245,80
3,246,81
3,246,82
3,246,83
3,243,85
3,246,85
3,246,85
3,249,85
3,249,87
3,246,87
2,246,88
2,246,89
3,246,89
3,246,89
3,246,89
3,246,89
2,244,89
3,246,89
3,246,90
3,246,90
2,244,90
2,246,90
3,246,90
2,244,90
3,246,88
3,246,87
3,246,87
3,246,87
3,249,87
3,249,87
3,249,87
2,246,89
2,244,90
2,244,90
2,241,91
2,241,92
2,241,92
2,241,92
2,244,92
2,244,92
2,244,92
2,244,92
2,244,92
2,244,92
2,244,91
2,244,91
3,246,90
3,246,90
3,246,90
3,246,89
3,246,89
3,246,89
2,246,89
2,246,89
2,246,89
2,244,90
2,244,90
2,244,90
2,244,89
2,246,89
3,246,87
2,246,86
3,246,85
3,246,85
3,243,85
3,243,85
2,240,86
2,240,86
2,240,86
3,243,85
3,243,84
3,243,84
3,243,82
3,246,81
3,249,79
4,252,77
4,252,76
4,252,76
4,252,76
4,252,76
4,252,76
4,252,77
4,252,77
4,252,78
3,246,83
3,246,83
3,246,83
3,246,83
3,246,83
3,246,82
3,246,82
3,246,82
3,246,81
3,246,81
3,245,80
3,245,79
3,245,78
3,248,77
3,248,77
3,248,77
3,248,78
3,248,78
3,249,79
3,249,79
3,249,80
3,249,81
3,249,83
3,246,83
3,246,85
3,246,85
3,243,86
3,243,86
3,243,87
3,246,87
3,246,88
2,246,88
3,246,89
2,246,89
2,246,89
3,246,89
3,246,89
3,246,89
3,246,90
2,244,90
3,247,91
3,246,90
3,246,90
3,246,90
3,246,90
3,246,90
3,246,89
3,246,88
3,246,88
3,246,87
3,246,87
3,249,87
3,249,87
3,249,87
3,249,89
2,246,90
2,244,91
2,244,91
2,241,92
2,241,92
2,241,92
2,244,92
2,244,92
2,244,92
2,244,92
2,244,92
2,244,92
2,244,92
2,244,91
3,247,91
3,246,90
3,246,90
3,246,90
3,246,90
3,246,90
3,246,89
3,246,89
3,246,90
2,244,90
2,244,90
2,244,90
2,244,90
2,244,89
2,246,89
2,246,88
3,246,87
3,246,86
3,246,86
3,243,86
2,240,86
2,240,87
2,240,87
2,240,87
3,243,86
3,243,85
3,243,84
3,246,84
3,246,81
3,249,79
4,249,79
4,248,77
4,248,76
4,252,76
4,252,76
4,252,76
4,252,77
4,252,77
4,252,78
3,249,79
3,249,82
3,246,82
3,246,82
3,246,82
3,246,82
3,246,83
3,246,83
3,246,83
3,246,83
3,246,83
3,246,83
3,246,82
3,246,81
3,245,80
3,249,79
3,245,79
3,245,79
3,249,80
3,249,80
3,249,82
3,249,82
3,249,83
3,249,84
3,249,85
3,246,85
3,246,86
3,246,88
3,243,88
3,243,88
3,243,88
3,243,88
3,246,89
3,246,89
3,246,90
3,247,91
3,247,91
3,247,91
3,247,91
3,247,91
3,247,91
3,244,92
3,244,92
3,247,91
3,247,91
3,246,90
3,246,90
3,246,90
3,246,90
3,246,89
3,246,88
3,246,88
3,246,87
3,249,87
3,249,87
3,249,88
3,249,89
3,247,91
3,247,91
2,244,92
2,244,92
2,244,92
2,244,92
2,244,92
2,244,92
2,244,92
2,244,92
2,244,92
2,241,92
2,241,92
2,244,92
2,244,91
3,244,91
3,244,91
3,247,91
3,246,90
3,246,90
3,246,90
3,246,90
3,246,90
3,244,91
3,244,91
3,244,91
2,244,90
2,244,90
2,244,89
2,246,89
2,246,88
2,246,88
3,243,87
3,243,87
3,243,88
3,243,88
3,243,88
3,243,88
3,243,88
3,243,88
3,243,86
3,243,86
3,246,85
3,246,84
3,245,80
4,249,79
4,248,77
4,248,76
4,252,76
4,252,75
4,252,76
4,252,77
4,252,77
4,252,77
3,248,78
3,249,82
3,249,82
3,249,82
3,246,82
3,246,82
3,246,82
3,246,82
3,246,83
3,246,83
3,246,83
3,246,83
3,246,84
3,246,84
3,246,84
3,246,84
3,246,84
3,246,84
3,246,85
3,246,85
3,246,85
3,249,85
3,249,85
3,249,85
3,249,85
3,249,86
3,246,86
3,246,88
3,246,88
3,246,89
2,244,89
2,244,89
2,244,90
2,244,91
3,247,92
3,247,92
3,247,92
3,247,92
3,247,93
3,247,93
3,247,93
3,247,92
3,247,92
3,247,92
3,247,92
3,247,92
3,247,91
3,247,91
3,246,90
3,249,90
3,246,90
3,246,90
3,246,90
3,246,89
3,246,89
3,249,88
3,249,89
3,249,89
3,249,91
3,247,92
3,247,92
3,247,92
3,247,93
3,247,93
3,247,93
2,247,92
2,247,91
2,247,91
2,244,91
2,244,92
2,244,92
2,244,92
2,244,92
2,244,92
3,244,92
3,247,91
3,247,91
3,249,91
3,249,91
3,249,91
3,247,91
3,247,91
3,247,92
3,244,91
3,244,91
2,244,90
2,244,90
2,244,90
2,244,89
2,244,89
3,246,89
3,246,88
3,246,88
2,244,89
2,244,89
2,244,89
2,244,90
2,244,91
2,241,91
2,241,89
2,244,89
3,243,86
3,243,86
3,246,85
3,246,81
4,245,80
4,248,77
4,252,76
4,252,75
4,252,76
4,252,77
4,252,77
4,252,77
4,252,77
4,252,78
4,248,78
3,249,82
3,249,82
3,246,82
3,249,82
3,246,82
3,246,82
3,246,82
3,246,82
3,246,82
3,246,83
3,246,83
3,246,84
3,246,84
2,243,84
3,246,85
3,246,85
3,246,87
3,246,87
3,246,88
3,246,88
3,246,89
3,246,89
3,249,89
3,249,87
3,249,87
3,249,88
3,246,89
3,246,89
3,246,90
3,246,90
3,247,91
3,247,91
3,247,93
3,247,94
3,247,95
3,247,95
3,247,94
3,247,94
3,247,94
3,247,94
3,247,94
3,247,94
3,247,94
3,247,94
3,247,93
3,247,92
3,247,92
3,247,92
3,247,91
3,246,90
3,247,91
3,247,91
3,247,91
3,247,91
3,249,91
3,249,91
3,249,91
3,249,91
3,247,92
3,247,92
3,247,93
3,247,93
3,247,93
3,250,93
3,249,92
3,249,91
3,249,91
3,249,90
2,246,90
2,247,91
2,244,91
2,244,91
2,244,91
2,244,92
2,244,92
3,247,92
3,247,92
3,249,92
3,247,92
3,249,92
3,247,92
3,247,92
3,247,92
3,244,92
3,247,92
3,247,91
2,244,90
2,244,90
2,244,90
2,244,89
2,246,89
2,246,89
3,246,89
3,246,89
3,246,90
3,247,91
2,244,91
3,244,91
2,241,92
2,241,91
2,241,90
3,241,89
3,244,89
3,243,86
3,243,85
3,246,82
4,245,80
4,248,78
4,252,76
4,252,76
4,252,77
4,252,77
4,252,77
4,252,77
4,252,78
4,252,78
4,248,78
3,246,83
3,246,83
3,246,83
3,246,83
3,246,83
3,246,83
3,246,83
3,246,83
3,246,82
3,246,82
3,246,83
2,246,83
3,246,83
3,246,84
3,246,85
2,243,86
3,246,87
3,246,87
2,246,88
3,246,89
3,246,90
3,244,92
3,244,93
3,244,92
3,247,91
3,246,89
3,249,89
3,249,89
3,246,90
3,247,91
3,247,91
3,247,91
3,247,92
3,247,94
3,247,95
3,247,95
3,247,96
3,247,96
3,247,96
3,247,95
3,247,95
3,247,95
3,247,95
3,247,95
3,247,95
3,247,95
3,247,95
3,247,95
3,247,94
3,247,93
3,250,93
3,249,92
3,247,93
3,247,92
3,247,94
3,249,92
3,250,94
3,250,94
3,250,94
3,250,94
3,247,94
3,247,94
3,247,94
3,247,94
3,250,93
3,250,93
3,250,93
3,249,91
3,249,91
2,246,90
2,246,90
3,247,91
3,247,91
2,244,91
2,244,91
3,247,92
3,247,92
3,247,92
3,250,93
3,250,93
3,250,93
3,250,93
3,247,94
3,244,97
3,244,96
3,247,94
3,247,94
3,247,92
3,247,91
3,246,90
3,246,90
3,246,90
2,246,90
2,246,90
3,246,90
3,247,91
3,247,91
3,247,91
3,247,92
3,244,92
3,244,92
3,244,92
3,241,91
3,241,90
3,244,90
3,244,89
3,243,86
3,243,86
3,246,84
3,246,81
3,245,80
4,248,78
4,252,77
4,252,77
4,252,77
4,252,77
4,252,78
4,252,78
4,252,78
4,248,78
4,248,78
3,246,84
3,246,84
3,246,84
3,246,83
3,246,84
3,246,83
3,246,83
3,246,83
3,246,83
2,246,83
2,246,83
2,246,83
3,249,83
3,249,84
3,246,85
3,246,87
3,246,87
2,246,89
3,246,89
3,246,90
3,247,91
2,244,94
3,244,94
2,242,95
3,244,96
2,244,94
3,247,93
3,247,92
3,247,92
2,244,92
2,244,92
2,244,92
3,247,93
3,247,94
3,250,95
3,250,96
3,247,96
3,247,97
3,247,97
3,247,97
3,247,96
3,247,96
3,247,96
3,247,96
3,247,96
3,247,97
3,247,97
3,247,96
3,247,96
3,247,95
3,247,95
3,247,95
3,247,95
3,247,95
3,247,95
3,247,95
3,247,95
3,250,95
3,247,95
3,247,95
3,247,95
3,247,95
3,247,95
3,247,94
3,247,94
3,247,94
3,247,94
3,247,93
3,247,93
2,247,93
3,247,92
3,247,91
3,247,91
3,247,91
3,247,91
3,249,91
3,249,91
3,249,92
3,252,93
3,252,93
3,250,94
3,250,95
3,247,96
3,245,98
3,242,100
3,242,99
3,244,97
3,247,95
3,250,94
3,250,93
3,249,92
3,247,91
3,247,91
2,246,90
3,247,91
3,247,91
3,247,91
3,247,92
3,247,92
3,247,92
3,247,93
3,244,93
3,244,93
3,241,92
3,241,91
2,241,90
2,241,90
3,241,89
3,240,87
3,243,86
3,243,85
3,243,82
3,246,81
3,246,81
3,249,80
3,252,79
4,252,78
4,252,78
4,252,78
4,252,78
3,248,78
4,248,78
4,248,78
2,243,85
3,246,84
3,246,84
3,246,84
3,246,83
3,246,84
2,246,83
2,246,83
2,246,83
2,246,84
3,249,83
3,249,83
3,249,84
3,249,84
3,249,85
2,249,87
2,246,88
2,246,89
2,246,89
3,246,90
3,247,92
3,247,94
3,247,95
3,244,96
2,242,97
3,244,97
2,244,96
3,247,96
3,247,95
3,247,94
3,247,95
3,247,95
3,247,95
3,247,95
3,250,95
3,250,96
3,250,97
3,250,97
3,247,98
3,247,98
3,247,99
3,250,99
3,250,99
3,250,99
3,250,99
3,250,99
3,250,100
3,247,99
3,247,99
3,247,99
2,247,100
3,247,99
3,247,99
3,247,98
3,247,98
3,247,98
3,247,98
3,247,98
3,247,98
3,247,99
3,247,99
3,247,97
3,247,97
3,247,96
3,247,96
3,247,96
3,247,96
3,247,95
3,247,95
3,250,94
3,250,94
3,250,93
3,249,92
3,249,91
3,249,91
3,249,91
3,252,91
3,252,91
3,252,93
3,255,93
3,252,94
3,252,95
3,252,96
3,250,98
3,245,100
3,240,102
3,240,102
3,245,99
3,250,98
3,250,96
3,252,95
3,250,94
3,250,93
3,247,92
3,247,92
3,247,92
3,247,93
3,247,94
3,247,94
3,247,94
3,247,94
3,247,94
3,247,94
3,244,93
3,244,93
3,244,91
3,244,91
3,244,90
3,244,90
3,244,89
3,243,87
3,243,87
3,243,86
3,243,86
3,246,85
3,246,83
3,246,83
3,249,80
3,252,79
4,252,78
4,252,78
3,248,78
3,248,78
4,248,77
4,248,77
2,243,85
3,246,84
3,246,84
3,246,84
2,246,83
2,246,83
2,246,83
2,246,83
3,249,83
2,246,83
2,246,84
2,249,83
2,249,84
2,249,85
3,249,85
2,249,87
2,249,88
3,249,89
3,249,90
3,249,90
3,249,92
3,247,94
3,247,95
3,247,96
3,247,97
2,244,97
2,244,97
3,247,97
3,247,97
3,247,96
3,247,96
3,247,96
3,247,96
3,247,96
3,247,96
3,250,97
3,250,97
3,250,98
3,250,98
3,247,99
3,247,99
3,247,99
3,247,99
3,247,100
3,247,100
3,247,100
3,247,100
2,247,101
2,247,101
3,247,101
3,247,101
2,245,102
2,245,102
3,245,102
2,247,101
2,247,100
3,247,99
2,247,100
2,247,100
3,247,100
3,245,101
3,245,100
3,245,100
3,245,100
3,247,99
3,247,97
3,247,97
3,247,97
3,247,96
3,247,96
3,247,95
3,250,95
3,250,95
3,250,95
3,250,94
3,249,92
3,249,91
3,252,91
3,252,92
3,255,93
3,255,94
3,255,95
3,255,96
3,252,97
3,250,99
3,245,103
3,243,103
3,243,103
3,247,101
3,250,99
3,250,98
3,252,96
3,250,96
3,250,95
3,250,95
3,247,94
3,247,94
3,247,94
3,247,94
3,247,94
3,247,94
3,247,94
3,247,94
3,247,94
3,247,94
3,247,93
3,247,92
3,247,91
3,247,91
3,244,90
3,246,90
3,246,90
3,244,91
3,244,91
3,244,91
3,243,87
3,243,86
3,246,85
3,246,83
3,246,82
3,249,79
3,248,78
3,248,78
3,248,78
3,248,77
3,248,76
4,248,75
3,246,84
3,246,84
3,246,84
3,246,83
2,246,83
2,246,83
2,246,83
2,246,83
3,249,83
2,249,83
2,249,84
3,249,84
2,249,84
2,249,85
3,249,85
2,249,87
2,249,89
3,252,89
3,252,90
3,252,90
3,249,92
3,250,94
3,250,94
3,250,96
3,250,97
3,250,97
3,250,98
3,250,98
3,250,98
3,247,98
3,247,98
3,247,98
3,247,98
3,247,98
3,247,98
3,247,98
3,250,98
3,250,98
3,250,99
3,250,99
3,250,100
3,250,100
3,247,100
3,247,100
3,247,100
3,247,101
3,247,101
3,250,101
3,250,101
3,250,101
3,248,102
3,248,103
3,243,105
3,243,105
3,243,105
3,245,105
3,250,103
3,250,101
3,250,102
3,248,102
2,245,103
3,245,103
3,245,102
3,245,102
3,245,101
3,247,100
3,247,99
3,247,99
3,247,99
3,247,98
3,247,98
3,247,96
3,247,95
3,250,95
3,250,95
3,250,95
3,250,95
3,250,93
3,252,93
3,252,94
3,255,94
3,255,95
3,255,95
3,255,96
3,252,98
3,250,99
3,248,102
3,245,102
3,245,102
3,250,101
3,250,99
3,252,98
3,252,97
3,250,96
3,250,96
3,250,96
3,250,96
3,247,95
3,247,95
3,247,95
3,247,95
3,250,95
3,250,95
3,247,94
3,250,94
3,250,94
3,247,93
3,247,93
3,247,92
3,247,91
3,247,91
3,247,91
3,247,91
3,244,92
3,244,92
3,244,92
3,244,91
3,244,89
3,243,86
3,243,85
3,246,83
3,246,82
4,249,79
3,248,78
3,248,77
3,248,77
3,248,76
3,248,75
3,248,74
2,246,84
2,246,84
3,246,84
3,246,84
3,246,83
3,246,83
2,246,83
3,249,83
3,249,83
3,249,83
3,249,83
2,249,83
2,249,84
3,249,85
3,249,85
3,249,86
2,246,87
3,249,89
3,249,89
3,252,90
3,252,91
3,252,92
4,252,94
3,250,94
3,250,96
3,250,97
3,250,98
3,250,98
3,250,98
3,250,98
3,250,98
3,250,98
3,250,98
3,247,99
3,247,99
3,247,99
3,247,99
3,250,99
3,250,99
3,250,99
3,250,100
3,250,100
3,250,101
3,250,102
3,250,102
3,250,103
3,250,103
3,250,102
3,250,102
3,250,102
3,250,103
3,250,103
3,250,104
3,248,105
3,245,106
3,245,106
3,243,106
3,248,105
3,250,105
3,250,104
3,250,104
3,248,104
3,245,103
3,245,103
3,245,103
3,245,102
3,245,102
3,245,102
2,245,101
2,245,101
3,247,100
3,247,99
3,247,99
3,247,98
3,250,97
3,250,96
3,250,96
3,250,95
3,250,95
3,250,95
3,252,95
3,252,94
3,255,95
3,255,95
3,255,96
3,252,97
3,252,98
3,250,99
2,247,101
3,247,101
2,247,101
3,250,100
3,250,99
3,250,98
3,250,98
3,250,97
3,250,97
3,250,96
3,247,96
3,247,96
3,247,96
3,247,96
3,250,95
3,250,95
3,250,95
3,250,95
3,250,95
3,250,94
3,247,94
3,247,94
3,250,93
3,247,92
3,247,92
3,249,92
3,250,93
3,247,93
3,244,93
3,241,93
3,241,93
3,241,91
3,241,89
3,243,86
3,243,85
3,246,83
3,246,81
4,249,79
3,248,77
3,248,77
3,248,76
3,248,75
3,248,74
3,248,74
3,248,74
2,246,83
2,246,83
2,246,84
3,246,84
3,246,83
3,246,83
3,246,83
3,246,83
2,246,83
2,246,83
2,246,83
2,246,84
2,246,84
2,246,85
2,246,85
3,249,86
3,246,87
2,246,89
3,247,91
3,247,91
3,252,92
3,252,93
4,252,94
4,252,95
3,250,96
3,250,97
3,250,99
3,250,99
3,250,99
3,250,99
3,250,99
3,250,99
3,250,99
3,250,99
3,247,99
3,247,100
3,247,100
3,247,100
3,250,100
3,250,100
3,250,100
3,250,101
3,250,102
3,250,102
3,250,103
3,250,105
3,250,105
3,250,105
3,250,105
3,250,105
3,250,104
3,250,104
3,250,104
3,250,105
3,250,105
3,248,106
3,248,106
3,248,106
3,250,106
3,250,105
3,250,105
3,250,105
2,245,105
2,245,104
2,245,103
2,245,103
3,245,103
3,245,103
3,245,103
3,245,103
3,245,102
3,248,102
3,247,101
3,247,101
3,247,99
3,250,99
3,250,98
3,250,97
3,250,97
3,250,97
3,250,96
3,252,95
3,252,95
3,252,95
3,252,96
3,252,96
3,252,97
3,250,98
2,250,99
3,250,100
3,250,100
3,250,100
2,250,99
3,250,99
3,250,99
3,250,98
3,250,98
3,247,98
3,247,97
3,247,97
3,247,97
3,247,98
3,250,98
3,250,97
3,250,96
3,250,96
3,250,96
3,250,95
3,250,95
3,247,95
3,250,95
3,250,94
3,250,94
3,250,94
3,250,93
3,250,94
3,250,94
3,247,95
3,244,94
3,241,94
3,241,92
3,241,91
3,243,87
3,243,86
3,246,84
3,246,82
4,249,79
3,248,77
3,248,77
3,248,76
3,248,76
3,248,75
3,248,75
3,248,75
4,248,76
3,246,83
3,246,83
2,246,83
2,246,83
3,246,83
3,246,83
3,246,84
3,246,84
3,246,83
3,246,83
2,246,83
2,246,84
2,246,85
2,246,85
2,246,86
3,246,87
2,246,89
2,246,90
3,247,91
3,247,92
3,247,93
3,250,94
4,252,95
3,252,96
3,250,96
3,250,99
3,250,99
3,250,99
3,250,100
3,250,100
3,250,100
3,250,99
3,250,99
3,250,99
3,250,99
3,250,100
3,247,100
3,247,100
3,247,100
3,250,101
3,250,101
3,250,102
3,250,102
3,250,104
3,250,105
3,250,105
3,250,105
3,250,105
3,250,105
3,250,105
3,250,105
3,250,105
3,250,105
3,250,105
3,250,105
3,250,105
3,250,106
3,250,106
3,250,106
3,250,106
3,250,106
3,250,105
3,250,105
2,245,105
2,245,105
2,245,104
2,245,104
2,245,103
3,248,103
3,245,103
3,245,103
3,245,103
3,245,103
3,245,103
3,248,102
3,247,101
3,247,101
3,247,100
3,247,99
3,247,99
3,247,99
3,247,97
3,250,97
3,250,97
3,252,96
3,252,97
3,252,97
3,250,97
3,250,97
2,250,99
2,247,99
2,250,100
3,250,100
3,250,100
3,250,99
3,250,99
3,250,99
3,247,99
3,247,99
3,247,98
3,247,98
3,247,99
3,247,99
3,250,99
3,250,99
3,250,98
3,250,98
3,250,97
3,250,97
3,247,96
3,247,96
3,250,95
3,250,95
3,250,95
3,250,95
3,250,95
3,250,95
3,250,95
3,250,95
3,247,95
3,244,94
3,244,93
3,241,91
3,244,89
3,243,86
3,246,85
3,246,83
3,245,80
3,249,79
3,248,77
4,252,77
4,252,77
4,252,77
3,248,77
3,248,77
4,248,77
4,248,76
3,246,82
3,246,82
3,246,82
3,246,83
3,246,83
3,246,83
3,246,84
3,246,85
3,243,87
3,246,85
3,246,85
3,246,85
3,246,86
3,246,87
3,246,87
2,246,88
2,246,90
3,247,91
3,249,92
3,247,93
3,247,95
3,250,96
3,250,96
3,250,97
3,250,97
3,250,99
3,250,99
3,250,100
3,250,100
3,250,100
3,250,100
3,250,100
3,250,100
3,250,100
3,250,100
3,250,100
3,247,100
3,247,100
3,248,102
3,248,102
3,250,102
3,250,103
3,250,104
3,250,105
3,253,105
3,253,105
3,253,106
3,253,106
3,255,106
3,255,106
3,255,106
3,255,106
3,253,106
3,250,105
3,250,105
3,250,105
3,250,106
3,250,106
3,253,107
3,253,107
3,253,107
3,250,106
3,250,106
3,250,106
3,250,105
3,248,105
2,245,105
2,245,105
3,248,105
3,248,104
3,248,105
3,250,105
3,248,105
3,248,105
3,248,103
3,248,103
3,248,103
3,248,103
3,248,102
3,247,101
3,247,101
3,247,101
3,247,100
3,247,99
3,250,98
3,250,97
3,252,97
3,250,97
3,250,97
3,250,98
2,250,99
2,250,99
2,250,99
3,250,100
2,247,100
3,250,100
3,247,99
3,247,99
3,247,99
3,247,100
3,247,100
3,247,100
2,247,100
2,247,100
3,250,100
3,250,99
3,250,99
3,250,99
3,250,99
3,247,99
3,247,97
3,247,97
3,250,96
3,250,95
3,250,95
3,250,95
3,250,95
3,252,95
3,250,95
3,250,96
3,250,95
3,247,95
3,244,94
3,244,92
3,246,90
3,246,87
3,246,86
3,246,84
3,246,82
3,249,80
3,249,79
3,248,78
3,252,78
3,248,78
3,248,78
3,248,78
4,248,78
4,248,78
4,248,78
3,249,81
3,246,81
3,246,82
3,246,82
3,246,83
3,243,84
3,243,85
3,240,87
3,241,89
3,241,89
2,244,89
2,246,88
2,246,88
2,246,88
2,246,89
2,246,90
2,246,90
2,247,91
3,247,93
3,250,94
3,247,96
3,247,97
3,250,97
3,250,98
3,250,99
3,250,99
3,250,100
3,247,101
3,247,101
3,247,101
3,247,101
3,250,100
3,250,100
3,250,100
3,250,100
3,250,100
3,247,100
3,248,102
3,248,102
3,248,102
3,250,103
3,250,104
3,250,105
3,250,105
3,250,106
3,253,106
3,253,106
3,253,106
3,255,106
3,255,106
3,255,106
3,255,106
3,255,106
3,253,106
3,250,106
3,250,106
3,250,106
3,250,106
3,253,106
3,253,107
3,253,107
3,253,107
3,253,107
3,253,106
3,250,106
3,250,106
3,248,105
2,245,105
2,245,105
3,248,105
3,248,105
3,250,105
3,250,105
3,250,105
3,250,105
3,248,105
3,248,105
3,248,103
3,248,103
3,248,103
3,248,103
3,248,103
3,248,102
3,248,102
3,247,101
3,247,100
3,247,99
2,247,98
2,247,98
2,247,98
3,250,98
2,250,99
2,250,99
2,250,99
2,247,100
2,247,100
2,247,100
3,247,100
3,247,100
3,247,100
3,247,101
3,247,100
3,247,100
3,247,100
3,247,100
3,247,100
3,247,100
3,247,100
3,247,100
3,247,100
3,245,101
3,245,101
3,245,100
3,247,97
3,250,96
3,250,96
3,250,96
3,250,96
3,250,96
3,250,96
3,250,96
3,250,96
3,247,95
3,247,94
3,247,92
3,247,91
3,246,89
3,246,87
3,246,85
3,246,84
3,249,82
3,249,80
3,249,79
3,249,79
3,249,81
3,249,81
3,249,81
3,249,81
3,245,80
4,249,79
4,248,78
3,249,80
4,249,79
3,249,80
3,246,81
3,246,81
3,243,83
3,243,84
3,240,87
4,241,89
3,241,92
3,241,90
2,244,90
2,244,89
2,246,89
2,244,89
2,244,90
2,247,92
2,247,93
2,247,94
3,250,94
3,250,96
3,250,98
3,250,98
3,250,99
3,247,99
3,247,100
3,247,101
3,248,102
3,248,102
2,245,103
3,248,103
3,248,103
3,248,102
3,248,102
3,248,102
3,248,102
3,248,102
3,248,102
3,248,102
3,250,102
3,250,103
3,250,105
3,250,105
3,250,105
3,250,106
3,253,106
3,253,107
3,253,107
3,255,108
3,255,108
3,255,108
3,255,108
3,255,108
3,255,106
3,255,106
3,253,106
3,253,106
3,253,106
3,253,106
3,253,107
3,253,108
3,253,108
3,255,108
3,255,108
3,253,107
3,253,107
3,250,106
2,245,106
2,245,106
2,245,106
3,248,106
3,248,106
3,250,106
3,250,106
3,250,106
3,250,105
3,250,105
3,250,105
3,250,105
3,250,105
3,250,105
3,250,105
3,248,105
3,248,105
3,248,104
3,248,103
3,248,102
3,247,101
2,247,100
2,247,99
2,247,98
2,247,98
2,250,99
3,250,99
3,250,99
3,247,99
3,247,100
3,247,100
3,247,100
3,247,101
3,247,101
3,248,102
3,248,102
3,248,102
3,248,102
3,248,102
3,247,100
3,247,100
3,247,100
3,247,101
3,245,102
3,240,103
3,240,103
3,245,101
3,247,100
3,250,98
3,250,97
3,250,97
3,250,97
3,250,97
3,250,97
3,250,96
3,247,96
3,247,96
3,247,94
3,247,93
3,247,91
3,247,91
3,246,89
3,246,88
3,246,85
3,246,85
3,246,84
3,249,82
3,249,82
3,249,85
3,249,85
3,246,85
3,249,83
3,249,81
3,249,80
4,249,79
4,252,78
3,249,80
4,249,79
3,252,79
3,252,79
3,249,79
3,249,80
3,246,82
3,243,85
3,244,89
3,241,92
3,241,92
3,241,92
2,244,92
2,247,91
2,246,90
2,247,92
2,247,93
2,247,94
2,247,95
2,247,97
3,250,97
3,250,98
3,250,99
3,250,99
3,247,100
3,247,101
3,248,102
3,248,102
2,245,103
2,245,105
2,245,105
2,245,105
3,248,104
3,248,104
3,248,104
3,248,102
3,248,102
3,248,102
3,248,102
3,248,102
3,250,103
3,250,104
3,250,105
3,250,105
3,250,105
3,250,106
3,253,107
3,253,107
3,255,108
3,255,108
3,255,108
3,255,108
3,255,108
3,255,108
3,255,108
3,255,108
3,253,107
3,253,106
3,253,106
3,253,108
3,253,109
3,253,109
3,253,110
3,253,110
3,253,109
3,253,108
3,253,108
3,250,108
3,248,107
2,245,106
2,245,106
3,248,106
3,248,106
3,250,106
3,250,106
3,250,106
3,250,106
3,250,106
3,250,105
3,250,105
3,250,105
3,250,105
3,250,105
3,250,105
3,248,105
3,248,105
2,245,105
2,245,105
3,248,103
3,248,102
2,247,100
2,247,100
3,247,99
3,250,99
3,247,99
3,247,100
3,247,100
3,247,100
3,247,100
3,247,101
3,247,101
3,248,102
3,248,103
3,248,103
3,248,103
3,248,103
3,248,103
3,248,102
3,248,102
3,247,101
3,247,101
3,245,102
3,240,103
3,240,103
3,245,101
3,247,101
3,247,100
3,250,98
3,250,98
3,250,98
3,250,98
3,250,98
3,247,98
3,247,97
3,247,96
3,247,95
3,247,94
3,247,93
3,247,91
3,246,90
3,246,89
3,246,88
3,243,88
3,243,88
3,243,88
3,243,88
3,246,89
3,246,89
3,246,86
3,246,85
3,246,84
4,249,81
3,249,80
4,249,79
4,252,77
4,249,79
4,249,79
4,248,78
4,252,77
4,252,77
4,252,78
4,252,78
3,249,81
3,246,84
3,246,87
3,244,91
3,247,92
3,247,92
2,247,92
2,247,92
2,247,92
2,247,93
2,247,94
2,247,95
2,247,97
2,247,97
3,250,98
3,250,99
3,250,100
3,250,101
3,247,101
3,248,102
3,248,104
3,248,105
2,245,105
2,245,105
2,245,105
2,245,105
3,248,105
3,248,105
3,248,105
3,248,104
3,248,104
3,248,103
3,248,104
3,248,104
3,250,105
3,250,105
3,250,105
3,250,105
3,250,106
3,253,106
3,255,107
3,255,108
3,255,108
3,255,108
3,255,108
3,255,108
3,255,108
3,255,108
3,255,108
3,255,108
3,253,108
3,253,108
3,253,108
3,253,109
3,253,110
3,253,110
3,253,110
3,253,110
3,253,110
3,253,109
3,253,108
3,250,108
3,250,108
2,245,107
2,245,107
3,248,107
3,248,107
3,250,107
3,250,107
3,250,106
3,250,106
3,250,106
3,250,106
3,250,106
3,250,106
3,250,106
3,250,106
3,250,106
3,250,106
3,248,106
3,248,106
3,248,105
3,248,105
3,248,104
3,248,103
3,247,101
3,247,100
3,250,100
3,250,100
3,250,100
3,247,100
3,247,100
3,247,101
3,247,101
3,248,102
3,248,102
3,248,103
3,248,104
2,245,103
3,245,103
3,245,103
3,245,103
3,245,102
3,245,102
3,245,102
3,245,102
3,245,102
3,245,102
3,245,101
3,245,101
3,247,100
2,247,100
3,247,99
3,247,99
3,247,99
3,247,99
3,247,100
3,247,100
3,247,99
3,247,96
3,247,95
3,250,94
3,249,92
3,249,91
3,247,91
3,246,90
3,246,90
2,244,90
3,244,91
3,244,91
3,246,90
3,246,89
3,246,89
3,246,86
3,246,85
3,246,83
3,249,81
3,249,80
4,249,79
4,252,77
3,249,80
4,249,79
4,248,78
4,248,76
4,252,75
4,255,75
4,255,76
4,255,77
4,252,78
3,249,82
4,249,84
4,249,87
3,246,90
2,247,91
2,247,92
2,247,92
2,247,93
2,247,94
2,247,95
2,247,96
2,247,97
3,247,98
3,247,99
2,247,100
2,247,100
3,247,101
3,248,102
3,248,104
3,248,105
3,248,106
3,248,106
3,250,105
3,250,105
3,250,105
3,250,105
3,248,105
3,248,105
3,248,105
3,248,105
3,248,105
3,248,105
3,248,105
3,250,105
3,250,105
3,250,105
3,250,105
3,253,106
3,255,106
3,255,106
3,255,108
3,255,108
3,255,108
3,255,108
3,255,108
3,255,108
3,255,108
3,255,108
3,255,108
3,253,108
3,250,108
3,250,109
3,250,110
3,253,110
3,253,110
3,253,110
3,253,110
3,253,110
3,253,110
3,253,110
3,250,109
3,250,109
3,250,108
3,248,108
3,248,107
3,248,107
3,248,107
3,250,108
3,250,107
3,250,107
3,250,107
3,250,106
3,250,106
3,250,106
3,250,106
3,250,106
3,250,106
3,250,106
3,250,107
3,250,106
3,248,106
3,248,106
3,248,106
3,248,105
3,248,104
3,248,103
3,248,102
3,247,101
3,247,100
3,247,100
3,247,101
3,247,101
3,247,101
3,248,102
3,248,103
2,245,104
2,245,104
2,245,104
3,245,103
3,245,103
3,245,103
3,245,103
3,245,102
3,245,102
3,245,102
3,245,102
3,245,102
3,245,102
3,245,102
3,245,101
3,247,101
3,247,100
3,247,100
3,247,100
3,247,100
3,247,100
3,247,100
3,247,100
3,247,99
3,247,97
3,250,95
3,250,94
3,250,93
3,249,92
3,247,91
3,247,91
3,244,91
3,244,91
3,247,91
3,247,91
3,246,90
3,246,90
3,246,89
3,246,86
3,246,84
3,249,83
3,249,81
3,249,80
3,248,78
4,252,77
3,249,80
4,249,79
4,248,78
4,248,76
4,252,75
3,252,74
3,255,74
3,255,75
4,255,76
4,255,78
3,252,79
3,249,82
3,249,86
3,249,89
3,249,90
2,247,91
2,247,92
2,247,93
3,247,94
3,247,96
3,247,97
3,247,98
3,247,99
2,247,100
2,247,100
2,247,101
2,248,102
3,248,104
3,250,105
3,250,106
3,250,106
3,250,106
3,250,106
3,250,106
3,250,106
3,250,105
3,250,105
3,248,105
3,248,105
3,248,105
3,248,106
3,248,105
3,250,105
3,250,105
3,250,105
3,250,105
3,250,106
3,255,106
3,255,106
3,255,106
3,255,108
3,255,108
3,255,108
3,255,108
3,255,108
3,255,108
3,255,108
3,255,108
3,253,108
3,253,108
3,250,109
3,250,110
3,250,110
3,250,110
3,253,110
3,253,110
3,253,110
3,253,110
3,253,110
3,253,110
3,250,110
3,250,110
3,253,109
3,250,109
3,248,109
3,248,109
3,248,109
3,248,109
3,248,109
3,250,109
3,250,109
3,250,109
3,250,108
3,250,108
3,253,108
3,253,108
3,250,108
3,250,108
3,250,108
3,250,108
3,250,107
3,248,107
3,248,107
3,248,107
3,248,107
3,248,106
3,248,105
3,248,104
3,248,102
3,247,101
3,247,101
3,247,101
3,248,102
3,248,102
3,248,104
3,248,104
3,248,104
2,245,104
2,245,103
3,245,103
3,245,103
3,245,103
3,245,103
3,245,102
3,245,102
3,245,102
3,245,102
3,245,102
3,245,102
3,243,103
3,243,104
3,245,102
3,245,101
3,247,101
3,247,100
3,247,100
3,247,100
3,247,100
3,247,100
3,247,99
3,250,97
3,250,95
3,250,94
3,250,94
3,249,92
3,249,91
3,247,91
3,247,91
3,247,91
3,247,91
3,247,91
3,246,90
3,246,89
4,249,86
3,249,84
3,249,83
3,249,83
3,249,81
3,249,80
3,248,78
3,248,77
3,249,80
4,249,79
4,248,77
4,248,76
4,252,74
3,252,74
3,255,74
3,255,75
4,255,76
4,255,78
3,252,80
3,252,82
3,249,84
3,249,87
3,249,89
3,249,90
2,247,92
2,247,93
3,247,95
3,247,96
3,247,97
3,247,98
3,247,99
2,247,101
2,247,101
2,248,102
3,248,104
3,250,105
3,250,106
3,250,106
3,250,106
3,250,106
3,250,106
3,250,106
3,250,106
3,250,105
3,250,105
3,250,105
3,250,106
3,250,106
3,248,106
3,250,106
3,250,106
3,250,105
3,250,105
3,250,105
3,250,106
3,255,106
3,255,106
3,255,106
3,255,108
3,255,108
3,255,108
3,255,108
3,255,108
3,255,108
3,255,108
3,255,108
3,253,108
3,253,109
3,250,109
3,250,110
3,250,110
3,250,111
3,250,111
3,253,111
3,253,110
3,253,111
3,253,111
3,253,111
3,253,111
3,253,110
3,253,110
3,253,110
3,250,110
3,248,110
3,248,110
3,248,110
3,248,110
3,250,110
3,250,109
3,250,110
3,253,109
3,253,109
3,255,109
3,255,109
3,253,109
3,250,109
3,250,109
3,250,109
3,250,109
3,250,109
3,250,109
3,248,109
3,248,108
3,248,107
3,248,107
3,248,105
3,248,105
3,248,105
3,248,103
3,248,102
3,248,102
2,248,104
2,248,104
2,248,104
2,245,104
2,245,104
2,245,103
3,245,103
3,245,103
3,245,103
3,245,103
3,245,103
3,245,102
3,248,102
3,248,102
3,245,102
3,245,102
3,243,104
3,238,105
3,238,105
3,245,102
3,247,101
3,247,101
3,247,101
3,247,100
3,247,100
3,247,100
3,247,99
3,250,98
3,250,96
3,250,95
3,250,94
3,252,94
4,252,92
3,249,92
3,249,91
3,249,91
3,249,91
3,249,91
3,249,90
3,249,88
3,249,86
3,249,85
3,246,84
3,246,83
3,246,83
3,246,81
3,245,80
3,248,78
4,252,80
4,252,80
4,249,79
4,248,76
4,248,76
3,252,75
3,252,74
3,252,74
3,252,75
4,255,77
4,252,78
3,252,80
3,252,82
3,249,84
3,249,86
3,249,87
3,249,90
2,247,93
3,247,94
3,247,95
3,247,96
3,247,98
3,247,99
3,247,100
3,247,101
3,248,102
3,248,104
3,250,106
3,250,106
3,250,106
3,250,106
3,250,106
3,250,106
3,250,106
3,250,106
3,250,106
3,250,106
3,250,106
3,250,106
3,250,106
3,250,106
3,250,106
3,250,106
3,250,106
3,250,106
3,250,106
3,250,106
3,250,106
3,255,106
3,255,106
3,255,108
3,255,108
3,255,108
3,253,109
3,253,109
3,255,108
3,255,108
3,255,108
3,255,108
3,253,108
3,253,109
3,253,110
3,250,111
3,250,111
3,250,111
3,250,111
3,253,111
3,253,111
3,253,111
3,253,111
3,253,111
3,253,111
3,253,111
3,253,111
3,253,111
3,253,112
2,248,112
2,248,112
2,248,112
2,248,112
2,250,112
2,250,112
3,253,111
3,253,111
3,253,110
3,255,110
3,255,110
3,253,110
3,253,110
3,253,111
3,250,111
3,250,111
3,253,110
3,253,110
3,250,110
3,250,110
3,248,109
3,248,108
3,248,106
3,248,106
3,248,105
3,248,105
3,248,105
3,248,104
3,248,104
2,248,104
3,248,104
2,245,104
2,245,104
2,245,104
3,245,103
3,245,103
3,245,103
3,245,103
3,245,103
3,245,102
3,245,102
3,245,102
3,248,102
3,245,103
3,243,104
3,238,105
3,238,105
3,245,103
3,245,102
3,247,101
3,247,101
3,247,100
3,247,100
3,247,100
2,247,100
3,250,98
3,250,98
3,250,96
3,250,95
3,252,95
4,252,94
4,252,94
3,249,92
3,252,91
3,249,91
3,249,91
3,249,90
3,249,88
3,246,88
3,246,86
3,246,85
3,246,84
3,246,83
3,246,83
3,246,81
4,249,79
4,248,78
3,249,81
3,249,80
3,249,80
4,249,79
4,252,77
4,252,76
3,252,76
3,252,76
3,252,76
4,252,77
3,252,79
3,252,80
3,252,81
3,252,82
3,249,84
3,249,86
2,249,88
3,249,90
2,247,93
3,247,94
3,247,96
3,247,98
3,247,99
3,247,100
3,247,101
3,248,102
3,248,104
3,248,106
3,250,106
3,250,106
3,250,106
3,250,106
3,250,106
3,250,106
3,250,106
3,250,106
3,253,106
3,253,106
3,253,106
3,253,106
3,253,106
3,253,106
3,250,106
3,250,106
3,250,106
3,250,106
3,250,106
3,250,106
3,250,106
3,255,106
3,255,106
3,255,108
3,255,108
3,253,109
3,253,109
3,253,109
3,253,109
3,253,108
3,255,108
3,255,108
3,253,109
3,253,109
3,253,110
3,253,111
3,253,111
3,250,111
3,253,111
3,253,111
3,253,111
3,253,111
3,253,111
3,255,111
3,253,111
3,253,111
3,253,111
3,253,112
3,253,112
2,248,112
2,248,113
2,248,113
2,248,113
2,250,113
2,250,113
3,253,112
3,253,112
3,253,112
3,253,111
3,253,111
3,253,111
3,253,111
3,253,113
3,253,113
3,253,112
3,253,111
3,253,110
3,253,110
3,253,110
3,253,110
3,250,109
3,248,108
3,248,106
3,248,106
3,248,105
3,248,105
3,248,105
3,248,105
3,248,104
2,245,105
2,245,105
2,245,105
2,245,105
2,245,105
3,245,103
3,245,103
3,245,103
3,245,103
2,245,103
2,245,103
2,245,102
3,248,102
3,245,103
3,245,103
3,243,104
3,245,103
3,245,102
3,248,102
3,247,101
3,247,100
3,250,100
3,250,100
3,250,100
3,247,99
3,250,99
3,250,98
3,250,98
3,250,96
3,250,95
3,252,95
4,252,94
3,252,93
3,252,91
3,252,91
3,249,91
3,246,90
3,246,89
3,246,88
3,246,87
3,246,86
3,246,85
3,246,85
3,243,84
3,246,83
3,246,81
4,249,79
4,248,77
3,249,80
3,249,80
3,249,80
3,249,80
3,249,79
3,248,78
3,248,77
3,252,77
3,248,77
3,248,78
3,249,80
3,252,80
3,252,81
3,252,82
3,252,83
3,249,85
3,249,86
2,249,89
2,249,91
3,250,94
3,250,95
3,250,98
3,247,99
2,247,100
3,247,101
3,248,102
3,248,104
3,248,105
3,250,106
3,250,106
3,250,106
3,250,106
3,255,106
3,255,106
3,255,106
3,255,106
3,255,106
3,255,106
3,253,106
3,253,106
3,253,106
3,253,106
3,253,106
3,253,106
3,253,106
3,253,106
3,250,106
3,250,106
3,250,106
3,253,106
3,253,108
3,255,108
3,255,108
3,253,109
3,253,109
3,253,109
3,253,109
3,253,109
3,253,109
3,255,108
3,255,108
3,253,109
3,253,110
3,253,111
3,253,111
3,253,111
3,253,111
3,255,111
3,255,111
3,255,111
3,255,111
3,255,111
3,255,111
3,255,111
3,255,111
3,253,111
3,253,112
3,250,112
2,248,113
2,248,113
2,248,114
2,248,114
3,250,113
2,250,113
3,253,113
3,253,113
3,253,113
3,253,113
3,253,114
3,253,114
3,253,114
3,253,114
3,253,114
3,253,113
3,253,113
3,253,112
3,253,111
3,253,110
3,253,110
3,253,110
3,250,109
3,250,108
3,250,106
3,250,106
3,250,106
3,250,106
3,250,106
3,248,106
3,248,106
3,248,105
2,245,105
2,245,105
2,245,105
2,245,105
2,245,105
2,245,105
2,245,105
2,245,103
3,248,103
3,248,103
3,248,103
3,248,103
3,248,103
3,248,103
3,245,103
3,248,102
3,247,101
3,250,100
3,250,100
3,250,100
3,250,100
3,250,100
3,247,99
3,247,99
3,247,98
3,247,98
3,247,96
3,247,96
3,250,95
3,250,95
3,250,94
3,250,93
3,249,92
3,249,91
3,247,91
3,246,90
3,246,89
3,246,88
3,246,88
3,246,87
3,243,86
3,243,85
3,243,84
3,246,82
4,249,79
4,248,78
4,248,76
3,249,79
3,249,80
3,249,80
3,249,80
3,249,79
3,249,79
3,252,79
3,248,78
3,248,78
3,249,79
3,249,80
3,249,80
3,249,81
3,249,82
3,249,83
3,249,85
3,249,86
2,249,88
2,249,89
2,250,93
3,250,94
3,250,96
3,250,98
3,250,100
2,247,100
3,248,102
3,248,104
3,248,105
3,250,106
3,250,106
3,250,106
3,250,106
3,255,106
3,255,106
3,255,106
3,255,106
3,255,106
3,255,106
3,255,106
3,255,106
3,253,106
3,253,107
3,253,107
3,253,107
3,253,107
3,253,106
3,250,106
3,250,106
3,250,106
3,250,106
3,250,108
3,253,108
3,253,109
3,253,109
3,253,110
3,253,110
3,253,109
3,253,109
3,255,109
3,253,109
3,253,109
3,253,109
3,253,109
3,253,110
3,253,111
3,253,112
3,255,112
3,255,111
3,255,111
3,255,111
3,255,111
3,255,110
3,255,110
3,255,110
3,255,110
3,255,110
3,253,110
3,253,111
3,250,112
3,250,113
3,248,114
2,248,114
2,248,114
3,251,114
2,250,113
2,250,113
2,250,113
3,253,114
3,253,114
3,253,114
3,253,114
3,253,114
3,253,114
3,253,114
3,253,114
3,253,114
3,253,113
3,253,112
3,253,112
3,253,110
3,253,110
3,253,109
3,253,109
3,253,108
3,250,106
3,250,106
3,250,106
3,250,106
3,250,106
3,250,106
3,248,106
2,245,106
2,245,105
2,245,105
2,245,105
2,245,105
2,245,105
3,248,105
3,248,105
3,248,105
3,248,104
3,248,103
3,248,103
3,248,103
3,250,103
3,248,103
3,248,102
3,247,101
3,250,101
3,250,100
3,250,100
3,250,100
2,247,100
3,247,99
3,247,99
3,247,99
2,245,98
2,244,97
2,244,96
3,247,96
3,247,95
3,247,94
3,247,94
3,250,93
3,247,92
3,247,92
3,246,90
3,246,89
3,246,89
3,246,88
3,246,88
3,243,88
3,243,87
3,243,85
3,243,84
3,246,81
4,249,79
4,248,77
4,252,76
3,248,78
3,249,79
3,249,79
3,249,79
3,249,79
3,249,79
3,249,79
3,249,79
3,249,79
2,245,79
2,245,80
2,246,81
3,246,81
3,249,82
3,249,83
3,249,84
3,249,86
3,249,88
3,249,89
2,249,91
3,250,94
3,250,95
3,250,98
2,250,99
3,250,100
3,250,101
3,250,103
3,250,105
3,250,105
3,250,106
3,250,106
3,250,106
3,255,108
3,255,108
3,255,108
3,255,108
3,255,108
3,255,108
3,255,108
3,255,108
3,255,108
3,253,108
3,253,109
3,253,109
3,253,109
3,253,109
3,253,109
3,250,109
3,250,109
3,250,109
3,250,109
3,250,109
3,253,109
3,253,110
3,253,110
3,253,110
3,253,110
3,253,109
3,255,109
3,255,109
3,255,109
3,255,109
3,253,109
3,253,109
3,253,112
3,250,112
3,250,112
3,255,112
3,255,111
3,255,110
3,255,109
3,255,109
3,255,109
3,255,109
3,255,109
3,255,109
3,253,109
3,253,110
3,253,110
3,250,111
3,250,112
3,248,114
3,248,114
2,248,114
3,251,114
3,250,113
2,250,113
2,250,113
2,251,114
3,251,114
3,253,114
3,253,114
3,253,114
3,255,114
3,255,114
3,255,114
3,255,114
3,255,114
3,255,113
3,253,113
3,253,112
3,253,110
3,253,110
3,253,109
3,253,109
3,253,108
3,250,108
3,250,106
3,250,106
3,250,106
3,250,106
3,250,106
3,250,106
3,250,106
3,250,106
3,250,106
3,250,106
3,250,106
3,250,106
3,250,106
3,248,106
3,248,106
3,248,105
3,250,105
3,250,105
3,250,104
3,250,103
3,250,102
3,250,101
3,250,101
3,250,100
3,250,100
3,250,100
3,250,99
3,247,99
3,247,99
3,247,99
2,245,98
2,244,96
2,244,96
2,244,95
3,247,95
3,247,94
3,247,94
3,247,94
3,247,93
3,247,92
3,247,92
3,247,91
3,246,90
3,246,89
3,246,89
3,246,89
3,244,89
3,243,87
3,243,85
3,243,82
3,245,80
4,248,78
4,252,76
4,252,75
3,248,77
3,248,77
3,248,78
3,249,79
3,249,79
3,249,79
3,249,80
3,249,80
3,249,80
2,246,81
2,246,81
2,246,82
2,246,82
3,249,83
3,249,84
3,249,86
3,249,87
3,249,89
3,249,90
3,250,93
3,250,94
3,250,97
3,250,98
3,250,100
3,250,101
3,250,102
3,250,103
3,250,105
3,250,105
3,250,106
3,250,106
3,250,108
3,255,108
3,255,108
3,255,108
3,255,108
3,255,108
3,255,108
3,255,108
3,255,108
3,253,109
3,253,110
3,253,110
3,253,110
3,253,110
3,253,111
3,253,111
3,250,110
3,250,110
3,250,110
3,250,110
3,250,110
3,253,110
3,250,111
3,253,111
3,253,111
3,253,111
3,253,110
3,253,109
3,255,109
3,253,109
3,253,109
3,253,109
3,253,110
3,253,110
3,250,111
3,250,111
3,250,111
3,253,109
3,253,109
3,255,109
3,255,109
3,255,109
3,255,108
3,255,108
3,253,108
3,253,108
3,253,109
3,250,109
3,250,110
3,250,110
3,250,111
3,250,113
3,250,113
3,250,113
3,250,113
3,250,113
3,250,113
3,253,113
3,253,114
3,253,114
3,255,114
3,255,114
3,255,114
3,255,114
3,255,114
3,255,114
3,255,114
3,255,113
3,255,113
3,255,113
3,255,113
3,253,112
3,253,110
3,253,109
3,253,109
3,250,108
3,250,108
3,250,107
3,250,106
3,250,106
3,250,106
3,250,106
3,250,106
3,250,106
3,250,106
3,250,106
3,250,106
3,250,106
3,248,106
3,248,106
3,248,106
3,248,106
3,250,106
3,250,105
3,250,105
3,250,105
3,250,103
3,250,102
3,250,101
3,250,101
3,250,100
3,247,100
3,247,99
3,247,99
3,247,99
3,247,99
3,247,98
2,244,96
3,247,96
3,247,95
3,247,95
3,247,94
3,247,94
3,247,94
3,247,94
3,247,93
3,247,93
3,247,92
3,247,91
2,246,90
3,246,90
3,246,90
3,244,89
3,244,89
3,243,87
3,243,85
3,246,82
4,249,79
4,252,77
4,252,76
3,248,72
3,248,73
3,248,74
3,248,77
3,248,78
3,249,79
3,249,79
3,249,80
3,249,80
3,249,81
2,246,82
2,246,82
2,246,82
2,246,83
3,249,84
3,249,86
3,249,87
3,249,89
3,249,90
3,249,92
3,250,94
3,250,96
3,250,98
3,250,99
3,250,100
3,250,102
3,250,103
3,250,103
3,250,104
3,250,105
3,250,106
3,250,106
3,250,108
3,253,108
3,255,108
3,255,108
3,255,108
3,255,108
3,255,108
3,255,109
3,253,109
3,253,110
3,253,110
3,253,111
3,253,111
3,253,111
3,253,111
3,253,112
3,250,111
3,253,111
3,250,111
3,250,111
3,253,111
3,253,111
3,253,112
3,253,112
3,253,112
3,253,112
3,253,112
3,253,111
3,253,109
3,253,109
3,253,109
3,253,109
3,253,110
3,253,110
3,250,110
3,250,110
3,250,109
3,250,109
3,250,108
3,250,108
3,250,108
3,253,108
3,253,108
3,253,106
3,250,106
3,250,106
3,250,106
3,250,107
3,250,109
3,253,109
3,253,109
3,253,109
3,253,110
3,253,110
3,253,110
3,253,111
3,253,112
3,253,113
3,255,113
3,255,113
3,255,113
3,255,113
3,255,113
3,255,113
3,255,114
3,255,114
3,255,113
3,255,113
3,255,113
3,255,113
3,255,113
3,250,111
3,250,111
3,250,111
3,253,109
3,250,109
3,250,109
3,250,108
3,250,108
3,250,106
3,250,106
3,250,106
3,250,106
3,250,106
3,250,106
3,250,108
3,250,108
3,250,108
3,250,108
3,250,108
3,250,107
3,248,107
3,250,106
3,250,106
3,250,106
3,250,105
3,250,105
3,250,103
3,250,102
3,250,101
3,250,101
3,247,100
3,247,100
3,247,99
3,247,99
3,247,99
3,250,96
3,250,95
3,247,95
3,247,95
3,250,95
3,247,94
3,247,94
3,247,94
3,247,94
3,247,94
3,247,94
3,250,93
3,249,92
3,249,91
2,247,91
3,247,91
3,246,90
3,244,89
3,244,89
3,243,86
3,246,83
3,249,80
4,249,79
4,252,77
4,252,75
4,251,70
4,251,70
3,251,70
4,251,72
4,252,74
3,248,77
4,252,78
3,249,79
3,249,80
3,249,81
3,249,82
2,246,82
2,246,83
2,246,84
2,246,84
3,249,87
3,249,88
3,249,89
3,249,91
3,249,92
3,250,94
3,250,95
3,250,97
3,250,99
3,247,100
3,250,102
3,250,103
3,250,103
3,250,103
3,250,103
3,250,105
3,250,105
3,250,106
3,250,106
3,253,108
3,253,108
3,255,108
3,253,109
3,253,109
3,253,110
3,253,110
3,253,110
3,253,110
3,253,111
3,253,111
3,253,113
3,253,113
3,253,113
3,253,113
3,250,113
3,253,113
3,250,113
3,250,113
3,253,113
3,253,113
3,253,113
3,253,113
3,253,113
3,253,113
3,253,113
3,250,113
3,250,113
3,250,111
3,253,110
3,253,110
3,250,110
3,250,110
3,250,110
3,250,110
3,250,109
3,250,109
3,250,108
3,250,108
3,250,108
3,250,107
3,250,106
3,250,106
3,250,106
3,250,106
3,250,106
3,250,106
3,250,106
3,253,107
3,253,108
3,253,108
3,255,108
3,255,108
3,255,109
3,253,110
3,253,110
3,255,110
3,255,111
3,255,113
3,255,113
3,255,113
3,255,113
3,255,113
3,255,113
3,255,113
3,255,113
3,255,113
3,255,113
3,255,113
3,253,111
3,253,111
3,250,111
3,250,111
3,250,111
3,250,110
3,250,110
3,250,109
3,250,109
3,250,107
3,250,106
3,253,106
3,253,106
3,250,106
3,250,108
3,250,108
3,250,109
3,250,109
3,250,110
3,250,110
3,250,110
3,250,110
3,250,109
3,250,108
3,250,107
3,250,106
3,250,105
3,250,105
3,250,103
3,250,102
3,248,102
3,247,101
3,247,100
3,247,99
3,250,99
3,252,97
3,252,96
3,252,95
3,252,95
3,252,95
3,252,95
3,247,95
3,247,94
3,247,95
3,247,95
3,247,95
3,247,94
3,250,94
3,250,94
3,250,93
3,250,93
3,247,92
3,247,92
3,247,91
2,244,90
3,243,88
3,246,85
3,246,82
4,249,79
4,252,77
4,252,77
4,252,75
4,251,67
4,251,66
4,251,68
4,251,69
4,251,72
4,252,74
4,252,78
3,249,79
3,249,81
3,249,82
3,249,83
3,246,83
2,246,84
2,246,86
3,246,87
2,246,89
3,249,90
3,249,91
3,249,92
3,250,94
3,250,95
3,250,97
3,250,99
3,247,101
3,248,102
3,250,103
3,250,103
3,250,103
3,250,103
3,250,104
3,250,105
3,250,105
3,250,106
3,250,106
3,253,108
3,253,108
3,253,109
3,253,110
3,253,110
3,253,110
3,253,110
3,253,110
3,253,111
3,253,112
3,253,113
3,253,113
3,253,114
3,253,114
3,253,114
3,253,114
3,253,114
3,253,114
3,253,114
3,253,114
3,253,114
3,253,114
3,253,114
3,253,114
3,253,114
3,253,114
3,253,114
3,250,113
3,250,113
3,250,113
3,253,113
3,253,112
3,253,111
3,253,110
3,253,110
3,250,109
3,250,109
3,250,108
3,250,108
3,250,108
3,250,107
3,250,106
3,250,106
3,250,106
3,250,106
3,250,105
3,250,105
3,250,106
3,253,106
3,253,106
3,253,106
3,255,106
3,255,107
3,255,108
3,255,108
3,255,108
3,255,109
3,255,109
3,255,109
3,255,109
3,255,110
3,255,110
3,255,110
3,255,111
3,255,111
4,255,111
4,255,111
3,255,111
3,255,111
3,253,111
3,253,111
3,253,111
3,250,111
3,250,110
3,250,110
3,250,110
3,250,110
3,253,109
3,253,108
3,253,107
3,255,107
3,255,107
3,253,108
3,253,108
3,253,109
3,250,110
3,250,110
3,250,110
3,250,111
3,250,111
3,250,111
3,250,111
3,250,109
3,250,109
3,250,108
3,250,107
3,250,106
3,250,105
3,250,103
3,250,102
3,248,102
3,247,100
3,250,99
3,250,99
3,252,97
3,252,96
3,252,95
3,252,95
3,252,95
3,252,95
3,252,95
3,247,95
3,247,95
3,247,95
3,247,95
3,247,95
3,250,95
3,250,95
3,250,95
3,250,95
3,250,95
3,247,93
3,247,92
3,244,91
2,244,89
3,246,85
3,246,83
3,249,80
4,252,77
4,252,77
4,252,77
4,247,66
4,251,64
4,251,65
4,255,66
3,251,68
3,251,70
4,252,74
4,252,78
3,249,80
3,249,82
3,249,83
3,246,84
3,246,87
2,243,88
2,246,89
3,246,90
3,247,91
3,249,92
3,250,94
3,250,94
3,250,95
3,250,98
3,250,99
3,250,101
3,248,102
3,250,103
3,250,103
3,250,103
3,250,103
3,250,104
3,250,104
3,250,105
3,250,105
3,250,106
3,250,106
3,250,108
3,253,109
3,253,110
3,253,110
3,253,110
3,253,110
3,253,111
3,253,111
3,253,113
3,253,113
3,253,113
3,253,114
3,253,114
3,253,114
3,253,114
3,253,114
3,253,114
3,253,115
3,253,115
3,253,115
3,253,115
3,253,115
3,253,115
3,253,114
3,253,114
3,253,114
3,251,114
3,251,114
3,251,114
3,250,113
3,253,113
3,253,113
3,253,112
3,253,110
3,253,110
3,253,109
3,253,109
3,250,109
3,250,108
3,250,108
3,250,108
3,250,107
3,250,106
3,250,106
3,250,106
3,250,106
3,250,106
3,250,106
3,250,106
3,253,106
3,253,106
3,255,106
3,255,106
3,255,105
3,255,107
3,255,108
3,255,108
3,253,109
3,253,109
3,253,109
3,255,109
3,253,109
3,255,109
3,255,109
3,255,110
4,255,111
4,255,111
3,255,111
3,255,110
3,255,110
3,253,110
3,253,110
3,250,110
3,250,110
3,250,110
3,250,110
3,250,110
3,253,109
3,253,109
3,255,108
3,255,107
3,255,107
3,255,108
3,253,108
3,253,109
3,253,110
3,250,110
3,250,111
3,250,111
3,250,111
3,250,111
3,250,111
3,250,111
3,250,111
3,250,109
3,250,108
3,250,107
3,250,106
3,250,105
3,250,103
3,248,103
3,248,102
3,247,101
3,250,99
3,250,99
3,250,97
3,250,96
3,250,96
3,250,96
3,250,96
3,250,95
3,247,95
3,247,96
3,247,96
3,247,96
3,247,96
3,247,96
3,250,96
3,250,96
3,250,96
3,250,96
3,247,95
3,247,93
3,244,92
2,244,90
3,246,88
3,246,84
3,249,80
4,252,78
4,252,77
4,252,77
4,252,76
3,243,65
3,247,63
3,247,61
3,251,63
4,255,65
4,255,66
3,255,70
4,252,74
3,252,79
3,252,80
3,249,83
3,249,85
2,246,88
2,244,90
2,244,90
2,244,91
3,247,92
3,247,94
3,247,94
3,252,95
3,252,96
3,252,98
3,250,99
3,250,101
3,250,102
3,248,104
3,248,105
3,250,105
3,250,105
3,250,105
3,250,105
3,250,105
3,250,105
3,250,105
3,250,106
3,250,108
3,250,109
3,253,110
3,253,110
3,253,110
3,253,111
3,253,111
3,253,112
3,253,113
3,253,113
3,255,114
3,255,114
3,255,114
3,255,115
3,255,115
3,255,115
3,255,115
3,255,115
3,255,115
3,253,115
3,255,115
3,255,115
3,253,116
3,253,116
3,255,116
3,253,115
3,253,115
3,253,115
3,251,115
3,251,114
3,251,114
3,250,113
3,253,113
3,253,113
3,255,113
3,255,112
3,253,111
3,253,110
3,250,110
3,250,110
3,250,110
3,250,110
3,250,108
3,250,108
3,250,106
3,250,106
3,250,106
3,250,106
3,250,106
3,250,106
3,250,106
3,253,106
3,253,106
3,255,106
3,255,105
3,255,107
3,255,108
3,253,108
3,250,108
3,250,109
3,250,109
3,250,109
3,253,109
3,253,109
3,255,109
3,255,109
4,255,109
4,255,109
3,255,109
3,255,109
3,255,109
3,253,109
3,253,110
3,253,110
3,250,110
3,250,110
3,250,110
3,250,110
3,250,109
3,253,108
3,255,108
3,255,108
3,255,107
3,255,107
3,255,108
3,253,109
3,253,110
3,250,111
3,250,111
3,250,113
3,250,113
3,250,113
3,250,112
3,250,112
3,250,111
3,250,111
3,250,110
3,250,109
3,250,107
3,250,107
3,250,106
3,250,104
3,250,103
3,250,102
3,250,100
3,250,100
3,250,99
3,250,99
3,250,98
3,250,98
3,250,98
3,250,98
3,247,98
3,247,98
3,247,98
3,247,98
3,247,99
3,247,99
3,250,98
3,250,98
3,250,98
3,250,96
3,247,96
3,247,95
3,244,93
3,244,90
3,243,88
3,246,85
3,249,80
3,249,79
3,248,78
4,252,77
4,252,77
4,248,76
3,243,63
3,246,59
3,247,60
3,251,61
3,255,63
3,255,66
3,255,70
4,252,74
3,252,79
3,249,83
3,249,85
2,246,88
2,244,90
2,244,91
2,244,94
2,244,94
2,244,94
3,247,95
3,250,96
3,252,98
3,252,98
3,252,99
3,250,101
3,250,102
3,250,105
3,248,106
3,248,106
3,250,106
3,250,106
3,250,106
3,250,105
3,250,105
3,250,105
3,250,106
3,250,106
3,250,108
3,250,109
3,253,110
3,253,110
3,250,111
3,250,111
3,250,111
3,253,113
3,253,113
3,253,114
3,253,114
3,255,115
3,255,115
3,255,115
3,255,115
3,255,115
3,255,115
3,255,115
3,255,115
3,255,115
3,255,115
3,255,116
3,255,116
3,255,116
3,255,116
3,253,116
3,253,116
3,253,116
3,251,116
3,251,115
3,251,115
3,251,114
3,251,114
3,253,113
3,255,113
3,255,113
3,255,113
3,253,113
3,253,112
3,253,112
3,250,111
3,250,111
3,250,110
3,250,110
3,250,109
3,250,109
3,250,106
3,248,106
3,248,106
3,248,106
3,248,106
3,250,106
3,250,106
3,253,106
3,253,106
3,253,108
3,250,108
3,250,108
3,250,109
3,250,109
3,250,109
3,250,109
3,250,109
3,253,109
3,253,109
3,255,108
3,255,108
3,255,108
3,255,108
3,255,108
3,255,108
3,255,108
3,253,109
3,253,109
3,250,110
3,250,110
3,250,110
3,250,109
3,250,108
3,253,108
3,255,106
3,255,106
3,255,106
3,255,106
3,255,108
3,255,109
3,253,110
3,250,111
3,250,113
3,250,113
3,251,114
3,250,113
3,250,113
3,250,113
3,250,112
3,250,112
3,250,111
3,250,111
3,250,110
3,250,109
3,250,107
3,250,106
3,250,105
3,250,104
3,250,102
3,250,100
3,250,100
3,250,100
3,250,99
3,250,99
3,250,99
3,250,99
3,247,99
3,247,99
3,247,99
3,245,99
3,247,99
3,247,99
3,247,99
3,250,99
3,250,98
3,250,98
3,250,96
3,247,95
3,244,93
3,244,92
2,244,90
3,243,86
3,246,83
3,249,80
3,248,78
3,248,77
4,248,77
4,248,76
4,243,63
4,246,59
3,246,58
4,251,58
4,255,59
3,255,62
3,255,66
3,255,70
4,252,77
3,249,81
3,249,84
2,246,88
2,246,90
2,244,93
2,244,94
2,244,95
2,244,96
2,244,96
3,247,98
3,250,98
3,252,99
3,252,99
3,252,101
3,250,102
3,250,104
3,250,105
3,250,106
3,250,107
3,250,107
3,250,107
3,250,107
3,250,106
3,250,106
3,250,106
3,250,106
3,253,106
3,250,109
3,250,109
3,250,110
3,250,111
3,250,111
3,250,111
3,250,113
3,251,114
3,253,114
3,253,114
3,253,115
3,253,115
3,253,115
3,255,115
3,255,115
3,255,115
3,255,115
3,255,115
3,255,115
3,255,115
3,255,115
3,255,116
3,253,116
3,253,116
3,253,116
3,253,116
3,253,116
3,253,117
3,251,117
3,248,117
3,248,116
3,251,115
3,253,114
3,253,114
3,255,114
3,255,114
3,255,114
3,253,114
3,253,114
3,253,114
3,250,113
3,250,112
4,253,112
3,250,112
3,250,111
3,250,110
3,250,110
3,250,110
3,250,110
3,248,110
3,248,110
3,248,109
3,250,108
3,250,108
3,250,108
3,250,109
3,250,109
3,248,109
3,248,109
3,248,109
3,248,109
3,248,109
3,250,109
3,250,109
3,253,109
3,253,108
3,255,108
3,255,108
3,255,108
3,255,108
3,255,108
3,255,108
3,253,108
3,253,109
3,250,109
3,250,109
3,250,109
3,250,108
3,250,108
3,250,106
3,253,106
3,255,106
3,255,106
3,255,106
3,255,107
3,255,109
3,253,110
3,250,113
3,248,114
3,248,114
3,248,115
3,248,115
3,251,114
3,251,114
3,250,113
3,250,113
3,250,112
3,250,112
3,250,112
3,248,111
3,250,109
3,248,109
3,250,106
3,250,105
3,250,104
3,250,102
3,250,102
3,247,101
3,247,100
3,247,100
3,247,99
3,247,99
3,247,99
3,247,99
3,247,99
3,247,99
3,247,99
3,247,99
3,247,99
3,247,99
3,250,98
3,247,98
3,247,98
3,247,95
2,244,94
2,244,92
2,244,90
3,243,87
3,246,84
3,249,81
3,249,79
3,248,78
4,248,77
4,248,76
4,248,76
4,247,65
4,247,62
4,246,58
3,246,57
3,251,57
4,255,58
3,255,62
3,255,67
3,255,74
3,252,79
3,249,83
3,246,87
2,246,90
2,247,93
2,247,95
2,244,96
2,245,98
2,245,98
3,247,99
3,247,99
3,250,99
3,252,100
3,252,101
3,252,101
3,253,103
3,250,105
3,250,106
3,250,107
3,250,107
3,250,108
3,250,108
3,250,107
3,250,107
3,253,106
3,253,106
3,253,106
3,253,108
3,253,109
3,253,109
3,253,110
3,253,111
3,250,111
3,250,112
3,250,113
3,251,114
3,251,114
3,253,114
3,253,114
3,255,115
3,255,115
3,255,115
3,255,115
3,255,115
3,255,115
3,255,115
3,255,115
3,255,115
3,255,115
3,255,116
3,253,116
3,253,116
3,253,116
3,253,116
3,253,117
3,251,118
3,246,118
3,246,119
3,249,118
3,251,116
3,253,115
3,253,115
3,253,115
3,253,115
3,253,116
3,253,116
3,253,116
3,251,115
3,251,115
3,251,115
3,251,115
3,251,115
3,251,115
3,250,112
3,250,112
3,248,112
3,248,112
3,248,112
3,248,112
3,248,111
3,250,111
3,250,111
3,250,111
3,250,111
3,250,111
3,250,111
3,250,111
3,250,111
3,250,111
3,250,111
3,250,111
3,250,111
3,253,109
3,255,108
3,255,108
3,255,108
3,255,108
3,255,108
3,255,108
3,253,108
3,253,108
3,250,108
3,250,108
3,248,107
3,248,106
3,250,106
3,250,106
3,250,106
3,250,105
3,255,105
3,255,106
3,255,106
3,255,107
3,255,109
3,255,111
3,250,113
3,251,115
3,248,117
3,248,117
3,248,117
2,248,117
3,251,116
3,251,115
3,251,115
3,251,115
3,251,114
3,251,114
3,248,114
3,248,111
3,248,110
3,248,109
3,248,108
3,250,106
3,250,104
3,250,102
3,248,102
3,248,102
3,247,101
3,247,100
2,247,100
3,247,99
3,247,99
3,245,99
3,245,100
3,245,100
3,247,100
3,247,99
3,247,99
3,247,98
3,247,98
3,247,96
3,247,95
3,247,94
3,247,92
3,246,90
3,246,89
3,246,86
3,246,83
3,249,80
4,248,78
4,248,78
4,248,76
4,248,76
4,248,75
4,247,66
4,247,63
4,246,59
3,246,58
4,251,58
3,255,61
3,255,64
3,255,70
4,255,77
3,252,80
3,249,84
2,246,89
2,247,91
2,247,95
2,247,96
3,247,98
3,247,99
3,247,99
3,247,100
3,247,100
3,250,100
3,250,101
3,252,101
3,253,102
3,253,105
3,250,106
3,250,106
3,250,108
3,253,108
3,253,108
3,253,108
3,253,109
3,253,108
3,253,107
3,253,107
3,253,108
3,253,109
3,253,109
3,253,109
3,253,110
3,253,110
3,250,111
3,250,112
3,250,113
3,251,114
3,251,114
3,251,114
3,253,114
3,253,114
3,253,114
3,255,115
3,255,115
3,253,115
3,253,115
3,253,115
3,253,115
3,253,115
3,255,115
3,253,115
3,253,116
3,255,116
3,255,116
3,253,116
3,253,117
3,251,118
3,246,119
3,246,119
3,246,119
3,248,117
3,251,116
3,253,116
3,253,115
3,255,115
3,253,116
3,253,116
3,253,116
3,253,116
3,253,116
3,253,115
3,253,115
3,251,115
3,251,115
3,251,115
3,251,115
3,251,114
3,248,114
3,248,114
3,248,114
3,248,114
3,251,114
3,251,114
3,251,114
3,251,114
3,251,114
3,251,114
3,253,112
3,251,114
3,251,114
3,251,114
3,248,114
3,248,114
3,250,112
3,253,111
4,255,110
3,255,109
3,255,108
3,255,108
3,253,108
3,253,108
3,253,108
3,250,107
3,250,106
3,248,106
3,248,106
3,250,105
3,250,105
3,250,105
3,250,105
3,253,105
3,255,106
3,255,106
3,255,107
3,255,109
3,255,112
3,253,114
3,251,116
3,248,117
3,249,118
3,249,118
3,249,118
3,251,118
3,251,117
3,251,117
3,251,116
3,251,116
3,251,115
3,248,114
3,248,114
2,248,113
3,248,111
3,250,109
3,250,108
3,250,106
3,250,105
3,250,105
3,250,103
3,248,102
3,248,102
3,247,101
3,247,101
3,245,100
3,245,101
3,245,100
3,245,100
3,247,100
3,247,100
3,247,99
3,247,98
3,247,96
3,247,96
3,247,95
3,247,94
3,247,92
3,247,91
3,246,90
3,246,88
3,246,86
3,246,83
3,249,80
4,248,78
4,248,76
4,248,76
4,248,75
4,248,69
4,248,68
5,247,66
4,247,62
4,246,59
3,247,61
3,251,64
3,255,69
4,255,74
3,252,79
3,249,83
3,246,87
2,246,90
2,247,94
2,247,95
2,247,97
3,247,98
2,247,100
3,247,100
3,247,100
3,247,100
3,247,101
3,250,102
3,250,102
3,250,105
3,250,105
3,250,106
3,250,106
3,253,108
3,253,108
3,253,109
3,253,109
3,253,109
3,253,109
3,253,109
3,253,109
3,253,109
3,253,109
3,253,109
3,253,110
3,253,110
3,253,111
3,250,111
3,250,111
3,250,112
3,251,114
3,251,114
3,251,114
3,251,114
3,253,114
3,253,113
3,253,113
3,253,113
3,253,113
3,253,113
3,253,114
3,253,115
3,253,115
3,253,115
3,253,115
3,253,115
3,255,116
3,255,116
3,253,116
3,253,116
3,253,117
3,251,118
3,249,118
3,249,118
3,248,117
3,251,116
3,253,116
3,253,116
3,255,115
3,253,116
3,253,116
3,253,116
3,253,116
3,253,116
3,253,116
3,253,115
3,251,116
3,251,116
3,251,116
3,251,116
3,251,116
3,251,115
3,251,115
2,248,115
2,248,115
3,251,115
3,251,115
3,251,115
3,253,115
3,253,115
3,253,115
3,253,115
3,253,115
3,251,116
3,251,116
3,248,116
3,248,116
3,251,114
3,253,114
3,253,111
3,253,111
3,253,110
3,253,109
3,253,108
3,253,108
3,250,108
3,250,107
3,250,106
3,248,106
3,250,106
3,250,105
3,250,105
3,250,105
3,250,105
3,250,105
3,253,106
3,255,106
3,255,108
3,255,110
3,255,112
3,255,114
3,253,116
3,251,117
3,251,118
3,251,119
3,251,119
3,251,119
3,251,120
3,251,119
3,253,118
3,251,117
3,251,116
3,251,115
3,248,114
2,248,114
2,248,113
3,250,111
3,250,109
3,250,108
3,250,107
3,250,106
3,250,105
3,248,103
3,248,103
2,245,103
2,245,102
3,245,102
3,245,102
3,245,102
3,245,101
3,247,100
3,247,99
3,247,98
3,247,96
3,247,96
3,247,95
3,247,95
3,247,95
3,247,94
3,249,91
3,249,91
3,246,90
3,246,88
3,246,85
3,246,83
4,249,79
4,248,77
4,248,76
4,248,75
4,248,75
4,248,72
4,248,69
4,244,69
4,244,69
3,243,66
3,247,67
3,248,70
3,252,74
4,252,78
3,249,81
3,246,85
3,246,89
3,247,91
3,247,95
3,247,96
3,250,98
3,250,99
2,247,100
3,247,101
3,247,101
3,248,102
3,248,102
3,250,102
3,250,104
3,250,105
3,250,106
3,250,106
3,253,108
3,253,108
3,253,109
3,253,109
3,253,110
3,253,110
3,253,109
3,253,109
3,253,109
3,253,109
3,253,109
3,253,109
3,253,110
3,253,110
3,253,110
3,253,110
3,253,110
3,253,111
3,253,112
3,250,113
3,250,113
3,250,113
3,253,113
3,253,111
3,253,111
3,253,111
3,253,111
3,253,112
3,253,113
3,253,114
3,253,114
3,253,115
3,253,115
3,253,115
3,253,115
3,253,116
3,253,116
3,253,116
3,253,117
3,251,117
3,251,117
3,251,117
3,251,117
3,253,116
3,253,116
3,253,116
3,253,116
3,253,116
3,253,116
3,253,116
3,253,116
3,253,116
3,253,116
3,253,116
3,253,116
3,253,116
3,251,116
3,251,116
3,251,116
3,251,116
3,251,115
3,251,115
3,251,115
3,251,115
3,251,115
3,251,116
3,253,115
3,253,115
3,253,116
3,253,116
3,253,116
3,253,116
3,251,116
3,251,117
3,251,117
3,251,116
3,251,116
3,253,114
3,253,113
3,253,111
3,250,111
3,250,110
3,250,109
3,250,108
3,250,107
3,248,106
3,248,106
3,248,106
3,248,105
3,250,105
3,250,105
3,250,105
3,253,106
3,253,106
3,253,108
3,255,110
3,255,112
3,255,112
3,255,113
3,253,116
3,253,117
3,253,119
3,253,119
3,253,120
3,253,120
3,253,120
3,253,120
3,253,119
3,253,118
3,253,117
3,251,116
3,251,115
2,248,115
2,248,114
3,250,113
3,250,111
3,250,110
3,250,108
3,250,108
3,250,106
3,248,105
3,248,105
3,245,103
3,245,103
3,245,103
3,245,102
3,245,102
3,247,101
3,247,99
3,250,98
3,250,97
3,250,96
3,247,96
3,247,95
3,247,95
3,247,95
3,250,94
3,249,92
3,249,91
3,249,91
3,246,90
3,246,87
3,246,84
3,246,81
4,249,79
4,248,77
4,248,76
4,248,75
4,248,76
4,248,75
4,244,72
4,244,72
3,244,72
3,241,71
3,245,73
3,248,74
3,248,78
3,249,80
3,249,84
3,246,88
3,246,90
3,247,94
3,247,95
3,247,96
3,250,98
3,250,99
3,247,100
3,247,101
3,245,102
3,248,104
3,248,104
3,250,105
3,250,106
3,250,106
3,250,106
3,250,106
3,250,108
3,250,109
3,253,110
3,253,110
3,253,110
3,253,110
3,253,110
3,253,110
3,253,110
3,253,109
3,253,110
3,253,110
3,253,110
3,253,110
3,253,110
3,253,110
3,253,110
3,253,110
3,253,111
3,253,111
3,253,111
3,253,111
3,253,110
3,253,110
3,253,110
3,253,110
3,253,110
3,253,110
3,253,111
3,253,112
3,253,113
3,253,114
3,253,114
3,253,114
3,255,115
3,255,115
3,255,115
3,253,116
3,253,116
3,253,116
3,251,117
3,251,117
3,253,116
3,253,116
3,253,116
3,255,115
3,255,115
3,253,116
3,253,116
3,253,116
3,253,116
3,253,116
3,253,116
3,253,116
3,253,116
3,253,116
3,253,116
3,253,116
3,251,116
3,251,116
3,251,116
3,251,116
3,251,115
2,251,115
2,251,115
3,251,116
3,253,116
3,253,116
3,253,116
3,253,116
3,253,116
3,253,116
3,251,117
3,251,117
3,251,117
3,251,117
3,251,116
3,253,116
3,253,114
3,253,114
3,250,113
3,250,112
3,250,110
3,250,110
3,248,109
3,248,109
3,248,109
3,248,109
3,248,108
3,250,108
3,250,108
3,250,108
3,253,108
3,253,108
3,253,110
3,255,111
3,255,112
3,255,113
3,253,113
3,253,114
3,253,116
3,253,118
3,253,119
3,253,120
3,253,120
3,253,120
3,253,120
3,253,120
3,253,120
3,253,118
3,251,117
3,251,116
2,248,116
2,248,115
2,248,114
3,250,113
3,250,112
3,250,110
3,250,108
3,250,107
3,248,106
3,245,105
3,245,105
3,245,103
2,245,103
3,245,103
3,248,102
3,247,99
3,250,98
3,250,96
3,250,96
3,250,96
3,250,95
3,250,95
2,247,95
3,250,95
3,250,95
3,250,94
3,249,92
3,249,91
3,247,91
3,246,90
3,246,86
3,246,83
4,249,79
4,248,78
4,248,77
4,248,76
4,248,77
4,248,78
3,245,77
3,245,76
3,245,75
3,245,75
3,241,75
3,245,77
3,248,78
3,249,80
3,249,84
3,249,86
3,249,89
3,247,91
3,250,95
3,250,95
3,250,97
3,250,98
3,247,98
3,247,101
3,245,102
3,243,104
3,243,106
3,248,106
3,248,106
3,250,106
3,250,106
3,250,106
3,250,108
3,250,109
3,250,110
3,250,111
3,250,112
3,250,113
3,253,112
3,253,112
3,253,111
3,253,111
3,253,110
3,253,110
3,253,110
3,253,110
3,253,110
3,253,110
3,253,110
3,253,110
3,253,110
3,253,110
3,253,110
3,253,110
3,253,109
3,250,109
3,250,108
3,250,108
3,250,108
3,250,108
3,250,109
3,253,109
3,253,110
3,253,112
3,253,113
3,255,114
3,255,114
3,255,114
3,255,115
3,255,115
3,253,116
3,253,116
3,253,116
3,253,116
3,253,116
3,253,116
3,253,116
3,253,116
3,255,115
3,255,115
3,255,115
3,255,115
3,253,116
3,253,116
3,253,116
3,253,116
3,253,116
3,253,116
3,253,116
3,253,116
3,253,116
3,253,116
3,251,116
3,251,116
2,251,115
2,251,115
2,251,115
2,251,115
2,251,115
3,253,115
3,253,115
3,253,116
3,253,116
3,253,116
3,253,116
3,253,116
3,251,117
3,251,117
3,251,117
3,251,116
3,253,116
3,253,115
3,253,115
3,253,115
3,251,115
3,251,114
3,250,113
3,250,113
3,250,111
3,250,111
3,250,111
3,250,110
3,250,110
3,250,110
3,250,110
3,253,110
3,253,110
3,253,112
3,253,112
3,253,112
3,253,113
3,253,113
3,253,113
3,253,115
3,255,116
3,255,118
3,255,119
3,253,120
3,253,121
3,253,121
3,253,121
3,253,120
3,253,118
3,253,117
3,251,116
3,251,116
3,251,115
3,251,114
3,251,114
3,250,113
3,253,111
3,253,111
3,250,109
3,248,107
3,248,107
3,248,105
3,248,104
2,245,103
3,248,102
3,247,101
3,250,99
3,250,97
3,250,96
3,250,96
3,252,96
3,252,95
3,250,96
3,250,96
3,250,95
3,250,95
4,252,95
4,252,93
3,249,92
3,247,91
3,247,91
3,246,88
3,246,85
3,249,81
4,249,79
4,248,78
4,248,77
3,248,77
3,249,81
4,249,79
3,245,79
3,245,79
3,245,79
3,245,79
3,245,79
3,245,80
3,249,83
3,249,85
3,249,86
3,249,89
3,249,91
3,250,94
3,250,95
3,250,96
3,250,97
3,250,98
3,250,98
3,247,101
3,245,104
3,243,106
3,243,107
3,245,107
3,248,107
3,250,107
3,250,107
3,250,108
3,250,108
3,250,110
3,250,111
3,250,112
3,250,113
3,250,113
3,250,113
3,253,112
3,253,112
3,253,111
3,253,111
3,253,110
3,253,110
3,253,110
3,255,110
3,255,110
3,255,110
3,253,110
3,253,110
3,253,110
3,250,110
3,250,109
3,253,108
3,250,108
3,250,108
3,250,108
3,250,106
3,250,108
3,253,108
3,253,109
3,253,109
3,255,110
3,255,112
3,255,113
3,255,114
3,255,114
3,255,114
3,255,115
3,253,116
3,253,116
3,253,116
3,253,116
3,253,116
3,253,116
3,253,116
3,253,116
3,253,115
3,255,115
3,255,115
3,255,115
3,253,116
3,253,116
3,253,116
3,253,116
3,253,116
3,253,116
3,253,116
3,253,116
3,253,116
3,253,116
3,253,116
3,251,116
2,251,115
2,251,115
2,251,114
2,251,115
2,251,115
3,253,115
3,253,115
3,253,115
3,253,116
3,253,116
3,253,116
3,253,116
3,253,116
3,253,116
3,251,117
3,251,117
3,253,116
3,253,116
3,253,116
3,251,116
3,251,115
3,251,115
3,251,115
3,251,115
3,251,114
2,248,114
2,248,113
2,250,113
2,250,112
2,250,112
2,250,112
3,253,112
3,253,112
3,253,112
3,253,112
3,250,113
3,250,113
3,250,113
3,253,113
3,253,114
3,255,116
3,255,118
3,255,119
3,255,120
3,255,122
3,253,122
3,253,122
3,253,121
3,253,120
3,253,118
3,253,117
3,251,116
3,251,116
3,251,116
3,251,115
3,251,114
3,251,114
3,250,112
3,250,111
3,248,109
3,248,108
3,248,107
3,248,105
3,248,103
3,248,102
3,250,100
3,250,99
3,250,97
3,250,96
3,250,96
3,250,96
3,250,96
3,250,96
3,250,96
3,250,96
3,250,95
4,252,95
4,252,94
3,250,93
3,247,92
3,244,91
2,244,90
3,246,88
3,246,83
3,249,80
3,248,78
3,248,78
3,248,77
3,248,77
3,246,82
3,249,82
3,249,81
3,249,81
3,249,81
3,249,81
3,246,83
3,246,84
3,249,86
3,249,87
3,249,89
3,249,91
3,250,93
3,250,95
3,250,95
3,250,97
3,250,98
3,250,98
3,250,99
3,247,101
3,248,104
3,243,107
3,243,107
3,248,107
3,250,107
3,250,107
3,250,107
3,253,108
3,253,108
3,253,110
3,250,110
3,250,113
3,250,113
3,250,113
3,250,113
3,250,113
3,250,112
3,253,112
3,253,111
3,253,111
3,253,111
3,255,110
3,255,110
3,255,110
3,255,110
3,255,110
3,253,110
3,253,110
3,250,109
3,250,108
3,250,108
3,250,108
3,250,106
3,250,106
3,250,106
3,250,106
3,250,108
3,253,108
3,255,109
3,255,109
3,255,111
3,255,112
3,255,113
3,255,114
3,253,115
3,253,116
3,253,116
3,253,116
3,253,116
3,251,116
3,251,116
3,251,116
3,253,116
3,253,116
3,253,115
3,253,116
3,253,116
3,253,116
3,253,116
3,253,116
3,253,116
3,253,116
3,253,116
3,253,116
3,253,116
3,251,116
3,251,116
3,251,116
3,251,116
2,251,115
2,251,114
2,251,114
2,251,114
2,251,114
2,251,114
3,253,114
3,255,114
3,255,114
3,255,114
3,255,114
3,255,114
3,255,115
3,253,115
3,253,116
3,253,116
3,253,116
3,253,116
3,253,116
3,253,116
3,253,116
3,251,116
3,251,116
3,251,116
3,251,116
3,251,115
3,251,115
3,251,114
2,251,114
2,251,114
3,251,114
3,253,114
3,253,113
3,253,113
3,253,113
3,250,113
3,250,113
3,250,113
3,250,113
3,250,113
3,253,113
3,253,115
3,255,117
3,255,119
3,255,122
3,255,124
3,253,125
3,253,124
3,253,122
3,253,121
3,253,120
3,253,118
3,251,118
3,251,116
3,251,116
3,253,116
3,253,115
3,253,114
3,253,113
3,250,112
3,250,111
3,248,110
3,248,108
3,248,106
3,248,103
3,250,101
3,250,100
3,250,99
3,250,98
3,250,96
3,250,96
3,250,97
3,250,97
3,250,97
3,250,97
3,250,96
3,250,96
4,252,95
4,252,95
3,250,94
3,247,93
3,244,92
2,244,91
2,244,89
3,246,86
3,246,83
3,249,80
3,248,78
3,248,78
3,248,77
3,246,84
3,246,84
3,246,84
3,249,83
3,249,84
3,249,84
3,249,84
3,246,85
3,249,86
3,249,88
3,249,90
3,249,91
3,250,93
3,250,94
3,250,95
3,250,96
3,250,98
3,250,98
3,250,98
3,250,100
3,250,101
3,248,103
3,248,104
3,248,107
3,250,107
3,250,107
3,250,107
3,253,106
3,253,107
3,253,108
3,253,109
3,253,110
3,250,111
3,250,113
3,250,113
3,250,113
3,250,113
3,250,112
3,253,111
3,253,111
3,253,110
3,253,110
3,255,110
3,255,110
3,255,110
3,255,110
3,255,110
3,253,110
3,250,109
3,250,109
3,250,108
3,250,108
3,250,106
3,250,106
3,250,106
3,250,106
3,250,106
3,250,106
3,253,108
3,255,108
3,255,109
3,255,110
3,255,112
3,253,113
3,253,114
3,253,115
3,253,116
3,253,116
3,253,116
3,251,117
3,251,117
3,251,116
3,251,116
3,253,116
3,253,116
3,253,115
3,255,115
3,253,116
3,253,116
3,253,116
3,253,116
3,253,116
3,253,116
3,253,116
3,253,116
3,251,116
3,251,116
3,251,116
3,251,115
3,251,114
2,251,114
2,251,114
2,250,113
2,250,113
3,253,113
3,253,113
3,255,113
3,255,113
3,255,113
3,255,113
3,255,113
3,255,113
3,255,114
3,255,115
3,255,115
3,255,116
3,253,116
3,253,116
3,253,116
3,253,117
3,253,117
3,253,117
3,253,117
3,253,116
3,253,116
3,253,116
3,253,115
2,251,115
2,251,115
2,251,114
2,251,114
3,251,114
3,253,114
3,253,113
3,253,113
3,250,113
2,248,112
2,248,113
2,248,113
3,250,113
2,250,113
3,253,114
3,255,117
3,255,119
3,253,124
3,253,126
3,251,126
3,253,125
3,253,123
3,253,122
3,253,121
3,253,120
3,251,119
3,251,118
3,251,116
3,253,116
3,253,116
3,253,115
3,255,114
3,253,113
3,250,113
3,250,111
3,250,110
3,250,107
3,250,105
3,250,102
3,250,101
3,250,99
3,250,99
3,250,98
3,250,97
3,250,97
3,250,98
3,250,98
3,250,98
3,250,98
3,250,96
3,252,96
4,252,95
3,250,95
3,247,94
3,244,93
2,244,91
2,244,90
3,243,88
3,246,85
3,249,82
3,249,79
3,248,78
3,248,78
3,248,77
3,246,84
3,243,84
3,246,85
3,249,85
3,249,85
3,249,85
3,249,85
3,249,87
3,249,88
3,249,90
3,249,91
3,250,93
3,250,94
3,250,95
3,250,97
3,250,98
3,250,98
3,250,99
3,250,100
3,250,100
3,250,101
3,250,101
3,248,104
3,250,105
3,250,105
3,250,105
3,253,106
3,253,106
3,253,106
3,255,108
3,255,108
3,253,110
3,253,111
3,250,113
3,250,113
3,250,113
3,250,113
3,253,112
3,253,111
3,253,111
3,253,110
3,253,110
3,255,110
3,255,110
3,255,110
3,255,110
3,255,110
3,253,110
3,253,109
3,250,109
3,250,108
3,250,108
3,250,106
3,250,106
3,250,106
3,250,106
3,250,106
3,250,108
3,253,108
3,255,108
3,255,109
3,253,110
3,253,112
3,253,113
3,253,114
3,253,115
3,253,116
3,253,116
3,253,116
3,251,117
3,251,117
3,251,117
3,251,116
3,251,116
3,253,115
3,255,115
3,255,115
3,255,115
3,255,115
3,255,115
3,255,115
3,253,116
3,253,115
3,253,115
3,251,115
3,251,115
3,251,115
2,251,114
2,251,114
2,251,114
2,251,114
2,250,113
3,253,113
3,253,113
3,253,112
3,253,111
3,255,111
3,255,111
3,255,111
3,255,112
3,255,112
3,255,113
3,255,113
3,255,114
3,255,115
3,255,115
3,255,116
3,255,117
3,255,117
3,253,117
3,253,118
3,253,118
3,253,117
3,253,117
3,253,116
3,253,116
3,253,116
3,253,115
3,253,115
2,251,115
3,251,115
3,251,115
3,253,114
3,253,114
3,253,113
3,250,113
2,248,112
2,248,112
2,248,112
2,250,112
3,253,113
3,255,114
3,255,116
3,255,120
3,253,126
3,251,129
3,251,129
3,251,127
3,253,125
3,253,122
3,253,122
3,253,121
3,251,120
3,251,119
3,251,118
3,253,116
3,253,116
3,255,116
3,255,115
3,255,114
3,253,113
3,253,113
3,250,111
3,250,109
3,250,106
3,250,103
3,250,101
3,250,100
3,250,99
3,250,99
3,250,99
3,250,99
3,250,99
3,247,99
3,247,99
3,250,99
3,250,98
3,252,96
3,252,96
4,252,95
3,244,95
3,244,94
3,244,92
2,244,91
2,244,90
3,246,88
3,246,84
3,249,81
3,249,79
3,248,78
3,248,77
2,246,84
3,246,85
2,243,85
3,246,85
3,249,85
3,249,85
3,249,85
3,249,87
3,249,88
3,249,89
3,249,91
3,250,93
3,250,94
3,250,95
3,250,96
3,250,98
3,247,99
3,247,100
3,250,100
3,250,100
3,250,100
3,250,100
3,250,101
3,250,103
3,253,104
3,253,105
3,253,105
3,253,105
3,253,105
3,255,106
3,255,107
3,255,108
3,255,109
3,253,110
3,253,111
3,250,113
3,250,113
3,250,113
3,253,113
3,253,111
3,253,111
3,253,111
3,253,110
3,253,110
3,255,110
3,255,110
3,255,110
3,255,110
3,255,110
3,253,109
3,253,109
3,250,108
3,250,108
3,250,108
3,250,107
3,250,106
3,250,106
3,250,108
3,250,108
3,253,108
3,255,109
3,255,109
3,253,112
3,253,113
3,253,114
3,253,115
3,253,115
3,253,116
3,253,116
3,251,117
3,251,117
3,251,117
3,251,117
3,251,117
3,251,116
3,253,115
3,255,115
3,255,115
3,255,115
3,255,115
3,255,115
3,255,115
3,253,115
3,253,115
2,251,115
3,251,115
2,251,114
2,251,114
2,251,114
2,251,114
2,251,114
2,251,114
3,253,113
3,253,112
3,253,112
3,253,110
3,253,109
3,255,109
3,255,109
3,255,110
3,255,110
3,255,111
3,255,112
3,255,113
3,255,114
3,255,115
3,255,115
3,255,116
3,253,117
3,253,117
3,253,118
3,253,118
3,253,119
3,253,118
3,253,118
3,253,117
3,255,116
3,255,116
3,255,116
3,253,115
3,253,115
3,253,115
3,253,115
3,253,115
3,253,114
3,253,114
3,250,113
3,248,112
2,248,112
3,248,111
2,250,112
2,253,112
2,255,113
2,255,116
3,255,120
2,253,124
3,251,129
3,251,129
3,251,128
3,253,125
3,253,122
3,253,122
3,251,122
3,251,121
3,251,120
3,251,119
3,251,119
3,253,117
3,255,116
3,255,116
3,255,115
3,253,114
3,250,113
3,250,113
3,250,111
3,248,109
3,248,105
3,250,102
3,250,101
3,250,100
3,247,100
3,247,99
3,247,99
3,247,99
3,247,100
3,247,100
3,247,99
3,250,99
3,250,98
3,252,96
3,250,95
3,247,95
3,244,94
3,244,94
2,244,92
2,244,90
3,243,88
3,246,85
3,246,83
3,245,80
4,248,78
4,248,78
4,248,77
2,246,85
3,246,85
2,243,85
3,243,85
3,246,85
3,249,85
3,249,87
3,249,88
3,249,88
3,249,90
3,249,91
3,250,94
3,250,95
3,250,96
3,250,98
3,247,99
3,247,100
3,247,100
3,247,100
3,250,100
3,250,100
3,250,100
3,250,101
3,250,101
3,253,103
3,253,104
3,253,104
3,253,105
3,253,105
3,255,106
3,255,107
3,255,108
3,255,109
3,255,110
3,255,111
3,255,113
3,255,113
3,253,113
3,253,113
3,250,113
3,250,111
3,250,111
3,250,111
3,250,111
3,253,111
3,255,111
3,255,110
3,255,110
3,255,110
3,253,109
3,253,109
3,253,109
3,253,108
3,250,108
3,250,108
3,250,108
3,250,108
3,250,108
3,250,108
3,253,109
3,253,109
3,253,112
3,253,113
3,253,114
3,253,114
3,253,115
3,253,115
3,253,116
3,251,117
3,251,117
3,251,117
3,251,117
3,251,117
3,251,117
3,251,116
3,253,115
3,255,115
3,255,115
3,255,115
3,255,115
3,255,115
3,255,115
3,253,115
3,253,115
2,251,115
2,251,114
2,251,114
2,251,114
2,251,114
2,251,114
2,251,114
2,250,113
3,253,112
3,253,112
3,253,111
3,253,110
3,253,109
3,255,109
3,255,109
3,255,110
3,255,110
3,255,111
3,255,112
3,255,112
3,255,114
3,255,115
3,255,116
3,255,117
3,253,117
3,253,118
3,253,118
3,253,119
3,253,119
3,253,119
3,255,119
3,255,118
3,255,117
3,255,116
3,255,116
3,255,115
3,255,115
3,253,115
3,253,115
3,251,115
3,251,115
3,253,114
3,250,113
3,250,112
3,250,112
3,250,111
2,250,112
2,253,113
2,255,113
2,255,116
3,255,119
3,255,122
3,253,128
3,251,128
3,253,125
3,253,123
3,253,122
3,251,122
3,251,122
3,249,122
3,249,121
3,249,120
3,251,119
3,255,118
3,255,117
3,255,116
3,255,116
3,255,115
3,253,114
3,250,113
3,250,113
3,248,110
3,248,107
3,248,105
3,248,102
3,248,102
3,247,101
3,247,100
3,245,100
2,245,101
2,245,101
3,247,100
3,247,100
3,247,100
3,250,99
3,250,98
3,250,96
3,247,95
3,247,95
3,244,94
2,244,92
2,244,91
3,246,89
3,246,88
3,246,84
3,246,81
4,249,79
4,248,78
4,248,76
2,249,84
2,246,85
3,246,85
2,243,85
2,243,85
3,246,85
3,246,85
3,249,87
3,249,88
3,249,90
3,249,91
3,250,94
3,250,95
3,250,95
3,250,97
3,247,99
3,247,100
3,247,101
3,247,101
3,247,101
3,250,101
3,250,100
3,250,100
3,250,101
3,250,101
3,250,102
3,250,104
3,253,104
3,253,105
3,253,105
3,253,106
3,255,108
3,255,109
3,255,110
3,255,111
3,255,112
3,255,113
3,255,113
3,255,113
3,253,113
3,253,113
3,250,113
3,250,112
3,250,112
3,250,113
3,250,113
3,253,112
3,253,112
3,253,111
3,253,110
3,253,110
3,253,109
3,255,109
3,255,109
3,255,109
3,253,109
3,250,109
3,250,109
3,250,110
3,250,109
3,253,110
3,253,112
3,253,113
3,253,113
3,253,114
3,253,115
3,253,115
3,253,116
3,253,116
3,253,116
3,251,117
3,251,117
3,251,117
3,251,117
3,251,117
3,251,116
3,253,116
3,255,115
3,255,115
3,255,115
3,255,115
3,255,115
3,255,115
3,253,115
3,253,115
2,251,114
2,251,114
2,251,114
2,251,114
2,251,114
2,251,114
2,251,114
2,250,113
3,253,112
3,253,111
3,253,111
3,253,110
3,253,110
3,253,109
3,253,109
3,253,110
3,253,110
3,255,110
3,255,112
3,255,112
3,253,114
3,255,116
3,255,117
3,253,118
3,253,118
3,253,119
3,253,120
3,253,120
3,253,120
3,253,120
3,253,119
3,255,119
3,255,118
3,255,116
3,255,116
3,255,115
3,255,115
3,253,115
3,253,115
3,251,116
3,251,116
3,251,115
3,251,114
3,250,113
3,250,112
3,250,112
2,250,112
2,250,113
3,255,114
3,255,115
3,255,118
3,255,120
3,255,123
3,253,124
3,253,123
3,253,122
3,253,122
3,251,122
3,251,122
3,249,122
3,249,122
3,249,120
3,251,119
3,255,119
3,255,118
3,255,117
3,255,116
3,253,115
3,251,115
3,251,114
3,250,113
3,248,111
3,248,109
3,248,106
3,248,104
3,248,102
3,248,102
3,247,101
2,245,101
2,245,101
2,245,101
2,245,101
3,247,100
2,247,100
3,247,99
3,250,98
3,250,96
3,247,95
3,247,95
3,247,94
3,247,93
3,247,92
3,246,90
3,246,88
3,246,85
3,246,82
4,249,79
4,248,77
4,252,76
4,252,76
2,246,84
2,246,84
2,246,84
3,246,84
2,243,85
2,243,85
3,246,85
3,246,87
2,246,88
2,246,90
2,247,91
3,250,94
3,250,95
3,250,96
3,250,98
3,247,100
3,247,101
2,245,102
3,248,102
3,248,102
3,250,101
3,250,101
3,250,101
3,250,101
3,250,101
3,250,102
3,250,103
3,250,104
3,253,105
3,253,106
3,253,107
3,253,109
3,255,110
3,253,111
3,255,112
3,255,113
3,255,113
3,255,113
3,255,113
3,255,114
3,253,114
3,251,114
3,251,114
3,251,114
3,251,114
3,251,114
3,250,113
3,250,113
3,253,112
3,253,111
3,253,110
3,253,109
3,255,109
3,255,109
3,255,109
3,255,109
3,253,110
3,250,110
3,250,111
2,250,112
3,253,112
2,250,113
3,253,114
3,253,114
3,253,115
3,253,115
3,253,116
3,253,116
3,253,117
3,253,117
3,251,117
3,251,117
3,251,117
3,251,117
3,251,117
3,253,116
3,253,116
3,255,115
3,255,115
3,255,115
3,255,115
3,255,115
3,253,115
3,253,115
2,251,115
2,251,114
2,251,114
2,251,114
2,251,114
2,251,114
2,251,114
2,251,114
2,250,113
3,253,113
3,253,112
3,253,111
3,250,111
3,250,110
3,253,110
3,253,110
3,253,110
3,253,110
3,253,111
3,253,112
3,253,114
3,251,115
3,251,117
3,253,119
3,253,119
3,253,119
3,253,120
3,253,120
3,253,120
3,253,121
3,253,121
3,253,120
3,255,119
3,255,119
3,255,118
3,255,116
3,255,115
3,255,115
3,253,115
3,253,115
3,253,116
3,251,116
3,251,116
3,251,115
3,251,114
3,250,113
3,250,113
3,250,113
3,253,114
3,255,114
3,255,114
3,255,116
3,255,118
3,255,120
3,253,122
3,253,122
3,253,122
3,253,122
3,253,122
3,251,122
3,249,122
3,249,121
3,249,120
3,251,119
3,255,119
3,255,118
3,255,117
3,253,117
3,253,116
3,251,115
3,251,115
3,251,114
3,248,112
3,248,110
3,250,108
3,250,106
3,250,103
3,250,102
3,248,102
2,245,102
2,245,101
2,245,101
2,245,101
2,247,100
2,247,100
3,247,99
3,250,98
3,250,96
3,250,95
3,247,95
3,247,94
3,247,94
3,247,92
3,247,91
3,246,89
3,246,86
3,246,82
4,245,79
4,252,77
4,252,76
4,252,76
2,246,83
2,246,83
2,246,84
2,246,84
2,246,84
3,246,85
3,246,87
3,246,87
2,246,89
2,246,90
2,247,93
3,250,94
3,250,95
3,250,96
3,250,99
3,247,100
3,247,101
3,248,102
3,248,102
3,248,102
3,248,102
3,247,101
3,250,101
3,250,101
3,247,101
3,250,102
3,250,102
3,250,103
3,253,104
3,253,106
3,253,109
3,253,110
3,253,111
3,253,111
3,255,112
3,255,113
3,255,114
3,255,114
3,255,114
3,255,114
3,253,114
3,251,114
2,251,114
3,251,114
3,251,114
2,248,114
2,248,115
3,251,114
3,250,113
3,253,112
3,253,112
3,253,110
3,255,109
3,255,109
3,255,110
3,255,110
3,255,111
3,253,112
3,253,112
3,253,113
3,253,113
3,253,113
3,253,114
3,253,114
3,253,115
3,253,116
3,253,116
3,251,117
3,251,117
3,253,117
3,253,117
3,253,117
3,253,116
3,253,116
3,251,117
3,253,116
3,253,116
3,255,115
3,255,115
3,255,115
3,255,115
3,253,116
3,253,116
3,253,115
2,251,115
2,251,114
2,251,114
2,251,114
2,251,114
2,251,114
2,251,114
2,251,114
2,251,114
2,250,113
2,250,113
3,250,112
3,250,112
3,250,111
3,253,111
3,253,110
3,253,110
3,253,111
3,253,112
3,251,114
3,251,115
3,251,116
3,251,117
3,251,119
3,253,120
3,253,120
3,253,120
3,253,120
3,253,120
3,253,121
3,253,121
3,253,121
3,253,120
3,255,119
3,255,119
3,255,118
3,255,116
3,255,115
3,253,115
3,253,116
3,253,116
3,251,117
3,251,117
3,251,117
3,251,115
3,251,115
3,251,114
3,253,114
3,253,114
3,255,114
3,255,114
3,255,115
3,255,117
3,255,118
3,255,120
3,255,121
3,253,121
3,253,121
3,253,121
3,251,121
3,251,121
3,251,120
3,251,120
3,253,119
3,255,119
3,255,118
3,255,118
3,253,117
3,251,117
3,248,116
3,248,115
3,251,114
3,248,113
3,248,110
3,250,109
3,250,107
3,250,104
3,250,103
3,248,102
2,245,102
2,245,101
2,245,101
2,245,101
2,247,100
2,247,100
3,247,99
3,250,99
3,250,96
3,250,95
3,250,95
3,247,94
3,247,94
3,247,93
3,247,91
3,246,89
3,246,87
3,246,82
4,245,79
4,252,77
4,252,77
4,252,77
3,249,83
2,246,83
2,246,83
2,246,83
2,246,84
2,246,84
2,246,84
3,246,87
2,246,88
2,246,89
2,246,90
2,247,93
3,250,94
3,250,95
3,250,96
3,250,99
3,247,100
3,247,100
3,247,101
2,248,102
2,248,102
3,248,102
3,248,102
3,247,101
3,247,101
3,247,101
3,248,102
3,248,103
3,250,103
3,250,106
3,250,108
3,250,110
3,250,110
3,250,111
3,253,112
3,253,113
3,253,113
3,253,114
3,253,115
3,253,115
3,253,115
3,251,115
2,251,114
2,251,114
2,251,114
2,251,115
2,248,115
2,248,115
2,248,115
3,251,114
3,253,112
3,253,112
3,253,112
3,253,110
3,255,110
3,255,110
3,255,110
3,255,111
3,253,112
3,253,112
3,253,113
3,253,113
3,253,114
3,253,114
3,253,115
3,253,115
3,251,116
3,251,117
3,251,117
3,251,118
3,251,117
3,253,117
3,253,117
3,253,116
3,253,116
3,253,117
3,253,116
3,253,116
3,253,116
3,253,116
3,255,115
3,255,115
3,253,116
3,253,116
3,253,115
3,253,115
2,251,115
2,251,114
2,251,114
2,251,114
2,251,114
2,251,114
2,251,114
2,251,114
2,251,114
2,250,113
2,250,113
3,250,113
3,250,112
3,250,112
3,253,111
3,253,112
3,250,112
3,251,114
3,251,115
3,251,116
3,251,117
3,251,118
3,251,119
3,253,120
3,253,120
3,253,120
3,253,120
3,253,121
3,253,121
3,253,121
3,253,121
3,253,121
3,253,120
3,253,119
3,255,118
3,255,116
3,255,115
3,255,115
3,253,116
3,253,117
3,251,117
3,251,118
3,251,117
3,251,117
3,251,115
3,251,115
3,251,114
3,253,114
3,255,114
3,255,114
3,255,114
3,255,115
3,253,117
3,253,118
3,253,120
3,253,120
3,253,121
3,253,121
3,251,121
3,251,120
3,251,120
3,251,119
3,255,119
3,255,119
3,255,119
3,253,119
3,253,118
3,253,118
3,251,117
3,251,115
3,251,115
3,250,113
3,250,111
3,253,109
3,253,107
3,250,105
3,250,103
3,248,102
3,248,102
2,245,102
2,245,102
3,247,101
2,247,101
2,247,100
3,247,99
3,247,99
3,250,97
3,250,95
3,250,95
3,250,94
3,247,94
3,247,93
3,247,91
3,246,90
3,246,87
3,246,83
3,245,80
4,252,77
4,252,77
4,252,77
4,252,77
3,249,83
2,246,83
2,246,83
2,246,83
2,246,83
2,246,84
3,246,84
3,246,87
2,246,88
2,246,89
2,246,90
3,250,93
3,250,94
3,250,94
3,250,97
3,250,99
3,247,100
3,247,100
3,247,101
2,248,102
3,248,102
3,248,103
3,248,103
3,248,102
3,248,102
3,248,102
3,248,103
3,248,103
3,248,105
3,248,106
3,250,109
3,250,110
3,250,111
3,250,111
3,250,112
3,250,113
3,251,114
3,251,115
3,251,115
3,251,115
3,251,115
2,251,115
2,251,115
2,251,115
2,251,115
2,251,115
3,251,116
2,248,116
3,248,116
3,251,115
3,250,113
3,250,112
3,253,112
3,253,111
3,253,110
3,253,110
3,255,110
3,255,110
3,253,112
3,253,112
3,253,113
3,253,113
3,253,114
3,253,114
3,253,115
3,253,115
3,251,117
3,251,117
3,251,118
3,251,118
3,251,118
3,253,117
3,253,117
3,253,116
3,253,116
3,253,116
3,253,116
3,253,116
3,253,115
3,255,115
3,255,115
3,255,115
3,255,115
3,253,115
3,253,115
3,253,115
3,253,115
2,251,115
2,251,115
2,251,115
2,251,115
2,251,115
2,251,114
2,251,114
2,251,114
2,251,114
2,251,114
2,250,113
2,250,113
3,253,113
3,253,112
3,253,113
3,251,114
3,251,115
3,251,116
3,251,117
2,251,117
3,253,117
3,253,118
3,253,119
3,253,120
3,253,120
3,253,120
3,253,121
3,253,121
3,253,121
3,253,121
3,253,120
3,253,120
3,253,118
3,253,117
3,253,116
3,255,115
3,255,115
3,255,115
3,253,117
3,253,118
3,251,118
3,251,118
3,251,117
3,251,116
3,251,115
3,251,115
3,251,114
3,253,114
3,255,114
3,253,114
3,253,114
3,253,115
3,253,117
3,253,118
3,253,120
3,253,120
3,253,120
3,251,120
3,251,120
3,253,119
3,255,119
3,255,119
3,255,119
3,255,119
4,253,119
4,253,119
4,253,119
3,251,118
3,251,116
3,253,115
3,253,113
3,253,111
3,253,109
3,253,107
3,250,106
3,250,104
3,248,102
3,248,102
3,248,102
2,245,102
3,247,101
3,247,101
3,247,100
3,247,99
3,250,99
3,250,97
4,250,96
4,250,95
3,247,94
3,247,94
3,247,94
3,247,91
3,246,90
3,246,89
3,246,84
3,246,82
3,252,79
4,252,77
4,252,77
4,252,77
3,249,82
3,249,83
3,249,83
2,246,83
2,246,83
2,246,83
2,246,84
3,246,84
3,246,86
2,246,88
3,249,89
3,249,90
3,252,93
3,252,94
3,250,95
3,250,98
3,250,99
3,247,100
3,247,101
3,247,101
3,248,103
2,245,103
3,245,103
3,245,104
3,245,105
3,248,105
3,248,104
3,248,104
3,248,105
3,248,106
3,250,106
3,250,109
3,250,110
3,250,110
3,250,111
3,250,112
3,250,113
3,251,114
3,251,115
3,251,115
3,251,115
3,251,115
2,251,115
2,251,115
2,251,115
2,251,115
2,251,115
3,251,116
2,248,116
3,248,116
3,248,115
3,250,113
3,250,112
3,250,111
3,253,111
3,253,110
3,253,110
3,253,110
3,255,110
3,253,110
3,255,112
3,255,113
3,255,113
3,255,114
3,255,114
3,253,115
3,253,115
3,251,116
3,251,117
3,251,117
3,251,118
3,251,118
3,251,118
3,253,118
3,253,118
3,253,118
3,253,117
3,251,116
3,253,116
3,253,115
3,255,115
3,255,115
3,255,115
3,255,115
3,253,115
3,253,115
3,253,115
3,253,115
3,255,115
3,253,115
3,253,115
3,253,115
3,253,115
2,251,115
2,251,115
2,251,114
3,251,114
2,251,114
2,251,114
2,250,113
3,253,113
3,253,113
3,251,114
3,251,115
3,251,115
3,251,116
3,253,116
3,255,117
3,255,117
3,255,117
3,255,117
3,253,118
3,253,120
3,253,120
3,253,120
3,249,121
3,249,121
3,251,120
3,251,120
3,251,119
3,251,119
3,253,117
3,253,116
3,255,115
3,255,115
3,255,116
3,255,117
3,253,118
3,251,118
3,251,118
3,251,118
3,251,117
3,251,116
3,251,115
3,251,114
3,253,114
3,253,114
3,253,114
3,253,114
3,253,114
3,253,115
3,253,117
3,253,118
3,253,119
3,253,119
3,253,119
3,253,119
3,255,119
3,255,119
3,255,119
3,255,119
3,253,120
4,253,121
4,253,121
4,253,120
3,253,120
3,253,117
3,253,116
3,253,115
3,253,111
3,253,110
3,253,107
3,250,106
3,250,104
3,248,103
3,248,102
2,245,102
2,245,102
2,245,102
3,247,101
3,247,101
3,250,99
3,250,99
3,250,98
4,250,96
4,250,95
3,250,95
3,250,94
3,250,94
3,247,91
3,247,91
3,246,90
3,246,87
3,246,84
3,245,80
3,248,78
3,248,77
3,248,77
3,248,77
3,249,83
3,249,83
3,249,83
3,249,83
2,246,83
2,246,84
3,246,84
3,246,85
3,246,86
3,249,88
3,249,89
3,252,90
3,252,93
3,252,94
3,252,97
3,250,98
3,250,99
3,247,100
3,247,101
3,248,102
3,245,103
3,245,105
3,245,106
3,245,106
3,245,106
2,245,106
3,248,105
3,248,105
3,250,106
3,250,106
3,250,107
3,250,108
3,250,110
3,250,110
3,250,111
3,250,111
3,250,113
3,251,114
3,251,114
3,251,115
3,251,115
2,251,115
2,251,115
2,251,115
2,251,115
2,251,115
2,251,115
3,251,116
2,248,116
3,248,115
3,251,114
3,250,113
3,250,112
3,250,111
3,253,110
3,253,110
3,253,110
3,253,109
3,253,110
3,253,110
3,255,110
3,255,111
3,255,112
3,255,113
3,255,113
3,255,114
3,253,115
3,253,115
3,251,117
3,251,117
3,251,117
3,251,118
3,251,118
3,251,118
3,251,119
3,253,119
3,251,119
3,251,118
3,251,116
3,251,116
3,253,115
3,255,115
3,255,115
3,255,115
3,255,115
3,255,115
3,255,115
3,255,115
3,255,115
3,255,115
3,253,116
3,253,115
3,253,116
3,251,116
3,251,115
2,248,115
2,248,115
3,251,115
2,251,114
2,251,114
2,251,114
2,251,114
2,251,114
2,251,115
2,251,115
3,253,115
3,255,116
3,255,115
3,255,117
3,255,117
3,255,117
3,255,117
3,253,118
3,253,119
3,251,120
3,249,120
3,249,120
3,249,120
3,251,120
3,251,119
3,253,118
3,253,117
3,253,116
3,253,116
3,255,116
3,255,116
3,253,117
3,253,118
3,251,118
3,251,118
3,251,118
3,251,117
3,251,116
3,251,115
2,251,114
2,251,114
3,253,114
3,253,114
3,253,113
2,253,113
2,253,114
3,253,115
3,253,117
3,253,118
3,253,119
3,253,119
3,255,119
3,255,119
3,255,119
3,255,119
3,255,119
3,253,120
4,253,121
4,253,121
3,253,120
3,253,120
3,253,118
3,253,116
3,253,115
3,253,111
3,253,110
3,253,107
3,250,106
3,250,104
3,248,103
3,245,102
2,245,102
2,245,102
2,245,102
2,245,101
3,247,101
3,247,100
3,247,100
3,247,99
3,247,97
4,250,96
3,250,95
3,250,94
3,250,94
3,249,92
3,249,91
3,246,90
3,246,88
3,246,85
3,246,83
3,249,80
3,248,78
3,248,77
3,248,77
3,249,83
3,249,83
2,249,83
3,249,83
2,246,84
2,246,84
2,246,85
3,246,86
3,249,86
3,249,88
3,252,89
3,252,90
3,252,94
3,252,95
3,252,98
3,252,98
3,250,100
3,247,101
3,248,102
3,248,103
3,248,105
3,245,107
3,245,107
3,245,107
3,245,106
3,248,106
3,250,106
3,250,106
3,250,106
3,250,106
3,250,107
3,248,109
3,250,109
3,250,110
3,250,111
3,250,111
3,250,112
3,250,113
3,251,114
2,251,114
2,251,114
2,251,115
2,251,115
2,251,115
2,251,115
2,251,115
2,251,115
3,251,115
3,251,115
2,248,115
3,251,114
3,250,113
3,250,111
3,250,111
3,253,110
3,253,109
3,253,109
3,253,109
3,253,109
3,253,109
3,255,110
3,255,110
3,255,111
3,255,112
3,255,113
3,255,113
3,253,114
3,253,115
3,253,116
3,251,117
3,251,117
3,251,117
3,251,118
3,251,119
3,251,119
3,251,119
3,251,119
3,249,119
3,249,118
2,248,117
3,251,116
3,253,116
3,253,116
3,253,116
3,253,116
3,255,115
3,255,115
3,255,115
3,255,115
3,255,115
3,255,116
3,255,116
3,253,116
3,253,116
2,248,116
2,248,116
2,248,116
2,248,116
2,248,115
2,251,115
2,251,115
2,251,115
2,251,115
2,251,115
2,251,115
3,255,115
3,255,115
3,255,115
3,255,116
3,255,117
3,255,117
3,255,117
3,253,118
3,253,118
3,251,119
3,249,120
3,249,120
3,249,119
3,251,118
3,251,118
3,253,118
3,253,117
3,253,116
3,253,116
3,253,116
3,253,117
3,253,118
3,253,118
3,251,118
3,251,118
3,251,118
3,251,117
3,251,116
3,251,116
2,251,115
2,251,114
3,253,114
3,253,113
2,253,113
2,253,113
2,253,113
2,253,114
3,253,116
3,253,118
3,253,118
3,253,119
3,255,119
3,255,119
3,255,119
3,255,119
3,255,119
4,255,120
3,253,120
3,253,120
3,253,120
4,255,120
3,253,118
3,253,117
3,253,115
3,253,111
3,250,110
3,250,107
3,250,106
3,248,104
3,248,103
3,245,102
3,245,102
2,245,102
2,245,101
2,245,101
2,245,101
3,247,101
3,247,100
3,247,100
3,247,99
3,247,97
3,247,96
3,250,95
3,250,94
3,250,93
3,249,91
3,249,90
3,246,89
3,246,86
3,246,84
3,246,81
3,249,79
3,248,78
3,248,78
3,249,83
3,249,83
3,249,83
3,249,83
2,246,83
2,246,84
2,246,85
2,246,85
2,246,86
3,249,87
3,249,88
3,252,90
3,252,93
3,252,95
3,252,98
3,252,98
3,252,100
3,250,101
3,250,102
3,248,104
3,248,105
3,248,106
3,248,108
3,246,108
3,248,108
3,248,108
3,250,107
3,250,106
3,250,106
3,250,107
3,250,107
3,250,108
3,250,108
3,250,109
3,250,110
3,250,111
3,250,111
3,250,112
3,250,113
2,251,114
2,251,114
2,251,114
2,251,114
2,251,114
2,251,115
2,251,115
2,251,115
2,251,115
2,248,115
3,248,115
3,248,114
3,251,114
3,250,112
3,250,111
3,250,111
3,253,109
3,253,109
3,253,109
3,253,109
3,253,109
3,253,109
3,255,110
3,255,109
3,255,110
3,255,111
3,255,112
3,255,112
3,253,113
3,253,113
3,253,115
3,253,116
3,251,117
3,251,117
3,251,118
3,251,119
3,251,119
3,251,120
3,249,120
3,249,120
3,249,120
3,249,118
3,251,117
3,251,116
3,253,116
3,253,116
3,253,116
3,253,116
3,255,116
3,255,115
3,255,115
3,255,115
3,255,116
3,255,115
3,253,116
3,253,116
2,248,116
2,248,116
2,248,116
2,248,116
2,248,116
2,248,116
2,248,115
2,248,115
2,251,115
2,251,115
2,251,115
3,255,115
3,255,115
3,255,115
3,255,115
3,255,116
3,255,117
3,255,117
3,253,118
3,253,118
3,253,118
3,251,119
3,251,119
3,251,118
3,253,118
3,253,118
3,253,118
3,253,118
3,253,118
3,253,116
3,253,118
3,253,118
3,253,118
3,251,119
3,251,119
3,251,119
3,251,119
3,251,117
3,251,116
3,251,116
3,253,115
3,253,114
3,253,114
3,253,114
3,253,113
2,253,113
2,253,113
2,253,115
3,253,116
3,253,118
3,253,118
3,253,118
3,253,119
3,255,119
3,255,119
3,255,119
3,255,119
3,255,119
4,255,120
4,255,120
3,253,120
3,253,120
3,253,119
3,253,117
3,251,115
3,250,111
3,250,109
3,250,107
3,248,106
3,248,103
3,245,103
3,245,102
3,245,102
2,245,102
2,245,101
2,245,101
2,245,101
3,247,100
3,247,100
3,247,100
3,247,99
3,247,99
3,247,99
3,250,96
3,250,96
3,250,94
3,249,92
3,249,91
3,246,89
3,246,89
3,246,85
3,246,83
3,245,80
3,248,78
3,248,78
4,248,78
3,249,82
3,249,83
3,249,83
3,249,83
2,246,83
2,246,84
2,246,85
2,246,86
2,246,86
3,249,87
3,249,88
3,249,90
3,250,94
3,252,95
3,252,98
3,252,99
3,252,100
3,253,102
3,250,104
3,250,105
3,250,105
3,250,106
3,250,108
3,250,108
3,250,109
3,250,109
3,250,109
3,250,109
3,250,108
3,250,108
3,250,108
3,250,108
3,250,108
3,250,109
3,250,110
3,250,110
3,250,111
3,250,112
2,250,113
2,251,114
2,251,114
2,251,114
2,251,114
2,251,114
2,251,114
2,251,115
2,251,115
2,248,115
2,248,114
3,248,114
3,248,114
3,250,113
3,250,111
3,250,111
3,253,110
3,253,110
3,253,109
3,253,109
3,253,109
3,253,109
3,253,110
3,253,110
3,255,109
3,255,110
3,255,110
3,255,111
3,253,112
3,253,112
3,253,113
3,253,113
3,253,115
3,253,116
3,253,117
3,253,118
3,253,119
3,253,119
3,251,120
3,249,121
3,247,121
3,247,120
3,249,118
3,251,117
3,251,117
3,253,117
3,253,117
3,253,116
3,253,116
3,253,116
3,253,116
3,255,115
3,255,115
3,253,115
3,255,115
3,253,115
3,253,116
2,248,116
2,248,116
2,248,116
2,248,116
2,248,116
2,248,116
2,248,115
2,248,115
3,251,115
2,251,114
2,251,114
3,253,114
3,255,114
3,255,114
3,255,115
3,255,115
3,255,116
3,255,117
3,253,117
3,253,118
3,253,118
3,253,118
3,253,118
3,253,118
3,253,118
3,253,118
3,253,118
3,253,118
3,253,118
3,253,118
3,253,118
3,253,119
3,253,119
3,253,119
3,251,119
3,251,119
3,251,119
3,251,118
3,253,116
3,253,116
3,253,115
3,253,115
3,253,114
3,253,114
3,253,114
2,253,113
2,253,114
2,253,115
3,253,116
3,253,118
3,253,118
3,253,118
3,253,118
3,255,118
3,255,119
3,255,119
3,255,119
3,255,119
4,255,119
4,255,119
3,253,120
3,253,119
3,251,119
3,251,118
3,251,115
3,250,111
3,248,109
3,250,107
3,248,105
3,248,103
3,245,102
3,245,102
3,245,101
2,245,101
2,245,101
2,245,101
3,247,100
3,247,100
3,247,100
3,247,100
3,247,100
3,247,100
3,247,100
3,250,99
3,250,96
3,250,96
3,250,93
3,249,91
3,246,90
3,246,89
3,246,86
3,246,84
3,249,81
3,248,78
3,248,78
3,248,78
3,249,80
3,249,81
3,249,82
3,249,83
3,249,83
3,249,84
2,246,85
2,246,86
2,246,86
2,249,88
3,249,90
3,250,93
3,250,94
3,252,97
3,252,98
3,252,99
3,252,100
3,253,103
3,250,104
3,250,105
3,250,105
3,250,106
3,250,108
3,253,108
3,253,109
3,250,109
3,253,109
3,253,109
3,250,109
3,250,108
3,250,108
3,250,108
3,250,108
3,250,109
3,250,109
3,250,110
3,250,111
3,250,112
2,250,113
2,251,114
2,251,114
2,251,114
2,251,114
2,251,114
2,251,114
2,251,114
2,251,114
2,248,114
3,248,114
3,248,114
3,250,113
3,250,111
3,250,111
3,253,110
3,253,110
3,253,109
3,253,109
3,253,109
3,253,109
3,253,110
3,253,110
3,253,110
3,253,109
3,253,109
3,253,109
3,253,110
3,253,111
3,253,112
3,253,112
3,255,113
3,255,113
3,255,115
3,253,116
3,253,117
3,253,118
3,253,119
3,251,120
3,249,121
3,247,121
3,247,120
3,249,118
3,249,118
3,251,117
3,253,117
3,253,117
3,253,118
3,253,118
3,253,118
3,251,117
3,251,116
3,253,115
3,253,115
3,253,115
3,253,115
3,253,115
2,248,115
2,248,115
2,248,116
2,248,116
2,248,116
2,248,115
2,248,115
2,248,115
3,251,114
3,251,114
2,251,114
3,253,114
3,253,114
3,255,114
3,255,114
3,255,115
3,255,116
3,253,117
3,253,117
3,253,118
3,253,118
3,253,118
3,253,118
3,253,118
3,253,118
3,253,118
3,253,118
3,253,118
3,253,118
3,251,119
3,253,119
3,253,119
3,253,119
3,253,119
3,253,119
3,251,119
3,251,119
3,251,119
3,253,116
3,253,116
3,253,116
3,255,115
3,255,115
3,253,114
3,253,114
3,253,114
3,253,115
3,253,116
3,253,116
3,253,118
3,253,118
3,253,118
3,253,118
3,253,118
3,255,118
3,255,119
3,255,119
3,255,119
3,255,119
3,255,119
3,253,119
3,253,119
3,251,118
3,251,117
3,248,115
3,248,111
3,248,109
3,250,106
3,248,105
3,248,103
3,248,102
3,247,101
2,245,101
3,247,101
2,247,100
2,247,100
2,247,100
2,247,100
2,247,100
3,247,100
3,247,100
3,247,100
3,247,100
3,250,99
3,250,97
3,250,96
3,250,94
3,249,92
3,249,91
3,249,89
3,246,88
3,249,84
3,249,81
3,249,79
3,248,78
3,248,78
4,252,78
3,248,78
3,249,79
3,249,80
3,249,82
3,249,83
3,249,84
3,249,85
3,249,86
3,249,86
2,249,88
3,249,90
3,250,93
3,250,95
3,250,97
3,252,98
3,252,99
3,252,100
3,253,103
3,250,104
3,250,105
3,250,105
3,250,106
3,250,106
3,253,108
3,253,108
3,250,109
3,253,109
3,253,109
3,253,109
3,250,108
3,250,108
3,250,108
3,250,108
3,250,108
3,250,109
3,253,110
3,250,111
3,250,112
2,250,113
2,251,114
2,251,114
2,251,114
2,251,114
2,251,114
2,251,114
2,248,114
2,248,114
2,248,114
3,248,114
3,251,114
3,250,112
3,253,111
3,253,110
3,253,110
3,253,110
3,253,109
3,253,109
3,253,110
3,253,110
3,253,110
3,253,110
3,250,110
3,250,109
3,250,109
3,250,109
3,250,110
3,253,110
3,253,111
3,253,112
3,255,113
3,255,113
3,255,115
3,253,115
3,255,117
3,253,118
3,253,119
3,253,120
3,251,120
3,249,120
3,249,119
3,249,118
3,251,118
3,251,118
3,253,118
3,253,118
3,253,118
3,253,118
3,251,118
3,251,118
3,251,116
3,251,116
3,253,115
3,253,115
3,253,114
2,251,114
2,251,114
2,248,114
2,248,114
2,248,113
2,248,113
3,250,113
3,250,113
2,248,114
3,251,114
3,250,113
2,250,113
3,253,113
3,253,114
3,253,114
3,253,114
3,253,114
3,253,116
3,253,117
3,253,117
3,253,118
3,253,118
3,253,118
3,253,118
3,253,118
3,253,118
3,253,118
3,251,119
3,251,119
3,251,119
3,251,119
3,251,119
3,251,120
3,253,120
3,253,120
3,253,120
3,253,119
3,253,119
3,253,119
3,253,116
3,253,116
3,253,116
3,255,115
3,255,115
3,253,115
3,253,114
3,253,115
3,253,115
3,253,116
3,253,116
3,253,117
3,253,118
3,253,118
3,253,118
3,253,118
3,253,119
3,255,119
3,255,119
3,255,118
3,255,118
3,253,118
3,253,118
3,253,118
3,251,117
3,251,115
3,250,113
3,250,110
3,248,108
3,248,106
3,248,104
3,248,102
3,248,102
3,247,101
2,247,100
3,250,100
2,250,100
2,250,100
2,247,100
2,247,100
2,247,100
3,247,100
3,247,100
3,247,100
2,247,100
3,250,99
3,250,98
3,250,96
3,250,95
3,249,92
3,249,91
3,249,89
3,249,88
3,249,84
3,249,81
4,249,79
3,248,78
3,248,78
3,248,78
4,252,76
4,252,77
4,252,77
3,252,79
3,249,81
3,249,82
3,249,83
3,249,84
3,249,85
3,249,86
3,249,88
3,249,90
3,250,93
3,250,95
3,250,97
3,252,99
3,252,99
3,252,100
3,253,102
3,250,104
3,250,105
3,250,105
3,250,106
3,250,106
3,253,106
3,250,106
3,250,108
3,250,108
3,250,108
3,250,108
3,250,108
3,250,108
3,250,108
3,250,108
3,250,108
3,253,109
3,253,110
3,253,111
3,250,113
3,250,113
2,251,114
2,251,114
2,251,114
2,251,114
2,251,114
2,248,115
2,248,114
2,248,114
2,248,114
3,248,114
3,250,113
3,250,111
3,253,111
3,253,110
3,253,110
3,253,110
3,253,110
3,253,110
3,253,110
3,253,111
3,253,111
3,250,111
3,250,111
3,250,110
3,250,110
3,250,110
3,250,110
3,250,110
3,253,111
2,253,112
3,255,113
3,255,113
3,255,115
3,255,115
3,255,116
3,255,118
3,255,118
3,255,118
3,253,119
3,253,118
3,251,118
3,251,118
3,253,117
3,253,117
3,253,117
3,253,117
3,253,118
3,253,118
3,251,118
3,251,117
3,251,116
3,251,115
2,251,114
3,253,113
3,253,112
2,250,112
2,250,111
3,250,110
3,250,110
3,250,110
3,253,110
3,253,110
3,253,110
3,250,113
3,250,113
3,250,113
3,253,113
3,253,113
2,251,114
2,251,114
2,251,114
3,251,115
3,251,116
3,251,117
3,251,117
3,253,117
3,253,118
3,253,118
3,253,118
3,253,118
3,253,118
3,253,118
3,251,119
3,251,119
3,251,119
3,251,119
3,251,120
3,251,120
3,253,120
3,253,120
3,253,120
3,253,120
3,253,119
3,253,119
3,253,117
3,253,116
3,253,116
3,255,115
3,255,115
3,255,115
3,253,115
3,253,115
3,253,115
3,253,116
3,253,116
3,253,117
3,253,118
3,253,118
3,253,119
3,253,119
3,251,119
3,253,119
3,255,119
3,253,118
3,253,118
3,253,118
3,253,117
3,253,116
3,253,115
3,251,114
3,250,112
3,250,109
3,250,106
3,248,105
3,248,103
3,248,102
3,247,101
2,247,100
2,250,100
2,250,99
2,250,99
2,250,99
3,250,100
2,247,100
3,247,100
3,247,100
3,247,100
3,250,100
3,250,100
3,250,100
3,250,98
3,250,96
3,250,95
3,249,92
3,249,92
3,249,89
3,246,89
3,249,84
3,249,81
3,249,79
3,248,78
4,252,78
4,252,78
4,255,74
4,255,73
3,252,76
3,252,77
3,249,79
3,249,81
3,249,82
3,249,83
3,249,84
3,252,86
3,252,88
3,249,90
3,250,93
3,250,94
3,250,97
3,252,98
3,252,99
3,252,100
3,250,101
3,250,103
3,250,104
3,250,105
3,250,105
3,250,106
3,250,106
3,250,106
3,250,106
3,250,106
3,250,106
3,250,106
3,250,106
3,250,106
3,250,108
3,253,108
3,253,108
3,253,109
3,253,110
3,253,111
3,250,113
3,250,113
2,251,114
2,251,114
2,251,114
2,251,114
2,251,114
2,248,115
2,248,114
2,248,114
2,248,114
3,250,113
3,253,112
3,253,112
3,253,111
3,253,110
3,253,110
3,253,110
3,253,110
3,253,110
3,253,111
3,253,112
3,250,112
3,250,112
3,250,112
3,250,111
3,248,110
3,248,110
3,248,110
3,250,110
3,253,111
2,253,112
3,255,113
3,255,113
3,255,115
3,255,115
3,255,115
3,255,116
3,255,118
3,255,118
3,255,118
3,255,118
3,253,118
3,253,117
3,253,116
3,253,117
3,253,117
3,253,117
3,253,117
3,253,117
3,251,116
3,251,116
3,251,115
2,251,114
2,250,112
2,250,112
3,250,109
3,250,109
3,250,109
3,250,107
3,253,106
3,253,106
3,253,107
3,253,107
3,253,108
3,253,109
3,253,110
3,253,112
3,253,112
3,253,113
2,250,113
2,251,114
2,251,114
2,251,115
3,251,116
3,251,116
3,251,117
3,251,117
3,253,117
3,253,117
3,253,117
3,253,117
3,253,118
3,251,119
3,251,119
3,251,119
3,251,119
3,251,119
3,251,120
3,251,120
3,251,120
3,253,120
3,253,120
3,253,120
3,253,119
3,253,118
3,253,116
3,253,116
3,253,116
3,255,115
3,255,115
3,255,115
3,255,115
3,253,115
3,253,115
3,253,116
3,253,116
3,253,117
3,253,118
3,253,118
3,251,119
3,251,119
3,251,119
3,251,119
3,253,119
3,253,118
3,253,118
3,253,116
3,253,116
3,253,115
3,253,114
3,255,113
3,253,110
3,253,108
3,250,105
3,250,105
3,248,103
3,248,102
3,247,100
3,250,100
2,250,100
2,250,99
2,250,99
2,250,99
3,250,100
2,247,101
3,247,101
3,247,101
3,250,100
3,250,100
3,250,100
3,250,99
3,250,98
3,250,96
3,250,95
3,249,92
3,249,91
3,249,89
3,246,88
3,249,84
3,249,81
4,249,79
3,249,79
4,252,78
4,252,78
4,255,72
4,255,72
4,255,73
3,252,76
3,252,78
3,249,79
3,249,82
3,249,83
3,249,84
3,249,86
3,252,88
3,249,90
3,250,93
3,250,94
3,250,97
3,250,98
3,250,99
3,250,100
3,250,101
3,248,102
3,248,103
3,248,105
3,248,105
3,250,106
3,250,106
3,250,106
3,250,106
3,250,106
3,250,106
3,250,106
3,250,106
3,250,106
3,250,107
3,253,108
3,253,108
3,253,109
3,253,110
3,250,112
3,250,113
3,251,114
2,251,114
3,251,114
3,251,115
3,251,115
3,251,115
2,248,115
2,248,114
3,251,114
3,251,114
3,253,113
3,253,113
3,253,112
3,253,112
3,253,111
3,253,111
3,253,111
3,253,111
3,253,112
3,253,112
3,250,112
3,250,113
3,250,113
3,250,113
3,250,112
3,250,111
3,250,110
3,250,110
3,253,110
2,253,111
2,253,111
3,255,113
3,255,113
3,255,115
3,255,115
3,255,115
3,255,116
3,255,117
3,255,117
3,255,117
3,255,117
3,253,117
3,253,116
3,253,116
3,253,116
3,253,116
3,253,116
3,253,116
3,253,116
3,251,116
3,251,115
3,251,114
3,250,113
2,250,111
3,250,109
3,250,109
3,250,108
3,250,106
3,253,104
3,253,103
3,253,103
3,253,104
3,253,105
3,253,107
3,253,107
3,253,109
3,253,111
3,253,112
3,253,112
2,251,114
2,251,114
2,251,115
2,251,115
3,251,116
3,251,116
3,253,116
3,253,116
3,253,117
3,253,116
3,253,116
3,253,117
3,253,118
3,253,118
3,251,119
3,251,119
3,251,119
3,251,119
3,251,119
3,251,119
3,251,120
3,253,120
3,253,120
3,253,119
3,253,119
3,253,117
3,253,116
3,253,116
3,253,116
3,255,115
3,255,115
3,255,115
3,255,115
3,253,115
3,253,115
3,253,116
3,253,116
3,253,117
3,253,118
3,253,118
3,251,119
3,249,120
3,249,121
3,251,119
3,251,119
3,253,118
3,253,116
3,253,116
3,253,116
3,253,114
3,255,113
3,255,112
3,255,109
3,253,106
3,250,105
3,250,105
3,248,103
3,248,102
3,247,100
3,250,100
3,250,100
2,250,100
2,247,100
2,247,101
3,247,101
3,247,101
3,247,101
3,247,101
3,247,100
3,250,100
3,250,100
3,250,100
3,250,99
3,250,96
3,250,95
3,249,92
3,249,91
3,249,90
3,246,88
3,246,84
3,249,81
4,249,79
4,249,79
3,252,79
4,252,78
3,251,70
4,255,70
4,255,71
4,255,72
3,252,74
3,252,77
3,249,79
3,249,82
3,249,83
3,249,84
3,249,87
3,249,89
3,249,91
3,250,93
3,250,95
3,250,97
3,250,99
3,250,99
2,247,100
2,247,101
3,248,102
3,248,103
2,245,105
3,248,105
3,250,106
3,250,106
3,250,106
3,250,106
3,250,106
3,250,106
3,250,106
3,250,106
3,250,106
3,250,106
3,253,108
3,253,109
3,253,109
3,253,110
3,250,113
3,250,113
3,251,114
3,253,114
3,253,115
3,251,115
3,251,115
3,251,115
3,251,115
2,248,114
3,251,114
3,251,114
3,253,113
3,255,113
3,253,113
3,253,113
3,253,113
3,253,113
3,250,113
3,250,113
3,250,113
3,250,113
3,250,113
3,250,113
3,250,113
3,250,113
3,250,113
3,250,112
3,250,110
3,253,110
3,253,111
3,253,111
2,253,112
3,255,113
3,255,114
3,255,115
3,255,115
3,255,115
3,255,115
3,255,116
3,255,116
3,255,116
3,255,116
3,253,116
3,253,116
3,253,116
3,253,116
3,253,116
3,253,116
3,253,116
3,253,115
2,251,115
2,251,114
2,251,114
3,250,112
3,250,109
3,250,109
3,250,108
3,250,106
3,250,104
3,253,102
3,253,102
3,253,102
3,253,103
3,253,104
3,253,105
3,253,106
3,255,107
3,253,109
3,253,111
3,253,112
2,251,114
2,251,114
2,251,115
3,251,116
3,251,116
3,251,116
3,253,116
3,253,116
3,253,116
3,253,116
3,253,116
3,255,116
3,255,116
3,253,117
3,253,118
3,251,119
3,251,119
3,251,119
3,251,119
3,253,119
3,253,119
3,253,120
3,253,119
3,253,119
3,253,117
3,253,116
3,253,116
3,253,116
3,253,116
3,253,116
3,253,115
3,253,115
3,253,115
3,253,115
3,253,116
3,253,117
3,253,117
3,253,118
3,253,118
3,251,120
3,249,121
3,249,122
3,249,122
3,249,121
3,251,119
3,251,119
3,253,116
3,253,116
3,253,115
3,255,113
3,255,112
3,255,111
3,255,108
3,255,106
3,253,105
3,250,105
3,250,103
3,248,102
3,247,101
3,247,100
2,247,100
2,247,101
3,247,101
3,247,101
2,245,102
3,245,101
3,247,101
3,247,101
3,247,101
3,250,100
3,250,100
3,250,100
3,250,99
3,250,97
3,250,96
3,250,93
3,249,91
3,249,90
3,246,89
3,246,85
3,246,83
3,249,81
4,249,79
3,249,79
3,249,79
4,249,79
4,251,70
4,255,70
4,255,70
3,251,72
3,252,75
3,248,78
3,249,79
3,249,82
3,249,83
3,249,85
3,249,88
3,252,89
3,249,92
3,250,93
3,250,96
3,250,97
3,250,99
2,247,100
3,247,101
3,247,101
2,245,102
2,245,103
2,245,105
2,245,105
2,245,106
3,250,106
3,250,106
3,250,106
3,250,106
3,250,106
3,250,106
3,250,106
3,250,106
3,250,107
3,253,108
3,253,109
3,253,109
3,253,111
3,250,113
3,251,114
3,251,115
3,253,115
3,253,115
3,253,116
3,251,115
3,251,115
2,251,115
3,251,115
3,251,114
3,253,114
3,253,114
3,255,113
3,253,113
3,253,114
3,253,114
3,253,115
3,251,115
3,251,115
3,251,115
3,251,115
3,251,114
3,250,113
3,250,113
3,250,113
3,250,113
3,250,112
3,253,111
3,253,111
3,253,111
3,253,112
3,253,112
3,255,113
3,255,114
3,255,115
3,255,115
3,255,115
3,255,116
3,253,116
3,253,116
3,255,116
3,253,116
3,253,116
3,253,116
3,253,116
3,253,116
3,253,116
3,253,116
3,253,115
3,253,115
2,251,115
2,251,114
2,250,112
3,250,110
3,248,109
3,248,108
3,250,106
3,250,104
3,250,103
3,250,102
3,253,102
3,253,102
3,253,103
3,253,104
3,253,105
3,253,105
3,255,107
3,255,108
3,253,111
3,253,112
2,251,114
2,251,115
2,251,115
3,251,116
3,251,116
3,253,116
3,253,116
3,253,116
3,253,116
3,253,116
3,253,116
3,255,116
3,255,116
3,255,116
3,253,116
3,253,118
3,253,118
3,253,118
3,253,118
3,253,118
3,253,119
3,253,119
3,253,119
3,253,116
3,253,116
3,253,116
3,253,116
3,253,116
3,253,116
3,253,116
3,253,116
3,253,116
3,253,116
3,253,116
3,253,117
3,253,118
3,253,118
3,253,119
3,251,120
3,251,121
3,251,122
3,249,122
3,249,122
3,249,122
3,251,121
3,253,119
3,253,116
3,253,116
3,253,115
3,253,113
3,255,112
3,255,110
3,253,108
3,253,106
3,253,105
3,250,105
3,250,103
3,247,101
3,247,101
3,247,101
3,247,101
3,247,101
3,248,102
3,248,102
2,245,102
3,245,102
3,245,102
3,245,102
3,247,101
3,247,101
3,247,100
3,245,100
3,247,100
3,250,99
3,250,96
3,250,93
3,249,92
3,249,91
3,246,89
3,246,88
3,246,84
3,246,83
3,246,81
3,249,79
3,249,79
4,249,79
4,251,69
4,251,69
3,251,70
3,252,73
3,248,76
3,248,78
3,249,80
3,249,82
3,249,84
3,249,86
3,249,88
3,252,90
3,249,92
3,250,94
3,250,96
3,250,98
2,247,100
3,247,100
2,245,101
2,245,102
2,245,103
2,245,105
2,245,105
2,245,105
3,250,106
3,250,106
3,250,106
3,250,106
3,250,106
3,250,106
3,250,106
3,250,106
3,250,107
3,253,108
3,255,108
3,255,109
3,253,109
3,253,112
3,250,113
3,251,114
3,251,116
3,253,116
3,253,116
3,253,116
3,253,116
3,251,115
3,251,115
3,251,115
3,251,115
3,253,114
3,253,114
3,255,114
3,253,115
3,253,115
3,253,116
3,253,116
3,251,116
3,251,116
3,251,116
3,251,115
3,251,115
3,251,114
3,250,113
3,250,113
3,250,113
3,253,112
3,253,112
3,253,112
3,253,112
3,253,112
3,255,113
3,255,114
3,255,114
3,255,115
3,255,115
3,255,115
3,253,116
3,253,116
3,253,116
3,253,116
3,253,116
3,253,116
3,253,116
3,253,116
3,251,117
3,251,116
3,251,116
2,251,115
2,251,115
2,251,114
2,251,114
2,250,112
3,248,109
3,248,109
3,248,107
3,248,105
2,248,104
3,250,104
3,250,102
3,250,102
3,250,102
3,250,104
3,253,105
3,253,105
3,253,106
3,253,107
3,253,109
3,253,111
3,253,112
2,251,114
2,251,115
2,251,115
3,251,116
3,251,116
3,253,116
3,253,116
3,253,116
3,253,116
3,253,116
3,253,116
3,253,115
3,253,115
3,253,115
3,253,115
3,253,115
3,253,116
3,253,115
3,253,115
3,253,115
3,253,116
3,253,116
3,253,116
3,253,116
3,253,116
3,253,116
3,253,116
3,253,116
3,253,116
3,253,116
3,253,117
3,253,118
3,251,118
3,251,118
3,253,118
3,253,118
3,253,118
3,253,120
3,253,120
3,251,121
3,251,121
3,251,122
3,251,122
3,251,121
3,251,121
3,253,119
3,253,116
3,253,116
3,253,115
3,253,113
3,253,112
3,255,111
3,253,109
3,253,107
3,253,105
3,250,105
3,250,102
3,250,101
3,247,101
3,247,101
3,247,101
3,247,101
3,248,102
3,248,102
3,248,102
3,245,103
3,245,102
3,245,102
3,248,102
3,248,102
3,245,102
3,245,101
3,245,100
3,247,99
3,250,96
3,250,95
3,250,93
3,249,91
3,246,90
3,246,88
3,243,86
3,243,84
3,246,83
3,246,81
3,246,81
3,249,81
4,251,69
4,251,69
3,251,71
3,248,73
3,248,77
3,249,79
3,249,81
3,249,83
3,249,85
3,249,87
3,249,88
3,252,90
3,250,93
3,250,95
3,250,98
3,247,99
3,247,100
3,247,101
2,245,102
2,245,102
2,245,103
2,245,105
2,245,105
3,250,106
3,250,106
3,250,106
3,250,106
3,250,106
3,250,106
3,250,106
3,250,106
3,253,108
3,253,108
3,255,108
3,255,109
3,255,109
3,253,109
3,253,112
3,253,114
3,251,115
3,253,116
3,253,116
3,253,116
3,253,116
3,253,116
3,251,115
3,251,115
3,251,115
3,253,115
3,253,115
3,253,115
3,253,116
3,253,116
3,253,116
3,253,116
3,253,116
3,251,116
3,251,116
3,251,116
3,248,116
3,248,116
3,248,115
3,251,114
3,250,113
3,253,113
3,253,112
3,253,112
3,255,112
3,253,112
3,255,112
3,255,113
3,255,114
3,255,114
3,255,115
3,255,115
3,253,116
3,253,116
3,253,116
3,253,116
3,253,116
3,253,116
3,253,116
3,253,116
3,253,116
3,251,117
3,251,116
3,251,116
2,251,115
2,251,115
2,251,114
2,250,113
3,248,111
3,248,109
3,248,108
3,248,106
3,248,105
2,248,104
2,248,104
2,248,104
2,248,104
3,248,105
3,250,105
3,250,105
3,250,106
3,250,107
3,253,108
3,253,110
3,253,111
2,250,112
2,251,114
2,251,115
3,251,115
2,248,116
3,251,116
3,251,116
3,253,116
3,253,116
3,253,116
3,253,116
3,253,116
3,253,115
3,253,115
3,253,115
2,251,115
2,251,115
2,251,115
3,253,115
3,253,115
3,253,115
3,255,115
3,255,115
3,255,115
3,253,116
3,253,116
3,253,116
3,253,116
3,253,116
3,253,116
3,253,117
3,251,118
3,251,119
3,251,119
3,251,119
3,251,118
3,253,118
3,253,118
3,253,120
3,253,120
3,253,121
3,251,121
3,251,121
3,251,121
3,253,121
3,253,121
3,253,119
3,253,116
3,253,116
3,253,115
3,253,113
3,253,112
3,253,111
3,253,110
3,250,109
3,250,106
3,250,105
3,250,102
3,250,101
3,250,101
3,250,101
3,247,101
3,248,102
3,248,102
3,248,102
3,248,102
3,248,103
3,245,102
3,245,102
3,245,102
3,245,102
2,245,102
3,245,102
2,245,101
3,247,100
3,247,98
3,250,96
3,250,94
3,247,93
3,247,91
2,244,90
3,243,88
3,243,86
2,243,84
3,246,83
3,246,82
3,246,81
4,251,69
4,251,69
3,248,72
3,248,75
2,245,78
2,245,80
3,249,82
3,249,83
3,249,86
3,252,87
3,252,89
3,252,91
3,252,94
3,250,95
3,250,98
3,247,100
3,247,101
2,245,101
2,245,102
2,245,103
2,245,105
2,245,105
3,250,105
3,250,105
3,250,106
3,250,106
3,250,106
3,255,106
3,255,106
3,255,106
3,253,107
3,253,108
3,255,108
3,255,108
3,255,109
3,255,109
3,255,112
3,253,113
3,253,114
3,253,115
3,253,116
3,253,116
3,253,116
3,253,116
3,253,116
3,253,116
3,251,115
3,253,115
3,253,115
3,253,115
3,253,116
3,253,116
3,253,116
3,253,116
3,253,116
3,253,116
3,251,117
3,251,117
3,251,117
3,251,116
3,251,116
3,251,115
3,251,115
3,253,114
3,255,113
3,255,113
3,255,112
3,253,112
3,253,112
3,253,113
3,255,114
3,255,114
3,255,114
3,255,115
3,255,115
3,255,115
3,253,116
3,253,116
3,253,116
3,253,116
3,253,116
3,253,116
3,253,116
3,253,116
3,253,116
3,251,116
3,251,116
3,251,115
2,251,115
2,251,115
2,248,113
3,248,111
3,248,109
3,248,108
3,248,107
2,248,105
2,248,104
2,248,104
2,248,104
2,248,105
2,248,105
3,248,105
3,248,106
3,250,107
3,250,108
3,250,110
3,253,111
3,253,112
3,253,112
3,253,114
3,251,115
2,248,116
2,248,116
2,248,116
3,251,116
3,251,116
3,251,116
3,251,116
3,251,116
3,253,116
3,253,115
3,253,115
3,253,115
3,253,115
3,253,115
3,253,115
3,253,115
3,253,115
3,255,115
3,255,115
3,255,115
3,255,115
3,255,115
3,253,116
3,253,116
3,253,116
3,253,116
3,253,117
3,251,117
3,251,118
3,251,119
3,251,119
3,251,119
3,251,119
3,253,118
3,253,119
3,253,120
3,253,120
3,253,121
3,253,121
3,253,121
3,253,121
3,253,121
3,253,121
3,253,119
3,253,117
3,253,116
3,253,115
3,253,113
3,253,113
3,253,112
3,250,111
3,248,110
3,248,108
3,250,105
3,250,102
3,250,101
3,250,101
3,250,101
3,247,101
2,247,101
3,248,102
3,248,102
3,248,102
2,245,103
3,245,102
3,245,103
3,245,102
3,245,102
2,245,102
2,245,102
2,245,101
3,245,100
3,247,99
3,250,96
3,250,95
3,247,94
2,244,93
2,244,91
2,244,90
2,241,88
2,243,85
2,243,83
3,246,82
3,246,81
3,248,70
3,251,70
3,248,70
3,248,73
3,248,76
3,248,78
3,249,80
3,249,82
3,249,85
3,252,86
3,252,88
3,252,90
3,252,93
3,252,95
3,250,97
3,250,99
3,247,101
3,247,101
2,245,102
2,245,102
2,245,103
2,245,105
2,245,105
3,250,105
3,250,105
3,250,105
3,250,106
3,250,106
3,255,106
3,255,106
3,255,106
3,255,108
3,255,108
3,255,108
3,255,109
3,255,109
3,255,112
3,255,113
3,255,114
3,253,114
3,253,115
3,253,116
3,253,116
3,253,117
3,253,117
3,253,117
3,253,117
3,253,117
3,253,116
3,253,116
3,253,116
3,253,116
3,253,116
3,253,116
3,253,116
3,253,117
3,253,117
3,253,117
3,251,117
3,251,117
3,251,117
3,251,116
3,251,116
3,253,115
3,255,114
3,255,113
3,255,113
3,255,113
3,253,113
3,253,113
3,253,114
3,253,114
3,255,114
3,255,115
3,255,115
3,255,115
3,255,115
3,253,116
3,253,116
3,253,116
3,253,116
3,253,116
3,253,116
3,253,116
3,253,116
3,253,116
3,253,116
3,253,116
3,251,116
3,251,115
3,251,115
2,248,114
3,248,111
3,248,110
3,248,109
3,248,107
2,248,106
2,248,105
2,248,105
2,248,105
2,248,106
3,248,106
3,248,108
3,246,108
2,243,109
2,246,109
2,248,110
2,250,111
2,250,112
3,253,112
3,253,114
3,251,115
2,248,116
2,248,116
2,248,116
2,248,116
3,251,116
3,251,116
3,251,116
3,251,116
3,253,115
3,253,115
3,253,115
3,253,115
3,253,115
3,253,115
3,253,115
3,253,114
3,255,114
3,255,114
3,255,115
3,255,115
3,255,115
3,255,115
3,253,116
3,253,116
3,253,116
3,253,116
3,253,117
3,251,117
3,251,118
3,251,118
3,251,119
3,251,119
3,253,118
3,253,118
3,253,118
3,253,119
3,253,120
3,253,120
3,253,121
3,253,121
3,253,121
3,253,121
3,253,121
3,253,119
3,253,118
3,253,116
3,253,115
3,253,114
3,253,114
3,253,113
3,248,113
3,248,111
3,248,110
3,248,107
3,250,102
3,250,101
3,250,101
3,250,101
2,247,101
2,247,101
2,248,102
3,248,102
3,248,102
2,245,103
2,245,103
3,245,103
3,245,103
2,245,102
2,245,102
2,245,102
2,245,101
3,245,100
3,247,99
3,247,98
3,250,96
3,247,95
3,244,95
3,244,93
2,241,91
2,241,90
2,241,88
2,243,85
3,246,83
3,249,81
3,249,80
3,251,70
3,251,70
3,248,72
3,248,74
3,248,78
3,249,79
3,249,81
3,249,83
3,249,85
3,252,87
3,252,88
3,252,90
3,252,93
3,252,95
3,250,98
3,250,100
3,247,101
3,248,102
2,245,102
2,245,103
2,245,103
2,245,105
2,245,105
3,250,105
3,250,105
3,250,105
3,250,105
3,255,106
3,255,106
3,255,106
3,255,108
3,255,108
3,255,108
3,255,109
3,255,109
3,255,110
3,255,113
3,255,113
3,255,114
3,253,114
3,253,115
3,253,116
3,253,116
3,251,117
3,251,117
3,253,118
3,253,118
3,253,117
3,255,117
3,255,117
3,253,117
3,253,117
3,253,118
3,253,118
3,253,118
3,253,118
3,253,118
3,253,119
3,251,119
3,251,120
3,251,118
3,251,117
3,253,116
3,253,115
3,255,115
3,255,114
3,255,114
3,253,113
2,250,113
2,251,114
2,251,114
3,253,114
3,255,114
3,255,115
3,255,115
3,255,115
3,255,115
3,255,115
3,253,116
3,253,116
3,253,116
3,253,116
3,253,116
3,253,116
3,253,116
3,253,116
3,253,116
3,253,116
3,253,116
3,253,115
3,251,115
3,248,114
3,248,113
3,248,110
3,248,110
3,250,108
3,253,107
3,250,107
3,250,107
2,248,107
2,248,107
3,248,107
2,246,108
2,243,108
2,243,109
2,246,109
3,248,110
2,248,110
2,250,112
3,253,112
3,253,114
3,253,115
3,251,116
2,248,116
3,249,118
3,249,118
3,248,116
3,251,116
3,251,115
3,251,115
3,253,115
3,253,115
3,253,115
3,253,115
2,251,115
2,251,115
2,251,114
3,253,114
3,253,114
3,255,114
3,255,114
3,255,114
3,255,115
3,255,115
3,255,115
3,253,116
3,253,116
3,253,116
3,251,117
3,251,117
3,251,117
3,251,118
3,251,118
3,253,118
3,253,118
3,253,118
3,253,118
3,253,118
3,253,119
3,253,120
3,253,120
3,253,121
3,253,121
3,253,121
3,253,120
3,253,119
3,253,118
3,253,116
3,253,116
3,253,114
3,253,114
3,251,114
3,248,114
3,246,113
3,246,111
3,248,108
3,250,105
3,250,101
3,250,101
3,250,101
2,247,101
2,247,101
2,248,102
2,248,102
2,245,102
2,245,103
2,245,103
2,245,103
2,245,103
2,245,103
2,245,102
2,245,101
2,245,101
3,247,100
3,247,99
3,247,99
3,247,98
3,247,96
3,247,95
3,244,95
3,244,92
2,241,91
2,244,89
3,246,86
3,249,82
3,249,80
3,249,79
3,251,70
3,251,70
3,248,72
3,248,76
3,248,78
2,245,79
3,249,82
3,249,83
3,249,85
2,249,88
3,252,89
3,252,93
3,252,95
3,252,97
3,252,99
3,250,100
3,247,101
2,245,102
2,245,103
2,245,103
2,245,103
2,245,105
2,245,105
2,245,105
3,250,105
3,250,105
3,250,105
4,255,105
3,255,106
3,255,106
3,255,106
3,255,108
3,255,108
3,255,109
3,253,110
3,253,113
3,253,113
3,255,114
3,255,114
3,255,114
3,253,115
3,253,116
3,253,116
3,251,117
3,251,117
3,253,118
3,253,118
3,255,118
3,255,118
3,255,118
3,255,118
3,255,118
3,255,118
3,253,118
3,253,119
3,253,119
3,253,119
3,251,120
3,251,120
3,249,120
3,249,120
3,249,118
3,253,117
3,255,115
3,255,115
3,255,114
3,253,114
2,251,114
2,251,114
2,251,114
2,251,114
2,251,114
3,255,115
3,255,115
3,255,115
3,255,115
3,255,115
3,255,115
3,253,116
3,253,116
3,253,116
3,253,116
3,253,116
3,253,116
3,253,116
3,253,116
3,253,116
3,253,116
3,253,116
3,253,115
3,253,115
3,251,115
3,251,114
3,250,113
3,250,110
3,253,110
3,253,108
3,253,108
3,250,108
3,250,108
3,248,107
3,248,107
2,246,108
2,243,108
2,243,109
2,246,109
3,248,110
2,248,110
3,248,111
3,253,112
3,253,114
3,253,115
3,251,116
3,249,118
3,249,118
3,249,118
3,248,117
3,251,116
3,251,116
3,253,115
3,253,115
3,253,115
3,253,116
3,253,116
3,253,116
2,251,116
3,253,115
3,253,115
3,255,114
3,255,114
3,255,114
3,255,114
3,255,115
3,255,115
3,255,115
3,253,116
3,253,116
3,253,116
3,251,117
3,251,117
3,251,117
3,251,117
3,253,117
3,253,117
3,253,117
3,253,117
3,255,118
3,255,118
3,255,119
3,255,119
3,253,120
3,253,121
3,253,121
3,253,121
3,253,120
3,253,120
3,253,119
3,253,117
3,253,116
3,253,115
3,253,114
3,253,114
3,251,114
3,248,113
3,248,112
3,250,108
3,250,105
3,250,102
3,250,101
3,247,101
2,247,101
2,247,101
2,248,102
2,245,102
2,245,103
2,245,103
2,245,103
2,245,104
2,245,104
2,245,103
2,245,102
2,245,101
3,245,100
3,247,100
3,247,99
3,247,99
3,250,98
3,250,96
3,250,96
3,247,95
3,247,94
3,247,91
3,246,89
3,246,86
3,249,80
3,252,79
3,252,79
3,251,70
3,251,71
3,252,73
3,248,76
3,248,78
3,245,80
3,249,82
3,249,84
3,249,85
2,249,88
3,252,90
3,252,93
3,252,95
3,250,97
3,250,99
3,250,101
3,247,101
3,245,102
2,245,103
2,245,103
2,245,105
2,245,105
2,245,105
2,245,105
3,250,106
3,250,105
3,250,105
4,255,105
3,255,106
3,255,106
3,255,106
3,255,108
3,255,109
3,253,110
3,253,112
3,250,113
3,251,114
3,255,114
3,255,114
3,255,114
3,255,115
3,253,116
3,253,116
3,251,117
3,253,117
3,253,118
3,255,118
3,255,118
3,255,118
3,255,118
3,255,118
3,255,118
3,255,119
3,253,119
3,253,119
3,253,120
3,253,120
3,251,121
3,251,121
3,249,121
3,249,121
3,251,120
3,255,117
3,255,115
3,255,115
3,255,114
2,251,114
2,251,114
2,251,114
2,251,114
2,251,114
2,251,114
2,251,115
3,255,115
3,255,115
3,255,115
3,255,115
3,253,116
3,253,116
3,253,116
3,253,116
3,253,116
3,253,116
3,253,116
3,253,116
3,253,116
3,253,116
3,253,116
3,253,116
3,253,115
3,253,115
3,251,115
3,251,114
3,251,114
3,250,112
3,253,110
3,253,110
3,253,109
3,250,108
3,250,108
3,248,107
3,248,107
3,248,107
3,248,107
2,245,107
2,248,108
2,248,109
2,248,110
3,250,110
3,253,112
3,253,114
3,253,115
3,253,116
3,253,119
3,249,119
3,249,119
3,251,118
3,251,117
3,253,116
3,253,116
3,253,116
3,253,116
3,253,116
3,253,118
3,253,118
3,253,118
3,253,117
3,255,116
3,255,115
3,255,115
3,255,114
3,255,114
3,255,114
3,255,114
3,255,114
3,255,115
3,253,116
3,253,116
3,251,117
3,251,117
3,251,117
3,251,117
3,251,117
3,253,116
3,253,116
3,253,116
3,255,117
3,255,117
3,255,118
3,255,118
3,255,119
3,253,120
3,253,120
3,253,120
3,253,120
3,253,119
3,253,118
3,253,116
3,253,116
3,253,115
3,253,114
3,253,114
3,253,114
3,253,113
3,250,111
3,250,108
3,250,105
3,250,102
3,248,102
3,247,101
3,247,101
2,245,102
2,245,102
2,245,104
2,245,105
2,245,105
2,245,105
2,245,105
2,245,105
2,245,104
2,245,103
2,245,101
3,247,100
3,247,100
3,247,99
3,250,98
3,250,98
3,250,97
3,250,96
3,250,95
3,247,95
3,247,91
3,246,89
3,249,86
3,249,80
4,252,78
4,252,78
3,251,70
3,251,72
3,248,73
3,248,78
3,249,79
3,245,80
3,249,83
3,249,84
3,249,85
2,249,88
3,252,90
3,250,93
3,252,97
3,250,98
3,250,99
3,247,101
3,245,102
3,245,103
3,245,103
2,245,104
2,245,105
2,245,105
2,245,106
3,250,106
3,250,106
3,250,106
3,255,106
3,255,106
3,255,106
3,255,106
3,255,108
3,255,109
3,253,110
3,253,112
3,253,113
3,250,113
3,251,114
3,251,114
3,255,114
3,253,114
3,255,115
3,253,116
3,253,116
3,253,116
3,253,116
3,253,117
3,255,117
3,255,117
3,255,118
3,255,118
3,255,118
3,255,118
3,255,119
3,255,119
3,253,120
3,253,120
3,253,120
3,251,121
3,251,121
4,251,121
3,251,121
3,253,120
3,253,117
3,255,115
3,255,115
3,253,114
2,251,114
2,251,114
2,251,114
2,251,114
2,251,114
2,251,115
3,253,115
3,255,115
3,255,115
3,255,115
3,253,116
3,253,116
3,253,116
3,253,116
3,253,116
3,253,116
3,253,116
3,253,116
3,253,116
3,253,116
3,253,116
3,253,116
3,253,116
3,253,115
3,253,115
3,253,115
3,251,115
3,251,114
2,248,113
3,250,111
3,250,110
3,250,109
3,248,109
3,248,108
3,248,107
3,248,106
3,248,106
3,248,105
2,248,105
2,248,106
2,248,108
3,250,109
3,253,110
3,253,112
3,253,114
3,253,115
3,253,116
3,253,119
3,253,119
3,251,119
3,251,118
3,253,117
3,253,117
3,253,117
3,253,116
3,253,117
3,253,118
3,253,119
3,253,120
3,251,120
3,251,119
3,253,117
3,255,115
3,255,115
3,255,114
3,255,114
3,255,114
3,255,114
3,255,114
3,255,114
3,255,115
3,253,116
3,251,117
3,251,117
3,251,117
3,251,117
3,251,117
3,253,116
3,253,116
3,253,116
3,255,116
3,255,116
3,255,117
3,255,118
3,255,118
3,253,118
3,253,118
3,253,120
3,253,119
3,253,119
3,253,118
3,253,116
3,253,116
3,253,115
3,253,114
3,253,114
3,253,113
3,253,112
3,250,110
3,250,108
3,250,105
3,250,103
3,248,102
3,248,102
3,248,102
3,248,102
2,245,104
2,245,105
2,245,105
2,245,105
2,245,105
2,245,105
2,245,105
3,245,104
3,248,103
3,247,101
3,247,100
3,247,99
3,247,99
3,250,98
3,250,98
3,250,97
3,250,96
3,250,96
3,247,95
3,247,92
3,246,90
3,249,86
3,249,80
4,252,78
4,252,78
4,251,69
4,251,69
3,251,71
3,248,74
3,248,78
3,249,79
3,245,80
3,249,83
3,249,84
3,249,86
3,249,88
3,252,90
3,250,93
3,252,97
3,250,98
3,250,99
3,247,101
3,245,103
3,245,103
3,245,103
2,245,105
2,245,105
2,245,105
3,250,106
3,250,106
3,250,106
3,250,106
3,255,106
3,255,106
3,255,106
3,255,106
3,255,108
3,253,109
3,253,110
3,253,112
3,250,113
3,250,113
3,251,114
3,251,114
3,251,114
3,251,114
3,253,116
3,253,116
3,253,116
3,253,116
3,253,116
3,253,116
3,255,116
3,255,117
3,255,117
3,255,118
3,255,118
3,255,118
3,255,119
3,255,120
3,253,120
3,253,121
3,253,121
3,251,121
3,251,121
3,251,121
3,251,121
3,253,119
3,253,116
3,255,115
3,255,115
3,255,115
3,253,114
2,251,114
2,251,114
2,251,114
2,251,115
3,253,115
3,253,115
3,255,115
3,255,115
3,253,116
3,253,116
3,253,116
3,253,116
3,253,116
3,253,116
3,253,116
3,253,116
3,253,116
3,253,116
3,253,116
3,253,116
3,253,116
3,253,116
3,253,116
3,253,116
3,253,115
3,251,115
2,248,115
2,248,114
2,248,113
3,248,110
3,248,110
3,248,108
3,248,107
3,248,106
3,248,105
3,250,104
2,250,104
2,250,104
2,250,104
2,250,106
3,250,108
3,253,110
3,253,112
3,253,114
3,253,115
3,253,116
3,253,118
3,255,119
3,253,119
3,253,119
3,253,118
3,253,117
3,253,117
3,253,117
3,253,118
3,253,119
3,253,120
3,253,121
3,251,120
3,251,120
3,253,117
3,255,115
3,255,115
3,255,114
3,255,114
3,255,114
3,255,114
3,255,113
3,255,113
3,255,113
3,255,114
3,251,116
3,251,117
3,248,117
3,251,117
3,251,116
3,253,116
3,253,116
3,253,116
3,255,115
3,255,115
3,255,115
3,255,117
3,255,118
3,253,118
3,253,118
3,253,118
3,253,118
3,253,118
3,251,116
3,251,116
3,251,115
3,253,114
3,253,114
3,253,113
3,253,112
3,253,111
3,253,110
3,253,108
3,250,105
3,250,105
3,250,104
3,248,103
3,248,104
3,248,104
2,245,105
2,245,106
2,245,106
2,245,106
3,248,105
3,248,105
3,248,105
3,248,104
3,248,103
3,247,101
3,247,100
3,247,99
3,250,98
3,250,98
3,250,98
3,252,97
3,250,96
3,250,95
3,247,95
3,244,93
3,244,91
3,249,87
3,249,80
4,252,78
4,252,78
4,252,78
4,255,69
4,255,69
4,251,69
3,252,74
3,248,78
3,249,80
3,249,80
3,249,83
3,249,84
3,252,86
3,249,89
3,249,92
3,250,93
3,250,97
3,250,98
3,250,100
3,247,101
3,245,103
3,245,103
2,245,104
2,245,105
2,248,105
2,248,105
3,250,106
3,250,107
3,250,107
3,250,106
3,255,106
3,255,106
3,255,106
3,255,106
3,253,108
3,253,110
3,253,111
3,253,112
2,250,112
2,250,113
3,251,114
3,251,114
3,251,114
3,251,115
3,251,116
3,251,116
3,253,116
3,253,116
3,253,116
3,253,116
3,255,116
3,255,116
3,255,117
3,255,117
3,255,118
3,255,119
3,255,119
4,255,120
3,253,121
4,253,121
4,253,121
3,251,121
3,251,121
3,251,121
3,253,120
3,253,119
3,255,116
3,255,115
3,255,115
3,255,115
3,255,114
3,253,114
3,253,114
3,253,115
3,253,115
3,253,115
3,253,115
3,253,116
3,253,116
3,253,116
3,253,116
3,253,116
3,253,116
3,253,116
3,253,116
3,253,116
3,253,116
3,253,116
3,253,116
3,253,116
3,253,116
3,253,116
3,253,116
3,253,116
3,253,116
3,253,116
2,248,116
2,248,115
2,248,115
2,248,114
2,248,112
3,248,110
3,248,108
3,248,106
3,250,105
3,250,105
3,250,104
2,250,104
2,250,104
2,250,104
2,250,107
3,250,109
3,250,110
3,253,113
3,253,114
3,253,115
3,253,117
3,253,118
3,255,119
3,253,119
3,255,119
3,255,119
3,255,118
3,255,118
3,255,118
3,253,119
3,253,120
3,253,121
3,253,121
3,253,121
3,253,120
3,255,119
3,255,116
3,255,115
3,255,114
3,255,114
3,255,114
3,255,113
3,255,113
3,255,113
3,255,113
3,255,113
3,255,115
3,251,117
3,248,117
3,248,117
3,251,117
3,253,116
3,253,116
3,253,115
3,255,115
3,255,115
3,255,115
3,255,115
3,255,116
3,253,117
3,253,118
3,253,118
3,253,117
3,253,116
3,251,116
3,251,116
3,251,115
2,251,114
2,251,114
3,253,112
3,253,111
3,253,110
3,253,110
3,253,108
3,253,106
3,250,105
3,250,105
3,248,104
3,248,105
3,248,105
2,245,106
3,245,107
3,245,107
3,248,107
3,250,107
3,250,106
3,250,105
3,248,104
3,248,103
3,248,102
2,247,100
3,247,99
3,250,98
3,250,98
3,252,98
3,252,97
3,252,96
3,250,95
3,247,94
3,244,93
3,244,91
3,246,87
3,249,80
4,252,78
4,252,78
4,252,78
4,255,68
4,255,68
4,255,69
3,252,76
3,249,79
3,249,80
3,249,81
3,249,83
3,249,84
3,249,87
3,249,90
3,249,92
3,250,94
3,250,98
3,250,98
3,250,100
3,247,101
3,248,103
3,245,103
3,245,104
3,248,105
3,250,105
3,250,105
3,250,106
3,250,107
3,250,107
3,250,106
3,255,106
3,255,106
3,255,106
3,255,106
3,253,109
3,253,110
2,250,112
2,250,112
2,250,112
2,250,113
2,251,114
2,251,114
3,251,114
3,251,115
3,251,116
3,251,116
3,253,116
3,253,116
3,253,116
3,253,116
3,255,116
3,255,116
3,255,116
3,255,117
3,255,118
3,255,119
3,255,120
4,255,120
3,253,121
3,253,121
4,253,121
3,251,121
4,253,121
3,253,120
3,253,119
3,253,119
3,255,116
3,255,116
3,255,115
3,255,115
3,255,115
3,253,115
3,253,115
3,253,115
3,253,115
3,253,116
3,253,116
3,253,118
3,253,118
3,253,118
3,253,118
3,253,118
3,253,118
3,253,117
3,253,116
3,253,116
3,253,116
3,253,116
3,253,116
3,253,116
3,253,117
3,253,117
3,253,116
3,253,116
3,253,116
3,253,116
2,248,116
2,248,116
2,248,115
2,248,114
2,248,113
3,248,110
3,248,108
3,248,106
3,250,105
3,250,105
3,253,104
3,250,104
2,250,104
2,250,106
3,250,108
3,250,110
3,250,111
3,251,114
3,253,115
3,253,116
3,253,117
3,253,119
3,253,119
3,253,120
3,255,119
3,255,119
3,255,119
3,255,119
3,255,119
3,255,120
3,253,121
3,253,121
3,253,121
3,253,121
3,253,120
3,255,118
3,255,117
3,255,115
3,255,114
3,255,114
3,255,113
3,255,113
3,255,113
3,255,113
3,255,113
3,255,113
3,255,114
3,253,115
3,248,117
3,251,117
3,251,116
3,253,116
3,253,115
3,253,115
3,255,115
3,255,115
3,255,115
3,255,115
3,255,115
3,253,116
3,253,116
3,253,116
3,253,116
3,253,116
3,251,115
3,251,115
2,251,114
2,251,114
2,251,114
3,253,112
3,253,112
3,253,110
3,253,110
3,253,108
3,253,106
3,253,106
3,250,105
3,250,105
3,248,105
3,248,106
3,248,107
3,248,109
3,248,109
3,250,109
3,250,107
3,250,106
3,250,105
3,250,105
3,248,103
3,248,102
2,247,100
2,247,100
3,250,98
3,252,98
3,252,98
3,252,97
3,252,96
3,250,95
3,247,94
3,244,93
3,244,91
3,246,87
3,249,80
3,249,79
3,252,79
3,252,79
4,255,68
4,255,68
3,251,70
3,248,77
3,249,79
3,249,80
3,249,82
3,249,84
3,249,86
3,249,89
3,249,91
3,250,93
3,250,96
3,250,98
3,250,99
3,250,100
3,247,101
3,248,103
3,248,103
3,248,104
3,248,105
3,250,105
3,250,105
3,250,106
3,250,106
3,250,106
3,255,106
3,255,106
3,255,106
3,255,106
3,255,106
3,253,108
3,250,109
3,250,110
2,250,112
2,250,112
2,250,113
2,251,114
2,251,114
2,251,114
3,251,116
3,251,116
3,251,116
3,253,116
3,253,116
3,253,116
3,253,116
3,253,116
3,255,116
3,255,116
3,255,116
3,255,118
3,255,119
3,255,120
3,255,121
3,255,121
3,253,122
3,253,122
3,253,121
3,253,121
3,253,120
3,253,119
3,253,119
3,253,116
3,255,116
3,253,115
3,255,115
3,255,115
3,255,115
3,253,115
3,253,116
3,253,116
3,253,117
3,253,118
3,253,118
3,253,118
3,253,118
3,253,118
3,253,118
3,253,118
3,253,118
3,253,118
3,253,117
3,253,117
3,253,117
3,251,117
3,251,118
3,253,118
3,253,118
3,253,117
3,253,116
3,253,116
3,253,116
2,248,116
2,248,116
2,246,115
2,246,114
2,246,113
3,248,110
3,248,109
3,250,108
3,250,105
3,250,105
3,250,105
3,250,105
2,248,106
2,248,108
3,248,110
2,250,111
3,250,113
3,251,115
3,253,116
3,251,117
3,253,118
3,253,119
3,253,120
3,253,120
3,253,120
3,255,119
3,255,119
3,255,119
3,255,119
3,253,120
3,253,121
3,253,121
3,253,121
3,253,120
3,255,120
3,255,118
3,255,116
3,255,116
3,253,114
3,253,113
3,255,113
3,255,112
3,255,113
3,255,113
3,255,113
3,255,113
3,255,114
3,255,114
3,253,115
3,253,115
3,253,115
3,255,115
3,255,115
3,253,115
3,255,115
3,253,115
3,253,115
3,255,115
3,255,115
3,253,116
3,253,116
3,253,116
3,253,116
3,253,116
2,251,115
2,251,115
2,251,114
2,251,114
2,251,114
3,253,113
3,253,112
3,253,111
3,253,110
3,253,109
3,253,107
3,253,106
3,253,106
3,250,106
3,250,106
3,250,107
3,250,110
3,250,110
3,250,110
3,250,110
3,250,109
3,250,107
3,250,106
3,250,105
3,248,103
3,248,102
3,247,100
2,247,100
3,250,98
3,252,98
3,252,97
3,252,97
3,252,96
3,250,95
3,247,94
3,247,92
3,246,90
3,246,88
3,249,80
3,249,79
3,249,79
3,249,79
4,255,69
4,251,69
3,251,72
3,248,78
3,249,79
3,249,81
3,249,83
3,249,84
3,249,87
3,249,90
3,249,91
3,250,94
3,250,96
3,250,98
3,250,99
3,250,101
3,248,102
3,248,103
3,248,103
3,248,104
3,250,105
3,250,105
3,250,105
3,250,106
3,250,106
3,253,106
3,255,106
3,255,106
3,255,106
3,255,106
3,255,106
3,250,108
3,250,109
3,250,110
2,250,112
2,250,112
2,250,113
2,251,114
2,251,114
2,251,114
3,251,116
3,251,116
3,251,116
3,251,116
3,253,116
3,253,116
3,253,116
3,253,116
3,253,116
3,255,116
3,255,116
3,255,118
3,255,119
3,255,120
3,255,121
3,253,121
3,253,122
3,253,122
3,251,121
3,253,121
3,253,120
3,253,119
3,253,119
3,253,116
3,253,116
3,253,116
3,255,115
3,255,115
3,255,116
3,255,116
3,253,116
3,253,118
3,253,119
3,253,119
3,253,119
3,251,119
3,253,120
3,253,120
3,253,120
3,253,120
3,253,120
3,253,119
3,253,118
3,253,118
3,253,118
3,251,118
3,251,118
3,253,118
3,253,118
3,253,118
3,253,117
3,253,116
3,253,116
2,248,116
2,248,116
2,246,115
2,246,114
2,246,112
3,248,110
3,248,109
3,250,108
3,250,108
3,250,106
3,250,107
2,248,108
3,248,109
3,248,110
3,248,111
2,248,113
3,251,114
3,251,116
3,251,117
3,251,118
3,253,119
3,253,119
3,251,120
3,253,120
3,253,120
3,253,119
3,253,119
3,253,119
3,253,119
3,253,120
3,253,121
3,253,121
3,253,120
3,253,120
3,255,119
3,255,118
3,255,116
3,253,116
3,253,114
3,253,113
3,253,112
3,255,112
3,255,112
3,255,112
3,255,113
3,255,113
3,255,114
3,253,114
3,253,115
3,253,115
3,253,115
3,255,115
3,255,115
3,253,115
3,253,115
2,251,115
2,251,115
3,253,115
3,253,115
3,253,116
3,253,116
3,253,116
3,253,116
3,253,115
3,253,115
3,251,115
3,251,114
2,251,114
2,251,114
2,250,113
3,253,112
3,253,111
3,253,110
3,253,110
3,253,108
3,253,107
3,253,107
3,253,107
3,250,109
3,250,110
3,250,110
3,250,111
3,250,111
3,250,111
3,250,110
3,250,109
3,250,106
3,250,105
3,248,103
3,248,102
3,247,101
2,247,100
3,250,99
3,252,98
3,252,97
3,252,97
3,252,96
3,250,95
3,247,94
3,247,92
3,246,90
3,246,88
3,249,80
4,249,79
3,249,79
3,249,79
4,255,70
3,251,70
3,248,73
3,248,78
3,249,80
3,249,82
3,249,84
3,249,87
3,249,89
3,249,90
3,249,92
3,250,94
3,250,96
3,250,99
3,250,99
2,247,101
3,248,102
3,248,103
3,248,103
3,248,104
3,250,105
3,250,105
3,250,106
3,250,106
3,253,106
3,255,106
3,255,106
3,255,106
4,255,105
4,255,105
3,250,106
3,250,106
3,250,109
3,250,109
2,250,111
2,250,113
2,250,113
2,251,114
2,251,114
2,251,115
3,251,116
3,251,116
3,251,116
3,251,116
3,253,116
3,253,116
3,253,116
3,253,116
3,255,116
3,255,116
3,255,116
3,255,118
3,255,120
4,255,120
3,253,120
3,253,121
3,253,121
3,253,122
3,251,121
3,253,121
3,253,120
3,253,119
3,253,119
3,253,116
3,253,116
3,253,116
3,255,116
3,255,116
3,253,116
3,253,117
3,253,118
3,253,119
3,253,119
3,253,119
3,253,119
3,251,120
3,253,120
3,253,120
3,253,120
3,253,120
3,253,120
3,253,120
3,253,119
3,253,118
3,253,118
3,251,118
3,251,118
3,253,118
3,253,118
3,253,118
3,253,117
3,253,116
3,253,116
3,251,115
2,248,115
2,248,114
2,248,113
2,248,112
3,248,110
3,248,110
3,250,109
3,250,109
3,248,109
3,248,110
3,248,111
3,248,111
2,248,113
2,248,114
2,248,114
2,248,116
2,251,117
2,251,118
3,253,118
3,253,119
3,253,119
3,253,120
3,253,120
3,253,119
3,253,119
3,253,119
3,253,119
3,251,119
3,251,120
3,251,120
3,251,121
3,253,120
3,253,120
3,253,118
3,255,117
3,255,116
3,253,114
3,253,113
3,253,112
3,253,112
3,253,112
3,253,112
3,255,112
3,255,113
3,255,114
3,253,114
3,253,115
3,253,115
3,253,115
3,253,115
3,255,116
3,255,115
3,253,115
3,253,115
2,251,115
2,251,115
2,251,115
3,253,116
3,253,116
3,253,116
3,253,116
3,253,116
3,253,115
3,253,115
3,251,115
3,251,115
3,251,115
3,251,114
3,251,114
3,250,113
3,250,112
3,250,111
3,253,110
3,253,109
3,253,109
3,253,109
3,250,109
3,250,110
3,250,110
3,250,111
3,250,111
3,250,111
3,250,111
3,250,111
3,250,109
3,250,106
3,250,105
3,250,105
3,248,103
3,247,101
3,247,101
2,247,100
3,250,98
3,252,97
3,252,97
3,252,96
3,250,95
3,247,94
3,247,92
3,246,90
3,246,88
3,246,81
4,249,79
4,249,79
4,249,79
4,255,71
3,251,72
3,248,75
3,249,79
3,249,82
3,249,84
3,249,85
3,249,88
3,249,89
3,249,91
3,249,92
3,250,94
3,250,96
3,250,99
3,250,100
2,247,101
3,248,102
3,248,103
3,248,103
3,248,105
3,250,105
3,250,106
3,250,106
3,250,106
3,255,106
3,255,106
3,255,106
3,255,106
4,255,105
4,255,105
3,250,106
3,250,106
3,250,108
3,250,109
3,250,110
2,250,113
2,250,113
2,251,114
2,251,114
2,251,115
3,251,116
3,251,116
3,251,116
3,253,116
3,253,116
3,253,116
3,255,115
3,255,115
3,255,116
3,255,116
3,253,116
3,253,118
3,253,120
3,253,120
3,253,120
3,253,120
3,253,121
3,253,121
3,253,121
3,253,120
3,253,120
3,253,119
3,253,118
3,253,116
3,253,116
3,253,116
3,255,116
3,255,116
3,255,117
3,253,119
3,253,119
3,253,119
3,253,120
3,253,120
3,253,120
3,251,120
3,253,120
3,253,120
3,253,120
3,253,120
3,253,120
3,253,120
3,253,120
3,253,119
3,253,118
3,253,118
3,253,118
3,253,118
3,253,118
3,253,117
3,255,116
3,253,116
3,253,115
3,253,115
2,248,114
2,248,113
2,248,112
2,248,112
3,250,110
3,250,110
3,250,110
3,250,110
3,248,111
2,246,113
2,246,114
2,246,114
2,248,114
2,248,115
2,248,116
2,248,116
3,253,117
3,253,118
3,253,118
3,253,118
3,253,119
3,253,119
3,253,119
3,253,119
3,253,119
3,253,118
3,253,119
3,251,119
3,251,119
3,251,120
3,251,120
3,251,120
3,251,119
3,253,118
3,253,117
3,253,116
3,253,114
3,253,113
3,253,112
3,253,112
3,253,112
3,253,112
3,253,112
3,253,114
3,253,114
3,253,115
3,253,115
3,253,115
3,253,115
3,253,116
3,255,116
3,253,116
3,253,117
3,253,117
2,251,117
2,251,118
2,251,118
3,251,117
3,253,116
3,253,116
3,253,116
3,253,116
3,253,116
3,253,115
3,253,115
3,251,115
3,251,115
3,251,115
3,251,115
3,251,114
3,251,114
3,250,112
3,253,111
3,253,110
3,253,109
3,253,109
3,253,110
3,250,110
3,250,111
3,250,112
3,250,112
3,250,112
3,250,111
3,250,111
3,250,110
3,250,106
3,250,105
3,250,105
3,248,103
3,248,102
3,247,101
3,247,100
3,250,98
3,252,97
3,252,97
3,252,97
3,250,95
3,247,94
3,247,93
3,246,90
3,246,88
3,246,81
4,249,79
4,249,79
4,249,79
3,251,72
3,252,73
3,248,76
3,249,80
3,249,83
3,249,85
3,246,87
2,246,89
3,246,89
3,249,91
3,250,93
3,250,94
3,250,98
3,250,99
3,250,100
2,247,101
3,248,102
3,248,103
3,248,103
3,248,105
3,248,105
3,250,106
3,250,106
3,253,106
3,255,106
3,255,106
3,255,106
3,255,106
3,255,106
3,250,106
3,250,106
3,250,106
3,250,108
3,250,109
3,250,110
2,250,113
2,250,113
2,251,114
2,251,114
2,251,115
2,251,115
3,251,116
3,251,116
3,253,116
3,253,115
3,255,115
3,255,115
3,255,115
3,253,116
3,253,116
3,253,116
3,253,117
3,253,119
3,253,120
3,253,120
3,253,120
3,253,120
3,253,120
3,253,120
3,253,120
3,253,120
3,253,119
3,253,116
3,253,116
3,253,116
3,253,116
3,255,116
3,253,116
3,253,119
3,253,119
3,253,120
3,253,120
3,253,120
3,253,120
3,253,120
3,253,120
3,253,120
3,253,120
3,253,120
3,253,120
3,253,120
3,253,120
3,253,119
3,253,119
3,253,118
3,253,118
3,253,118
3,253,118
3,253,118
3,253,117
3,255,116
3,255,115
3,253,114
3,253,114
2,250,113
2,250,112
3,250,110
3,250,110
3,250,110
3,250,110
2,250,111
2,248,112
2,248,114
2,246,114
2,246,115
2,246,115
2,246,116
2,248,116
2,248,116
3,251,116
3,253,116
3,253,118
3,253,118
3,253,118
3,253,118
3,253,118
3,253,118
3,253,118
3,253,117
3,253,117
3,253,117
3,251,117
3,251,118
3,251,119
3,251,119
3,251,119
3,251,117
3,253,117
3,253,116
3,253,114
3,253,113
3,253,113
3,253,112
3,253,112
3,253,112
3,253,112
3,253,113
3,253,114
3,253,114
3,253,115
3,253,115
3,253,116
3,253,116
3,253,116
3,253,117
3,253,117
3,253,118
2,251,118
2,251,118
2,251,118
3,251,118
3,251,118
3,251,117
3,253,117
3,253,116
3,255,116
3,255,116
3,253,115
3,253,115
3,251,115
3,251,116
3,251,115
3,251,115
3,251,115
3,251,114
3,251,114
3,253,112
3,253,110
3,253,110
3,253,110
3,253,110
3,250,111
3,250,112
3,250,112
3,250,112
3,250,112
3,250,111
3,250,111
3,250,110
3,250,108
3,250,106
3,250,105
3,250,105
3,248,102
3,247,101
3,247,100
3,250,100
3,252,98
3,252,97
3,252,97
3,250,96
3,247,95
3,244,93
2,244,91
3,246,88
3,246,81
4,249,79
4,249,79
4,249,79
3,252,74
3,248,75
3,248,77
3,249,82
3,249,84
3,246,85
3,246,88
3,246,89
3,246,90
2,247,91
3,250,94
3,250,95
3,250,98
3,250,100
2,247,100
2,247,101
3,248,102
3,248,103
3,248,104
3,248,105
3,248,106
3,250,108
3,250,108
3,253,108
3,255,108
3,255,108
3,255,107
3,255,106
3,253,106
3,250,106
3,250,106
3,250,108
3,250,109
3,250,109
2,250,112
2,250,113
2,250,113
2,251,114
2,251,114
2,251,115
2,251,115
2,251,115
2,251,115
3,253,115
3,255,115
3,255,115
3,255,115
3,255,115
3,255,115
3,255,116
3,253,116
3,253,117
3,253,118
3,253,119
3,251,120
3,251,120
3,251,120
3,251,120
3,253,120
3,253,119
3,253,119
3,253,118
3,253,116
3,253,116
3,253,116
3,255,116
3,255,116
3,255,118
3,253,119
3,253,120
3,253,120
3,253,120
3,253,120
3,253,120
3,253,121
3,253,121
3,253,121
3,253,120
3,253,120
3,253,120
3,253,120
3,253,120
3,253,119
3,255,119
3,255,118
3,255,118
3,253,118
3,253,118
3,253,118
3,255,117
3,255,115
3,255,114
3,255,114
3,253,113
3,253,112
2,250,112
3,250,109
3,250,109
3,250,110
2,250,112
2,250,112
3,251,114
2,246,115
2,246,115
2,246,116
2,246,116
3,248,116
2,248,116
3,251,116
3,253,116
3,253,116
3,253,117
3,253,118
3,253,118
3,253,118
3,253,118
3,253,118
3,253,116
3,253,116
3,253,115
3,253,116
3,251,117
3,251,117
3,251,117
3,251,117
3,251,117
3,251,117
3,251,116
3,253,114
3,253,113
3,253,113
3,253,113
3,253,112
3,253,112
3,253,112
3,253,113
2,251,114
2,251,114
3,251,115
3,251,115
3,253,116
3,253,116
3,253,117
3,253,118
3,253,118
3,253,118
3,253,118
2,251,118
3,251,119
3,251,119
3,251,119
3,251,119
3,251,118
3,253,117
3,255,116
3,255,116
3,255,116
3,253,116
3,253,116
3,251,117
3,251,116
3,251,116
3,251,116
3,251,115
3,253,114
3,253,114
3,253,113
3,253,110
4,255,110
3,253,110
3,253,111
3,253,112
3,253,112
3,250,112
3,250,112
3,250,112
3,250,111
3,250,111
3,250,110
3,250,108
3,250,106
3,250,105
3,250,105
3,248,102
3,248,102
3,247,101
3,250,100
3,252,99
3,252,98
3,252,97
3,250,96
3,244,96
3,244,93
2,244,91
3,246,88
3,246,82
3,249,79
3,249,79
3,249,79
3,252,75
3,248,75
3,248,77
3,249,83
3,249,85
3,246,87
3,246,88
3,246,89
3,246,90
2,247,91
3,250,94
3,250,95
3,247,98
3,250,100
2,247,100
2,247,101
3,248,102
3,248,103
3,248,104
3,248,106
3,250,108
3,250,109
3,250,109
3,253,109
3,253,108
3,255,108
3,255,108
3,255,108
3,253,106
3,250,108
3,250,108
3,250,108
3,250,109
3,250,110
2,250,112
2,250,113
2,251,114
2,251,114
2,251,114
2,251,115
2,251,115
2,251,115
2,251,115
3,253,115
3,255,115
3,255,115
3,255,115
3,255,115
3,255,115
3,255,116
3,253,116
3,253,117
3,253,118
3,251,118
3,251,119
3,251,119
3,251,120
3,253,119
3,253,119
3,253,119
3,253,118
3,253,116
3,255,116
3,255,115
3,255,115
3,255,115
3,255,116
3,255,118
3,253,119
3,253,120
3,253,120
3,253,121
3,253,121
3,253,121
3,253,121
3,253,121
3,253,121
3,253,121
3,253,120
3,253,120
3,253,120
3,253,120
3,255,119
3,255,119
3,255,118
3,255,118
3,255,118
3,253,118
3,255,118
3,255,117
3,255,115
3,255,114
3,255,114
3,253,112
3,253,112
3,250,109
3,250,109
3,250,109
3,250,109
2,250,112
2,250,113
2,251,115
2,248,115
2,246,116
2,246,116
2,246,117
3,248,117
3,251,117
3,251,116
3,253,116
3,253,116
3,253,116
3,253,116
3,253,117
3,253,117
3,253,116
3,253,116
3,253,115
3,253,115
3,253,115
3,253,115
3,251,115
3,251,115
3,251,116
3,251,116
3,251,116
3,253,115
3,253,114
3,253,113
3,253,113
3,253,113
3,253,113
3,253,113
3,253,113
3,253,113
3,253,113
2,251,114
2,251,115
3,251,115
3,251,116
3,253,116
3,253,118
3,253,118
3,253,118
3,253,119
3,253,119
3,251,119
3,251,119
3,251,119
3,251,119
3,251,119
3,251,119
3,253,119
3,255,118
3,255,117
3,255,116
3,255,116
3,255,116
3,253,117
3,251,117
3,251,117
3,251,117
3,251,116
3,253,115
3,253,115
3,253,114
3,255,113
4,255,111
4,255,111
4,255,111
3,253,111
3,253,112
3,253,112
3,250,112
3,250,112
3,250,112
3,248,112
3,248,111
3,250,110
3,250,108
3,250,108
3,250,106
3,250,105
3,248,103
3,248,102
3,247,101
3,250,100
3,250,100
3,250,98
3,250,97
3,250,97
3,247,96
3,244,92
2,244,91
3,246,88
3,246,82
3,249,79
3,249,79
3,249,79
3,252,75
3,252,76
3,252,77
3,249,83
3,249,85
3,246,87
3,246,88
3,246,89
3,246,90
3,247,91
3,250,94
3,250,95
3,247,97
3,250,98
3,250,100
2,247,100
3,250,101
3,250,102
3,248,104
3,250,106
3,250,108
3,250,109
3,250,109
3,250,109
3,250,109
3,253,109
3,255,108
3,253,108
3,253,108
3,253,108
3,250,108
3,250,109
3,250,110
2,250,112
2,250,112
2,250,113
2,251,114
2,251,114
2,251,114
2,251,115
2,251,115
2,251,115
2,251,115
3,255,115
3,255,115
3,255,115
3,255,115
3,255,115
3,255,115
3,255,115
3,253,116
3,253,116
3,253,118
3,251,118
3,251,119
3,251,119
3,251,119
3,251,119
3,253,119
3,253,118
3,253,117
3,255,116
3,255,115
3,253,115
3,255,115
3,255,115
3,255,116
3,255,119
3,255,119
3,253,120
3,253,120
3,253,121
3,253,121
3,253,121
3,253,121
3,253,121
3,253,121
3,253,121
3,253,121
3,253,120
3,253,120
3,253,120
3,253,119
3,255,119
3,255,118
3,255,118
3,255,118
3,253,118
3,253,118
3,253,116
3,255,115
3,255,114
3,255,113
3,255,112
3,253,110
3,250,109
3,250,108
3,250,108
3,250,109
2,250,112
2,251,114
2,251,115
2,248,115
3,248,116
2,246,117
2,246,117
3,248,117
3,251,117
3,251,117
3,253,116
3,253,116
3,253,116
3,253,116
3,253,116
3,253,116
3,253,116
3,253,115
3,253,115
3,253,114
3,253,114
3,253,114
2,251,114
2,251,114
2,251,115
2,251,115
3,253,115
3,253,114
3,253,113
3,255,113
3,255,113
3,255,113
3,253,113
3,253,113
3,253,113
3,253,114
3,253,114
2,251,115
3,251,115
3,251,116
3,251,117
3,253,118
3,253,119
3,253,119
3,253,119
3,253,119
3,253,119
3,253,119
3,251,120
3,251,120
3,251,120
3,251,120
3,253,119
3,255,119
3,255,117
3,255,117
3,255,116
3,255,116
3,255,116
3,253,117
3,251,118
3,251,118
3,251,118
3,253,117
3,253,116
3,253,115
3,253,114
3,255,113
3,255,113
3,255,111
3,255,111
3,253,111
3,253,112
3,253,112
3,250,113
3,250,112
3,248,112
3,248,112
3,248,111
3,248,111
3,250,108
3,250,108
3,250,106
3,250,105
3,248,103
3,248,102
3,248,102
3,250,100
3,250,100
3,250,99
3,250,98
3,250,97
3,247,96
3,247,92
3,246,90
3,246,88
3,249,82
3,252,79
3,252,79
3,252,79
4,252,75
3,252,76
3,252,78
3,249,82
3,249,85
3,249,87
3,249,88
3,246,89
3,246,90
3,247,91
3,247,93
3,247,95
3,247,96
3,250,97
3,250,99
3,250,100
3,250,100
3,250,102
3,250,103
3,250,104
3,250,106
3,250,108
3,250,109
3,250,109
3,250,109
3,250,109
3,253,109
3,253,109
3,253,108
3,253,108
3,250,109
3,250,110
2,250,112
2,250,112
2,250,112
2,251,114
2,251,114
2,251,114
2,251,114
2,251,114
2,251,115
2,251,115
3,253,115
3,255,115
3,255,115
3,255,115
3,255,115
3,255,115
3,255,115
3,255,115
3,253,116
3,253,116
3,253,117
3,251,118
3,251,118
3,251,118
3,251,119
3,251,118
3,253,118
3,253,117
3,253,116
3,253,115
3,253,115
3,253,115
3,255,115
3,255,115
3,255,116
3,255,119
3,255,119
3,253,120
3,253,120
3,253,121
3,253,121
3,253,121
3,253,121
3,253,121
3,253,121
3,253,121
3,253,121
3,253,121
3,253,121
3,253,120
3,253,119
3,255,118
3,255,118
3,255,118
3,255,118
3,253,118
3,253,118
3,253,116
3,255,115
3,255,114
3,255,113
3,255,110
3,253,109
3,253,108
3,250,108
3,250,107
3,250,108
2,250,112
2,251,114
2,251,114
2,248,115
2,248,116
3,248,117
2,246,117
2,246,117
3,251,117
3,251,117
3,251,117
3,253,116
3,253,116
3,253,116
3,253,116
3,253,116
2,251,116
2,251,115
2,251,115
2,251,114
2,251,114
2,251,114
2,251,114
2,251,114
2,251,114
3,253,114
3,253,114
3,253,114
2,253,113
2,253,113
3,253,113
3,255,113
3,255,113
3,253,113
3,253,113
3,253,114
3,253,114
3,253,115
3,253,116
3,253,118
3,253,119
3,253,119
3,253,119
3,253,119
3,253,119
3,253,120
3,253,120
3,253,120
3,251,120
3,251,120
3,251,120
3,253,120
3,253,119
3,255,119
3,255,117
3,255,116
3,255,116
3,255,116
3,253,116
3,253,117
3,251,117
3,251,118
3,251,118
3,251,117
3,253,116
3,253,116
3,253,114
3,253,114
3,253,113
3,255,111
3,253,111
3,253,111
3,253,112
3,253,112
3,250,113
3,250,112
3,248,112
3,248,112
3,246,111
3,248,111
3,248,109
3,250,108
3,250,106
3,250,105
3,248,104
3,248,103
3,248,102
3,247,101
3,250,100
3,250,100
3,250,99
3,247,97
3,247,95
3,247,92
3,246,90
3,246,88
3,249,82
3,249,80
3,249,80
3,249,80
4,252,75
3,252,77
3,252,79
3,249,82
3,249,84
3,249,87
3,249,88
3,249,89
3,249,90
2,247,91
3,247,93
3,247,95
3,247,95
3,250,96
3,250,98
3,250,99
3,250,100
3,252,101
3,253,103
3,250,104
3,250,105
3,250,106
3,250,107
3,250,109
3,250,109
3,250,109
3,250,109
3,253,109
3,253,109
3,253,109
3,253,109
3,253,110
3,253,112
2,250,112
2,250,112
2,251,114
2,251,114
2,251,114
2,251,114
2,251,114
2,251,115
2,251,115
3,253,115
3,255,115
3,255,114
3,255,114
3,255,114
3,255,114
3,255,114
3,255,115
3,255,115
3,253,116
3,253,116
3,253,117
3,253,117
3,253,117
3,251,117
3,253,117
3,253,117
3,253,116
3,253,116
3,253,115
3,255,115
3,255,115
3,255,115
3,255,115
3,255,115
3,255,118
3,255,119
3,253,120
3,253,120
3,253,120
3,253,120
3,253,121
3,253,121
3,253,121
3,253,121
3,253,121
3,253,121
3,253,121
3,253,121
3,253,120
3,253,119
3,253,118
3,253,118
3,253,118
3,253,118
3,253,118
3,253,118
3,253,116
3,253,115
3,253,114
3,255,112
3,255,109
3,255,108
3,253,108
3,253,107
3,250,107
3,250,107
2,250,112
2,250,113
2,251,114
2,248,115
2,248,115
2,248,116
3,248,117
3,248,117
3,251,117
3,251,117
3,251,117
3,251,117
3,251,119
3,251,118
3,251,116
3,251,116
3,251,116
3,251,115
2,251,115
2,251,114
2,251,114
2,251,114
2,251,114
2,251,115
2,251,114
2,251,114
2,251,114
2,251,114
2,253,113
2,253,113
3,253,113
3,255,113
3,255,113
3,255,114
3,255,114
3,255,114
3,253,115
3,253,116
3,253,118
3,253,119
3,253,120
3,253,121
3,253,121
3,253,121
3,253,121
3,253,121
3,253,121
3,253,121
3,253,121
3,253,121
3,253,120
3,253,120
3,253,119
3,253,119
3,255,117
3,255,116
3,253,116
3,253,116
3,253,116
3,253,116
3,253,117
3,251,117
3,251,117
3,251,117
3,251,117
3,253,116
3,253,115
3,253,114
3,253,113
3,253,111
3,253,111
3,253,111
3,253,112
3,250,113
3,250,113
3,250,113
3,248,113
3,246,114
3,246,115
3,244,113
3,246,111
3,250,108
3,250,106
3,248,105
3,245,104
3,245,103
3,245,103
3,248,102
3,247,101
3,250,100
3,247,99
3,247,97
3,247,95
3,247,92
3,246,90
3,246,88
3,249,82
3,249,80
3,249,80
3,249,80
4,252,75
3,252,77
3,252,80
3,249,82
3,249,84
3,249,87
3,249,88
3,249,89
3,249,90
2,247,91
3,247,93
3,247,95
3,250,95
3,250,96
3,250,97
3,250,99
3,250,99
3,252,100
3,250,103
3,250,104
3,250,105
3,250,105
3,250,106
3,250,107
3,250,108
3,250,108
3,250,108
3,253,108
3,253,109
3,253,109
3,253,110
3,253,112
3,253,112
3,253,112
2,250,113
2,251,114
2,251,114
2,251,114
2,251,114
2,251,114
3,251,114
3,253,115
3,255,115
3,255,114
3,255,114
3,255,114
3,255,114
3,255,114
3,255,114
3,255,115
3,255,115
3,253,115
3,253,116
3,253,116
3,253,116
3,253,116
3,253,116
3,253,116
3,253,116
3,253,116
3,253,116
3,255,115
3,255,115
3,255,115
3,255,115
3,255,115
3,255,115
3,255,118
3,255,119
3,253,120
3,253,120
3,253,120
3,253,120
3,253,120
3,253,120
3,253,120
3,253,120
3,253,121
3,253,121
3,253,121
3,253,120
3,253,120
3,253,119
3,253,118
3,253,118
3,253,118
3,253,118
3,253,118
3,253,118
3,253,116
3,253,115
3,253,114
3,255,111
3,255,109
3,255,108
3,253,106
3,253,105
3,250,105
3,250,107
2,250,112
2,250,113
2,251,114
2,251,115
2,248,115
2,248,116
2,248,116
2,248,117
3,251,117
3,251,117
3,251,119
3,251,119
3,251,119
3,251,119
3,251,119
3,251,116
3,251,116
3,251,116
3,251,115
3,251,115
3,251,115
2,251,115
2,248,115
2,248,115
2,248,115
2,251,114
2,251,114
2,251,114
2,251,114
3,253,113
3,253,113
3,255,113
3,255,114
3,255,114
3,255,114
3,255,114
3,255,116
3,253,118
3,253,119
3,253,120
3,253,121
3,253,121
3,253,121
3,253,121
3,253,121
3,253,121
3,253,121
3,253,121
3,253,121
3,253,121
3,253,120
3,253,120
3,253,120
3,253,119
3,253,117
3,253,116
3,253,116
3,253,116
3,253,116
3,253,116
3,253,116
3,253,116
3,253,117
3,253,117
3,251,116
3,251,116
3,251,115
3,251,114
3,253,113
3,253,111
3,253,111
3,253,111
3,253,112
3,250,113
3,250,113
3,250,113
3,248,113
3,248,114
3,246,115
3,244,113
3,246,111
3,250,109
3,248,106
3,248,105
2,245,104
2,245,103
3,245,103
3,248,102
3,248,102
3,247,101
3,247,100
3,247,98
3,244,96
3,244,93
3,244,90
3,246,88
3,246,82
3,249,80
3,249,80
3,249,80
4,255,73
4,255,74
4,255,77
3,252,80
3,249,83
3,249,85
3,249,87
3,249,87
3,249,89
3,249,90
2,247,92
2,247,93
3,250,95
3,250,95
3,250,96
3,250,97
3,250,98
3,250,99
3,252,100
3,250,103
3,250,104
3,250,105
3,250,105
3,250,105
3,250,106
3,250,107
3,250,108
3,250,108
3,253,108
3,253,109
3,253,109
3,253,110
3,253,112
3,253,112
3,253,112
2,250,113
2,251,114
2,251,114
2,251,114
2,251,114
2,251,114
3,251,115
3,255,115
3,255,115
3,255,114
3,255,114
3,255,114
3,255,114
3,255,114
3,255,114
3,253,115
3,253,115
3,253,115
3,253,116
3,253,116
3,253,116
3,253,116
3,253,116
3,253,116
3,253,116
3,253,116
3,253,115
3,253,115
3,255,115
3,255,115
3,255,115
3,255,115
3,255,115
3,255,118
3,255,119
3,253,120
3,253,120
3,253,120
3,253,120
3,253,120
3,253,120
3,253,120
3,253,120
3,253,120
3,253,120
3,253,120
3,253,120
3,253,119
3,253,118
3,253,118
3,253,118
3,253,118
3,253,118
3,253,117
3,253,116
3,253,116
3,253,115
3,253,113
3,253,111
3,253,109
3,253,108
3,253,106
3,253,105
3,250,105
3,250,107
2,250,112
2,250,113
2,250,113
2,251,114
2,251,115
2,248,116
2,248,116
2,248,117
3,251,117
3,251,118
3,251,119
3,251,119
3,251,119
3,251,119
3,251,119
3,251,119
3,251,117
3,251,116
3,251,116
3,251,116
3,251,116
2,248,116
2,248,116
2,248,115
2,248,115
3,251,115
3,251,115
3,251,115
2,251,114
2,251,114
2,251,114
3,253,114
3,255,114
3,255,114
3,255,114
3,255,114
3,255,118
3,253,119
3,253,120
3,253,121
3,253,121
3,253,121
3,253,122
3,253,123
3,253,122
3,253,122
3,253,121
3,253,121
3,253,121
3,253,121
3,253,120
3,253,120
3,253,120
3,253,117
3,253,116
3,253,116
3,253,116
3,253,116
3,253,116
3,253,116
3,253,116
3,253,116
3,253,116
3,253,116
3,251,116
3,251,116
3,251,116
3,251,114
3,250,113
3,253,110
3,253,110
3,253,110
3,253,112
3,250,113
3,250,113
3,250,113
3,250,113
3,250,113
3,246,115
3,246,113
3,246,111
3,250,109
3,248,106
3,248,105
3,248,104
3,248,104
3,248,103
3,248,102
3,248,102
3,247,101
3,247,100
3,247,100
3,244,97
3,241,93
3,241,91
3,243,88
3,246,83
3,249,81
3,249,80
3,249,80
3,249,81
4,255,73
3,252,77
3,252,80
3,249,83
3,249,84
3,249,87
3,249,88
3,249,89
2,247,91
2,247,93
3,247,94
3,250,95
3,250,95
3,250,96
3,250,98
3,250,99
3,250,100
3,250,102
3,248,104
3,248,105
3,250,105
3,250,105
3,250,105
3,250,106
3,250,107
3,250,108
3,250,108
3,253,108
3,255,108
3,255,109
3,253,110
3,253,112
3,253,112
3,253,113
2,250,113
2,251,114
2,251,114
2,251,114
2,251,115
2,251,115
3,253,115
3,255,115
3,255,115
3,255,115
3,255,115
3,255,115
3,255,114
3,255,115
3,253,115
3,253,115
3,253,115
3,253,115
3,253,115
3,253,116
3,253,116
3,253,116
3,253,116
3,253,116
3,253,116
3,253,116
3,253,116
3,253,115
3,255,115
3,255,115
3,255,115
3,255,115
3,255,115
3,255,118
3,253,120
3,253,120
3,253,120
3,253,120
3,253,120
3,251,120
3,251,120
3,251,120
3,253,120
3,251,120
3,251,120
3,251,120
3,253,119
3,253,118
3,253,117
3,255,116
3,255,116
3,255,116
3,255,116
3,253,116
3,253,116
3,253,116
3,253,115
3,250,113
3,253,110
3,253,108
3,253,108
3,253,105
3,253,105
3,250,105
3,250,109
2,250,112
2,250,113
2,250,113
2,251,115
2,251,115
3,251,116
3,251,116
2,251,117
2,251,117
2,251,118
3,251,118
3,251,119
3,251,119
3,251,119
3,251,119
3,251,119
3,253,119
3,253,119
3,251,117
3,251,117
3,248,117
2,248,116
2,248,116
2,248,116
2,248,116
3,251,116
3,251,115
3,251,115
3,251,115
3,251,115
3,251,115
3,251,114
3,253,114
3,255,114
3,255,114
3,255,114
3,255,118
3,253,119
3,253,121
3,253,121
3,253,121
3,253,122
3,253,123
3,253,123
3,253,123
3,253,122
3,253,122
3,253,121
3,253,121
3,253,121
3,253,120
3,253,120
3,253,119
3,253,118
3,253,116
3,253,116
3,253,116
3,253,116
3,253,116
3,253,116
3,253,116
3,253,116
3,253,116
3,253,116
3,251,116
3,251,116
3,251,115
3,250,113
3,250,112
3,253,110
3,253,110
3,253,110
3,253,111
3,250,113
3,250,113
3,250,113
3,250,113
3,250,113
3,250,111
3,250,111
3,250,109
3,250,108
3,248,107
3,248,106
3,248,105
3,248,104
3,248,103
3,248,103
3,248,102
3,247,101
3,247,101
3,245,100
3,242,98
3,242,96
2,238,92
3,241,89
3,243,84
4,245,80
3,249,80
3,249,80
3,252,73
3,252,76
3,249,79
3,249,83
3,249,84
3,249,87
3,249,88
2,246,90
2,247,92
3,247,94
3,247,95
3,250,96
3,250,96
3,250,97
3,250,98
3,250,99
3,250,101
3,248,103
3,245,105
3,245,105
3,245,105
3,248,105
3,250,105
3,250,106
3,250,107
3,250,108
3,250,108
3,255,108
3,255,108
3,255,109
3,253,110
3,253,112
3,253,112
2,250,113
2,250,113
2,251,114
2,251,114
2,251,115
2,251,115
2,251,115
3,253,115
3,255,115
3,255,115
3,255,115
3,255,115
3,255,115
3,255,115
3,253,115
3,253,115
3,253,115
3,253,115
3,253,115
3,255,115
3,253,116
3,253,116
3,253,116
3,253,116
3,253,116
3,253,116
3,253,116
3,253,116
3,255,115
3,255,115
3,255,115
3,255,115
3,255,115
3,255,115
3,253,118
3,253,119
3,253,120
3,253,120
3,253,120
3,253,120
3,253,119
3,253,119
3,251,119
3,251,118
3,251,118
3,251,118
3,251,118
3,251,117
3,253,116
3,253,115
3,253,115
3,255,115
3,255,115
3,255,115
3,253,115
3,253,115
3,251,115
3,251,114
3,250,113
3,250,110
3,253,108
3,253,108
3,253,107
3,253,107
3,250,107
3,250,109
2,250,112
2,250,113
2,251,114
2,251,115
3,251,116
2,251,116
2,251,117
3,253,117
3,253,118
3,253,118
3,253,118
3,253,118
3,253,119
3,253,119
3,253,119
3,253,119
3,253,119
3,253,120
3,253,119
3,251,119
3,249,120
3,249,119
2,248,117
2,248,116
2,248,116
3,251,116
3,251,116
3,251,116
2,248,116
2,248,116
3,251,115
3,251,115
3,253,114
3,253,114
3,255,114
3,253,114
3,253,116
3,253,119
3,253,121
3,253,121
3,253,121
3,253,121
3,253,122
3,251,123
3,251,123
3,251,122
3,253,122
3,253,122
3,253,121
3,253,121
3,253,120
3,253,120
3,253,119
3,253,119
3,253,118
3,253,116
3,253,116
3,253,116
3,253,116
3,253,116
3,253,116
3,253,116
3,253,116
3,253,116
3,253,116
3,251,115
3,251,115
3,253,113
3,253,110
3,253,110
3,253,110
3,253,110
3,253,110
3,250,111
3,250,112
3,250,112
3,250,111
3,253,110
3,253,109
3,253,109
3,250,108
3,250,107
3,250,106
3,248,105
3,248,104
2,248,104
2,248,103
2,248,102
3,250,101
3,250,101
3,247,101
3,245,100
3,242,99
2,239,97
2,239,93
3,241,90
3,240,84
4,245,80
3,249,80
3,249,80
4,251,72
3,248,74
3,249,79
3,249,82
3,246,84
3,249,87
2,246,89
2,246,90
2,247,93
3,247,94
3,247,95
3,250,96
3,250,97
3,250,98
3,250,99
3,250,100
3,248,102
2,243,105
2,241,107
2,241,107
3,245,105
3,248,105
3,248,106
3,250,106
3,250,107
3,250,108
3,250,108
3,253,108
3,253,109
3,253,109
3,253,110
3,253,112
3,250,113
3,250,113
3,250,113
2,251,114
2,251,115
2,251,115
2,251,115
2,251,115
3,253,115
3,253,115
3,253,115
3,255,115
3,255,115
3,255,115
3,255,115
3,253,115
3,253,115
3,253,115
3,253,115
3,255,115
3,255,115
3,255,115
3,253,116
3,253,116
3,253,116
3,253,116
3,253,116
3,253,116
3,253,116
3,255,115
3,255,115
3,255,115
3,255,115
3,255,115
3,253,116
3,253,118
3,253,118
3,253,119
3,253,119
3,253,119
3,253,119
3,253,119
3,251,118
3,251,117
3,251,117
3,251,117
3,251,117
3,251,116
3,251,115
3,253,115
3,253,115
3,253,115
3,255,115
3,255,115
3,253,115
2,251,115
2,251,115
3,251,115
3,251,114
3,250,113
3,250,110
3,250,108
3,253,108
3,253,107
3,250,107
3,250,107
2,250,111
2,250,113
3,251,114
3,251,116
3,251,116
3,251,116
3,251,117
2,251,117
3,253,118
3,253,118
3,253,118
3,253,118
3,253,118
3,253,119
3,253,119
3,253,119
3,253,119
3,253,120
3,253,120
3,253,121
3,251,121
3,249,121
3,249,121
3,249,119
3,251,118
3,251,118
3,251,118
3,251,117
3,251,116
2,248,116
3,251,116
3,253,115
2,251,115
2,251,114
3,253,114
3,253,114
3,253,114
3,253,115
3,253,119
3,253,120
3,253,121
3,253,121
3,253,122
3,251,122
3,251,123
3,251,123
3,251,123
3,253,122
3,253,122
3,253,121
3,253,120
3,253,120
3,255,120
3,253,119
3,253,119
3,253,118
3,253,118
3,253,116
3,253,116
3,253,116
3,253,116
3,253,116
3,253,116
3,253,116
3,253,116
3,253,115
3,251,115
3,250,113
3,253,112
3,253,110
3,253,110
3,253,110
3,253,110
3,253,110
3,250,111
3,250,111
3,250,111
3,253,110
3,253,110
3,253,109
3,253,108
3,253,107
3,250,106
3,250,105
3,250,105
3,250,104
3,250,103
3,250,102
3,250,101
3,250,101
3,250,101
3,250,101
3,245,100
3,242,99
3,242,97
2,239,94
3,241,90
3,243,84
3,245,80
3,249,80
3,249,80
3,251,70
3,248,73
3,248,77
3,249,81
3,246,84
3,246,87
2,246,89
2,246,90
2,247,93
3,247,95
3,247,95
3,250,96
3,250,98
3,250,98
3,250,99
3,250,100
3,248,102
2,243,106
2,241,107
2,241,107
2,243,106
3,248,105
3,248,105
3,250,106
3,250,107
3,250,108
3,250,108
3,253,108
3,253,109
3,253,110
3,253,110
3,250,112
3,250,113
3,250,113
3,251,114
2,251,115
2,251,115
2,251,115
2,251,115
3,253,116
3,253,116
3,253,116
3,253,116
3,253,116
3,255,115
3,255,115
3,255,115
3,253,115
3,253,115
3,253,115
3,253,115
3,255,115
3,255,115
3,255,115
3,253,116
3,253,116
3,253,116
3,251,117
3,251,117
3,253,116
3,253,116
3,253,116
3,255,115
3,255,115
3,255,115
3,255,116
3,253,116
3,253,118
3,253,118
3,253,119
3,253,118
3,253,118
3,253,118
3,251,117
3,251,117
3,251,117
3,251,117
3,251,117
3,251,115
3,251,115
2,251,114
3,253,114
3,253,114
3,253,114
3,253,115
3,253,115
3,253,115
2,251,115
2,251,115
3,251,115
3,251,114
3,250,113
3,250,110
3,250,109
3,253,108
3,250,108
3,250,108
3,250,109
2,250,112
3,251,114
3,248,116
3,248,117
3,251,117
3,248,117
3,249,118
3,251,118
3,253,118
3,253,118
3,253,118
3,253,118
3,253,118
3,253,119
3,253,119
3,255,119
3,255,120
3,255,120
3,253,121
3,253,122
3,251,122
3,249,122
3,251,122
3,251,121
3,253,119
3,253,119
3,253,118
3,253,118
3,253,117
3,253,116
3,253,116
3,253,116
3,253,115
2,251,115
2,251,114
3,253,114
3,253,115
3,253,115
3,253,118
3,253,119
3,253,121
3,253,121
3,253,122
3,251,122
3,251,123
3,251,123
3,251,123
3,253,123
3,253,122
3,253,121
3,253,120
3,255,120
3,255,119
3,255,119
3,253,119
3,253,119
3,253,118
3,253,117
3,253,116
3,253,116
3,253,116
3,253,116
3,253,116
3,253,116
3,253,116
3,253,115
3,251,115
3,250,113
3,253,112
3,253,110
3,253,110
3,253,110
3,253,110
3,253,110
3,253,110
3,253,110
3,253,110
3,253,110
3,253,109
3,253,108
3,253,108
3,253,107
3,250,106
3,250,105
3,250,104
3,248,104
3,250,103
3,250,101
3,250,101
3,250,101
3,250,100
3,250,100
3,247,99
2,242,98
2,242,96
2,241,94
2,241,91
3,243,84
3,249,80
3,249,80
3,249,80
4,251,69
3,248,72
3,248,75
3,249,80
3,246,84
3,249,87
2,246,89
2,246,90
2,247,93
3,247,95
3,247,96
3,250,97
3,250,98
3,250,99
2,250,100
3,250,100
3,250,101
2,245,105
2,241,107
2,241,107
3,245,105
3,248,105
3,248,105
3,250,106
3,250,107
3,250,108
3,250,108
3,250,109
3,253,109
3,253,110
3,250,111
3,250,113
3,250,113
3,250,113
3,251,114
2,251,115
2,251,115
3,253,115
3,253,116
3,253,116
3,253,116
3,253,116
3,253,116
3,253,116
3,253,116
3,255,115
3,255,115
3,255,115
3,253,115
3,255,115
3,255,115
3,253,115
3,255,115
3,255,115
3,253,116
3,253,116
3,251,117
3,251,117
3,251,117
3,251,117
3,253,116
3,253,116
3,253,116
3,253,116
3,253,116
3,253,116
3,253,117
3,253,118
3,253,118
3,253,118
3,253,118
3,253,118
3,253,117
3,253,117
3,253,116
3,251,115
3,251,115
3,251,115
3,251,114
2,251,114
3,253,113
3,253,113
3,253,113
3,253,113
3,253,114
2,251,115
2,251,115
2,251,115
3,251,115
3,251,114
3,251,114
3,250,113
3,250,110
3,250,109
3,250,109
3,250,108
3,250,109
3,250,109
3,250,113
2,248,115
3,248,116
3,248,117
3,248,117
3,249,118
3,247,120
3,247,120
3,249,120
3,253,119
3,253,119
3,253,119
3,253,119
3,255,119
3,255,119
3,255,119
3,255,120
3,255,120
3,253,121
3,253,122
3,253,122
3,251,122
3,251,121
3,253,121
3,253,120
3,253,119
3,253,118
3,253,118
3,253,118
3,253,116
3,253,116
3,253,116
3,253,115
2,251,115
2,251,115
2,251,115
3,253,115
3,253,115
3,253,116
3,253,119
3,253,120
3,253,121
3,253,121
3,251,122
3,251,122
3,251,123
3,251,123
3,253,123
3,253,122
3,253,121
3,253,120
3,255,120
3,255,119
3,255,119
3,253,119
3,253,119
3,253,119
3,251,118
3,253,117
3,253,116
3,253,116
3,253,116
3,253,116
3,253,116
3,253,116
3,251,115
2,251,114
3,250,113
3,253,112
3,253,111
3,253,110
3,253,110
3,253,110
3,253,110
3,253,110
3,253,110
3,253,110
3,253,110
3,253,109
3,253,108
3,250,107
3,250,106
3,250,105
3,250,105
3,250,103
3,248,102
3,250,101
3,250,101
3,250,101
3,250,100
3,250,100
3,250,99
3,250,99
3,245,98
2,242,96
2,241,94
2,244,91
3,243,84
3,249,80
3,249,80
3,249,80
4,251,68
3,248,70
3,248,74
3,249,80
3,246,83
3,249,87
2,246,88
2,246,89
2,247,92
3,250,94
3,247,95
3,247,97
3,247,98
3,250,99
2,250,100
2,250,100
2,250,100
3,250,103
2,245,105
2,245,105
3,248,104
2,248,105
3,248,105
3,250,105
3,248,107
3,250,108
3,250,108
3,250,109
3,250,109
3,250,110
3,250,111
3,250,113
3,250,113
3,251,114
2,251,114
2,251,115
3,253,115
3,253,115
3,253,116
3,253,116
3,253,116
3,253,116
3,253,116
3,253,116
3,253,116
3,255,115
3,255,115
3,255,115
3,255,115
3,255,115
3,255,115
3,253,115
3,255,115
3,255,115
3,253,116
3,251,116
3,251,117
3,249,118
3,249,118
3,249,118
3,251,117
3,253,116
3,253,116
3,253,116
3,253,116
3,253,117
3,251,118
3,251,118
3,251,118
3,253,118
3,253,118
3,253,118
3,253,117
3,253,116
3,253,115
3,253,115
3,251,115
3,251,114
2,251,114
3,253,112
3,253,112
3,253,112
3,253,112
3,253,112
3,253,113
2,251,115
2,251,115
2,251,115
2,248,115
3,251,114
3,251,114
3,250,111
3,250,110
3,250,109
3,250,109
3,250,109
3,250,109
2,250,112
3,251,115
3,251,116
3,248,117
3,249,118
3,249,118
3,247,120
3,247,121
3,244,121
3,247,121
3,249,120
3,251,120
3,253,119
3,253,119
3,253,119
3,253,119
3,255,119
3,255,120
3,253,121
3,253,121
3,253,121
3,253,122
3,253,121
3,253,121
3,253,120
3,253,120
3,253,119
3,253,119
3,253,118
3,253,118
3,253,116
3,253,116
3,253,116
3,253,115
3,251,115
2,251,115
2,251,115
3,253,115
3,253,115
3,253,116
3,253,119
3,253,120
3,253,121
3,253,121
3,251,122
3,251,122
3,251,123
3,253,123
3,253,123
3,253,123
3,253,121
3,253,120
3,253,120
3,255,119
3,255,119
3,253,119
3,253,119
3,251,119
3,251,119
3,251,118
3,251,117
3,253,116
3,253,116
3,253,116
3,253,116
3,253,116
3,251,115
2,251,114
2,250,113
3,253,112
3,253,111
3,253,110
3,253,110
3,253,110
3,253,110
3,253,110
3,253,110
3,253,110
3,253,109
3,253,109
3,250,107
3,250,106
3,250,105
3,250,105
3,250,102
3,250,101
3,247,101
3,250,100
3,250,100
3,250,100
3,252,100
3,252,99
3,252,99
3,250,98
3,244,97
2,242,96
2,241,94
2,244,91
3,246,83
3,249,80
3,249,80
3,249,80
3,251,66
3,251,68
3,248,72
3,248,78
3,249,82
3,249,84
3,249,88
3,249,89
2,246,90
3,250,94
3,247,95
3,247,96
3,247,98
3,250,99
3,250,99
2,250,100
2,250,100
3,252,100
2,250,101
3,250,103
3,250,103
3,250,103
3,250,104
3,250,104
3,250,106
3,250,107
3,250,108
3,250,109
3,250,109
3,250,110
3,250,112
3,250,113
3,251,114
2,251,114
2,251,114
3,253,115
3,253,115
3,253,115
3,253,116
3,253,116
3,253,116
3,253,116
3,253,116
3,253,116
3,253,116
3,255,115
3,255,115
3,255,115
3,255,115
3,255,115
3,255,115
3,253,115
3,255,115
3,255,115
3,253,116
3,251,117
3,251,117
3,251,117
3,249,118
3,249,118
3,249,118
3,251,118
3,253,117
3,253,117
3,251,117
3,251,118
3,251,118
3,251,119
3,249,119
3,251,119
3,251,118
3,253,118
3,253,117
3,253,116
3,253,115
3,253,115
3,253,114
2,251,114
3,253,112
3,253,111
3,253,111
3,253,112
3,253,112
3,253,112
2,250,113
2,251,115
2,248,115
2,248,115
3,248,115
2,248,114
2,248,113
3,250,111
3,250,110
3,250,110
3,250,110
3,250,110
2,250,112
2,250,113
3,251,115
3,251,116
3,251,117
3,249,118
3,247,120
3,244,120
3,244,121
3,245,122
3,247,121
3,249,120
3,249,120
3,251,120
3,253,119
3,253,119
3,253,119
3,253,119
3,253,120
3,253,121
3,253,121
3,253,121
3,253,121
3,253,121
3,253,120
3,253,120
3,253,120
3,253,119
3,253,118
3,253,118
3,253,116
3,253,116
3,253,116
3,253,116
3,253,116
3,251,116
3,251,115
3,251,115
3,253,115
3,253,116
3,253,116
3,253,119
3,253,120
3,253,121
3,253,121
3,253,122
3,253,122
3,253,123
3,253,123
3,253,123
3,253,122
3,253,121
3,253,120
3,253,120
3,253,120
3,253,119
3,253,120
3,253,120
3,251,120
3,251,119
3,251,119
3,251,117
3,251,117
3,253,116
3,253,116
3,253,116
3,253,116
3,251,114
2,251,114
3,250,113
3,250,112
3,253,111
3,253,110
3,253,110
3,253,110
3,253,110
3,253,110
3,253,110
3,253,110
3,253,109
3,250,108
3,250,107
3,250,106
3,250,105
3,250,102
3,250,101
3,250,100
3,247,100
3,247,100
3,247,100
3,250,100
3,252,99
3,252,99
3,252,99
3,250,98
3,244,97
2,242,96
2,241,93
2,244,91
3,246,83
3,249,80
3,249,80
3,249,80
3,247,65
3,247,67
3,248,71
2,248,77
3,249,81
3,249,84
2,249,87
2,249,88
2,246,90
3,250,93
3,247,94
3,247,95
3,247,97
3,250,98
3,250,99
3,250,99
3,250,99
3,252,99
3,252,100
3,250,101
3,250,102
3,250,102
3,250,103
3,250,104
3,250,105
3,250,106
3,250,108
3,250,109
3,250,110
3,250,111
3,250,113
3,251,114
2,251,114
2,251,114
2,251,114
3,253,115
3,253,115
3,255,115
3,253,116
3,253,116
3,253,116
3,253,116
3,253,116
3,253,116
3,253,116
3,255,115
3,255,115
3,255,115
3,255,115
3,255,115
3,253,115
3,253,115
3,253,115
3,253,115
3,253,116
3,251,116
3,251,117
3,251,117
3,249,118
3,249,118
3,249,118
3,251,118
3,251,118
3,251,118
3,251,118
3,251,118
3,251,119
3,249,119
3,249,120
3,249,119
3,251,118
3,251,118
3,253,117
3,253,116
3,251,115
3,253,115
3,253,114
3,253,112
3,255,111
3,255,111
3,255,111
3,253,111
3,253,112
3,253,112
3,250,113
2,248,115
2,248,115
3,248,115
3,248,115
2,248,114
2,248,113
3,250,111
3,250,110
3,250,110
3,253,110
3,253,111
2,250,113
2,251,114
2,251,115
3,251,115
3,251,116
3,251,117
3,249,119
3,247,120
3,247,121
3,245,122
3,247,121
3,249,120
3,249,120
3,251,120
3,253,119
3,253,119
3,253,119
3,253,119
3,255,119
3,253,120
3,253,121
3,253,121
3,253,121
3,253,120
3,253,120
3,253,120
3,253,119
3,253,119
3,253,118
3,253,116
3,253,116
3,253,116
3,253,116
3,253,116
3,253,116
3,253,116
3,253,116
3,253,116
3,253,116
3,253,116
3,253,116
3,253,119
3,253,120
3,253,121
3,253,121
3,253,121
3,253,122
3,253,123
3,253,123
3,253,123
3,253,121
3,253,121
3,253,120
3,253,120
3,253,120
3,253,120
3,253,120
3,251,120
3,249,120
3,249,120
3,251,119
3,251,117
3,251,117
3,253,116
3,253,116
3,253,116
3,253,115
3,251,114
3,250,113
3,250,113
3,250,113
3,253,111
3,253,110
3,253,110
3,253,110
3,253,110
3,253,110
3,253,110
3,253,110
3,253,109
3,253,107
3,250,107
3,250,105
3,250,103
3,250,101
3,250,100
3,247,100
3,247,100
3,247,100
3,247,100
3,250,100
3,252,99
3,252,99
3,252,99
3,250,98
3,244,97
2,242,95
2,241,93
2,244,91
3,246,83
3,249,80
3,249,80
3,249,80
3,247,64
3,251,66
3,251,68
3,252,74
3,252,78
3,249,82
3,249,84
3,249,88
2,246,90
3,249,91
3,250,94
3,250,94
3,250,95
3,250,96
3,252,97
3,252,98
3,252,98
3,252,98
3,252,98
3,250,99
3,250,101
3,250,102
2,248,103
2,248,104
3,248,105
2,248,106
3,248,108
3,250,109
3,250,110
3,250,112
2,250,113
2,251,114
2,251,114
2,251,114
2,251,115
2,251,115
3,253,115
3,253,116
3,253,116
3,253,116
3,253,116
3,253,116
3,253,116
3,253,116
3,253,116
3,253,116
3,255,115
3,255,115
3,255,115
3,255,115
3,253,115
3,253,115
3,253,115
3,253,115
3,253,115
3,253,116
3,251,116
3,251,117
3,251,117
3,249,118
3,249,118
3,251,118
3,253,118
3,251,118
3,251,118
3,251,119
3,251,119
3,251,119
3,249,120
3,249,119
3,249,119
3,251,118
3,251,118
3,251,117
3,251,116
3,251,115
2,251,114
3,253,112
3,253,112
3,253,111
3,253,111
3,253,112
3,253,112
3,253,112
2,250,113
3,251,114
2,248,115
2,248,115
3,248,114
2,248,114
3,250,113
3,250,112
3,250,111
3,253,110
3,253,111
3,253,112
2,250,113
3,253,114
3,253,115
3,253,115
3,253,116
3,253,116
3,251,117
3,249,119
3,249,120
3,249,120
3,249,120
3,249,120
3,251,119
3,251,119
3,253,119
3,253,119
3,253,118
3,253,118
3,253,119
3,253,120
3,253,120
3,253,120
3,253,120
3,253,120
3,253,119
3,253,119
3,253,119
3,253,118
3,253,116
3,253,116
3,253,116
3,253,116
3,253,116
3,253,116
3,253,116
3,253,116
3,253,116
3,253,116
3,253,116
3,253,116
3,253,116
3,253,119
3,253,120
3,253,120
3,253,121
3,253,121
3,253,121
3,253,123
3,253,123
3,253,123
3,253,121
3,253,121
3,253,120
3,253,120
3,253,120
3,253,120
3,253,120
3,251,120
3,251,120
3,251,119
3,251,119
3,251,117
3,251,117
3,253,116
3,253,116
3,253,116
3,253,114
3,250,113
3,250,113
3,250,113
3,250,113
3,253,112
3,253,112
3,255,111
3,255,112
3,253,112
3,253,112
3,253,111
3,253,110
3,253,108
3,250,107
3,250,107
3,250,105
3,250,103
3,250,101
3,250,100
3,247,100
3,247,100
3,247,100
3,247,100
3,247,100
3,252,99
3,252,99
3,252,99
3,250,99
3,244,97
2,242,95
2,241,93
2,244,91
3,246,83
3,249,80
3,249,80
3,249,80
3,247,63
3,251,65
3,251,68
3,252,74
3,252,77
3,252,81
3,249,84
2,249,88
2,246,89
3,249,90
3,250,93
4,252,94
4,252,94
4,252,94
3,252,95
3,252,96
3,252,97
3,252,97
3,252,98
3,252,98
3,250,100
3,250,101
2,248,102
3,248,104
3,248,105
3,248,106
3,248,107
3,250,109
3,250,110
2,250,112
2,250,113
2,251,114
2,251,114
2,251,114
2,251,115
2,251,115
3,253,115
3,255,115
3,255,115
3,253,116
3,253,116
3,253,116
3,253,116
3,253,116
3,253,116
3,253,116
3,255,115
3,255,115
3,255,115
3,253,115
2,251,115
2,251,115
3,251,115
3,253,115
3,251,115
3,253,116
3,251,116
3,253,116
3,253,116
3,253,116
3,253,116
3,253,117
3,253,118
3,253,118
3,253,118
3,253,119
3,253,119
3,251,119
3,249,120
3,249,119
3,249,118
3,251,118
3,251,117
3,251,117
3,251,116
3,251,115
2,251,114
2,250,113
3,253,112
3,253,112
3,253,111
3,253,112
3,253,112
3,253,112
3,253,113
2,250,113
3,251,114
3,251,114
3,251,114
3,251,114
3,250,113
3,250,112
3,250,112
3,253,112
3,253,112
3,253,113
3,253,114
3,253,115
3,253,115
3,253,115
3,253,116
3,253,116
3,253,117
3,253,118
3,251,118
3,253,118
3,253,118
3,251,119
3,251,119
3,251,119
3,253,118
3,253,118
3,253,118
3,253,118
3,253,118
3,253,118
3,253,119
3,253,119
3,253,119
3,253,117
3,253,117
3,253,116
3,253,116
3,253,116
3,253,116
3,253,116
3,253,116
3,253,116
3,253,116
3,253,116
3,253,116
3,253,116
3,253,116
3,253,116
3,253,116
3,253,116
3,253,116
3,253,119
3,253,120
3,253,120
3,253,121
3,253,121
3,253,121
3,255,123
3,255,123
3,253,123
3,253,121
3,253,121
3,253,120
3,253,120
3,253,120
3,253,120
3,253,120
3,251,119
3,251,119
3,251,119
3,251,119
3,253,117
3,253,116
3,253,116
3,253,116
3,253,115
3,253,114
3,253,113
2,250,113
3,250,113
3,250,113
3,253,112
3,255,112
3,255,112
3,255,112
3,253,113
3,250,113
3,250,112
3,253,110
3,253,108
3,253,107
3,253,106
3,250,105
3,250,103
3,250,102
3,250,101
3,247,100
3,247,100
3,247,100
3,247,100
2,247,100
3,250,99
3,250,99
3,250,99
3,250,99
2,242,97
2,242,96
2,241,93
2,244,90
3,246,83
3,249,80
3,249,80
3,249,80
3,247,63
3,247,63
3,251,66
3,252,73
3,252,77
3,249,80
3,249,83
2,249,87
3,249,88
3,249,90
3,252,91
3,252,91
3,252,93
3,252,93
3,252,93
3,252,95
3,250,95
3,252,97
3,252,97
3,250,98
3,250,99
3,250,101
2,248,102
3,248,104
3,248,105
3,248,106
3,248,107
3,250,109
3,250,110
2,250,112
2,250,113
2,251,114
2,251,114
2,251,115
2,251,115
2,251,115
3,253,116
3,253,116
3,253,116
3,253,116
3,253,116
3,253,116
3,253,116
3,253,116
3,253,116
3,253,116
3,255,115
3,255,115
3,255,115
2,251,115
2,251,115
2,251,114
2,251,114
3,251,114
3,251,115
3,251,115
3,251,116
3,253,116
3,253,116
3,253,116
3,253,116
3,253,116
3,253,117
3,253,118
3,253,118
3,253,118
3,253,119
3,253,119
3,255,119
3,253,119
3,251,118
3,251,117
3,251,117
3,251,116
3,251,116
3,251,115
3,253,114
3,253,113
3,253,112
3,253,112
3,253,112
3,253,112
3,253,112
3,253,112
3,253,112
3,253,113
2,251,114
2,251,114
2,251,114
2,251,114
2,250,113
3,250,113
3,250,113
3,253,113
3,253,113
3,253,114
3,253,115
3,253,115
3,253,116
3,253,116
3,253,116
3,255,116
3,255,116
3,255,117
3,255,117
3,253,118
3,253,118
3,253,118
3,253,118
3,253,118
3,253,118
3,253,118
3,253,118
3,253,117
3,253,117
3,253,117
3,251,117
3,251,117
3,251,117
3,253,116
3,253,115
3,253,115
3,255,115
3,255,115
3,253,116
3,253,116
3,253,116
3,253,116
3,253,116
3,253,116
3,253,116
3,253,116
3,253,116
3,253,116
3,253,116
3,253,116
3,253,116
3,253,119
3,253,120
3,255,120
3,255,121
3,255,121
3,255,121
3,255,123
3,255,123
3,255,123
3,255,121
3,255,120
3,253,120
3,253,119
3,255,119
3,253,119
3,253,119
3,251,119
3,251,119
3,251,119
3,251,118
3,253,116
3,253,116
3,253,116
3,253,115
3,253,115
3,253,114
3,253,113
2,250,113
2,250,113
3,253,113
3,255,113
3,255,112
3,255,112
3,255,113
3,251,114
3,251,115
3,251,115
3,250,112
3,253,108
3,253,107
3,253,106
3,253,105
3,250,104
3,250,103
3,250,102
3,247,101
2,245,101
2,245,101
3,247,101
2,247,100
3,252,100
3,252,99
3,250,99
3,250,99
3,245,99
3,244,96
2,244,93
2,244,90
3,246,83
3,249,81
3,249,81
3,249,81
3,243,63
3,247,63
3,251,66
3,252,73
3,252,76
3,249,80
3,249,83
3,249,86
2,249,88
3,249,89
3,252,90
3,252,91
3,252,91
3,252,91
3,252,93
3,252,93
3,250,95
3,252,96
3,252,97
3,250,98
3,250,99
3,250,101
3,248,102
3,248,104
3,248,105
3,248,107
3,248,108
3,250,110
2,250,111
2,250,113
2,251,114
2,251,114
2,251,115
2,251,115
3,251,115
3,253,116
3,253,116
3,253,116
3,253,116
3,253,116
3,253,116
3,253,117
3,251,117
3,253,117
3,253,116
3,253,116
3,253,116
3,253,115
3,253,115
3,253,115
2,251,115
2,251,114
2,251,114
2,251,114
3,251,115
3,253,116
3,253,116
3,253,116
3,253,116
3,253,116
3,253,116
3,253,116
3,253,117
3,253,118
3,253,118
3,253,118
3,255,118
3,255,118
3,255,118
3,255,118
3,253,117
3,251,117
3,251,117
3,251,116
3,251,115
3,251,115
3,253,114
3,253,113
3,253,112
3,253,112
3,253,112
3,253,112
3,253,112
2,250,112
3,253,112
3,253,112
2,250,113
2,251,114
2,251,114
2,251,114
2,251,114
3,250,113
3,250,113
3,253,113
3,251,114
3,253,115
3,253,116
3,253,116
3,253,116
3,253,116
3,253,116
3,253,116
3,253,116
3,255,116
3,255,117
3,253,117
3,253,117
3,253,118
3,253,118
3,253,118
3,253,118
3,253,117
3,253,117
3,253,117
3,253,116
2,251,116
3,251,117
3,251,116
2,251,115
3,253,114
2,253,114
2,253,114
3,255,114
3,255,115
3,255,115
3,255,115
3,255,115
3,253,116
3,253,116
3,253,116
3,253,116
3,253,116
3,253,116
3,253,116
3,253,116
3,253,116
3,253,116
3,253,118
3,255,119
3,255,120
3,255,120
3,255,121
3,255,121
3,255,121
3,255,121
3,255,121
3,255,121
3,255,120
3,255,119
3,255,118
3,255,118
3,255,118
3,255,119
3,253,119
3,251,119
3,251,119
3,251,117
3,253,116
3,253,116
3,253,116
3,253,116
3,253,115
3,253,114
3,253,114
3,253,113
3,253,113
3,253,113
3,255,113
3,255,113
3,255,113
3,255,113
3,253,115
3,251,115
3,251,115
3,250,113
3,253,109
3,253,107
3,253,106
3,253,105
3,250,105
3,250,103
3,248,103
3,248,102
2,245,101
3,247,101
2,247,101
2,247,100
3,250,100
3,250,99
3,250,99
3,250,99
3,250,97
3,244,96
2,244,94
3,246,90
3,249,83
3,249,82
3,249,82
3,249,82
3,243,63
3,247,64
3,251,66
3,252,73
3,252,76
3,249,80
3,249,83
2,246,86
2,246,88
2,249,89
3,249,90
3,252,90
3,252,91
3,252,91
3,252,91
3,252,93
3,250,95
3,250,96
3,250,97
3,250,99
2,247,100
3,250,101
3,248,102
3,248,104
3,248,106
3,250,107
3,250,109
3,250,110
2,250,112
2,250,113
2,251,114
2,251,115
2,251,115
3,253,115
3,253,115
3,253,115
3,255,115
3,255,115
3,255,115
3,255,116
3,253,116
3,253,117
3,251,117
3,251,117
3,251,117
3,253,116
3,253,116
3,253,116
3,253,115
2,251,115
2,251,115
2,251,114
2,251,114
2,251,114
3,251,115
3,253,115
3,253,116
3,253,116
3,255,116
3,255,116
3,253,116
3,253,118
3,253,118
3,253,118
3,253,118
3,253,118
3,255,118
3,255,118
3,255,117
3,255,117
3,255,116
3,253,116
3,253,116
3,253,115
3,251,115
3,251,115
3,253,114
3,253,113
3,253,112
3,253,112
2,250,112
2,250,112
2,250,111
2,250,112
2,250,112
2,250,112
2,250,113
2,251,114
2,251,114
2,251,114
2,251,114
2,251,115
3,251,115
3,253,115
3,253,116
3,253,116
3,253,116
3,253,116
3,253,116
3,253,116
3,253,116
3,253,116
3,253,116
3,255,115
3,255,115
3,253,115
3,253,116
3,253,117
2,251,116
2,251,117
2,251,116
2,251,115
3,253,115
3,253,115
2,251,115
2,251,115
3,251,115
2,251,114
2,251,114
3,253,114
2,253,114
2,253,114
3,255,114
3,255,114
3,255,115
3,255,115
3,255,115
3,255,115
3,253,116
3,253,116
3,253,116
3,253,116
3,253,116
3,253,116
3,253,116
3,253,116
3,253,116
3,255,118
3,255,119
3,255,119
3,255,120
3,255,120
3,255,121
3,255,121
3,255,121
3,255,121
3,255,121
3,255,120
3,255,118
3,255,118
3,255,117
3,255,116
3,255,118
3,253,118
3,253,118
3,253,116
3,253,116
3,253,116
3,253,116
3,253,116
3,253,116
3,253,116
3,253,115
3,253,114
3,253,114
3,253,113
3,253,113
3,255,113
3,255,113
3,255,113
3,255,113
3,253,114
3,253,114
3,251,114
3,253,113
3,253,110
3,253,108
3,253,106
3,253,105
3,250,105
3,250,105
3,248,103
3,248,103
2,245,102
3,247,101
3,247,101
2,247,100
3,250,100
3,250,99
3,250,99
3,250,99
3,250,96
3,250,95
3,247,94
3,249,90
3,249,83
3,249,82
3,249,82
3,249,82
3,247,64
3,247,65
3,251,66
3,248,73
3,248,77
3,249,80
2,246,83
2,246,86
2,246,88
2,246,89
2,246,90
3,249,90
3,249,91
3,252,91
3,249,91
3,250,93
3,250,95
3,250,97
3,250,98
3,247,99
3,247,101
3,247,101
3,248,103
3,250,104
3,250,106
3,250,108
3,250,109
3,253,111
3,253,113
3,253,114
3,253,115
3,253,115
3,253,115
3,253,115
3,253,115
3,255,115
3,255,115
3,255,115
3,255,115
3,255,116
3,253,116
3,253,117
3,251,117
3,251,117
3,253,117
3,253,116
3,253,116
3,253,116
3,253,116
3,253,115
3,253,115
3,253,115
3,253,115
3,253,115
3,253,115
3,253,116
3,253,116
3,253,116
3,253,117
3,253,117
3,253,118
3,253,118
3,253,118
3,253,118
3,253,118
3,253,118
3,253,118
3,253,118
3,255,117
3,255,116
3,255,116
3,253,116
3,253,115
3,253,115
3,253,115
3,253,114
3,253,114
3,253,113
3,253,112
3,253,112
2,250,111
3,250,109
3,250,110
2,250,111
2,250,112
2,250,112
2,250,112
2,251,114
2,251,114
2,251,114
2,251,115
2,251,115
3,251,116
3,253,116
3,253,116
3,253,116
3,253,116
3,253,116
3,253,116
3,253,116
3,253,116
3,251,116
3,251,116
2,251,115
2,251,115
2,251,115
2,251,115
2,251,115
2,251,115
2,251,115
2,251,114
2,251,114
2,251,114
2,251,114
2,251,114
2,251,114
2,251,114
2,251,114
2,251,114
3,253,114
3,253,114
3,253,114
3,255,114
3,255,115
3,255,115
3,255,115
3,255,115
3,255,115
3,255,116
3,255,116
3,255,116
3,255,116
3,255,116
3,255,116
3,255,116
3,255,116
3,255,116
3,255,117
3,255,118
3,255,119
3,255,119
3,255,120
3,255,121
3,255,121
3,255,121
3,255,121
3,255,121
3,255,118
3,253,118
3,253,117
3,253,116
3,253,116
3,253,116
3,253,116
3,253,116
3,253,116
3,253,116
3,253,116
3,253,116
3,253,116
3,253,116
3,253,116
3,253,115
3,253,115
3,253,114
3,253,114
3,255,113
3,255,113
3,255,113
3,255,113
3,255,113
3,255,114
3,253,114
3,253,114
3,253,111
3,253,110
3,255,108
3,253,106
3,253,105
3,250,105
3,250,105
3,248,103
3,248,103
3,248,102
3,247,101
3,247,101
2,247,100
3,250,99
3,250,99
3,250,99
3,250,97
3,250,96
3,250,94
3,250,93
3,249,90
3,249,83
3,249,82
3,249,82
3,249,82
3,247,66
3,248,68
3,248,74
3,248,78
3,249,80
3,246,83
3,246,87
2,244,89
2,244,90
2,244,90
2,246,90
3,247,91
3,249,91
3,249,92
3,250,94
3,250,95
3,250,97
3,250,99
2,247,100
3,247,101
3,248,102
3,248,103
3,250,105
3,250,106
3,250,109
3,253,110
3,255,112
3,253,114
3,253,115
3,253,115
3,253,116
3,253,115
3,253,115
3,255,115
3,255,115
3,255,115
3,255,115
3,255,115
3,253,116
3,253,116
3,253,117
3,251,117
3,251,117
3,253,117
3,253,116
3,253,116
3,253,116
3,253,116
3,253,116
3,253,115
3,255,115
3,255,115
3,255,115
3,255,115
3,255,115
3,253,116
3,253,117
3,253,117
3,253,118
3,253,119
3,253,118
3,253,119
3,253,119
3,253,118
3,253,118
3,253,118
3,253,118
3,253,117
3,255,116
3,253,116
3,253,116
3,253,115
3,253,115
3,253,115
3,253,114
3,253,113
3,253,112
3,253,112
3,253,111
3,250,109
3,250,109
3,250,109
3,250,110
2,250,111
2,250,112
2,250,112
2,251,114
2,251,114
2,251,115
2,251,115
2,251,116
3,253,117
3,253,117
3,253,116
3,253,116
3,253,116
3,253,116
3,253,116
3,253,116
3,251,116
2,248,116
2,248,115
2,251,115
2,251,115
2,251,114
2,251,114
2,251,114
2,251,114
2,251,114
2,251,114
2,251,114
2,251,114
2,251,114
2,251,114
2,251,114
2,251,114
2,251,114
3,253,113
3,253,113
3,253,114
3,253,114
3,253,114
3,255,115
3,255,115
3,255,115
3,255,115
3,255,115
3,255,116
3,255,116
3,255,116
3,255,117
3,255,116
3,255,116
3,255,116
3,255,116
3,253,116
3,253,117
3,255,118
3,255,119
3,255,119
3,255,120
3,253,120
3,253,121
3,253,121
3,253,121
3,253,121
3,253,119
3,253,118
3,253,118
3,253,117
3,253,116
3,253,116
3,253,116
3,253,116
3,253,116
3,253,116
3,253,116
3,253,116
3,251,116
3,251,116
3,251,116
3,251,116
3,253,115
3,253,114
3,253,113
3,255,113
3,255,113
3,255,112
3,255,112
3,255,113
3,255,113
3,253,113
3,253,111
3,253,111
3,253,110
4,255,108
3,255,106
4,255,105
3,250,105
3,250,105
3,250,104
3,248,103
3,248,102
3,248,102
3,247,101
2,247,100
3,250,99
3,250,98
3,250,98
3,250,96
3,250,95
3,250,94
3,249,92
3,249,90
3,249,83
3,249,82
3,249,82
3,248,68
3,248,72
3,248,75
3,249,79
3,249,80
3,246,84
2,243,87
2,244,89
2,244,90
2,244,90
2,244,91
3,247,91
3,247,92
3,250,93
3,250,95
3,250,95
3,250,98
3,250,99
2,247,100
3,247,101
3,248,102
3,250,103
3,250,106
3,250,106
3,253,109
3,255,111
3,255,113
3,255,114
3,255,115
3,253,115
3,253,116
3,255,115
3,255,115
3,255,115
3,255,115
3,255,115
3,255,115
3,255,115
3,253,116
3,253,116
3,253,116
3,251,117
3,251,118
3,253,118
3,253,117
3,253,117
3,253,116
3,253,116
3,253,116
3,253,115
3,255,115
3,255,115
3,255,115
3,255,115
3,255,115
3,255,116
3,255,117
3,253,118
3,253,119
3,253,119
3,253,119
3,253,119
3,253,119
3,253,119
3,251,119
3,251,118
3,251,118
3,253,117
3,253,116
3,253,116
3,253,116
3,253,116
3,251,115
3,251,115
2,251,114
2,251,114
2,250,112
3,253,112
3,253,111
3,250,109
3,250,109
3,250,109
3,250,110
2,250,112
2,250,112
2,250,112
2,251,114
2,251,114
2,251,115
2,251,115
3,253,116
3,253,117
3,253,117
3,253,117
3,253,117
3,253,116
3,253,116
3,253,116
3,251,116
2,248,116
2,248,116
2,248,115
2,251,115
2,251,114
2,251,114
2,251,114
2,251,114
2,251,114
2,251,114
2,251,114
2,251,114
2,251,114
2,251,114
2,251,114
2,251,114
2,251,114
3,253,114
3,253,113
3,253,113
3,253,114
3,253,114
3,253,115
3,253,115
3,255,115
3,255,115
3,255,115
3,255,115
3,255,117
3,255,117
3,255,117
3,255,117
3,255,117
3,255,116
3,255,116
3,255,116
3,253,116
3,253,116
3,253,117
3,253,118
3,255,119
3,255,119
3,253,120
3,253,121
3,253,121
3,253,121
3,253,120
3,253,120
3,253,119
3,253,118
3,253,118
3,253,116
3,253,116
3,253,116
3,253,116
3,253,116
3,253,116
3,253,116
3,253,116
3,253,116
3,253,116
3,253,116
3,253,116
3,253,115
3,253,114
3,255,113
3,255,113
3,255,112
3,255,111
3,255,111
3,255,111
4,255,111
3,253,111
3,253,111
3,253,110
3,253,109
3,255,108
3,255,106
3,253,105
3,250,105
3,250,105
3,250,103
3,250,103
3,248,102
3,247,101
3,247,100
3,247,99
3,247,99
3,247,98
3,247,96
3,247,95
3,247,94
3,250,94
3,249,92
3,249,90
3,249,83
3,249,82
3,249,81
3,248,72
3,248,74
3,248,78
3,249,80
3,249,82
3,246,84
2,243,87
2,244,89
2,244,90
2,241,90
2,244,91
2,244,91
3,247,92
3,247,94
3,250,95
3,250,96
3,250,99
3,250,100
3,247,100
3,247,101
3,248,102
3,248,103
3,250,106
3,250,107
3,253,109
3,255,111
3,255,114
3,255,114
3,255,115
3,255,115
3,255,115
3,255,115
3,255,115
3,255,115
3,255,115
3,255,115
3,255,115
3,253,116
3,253,116
3,253,116
3,253,116
3,253,118
3,253,118
3,253,118
3,253,118
3,253,118
3,253,117
3,253,116
3,253,116
3,253,115
3,255,115
3,255,115
3,255,115
3,255,115
3,255,115
3,255,115
3,255,116
3,253,118
3,253,118
3,253,118
3,253,118
3,253,119
3,253,119
3,253,119
3,251,119
3,251,119
3,251,118
3,251,117
3,251,117
3,251,117
3,251,116
3,251,116
3,251,116
3,251,115
2,251,114
2,251,114
2,251,114
2,250,112
3,253,112
2,250,111
3,250,110
3,250,110
2,250,112
3,253,112
3,253,112
3,253,112
2,250,113
2,251,114
2,251,115
2,251,115
3,253,117
3,253,118
3,253,118
3,253,118
3,253,117
3,253,116
3,253,116
3,253,116
2,248,116
2,248,116
2,248,116
2,248,115
2,251,115
2,251,114
2,251,114
2,251,114
2,251,114
2,251,114
2,251,114
2,251,114
2,251,114
2,251,114
2,251,114
2,251,114
2,251,114
2,251,114
3,253,114
3,253,114
3,253,115
3,251,115
3,251,116
3,251,116
3,253,116
3,253,116
3,255,116
3,255,115
3,255,117
3,255,117
3,255,117
3,255,117
3,255,117
3,255,117
3,255,117
3,255,116
3,253,116
3,253,116
3,253,116
3,253,117
3,253,118
3,253,119
3,255,119
3,253,120
3,253,120
3,253,121
3,253,121
3,253,121
3,253,120
3,251,119
3,251,119
3,251,119
3,251,117
3,253,117
3,253,116
3,253,116
3,253,116
3,253,116
3,253,116
3,253,116
3,253,116
3,253,116
3,253,116
3,253,115
3,253,115
3,253,114
3,255,113
3,255,112
3,255,110
3,255,109
3,255,110
3,255,110
3,253,110
3,253,110
3,253,110
3,253,109
3,253,109
4,255,107
3,253,106
3,250,105
3,250,105
3,250,105
3,250,103
3,250,102
3,248,102
3,247,101
3,247,100
3,247,99
3,247,98
3,247,96
3,247,96
3,247,95
3,247,94
3,249,92
3,249,91
3,249,89
3,249,82
3,249,80
3,249,80
3,248,74
3,248,76
3,248,78
3,249,80
3,249,82
2,246,84
3,246,87
2,244,89
2,244,90
2,244,90
2,244,91
3,247,92
3,247,93
3,247,95
3,250,95
3,250,96
3,250,98
3,250,100
3,247,100
3,247,101
3,248,102
3,248,103
3,250,106
3,250,107
3,250,110
3,253,111
3,253,113
3,255,114
3,255,115
3,255,115
3,255,115
3,255,115
3,255,115
3,255,115
3,255,115
3,255,115
3,253,116
3,253,116
3,253,116
3,253,116
3,253,118
3,253,118
3,253,118
3,253,118
3,253,118
3,253,118
3,253,118
3,253,116
3,253,116
3,253,115
3,253,115
3,255,115
3,255,115
3,255,115
3,255,115
3,255,116
3,253,117
3,253,117
3,253,118
3,253,118
3,253,118
3,253,118
3,253,119
3,251,119
3,251,119
3,251,119
3,251,118
3,251,117
3,251,117
3,251,117
3,251,117
3,251,117
3,251,117
3,251,116
3,251,115
3,251,114
2,251,114
2,251,114
3,253,112
3,253,112
3,253,112
3,253,112
3,253,112
3,253,112
3,253,112
3,253,112
3,253,113
2,251,114
2,251,115
2,251,115
2,251,117
3,253,118
3,253,118
3,253,118
3,253,117
3,253,116
3,253,116
3,253,116
2,248,116
2,248,116
2,248,116
2,248,115
2,251,115
2,251,114
2,251,114
2,251,114
2,251,114
2,251,114
2,251,114
2,251,114
2,251,114
2,251,114
2,251,114
2,251,114
2,251,115
2,251,115
3,253,115
3,251,116
3,251,116
3,251,117
3,251,117
3,253,117
3,253,117
3,253,118
3,253,118
3,253,118
3,253,118
3,253,119
3,255,118
3,253,118
3,253,118
3,255,118
3,253,117
3,253,117
3,253,116
3,253,116
3,253,116
3,253,117
3,253,117
3,253,118
3,253,119
3,253,120
3,253,120
3,253,121
3,253,121
3,253,121
3,253,120
3,251,119
3,251,119
3,251,119
3,251,118
3,251,118
3,251,117
3,253,116
3,253,116
3,253,116
3,253,116
3,253,116
3,253,116
3,253,116
3,253,115
3,253,115
3,253,114
3,253,113
3,255,112
3,255,109
3,255,109
3,255,109
3,255,109
3,255,110
3,253,110
3,253,110
3,253,110
3,253,109
3,253,108
3,253,106
3,250,105
3,250,105
3,250,105
3,250,103
3,250,103
3,250,102
3,250,101
3,247,100
3,247,99
3,247,99
3,247,98
3,247,96
3,247,95
3,247,94
3,247,92
3,247,91
3,246,90
3,249,88
3,249,81
3,249,80
3,249,80
3,248,76
3,248,77
3,249,79
3,249,82
3,249,83
2,246,84
2,246,86
2,246,89
2,246,89
2,244,90
3,247,91
3,247,92
3,247,94
3,247,95
3,250,95
3,250,97
3,252,98
3,250,99
3,250,100
3,247,100
3,250,102
3,250,103
3,250,106
3,250,106
3,250,110
3,253,111
3,253,113
3,255,114
3,255,115
3,255,115
3,255,115
3,255,115
3,255,115
3,255,115
3,255,115
3,253,116
3,253,116
3,253,116
3,253,116
3,253,116
3,253,118
3,253,118
3,253,118
3,253,118
3,253,118
3,253,118
3,253,118
3,253,118
3,253,116
3,253,115
3,253,115
3,253,115
3,253,115
3,255,115
3,255,115
3,255,115
3,253,116
3,253,117
3,253,117
3,255,117
3,253,118
3,253,118
3,251,119
3,251,119
3,251,119
3,251,118
3,251,117
3,251,117
3,251,117
3,251,117
3,251,117
3,251,117
3,251,117
3,251,116
3,251,116
3,251,116
3,251,115
3,251,114
3,250,113
3,253,113
3,253,112
3,253,112
3,253,112
3,253,112
3,253,112
3,253,113
3,253,113
3,253,114
2,251,115
2,251,115
2,251,117
3,251,118
3,251,118
3,251,118
3,251,117
3,251,117
3,251,116
3,251,116
2,248,116
2,248,116
2,248,116
2,248,115
2,251,115
2,251,114
2,251,114
2,251,114
2,251,114
2,251,114
2,251,114
2,251,114
2,251,114
2,251,114
2,251,115
2,251,115
3,251,116
3,251,116
3,251,117
3,251,118
3,251,118
3,251,118
3,251,118
3,251,119
3,253,119
3,253,119
3,253,119
3,253,119
3,253,120
3,253,120
3,253,120
3,253,120
3,253,119
3,253,118
3,253,118
3,253,117
3,253,117
3,253,117
3,253,117
3,253,117
3,253,118
3,253,118
3,253,119
3,253,119
3,253,120
3,253,120
3,253,120
3,253,120
3,253,120
3,251,119
3,251,119
3,251,119
3,251,119
3,251,118
3,251,118
3,251,117
3,251,117
3,253,116
3,253,116
3,253,116
3,253,116
3,253,115
3,253,115
3,253,115
3,253,114
3,253,113
3,253,112
3,255,109
3,255,109
3,255,109
3,253,109
3,253,109
3,253,110
3,253,110
3,253,110
3,253,109
3,253,108
3,253,106
3,250,105
3,250,105
3,250,103
3,250,103
3,250,102
3,250,101
3,250,100
3,250,100
3,247,99
3,250,99
3,247,97
3,247,96
3,247,94
3,247,94
3,247,92
3,246,90
3,246,89
3,249,87
3,249,80
3,249,79
3,249,79
3,248,78
3,249,80
3,249,82
2,246,83
2,246,83
2,246,86
3,246,87
2,246,89
2,246,90
3,247,91
3,247,92
3,247,94
3,247,95
3,250,95
3,252,97
3,252,98
3,252,98
3,252,99
3,250,100
3,250,102
3,250,103
3,250,106
3,250,107
3,250,110
3,253,111
3,253,113
3,255,114
3,255,115
3,255,115
3,255,115
3,255,115
3,255,115
3,255,115
3,255,115
3,253,115
3,253,116
3,253,116
3,253,116
3,253,118
3,253,118
3,251,119
3,251,119
3,251,119
3,251,119
3,253,118
3,253,118
3,253,118
3,253,117
3,253,115
3,253,115
2,251,115
2,251,115
3,253,115
3,253,115
3,253,115
3,253,116
3,253,116
3,253,117
3,255,117
3,255,117
3,255,118
3,253,119
3,251,119
3,251,119
3,251,118
3,251,118
3,251,117
3,251,117
3,251,117
3,251,117
3,251,117
3,251,117
3,251,116
3,251,116
3,251,116
3,251,116
3,251,115
3,251,115
3,253,114
3,253,113
3,253,112
3,253,112
3,253,112
2,253,113
2,253,113
3,253,113
3,253,114
3,253,115
2,251,115
3,251,117
3,251,118
3,251,118
3,251,118
3,251,118
3,251,117
3,251,117
3,251,117
3,248,117
3,248,117
2,248,116
2,248,116
2,251,114
2,251,114
2,251,114
2,251,114
2,251,114
2,251,114
2,251,114
2,251,114
2,251,115
2,251,115
2,251,115
3,251,115
3,251,116
3,251,117
3,251,119
3,251,120
3,251,120
3,251,120
3,251,119
3,253,119
3,253,119
3,253,119
3,253,120
3,253,120
3,253,120
3,253,120
3,253,120
3,253,120
3,253,120
3,253,120
3,253,118
3,253,118
3,253,117
3,253,117
3,253,117
3,253,117
3,253,117
3,253,118
3,253,118
3,253,119
3,253,119
3,253,120
3,253,120
3,253,120
3,253,120
3,253,120
3,255,119
3,255,119
3,253,118
3,251,118
3,251,118
3,251,118
3,251,117
3,253,116
3,253,116
3,253,116
3,253,116
3,255,115
3,255,115
3,253,115
3,253,114
3,253,114
3,253,112
3,253,110
3,253,109
3,253,109
3,253,109
3,253,110
3,253,110
3,253,110
3,253,110
3,253,109
3,253,108
3,250,106
3,250,105
3,250,105
3,250,103
3,248,102
3,248,102
3,250,101
3,247,100
3,250,100
3,250,99
3,250,99
3,247,97
3,247,96
3,247,94
3,247,92
3,247,91
3,246,89
3,246,88
3,249,85
3,249,80
3,249,79
3,248,78
3,249,80
3,246,83
2,246,83
2,246,83
2,246,84
3,246,86
2,246,89
2,246,89
3,247,91
3,247,92
3,247,95
3,247,95
3,250,97
3,252,97
3,252,98
3,252,98
3,252,99
3,250,100
3,250,101
3,250,102
3,250,105
3,250,107
3,250,109
3,253,111
3,253,112
3,255,113
3,255,114
3,255,115
3,255,115
3,255,115
3,255,115
3,255,115
3,255,115
3,255,115
3,253,116
3,253,116
3,253,117
3,253,118
3,253,118
3,251,119
3,251,119
3,251,119
3,251,119
3,251,119
3,253,118
3,253,118
3,253,117
3,253,115
2,251,115
2,251,115
2,251,115
3,253,115
3,253,115
3,253,115
3,255,116
3,255,116
3,255,117
3,255,117
3,255,117
3,255,119
3,253,119
3,253,119
3,251,119
3,251,119
3,251,118
3,251,118
3,251,117
3,251,117
3,251,117
3,251,117
3,251,117
3,253,116
3,253,116
3,253,116
3,251,116
3,251,116
3,251,116
3,253,115
3,253,114
3,253,113
3,253,113
2,253,112
2,253,113
2,253,113
2,253,113
3,253,114
3,253,115
2,251,115
3,251,117
3,251,118
3,251,118
3,251,118
3,251,118
3,251,118
3,251,117
3,251,117
3,248,117
3,248,117
3,248,117
3,251,116
3,251,115
2,251,114
2,251,114
2,251,114
2,251,114
2,251,114
2,251,115
2,251,115
2,251,115
2,251,115
2,251,115
3,251,116
3,253,117
3,251,119
3,251,120
3,251,120
3,251,120
3,251,120
3,253,120
3,253,120
3,253,120
3,253,120
3,253,120
3,253,120
3,253,120
3,253,120
3,253,120
3,253,120
3,253,120
3,253,120
3,253,120
3,253,118
3,253,117
3,253,117
3,253,117
3,253,117
3,253,117
3,253,118
3,253,118
3,253,119
3,253,119
3,253,120
3,253,120
3,253,120
3,253,120
3,255,119
3,255,119
3,255,118
3,255,118
3,253,118
3,253,118
3,253,118
3,253,118
3,253,117
3,253,116
3,253,116
3,255,115
3,255,115
3,255,115
3,253,115
3,253,114
3,253,114
3,250,113
3,253,112
3,253,110
3,253,110
3,253,110
3,253,110
3,253,110
3,253,110
3,253,110
3,253,109
3,250,109
3,250,107
3,250,106
3,250,105
3,248,103
3,248,102
3,248,102
3,247,101
3,247,100
3,250,100
3,250,99
3,250,98
3,250,96
3,250,95
3,249,92
3,249,91
3,246,90
3,246,88
3,249,85
3,249,84
3,249,82
3,249,80
4,252,78
3,249,81
3,246,82
3,246,83
2,246,83
3,246,83
3,246,85
3,246,87
2,246,89
3,246,90
3,247,92
2,247,94
3,250,95
3,250,97
3,252,97
3,252,97
3,252,98
3,252,98
3,250,100
3,250,101
3,250,102
3,250,105
3,250,106
3,250,109
3,253,110
3,253,112
3,253,113
3,253,113
3,253,114
3,253,115
3,253,115
3,253,115
3,253,115
3,253,115
3,255,115
3,255,115
3,255,116
3,253,117
3,253,118
3,251,119
3,251,119
3,251,119
3,249,120
3,251,119
3,251,119
3,251,119
3,253,118
3,253,117
3,253,115
2,251,115
2,251,115
2,251,115
3,253,115
3,253,115
3,253,115
3,255,116
3,255,116
3,255,117
3,255,117
3,255,118
3,253,119
3,253,120
3,253,120
3,253,120
3,253,120
3,253,119
3,253,119
3,251,118
3,251,119
3,251,119
3,251,118
3,253,117
3,253,117
3,253,116
3,253,116
3,253,116
3,253,116
3,253,116
3,253,116
3,253,114
3,253,113
3,253,113
2,253,113
2,253,113
2,253,113
2,253,113
3,253,114
3,253,115
3,253,115
3,253,116
3,251,117
3,251,117
3,251,118
3,251,118
3,251,118
3,251,118
3,251,118
3,251,117
3,248,117
3,248,117
3,251,116
3,251,116
3,253,115
3,253,115
3,253,115
3,253,115
3,255,115
3,255,115
3,255,115
3,255,115
3,253,115
3,253,116
3,253,118
3,253,119
3,253,120
3,251,120
3,251,120
3,253,120
3,253,121
3,253,121
3,253,121
3,253,120
3,253,120
3,253,120
3,253,120
3,253,120
3,253,120
3,253,120
3,253,120
3,253,120
3,253,120
3,253,120
3,253,119
3,253,118
3,253,117
3,253,117
3,253,116
3,253,117
3,253,118
3,253,118
3,253,119
3,253,119
3,253,119
3,253,120
3,253,120
3,255,119
3,255,118
3,255,118
3,255,118
3,255,118
3,253,118
3,253,118
3,253,118
3,253,118
3,253,117
3,253,116
3,253,116
3,255,115
3,255,115
3,255,115
3,253,114
3,253,114
3,251,114
3,251,114
3,250,113
3,250,113
3,253,112
3,253,112
3,253,112
3,253,112
3,253,111
3,253,110
3,253,110
3,250,109
3,250,108
3,250,106
3,250,105
3,248,103
3,248,102
3,248,102
3,247,101
3,247,101
3,250,100
3,250,99
3,250,98
3,250,96
3,250,95
3,249,92
3,246,90
3,246,88
3,246,86
3,246,85
3,246,84
3,249,83
3,249,82
4,252,78
3,249,80
3,246,81
3,246,82
3,246,83
3,246,83
3,246,83
3,249,86
3,249,89
2,246,90
2,247,91
2,247,94
3,250,95
3,252,97
3,252,97
3,252,97
3,252,98
3,252,98
3,250,100
3,250,101
3,250,102
3,250,105
3,250,105
3,250,108
3,253,109
3,255,111
3,253,112
3,253,113
3,253,113
3,253,114
3,253,115
3,253,115
3,253,115
3,253,115
3,255,115
3,255,115
3,255,115
3,255,116
3,253,118
3,253,118
3,251,119
3,249,120
3,249,120
3,249,120
3,251,119
3,251,119
3,251,119
3,253,117
3,253,115
3,253,115
2,251,115
2,251,115
3,253,115
3,253,115
3,255,115
3,255,116
3,255,116
3,255,117
3,255,118
3,255,119
3,253,120
3,253,120
3,253,120
3,253,120
3,253,120
3,253,120
3,253,120
3,253,120
3,251,121
3,251,120
3,253,120
3,253,118
3,253,118
3,253,117
3,253,116
3,253,116
3,253,116
3,253,116
3,253,116
3,253,114
3,253,114
3,253,113
3,255,113
2,253,113
3,253,113
3,255,114
3,255,114
3,255,115
3,253,115
3,253,116
3,253,116
3,251,117
3,251,118
3,251,118
3,251,119
3,251,119
3,251,118
3,251,118
3,251,117
3,251,117
3,253,116
3,253,116
3,253,116
3,253,115
3,253,115
3,255,115
3,255,115
3,255,115
3,255,115
3,255,115
3,253,115
3,253,117
3,255,119
3,255,119
3,255,120
3,255,120
3,253,120
3,253,121
3,253,121
3,253,121
3,253,121
3,253,121
3,253,121
3,253,120
3,253,120
3,253,120
3,253,120
3,253,120
3,253,120
3,253,120
3,253,120
3,253,119
3,253,118
3,253,117
3,253,117
3,253,116
3,253,116
3,253,116
3,253,118
3,253,118
3,253,119
3,253,119
3,251,119
3,253,119
3,253,119
3,255,118
3,255,117
3,255,117
3,255,117
3,253,118
3,253,118
3,253,118
3,253,118
3,253,118
3,253,117
3,253,116
3,253,116
3,255,115
3,255,114
3,255,114
3,253,114
3,251,114
3,251,114
3,251,114
3,250,113
3,250,113
3,250,113
3,250,113
3,250,113
3,253,112
3,253,112
3,253,112
3,253,110
3,250,109
3,250,108
3,250,106
3,250,105
3,248,103
3,248,102
3,248,102
3,247,101
3,247,101
3,247,100
3,250,98
3,250,97
3,250,96
3,250,93
3,249,92
3,246,89
3,246,88
3,246,85
3,246,84
3,246,84
3,243,83
3,246,83
3,252,79
3,249,80
3,246,81
3,246,81
3,246,81
3,249,82
3,249,83
3,249,84
3,249,88
3,249,89
2,246,90
3,250,94
3,250,95
3,252,97
3,252,97
3,252,97
3,252,97
3,252,99
3,250,100
3,250,102
3,250,102
3,250,105
3,250,105
3,250,108
3,253,109
3,255,110
3,255,112
3,253,113
3,253,113
3,253,114
3,253,114
3,253,114
3,253,115
3,255,115
3,255,115
3,255,115
3,255,115
3,255,115
3,255,116
3,253,118
3,251,119
3,249,120
3,249,120
3,249,120
3,251,119
3,251,119
3,253,117
3,253,116
3,253,115
3,253,115
3,253,115
3,253,115
3,253,115
3,253,115
3,253,116
3,253,116
3,253,117
3,253,119
3,253,119
3,253,120
3,253,120
3,253,120
3,253,120
3,253,120
3,253,120
3,253,121
3,253,121
3,253,121
3,253,122
3,251,121
3,253,121
3,253,120
3,253,118
3,253,118
3,253,116
3,253,116
3,253,116
3,253,116
3,253,116
3,253,115
3,253,114
3,253,114
3,255,113
3,255,113
3,255,113
3,255,114
3,255,114
3,255,115
3,255,115
3,253,116
3,253,116
3,251,117
3,251,118
3,251,118
3,251,119
3,251,119
3,251,118
3,251,118
3,251,118
3,253,118
3,253,117
3,253,116
3,253,116
3,253,116
3,255,116
3,255,115
3,255,115
3,255,115
3,255,115
3,255,115
3,253,117
3,253,118
3,255,119
3,255,119
3,255,120
3,255,120
3,253,120
3,253,121
3,253,121
3,253,121
3,253,121
3,253,121
3,253,120
3,253,120
3,253,120
3,253,120
3,253,120
3,255,120
3,255,120
3,255,119
3,255,119
3,255,119
3,255,118
3,253,117
3,253,117
3,253,116
3,253,116
3,253,116
3,253,116
3,253,118
3,253,118
3,253,119
3,253,119
3,253,119
3,253,118
3,255,117
3,255,117
3,253,117
3,253,117
3,253,118
3,253,118
3,253,118
3,253,118
3,253,118
3,253,116
3,253,116
3,253,116
3,255,114
3,255,114
3,255,114
3,255,114
3,253,114
2,251,114
2,251,114
3,250,113
3,250,113
3,250,113
3,250,113
3,250,113
2,250,113
3,253,112
3,253,112
2,250,111
3,250,110
3,250,109
3,250,108
3,248,106
3,248,103
3,245,102
3,245,102
3,247,101
3,247,101
3,247,100
3,250,98
3,250,97
3,250,96
3,250,93
3,249,91
3,249,88
3,246,85
3,246,84
3,246,84
3,246,83
3,243,84
2,243,84
3,249,80
3,249,80
3,249,81
3,249,81
3,249,81
3,249,82
3,249,83
3,249,85
3,249,89
2,246,90
3,250,93
3,250,95
3,250,96
3,252,97
3,252,97
3,250,98
3,250,100
3,247,101
3,248,102
3,250,102
3,250,105
3,250,105
3,253,106
3,255,108
3,255,109
3,255,111
3,253,112
3,253,113
3,253,114
2,251,114
2,251,114
3,253,114
3,253,115
3,255,115
3,255,115
3,255,115
3,255,115
3,255,115
3,255,117
3,253,118
3,251,118
3,251,119
3,251,119
3,251,119
3,251,117
3,253,116
3,253,116
3,253,116
3,253,115
3,255,115
3,253,115
3,253,115
3,253,115
3,253,116
3,253,117
3,253,118
3,253,120
3,253,120
3,253,120
3,253,120
3,253,121
3,253,121
3,253,121
3,253,121
3,253,121
3,253,121
3,253,122
3,253,122
3,253,122
3,253,122
3,253,121
3,253,119
3,253,118
3,253,117
3,253,116
3,253,116
3,253,116
3,251,116
3,253,114
3,253,114
3,253,114
3,255,114
3,255,114
3,255,114
3,255,114
3,255,115
3,255,115
3,255,115
3,253,116
3,253,116
3,251,117
3,251,117
3,251,118
3,251,118
3,251,119
3,253,118
3,253,118
3,253,118
3,251,118
3,253,117
3,253,116
3,253,116
3,253,116
3,253,116
3,253,116
3,253,116
3,255,116
3,253,118
3,253,118
3,253,118
3,253,119
3,253,120
3,253,120
3,255,120
3,255,120
3,253,120
3,253,120
3,253,120
3,253,120
3,253,121
3,253,120
3,253,120
3,253,120
3,253,120
3,253,120
3,253,120
3,255,120
3,255,120
3,255,119
3,255,119
3,255,119
3,255,118
3,255,118
3,253,117
3,253,116
3,253,116
3,253,116
3,253,116
3,253,118
3,253,118
3,253,118
3,253,118
3,253,118
3,253,118
3,253,117
3,253,117
3,253,117
3,253,118
3,251,118
3,251,118
3,251,118
3,251,118
3,251,117
3,253,116
3,253,116
3,253,115
3,255,114
3,255,114
3,255,114
3,255,114
3,253,114
3,253,114
2,250,113
2,250,113
3,250,113
3,250,113
3,250,113
3,250,113
3,250,113
3,250,113
2,250,112
2,250,111
3,250,110
3,250,109
3,248,108
3,248,106
3,248,104
3,245,102
3,245,102
3,247,101
3,247,101
3,247,100
3,250,99
3,250,97
3,250,96
3,250,93
3,249,91
3,246,88
3,246,85
3,246,84
3,246,84
3,243,83
3,243,84
3,249,80
3,249,80
3,249,80
3,249,80
3,249,80
3,249,81
3,249,82
3,249,84
3,249,88
2,246,90
3,250,93
3,250,95
3,250,96
3,250,97
3,250,98
3,250,98
3,250,100
3,247,101
3,248,102
3,248,102
3,250,105
3,250,105
3,250,106
3,255,108
3,255,109
3,253,109
3,253,112
3,253,113
2,250,113
2,251,114
2,251,114
2,251,114
3,253,115
3,253,115
3,255,115
3,255,115
3,255,115
3,255,115
3,255,115
3,253,116
3,253,117
3,253,118
3,251,118
3,251,117
3,251,117
3,253,116
3,253,116
3,253,116
3,253,116
3,253,115
3,253,115
3,253,116
3,253,116
3,253,117
3,253,119
3,253,120
3,253,120
3,253,120
3,253,121
3,253,121
3,253,121
3,253,121
3,253,121
3,253,122
3,253,122
3,253,122
3,253,122
3,253,122
3,253,122
3,253,122
3,253,121
3,253,120
3,253,118
3,253,118
3,253,117
3,251,116
3,251,116
3,251,116
2,251,114
2,251,114
3,253,114
3,255,114
3,255,114
3,255,115
3,255,115
3,255,115
3,255,115
3,253,116
3,253,116
3,253,116
3,253,117
3,253,117
3,253,118
3,253,118
3,253,118
3,253,118
3,253,118
3,253,118
3,253,119
3,253,119
3,253,119
3,253,118
3,253,118
3,253,118
3,253,118
3,253,118
3,253,118
3,253,119
3,253,119
3,251,119
3,251,120
3,253,120
3,253,120
3,253,120
3,255,120
3,255,120
3,253,120
3,255,120
3,253,120
3,253,120
3,253,120
3,253,120
3,253,120
3,253,120
3,253,120
3,253,120
3,253,120
3,253,120
3,253,120
3,255,119
3,255,119
3,255,118
3,255,118
3,253,117
3,253,116
3,253,116
3,253,116
3,253,116
3,253,118
3,253,118
3,253,118
3,253,118
3,253,118
3,253,117
3,253,116
3,253,116
3,253,116
3,251,117
3,251,118
3,251,119
3,251,119
3,251,118
3,251,117
3,251,116
3,253,116
3,253,115
3,253,114
3,255,113
3,255,113
3,255,113
3,253,113
2,253,113
3,253,113
3,253,113
2,250,113
3,250,113
3,250,113
3,250,113
3,250,113
3,250,113
3,250,113
3,250,111
3,250,110
3,250,110
3,248,108
3,248,106
3,248,104
3,248,102
3,247,101
3,247,101
3,247,101
3,247,100
3,250,99
3,250,98
3,247,96
3,247,93
3,247,91
3,246,88
3,246,85
3,246,83
3,246,83
3,243,83
2,240,85
3,249,80
3,249,80
4,249,79
4,249,79
4,249,79
3,249,80
3,249,81
3,249,84
3,249,87
2,246,90
3,250,93
2,247,95
3,250,97
3,250,97
3,250,98
3,247,98
3,247,100
3,247,101
3,248,102
3,248,103
3,250,105
3,250,105
3,250,106
3,255,108
3,255,109
3,253,109
3,253,112
2,250,113
2,251,114
2,248,114
2,251,114
2,251,114
3,253,115
3,253,115
3,253,115
3,255,115
3,255,115
3,255,115
3,255,115
3,255,116
3,253,116
3,253,116
3,253,117
3,253,116
3,253,116
3,253,116
3,253,116
3,253,116
3,253,116
3,255,115
3,255,115
3,253,116
3,253,116
3,253,118
3,253,120
3,253,120
3,253,121
3,253,121
3,253,121
3,253,121
3,255,121
3,253,121
3,255,121
3,253,122
3,253,122
3,253,123
3,253,123
3,253,123
3,253,122
3,253,122
3,253,121
3,253,120
3,253,119
3,251,118
3,251,117
3,251,117
3,251,116
3,251,115
2,251,114
2,251,114
3,253,114
3,253,115
3,255,115
3,253,116
3,253,116
3,253,116
3,253,116
3,253,116
3,253,116
3,253,116
3,253,117
3,253,117
3,253,118
3,253,118
3,253,118
3,253,119
3,253,119
3,253,119
3,253,119
3,253,119
3,253,119
3,253,119
3,253,119
3,253,119
3,253,119
3,253,119
3,253,119
3,253,120
3,251,120
3,251,120
3,251,120
3,253,120
3,253,120
3,253,120
3,253,120
3,253,120
3,253,120
3,255,120
3,253,120
3,253,120
3,253,120
3,253,120
3,253,120
3,253,120
3,253,120
3,253,121
3,253,121
3,253,120
3,253,120
3,253,120
3,255,119
3,253,119
3,253,118
3,253,117
3,253,117
3,253,116
3,253,116
3,253,116
3,253,118
3,253,118
3,253,118
3,253,118
3,253,118
3,253,117
3,253,117
3,253,116
3,253,117
3,251,117
3,251,118
3,251,119
3,251,119
3,251,119
3,251,118
3,251,117
3,251,116
3,251,115
3,253,115
3,253,113
3,255,113
3,255,113
2,253,113
2,253,113
2,253,113
3,253,113
3,250,113
3,250,113
3,250,113
3,250,113
3,250,113
3,250,113
3,250,112
3,250,111
3,250,110
3,250,110
3,248,107
3,248,105
3,248,104
3,248,102
3,247,101
3,247,101
3,247,101
3,247,100
3,247,99
3,247,99
3,247,97
3,247,94
3,244,91
3,243,88
3,243,85
3,246,82
3,246,82
3,243,82
3,243,84
3,249,79
3,249,79
3,248,78
4,248,78
4,249,79
4,249,79
3,249,80
3,249,83
3,249,84
3,249,88
3,249,92
3,250,95
3,247,95
3,247,97
3,247,98
3,247,99
3,247,100
3,247,101
3,248,102
3,248,103
3,248,105
3,250,106
3,250,107
3,253,108
3,253,109
3,253,110
3,253,112
3,250,113
2,248,114
2,248,114
2,248,115
3,251,114
3,253,115
3,253,115
3,255,115
3,255,115
3,255,115
3,255,115
3,255,115
3,255,116
3,253,116
3,253,116
3,253,117
3,253,116
3,253,116
3,253,116
3,253,116
3,253,116
3,253,115
3,255,115
3,255,115
3,255,116
3,253,116
3,253,119
3,251,120
3,251,121
3,253,121
3,253,121
3,253,121
3,255,121
3,255,121
3,255,121
3,255,122
3,255,124
3,255,124
3,253,124
3,255,124
3,253,123
3,253,122
3,253,122
3,253,121
3,253,121
3,251,120
3,251,119
3,251,118
3,251,117
3,251,116
3,251,116
2,251,115
2,251,114
3,253,115
3,253,116
3,253,116
3,253,116
3,253,116
3,253,116
3,253,116
3,253,116
3,253,116
3,253,116
3,253,117
3,253,117
3,253,118
3,253,118
3,253,119
3,253,119
3,253,119
3,253,119
3,253,119
3,253,119
3,253,120
3,253,120
3,253,120
3,253,120
3,253,120
3,253,120
3,253,120
3,253,120
3,251,121
3,251,121
3,251,121
3,253,120
3,253,120
3,253,120
3,253,120
3,253,120
3,253,120
3,255,120
3,255,120
3,253,120
3,253,120
3,253,120
3,253,120
3,253,120
3,253,121
3,251,121
3,251,121
3,253,120
3,253,120
3,253,120
3,253,119
3,253,119
3,253,118
3,253,117
3,253,117
3,253,116
3,253,116
3,253,117
3,253,118
3,253,118
3,253,119
3,251,119
3,251,119
3,253,118
3,253,117
3,253,117
3,253,117
3,251,117
3,251,118
3,251,118
3,251,119
3,251,119
3,251,119
3,251,117
3,251,117
3,251,115
3,251,115
3,253,113
3,253,113
3,255,113
2,253,113
2,253,113
3,253,113
3,253,112
3,250,112
3,250,112
3,250,112
3,250,112
3,250,113
3,250,112
3,250,111
3,250,110
3,250,110
3,248,110
3,248,107
3,245,105
3,245,104
2,245,102
3,248,102
3,247,101
3,250,101
3,247,101
3,247,100
3,247,99
3,242,99
3,242,96
3,241,92
3,243,88
3,243,85
3,243,82
3,246,82
3,246,82
3,246,82
4,252,77
4,252,77
4,252,78
4,248,78
4,249,79
4,249,79
3,249,80
3,249,83
2,249,87
3,252,89
3,249,92
2,247,95
3,247,97
3,247,98
3,247,99
3,247,100
3,247,101
3,248,102
3,248,104
3,248,105
3,248,106
3,250,108
3,250,109
3,253,110
3,253,112
3,253,113
3,251,114
3,251,114
3,251,115
3,251,115
3,251,115
3,253,115
3,253,115
3,255,115
3,255,115
3,255,115
3,255,115
3,255,115
3,253,116
3,253,116
3,253,116
3,253,117
3,253,116
3,253,116
3,253,116
3,253,116
3,253,116
3,253,115
3,255,115
3,255,115
3,255,116
3,253,116
3,253,119
3,251,120
3,251,121
3,251,121
3,253,121
3,253,121
3,255,121
3,255,121
3,255,122
3,255,123
3,253,124
3,253,124
3,253,124
3,253,124
3,253,124
3,253,122
3,253,122
3,253,121
3,251,121
3,251,120
3,251,119
2,249,118
3,251,117
3,251,116
3,251,116
3,251,116
2,251,115
3,253,116
3,253,116
3,253,117
3,251,117
3,253,117
3,253,117
3,253,116
3,253,116
3,253,116
3,253,116
3,253,117
3,253,118
3,251,118
3,251,119
3,251,119
3,251,119
3,251,119
3,253,119
3,253,119
3,253,119
3,253,120
3,253,120
3,251,120
3,253,120
3,253,120
3,253,120
3,253,120
3,253,120
3,253,121
3,251,121
3,251,121
3,251,121
3,251,121
3,253,120
3,253,120
3,253,120
3,255,120
3,255,120
3,255,120
3,255,121
3,253,121
3,253,121
3,253,121
3,253,121
3,251,121
3,251,121
3,251,121
3,251,120
3,253,120
3,253,119
3,253,119
3,253,119
3,253,117
3,253,117
3,253,116
3,253,116
3,253,117
3,253,117
3,253,118
3,253,119
3,251,119
3,251,120
3,251,119
3,253,119
3,253,119
3,253,118
3,253,117
3,253,118
3,253,118
3,251,119
3,251,119
3,251,119
3,251,119
3,249,119
3,248,117
3,248,117
3,251,115
3,251,115
3,250,113
3,253,113
3,253,113
3,253,113
3,253,113
3,253,112
3,250,112
3,250,112
3,250,112
3,250,112
3,250,111
3,250,111
3,250,110
3,250,110
3,250,110
3,248,109
3,248,107
3,245,105
2,245,104
2,245,102
3,248,102
3,250,101
3,250,101
3,250,101
3,248,102
3,245,101
3,242,99
3,242,97
3,241,93
3,243,87
3,243,85
3,243,82
3,246,81
3,246,81
4,255,74
4,252,74
4,252,75
4,252,77
4,248,78
3,249,79
3,249,80
3,252,82
3,252,85
3,252,87
3,252,90
3,250,93
3,247,96
3,247,97
3,247,99
3,247,100
3,247,101
3,248,102
3,248,105
3,248,105
3,248,107
3,250,108
3,250,109
3,250,110
3,253,112
3,253,113
3,253,114
3,251,115
3,251,115
3,251,115
3,253,115
3,253,115
3,253,115
3,255,115
3,255,115
3,255,115
3,255,115
3,255,115
3,253,116
3,253,116
3,253,116
3,253,117
3,253,116
3,253,116
3,253,116
3,253,115
3,253,115
3,253,115
3,255,115
3,255,115
3,255,116
3,253,116
3,253,117
3,251,120
3,251,121
4,253,121
3,253,121
3,253,121
3,255,121
3,255,122
3,253,123
3,253,124
3,253,124
3,253,124
3,253,124
3,253,124
3,253,124
3,253,123
3,253,122
3,251,121
3,251,121
3,249,120
3,249,120
2,249,119
3,251,117
3,251,116
3,251,116
3,253,116
2,251,116
3,253,116
3,253,117
2,251,118
3,251,118
3,251,118
3,253,117
3,251,117
3,253,116
3,253,116
3,253,116
3,253,118
3,253,119
3,251,119
3,251,119
3,251,119
3,251,120
3,251,119
3,253,119
3,253,119
3,253,119
3,253,119
3,253,120
3,253,120
3,253,120
3,253,120
3,253,120
3,253,120
3,253,121
3,253,121
3,251,122
3,251,122
3,251,123
3,251,123
3,251,122
3,253,122
3,253,122
3,255,122
3,255,121
3,255,121
3,255,121
3,253,121
3,253,121
3,251,121
3,251,121
3,251,121
3,251,121
3,251,120
3,251,120
3,251,119
3,253,118
3,253,117
3,253,116
3,253,116
3,253,116
3,253,116
3,253,116
3,253,117
3,253,118
3,253,119
3,251,120
3,251,120
3,251,120
3,251,120
3,253,119
3,253,119
3,253,119
3,253,118
3,255,118
3,255,119
3,255,119
3,253,119
3,251,119
3,251,119
3,249,119
3,249,119
3,249,118
3,249,118
3,248,117
3,251,115
3,250,113
3,250,113
3,253,113
3,250,112
3,250,112
3,250,112
3,250,112
3,250,112
3,253,111
3,253,111
3,250,110
3,250,110
3,250,110
3,250,109
3,248,108
3,248,105
3,245,105
2,245,104
2,245,102
3,248,102
3,250,102
3,250,101
3,250,101
3,248,103
3,245,102
3,242,100
3,242,98
3,241,93
3,243,87
3,243,85
3,246,81
3,246,81
3,246,81
4,255,73
4,255,73
4,255,74
4,252,74
4,252,77
4,252,78
3,252,79
3,252,80
3,252,83
3,252,86
3,252,88
3,252,92
3,250,95
3,247,97
3,247,98
2,247,100
2,247,101
2,248,103
2,248,105
2,248,107
3,248,107
3,250,109
3,250,110
3,253,111
3,253,112
3,253,113
3,253,114
3,253,115
3,253,115
3,253,115
3,253,115
3,253,115
3,255,115
3,255,115
3,255,115
3,255,115
3,255,115
3,255,116
3,253,116
3,253,116
3,253,117
3,253,117
3,253,116
3,253,116
3,253,115
3,255,115
3,255,115
3,255,115
3,255,115
3,255,115
3,255,116
3,253,116
3,253,116
3,253,118
3,253,120
3,253,121
3,253,121
3,253,121
3,253,121
3,255,122
3,253,123
3,253,124
3,253,124
3,253,124
3,253,124
3,253,124
3,253,124
3,251,122
3,251,122
3,251,121
3,249,121
3,249,120
3,249,120
3,249,119
3,251,118
3,251,116
3,253,116
3,253,116
3,251,116
3,253,116
3,251,118
3,251,118
3,251,118
3,251,118
3,253,117
3,253,117
3,253,117
3,253,116
3,253,117
3,253,118
3,251,119
3,251,119
3,251,119
3,251,120
3,251,120
3,251,119
3,253,119
3,253,118
3,253,118
3,253,118
3,253,119
3,253,119
3,253,119
3,253,119
3,255,119
3,255,120
3,255,120
3,253,121
3,253,122
3,251,122
3,251,123
3,251,123
3,251,122
3,253,122
3,255,122
3,255,122
3,255,123
3,255,123
3,255,122
3,253,122
3,253,121
3,251,121
3,251,121
3,251,121
3,251,120
3,249,120
3,251,119
3,251,118
3,253,117
3,253,116
3,255,116
3,255,115
3,255,115
3,253,116
3,253,116
3,253,117
3,251,118
3,251,120
3,251,120
3,251,120
3,253,120
3,253,120
3,253,119
3,255,119
3,255,119
3,255,119
3,255,119
3,255,119
3,255,119
3,255,119
3,253,119
3,251,119
3,249,119
3,249,119
3,249,119
3,249,119
3,249,119
3,249,118
3,248,116
3,250,113
3,250,113
3,250,112
3,253,112
3,253,112
3,253,112
3,253,112
3,253,111
3,253,111
3,253,110
3,250,110
3,250,109
3,248,109
3,248,107
3,248,105
2,245,105
2,245,103
2,245,102
3,248,102
3,250,102
3,250,102
3,250,102
3,250,103
3,247,101
3,245,99
3,244,96
3,244,92
3,246,87
3,246,84
3,246,81
3,246,81
3,246,81
4,255,71
4,255,72
4,255,73
4,252,74
4,252,76
4,252,78
3,252,79
3,252,82
3,252,83
3,252,87
3,252,89
3,249,92
3,250,95
3,250,97
3,247,99
2,247,100
3,250,103
3,250,104
3,250,107
2,248,108
3,250,109
2,250,111
3,253,112
3,253,112
3,253,113
3,255,114
3,255,114
3,253,115
3,255,115
3,255,115
3,255,115
3,255,115
3,255,115
3,255,115
3,255,115
3,255,115
3,255,116
3,253,116
3,251,117
3,253,117
3,253,117
3,253,116
3,255,115
3,255,115
3,255,115
3,255,115
3,253,115
3,253,116
3,253,116
3,253,116
3,253,116
3,253,116
3,253,117
3,253,119
3,253,120
3,253,120
3,253,121
3,253,121
3,255,122
3,255,123
3,253,123
3,253,124
3,253,124
3,251,125
3,251,125
3,251,124
3,251,122
3,251,122
3,251,122
3,251,121
3,249,121
3,251,120
3,251,120
3,251,119
3,251,117
3,253,116
3,253,116
3,251,117
3,251,118
3,251,118
3,251,119
3,251,119
3,253,118
3,253,118
3,253,118
3,253,117
3,253,118
3,253,118
3,253,118
3,253,119
3,251,119
3,251,119
3,251,119
3,251,119
3,251,119
3,251,118
3,251,117
3,253,117
3,253,117
3,253,117
3,253,117
3,253,117
3,255,117
3,255,118
3,255,119
3,255,119
3,255,120
3,253,122
3,251,122
3,251,123
3,251,123
3,253,122
3,255,122
3,255,123
3,255,123
3,255,123
3,255,123
3,255,123
3,253,122
3,253,122
3,251,121
3,251,121
3,249,121
3,249,120
3,249,120
3,251,118
3,251,117
3,253,116
3,253,116
3,255,115
3,255,115
3,255,115
3,255,116
3,253,116
3,253,117
3,253,118
3,253,119
3,253,120
3,253,120
3,253,120
3,255,119
3,255,119
3,255,119
3,255,119
3,255,119
3,255,119
3,255,119
3,255,119
3,255,119
3,253,119
3,253,119
3,251,119
3,249,119
4,249,119
4,249,120
4,249,119
3,246,119
3,246,118
3,248,114
3,250,113
3,250,113
3,253,112
3,253,112
3,253,112
3,253,112
3,253,111
3,253,110
3,253,110
3,250,109
3,250,109
3,248,108
3,248,106
2,245,105
2,245,105
2,245,103
2,245,102
3,248,102
3,250,102
3,250,102
3,250,101
3,250,101
3,250,100
3,247,98
3,247,94
3,247,91
3,246,86
3,246,83
3,245,80
3,245,80
4,255,70
4,255,70
4,255,70
4,252,73
4,252,74
4,252,76
3,252,78
3,252,79
3,252,82
3,252,86
3,252,88
3,252,90
3,252,93
3,250,96
3,250,98
2,247,100
3,250,103
3,250,104
3,250,107
2,248,108
3,250,110
2,250,112
2,250,112
3,253,113
3,255,113
3,255,114
3,255,114
3,255,115
3,255,115
3,255,115
3,255,115
3,255,115
3,255,115
3,255,115
3,255,115
3,255,115
3,253,116
3,251,117
3,251,118
3,251,118
3,253,117
3,255,115
3,255,115
3,255,115
3,255,115
3,255,115
3,253,116
3,253,116
3,253,116
3,253,116
3,253,116
3,253,116
3,253,117
3,253,118
3,253,120
3,253,120
3,253,121
3,253,121
3,255,121
3,255,122
3,253,123
3,253,124
3,253,125
3,251,125
3,251,125
3,251,125
3,251,124
3,251,122
3,251,122
3,251,122
3,251,121
3,251,121
3,251,120
3,251,119
3,251,119
3,251,117
3,251,117
3,251,117
3,251,118
3,251,119
3,251,120
3,251,120
3,251,119
3,253,119
3,253,118
3,253,118
3,255,118
3,255,118
3,253,119
3,253,119
3,253,119
3,251,119
3,251,119
3,251,119
3,251,118
3,253,117
3,253,117
3,253,116
3,253,116
3,253,116
3,253,116
3,253,116
3,255,117
3,255,117
3,255,118
3,255,119
3,255,119
3,253,120
3,253,121
3,253,122
3,253,121
3,253,121
3,255,122
3,255,123
3,255,123
3,255,123
3,255,123
3,255,123
3,253,123
3,253,122
3,251,122
3,251,121
3,251,120
3,251,120
3,251,120
3,251,119
3,251,117
3,253,116
3,253,116
3,255,115
3,255,115
3,255,115
3,255,116
3,253,116
3,253,117
3,253,118
3,253,118
3,253,119
3,253,119
3,255,119
3,255,119
3,255,119
3,255,119
3,255,119
3,255,119
3,255,119
3,255,119
3,255,119
3,253,119
3,253,119
3,253,119
3,251,119
3,251,118
3,249,119
3,246,119
3,246,119
3,246,119
3,246,118
3,246,116
3,248,113
3,250,112
3,253,112
3,253,112
3,253,112
3,253,110
3,253,110
3,253,110
3,253,110
3,250,109
3,250,109
3,248,107
3,248,106
2,245,105
2,245,105
2,245,103
2,245,102
3,248,102
3,248,102
3,250,102
3,250,101
3,250,100
3,250,99
3,250,97
3,250,93
3,246,89
3,249,86
3,246,83
3,245,80
3,245,80
4,255,68
4,255,68
4,255,68
3,251,70
3,251,72
3,252,74
3,252,76
3,252,78
3,252,82
3,252,83
3,252,87
3,252,89
3,252,93
3,252,95
3,252,97
2,250,99
3,253,102
3,250,104
3,250,107
3,250,108
2,250,111
2,250,112
3,253,112
3,253,112
3,255,113
3,255,114
3,255,114
3,255,114
3,255,115
3,255,115
3,255,115
3,255,115
3,255,115
3,255,115
3,255,115
3,255,115
3,253,116
3,246,119
3,246,119
3,246,118
3,251,117
3,255,115
3,255,115
3,255,115
3,255,115
3,253,115
3,253,116
3,253,116
3,253,116
3,253,116
3,253,116
3,253,116
3,253,116
3,253,118
3,253,120
3,253,120
3,253,120
3,253,121
3,253,121
3,253,122
3,253,122
3,253,123
3,251,125
3,251,125
3,251,125
3,251,125
3,251,124
3,251,123
3,251,122
3,251,122
3,251,122
3,251,121
3,251,120
3,251,120
3,251,119
3,251,117
3,251,117
3,251,117
3,251,119
3,251,120
3,251,120
3,251,121
3,251,120
3,253,120
3,253,119
3,253,119
3,255,119
3,255,119
3,255,119
3,253,119
3,253,119
3,251,119
3,251,119
3,251,119
3,251,118
3,253,117
3,253,116
3,253,116
3,253,116
3,253,116
3,253,116
3,255,116
3,255,116
3,255,117
3,255,118
3,255,118
3,255,119
3,253,120
3,253,121
3,253,121
3,253,121
3,255,121
3,255,121
3,255,122
3,255,123
3,255,123
3,255,123
3,255,123
3,253,123
3,253,122
3,253,122
3,251,122
3,251,120
3,251,120
3,251,120
3,251,119
3,253,117
3,253,116
3,253,116
3,253,116
3,255,115
3,255,115
3,255,116
3,253,116
3,253,117
3,253,118
3,253,118
3,253,119
3,253,119
3,255,119
3,255,119
3,255,119
3,255,119
3,255,119
3,251,119
3,253,119
3,253,119
3,253,119
3,253,119
3,253,118
3,253,118
3,251,118
3,251,117
3,249,118
3,249,119
3,246,119
3,246,118
3,246,116
3,246,113
3,253,112
3,253,111
3,253,110
3,253,110
3,253,110
3,253,110
3,253,110
3,253,110
3,250,110
3,248,109
3,248,108
2,245,106
2,245,106
2,245,105
2,245,104
3,245,103
3,245,102
3,248,102
3,248,102
3,250,101
3,250,100
3,250,99
3,250,98
3,250,95
3,249,91
3,246,89
3,249,85
3,246,83
3,245,80
3,245,80
4,251,68
4,251,68
4,251,68
4,251,69
3,251,72
3,252,74
3,252,76
3,252,79
3,252,82
3,252,86
3,252,88
3,252,91
3,252,94
3,252,97
3,250,98
3,252,100
3,250,104
3,250,106
3,250,108
2,250,111
2,250,111
2,250,112
3,253,113
3,255,113
3,255,114
3,255,114
3,255,114
3,255,115
3,255,115
3,255,115
3,255,115
3,255,115
3,255,115
3,255,115
3,253,116
3,251,117
3,244,119
3,244,119
3,246,119
3,249,118
3,255,115
3,255,115
3,255,115
3,255,115
3,253,115
3,253,116
3,253,116
3,253,116
3,253,116
3,253,116
3,253,116
3,253,116
3,253,117
3,253,119
3,253,120
3,253,120
3,253,120
3,253,121
3,253,121
3,253,122
3,253,123
3,251,124
3,251,125
3,251,125
3,251,124
3,253,124
3,253,124
3,251,122
3,251,122
3,251,122
3,251,122
3,251,121
3,251,120
3,251,119
3,251,117
3,251,117
3,251,117
3,251,119
3,251,120
3,251,121
3,251,121
3,251,120
3,253,120
3,253,119
3,255,119
3,255,119
3,255,119
3,255,119
3,253,119
3,253,119
3,253,119
3,251,119
3,251,119
3,251,118
3,253,117
3,253,116
3,253,116
3,253,116
3,253,116
3,255,116
3,255,115
3,255,116
3,255,117
3,255,118
3,255,118
3,253,119
3,253,120
3,253,120
3,253,121
3,253,121
3,255,121
3,255,121
3,255,121
3,255,122
3,255,123
3,255,123
3,255,123
3,253,123
3,253,123
3,253,122
3,253,122
3,251,120
3,253,120
3,253,119
3,253,119
3,253,117
3,253,116
3,253,116
3,253,116
3,253,116
3,253,116
3,253,116
3,253,116
3,253,117
3,253,118
3,253,118
3,253,119
3,255,119
3,255,118
3,255,118
3,255,118
3,255,119
3,253,119
3,251,119
3,253,119
3,253,119
3,253,119
3,253,118
3,253,118
3,253,118
3,253,117
3,253,116
3,253,116
3,253,115
3,248,117
3,248,116
3,246,113
3,253,113
3,253,111
3,253,110
3,255,110
3,255,109
3,255,109
3,253,109
3,253,109
3,253,109
3,250,109
3,248,109
3,248,107
2,245,106
2,245,106
2,245,105
3,245,103
3,245,103
3,245,102
3,248,102
3,247,101
2,247,101
3,250,100
3,250,99
3,250,96
3,247,94
3,247,91
3,246,87
3,246,83
3,245,80
3,245,80
4,247,67
4,251,67
4,251,67
4,251,67
3,251,70
3,252,73
3,252,75
3,252,77
3,255,81
3,255,83
3,252,87
3,252,90
3,252,93
3,252,97
3,250,98
3,250,100
3,250,104
3,250,106
3,250,108
3,250,110
2,250,112
2,250,112
3,250,113
3,253,114
3,255,114
3,255,114
3,255,114
3,255,114
3,255,115
3,255,115
3,253,115
3,253,115
3,253,115
3,253,115
3,251,115
3,248,116
3,244,119
3,244,119
3,246,119
3,248,116
3,253,115
3,255,114
3,255,114
3,255,115
3,253,115
3,253,116
3,253,116
3,253,116
3,253,116
3,253,116
3,253,116
3,253,116
3,253,118
3,253,118
3,253,119
3,253,120
3,253,120
3,253,121
3,253,121
3,253,121
3,253,122
3,251,124
3,253,124
3,253,124
3,253,124
3,253,124
3,253,124
3,253,124
3,251,123
3,251,122
3,251,122
3,251,121
3,251,121
3,251,119
3,251,117
3,251,117
3,251,117
3,251,118
3,251,120
3,251,121
3,251,121
3,253,120
3,253,120
3,253,120
3,255,120
3,255,119
3,255,119
3,255,120
3,253,120
3,253,120
3,251,120
3,253,120
3,251,119
3,253,119
3,253,118
3,253,117
3,253,116
3,253,116
3,253,116
3,253,116
3,255,115
3,255,116
3,255,116
3,255,118
3,253,118
3,253,119
3,253,119
3,253,120
3,253,120
3,253,121
3,253,121
3,253,121
3,255,121
3,255,122
3,255,122
3,255,123
3,255,123
3,253,123
3,253,123
3,253,122
3,253,122
3,253,120
3,253,120
3,253,119
3,253,119
3,253,117
3,253,116
3,253,116
3,253,116
3,253,116
3,253,116
3,253,116
3,253,116
3,253,116
3,253,117
3,253,118
3,253,118
3,255,118
3,255,118
3,255,118
3,255,119
3,253,119
3,251,119
3,251,119
3,251,119
3,251,119
3,251,119
3,253,118
3,253,117
3,253,116
3,253,115
3,253,115
3,253,115
3,255,114
3,253,113
3,255,113
3,255,113
3,255,111
3,255,109
3,255,109
3,255,109
3,255,109
3,255,109
3,255,109
3,255,109
3,253,109
3,250,109
3,248,108
3,248,107
2,245,106
2,245,105
2,245,104
3,245,103
3,245,102
3,248,102
3,247,101
3,247,101
3,247,100
2,247,100
3,247,98
3,247,95
2,244,92
3,246,89
3,246,87
3,246,83
3,245,80
3,245,80
3,247,66
4,251,66
3,251,65
3,251,67
3,251,70
3,252,73
3,252,76
3,252,79
3,252,82
3,252,86
3,252,89
3,252,91
3,252,95
3,250,98
3,250,100
3,250,102
3,250,105
3,250,108
3,250,109
2,250,111
2,250,113
3,250,113
3,251,114
3,251,114
3,255,114
3,255,114
3,255,114
3,253,115
2,251,115
2,251,115
2,251,115
3,253,115
3,251,115
3,253,115
3,251,115
3,246,116
3,246,118
3,246,116
3,251,115
3,253,114
3,253,113
3,255,114
3,253,114
3,253,115
3,253,115
3,253,116
3,251,116
3,253,116
3,253,116
3,253,116
3,253,117
3,253,118
3,253,118
3,253,118
3,255,120
3,253,120
3,253,121
3,253,121
3,253,122
3,253,122
3,251,123
3,253,124
3,253,124
3,253,124
3,253,124
3,253,124
3,253,124
3,251,123
3,251,122
3,251,122
3,251,121
3,251,121
3,251,118
3,253,117
3,253,117
3,253,117
3,251,117
3,253,118
3,253,120
3,251,121
3,253,120
3,253,120
3,253,120
3,253,120
3,253,120
3,253,121
3,253,121
3,251,121
3,251,121
3,251,121
3,251,120
3,253,120
3,253,119
3,253,119
3,253,118
3,253,116
3,253,116
3,253,116
3,253,116
3,253,116
3,253,116
3,253,117
3,251,118
3,251,118
3,251,118
3,251,119
3,253,119
3,253,120
3,253,121
3,253,121
3,253,121
3,253,122
3,253,122
3,255,122
3,255,123
3,255,123
3,253,123
3,253,122
3,253,122
3,253,122
3,253,120
3,253,119
3,255,119
3,253,118
3,253,117
3,253,116
3,253,116
3,253,116
3,253,116
3,253,116
3,253,116
3,253,116
3,253,116
3,253,116
3,253,117
3,253,118
3,255,118
3,255,118
3,255,118
3,255,119
3,253,119
3,251,119
3,251,119
3,251,119
3,251,119
3,253,118
3,253,118
3,253,117
3,253,115
3,253,115
3,253,114
3,255,114
3,255,113
3,255,113
3,255,111
3,255,111
3,255,109
3,255,109
3,255,109
3,255,109
3,255,109
3,255,109
3,255,109
3,253,109
3,253,109
3,250,109
3,248,107
3,248,106
2,245,106
2,245,105
2,245,104
2,245,102
3,248,102
3,247,101
3,247,101
3,247,100
3,247,100
3,247,99
3,244,96
3,244,93
3,244,91
3,244,89
3,246,85
3,246,81
3,245,80
3,243,65
3,247,64
3,251,64
3,251,65
3,251,69
3,251,71
3,252,73
4,255,77
3,255,81
3,252,85
3,252,88
3,252,91
3,252,94
3,250,98
3,250,100
3,250,101
3,250,105
3,250,107
3,250,109
2,250,111
2,250,112
2,250,113
3,251,114
3,251,114
2,251,114
2,251,114
2,251,114
2,251,115
2,251,115
2,251,115
2,251,115
2,251,114
3,253,114
3,253,114
3,253,114
3,251,114
3,251,114
3,250,113
3,253,113
3,253,113
3,253,113
3,253,113
3,253,114
3,253,114
2,251,115
2,251,116
3,251,117
3,251,117
3,253,117
3,253,118
3,253,118
3,253,118
3,255,118
3,255,118
3,255,119
3,255,120
3,253,121
3,253,121
3,253,122
3,253,123
3,253,123
3,253,124
3,253,124
3,253,124
3,253,124
3,253,124
3,253,124
3,251,124
3,251,123
3,251,122
3,253,121
3,253,120
3,253,117
3,255,117
3,255,117
3,255,117
3,255,117
3,255,117
3,255,118
3,255,118
3,253,119
3,253,120
3,253,120
3,253,120
3,253,121
3,251,121
3,251,121
3,251,122
3,251,122
3,251,121
3,253,121
3,253,121
3,253,120
3,253,120
3,253,119
3,253,119
3,253,118
3,253,116
3,253,116
3,253,116
3,253,117
3,251,117
3,251,118
3,251,118
3,251,118
3,251,118
3,253,118
3,253,119
3,253,120
3,253,121
3,253,121
3,253,122
3,253,122
3,253,123
3,253,123
3,253,123
3,253,123
3,253,122
3,253,122
3,253,121
3,253,120
3,255,119
3,255,118
3,255,118
3,255,117
3,253,116
3,253,116
3,253,116
3,253,116
3,253,116
3,253,116
3,253,116
3,253,116
3,253,116
3,253,116
3,253,117
3,255,118
3,255,118
3,255,118
3,255,118
3,253,118
3,251,119
3,251,119
3,253,118
3,253,118
3,253,118
3,253,117
3,253,115
3,253,115
3,253,114
3,253,114
3,255,113
3,255,113
3,255,111
3,255,111
3,255,109
3,255,109
3,255,109
3,255,109
3,255,109
3,255,109
3,255,109
3,253,109
3,253,109
3,250,109
3,250,109
3,248,107
3,248,106
3,248,105
3,248,105
2,245,103
3,248,102
3,247,101
3,247,101
3,247,100
3,247,100
3,247,99
3,245,98
3,244,95
3,244,92
3,244,90
3,243,86
3,246,83
3,245,80
2,245,79
3,243,63
3,247,63
3,251,63
3,251,64
3,247,66
3,251,70
3,252,73
3,252,76
3,255,81
3,255,83
3,252,86
3,252,89
3,250,93
3,250,96
3,250,98
3,250,101
3,250,104
3,250,106
3,253,109
3,253,109
3,253,112
2,250,113
2,250,113
2,251,114
2,251,114
2,251,114
2,251,114
2,251,114
2,251,115
2,251,114
2,251,114
3,253,114
3,253,113
3,253,112
3,253,112
3,253,112
3,253,112
3,253,112
3,253,112
3,253,112
2,253,113
2,253,113
2,253,113
3,253,114
2,251,115
2,251,117
3,251,117
3,251,118
3,251,118
3,251,119
3,251,118
3,253,118
3,255,118
3,255,118
3,255,119
3,255,120
3,255,121
3,253,121
3,253,122
3,253,123
3,253,123
3,253,124
3,253,124
3,253,124
3,253,124
3,253,124
3,253,124
3,253,124
3,251,123
3,251,122
3,253,121
3,253,119
3,255,117
3,255,116
3,255,115
3,255,115
3,255,115
3,255,116
3,255,117
3,255,118
3,255,118
3,253,119
3,253,120
3,253,121
3,251,121
3,251,122
3,251,122
3,251,122
3,251,122
3,251,122
3,253,122
3,253,121
3,253,121
3,253,120
3,253,120
3,253,119
3,253,119
3,253,119
3,253,118
3,253,118
3,251,117
3,251,117
3,251,118
3,251,118
3,251,118
3,251,118
3,253,118
3,253,119
3,253,120
3,253,121
3,253,121
3,251,122
3,251,123
3,249,123
3,253,123
3,253,122
3,253,122
3,253,122
3,253,122
3,253,121
3,255,119
3,255,119
3,255,118
3,255,118
3,255,116
3,253,116
3,253,116
3,253,116
3,253,116
3,253,116
3,253,116
3,253,116
3,253,116
3,253,116
3,253,116
3,253,117
3,255,117
3,255,117
3,255,117
3,255,118
3,253,118
3,253,118
3,251,119
3,253,118
3,253,118
3,253,118
3,253,116
3,253,115
3,253,115
3,253,114
3,253,114
3,255,113
3,255,112
3,255,111
3,255,110
3,255,109
3,255,109
3,255,109
3,255,109
3,255,109
3,253,110
3,253,110
3,253,109
3,253,109
3,250,109
3,250,109
3,248,106
3,248,106
3,248,105
3,248,104
3,248,102
3,248,102
3,250,101
3,250,100
3,250,100
3,247,99
3,247,99
3,244,96
3,244,93
3,244,91
3,244,89
3,246,85
3,246,81
3,249,79
3,249,79
4,251,63
3,251,63
3,251,64
3,247,65
4,251,69
3,251,72
3,252,75
3,255,79
3,255,83
3,252,86
3,252,88
3,252,92
3,250,95
3,250,98
3,250,100
3,250,104
3,250,106
3,253,109
3,253,109
3,253,112
3,253,112
2,250,113
2,250,113
2,251,114
2,251,114
2,251,114
2,251,114
2,251,114
2,251,114
2,250,112
2,250,112
3,253,111
3,253,110
3,253,110
3,253,109
3,253,110
3,253,111
3,253,111
3,253,112
2,253,112
2,253,113
2,253,113
3,253,114
2,251,115
2,251,117
3,251,118
3,251,118
3,251,119
3,249,119
3,251,119
3,253,119
3,255,119
3,255,119
3,255,119
3,255,121
3,253,121
3,253,121
3,253,123
3,253,123
3,253,123
3,253,123
3,253,124
3,253,124
3,253,124
3,253,124
3,253,124
3,251,124
3,251,123
3,251,122
3,253,121
3,253,119
3,255,117
3,255,115
3,255,114
3,255,114
3,255,114
3,255,115
3,255,115
3,255,116
3,255,118
3,255,118
3,253,120
3,253,121
3,251,121
3,251,122
3,249,123
3,251,123
3,251,122
3,251,122
3,253,122
3,253,122
3,253,122
3,253,121
3,253,121
3,253,121
3,253,120
3,253,119
3,253,119
3,253,119
3,251,119
3,251,118
3,251,118
3,251,118
3,251,117
3,253,117
3,253,118
3,253,118
3,253,119
3,253,120
3,251,121
3,249,122
3,249,122
3,249,123
3,251,122
3,253,122
3,251,122
3,253,121
3,253,121
3,253,120
3,253,119
3,255,118
3,255,118
3,255,117
3,255,116
3,255,116
3,253,116
3,253,116
3,253,116
3,253,116
3,253,116
3,253,116
3,253,116
3,253,116
3,253,117
3,253,117
3,253,117
3,255,117
3,255,117
3,255,117
3,253,118
3,251,119
3,251,119
3,251,119
3,251,119
3,251,118
3,253,116
3,253,115
2,251,115
2,251,114
2,251,114
3,253,112
3,255,111
3,255,111
3,255,109
3,255,109
3,255,109
3,255,109
3,255,109
3,255,109
3,253,110
3,253,110
3,253,110
3,253,109
3,250,109
3,250,109
3,248,106
3,248,106
3,248,105
3,248,104
3,248,102
3,247,101
3,250,101
3,250,100
3,250,99
3,250,99
3,247,98
3,247,95
3,247,91
3,244,89
3,243,86
3,246,82
4,249,79
4,252,78
4,251,63
3,251,63
3,251,63
3,247,65
3,248,69
3,251,72
3,248,75
3,252,79
3,252,82
3,252,83
3,252,87
3,252,89
3,250,93
3,250,96
3,250,100
3,250,104
3,250,106
3,253,109
3,253,109
3,253,112
3,253,112
2,250,113
2,250,113
2,251,114
2,251,114
2,251,114
2,251,114
2,251,114
2,250,112
2,250,111
3,250,110
3,253,109
3,253,109
3,253,109
3,253,109
3,253,109
3,253,110
3,253,111
3,253,111
3,253,112
3,253,112
3,253,114
3,253,114
2,251,116
3,251,117
3,251,117
3,251,118
3,251,119
3,249,119
3,251,119
3,253,119
3,255,119
3,255,120
3,255,121
3,253,121
3,253,121
3,253,122
3,253,123
3,253,123
3,253,123
3,253,123
3,255,123
3,253,124
3,253,124
3,253,124
3,251,124
3,251,124
3,251,123
3,251,122
3,253,121
3,253,119
3,253,116
3,255,115
3,255,114
3,255,113
3,255,113
3,255,113
3,255,114
3,255,115
3,255,116
3,255,118
3,253,119
3,253,120
3,251,122
3,249,124
3,249,124
3,249,124
3,251,124
3,251,123
3,253,122
3,253,122
3,253,122
3,253,122
3,253,122
3,253,121
3,253,121
3,253,121
3,253,120
3,253,119
3,253,119
3,251,119
3,251,118
3,251,118
3,253,117
3,253,117
3,255,117
3,255,117
3,253,118
3,251,119
3,251,120
3,249,121
3,249,122
3,249,123
3,251,122
3,253,121
3,253,121
3,253,121
3,253,120
3,253,119
3,253,119
3,255,118
3,255,118
3,255,116
3,255,116
3,255,116
3,255,115
3,253,116
3,253,116
3,253,116
3,253,116
3,253,116
3,249,118
3,249,118
3,249,118
3,251,118
3,253,118
3,255,117
3,255,117
3,255,117
3,253,118
3,253,118
3,251,119
3,251,119
3,251,118
3,251,117
3,251,117
2,251,115
2,251,115
2,251,114
2,250,113
3,253,112
3,255,111
3,255,110
3,255,109
3,255,109
3,255,109
3,255,109
3,255,109
3,253,110
3,253,110
3,253,110
3,253,110
3,253,109
3,250,109
3,250,109
3,248,106
3,248,106
3,248,105
3,248,104
3,248,102
3,250,101
3,250,100
3,252,99
3,252,99
3,250,98
3,247,96
3,247,93
3,247,91
3,246,86
3,246,83
3,249,81
3,248,78
4,252,77
3,251,63
4,251,63
3,247,65
3,248,69
3,248,70
3,248,73
3,252,79
3,252,82
3,252,83
3,252,86
3,252,89
3,252,93
3,250,96
3,250,99
3,250,102
3,250,106
3,253,109
3,253,109
3,253,112
3,253,112
3,253,112
3,250,113
3,250,113
3,250,113
2,251,114
2,250,113
2,248,112
2,250,111
3,250,110
3,250,109
3,253,109
3,253,108
3,253,108
3,253,109
3,253,109
3,253,109
3,250,110
3,253,111
3,253,111
2,250,112
3,253,114
3,253,114
3,253,115
3,251,116
3,253,117
3,251,118
3,251,118
3,251,119
3,253,119
3,253,119
3,255,119
3,253,120
3,253,121
3,253,121
3,253,123
3,253,124
3,253,124
3,253,124
3,253,124
3,253,124
3,255,123
3,253,124
3,253,124
3,253,124
3,253,124
3,253,124
3,251,123
3,251,122
3,251,121
3,253,119
3,253,117
3,253,115
3,253,113
3,253,113
3,253,113
3,253,113
3,253,113
3,255,114
3,255,115
3,255,116
3,255,119
3,253,120
3,251,122
3,249,124
3,249,125
3,249,125
3,249,125
3,251,125
3,253,124
3,253,124
3,253,124
3,253,124
3,253,124
3,253,122
3,253,122
3,253,121
3,253,121
3,253,120
3,253,119
3,253,119
3,253,119
3,253,119
3,253,118
3,253,117
3,253,117
3,255,117
3,253,117
3,253,118
3,251,119
3,251,120
3,249,121
3,249,121
3,253,121
3,253,120
3,253,120
3,253,120
3,253,119
3,253,119
3,253,119
3,255,118
3,255,117
3,255,116
3,255,116
3,255,116
3,253,116
3,253,116
3,253,116
3,253,116
3,253,116
3,249,118
3,249,118
3,249,118
3,249,118
3,249,118
3,253,118
3,255,117
3,255,117
3,255,117
3,255,117
3,253,118
3,253,118
3,251,118
3,251,118
3,251,117
3,251,116
3,251,115
3,251,115
2,251,114
2,250,113
3,253,112
3,255,111
3,255,109
3,255,109
3,255,109
3,255,109
3,253,110
3,253,110
3,253,110
3,253,110
3,253,110
3,253,110
3,253,109
3,250,109
3,250,109
3,248,106
3,248,106
3,248,105
3,248,103
3,248,102
3,250,101
3,250,101
3,252,100
3,252,99
3,250,98
3,247,95
3,247,92
3,246,90
3,246,85
3,249,82
4,249,79
3,248,77
4,251,63
4,251,63
3,247,65
4,248,69
4,248,70
3,248,73
3,249,79
3,252,80
3,252,83
3,252,86
3,255,88
3,252,90
3,252,94
3,250,98
3,250,102
3,250,106
3,253,108
3,253,109
3,253,110
3,253,112
3,253,112
3,250,113
3,250,113
3,250,113
3,250,113
2,248,113
2,246,111
2,248,110
3,250,109
3,250,108
3,253,108
3,253,107
3,253,108
3,253,108
3,250,109
3,248,109
3,248,110
3,248,111
2,248,112
2,250,113
3,253,113
3,253,114
3,253,115
3,253,116
3,253,116
3,253,117
3,253,118
3,253,118
3,253,119
3,253,119
3,253,120
3,253,121
3,253,121
3,253,122
3,253,124
3,253,124
3,253,125
3,253,124
3,253,124
3,253,124
3,253,124
3,253,124
3,253,124
3,253,124
3,253,124
3,253,124
3,253,123
3,251,122
3,251,121
3,253,119
3,253,118
3,253,115
3,253,113
3,253,113
3,253,112
3,253,112
3,253,112
3,255,113
3,255,114
3,255,115
3,255,118
3,255,119
3,253,121
3,249,124
3,247,126
3,247,126
3,249,126
3,251,125
3,253,124
3,253,124
3,253,124
3,253,124
3,253,124
3,253,124
3,253,123
3,253,122
3,253,121
3,253,121
3,253,121
3,253,120
3,253,119
3,253,119
3,253,119
3,253,118
3,255,118
3,255,117
3,253,117
3,253,118
3,251,119
3,251,119
3,251,119
3,253,120
3,253,120
3,253,120
3,255,119
3,255,119
3,255,119
3,253,119
3,253,118
3,253,118
3,253,116
3,253,116
3,253,116
3,253,116
3,253,116
3,253,116
3,253,116
3,251,117
3,249,118
3,249,118
3,249,118
3,249,118
3,249,118
3,251,118
3,253,117
3,255,116
3,255,116
3,255,116
3,255,117
3,253,118
3,253,118
3,251,118
3,251,117
3,251,117
3,251,116
3,251,115
3,251,115
2,251,114
2,250,113
3,253,112
3,255,110
3,255,109
3,255,109
3,255,109
3,255,109
3,253,110
3,253,110
3,253,110
3,253,110
3,253,110
3,253,110
3,250,109
3,250,109
3,248,108
3,248,106
3,248,105
2,245,105
2,245,103
3,248,103
3,248,102
3,250,101
3,252,100
3,252,99
3,252,96
3,250,95
3,249,91
3,246,88
3,249,84
4,249,79
4,248,78
3,248,77
4,251,63
3,247,64
3,248,68
4,248,70
3,248,73
3,248,78
3,252,80
3,252,82
3,255,85
3,255,87
3,252,90
3,252,93
3,252,97
3,250,101
3,250,106
3,253,108
3,255,109
3,255,110
3,255,112
3,253,113
3,250,113
3,250,113
3,250,113
2,246,113
2,246,112
2,246,110
2,248,109
2,248,108
3,250,107
3,250,107
3,253,107
3,253,107
3,250,108
3,250,109
3,248,110
3,248,110
3,248,111
2,248,112
2,250,113
2,251,114
2,251,114
2,251,115
3,253,116
3,253,116
3,253,117
3,253,118
3,253,118
3,253,119
3,253,120
3,253,121
3,253,121
3,253,124
3,253,124
3,253,124
3,253,125
3,253,125
3,253,125
3,253,124
3,253,124
3,253,124
3,253,124
3,253,124
3,253,124
3,253,124
3,253,124
3,253,124
3,251,122
3,251,121
3,251,120
3,251,118
3,251,115
3,250,113
3,250,112
2,250,112
2,250,112
3,253,112
3,253,112
3,255,113
3,255,115
3,255,118
3,255,119
3,253,120
3,253,122
3,247,127
3,247,127
3,247,127
3,251,126
3,253,125
3,253,125
3,253,125
3,253,125
3,253,125
3,253,125
3,253,124
3,253,123
3,253,122
3,253,121
3,253,121
3,253,121
3,251,121
3,251,120
3,253,120
3,253,118
3,253,118
3,253,118
3,253,118
3,251,118
3,251,119
3,251,119
3,253,119
3,253,119
3,255,119
3,255,119
3,255,119
3,255,119
3,255,119
3,253,119
3,253,118
3,253,117
3,253,116
3,253,116
3,253,116
3,253,116
3,253,116
3,253,116
3,253,116
3,251,117
3,251,118
3,249,118
3,249,119
3,249,119
3,249,119
3,251,118
3,253,118
3,255,117
3,255,117
3,255,117
3,253,118
3,253,118
3,253,118
3,251,118
3,251,117
3,251,117
3,251,116
3,251,116
3,251,114
2,251,114
2,250,113
2,250,112
3,253,109
3,255,109
3,255,109
3,255,109
3,253,109
3,253,110
3,253,110
3,253,110
3,253,110
3,253,109
3,250,109
3,250,109
3,248,109
3,248,107
3,248,106
2,245,105
2,245,105
2,245,103
2,245,103
3,248,102
3,250,101
3,252,100
3,252,98
3,252,96
3,250,94
3,249,90
3,249,86
3,249,82
3,249,79
3,248,77
3,247,64
3,247,64
3,248,68
4,248,70
3,248,73
4,252,78
3,252,80
3,252,81
3,255,83
3,255,86
3,255,88
3,252,93
3,252,97
3,250,100
3,253,105
3,253,108
3,255,109
3,255,110
3,255,112
3,255,113
3,250,113
3,250,113
3,250,113
2,246,113
2,246,110
2,246,110
2,246,108
2,248,106
2,250,105
3,253,105
3,253,105
3,250,107
3,250,108
3,250,109
2,248,110
2,248,111
2,248,112
2,250,113
2,250,113
2,251,114
2,251,114
2,251,115
3,253,116
3,253,116
3,253,117
3,253,118
3,253,118
3,253,119
3,253,120
3,253,121
3,253,122
3,253,124
3,253,124
3,253,124
3,253,125
3,253,125
3,253,125
3,253,125
3,253,124
3,253,124
3,253,124
3,253,124
3,253,124
3,253,124
3,253,124
3,253,124
3,251,123
3,251,122
3,251,121
3,251,118
3,251,115
3,250,113
3,250,112
3,250,110
3,250,109
3,250,109
3,253,111
3,253,112
3,255,113
3,255,115
3,255,118
3,255,120
3,253,122
3,249,127
3,249,127
3,249,127
3,251,126
3,253,125
3,253,125
3,253,125
3,253,125
3,253,125
3,253,125
3,253,125
3,253,124
3,253,123
3,253,122
3,253,121
3,253,121
3,249,122
3,249,121
3,251,120
3,253,120
3,253,119
3,253,118
3,253,118
3,251,118
3,251,119
3,253,119
3,253,119
3,255,119
3,255,119
3,255,119
3,255,119
3,255,119
3,255,119
3,253,118
3,253,118
3,255,117
3,253,116
3,253,116
3,253,116
3,253,116
3,253,116
3,253,116
3,253,117
3,253,117
3,251,118
3,251,119
3,249,119
3,251,119
3,251,119
3,253,118
3,253,118
3,255,118
3,255,117
3,255,118
3,253,118
3,253,119
3,253,119
3,251,119
3,251,118
3,253,117
3,251,116
3,251,116
3,251,115
2,251,114
2,250,113
2,250,112
3,250,110
3,253,109
3,253,109
3,253,109
3,253,109
3,253,109
3,253,109
3,250,109
3,250,109
3,250,109
3,250,109
3,248,109
3,248,108
3,248,107
3,245,106
3,245,105
3,245,104
3,245,103
3,245,103
3,248,102
3,250,100
3,252,99
3,252,96
3,250,95
3,249,92
3,249,89
3,249,85
3,249,81
3,248,78
3,248,77
3,247,65
3,247,67
4,248,69
3,248,73
4,252,77
3,252,79
3,252,80
3,255,83
3,255,86
3,255,87
3,252,91
3,252,94
3,252,99
3,253,104
3,253,108
3,255,109
3,255,110
3,255,112
3,255,113
3,253,113
3,250,113
3,250,113
2,246,111
2,246,110
2,246,108
2,245,106
2,248,104
3,253,104
3,253,104
3,253,105
3,250,107
3,250,109
3,250,110
3,248,110
2,248,112
2,248,113
2,251,114
2,251,114
2,251,114
2,251,115
3,253,115
3,253,116
3,253,116
3,253,118
3,253,118
3,253,119
3,253,120
3,253,121
3,253,122
3,253,124
3,253,124
3,253,124
3,253,124
3,253,124
3,253,125
3,253,125
3,253,125
3,253,124
3,253,124
3,253,124
3,253,124
3,253,124
3,253,124
3,253,124
3,253,124
3,251,123
3,251,122
3,251,121
3,249,118
3,248,115
3,248,112
3,250,110
3,248,108
3,250,108
3,250,108
3,253,109
3,253,112
3,255,113
3,255,115
3,255,118
3,255,120
3,253,122
3,249,127
3,249,127
3,249,127
3,251,125
3,253,125
3,253,125
3,253,125
3,253,125
3,253,125
3,253,125
3,253,124
3,253,124
3,253,123
3,253,123
3,253,123
3,249,123
3,249,122
3,249,122
3,249,121
3,249,120
3,251,120
3,251,120
3,251,120
3,251,121
3,251,120
3,253,119
3,253,119
3,255,119
3,255,119
3,255,119
3,255,119
3,255,119
3,253,119
3,253,118
3,253,118
3,255,117
3,255,116
3,255,116
3,253,116
3,253,116
3,253,116
3,253,116
3,253,117
3,253,118
3,253,118
3,253,119
3,253,119
3,253,119
3,253,119
3,253,118
3,253,118
3,253,118
3,253,118
3,253,118
3,253,118
3,253,119
3,253,118
3,253,118
3,253,118
3,253,116
3,253,116
3,251,115
3,251,115
2,251,114
2,250,113
2,250,112
3,250,110
3,250,109
3,250,109
3,250,109
3,250,109
3,248,109
3,248,109
3,248,109
3,248,109
3,250,109
3,248,109
3,248,108
3,248,107
3,248,106
3,248,105
3,245,105
3,245,103
3,245,103
3,245,103
3,250,101
3,250,100
3,252,98
3,250,96
3,250,95
3,249,91
3,249,87
3,249,83
3,249,79
3,248,78
3,247,66
4,251,67
4,251,68
4,251,72
4,252,76
3,252,79
3,255,80
3,255,83
3,255,83
3,252,87
3,252,90
3,252,94
3,252,99
3,253,104
3,253,108
3,255,109
3,255,111
3,255,112
3,255,113
3,255,113
3,250,112
3,250,111
3,248,110
3,248,109
2,245,106
3,248,104
3,250,104
2,250,104
3,253,104
3,250,105
3,250,108
3,250,110
3,250,110
2,248,112
2,250,113
2,250,113
2,251,114
3,253,114
3,253,115
3,253,115
3,253,115
3,253,116
3,253,117
3,253,118
3,253,119
3,253,120
3,253,121
3,253,122
3,253,123
3,253,124
3,253,124
3,253,124
3,253,124
3,253,124
3,253,124
3,253,124
3,253,124
3,253,124
3,253,124
3,253,124
3,253,124
3,253,124
3,253,124
3,253,124
3,253,124
3,253,123
3,251,122
3,251,121
3,249,118
3,248,115
3,248,112
3,248,108
3,248,106
3,250,105
3,250,105
3,250,108
3,253,109
3,255,112
3,255,114
3,255,116
3,255,120
3,253,122
3,251,126
3,251,126
3,251,126
3,251,125
3,253,125
3,253,125
3,253,125
3,253,125
3,253,125
3,253,125
3,253,124
3,253,124
3,253,123
3,251,123
3,251,123
3,249,123
3,249,122
3,249,122
3,249,121
3,249,120
3,251,120
3,251,120
3,251,120
3,251,121
3,251,121
3,253,120
3,255,119
3,255,119
3,255,119
3,255,119
3,255,119
3,253,120
3,253,120
3,253,119
3,253,118
3,255,117
3,255,116
3,255,116
3,253,116
3,253,116
3,253,117
3,253,117
3,253,117
3,253,118
3,253,118
3,253,119
3,253,119
3,253,119
3,253,119
3,253,119
3,253,118
3,253,118
3,253,118
3,253,118
3,253,118
3,253,119
3,253,118
3,253,118
3,253,117
3,253,116
3,253,116
3,251,116
3,251,115
2,248,114
2,248,113
2,248,112
3,250,110
3,250,109
3,250,109
3,250,109
3,248,109
3,248,109
3,248,109
3,248,109
3,248,109
3,248,109
3,248,108
3,250,107
3,250,106
3,248,106
3,248,105
3,248,103
3,248,103
3,248,102
3,247,101
3,250,100
3,252,99
3,252,97
3,250,96
3,250,94
3,249,90
3,249,85
3,249,82
3,249,79
3,248,78
4,251,67
4,251,68
3,251,72
4,252,76
4,252,78
3,252,80
3,252,82
3,252,83
3,252,86
3,252,88
3,252,93
3,252,97
3,255,102
3,255,106
3,255,109
3,255,110
3,255,111
3,255,112
3,253,112
3,250,111
3,250,111
3,248,110
3,248,108
3,248,105
3,248,104
3,250,103
3,250,103
3,253,104
3,250,106
3,250,109
3,250,110
2,250,111
3,250,112
2,250,113
2,251,115
3,253,115
3,253,115
3,253,115
3,253,116
3,253,116
3,253,117
3,253,118
3,253,120
3,253,120
3,253,121
3,253,121
3,253,122
3,253,123
3,253,123
3,253,124
3,253,124
3,253,124
3,253,124
3,253,124
3,253,124
3,253,124
3,253,124
3,253,124
3,253,124
3,253,124
3,253,124
3,253,124
3,253,124
3,253,123
3,251,123
3,249,122
3,249,120
3,249,118
3,248,115
3,248,111
3,248,107
3,248,105
3,250,104
3,250,104
3,250,105
3,253,108
3,255,112
3,255,113
3,255,116
3,255,120
3,253,122
3,251,122
3,251,125
3,251,125
3,251,125
3,253,125
3,253,125
3,253,125
3,253,124
3,253,124
3,253,124
3,253,124
3,253,124
3,253,123
3,253,123
3,251,123
3,251,122
3,249,122
3,249,121
3,249,120
3,249,120
3,251,120
3,251,120
3,251,120
3,251,121
3,251,121
3,251,120
3,253,120
3,255,119
3,255,119
3,255,120
3,253,120
3,253,120
3,253,120
3,253,120
3,253,118
3,255,117
3,255,116
3,255,116
3,253,116
3,253,116
3,251,117
3,251,117
3,253,118
3,253,118
3,255,119
3,255,119
3,255,119
3,255,119
3,255,119
3,253,119
3,253,119
3,253,118
3,253,118
3,253,118
3,253,118
3,253,118
3,255,118
3,253,118
3,253,117
3,253,116
3,253,116
3,251,116
2,248,116
2,248,115
2,248,113
2,248,112
2,248,110
3,250,109
3,250,109
3,250,109
3,248,109
3,248,109
3,248,109
3,248,109
3,248,109
3,248,108
3,248,106
3,248,106
3,248,106
3,248,105
3,248,104
3,248,103
3,248,102
3,247,101
3,247,100
3,250,99
3,250,98
3,250,96
3,250,95
3,250,93
3,249,90
3,249,85
3,249,81
3,249,79
4,251,68
4,251,69
3,251,72
4,252,76
3,252,79
3,252,80
3,249,82
3,249,83
3,252,83
2,249,87
3,252,90
3,252,95
3,252,99
3,253,105
3,253,108
3,255,109
3,255,110
3,253,111
3,253,111
3,253,111
3,250,110
3,248,110
3,248,108
3,248,105
3,248,104
3,250,104
3,250,104
3,253,105
3,250,108
3,250,109
3,250,110
3,250,112
2,248,113
3,251,115
3,251,115
2,251,115
3,253,115
3,253,116
3,253,117
3,253,118
3,253,119
3,253,120
3,253,121
3,253,121
3,253,121
3,253,122
3,255,123
3,255,123
3,255,123
3,255,123
3,255,123
3,255,123
3,255,123
3,255,123
3,253,123
3,253,123
3,253,124
3,253,124
3,255,124
3,255,123
3,255,123
3,255,123
3,253,123
3,253,123
3,251,122
3,251,122
3,251,119
3,248,116
3,251,114
3,250,110
3,250,107
3,250,105
3,250,105
3,250,105
3,253,107
3,253,108
3,255,112
3,255,113
3,255,115
3,255,119
3,253,120
3,251,122
3,251,122
3,251,124
3,253,124
3,253,124
3,253,124
3,253,124
3,253,124
3,253,124
3,253,124
3,253,124
3,253,123
3,253,123
3,253,122
3,251,122
3,251,122
3,251,121
3,251,120
3,251,120
3,251,119
3,251,119
3,251,120
3,251,120
3,251,120
3,251,120
3,251,120
3,251,120
3,253,119
3,253,119
3,253,120
3,253,120
3,253,120
3,253,120
3,253,120
3,253,118
3,253,117
3,253,117
3,253,117
3,251,117
3,251,117
3,251,117
3,251,118
3,251,118
3,253,118
3,255,118
3,255,118
3,255,119
3,255,119
3,255,119
3,255,119
3,253,119
3,253,118
3,253,118
3,253,118
3,253,118
3,253,118
3,255,118
3,253,117
3,253,116
3,253,116
3,253,116
3,248,116
2,246,116
2,246,115
2,246,113
2,248,112
3,248,110
2,248,109
3,250,109
3,248,109
3,248,109
3,248,109
3,248,109
3,248,109
3,248,109
3,250,106
3,250,106
3,250,106
3,250,105
3,248,104
3,248,102
3,248,102
3,247,101
3,247,100
3,247,99
3,250,98
3,250,97
3,250,96
3,250,94
3,249,92
3,249,90
3,249,84
3,249,80
4,249,79
3,251,70
3,252,73
4,252,77
3,252,79
3,249,80
3,249,81
3,249,82
3,249,83
2,249,87
3,252,90
3,252,93
3,252,98
3,253,102
3,253,106
3,253,108
3,255,109
3,253,110
3,253,110
3,253,110
3,250,110
3,250,109
3,248,108
3,248,106
3,250,104
3,250,104
3,250,104
3,253,105
3,253,108
3,253,110
3,250,110
3,250,112
2,248,115
3,251,115
3,251,116
3,251,118
3,251,118
3,253,118
3,253,119
3,253,120
3,253,121
3,253,121
3,253,121
3,253,121
3,253,121
3,255,123
3,255,123
3,255,123
3,255,123
3,255,123
3,255,123
3,255,123
3,255,123
3,255,123
3,253,123
3,253,123
3,253,123
3,253,123
3,253,123
3,255,123
3,255,121
3,253,121
3,253,121
3,253,121
3,253,121
3,251,120
3,251,118
3,251,115
3,250,113
3,250,110
3,250,108
3,250,106
3,250,106
3,250,106
3,253,108
3,253,109
3,255,112
3,255,113
3,255,116
3,255,118
3,253,119
3,253,120
3,253,121
3,253,121
3,253,121
3,253,121
3,253,122
3,253,122
3,253,122
3,253,122
3,253,122
3,253,121
3,255,121
3,253,121
3,253,121
3,253,121
3,251,121
3,251,120
3,251,120
3,251,119
3,251,119
3,251,119
3,251,119
3,251,119
3,251,120
3,251,119
3,251,119
3,251,119
3,251,119
3,253,119
3,251,120
3,251,120
3,253,120
3,253,119
3,253,118
3,253,118
3,253,117
3,253,117
3,253,117
3,251,117
3,251,117
3,251,117
3,251,118
3,253,118
3,253,118
3,255,118
3,255,118
3,255,118
3,255,118
3,255,119
3,255,119
3,253,118
3,253,118
3,253,118
3,253,118
3,253,118
3,253,118
3,255,117
3,255,116
3,255,116
3,253,115
3,253,115
3,248,116
2,246,115
2,246,115
2,246,113
3,248,111
2,248,110
3,250,109
3,250,108
3,250,109
3,248,109
3,248,109
3,248,109
3,248,109
3,250,106
3,250,106
3,250,106
3,250,105
3,250,104
3,248,102
3,248,102
3,247,101
3,247,100
3,247,99
3,247,98
3,250,98
3,247,97
3,250,95
3,250,94
3,249,90
3,249,88
3,249,83
3,249,80
3,251,71
3,252,74
3,248,77
3,249,79
3,249,80
3,249,81
3,249,82
3,249,83
3,249,84
2,249,88
3,252,92
3,252,96
3,252,99
3,253,104
3,253,106
3,253,109
3,253,109
3,253,110
3,253,110
3,253,109
3,250,109
3,250,108
3,250,106
3,250,104
3,250,104
3,250,104
3,253,106
3,253,108
3,250,110
3,250,110
3,250,113
3,251,115
3,251,116
3,251,118
3,251,118
3,251,119
3,253,120
3,253,121
3,253,121
3,253,121
3,253,121
3,253,121
3,253,122
3,253,123
3,255,123
3,255,123
3,255,123
3,255,123
3,255,123
3,255,123
3,255,123
3,255,123
3,255,123
3,253,123
3,253,123
3,253,123
3,253,123
3,255,123
3,255,121
3,255,121
3,253,121
3,253,121
3,253,121
3,253,121
3,253,119
3,251,117
3,253,115
3,253,113
3,250,110
3,253,108
3,250,108
3,250,108
3,250,108
3,253,108
3,253,110
3,255,112
3,255,114
3,255,116
3,255,117
3,253,118
3,253,119
3,253,120
3,253,120
3,253,120
3,253,121
3,253,121
3,253,121
3,253,121
3,253,121
3,253,121
3,255,120
3,255,120
3,255,120
3,253,120
3,253,120
3,253,120
3,251,120
3,251,119
3,251,119
3,251,119
3,253,119
3,253,119
3,251,119
3,251,119
3,251,119
3,251,119
3,251,119
3,251,119
3,251,119
3,251,120
3,251,120
3,251,120
3,251,119
3,253,118
3,253,117
3,253,117
3,253,117
3,251,117
3,251,117
3,251,117
3,251,117
3,253,118
3,253,118
3,255,118
3,255,118
3,255,118
3,255,118
3,255,118
3,255,118
3,255,118
3,251,118
3,251,118
3,251,118
3,253,118
3,253,118
3,253,117
3,253,117
3,253,116
3,253,116
3,253,115
3,251,115
3,251,115
2,246,115
2,246,113
2,248,112
3,248,110
3,248,110
3,250,109
3,250,108
3,250,108
3,248,109
3,248,109
3,248,109
3,248,107
3,250,106
3,250,106
3,250,106
3,250,105
3,250,104
3,248,102
3,247,101
3,250,100
3,247,98
3,247,98
3,247,98
3,247,96
3,247,96
3,247,95
3,250,93
3,249,90
3,249,87
3,249,82
3,249,80
4,252,74
4,248,77
4,249,79
3,249,80
3,249,81
3,249,81
3,249,82
3,249,84
2,249,87
2,249,90
3,252,93
3,252,97
3,252,101
3,253,105
3,253,107
3,253,109
3,253,109
3,253,109
3,253,109
3,250,109
3,250,106
3,250,106
3,250,104
3,253,104
3,253,104
3,253,106
3,253,108
3,250,110
3,250,111
3,250,113
3,251,115
3,251,116
3,251,118
3,251,118
3,251,119
3,253,120
3,253,121
3,253,121
3,253,121
3,255,122
3,255,122
3,255,123
3,255,123
3,255,123
3,255,123
3,253,123
3,255,123
3,255,123
3,255,123
3,253,123
3,253,123
3,253,123
3,253,123
3,253,123
3,253,123
3,253,121
3,253,121
3,255,121
3,255,121
3,253,121
3,253,121
3,253,121
3,253,120
3,253,118
3,253,116
3,253,115
3,253,112
3,253,111
3,253,110
3,250,108
3,250,108
3,250,108
3,253,110
3,253,112
3,253,113
3,255,115
3,255,115
3,255,117
3,253,118
3,253,118
3,253,118
3,253,119
3,253,120
3,253,120
3,253,120
3,253,120
3,253,120
3,253,120
3,255,120
3,255,120
3,255,119
3,255,120
3,255,120
3,253,120
3,253,120
3,251,120
3,251,120
3,251,119
3,251,119
3,251,119
3,251,119
3,251,119
3,251,119
3,251,119
3,251,119
3,251,119
3,251,119
3,251,119
3,251,119
3,251,119
3,251,119
3,251,118
3,253,117
3,253,117
3,253,117
3,253,116
3,253,116
3,253,116
3,253,116
3,253,117
3,253,118
3,255,118
3,255,118
3,255,118
3,255,118
3,255,118
3,255,118
3,255,118
3,255,118
3,251,118
3,251,118
3,251,118
3,251,118
3,253,117
3,253,117
3,253,117
3,253,116
3,253,116
3,251,115
3,251,115
3,251,114
3,248,113
3,248,113
3,248,111
3,248,110
3,248,109
3,250,108
3,250,108
3,250,108
3,248,108
3,248,108
3,248,107
3,250,107
3,250,106
3,250,106
3,250,105
3,250,105
3,248,103
3,248,102
3,247,100
3,247,98
3,247,97
3,247,96
3,247,96
3,244,95
3,244,95
3,244,93
3,247,91
3,249,89
3,249,85
3,249,82
4,248,76
4,249,79
3,249,80
3,245,80
3,246,81
2,246,82
2,246,83
3,249,86
2,249,88
3,252,92
3,252,95
3,252,99
3,252,101
3,253,105
3,253,107
3,253,107
3,253,109
3,253,109
3,253,107
3,250,106
3,253,106
3,253,104
3,253,104
3,253,104
3,253,106
3,253,108
3,250,110
3,250,111
3,250,113
3,251,115
3,251,116
3,251,117
3,253,118
3,253,119
3,253,120
3,253,121
3,253,121
3,253,122
3,255,122
3,255,122
3,255,123
3,253,124
3,253,124
3,253,124
3,253,124
3,253,124
3,253,123
3,253,123
3,253,123
3,253,123
3,253,123
3,253,123
3,253,123
3,253,122
3,253,121
3,253,121
3,253,121
3,253,121
3,253,121
3,253,121
3,253,121
3,253,120
3,253,118
3,253,116
3,253,115
3,253,113
3,250,112
3,253,111
3,250,110
3,250,110
3,250,110
3,250,112
3,253,113
3,253,114
3,253,115
3,253,116
3,255,116
3,253,117
3,253,118
3,253,118
3,253,118
3,253,119
3,253,119
3,253,120
3,253,120
3,253,120
3,253,120
3,255,120
3,255,120
3,255,119
3,255,120
3,255,120
3,253,120
3,253,120
3,251,120
3,249,120
3,249,120
3,249,120
3,251,119
3,251,119
3,251,119
3,251,119
3,253,118
3,251,119
3,251,119
3,251,119
3,251,119
3,251,119
3,251,119
3,251,119
3,253,118
3,253,117
3,253,117
3,253,116
3,253,116
3,253,116
3,253,116
3,253,116
3,253,117
3,253,117
3,255,118
3,255,118
3,255,118
3,255,118
3,255,118
3,255,118
3,255,118
3,255,118
3,251,118
3,251,118
3,251,118
3,251,117
3,253,117
3,253,117
3,253,116
3,253,116
3,253,115
3,251,114
3,251,114
3,250,113
3,250,113
3,250,111
3,250,110
3,250,110
3,248,109
3,250,108
3,250,108
3,248,108
3,248,108
3,248,107
3,248,107
3,250,106
3,250,106
3,250,105
3,250,105
3,250,104
3,248,103
3,250,100
3,250,99
3,250,97
3,247,96
3,247,95
2,244,94
2,241,94
3,241,93
3,244,92
3,246,90
3,249,88
3,249,85
4,252,76
4,248,78
4,249,79
3,249,80
3,249,80
3,246,81
2,246,83
3,249,85
2,249,87
3,252,90
3,252,93
3,252,96
3,252,99
3,253,102
3,253,105
3,253,106
3,253,106
3,253,106
3,253,106
3,253,106
3,253,105
3,253,104
3,253,104
3,253,104
3,253,105
3,253,107
3,250,108
3,250,110
3,250,112
3,251,114
3,251,115
3,251,116
3,253,117
3,253,119
3,253,120
3,253,121
3,253,121
3,253,122
3,253,122
3,255,122
3,253,123
3,253,123
3,253,124
3,253,124
3,253,124
3,253,123
3,253,123
3,253,123
3,253,123
3,253,122
3,253,122
3,253,121
3,253,121
3,253,121
3,253,121
3,253,121
3,253,121
3,253,121
3,253,121
3,253,121
3,253,120
3,253,120
3,253,118
3,253,116
2,251,115
3,250,113
3,250,112
3,250,112
3,250,111
3,250,111
3,250,113
3,253,113
3,253,114
3,253,115
3,253,115
3,253,116
3,253,116
3,253,117
3,253,118
3,253,118
3,253,118
3,253,118
3,253,119
3,253,119
3,253,120
3,253,120
3,253,120
3,253,120
3,253,120
3,255,119
3,253,120
3,253,120
3,253,120
3,253,120
3,253,120
3,249,120
3,249,120
3,249,120
3,249,120
3,251,119
3,251,119
3,253,118
3,253,118
3,253,118
3,253,118
3,251,119
3,251,119
3,251,119
3,251,119
3,253,118
3,253,118
3,253,117
3,253,116
3,253,116
3,253,116
3,253,116
3,253,116
3,253,116
3,253,117
3,253,117
3,255,118
3,255,118
3,255,118
3,255,118
3,255,118
3,255,118
3,255,118
3,255,118
3,251,118
3,251,118
3,251,117
3,251,117
3,253,117
3,253,116
3,253,116
3,253,115
3,251,114
3,251,114
3,250,113
3,250,113
3,250,111
3,250,110
3,250,110
3,250,109
3,250,108
3,250,108
3,250,108
3,248,108
3,248,108
3,248,107
3,248,107
3,250,106
3,250,105
3,250,105
3,248,105
3,248,103
3,248,102
3,250,99
3,250,98
3,250,96
3,250,95
3,247,94
2,244,94
2,244,93
3,244,92
3,244,91
3,246,89
3,249,87
3,249,84
4,248,78
3,249,79
3,249,79
3,249,80
3,249,81
3,249,83
3,249,84
3,249,86
3,252,88
3,252,92
3,252,94
3,252,97
3,252,99
3,253,102
3,253,105
3,253,105
3,253,105
3,250,106
3,250,105
3,250,105
3,250,104
3,250,104
3,253,104
3,253,104
3,253,106
3,250,108
3,250,110
3,250,111
3,250,113
3,253,114
3,253,115
3,253,115
3,253,116
3,253,118
3,253,120
3,253,121
3,253,121
3,253,121
3,253,122
3,253,122
3,253,123
3,253,123
3,253,124
3,253,123
3,253,123
3,253,123
3,253,122
3,253,121
3,253,121
3,253,121
3,253,121
3,253,121
3,253,121
3,253,121
3,253,121
3,253,120
3,253,120
3,253,120
3,253,120
3,253,120
3,253,120
3,251,119
3,251,117
3,251,115
3,251,114
3,250,113
3,250,112
3,250,113
3,253,113
3,253,113
3,253,114
3,253,114
3,253,115
3,253,115
3,253,116
3,253,116
3,253,117
3,253,118
3,253,118
3,253,118
3,253,118
3,253,119
3,253,119
3,253,120
3,253,120
3,253,120
3,253,120
3,253,120
3,253,120
3,253,120
3,253,120
3,253,120
3,253,120
3,253,120
3,253,120
3,249,120
3,249,120
3,249,120
3,251,120
3,253,118
3,253,118
3,253,118
3,253,118
3,253,118
3,251,119
3,251,119
3,251,119
3,251,119
3,253,118
3,253,117
3,253,117
3,253,117
3,253,116
3,253,116
3,253,116
3,253,116
3,253,117
3,253,117
3,253,117
3,255,118
3,255,118
3,255,118
3,255,119
3,255,118
3,255,118
3,255,118
3,253,118
3,251,118
3,251,118
3,251,117
3,251,117
3,253,116
3,253,116
3,251,115
3,251,114
3,251,114
3,250,113
3,250,113
3,250,111
3,250,110
3,250,110
3,250,109
3,250,109
3,250,109
3,248,109
3,248,109
3,248,108
3,248,107
3,248,107
3,248,106
3,248,105
3,250,105
3,248,105
3,248,104
3,248,102
3,247,101
3,250,99
3,250,97
3,250,96
3,247,95
3,247,94
2,244,93
2,244,92
2,244,91
3,246,89
3,246,88
3,249,85
3,249,79
3,249,80
3,249,80
3,249,81
3,249,83
3,249,84
3,249,86
3,252,87
3,252,89
3,252,93
3,252,94
3,252,97
3,252,99
3,253,102
3,250,105
3,250,105
3,250,105
3,250,105
3,250,105
3,250,104
3,250,103
3,253,103
3,253,103
3,250,106
3,250,106
3,250,108
3,250,110
3,253,111
3,253,112
3,253,114
3,255,114
3,255,115
3,255,115
3,253,117
3,253,119
3,253,120
3,253,121
3,253,121
3,253,121
3,253,121
3,253,121
3,253,122
3,253,122
3,253,122
3,253,122
3,253,121
3,253,121
3,253,121
3,253,121
3,253,121
3,253,121
3,253,121
3,253,121
3,253,121
3,253,120
3,253,120
3,253,120
3,253,120
3,253,120
3,253,120
3,251,120
3,251,117
3,251,115
3,251,114
3,250,113
3,250,113
3,253,113
3,253,113
3,253,114
3,253,114
3,253,115
3,253,115
3,253,116
3,253,116
3,253,116
3,253,118
3,253,118
3,253,118
3,253,118
3,253,119
3,253,119
3,253,119
3,253,120
3,253,120
3,253,121
3,251,122
3,251,122
3,251,122
3,251,121
3,253,121
3,253,121
3,253,121
3,253,121
3,253,121
3,253,121
3,249,121
3,253,120
3,253,120
3,253,118
3,253,118
3,253,118
3,253,118
3,253,118
3,253,118
3,253,118
3,253,118
3,253,118
3,253,118
3,253,117
3,253,117
3,253,117
3,253,116
3,253,116
3,251,117
3,253,117
3,253,117
3,253,117
3,253,118
3,253,118
3,255,119
3,255,119
3,255,119
3,255,119
3,255,119
3,255,118
3,253,118
3,253,118
3,253,117
3,251,117
3,253,116
3,253,116
3,253,115
2,251,115
3,251,114
3,251,114
3,250,113
3,250,113
3,250,111
3,250,110
3,250,109
3,250,109
3,250,109
3,248,109
3,248,109
3,248,109
3,248,108
3,248,107
3,248,107
3,248,106
3,248,105
3,248,105
3,248,105
3,248,103
3,250,102
3,250,99
3,250,98
3,250,98
3,250,96
3,247,95
3,247,94
2,244,93
2,244,91
2,244,90
3,246,88
3,246,85
3,249,80
3,249,80
3,249,80
3,249,82
3,249,83
3,249,83
3,249,85
3,252,87
3,252,88
3,252,90
3,252,93
3,252,95
3,252,98
3,250,101
3,250,103
3,250,105
3,250,105
3,250,105
3,250,104
3,250,103
3,250,103
3,250,102
3,250,102
3,250,105
3,250,106
3,250,106
3,250,108
3,253,109
3,253,110
3,253,112
3,255,113
3,255,114
3,255,114
3,253,115
3,253,118
3,253,119
3,253,120
3,253,121
3,253,121
3,253,121
3,253,121
3,253,121
3,253,121
3,253,121
3,253,121
3,253,121
3,253,121
3,253,120
3,253,120
3,255,120
3,253,120
3,253,121
3,253,121
3,253,120
3,253,120
3,253,120
3,253,120
3,253,120
3,253,120
3,253,120
3,251,120
3,251,118
3,251,116
3,251,115
3,250,113
3,253,113
3,253,113
3,255,113
3,255,114
3,253,114
3,253,115
3,253,116
3,253,116
3,253,116
3,253,117
3,253,118
3,253,118
3,253,118
3,253,119
3,253,119
3,253,119
3,253,120
3,253,120
3,253,121
3,251,123
3,251,123
3,251,123
3,251,122
3,251,122
3,253,121
3,253,121
3,253,121
3,253,121
3,253,121
3,253,121
3,253,121
3,253,121
3,253,120
3,253,118
3,253,118
3,253,118
3,253,118
3,253,118
3,253,118
3,253,118
3,253,118
3,253,118
3,253,117
3,253,117
3,253,117
3,253,117
3,253,117
3,251,117
3,251,117
3,251,117
3,251,117
3,253,118
3,253,118
3,253,118
3,253,119
3,255,119
3,255,119
3,255,119
3,255,119
3,255,118
3,255,118
3,253,117
3,253,117
3,253,116
3,253,116
3,253,115
2,251,115
2,251,115
3,251,114
3,250,113
3,250,113
3,250,111
3,253,110
3,253,109
3,253,109
3,250,109
3,248,109
3,248,109
3,248,109
3,248,109
3,248,109
3,248,107
3,248,107
3,248,105
3,248,105
3,248,105
3,248,103
3,248,102
3,250,100
3,250,98
3,250,98
3,250,98
3,250,96
3,244,95
3,244,94
2,244,92
2,244,91
3,246,88
3,246,87
3,246,84
3,249,80
3,249,82
3,249,82
3,249,83
3,249,84
3,249,85
2,249,87
3,252,88
3,252,89
3,252,92
3,252,94
3,252,97
3,250,99
3,250,102
3,250,103
3,250,103
3,250,103
3,250,103
3,248,102
3,248,102
3,250,101
3,250,101
3,250,102
3,250,105
3,250,106
3,250,106
3,253,108
3,253,108
3,253,109
3,255,110
3,255,113
3,255,114
3,253,114
3,253,115
3,253,116
3,253,119
3,253,119
3,253,120
3,253,120
3,253,121
3,253,121
3,253,121
3,253,121
3,253,121
3,253,121
3,253,120
3,253,120
3,255,120
3,255,120
3,255,120
3,253,120
3,253,120
3,253,120
3,253,120
3,253,120
3,253,120
3,253,120
3,253,120
3,253,120
3,253,120
3,253,118
3,251,116
3,253,115
3,253,114
3,255,113
3,255,113
3,255,114
3,255,114
3,255,115
3,253,116
3,253,116
3,253,117
3,253,117
3,253,118
3,253,118
3,253,118
3,253,119
3,253,119
3,253,120
3,255,120
3,255,121
3,253,121
3,253,123
3,253,123
3,251,124
3,251,123
3,251,123
3,251,122
3,251,122
3,253,121
3,253,121
3,253,121
3,253,121
3,253,121
3,253,121
3,253,121
3,253,121
3,253,118
3,253,118
3,253,118
3,253,117
3,253,117
3,253,117
3,253,117
3,253,117
3,253,117
3,253,117
3,253,117
3,253,117
3,253,117
3,251,117
3,251,119
3,251,119
3,251,118
3,253,118
3,253,118
3,253,118
3,253,118
3,253,119
3,255,119
3,255,119
3,255,119
3,255,119
3,255,118
3,255,117
3,253,116
3,253,116
3,253,116
3,255,115
3,253,115
2,251,115
2,251,114
3,251,114
3,250,113
3,250,113
3,253,110
3,253,110
3,253,109
3,253,109
3,250,109
3,248,109
3,248,109
3,248,109
3,248,109
3,248,109
3,248,107
3,248,106
3,245,105
2,245,105
3,248,103
3,248,102
3,247,101
3,250,99
3,250,98
3,250,98
3,250,97
3,250,97
3,244,96
3,244,95
3,244,93
3,246,90
2,246,88
3,246,85
3,249,82
3,249,83
3,249,83
3,249,84
3,249,86
3,249,86
2,249,88
2,249,88
3,252,90
3,252,93
3,252,95
3,252,98
3,250,100
3,250,102
3,250,103
3,250,103
3,250,102
3,248,102
3,247,101
3,250,101
3,250,101
3,250,101
3,250,103
3,250,104
3,250,106
3,253,106
3,253,108
3,253,108
3,253,109
3,253,110
3,253,112
3,253,114
3,255,114
3,255,115
3,255,116
3,253,118
3,253,119
3,253,119
3,253,120
3,253,120
3,253,121
3,253,121
3,253,121
3,253,121
3,253,120
3,253,120
3,253,120
3,255,120
3,255,120
3,253,120
3,255,120
3,255,120
3,255,120
3,253,120
3,253,120
3,253,120
3,253,120
3,253,120
3,253,120
3,253,118
3,253,115
3,255,115
3,255,114
3,255,113
3,255,113
3,255,114
3,255,114
3,255,115
3,253,116
3,253,116
3,253,117
3,253,118
3,253,118
3,253,118
3,253,119
3,253,120
3,253,120
3,253,120
3,255,121
3,255,121
3,253,122
3,253,123
3,253,123
3,253,124
3,251,123
3,251,123
3,251,123
3,253,122
3,253,121
3,253,121
3,253,121
3,253,121
3,253,121
3,253,121
3,253,121
3,253,121
3,253,119
3,251,118
3,253,117
3,253,117
3,253,116
3,253,116
3,253,116
3,253,116
3,253,116
3,253,116
3,253,116
3,253,117
3,251,118
3,249,120
3,249,120
3,251,119
3,251,119
3,253,118
3,253,118
3,253,118
3,253,119
3,255,119
3,255,119
3,255,119
3,255,119
3,255,118
3,255,117
3,255,116
3,255,116
3,255,116
3,253,115
3,253,115
3,253,115
2,251,115
2,251,114
3,250,113
3,250,113
3,250,111
3,253,110
3,253,109
3,253,109
3,253,109
3,250,109
3,248,109
3,248,109
3,248,109
3,248,109
3,248,108
3,248,107
2,245,105
2,245,105
3,248,103
3,248,102
3,248,102
3,250,100
3,250,98
3,252,98
3,250,97
3,250,97
3,247,96
3,244,96
3,244,95
3,244,93
2,244,90
3,246,87
3,249,83
3,249,83
3,249,84
3,249,85
3,249,85
3,249,86
3,249,87
3,249,88
3,252,89
3,252,92
3,252,94
3,252,97
3,250,99
3,250,100
3,250,102
3,248,102
3,248,102
3,247,101
3,247,101
2,247,101
3,247,101
3,247,101
3,250,102
3,250,103
3,250,105
3,253,106
3,253,107
3,253,108
3,253,108
3,253,110
3,253,110
3,253,112
3,253,113
3,255,114
3,255,115
3,255,116
3,255,116
3,253,119
3,253,119
3,253,120
3,253,120
3,253,121
3,253,121
3,253,120
3,253,120
3,253,120
3,253,120
3,253,120
3,253,120
3,253,120
3,255,120
3,255,120
3,255,120
3,253,120
3,253,120
3,253,120
3,253,120
3,253,120
3,253,120
3,255,118
3,255,115
3,255,115
3,255,114
3,255,114
3,255,114
3,255,114
3,255,114
3,255,115
3,253,116
3,253,116
3,253,117
3,253,118
3,253,119
3,253,119
3,253,120
3,253,120
3,253,120
3,253,121
3,253,121
3,253,121
3,253,123
3,253,123
3,253,123
3,253,123
3,253,123
3,251,123
3,251,123
3,253,122
3,253,121
3,253,121
3,253,121
3,253,121
3,253,121
3,253,121
3,253,121
3,253,120
3,251,120
3,251,118
3,251,117
3,253,116
3,253,116
3,253,116
3,253,116
3,253,116
3,253,116
3,253,116
3,253,116
3,251,117
3,249,119
3,249,120
3,249,120
3,249,120
3,251,119
3,253,118
3,253,118
3,253,118
3,253,118
3,253,119
3,255,119
3,255,119
3,255,118
3,255,117
3,255,116
3,255,116
3,255,116
3,255,115
3,253,115
3,253,115
3,253,115
2,251,114
2,251,114
3,250,113
3,250,112
3,253,111
3,253,110
3,253,109
3,253,109
3,253,109
3,250,109
3,248,109
3,248,109
3,248,109
3,248,108
3,248,107
2,245,106
2,245,105
2,245,104
3,248,102
3,248,102
3,247,101
3,250,99
3,250,98
3,252,97
3,250,97
3,250,96
3,247,96
3,244,94
3,244,93
3,244,91
2,244,90
3,246,86
3,249,84
3,246,85
3,246,85
3,246,86
3,249,87
3,249,87
3,249,88
3,252,88
3,252,89
3,252,92
3,252,94
3,250,98
3,250,99
3,250,100
3,247,101
3,247,101
2,247,101
2,247,100
2,247,100
3,250,101
3,247,101
3,250,102
3,250,102
3,253,104
3,253,105
3,253,106
3,253,107
3,255,108
3,253,109
3,255,110
3,255,111
3,255,113
3,255,114
3,255,114
3,255,115
3,255,115
3,255,116
3,255,118
3,253,119
3,253,119
3,253,120
3,251,120
3,251,120
3,253,120
3,253,120
3,253,120
3,253,119
3,253,119
3,253,119
3,255,119
3,255,119
3,255,119
3,255,120
3,253,120
3,251,122
3,251,121
3,253,120
3,253,120
3,255,117
3,255,115
3,255,115
3,255,114
3,255,114
3,255,114
3,255,114
3,255,114
3,255,115
3,255,115
3,253,116
3,253,117
3,253,118
3,253,119
3,253,119
3,253,120
3,253,120
3,253,121
3,253,121
3,253,121
3,253,121
3,253,123
3,253,123
3,253,123
3,253,123
3,253,123
3,253,123
3,253,123
3,253,122
3,253,121
3,253,121
3,253,121
3,253,121
3,253,121
3,253,121
3,253,121
3,251,120
3,251,120
3,251,119
3,251,118
3,253,117
3,253,116
3,253,116
3,253,116
3,253,116
3,253,116
3,253,116
3,253,116
3,251,117
3,249,118
3,249,120
3,249,120
3,249,120
3,251,119
3,253,118
3,253,118
3,253,118
3,253,118
3,253,118
3,255,118
3,255,118
3,255,117
3,255,116
3,255,116
3,255,116
3,255,115
3,255,115
3,253,115
3,253,115
3,253,114
3,253,114
3,253,113
3,253,112
3,253,111
3,253,111
3,253,110
3,253,109
3,253,109
3,250,109
3,250,108
3,250,108
3,248,109
3,248,107
3,248,107
3,248,105
3,248,105
3,248,105
2,245,103
3,248,102
3,248,102
3,247,100
3,247,99
3,250,98
3,252,97
3,250,96
3,250,94
3,247,94
3,247,93
3,244,91
3,244,91
3,246,88
3,246,85
3,243,86
3,246,86
3,249,87
3,249,87
3,249,88
3,252,88
3,252,89
3,252,90
3,252,92
3,252,94
3,250,97
3,250,98
3,250,99
3,250,99
3,250,99
3,250,99
3,250,100
3,250,100
3,247,101
3,250,101
3,253,102
3,253,103
3,253,104
3,253,106
3,255,106
3,255,108
3,253,108
3,255,109
3,255,110
3,255,112
3,255,113
3,255,114
3,255,115
3,255,115
3,255,116
3,255,116
3,253,117
3,253,119
3,253,119
3,251,120
3,251,120
3,251,120
3,251,119
3,251,119
3,253,118
3,253,118
3,253,117
3,255,118
3,255,119
3,255,119
3,253,120
3,251,122
3,251,122
3,251,122
3,253,120
3,253,118
3,255,116
3,255,115
3,255,115
3,255,114
3,253,114
3,255,113
3,255,113
3,255,114
3,255,114
3,255,115
3,255,115
3,255,116
3,255,118
3,253,119
3,253,120
3,253,120
3,253,120
3,253,121
3,253,121
3,255,121
3,255,121
3,255,123
3,255,123
3,253,123
3,253,123
3,253,123
3,253,123
3,253,123
3,253,122
3,253,121
3,253,121
3,253,121
3,253,121
3,253,121
3,253,121
3,251,121
3,251,120
3,251,120
3,251,119
3,251,118
3,253,117
3,253,116
3,253,116
3,253,116
3,253,116
3,253,116
3,253,116
3,253,116
3,253,116
3,249,118
3,249,120
3,249,120
3,249,120
3,253,118
3,253,118
3,253,117
3,253,117
3,253,117
3,253,117
3,253,117
3,253,117
3,253,116
3,255,116
3,253,116
3,253,115
3,253,115
3,253,115
3,251,114
2,251,114
3,253,113
3,253,113
3,253,112
3,253,111
3,253,111
3,253,111
3,253,110
3,253,110
3,253,109
3,250,108
3,250,108
3,250,107
3,250,106
3,250,106
3,248,105
3,248,105
3,248,105
3,248,103
3,248,102
3,248,102
3,247,101
2,247,100
3,247,99
3,250,97
3,250,96
3,250,94
3,247,93
3,247,91
3,247,91
3,246,90
3,246,88
3,243,87
3,246,87
3,249,87
3,249,87
3,249,87
3,249,88
3,252,89
3,252,90
3,252,90
3,252,92
3,250,93
3,250,95
3,250,98
3,250,98
3,250,99
3,250,99
3,250,99
3,250,100
3,252,101
3,252,101
3,253,102
3,253,103
3,253,104
3,253,106
3,255,106
3,255,108
3,255,108
3,255,109
3,255,110
3,255,111
3,253,113
3,255,114
3,253,115
3,253,115
3,255,115
3,255,115
3,255,116
3,253,116
3,253,118
3,251,119
3,251,119
3,251,119
3,251,118
3,251,118
3,251,118
3,253,117
3,253,117
3,255,117
3,255,118
4,255,119
3,253,120
3,251,121
3,251,122
3,251,121
3,253,120
3,253,117
3,255,115
3,255,115
3,255,114
3,253,114
3,253,113
3,253,113
3,255,113
3,255,113
3,255,114
3,255,115
3,255,115
3,255,115
3,253,117
3,253,119
3,251,120
3,251,120
3,253,120
3,253,120
3,253,121
3,255,121
3,255,121
3,255,123
3,255,123
3,255,123
3,253,123
3,253,123
3,253,123
3,253,123
3,253,122
3,253,121
3,253,121
3,253,121
3,253,121
3,253,121
3,253,121
3,251,121
3,251,120
3,251,120
3,251,119
3,253,118
3,253,117
3,253,116
3,253,116
3,253,116
3,253,116
3,253,116
3,253,116
3,253,116
3,251,117
3,249,118
3,247,120
3,247,120
3,249,120
3,253,118
3,253,117
3,253,117
3,253,117
3,253,117
3,253,117
3,251,117
3,253,116
3,253,115
3,253,115
3,253,115
3,253,115
3,251,115
3,251,114
3,251,114
2,251,114
3,253,113
3,253,112
3,253,112
3,255,111
3,255,111
3,253,111
3,253,110
3,253,110
3,250,109
3,250,108
3,250,108
3,250,106
3,250,106
3,250,105
3,248,105
3,248,105
3,248,104
3,248,102
3,248,102
3,247,101
3,247,100
3,247,99
3,247,98
3,247,96
3,247,94
3,247,93
3,247,91
3,246,90
3,246,90
3,246,89
3,246,87
3,249,87
3,249,87
3,249,88
3,249,88
3,249,89
3,252,89
3,252,90
3,252,90
3,252,91
3,250,93
3,250,95
3,250,97
3,250,97
3,250,98
3,250,99
3,252,99
3,252,100
3,252,101
3,253,102
3,253,104
3,253,105
3,255,106
3,255,106
3,255,107
3,255,108
3,255,108
3,255,109
3,253,110
3,253,112
3,253,114
3,251,114
3,251,115
3,253,115
3,255,115
3,255,115
3,255,115
3,255,115
3,253,116
3,251,117
3,251,118
3,251,117
3,251,117
3,251,117
3,251,116
3,253,116
3,253,116
3,253,117
3,253,118
3,253,120
3,251,120
3,251,120
3,253,120
3,253,118
3,253,117
3,253,115
3,253,115
3,253,114
3,253,113
3,253,113
3,253,113
3,253,113
3,255,113
3,255,114
3,255,114
3,255,115
3,255,115
3,253,116
3,251,120
3,249,120
3,249,120
3,251,120
3,253,120
3,253,120
3,253,121
3,253,121
3,255,121
3,255,123
3,255,123
3,253,123
3,253,123
3,253,123
3,253,122
3,253,121
3,253,121
3,253,120
3,253,120
3,253,120
3,253,120
3,253,120
3,251,120
3,251,120
3,251,120
3,253,119
3,253,118
3,253,118
3,253,116
3,253,116
3,255,115
3,255,115
3,253,116
3,253,116
3,253,116
3,251,117
3,249,118
3,244,120
3,244,120
3,244,120
3,253,118
3,253,117
3,253,117
3,253,117
3,251,116
3,251,117
3,251,116
3,253,115
3,253,115
3,253,115
3,251,115
3,251,114
3,251,114
3,251,114
3,251,114
2,251,114
2,250,113
3,253,112
3,255,111
3,255,110
3,255,109
3,255,109
3,253,109
3,253,109
3,250,109
3,250,108
3,250,106
3,250,106
3,250,105
3,250,105
3,248,105
3,248,105
3,248,103
3,248,102
3,247,101
3,247,100
3,247,99
3,247,98
3,247,96
2,244,94
2,244,93
2,244,91
2,244,90
3,246,90
3,246,88
2,246,88
3,249,88
3,249,88
3,249,88
3,249,88
3,252,89
3,252,89
3,252,89
3,252,89
3,252,90
3,252,93
3,252,93
3,252,96
3,252,97
3,252,98
3,252,99
3,252,101
3,253,102
3,253,103
3,253,104
3,253,106
3,255,106
3,255,106
3,255,106
3,255,107
3,255,108
3,255,108
3,253,109
3,253,111
3,250,113
3,251,114
3,251,114
3,251,114
3,255,114
3,255,114
3,255,114
3,255,115
3,255,115
3,253,115
3,253,116
3,251,116
3,251,116
3,251,116
3,253,116
3,253,116
3,253,116
3,253,117
3,253,117
3,253,118
3,253,120
3,253,120
3,253,117
3,253,117
3,253,116
3,253,115
3,253,114
3,253,114
3,253,113
3,253,112
3,253,112
3,253,112
3,255,112
3,255,113
3,255,114
3,255,115
3,255,115
3,253,116
3,251,119
3,251,120
3,251,120
3,251,120
3,253,120
3,253,120
3,253,120
3,253,121
3,253,121
3,253,122
3,253,123
3,253,123
3,253,122
3,253,122
3,253,122
3,253,121
3,253,121
3,255,120
3,255,120
3,253,120
3,253,120
3,253,120
3,253,120
3,251,120
3,253,119
3,253,119
3,253,118
3,253,118
3,253,116
3,255,116
3,255,115
3,255,115
3,255,115
3,253,116
3,253,116
3,251,117
3,249,118
3,244,120
3,244,120
3,244,120
3,253,118
3,253,117
3,253,117
3,253,117
3,251,116
3,251,116
3,253,116
3,253,115
3,253,115
3,253,114
3,251,114
2,251,114
2,251,114
2,251,114
3,251,114
3,251,114
3,250,113
3,253,112
3,255,110
3,255,109
3,255,109
3,255,109
3,253,109
3,253,109
3,253,109
3,250,107
3,250,106
3,250,106
3,250,105
3,250,105
3,248,105
3,248,103
3,248,102
3,247,101
3,247,100
3,247,99
3,247,98
3,247,95
3,247,94
2,244,93
2,244,91
2,244,91
2,244,90
3,246,88
2,246,89
2,246,88
3,249,88
3,249,88
3,249,88
3,249,88
3,249,88
3,252,88
3,252,88
3,252,89
3,252,90
3,252,91
3,252,93
3,252,96
3,252,97
3,252,99
3,250,101
3,250,103
3,253,104
3,253,105
3,253,106
3,255,106
3,255,106
3,255,106
3,255,106
3,255,107
3,255,108
4,255,108
3,253,109
3,253,111
3,250,112
3,251,114
3,253,114
3,253,114
3,255,114
3,255,114
3,255,114
3,255,114
3,255,114
3,255,115
3,253,115
3,253,115
3,253,116
3,253,116
3,253,116
3,253,116
3,253,116
3,253,117
3,253,117
3,253,117
3,253,117
3,253,117
3,253,116
3,253,115
3,253,114
3,253,114
2,250,113
3,253,112
3,253,112
3,253,112
3,253,112
3,255,112
3,255,113
3,255,114
3,253,115
3,253,115
3,253,116
3,251,117
3,251,119
3,251,120
3,251,120
3,251,120
3,253,120
3,253,120
3,253,120
3,253,121
3,253,121
3,253,122
3,253,122
3,253,122
3,253,122
3,253,121
3,253,121
3,255,120
3,255,119
3,255,119
3,255,119
3,253,119
3,253,119
3,253,119
3,253,119
3,253,119
3,253,119
3,253,118
3,253,116
3,253,116
3,255,116
3,255,115
3,255,115
3,255,115
3,253,116
3,253,116
3,251,117
3,246,119
3,244,120
3,244,120
3,244,120
3,253,118
3,253,117
3,253,116
3,253,116
3,253,116
3,253,115
3,253,115
3,253,114
3,253,114
3,253,114
2,251,114
2,251,114
2,251,114
2,251,114
3,251,114
3,251,114
3,250,112
3,250,110
3,253,109
3,253,109
3,255,109
3,255,108
3,253,109
3,253,109
3,250,107
3,250,106
3,250,106
3,250,105
3,248,105
3,248,105
3,248,103
3,248,102
3,247,101
3,247,100
3,247,98
3,250,98
3,250,95
3,250,94
2,247,93
2,244,91
2,244,91
2,241,90
2,241,90
3,243,87
2,246,89
2,246,88
3,249,88
3,249,88
3,249,88
3,249,88
3,249,87
3,252,87
3,252,87
3,252,88
3,252,89
3,255,91
3,255,94
3,252,96
3,252,99
3,247,101
3,248,104
3,250,105
3,250,105
3,253,106
3,253,106
3,255,106
3,255,106
3,255,106
3,255,106
3,255,106
3,255,108
3,253,108
3,253,109
3,253,110
3,253,111
3,253,112
3,253,112
3,253,113
3,255,113
3,255,114
3,255,114
3,255,114
3,255,114
3,253,115
3,253,115
3,253,115
3,251,116
3,251,116
3,251,116
3,253,116
3,253,117
3,253,117
3,253,116
3,253,116
3,253,116
3,253,115
3,253,114
3,253,114
3,253,113
2,250,112
3,253,112
3,253,111
3,253,111
3,253,111
3,255,112
3,255,113
3,253,114
3,253,114
3,253,115
3,253,116
3,253,117
3,251,118
3,251,119
3,251,119
3,251,120
3,251,120
3,253,120
3,253,120
3,253,121
3,253,121
3,253,121
3,253,121
3,253,121
3,253,121
3,253,120
3,255,120
3,255,119
3,255,118
3,255,118
3,255,118
3,255,118
3,253,119
3,253,119
3,253,119
3,251,119
3,251,118
3,251,117
3,253,116
3,253,116
3,253,116
3,255,115
3,255,115
3,255,115
3,253,116
3,253,116
3,251,117
3,246,119
3,244,120
3,244,120
3,249,118
3,253,117
3,253,116
3,253,116
3,253,116
3,253,115
3,253,115
3,255,114
3,255,114
3,255,114
3,253,114
2,251,114
3,251,114
3,251,114
3,251,114
3,251,114
3,250,113
3,250,111
3,250,110
3,250,108
3,253,108
3,253,108
3,253,108
3,253,108
3,250,106
3,250,106
3,250,106
3,250,105
3,250,105
3,248,105
3,248,102
3,248,102
3,247,101
3,247,99
3,247,98
3,247,97
3,250,95
3,250,94
3,249,91
3,249,90
3,246,90
2,241,90
3,241,89
3,240,87
2,246,89
2,246,88
3,249,88
3,249,88
3,249,88
3,249,87
3,249,87
3,252,87
3,252,88
3,252,88
3,255,89
3,255,91
3,252,94
3,250,98
3,245,102
3,245,104
2,245,105
3,250,105
3,250,105
3,253,105
3,255,106
3,255,106
3,255,106
4,255,106
3,255,106
3,255,106
3,253,107
3,253,108
3,253,109
3,253,110
3,253,110
3,253,110
3,255,111
3,255,112
3,255,112
3,255,113
3,255,113
3,255,114
3,255,114
3,253,114
3,253,115
3,251,115
3,251,115
3,251,115
3,251,115
3,251,115
3,253,115
3,253,115
3,253,115
3,251,115
3,251,114
3,250,113
3,253,112
3,250,112
2,250,111
3,250,110
3,253,109
3,253,110
3,253,111
3,255,111
3,253,112
3,253,114
2,251,114
3,251,114
3,253,115
3,253,116
3,253,117
3,253,118
3,253,119
3,251,119
3,251,119
3,253,120
3,253,120
3,253,120
3,253,121
3,253,121
3,253,121
3,253,121
3,253,120
3,253,119
3,255,119
3,255,118
3,255,118
3,255,118
3,255,118
3,255,118
3,253,117
3,253,117
3,253,117
3,253,117
3,253,117
3,253,116
3,253,116
3,253,116
3,253,116
3,253,116
3,253,116
3,253,116
3,253,116
3,253,116
3,251,117
3,251,117
3,246,119
3,249,118
3,251,117
3,253,116
3,253,116
3,253,115
3,253,115
3,253,115
3,253,115
3,253,114
3,255,114
3,253,113
3,250,113
3,250,113
3,250,113
3,250,113
3,250,113
3,250,113
3,250,111
3,250,110
3,250,110
3,250,108
3,250,107
3,250,106
3,250,106
3,250,106
3,250,106
3,250,106
3,250,105
3,248,105
3,248,103
3,248,102
3,248,102
3,247,101
3,247,99
3,247,98
3,247,96
3,247,95
3,250,93
3,249,91
3,249,89
2,246,88
3,246,87
3,243,87
3,240,87
2,246,89
2,246,88
3,249,88
3,249,88
3,249,88
3,249,87
3,249,87
3,252,87
3,252,88
3,255,88
3,252,90
3,252,92
3,250,94
3,247,101
2,245,103
3,248,105
3,248,105
3,250,105
3,253,105
3,253,105
3,253,105
3,253,105
4,255,105
4,255,105
3,253,106
3,253,106
3,253,106
3,253,108
3,253,109
3,253,109
3,253,109
3,255,110
3,255,110
3,255,110
3,255,112
3,255,113
3,255,113
3,255,113
3,253,114
3,253,114
3,251,115
3,251,115
3,251,115
3,251,115
3,253,115
3,253,115
3,253,115
3,253,115
3,251,114
3,250,113
3,250,112
3,250,111
3,250,110
3,250,110
3,250,109
3,253,109
3,253,109
3,253,110
3,253,111
3,253,112
3,253,113
2,251,114
2,251,114
3,253,115
3,253,115
3,253,115
3,253,117
3,253,118
3,253,118
3,253,119
3,253,119
3,253,119
3,253,119
3,253,120
3,253,120
3,253,120
3,253,120
3,253,119
3,253,119
3,255,118
3,255,118
3,255,118
3,255,118
3,255,116
3,255,116
3,253,116
3,253,116
3,253,116
3,253,116
3,253,116
3,253,116
3,253,116
3,253,116
3,253,116
3,253,116
3,253,116
3,253,116
3,253,116
3,253,116
3,251,117
3,251,117
3,251,117
3,251,117
3,251,117
3,253,116
3,253,115
3,253,115
3,253,115
3,253,115
3,253,114
3,253,114
3,253,113
3,250,113
3,250,113
3,250,113
3,250,113
3,250,113
3,250,113
3,250,111
3,250,110
3,250,110
3,250,107
3,250,106
3,250,106
3,250,106
3,250,106
3,250,105
3,250,105
3,250,105
3,250,103
3,248,102
3,248,102
3,247,101
2,247,100
3,247,99
3,247,97
3,247,96
3,247,94
3,247,93
3,249,90
3,249,88
3,249,87
3,249,87
3,246,86
3,246,86
3,246,89
2,246,89
2,246,88
3,249,88
3,249,88
3,249,88
2,249,87
2,249,88
3,252,88
3,252,89
3,252,91
2,250,94
3,250,98
3,250,101
2,248,103
2,248,104
3,250,104
3,250,105
3,253,105
3,253,105
3,253,105
3,253,105
3,250,105
3,250,105
3,250,106
3,250,106
3,250,106
3,250,106
3,253,108
3,253,108
3,253,108
3,255,109
3,255,109
3,255,109
3,255,112
3,255,112
3,253,113
3,253,113
3,251,114
3,251,114
3,251,114
3,251,114
3,251,114
3,253,114
3,253,114
3,253,114
3,250,113
3,250,113
3,250,111
3,250,111
3,250,110
3,250,110
3,250,109
3,250,109
3,250,109
3,253,109
3,253,109
3,253,109
3,253,110
3,253,113
2,250,113
2,251,114
3,253,114
3,253,115
3,253,115
3,253,115
3,253,116
3,253,118
3,253,118
3,253,119
3,253,119
3,253,119
3,253,119
3,255,119
3,255,118
3,255,118
3,255,118
3,253,118
3,255,118
3,255,118
3,255,117
3,255,116
3,255,116
3,253,116
3,253,116
3,253,116
3,253,116
3,253,116
3,253,116
3,253,116
3,253,116
3,253,116
3,253,116
3,253,116
3,253,116
3,253,116
3,253,116
3,253,116
3,251,117
3,251,117
3,251,117
3,251,117
3,253,116
3,253,115
3,253,115
3,253,115
3,253,115
3,253,115
3,253,114
3,253,114
3,253,113
3,250,113
3,250,113
3,250,113
3,250,111
3,250,110
3,250,110
3,250,110
3,248,109
3,248,107
3,250,106
3,250,105
3,250,105
3,250,105
3,250,105
3,250,105
3,250,103
3,250,103
3,250,102
3,247,101
3,250,100
3,250,100
3,250,98
3,250,97
3,247,95
3,247,94
3,247,92
3,246,90
3,249,88
3,249,87
3,249,85
3,249,85
3,246,84
2,244,90
2,246,89
3,249,88
3,249,88
2,249,88
2,249,87
2,249,87
3,252,88
3,252,88
2,249,89
2,249,92
3,250,95
3,250,98
2,248,102
2,248,103
2,248,104
3,250,104
3,250,104
3,250,104
3,250,105
3,250,105
3,250,105
3,250,105
3,250,105
3,250,105
3,250,106
3,250,106
3,250,106
3,253,108
3,255,108
3,255,108
3,255,108
3,255,109
3,255,109
3,253,112
3,253,112
3,253,113
3,250,113
3,250,113
3,250,113
3,250,113
3,250,113
3,253,113
3,253,112
3,253,112
2,250,111
3,250,111
3,250,110
3,250,110
3,250,109
3,248,109
3,250,109
3,250,109
3,250,108
3,250,108
3,253,108
3,253,109
3,253,109
3,253,111
2,250,113
3,253,113
3,253,114
3,253,114
3,253,115
3,253,115
3,253,115
3,253,116
3,253,118
3,253,118
3,253,118
3,255,118
3,255,118
3,255,118
3,255,118
3,255,118
3,255,118
3,253,117
3,253,117
3,255,117
3,255,116
3,255,116
3,255,115
3,255,116
3,253,116
3,253,116
3,253,116
3,253,116
3,253,116
3,253,116
3,253,116
3,253,116
3,253,116
3,253,116
3,253,116
3,253,116
3,253,116
3,253,116
3,253,116
3,251,117
3,251,117
3,253,116
3,253,116
3,253,115
3,253,115
3,253,115
3,253,115
3,253,114
3,253,114
3,253,113
3,253,113
3,250,113
3,250,111
3,250,110
3,250,110
3,250,110
3,250,110
3,250,109
3,248,107
3,248,106
3,248,105
3,250,105
3,250,104
3,250,104
3,250,103
3,250,103
3,250,102
3,250,102
3,250,100
3,250,100
3,250,98
3,250,98
3,250,95
3,250,94
3,250,93
3,249,91
3,246,90
3,249,88
3,249,86
3,249,84
3,249,84
3,249,84
3,246,89
2,246,88
2,249,88
2,249,88
2,249,87
2,249,87
2,249,87
2,249,88
2,249,89
2,249,92
3,250,94
3,250,96
2,250,99
2,248,102
3,248,103
3,248,104
3,248,104
3,250,104
3,250,104
3,250,105
3,250,105
3,250,105
3,250,105
3,250,105
3,250,105
3,250,105
3,250,106
3,250,106
3,250,106
3,255,108
3,255,108
3,255,109
3,253,109
3,253,110
3,253,112
3,253,112
3,253,113
3,250,113
3,250,113
3,253,112
3,253,111
3,253,110
3,253,109
3,250,109
3,250,109
3,250,109
3,250,109
3,250,109
3,248,109
3,248,109
3,250,109
3,250,108
3,250,108
3,250,108
3,253,108
3,253,108
3,253,109
3,253,109
3,253,110
3,253,113
3,253,113
3,253,114
2,251,114
3,253,115
3,253,115
3,253,115
3,253,116
3,253,116
3,253,116
3,255,116
3,255,116
3,255,116
3,255,116
3,255,116
3,255,117
3,253,117
3,253,117
3,253,116
3,255,115
3,253,115
3,255,115
3,253,115
3,253,116
3,253,116
3,253,116
3,253,116
3,253,116
3,253,116
3,253,116
3,253,116
3,253,116
3,253,116
3,253,116
3,253,116
3,253,116
3,253,116
3,253,116
3,253,116
3,253,116
3,253,116
3,253,116
3,253,115
3,253,115
3,253,114
3,253,114
3,253,114
3,253,113
3,253,113
3,253,112
3,253,110
3,250,110
3,250,110
3,250,109
3,250,109
3,250,109
3,250,106
3,248,105
3,248,105
3,248,104
3,248,103
3,248,102
3,248,102
3,250,102
3,250,101
3,250,101
3,250,100
3,250,98
3,250,96
3,250,95
3,250,94
3,250,93
3,249,92
3,249,90
3,249,88
3,249,88
3,249,85
3,249,84
3,249,83
3,249,82
3,246,88
3,249,88
3,249,87
3,249,86
3,249,86
2,249,87
2,249,87
2,249,88
2,249,89
2,249,92
3,250,94
3,250,97
2,250,100
3,248,102
3,248,103
3,248,103
3,248,104
3,248,104
3,248,105
3,248,105
2,245,105
2,245,105
3,250,105
3,250,105
3,250,105
3,250,105
3,250,106
3,250,106
3,253,108
3,253,108
3,253,109
3,253,109
3,253,109
3,253,110
3,253,112
3,253,112
3,253,112
3,253,112
3,253,110
3,253,110
3,253,109
3,253,109
3,250,109
3,250,109
3,250,109
3,250,109
3,250,109
3,248,109
3,248,109
3,250,108
3,250,108
3,250,108
3,250,108
3,250,108
3,253,107
3,253,108
3,253,109
3,253,109
3,253,111
3,253,113
2,250,113
2,251,114
3,253,114
3,253,114
3,253,115
3,253,115
3,253,115
3,253,116
3,255,116
3,255,116
3,255,115
3,255,115
3,255,115
3,255,115
3,253,116
3,253,116
3,253,116
3,253,115
3,253,115
3,253,115
3,253,115
3,253,115
3,253,115
3,253,115
3,253,115
3,253,115
3,255,115
3,253,115
3,253,115
3,253,116
3,253,116
3,253,116
3,251,116
3,253,116
3,253,116
3,253,116
3,253,116
3,253,116
3,253,116
3,253,116
3,253,115
3,251,115
2,251,114
3,251,114
3,250,113
3,253,113
3,253,112
3,253,110
3,253,110
3,253,110
3,250,109
3,250,109
3,250,107
3,250,106
3,250,105
3,250,104
3,248,102
3,248,102
3,248,102
3,247,101
3,247,101
3,250,101
3,250,100
3,250,98
3,250,96
3,250,95
3,250,95
3,250,93
3,249,92
3,249,90
3,249,88
3,249,87
3,249,86
3,249,84
3,249,83
3,249,82
3,249,81
3,249,86
3,249,86
3,249,85
3,249,86
2,246,86
2,246,87
2,246,88
2,249,88
2,249,90
3,252,93
3,252,94
3,250,97
2,247,101
3,248,102
3,248,103
3,248,103
3,248,104
3,248,105
2,245,105
2,245,105
3,245,105
3,245,105
3,245,105
3,250,105
3,250,105
3,250,105
3,250,106
3,250,106
3,253,108
3,253,108
3,253,109
3,253,109
3,253,110
3,253,111
3,253,112
3,253,112
3,253,110
3,253,110
3,253,109
3,253,109
3,253,109
3,250,108
3,250,108
3,250,108
3,248,108
3,248,109
3,248,109
3,248,109
3,250,108
3,250,108
3,250,108
3,250,107
3,250,106
3,250,106
3,253,107
3,253,108
3,253,109
3,253,110
3,253,112
3,253,113
2,250,113
3,253,113
2,251,114
3,253,114
3,253,115
3,253,115
3,253,115
3,253,116
3,253,115
3,255,115
3,255,115
3,255,115
3,255,115
3,255,115
3,253,115
3,253,115
3,253,115
3,253,115
3,253,114
3,253,114
3,253,115
3,253,115
3,253,115
3,253,115
3,255,115
3,255,115
3,255,115
3,255,115
3,253,115
3,253,116
3,253,116
3,253,116
3,253,116
3,253,116
3,253,116
3,253,116
3,253,116
3,253,116
3,253,116
3,251,115
2,251,114
2,251,114
2,251,114
2,250,113
3,253,112
3,253,112
3,253,110
3,253,110
3,253,109
3,250,109
3,250,107
3,250,106
3,250,105
3,250,105
3,250,102
3,250,102
3,247,101
3,247,100
3,247,100
3,247,100
3,250,99
3,250,98
3,250,96
3,250,95
3,250,94
3,249,92
3,249,90
3,249,89
3,249,88
3,249,86
3,249,84
3,249,83
3,249,82
3,249,82
3,249,80
3,249,84
3,249,84
3,249,84
2,246,86
2,246,86
2,246,87
2,246,88
2,249,89
2,249,90
3,252,93
3,252,95
3,252,98
3,247,101
3,248,102
3,248,102
3,248,103
3,248,103
2,245,105
2,245,105
3,245,103
3,245,103
3,245,103
3,250,105
3,250,105
3,250,105
3,250,105
3,250,106
3,250,107
3,253,108
3,253,109
3,253,109
3,253,111
3,253,111
3,253,111
3,253,111
3,253,110
3,253,109
3,253,109
3,250,109
3,250,108
3,250,108
3,250,108
3,250,108
3,248,108
3,248,108
3,250,108
3,250,108
3,253,108
3,253,108
3,250,108
3,250,106
3,250,106
3,250,106
3,250,106
3,253,108
3,253,108
3,253,110
3,253,111
3,253,112
3,253,113
3,253,113
3,253,113
3,253,114
3,253,114
3,253,115
3,253,115
3,255,115
3,255,115
3,255,115
3,255,115
3,255,115
3,255,115
3,255,115
3,253,115
3,253,115
3,253,115
3,253,114
3,253,114
3,253,114
2,251,114
2,251,114
3,253,115
3,255,115
3,255,115
3,255,115
3,255,115
3,255,115
3,255,115
3,253,115
3,253,116
3,253,116
3,253,116
3,253,116
3,253,116
3,253,116
3,253,116
3,253,116
3,253,116
2,251,115
2,251,114
2,251,114
2,251,114
2,250,113
3,253,112
3,253,110
3,253,110
3,253,109
3,250,109
3,250,107
3,250,106
3,250,105
3,250,104
3,250,102
3,250,102
3,250,101
3,250,100
3,250,99
3,250,99
3,250,98
3,250,98
3,250,96
3,250,95
3,250,94
3,249,92
3,249,90
3,249,89
3,252,87
3,252,86
3,252,83
3,249,82
3,249,82
3,249,82
3,249,80
2,249,83
2,246,83
2,246,85
2,246,86
2,246,87
2,249,88
3,252,88
3,252,90
3,252,93
3,252,95
3,250,98
3,247,101
3,248,102
3,248,102
2,245,102
2,245,103
2,245,103
3,245,103
3,245,103
3,245,103
3,245,103
3,250,103
3,250,105
3,250,105
3,250,106
3,250,106
3,250,108
3,253,109
3,253,109
3,253,110
3,253,111
3,253,110
3,253,110
3,253,109
3,253,109
3,253,109
3,253,108
3,250,108
3,250,108
3,250,108
3,250,108
3,250,108
3,250,108
3,250,108
3,253,108
3,255,108
3,255,108
3,253,108
3,250,106
3,250,106
3,250,106
3,250,106
3,250,108
3,253,109
3,253,110
3,250,111
3,253,112
3,253,113
3,253,113
2,253,113
2,253,113
3,253,114
3,253,114
3,253,115
3,253,115
3,253,116
3,255,115
3,255,115
3,255,115
3,255,115
3,255,115
3,253,115
3,253,115
3,253,114
2,253,113
2,253,113
2,251,114
2,251,114
2,251,114
2,251,114
2,251,115
3,255,115
3,255,114
3,255,114
3,255,115
3,253,115
3,251,115
3,251,115
3,251,116
3,253,116
3,253,116
3,253,116
3,253,116
3,253,116
3,253,116
3,253,115
2,251,115
2,251,114
2,251,114
2,250,113
3,250,113
3,250,111
3,250,110
3,253,110
3,250,109
3,250,107
3,250,106
3,250,105
3,250,103
3,250,102
3,250,102
3,250,101
3,250,100
3,250,99
3,250,98
3,250,98
3,250,97
3,250,96
3,250,96
3,250,95
3,250,93
3,249,90
3,249,89
3,249,88
3,249,86
3,252,84
3,249,83
3,249,82
3,249,82
2,246,83
2,246,84
2,246,86
2,243,87
2,243,87
2,249,88
3,252,88
3,252,91
3,252,93
3,252,95
3,250,98
3,250,100
3,247,101
3,248,102
2,245,102
2,245,103
2,245,103
3,245,103
3,245,103
3,248,103
3,250,103
3,250,105
3,250,105
3,250,106
3,250,106
3,250,107
3,253,108
3,253,109
3,253,110
3,253,110
3,253,110
3,253,110
3,253,109
3,253,108
3,253,108
3,253,108
3,250,108
3,250,108
3,250,108
3,250,108
3,250,108
3,250,109
3,253,109
3,253,109
3,253,108
3,253,108
3,253,108
3,253,107
3,250,107
3,250,107
3,250,108
3,250,108
3,250,110
3,250,111
3,250,112
3,250,113
3,253,113
3,253,113
2,253,113
2,253,113
3,253,114
3,253,114
3,253,115
3,253,116
3,253,116
3,253,116
3,253,116
3,255,115
3,255,115
3,255,115
3,253,115
3,253,115
3,253,114
2,253,113
2,253,113
2,251,114
2,251,114
2,251,114
2,251,114
2,251,114
2,251,114
3,255,114
3,255,114
3,253,115
3,251,115
3,251,115
3,251,115
3,251,115
2,251,115
3,253,115
3,253,115
3,255,115
3,255,115
3,253,115
3,253,115
2,251,115
2,251,114
2,250,113
3,250,113
3,250,112
3,250,110
3,250,110
3,250,109
3,250,107
3,250,106
3,250,105
3,250,103
3,250,102
3,250,101
3,250,100
3,250,99
3,250,99
3,250,98
3,250,98
3,250,96
3,250,96
3,250,96
3,250,95
3,250,94
3,249,92
3,249,90
3,249,89
3,249,88
3,249,85
3,249,84
3,249,83
3,249,82
2,246,84
2,243,86
2,243,86
2,243,87
2,246,87
2,249,88
3,252,89
3,252,92
3,252,93
3,252,95
3,250,97
3,250,99
2,247,100
3,247,101
2,245,102
2,245,102
2,245,102
2,245,102
3,250,102
3,250,102
3,250,103
3,250,105
3,250,106
3,250,106
3,250,107
3,250,108
3,253,109
3,253,110
3,250,110
3,250,110
3,253,109
3,253,108
3,253,106
3,253,106
3,253,107
3,253,107
3,250,107
3,253,108
3,253,108
3,253,108
3,253,109
3,253,109
3,253,109
3,253,109
3,253,108
3,253,108
3,253,107
3,253,107
3,250,108
3,250,108
3,250,108
3,250,110
3,250,112
3,248,113
3,250,113
3,250,113
3,253,113
2,253,113
2,253,113
3,253,113
3,253,114
3,253,115
3,253,116
3,253,116
3,253,116
3,253,116
3,253,116
3,253,115
3,253,115
3,253,115
2,251,114
2,251,114
2,251,114
2,251,114
2,251,114
2,251,114
2,251,114
2,251,114
2,251,114
3,251,114
2,251,114
2,251,114
2,251,114
2,251,115
2,251,115
2,251,115
2,251,115
3,253,115
3,255,115
3,255,115
3,255,115
3,255,115
3,255,115
3,253,115
3,251,114
3,251,114
3,250,113
3,250,112
3,250,111
3,250,110
3,250,109
3,250,107
3,250,106
3,250,105
3,250,103
3,250,101
3,250,101
3,250,100
3,250,99
3,250,98
3,250,97
3,250,96
3,247,96
3,247,96
3,250,95
2,247,94
2,247,94
2,247,94
2,247,92
2,247,91
3,249,89
3,249,88
3,249,86
3,249,84
3,249,83
2,243,84
2,243,86
2,243,86
2,243,87
2,249,87
2,249,88
3,252,90
3,252,92
3,252,93
3,252,94
3,252,97
3,250,99
3,250,100
3,250,100
2,247,100
2,247,101
3,250,101
3,250,101
3,250,102
3,250,102
3,250,103
3,250,105
3,248,106
3,248,107
3,248,108
3,248,109
3,250,109
3,250,109
3,250,109
3,250,108
3,250,106
3,250,106
3,250,106
3,253,106
3,253,106
3,253,108
3,253,108
3,253,108
3,253,108
3,253,108
3,253,109
3,253,108
3,253,108
3,253,108
3,253,108
3,253,108
3,255,108
3,253,108
3,253,108
3,250,110
3,248,111
3,248,112
3,248,113
3,250,113
3,250,112
3,253,113
3,253,113
3,253,113
3,253,113
3,253,114
3,253,115
3,253,115
3,253,116
3,253,116
3,253,116
3,253,116
3,253,115
3,253,115
3,253,115
2,251,114
2,251,114
2,251,114
2,251,114
2,251,114
2,251,114
2,251,114
3,251,114
3,251,114
3,251,114
2,251,114
2,251,114
2,251,114
2,251,114
2,251,115
2,251,115
2,251,115
3,255,115
3,255,115
3,255,115
3,255,115
3,255,115
3,255,114
3,253,114
3,253,113
3,250,113
3,250,112
3,250,111
3,250,110
3,250,109
3,250,107
3,250,105
3,250,104
3,250,102
3,250,101
3,250,100
3,250,100
3,250,99
3,250,98
3,250,96
3,250,95
3,247,95
3,247,95
3,247,95
2,247,94
2,247,94
2,244,94
2,244,94
2,244,93
2,244,92
2,244,90
3,243,88
3,246,87
3,249,85
2,243,85
2,243,86
2,243,87
3,246,87
3,249,87
2,249,88
3,252,90
3,252,92
3,252,93
3,252,94
3,252,97
3,250,98
3,250,99
3,250,99
3,250,100
3,250,100
3,250,101
3,250,101
3,250,102
3,250,102
3,250,105
3,248,106
3,248,107
3,248,107
3,248,108
3,250,109
3,250,109
3,250,106
3,250,106
3,250,106
3,250,106
3,250,106
3,253,106
3,253,106
3,253,108
3,253,108
3,253,109
3,253,109
3,253,109
3,253,109
3,253,109
3,253,109
3,253,109
3,253,108
3,255,108
3,255,108
3,255,108
3,255,108
3,250,110
3,250,111
3,248,112
3,248,112
3,250,112
3,253,112
3,253,112
2,253,113
2,253,113
3,253,113
3,253,114
3,253,115
2,251,115
3,253,116
3,253,116
3,253,116
3,253,115
3,253,115
3,253,115
2,251,114
2,251,114
2,251,114
2,251,114
2,251,114
2,251,114
2,251,114
3,251,114
3,251,114
3,250,113
3,250,113
3,250,113
3,250,113
2,251,114
2,251,114
2,251,114
2,251,114
3,253,114
3,255,114
3,255,114
3,255,114
3,255,114
3,255,114
3,255,113
3,253,113
3,253,112
3,250,111
3,250,110
3,250,110
3,250,109
3,250,107
3,250,105
3,250,104
3,250,102
3,250,101
3,250,100
3,250,99
3,250,98
3,250,96
3,252,95
3,250,95
3,250,95
3,247,95
2,247,94
2,244,94
2,244,94
2,244,94
2,244,94
2,244,94
2,244,93
2,244,92
2,241,91
3,244,90
3,243,88
2,243,86
2,246,87
3,246,87
2,249,87
3,249,88
3,252,90
3,252,92
3,252,92
3,252,94
3,252,94
3,250,97
3,250,98
3,250,99
3,250,99
3,250,100
3,250,101
3,250,101
3,250,102
3,250,105
3,250,106
3,250,106
3,250,106
3,250,107
3,250,108
3,250,107
3,250,106
3,250,106
3,250,106
3,250,106
3,250,106
3,250,106
3,253,106
3,255,108
3,255,108
3,255,109
3,253,109
3,253,109
3,253,109
3,253,109
3,253,109
3,253,109
3,255,108
3,255,108
3,255,108
3,255,108
3,255,108
3,253,110
3,250,111
3,250,112
3,248,112
3,250,112
3,253,112
3,253,112
2,253,113
2,253,113
3,253,113
3,253,114
2,251,114
2,251,115
2,251,115
3,253,115
3,253,115
3,253,114
3,251,114
3,251,114
3,251,114
2,251,114
2,251,114
2,251,114
2,251,114
2,251,114
2,251,114
3,250,113
3,250,113
3,250,113
3,250,113
3,250,113
3,250,113
3,250,113
3,250,113
3,250,113
3,253,113
3,253,113
3,253,113
3,255,112
3,255,112
3,255,112
3,255,112
3,255,111
3,253,110
3,253,110
3,250,110
3,250,109
3,250,108
3,250,107
3,250,106
3,250,105
3,250,102
3,250,101
3,250,99
3,250,98
3,250,96
3,252,95
3,252,95
3,252,94
3,252,94
3,252,94
3,250,93
2,247,93
2,247,94
2,244,94
2,244,94
2,244,94
2,241,94
2,241,94
2,241,93
2,241,92
2,246,86
2,246,87
2,249,87
3,249,87
3,252,88
3,252,90
3,252,90
3,252,92
3,252,92
3,252,94
3,250,95
3,250,98
3,250,99
3,250,100
3,250,101
3,250,101
3,250,103
3,250,105
3,250,105
3,250,106
3,250,106
3,250,106
3,250,106
3,250,106
3,250,106
3,250,106
3,250,106
3,250,106
3,250,106
3,250,106
3,253,106
3,255,108
3,255,108
3,255,109
3,255,109
3,253,109
3,253,109
3,255,109
3,253,109
3,255,109
3,255,108
3,255,108
3,255,108
3,255,108
3,255,108
3,253,109
3,253,110
3,253,110
3,253,110
3,253,111
3,253,111
3,253,111
2,253,112
2,253,113
3,253,113
3,253,113
2,251,114
2,251,114
2,251,114
3,253,114
3,253,114
3,253,114
3,251,114
3,250,113
3,253,113
3,253,113
3,253,112
3,253,112
3,253,112
2,250,113
2,250,113
3,250,113
3,250,113
3,250,113
3,253,110
3,253,110
3,253,110
3,253,110
3,253,110
3,253,110
3,253,110
3,253,112
3,253,110
3,253,110
3,253,110
3,253,110
3,253,109
3,253,109
3,253,109
3,253,109
3,250,108
3,250,108
3,250,106
3,248,106
3,250,105
3,250,102
3,250,101
3,250,99
3,250,96
3,250,95
3,250,94
3,250,93
3,252,91
3,252,90
3,252,90
3,252,91
3,249,92
2,247,93
2,247,93
2,244,94
2,244,94
2,241,94
2,241,94
2,241,94
2,239,94
3,246,87
3,249,87
3,249,87
3,252,87
3,252,87
3,252,88
3,252,89
3,252,91
3,252,93
3,250,95
3,250,98
3,250,99
3,250,100
3,250,101
3,250,103
3,250,104
3,250,105
3,250,106
3,250,106
3,250,106
3,250,106
3,250,106
3,250,105
3,250,106
3,250,106
3,250,106
3,250,106
3,253,106
3,255,106
3,255,108
3,255,108
3,255,109
3,253,109
3,253,110
3,253,110
3,253,110
3,253,109
3,255,109
3,255,108
3,255,108
3,255,108
3,255,108
3,255,108
3,253,109
3,253,109
3,253,110
3,253,110
3,253,110
3,253,110
3,253,110
3,253,111
3,253,112
3,253,112
3,253,113
2,250,113
2,251,114
2,251,114
2,251,114
3,253,114
3,253,113
3,253,113
3,253,113
3,253,112
3,253,112
3,253,111
3,253,111
3,253,111
3,253,112
3,253,112
3,253,112
3,253,110
3,253,110
3,255,110
3,255,110
3,253,110
3,253,110
3,253,110
3,253,110
3,253,110
3,253,110
3,253,110
3,253,109
3,253,109
3,253,109
3,253,109
3,253,108
3,253,107
3,253,107
3,250,106
3,250,106
3,250,105
3,248,104
3,250,102
3,250,101
3,250,99
3,250,96
3,250,95
3,250,93
3,249,91
3,249,90
3,252,89
3,252,89
3,252,88
3,252,89
3,249,90
2,247,91
2,247,93
2,244,93
2,241,94
2,241,94
2,241,94
3,246,84
3,249,84
3,252,84
3,252,84
3,252,84
3,252,87
3,252,88
3,252,89
3,250,93
3,250,95
3,250,98
3,250,100
3,250,101
3,250,103
3,250,103
3,250,105
3,250,105
3,250,105
3,250,105
3,250,105
3,250,105
3,250,105
3,250,105
3,250,105
3,250,106
3,250,106
3,250,106
3,255,106
3,255,108
3,255,108
3,255,109
3,253,109
3,253,110
3,253,110
3,253,110
3,253,109
3,253,109
3,255,108
3,255,108
3,253,108
3,255,108
3,253,108
3,253,108
3,253,109
3,253,109
3,253,109
3,253,109
3,253,109
3,253,109
3,253,110
3,253,111
3,253,111
2,250,112
2,250,112
2,250,112
2,250,112
2,250,112
2,250,112
2,250,112
3,250,110
3,250,110
3,253,110
3,253,110
3,253,110
3,253,110
3,253,110
3,253,110
3,253,110
3,253,110
3,253,109
3,255,109
3,255,109
3,255,109
3,253,109
3,253,109
3,253,110
3,253,110
3,253,110
3,253,110
3,253,109
3,253,109
3,253,107
3,253,107
3,253,107
3,253,106
3,250,106
3,250,106
3,250,105
3,248,105
3,248,103
3,248,102
3,247,101
3,250,99
3,250,96
3,250,94
3,249,92
3,249,90
3,249,89
3,249,89
2,249,88
2,249,88
3,252,88
2,249,88
2,246,90
2,246,90
2,244,91
2,244,93
2,241,94
2,241,94
3,249,83
3,252,81
3,252,82
4,255,83
3,252,84
3,252,87
3,252,89
3,250,93
3,250,95
3,250,98
3,250,100
3,250,101
3,250,103
3,250,104
3,250,105
3,250,105
3,250,105
3,250,105
3,250,105
3,250,105
3,250,105
3,250,105
3,250,105
3,250,106
3,250,106
3,253,106
3,255,108
3,255,108
3,255,108
3,255,108
3,255,109
3,253,110
3,255,109
3,253,109
3,255,108
3,255,108
3,253,108
3,253,108
3,253,108
3,253,107
3,253,107
3,253,107
3,253,107
3,253,109
3,253,109
3,253,109
3,253,109
3,253,109
3,253,109
3,253,109
3,250,110
3,250,110
2,250,111
3,250,110
3,250,110
3,250,109
3,250,109
3,250,109
3,250,109
3,250,109
3,253,109
3,253,109
3,253,109
3,253,109
3,253,109
3,253,109
3,253,109
3,255,109
3,255,108
3,255,109
3,255,109
3,253,109
3,253,109
3,253,109
3,250,109
3,250,109
3,250,108
3,253,106
3,253,106
3,253,106
3,253,105
3,253,105
3,253,105
3,250,105
3,250,104
3,250,103
3,248,102
3,247,101
3,247,101
3,247,99
3,250,96
3,250,94
3,249,92
3,249,90
3,249,89
3,249,88
2,249,88
2,249,87
2,249,88
2,249,88
2,246,88
2,246,89
2,246,90
2,244,91
2,244,92
3,252,79
3,252,79
4,255,80
4,255,82
3,255,83
3,252,87
3,252,89
3,250,93
3,250,96
3,250,99
3,250,100
3,250,102
3,250,103
3,250,103
3,250,104
3,250,104
3,250,103
3,250,104
3,250,105
3,250,105
3,250,105
3,250,105
3,250,106
3,250,106
3,250,106
3,253,107
3,253,108
3,253,108
3,253,108
3,253,108
3,253,108
3,253,108
3,253,108
3,253,108
3,253,108
3,253,108
3,250,106
3,250,106
3,250,106
3,250,106
3,250,106
3,250,106
3,250,106
3,250,107
3,250,107
3,250,109
3,250,109
3,250,109
3,250,109
3,250,109
3,250,109
3,250,109
3,250,109
3,250,109
3,250,109
3,250,109
3,250,109
3,250,109
3,250,109
3,250,109
3,253,109
3,253,109
3,253,107
3,253,107
3,253,106
3,253,106
3,253,106
3,255,108
3,253,108
3,253,108
3,253,108
3,253,108
3,250,108
3,250,108
3,250,106
3,250,106
3,250,106
3,250,105
3,250,105
3,253,105
4,253,103
3,250,103
3,250,103
3,250,102
3,247,101
3,247,100
3,247,100
3,247,98
3,247,96
3,250,94
3,249,92
2,246,90
3,249,89
2,246,88
2,246,87
2,246,87
2,246,87
2,246,87
2,246,87
2,246,88
2,246,89
2,244,90
2,244,90
3,255,78
3,255,79
3,255,82
3,255,83
3,255,87
3,252,89
3,250,94
3,250,97
2,250,99
2,250,100
2,250,101
2,250,103
3,250,103
3,250,103
3,250,103
3,250,103
3,250,104
3,250,105
3,250,105
3,250,105
3,250,105
3,250,106
3,250,106
3,250,106
3,250,107
3,250,108
3,250,108
3,253,108
3,253,108
3,253,108
3,253,108
3,253,106
3,250,106
3,250,106
3,250,106
3,250,106
3,250,106
3,250,106
3,250,106
3,250,106
3,250,106
3,250,106
3,250,106
3,250,106
3,250,106
3,250,108
3,250,108
3,250,108
3,250,108
3,250,108
3,250,108
3,250,108
3,250,108
3,250,108
3,250,108
3,250,106
3,250,106
3,250,106
3,250,106
3,253,106
3,253,106
3,253,106
3,253,106
3,253,106
3,253,106
3,253,106
3,253,106
3,253,106
3,253,106
3,250,106
3,250,106
3,250,106
3,250,106
3,250,106
3,250,105
3,250,105
3,250,103
3,250,103
3,250,102
3,250,101
3,250,100
3,250,100
3,247,99
3,247,98
3,247,97
3,247,96
3,250,94
3,249,91
3,249,90
3,249,89
3,249,88
3,249,87
2,246,87
2,246,86
2,246,86
2,246,86
2,246,87
2,246,88
2,244,90
3,255,79
3,255,82
3,252,84
3,252,87
3,249,90
3,250,94
3,250,98
3,250,99
2,250,100
2,250,101
3,250,101
3,247,101
3,247,101
3,248,102
3,248,103
3,250,104
3,250,105
3,250,105
3,250,105
3,250,106
3,250,106
3,250,106
3,250,106
3,250,106
3,250,106
3,250,106
3,253,106
3,253,106
3,253,106
3,253,106
3,250,105
3,250,105
3,248,105
3,248,105
3,248,105
3,248,105
3,248,105
3,248,105
3,248,105
3,248,105
3,248,105
2,248,105
2,248,104
3,250,105
2,248,106
3,248,106
3,250,106
3,250,106
3,250,106
3,250,106
3,250,106
3,250,106
3,250,106
3,250,105
3,250,105
3,250,105
3,250,105
3,250,105
3,250,105
3,253,105
3,253,105
3,250,105
3,250,105
3,250,105
3,253,105
3,250,105
3,250,105
3,250,104
3,250,104
3,250,104
3,250,104
3,250,104
3,250,103
3,250,102
3,250,102
3,250,101
3,250,100
3,250,99
3,250,98
3,250,98
3,247,97
3,247,96
3,247,94
3,247,93
3,247,91
2,246,90
3,249,89
2,246,88
3,249,88
3,246,87
3,246,87
2,246,86
2,246,86
2,246,86
2,246,86
3,252,82
3,252,85
3,249,88
3,250,93
3,250,95
3,250,98
3,250,99
3,250,100
3,250,101
3,247,101
3,247,101
3,248,102
3,248,103
3,248,104
3,248,105
3,250,105
3,250,105
3,250,106
3,250,106
3,250,106
3,250,106
3,250,106
3,250,106
3,250,106
3,250,105
3,253,105
3,253,105
3,253,105
3,250,105
3,250,105
3,248,105
3,248,105
3,248,104
3,248,104
3,248,104
3,248,104
3,248,104
3,248,104
3,250,104
3,250,104
3,250,104
3,250,104
3,248,104
3,248,105
3,248,105
3,250,105
3,250,105
3,250,105
3,250,105
3,250,105
3,250,105
3,250,105
3,250,105
3,250,105
3,250,105
3,250,103
3,250,102
3,250,102
3,250,102
3,250,103
3,250,103
3,250,103
3,250,103
3,250,102
3,250,102
3,250,101
3,250,101
3,250,101
3,250,101
3,250,100
3,250,100
3,250,99
3,250,99
3,250,99
3,250,98
3,250,98
3,250,96
3,250,95
3,247,94
3,247,94
3,247,93
3,247,92
3,247,91
3,246,90
2,246,89
2,246,88
2,246,88
3,246,87
3,246,87
3,246,86
2,246,86
3,252,87
3,252,89
3,250,93
3,250,95
3,250,98
3,250,99
3,250,100
3,247,101
3,247,101
3,247,101
3,248,102
3,248,104
2,245,105
2,245,105
2,245,105
2,245,105
2,245,106
2,245,106
3,250,106
3,250,106
3,250,105
3,250,105
3,250,105
3,250,104
4,253,103
3,253,103
3,250,102
3,248,102
3,248,103
3,248,103
3,248,103
3,248,103
3,248,103
3,248,103
2,248,102
2,248,102
3,250,102
3,250,101
2,248,102
2,248,102
3,248,103
3,248,103
3,248,103
3,250,103
3,250,103
3,250,103
3,250,103
3,250,102
3,250,102
3,250,102
3,250,102
3,250,102
3,250,102
3,250,101
3,250,100
3,250,100
3,250,100
3,250,101
3,250,101
3,250,101
3,250,101
3,250,101
3,250,101
3,250,100
3,250,100
3,250,99
3,250,99
3,250,98
3,250,98
3,250,98
3,250,97
3,250,96
3,250,96
3,250,95
3,250,94
3,247,94
3,247,93
3,247,93
3,247,91
3,247,91
2,246,90
3,246,90
3,246,89
2,246,88
2,246,88
3,246,88
3,246,87
3,252,90
3,250,94
3,250,95
3,250,98
3,250,99
3,247,100
3,247,101
3,247,101
3,248,102
2,245,104
2,245,105
2,245,105
2,245,105
2,245,105
2,245,105
2,245,105
2,245,105
2,245,105
3,250,105
3,250,105
3,250,104
3,253,103
4,253,102
3,253,102
3,250,101
3,247,101
3,248,102
3,248,102
2,248,102
2,248,102
2,248,102
2,247,101
3,250,101
3,250,101
3,250,101
3,250,101
3,250,101
2,247,101
2,247,101
3,248,102
3,248,102
3,250,103
3,250,102
3,250,102
3,250,102
3,250,101
3,250,101
3,250,101
3,250,101
3,247,101
3,250,101
3,250,100
3,250,100
3,250,99
3,250,99
3,250,99
3,250,98
3,250,98
3,250,98
3,250,98
3,250,97
3,250,97
3,250,97
3,250,97
3,250,96
3,250,96
3,250,96
3,250,96
3,250,95
3,250,95
3,250,94
3,250,94
3,250,93
3,247,93
2,247,91
2,247,91
2,247,91
2,244,90
2,244,90
2,244,90
2,244,89
3,246,88
3,246,88
3,250,94
3,250,95
3,250,97
3,247,99
3,247,101
3,247,101
3,248,102
2,245,103
2,245,105
2,245,105
2,245,105
2,245,105
2,245,105
2,245,105
2,245,105
2,245,105
2,245,105
3,248,105
3,250,103
3,250,102
3,253,102
3,252,101
3,250,101
3,250,101
2,247,101
2,247,100
2,247,100
3,250,100
3,250,99
3,250,99
3,250,99
3,250,99
3,250,99
3,250,99
3,250,100
3,250,100
2,247,100
3,247,101
3,250,101
3,250,101
3,250,101
3,250,100
3,250,100
3,250,100
3,250,101
3,250,101
3,247,101
3,247,101
3,250,100
3,250,100
3,250,99
3,250,99
3,250,99
3,250,98
3,250,98
3,250,97
3,250,96
4,252,94
4,252,94
3,250,94
3,250,94
3,250,94
3,250,94
3,250,95
3,250,95
3,247,95
3,247,93
3,250,93
2,247,92
2,247,91
2,247,91
2,247,91
2,247,91
2,244,90
2,244,90
2,244,90
2,244,90
2,244,90
2,244,89
3,250,97
3,250,97
3,250,100
3,247,101
2,245,103
2,245,103
2,245,105
2,245,105
2,245,105
2,245,105
2,245,105
2,245,105
2,245,105
2,245,105
2,245,105
3,248,103
3,248,102
3,250,102
3,250,101
3,250,101
3,250,100
3,250,100
3,250,99
3,250,98
3,250,98
3,250,98
3,252,98
3,252,98
3,250,98
3,250,99
3,250,99
3,250,99
3,250,99
3,247,99
3,250,100
3,250,100
3,250,100
3,250,100
3,250,100
3,250,100
3,250,100
3,250,100
3,250,101
3,250,101
3,250,100
3,250,100
3,250,99
3,250,99
3,250,98
3,250,98
3,250,98
3,250,97
3,250,96
3,252,94
3,252,92
3,252,91
3,255,90
3,252,89
3,249,89
3,249,91
3,249,91
3,247,92
3,247,92
3,247,92
2,247,91
2,247,91
2,246,90
2,246,90
2,246,90
2,244,90
2,244,90
2,244,90
2,244,90
3,250,97
3,250,100
3,248,102
3,248,102
2,245,103
2,245,104
2,245,104
2,245,105
2,245,105
2,245,105
2,245,105
2,245,105
2,245,103
2,245,102
3,248,102
3,248,102
3,250,101
3,250,100
3,250,100
3,250,98
3,250,98
3,250,97
3,250,96
3,252,96
3,252,96
3,252,95
3,252,95
3,252,95
3,252,95
3,252,95
3,252,96
3,250,97
3,250,98
3,250,99
3,250,100
3,250,100
3,250,100
3,250,100
3,250,100
3,250,100
3,247,100
3,247,100
3,247,100
3,250,100
3,250,99
3,250,99
3,250,98
3,250,98
3,250,97
3,252,96
3,252,94
3,252,92
3,252,90
3,255,89
3,255,88
3,255,88
3,249,88
3,249,89
3,246,90
3,247,91
2,244,91
2,244,90
2,246,90
2,246,90
2,246,90
2,246,90
2,244,90
2,244,89
2,244,89
3,247,101
3,248,102
2,245,103
3,248,103
3,248,104
2,245,104
2,245,104
2,245,104
2,245,103
3,248,102
3,248,102
3,248,102
3,248,102
3,247,100
3,250,100
3,250,99
3,250,98
3,250,97
3,250,96
3,250,96
3,252,96
3,252,95
3,252,95
3,252,95
3,252,94
4,255,94
3,252,94
3,252,95
3,252,95
3,252,97
3,250,98
3,250,99
3,250,100
3,250,100
3,250,100
3,247,100
3,247,101
3,247,100
3,247,101
3,247,100
3,247,100
3,250,100
3,250,99
3,250,99
3,250,98
3,250,97
3,250,96
3,252,94
3,252,92
3,252,90
3,252,89
3,252,88
3,249,88
3,249,88
3,249,88
3,249,88
3,246,89
2,244,90
2,244,90
2,244,90
2,246,89
2,246,89
2,246,89
3,248,102
3,248,102
3,248,103
3,248,102
3,248,102
3,248,102
3,248,102
3,248,102
3,248,102
3,247,100
3,247,100
3,250,98
3,250,98
3,250,98
3,250,96
3,250,96
3,250,96
3,250,96
3,252,95
3,252,95
3,252,95
3,252,94
3,255,94
3,252,94
3,252,95
3,252,95
3,252,97
3,250,98
3,250,99
3,247,99
2,247,100
3,247,100
3,247,101
3,247,101
3,247,101
3,247,101
3,247,101
2,247,100
3,250,100
3,250,99
3,250,99
3,250,99
3,250,98
3,250,97
3,250,95
3,252,92
3,249,90
3,252,89
3,249,88
3,249,88
3,249,88
3,249,88
3,249,88
2,246,88
2,244,89
2,244,89
2,244,89
2,247,101
3,247,100
3,247,100
3,250,100
3,247,99
3,247,99
3,247,98
3,250,98
3,250,97
3,250,96
3,250,96
3,250,96
3,250,96
3,250,96
3,250,96
3,252,95
3,252,95
3,252,94
3,252,94
3,252,94
3,252,95
3,250,96
3,250,97
3,247,98
3,245,99
2,245,101
3,247,101
3,247,101
3,247,101
3,247,101
2,247,101
2,247,101
2,247,101
2,247,101
2,247,100
2,247,100
2,247,100
3,250,99
3,250,99
3,250,97
3,250,95
3,250,95
3,247,91
2,246,90
3,249,89
3,249,89
3,249,88
3,249,87
3,249,87
3,250,96
3,250,96
3,250,96
3,250,96
3,247,96
3,247,96
3,247,96
3,247,96
3,247,96
3,247,96
2,244,95
3,247,95
3,247,95
2,247,95
2,247,95
3,247,96
3,247,96
3,247,98
2,245,98
2,245,100
2,245,101
2,247,101
2,247,101
2,247,101
2,247,101
2,247,101
2,247,101
2,247,101
2,247,101
2,247,100
2,247,100
2,247,100
2,247,100
3,247,99
3,247,97
3,247,96
3,247,95
2,244,94
3,247,91
3,247,95
3,247,95
3,247,95
2,244,95
2,244,95
2,244,95
2,244,95
2,244,95
2,244,96
2,247,96
3,247,96
3,247,96
3,247,97
2,245,98
2,245,100
2,245,100
2,247,100
2,247,101
2,247,101
2,247,101
2,247,101
2,247,101
2,247,101
2,247,101
2,247,101
2,247,100
2,247,100
2,247,100
3,247,99
3,247,98
