H,S,V
3,252,149
3,252,150
3,252,150
3,252,150
3,252,150
3,252,150
3,252,150
3,252,150
3,252,150
3,252,150
3,252,149
3,252,149
3,252,149
3,252,149
3,252,149
3,252,149
3,252,149
3,252,149
3,250,149
3,250,149
3,250,148
3,252,148
3,252,148
3,252,147
3,252,146
3,252,146
3,252,146
3,252,146
3,252,146
3,250,146
3,252,149
3,253,149
3,252,149
3,252,149
3,252,150
3,252,150
3,252,150
3,253,150
3,253,150
3,255,150
3,253,150
3,253,150
3,253,150
3,252,150
3,252,150
3,252,150
3,252,150
3,252,150
3,252,149
3,252,149
3,252,149
3,250,149
3,250,149
3,250,148
3,250,148
3,252,146
3,252,146
3,252,146
3,252,146
3,252,146
3,252,146
3,252,146
3,252,146
3,252,146
3,252,146
3,251,143
3,251,143
3,251,142
3,253,141
3,250,149
3,252,149
3,252,149
3,252,149
3,252,148
3,252,148
3,253,149
3,253,149
3,253,149
3,253,149
3,253,150
3,253,150
3,253,150
3,255,150
3,255,150
3,255,150
3,253,150
3,253,150
3,253,151
3,252,151
3,252,150
3,252,150
3,252,150
3,252,150
3,252,149
3,252,149
3,252,149
3,250,148
3,250,148
3,252,146
3,252,146
3,251,145
3,251,145
3,251,144
3,251,144
3,251,144
3,251,143
3,251,143
3,251,143
3,251,143
3,251,142
3,251,142
3,253,141
3,253,141
3,253,141
3,253,141
3,253,141
3,251,143
3,251,145
3,250,148
3,250,149
3,250,149
3,250,149
3,250,149
3,252,149
3,252,149
3,252,148
3,252,148
3,252,148
3,253,148
3,253,148
3,253,149
3,253,149
3,253,149
3,253,150
3,255,150
3,255,151
3,255,152
3,255,152
3,255,153
3,253,153
3,253,153
3,253,153
3,253,152
3,252,151
3,252,150
3,252,150
3,252,150
3,252,149
3,252,149
3,252,148
3,252,147
3,252,146
3,251,145
3,253,145
3,253,145
3,253,144
3,251,144
3,251,143
3,251,143
3,251,143
3,251,142
3,251,142
3,253,141
3,253,141
3,253,141
3,253,141
3,253,141
3,253,141
3,251,142
3,251,143
3,251,144
3,250,146
3,250,147
3,250,148
3,248,148
3,252,147
3,252,147
2,250,148
3,250,148
3,250,149
3,250,149
3,250,149
3,252,149
3,252,149
3,252,148
3,250,148
3,252,148
3,253,148
3,253,148
3,253,148
3,253,149
3,253,149
3,253,149
3,253,150
3,255,152
3,255,152
3,255,152
3,255,153
3,255,153
3,255,153
3,253,153
3,253,153
3,253,153
3,253,152
3,252,152
3,252,150
3,252,150
3,252,150
3,252,149
3,252,148
3,252,148
3,252,146
3,251,145
3,253,145
3,253,145
3,253,144
3,251,144
3,251,143
3,253,143
3,253,142
3,253,142
3,253,142
3,253,141
3,253,141
3,253,141
3,253,141
3,251,142
3,251,142
3,251,143
3,251,143
3,251,144
3,250,146
3,250,147
3,248,148
3,248,149
3,248,149
3,248,149
3,248,149
3,251,145
3,251,145
3,252,146
3,252,147
3,252,148
2,250,148
3,252,149
3,250,149
3,250,149
3,252,149
3,252,149
3,252,149
3,252,149
3,250,148
3,252,148
3,252,148
3,253,148
3,253,148
3,253,149
3,253,149
3,253,151
3,253,152
3,255,152
3,255,152
3,255,153
3,255,153
3,255,153
3,255,153
3,255,153
3,255,153
3,253,153
3,253,153
3,253,152
3,252,152
3,252,150
3,252,150
3,252,150
3,252,148
3,252,148
3,252,148
3,252,146
3,251,145
3,251,145
3,251,145
3,251,145
3,251,144
3,253,143
3,253,142
3,253,142
3,253,142
3,253,142
3,253,141
3,251,142
3,251,142
3,251,143
3,251,143
3,251,143
3,251,143
3,251,144
3,252,146
3,250,147
3,250,147
3,248,148
3,248,149
3,248,149
3,248,149
2,248,149
3,250,149
3,250,149
3,253,144
3,253,145
3,251,145
3,252,146
3,252,147
3,252,148
3,252,148
3,252,149
3,252,149
3,252,150
3,252,150
3,252,152
3,252,150
3,252,150
3,252,149
3,252,149
3,252,148
3,252,148
3,252,149
3,252,149
3,253,149
3,253,150
3,253,152
3,255,152
3,255,152
3,255,153
3,255,153
3,255,153
3,255,153
3,255,153
3,255,153
3,255,153
3,255,153
3,255,153
3,253,152
3,253,152
3,252,152
3,252,150
3,252,150
3,252,150
3,252,148
3,252,148
3,252,148
3,250,147
3,250,147
3,250,147
3,250,146
3,250,146
3,251,145
3,251,143
3,253,142
3,253,142
3,253,142
3,253,142
3,251,142
3,251,144
3,251,144
3,251,144
3,251,144
3,251,144
3,252,146
3,252,146
3,250,147
3,250,147
3,250,148
3,250,149
2,248,149
2,248,149
2,248,149
3,250,149
3,250,149
3,250,148
3,250,148
3,253,145
3,253,145
3,255,144
3,253,144
3,253,145
3,253,146
3,252,148
3,252,148
3,252,148
3,252,150
3,252,150
3,252,150
3,252,152
3,252,152
3,252,152
3,252,152
3,252,152
3,252,150
3,252,150
3,252,149
3,252,150
3,252,150
3,253,150
3,253,152
3,253,152
3,255,152
3,255,152
3,255,153
3,255,153
3,255,153
3,255,153
3,255,153
3,255,153
3,255,153
3,255,153
3,255,153
3,255,153
3,253,153
3,253,152
3,253,152
3,252,152
3,252,150
3,252,150
3,252,150
3,250,150
3,250,150
3,250,149
3,250,149
3,250,149
3,250,149
3,250,147
3,250,146
3,251,145
3,253,143
3,253,143
3,253,142
3,253,143
3,251,144
3,252,146
3,252,146
3,252,146
3,252,146
3,252,146
3,252,147
3,252,147
3,250,147
3,250,147
3,250,148
2,250,148
3,250,149
2,248,149
2,248,149
2,248,149
3,250,149
2,250,148
2,250,147
3,252,147
3,252,146
3,251,145
3,252,146
3,252,146
3,253,146
3,253,145
3,255,145
3,253,145
3,253,147
3,253,147
3,252,148
3,252,149
3,252,150
3,252,150
3,252,152
3,252,152
3,252,152
3,252,152
3,252,152
3,252,152
3,252,152
3,252,152
3,252,152
3,253,150
3,253,150
3,253,150
3,253,152
3,255,152
3,255,152
3,255,152
3,255,153
3,255,153
3,255,153
3,255,153
3,255,153
3,255,153
3,255,153
3,255,153
3,255,153
3,255,153
3,255,153
3,253,153
3,253,153
3,253,153
3,253,152
3,252,152
3,252,152
3,252,152
3,250,150
3,250,150
3,250,150
3,250,150
3,250,150
3,250,150
3,250,149
3,250,148
3,252,146
3,253,146
3,253,145
3,253,145
3,252,146
3,252,147
3,252,148
3,250,148
3,250,148
3,250,148
3,250,148
3,250,148
3,250,148
3,250,148
3,250,148
2,250,148
2,250,148
2,250,149
2,248,149
2,248,150
2,248,150
2,248,150
3,250,148
3,252,147
3,252,147
3,251,145
3,253,143
3,253,142
3,251,142
3,250,148
3,250,148
3,252,147
3,253,147
3,253,146
3,253,146
3,253,147
3,253,147
3,253,148
3,252,148
3,252,150
3,252,150
3,252,152
3,252,152
3,252,152
3,252,152
3,252,152
3,252,152
3,252,152
3,252,152
3,252,152
3,253,152
3,253,152
3,253,152
3,253,152
3,253,152
3,255,152
3,255,152
3,255,153
3,255,153
3,255,153
3,255,153
3,255,153
3,255,153
3,255,153
3,255,153
3,255,153
3,255,153
3,255,153
3,255,153
3,255,153
3,255,153
3,255,153
3,253,153
3,253,153
3,253,153
3,252,153
3,252,153
3,252,153
3,252,153
3,250,153
3,250,153
3,250,153
3,250,153
3,250,151
3,250,150
3,253,148
3,253,147
3,253,147
3,253,147
3,252,148
3,252,148
3,252,150
3,252,150
3,252,150
3,252,150
3,252,150
3,252,150
3,252,149
3,250,149
3,250,148
2,250,148
2,250,149
2,250,149
2,248,150
2,248,150
2,248,150
2,248,149
3,250,148
3,252,147
3,252,146
3,253,144
3,253,143
3,253,142
3,253,141
3,251,141
3,251,140
2,248,150
3,250,149
3,250,148
3,252,148
3,252,148
3,253,147
3,253,147
3,253,147
3,253,148
3,253,148
3,252,149
3,252,150
3,252,151
3,252,152
3,252,152
3,252,152
3,252,152
3,252,152
3,252,152
3,252,152
3,252,152
3,252,152
3,255,152
3,255,152
3,255,152
3,255,152
3,255,152
3,255,152
3,255,152
3,255,153
3,255,153
3,255,153
3,255,153
3,255,153
3,255,153
3,255,153
3,255,153
3,255,153
3,255,153
3,255,153
3,255,153
3,255,153
3,255,153
3,255,153
3,255,153
3,255,153
3,255,153
3,255,153
3,253,153
3,253,153
3,252,153
3,252,154
3,252,153
3,252,153
3,252,153
3,250,153
3,252,153
3,253,151
3,253,150
3,253,149
3,253,148
3,253,148
3,252,150
3,252,150
3,252,151
3,252,153
3,252,152
3,252,152
3,252,151
3,252,151
3,252,150
3,252,150
3,252,150
3,252,149
3,252,149
3,250,150
2,248,150
2,248,150
2,248,150
2,248,149
2,248,148
3,250,147
3,251,145
3,253,143
3,253,142
3,253,142
3,253,141
3,253,141
3,253,141
3,251,140
3,251,138
2,248,150
3,250,150
3,250,150
3,250,150
3,252,149
3,252,148
3,253,148
3,253,148
3,253,148
3,252,148
3,252,149
3,252,150
3,252,150
3,252,152
3,252,152
3,252,152
3,252,152
3,252,152
3,252,152
3,252,152
3,252,152
3,252,152
3,252,152
3,255,152
3,255,152
3,255,152
3,255,152
3,255,152
3,255,152
3,255,153
3,255,153
3,255,153
3,255,153
3,255,153
3,255,153
3,255,153
3,255,153
3,255,153
3,255,153
3,255,153
3,255,153
3,255,153
3,255,153
3,255,154
3,255,154
3,253,154
3,253,154
3,253,154
3,255,153
3,255,153
3,255,154
3,253,154
3,253,154
3,253,154
3,253,154
3,253,154
3,253,154
3,253,153
3,253,153
3,253,153
3,253,152
3,253,150
3,253,150
3,253,150
3,252,150
3,252,152
3,252,153
3,252,153
3,253,153
3,255,153
3,255,153
3,253,152
3,253,151
3,252,151
3,252,150
3,252,150
3,252,150
3,252,150
3,250,150
2,248,150
2,248,150
2,248,150
2,248,149
3,250,147
3,251,145
3,253,143
3,253,142
3,253,141
3,253,141
3,253,141
3,253,140
3,251,139
3,251,138
3,251,137
3,251,136
2,248,150
2,248,150
2,248,150
3,250,150
3,252,150
3,252,150
3,252,150
3,253,150
3,253,149
3,253,149
3,252,149
3,252,151
3,252,151
3,252,152
3,252,152
3,252,152
3,252,152
3,253,152
3,253,152
3,253,153
3,253,153
3,252,153
3,252,153
3,252,153
3,255,152
3,255,152
3,255,152
3,255,152
3,255,152
3,255,153
3,255,153
3,255,153
3,255,153
3,255,153
3,255,153
3,255,153
3,255,153
3,255,153
3,255,153
3,255,153
3,255,153
3,255,153
3,255,153
3,255,153
3,255,154
3,255,154
3,255,154
3,253,154
3,253,154
3,253,154
3,253,154
3,255,154
3,255,154
3,253,154
3,253,154
3,253,155
3,253,155
3,253,155
3,253,154
3,253,154
3,253,153
3,253,153
3,253,153
3,253,152
3,253,151
3,253,152
3,253,153
3,253,153
3,255,153
3,255,153
3,255,153
3,255,153
3,255,153
3,255,153
3,255,152
3,255,152
3,255,152
3,252,152
3,252,151
3,252,152
3,252,150
3,250,150
3,250,150
2,248,150
2,248,149
3,250,148
3,252,146
3,251,144
3,253,142
3,253,141
3,253,141
3,253,141
3,253,140
3,253,139
3,251,137
3,251,137
3,251,136
3,249,135
3,249,135
3,252,149
3,252,149
3,252,150
3,252,150
3,252,150
3,252,151
3,252,152
3,253,152
3,253,152
3,253,153
3,253,153
3,253,153
3,253,153
3,252,153
3,252,153
3,252,153
3,252,153
3,253,153
3,253,153
3,253,153
3,253,153
3,253,153
3,253,153
3,253,153
3,253,153
3,255,153
3,255,153
3,255,153
3,255,153
3,255,153
3,255,153
3,255,153
3,255,153
3,255,153
3,255,153
3,255,153
3,255,153
3,255,153
3,255,155
3,255,155
3,255,155
3,255,155
3,255,155
3,255,155
3,255,155
3,255,156
3,255,156
3,255,156
3,255,156
3,253,156
3,253,156
3,253,156
3,253,156
3,253,155
3,253,155
3,253,155
3,253,155
3,253,155
3,253,155
3,253,155
3,253,155
3,253,154
3,253,153
3,253,153
3,253,153
3,253,153
3,253,153
3,253,153
3,253,153
3,253,153
3,255,153
3,255,153
3,255,153
3,255,153
3,255,153
3,255,153
3,255,153
3,255,153
3,255,153
3,255,153
3,255,152
3,255,153
3,255,152
3,252,153
3,252,152
3,250,150
3,250,150
3,250,149
3,252,147
3,252,146
3,251,144
3,253,142
3,253,141
3,253,141
3,253,140
3,253,139
3,251,137
3,251,137
3,251,136
3,249,135
3,249,135
3,249,135
3,249,135
3,252,149
3,252,149
3,252,150
3,252,150
3,252,150
3,252,152
3,252,152
3,252,152
3,253,152
3,253,153
3,255,153
3,255,153
3,255,153
3,253,153
3,253,153
3,253,153
3,253,153
3,253,153
3,255,153
3,255,153
3,255,153
3,255,153
3,255,153
3,255,153
3,255,153
3,255,153
3,255,153
3,255,153
3,255,153
3,255,153
3,255,153
3,255,153
3,253,154
3,253,154
3,255,153
3,255,153
3,255,153
3,255,155
3,255,155
3,255,155
3,255,156
3,255,156
3,255,156
3,255,156
3,255,156
3,255,156
3,255,157
3,255,157
3,255,156
3,253,156
3,253,156
3,253,156
3,253,156
3,253,156
3,253,156
3,253,155
3,253,155
3,253,154
3,253,154
3,253,154
3,253,155
3,253,154
3,253,154
3,253,154
3,253,153
3,253,154
3,253,154
3,253,153
3,253,153
3,253,153
3,255,153
3,255,153
3,255,153
3,253,154
3,253,154
3,253,154
3,253,153
3,255,153
3,255,153
3,255,153
3,255,153
3,255,153
3,255,153
3,255,153
3,255,153
3,252,153
3,252,152
3,252,150
3,252,150
3,252,149
3,252,147
3,252,146
3,251,144
3,253,142
3,253,142
3,251,141
3,251,140
3,251,138
3,251,137
3,251,136
3,249,136
3,249,135
3,249,135
3,249,135
3,249,135
3,252,149
3,252,149
3,252,149
3,252,149
3,252,150
3,252,150
3,252,152
3,252,152
3,252,152
3,253,153
3,255,153
3,255,153
3,255,153
3,255,153
3,255,153
3,255,153
3,255,153
3,255,153
3,255,153
3,255,153
3,255,153
3,255,153
3,255,153
3,255,153
3,255,153
3,255,153
3,255,153
3,255,153
3,255,153
3,255,153
3,255,153
3,255,153
3,255,154
3,253,154
3,253,154
3,253,154
3,253,154
3,255,155
3,255,156
3,255,155
3,255,156
3,255,156
3,255,156
3,255,156
3,255,156
3,255,156
3,255,156
3,255,157
3,255,157
3,255,157
3,255,157
3,253,157
3,253,157
3,253,157
3,252,157
3,252,157
3,253,156
3,253,156
3,253,155
3,253,154
3,253,154
3,253,154
3,253,154
3,253,154
3,253,154
3,253,154
3,253,154
3,253,154
3,253,154
3,253,154
3,253,153
3,255,153
3,255,153
3,255,153
3,255,153
3,253,154
3,253,154
3,253,154
3,253,154
3,253,154
3,255,153
3,255,153
3,255,153
3,255,153
3,255,153
3,255,153
3,255,153
3,255,153
3,252,153
3,252,152
3,252,151
3,252,150
3,252,149
3,252,148
3,252,146
3,251,144
3,251,143
3,251,142
3,251,141
3,251,139
3,251,138
3,251,137
3,251,136
3,249,136
3,249,135
3,249,135
3,249,135
3,249,135
3,251,132
3,252,149
3,252,149
3,252,149
3,252,149
3,252,150
3,252,150
3,252,152
3,252,152
3,252,152
3,255,152
3,255,153
3,255,153
3,255,153
3,255,153
3,255,153
3,255,153
3,255,153
3,255,153
3,255,153
3,255,153
3,255,153
3,255,153
3,255,153
3,255,153
3,255,153
3,255,153
3,255,153
3,255,153
3,255,153
3,255,153
3,255,153
3,255,154
3,253,154
3,253,154
3,253,154
3,253,155
3,253,156
3,253,157
3,253,157
3,255,157
3,255,156
3,255,156
3,255,156
3,255,156
3,255,156
3,255,156
3,255,157
3,255,158
3,255,158
3,255,158
3,255,158
3,253,158
3,253,157
3,253,157
3,252,157
3,252,157
3,252,157
3,252,157
3,253,156
3,253,156
3,253,156
3,253,155
3,252,155
3,252,155
3,253,155
3,253,154
3,253,154
3,253,154
3,253,154
3,253,154
3,253,154
3,255,153
3,255,153
3,255,153
3,255,153
3,255,153
3,253,154
3,253,154
3,253,154
3,253,154
3,253,154
3,255,153
3,255,153
3,255,153
3,255,153
3,255,153
3,255,153
3,255,153
3,255,153
3,255,153
3,252,152
3,252,152
3,252,151
3,252,150
3,252,149
3,252,148
3,252,147
3,251,145
3,251,143
3,251,142
3,251,141
3,251,139
3,251,138
3,251,137
3,249,136
3,249,136
3,249,135
3,249,135
3,249,135
3,249,132
3,249,132
3,250,149
3,252,149
3,252,149
3,252,149
3,252,149
3,252,150
3,252,150
3,252,150
3,252,152
3,253,152
3,255,152
3,255,153
3,255,153
3,255,153
3,255,153
3,255,153
3,255,153
3,255,153
3,255,153
3,255,153
3,255,153
3,255,153
3,255,153
3,255,153
3,255,153
3,255,153
3,255,153
3,255,154
3,255,154
3,255,154
3,255,155
3,255,155
3,255,155
3,255,155
3,255,155
3,253,156
3,253,156
3,253,156
3,253,157
3,253,157
3,253,157
3,255,157
3,255,157
3,255,157
3,255,157
3,255,157
3,255,157
3,255,157
3,255,158
3,255,158
3,255,158
3,255,158
3,255,158
3,253,158
3,253,158
3,253,157
3,252,157
3,252,157
3,252,157
3,253,157
3,253,156
3,253,156
3,253,156
3,253,156
3,253,155
3,253,155
3,253,155
3,253,155
3,253,155
3,253,154
3,253,154
3,253,154
3,253,154
3,253,154
3,253,154
3,253,154
3,255,153
3,253,154
3,253,154
3,253,154
3,253,154
3,253,154
3,253,154
3,253,154
3,255,153
3,255,153
3,255,153
3,255,153
3,255,153
3,255,153
3,255,153
3,255,153
3,255,153
3,252,152
3,252,152
3,252,151
3,252,150
3,252,150
3,252,149
3,250,147
3,250,145
3,251,144
3,251,142
3,251,141
3,251,139
3,251,139
3,251,137
3,249,137
3,249,136
3,249,135
3,249,135
3,249,132
3,249,131
3,251,129
3,251,129
3,250,149
3,250,149
3,252,149
3,252,149
3,252,149
3,253,150
3,253,150
3,253,150
3,252,152
3,253,152
3,255,152
3,255,153
3,255,153
3,255,153
3,255,153
3,255,153
3,255,153
3,255,153
3,255,153
3,255,153
3,255,153
3,255,153
3,255,154
3,255,154
3,255,154
3,255,154
3,255,154
3,253,154
3,253,154
3,253,156
3,253,156
3,255,156
3,255,156
3,255,156
3,255,156
3,255,156
3,255,156
3,253,156
3,253,157
3,253,157
3,253,157
3,253,157
3,253,157
3,255,157
3,255,157
3,255,157
3,255,158
3,255,158
3,255,158
3,255,158
3,255,158
3,255,158
3,255,158
3,253,159
3,253,159
3,253,159
3,253,158
3,253,158
3,253,157
3,253,157
3,253,157
3,253,157
3,253,157
3,253,156
3,253,156
3,253,157
3,253,156
3,253,155
3,253,155
3,253,155
3,253,155
3,253,154
3,253,154
3,253,154
3,253,154
3,253,154
3,253,154
3,253,154
3,253,154
3,253,154
3,253,154
3,253,154
3,253,154
3,253,154
3,253,154
3,255,153
3,255,153
3,255,153
3,255,153
3,255,153
3,255,153
3,255,153
3,255,153
3,255,153
3,255,153
3,252,152
3,252,152
3,252,151
3,252,151
3,252,150
3,250,149
3,250,148
3,250,147
3,251,144
3,251,142
3,251,141
3,251,139
3,251,139
3,249,138
3,249,137
3,249,136
3,249,135
3,249,133
3,249,129
3,251,129
3,251,128
3,251,128
3,250,148
3,250,148
3,250,149
3,250,149
3,252,149
3,252,149
3,253,149
3,253,150
3,253,150
3,253,152
3,253,152
3,255,152
3,255,153
3,255,153
3,255,153
3,255,153
3,255,153
3,255,153
3,255,153
3,253,154
3,253,154
3,253,154
3,253,154
3,253,154
3,253,154
3,253,154
3,253,154
3,253,155
3,255,155
3,253,155
3,253,156
3,253,156
3,255,156
3,255,156
3,255,157
3,255,157
3,255,157
3,255,157
3,255,157
3,255,157
3,255,157
3,255,157
3,255,157
3,255,157
3,255,157
3,255,158
3,255,158
3,255,158
3,255,158
3,255,158
3,255,158
3,255,158
3,255,158
3,253,159
3,253,159
3,253,159
3,253,159
3,253,159
3,253,158
3,253,158
3,253,158
3,253,158
3,253,157
3,253,157
3,253,157
3,253,157
3,253,157
3,253,157
3,253,157
3,253,157
3,253,157
3,253,156
3,253,155
3,253,155
3,253,155
3,255,154
3,255,154
3,253,154
3,253,154
3,255,154
3,253,154
3,253,154
3,253,154
3,253,154
3,253,154
3,253,154
3,253,154
3,253,154
3,253,154
3,253,154
3,255,154
3,255,154
3,255,154
3,255,154
3,255,153
3,255,153
3,255,153
3,255,153
3,253,153
3,253,153
3,252,152
3,252,151
3,250,151
3,250,149
3,250,149
3,250,147
3,250,144
3,251,143
3,250,142
3,250,141
3,249,139
3,249,138
3,249,137
3,249,135
3,249,133
3,249,129
3,249,128
3,251,128
3,253,127
3,253,127
3,253,127
3,250,148
3,250,148
3,250,148
3,250,149
3,250,149
3,252,149
3,253,149
3,253,150
3,253,150
3,255,151
3,255,152
3,255,153
3,255,153
3,255,153
3,255,153
3,255,153
3,255,153
3,255,153
3,255,154
3,253,155
3,253,155
3,253,155
3,253,154
3,253,154
3,253,154
3,253,155
3,253,155
3,253,155
3,253,156
3,255,156
3,255,156
3,255,157
3,255,157
3,255,157
3,255,157
3,255,157
3,255,157
3,255,157
3,255,157
3,255,157
3,255,157
3,255,157
3,255,157
3,255,157
3,255,158
3,255,158
3,253,158
3,253,159
3,253,159
3,253,158
3,253,158
3,253,158
3,253,159
3,253,159
3,253,159
3,253,159
3,253,159
3,253,159
3,253,159
3,253,159
3,253,158
3,253,158
3,253,158
3,253,158
3,255,158
3,253,157
3,253,157
3,253,157
3,253,158
3,253,158
3,253,158
3,253,158
3,253,158
3,253,157
3,253,156
3,253,156
3,255,156
3,253,155
3,253,155
3,253,155
3,253,155
3,253,155
3,253,154
3,253,154
3,253,154
3,253,154
3,253,154
3,253,154
3,253,154
3,253,154
3,253,154
3,253,154
3,253,154
3,253,154
3,253,154
3,255,154
3,255,153
3,253,153
3,253,153
3,253,153
3,253,153
3,253,153
3,252,152
3,252,152
3,250,151
3,250,150
3,250,149
3,250,147
3,250,145
3,250,144
3,250,142
3,250,141
3,249,139
3,249,137
3,249,135
3,249,133
3,249,129
3,249,128
3,251,127
3,253,127
3,253,125
3,253,125
3,253,125
3,250,148
3,250,148
3,250,148
3,250,149
3,252,149
3,252,149
3,253,149
3,253,149
3,253,150
3,255,150
3,255,152
3,255,152
3,255,153
3,255,153
3,255,153
3,255,153
3,255,153
3,255,154
3,255,154
3,255,155
3,253,155
3,253,156
3,253,156
3,253,156
3,253,156
3,253,156
3,253,156
3,253,156
3,253,156
3,255,156
3,255,157
3,255,157
3,255,157
3,255,157
3,255,157
3,255,157
3,255,157
3,255,158
3,255,158
3,255,158
3,255,157
3,255,157
3,255,157
3,255,157
3,255,158
3,255,158
3,253,158
3,253,159
3,253,159
3,253,159
3,253,159
3,253,159
3,255,159
3,253,159
3,253,159
3,253,159
3,253,159
3,253,159
3,253,159
3,253,159
3,253,159
3,253,159
3,253,159
3,253,158
3,253,158
3,255,158
3,253,158
3,253,158
3,253,158
3,253,158
3,253,158
3,253,158
3,253,158
3,253,158
3,253,158
3,253,157
3,253,157
3,255,157
3,253,157
3,253,157
3,253,157
3,253,157
3,253,156
3,253,156
3,253,156
3,253,155
3,253,155
3,253,155
3,253,154
3,253,154
3,253,154
3,253,154
3,253,155
3,253,156
3,253,156
3,253,156
3,253,156
3,253,156
3,255,156
3,255,156
3,255,156
3,255,155
3,255,153
3,253,153
3,252,153
3,252,152
3,252,152
3,252,150
3,250,149
3,250,148
3,250,147
3,250,144
3,250,143
3,250,140
3,249,138
3,249,136
3,249,133
3,249,129
3,249,128
3,251,127
3,253,124
3,253,123
4,255,121
3,255,121
3,255,122
3,250,148
3,250,148
3,250,148
3,252,148
3,252,149
3,253,149
3,253,149
3,253,149
3,253,150
3,255,151
3,255,152
3,255,152
3,255,153
3,255,153
3,255,153
3,255,153
3,255,153
3,255,154
3,255,155
3,255,155
3,255,155
3,255,156
3,253,157
3,253,157
3,253,157
3,253,157
3,253,157
3,253,157
3,253,157
3,253,157
3,255,157
3,255,157
3,255,157
3,255,157
3,255,157
3,255,157
3,255,158
3,255,158
3,255,158
3,255,158
3,255,158
3,255,158
3,255,158
3,255,158
3,255,158
3,255,158
3,255,158
3,253,159
3,253,159
3,253,159
3,253,159
3,253,159
3,253,159
3,255,159
3,253,159
3,253,159
3,253,159
3,253,159
3,253,159
3,253,159
3,253,159
3,253,159
3,253,159
3,253,159
3,253,159
3,253,159
3,253,158
3,253,158
3,253,158
3,253,158
3,253,158
3,253,158
3,253,158
3,253,158
3,253,158
3,253,158
3,253,158
3,253,158
3,255,158
3,253,158
3,253,158
3,253,158
3,253,158
3,253,158
3,253,157
3,253,157
3,253,157
3,253,157
3,253,157
3,253,155
3,253,155
3,253,155
3,253,156
3,253,156
3,253,156
3,252,157
3,253,156
3,253,156
3,253,156
3,253,156
3,255,156
3,255,156
3,255,156
3,255,156
3,253,155
3,252,153
3,252,153
3,252,152
3,252,152
3,252,150
3,250,150
3,250,149
3,250,147
3,250,145
3,250,143
3,249,139
3,249,136
3,249,134
3,249,129
3,249,128
3,251,125
3,253,122
4,255,120
4,255,118
3,255,118
3,255,120
3,255,121
3,250,148
3,250,148
3,250,148
3,252,148
3,253,149
3,253,149
3,253,149
3,253,149
3,253,150
3,253,151
3,255,152
3,255,152
3,255,153
3,255,153
3,255,153
3,255,153
3,255,154
3,255,154
3,255,156
3,255,156
3,255,156
3,255,156
3,255,157
3,255,157
3,255,157
3,255,157
3,253,157
3,253,157
3,253,157
3,253,157
3,253,157
3,255,157
3,255,157
3,255,157
3,255,158
3,255,158
3,255,158
3,255,158
3,255,158
3,255,158
3,255,158
3,255,158
3,255,158
3,255,158
3,255,158
3,255,158
3,255,158
3,255,159
3,253,159
3,253,159
3,253,159
3,253,159
3,253,159
3,255,159
3,255,159
3,255,159
3,253,159
3,253,159
3,253,159
3,253,159
3,253,159
3,253,159
3,253,159
3,253,159
3,253,159
3,253,159
3,253,159
3,253,159
3,253,159
3,253,159
3,253,159
3,253,159
3,253,159
3,253,159
3,253,159
3,255,159
3,255,159
3,255,159
3,255,159
3,255,159
3,255,159
3,253,159
3,253,158
3,253,158
3,253,158
3,253,158
3,253,158
3,253,158
3,253,157
3,253,157
3,253,157
3,253,157
3,253,157
3,253,157
3,253,157
3,253,157
3,252,157
3,253,157
3,253,156
3,253,156
3,253,156
3,253,156
3,253,156
3,255,156
3,253,156
3,253,156
3,252,156
3,252,153
3,252,153
3,252,152
3,252,152
3,252,150
3,250,150
3,250,149
3,250,147
3,250,144
3,248,142
3,249,137
3,249,134
3,249,129
3,249,127
3,251,123
3,251,120
3,253,117
3,255,115
3,255,115
3,255,115
3,255,117
3,255,119
3,250,148
3,250,148
3,250,148
3,250,148
3,250,148
3,252,148
3,253,149
3,253,149
3,253,149
3,252,150
3,253,151
3,253,152
3,255,152
3,255,152
3,255,153
3,255,153
3,255,153
3,255,154
3,255,155
3,255,156
3,255,156
3,255,156
3,255,156
3,255,157
3,255,157
3,255,157
3,255,157
3,255,157
3,255,157
3,253,158
3,253,158
3,253,158
3,255,158
3,255,158
3,255,158
3,255,158
3,255,158
3,255,158
3,255,158
3,255,158
3,253,159
3,253,159
3,253,159
3,253,159
3,253,159
3,253,159
3,255,158
3,255,158
3,255,159
3,253,159
3,253,159
3,253,159
3,253,159
3,255,159
3,255,159
3,255,159
3,255,159
3,255,159
3,255,159
3,253,159
3,253,159
3,253,159
3,253,159
3,253,159
3,253,159
3,253,159
3,253,159
3,253,159
3,253,159
3,253,159
3,253,159
3,253,159
3,253,159
3,253,159
3,253,159
3,253,159
3,255,159
3,255,159
3,255,159
3,253,159
3,253,159
3,253,159
3,253,159
3,253,159
3,253,159
3,253,159
3,253,159
3,253,158
3,253,158
3,253,158
3,253,158
3,253,158
3,253,158
3,253,158
3,253,158
3,253,157
3,253,157
3,253,157
3,253,157
3,253,157
3,253,157
3,253,157
3,253,156
3,253,157
3,253,157
3,253,157
3,253,157
3,253,156
3,253,156
3,252,155
3,252,153
3,252,153
3,252,152
3,252,152
3,252,150
3,250,149
3,250,148
3,250,145
3,248,143
3,249,139
3,249,134
3,249,130
3,249,127
3,251,122
3,251,118
3,253,115
3,253,114
3,255,113
3,255,113
3,255,114
3,255,115
3,255,118
3,255,121
3,250,148
3,250,148
3,250,148
3,250,148
3,250,148
3,252,149
3,252,149
3,253,149
3,253,149
3,253,150
3,253,151
3,253,152
3,253,152
3,255,153
3,255,153
3,255,153
3,255,153
3,255,154
3,255,155
3,255,156
3,255,156
3,255,156
3,255,156
3,255,157
3,255,157
3,255,157
3,255,157
3,255,157
3,255,157
3,255,157
3,255,158
3,255,158
3,253,158
3,255,158
3,255,158
3,255,158
3,255,158
3,255,158
3,255,158
3,253,159
3,253,159
3,253,159
3,253,159
3,253,159
3,253,159
3,253,159
3,253,159
3,253,159
3,253,159
3,253,159
3,253,159
3,253,159
3,255,159
3,255,159
3,255,159
3,255,159
3,255,159
3,255,159
3,255,159
3,255,159
3,255,159
3,253,159
3,253,159
3,253,159
3,253,159
3,253,159
3,253,159
3,253,159
3,253,159
3,253,159
3,253,159
3,253,159
3,253,159
3,253,159
3,253,159
3,253,159
3,255,159
3,255,160
3,255,160
3,255,160
3,255,160
3,255,160
3,255,160
3,255,160
3,255,160
3,253,159
3,253,159
3,253,159
3,253,159
3,253,159
3,253,159
3,253,159
3,253,158
3,253,158
3,253,158
3,253,158
3,253,158
3,253,158
3,253,157
3,253,157
3,253,157
3,253,157
3,253,157
3,253,157
3,253,157
3,253,157
3,253,157
3,253,157
3,253,157
3,253,156
3,253,156
3,253,156
3,253,153
3,253,153
3,252,152
3,252,152
3,252,150
3,250,149
3,250,147
3,248,144
3,250,140
3,249,137
3,249,132
3,249,127
3,251,122
3,251,115
3,251,114
3,253,112
3,253,112
3,255,113
3,255,113
3,255,114
3,255,115
3,255,119
3,253,121
2,250,149
3,250,148
3,250,148
3,250,148
3,250,148
3,250,149
3,252,149
3,252,149
3,253,150
3,253,150
3,253,152
3,253,152
3,253,152
3,255,153
3,255,153
3,255,153
3,255,153
3,255,153
3,255,154
3,253,156
3,255,156
3,255,156
3,255,157
3,255,157
3,255,157
3,255,157
3,255,157
3,255,157
3,255,157
3,255,157
3,255,158
3,255,158
3,253,158
3,253,158
3,253,158
3,255,158
3,255,158
3,253,159
3,253,159
3,253,159
3,253,159
3,253,159
3,253,159
3,253,159
3,253,159
3,253,159
3,253,159
3,253,159
3,253,159
3,253,159
3,253,159
3,253,159
3,255,159
3,255,159
3,255,159
3,255,159
3,255,159
3,255,159
3,255,159
3,255,159
3,255,159
3,253,159
3,253,159
3,253,159
3,253,159
3,253,159
3,253,159
3,253,159
3,253,159
3,253,159
3,253,159
3,255,159
3,255,159
3,255,159
3,255,159
3,255,159
3,255,159
3,255,160
3,255,160
3,255,160
3,255,161
3,255,161
3,255,161
3,255,161
3,255,160
3,255,160
3,253,160
3,253,160
3,253,159
3,253,159
3,253,159
3,253,159
3,253,159
3,253,159
3,253,159
3,253,158
3,253,158
3,253,158
3,253,158
3,253,158
3,253,157
3,255,157
3,253,157
3,253,157
3,253,157
3,253,157
3,253,157
3,253,156
3,253,157
3,253,157
3,253,156
3,253,156
3,253,156
3,253,154
3,253,153
3,253,153
3,252,152
3,252,152
3,250,150
3,250,148
3,250,144
3,250,140
3,248,137
3,249,132
3,249,128
3,249,123
3,251,115
3,251,114
3,250,112
3,250,112
3,250,113
3,253,113
3,255,114
3,255,116
3,255,117
3,255,119
3,253,122
2,250,149
2,250,149
2,250,148
3,250,148
3,250,148
3,250,149
3,252,149
3,253,149
3,253,150
3,253,151
3,253,152
3,253,152
3,253,152
3,255,153
3,255,153
3,255,153
3,255,153
3,255,153
3,253,154
3,253,156
3,253,156
3,255,157
3,255,157
3,255,157
3,255,157
3,255,157
3,255,157
3,255,157
3,255,157
3,255,157
3,255,157
3,255,158
3,255,158
3,253,159
3,253,159
3,253,159
3,253,159
3,253,159
3,253,159
3,253,159
3,253,159
3,253,159
3,253,159
3,253,159
3,253,159
3,253,159
3,253,159
3,253,159
3,253,159
3,253,159
3,253,159
3,253,159
3,255,159
3,255,159
3,255,159
3,255,159
3,255,159
3,255,159
3,255,159
3,255,159
3,255,159
3,255,159
3,253,159
3,253,159
3,253,159
3,253,159
3,253,159
3,253,159
3,253,159
3,253,159
3,253,159
3,255,159
3,255,159
3,255,159
3,255,159
3,255,159
3,255,159
3,255,160
3,255,160
3,255,160
3,255,161
3,255,161
3,255,161
3,255,161
3,255,161
3,255,161
3,255,160
3,255,160
3,255,160
3,253,160
3,253,159
3,253,159
3,253,159
3,253,159
3,253,159
3,253,159
3,253,159
3,253,159
3,253,158
3,253,158
3,253,158
3,253,158
3,255,157
3,255,157
3,253,157
3,253,157
3,253,157
3,253,157
3,253,156
3,253,156
3,253,156
3,253,156
3,253,156
3,253,156
3,253,156
3,253,154
3,255,153
3,255,153
3,252,152
3,250,150
3,250,149
3,250,147
3,248,144
3,248,140
3,248,137
3,247,132
3,249,124
3,249,119
2,248,114
2,248,113
3,250,113
3,250,113
3,251,114
3,251,115
3,253,117
3,255,118
3,253,121
3,253,122
3,253,125
2,250,149
2,250,149
2,250,149
2,250,148
3,250,148
3,250,149
3,252,149
3,252,149
3,253,150
3,253,150
3,253,152
3,253,152
3,253,152
3,253,152
3,255,153
3,255,153
3,255,153
3,255,153
3,253,154
3,252,155
3,252,157
3,252,157
3,252,157
3,255,157
3,255,157
3,255,157
3,255,157
3,255,157
3,255,157
3,255,157
3,255,157
3,255,158
3,255,158
3,253,159
3,253,159
3,253,159
3,253,159
3,253,159
3,253,159
3,253,159
3,253,159
3,253,159
3,253,159
3,253,159
3,253,159
3,255,159
3,255,159
3,255,159
3,255,159
3,253,159
3,253,159
3,253,159
3,253,159
3,255,159
3,255,159
3,255,159
3,255,159
3,255,159
3,255,159
3,255,159
3,255,159
3,255,159
3,255,159
3,253,159
3,253,159
3,253,159
3,253,159
3,253,160
3,253,160
3,253,160
3,253,160
3,253,160
3,255,159
3,255,159
3,255,159
3,255,159
3,255,159
3,255,160
3,255,160
3,255,160
3,255,161
3,255,161
3,255,161
3,255,161
3,255,161
3,255,161
3,255,161
3,255,160
3,255,160
3,255,160
3,253,160
3,253,160
3,253,160
3,253,159
3,253,159
3,253,159
3,253,159
3,253,159
3,253,159
3,253,159
3,253,159
3,253,158
3,253,158
3,253,158
3,253,158
3,255,157
3,253,157
3,253,157
3,253,157
3,253,157
3,253,157
3,253,157
3,253,156
3,253,156
3,253,157
3,253,156
3,253,156
3,255,154
3,255,153
3,253,153
3,252,152
3,250,150
3,250,148
3,248,144
3,248,143
3,248,138
3,247,133
3,247,128
3,247,123
3,249,118
2,248,114
3,248,114
3,248,116
3,248,117
3,248,117
3,251,118
3,253,121
3,253,122
3,253,124
3,253,126
3,251,127
3,250,149
2,250,149
2,250,148
2,250,148
2,250,148
3,252,149
3,252,149
3,252,149
3,253,150
3,253,150
3,253,152
3,253,152
3,253,153
3,253,153
3,255,153
3,255,153
3,255,153
3,253,153
3,253,154
3,252,155
3,252,157
3,252,157
3,252,157
3,252,157
3,255,157
3,255,158
3,255,158
3,255,158
3,255,158
3,255,158
3,255,158
3,255,158
3,255,158
3,253,159
3,253,159
3,253,159
3,253,159
3,253,159
3,253,159
3,253,159
3,253,159
3,253,159
3,253,159
3,253,159
3,253,159
3,255,159
3,255,159
3,255,159
3,255,159
3,255,159
3,253,159
3,253,159
3,253,159
3,255,159
3,255,159
3,255,159
3,255,159
3,255,160
3,255,159
3,255,159
3,255,159
3,255,160
3,255,160
3,253,161
3,253,161
3,253,161
3,253,160
3,253,160
3,253,160
3,253,160
3,253,160
3,253,161
3,255,161
3,255,160
3,255,160
3,255,160
3,255,160
3,255,160
3,255,160
3,255,160
3,255,160
3,255,161
3,255,161
3,255,161
3,255,161
3,255,161
3,255,161
3,255,160
3,255,160
3,255,160
3,255,160
3,253,161
3,255,161
3,253,161
3,253,160
3,253,159
3,253,159
3,253,159
3,253,159
3,253,159
3,253,159
3,253,159
3,253,159
3,253,159
3,253,158
3,253,158
3,255,158
3,255,158
3,255,157
3,253,157
3,253,157
3,253,157
3,253,157
3,253,157
3,253,157
3,253,157
3,253,157
3,255,156
3,255,155
3,255,154
3,255,153
3,253,153
3,252,151
3,250,149
3,248,148
3,248,144
3,248,141
3,248,137
3,247,132
2,247,128
3,247,124
3,246,119
3,246,119
3,246,119
3,247,122
3,247,122
3,249,122
3,251,123
3,251,124
3,251,126
3,251,127
3,251,127
3,251,128
3,250,148
3,250,148
2,250,148
2,250,148
2,250,148
2,250,148
3,252,148
3,252,149
3,252,149
3,253,150
3,253,152
3,253,152
3,253,153
3,255,153
3,255,153
3,255,153
3,255,153
3,253,154
3,253,155
3,253,155
3,252,156
3,252,157
3,252,157
3,252,157
3,252,157
3,255,158
3,255,158
3,255,158
3,255,158
3,255,158
3,255,158
3,253,159
3,253,159
3,253,159
3,253,159
3,253,159
3,253,159
3,253,159
3,253,159
3,253,159
3,253,159
3,253,159
3,255,159
3,255,159
3,255,159
3,255,159
3,255,159
3,255,159
3,255,159
3,255,159
3,253,159
3,253,159
3,253,159
3,255,159
3,255,159
3,255,159
3,255,159
3,255,160
3,255,160
3,255,160
3,255,160
3,255,160
3,255,160
3,255,162
3,253,162
3,253,162
3,253,162
3,253,161
3,253,161
3,253,161
3,255,163
3,255,163
3,255,163
3,255,163
3,255,162
3,255,161
3,255,160
3,255,160
3,255,160
3,255,160
3,255,160
3,255,160
3,253,161
3,253,161
3,255,161
3,255,161
3,255,161
3,255,160
3,255,160
3,255,160
3,255,160
3,253,161
3,253,161
3,253,161
3,253,161
3,255,161
3,255,160
3,255,160
3,253,160
3,253,159
3,253,159
3,253,159
3,253,159
3,253,159
3,253,159
3,253,159
3,253,159
3,255,158
3,255,158
3,255,158
3,255,158
3,255,157
3,253,157
3,253,157
3,253,157
3,252,157
3,252,157
3,253,157
3,255,157
3,255,156
3,255,155
3,253,154
3,253,153
3,252,152
3,250,150
3,248,149
3,248,148
3,248,144
3,248,141
3,248,138
3,247,132
2,247,131
2,247,126
3,247,126
3,247,126
3,247,127
3,247,128
3,249,128
3,249,127
3,251,127
3,251,127
3,251,127
3,251,128
3,251,128
3,251,128
3,250,148
3,250,148
3,250,148
2,250,148
3,252,147
3,252,148
3,252,148
3,252,148
3,252,149
3,252,149
3,253,150
3,253,153
3,253,153
3,255,153
3,255,153
3,255,153
3,253,154
3,253,155
3,253,155
3,253,156
3,253,156
3,252,156
3,252,157
3,252,157
3,252,157
3,253,158
3,255,158
3,255,158
3,255,158
3,255,158
3,255,158
3,253,159
3,253,159
3,253,159
3,253,159
3,253,159
3,253,159
3,253,159
3,253,159
3,255,159
3,255,159
3,255,159
3,255,159
3,255,159
3,255,159
3,255,159
3,255,159
3,255,159
3,255,160
3,255,160
3,255,160
3,253,160
3,253,160
3,255,159
3,255,159
3,255,159
3,255,159
3,255,160
3,255,160
3,255,160
3,255,160
3,255,160
3,255,160
3,255,161
3,253,162
3,253,163
3,253,163
3,253,163
3,253,163
3,253,163
3,255,163
3,255,163
3,255,163
3,255,163
3,255,163
3,255,163
3,253,162
3,253,161
3,255,160
3,253,160
3,253,160
3,253,160
3,253,160
3,253,160
3,253,161
3,255,160
3,255,160
3,255,160
3,255,160
3,255,160
3,255,160
3,255,160
3,253,161
3,253,161
3,253,161
3,253,161
3,253,161
3,253,161
3,253,161
3,253,160
3,253,160
3,253,160
3,253,160
3,253,160
3,253,160
3,253,160
3,253,160
3,253,160
3,253,159
3,255,158
3,255,158
3,255,158
3,255,158
3,253,158
3,253,157
3,253,157
3,252,157
3,252,157
3,253,157
3,255,157
3,255,157
3,255,155
3,253,155
3,253,154
3,253,153
3,252,150
3,250,149
3,250,149
3,248,148
3,248,144
3,248,141
2,248,138
3,247,135
3,249,132
3,249,132
3,247,132
3,247,132
3,247,132
3,247,131
3,249,130
3,249,130
3,251,129
3,251,128
3,251,128
3,251,128
3,251,128
3,251,128
3,250,149
3,250,148
3,250,148
2,250,148
3,252,148
3,252,148
3,252,148
3,252,148
3,252,148
3,252,149
3,252,150
3,253,152
3,253,153
3,255,153
3,255,153
3,255,153
3,253,153
3,253,156
3,253,156
3,253,156
3,253,156
3,253,156
3,253,157
3,253,157
3,253,157
3,253,157
3,253,158
3,253,158
3,255,158
3,253,158
3,253,159
3,253,159
3,253,159
3,253,159
3,253,159
3,253,159
3,253,159
3,253,159
3,253,159
3,255,159
3,255,159
3,255,159
3,255,159
3,255,159
3,255,159
3,255,159
3,255,159
3,255,159
3,255,160
3,255,160
3,253,160
3,253,160
3,253,160
3,253,160
3,253,160
3,255,159
3,255,159
3,255,159
3,255,160
3,255,160
3,255,160
3,255,160
3,255,160
3,253,161
3,253,161
3,253,162
3,253,163
3,253,163
3,253,163
3,253,164
3,255,164
3,255,164
3,255,164
3,255,164
3,255,163
3,255,163
3,253,163
3,253,163
3,253,161
3,253,161
3,253,160
3,253,160
3,253,160
3,255,160
3,253,160
3,255,160
3,255,160
3,255,160
3,255,160
3,255,160
3,255,160
3,255,160
3,255,160
3,253,161
3,253,161
3,253,161
3,253,161
3,253,161
3,253,161
3,253,161
3,253,161
3,253,161
3,253,161
3,253,161
3,253,161
3,253,161
3,253,161
3,253,161
3,252,161
3,252,160
3,253,160
3,253,159
3,253,158
3,253,158
3,253,158
3,253,157
3,252,157
3,252,157
3,253,157
3,253,157
3,255,157
3,255,157
3,253,157
3,253,155
3,253,154
3,253,154
3,252,153
3,252,150
3,250,149
3,250,149
3,248,148
3,248,145
3,248,144
3,248,139
3,248,138
3,248,138
3,248,138
3,248,138
3,248,138
3,247,135
3,249,134
3,249,134
3,249,130
3,251,129
3,251,128
3,251,128
3,251,128
3,251,128
3,251,128
3,250,150
3,250,149
3,250,149
3,252,148
3,252,148
3,252,148
3,252,148
3,252,148
3,252,148
3,252,149
3,252,149
3,253,151
3,253,152
3,255,153
3,255,153
3,255,153
3,255,153
3,255,155
3,255,156
3,253,156
3,253,156
3,253,156
3,253,157
3,253,157
3,253,157
3,253,157
3,253,158
3,253,158
3,253,158
3,253,159
3,253,159
3,253,159
3,253,159
3,253,159
3,253,159
3,253,159
3,253,159
3,253,159
3,253,159
3,255,160
3,255,159
3,255,159
3,255,159
3,255,159
3,255,159
3,255,159
3,255,159
3,255,159
3,255,159
3,255,160
3,253,160
3,253,160
3,253,160
3,253,160
3,253,160
3,253,160
3,255,160
3,255,160
3,255,160
3,255,160
3,255,160
3,255,160
3,255,160
3,253,161
3,253,161
3,253,161
3,253,162
3,253,163
3,253,163
3,253,164
3,253,164
3,255,164
3,255,164
3,255,164
3,255,164
3,255,164
3,255,163
3,253,163
3,253,163
3,253,161
3,253,161
3,253,161
3,253,160
3,253,160
3,255,159
3,255,160
3,255,160
3,255,160
3,255,160
3,255,160
3,255,160
3,255,160
3,255,160
3,255,160
3,253,161
3,253,161
3,253,161
3,253,161
3,253,162
3,253,163
3,253,163
3,253,163
3,253,163
3,252,163
3,252,163
3,252,163
3,253,163
3,253,163
3,253,162
3,252,162
3,253,161
3,253,160
3,253,160
3,253,160
3,253,160
3,253,159
3,253,158
3,253,157
3,253,157
3,253,157
3,253,157
3,255,158
3,255,157
3,253,158
3,253,157
3,253,155
3,255,154
3,253,154
3,252,152
3,252,150
3,252,150
3,250,149
3,250,148
3,250,148
3,250,145
3,250,144
3,248,144
3,248,144
3,248,144
3,248,144
3,248,142
3,250,140
3,249,137
3,251,134
3,251,132
3,251,129
4,253,128
4,253,128
3,251,128
3,251,129
3,251,129
3,250,150
3,250,149
3,252,149
3,252,149
3,252,148
3,252,148
3,252,148
3,252,148
3,252,149
3,252,150
3,252,151
3,253,152
3,253,153
3,255,153
3,255,153
3,255,153
3,255,155
3,255,156
3,255,156
3,255,156
3,253,156
3,253,156
3,253,157
3,253,157
3,253,157
3,253,158
3,253,158
3,253,159
3,253,159
3,253,159
3,253,159
3,253,159
3,253,159
3,253,159
3,253,159
3,253,159
3,253,159
3,253,159
3,253,160
3,255,160
3,255,160
3,255,160
3,255,160
3,255,159
3,255,159
3,255,159
3,255,159
3,255,159
3,255,160
3,255,160
3,253,160
3,253,160
3,253,160
3,253,160
3,253,160
3,255,160
3,255,160
3,255,160
3,255,160
3,255,160
3,255,160
3,255,160
3,253,161
3,253,161
3,253,161
3,253,161
3,253,161
3,253,162
3,253,164
3,253,164
3,255,164
3,255,164
3,255,164
3,255,164
3,255,164
3,255,164
3,255,164
3,255,163
3,253,163
3,253,162
3,253,161
3,253,161
3,253,160
3,253,160
3,255,159
3,255,159
3,255,160
3,255,160
3,255,160
3,255,160
3,255,160
3,255,160
3,255,160
3,255,161
3,253,161
3,253,161
3,253,161
3,253,163
3,253,163
3,253,163
3,253,163
3,253,163
3,253,163
3,252,163
3,252,163
3,252,163
3,253,163
3,253,163
3,252,163
3,252,163
3,252,162
3,252,161
3,253,160
3,253,160
3,253,160
3,253,160
3,253,160
3,253,159
3,253,158
3,253,158
3,253,158
3,253,158
3,253,158
3,253,158
3,253,158
3,253,157
3,255,155
3,253,154
3,253,154
3,253,153
3,252,150
3,252,150
3,252,150
3,250,150
3,250,150
3,250,150
3,250,150
3,250,149
3,248,149
3,248,148
3,248,146
3,250,143
3,250,140
3,251,138
3,251,135
3,253,132
3,253,130
4,253,129
3,251,129
3,251,129
3,251,131
3,252,150
3,252,150
3,252,149
3,252,149
3,252,149
3,252,149
3,252,149
3,252,149
3,252,149
3,252,150
3,252,151
3,252,152
3,253,153
3,253,153
3,255,153
3,255,154
3,255,155
3,255,156
3,255,156
3,255,156
3,255,156
3,255,157
3,255,157
3,255,157
3,255,157
3,253,158
3,253,158
3,253,159
3,253,159
3,253,159
3,253,159
3,253,159
3,253,159
3,253,159
3,253,159
3,253,159
3,253,159
3,253,159
3,253,160
3,255,161
3,255,161
3,255,161
3,255,160
3,255,160
3,255,160
3,255,159
3,255,159
3,255,159
3,255,160
3,255,160
3,255,160
3,253,160
3,253,160
3,253,160
3,253,160
3,253,160
3,255,160
3,255,160
3,255,160
3,255,160
3,255,160
3,255,160
3,255,160
3,253,161
3,253,161
3,253,161
3,253,161
3,253,161
3,253,162
3,253,163
3,255,164
3,255,164
3,255,164
3,255,164
3,255,164
3,255,164
3,255,164
3,255,164
3,255,164
3,253,163
3,253,162
3,253,161
3,253,161
3,253,160
3,253,160
3,253,159
3,255,159
3,255,160
3,255,160
3,255,160
3,255,160
3,255,160
3,255,160
3,255,161
3,253,161
3,253,161
3,253,162
3,253,163
3,253,163
3,253,163
3,253,163
3,253,163
3,253,163
3,253,163
3,253,163
3,253,163
3,253,163
3,253,163
3,253,163
3,253,163
3,252,163
3,252,162
3,252,161
3,253,160
3,253,160
3,253,160
3,253,160
3,253,160
3,253,160
3,253,159
3,253,158
3,253,158
3,253,158
3,253,158
3,253,158
3,253,158
3,253,158
3,255,157
3,253,156
3,253,154
3,253,154
3,253,153
3,253,152
3,253,152
3,252,152
3,252,152
3,250,152
3,250,152
3,250,152
3,250,151
3,248,150
3,248,149
3,250,147
3,250,143
3,250,142
3,251,138
3,253,136
3,253,133
3,253,131
3,251,131
3,251,131
3,251,131
3,251,131
3,252,150
3,252,150
3,252,150
3,252,150
3,253,149
3,253,149
3,253,149
3,253,149
3,252,149
3,252,151
3,252,151
3,253,152
3,253,153
3,253,153
3,255,153
3,255,155
3,255,156
3,255,156
3,255,157
3,255,157
3,255,157
3,255,157
3,255,157
3,255,157
3,255,157
3,253,158
3,253,158
3,253,159
3,253,159
3,253,159
3,253,159
3,253,159
3,253,159
3,253,159
3,253,159
3,253,159
3,253,159
3,253,159
3,253,160
3,253,161
3,255,161
3,255,161
3,255,161
3,255,160
3,255,160
3,255,160
3,255,160
3,255,160
3,255,160
3,255,160
3,255,160
3,253,161
3,253,161
3,253,161
3,253,160
3,253,160
3,253,160
3,255,160
3,255,160
3,255,160
3,255,160
3,255,160
3,255,160
3,255,160
3,253,161
3,253,161
3,253,161
3,253,161
3,253,161
3,253,161
3,255,162
3,255,164
3,255,164
3,255,165
3,255,165
3,255,165
3,255,165
3,255,164
3,255,164
3,255,164
3,253,163
3,253,163
3,253,162
3,253,161
3,253,161
3,253,160
3,253,160
3,253,160
3,253,160
3,253,160
3,253,161
3,255,161
3,255,160
3,255,161
3,253,161
3,253,161
3,253,162
3,253,163
3,253,163
3,253,163
3,253,163
3,253,163
3,253,163
3,253,163
3,253,163
3,253,163
3,253,163
3,253,163
3,253,163
3,253,163
3,253,163
3,253,162
3,253,162
3,253,161
3,253,160
3,253,160
3,253,160
3,253,160
3,253,160
3,253,160
3,253,160
3,253,159
3,253,159
3,253,159
3,255,159
3,253,159
3,253,159
3,255,158
3,255,158
3,253,158
3,255,157
3,253,156
3,255,154
3,253,154
3,253,153
3,253,153
3,253,153
3,252,153
3,252,153
3,252,153
3,250,153
3,250,152
3,250,151
3,250,149
3,250,147
3,250,145
3,251,143
3,251,138
3,253,137
3,251,134
3,251,133
3,251,131
3,251,131
3,251,131
3,251,131
3,252,149
3,252,149
3,252,150
3,252,150
3,252,150
3,253,149
3,253,149
3,253,149
3,253,150
3,253,151
3,253,152
3,253,152
3,253,153
3,253,153
3,255,154
3,255,156
3,255,156
3,255,157
3,255,157
3,255,158
3,255,158
3,255,157
3,255,157
3,255,157
3,255,157
3,255,157
3,253,158
3,253,159
3,253,159
3,253,159
3,253,159
3,253,159
3,253,159
3,253,159
3,253,159
3,253,159
3,255,159
3,253,159
3,253,160
3,253,161
3,255,162
3,255,162
3,255,162
3,255,161
3,255,161
3,255,161
3,253,160
3,253,160
3,255,160
3,255,160
3,253,160
3,253,161
3,253,161
3,253,161
3,253,161
3,253,161
3,253,161
3,253,161
3,253,161
3,253,161
3,255,161
3,255,160
3,255,160
3,255,160
3,255,160
3,253,161
3,253,161
3,253,161
3,253,161
3,253,161
3,255,161
3,255,161
3,255,164
3,255,165
3,255,165
3,255,165
3,255,165
3,255,165
3,255,165
3,255,165
3,255,164
3,255,164
3,253,163
3,253,163
3,253,161
3,253,161
3,253,161
3,253,160
3,253,161
3,253,161
3,253,161
3,253,161
3,253,161
3,253,161
3,253,161
3,253,162
3,253,163
3,253,163
3,253,163
3,253,163
3,253,163
3,253,163
3,253,163
3,255,162
3,255,162
3,255,162
3,255,160
3,253,161
3,253,161
3,253,161
3,253,161
3,253,161
3,253,162
3,253,161
3,253,161
3,253,161
3,253,160
3,253,160
3,253,160
3,253,160
3,253,160
3,253,160
3,253,160
3,253,160
3,255,160
3,255,160
3,255,160
3,255,159
3,255,159
3,255,159
3,255,158
3,255,158
3,255,157
3,255,157
3,255,154
3,255,154
3,255,153
3,253,153
3,253,153
3,253,153
3,252,153
3,252,153
3,252,153
3,252,152
3,250,151
3,250,149
3,250,148
3,250,145
3,250,143
3,250,140
3,249,138
3,249,137
3,251,134
3,251,132
3,251,131
3,251,131
3,251,131
3,252,148
3,252,149
3,252,149
3,253,149
3,252,150
3,252,150
3,252,150
3,252,150
3,252,151
3,253,151
3,253,152
3,253,152
3,253,153
3,253,154
3,253,154
3,255,156
3,255,156
3,255,157
3,255,158
3,255,158
3,255,158
3,255,158
3,255,158
3,255,157
3,255,157
3,255,157
3,255,158
3,253,159
3,253,159
3,253,159
3,253,159
3,253,159
3,253,159
3,253,159
3,255,159
3,255,159
3,255,159
3,255,159
3,255,160
3,253,160
3,253,161
3,253,162
3,253,162
3,255,162
3,255,161
3,255,161
3,253,161
3,253,161
3,253,160
3,255,160
3,255,160
3,255,160
3,253,161
3,253,161
3,253,161
3,253,162
3,253,162
3,253,162
3,253,162
3,253,162
3,253,162
3,253,162
3,253,162
3,253,161
3,255,161
3,253,161
3,253,161
3,253,161
3,253,161
3,255,160
3,255,160
3,255,160
3,255,161
3,255,163
3,255,164
3,255,165
3,255,165
3,255,165
3,253,165
3,253,165
3,255,165
3,255,165
3,255,164
3,255,164
3,253,163
3,253,163
3,253,162
3,253,161
3,253,161
3,253,162
3,253,162
3,253,162
3,253,162
3,253,162
3,253,162
3,253,163
3,253,163
3,253,163
3,253,163
3,253,163
3,253,163
3,253,163
3,253,163
3,255,162
3,255,162
3,255,162
3,255,161
3,255,160
3,255,161
3,253,161
3,253,161
3,253,161
3,253,161
3,253,161
3,253,161
3,253,161
3,253,161
3,253,161
3,253,160
3,253,160
3,253,160
3,253,160
3,253,160
3,253,160
3,253,160
3,255,160
3,255,160
3,255,160
3,255,160
3,255,159
3,255,159
3,255,159
3,255,159
3,255,158
3,255,158
3,255,157
3,255,154
3,255,154
3,253,154
3,253,154
3,253,154
3,253,154
3,253,154
3,252,153
3,252,152
3,252,152
3,252,151
3,250,149
3,250,148
3,248,145
3,248,143
3,248,141
3,248,139
3,249,137
3,251,134
3,251,132
3,251,131
3,251,131
3,251,129
3,252,148
3,252,148
3,253,148
3,253,149
3,253,149
3,252,150
3,252,150
3,252,150
3,252,152
3,252,152
3,253,152
3,253,152
3,253,153
3,253,154
3,253,155
3,253,156
3,255,156
3,255,157
3,255,158
3,255,158
3,255,158
3,255,158
3,255,158
3,255,158
3,255,158
3,255,158
3,255,158
3,255,159
3,253,159
3,253,160
3,253,160
3,253,160
3,253,160
3,253,160
3,253,160
3,255,159
3,255,160
3,255,160
3,255,160
3,253,161
3,253,161
3,253,161
3,253,162
3,253,162
3,255,162
3,253,162
3,253,161
3,253,161
3,253,161
3,253,161
3,255,161
3,255,161
3,255,161
3,255,161
3,253,162
3,253,162
3,253,163
3,253,163
3,253,163
3,253,163
3,253,163
3,253,163
3,253,163
3,253,163
3,253,162
3,255,162
3,253,162
3,253,162
3,253,161
3,255,161
3,255,160
3,255,160
3,255,160
3,255,160
3,255,163
3,255,163
3,255,164
3,255,165
3,253,166
3,253,166
3,253,166
3,253,166
3,253,165
3,255,165
3,255,164
3,253,164
3,253,163
3,253,163
3,253,163
3,253,164
3,253,164
3,253,164
3,253,164
3,253,164
3,253,164
3,253,164
3,253,163
3,253,163
3,253,163
3,253,163
3,253,163
3,253,163
3,253,163
3,253,163
3,255,162
3,255,162
3,255,162
3,255,161
3,255,160
3,255,161
3,255,161
3,253,161
3,255,161
3,253,161
3,253,161
3,253,161
3,255,161
3,253,161
3,253,161
3,253,161
3,253,161
3,253,161
3,253,161
3,253,162
3,253,162
3,255,162
3,255,162
3,255,160
3,255,160
3,255,160
3,255,160
3,255,159
3,253,159
3,253,159
3,255,159
3,255,158
3,255,158
3,253,157
3,253,155
3,253,154
3,253,154
3,253,154
3,253,154
3,253,154
3,253,153
3,252,153
3,252,152
3,252,152
3,250,151
2,248,150
3,248,149
3,248,147
3,246,145
3,248,141
3,248,139
3,249,137
3,251,134
3,251,132
3,251,131
3,251,129
3,251,129
3,252,147
3,252,147
3,253,148
3,253,149
3,253,149
3,253,150
3,252,150
3,252,152
3,252,152
3,252,152
3,253,152
3,253,153
3,253,153
3,253,154
3,253,156
3,255,157
3,255,158
3,255,158
3,255,158
3,255,158
3,255,158
3,255,158
3,255,158
3,255,158
3,255,158
3,255,158
3,255,159
3,253,160
3,253,160
3,253,160
3,253,160
3,253,160
3,253,160
3,253,160
3,253,160
3,255,160
3,253,160
3,253,161
3,253,161
3,253,161
3,253,161
3,253,162
3,253,163
3,253,163
3,253,163
3,253,163
3,253,162
3,253,162
3,253,161
3,253,161
3,253,161
3,253,161
3,253,161
3,255,162
3,255,162
3,253,163
3,253,163
3,253,163
3,253,164
3,253,164
3,253,163
3,253,163
3,253,163
3,253,163
3,253,163
3,255,163
3,255,163
3,253,162
3,255,162
3,255,161
3,255,160
3,255,160
3,255,160
3,255,160
3,255,163
3,255,163
3,255,164
3,255,164
3,255,165
3,253,165
3,253,166
3,253,166
3,253,166
3,253,165
3,253,165
3,253,164
3,253,164
3,253,164
3,253,164
3,253,164
3,253,164
3,253,164
3,253,164
3,253,164
3,253,164
3,253,165
3,253,165
3,253,165
3,253,164
3,253,164
3,253,164
3,253,163
3,253,163
3,253,163
3,255,162
3,255,162
3,255,162
3,255,162
3,255,161
3,255,161
3,255,162
4,255,162
3,255,162
3,253,162
3,253,162
3,253,162
3,255,162
3,253,162
3,253,161
3,253,161
3,253,161
3,253,162
3,253,163
3,253,163
3,253,163
3,253,163
3,255,162
3,255,162
3,255,161
3,255,160
3,255,160
3,253,160
3,253,160
3,253,159
3,253,159
3,255,159
3,253,158
3,253,158
3,253,157
3,253,155
3,253,154
3,253,154
3,253,154
3,253,154
3,255,153
3,253,153
3,252,152
3,252,152
3,252,152
3,250,152
3,248,150
3,248,150
3,246,148
3,246,145
3,248,141
3,248,139
3,251,136
3,251,133
3,251,131
3,251,129
3,251,128
3,252,147
3,252,147
3,252,147
3,253,147
3,253,148
3,253,149
3,253,149
3,253,152
3,253,152
3,253,152
3,253,152
3,253,153
3,253,153
3,253,154
3,253,156
3,253,157
3,255,158
3,255,158
3,255,158
3,255,158
3,255,159
3,255,159
3,255,159
3,255,158
3,255,158
3,255,158
3,253,159
3,253,160
3,253,160
3,253,161
3,253,161
3,253,161
3,253,161
3,253,161
3,253,160
3,255,160
3,255,160
3,253,161
3,253,161
3,253,161
3,253,161
3,253,162
3,253,163
3,253,163
3,253,163
3,253,163
3,253,163
3,253,163
3,253,163
3,253,163
3,253,163
3,253,163
3,253,163
3,255,163
3,255,163
3,255,163
3,255,163
3,255,164
3,253,164
3,253,164
3,253,165
3,253,165
3,253,165
3,253,164
3,253,164
3,253,164
3,255,164
3,255,164
3,255,163
3,255,162
3,255,161
3,255,160
3,255,160
3,255,160
3,255,161
3,255,163
3,255,163
3,255,164
3,255,164
3,255,165
3,253,165
3,253,166
3,253,166
3,253,166
3,253,166
3,253,166
3,253,165
3,253,165
3,253,165
3,253,165
3,253,165
3,253,166
3,253,166
3,253,165
3,253,165
3,253,165
3,253,165
3,253,165
3,253,165
3,253,165
3,253,164
3,253,164
3,253,164
3,253,163
3,253,163
3,255,163
3,255,163
3,255,162
3,255,163
3,255,163
3,255,164
3,255,164
3,255,164
3,255,164
3,253,163
3,253,163
3,253,162
3,253,162
3,253,162
3,253,162
3,253,162
3,253,163
3,253,163
3,253,164
3,253,164
3,253,164
3,253,164
3,253,163
3,253,163
3,253,162
3,253,161
3,253,160
3,253,160
3,253,160
3,253,160
3,253,160
3,253,159
3,253,159
3,253,159
3,253,158
3,252,157
3,253,157
3,253,156
3,255,154
3,255,154
3,255,153
3,255,153
3,255,153
3,255,152
3,253,152
3,252,152
3,250,152
3,248,151
3,248,151
3,248,148
3,248,144
3,248,141
3,249,137
3,251,134
3,253,131
3,253,128
3,253,128
3,251,128
3,250,148
3,252,147
3,252,147
3,252,147
3,253,147
3,253,147
3,255,149
3,253,149
3,253,151
3,253,152
3,255,152
3,255,153
3,255,153
3,253,154
3,253,155
3,253,156
3,255,157
3,255,158
3,255,158
3,255,158
3,255,159
3,255,159
3,255,159
3,255,159
3,255,159
3,255,159
3,253,159
3,253,160
3,253,160
3,253,162
3,253,162
3,253,161
3,253,161
3,253,161
3,253,161
3,253,161
3,255,160
3,255,160
3,253,161
3,253,161
3,253,161
3,253,162
3,253,162
3,253,163
3,253,163
3,253,163
3,253,163
3,253,163
3,253,163
3,253,163
3,253,163
3,253,163
3,253,163
3,253,163
3,255,163
3,255,163
3,255,163
3,255,163
3,255,164
3,255,164
3,253,165
3,253,165
3,253,165
3,253,165
3,253,165
3,253,165
3,253,164
3,255,164
3,255,164
3,255,164
3,255,163
3,255,162
3,255,161
3,255,161
3,255,161
3,255,162
3,255,163
3,255,163
3,255,164
3,255,164
3,253,164
3,253,165
3,253,166
3,253,166
3,253,166
3,253,166
3,253,166
3,253,166
3,253,165
3,253,165
3,253,165
3,253,166
3,253,166
3,253,166
3,253,167
3,253,166
3,253,166
3,253,166
3,253,166
3,253,165
3,253,165
3,253,165
3,253,164
3,253,164
3,253,164
3,253,164
3,255,163
3,255,163
3,255,163
3,255,164
3,255,164
3,255,164
3,255,164
3,255,164
3,255,164
3,253,164
3,253,164
3,253,163
3,253,163
3,253,163
3,253,163
3,253,163
3,253,163
3,253,164
3,253,164
3,253,165
3,253,166
3,253,165
3,253,164
3,253,164
3,253,164
3,253,163
3,252,161
3,252,161
3,253,160
3,253,160
3,253,160
3,253,160
3,253,160
3,252,159
3,252,159
3,252,158
3,252,157
3,253,157
3,255,157
3,255,154
3,255,154
3,255,153
3,255,153
3,255,153
3,255,152
3,255,152
4,255,152
3,252,152
3,248,151
3,248,150
3,248,146
3,248,141
3,248,139
3,251,134
3,253,132
3,253,128
3,253,128
3,253,128
3,251,128
3,250,147
3,252,147
3,252,147
3,252,147
3,253,147
3,253,147
3,255,148
3,255,149
3,255,151
3,255,152
3,255,152
3,255,153
3,255,154
3,255,155
3,255,156
3,255,157
3,255,158
3,255,158
3,255,158
3,255,158
3,255,159
3,255,159
3,255,159
3,253,159
3,253,159
3,253,159
3,253,160
3,253,160
3,253,162
3,253,162
3,253,162
3,253,162
3,253,161
3,253,161
3,253,161
3,253,161
3,255,161
3,255,161
3,255,161
3,255,162
3,255,162
3,253,162
3,253,163
3,253,163
3,253,163
3,253,163
3,253,163
3,253,163
3,253,163
3,253,163
3,253,163
3,252,164
3,253,164
3,253,164
3,255,163
3,255,163
3,255,163
3,255,164
3,255,164
3,255,165
3,255,165
3,253,166
3,253,166
3,253,166
3,253,165
3,255,165
3,255,165
3,255,164
3,255,164
3,255,164
3,255,164
3,255,164
3,255,163
3,255,162
3,255,162
3,255,163
3,255,163
3,253,164
3,253,164
3,253,164
3,253,165
3,253,165
3,253,165
3,253,166
3,253,166
3,253,166
3,253,166
3,253,166
3,253,166
3,253,165
3,253,165
3,253,166
3,253,166
3,253,166
3,253,167
3,253,166
3,253,166
3,253,166
3,253,166
3,253,166
3,255,165
3,255,165
3,255,165
3,255,164
3,253,164
3,253,164
3,253,164
3,255,164
3,255,164
3,255,165
3,255,165
3,255,165
3,255,165
3,255,165
3,253,164
3,253,164
3,253,164
3,253,163
3,253,163
3,253,163
3,253,163
3,253,164
3,253,164
3,253,164
3,253,165
3,253,166
3,253,166
3,253,166
3,253,166
3,253,165
3,252,164
3,252,164
3,252,164
3,252,161
3,252,161
3,252,161
3,252,161
3,253,161
3,252,160
3,252,161
3,252,160
3,252,159
3,252,158
3,253,157
3,255,157
3,255,157
3,255,156
3,255,154
3,255,153
3,255,153
3,255,153
3,255,153
3,255,153
3,253,153
3,253,153
3,248,151
3,248,148
3,248,145
3,248,141
3,249,137
3,253,132
3,253,128
3,253,127
3,253,127
3,253,127
3,250,147
3,250,147
3,252,147
3,252,147
3,252,147
3,252,147
3,253,147
3,255,148
3,255,149
3,255,151
3,255,152
3,255,153
3,255,154
3,255,156
3,255,156
3,255,157
3,255,157
3,255,158
3,255,158
3,255,158
3,255,159
3,255,159
3,255,159
3,253,159
3,253,159
3,253,160
3,253,160
3,253,160
3,252,161
3,252,163
3,253,163
3,253,163
3,253,162
3,253,162
3,253,161
3,253,161
3,255,161
3,255,161
3,255,161
3,255,162
3,255,162
3,255,162
3,253,162
3,253,163
3,253,163
3,253,163
3,253,163
3,253,163
3,253,163
3,253,163
3,253,163
3,253,163
3,253,164
3,253,164
3,253,164
3,255,164
3,255,164
3,255,164
3,255,164
3,255,165
3,255,165
3,253,165
3,253,166
3,253,166
3,253,166
3,253,166
3,253,166
3,255,165
3,255,165
3,255,165
3,255,165
3,255,164
3,255,164
3,255,164
3,255,164
3,255,164
3,255,164
3,255,164
3,255,164
3,253,164
3,253,165
3,253,165
3,253,165
3,253,165
3,253,165
3,253,166
3,253,166
3,253,166
3,253,166
3,253,166
3,253,165
3,253,166
3,253,166
3,253,166
3,253,166
3,253,167
3,253,166
3,253,166
3,253,166
3,253,166
3,253,166
3,255,165
3,255,165
3,255,165
3,255,165
3,253,164
3,253,164
3,253,165
3,253,165
3,253,165
3,255,165
3,255,165
3,255,165
3,255,165
3,255,165
3,253,165
3,253,164
3,253,164
3,253,164
3,253,164
3,253,164
3,253,164
3,253,164
3,253,164
3,253,165
3,253,166
3,253,166
3,253,167
3,253,168
3,253,166
3,252,166
3,252,166
3,252,165
3,252,164
3,252,164
3,252,161
3,252,161
3,252,161
3,252,161
3,252,162
3,250,162
3,252,162
3,252,160
3,252,159
3,253,158
3,255,158
3,255,157
3,255,157
3,255,156
3,255,154
3,255,154
3,255,154
3,255,154
3,253,154
3,253,154
3,253,153
3,252,151
3,248,149
3,248,145
3,248,141
3,249,137
3,253,132
3,253,127
3,253,127
3,253,126
3,253,125
3,253,125
3,250,147
3,252,147
3,252,147
3,252,146
3,252,147
3,252,147
3,252,147
3,252,147
3,253,148
3,253,151
3,255,152
3,255,153
3,255,154
3,255,155
3,255,156
3,255,157
3,255,157
3,255,158
3,255,158
3,255,158
3,255,159
3,255,159
3,255,159
3,255,159
3,253,160
3,253,160
3,253,160
3,253,160
3,253,161
3,252,161
3,252,163
3,253,163
3,253,163
3,253,162
3,253,162
3,253,161
3,253,161
3,255,161
3,255,161
3,255,161
3,255,162
3,255,162
3,255,162
3,253,162
3,253,163
3,253,163
3,253,163
3,253,163
3,253,163
3,253,163
3,253,163
3,253,163
3,253,163
3,253,164
3,253,164
3,255,164
3,255,164
3,255,165
3,255,165
3,255,165
3,255,165
3,255,165
3,253,166
3,253,166
3,253,166
3,253,166
3,253,166
3,253,166
3,253,166
3,253,165
3,255,165
3,255,165
3,255,165
3,255,165
3,255,165
3,255,165
3,255,165
3,255,165
3,255,165
3,255,165
3,255,165
3,253,165
3,253,166
3,253,165
3,253,165
3,255,165
3,255,165
3,255,165
3,253,165
3,253,165
3,253,165
3,253,165
3,253,165
3,253,165
3,253,165
3,253,166
3,253,166
3,253,166
3,253,166
3,253,166
3,253,166
3,253,166
3,255,165
3,255,165
3,255,165
3,255,165
3,253,165
3,253,166
3,253,166
3,253,166
3,253,166
3,253,166
3,253,165
3,253,165
3,253,165
3,255,165
3,253,165
3,253,164
3,253,164
3,253,164
3,253,164
3,253,164
3,253,164
3,253,164
3,253,165
3,253,165
3,253,166
3,253,167
3,253,168
3,253,168
3,253,168
3,253,169
3,252,169
3,252,168
3,252,166
3,252,165
3,252,164
3,252,163
3,252,163
3,252,163
3,252,163
3,252,163
3,252,163
3,253,162
3,253,160
3,253,159
3,253,158
3,255,158
3,255,157
3,255,157
3,255,157
3,255,157
3,253,156
3,253,155
3,253,154
3,253,154
3,253,154
3,253,152
3,248,149
3,248,146
3,248,143
3,249,138
3,253,132
3,253,127
3,253,126
3,253,124
3,253,123
3,253,122
3,253,124
3,252,146
3,252,146
3,252,146
3,252,146
3,252,147
3,252,147
3,252,147
3,252,148
3,252,149
3,253,151
3,253,153
3,253,154
3,255,156
3,255,156
3,255,157
3,255,157
3,255,158
3,255,158
3,255,158
3,253,159
3,255,159
3,255,159
3,253,159
3,255,160
3,255,160
3,253,160
3,253,161
3,253,161
3,253,161
3,252,163
3,252,163
3,253,163
3,253,162
3,253,162
3,253,162
3,253,162
3,253,161
3,253,161
3,255,161
3,255,162
3,255,162
3,255,162
3,255,162
3,253,163
3,253,163
3,253,163
3,253,163
3,253,163
3,253,163
3,253,163
3,253,163
3,253,163
3,253,163
3,253,164
3,255,164
3,255,164
3,255,165
3,255,165
3,255,165
3,255,165
3,255,165
3,255,165
3,253,166
3,253,166
3,253,166
3,253,166
3,253,166
3,253,166
3,253,166
3,253,166
3,253,166
3,253,166
3,253,166
3,253,166
3,253,166
3,255,165
3,255,165
3,255,165
3,255,165
3,255,165
3,255,166
3,255,166
3,253,166
3,253,166
3,253,165
3,255,165
3,255,165
3,255,165
3,255,165
3,255,165
3,253,165
3,253,165
3,253,165
3,253,165
3,255,165
3,255,165
3,255,166
3,253,166
3,253,166
3,253,166
3,253,166
3,253,166
3,255,165
3,255,165
3,253,166
3,253,166
3,253,166
3,253,166
3,253,166
3,253,166
3,253,166
3,253,166
3,253,166
3,253,166
3,253,165
3,253,165
3,253,164
3,255,164
3,255,164
3,253,164
3,253,164
3,253,164
3,253,164
3,253,165
3,253,165
3,253,165
3,253,166
3,253,168
3,253,168
3,254,170
3,254,170
3,254,171
3,252,171
3,252,170
3,252,170
3,252,167
3,253,166
3,253,164
3,253,164
3,253,164
3,253,164
3,252,164
3,253,164
3,253,164
3,253,161
3,253,160
3,253,159
3,253,158
3,253,158
3,253,157
3,253,157
3,253,157
3,252,157
3,252,157
3,253,155
3,253,154
3,253,154
3,252,152
3,248,149
3,248,147
3,248,144
3,249,138
3,251,132
3,251,127
3,251,124
3,253,123
3,253,121
3,253,121
3,253,121
3,252,146
3,252,146
3,252,146
3,252,146
3,252,146
3,252,147
3,250,147
3,252,148
3,252,149
3,252,151
3,252,152
3,253,153
3,253,156
3,253,156
3,255,157
3,255,157
3,255,158
3,255,158
3,255,158
3,253,159
3,253,160
3,253,160
3,253,160
3,253,160
3,253,160
3,255,160
3,253,162
3,253,162
3,253,162
3,253,163
3,253,163
3,253,163
3,253,163
3,253,163
3,253,162
3,253,162
3,253,162
3,253,162
3,253,161
3,253,162
3,253,162
3,253,162
3,253,163
3,253,163
3,253,163
3,253,163
3,253,163
3,253,163
3,253,163
3,253,163
3,253,163
3,253,163
3,253,163
3,253,164
3,253,164
3,255,164
3,255,165
3,255,165
3,255,165
3,255,165
3,255,165
3,255,165
3,253,166
3,253,166
3,253,166
3,253,166
3,253,166
3,253,166
3,253,166
3,253,166
3,253,167
3,253,167
3,253,166
3,253,166
3,253,166
3,253,166
3,253,166
3,255,166
3,255,165
3,255,166
3,255,166
3,255,166
3,255,166
3,253,166
3,253,166
3,253,166
3,255,165
3,255,165
3,255,165
3,255,165
3,255,165
3,253,165
3,252,165
3,252,165
3,253,165
3,253,165
3,255,165
3,255,165
3,255,165
3,255,165
3,255,165
3,255,165
3,255,165
3,255,165
3,253,166
3,253,166
3,253,166
3,253,168
3,253,168
3,253,167
3,253,166
3,253,166
3,253,166
3,253,166
3,253,166
3,253,166
3,253,165
3,253,164
3,255,164
3,255,164
3,255,164
3,255,164
3,255,164
3,255,165
3,253,165
3,253,165
3,253,165
3,253,166
3,253,168
3,254,170
3,254,171
3,254,172
3,254,174
3,252,178
3,254,177
3,254,172
3,254,170
3,255,168
3,255,166
3,255,164
3,255,164
3,253,165
3,253,164
3,253,164
3,253,164
3,253,162
3,253,161
3,253,159
3,253,159
3,253,158
3,253,158
3,253,158
3,252,157
3,252,157
3,252,157
3,252,157
3,253,154
3,253,154
3,252,152
3,248,150
3,248,148
3,248,144
3,249,138
3,249,132
3,251,127
3,251,124
3,251,121
3,253,119
3,253,119
3,253,119
3,253,121
3,252,146
3,252,146
3,252,146
3,252,146
3,252,146
3,250,146
3,250,148
3,250,148
2,250,149
3,252,149
3,252,152
3,252,153
3,252,154
3,252,156
3,253,157
3,253,158
3,253,158
3,253,158
3,253,159
3,253,160
3,253,160
3,253,160
3,253,160
3,253,160
3,253,160
3,253,162
3,253,162
3,253,162
3,253,163
3,253,163
3,253,163
3,253,163
3,253,163
3,253,163
3,253,163
3,253,162
3,253,162
3,253,162
3,253,162
3,253,161
3,253,161
3,253,162
3,253,162
3,253,163
3,253,163
3,253,163
3,253,163
3,253,163
3,253,163
3,253,163
3,253,163
3,253,163
3,253,163
3,252,164
3,253,164
3,253,164
3,255,164
3,255,164
3,255,165
3,255,165
3,255,165
3,255,165
3,255,165
3,253,166
3,253,166
3,253,166
3,253,166
3,253,166
3,253,166
3,253,166
3,253,167
3,253,168
3,253,168
3,253,167
3,253,166
3,253,166
3,253,166
3,253,166
3,253,166
3,255,166
3,255,166
3,255,166
3,255,166
3,255,166
3,253,166
3,253,166
3,253,166
3,253,166
3,255,165
3,255,165
3,255,165
3,255,164
3,255,164
3,253,164
3,253,165
3,253,165
3,253,165
3,255,165
3,255,165
3,255,165
3,255,165
3,255,165
3,255,165
3,255,165
3,253,166
3,253,166
3,253,166
3,253,168
3,253,168
3,253,168
3,253,168
3,253,166
3,253,166
3,253,166
3,253,166
3,253,166
3,253,166
3,253,165
3,255,164
3,255,164
3,255,164
3,255,164
3,255,165
3,255,165
3,255,165
3,255,165
3,253,165
3,253,166
3,253,168
3,253,168
3,254,170
3,254,172
3,254,174
3,254,179
3,251,185
3,249,185
3,254,179
3,255,174
3,255,171
3,255,169
3,255,166
3,255,166
3,255,166
3,255,165
3,253,165
3,253,164
3,253,163
3,253,161
3,253,160
3,253,159
3,253,159
3,253,159
3,253,158
3,252,158
3,252,158
3,252,157
3,252,157
3,252,157
3,252,154
3,252,152
3,248,150
3,248,148
3,248,144
3,249,139
3,249,133
3,251,129
3,251,123
3,251,120
3,253,117
3,255,116
3,255,116
3,255,118
3,255,121
3,252,146
3,253,146
3,252,146
3,252,146
3,252,146
3,252,147
3,250,148
2,250,148
2,250,149
2,250,152
3,252,153
3,252,154
3,252,156
3,252,157
3,252,158
3,252,158
3,253,159
3,253,159
3,253,160
3,253,160
3,253,160
3,253,162
3,253,162
3,253,162
3,253,162
3,253,162
3,253,163
3,253,163
3,253,164
3,253,164
3,253,164
3,253,163
3,253,163
3,253,163
3,253,163
3,253,163
3,253,162
3,253,162
3,253,162
3,253,161
3,253,161
3,253,161
3,253,163
3,253,163
3,253,163
3,253,163
3,253,163
3,253,163
3,253,163
3,253,163
3,253,163
3,253,163
3,252,164
3,252,164
3,252,164
3,253,164
3,255,164
3,255,164
3,255,165
3,255,165
3,255,165
3,255,165
3,255,165
3,255,165
3,253,166
3,253,166
3,253,166
3,253,166
3,253,166
3,253,166
3,253,168
3,253,168
3,253,168
3,253,168
3,253,167
3,253,166
3,253,166
3,253,166
3,253,166
3,255,166
3,255,167
3,255,168
3,255,168
3,253,168
3,253,166
3,253,166
3,253,166
3,253,166
3,253,166
3,255,165
3,255,164
3,255,164
3,255,163
3,255,163
3,253,164
3,253,164
3,255,164
3,255,164
3,255,165
3,255,165
3,255,165
3,255,165
3,255,165
3,253,166
3,253,166
3,253,166
3,253,168
3,253,168
3,253,168
3,253,168
3,253,168
3,253,168
3,253,166
3,253,166
3,253,166
3,253,166
3,253,166
3,253,166
3,255,165
3,255,165
3,255,164
3,255,165
3,255,165
3,255,165
3,255,165
3,255,165
3,253,166
3,253,166
3,253,168
3,253,168
3,254,170
3,255,172
3,255,178
3,254,185
3,250,189
3,248,193
3,250,193
3,254,181
3,255,175
3,255,172
3,255,169
3,255,168
3,255,167
3,253,167
3,253,166
3,253,165
3,253,164
3,253,162
3,253,161
3,253,160
3,253,159
3,253,159
3,253,159
3,253,158
3,252,158
3,252,158
3,252,157
3,252,157
3,252,154
3,252,153
3,250,151
3,250,149
3,248,145
3,248,140
3,249,134
3,249,129
3,249,122
3,251,117
3,255,116
3,255,115
3,255,115
3,255,116
3,255,118
3,252,146
3,252,146
3,252,146
3,252,146
3,252,146
3,252,147
3,250,148
3,250,148
3,250,149
2,250,151
2,250,152
3,250,153
3,252,156
3,252,157
3,252,158
3,252,158
3,252,159
3,252,159
3,253,160
3,253,160
3,253,162
3,253,162
3,253,162
3,253,162
3,253,162
3,253,162
3,253,163
3,253,163
3,253,164
3,253,165
3,253,165
3,253,164
3,253,164
3,253,163
3,253,163
3,253,163
3,253,163
3,253,163
3,253,162
3,253,162
3,253,162
3,253,162
3,253,162
3,253,162
3,253,163
3,253,163
3,253,163
3,253,163
3,253,163
3,253,163
3,252,164
3,252,164
3,252,164
3,252,164
3,252,164
3,252,164
3,253,164
3,255,164
3,255,165
3,255,165
3,255,165
3,255,165
3,255,165
3,255,165
3,255,165
3,253,166
3,253,166
3,253,166
3,253,166
3,253,166
3,253,166
3,253,168
3,253,168
3,253,168
3,253,168
3,253,168
3,253,167
3,253,166
3,253,166
3,253,166
3,253,166
3,255,168
3,255,168
3,253,168
3,253,168
3,253,166
3,253,166
3,253,166
3,253,166
3,253,166
3,253,166
3,255,164
3,255,164
3,255,163
3,255,163
3,255,164
3,255,164
3,255,164
3,255,164
3,255,164
3,255,165
3,255,165
3,255,165
3,255,165
3,253,166
3,253,166
3,253,166
3,253,168
3,253,168
3,253,168
3,253,168
3,253,168
3,253,168
3,253,166
3,253,166
3,253,166
3,253,166
3,253,166
3,253,166
3,253,166
3,253,166
3,255,165
3,255,165
3,255,165
3,255,165
3,255,165
3,253,166
3,253,166
3,253,168
3,253,168
3,253,168
3,255,169
3,255,172
3,255,178
3,255,186
2,251,196
3,246,199
3,246,200
3,250,193
3,255,179
3,255,176
3,255,173
3,255,171
3,253,169
3,253,168
3,253,167
3,253,165
3,253,165
3,253,163
3,253,162
3,253,160
3,253,160
3,253,159
3,253,159
3,253,158
3,253,158
3,252,158
3,252,158
3,252,157
3,252,156
3,252,154
3,252,152
3,250,149
3,248,145
3,250,140
3,249,134
3,249,129
3,249,122
4,253,117
3,253,115
3,255,114
3,255,114
3,255,115
3,255,116
3,253,121
3,252,146
3,252,146
3,252,146
3,252,147
3,250,147
3,250,148
3,250,148
2,250,149
2,250,149
2,250,152
3,250,153
3,250,155
3,252,156
3,252,158
3,252,158
3,252,159
3,252,159
3,252,160
3,253,160
3,253,162
3,253,162
3,253,162
3,253,162
3,253,162
3,253,162
3,253,163
3,253,164
3,253,164
3,253,165
3,253,165
3,253,165
3,253,165
3,253,164
3,253,164
3,253,163
3,253,163
3,253,163
3,252,163
3,252,164
3,252,163
3,252,163
3,252,162
3,253,162
3,253,162
3,253,163
3,253,163
3,253,163
3,253,163
3,253,163
3,253,163
3,252,164
3,252,164
3,252,164
3,252,164
3,252,164
3,253,164
3,255,164
3,255,164
3,255,165
3,255,165
3,255,165
3,255,165
3,255,165
3,255,165
3,255,165
3,255,165
3,255,165
3,253,166
3,253,166
3,253,166
3,253,166
3,253,168
3,253,168
3,253,168
3,253,168
3,253,168
3,253,168
3,253,167
3,253,166
3,253,167
3,253,168
3,253,168
3,253,168
3,253,168
3,253,168
3,253,168
3,253,166
3,253,166
3,253,166
3,253,166
3,255,165
3,255,164
3,255,164
3,255,163
3,255,163
3,255,164
3,255,164
3,255,164
3,255,164
3,255,164
3,255,164
3,255,164
3,255,165
3,255,165
3,255,165
3,253,166
3,253,166
3,253,168
3,253,168
3,253,168
3,253,168
3,253,168
3,253,168
3,253,166
3,253,166
3,253,166
3,253,166
3,253,166
3,253,166
3,253,166
3,253,166
3,253,166
3,253,166
3,253,166
3,253,166
3,253,166
3,253,166
3,253,167
3,253,168
3,253,168
3,253,168
3,255,169
3,255,172
3,255,178
3,255,185
2,255,195
2,251,200
3,246,202
3,250,202
3,252,191
3,255,180
3,255,178
3,254,175
3,252,173
3,252,172
3,252,169
3,253,167
3,253,165
3,255,164
3,253,162
3,253,162
3,253,160
3,253,160
3,253,159
3,253,159
3,253,159
3,253,158
3,252,158
3,252,157
3,252,157
3,252,154
3,252,153
3,250,150
3,250,147
3,250,141
3,249,135
3,249,129
3,249,124
3,251,119
3,253,116
3,255,114
3,255,114
3,255,115
3,255,116
3,253,118
3,252,146
3,252,146
3,252,146
3,250,147
3,250,148
3,250,148
3,250,148
2,250,148
2,250,149
2,250,152
3,250,153
3,250,154
3,250,156
3,252,158
3,252,158
3,252,159
3,252,159
3,252,160
3,252,160
3,252,161
3,253,161
3,253,162
3,253,162
3,253,162
3,253,162
3,253,163
3,253,163
3,253,164
3,253,164
3,253,165
3,253,165
3,253,165
3,253,165
3,253,165
3,253,164
3,253,164
3,253,164
3,252,164
3,252,164
3,252,164
3,252,164
3,252,164
3,252,164
3,252,163
3,253,163
3,253,163
3,253,163
3,253,163
3,253,163
3,253,163
3,253,164
3,252,164
3,252,164
3,252,164
3,253,164
3,255,164
3,255,164
3,255,164
3,255,165
3,255,165
3,255,165
3,255,165
3,255,165
3,255,165
3,255,165
3,255,165
3,255,165
3,255,165
3,255,165
3,255,165
3,253,166
3,253,166
3,253,168
3,253,168
3,253,168
3,253,168
3,253,168
3,253,168
3,253,168
3,253,168
3,253,168
3,253,168
3,253,168
3,253,168
3,253,168
3,253,168
3,253,168
3,253,168
3,253,166
3,253,166
3,253,166
3,255,165
3,255,164
3,255,164
3,255,164
3,255,164
3,253,164
3,255,164
3,255,164
3,255,164
3,255,164
3,255,164
3,255,164
3,255,165
3,255,165
3,255,165
3,253,166
3,253,166
3,253,168
3,253,168
3,253,168
3,253,168
3,253,168
3,253,168
3,253,166
3,253,166
3,253,166
3,253,166
3,253,166
3,253,166
3,253,166
3,253,166
3,253,166
3,253,166
3,253,166
3,253,166
3,253,166
3,253,168
3,253,168
3,253,168
3,253,168
3,255,168
3,255,168
3,255,170
3,255,175
3,255,183
3,255,192
2,254,200
3,250,202
3,250,203
3,250,202
3,252,188
3,252,181
3,252,179
3,252,177
3,252,174
3,251,172
3,252,169
3,253,167
3,253,165
3,253,163
3,253,162
3,253,162
3,253,160
3,253,160
3,253,159
3,253,159
3,253,159
3,252,158
3,252,158
3,252,157
3,252,155
3,252,154
3,250,150
3,250,147
3,250,142
3,249,136
3,249,130
3,249,126
3,249,121
3,251,117
3,253,115
3,253,115
3,253,115
3,253,118
3,253,119
3,253,121
3,250,146
3,250,147
3,250,148
3,250,148
3,250,148
3,250,148
3,252,148
3,252,149
3,252,151
3,252,152
3,252,153
3,252,156
3,252,156
3,252,158
3,252,159
3,252,159
3,252,159
3,252,160
3,252,161
3,253,161
3,253,161
3,253,161
3,253,162
3,253,162
3,253,162
3,253,163
3,253,164
3,253,164
3,253,164
3,255,164
3,255,165
3,255,165
3,253,165
3,253,165
3,253,164
3,253,164
3,253,164
3,253,164
3,252,164
3,252,164
3,252,164
3,252,164
3,252,164
3,252,163
3,253,163
3,253,163
3,253,163
3,253,163
3,253,163
3,253,163
3,253,164
3,253,164
3,255,164
3,255,164
3,255,164
3,255,164
3,255,164
3,255,165
3,255,165
3,255,165
3,255,165
3,255,165
3,255,166
3,255,166
3,255,165
3,255,165
3,255,165
3,255,165
3,255,165
3,255,165
3,255,165
3,255,166
3,253,167
3,253,168
3,253,168
3,253,168
3,253,168
3,253,168
3,253,168
3,253,168
3,253,168
3,253,168
3,253,168
3,253,168
3,253,168
3,253,168
3,253,168
3,253,168
3,253,167
3,253,166
3,255,166
3,255,165
3,255,165
3,255,165
3,255,165
3,253,165
3,253,165
3,253,165
3,255,164
3,255,164
3,255,164
3,255,164
3,255,164
3,255,165
3,255,165
3,255,165
3,253,166
3,253,166
3,253,168
3,253,168
3,253,168
3,253,168
3,253,168
3,253,168
3,253,166
3,253,166
3,253,166
3,253,166
3,253,166
3,253,166
3,253,166
3,253,166
3,253,166
3,253,166
3,253,166
3,253,166
3,253,167
3,253,168
3,253,168
3,253,168
3,253,168
3,255,168
3,255,169
3,255,170
3,255,173
3,255,179
3,255,188
3,255,196
2,251,202
3,250,203
3,250,203
3,252,194
3,252,186
3,252,183
3,252,179
3,251,177
3,251,174
3,251,172
3,252,169
3,253,165
3,253,164
3,253,163
3,253,162
3,253,162
3,253,161
3,253,160
3,253,159
3,253,159
3,253,159
3,253,158
3,252,157
3,252,156
3,252,154
3,250,152
3,250,149
3,250,143
3,249,137
3,249,131
3,249,127
3,249,124
3,249,120
3,249,118
3,251,116
3,253,118
3,253,118
3,253,121
3,253,122
3,250,146
3,250,147
3,250,148
3,250,148
3,250,148
3,250,148
3,250,149
3,252,149
3,252,151
3,252,152
3,252,153
3,252,154
3,252,156
3,252,158
3,252,158
3,252,159
3,252,159
3,252,159
3,253,160
3,253,161
3,253,160
3,253,160
3,253,160
3,253,161
3,253,162
3,253,163
3,253,163
3,253,163
3,255,164
3,255,164
3,255,164
3,255,164
3,255,164
3,255,164
3,255,164
3,255,165
3,253,165
3,253,165
3,253,165
3,252,165
3,252,164
3,252,164
3,252,164
3,252,164
3,252,164
3,253,163
3,253,163
3,253,163
3,253,163
3,253,163
3,253,164
3,253,164
3,253,164
3,255,164
3,255,164
3,255,164
3,255,164
3,255,165
3,255,165
3,255,165
3,255,165
3,255,165
3,255,165
3,255,166
3,255,166
3,255,166
3,255,165
3,255,165
3,255,165
3,255,165
3,255,165
3,255,165
3,255,166
3,255,167
3,255,167
3,253,168
3,253,168
3,253,168
3,253,168
3,253,168
3,253,168
3,253,168
3,253,168
3,253,168
3,253,168
3,253,168
3,253,168
3,253,168
3,253,168
3,253,167
3,253,167
3,255,166
3,255,166
3,255,166
3,255,166
3,253,166
3,253,166
3,253,166
3,253,165
3,253,165
3,255,165
3,255,164
3,255,164
3,255,165
3,255,165
3,255,165
3,255,165
3,253,166
3,253,166
3,253,166
3,253,168
3,253,168
3,253,168
3,253,168
3,253,168
3,253,166
3,253,166
3,253,166
3,253,166
3,253,166
3,253,166
3,253,166
3,253,166
3,253,166
3,253,166
3,253,166
3,253,167
3,253,168
3,253,168
3,253,168
3,253,168
3,253,168
3,255,168
3,255,169
3,255,170
3,255,170
3,255,175
3,255,183
3,255,192
3,255,202
3,251,203
3,250,204
3,252,203
3,252,188
3,252,185
3,252,182
3,251,178
3,251,176
3,251,172
3,252,170
3,252,168
3,253,165
3,253,164
3,253,163
3,253,163
3,253,162
3,253,161
3,253,160
3,253,159
3,253,159
3,253,158
3,253,157
3,252,156
3,252,155
3,250,153
3,250,149
3,250,145
3,250,140
3,251,136
3,251,130
3,249,127
3,249,124
3,249,123
3,249,119
3,251,119
3,253,121
3,253,122
3,253,124
3,253,125
3,250,147
3,250,148
3,250,148
3,250,148
3,250,149
3,252,149
3,252,149
3,252,151
3,252,152
3,252,153
3,253,153
3,253,156
3,252,156
3,252,158
3,252,158
3,252,159
3,253,159
3,253,159
3,253,160
3,253,161
3,253,160
3,253,160
3,253,160
3,253,161
3,253,162
3,253,163
3,253,163
3,255,164
3,255,164
3,255,164
3,255,164
3,255,164
3,255,164
3,255,164
3,255,165
3,253,165
3,253,165
3,253,165
3,253,165
3,253,165
3,253,165
3,253,164
3,253,164
3,255,164
3,255,164
3,255,163
3,253,163
3,253,163
3,253,163
3,253,163
3,253,164
3,253,164
3,253,164
3,255,164
3,255,164
3,255,165
3,255,165
3,255,165
3,255,165
3,255,165
3,255,165
3,255,165
3,255,166
3,255,166
3,255,166
3,255,166
3,255,165
3,255,165
3,255,165
3,255,165
3,255,165
3,255,165
3,255,165
3,255,167
3,255,167
3,253,168
3,253,168
3,253,168
3,253,168
3,253,168
3,253,168
3,253,168
3,253,168
3,253,168
3,253,168
3,253,168
3,253,168
3,253,168
3,253,168
3,253,167
3,255,167
3,255,167
3,255,167
3,255,167
3,253,166
3,253,166
3,253,166
3,253,166
3,253,166
3,253,166
3,253,165
3,255,165
3,255,165
3,255,165
3,255,165
3,255,165
3,255,165
3,253,166
3,253,166
3,253,166
3,253,166
3,253,168
3,253,168
3,253,168
3,253,166
3,253,166
3,253,166
3,253,166
3,253,166
3,253,166
3,253,166
3,253,166
3,253,166
3,253,166
3,253,166
3,253,167
3,253,167
3,253,168
3,253,168
3,253,168
3,253,168
3,253,168
3,255,168
3,255,169
3,255,169
3,255,170
3,255,173
3,255,178
3,255,188
3,255,195
3,255,202
3,251,204
3,251,203
3,251,194
3,252,187
3,252,183
3,252,179
3,251,176
3,252,174
3,252,172
3,252,169
3,253,165
3,253,165
3,253,163
3,253,163
3,253,163
3,253,162
3,253,161
3,253,160
3,253,159
3,253,158
3,253,157
3,253,157
3,252,155
3,250,154
3,250,151
3,250,148
3,250,143
3,251,137
3,249,133
3,249,129
3,249,127
3,249,125
3,249,123
3,249,123
3,251,123
3,253,124
3,253,125
3,253,126
3,250,146
3,250,148
3,250,148
3,250,148
3,250,149
3,252,149
3,253,149
3,253,150
3,252,152
3,253,153
3,253,153
3,253,155
3,253,156
3,253,157
3,255,158
3,255,158
3,255,159
3,255,159
3,255,159
3,253,160
3,253,161
3,253,161
3,253,161
3,253,161
3,253,162
3,253,163
3,253,163
3,253,163
3,255,164
3,255,164
3,255,164
3,255,164
3,255,164
3,255,164
3,255,164
3,255,165
3,253,165
3,253,166
3,253,166
3,253,166
3,253,166
3,253,165
3,253,165
3,255,164
3,255,164
3,255,164
3,255,163
3,255,163
3,253,163
3,253,163
3,253,164
3,253,164
3,253,165
3,253,165
3,253,165
3,253,165
3,255,165
3,255,165
3,255,165
3,255,165
3,255,165
3,255,165
3,255,166
3,255,167
3,255,167
3,255,167
3,255,166
3,255,165
3,255,165
3,255,165
3,255,165
3,255,165
3,255,165
3,255,165
3,255,167
3,255,167
3,253,168
3,253,168
3,253,168
3,253,168
3,253,168
3,253,168
3,255,167
3,253,168
3,253,168
3,253,168
3,253,168
3,253,168
3,253,168
3,253,168
3,253,168
3,253,167
3,253,167
3,253,167
3,253,168
3,253,168
3,253,168
3,253,168
3,253,166
3,253,166
3,253,166
3,253,166
3,253,166
3,253,166
3,255,165
3,255,165
3,255,165
3,253,166
3,253,166
3,253,166
3,253,166
3,253,166
3,253,166
3,253,168
3,253,166
3,253,166
3,253,166
3,253,166
3,253,166
3,253,166
3,253,166
3,253,166
3,253,166
3,253,166
3,253,166
3,253,167
3,253,167
3,253,168
3,253,168
3,253,168
3,253,168
3,253,168
3,255,169
3,255,169
3,255,169
3,255,169
3,255,170
3,255,170
3,255,175
3,255,183
3,255,192
3,255,199
3,254,202
3,251,200
3,251,196
3,252,188
3,252,183
3,252,179
3,252,176
3,252,175
3,252,172
3,252,170
3,253,168
3,253,165
3,253,164
3,253,163
3,253,163
3,253,162
3,253,162
3,253,160
3,253,159
3,255,158
3,255,157
3,253,157
3,253,155
3,252,154
3,250,153
3,250,149
3,250,145
3,250,140
3,249,136
3,249,133
3,249,130
3,249,127
3,249,126
3,249,126
3,251,125
3,253,125
3,253,126
3,253,127
3,253,127
3,252,147
3,250,148
3,250,148
3,250,149
3,253,149
3,253,149
3,253,149
3,253,152
3,253,152
3,253,153
3,253,154
3,255,156
3,255,156
3,255,158
3,255,158
3,255,158
3,255,159
3,255,159
3,255,159
3,253,160
3,253,161
3,253,162
3,253,162
3,253,163
3,253,163
3,253,165
3,253,164
3,255,164
3,255,164
3,255,164
3,255,164
3,255,164
3,255,164
3,255,164
3,255,165
3,255,166
3,253,166
3,253,168
3,253,168
3,253,166
3,253,166
3,253,166
3,255,165
3,255,165
3,255,164
3,255,164
3,255,164
3,255,163
3,255,163
3,253,164
3,253,164
3,253,165
3,253,165
3,253,166
3,253,166
3,253,166
3,253,166
3,253,166
3,255,166
3,255,166
3,255,166
3,255,167
3,255,167
3,255,167
3,255,167
3,255,167
3,255,167
3,255,166
3,255,165
3,255,165
3,255,165
3,255,165
3,255,165
3,255,165
3,255,167
3,255,167
3,253,168
3,253,168
3,253,168
3,253,168
3,255,167
3,255,167
3,255,167
3,255,167
3,255,167
3,253,168
3,253,168
3,253,168
3,253,168
3,253,168
3,253,168
3,253,168
3,253,168
3,253,168
3,253,168
3,253,168
3,253,168
3,253,168
3,253,168
3,253,168
3,253,168
3,253,168
3,253,168
3,253,166
3,253,166
3,253,166
3,253,166
3,253,166
3,253,166
3,253,166
3,253,166
3,253,166
3,253,166
3,253,166
3,253,166
3,253,166
3,253,166
3,253,166
3,253,166
3,253,166
3,253,166
3,253,166
3,253,166
3,253,166
3,253,167
3,253,167
3,253,168
3,253,168
3,253,168
3,253,169
3,253,169
3,253,169
3,255,169
3,255,169
3,255,169
3,255,170
3,254,170
3,254,170
3,255,171
3,255,176
3,255,184
3,255,193
3,255,197
3,252,199
3,252,195
3,252,190
3,252,183
3,252,178
3,252,176
3,252,175
3,252,172
3,254,170
3,253,169
3,253,165
3,253,165
3,253,163
3,253,163
3,253,162
3,253,162
3,253,160
3,255,159
3,255,158
3,255,157
3,255,157
3,253,155
3,252,154
3,250,153
3,250,150
3,250,148
3,250,144
3,250,140
3,249,137
3,249,134
3,249,132
3,249,130
3,249,129
3,251,127
3,253,127
3,253,127
3,255,127
3,253,127
3,252,147
3,250,147
3,250,148
3,250,148
3,250,149
3,253,149
3,253,149
3,253,151
3,253,152
3,253,153
3,253,154
3,253,156
3,255,156
3,255,157
3,255,158
3,255,158
3,255,158
3,255,159
3,255,159
3,255,159
3,255,160
3,253,162
3,253,162
3,253,164
3,252,165
3,252,166
3,253,166
3,253,165
3,255,165
3,255,164
3,255,164
3,255,164
3,255,165
3,255,165
3,255,165
3,255,166
3,253,167
3,253,168
3,253,168
3,253,168
3,253,168
3,253,166
3,253,166
3,253,166
3,255,165
3,255,165
3,255,164
3,255,164
3,255,164
3,255,164
3,255,165
3,253,165
3,253,165
3,253,166
3,253,166
3,253,166
3,253,166
3,253,166
3,253,166
3,253,166
3,253,166
3,255,167
3,255,167
3,255,167
3,255,167
3,255,167
3,255,167
3,255,167
3,255,166
3,255,165
3,255,164
3,255,164
3,255,164
3,255,165
3,255,166
3,255,167
3,255,167
3,255,167
3,253,168
3,253,168
3,253,168
3,255,167
3,255,167
3,255,167
3,255,167
3,255,167
3,255,167
3,253,168
3,253,168
3,253,168
3,253,168
3,253,168
3,253,168
3,253,168
3,253,168
3,253,168
3,253,168
3,253,169
3,253,169
3,253,169
3,253,168
3,253,168
3,253,168
3,253,168
3,253,168
3,253,168
3,253,166
3,253,166
3,253,166
3,253,166
3,253,166
3,253,166
3,253,166
3,253,166
3,253,166
3,253,166
3,253,166
3,253,166
3,253,166
3,253,166
3,253,166
3,253,166
3,253,166
3,253,166
3,253,166
3,253,167
3,253,168
3,253,168
3,253,168
3,253,169
3,253,169
3,253,169
3,253,169
3,255,169
3,255,169
3,255,169
3,254,170
3,254,170
3,254,170
3,254,170
3,255,170
3,255,178
3,255,185
3,255,193
3,255,195
3,254,195
3,254,192
3,252,187
3,252,178
3,252,176
3,254,175
3,254,172
3,254,170
3,253,169
3,253,166
3,253,165
3,253,164
3,253,163
3,253,162
3,253,162
3,253,160
3,253,159
3,255,158
3,255,158
3,255,157
3,253,156
3,253,154
3,252,154
3,250,153
3,250,149
3,250,147
3,250,144
3,250,140
3,249,138
3,249,136
3,249,134
3,249,132
3,251,130
3,253,129
3,255,128
3,255,127
3,255,128
3,253,128
3,252,147
3,252,147
3,250,148
3,250,148
3,253,149
3,253,149
3,253,149
3,253,152
3,253,153
3,253,154
3,253,154
3,253,156
3,255,157
3,255,158
3,255,158
3,255,158
3,255,158
3,255,159
3,255,159
3,255,159
3,255,160
3,253,162
3,253,163
3,253,164
3,252,165
3,252,166
3,252,166
3,253,165
3,255,165
3,255,165
3,255,165
3,255,165
3,255,165
3,255,165
3,255,166
3,255,167
3,253,167
3,253,168
3,253,168
3,253,168
3,253,168
3,253,166
3,253,166
3,253,166
3,255,165
3,255,165
3,255,165
3,255,165
3,255,165
3,255,165
3,255,165
3,253,165
3,253,166
3,253,166
3,253,166
3,253,166
3,253,166
3,253,166
3,253,166
3,253,166
3,253,167
3,255,167
3,255,167
3,255,167
3,255,167
3,255,167
3,255,167
3,255,166
3,255,165
3,255,165
3,255,164
3,255,164
3,255,164
3,255,164
3,255,165
3,255,166
3,255,167
3,253,167
3,253,168
3,253,167
3,253,167
3,253,167
3,255,167
3,255,167
3,255,167
3,255,167
3,255,167
3,255,167
3,253,168
3,253,168
3,253,168
3,253,168
3,253,168
3,253,168
3,253,168
3,253,169
3,253,169
3,253,169
3,253,169
3,253,169
3,253,169
3,253,169
3,253,168
3,253,168
3,253,168
3,253,168
3,253,168
3,253,166
3,253,166
3,253,166
3,253,166
3,253,166
3,253,166
3,253,166
3,253,166
3,253,166
3,253,166
3,253,166
3,253,166
3,253,166
3,253,166
3,253,166
3,253,166
3,253,167
3,253,168
3,253,168
3,253,168
3,253,168
3,253,169
3,253,169
3,253,169
3,253,169
3,253,169
3,255,169
3,255,169
3,255,169
3,253,169
3,253,169
3,254,170
3,254,170
3,254,170
3,255,174
3,255,179
3,255,185
3,255,192
3,255,193
3,251,192
3,251,190
3,251,178
3,252,176
3,254,174
3,254,171
3,253,169
3,253,168
3,253,166
3,253,165
3,253,164
3,253,163
3,253,162
3,253,162
3,253,160
3,255,159
3,255,159
3,255,158
3,255,157
3,255,156
3,253,155
3,253,154
3,250,153
3,250,150
3,250,148
3,250,147
3,250,143
3,250,140
3,249,138
3,249,137
3,249,134
3,251,133
3,253,131
3,255,130
3,255,129
3,255,129
3,253,129
3,252,146
3,252,147
3,252,147
3,252,148
3,252,148
3,253,149
3,253,149
3,253,152
3,253,152
3,253,154
3,253,154
3,253,156
3,253,157
3,255,157
3,255,158
3,255,158
3,255,158
3,255,159
3,255,159
3,255,159
3,255,159
3,255,159
3,255,160
3,253,163
3,252,164
3,252,165
3,252,166
3,252,166
3,253,164
3,253,164
3,255,164
3,255,165
3,255,165
3,255,165
3,255,165
3,255,166
3,255,166
3,253,167
3,253,167
3,253,168
3,253,168
3,253,168
3,253,166
3,253,166
3,253,166
3,253,166
3,255,165
3,255,165
3,255,165
3,255,165
3,255,165
3,253,165
3,253,166
3,253,166
3,253,166
3,253,166
3,253,166
3,253,166
3,253,166
3,253,166
3,253,166
3,253,167
3,255,167
3,255,167
3,255,167
3,255,167
3,255,167
3,255,166
3,255,166
3,255,165
3,255,165
3,255,164
3,255,164
3,255,164
3,255,165
3,255,165
3,255,166
3,253,166
3,253,167
3,253,167
3,253,167
3,253,167
3,255,167
3,255,167
3,255,167
3,255,167
3,255,167
3,255,167
3,255,167
3,253,168
3,253,168
3,253,168
3,253,168
3,253,168
3,253,168
3,253,168
3,253,169
3,253,169
3,253,169
3,253,169
3,253,169
3,253,169
3,253,169
3,253,169
3,253,168
3,253,168
3,253,168
3,253,168
3,253,168
3,253,168
3,253,166
3,253,166
3,253,166
3,253,166
3,253,166
3,253,166
3,253,166
3,253,166
3,253,166
3,253,166
3,253,166
3,253,166
3,253,166
3,253,167
3,253,168
3,253,168
3,253,168
3,253,168
3,253,169
3,253,169
3,253,169
3,253,169
3,253,169
3,253,169
3,255,169
3,255,169
3,253,169
3,253,169
3,252,169
3,253,169
3,254,170
3,254,170
3,254,170
3,255,176
3,255,179
3,255,185
3,255,190
3,254,190
3,251,189
3,251,182
3,252,176
3,254,173
3,254,171
3,253,169
3,253,168
3,253,166
3,253,165
3,253,164
3,253,163
3,253,162
3,253,160
3,253,160
3,253,159
3,255,159
3,255,158
3,255,158
3,255,157
3,253,155
3,253,154
3,252,153
3,250,152
3,250,150
3,250,148
3,250,147
3,248,143
3,250,140
3,249,138
3,249,137
3,249,136
3,249,133
3,253,132
3,255,131
3,253,130
3,251,130
3,251,130
3,252,146
3,252,147
3,252,147
3,252,148
3,253,149
3,253,149
3,253,149
3,253,152
3,253,153
3,253,154
3,253,154
3,253,156
3,253,157
3,255,158
3,255,158
3,255,158
3,255,158
3,255,159
3,255,159
3,255,159
3,255,159
3,255,159
3,255,160
3,253,161
3,253,162
3,252,163
3,252,163
3,253,163
3,253,163
3,253,164
3,255,164
3,255,165
3,255,165
3,255,165
3,255,166
3,255,166
3,255,166
3,253,166
3,253,166
3,253,166
3,253,166
3,253,166
3,253,166
3,253,166
3,253,166
3,253,166
3,253,166
3,255,165
3,255,165
3,255,165
3,255,165
3,253,166
3,253,166
3,253,166
3,253,166
3,253,166
3,253,166
3,253,166
3,253,166
3,253,166
3,253,167
3,253,167
3,255,167
3,255,167
3,255,167
3,255,167
3,255,167
3,255,167
3,255,166
3,255,165
3,255,165
3,255,164
3,255,164
3,255,165
3,255,165
3,255,165
3,255,165
3,255,166
3,253,166
3,253,166
3,255,166
3,255,166
3,255,166
3,255,166
3,255,166
3,255,167
3,255,167
3,255,167
3,255,167
3,253,168
3,253,168
3,253,168
3,253,168
3,253,168
3,253,168
3,253,169
3,253,169
3,253,169
3,253,169
3,253,169
3,253,169
3,253,169
3,253,169
3,253,169
3,253,169
3,253,169
3,253,168
3,253,168
3,253,168
3,253,168
3,253,168
3,253,168
3,253,168
3,253,168
3,253,166
3,253,166
3,253,166
3,253,166
3,253,168
3,253,168
3,253,168
3,253,168
3,253,168
3,253,168
3,253,168
3,253,168
3,253,169
3,253,169
3,253,169
3,253,169
3,253,169
3,254,170
3,254,170
3,254,170
3,253,169
3,253,169
3,253,169
3,253,169
3,253,169
3,253,169
3,253,169
3,253,169
3,254,170
3,255,173
3,255,176
3,255,179
3,255,184
3,255,187
3,252,184
3,251,179
3,252,176
3,254,171
3,254,170
3,253,168
3,253,168
3,253,166
3,253,164
3,253,164
3,253,163
3,253,161
3,253,160
3,253,160
3,253,160
3,253,159
3,255,159
3,255,158
3,255,157
3,255,156
3,255,155
3,253,154
3,252,153
3,252,150
3,250,149
3,250,148
3,250,145
3,250,143
3,249,139
3,249,138
3,249,136
3,249,135
3,249,134
3,251,132
3,251,132
3,251,132
3,251,132
3,252,146
3,252,147
3,252,148
3,252,148
3,253,149
3,253,149
3,253,152
3,253,152
3,253,153
3,253,154
3,253,156
3,253,157
3,253,157
3,253,158
3,255,158
3,255,158
3,255,158
3,255,159
3,255,159
3,253,159
3,255,159
3,255,159
3,255,159
3,253,160
3,253,161
3,252,161
3,252,162
3,253,163
3,253,163
3,253,163
3,253,164
3,255,164
3,255,165
3,255,165
3,255,165
3,255,166
3,255,166
3,253,166
3,253,166
3,253,166
3,253,166
3,253,166
3,253,166
3,253,166
3,253,166
3,253,166
3,253,166
3,255,165
3,255,165
3,255,165
3,253,166
3,253,166
3,253,166
3,253,166
3,253,166
3,253,166
3,253,166
3,253,166
3,253,166
3,253,167
3,253,167
3,253,167
3,255,167
3,255,167
3,255,167
3,255,167
3,255,167
3,255,167
3,255,166
3,255,166
3,255,165
3,255,165
3,255,165
3,255,165
3,255,165
3,255,165
3,255,165
3,255,165
3,255,165
3,255,165
3,255,165
3,255,165
3,255,165
3,255,165
3,255,165
3,255,166
3,255,167
3,255,167
3,255,168
3,253,168
3,253,168
3,253,168
3,253,168
3,253,168
3,253,168
3,253,168
3,253,169
3,253,169
3,253,169
3,254,170
3,252,170
3,254,170
3,253,169
3,253,169
3,253,169
3,253,169
3,253,168
3,253,168
3,253,168
3,253,168
3,253,168
3,253,168
3,253,168
3,253,168
3,253,168
3,255,166
3,255,166
3,253,168
3,253,168
3,253,168
3,253,168
3,253,168
3,253,168
3,253,168
3,253,168
3,253,169
3,253,169
3,253,169
3,253,169
3,253,169
3,254,170
3,254,170
3,254,170
3,254,170
3,254,170
3,253,169
3,253,169
3,253,169
3,253,169
3,253,169
3,253,169
3,253,169
3,253,169
3,255,170
3,255,174
3,255,176
3,255,179
3,255,181
3,254,179
3,252,176
3,252,173
3,254,171
3,253,169
3,253,168
3,253,166
3,253,166
3,253,165
3,253,164
3,253,163
3,253,161
3,253,160
3,253,160
3,253,160
3,253,160
3,253,159
3,255,158
3,255,158
3,255,157
3,253,156
3,253,155
3,253,153
3,252,153
3,252,150
3,250,149
3,248,147
3,248,145
3,248,142
3,249,138
3,249,137
3,249,136
3,249,134
3,251,133
3,251,132
3,251,132
3,251,132
3,252,146
3,252,147
3,252,147
3,252,148
3,252,149
3,253,149
3,253,152
3,255,152
3,255,153
3,255,153
3,253,154
3,253,156
3,252,157
3,252,158
3,252,158
3,255,158
3,255,158
3,255,158
3,255,159
3,255,159
3,255,159
3,255,159
3,255,159
3,255,159
3,255,160
3,253,161
3,253,161
3,253,161
3,253,162
3,253,163
3,253,163
3,253,163
3,255,164
3,255,165
3,255,165
3,255,165
3,255,165
3,255,166
3,255,166
3,253,166
3,253,166
3,253,166
3,253,166
3,253,166
3,255,165
3,255,165
3,255,165
3,255,165
3,255,165
3,255,165
3,253,166
3,253,166
3,253,166
3,253,166
3,253,166
3,253,166
3,253,166
3,253,166
3,253,166
3,253,166
3,253,167
3,255,167
3,255,167
3,255,167
3,255,167
3,255,167
3,255,167
3,255,167
3,255,167
3,255,167
3,255,166
3,255,166
3,253,165
3,253,165
3,253,165
3,253,165
3,253,165
3,253,165
3,253,165
3,253,165
3,255,165
3,255,165
3,255,165
3,255,164
3,255,164
3,255,165
3,255,165
3,255,166
3,255,168
3,253,168
3,253,168
3,253,168
3,253,168
3,253,168
3,253,168
3,253,168
3,253,168
3,253,169
3,253,169
3,252,170
3,252,170
3,252,170
3,252,170
3,254,170
3,253,169
3,253,169
3,253,169
3,253,169
3,253,169
3,253,168
3,253,168
3,253,168
3,253,168
3,253,168
3,253,168
3,255,168
3,255,168
3,255,168
3,255,168
3,253,168
3,253,168
3,253,168
3,253,168
3,253,168
3,253,168
3,253,169
3,253,169
3,253,169
3,253,169
3,253,169
3,253,169
3,254,170
3,254,170
3,254,170
3,254,171
3,254,170
3,254,170
3,253,169
3,253,169
3,253,169
3,253,169
3,253,169
3,253,169
3,253,169
3,254,170
3,255,170
3,255,173
3,255,176
3,255,176
3,255,176
3,254,172
3,254,171
3,253,169
3,253,168
3,253,168
3,253,166
3,253,166
3,253,165
3,253,164
3,253,163
3,253,161
3,253,160
3,253,160
3,253,160
3,253,160
3,253,159
3,253,159
3,255,158
3,255,158
3,253,157
3,253,155
3,253,154
3,252,153
3,252,150
3,252,149
3,250,148
3,250,145
3,248,142
3,249,138
3,249,137
3,249,136
3,249,135
3,249,134
3,251,132
3,251,132
3,251,132
3,251,132
3,252,147
3,252,148
3,252,148
3,252,149
3,252,149
3,253,151
3,253,152
3,253,153
3,253,153
3,253,154
3,253,156
3,253,156
3,252,157
3,252,158
3,252,158
3,253,158
3,253,158
3,255,158
3,253,159
3,253,159
3,253,159
3,255,159
3,255,159
3,255,159
3,255,160
3,253,160
3,253,161
3,253,161
3,253,161
3,253,162
3,253,163
3,253,163
3,253,164
3,255,165
3,255,165
3,255,165
3,255,165
3,255,166
3,255,166
3,253,166
3,253,166
3,253,166
3,253,166
3,255,165
3,255,165
3,255,165
3,255,165
3,255,165
3,255,165
3,255,165
3,253,166
3,253,166
3,253,166
3,253,166
3,253,166
3,253,166
3,253,166
3,253,166
3,253,166
3,253,167
3,253,167
3,253,167
3,253,167
3,253,168
3,253,168
3,253,167
3,253,167
3,253,167
3,253,167
3,253,167
3,253,167
3,253,167
3,253,166
3,253,165
3,253,165
3,253,165
3,253,166
3,253,166
3,253,165
3,253,165
3,255,165
3,255,165
3,255,164
3,255,164
3,255,164
3,255,165
3,255,165
3,255,167
3,253,168
3,253,169
3,253,168
3,253,168
3,253,168
3,253,168
3,253,168
3,253,168
3,253,169
3,253,169
3,252,169
3,252,170
3,252,170
3,252,170
3,252,170
3,253,169
3,253,169
3,253,169
3,253,169
3,253,169
3,253,169
3,253,169
3,253,168
3,253,168
3,253,168
3,253,168
3,253,168
3,255,168
3,255,166
3,255,166
3,255,168
3,253,168
3,253,168
3,253,168
3,253,168
3,253,168
3,253,168
3,253,169
3,253,169
3,253,169
3,253,169
3,253,169
3,253,169
3,254,170
3,254,170
3,254,170
3,254,171
3,254,170
3,255,170
3,255,170
3,253,169
3,253,169
3,253,169
3,253,169
3,253,169
3,253,169
3,253,169
3,255,169
3,255,170
3,255,172
3,255,172
3,255,172
3,255,171
3,254,170
3,253,169
3,253,168
3,253,168
3,253,168
3,253,166
3,253,165
3,253,164
3,253,163
3,253,162
3,253,161
3,253,161
3,253,161
3,253,160
3,253,160
3,253,159
3,253,159
3,253,158
3,253,158
3,253,157
3,253,155
3,252,153
3,252,152
3,252,149
3,250,149
3,250,145
3,248,142
3,249,138
3,249,136
3,248,136
3,247,134
3,249,134
3,251,132
3,251,132
3,251,131
3,251,131
3,252,147
3,252,148
3,252,149
3,252,149
3,252,149
3,252,151
3,253,152
3,253,153
3,253,153
3,253,154
3,253,155
3,253,156
3,253,156
3,252,157
3,252,158
3,252,158
3,253,158
3,253,158
3,255,158
3,255,158
3,253,159
3,253,159
3,255,159
3,255,159
3,255,160
3,253,160
3,253,161
3,253,161
3,253,161
3,253,162
3,253,163
3,253,163
3,253,163
3,253,164
3,255,164
3,255,165
3,255,165
3,255,165
3,255,166
3,255,166
3,253,166
3,253,166
3,253,166
3,255,165
3,255,165
3,255,165
3,255,165
3,255,165
3,255,165
3,255,165
3,255,165
3,255,165
3,253,166
3,253,166
3,253,166
3,253,166
3,253,166
3,253,166
3,253,166
3,253,166
3,255,167
3,255,167
3,255,167
3,255,167
3,253,168
3,253,168
3,253,168
3,253,168
3,253,168
3,253,168
3,253,167
3,253,167
3,255,167
3,255,167
3,255,167
3,255,166
3,255,166
3,253,166
3,253,166
3,253,166
3,255,166
3,255,165
3,255,165
3,255,164
3,255,164
3,255,164
3,255,165
3,255,166
3,253,168
3,253,169
3,253,169
3,253,169
3,253,169
3,253,168
3,253,168
3,253,168
3,253,168
3,253,168
3,253,169
3,253,169
3,252,170
3,252,170
3,252,170
3,252,170
3,254,170
3,253,169
3,253,169
3,253,169
3,253,169
3,253,169
3,253,169
3,253,168
3,253,168
3,253,168
3,253,168
3,253,168
3,255,166
3,255,166
3,255,166
3,255,166
3,253,168
3,253,168
3,253,168
3,253,168
3,253,168
3,253,168
3,253,169
3,253,169
3,253,169
3,253,169
3,253,169
3,253,169
3,254,170
3,254,170
3,254,170
3,254,170
3,255,170
3,255,170
3,255,170
3,254,170
3,253,169
3,253,169
3,253,169
3,253,169
3,253,168
3,253,168
3,255,168
3,255,168
3,255,169
3,255,169
3,255,169
3,255,169
3,253,169
3,253,169
3,253,168
3,253,168
3,253,168
3,253,166
3,253,166
3,253,165
3,252,164
3,253,163
3,253,162
3,253,161
3,253,161
3,253,160
3,253,160
3,253,160
3,253,159
3,253,158
3,253,158
3,253,157
3,253,155
3,252,153
3,252,152
3,252,149
3,250,149
3,250,144
3,250,141
3,249,137
3,249,136
3,247,135
3,247,134
3,249,133
3,251,132
3,251,131
3,251,131
3,251,131
3,251,130
2,250,148
2,250,148
2,250,149
3,252,149
3,252,151
3,252,152
3,252,152
3,252,153
3,253,154
3,253,155
3,253,156
3,253,156
3,252,157
3,252,157
3,252,158
3,253,158
3,253,158
3,253,158
3,255,158
3,253,159
3,253,159
3,253,159
3,255,159
3,255,159
3,255,160
3,253,160
3,253,161
3,253,161
3,253,161
3,253,162
3,253,162
3,253,163
3,253,163
3,255,163
3,255,164
3,255,165
3,255,165
3,255,165
3,255,165
3,255,166
3,253,166
3,253,166
3,253,166
3,255,165
3,255,165
3,255,165
3,255,165
3,255,165
3,255,165
3,255,165
3,255,165
3,255,165
3,253,166
3,253,166
3,253,166
3,253,166
3,253,166
3,253,166
3,255,166
3,255,166
3,255,167
3,255,167
3,255,167
3,255,167
3,253,168
3,253,168
3,253,168
3,253,168
3,253,168
3,253,168
3,253,168
3,253,168
3,253,167
3,255,167
3,255,167
3,255,167
3,253,167
3,253,166
3,253,166
3,253,166
3,253,166
3,255,166
3,255,166
3,255,165
3,255,165
3,255,165
3,255,166
3,253,166
3,253,168
3,253,169
3,253,169
3,253,169
3,253,169
3,253,168
3,253,168
3,253,168
3,253,168
3,253,168
3,253,169
3,253,169
3,253,169
3,253,169
3,254,170
3,254,170
3,254,170
3,254,170
3,254,170
3,253,169
3,253,169
3,253,169
3,253,169
3,253,169
3,253,168
3,253,168
3,253,168
3,253,168
3,255,166
3,255,166
3,255,166
3,255,166
3,253,168
3,253,168
3,253,168
3,253,168
3,253,168
3,253,168
3,253,169
3,253,169
3,253,169
3,253,169
3,253,169
3,253,169
3,254,170
3,254,170
3,254,170
3,254,170
3,255,170
3,255,171
3,255,171
3,255,170
3,254,170
3,253,169
3,253,169
3,253,168
3,253,168
3,253,167
3,253,167
3,255,167
3,255,167
3,255,168
3,255,169
3,255,169
3,253,169
3,253,169
3,253,168
3,253,168
3,253,168
3,253,167
3,253,166
3,253,165
3,252,165
3,252,164
3,252,163
3,253,162
3,253,161
3,253,161
3,253,160
3,253,160
3,253,159
3,253,159
3,253,158
3,253,158
3,253,157
3,252,154
3,252,153
3,250,150
3,250,149
3,250,144
3,250,141
3,249,137
3,249,136
3,249,135
3,249,133
3,249,132
3,251,131
3,251,131
3,251,130
3,253,129
3,253,129
2,250,148
2,250,149
2,250,149
3,252,151
3,252,152
3,252,152
3,252,153
3,252,154
3,253,155
3,253,156
3,253,156
3,253,157
3,252,157
3,252,157
3,253,158
3,253,158
3,255,158
3,255,158
3,255,158
3,255,158
3,255,159
3,255,159
3,255,159
3,255,159
3,255,160
3,253,160
3,253,161
3,253,161
3,253,161
3,253,162
3,253,162
3,253,163
3,253,163
3,253,163
3,255,163
3,255,164
3,255,165
3,255,165
3,255,165
3,255,166
3,253,166
3,253,166
3,253,166
3,253,166
3,255,165
3,255,165
3,255,165
3,255,165
3,255,165
3,255,165
3,255,165
3,255,165
3,253,166
3,253,166
3,253,166
3,253,166
3,253,166
3,253,165
3,253,166
3,255,166
3,255,167
3,255,167
3,255,167
3,255,167
3,253,168
3,253,168
3,253,169
3,253,168
3,253,168
3,253,168
3,253,168
3,253,168
3,253,168
3,253,168
3,253,167
3,253,167
3,253,167
3,253,167
3,253,167
3,253,167
3,253,167
3,255,167
3,255,167
3,255,167
3,255,166
3,255,166
3,253,166
3,253,167
3,253,169
3,253,169
3,253,169
3,253,169
3,253,169
3,253,168
3,253,168
3,253,168
3,253,168
3,253,168
3,253,168
3,253,168
3,253,168
3,253,168
3,253,169
3,253,169
3,253,169
3,254,170
3,252,170
3,252,170
3,252,170
3,252,170
3,253,169
3,253,169
3,253,168
3,253,168
3,253,168
3,255,168
3,255,167
3,255,166
3,255,166
3,255,168
3,253,168
3,253,168
3,253,168
3,253,168
3,253,168
3,253,168
3,253,169
3,253,169
3,253,169
3,253,169
3,253,169
3,253,169
3,253,169
3,254,170
3,254,170
3,254,170
3,255,170
3,255,171
3,255,171
3,255,170
3,254,170
3,253,169
3,253,168
3,253,168
3,253,168
3,253,167
3,253,167
3,253,167
3,255,167
3,255,168
3,255,168
3,253,169
3,253,169
3,253,169
3,253,168
3,253,168
3,253,168
3,253,168
3,253,166
3,253,165
3,253,165
3,252,164
3,252,163
3,253,163
3,253,161
3,253,161
3,253,160
3,253,160
3,253,159
3,253,159
3,253,159
3,253,158
3,253,157
3,252,155
3,252,153
3,250,151
3,250,149
3,250,144
3,250,141
3,249,137
3,249,136
3,249,135
3,249,133
3,251,131
3,251,131
3,251,130
3,253,129
3,253,128
3,253,128
3,252,148
3,252,148
3,252,149
3,252,151
3,252,151
3,252,152
3,252,153
3,252,154
3,253,155
3,253,156
3,253,156
3,253,157
3,252,157
3,252,157
3,252,157
3,253,158
3,255,158
3,255,158
3,255,158
3,255,158
3,255,158
3,255,159
3,255,159
3,255,159
3,255,159
3,253,160
3,253,160
3,253,161
3,253,161
3,253,162
3,253,162
3,253,163
3,253,163
3,253,163
3,253,163
3,255,163
3,255,164
3,255,165
3,255,165
3,255,165
3,255,165
3,253,166
3,253,166
3,253,166
3,253,166
3,253,166
3,255,165
3,255,165
3,255,165
3,255,165
3,255,165
3,255,165
3,255,165
3,253,166
3,253,166
3,253,166
3,253,166
3,253,166
3,253,165
3,253,166
3,253,166
3,255,166
3,255,167
3,255,167
3,253,167
3,253,168
3,253,169
3,253,169
3,253,169
3,253,169
3,253,168
3,253,168
3,253,168
3,253,168
3,253,168
3,255,167
3,255,167
3,255,167
3,255,167
3,253,167
3,253,167
3,255,167
3,255,167
3,255,167
3,255,167
3,255,167
3,255,167
3,253,167
3,253,168
3,253,169
3,253,169
3,253,169
3,253,169
3,253,169
3,253,168
3,253,168
3,253,168
3,253,168
3,253,168
3,253,168
3,253,168
3,253,168
3,253,168
3,253,169
3,253,169
3,253,169
3,253,169
3,252,170
3,252,170
3,252,170
3,252,170
3,253,169
3,253,169
3,253,168
3,253,168
3,255,168
3,255,168
3,255,167
3,255,167
3,255,168
3,255,168
3,253,168
3,253,168
3,253,168
3,253,168
3,253,168
3,253,168
3,253,169
3,253,169
3,253,169
3,253,169
3,253,169
3,253,169
3,253,169
3,253,169
3,254,170
3,254,170
3,255,170
3,255,171
3,255,171
3,255,171
3,254,170
3,254,170
3,253,168
3,253,168
3,253,168
3,253,168
3,253,167
3,253,167
3,253,167
3,253,168
3,253,168
3,253,169
3,253,169
3,253,169
3,253,168
3,253,168
3,253,168
3,253,168
3,253,168
3,253,166
3,253,165
3,252,164
3,252,164
3,253,163
3,253,162
3,253,161
3,253,160
3,253,160
3,253,160
3,253,159
3,253,159
3,253,158
3,253,158
3,252,157
3,250,154
3,250,151
3,250,149
3,250,145
3,250,142
3,249,138
3,249,137
3,249,135
3,249,132
3,251,131
3,251,130
3,253,129
3,253,128
3,253,128
3,253,128
3,253,128
3,252,148
3,252,148
3,252,149
3,253,151
3,253,151
3,253,153
3,253,153
3,253,155
3,253,155
3,253,156
3,253,157
3,253,157
3,252,157
3,252,157
3,253,157
3,255,157
3,255,157
3,255,157
3,255,158
3,255,158
3,255,158
3,255,159
3,255,159
3,255,159
3,255,160
3,253,160
3,253,161
3,253,161
3,253,162
3,253,162
3,253,162
3,253,163
3,253,163
3,253,163
3,253,163
3,253,163
3,255,163
3,255,164
3,255,164
3,255,165
3,255,165
3,253,166
3,253,166
3,253,166
3,253,166
3,253,166
3,253,165
3,255,165
3,255,165
3,255,165
3,255,165
3,255,165
3,253,166
3,253,166
3,253,166
3,253,166
3,253,166
3,253,166
3,253,165
3,253,165
3,253,165
3,253,166
3,255,166
3,253,167
3,253,167
3,253,169
3,253,169
3,253,169
3,253,169
3,253,169
3,253,169
3,253,168
3,253,168
3,253,168
3,253,168
3,255,167
3,255,167
3,255,167
3,255,167
3,255,167
3,255,167
3,255,167
3,255,167
3,255,167
3,255,167
3,255,167
3,253,167
3,253,167
3,253,168
3,253,168
3,253,169
3,253,169
3,253,169
3,253,168
3,253,168
3,253,168
3,253,168
3,253,168
3,253,168
3,253,168
3,253,168
3,253,168
3,253,168
3,253,168
3,253,169
3,253,169
3,253,169
3,254,170
3,252,170
3,252,170
3,252,170
3,253,169
3,253,168
3,253,168
3,255,168
3,255,168
3,255,168
3,255,168
3,255,168
3,255,168
3,255,168
3,253,168
3,253,168
3,253,168
3,253,168
3,253,168
3,253,168
3,253,169
3,253,169
3,253,169
3,253,169
3,253,169
3,253,169
3,253,169
3,253,169
3,253,169
3,254,170
3,255,170
3,255,171
3,255,171
3,255,171
3,255,170
3,254,170
3,253,169
3,253,168
3,253,168
3,253,168
3,253,168
3,253,168
3,253,168
3,253,168
3,250,168
3,252,169
3,253,169
3,253,169
3,253,168
3,253,168
3,253,168
3,253,168
3,253,167
3,253,166
3,253,165
3,252,165
3,252,164
3,252,164
3,252,163
3,253,163
3,253,161
3,253,160
3,253,160
3,253,159
3,253,159
3,253,159
3,253,158
3,252,157
3,250,154
3,250,153
3,250,151
3,250,148
3,250,143
3,249,139
3,249,137
3,249,135
3,249,132
3,251,131
3,251,130
3,253,129
3,253,128
3,255,128
3,255,128
3,253,128
3,252,148
3,253,148
3,253,149
3,253,151
3,253,152
3,253,153
3,253,154
3,253,155
3,253,156
3,253,157
3,253,157
3,253,157
3,252,157
3,253,157
3,255,157
3,255,157
3,255,157
3,255,157
3,255,158
3,255,158
3,255,158
3,255,159
3,255,159
3,255,159
3,255,160
3,253,161
3,253,161
3,253,162
3,253,162
3,253,162
3,253,163
3,253,163
3,253,163
3,253,163
3,253,163
3,253,163
3,255,163
3,255,164
3,255,164
3,255,164
3,255,165
3,255,165
3,253,166
3,253,166
3,253,166
3,253,166
3,253,166
3,253,166
3,253,166
3,255,165
3,255,165
3,253,166
3,253,166
3,253,166
3,253,166
3,253,166
3,253,166
3,253,166
3,253,165
3,253,165
3,253,164
3,253,164
3,253,166
3,253,166
3,253,167
3,253,168
3,253,169
3,253,169
3,253,169
3,253,169
3,253,169
3,253,169
3,253,168
3,253,168
3,253,168
3,255,167
3,255,167
3,255,167
3,255,167
3,255,167
3,255,167
3,255,167
3,255,167
3,255,167
3,255,167
3,253,166
3,253,166
3,253,166
3,253,168
3,253,168
3,253,168
3,253,168
3,253,168
3,253,168
3,253,168
3,253,168
3,253,168
3,253,168
3,253,168
3,253,168
3,253,168
3,253,168
3,253,168
3,253,169
3,253,169
3,253,169
3,253,169
3,253,169
3,253,169
3,253,169
3,253,169
3,253,169
3,255,168
3,255,168
3,255,168
3,255,168
3,255,168
3,255,168
3,255,168
3,255,168
3,255,168
3,253,168
3,253,168
3,253,168
3,253,168
3,253,168
3,253,169
3,253,169
3,253,169
3,253,169
3,253,169
3,253,169
3,253,169
3,253,169
3,253,169
3,253,169
3,253,169
3,255,170
3,255,170
3,255,170
3,255,170
3,255,170
3,254,170
3,253,169
3,253,169
3,253,168
3,253,168
3,253,168
3,253,168
3,253,168
3,250,169
3,250,169
3,250,169
3,252,169
3,253,169
3,253,169
3,253,168
3,253,168
3,253,168
3,253,167
3,253,167
3,253,165
3,253,165
3,252,164
3,252,164
3,252,164
3,252,163
3,253,162
3,253,160
3,253,160
3,253,160
3,253,159
3,253,159
3,253,158
3,252,157
3,252,155
3,250,153
3,250,151
3,250,148
3,250,144
3,250,140
3,249,137
3,249,135
3,251,132
3,251,132
3,251,131
3,251,130
3,253,129
3,253,128
3,255,128
3,253,128
3,252,146
3,253,147
3,253,148
3,253,148
3,253,151
3,253,152
3,253,153
3,253,154
3,253,155
3,253,156
3,253,157
3,253,157
3,253,157
3,253,157
3,253,157
3,255,157
3,255,157
3,255,157
3,255,157
3,255,158
3,255,158
3,255,158
3,255,159
3,255,159
3,255,160
3,255,161
3,253,161
3,253,162
3,253,162
3,253,163
3,253,163
3,253,163
3,253,163
3,253,163
3,253,163
3,253,163
3,253,163
3,253,163
3,255,163
3,255,164
3,255,164
3,255,164
3,255,164
3,255,164
3,253,166
3,253,166
3,253,166
3,253,166
3,253,166
3,253,166
3,253,166
3,253,166
3,253,166
3,253,166
3,253,166
3,253,166
3,253,167
3,253,166
3,253,166
3,253,165
3,253,164
3,253,164
3,253,164
3,253,166
3,253,166
3,253,167
3,253,168
3,253,168
3,253,169
3,253,169
3,253,169
3,253,169
3,253,169
3,253,168
3,253,168
3,253,168
3,255,167
3,255,167
3,255,167
3,255,167
3,255,167
3,255,167
3,255,167
3,255,167
3,255,167
3,253,167
3,253,166
3,252,166
3,253,166
3,253,166
3,253,167
3,253,168
3,253,168
3,253,168
3,253,168
3,253,168
3,253,168
3,253,168
3,253,168
3,253,168
3,253,168
3,253,168
3,253,168
3,253,168
3,253,169
3,253,169
3,253,169
3,253,169
3,253,169
3,253,169
3,253,169
3,253,169
3,253,168
3,255,168
3,255,168
3,255,168
3,255,168
3,255,168
3,255,168
3,255,169
3,255,168
3,255,168
3,253,168
3,253,168
3,253,168
3,253,168
3,253,168
3,253,169
3,253,169
3,253,169
3,253,169
3,253,169
3,253,169
3,253,169
3,253,169
3,253,169
3,253,169
3,253,169
3,255,169
3,255,170
3,255,170
3,255,170
3,255,170
3,255,170
3,254,170
3,254,170
3,253,169
3,253,169
3,253,169
3,253,168
3,253,168
3,250,169
3,250,169
3,250,169
3,252,169
3,253,169
3,253,169
3,253,168
3,253,168
3,253,168
3,255,167
3,255,167
3,253,166
3,253,165
3,253,165
3,253,164
3,253,164
3,253,164
3,253,163
3,253,161
3,253,160
3,253,160
3,253,160
3,253,159
3,253,159
3,253,158
3,252,155
3,252,153
3,250,151
3,250,150
3,250,147
3,250,143
3,249,138
3,249,136
3,251,133
3,251,132
3,251,131
3,251,131
3,251,130
3,253,130
3,253,129
3,253,129
3,253,129
3,253,146
3,253,146
3,253,147
3,253,148
3,253,151
3,253,152
3,253,153
3,253,154
3,253,155
3,253,156
3,253,157
3,253,157
3,253,157
3,253,157
3,255,157
3,255,157
3,255,157
3,255,157
3,255,158
3,255,158
3,255,158
3,255,159
3,255,159
3,255,160
3,255,160
3,255,161
3,253,162
3,253,163
3,253,163
3,253,163
3,253,163
3,253,163
3,253,163
3,253,163
3,253,163
3,253,163
3,253,163
3,253,163
3,255,163
3,255,164
3,255,164
3,255,164
3,255,164
3,255,164
3,255,165
3,253,165
3,253,166
3,253,166
3,253,166
3,253,166
3,253,166
3,253,166
3,253,166
3,253,166
3,253,166
3,253,167
3,253,167
3,253,166
3,253,166
3,253,164
3,253,164
3,253,164
3,253,164
3,253,164
3,253,166
3,253,167
3,253,168
3,253,168
3,253,168
3,253,169
3,253,169
3,253,169
3,253,168
3,253,168
3,253,168
3,253,168
3,255,167
3,255,167
3,255,167
3,255,167
3,255,167
3,255,167
3,255,167
3,253,167
3,253,167
3,253,166
3,252,165
3,252,165
3,252,165
3,253,165
3,253,166
3,253,166
3,253,168
3,253,168
3,253,168
3,253,168
3,253,168
3,253,168
3,253,168
3,253,168
3,253,168
3,253,168
3,253,168
3,253,169
3,253,169
3,253,169
3,253,169
3,253,169
3,253,169
3,253,169
3,253,169
3,253,169
3,253,168
3,255,168
3,255,168
3,255,168
3,255,168
3,255,169
3,255,169
3,255,169
3,255,169
3,255,169
3,253,168
3,253,168
3,253,168
3,253,168
3,253,169
3,253,169
3,253,169
3,253,169
3,253,169
3,253,169
3,253,169
3,253,169
3,253,169
3,253,169
3,253,169
3,253,169
3,255,169
3,255,169
3,255,170
3,255,170
3,255,169
3,255,170
3,255,170
3,254,170
3,253,169
3,253,169
3,253,169
3,253,168
3,253,168
3,253,168
3,250,169
3,252,169
3,252,169
3,253,169
3,253,169
3,253,168
3,253,168
3,253,168
3,255,167
3,255,167
3,253,167
3,253,166
3,253,165
3,253,165
3,253,164
3,253,164
3,253,163
3,253,163
3,253,160
3,253,160
3,253,160
3,253,159
3,253,159
3,253,158
3,253,157
3,253,154
3,252,153
3,250,150
3,250,148
3,250,144
3,249,139
3,249,137
3,249,135
3,251,132
3,251,132
3,251,132
3,251,131
3,251,131
3,253,130
3,253,130
3,253,130
3,252,146
3,253,146
3,253,147
3,253,148
3,255,151
3,253,152
3,253,153
3,253,154
3,253,156
3,253,156
3,253,157
3,253,157
3,253,157
3,253,156
3,255,156
3,255,157
3,255,157
3,255,157
3,255,158
3,255,158
3,255,159
3,255,159
3,255,160
3,255,160
3,255,162
3,253,162
3,253,163
3,253,163
3,253,163
3,253,163
3,253,163
3,253,163
3,253,163
3,253,163
3,253,163
3,253,163
3,253,163
3,253,163
3,255,163
3,255,164
3,255,164
3,255,164
3,255,164
3,255,164
3,255,164
3,255,164
3,255,165
3,253,166
3,253,166
3,253,166
3,255,165
3,255,165
3,255,165
3,255,166
3,255,167
3,253,167
3,253,167
3,253,167
3,253,165
3,253,164
3,253,164
3,253,164
3,253,164
3,253,164
3,253,166
3,253,167
3,253,168
3,253,168
3,253,168
3,253,168
3,253,168
3,253,168
3,253,168
3,253,168
3,253,168
3,255,167
3,255,167
3,255,167
3,255,167
3,255,167
3,255,167
3,253,167
3,253,167
3,253,167
3,252,165
3,252,165
3,252,165
3,252,165
3,252,165
3,253,165
3,253,165
3,253,166
3,253,166
3,253,166
3,253,166
3,253,166
3,253,166
3,253,166
3,253,167
3,253,168
3,253,168
3,253,168
3,253,168
3,253,169
3,253,169
3,253,169
3,253,169
3,253,169
3,253,168
3,253,168
3,253,168
3,253,168
3,253,168
3,253,168
3,253,169
3,253,169
3,255,169
3,255,169
3,255,169
3,255,170
3,255,169
3,255,169
3,253,169
3,253,168
3,253,168
3,253,169
3,253,169
3,253,169
3,253,169
3,253,169
3,253,169
3,253,169
3,253,169
3,253,169
3,253,169
3,253,169
3,253,169
3,253,169
3,255,169
3,255,169
3,255,169
3,255,169
3,255,169
3,255,169
3,255,169
3,255,170
3,253,169
3,253,169
3,253,169
3,253,168
3,253,168
3,253,168
3,253,168
3,253,168
3,253,168
3,253,168
3,253,168
3,253,169
3,253,168
3,253,168
3,255,167
3,255,167
3,253,167
3,253,166
3,253,165
3,253,165
3,253,164
3,253,164
3,253,163
3,253,163
3,253,161
3,253,160
3,253,160
3,253,159
3,255,159
3,255,158
3,253,157
3,253,155
3,253,153
3,250,151
3,250,149
3,250,146
3,250,142
3,249,138
3,249,136
3,251,135
3,251,132
3,251,132
3,251,132
3,251,132
3,251,132
3,251,132
3,251,131
3,252,146
3,252,147
3,253,148
3,253,148
3,253,151
3,253,152
3,253,154
3,253,154
3,253,156
3,253,156
3,253,157
3,253,157
3,253,157
3,255,156
3,255,157
3,255,157
3,255,157
3,255,157
3,255,158
3,255,158
3,255,159
3,255,160
3,253,160
3,253,161
3,255,162
3,253,162
3,253,163
3,253,163
3,253,163
3,253,163
3,253,163
3,253,163
3,253,163
3,253,163
3,253,163
3,253,163
3,253,163
3,253,163
3,255,164
3,255,164
3,255,164
3,255,164
3,255,164
3,255,164
3,255,164
3,255,165
3,255,165
3,253,166
3,253,166
3,253,166
3,255,165
3,255,165
3,255,165
3,255,165
3,255,166
3,255,167
3,255,167
3,253,165
3,253,164
3,253,164
3,253,164
3,253,164
3,253,164
3,253,164
3,253,166
3,253,167
3,253,168
3,253,168
3,253,168
3,253,168
3,253,168
3,253,168
3,253,168
3,253,168
3,253,168
3,253,168
3,253,168
3,253,168
3,253,168
3,253,168
3,253,168
3,253,167
3,253,167
3,252,166
3,252,165
3,252,165
3,252,165
3,253,165
3,253,165
3,253,165
3,253,165
3,255,165
3,255,165
3,255,165
3,255,165
3,255,165
3,255,165
3,255,165
3,255,166
3,253,167
3,253,168
3,253,168
3,253,169
3,253,169
3,253,169
3,253,169
3,253,169
3,253,168
3,253,168
3,253,168
3,253,168
3,253,168
3,253,168
3,253,168
3,253,169
3,253,169
3,253,169
3,255,170
3,255,170
3,255,170
3,255,170
3,255,169
3,253,169
3,253,169
3,253,169
3,253,169
3,253,169
3,253,169
3,253,169
3,253,169
3,253,169
3,253,169
3,253,169
3,253,169
3,253,169
3,253,169
3,253,169
3,253,169
3,253,169
3,255,170
3,255,170
3,255,170
3,255,169
3,255,169
3,255,169
3,255,170
3,253,169
3,253,168
3,253,168
3,253,168
3,253,168
3,253,168
3,253,168
3,253,168
3,253,168
3,253,168
3,253,168
3,253,168
3,253,169
3,253,169
3,253,168
3,253,168
3,253,168
3,253,167
3,253,166
3,253,165
3,253,164
3,253,164
3,253,163
3,253,163
3,253,161
3,253,160
3,253,160
3,255,159
3,255,159
3,255,158
3,255,158
3,253,157
3,253,154
3,253,151
3,250,150
3,250,146
3,250,143
3,250,140
3,249,137
3,249,135
3,249,135
3,251,133
3,251,132
3,251,132
3,249,133
3,249,133
3,249,133
3,252,146
3,252,146
3,252,147
3,253,148
3,253,150
3,253,151
3,253,153
3,253,153
3,253,154
3,253,156
3,253,156
3,253,156
3,253,156
3,255,157
3,255,157
3,255,157
3,255,157
3,255,157
3,255,158
3,255,158
3,255,159
3,255,160
3,255,160
3,253,162
3,253,163
3,253,163
3,253,163
3,253,163
3,253,163
3,253,163
3,253,163
3,253,163
3,253,163
3,253,163
3,253,163
3,253,163
3,253,164
3,253,164
3,255,164
3,255,164
3,255,164
3,255,164
3,255,164
3,255,164
3,255,164
3,255,165
3,255,165
3,255,165
3,253,166
3,253,166
3,253,165
3,255,165
3,255,165
3,255,164
3,255,165
3,255,165
3,255,165
3,255,165
3,253,165
3,253,164
3,253,164
3,253,164
3,253,164
3,253,164
3,253,166
3,253,167
3,253,167
3,253,168
3,253,168
3,253,168
3,253,168
3,253,168
3,253,168
3,253,168
3,253,168
3,253,168
3,253,168
3,253,168
3,253,168
3,253,168
3,253,168
3,253,168
3,253,168
3,252,167
3,252,165
3,252,165
3,252,165
3,252,165
3,253,164
3,253,164
3,255,164
3,255,164
3,255,164
3,255,164
3,255,164
3,255,165
3,255,165
3,255,165
3,255,165
3,255,166
3,255,167
3,255,168
3,253,168
3,253,169
3,253,169
3,253,169
3,253,169
3,253,169
3,253,168
3,253,168
3,253,168
3,253,168
3,253,168
3,253,168
3,253,169
3,253,169
3,253,169
3,253,169
3,255,170
3,255,170
3,255,170
3,255,170
3,255,169
3,255,169
3,253,169
3,253,169
3,253,169
3,253,169
3,253,169
3,253,169
3,253,169
3,253,169
3,253,169
3,253,169
3,253,169
3,253,169
3,253,169
3,253,169
3,253,169
3,253,169
3,255,169
3,255,170
3,255,169
3,255,169
3,255,169
3,255,169
3,255,169
3,253,168
3,253,168
3,253,168
3,253,168
3,253,166
3,253,166
3,253,166
3,253,168
3,253,168
3,253,168
3,253,168
3,253,168
3,253,168
3,253,169
3,253,168
3,253,168
3,253,168
3,253,168
3,253,166
3,253,166
3,253,165
3,253,164
3,253,163
3,253,163
3,253,162
3,253,160
3,255,160
3,255,159
3,255,159
3,255,158
3,255,158
3,255,157
3,255,154
3,253,153
3,252,150
3,250,148
3,250,145
3,250,142
3,249,138
3,249,137
2,249,136
3,251,135
3,251,135
3,251,135
3,249,135
3,249,133
3,249,133
3,249,133
3,252,147
3,252,147
3,252,148
3,253,150
3,253,151
3,255,152
3,253,153
3,253,153
3,253,154
3,253,154
3,253,156
3,253,156
3,253,156
3,255,157
3,255,157
3,255,157
3,255,157
3,255,158
3,255,158
3,255,158
3,255,160
3,255,160
3,253,161
3,253,162
3,253,163
3,253,163
3,253,163
3,253,163
3,253,163
3,253,163
3,253,163
3,253,163
3,253,163
3,253,163
3,253,163
3,253,164
3,253,164
3,255,164
3,255,164
3,255,164
3,255,164
3,255,164
3,255,165
3,255,165
3,255,165
3,255,165
3,255,165
3,255,165
3,253,165
3,253,165
3,253,165
3,255,165
3,255,164
3,255,164
3,255,164
3,255,164
3,255,164
3,255,165
3,255,165
3,253,165
3,253,165
3,253,165
3,253,165
3,253,166
3,253,166
3,253,167
3,253,167
3,253,167
3,253,168
3,253,168
3,253,168
3,253,168
3,253,168
3,253,168
3,253,168
3,253,168
3,253,168
3,253,168
3,253,168
3,253,168
3,253,168
3,253,168
3,253,168
3,253,166
3,252,165
3,252,165
3,253,165
3,253,164
3,253,164
3,255,164
3,255,163
3,255,163
3,255,163
3,255,163
3,255,164
3,255,165
3,255,165
3,255,165
3,255,165
3,255,167
3,255,167
3,255,168
3,253,168
3,253,169
3,253,169
3,253,169
3,253,169
3,254,170
3,253,169
3,253,168
3,253,168
3,255,168
3,255,168
3,255,168
3,255,169
3,253,169
3,253,169
3,255,169
3,255,170
3,255,170
3,255,170
3,255,169
3,255,169
3,255,169
3,255,169
3,253,169
3,253,169
3,253,169
3,253,169
3,253,169
3,253,169
3,253,169
3,253,169
3,253,169
3,253,169
3,253,169
3,253,169
3,253,169
3,253,169
3,253,169
3,255,169
3,255,169
3,255,169
3,255,169
3,255,169
3,255,169
3,255,168
3,253,168
3,253,168
3,253,168
3,253,166
3,253,166
3,253,166
3,253,166
3,253,166
3,253,168
3,253,168
3,253,168
3,253,168
3,253,168
3,253,168
3,253,168
3,253,168
3,253,168
3,253,168
3,253,168
3,253,166
3,253,165
3,253,164
3,253,163
3,253,163
3,253,162
3,253,161
3,253,160
3,253,159
3,255,159
3,255,159
3,255,158
3,255,158
3,255,156
3,253,154
3,253,150
3,252,149
3,250,146
3,250,143
3,250,140
3,249,138
3,249,137
3,249,136
3,249,135
3,251,135
3,249,135
3,249,135
3,249,135
3,249,133
3,252,148
3,252,149
3,252,149
3,253,152
3,253,152
3,255,153
3,255,153
3,253,153
3,253,154
3,253,154
3,253,156
3,253,156
3,255,156
3,255,157
3,255,157
3,255,158
3,255,158
3,255,158
3,255,158
3,255,159
3,255,160
3,255,160
3,253,162
3,253,163
3,253,163
3,253,163
3,253,163
3,253,163
3,253,163
3,253,163
3,253,163
3,253,163
3,253,163
3,253,163
3,253,164
3,253,164
3,253,164
3,255,164
3,255,164
3,255,164
3,255,164
3,255,165
3,255,165
3,255,165
3,255,165
3,255,165
3,255,165
3,255,165
3,253,165
3,253,165
3,253,165
3,255,164
3,255,164
3,253,164
3,253,164
3,253,164
3,253,164
3,253,164
3,253,164
3,253,165
3,253,165
3,253,167
3,253,166
3,253,166
3,253,166
3,253,167
3,253,167
3,253,167
3,253,167
3,253,168
3,253,168
3,253,168
3,253,168
3,253,169
3,253,169
3,253,169
3,253,169
3,253,168
3,253,168
3,253,168
3,253,168
3,253,168
3,253,168
3,253,166
3,253,166
3,253,165
3,253,165
3,253,164
3,253,164
3,255,164
3,255,163
3,255,163
3,255,163
3,255,163
3,253,164
3,253,165
3,253,165
3,253,165
3,253,166
3,255,168
3,255,168
3,255,168
3,255,169
3,255,169
3,255,169
3,255,170
3,255,170
3,255,170
3,255,170
3,255,169
3,255,169
3,255,169
3,255,168
3,255,169
3,255,169
3,255,169
3,255,169
3,255,169
3,255,170
3,255,170
3,255,170
3,255,169
3,255,169
3,255,169
3,255,169
3,255,169
3,255,169
3,255,169
3,255,169
3,255,169
3,255,169
3,253,169
3,253,169
3,253,169
3,253,168
3,253,168
3,253,168
3,253,169
3,253,169
3,253,169
3,255,169
3,255,169
3,255,169
3,255,169
3,255,169
3,253,169
3,253,168
3,253,168
3,253,168
3,253,168
3,253,168
3,253,166
3,253,166
3,253,166
3,253,166
3,253,168
3,253,168
3,253,168
3,253,168
3,253,168
3,253,168
3,255,168
3,255,168
3,255,168
3,253,168
3,253,168
3,253,166
3,253,165
3,253,165
3,253,164
3,253,163
3,253,162
3,253,161
3,253,160
3,253,160
3,253,159
3,255,159
3,255,159
3,255,158
3,255,157
3,253,154
3,253,153
3,252,150
3,250,148
3,250,145
3,250,142
3,249,139
3,249,138
3,249,137
3,249,136
3,251,135
3,251,135
3,249,135
3,249,135
3,249,135
3,252,148
3,253,149
3,253,152
3,253,152
3,253,153
3,255,153
3,255,153
3,255,153
3,253,154
3,253,154
3,253,154
3,255,156
3,255,156
3,255,157
3,255,158
3,255,158
3,255,158
3,255,158
3,255,159
3,255,160
3,255,160
3,255,162
3,255,162
3,253,163
3,253,163
3,253,163
3,253,163
3,253,163
3,253,163
3,253,163
3,253,163
3,253,163
3,253,163
3,253,163
3,253,163
3,253,164
3,255,164
3,255,164
3,255,164
3,255,164
3,255,165
3,255,165
3,255,165
3,255,165
3,255,165
3,255,165
3,253,165
3,253,166
3,253,166
3,253,166
3,253,165
3,253,165
3,253,164
3,253,164
3,253,164
3,253,164
3,253,164
3,253,164
3,253,164
3,253,165
3,253,167
3,253,168
3,253,168
3,253,167
3,253,166
3,253,166
3,253,166
3,253,167
3,253,167
3,253,167
3,253,168
3,253,168
3,253,169
3,253,169
3,253,169
3,253,169
3,253,169
3,253,169
3,253,169
3,253,168
3,253,168
3,253,168
3,253,168
3,253,167
3,253,166
3,253,165
3,253,165
3,253,165
3,253,164
3,255,164
3,255,163
3,253,163
3,253,164
3,253,165
3,253,165
3,253,165
3,253,166
3,253,166
3,253,167
3,253,168
3,255,168
3,255,169
3,255,169
3,255,170
3,255,170
3,255,170
3,255,170
3,255,170
3,255,170
3,255,170
3,255,169
3,255,169
3,255,169
3,255,169
3,255,169
3,255,169
3,255,169
3,255,169
3,255,170
3,255,170
3,255,170
3,255,169
3,255,169
3,255,169
3,255,169
3,255,169
3,255,169
3,255,169
3,255,169
3,255,169
3,255,169
3,255,169
3,253,169
3,253,169
3,253,168
3,253,168
3,253,168
3,253,168
3,253,169
3,255,169
3,255,169
3,255,169
3,255,169
3,255,169
3,253,169
3,253,168
3,253,168
3,253,168
3,253,168
3,253,168
3,253,168
3,253,166
3,253,166
3,253,166
3,253,166
3,253,168
3,253,168
3,253,168
3,253,168
3,253,168
3,255,168
3,255,168
3,255,168
3,255,168
3,255,168
3,253,168
3,253,166
3,253,166
3,253,165
3,253,164
3,253,163
3,253,163
3,253,162
3,253,161
3,253,160
3,253,159
3,253,159
3,253,159
3,255,158
3,255,158
3,255,156
3,253,153
3,252,151
3,250,149
3,250,147
3,250,144
3,250,141
3,249,139
3,249,137
3,251,136
3,251,136
3,251,136
3,251,135
3,251,135
3,249,136
3,252,149
3,253,150
3,253,152
3,253,152
3,253,153
3,255,153
3,255,153
3,255,153
3,253,154
3,253,154
3,253,154
3,255,156
3,255,156
3,255,158
3,255,158
3,255,158
3,255,158
3,255,159
3,255,159
3,255,160
3,255,160
3,255,162
3,255,162
3,253,163
3,253,163
3,253,163
3,253,163
3,253,163
3,253,163
3,253,163
3,253,163
3,253,163
3,253,163
3,253,163
3,255,163
3,255,164
3,255,164
3,255,164
3,255,164
3,255,165
3,255,165
3,255,165
3,255,165
3,255,165
3,255,165
3,255,165
3,255,165
3,253,166
3,253,166
3,253,166
3,253,166
3,253,165
3,253,165
3,253,164
3,253,164
3,253,164
3,253,164
3,253,164
3,253,164
3,253,165
3,253,167
3,253,168
3,253,168
3,253,167
3,253,166
3,253,166
3,253,166
3,253,167
3,253,167
3,253,167
3,253,168
3,253,169
3,253,169
3,253,169
3,253,169
3,253,169
3,253,169
3,253,169
3,253,169
3,253,169
3,253,168
3,255,168
3,253,167
3,253,167
3,253,167
3,253,166
3,253,165
3,253,165
3,253,165
3,255,164
3,253,164
3,253,165
3,253,165
3,253,165
3,253,165
3,253,166
3,253,166
3,253,167
3,253,168
3,253,168
3,253,169
3,255,169
3,255,169
3,255,170
3,255,170
3,255,170
3,255,171
3,255,171
3,255,170
3,255,170
3,255,169
3,255,169
3,255,169
3,255,169
3,255,169
3,255,169
3,255,170
3,255,170
3,255,170
3,255,170
3,255,170
3,255,169
3,255,169
3,255,169
3,255,169
3,255,169
3,255,169
3,255,169
3,255,169
3,255,169
3,255,169
3,255,169
3,255,169
3,253,169
3,253,168
3,253,168
3,253,168
3,253,168
3,253,169
3,255,169
3,255,169
3,255,169
3,255,169
3,253,169
3,253,169
3,253,168
3,253,168
3,253,168
3,253,168
3,253,168
3,253,168
3,253,168
3,253,166
3,253,168
3,253,168
3,253,168
3,253,168
3,253,168
3,253,168
3,255,168
3,255,168
3,255,168
3,255,168
3,255,168
3,255,168
3,253,168
3,253,166
3,253,166
3,253,165
3,253,165
3,253,164
3,253,163
3,253,163
3,253,161
3,253,160
3,253,160
3,253,159
3,253,159
3,255,158
3,255,158
3,255,157
3,253,154
3,253,153
3,250,150
3,250,148
3,250,144
3,250,142
3,249,139
3,251,138
3,253,137
3,253,136
3,253,136
3,253,136
3,251,136
3,249,136
3,252,148
3,252,149
3,253,150
3,253,152
3,253,152
3,255,153
3,255,153
3,255,153
3,255,153
3,253,154
3,253,154
3,253,155
3,255,156
3,255,157
3,255,158
3,255,158
3,255,158
3,255,159
3,255,159
3,255,159
3,255,160
3,255,160
3,255,160
3,255,162
3,255,162
3,253,163
3,253,163
3,253,163
3,253,163
3,253,163
3,253,163
3,253,163
3,253,163
3,253,163
3,253,163
3,253,163
3,255,163
3,255,163
3,255,164
3,255,164
3,255,164
3,255,165
3,255,165
3,255,165
3,255,165
3,255,165
3,255,165
3,255,165
3,253,166
3,253,166
3,253,166
3,253,166
3,253,165
3,253,165
3,253,165
3,253,164
3,253,164
3,253,164
3,253,164
3,253,164
3,253,165
3,253,167
3,252,168
3,252,168
3,252,168
3,253,166
3,253,166
3,253,166
3,253,167
3,255,167
3,255,167
3,253,168
3,253,169
3,253,169
3,253,169
3,254,170
3,252,170
3,254,170
3,253,169
3,253,169
3,253,169
3,253,168
3,255,167
3,255,167
3,255,167
3,253,167
3,253,166
3,253,166
3,253,165
3,253,165
3,253,165
3,253,165
3,253,165
3,253,166
3,253,166
3,253,166
3,253,166
3,253,167
3,255,167
3,253,168
3,253,168
3,255,169
3,255,169
3,255,169
3,255,170
3,255,170
3,255,170
3,255,170
3,255,170
3,255,170
3,255,169
3,255,169
3,255,169
3,255,169
3,255,169
3,255,169
3,255,170
3,255,170
3,255,170
3,255,170
3,255,170
3,255,170
3,255,170
3,255,170
3,255,170
3,255,170
3,255,170
3,255,169
3,255,169
3,255,169
3,255,169
3,255,169
3,255,169
3,255,169
3,253,169
3,253,169
3,253,169
3,253,169
3,253,169
3,253,169
3,255,169
3,255,169
3,255,169
3,255,169
3,253,169
3,253,169
3,253,168
3,253,168
3,253,168
3,253,168
3,253,168
3,253,168
3,253,168
3,253,168
3,253,168
3,253,168
3,253,168
3,253,168
3,253,168
3,253,168
3,255,168
3,255,168
3,255,168
3,255,168
3,255,168
3,255,168
3,253,168
3,253,166
3,253,166
3,253,166
3,253,165
3,253,165
3,253,164
3,253,163
3,253,163
3,253,161
3,253,160
3,253,160
3,253,159
3,253,159
3,255,158
3,255,158
3,253,156
3,253,153
3,250,151
3,250,149
3,250,147
3,250,144
3,250,141
3,251,139
3,253,138
3,253,137
3,253,136
3,253,136
3,251,137
3,249,137
3,249,138
3,252,147
3,252,148
3,253,150
3,253,152
3,253,152
3,255,153
3,255,153
3,255,153
3,253,154
3,253,154
3,253,154
3,253,155
3,255,156
3,255,157
3,255,158
3,255,158
3,255,158
3,253,159
3,253,159
3,253,159
3,255,160
3,255,160
3,255,160
3,255,162
3,255,162
3,253,163
3,253,163
3,253,163
3,253,163
3,253,163
3,253,163
3,253,163
3,253,163
3,253,163
3,253,163
3,253,163
3,255,163
3,255,163
3,255,163
3,255,164
3,255,164
3,255,165
3,255,165
3,255,165
3,255,165
3,255,165
3,255,165
3,253,166
3,253,166
3,253,166
3,253,166
3,253,166
3,253,166
3,253,165
3,253,165
3,253,165
3,255,165
3,253,164
3,255,164
3,253,164
3,253,166
3,252,167
3,252,168
3,252,168
3,252,168
3,253,166
3,253,166
3,253,166
3,255,167
3,255,167
3,255,167
3,253,168
3,253,169
3,253,169
3,253,169
3,252,170
3,252,170
3,252,170
3,253,169
3,253,169
3,253,169
3,253,168
3,255,167
3,255,167
3,255,167
3,253,167
3,253,167
3,253,167
3,253,166
3,253,166
3,253,165
3,253,165
3,253,166
3,253,166
3,253,166
3,253,166
3,253,167
3,255,167
3,255,167
3,255,168
3,255,168
3,255,169
3,255,169
3,255,169
3,255,169
3,255,170
3,255,170
3,255,170
3,255,170
3,255,170
3,255,169
3,255,169
3,255,169
3,255,169
3,255,169
3,255,169
3,255,170
3,255,170
3,255,170
3,255,170
3,255,170
3,255,170
3,255,170
3,255,170
3,255,171
3,255,171
3,255,171
3,255,171
3,255,170
3,255,170
3,255,169
3,255,169
3,255,169
3,255,169
3,253,169
3,253,169
3,253,169
3,253,169
3,253,169
3,253,169
3,255,169
3,255,169
3,255,169
3,255,169
3,253,169
3,253,169
3,253,169
3,253,168
3,253,168
3,253,168
3,253,168
3,253,168
3,253,168
3,253,168
3,253,168
3,253,168
3,253,168
3,253,168
3,253,168
3,253,168
3,253,168
3,255,168
3,255,168
3,255,168
3,255,168
3,255,168
3,253,168
3,253,166
3,253,166
3,253,166
3,253,165
3,253,165
3,253,164
3,253,163
3,253,163
3,253,162
3,253,160
3,253,160
3,253,160
3,253,159
3,255,158
3,255,158
3,253,157
3,253,154
3,250,153
3,250,149
3,250,148
3,250,144
3,250,142
3,251,141
3,253,139
3,253,138
3,253,137
3,253,137
3,253,137
3,251,138
3,249,139
3,252,147
3,252,148
3,253,150
3,253,151
3,253,152
3,253,153
3,253,153
3,253,153
3,253,154
3,253,154
3,253,154
3,253,155
3,255,156
3,255,157
3,255,158
3,255,158
3,255,158
3,253,159
3,253,159
3,253,159
3,255,160
3,255,160
3,255,160
3,255,161
3,255,162
3,255,162
3,253,163
3,253,163
3,253,163
3,253,163
3,253,163
3,252,164
3,252,164
3,253,163
3,253,163
3,253,163
3,255,163
3,255,163
3,255,163
3,255,163
3,255,164
3,255,165
3,255,165
3,255,165
3,255,165
3,255,165
3,255,165
3,253,166
3,253,166
3,253,166
3,253,166
3,253,166
3,253,166
3,253,166
3,253,165
3,255,165
3,255,165
3,255,165
3,255,165
3,253,165
3,252,167
3,252,168
3,250,168
3,250,168
3,250,168
3,253,166
3,253,166
3,253,166
3,255,167
3,255,167
3,255,168
3,253,168
3,253,169
3,253,169
3,253,169
3,254,170
3,252,170
3,252,170
3,252,170
3,253,169
3,253,169
3,253,169
3,255,167
3,255,167
3,255,167
3,253,167
3,253,167
3,253,168
3,253,168
3,253,166
3,253,166
3,253,166
3,253,166
3,253,166
3,253,166
3,253,167
3,253,167
3,255,167
3,255,167
3,255,168
3,255,168
3,255,169
3,255,169
3,255,169
3,255,169
3,255,169
3,255,169
3,255,169
3,255,169
3,255,169
3,255,169
3,255,169
3,255,169
3,255,169
3,255,169
3,255,169
3,255,170
3,255,170
3,255,171
3,255,171
3,255,171
3,255,171
3,255,171
3,255,171
3,255,171
3,255,171
3,255,171
3,255,171
3,255,171
3,255,171
3,255,171
3,255,170
3,255,169
3,255,169
3,253,169
3,253,169
3,253,169
3,253,169
3,253,169
3,253,169
3,255,169
3,255,169
3,255,169
3,255,169
3,253,169
3,253,169
3,253,169
3,253,169
3,253,168
3,253,168
3,253,168
3,253,168
3,253,168
3,253,168
3,253,168
3,253,168
3,253,168
3,253,168
3,253,168
3,253,168
3,253,168
3,253,168
3,255,168
3,255,168
3,255,168
3,255,168
3,253,166
3,253,166
3,253,166
3,253,166
3,253,166
3,253,165
3,252,165
3,252,164
3,252,163
3,253,162
3,253,161
3,253,160
3,253,160
3,253,159
3,255,159
3,255,158
3,255,158
3,253,154
3,252,153
3,250,150
3,250,149
3,250,147
3,250,144
3,251,142
3,253,141
3,253,139
3,253,139
3,253,138
3,253,139
3,253,139
3,251,139
3,253,147
3,252,148
3,253,150
3,253,150
3,253,152
3,255,153
3,255,153
3,253,153
3,253,154
3,253,154
3,253,154
3,253,156
3,255,156
3,255,157
3,255,158
3,255,158
3,255,158
3,255,158
3,255,159
3,255,159
3,255,160
3,255,160
3,255,160
3,255,161
3,255,161
3,255,162
3,253,162
3,253,163
3,253,163
3,253,163
3,252,164
3,252,164
3,252,164
3,252,164
3,253,164
3,253,163
3,255,163
3,255,163
3,255,163
3,255,164
3,255,164
3,255,165
3,255,165
3,255,165
3,255,165
3,255,165
3,255,165
3,253,166
3,253,166
3,253,166
3,253,166
3,253,166
3,253,166
3,253,166
3,255,165
3,255,165
3,255,165
3,255,165
3,255,165
3,253,166
3,252,167
3,249,169
3,249,168
3,250,168
3,250,168
3,253,166
3,253,166
3,255,166
3,255,167
3,255,167
3,255,168
3,253,168
3,253,168
3,253,169
3,253,169
3,252,170
3,252,170
3,252,170
3,252,170
3,253,169
3,253,169
3,253,168
3,255,167
3,255,167
3,255,167
3,255,167
3,253,168
3,253,168
3,253,168
3,253,168
3,253,167
3,253,167
3,253,167
3,253,167
3,253,167
3,253,167
3,253,167
3,255,167
3,255,168
3,255,168
3,255,168
3,255,169
3,255,169
3,255,169
3,255,169
3,255,169
3,255,169
3,255,169
3,255,169
3,255,169
3,255,169
3,255,169
3,255,169
3,255,169
3,255,169
3,255,170
3,255,170
3,255,170
3,255,171
3,255,171
3,255,171
3,255,171
3,255,171
3,255,171
3,255,171
3,255,171
3,255,171
3,255,171
3,255,171
3,255,171
3,255,171
3,255,171
3,255,170
3,255,170
3,253,169
3,253,169
3,253,169
3,253,169
3,253,169
3,253,169
3,253,169
3,255,169
3,255,169
3,255,169
3,253,169
3,253,169
3,253,169
3,253,169
3,253,169
3,253,168
3,253,168
3,253,168
3,253,168
3,253,168
3,253,168
3,253,168
3,253,168
3,253,168
3,253,168
3,253,168
3,253,168
3,253,168
3,253,168
3,253,168
3,253,168
3,253,168
3,253,166
3,253,166
3,253,166
3,253,165
3,253,165
3,253,165
3,253,165
3,252,165
3,252,164
3,253,163
3,253,162
3,253,160
3,253,160
3,253,160
3,255,159
3,255,158
3,255,158
3,255,157
3,252,154
3,250,151
3,250,149
3,250,148
3,250,147
3,251,144
3,253,142
3,253,141
3,253,140
3,253,139
3,253,139
3,253,140
3,253,140
3,253,147
3,253,148
3,253,150
3,253,150
3,253,152
3,255,152
3,255,153
3,255,153
3,255,154
3,253,154
3,253,155
3,255,156
3,255,156
3,255,157
3,255,158
3,255,158
3,255,158
3,255,158
3,255,159
3,255,159
3,255,160
3,255,160
3,255,160
3,255,160
3,255,161
3,255,161
3,253,162
3,253,162
3,253,163
3,253,163
3,252,164
3,252,164
3,252,164
3,252,164
3,252,164
3,253,164
3,255,164
3,255,163
3,255,164
3,255,164
3,255,164
3,255,165
3,255,165
3,255,165
3,255,165
3,255,165
3,255,165
3,253,166
3,253,166
3,253,166
3,253,166
3,253,166
3,253,166
3,253,166
3,255,165
3,255,165
3,255,165
3,255,165
3,253,166
3,252,167
3,249,168
3,249,169
3,249,168
3,250,168
3,252,167
3,253,166
3,253,166
3,255,167
3,255,167
3,255,167
3,255,168
3,255,168
3,255,168
3,253,168
3,253,169
3,253,169
3,252,170
3,252,169
3,252,169
3,253,169
3,253,169
3,253,168
3,255,167
3,255,167
3,255,167
3,255,167
3,253,168
3,253,168
3,253,168
3,253,168
3,253,168
3,253,167
3,253,167
3,253,167
3,253,168
3,253,168
3,253,168
3,253,168
3,255,168
3,255,168
3,255,168
3,255,169
3,255,169
3,255,169
3,255,169
3,255,169
3,255,169
3,255,169
3,255,169
3,255,169
3,255,169
3,255,169
3,255,169
3,255,169
3,255,169
3,255,169
3,255,170
3,255,170
3,255,171
3,255,171
3,255,171
3,255,171
3,255,171
3,255,171
3,255,171
3,255,171
3,255,171
3,255,171
3,255,171
3,255,171
3,255,171
3,255,171
3,255,170
3,255,170
3,254,170
3,253,169
3,253,169
3,253,169
3,253,169
3,253,169
3,253,169
3,253,169
3,255,169
3,255,169
3,253,169
3,253,169
3,253,169
3,253,169
3,253,169
3,253,169
3,253,169
3,253,168
3,253,168
3,253,168
3,253,168
3,253,168
3,253,168
3,253,168
3,253,168
3,253,168
3,253,168
3,253,168
3,253,168
3,253,168
3,253,168
3,253,168
3,253,166
3,253,166
3,253,165
3,253,165
3,253,165
3,253,165
3,253,165
3,253,165
3,252,165
3,253,163
3,253,162
3,253,161
3,253,160
3,253,160
3,253,159
3,255,159
3,255,158
3,253,157
3,252,154
3,252,153
3,250,150
3,250,149
3,250,148
3,252,147
3,251,144
3,253,143
3,253,142
3,253,141
3,253,141
3,253,141
3,253,141
3,253,146
3,253,147
3,253,148
3,253,150
3,253,150
3,253,152
3,255,153
3,255,153
3,255,153
3,255,154
3,255,154
3,255,155
3,255,155
3,255,156
3,255,157
3,255,158
3,255,158
3,255,158
3,253,159
3,253,159
3,255,159
3,255,160
3,255,160
3,255,160
3,255,160
3,255,161
3,255,161
3,255,161
3,253,162
3,253,163
3,253,163
3,253,163
3,252,164
3,252,164
3,252,164
3,252,164
3,253,164
3,255,164
3,255,164
3,255,164
3,255,164
3,255,164
3,255,165
3,255,165
3,255,165
3,255,165
3,255,165
3,255,165
3,255,165
3,253,166
3,253,166
3,253,166
3,253,166
3,253,166
3,253,166
3,255,165
3,255,165
3,255,165
3,253,166
3,253,166
3,252,167
3,250,168
3,249,168
3,250,168
3,250,168
3,253,167
3,253,166
3,253,167
3,255,167
3,253,168
3,255,168
3,255,168
3,255,168
3,255,168
3,255,168
3,253,168
3,253,169
3,252,169
3,252,169
3,252,169
3,253,169
3,253,168
3,255,167
3,255,167
3,255,167
3,255,167
3,255,167
3,253,168
3,253,168
3,253,168
3,253,168
3,253,168
3,253,168
3,255,167
3,253,168
3,253,168
3,253,168
3,253,168
3,253,168
3,253,168
3,255,168
3,255,168
3,255,169
3,255,169
3,255,169
3,255,169
3,255,169
3,255,169
3,255,169
3,255,169
3,255,169
3,255,169
3,255,169
3,255,169
3,255,169
3,255,169
3,255,169
3,255,169
3,255,169
3,255,170
3,255,170
3,255,170
3,255,171
3,255,171
3,255,171
3,255,171
3,255,171
3,255,171
3,255,171
3,255,171
3,255,171
3,255,171
3,255,171
3,255,170
3,255,170
3,254,170
3,253,169
3,253,169
3,253,169
3,253,169
3,253,169
3,253,169
3,253,169
3,253,169
3,253,169
3,255,169
3,255,169
3,255,169
3,255,169
3,255,169
3,255,169
3,255,169
3,255,169
3,255,170
3,255,170
3,255,169
3,255,169
3,255,168
3,255,168
3,253,168
3,253,168
3,253,168
3,253,168
3,253,168
3,253,168
3,253,168
3,253,168
3,253,166
3,253,166
3,253,165
3,253,165
3,253,165
3,253,166
3,253,166
3,253,166
3,252,165
3,252,163
3,252,163
3,253,162
3,253,161
3,253,160
3,253,160
3,253,159
3,253,158
3,253,157
3,252,155
3,252,153
3,252,152
3,250,150
3,250,149
3,252,148
3,252,147
3,251,144
3,253,143
3,253,142
3,253,141
3,253,141
3,253,142
3,250,143
3,253,146
3,253,147
3,253,148
3,253,150
3,253,152
3,253,153
3,255,153
3,255,153
3,255,153
3,255,154
3,255,154
3,255,155
3,255,156
3,255,156
3,255,158
3,255,158
3,255,158
3,253,159
3,253,159
3,253,159
3,253,159
3,255,159
3,255,160
3,255,160
3,255,160
3,255,160
3,255,161
3,255,161
3,253,161
3,253,162
3,253,163
3,253,163
3,253,163
3,252,164
3,252,164
3,252,164
3,252,164
3,255,164
3,255,164
3,255,164
3,255,164
3,255,165
3,255,165
3,255,165
3,255,165
3,255,165
3,255,165
3,255,165
3,255,165
3,255,165
3,253,166
3,253,166
3,253,166
3,253,166
3,253,166
3,253,166
3,255,165
3,253,166
3,255,166
3,255,166
3,252,167
3,252,167
3,250,168
3,252,167
3,253,166
3,253,166
3,253,166
3,253,167
3,253,167
3,253,168
3,253,168
3,255,168
3,255,168
3,255,167
3,255,167
3,255,168
3,253,168
3,253,168
3,253,168
3,253,168
3,253,168
3,253,168
3,255,167
3,255,167
3,255,167
3,255,167
3,255,167
3,255,167
3,253,168
3,253,168
3,253,168
3,255,167
3,255,167
3,255,167
3,255,167
3,255,167
3,253,168
3,253,168
3,253,168
3,253,168
3,253,168
3,255,168
3,255,168
3,255,169
3,255,169
3,255,169
3,255,169
3,255,169
3,255,169
3,255,169
3,255,169
3,255,169
3,255,169
3,255,169
3,255,169
3,255,169
3,255,169
3,255,169
3,255,169
3,255,170
3,255,170
3,255,170
3,255,170
3,255,171
3,255,171
3,255,171
3,255,171
3,255,171
3,255,171
3,255,171
3,255,171
3,255,171
3,255,170
3,255,170
3,255,170
3,253,169
3,253,169
3,253,169
3,253,169
3,253,169
3,253,169
3,253,169
3,253,169
3,253,169
3,253,169
3,255,169
3,255,169
3,255,169
3,255,169
3,255,169
3,255,169
3,255,169
3,255,170
3,255,170
3,255,170
3,255,170
3,255,169
3,255,169
3,255,168
3,255,168
3,253,168
3,253,168
3,253,168
3,253,168
3,253,168
3,253,168
3,253,168
3,253,166
3,253,166
3,253,165
3,253,165
3,253,165
3,253,166
3,253,166
3,253,166
3,252,165
3,252,165
3,252,163
3,252,161
3,252,161
3,253,160
3,253,160
3,253,159
3,253,159
3,253,158
3,253,157
3,252,154
3,252,153
3,250,152
3,250,150
3,250,149
3,250,148
3,252,147
3,251,144
3,253,143
3,253,142
3,253,142
3,253,143
3,250,144
3,253,146
3,253,147
3,253,149
3,253,150
3,253,152
3,255,153
3,255,153
3,255,153
3,255,153
3,255,155
3,255,155
3,255,156
3,255,156
3,255,158
3,255,158
3,255,158
3,253,159
3,253,159
3,253,159
3,253,159
3,253,159
3,255,159
3,255,160
3,255,160
3,255,160
3,255,160
3,255,160
3,255,161
3,253,161
3,253,162
3,253,163
3,253,163
3,253,163
3,253,163
3,252,164
3,252,164
3,252,164
3,255,164
3,255,164
3,255,164
3,255,164
3,255,165
3,255,165
3,255,165
3,255,165
3,255,165
3,255,165
3,255,165
3,255,165
3,255,165
3,255,165
3,253,166
3,253,166
3,253,166
3,253,166
3,253,166
3,253,166
3,253,166
3,255,166
3,255,166
3,253,166
3,252,167
3,252,167
3,253,167
3,253,166
3,253,166
3,253,167
3,253,167
3,253,168
3,253,168
3,253,168
3,253,168
3,255,168
3,255,167
3,255,167
3,255,167
3,255,167
3,253,168
3,253,168
3,253,168
3,253,168
3,255,167
3,255,167
3,255,167
3,255,167
3,255,167
3,255,167
3,255,167
3,255,167
3,255,167
3,255,167
3,255,167
3,255,167
3,255,167
3,255,167
3,255,167
3,253,168
3,253,168
3,253,168
3,253,168
3,253,168
3,255,168
3,255,168
3,255,168
3,253,168
3,253,168
3,253,169
3,253,169
3,253,169
3,253,169
3,253,168
3,253,168
3,253,168
3,253,168
3,253,169
3,253,169
3,253,169
3,253,169
3,253,169
3,253,169
3,253,169
3,254,170
3,254,170
3,255,170
3,255,170
3,255,170
3,255,170
3,255,170
3,255,170
3,255,170
3,255,170
3,255,170
3,255,170
3,255,170
3,255,169
3,253,169
3,253,169
3,253,169
3,253,169
3,253,169
3,253,169
3,253,169
3,253,169
3,253,169
3,253,169
3,255,169
3,255,169
3,255,169
3,255,169
3,255,169
3,255,169
3,255,170
3,255,170
3,255,170
3,255,170
3,255,170
3,255,170
3,255,169
3,255,169
3,255,169
3,255,168
3,253,168
3,253,168
3,253,168
3,253,168
3,253,168
3,253,168
3,253,166
3,253,166
3,253,166
3,253,165
3,253,165
3,253,166
3,253,166
3,253,166
3,252,165
3,252,164
3,252,163
3,252,161
3,252,161
3,253,160
3,253,160
3,253,159
3,253,158
3,253,158
3,253,157
3,252,154
3,252,153
3,252,152
3,252,151
3,252,150
3,250,149
3,250,147
3,252,146
3,251,144
3,253,143
3,253,143
3,251,144
3,250,145
3,253,146
3,253,147
3,252,149
3,253,150
3,253,152
3,253,153
3,255,153
3,255,153
3,255,154
3,253,155
3,253,155
3,255,156
3,255,157
3,255,158
3,255,158
3,255,158
3,253,159
3,253,159
3,253,159
3,253,159
3,253,159
3,255,159
3,255,160
3,255,160
3,255,160
3,255,160
3,255,160
3,255,161
3,253,161
3,253,162
3,253,163
3,253,163
3,253,163
3,253,163
3,253,163
3,253,164
3,253,164
3,255,164
3,255,164
3,255,164
3,255,164
3,255,165
3,255,165
3,255,165
3,255,165
3,255,165
3,255,165
3,255,165
3,255,165
3,255,165
3,255,165
3,255,166
3,253,166
3,253,167
3,253,167
3,253,166
3,253,166
3,253,166
3,255,166
3,255,166
3,253,166
3,253,166
3,253,166
3,253,166
3,253,166
3,253,166
3,253,167
3,253,168
3,253,168
3,253,168
3,253,168
3,253,168
3,253,168
3,255,167
3,255,167
3,255,167
3,255,167
3,253,167
3,253,168
3,253,168
3,255,167
3,255,167
3,255,167
3,255,167
3,255,167
3,255,167
3,255,167
3,255,167
3,255,167
3,255,167
3,255,167
3,255,167
3,255,167
3,255,167
3,255,167
3,255,167
3,255,167
3,255,168
3,253,168
3,253,168
3,253,168
3,255,168
3,253,168
3,253,168
3,253,168
3,253,168
3,253,168
3,253,168
3,253,168
3,253,168
3,253,168
3,253,168
3,253,168
3,253,168
3,253,168
3,253,168
3,253,169
3,253,169
3,253,169
3,253,169
3,253,169
3,253,169
3,254,170
3,254,170
3,255,170
3,255,170
3,255,170
3,255,170
3,255,170
3,255,170
3,255,170
3,255,170
3,255,169
3,255,169
3,255,169
3,253,169
3,253,169
3,253,169
3,253,169
3,253,169
3,253,169
3,253,169
3,253,169
3,253,169
3,253,169
3,255,169
3,255,169
3,255,169
3,255,169
3,255,169
3,255,169
3,255,170
3,255,170
3,255,170
3,255,170
3,255,170
3,255,170
3,255,169
3,255,169
3,255,169
3,255,169
3,253,168
3,253,168
3,253,168
3,253,168
3,253,168
3,253,168
3,253,168
3,253,166
3,253,166
3,253,166
3,253,166
3,253,166
3,253,166
3,253,166
3,253,165
3,252,163
3,252,162
3,252,161
3,252,161
3,252,160
3,253,160
3,253,159
3,253,159
3,253,158
3,253,157
3,253,154
3,252,153
3,252,152
3,252,152
3,250,150
3,250,149
3,250,149
3,250,147
3,250,146
3,251,145
3,251,144
3,250,145
3,250,146
3,253,147
3,252,148
3,252,149
3,253,152
3,253,153
3,253,153
3,253,153
3,253,154
3,253,155
3,253,156
3,253,156
3,253,157
3,255,158
3,255,158
3,255,158
3,255,158
3,253,159
3,253,159
3,253,159
3,253,159
3,253,159
3,255,159
3,255,159
3,255,160
3,255,160
3,255,160
3,255,160
3,255,160
3,255,161
3,253,162
3,253,163
3,253,163
3,253,163
3,253,163
3,253,163
3,253,164
3,253,164
3,255,164
3,255,164
3,255,164
3,255,164
3,255,165
3,255,165
3,255,165
3,255,165
3,255,165
3,255,165
3,255,165
3,255,165
3,255,165
3,255,165
3,255,166
3,253,167
3,253,168
3,253,168
3,253,168
3,253,168
3,253,166
3,255,166
3,255,166
3,255,166
3,253,166
3,253,166
3,253,166
3,253,166
3,253,168
3,253,168
3,253,168
3,253,168
3,253,168
3,253,168
3,253,167
3,253,167
3,255,167
3,255,166
3,255,165
3,255,165
3,253,165
3,253,165
3,253,165
3,253,166
3,255,167
3,255,167
3,255,167
3,255,167
3,255,167
3,255,167
3,255,167
3,255,167
3,255,167
3,255,167
3,255,167
3,255,167
3,255,167
3,255,167
3,255,167
3,255,167
3,255,167
3,255,167
3,253,168
3,253,168
3,253,168
3,253,168
3,253,168
3,253,168
3,253,168
3,253,168
3,253,168
3,253,168
3,253,168
3,253,168
3,253,168
3,253,168
3,253,168
3,253,168
3,253,168
3,253,168
3,253,168
3,253,168
3,253,169
3,253,169
3,253,169
3,253,169
3,253,169
3,253,169
3,255,169
3,255,169
3,255,169
3,255,169
3,255,169
3,255,169
3,255,169
3,255,169
3,255,169
3,255,169
3,253,169
3,253,169
3,253,169
3,253,169
3,253,169
3,253,169
3,253,169
3,253,169
3,253,169
3,253,169
3,255,169
3,255,169
3,255,169
3,255,169
3,255,169
3,255,169
3,255,170
3,255,170
3,255,170
3,255,170
3,255,170
3,255,170
3,255,169
3,255,169
3,255,169
3,255,169
3,253,169
3,253,169
3,253,169
3,253,168
3,253,168
3,253,168
3,253,168
3,253,166
3,253,166
3,255,166
3,255,166
3,253,166
3,253,166
3,253,166
3,253,165
3,253,163
3,252,161
3,252,161
3,252,161
3,252,160
3,253,159
3,253,159
3,255,159
3,255,158
3,255,157
3,255,154
3,253,153
3,252,152
3,252,152
3,250,152
3,250,150
3,250,149
3,250,147
3,250,147
3,250,146
3,250,146
3,250,146
3,250,147
3,252,147
3,252,148
3,252,149
3,253,152
3,253,153
3,253,153
3,253,154
3,253,155
3,253,156
3,253,157
3,253,157
3,253,158
3,253,158
3,253,158
3,255,158
3,255,158
3,253,159
3,253,159
3,253,159
3,253,159
3,253,159
3,255,159
3,255,159
3,255,160
3,255,160
3,255,160
3,255,160
3,255,160
3,255,161
3,253,162
3,253,163
3,253,163
3,253,163
3,253,163
3,253,163
3,253,164
3,253,164
3,255,164
3,255,164
3,255,164
3,255,164
3,255,164
3,255,165
3,255,165
3,255,165
3,255,165
3,255,165
3,255,165
3,255,165
3,255,165
3,255,165
3,255,167
3,255,167
3,253,168
3,253,168
3,253,168
3,253,168
3,253,166
3,255,166
3,255,166
3,253,166
3,253,166
3,253,166
3,253,166
3,253,166
3,253,168
3,253,168
3,253,168
3,253,168
3,253,168
3,253,168
3,253,167
3,253,167
3,255,166
3,255,165
3,255,165
3,255,165
3,253,164
3,253,164
3,253,165
3,253,165
3,255,166
3,255,167
3,255,167
3,255,167
3,255,167
3,255,167
3,255,167
3,255,167
3,255,167
3,255,167
3,255,167
3,255,167
3,255,167
3,255,167
3,255,167
3,255,167
3,255,167
3,255,167
3,255,167
3,255,167
3,255,167
3,253,168
3,253,168
3,253,168
3,253,168
3,253,168
3,253,168
3,253,168
3,253,168
3,253,168
3,253,168
3,253,168
3,253,168
3,253,168
3,253,168
3,253,168
3,253,168
3,253,168
3,253,168
3,253,169
3,253,169
3,253,169
3,253,169
3,253,169
3,255,169
3,255,169
3,255,169
3,255,169
3,255,169
3,255,169
3,255,169
3,255,169
3,255,169
3,255,169
3,253,169
3,253,169
3,253,169
3,253,169
3,253,169
3,253,169
3,253,169
3,253,169
3,253,169
3,253,169
3,255,169
3,255,169
3,255,169
3,255,169
3,255,169
3,255,169
3,255,170
3,255,170
3,255,170
3,255,170
3,255,170
3,255,170
3,255,169
3,255,169
3,255,169
3,255,169
3,253,169
3,253,169
3,253,169
3,253,169
3,253,168
3,253,168
3,253,168
3,253,168
3,253,166
3,255,166
3,255,166
3,255,166
3,253,166
3,253,165
3,253,164
3,253,163
3,253,161
3,253,161
3,253,159
3,253,159
3,253,159
3,255,159
3,255,158
3,255,158
3,255,157
3,255,154
3,255,154
3,253,152
3,252,152
3,252,152
3,250,150
3,250,149
3,250,147
3,250,147
3,250,147
3,250,146
3,250,147
3,250,147
3,253,147
3,252,148
3,252,149
3,253,152
3,253,153
3,253,153
3,253,154
3,253,156
3,253,156
3,253,157
3,253,157
3,253,158
3,253,158
3,255,158
3,255,158
3,255,158
3,255,159
3,253,159
3,253,159
3,253,159
3,253,159
3,255,159
3,255,159
3,255,159
3,255,160
3,255,160
3,255,160
3,255,160
3,255,161
3,253,162
3,253,163
3,253,163
3,253,163
3,253,163
3,253,163
3,253,163
3,255,163
3,255,163
3,255,163
3,255,164
3,255,164
3,255,164
3,255,164
3,255,165
3,255,165
3,255,165
3,255,165
3,255,165
3,255,165
3,255,165
3,255,165
3,255,165
3,255,167
3,253,168
3,253,168
3,253,168
3,253,168
3,253,166
3,253,166
3,253,166
3,255,166
3,255,166
3,253,166
3,253,168
3,253,168
3,253,168
3,253,168
3,253,168
3,253,168
3,253,168
3,253,168
3,253,167
3,253,166
3,255,165
3,255,165
3,255,164
3,253,164
3,253,164
3,253,164
3,253,164
3,253,165
3,255,165
3,255,166
3,255,167
3,255,167
3,255,167
3,255,167
3,255,167
3,255,167
3,255,167
3,255,167
3,255,167
3,255,167
3,255,167
3,255,167
3,255,167
3,255,167
3,255,167
3,255,167
3,255,167
3,255,167
3,255,167
3,255,167
3,253,168
3,253,168
3,253,168
3,253,168
3,253,167
3,253,167
3,255,167
3,255,166
3,255,166
3,255,167
3,255,167
3,253,168
3,253,168
3,253,168
3,253,168
3,253,168
3,253,168
3,253,168
3,253,169
3,253,169
3,253,169
3,255,169
3,255,169
3,255,169
3,255,169
3,255,169
3,255,169
3,255,169
3,255,168
3,255,168
3,255,168
3,255,168
3,253,169
3,253,169
3,253,169
3,253,169
3,253,169
3,253,169
3,253,169
3,253,169
3,253,169
3,255,169
3,255,169
3,255,169
3,255,169
3,255,169
3,255,169
3,255,169
3,255,169
3,255,170
3,255,170
3,255,170
3,255,170
3,255,170
3,255,169
3,255,169
3,255,169
3,253,169
3,253,169
3,253,169
3,253,169
3,253,169
3,253,168
3,253,168
3,253,168
3,253,166
3,253,166
3,255,166
3,255,166
3,255,165
3,253,165
3,253,165
3,253,163
3,253,162
3,253,161
3,253,160
3,253,159
3,253,159
3,253,159
3,255,158
3,255,158
3,255,158
3,255,157
3,255,154
3,255,153
3,253,152
3,252,152
3,252,152
3,250,149
3,250,148
3,250,147
3,250,147
3,250,147
3,250,147
3,250,147
3,250,147
3,253,147
3,253,148
3,253,149
3,255,152
3,253,153
3,253,153
3,253,154
3,253,156
3,253,157
3,253,157
3,253,157
3,255,157
3,255,158
3,255,158
3,255,158
3,255,158
3,255,158
3,253,158
3,253,159
3,253,159
3,253,159
3,255,159
3,255,159
3,255,159
3,255,160
3,255,160
3,255,160
3,255,160
3,255,162
3,253,163
3,253,163
3,253,163
3,253,163
3,253,162
3,253,162
3,253,163
3,255,163
3,255,163
3,255,163
3,255,163
3,255,163
3,255,164
3,255,164
3,255,165
3,255,165
3,255,165
3,255,165
3,255,165
3,255,165
3,255,165
3,255,165
3,255,165
3,255,166
3,253,167
3,253,168
3,253,168
3,253,168
3,253,166
3,253,166
3,253,166
3,253,166
3,255,166
3,253,167
3,253,168
3,253,168
3,253,168
3,253,168
3,253,168
3,253,168
3,253,168
3,253,167
3,255,166
3,253,165
3,255,165
3,255,164
3,255,164
3,253,164
3,253,164
3,253,164
3,253,164
3,253,164
3,255,165
3,255,166
3,255,167
3,255,167
3,255,167
3,255,167
3,255,167
3,255,167
3,255,167
3,255,168
3,253,168
3,253,168
3,253,168
3,253,168
3,255,167
3,255,167
3,255,167
3,255,167
3,255,167
3,255,167
3,255,167
3,255,167
3,253,168
3,253,168
3,253,167
3,253,167
3,255,167
3,255,166
3,255,166
3,255,166
3,255,165
3,255,165
3,255,165
3,255,167
3,255,167
3,253,168
3,253,168
3,253,168
3,253,168
3,253,168
3,255,168
3,253,169
3,255,169
3,255,169
3,255,169
3,255,169
3,255,169
3,255,169
3,255,169
3,255,168
3,255,168
3,255,168
3,255,168
3,255,168
3,253,168
3,253,169
3,253,169
3,253,169
3,253,169
3,253,169
3,253,169
3,253,169
3,255,169
3,255,169
3,255,169
3,255,169
3,255,169
3,255,169
3,255,169
3,255,169
3,255,169
3,255,169
3,255,170
3,255,170
3,255,169
3,255,169
3,255,169
3,255,169
3,253,169
3,253,169
3,253,169
3,253,169
3,253,169
3,253,169
3,253,168
3,253,168
3,253,168
3,253,166
3,253,166
3,253,166
3,253,166
3,253,166
3,253,165
3,253,165
3,253,163
3,253,162
3,253,160
3,253,160
3,253,159
3,253,159
3,253,159
3,253,158
3,255,158
3,255,158
3,255,157
3,255,154
3,255,153
3,253,152
3,252,152
3,252,152
3,252,149
3,250,148
3,250,147
3,250,147
3,250,147
3,250,147
3,250,147
3,250,147
3,253,147
3,253,148
3,253,149
3,255,152
3,255,153
3,253,153
3,253,153
3,253,156
3,253,156
3,253,157
3,253,157
3,255,157
3,255,158
3,255,158
3,255,158
3,255,158
3,255,158
3,255,158
3,253,158
3,253,159
3,255,159
3,255,159
3,255,159
3,255,159
3,255,159
3,255,160
3,255,160
3,255,161
3,253,163
3,253,163
3,253,163
3,253,163
3,253,163
3,253,163
3,253,162
3,253,162
3,255,162
3,255,162
3,255,163
3,255,163
3,255,163
3,255,164
3,255,164
3,255,164
3,255,165
3,255,165
3,255,165
3,255,165
3,255,165
3,255,165
3,255,165
3,255,165
3,255,165
3,255,165
3,253,166
3,253,166
3,253,166
3,253,166
3,253,166
3,253,166
3,255,166
3,255,166
3,255,168
3,253,168
3,253,168
3,253,168
3,253,168
3,253,168
3,253,168
3,253,168
3,255,167
3,255,166
3,255,165
3,255,165
3,253,164
3,253,164
3,253,164
3,253,164
3,253,164
3,253,164
3,253,165
3,255,165
3,255,166
3,255,167
3,253,167
3,255,167
3,255,167
3,255,168
3,255,168
3,255,168
3,253,168
3,253,168
3,253,168
3,253,168
3,253,168
3,255,167
3,255,167
3,255,167
3,255,167
3,255,167
3,255,167
3,255,167
3,253,168
3,253,168
3,253,168
3,253,167
3,255,167
3,255,166
3,255,166
3,255,166
3,255,166
3,255,165
3,255,165
3,255,165
3,255,165
3,255,165
3,255,165
3,255,167
3,255,168
3,255,168
3,255,168
3,255,168
3,255,168
3,255,169
3,255,169
3,255,169
3,255,169
3,255,169
3,255,169
3,255,168
3,255,168
3,255,168
3,255,168
3,255,168
3,255,168
3,255,168
3,253,169
3,253,169
3,254,170
3,253,169
3,253,169
3,253,169
3,255,169
3,255,169
3,255,169
3,255,169
3,255,169
3,255,169
3,255,169
3,255,169
3,255,169
3,255,169
3,255,169
3,255,169
3,255,169
3,255,170
3,255,170
3,255,169
3,255,169
3,253,169
3,253,169
3,253,169
3,253,169
3,253,169
3,253,169
3,253,168
3,253,168
3,253,166
3,253,166
3,253,166
3,253,166
3,253,166
3,253,165
3,253,165
3,253,164
3,253,163
3,253,163
3,253,160
3,253,160
3,253,159
3,255,159
3,253,159
3,255,158
3,255,158
3,253,158
3,253,157
3,253,154
3,253,154
3,253,152
3,253,152
3,252,150
3,252,148
3,252,147
3,252,147
3,250,147
3,250,147
3,252,147
3,252,147
3,252,147
3,253,147
3,253,148
3,253,149
3,255,152
3,255,153
3,255,153
3,253,153
3,255,156
3,253,156
3,253,156
3,255,157
3,255,157
3,255,158
3,255,158
3,255,158
3,255,158
3,255,158
3,255,158
3,255,158
3,255,158
3,255,159
3,255,159
3,255,159
3,255,159
3,255,159
3,255,160
3,255,160
3,255,162
3,253,163
3,253,163
3,253,163
3,253,163
3,253,163
3,253,163
3,253,161
3,253,161
3,253,161
3,255,162
3,253,163
3,255,163
3,255,163
3,255,164
3,255,164
3,255,164
3,255,165
3,255,165
3,255,165
3,255,165
3,255,165
3,255,165
3,255,165
3,255,165
3,255,165
3,255,165
3,255,165
3,253,166
3,253,166
3,253,166
3,253,166
3,255,166
3,255,166
3,255,168
3,255,168
3,255,168
3,253,168
3,253,168
3,253,168
3,253,168
3,253,168
3,253,167
3,255,167
3,255,165
3,255,165
3,253,164
3,253,164
3,253,164
3,253,164
3,253,164
3,253,164
3,255,165
3,255,165
3,255,165
3,255,167
3,255,167
3,253,167
3,255,167
3,255,167
3,255,168
3,255,168
3,253,168
3,253,168
3,253,168
3,253,168
3,253,168
3,253,167
3,255,167
3,255,167
3,255,167
3,255,167
3,255,167
3,255,167
3,253,168
3,253,168
3,255,167
3,253,167
3,253,167
3,253,166
3,253,166
3,253,166
3,253,166
3,255,166
3,255,166
3,255,165
3,255,165
3,255,165
3,255,165
3,255,165
3,255,165
3,255,167
3,255,168
3,255,168
3,255,168
3,255,168
3,255,169
3,255,169
3,255,169
3,255,169
3,255,169
3,255,169
3,255,169
3,255,168
3,255,168
3,255,168
3,255,168
3,255,168
3,255,169
3,255,169
3,254,170
3,254,171
3,254,171
3,255,169
3,255,169
3,255,169
3,255,169
3,255,169
3,255,169
3,255,169
3,255,169
3,255,169
3,255,169
3,255,169
3,255,169
3,255,169
3,255,169
3,255,169
3,255,170
3,255,170
3,255,170
3,253,169
3,253,169
3,253,169
3,253,169
3,253,169
3,253,169
3,253,168
3,253,168
3,253,166
3,253,166
3,253,166
3,253,166
3,253,166
3,253,165
3,253,165
3,253,165
3,253,164
3,253,163
3,253,162
3,255,162
3,255,160
3,255,159
3,255,159
3,255,158
3,255,158
3,255,158
3,253,158
3,253,157
3,253,156
3,253,154
3,253,153
3,253,152
3,252,149
3,252,147
3,252,147
3,252,147
3,252,146
3,252,146
3,252,146
3,253,146
3,253,147
3,253,148
3,253,148
3,255,149
3,255,152
3,255,152
3,255,153
3,255,153
3,255,156
3,255,156
3,255,156
3,255,156
3,255,157
3,255,157
3,255,158
3,255,158
3,255,158
3,255,158
3,255,158
3,255,158
3,255,158
3,255,159
3,255,159
3,255,159
3,255,159
3,255,159
3,255,160
3,255,160
3,255,162
3,253,163
3,253,163
3,253,163
3,253,163
3,253,163
3,253,163
3,253,161
3,253,161
3,253,161
3,253,162
3,253,163
3,255,163
3,255,163
3,255,164
3,255,164
3,255,164
3,253,166
3,253,166
3,253,166
3,253,166
3,255,165
3,255,165
3,255,165
3,255,165
3,255,165
3,255,165
3,255,165
3,255,165
3,255,165
3,255,165
3,255,165
3,255,166
3,255,166
3,255,168
3,255,168
3,255,168
3,255,168
3,253,168
3,253,168
3,253,168
3,253,168
3,255,167
3,255,167
3,255,165
3,255,165
3,253,164
3,253,164
3,253,164
3,253,164
3,253,164
3,253,164
3,255,165
3,255,165
3,255,167
3,255,167
3,255,167
3,253,167
3,255,167
3,255,167
3,255,168
3,255,168
3,253,168
3,253,168
3,253,168
3,253,168
3,253,167
3,255,167
3,255,167
3,255,167
3,255,167
3,255,167
3,255,167
3,255,167
3,253,168
3,253,168
3,255,167
3,253,167
3,253,167
3,253,167
3,253,166
3,253,167
3,253,167
3,253,167
3,255,167
3,255,166
3,255,165
3,255,165
3,255,165
3,255,165
3,255,165
3,255,165
3,255,167
3,255,168
3,255,168
3,255,168
3,255,168
3,255,169
3,255,169
3,255,169
3,255,169
3,255,169
3,255,169
3,255,169
3,255,169
3,255,168
3,255,168
3,255,169
3,255,169
3,255,169
3,255,170
3,255,171
3,255,171
3,255,171
3,255,170
3,255,169
3,255,169
3,255,169
3,255,169
3,255,169
3,255,169
3,255,169
3,255,169
3,255,169
3,255,169
3,255,169
3,255,169
3,255,169
3,255,170
3,255,170
3,254,170
3,254,170
3,253,169
3,253,169
3,253,169
3,253,169
3,253,168
3,253,168
3,253,167
3,253,166
3,253,166
3,253,166
3,253,166
3,255,165
3,255,165
3,253,165
3,253,164
3,253,163
3,253,163
3,255,162
3,255,162
3,255,160
3,255,160
3,255,159
3,255,158
3,253,158
3,252,158
3,252,158
3,252,157
3,253,156
3,253,154
3,253,153
3,253,152
3,252,149
3,252,147
3,252,147
3,252,146
3,251,145
3,251,144
3,253,144
3,253,145
3,253,146
3,253,148
3,253,148
3,253,149
3,255,152
3,255,152
3,255,153
3,253,153
3,255,156
3,255,156
3,255,156
3,255,156
3,255,156
3,255,157
3,255,158
3,255,158
3,255,158
3,255,158
3,255,158
3,255,158
3,255,159
3,255,159
3,255,159
3,255,159
3,255,159
3,255,160
3,255,160
3,255,160
3,255,162
3,253,163
3,253,163
3,253,163
3,253,163
3,253,163
3,253,163
3,253,163
3,253,163
3,253,162
3,253,163
3,253,163
3,255,163
3,255,164
3,255,164
3,255,164
3,255,165
3,253,166
3,253,166
3,253,166
3,253,166
3,253,166
3,255,165
3,255,165
3,255,165
3,255,165
3,255,165
3,255,165
3,255,165
3,255,165
3,255,165
3,255,165
3,255,165
3,255,166
3,255,166
3,255,168
3,255,168
3,255,168
3,253,168
3,253,168
3,253,168
3,253,168
3,255,167
3,255,167
3,255,167
3,255,165
3,253,164
3,253,164
3,253,164
3,253,164
3,253,164
3,253,165
3,253,165
3,255,167
3,255,167
3,255,167
3,253,168
3,253,168
3,253,168
3,255,168
3,253,168
3,253,168
3,253,168
3,253,168
3,253,168
3,253,168
3,255,167
3,255,167
3,255,167
3,255,167
3,255,167
3,255,167
3,255,167
3,253,168
3,253,168
3,253,168
3,253,168
3,253,168
3,253,167
3,253,167
3,253,167
3,253,168
3,253,168
3,253,168
3,253,168
3,253,168
3,253,166
3,253,166
3,255,165
3,255,165
3,255,165
3,255,165
3,255,167
3,255,168
3,255,168
3,255,168
3,255,168
3,255,169
3,255,169
3,255,169
3,255,169
3,255,169
3,255,169
3,255,169
3,255,169
3,255,169
3,255,169
3,255,169
3,255,169
3,255,169
3,255,170
3,255,171
3,255,171
3,255,171
3,255,171
3,255,171
3,255,170
3,255,170
3,255,170
3,255,170
3,255,170
3,255,169
3,255,169
3,255,169
3,255,170
3,255,170
3,255,170
3,255,170
3,255,170
3,255,171
3,254,170
3,254,170
3,253,169
3,253,169
3,253,169
3,253,169
3,253,168
3,253,168
3,253,167
3,253,166
3,253,166
3,253,166
3,253,166
3,255,165
3,255,165
3,255,164
3,255,164
3,253,163
3,253,163
3,255,162
3,255,162
3,255,161
3,255,160
3,255,160
3,253,159
3,253,158
3,252,158
3,252,158
3,252,157
3,252,157
3,252,154
3,253,153
3,252,151
3,252,149
3,252,147
3,252,146
3,251,145
3,251,143
3,251,143
3,253,144
3,253,144
3,253,145
3,252,148
3,253,149
3,253,149
3,255,152
3,255,152
3,255,153
3,253,154
3,253,156
3,255,156
3,255,156
3,255,156
3,255,156
3,255,157
3,255,158
3,255,158
3,255,158
3,255,158
3,255,158
3,253,158
3,255,159
3,255,159
3,255,159
3,255,159
3,255,159
3,255,160
3,255,160
3,255,161
3,255,162
3,253,163
3,255,163
3,255,163
3,255,163
3,253,163
3,253,163
3,253,163
3,253,163
3,253,163
3,253,163
3,253,163
3,255,163
3,255,164
3,255,164
3,255,164
3,255,165
3,255,165
3,253,166
3,253,166
3,253,166
3,253,166
3,253,166
3,253,166
3,253,166
3,255,165
3,255,165
3,255,165
3,255,165
3,255,164
3,255,164
3,255,165
3,255,165
3,255,165
3,255,166
3,255,168
3,255,168
3,253,168
3,253,168
3,253,168
3,253,168
3,253,168
3,253,168
3,255,167
3,255,167
3,253,165
3,253,165
3,253,164
3,253,164
3,253,164
3,253,165
3,253,165
3,253,167
3,253,167
3,255,167
3,253,168
3,253,168
3,253,168
3,253,168
3,255,167
3,255,167
3,255,167
3,253,167
3,253,168
3,253,168
3,253,167
3,255,167
3,255,167
3,255,167
3,255,167
3,255,167
3,255,167
3,255,167
3,253,168
3,253,168
3,253,168
3,253,168
3,253,168
3,253,168
3,253,168
3,253,168
3,253,168
3,253,168
3,253,168
3,253,168
3,253,168
3,253,168
3,253,168
3,253,166
3,255,166
3,255,166
3,255,167
3,255,167
3,255,168
3,255,168
3,255,168
3,255,168
3,255,168
3,255,169
3,255,169
3,255,169
3,255,169
3,255,169
3,255,169
3,255,169
3,255,169
3,255,169
3,255,169
3,255,169
3,255,169
3,255,170
3,255,171
3,255,171
3,255,171
3,255,171
3,255,171
3,255,171
3,255,171
3,255,171
3,255,171
3,255,171
3,255,171
3,255,171
3,255,171
3,255,171
3,255,171
3,255,171
3,255,170
3,255,171
3,255,171
3,254,170
3,254,170
3,253,169
3,253,169
3,253,169
3,253,169
3,253,168
3,253,168
3,253,167
3,253,166
3,253,166
3,255,165
3,255,165
3,255,165
3,255,164
3,255,164
3,255,163
3,255,163
3,255,162
3,255,162
3,255,162
3,255,162
3,255,161
3,255,160
3,253,159
3,253,159
3,252,158
3,252,158
3,252,158
3,252,157
3,252,156
3,252,154
3,252,151
3,252,149
3,252,148
3,252,146
3,251,144
3,251,143
3,251,143
3,253,144
3,253,144
3,253,145
3,250,148
3,253,149
3,253,149
3,253,152
3,255,152
3,255,153
3,253,154
3,253,156
3,253,156
3,255,156
3,255,156
3,255,156
3,255,157
3,255,158
3,255,158
3,255,159
3,255,159
3,253,159
3,253,159
3,253,159
3,253,159
3,255,159
3,255,159
3,255,160
3,255,160
3,255,160
3,255,161
3,253,162
3,255,163
3,255,163
3,255,163
3,255,163
3,255,163
3,253,163
3,253,163
3,253,163
3,253,163
3,253,163
3,255,163
3,255,164
3,255,164
3,255,164
3,255,165
3,255,165
3,255,165
3,255,165
3,253,166
3,253,166
3,253,166
3,253,166
3,253,166
3,253,166
3,253,166
3,255,165
3,255,165
3,255,165
3,255,164
3,255,164
3,255,165
3,255,165
3,255,165
3,255,166
3,255,166
3,253,168
3,253,168
3,253,168
3,253,168
3,253,168
3,253,168
3,253,168
3,253,168
3,253,167
3,253,167
3,253,165
3,253,165
3,253,165
3,253,165
3,253,165
3,253,167
3,253,167
3,253,168
3,253,168
3,253,168
3,253,168
3,253,168
3,253,168
3,253,168
3,253,168
3,253,168
3,253,168
3,253,167
3,253,167
3,255,167
3,255,165
3,255,165
3,255,166
3,255,167
3,255,167
3,255,167
3,255,167
3,253,168
3,253,168
3,253,168
3,253,168
3,253,168
3,253,168
3,253,168
3,253,168
3,253,168
3,253,168
3,253,168
3,253,168
3,253,168
3,253,168
3,253,168
3,253,168
3,253,166
3,255,166
3,255,167
3,255,167
3,255,167
3,255,168
3,253,168
3,255,168
3,255,168
3,255,168
3,255,169
3,255,169
3,255,169
3,255,169
3,255,169
3,255,169
3,255,169
3,255,169
3,255,169
3,255,169
3,255,169
3,255,170
3,255,170
3,255,171
3,255,171
3,255,171
3,255,171
3,255,171
3,255,171
3,255,171
3,255,171
3,255,171
3,255,171
3,255,171
3,255,171
3,255,171
3,255,171
3,255,171
3,255,171
3,255,171
3,255,171
3,254,170
3,254,170
3,253,169
3,253,169
3,253,169
3,253,169
3,253,168
3,253,168
3,253,167
3,253,166
3,253,166
3,253,166
3,255,165
3,255,165
3,255,164
3,255,164
3,255,164
3,255,163
3,255,162
3,255,162
3,255,162
3,255,162
3,253,162
3,253,160
3,253,160
3,253,159
3,253,158
3,252,158
3,252,158
3,252,157
3,252,157
3,252,154
3,252,151
3,252,149
3,252,148
3,252,146
3,251,144
3,251,144
3,251,144
3,253,144
3,253,144
3,253,145
3,252,148
3,252,148
3,253,149
3,253,149
3,253,151
3,255,152
3,255,153
3,253,154
3,253,156
3,255,156
3,255,156
3,255,156
3,255,157
3,255,157
3,255,158
3,255,158
3,255,159
3,253,159
3,253,159
3,253,159
3,253,159
3,255,159
3,255,159
3,255,159
3,255,160
3,255,160
3,255,160
3,253,161
3,253,162
3,255,163
3,255,164
3,255,164
3,255,163
3,255,163
3,255,163
3,255,163
3,253,163
3,253,163
3,255,163
3,255,163
3,255,164
3,255,164
3,255,164
3,255,165
3,255,165
3,255,165
3,255,165
3,255,165
3,253,166
3,253,166
3,253,166
3,253,166
3,253,166
3,253,166
3,253,166
3,255,165
3,255,165
3,255,164
3,255,164
3,255,165
3,255,165
3,255,165
3,255,166
3,255,166
3,253,168
3,253,168
3,253,168
3,253,168
3,253,168
3,253,168
3,253,168
3,253,168
3,253,168
3,253,167
3,253,167
3,255,165
3,255,165
3,255,167
3,255,167
3,255,167
3,253,168
3,253,168
3,253,168
3,253,169
3,253,168
3,253,168
3,253,168
3,253,168
3,253,168
3,253,168
3,253,167
3,253,167
3,255,167
3,255,165
3,255,164
3,255,164
3,255,164
3,255,167
3,255,167
3,255,167
3,255,168
3,253,168
3,253,168
3,253,168
3,253,169
3,253,169
3,253,169
3,253,169
3,253,168
3,253,168
3,253,168
3,253,168
3,253,168
3,253,168
3,253,168
3,253,168
3,253,168
3,253,168
3,255,167
3,255,167
3,255,167
3,255,167
3,255,168
3,253,168
3,253,168
3,253,168
3,255,168
3,255,168
3,255,168
3,255,168
3,255,168
3,255,168
3,255,169
3,255,169
3,255,169
3,255,169
3,255,169
3,255,169
3,255,169
3,255,170
3,255,170
3,255,171
3,255,171
3,255,171
3,255,171
3,255,171
3,255,171
3,255,171
3,255,171
3,255,171
3,255,171
3,255,171
3,255,171
3,255,171
3,255,171
3,255,171
3,255,171
3,255,170
3,254,170
3,253,169
3,253,169
3,253,169
3,253,169
3,253,169
3,253,168
3,253,168
3,253,167
3,253,166
3,253,166
3,253,166
3,255,165
3,255,165
3,255,164
3,253,164
3,253,164
3,253,164
3,253,163
3,255,162
3,253,162
3,253,162
3,253,162
3,253,161
3,253,160
3,253,160
3,253,159
3,252,158
3,252,158
3,252,157
3,252,157
3,252,154
3,252,152
3,252,149
3,252,148
3,252,146
3,250,146
3,250,144
3,250,144
3,251,144
3,253,145
3,253,146
3,253,147
3,252,148
3,253,149
3,253,149
3,255,151
3,255,152
3,255,153
3,253,154
3,253,156
3,255,156
3,255,156
3,255,156
3,255,157
3,255,157
3,255,158
3,253,159
3,253,159
3,253,159
3,253,159
3,253,159
3,253,159
3,255,159
3,255,159
3,255,160
3,255,160
3,255,160
3,253,161
3,253,161
3,253,163
3,253,163
3,255,164
3,255,164
3,255,164
3,255,164
3,255,163
3,255,163
3,255,163
3,255,163
3,255,163
3,255,163
3,255,164
3,255,164
3,255,164
3,255,165
3,255,165
3,255,165
3,255,165
3,255,165
3,255,165
3,253,166
3,253,166
3,253,166
3,253,166
3,253,166
3,253,166
3,255,165
3,255,165
3,255,165
3,255,165
3,255,165
3,255,165
3,255,165
3,255,166
3,253,166
3,253,168
3,253,168
3,253,168
3,253,168
3,253,168
3,253,168
3,253,168
3,253,168
3,253,168
3,253,168
3,253,167
3,255,167
3,255,167
3,255,167
3,255,167
3,253,168
3,253,168
3,253,169
3,253,169
3,253,169
3,253,169
3,253,169
3,253,168
3,253,168
3,253,168
3,253,168
3,255,167
3,255,167
3,255,165
3,255,165
3,255,165
3,255,164
3,255,165
3,255,167
3,255,167
3,255,167
3,253,168
3,253,168
3,253,169
3,253,169
3,253,169
3,253,169
3,253,169
3,253,169
3,253,169
3,253,168
3,253,168
3,253,168
3,253,168
3,253,168
3,253,168
3,253,168
3,253,168
3,253,168
3,253,167
3,255,167
3,255,167
3,255,167
3,255,167
3,253,168
3,253,168
3,253,168
3,253,168
3,255,168
3,255,168
3,255,168
3,255,168
3,255,168
3,255,169
3,255,169
3,255,169
3,255,169
3,255,169
3,255,169
3,255,169
3,255,169
3,255,170
3,255,171
3,255,171
3,255,171
3,255,171
3,255,171
3,255,171
3,255,171
3,255,171
3,255,171
3,255,171
3,255,171
3,255,171
3,255,171
3,255,171
3,255,170
3,255,170
3,255,170
3,254,170
3,253,169
3,253,169
3,253,169
3,253,169
3,253,169
3,253,168
3,253,168
3,253,166
3,253,166
3,253,166
3,253,166
3,255,165
3,255,165
3,253,165
3,253,165
3,253,164
3,253,164
3,252,164
3,253,163
3,253,163
3,253,163
3,253,163
3,253,162
3,253,161
3,253,160
3,253,159
3,252,159
3,252,158
3,252,158
3,252,157
3,252,154
3,252,152
3,252,150
3,252,149
3,250,147
3,250,146
3,250,146
3,250,145
3,250,145
3,252,146
3,252,147
3,252,148
3,253,148
3,255,149
3,255,151
3,255,152
3,255,153
3,255,154
3,255,155
3,255,156
3,255,156
3,255,156
3,255,157
3,255,157
3,255,158
3,253,159
3,253,159
3,253,159
3,253,159
3,253,159
3,255,159
3,255,159
3,255,159
3,255,160
3,255,160
3,255,160
3,255,161
3,253,161
3,253,163
3,253,164
3,255,164
3,255,165
3,255,165
3,255,164
3,255,164
3,255,163
3,255,163
3,255,163
3,255,163
3,255,163
3,255,164
3,255,164
3,255,164
3,255,165
3,255,165
3,255,165
3,255,165
3,255,165
3,255,165
3,253,166
3,253,166
3,253,166
3,253,166
3,253,166
3,253,166
3,253,166
3,255,165
3,255,165
3,255,165
3,255,165
3,255,165
3,255,165
3,255,165
3,253,166
3,253,168
3,253,168
3,253,168
3,253,168
3,253,168
3,253,168
3,253,168
3,253,168
3,253,168
3,253,168
3,255,167
3,255,167
3,255,167
3,255,167
3,255,167
3,255,168
3,253,169
3,253,169
3,253,169
3,253,169
3,253,169
3,253,169
3,253,169
3,253,168
3,253,168
3,253,168
3,255,167
3,255,167
3,255,167
3,255,165
3,255,165
3,255,165
3,255,166
3,255,167
3,255,167
3,253,168
3,253,168
3,253,169
3,253,169
3,253,169
3,253,169
3,253,169
3,253,169
3,253,169
3,253,169
3,253,169
3,253,168
3,253,168
3,253,168
3,253,168
3,253,168
3,253,168
3,253,168
3,253,168
3,253,168
3,255,167
3,255,167
3,255,167
3,255,167
3,255,167
3,253,167
3,253,168
3,253,168
3,253,168
3,255,168
3,255,168
3,255,168
3,255,168
3,255,169
3,255,169
3,255,169
3,255,169
3,255,169
3,255,169
3,255,169
3,255,170
3,255,170
3,255,170
3,255,171
3,255,171
3,255,171
3,255,171
3,255,171
3,255,171
3,255,171
3,255,171
3,255,171
3,255,171
3,255,171
3,255,171
3,255,171
3,255,170
3,255,170
3,255,170
3,254,170
3,253,169
3,253,169
3,253,169
3,253,169
3,253,169
3,253,168
3,253,168
3,253,167
3,253,166
3,253,166
3,253,166
3,253,166
3,253,166
3,253,165
3,253,166
3,253,165
3,252,165
3,252,164
3,252,164
3,252,164
3,252,164
3,252,163
3,252,163
3,253,162
3,253,160
3,253,159
3,253,159
3,252,158
3,252,158
3,252,157
3,252,154
3,252,152
3,252,150
3,250,149
3,250,148
3,250,146
3,250,146
3,250,146
3,250,146
3,250,146
3,252,147
3,252,147
3,253,148
3,255,149
3,255,151
3,255,152
3,255,153
3,255,153
3,255,155
3,255,156
3,255,156
3,255,156
3,255,157
3,255,157
3,255,158
3,253,159
3,253,159
3,253,159
3,255,159
3,255,159
3,255,159
3,255,159
3,255,160
3,255,160
3,255,160
3,255,160
3,255,161
3,253,162
3,253,163
3,253,163
3,255,164
3,255,165
3,255,165
3,255,164
3,255,164
3,255,163
3,255,163
3,255,163
3,253,163
3,253,163
3,253,164
3,255,164
3,255,164
3,255,164
3,255,165
3,255,165
3,255,165
3,255,165
3,255,165
3,253,166
3,253,166
3,253,166
3,253,166
3,253,166
3,253,166
3,253,166
3,255,165
3,255,165
3,255,165
3,255,165
3,255,165
3,255,165
3,255,165
3,255,166
3,253,167
3,253,168
3,253,168
3,253,168
3,253,168
3,253,168
3,253,168
3,253,168
3,253,168
3,253,168
3,255,167
3,255,167
3,255,167
3,255,167
3,255,168
3,255,168
3,253,169
3,253,169
3,253,169
3,253,169
3,253,169
3,253,169
3,253,169
3,253,169
3,253,168
3,253,168
3,253,168
3,255,167
3,255,167
3,255,167
3,255,165
3,255,167
3,255,167
3,255,167
3,253,168
3,253,168
3,253,168
3,253,169
3,253,169
3,253,169
3,253,169
3,253,169
3,253,169
3,253,169
3,253,169
3,253,169
3,253,168
3,253,168
3,253,168
3,253,168
3,253,168
3,253,168
3,253,168
3,253,168
3,253,168
3,255,167
3,255,167
3,255,167
3,255,166
3,255,166
3,255,166
3,253,166
3,253,167
3,253,168
3,253,168
3,253,168
3,253,168
3,255,168
3,255,169
3,255,169
3,255,169
3,255,169
3,255,169
3,255,169
3,255,169
3,255,170
3,255,170
3,255,170
3,255,171
3,255,171
3,255,171
3,255,171
3,255,171
3,255,171
3,255,171
3,255,171
3,255,171
3,255,171
3,255,171
3,255,171
3,255,171
3,255,171
3,255,170
3,255,170
3,254,170
3,254,170
3,253,169
3,253,169
3,253,169
3,253,168
3,253,168
3,253,168
3,253,168
3,253,166
3,253,166
3,253,166
3,253,166
3,253,166
3,253,166
3,253,166
3,252,166
3,252,165
3,252,165
3,252,164
3,252,164
3,252,164
3,252,163
3,252,162
3,253,162
3,253,161
3,252,160
3,253,159
3,252,159
3,252,158
3,252,157
3,252,154
3,252,153
3,252,151
2,250,149
3,250,148
3,250,146
3,250,146
3,250,146
3,252,146
3,252,146
3,252,147
3,252,147
3,253,148
3,255,149
3,255,151
3,255,152
3,255,153
3,255,153
3,255,155
3,255,156
3,255,156
3,255,156
3,255,157
3,255,157
3,255,158
3,253,158
3,253,159
3,255,159
3,255,159
3,255,159
3,255,159
3,255,160
3,255,160
3,255,160
3,255,160
3,255,160
3,255,161
3,255,162
3,253,163
3,255,163
3,255,164
3,255,165
3,255,165
3,255,164
3,255,164
3,255,164
3,255,163
3,255,163
3,253,163
3,253,163
3,253,163
3,253,163
3,255,164
3,255,164
3,255,164
3,255,165
3,255,165
3,255,165
3,255,165
3,253,166
3,253,166
3,253,166
3,253,166
3,253,166
3,253,166
3,253,166
3,255,165
3,255,165
3,255,165
3,255,165
3,255,165
3,255,165
3,255,165
3,255,166
3,253,167
3,253,168
3,253,168
3,253,168
3,253,168
3,253,168
3,253,168
3,253,168
3,253,168
3,253,168
3,255,167
3,255,167
3,255,167
3,255,167
3,255,168
3,255,168
3,253,169
3,253,169
3,253,169
3,253,169
3,253,169
3,253,169
3,253,169
3,253,169
3,253,169
3,253,168
3,253,168
3,255,167
3,255,167
3,255,167
3,255,167
3,255,167
3,255,167
3,253,168
3,253,168
3,253,168
3,253,168
3,253,169
3,253,169
3,253,169
3,253,169
3,253,169
3,253,169
3,253,169
3,253,169
3,253,169
3,253,169
3,253,169
3,253,169
3,253,169
3,253,169
3,253,169
3,253,168
3,253,168
3,253,168
3,255,167
3,255,167
3,255,167
3,255,166
3,255,166
3,255,165
3,253,165
3,253,166
3,253,166
3,253,168
3,253,168
3,253,168
3,253,168
3,255,169
3,255,169
3,255,169
3,255,169
3,255,169
3,255,169
3,255,170
3,255,170
3,255,170
3,255,170
3,255,170
3,255,171
3,255,171
3,255,171
3,255,171
3,255,171
3,255,171
3,255,171
3,255,171
3,255,171
3,255,171
3,255,170
3,255,170
3,255,170
3,255,170
3,255,170
3,254,170
3,254,170
3,252,169
3,252,169
3,253,169
3,253,168
3,253,168
3,253,168
3,253,168
3,253,166
3,253,166
3,253,166
3,253,166
3,253,166
3,253,166
3,253,166
3,252,166
3,252,166
3,252,165
3,252,165
3,252,164
3,253,164
3,253,163
3,253,163
3,253,162
3,252,161
3,252,160
3,253,159
3,252,159
3,253,158
3,252,157
3,252,154
3,252,153
3,252,151
3,252,149
2,250,147
3,250,146
3,250,146
3,252,146
3,252,146
3,252,146
3,252,146
3,252,148
3,253,148
3,255,149
3,255,151
3,255,152
3,255,153
3,255,153
3,255,155
3,255,156
3,255,156
3,255,156
3,255,157
3,255,157
3,255,158
3,255,158
3,255,159
3,255,159
3,255,159
3,255,159
3,255,160
3,255,160
3,255,160
3,255,160
3,255,160
3,255,161
3,255,162
3,255,162
3,255,162
3,255,163
3,255,164
3,255,164
3,255,164
3,255,164
3,255,164
3,255,164
3,255,163
3,255,163
3,253,163
3,253,163
3,253,163
3,253,163
3,253,163
3,253,164
3,255,164
3,255,164
3,255,165
3,255,165
3,255,165
3,255,165
3,253,166
3,253,166
3,253,166
3,253,166
3,253,166
3,253,166
3,255,165
3,255,165
3,255,165
3,255,165
3,255,165
3,255,165
3,255,166
3,253,166
3,253,167
3,253,168
3,253,168
3,253,168
3,253,168
3,253,168
3,253,168
3,253,168
3,253,168
3,253,168
3,253,168
3,255,167
3,255,167
3,255,167
3,255,168
3,253,168
3,253,169
3,253,169
3,253,169
3,253,169
3,253,169
3,255,169
3,255,169
3,253,169
3,253,169
3,253,168
3,253,168
3,253,168
3,255,167
3,255,167
3,255,167
3,255,167
3,253,168
3,253,168
3,253,169
3,253,169
3,253,169
3,253,169
3,253,169
3,253,169
3,253,169
3,253,169
3,253,169
3,253,169
3,253,168
3,253,169
3,253,169
3,255,169
3,255,169
3,253,169
3,253,169
3,253,169
3,253,169
3,253,169
3,253,168
3,253,168
3,255,167
3,255,167
3,255,166
3,255,165
3,255,165
3,255,165
3,253,165
3,253,165
3,253,167
3,253,168
3,253,168
3,253,168
3,253,169
3,253,169
3,254,170
3,255,170
3,255,170
3,255,170
3,255,170
3,255,170
3,255,170
3,255,170
3,255,170
3,255,170
3,255,170
3,255,170
3,255,170
3,255,170
3,255,170
3,255,170
3,255,170
3,255,170
3,255,170
3,255,170
3,255,170
3,255,170
3,255,170
3,255,170
3,254,170
3,252,170
3,252,170
3,252,169
3,253,169
3,253,168
3,253,168
3,253,168
3,253,168
3,253,168
3,253,166
3,253,166
3,253,166
3,253,166
3,253,166
3,253,166
3,253,166
3,252,166
3,252,166
3,252,165
3,252,164
3,253,164
3,253,163
3,253,163
3,253,162
3,252,161
3,252,161
3,253,160
3,253,159
3,253,159
3,253,157
3,253,156
3,252,153
3,252,151
3,252,149
3,252,147
3,250,146
3,251,145
3,251,145
3,251,145
3,253,145
3,251,145
3,252,148
3,253,148
3,255,149
3,255,151
3,255,152
3,255,153
3,255,153
3,255,155
3,255,156
3,255,156
3,255,156
3,255,157
3,255,157
3,255,158
3,255,158
3,255,158
3,255,159
3,255,159
3,255,159
3,253,160
3,253,160
3,253,160
3,255,160
3,255,161
3,255,162
3,255,162
3,255,162
3,255,162
3,255,163
3,255,164
3,255,164
3,255,164
3,255,164
3,255,164
3,253,164
3,253,163
3,253,162
3,253,162
3,253,162
3,255,162
3,253,163
3,253,163
3,255,163
3,255,164
3,255,164
3,255,165
3,255,165
3,255,165
3,255,165
3,253,166
3,253,166
3,253,166
3,253,166
3,253,166
3,253,166
3,255,165
3,255,165
3,255,165
3,255,165
3,255,165
3,255,165
3,255,165
3,255,166
3,253,167
3,253,168
3,253,168
3,253,168
3,253,168
3,253,168
3,253,168
3,253,168
3,253,168
3,253,168
3,253,168
3,253,168
3,255,168
3,255,168
3,255,168
3,255,168
3,253,168
3,253,169
3,253,169
3,255,169
3,255,169
3,255,169
3,255,169
3,255,169
3,253,169
3,253,169
3,253,168
3,253,168
3,253,168
3,253,168
3,253,168
3,253,168
3,253,168
3,253,169
3,253,169
3,253,169
3,253,169
3,253,169
3,253,169
3,253,169
3,253,169
3,253,169
3,253,168
3,253,168
3,253,168
3,253,168
3,255,169
3,255,169
3,255,169
3,255,169
3,253,169
3,253,169
3,253,169
3,253,169
3,253,169
3,253,168
3,253,168
3,253,167
3,255,166
3,255,165
3,255,165
3,255,164
3,255,164
3,253,164
3,253,165
3,253,167
3,253,168
3,253,168
3,253,169
3,252,170
3,252,170
3,252,170
3,255,170
3,255,170
3,255,170
3,255,170
3,255,170
3,255,170
3,255,170
3,255,170
3,255,170
3,255,170
3,255,169
3,255,169
3,255,169
3,255,169
3,255,169
3,255,169
3,255,169
3,255,170
3,255,170
3,255,170
3,255,170
3,255,170
3,254,170
3,254,170
3,252,169
3,253,169
3,253,169
3,253,168
3,253,168
3,253,168
3,253,168
3,253,168
3,253,168
3,253,167
3,253,167
3,253,168
3,253,168
3,253,167
3,253,166
3,252,166
3,252,165
3,252,165
3,253,164
3,253,163
3,253,163
3,253,163
3,253,162
3,253,162
3,252,161
3,253,160
3,253,159
3,253,158
3,253,157
3,253,156
3,253,153
3,253,151
3,252,149
3,252,147
3,251,145
3,251,144
3,253,143
3,253,143
3,253,143
3,253,143
3,253,148
3,253,148
3,255,149
3,255,152
3,255,152
3,255,153
3,255,153
3,255,156
3,255,156
3,255,156
3,255,157
3,255,157
3,255,157
3,255,158
3,255,158
3,255,158
3,255,158
3,255,159
3,253,160
3,253,160
3,253,160
3,253,160
3,255,161
3,255,162
3,255,162
3,255,162
3,253,162
3,253,162
3,255,163
3,255,164
3,255,164
3,255,164
3,255,164
3,253,164
3,253,164
3,253,163
3,253,162
3,253,162
3,253,162
3,253,162
3,253,162
3,253,163
3,253,163
3,255,163
3,255,164
3,255,165
3,255,165
3,255,165
3,255,165
3,255,165
3,253,166
3,253,166
3,253,166
3,253,166
3,253,166
3,253,166
3,255,165
3,255,165
3,255,165
3,255,165
3,255,165
3,255,166
3,253,166
3,253,167
3,253,168
3,253,168
3,253,168
3,253,168
3,253,168
3,253,168
3,253,168
3,253,168
3,253,168
3,253,168
3,253,168
3,253,168
3,253,168
3,255,168
3,255,168
3,255,168
3,255,168
3,255,169
3,255,169
3,255,169
3,255,169
3,255,169
3,255,169
3,253,169
3,253,169
3,253,168
3,253,168
3,253,168
3,253,168
3,253,168
3,253,168
3,253,169
3,253,169
3,253,169
3,253,169
3,253,169
3,253,169
3,253,169
3,253,169
3,253,169
3,253,169
3,253,168
3,253,168
3,253,168
3,253,168
3,255,169
3,255,169
3,255,169
3,255,169
3,253,169
3,253,169
3,253,169
3,253,169
3,253,169
3,253,168
3,253,168
3,253,168
3,253,166
3,255,165
3,255,165
3,255,164
3,253,164
3,253,164
3,253,165
3,253,166
3,253,168
3,252,168
3,252,170
3,252,170
3,252,170
3,252,170
3,252,170
3,255,170
3,255,170
3,255,170
3,255,170
3,255,170
3,255,170
3,255,170
3,255,170
3,255,170
3,255,169
3,255,169
3,255,169
3,255,169
3,255,169
3,255,169
3,255,169
3,255,169
3,255,169
3,255,170
3,255,170
3,255,170
3,254,170
3,254,170
3,253,169
3,253,169
3,253,168
3,253,168
3,253,168
3,253,168
3,253,168
3,253,168
3,253,168
3,253,167
3,253,167
3,253,168
3,253,168
3,253,168
3,253,166
3,253,166
3,252,165
3,252,165
3,253,164
3,253,163
3,253,163
3,253,163
3,253,162
3,253,162
3,253,161
3,253,160
3,253,159
3,253,158
3,255,157
3,255,156
3,253,153
3,253,150
3,253,148
3,252,146
3,251,144
3,253,142
3,253,142
3,253,142
3,253,142
3,253,142
3,253,148
3,253,148
3,255,149
3,255,152
3,255,152
3,255,153
3,255,154
3,255,156
3,255,156
3,255,156
3,255,157
3,255,157
3,255,157
3,255,158
3,255,158
3,255,158
3,255,159
3,255,159
3,253,160
3,253,160
3,253,160
3,253,161
3,253,162
3,255,162
3,253,162
3,253,162
3,253,162
3,253,162
3,253,163
3,255,164
3,255,164
3,255,164
3,255,164
3,253,164
3,253,164
3,253,163
3,253,162
3,253,162
3,255,162
3,253,162
3,253,162
3,253,163
3,253,163
3,253,164
3,253,165
3,255,165
3,255,165
3,255,165
3,255,165
3,255,165
3,255,165
3,253,166
3,253,166
3,253,166
3,253,166
3,253,166
3,253,166
3,255,165
3,255,165
3,255,165
3,255,165
3,255,166
3,253,166
3,253,167
3,253,168
3,253,168
3,253,168
3,253,168
3,253,168
3,253,168
3,253,168
3,253,168
3,253,168
3,253,168
3,253,168
3,253,168
3,253,168
3,253,168
3,255,168
3,255,168
3,255,168
3,255,168
3,255,168
3,255,169
3,255,169
3,255,169
3,255,169
3,253,169
3,253,169
3,253,168
3,253,168
3,253,168
3,253,168
3,253,168
3,253,169
3,253,169
3,253,169
3,253,169
3,253,169
3,253,169
3,253,169
3,253,169
3,253,169
3,253,169
3,253,169
3,253,168
3,253,168
3,253,168
3,253,169
3,255,169
3,255,169
3,255,169
3,255,169
3,255,169
3,253,169
3,253,169
3,253,169
3,253,169
3,253,168
3,253,168
3,253,168
3,253,168
3,253,166
3,253,165
3,253,165
3,253,164
3,253,164
3,253,165
3,253,167
3,253,168
3,252,169
3,252,170
3,252,170
3,252,170
3,252,170
3,252,170
3,255,170
3,255,170
3,255,170
3,255,170
3,255,170
3,255,170
3,255,170
3,255,170
3,255,169
3,255,169
3,255,169
3,255,169
3,255,169
3,255,169
3,255,169
3,255,169
3,255,169
3,255,169
3,255,169
3,255,169
3,255,170
3,253,169
3,253,169
3,253,169
3,253,168
3,253,168
3,253,168
3,253,168
3,253,168
3,253,168
3,253,168
3,253,168
3,253,168
3,253,168
3,253,168
3,253,168
3,253,168
3,253,166
3,253,166
3,253,165
3,253,165
3,253,164
3,253,163
3,253,163
3,253,163
3,253,162
3,253,161
3,253,160
3,253,160
3,253,159
3,253,158
3,255,157
3,255,155
3,253,152
3,253,149
3,253,147
3,253,145
3,253,142
3,253,142
3,253,141
3,253,141
3,253,141
3,253,142
3,253,147
3,253,148
3,253,149
3,255,152
3,255,152
3,255,153
3,253,155
3,253,156
3,253,156
3,253,156
3,253,157
3,255,157
3,255,158
3,255,158
3,255,158
3,255,159
3,255,159
3,255,159
3,253,160
3,253,160
3,253,160
3,253,161
3,253,161
3,255,162
3,253,162
3,253,162
3,253,162
3,253,163
3,253,163
3,253,163
3,255,164
3,255,164
3,255,164
3,253,164
3,253,164
3,255,164
3,255,163
3,255,163
3,255,163
3,255,162
3,253,163
3,253,163
3,253,163
3,253,164
3,253,165
3,255,165
3,255,165
3,255,165
3,255,165
3,255,165
3,255,165
3,253,166
3,253,166
3,253,166
3,253,166
3,253,166
3,253,166
3,253,166
3,255,165
3,255,165
3,255,165
3,255,166
3,255,166
3,255,166
3,255,167
3,255,168
3,255,168
3,255,168
3,255,168
3,253,168
3,253,168
3,253,168
3,253,168
3,253,168
3,253,168
3,253,168
3,253,168
3,253,168
3,253,168
3,253,168
3,253,168
3,253,168
3,253,168
3,253,168
3,255,168
3,255,168
3,253,168
3,253,168
3,253,168
3,253,168
3,253,168
3,253,168
3,253,168
3,253,168
3,253,169
3,253,169
3,253,169
3,253,169
3,253,169
3,253,169
3,253,169
3,253,169
3,253,169
3,253,169
3,253,169
3,253,168
3,253,168
3,253,169
3,253,169
3,253,169
3,255,169
3,255,169
3,255,169
3,253,169
3,253,169
3,253,169
3,253,169
3,253,169
3,253,168
3,253,168
3,253,168
3,253,168
3,253,168
3,253,166
3,253,166
3,253,165
3,253,165
3,253,167
3,253,168
3,253,168
3,253,169
3,252,170
3,252,170
3,252,170
3,252,170
3,255,170
3,255,170
3,255,170
3,255,170
3,255,170
3,255,170
3,255,170
3,255,170
3,255,170
3,255,169
3,255,169
3,255,169
3,255,169
3,255,169
3,255,169
3,255,169
3,255,169
3,255,169
3,255,169
3,255,169
3,255,169
3,255,169
3,255,169
3,253,169
3,253,168
3,253,168
3,253,168
3,253,168
3,253,168
3,253,168
3,253,168
3,253,168
3,253,168
3,253,168
3,253,168
3,253,168
3,253,168
3,253,167
3,253,167
3,253,166
3,253,165
3,253,165
3,253,164
3,253,163
3,253,163
3,253,162
3,253,162
3,253,161
3,253,160
3,253,160
3,253,158
3,253,158
3,255,157
3,255,154
3,253,150
3,253,148
3,253,146
3,253,143
3,253,142
3,253,141
3,253,140
3,253,141
3,253,141
3,253,141
3,253,145
3,253,147
3,255,149
3,255,152
3,255,152
3,255,153
3,253,155
3,253,156
3,253,156
3,253,156
3,253,157
3,253,157
3,255,158
3,255,158
3,255,158
3,255,159
3,255,159
3,255,159
3,253,160
3,253,160
3,253,160
3,253,161
3,253,161
3,255,162
3,253,162
3,253,162
3,253,162
3,253,163
3,253,163
3,253,163
3,253,163
3,255,164
3,255,164
3,255,164
3,255,164
3,255,164
3,255,164
3,255,164
3,255,163
3,255,163
3,253,163
3,253,163
3,252,164
3,252,165
3,253,165
3,255,165
3,255,165
3,255,165
3,255,165
3,255,165
3,255,165
3,253,166
3,253,166
3,253,166
3,253,166
3,253,166
3,253,166
3,253,166
3,255,165
3,255,165
3,255,165
3,255,165
3,255,166
3,255,166
3,255,167
3,255,168
3,255,168
3,255,168
3,255,168
3,255,168
3,255,168
3,255,168
3,255,168
3,255,168
3,255,168
3,255,168
3,253,168
3,253,168
3,253,168
3,253,168
3,253,168
3,253,168
3,253,168
3,253,168
3,253,168
3,253,168
3,253,168
3,253,168
3,253,168
3,253,168
3,253,168
3,253,168
3,253,168
3,253,168
3,253,169
3,253,169
3,253,169
3,253,169
3,253,169
3,254,170
3,255,169
3,255,169
3,255,169
3,253,169
3,253,169
3,253,169
3,253,169
3,253,169
3,253,169
3,253,169
3,253,169
3,253,169
3,253,169
3,253,169
3,253,169
3,253,169
3,253,169
3,253,169
3,253,168
3,253,168
3,253,168
3,253,168
3,253,168
3,253,168
3,253,168
3,253,168
3,253,168
3,253,168
3,253,168
3,253,168
3,253,169
3,253,169
3,254,170
3,255,170
3,255,170
3,255,170
3,255,170
3,255,170
3,255,170
3,255,170
3,255,170
3,255,170
3,255,170
3,255,170
3,255,170
3,255,169
3,255,169
3,255,169
3,255,168
3,255,168
3,255,168
3,255,168
3,255,169
3,255,169
3,255,169
3,255,169
3,255,169
3,255,169
3,255,168
3,253,167
3,253,168
3,253,168
3,253,168
3,253,168
3,253,168
3,253,168
3,253,168
3,253,168
3,253,168
3,253,168
3,253,168
3,253,168
3,253,168
3,253,167
3,253,166
3,253,165
3,253,165
3,253,164
3,253,163
3,253,163
3,253,162
3,253,161
3,253,160
3,253,160
3,253,159
3,253,158
3,255,157
3,253,155
3,253,153
3,253,150
3,253,147
3,253,145
3,253,142
3,253,141
3,253,140
3,253,140
3,253,139
3,253,140
3,253,141
3,253,143
3,253,146
3,253,148
3,255,152
3,255,152
3,253,153
3,253,155
3,253,156
3,253,156
3,253,157
3,253,157
3,253,157
3,253,158
3,255,158
3,255,159
3,255,159
3,255,159
3,255,159
3,255,159
3,255,160
3,253,160
3,253,160
3,253,160
3,255,161
3,255,162
3,253,162
3,253,163
3,253,163
3,253,163
3,253,163
3,253,163
3,253,163
3,255,164
3,255,164
3,255,164
3,255,164
3,255,164
3,255,164
3,255,164
3,255,164
3,253,164
3,252,164
3,252,165
3,252,165
3,252,165
3,255,165
3,255,165
3,255,165
3,255,165
3,255,165
3,253,166
3,253,166
3,253,166
3,253,166
3,253,166
3,253,166
3,253,166
3,253,166
3,255,165
3,255,165
3,255,165
3,255,165
3,255,165
3,255,166
3,255,166
3,255,168
3,255,168
3,255,168
3,255,168
3,255,168
3,255,168
3,255,168
3,255,168
3,255,168
3,255,168
3,255,168
3,255,168
3,253,168
3,253,168
3,253,168
3,253,168
3,253,168
3,253,168
3,253,168
3,253,168
3,253,168
3,253,168
3,253,168
3,253,168
3,253,168
3,253,168
3,253,168
3,255,168
3,255,168
3,253,168
3,253,169
3,253,169
3,253,169
3,253,169
3,255,170
3,255,170
3,255,169
3,255,169
3,253,169
3,253,169
3,253,169
3,253,169
3,253,169
3,253,169
3,253,169
3,253,169
3,253,169
3,253,169
3,253,169
3,253,169
3,253,169
3,253,169
3,253,169
3,253,168
3,253,168
3,253,168
3,253,168
3,253,169
3,253,169
3,253,168
3,253,168
3,253,168
3,253,168
3,253,168
3,253,169
3,253,169
3,253,169
3,255,169
3,255,170
3,255,170
3,255,170
3,255,170
3,255,170
3,255,170
3,255,170
3,255,170
3,255,170
3,255,170
3,255,170
3,255,169
3,255,169
3,255,169
3,255,168
3,255,168
3,255,168
3,255,168
3,255,168
3,255,168
3,255,169
3,253,169
3,253,169
3,253,169
3,255,168
3,255,168
3,253,167
3,253,168
3,253,168
3,253,168
3,253,168
3,253,168
3,253,168
3,253,168
3,253,168
3,253,168
3,253,168
3,253,168
3,253,168
3,253,168
3,253,167
3,253,167
3,253,166
3,253,165
3,253,164
3,253,163
3,253,163
3,253,161
3,253,161
3,253,160
3,253,160
3,253,158
3,253,158
3,253,157
3,253,154
3,253,150
3,253,149
3,253,147
3,251,143
3,251,141
3,251,140
3,251,138
3,251,138
3,251,138
3,253,138
3,253,140
3,255,141
3,255,145
3,255,148
3,255,151
3,255,152
3,253,153
3,253,155
3,253,156
3,253,156
3,253,157
3,253,157
3,253,157
3,253,158
3,255,159
3,255,159
3,255,159
3,255,159
3,255,159
3,255,159
3,255,159
3,255,160
3,255,160
3,255,160
3,255,160
3,255,161
3,255,162
3,253,163
3,253,163
3,253,163
3,253,163
3,253,163
3,253,163
3,253,163
3,255,164
3,255,164
3,255,164
3,255,164
3,255,164
3,255,164
3,255,164
3,255,164
3,253,164
3,252,165
3,252,165
3,253,165
3,255,165
3,255,165
3,255,165
3,255,165
3,255,165
3,253,166
3,253,166
3,253,166
3,253,166
3,253,166
3,253,166
3,253,166
3,255,165
3,255,165
3,255,165
3,255,165
3,255,165
3,255,165
3,255,166
3,255,166
3,255,167
3,255,167
3,255,167
3,255,167
3,255,168
3,255,168
3,255,168
3,255,168
3,255,168
3,255,167
3,255,167
3,255,168
3,253,168
3,253,168
3,253,168
3,253,168
3,253,168
3,253,168
3,253,168
3,253,168
3,253,168
3,253,168
3,253,168
3,253,168
3,253,168
3,253,168
3,255,167
3,255,167
3,255,168
3,255,168
3,253,168
3,253,169
3,253,169
3,253,169
3,255,170
3,255,170
3,255,169
3,255,169
3,253,169
3,253,169
3,253,169
3,253,169
3,253,169
3,253,169
3,253,169
3,253,169
3,253,169
3,253,169
3,253,169
3,253,169
3,253,169
3,253,169
3,253,168
3,253,168
3,253,168
3,253,168
3,253,168
3,253,169
3,253,169
3,253,169
3,253,168
3,253,168
3,253,168
3,253,168
3,253,169
3,253,169
3,255,169
3,255,169
3,255,169
3,255,170
3,255,170
3,255,170
3,255,170
3,255,170
3,255,170
3,255,170
3,255,170
3,255,170
3,255,169
3,255,169
3,255,169
3,255,168
3,255,168
3,255,168
3,255,168
3,255,167
3,255,167
3,255,167
3,253,168
3,253,169
3,253,169
3,253,169
3,253,168
3,253,168
3,253,167
3,253,168
3,253,168
3,253,168
3,253,168
3,253,168
3,253,168
3,253,168
3,253,168
3,253,168
3,253,168
3,253,168
3,253,168
3,253,168
3,253,167
3,253,167
3,253,166
3,253,165
3,253,164
3,253,163
3,253,161
3,253,161
3,253,160
3,253,160
3,253,160
3,253,158
3,253,157
3,253,155
3,252,154
3,253,150
3,252,149
3,252,147
3,251,143
3,251,141
3,251,140
3,251,138
3,251,138
3,251,138
3,253,138
3,253,138
3,253,139
3,255,142
3,253,146
3,253,149
3,253,152
3,253,153
3,253,154
3,253,156
3,253,156
3,253,157
3,253,157
3,255,157
3,255,158
3,255,159
3,255,159
3,255,159
3,255,159
3,255,159
3,255,159
3,255,159
3,255,160
3,255,160
3,255,160
3,255,160
3,255,161
3,255,162
3,255,162
3,253,163
3,253,163
3,253,163
3,253,163
3,253,163
3,253,163
3,255,164
3,255,164
3,255,164
3,255,164
3,255,164
3,255,164
3,255,164
3,255,164
3,253,164
3,253,164
3,253,165
3,253,165
3,255,165
3,255,165
3,255,165
3,255,165
3,255,165
3,253,166
3,253,166
3,253,166
3,253,166
3,253,166
3,253,166
3,253,166
3,255,165
3,255,165
3,255,165
3,255,165
3,255,165
3,255,165
3,255,165
3,255,166
3,255,167
3,255,167
3,255,167
3,255,167
3,255,167
3,255,167
3,255,167
3,255,168
3,255,168
3,255,168
3,255,167
3,255,168
3,253,168
3,253,168
3,253,168
3,253,168
3,253,168
3,253,168
3,253,168
3,253,168
3,253,168
3,253,168
3,253,168
3,253,168
3,253,167
3,253,166
3,255,166
3,255,167
3,255,167
3,255,167
3,253,168
3,253,168
3,253,169
3,253,169
3,254,170
3,254,170
3,255,169
3,253,169
3,253,169
3,253,169
3,253,169
3,253,169
3,253,169
3,253,169
3,253,169
3,253,169
3,253,169
3,253,169
3,253,169
3,253,169
3,253,169
3,253,168
3,253,168
3,253,168
3,253,168
3,253,168
3,253,169
3,253,169
3,253,169
3,253,169
3,253,168
3,253,168
3,253,168
3,253,168
3,253,169
3,253,169
3,255,169
3,255,169
3,255,169
3,255,169
3,255,170
3,255,170
3,255,170
3,255,170
3,255,170
3,255,170
3,255,170
3,255,170
3,255,169
3,255,169
3,255,169
3,253,168
3,253,168
3,253,168
3,255,168
3,255,167
3,255,167
3,255,167
3,255,168
3,253,169
3,253,169
3,253,169
3,253,168
3,253,168
3,253,168
3,253,168
3,253,168
3,253,168
3,253,168
3,253,168
3,253,168
3,253,168
3,253,168
3,253,168
3,253,168
3,253,168
3,253,168
3,253,168
3,253,168
3,253,167
3,253,166
3,253,165
3,253,164
3,253,163
3,253,161
3,253,161
3,253,160
3,253,160
3,253,159
3,253,158
3,253,157
3,255,154
3,253,153
3,253,150
3,252,149
3,252,147
3,251,143
3,251,141
3,251,138
3,251,138
3,251,137
3,251,137
3,253,137
3,253,138
3,253,137
3,255,141
3,253,145
3,253,148
3,253,151
3,253,153
3,253,153
3,255,155
3,255,156
3,255,157
3,255,157
3,255,157
3,255,157
3,255,158
3,255,158
3,255,159
3,255,158
3,255,158
3,255,158
3,255,159
3,255,159
3,255,160
3,255,160
3,255,160
3,255,160
3,255,162
3,255,162
3,253,163
3,253,163
3,253,163
3,253,163
3,253,163
3,253,163
3,255,163
3,255,164
3,255,164
3,255,164
3,255,164
3,255,164
3,255,164
3,255,164
3,253,164
3,253,164
3,253,164
3,253,164
3,255,164
3,255,164
3,255,165
3,255,165
3,255,165
3,253,166
3,253,166
3,253,166
3,253,166
3,253,166
3,253,166
3,255,165
3,255,165
3,255,165
3,255,165
3,255,165
3,255,165
3,255,165
3,255,165
3,255,165
3,255,167
3,255,167
3,255,167
3,255,167
3,255,167
3,255,167
3,255,167
3,253,168
3,253,168
3,253,168
3,255,167
3,253,168
3,253,168
3,253,168
3,255,167
3,255,167
3,255,167
3,255,167
3,253,168
3,253,168
3,253,168
3,253,168
3,253,168
3,253,167
3,253,166
3,255,166
3,255,166
3,255,166
3,255,167
3,255,167
3,255,167
3,253,168
3,253,168
3,253,169
3,253,169
3,253,169
3,253,169
3,253,169
3,253,169
3,253,169
3,253,169
3,253,169
3,253,169
3,253,169
3,253,169
3,253,169
3,253,169
3,253,169
3,253,169
3,253,169
3,253,168
3,253,168
3,253,168
3,253,168
3,253,168
3,253,168
3,253,169
3,253,169
3,253,169
3,253,169
3,253,169
3,253,168
3,253,168
3,253,169
3,253,169
3,253,169
3,255,169
3,255,169
3,255,169
3,255,169
3,255,169
3,255,170
3,255,170
3,255,170
3,255,170
3,255,170
3,255,170
3,255,169
3,255,169
3,255,169
3,253,169
3,253,168
3,253,168
3,253,168
3,253,168
3,255,167
3,255,167
3,255,168
3,255,168
3,253,169
3,253,169
3,253,169
3,253,168
3,253,168
3,253,168
3,253,168
3,253,168
3,253,168
3,253,168
3,253,168
3,253,168
3,253,168
3,253,168
3,253,168
3,253,168
3,253,168
3,253,168
3,253,168
3,253,168
3,253,167
3,253,166
3,253,165
3,253,164
3,253,163
3,253,161
3,253,161
3,253,160
3,253,160
3,253,159
3,253,158
3,253,157
3,255,154
3,253,153
3,253,150
3,252,149
3,252,147
3,251,143
3,251,141
3,251,138
3,251,137
3,251,137
3,251,137
3,253,137
3,253,138
3,253,139
3,253,142
3,253,146
3,253,149
3,253,152
3,253,153
3,255,155
3,255,156
3,255,157
3,255,157
3,255,157
3,255,157
3,255,158
3,255,158
3,255,158
3,255,158
3,255,158
3,255,158
3,255,158
3,255,159
3,255,159
3,255,159
3,255,160
3,255,160
3,255,162
3,255,162
3,253,163
3,253,163
3,253,163
3,253,163
3,253,163
3,253,163
3,253,163
3,255,164
3,255,164
3,255,164
3,255,164
3,255,164
3,255,164
3,255,164
3,255,164
3,253,164
3,253,164
3,255,164
3,255,164
3,255,164
3,255,164
3,255,164
3,255,165
3,255,165
3,253,165
3,253,165
3,253,165
3,253,165
3,253,165
3,255,165
3,255,165
3,255,165
3,255,165
3,255,165
3,255,165
3,255,165
3,255,165
3,255,166
3,255,167
3,255,167
3,255,167
3,255,167
3,255,167
3,253,168
3,253,168
3,253,168
3,253,168
3,253,168
3,255,167
3,255,167
3,255,167
3,255,167
3,255,167
3,255,167
3,255,167
3,255,167
3,255,167
3,253,168
3,253,168
3,253,168
3,253,168
3,253,166
3,253,166
3,253,166
3,255,166
3,255,166
3,255,166
3,255,167
3,255,167
3,253,168
3,253,168
3,253,168
3,253,168
3,253,169
3,253,169
3,253,169
3,253,169
3,253,169
3,253,169
3,253,169
3,253,169
3,253,169
3,253,169
3,253,169
3,253,169
3,253,169
3,253,169
3,253,169
3,253,168
3,253,168
3,253,168
3,253,168
3,253,168
3,253,168
3,253,169
3,253,169
3,253,169
3,253,169
3,253,169
3,253,169
3,253,169
3,253,169
3,253,169
3,253,169
3,255,169
3,255,169
3,255,169
3,255,169
3,255,169
3,255,170
3,255,170
3,255,170
3,255,170
3,255,170
3,255,169
3,255,169
3,253,169
3,253,169
3,253,169
3,253,168
3,253,168
3,253,168
3,253,168
3,255,168
3,255,168
3,255,168
3,255,168
3,253,169
3,253,169
3,253,169
3,253,169
3,253,169
3,253,168
3,253,168
3,253,168
3,253,168
3,253,168
3,253,168
3,253,168
3,253,168
3,253,168
3,253,168
3,253,168
3,253,168
3,253,168
3,253,168
3,253,167
3,253,167
3,253,166
3,253,165
3,253,164
3,253,163
3,253,161
3,253,161
3,253,160
3,255,159
3,253,158
3,255,158
3,255,157
3,255,154
3,253,152
3,253,150
3,252,148
3,251,144
3,250,142
3,249,139
3,249,138
2,249,137
2,249,137
3,251,136
3,253,136
3,253,136
3,255,140
3,255,144
3,253,148
3,253,151
3,253,153
3,255,155
3,255,156
3,255,157
3,255,157
3,255,157
3,255,157
3,255,158
3,255,158
3,255,158
3,255,158
3,255,158
3,255,158
3,255,158
3,255,158
3,255,159
3,255,159
3,255,160
3,255,160
3,255,162
3,255,162
3,253,163
3,253,163
3,253,163
3,253,163
3,253,163
3,253,163
3,253,163
3,255,164
3,255,164
3,255,164
3,255,164
3,255,164
3,255,164
3,255,164
3,255,164
3,253,164
3,253,164
3,255,164
3,255,164
3,255,164
3,255,164
3,255,164
3,255,164
3,255,164
3,255,165
3,255,165
3,255,165
3,253,165
3,255,164
3,255,164
3,255,164
3,255,165
3,255,165
3,255,165
3,255,165
3,255,165
3,255,165
3,255,166
3,255,167
3,255,167
3,255,167
3,255,167
3,255,167
3,253,168
3,253,168
3,255,167
3,255,167
3,255,167
3,255,167
3,255,167
3,255,167
3,255,167
3,255,167
3,255,167
3,255,167
3,255,167
3,255,167
3,253,168
3,253,168
3,253,168
3,253,166
3,253,166
3,253,166
3,253,166
3,255,166
3,255,166
3,255,166
3,255,167
3,255,167
3,253,168
3,253,168
3,253,168
3,253,168
3,253,168
3,253,169
3,253,169
3,253,169
3,253,169
3,253,169
3,253,169
3,253,169
3,253,169
3,253,169
3,253,169
3,253,169
3,253,169
3,253,168
3,253,168
3,253,168
3,253,168
3,253,168
3,253,168
3,253,168
3,253,168
3,253,169
3,253,169
3,253,169
3,253,169
3,253,169
3,253,169
3,253,169
3,253,169
3,253,169
3,253,169
3,255,169
3,255,169
3,255,169
3,255,169
3,255,169
3,255,170
3,255,170
3,255,170
3,255,170
3,255,169
3,255,169
3,253,169
3,253,169
3,253,169
3,253,169
3,253,169
3,253,168
3,253,168
3,253,168
3,253,168
3,255,168
3,255,168
3,255,168
3,253,169
3,253,169
3,253,169
3,253,169
3,253,169
3,253,169
3,253,169
3,253,169
3,253,169
3,253,168
3,253,168
3,253,168
3,253,168
3,253,168
3,253,168
3,253,168
3,253,168
3,253,168
3,253,168
3,253,167
3,255,167
3,255,166
3,253,165
3,253,164
3,253,164
3,253,161
3,253,160
3,253,160
3,255,159
3,253,158
3,255,158
3,255,157
3,255,154
3,253,152
3,253,150
3,252,148
3,250,144
3,250,142
3,249,139
3,249,138
2,249,137
2,249,136
2,249,136
3,253,136
3,255,135
3,255,136
3,255,142
3,253,146
3,253,149
3,253,152
3,253,153
3,255,156
3,255,157
3,255,157
3,255,157
3,255,158
3,255,158
3,255,158
3,255,158
3,255,158
3,255,158
3,255,158
3,255,158
3,255,158
3,255,159
3,255,159
3,255,159
3,255,160
3,255,161
3,253,162
3,253,163
3,253,163
3,252,164
3,252,164
3,253,163
3,253,163
3,253,163
3,253,163
3,255,164
3,255,164
3,255,164
3,255,164
3,255,164
3,255,164
3,255,164
3,255,164
3,255,165
3,255,164
3,255,164
3,255,164
3,255,164
3,255,163
3,255,163
3,255,164
3,255,164
3,255,164
3,255,164
3,255,164
3,255,164
3,255,164
3,255,164
3,255,164
3,255,165
3,255,165
3,253,165
3,253,165
3,253,166
3,253,166
3,253,167
3,253,167
3,253,168
3,253,168
3,253,168
3,253,168
3,253,168
3,255,167
3,255,167
3,255,167
3,255,167
3,255,167
3,255,167
3,255,167
3,255,167
3,255,167
3,255,167
3,255,167
3,255,167
3,253,168
3,253,168
3,253,168
3,253,168
3,253,166
3,253,166
3,253,166
3,253,166
3,253,166
3,253,166
3,255,167
3,255,167
3,253,168
3,253,168
3,253,168
3,253,168
3,253,168
3,253,168
3,253,168
3,253,168
3,253,169
3,253,169
3,253,169
3,253,169
3,253,169
3,253,169
3,253,169
3,253,169
3,253,169
3,253,168
3,253,168
3,253,168
3,253,168
3,253,168
3,253,168
3,253,168
3,253,168
3,253,169
3,253,169
3,253,169
3,253,169
3,253,169
3,253,169
3,253,169
3,253,169
3,253,169
3,253,169
3,255,169
3,255,169
3,255,169
3,255,169
3,255,170
3,255,170
3,255,170
3,255,170
3,255,169
3,255,169
3,253,169
3,253,169
3,253,169
3,253,169
3,252,169
3,252,169
3,252,169
3,253,168
3,253,168
3,253,168
3,253,168
3,253,168
3,253,169
3,253,169
3,253,169
3,253,169
3,253,169
3,253,169
3,253,169
3,253,169
3,253,169
3,253,169
3,253,169
3,253,169
3,253,168
3,253,168
3,253,168
3,253,168
3,253,168
3,253,168
3,253,168
3,253,168
3,255,167
3,255,167
3,255,165
3,253,165
3,253,164
3,253,164
3,253,161
3,253,160
3,253,160
3,255,159
3,253,158
3,253,158
3,255,157
3,253,154
3,252,152
3,252,150
3,252,147
3,250,144
3,250,142
3,249,139
3,249,137
2,249,137
2,249,136
2,249,136
3,253,136
3,255,134
3,255,135
3,255,138
3,255,143
3,253,147
3,253,151
3,253,153
3,253,156
3,255,156
3,255,157
3,255,157
3,255,158
3,255,158
3,255,158
3,255,158
3,255,158
3,255,158
3,255,158
3,255,158
3,255,158
3,255,158
3,255,159
3,255,159
3,255,160
3,253,161
3,253,162
3,253,163
3,253,163
3,252,164
3,253,163
3,253,163
3,253,163
3,253,163
3,253,163
3,255,164
3,255,164
3,255,164
3,255,164
3,255,164
3,255,164
3,255,164
3,255,165
3,255,165
3,255,165
3,255,165
3,255,164
3,255,164
3,255,163
3,255,163
3,255,164
3,255,164
3,255,164
3,255,164
3,255,164
3,255,164
3,255,164
3,255,164
3,255,164
3,255,165
3,253,165
3,253,165
3,253,166
3,253,166
3,253,166
3,253,167
3,253,168
3,253,168
3,253,168
3,253,168
3,253,168
3,253,168
3,253,168
3,255,167
3,255,167
3,255,167
3,255,167
3,255,167
3,255,167
3,255,167
3,255,167
3,255,167
3,255,167
3,255,167
3,253,168
3,253,168
3,253,168
3,253,168
3,253,168
3,253,166
3,253,166
3,253,166
3,253,166
3,253,167
3,253,167
3,253,168
3,253,168
3,253,168
3,255,168
3,255,168
3,255,168
3,255,168
3,253,168
3,253,168
3,253,168
3,253,168
3,253,168
3,253,168
3,253,169
3,253,169
3,253,169
3,253,168
3,253,168
3,253,168
3,253,168
3,253,168
3,253,168
3,253,168
3,253,168
3,253,168
3,253,168
3,253,169
3,253,169
3,253,169
3,253,169
3,253,169
3,253,169
3,253,169
3,253,169
3,253,169
3,253,169
3,255,169
3,255,169
3,255,170
3,255,170
3,255,170
3,255,170
3,255,170
3,255,170
3,255,169
3,255,169
3,253,169
3,253,169
3,253,169
3,253,169
3,252,169
3,252,169
3,252,169
3,253,169
3,253,169
3,253,168
3,253,168
3,253,169
3,253,169
3,253,169
3,253,169
3,253,169
3,253,169
3,253,169
3,253,169
3,253,169
3,253,169
3,253,169
3,253,169
3,253,169
3,253,169
3,253,169
3,253,168
3,253,168
3,253,168
3,253,168
3,253,168
3,253,168
3,255,167
3,255,167
3,255,165
3,255,165
3,253,164
3,253,164
3,253,161
3,253,160
3,253,160
3,253,160
3,253,159
3,253,158
3,253,157
3,253,154
3,252,152
3,252,150
3,250,147
3,250,144
3,250,142
3,249,139
3,249,137
2,249,136
2,249,136
2,249,136
3,253,136
3,255,131
3,255,134
3,255,136
3,255,142
3,253,146
3,253,149
3,253,153
3,253,156
3,253,156
3,255,157
3,255,157
3,255,158
3,255,158
3,255,158
3,255,158
3,255,158
3,255,158
3,255,158
3,255,158
3,255,158
3,255,158
3,255,159
3,255,159
3,255,160
3,253,160
3,253,161
3,253,163
3,253,163
3,253,163
3,253,163
3,253,163
3,253,163
3,253,163
3,253,163
3,255,163
3,255,164
3,255,164
3,255,164
3,255,164
3,255,164
3,255,165
3,255,165
3,255,165
3,255,165
3,255,165
3,255,165
3,255,164
3,255,164
3,255,164
3,255,164
3,255,164
3,255,164
3,255,164
3,255,164
3,255,164
3,255,164
3,255,165
3,253,165
3,253,165
3,253,166
3,253,166
3,253,166
3,253,166
3,253,166
3,253,168
3,253,168
3,253,168
3,253,168
3,253,168
3,253,168
3,253,168
3,253,168
3,253,168
3,255,167
3,255,167
3,255,167
3,255,167
3,253,168
3,253,168
3,253,168
3,255,167
3,255,167
3,255,167
3,255,167
3,253,167
3,253,168
3,253,168
3,253,167
3,253,167
3,253,166
3,253,166
3,253,166
3,253,167
3,253,168
3,253,168
3,253,168
3,253,168
3,255,168
3,255,168
3,255,168
3,255,168
3,255,168
3,253,168
3,253,168
3,253,168
3,253,168
3,253,168
3,253,168
3,253,168
3,253,168
3,253,168
3,253,168
3,253,168
3,253,168
3,253,168
3,253,168
3,253,168
3,253,168
3,253,168
3,253,168
3,253,169
3,253,169
3,253,169
3,253,169
3,253,169
3,253,169
3,253,169
3,253,169
3,253,169
3,253,169
3,255,169
3,255,169
3,255,170
3,255,170
3,255,170
3,255,170
3,255,170
3,255,170
3,255,169
3,255,169
3,253,169
3,253,169
3,253,169
3,253,169
3,252,169
3,252,169
3,252,169
3,253,169
3,253,169
3,253,169
3,253,169
3,253,169
3,253,169
3,253,169
3,253,169
3,253,169
3,253,169
3,253,169
3,253,169
3,253,169
3,253,169
3,253,169
3,253,169
3,253,169
3,253,169
3,253,169
3,253,168
3,253,168
3,253,168
3,253,168
3,253,168
3,255,167
3,255,167
3,255,166
3,255,165
3,255,165
3,253,164
3,253,163
3,253,161
3,253,160
3,253,160
3,253,160
3,253,159
3,253,157
3,253,157
3,253,154
3,252,152
3,252,150
3,250,147
3,250,144
3,250,142
3,249,139
3,249,137
3,249,136
2,249,136
2,249,136
3,251,136
3,255,131
3,255,135
3,255,138
3,255,143
3,253,147
3,253,152
3,253,154
3,253,156
3,253,156
3,253,157
3,253,158
3,252,158
3,252,158
3,252,158
3,255,158
3,255,158
3,255,158
3,255,158
3,255,158
3,255,158
3,255,159
3,255,159
3,255,160
3,253,160
3,253,161
3,253,162
3,253,163
3,253,163
3,253,163
3,253,163
3,253,163
3,253,163
3,253,163
3,255,163
3,255,164
3,255,164
3,255,164
3,255,164
3,255,164
3,255,165
3,255,165
3,255,165
3,255,165
3,255,165
3,255,165
3,255,165
3,255,164
3,255,164
3,255,164
3,255,164
3,255,164
3,255,165
3,255,165
3,255,165
3,255,165
3,253,165
3,253,165
3,253,166
3,253,166
3,253,166
3,253,166
3,253,166
3,253,166
3,253,168
3,253,168
3,253,168
3,253,168
3,253,168
3,253,168
3,253,168
3,253,168
3,253,168
3,253,168
3,253,168
3,253,168
3,253,168
3,253,168
3,253,168
3,253,168
3,253,168
3,255,168
3,255,167
3,255,167
3,255,167
3,255,168
3,253,168
3,253,167
3,253,167
3,253,167
3,253,167
3,253,167
3,253,167
3,253,168
3,253,168
3,253,168
3,255,168
3,255,168
3,255,168
3,255,168
3,255,168
3,255,168
3,255,168
3,255,168
3,253,168
3,253,168
3,253,168
3,253,168
3,253,168
3,253,168
3,253,168
3,253,168
3,253,168
3,253,168
3,253,168
3,253,168
3,253,168
3,253,168
3,253,168
3,253,168
3,253,169
3,253,169
3,253,169
3,253,169
3,253,169
3,253,169
3,253,169
3,253,169
3,253,169
3,255,169
3,255,169
3,255,170
3,255,170
3,255,170
3,255,170
3,255,170
3,255,170
3,255,170
3,255,169
3,255,169
3,255,169
3,253,169
3,253,169
3,253,169
3,253,169
3,253,169
3,253,169
3,253,169
3,253,169
3,253,169
3,253,169
3,253,169
3,253,169
3,253,169
3,253,169
3,253,169
3,253,169
3,253,169
3,253,169
3,253,169
3,253,169
3,253,169
3,253,169
3,253,169
3,253,169
3,253,168
3,253,168
3,253,168
3,253,168
3,253,168
3,255,167
3,255,167
3,255,167
3,255,166
3,255,165
3,255,164
3,253,164
3,253,161
3,253,161
3,253,160
3,253,160
3,253,160
3,253,159
3,253,157
3,253,157
3,253,154
3,252,152
3,252,150
3,250,148
3,250,144
3,250,142
3,249,139
3,249,137
2,249,136
2,249,136
2,249,136
3,255,129
3,255,132
3,255,137
3,255,142
3,253,146
3,253,151
3,253,153
3,253,156
3,253,156
3,253,156
3,253,157
3,252,158
3,252,158
3,252,158
3,252,158
3,255,158
3,255,158
3,255,158
3,255,158
3,255,159
3,253,159
3,253,160
3,253,160
3,253,160
3,255,160
3,253,161
3,253,162
3,253,163
3,253,163
3,253,163
3,253,163
3,253,163
3,253,163
3,255,163
3,255,164
3,255,164
3,255,164
3,255,164
3,255,164
3,255,164
3,255,165
3,255,165
3,255,165
3,255,165
3,255,165
3,255,165
3,255,165
3,255,165
3,255,165
3,255,165
3,255,165
3,255,165
3,253,166
3,253,166
3,253,166
3,253,166
3,253,166
3,253,166
3,253,166
3,253,166
3,253,166
3,253,166
3,253,166
3,253,168
3,253,168
3,253,168
3,253,168
3,253,168
3,253,168
3,253,168
3,253,168
3,253,168
3,253,168
3,253,168
3,253,168
3,253,168
3,253,168
3,253,168
3,253,168
3,253,168
3,253,168
3,253,168
3,255,168
3,255,168
3,253,168
3,253,168
3,253,168
3,253,167
3,253,167
3,253,167
3,253,167
3,253,167
3,253,166
3,253,166
3,255,168
3,255,168
3,255,168
3,255,168
3,255,168
3,255,168
3,255,168
3,255,168
3,255,168
3,255,168
3,253,168
3,253,168
3,253,168
3,253,168
3,253,168
3,253,168
3,253,168
3,253,168
3,253,168
3,253,168
3,253,168
3,253,168
3,253,168
3,253,168
3,253,168
3,253,169
3,253,169
3,253,169
3,253,169
3,253,169
3,253,169
3,253,169
3,253,169
3,253,169
3,255,169
3,255,169
3,255,170
3,255,170
3,255,170
3,255,170
3,255,170
3,255,170
3,255,170
3,255,170
3,255,170
3,255,170
3,255,170
3,253,169
3,253,169
3,253,169
3,253,169
3,253,169
3,253,169
3,253,169
3,253,169
3,253,169
3,253,169
3,253,169
3,253,169
3,253,169
3,253,169
3,253,169
3,253,169
3,253,169
3,253,169
3,253,169
3,253,169
3,253,169
3,253,169
3,253,169
3,253,168
3,253,168
3,253,168
3,253,168
3,255,167
3,255,167
3,255,167
3,255,167
3,255,166
3,255,165
3,255,165
3,255,164
3,253,161
3,253,161
3,253,160
3,253,160
3,253,160
3,253,159
3,253,157
3,253,157
3,253,154
3,253,152
3,252,150
3,250,148
3,250,144
3,250,142
3,249,139
2,249,137
2,249,136
2,249,136
3,251,136
3,255,128
3,255,131
3,255,136
3,255,141
3,253,146
3,253,151
3,253,153
3,253,154
3,253,154
3,253,156
3,253,156
3,252,157
3,252,158
3,252,158
3,252,158
3,253,158
3,255,158
3,255,158
3,253,159
3,253,159
3,253,159
3,253,159
3,255,159
3,255,160
3,255,160
3,255,160
3,253,162
3,253,162
3,253,163
3,253,163
3,253,163
3,253,163
3,253,163
3,255,163
3,255,164
3,255,164
3,255,164
3,255,164
3,255,164
3,255,164
3,255,165
3,255,165
3,255,165
3,255,165
3,255,165
3,255,165
3,255,165
3,255,165
3,255,165
3,255,165
3,255,165
3,253,166
3,253,166
3,253,166
3,253,166
3,253,166
3,253,166
3,253,166
3,253,166
3,253,166
3,253,166
3,253,166
3,253,166
3,253,168
3,253,168
3,253,168
3,253,168
3,253,168
3,253,168
3,253,168
3,253,168
3,253,168
3,253,168
3,253,168
3,253,168
3,253,168
3,253,169
3,253,169
3,253,169
3,253,169
3,253,169
3,253,168
3,253,168
3,253,168
3,253,168
3,253,168
3,253,168
3,253,168
3,253,168
3,253,167
3,253,167
3,255,166
3,255,166
3,255,166
3,255,166
3,255,166
3,255,168
3,255,168
3,255,168
3,255,168
3,255,168
3,255,168
3,255,168
3,255,168
3,255,168
3,253,168
3,253,168
3,253,168
3,253,168
3,253,168
3,253,168
3,253,168
3,253,168
3,253,168
3,253,168
3,253,168
3,253,168
3,253,168
3,253,168
3,253,169
3,253,169
3,253,169
3,253,169
3,253,169
3,253,169
3,253,169
3,253,169
3,253,169
3,255,169
3,255,169
3,255,170
3,255,170
3,255,170
3,255,170
3,255,170
3,255,170
3,255,170
3,255,170
3,255,170
3,255,170
3,255,170
3,255,170
3,255,169
3,255,169
3,253,169
3,253,169
3,253,169
3,253,169
3,253,169
3,253,169
3,253,169
3,253,169
3,253,169
3,253,169
3,253,169
3,253,169
3,253,169
3,253,169
3,253,169
3,253,169
3,253,169
3,253,169
3,253,169
3,253,168
3,253,168
3,255,167
3,253,168
3,253,167
3,255,167
3,255,167
3,255,167
3,255,167
3,255,166
3,255,165
3,255,164
3,255,163
3,253,161
3,253,161
3,253,160
3,253,160
3,253,160
3,253,159
3,253,157
3,253,156
3,253,154
3,253,152
3,253,150
3,250,148
3,250,144
3,250,142
3,249,139
2,249,136
2,249,136
2,249,136
3,251,137
3,255,127
3,255,130
3,255,134
3,255,139
3,253,145
3,253,150
3,253,153
3,253,154
3,253,154
3,253,156
3,253,156
3,253,157
3,252,158
3,252,158
3,252,158
3,253,158
3,253,158
3,255,158
3,253,159
3,253,159
3,253,159
3,253,159
3,255,159
3,255,160
3,255,160
3,255,160
3,253,161
3,253,162
3,253,162
3,253,163
3,253,163
3,253,163
3,253,163
3,253,164
3,255,164
3,255,164
3,255,164
3,255,164
3,255,164
3,255,164
3,255,165
3,255,165
3,255,165
3,255,165
3,255,165
3,255,165
3,255,165
3,255,165
3,255,165
3,255,165
3,253,166
3,253,166
3,253,166
3,253,166
3,253,166
3,253,166
3,253,166
3,253,166
3,253,166
3,253,166
3,253,166
3,253,166
3,253,166
3,253,168
3,253,168
3,253,168
3,253,168
3,253,168
3,253,168
3,253,168
3,253,168
3,253,168
3,253,168
3,253,168
3,253,168
3,253,168
3,253,169
3,253,169
3,253,169
3,253,169
3,253,169
3,253,169
3,253,169
3,253,168
3,253,168
3,253,168
3,253,168
3,253,168
3,253,168
3,253,167
3,255,167
3,255,166
3,255,166
3,255,166
3,255,166
3,255,166
3,255,166
3,255,168
3,255,168
3,255,168
3,255,168
3,255,168
3,255,168
3,255,168
3,255,168
3,255,168
3,253,168
3,253,168
3,253,168
3,253,168
3,253,168
3,253,168
3,253,168
3,253,168
3,253,168
3,253,168
3,253,168
3,253,168
3,253,168
3,253,169
3,253,169
3,253,169
3,253,169
3,253,169
3,253,169
3,253,169
3,253,169
3,253,169
3,255,169
3,255,169
3,255,169
3,255,170
3,255,170
3,255,170
3,255,170
3,255,170
3,255,170
3,255,170
3,255,170
3,255,170
3,255,170
3,255,170
3,255,170
3,255,169
3,255,169
3,255,169
3,255,169
3,253,169
3,253,169
3,253,169
3,253,169
3,253,169
3,253,169
3,253,169
3,253,169
3,253,169
3,253,169
3,253,169
3,253,169
3,253,169
3,253,169
3,253,169
3,253,168
3,253,168
3,253,168
3,255,167
3,255,167
3,255,167
3,255,167
3,255,167
3,255,167
3,255,166
3,255,166
3,255,165
3,255,164
3,255,162
3,253,161
3,253,161
3,253,160
3,253,160
3,253,160
3,253,158
3,253,157
3,255,156
3,255,154
3,253,152
3,253,150
3,252,148
3,251,144
3,250,142
3,251,138
3,251,136
2,249,136
3,251,136
3,251,137
3,255,128
3,255,129
3,255,132
3,255,138
3,255,143
3,253,148
3,252,152
3,252,154
3,253,154
3,253,154
3,253,156
3,253,157
3,252,158
3,252,158
3,252,158
3,253,158
3,253,158
3,253,158
3,253,159
3,253,159
3,255,159
3,255,159
3,255,159
3,255,159
3,255,160
3,255,160
3,255,160
3,255,162
3,253,162
3,253,162
3,253,163
3,253,163
3,253,164
3,253,164
3,255,164
3,255,164
3,255,164
3,255,164
3,255,164
3,255,164
3,255,165
3,255,165
3,255,165
3,255,165
3,253,166
3,255,165
3,255,165
3,255,165
3,255,165
3,255,165
3,253,166
3,253,166
3,253,166
3,253,166
3,253,166
3,253,166
3,253,166
3,253,166
3,253,166
3,253,166
3,253,166
3,253,166
3,253,166
3,255,166
3,255,168
3,255,168
3,255,168
3,255,168
3,255,168
3,253,168
3,253,168
3,253,168
3,253,168
3,253,168
3,253,168
3,253,168
3,253,169
3,253,169
3,253,169
3,253,169
3,253,169
3,253,169
3,253,169
3,253,168
3,253,168
3,253,168
3,253,168
3,253,168
3,253,168
3,253,168
3,255,166
3,255,166
3,255,166
3,255,166
3,255,166
3,255,166
3,255,166
3,255,168
3,255,168
3,255,168
3,255,168
3,255,168
3,255,168
3,255,168
3,255,168
3,255,168
3,253,168
3,253,168
3,253,168
3,253,168
3,253,168
3,253,168
3,253,168
3,253,168
3,253,168
3,253,168
3,253,168
3,253,168
3,253,168
3,253,168
3,253,169
3,253,169
3,253,169
3,253,169
3,253,169
3,253,169
3,253,169
3,253,169
3,253,169
3,253,169
3,255,170
3,255,170
3,255,169
3,255,169
3,255,169
3,255,169
3,255,169
3,255,169
3,255,170
3,255,170
3,255,170
3,255,170
3,255,170
3,255,169
3,255,169
3,255,169
3,253,169
3,253,169
3,253,169
3,253,169
3,253,169
3,253,169
3,253,169
3,253,169
3,255,169
3,253,169
3,253,169
3,253,169
3,253,169
3,253,169
3,253,169
3,253,169
3,253,168
3,253,168
3,255,167
3,255,167
3,255,167
3,255,167
3,255,167
3,255,167
3,255,167
3,255,166
3,255,165
3,255,165
3,253,164
3,253,162
3,253,161
3,253,161
3,253,160
3,253,160
3,253,159
3,253,158
3,253,157
3,253,154
3,253,152
3,253,150
3,253,149
3,251,145
3,251,143
3,251,139
3,251,137
3,251,135
3,251,135
3,251,135
3,251,137
3,255,129
3,255,131
3,255,136
3,255,141
2,252,147
3,252,152
3,252,154
3,253,154
3,253,154
3,253,156
3,253,157
3,252,157
3,252,158
3,252,158
3,252,158
3,253,158
3,253,158
3,253,159
3,253,159
3,255,159
3,255,159
3,255,159
3,255,159
3,255,160
3,255,160
3,253,160
3,253,162
3,253,162
3,253,163
3,253,163
3,253,163
3,253,164
3,253,164
3,253,164
3,255,164
3,255,164
3,255,164
3,255,164
3,255,165
3,255,165
3,255,165
3,255,165
3,255,165
3,253,166
3,253,166
3,253,166
3,255,166
3,255,165
3,255,166
3,253,166
3,253,166
3,253,166
3,253,166
3,253,166
3,253,166
3,253,166
3,253,166
3,253,166
3,253,166
3,253,166
3,253,166
3,255,166
3,255,166
3,255,166
3,255,168
3,255,168
3,255,168
3,255,168
3,255,168
3,253,168
3,253,168
3,253,168
3,255,168
3,255,168
3,255,168
3,253,168
3,253,169
3,253,169
3,253,169
3,253,169
3,253,169
3,253,169
3,253,168
3,253,168
3,253,168
3,253,168
3,253,168
3,253,168
3,253,168
3,253,166
3,255,166
3,255,166
3,255,166
3,255,166
3,255,166
3,255,166
3,255,168
3,255,168
3,255,168
3,255,168
3,255,168
3,255,168
3,255,168
3,255,168
3,253,168
3,253,168
3,253,168
3,253,168
3,253,168
3,253,168
3,253,168
3,253,168
3,253,168
3,253,168
3,253,168
3,253,168
3,253,168
3,253,168
3,253,168
3,253,168
3,253,169
3,253,169
3,253,169
3,253,169
3,253,169
3,253,169
3,253,169
3,253,169
3,253,169
3,253,169
3,255,169
3,255,169
3,255,169
3,255,169
3,255,169
3,255,169
3,255,169
3,255,169
3,255,170
3,255,170
3,255,170
3,255,170
3,255,169
3,255,169
3,253,169
3,253,169
3,253,169
3,253,169
3,253,169
3,253,169
3,253,169
3,253,169
3,253,169
3,255,169
3,253,169
3,253,169
3,253,169
3,253,169
3,253,169
3,253,169
3,253,169
3,253,168
3,253,168
3,255,167
3,255,167
3,255,167
3,255,167
3,255,167
3,255,166
3,255,166
3,255,165
3,255,165
3,253,164
3,253,162
3,253,161
3,253,161
3,253,160
3,253,160
3,253,159
3,253,159
3,253,158
3,253,156
3,253,154
3,253,152
3,253,149
3,253,147
3,253,143
3,251,140
3,251,137
3,253,135
3,253,135
3,253,135
3,253,135
3,253,129
3,255,131
3,255,134
3,255,139
3,253,144
3,253,148
3,253,152
3,253,154
3,253,154
3,253,156
3,253,157
3,253,157
3,252,158
3,252,158
3,252,158
3,253,158
3,253,158
3,253,158
3,255,159
3,255,159
3,253,159
3,253,159
3,253,159
3,253,160
3,253,160
3,253,160
3,253,162
3,253,162
3,253,163
3,253,163
3,253,164
3,253,164
3,253,164
3,253,164
3,255,165
3,255,165
3,255,165
3,255,165
3,255,165
3,255,165
3,255,165
3,255,165
3,255,165
3,253,166
3,253,166
3,253,166
3,255,166
3,255,166
3,255,166
3,253,167
3,253,167
3,253,168
3,253,168
3,253,166
3,253,166
3,253,166
3,253,166
3,253,166
3,253,166
3,253,166
3,253,166
3,255,166
3,255,166
3,255,165
3,255,165
3,255,165
3,255,166
3,255,166
3,255,166
3,255,166
3,253,166
3,255,166
3,255,167
3,255,168
3,255,168
3,255,168
3,255,168
3,255,168
3,255,168
3,255,168
3,253,168
3,253,168
3,253,168
3,253,168
3,253,168
3,253,168
3,253,168
3,253,168
3,253,168
3,255,166
3,255,166
3,255,165
3,255,166
3,255,166
3,255,166
3,255,166
3,255,168
3,253,168
3,253,168
3,253,168
3,253,168
3,253,168
3,253,168
3,253,168
3,253,168
3,253,168
3,253,168
3,253,168
3,253,168
3,253,168
3,253,168
3,253,168
3,253,168
3,253,168
3,253,168
3,253,168
3,253,168
3,253,168
3,253,168
3,253,168
3,255,168
3,253,169
3,253,169
3,253,169
3,253,169
3,253,169
3,253,169
3,253,169
3,253,169
3,253,169
3,253,169
3,253,169
3,253,169
3,253,169
3,253,169
3,255,169
3,255,169
3,255,169
3,255,169
3,254,170
3,254,170
3,254,170
3,253,169
3,253,169
3,253,169
3,253,169
3,253,169
3,253,169
3,253,169
3,253,169
3,253,169
3,253,169
3,253,169
3,253,169
3,253,169
3,253,169
3,253,169
3,253,169
3,253,169
3,253,169
3,253,169
3,253,168
3,255,168
3,255,167
3,255,167
3,255,167
3,255,167
3,255,165
3,255,165
3,255,165
3,255,165
3,253,165
3,253,164
3,253,162
3,253,161
3,253,161
3,253,160
3,253,160
3,253,159
3,253,158
3,253,157
3,253,155
3,253,152
3,253,150
3,253,147
3,253,143
3,253,140
3,253,137
3,253,136
3,253,135
3,253,135
3,253,135
3,253,135
3,253,129
3,255,130
3,255,133
3,255,137
3,255,142
3,253,147
3,253,152
3,253,154
3,253,154
3,253,156
3,253,157
3,253,157
3,252,158
3,252,158
3,252,158
3,252,158
3,255,158
3,255,158
3,255,158
3,255,158
3,255,159
3,253,159
3,253,159
3,253,160
3,253,160
3,253,160
3,253,162
3,253,163
3,253,163
3,253,163
3,253,164
3,252,164
3,252,164
3,253,165
3,253,165
3,255,165
3,255,165
3,255,165
3,255,165
3,255,165
3,255,165
3,255,165
3,255,165
3,253,166
3,253,166
3,253,166
3,253,166
3,253,166
3,253,167
3,253,168
3,253,168
3,253,168
3,253,168
3,253,168
3,253,168
3,253,166
3,253,166
3,253,166
3,253,166
3,253,166
3,253,166
3,253,166
3,255,166
3,255,165
3,255,165
3,255,165
3,255,165
3,255,165
3,255,166
3,253,166
3,253,166
3,255,166
3,255,166
3,255,167
3,255,168
3,255,168
3,255,168
3,255,168
3,255,168
3,255,168
3,255,168
3,253,168
3,253,168
3,253,168
3,253,168
3,253,168
3,253,168
3,253,168
3,253,167
3,255,166
3,255,165
3,255,165
3,255,165
3,255,166
3,255,166
3,255,168
3,253,168
3,253,168
3,253,168
3,253,168
3,253,168
3,253,168
3,253,168
3,253,168
3,253,168
3,253,168
3,253,168
3,253,168
3,253,168
3,253,168
3,253,168
3,253,168
3,253,168
3,253,168
3,253,168
3,253,168
3,253,168
3,253,168
3,253,168
3,255,168
3,255,168
3,255,168
3,253,169
3,253,169
3,253,169
3,253,169
3,253,169
3,253,169
3,253,169
3,253,169
3,253,169
3,253,169
3,253,169
3,253,169
3,253,169
3,253,168
3,253,168
3,253,169
3,254,170
3,252,170
3,252,170
3,254,170
3,253,169
3,253,169
3,253,169
3,253,169
3,253,169
3,253,169
3,253,169
3,253,169
3,253,169
3,253,169
3,253,169
3,253,169
3,253,169
3,253,169
3,253,169
3,253,169
3,253,169
3,253,169
3,255,168
3,255,168
3,255,167
3,255,167
3,255,167
3,255,167
3,255,166
3,255,165
3,255,165
3,255,165
3,253,165
3,253,164
3,253,162
3,253,161
3,253,161
3,253,160
3,253,160
3,253,159
3,253,159
3,252,158
3,252,156
3,252,153
3,253,150
3,253,148
3,253,144
3,253,140
3,253,137
3,253,136
3,253,135
3,253,135
3,253,135
3,253,135
3,253,135
3,253,128
3,255,130
3,255,131
3,255,135
3,255,140
3,255,145
3,253,149
3,253,153
3,253,154
3,253,156
3,253,157
3,253,157
3,252,158
3,252,158
3,252,158
3,252,158
3,255,158
3,255,158
3,255,158
3,255,158
3,255,159
3,255,159
3,255,159
3,253,160
3,253,160
3,253,160
3,253,161
3,253,163
3,253,163
3,253,163
3,252,164
3,252,164
3,252,164
3,253,165
3,253,165
3,253,165
3,255,165
3,255,165
3,255,165
3,255,165
3,255,165
3,255,165
3,253,166
3,253,166
3,253,166
3,253,166
3,253,166
3,253,167
3,253,168
3,253,168
3,253,168
3,253,168
3,253,168
3,253,168
3,253,168
3,253,168
3,253,168
3,253,166
3,253,166
3,253,166
3,253,166
3,253,166
3,253,166
3,253,166
3,255,165
3,255,165
3,255,165
3,255,165
3,255,166
3,253,166
3,253,166
3,255,166
3,255,166
3,255,167
3,255,168
3,255,168
3,255,168
3,255,168
3,255,168
3,255,168
3,255,168
3,255,168
3,253,168
3,253,168
3,253,168
3,253,168
3,253,168
3,253,168
3,253,167
3,255,166
3,255,165
3,255,165
3,255,165
3,255,165
3,255,167
3,253,168
3,253,168
3,253,168
3,253,168
3,253,168
3,253,168
3,253,168
3,253,168
3,253,168
3,253,168
3,253,168
3,253,168
3,253,168
3,253,168
3,253,168
3,253,168
3,253,168
3,253,168
3,253,168
3,253,168
3,253,168
3,253,168
3,255,168
3,255,168
3,255,168
3,255,168
3,255,168
3,255,168
3,255,168
3,253,169
3,253,169
3,253,169
3,253,169
3,253,169
3,253,169
3,253,169
3,253,169
3,253,169
3,253,168
3,253,168
3,253,168
3,253,168
3,253,169
3,253,169
3,252,170
3,252,170
3,253,169
3,253,169
3,253,169
3,253,169
3,253,169
3,253,169
3,253,169
3,253,169
3,253,169
3,253,169
3,253,169
3,253,169
3,253,169
3,253,169
3,253,169
3,253,169
3,253,169
3,253,169
3,255,168
3,255,167
3,255,167
3,255,167
3,255,167
3,255,167
3,255,167
3,255,165
3,255,165
3,255,165
3,255,165
3,253,165
3,253,164
3,253,162
3,253,161
3,253,161
3,253,160
3,253,159
3,253,159
3,253,158
3,252,157
3,252,154
3,252,152
3,252,148
3,251,145
3,253,140
3,253,137
3,253,136
3,253,134
3,253,134
3,253,134
3,253,135
3,253,135
3,251,136
3,255,128
3,255,130
3,255,133
3,255,139
3,255,144
3,255,148
3,255,152
3,253,154
3,253,156
3,253,157
3,253,157
3,252,158
3,252,158
3,252,158
3,252,158
3,255,158
3,255,158
3,255,158
3,255,158
3,255,159
3,253,159
3,253,159
3,253,160
3,253,160
3,253,160
3,253,161
3,253,163
3,253,163
3,252,164
3,252,164
3,252,164
3,252,164
3,253,165
3,253,165
3,253,165
3,255,165
3,253,165
3,253,166
3,253,166
3,253,166
3,253,166
3,253,166
3,253,166
3,253,166
3,253,166
3,253,167
3,253,168
3,253,168
3,253,168
3,253,168
3,253,168
3,253,168
3,253,168
3,253,168
3,253,168
3,253,168
3,253,168
3,253,168
3,253,166
3,253,166
3,253,166
3,253,166
3,253,166
3,253,166
3,255,166
3,255,166
3,255,166
3,255,166
3,255,166
3,255,166
3,255,166
3,255,167
3,255,168
3,255,168
3,255,168
3,255,168
3,255,168
3,255,168
3,255,168
3,255,168
3,255,168
3,253,168
3,253,168
3,253,168
3,253,168
3,253,168
3,253,168
3,253,168
3,255,166
3,255,165
3,255,165
3,255,165
3,255,166
3,253,166
3,253,168
3,253,168
3,253,168
3,253,168
3,253,168
3,253,168
3,253,168
3,253,168
3,253,168
3,253,168
3,253,168
3,253,168
3,253,168
3,253,169
3,253,168
3,253,168
3,253,168
3,253,168
3,253,168
3,253,168
3,253,168
3,255,168
3,255,168
3,255,168
3,255,168
3,255,168
3,255,168
3,255,168
3,255,168
3,253,168
3,253,168
3,253,168
3,253,169
3,253,168
3,253,168
3,253,168
3,253,168
3,253,168
3,253,168
3,253,168
3,253,168
3,253,169
3,253,169
3,253,169
3,253,169
3,253,169
3,253,169
3,253,169
3,253,169
3,253,169
3,253,169
3,253,169
3,253,169
3,253,169
3,253,169
3,253,169
3,253,169
3,253,169
3,253,169
3,253,169
3,253,169
3,253,169
3,253,168
3,255,168
3,255,167
3,255,167
3,255,167
3,255,167
3,255,167
3,255,167
3,255,167
3,255,165
3,255,165
3,255,165
3,255,165
3,253,164
3,253,164
3,253,163
3,253,161
3,253,161
3,253,160
3,253,159
3,253,159
3,253,158
3,252,156
3,252,153
3,252,150
3,252,146
3,251,141
3,253,137
3,253,135
3,253,133
3,253,133
3,253,133
3,251,133
3,251,134
3,251,135
3,255,127
3,255,128
3,255,133
3,255,136
3,255,141
3,255,146
3,255,151
3,253,154
3,253,156
3,253,157
3,253,157
3,252,158
3,252,158
3,252,158
3,252,158
3,255,158
3,255,158
3,255,158
3,255,159
3,255,159
3,255,159
3,253,160
3,253,160
3,253,160
3,253,161
3,253,161
3,253,163
3,253,163
3,253,163
3,252,164
3,252,164
3,252,164
3,253,165
3,255,165
3,255,165
3,255,165
3,253,166
3,253,166
3,253,166
3,253,166
3,253,166
3,253,166
3,253,166
3,253,166
3,253,166
3,253,168
3,253,168
3,253,168
3,253,168
3,253,168
3,253,168
3,253,168
3,255,168
3,255,168
3,255,168
3,253,168
3,253,168
3,253,168
3,253,168
3,253,168
3,253,168
3,253,168
3,253,168
3,253,168
3,255,168
3,255,167
3,255,167
3,255,167
3,255,167
3,255,167
3,255,167
3,255,168
3,255,168
3,255,168
3,255,168
3,255,168
3,255,168
3,255,168
3,255,168
3,255,168
3,255,169
3,253,169
3,253,169
3,253,169
3,253,168
3,253,168
3,253,168
3,253,168
3,253,167
3,255,166
3,255,165
3,255,166
3,253,166
3,253,166
3,253,167
3,253,168
3,253,168
3,253,168
3,253,168
3,253,168
3,253,168
3,253,168
3,253,168
3,253,168
3,253,168
3,253,169
3,253,169
3,253,169
3,253,169
3,253,169
3,253,168
3,253,168
3,253,168
3,253,168
3,253,168
3,255,167
3,255,167
3,255,168
3,255,168
3,255,168
3,255,168
3,255,168
3,255,168
3,255,168
3,255,168
3,255,168
3,255,168
3,253,168
3,253,168
3,253,168
3,253,168
3,253,168
3,253,168
3,253,169
3,253,169
3,253,169
3,253,169
3,253,169
3,253,169
3,253,169
3,253,169
3,253,169
3,253,169
3,253,169
3,253,169
3,253,169
3,253,169
3,253,169
3,253,169
3,253,169
3,253,169
3,253,169
3,253,169
3,253,169
3,253,169
3,253,168
3,255,168
3,255,167
3,255,167
3,255,167
3,255,167
3,255,167
3,255,167
3,255,167
3,255,165
3,255,165
3,255,165
3,255,165
3,255,165
3,253,164
3,253,164
3,253,163
3,253,161
3,253,161
3,253,160
3,255,160
3,253,159
3,253,158
3,253,154
3,252,152
3,250,148
3,250,143
3,249,139
3,251,135
3,253,133
3,253,132
3,253,132
3,253,132
3,251,133
3,251,133
3,251,135
3,255,126
3,255,127
3,255,130
3,255,134
3,255,139
3,255,144
3,255,150
3,253,153
3,253,156
3,253,157
3,253,157
3,252,158
3,252,158
3,252,158
3,252,158
3,255,158
3,255,158
3,255,158
3,255,159
3,255,159
3,255,160
3,255,160
3,253,160
3,253,160
3,253,161
3,253,161
3,253,162
3,253,163
3,253,163
3,253,164
3,252,164
3,253,164
3,255,165
3,255,165
3,253,165
3,253,166
3,253,166
3,253,166
3,253,166
3,253,166
3,253,166
3,253,166
3,253,166
3,253,166
3,253,168
3,253,168
3,253,168
3,253,168
3,253,168
3,253,168
3,253,168
3,255,168
3,255,168
3,255,168
3,255,168
3,255,168
3,255,168
3,253,168
3,253,168
3,253,168
3,253,168
3,253,168
3,253,168
3,253,168
3,255,168
3,255,168
3,255,168
3,255,168
3,255,168
3,255,168
3,255,168
3,255,168
3,255,168
3,255,168
3,255,168
3,255,168
3,255,168
3,255,168
3,255,168
3,255,169
3,255,169
3,253,169
3,253,169
3,253,169
3,253,169
3,253,169
3,253,168
3,253,168
3,253,168
3,253,166
3,253,166
3,253,166
3,253,166
3,253,166
3,253,166
3,253,168
3,253,168
3,253,168
3,253,168
3,253,168
3,253,168
3,253,168
3,253,168
3,253,168
3,253,168
3,253,169
3,253,169
3,253,169
3,253,169
3,253,169
3,253,169
3,253,168
3,253,168
3,253,168
3,253,168
3,255,167
3,255,167
3,255,168
3,255,168
3,255,168
3,255,168
3,255,168
3,255,168
3,255,167
3,255,167
3,255,167
3,255,167
3,253,168
3,253,168
3,253,168
3,253,168
3,253,168
3,253,168
3,253,169
3,253,169
3,253,169
3,253,169
3,253,169
3,253,169
3,253,169
3,253,169
3,253,169
3,253,169
3,253,169
3,253,169
3,253,169
3,253,169
3,253,169
3,253,169
3,253,169
3,253,169
3,253,169
3,253,169
3,253,169
3,253,168
3,255,167
3,255,167
3,255,167
3,255,167
3,255,167
3,255,167
3,255,167
3,255,167
3,255,165
3,255,165
3,255,165
3,255,165
3,255,165
3,255,165
3,253,164
3,253,163
3,253,163
3,253,162
3,255,161
3,255,160
3,255,160
3,255,158
3,253,157
3,253,153
3,250,150
3,250,147
3,250,141
3,249,136
3,249,132
3,251,130
3,253,130
3,253,130
3,253,131
3,251,132
3,251,132
3,251,134
3,255,126
3,255,128
3,255,133
3,255,136
3,255,143
3,255,147
3,253,152
3,253,155
3,253,157
3,252,157
3,252,157
3,252,158
3,252,158
3,252,158
3,255,158
3,255,158
3,255,159
3,255,159
3,255,160
3,255,160
3,253,160
3,253,160
3,253,161
3,253,161
3,253,161
3,253,161
3,253,163
3,253,163
3,253,164
3,253,164
3,253,164
3,255,165
3,255,165
3,255,165
3,255,165
3,253,166
3,253,166
3,253,166
3,253,166
3,253,166
3,253,166
3,253,166
3,253,166
3,253,168
3,253,168
3,253,168
3,253,168
3,253,168
3,253,168
3,255,169
3,255,169
3,255,169
3,255,169
3,255,169
3,255,169
3,255,168
3,255,168
3,253,168
3,253,168
3,253,168
3,253,168
3,255,168
3,255,168
3,255,168
3,255,168
3,255,168
3,255,168
3,255,168
3,255,168
3,255,168
3,255,168
3,255,168
3,255,168
3,255,168
3,255,168
3,255,168
3,255,168
3,255,169
3,255,169
3,255,169
3,253,169
3,253,169
3,253,169
3,253,169
3,253,169
3,253,169
3,253,168
3,253,168
3,253,168
3,253,166
3,253,166
3,253,166
3,253,166
3,253,168
3,253,168
3,253,168
3,253,168
3,253,168
3,253,168
3,253,168
3,253,168
3,253,168
3,253,168
3,253,168
3,253,169
3,253,169
3,253,169
3,253,169
3,252,169
3,252,169
3,253,169
3,253,168
3,253,168
3,253,168
3,255,167
3,255,167
3,255,168
3,255,168
3,255,168
3,255,168
3,255,168
3,255,168
3,255,167
3,255,167
3,255,167
3,255,167
3,253,168
3,253,168
3,253,168
3,253,168
3,253,168
3,253,168
3,253,168
3,253,169
3,253,169
3,253,169
3,253,169
3,253,169
3,253,169
3,253,169
3,253,169
3,253,169
3,253,169
3,253,169
3,253,169
3,253,169
3,253,169
3,253,169
3,253,169
3,253,169
3,253,169
3,253,169
3,253,168
3,253,168
3,255,167
3,255,167
3,255,167
3,255,167
3,255,167
3,255,167
3,255,167
3,255,165
3,255,165
3,255,165
3,255,165
3,255,165
3,255,165
3,253,164
3,253,164
3,253,163
3,253,162
3,253,162
3,255,161
3,255,160
3,255,159
3,255,158
3,255,154
3,253,151
3,250,148
3,250,143
3,249,138
3,249,133
3,251,129
3,251,127
3,253,127
3,253,128
3,253,129
3,251,131
3,251,132
3,255,126
3,255,127
3,255,131
3,255,135
3,255,140
3,255,146
3,253,150
3,253,154
3,252,156
3,253,157
3,253,157
3,252,158
3,252,158
3,253,158
3,255,158
3,255,159
3,255,159
3,255,159
3,253,160
3,253,160
3,253,160
3,253,160
3,253,161
3,253,161
3,253,161
3,253,162
3,253,163
3,253,163
3,253,164
3,253,164
3,253,164
3,255,165
3,255,165
3,255,165
3,255,165
3,253,166
3,253,166
3,253,166
3,253,166
3,253,166
3,253,166
3,253,166
3,253,168
3,253,168
3,253,168
3,253,168
3,253,168
3,253,168
3,255,169
3,255,169
3,255,169
3,255,169
3,255,169
3,255,169
3,255,169
3,255,169
3,255,169
3,255,168
3,255,168
3,255,168
3,255,168
3,255,168
3,255,168
3,255,168
3,255,168
3,255,168
3,255,168
3,255,168
3,255,168
3,255,168
3,255,168
3,255,168
3,255,168
3,255,168
3,255,168
3,255,168
3,255,168
3,255,169
3,255,169
3,255,169
3,253,169
3,253,169
3,253,169
3,253,169
3,253,169
3,253,169
3,253,168
3,253,168
3,253,168
3,253,168
3,253,166
3,253,166
3,253,168
3,253,168
3,253,168
3,253,168
3,253,168
3,253,168
3,253,168
3,253,168
3,253,168
3,253,168
3,253,168
3,253,168
3,253,169
3,253,169
3,253,169
3,253,169
3,252,169
3,252,169
3,253,168
3,253,168
3,253,168
3,253,168
3,253,168
3,255,168
3,255,168
3,255,168
3,255,168
3,255,168
3,255,168
3,255,168
3,255,167
3,255,167
3,255,167
3,255,167
3,255,167
3,253,168
3,253,168
3,253,168
3,253,168
3,253,168
3,253,168
3,253,169
3,253,169
3,253,169
3,253,169
3,253,169
3,253,169
3,253,169
3,253,169
3,253,169
3,253,169
3,253,169
3,253,169
3,253,169
3,253,169
3,253,169
3,253,169
3,253,169
3,253,169
3,253,169
3,253,168
3,253,168
3,255,167
3,255,167
3,255,167
3,255,167
3,255,167
3,255,167
3,255,165
3,255,165
3,255,165
3,255,165
3,255,165
3,255,165
3,255,164
3,253,164
3,253,164
3,253,163
3,253,162
3,255,162
3,255,160
3,255,160
3,255,158
3,255,157
3,253,153
3,252,150
3,250,146
3,250,141
3,249,134
3,251,129
3,251,127
3,253,125
3,253,126
3,253,127
3,255,128
3,253,130
3,251,131
3,255,126
3,255,126
3,255,130
3,255,133
3,255,137
3,255,143
3,253,148
3,253,152
3,252,154
3,253,156
3,253,157
3,252,157
3,253,158
3,253,158
3,253,158
3,255,159
3,255,159
3,253,160
3,253,160
3,255,160
3,253,160
3,253,161
3,253,161
3,253,161
3,253,161
3,253,163
3,253,163
3,253,164
3,253,164
3,253,164
3,255,165
3,255,165
3,255,165
3,255,165
3,255,165
3,255,165
3,253,166
3,253,166
3,253,166
3,253,166
3,253,166
3,253,166
3,253,168
3,253,168
3,253,168
3,253,168
3,253,168
3,253,169
3,255,169
3,255,169
3,255,169
3,255,169
3,255,169
3,255,169
3,255,169
3,255,169
3,255,169
3,255,169
3,255,168
3,255,168
3,255,168
3,255,168
3,255,168
3,255,168
3,255,168
3,255,168
3,255,168
3,255,168
3,255,168
3,255,168
3,255,168
3,255,168
3,255,168
3,255,168
3,255,168
3,255,168
3,255,169
3,255,169
3,255,169
3,255,169
3,253,169
3,253,169
3,253,169
3,253,169
3,253,169
3,253,169
3,253,169
3,253,168
3,253,168
3,253,168
3,253,168
3,253,168
3,253,168
3,253,168
3,253,168
3,253,168
3,253,168
3,253,168
3,253,168
3,253,168
3,253,168
3,253,168
3,253,168
3,253,168
3,253,168
3,253,169
3,253,169
3,253,169
3,253,169
3,253,168
3,253,168
3,253,168
3,253,168
3,253,168
3,253,168
3,253,168
3,255,168
3,255,168
3,255,168
3,255,168
3,253,168
3,253,168
3,253,168
3,253,167
3,255,167
3,253,168
3,253,168
3,253,168
3,253,168
3,253,168
3,253,168
3,253,168
3,253,168
3,253,169
3,253,169
3,253,169
3,253,169
3,253,169
3,253,169
3,253,169
3,253,169
3,253,169
3,253,169
3,253,169
3,253,169
3,253,169
3,253,169
3,253,169
3,253,169
3,253,169
3,253,169
3,253,169
3,253,168
3,253,168
3,255,167
3,255,167
3,255,167
3,255,167
3,255,167
3,255,165
3,255,165
3,255,165
3,255,165
3,255,165
3,255,164
3,253,164
3,253,164
3,253,164
3,252,163
3,253,163
3,253,162
3,255,162
3,255,160
3,255,159
3,255,158
3,255,154
3,253,150
3,252,147
3,250,142
3,249,138
3,251,131
3,251,127
3,253,124
3,253,124
3,253,124
3,255,126
3,255,127
3,253,128
3,253,131
3,255,126
3,255,128
3,255,131
3,255,135
3,255,140
3,253,146
3,253,150
3,252,153
3,253,154
3,253,156
3,253,157
3,253,158
3,253,158
3,253,158
3,255,159
3,255,159
3,253,159
3,255,160
3,255,160
3,253,161
3,253,161
3,253,161
3,253,161
3,253,163
3,253,164
3,255,164
3,255,164
3,255,164
3,255,165
3,255,165
3,255,165
3,255,165
3,255,165
3,255,165
3,253,166
3,253,166
3,253,166
3,253,166
3,255,165
3,255,165
3,255,165
3,255,165
3,253,168
3,253,168
3,253,168
3,253,168
3,253,169
3,253,169
3,255,169
3,255,169
3,255,169
3,255,169
3,255,169
3,255,169
3,255,169
3,255,169
3,255,169
3,255,169
3,255,168
3,255,168
3,255,168
3,255,168
3,255,168
3,255,168
3,255,168
3,255,168
3,255,168
3,255,167
3,255,167
3,255,168
3,255,168
3,255,168
3,255,168
3,255,168
3,255,168
3,255,169
3,255,169
3,255,169
3,255,169
3,253,169
3,253,169
3,253,169
3,253,169
3,253,169
3,253,169
3,253,169
3,253,169
3,253,168
3,253,168
3,253,168
3,253,168
3,253,168
3,253,168
3,253,168
3,253,168
3,253,168
3,253,168
3,253,168
3,253,168
3,253,168
3,253,168
3,253,168
3,255,168
3,255,168
3,253,168
3,253,168
3,253,168
3,253,168
3,253,168
3,253,168
3,253,168
3,253,168
3,253,168
3,253,168
3,253,168
3,255,168
3,255,168
3,255,168
3,255,168
3,253,168
3,253,168
3,253,168
3,253,168
3,253,168
3,253,168
3,253,168
3,253,168
3,253,168
3,253,168
3,253,168
3,253,168
3,253,168
3,253,169
3,253,169
3,253,169
3,253,169
3,253,169
3,253,169
3,253,169
3,253,169
3,253,169
3,253,169
3,253,169
3,253,169
3,253,169
3,252,170
3,252,170
3,252,170
3,253,169
3,253,169
3,253,169
3,253,168
3,253,168
3,255,167
3,255,167
3,255,167
3,255,167
3,255,167
3,255,165
3,255,165
3,255,165
3,253,165
3,253,165
3,253,164
3,253,164
3,253,164
3,253,163
3,253,163
3,253,162
3,253,162
3,255,160
3,255,159
3,255,158
3,255,156
3,253,153
3,252,150
3,251,145
3,251,140
3,251,134
3,253,128
3,253,124
3,253,123
3,253,123
3,253,124
3,255,125
3,255,127
3,255,128
3,255,126
3,255,126
3,255,130
3,255,133
3,255,137
3,255,143
3,253,148
3,253,151
3,253,154
3,253,156
3,253,156
3,253,157
3,253,158
3,253,158
3,255,159
3,255,159
3,255,159
3,255,160
3,255,162
3,253,162
3,253,162
3,253,162
3,253,163
3,253,164
3,255,164
3,255,164
3,255,164
3,255,164
3,255,165
3,253,165
3,253,166
3,253,166
3,255,165
3,255,165
3,253,166
3,253,166
3,253,166
3,253,166
3,253,166
3,253,166
3,255,165
3,255,165
3,253,168
3,253,168
3,253,168
3,253,168
3,253,169
3,253,169
3,253,169
3,255,169
3,255,169
3,255,169
3,255,169
3,255,169
3,255,169
3,255,169
3,255,169
3,255,169
3,255,169
3,255,168
3,255,168
3,255,168
3,253,168
3,253,168
3,253,168
3,255,168
3,255,167
3,255,167
3,255,167
3,255,167
3,253,168
3,253,168
3,253,168
4,255,168
3,255,168
3,255,168
3,255,168
3,255,169
3,255,169
3,253,169
3,253,169
3,253,169
3,253,169
3,253,169
3,253,169
3,253,169
3,253,169
3,253,168
3,253,168
3,253,168
3,253,168
3,253,168
3,253,168
3,253,168
3,253,168
3,253,168
3,253,168
3,253,168
3,253,168
3,253,168
3,253,168
3,255,168
3,255,168
3,255,168
3,255,168
3,253,168
3,253,168
3,253,168
3,253,168
3,253,168
3,253,168
3,253,168
3,253,168
3,253,168
3,253,168
3,255,168
3,255,168
3,255,168
3,255,168
3,253,168
3,253,168
3,253,167
3,253,168
3,253,168
3,253,168
3,253,168
3,253,168
3,253,168
3,253,168
3,253,168
3,253,168
3,253,168
3,253,169
3,253,169
3,253,169
3,253,169
3,253,169
3,253,169
3,253,169
3,253,169
3,253,169
3,253,169
3,253,169
3,253,169
3,253,169
3,252,170
3,252,170
3,252,170
3,252,170
3,253,169
3,253,169
3,253,169
3,253,168
3,253,168
3,255,167
3,255,167
3,255,167
3,255,167
3,255,165
3,255,165
3,253,165
3,252,165
3,253,165
3,253,164
3,253,164
3,253,164
3,253,163
3,253,163
3,253,162
3,253,160
3,253,160
3,255,159
3,253,157
3,253,154
3,252,150
3,250,147
3,251,142
3,251,137
3,253,131
3,253,126
3,253,124
3,253,123
3,253,123
3,255,123
3,255,125
3,255,127
3,255,128
3,255,126
3,255,128
3,255,130
3,255,135
3,255,139
3,253,145
3,253,148
3,253,153
3,253,154
3,253,156
3,253,157
3,252,158
3,252,158
3,252,159
3,253,159
3,253,160
3,255,162
3,253,162
3,253,162
3,253,163
3,253,163
3,253,163
3,255,164
3,255,164
3,255,164
3,255,164
3,255,164
3,255,165
3,253,165
3,253,166
3,253,166
3,253,166
3,253,166
3,253,166
3,253,166
3,253,166
3,253,166
3,253,166
3,253,166
3,255,165
3,255,165
3,255,166
3,253,168
3,253,168
3,253,168
3,253,168
3,253,169
3,253,169
3,253,169
3,255,169
3,255,169
3,255,169
3,255,169
3,255,169
3,255,169
3,255,169
3,255,169
3,255,169
3,255,168
3,253,168
3,253,168
3,253,168
3,253,168
3,253,168
3,253,168
3,253,167
3,255,167
3,255,166
3,255,166
3,253,167
3,253,167
3,253,168
3,253,168
3,255,168
3,255,168
3,255,168
3,255,168
3,255,169
3,253,169
3,253,169
3,253,169
3,253,169
3,253,169
3,253,169
3,253,169
3,253,169
3,253,169
3,253,169
3,253,168
3,253,168
3,253,168
3,253,168
3,253,168
3,253,168
3,253,168
3,253,168
3,253,168
3,253,168
3,253,168
3,253,168
3,253,168
3,255,168
3,255,168
3,253,168
3,253,168
3,253,168
3,253,168
3,253,168
3,253,168
3,253,168
3,253,168
3,253,168
3,253,168
3,253,168
3,255,168
3,255,168
3,255,168
3,255,166
3,253,166
3,253,166
3,253,167
3,253,168
3,253,168
3,253,168
3,253,168
3,253,168
3,253,168
3,253,168
3,253,168
3,253,168
3,253,169
3,253,169
3,253,169
3,253,169
3,253,169
3,253,169
3,253,169
3,253,169
3,253,169
3,253,169
3,253,169
3,253,169
3,253,169
3,252,170
3,252,170
3,252,170
3,252,170
3,252,170
3,253,169
3,253,169
3,253,169
3,253,169
3,253,168
3,253,168
3,255,167
3,255,167
3,255,167
3,255,166
3,253,165
3,252,165
3,252,165
3,252,165
3,253,164
3,253,164
3,253,163
3,253,163
3,253,162
3,253,161
3,253,160
3,253,159
3,253,158
3,253,156
3,250,153
3,250,149
3,250,145
3,251,138
3,253,133
3,253,127
3,253,124
3,253,123
3,253,123
3,253,123
3,253,123
3,253,125
3,253,127
3,255,126
3,255,126
3,255,129
3,255,133
3,255,137
3,255,142
3,253,147
3,253,151
3,253,153
3,253,154
3,253,156
3,252,157
3,252,158
3,252,159
3,253,159
3,253,162
3,253,162
3,253,162
3,253,163
3,253,163
3,253,163
3,255,163
3,255,164
3,255,164
3,255,164
3,255,164
3,255,165
3,255,165
3,253,166
3,253,166
3,253,166
3,253,168
3,253,168
3,253,168
3,253,168
3,253,168
3,253,166
3,253,166
3,253,166
3,255,165
3,255,165
3,255,165
3,255,167
3,253,168
3,253,168
3,253,168
3,253,169
3,253,169
3,253,169
3,253,169
3,253,169
3,253,169
3,253,169
3,255,169
3,255,169
3,255,169
3,255,169
3,253,169
3,253,168
3,253,168
3,253,168
3,253,168
3,253,168
3,253,168
3,253,168
3,253,167
3,253,166
3,253,166
3,253,166
3,253,166
3,253,166
3,253,166
3,253,167
3,253,167
3,255,168
3,255,168
3,255,168
3,255,168
3,255,169
3,255,169
3,255,169
3,255,169
3,255,169
3,255,169
3,253,169
3,253,169
3,253,169
3,253,169
3,253,168
3,253,168
3,253,168
3,253,168
3,253,168
3,253,168
3,253,168
3,253,168
3,253,168
3,253,168
3,253,168
3,253,168
3,253,168
3,253,168
3,253,168
3,253,168
3,253,168
3,253,168
3,253,168
3,253,168
3,253,168
3,253,168
3,253,167
3,253,166
3,253,166
3,255,166
3,255,166
3,255,166
3,255,166
3,255,166
3,253,166
3,253,166
3,253,166
3,253,166
3,253,168
3,253,168
3,253,168
3,253,168
3,253,168
3,253,168
3,253,168
3,253,168
3,253,168
3,253,169
3,253,169
3,253,169
3,253,169
3,253,169
3,253,169
3,253,169
3,253,169
3,253,169
3,253,169
3,253,169
3,253,169
3,252,170
3,252,170
3,252,170
3,252,170
3,252,170
3,253,169
3,253,169
3,253,169
3,253,169
3,253,169
3,253,169
3,253,168
3,255,167
3,253,167
3,253,167
3,252,165
3,252,165
3,252,165
3,252,165
3,253,164
3,253,163
3,253,163
3,253,162
3,253,162
3,253,160
3,253,160
3,253,159
3,253,157
3,250,155
3,250,151
3,250,147
3,250,142
3,251,135
3,253,131
3,253,126
3,253,124
3,253,123
3,253,123
3,253,123
3,253,125
3,253,126
3,253,127
3,255,126
3,255,126
3,255,129
3,255,130
3,255,135
3,255,139
3,255,145
3,253,148
3,253,153
3,253,154
3,252,155
3,252,157
3,252,158
3,252,159
3,253,159
3,253,162
3,253,162
3,253,162
3,253,163
3,253,163
3,253,163
3,255,163
3,255,164
3,255,164
3,255,164
3,255,164
3,255,165
3,255,165
3,253,166
3,253,167
3,253,168
3,253,168
3,253,168
3,253,168
3,253,168
3,253,168
3,253,168
3,253,168
3,253,166
3,255,166
3,255,166
3,255,166
3,255,167
3,255,167
3,253,168
3,253,168
3,253,169
3,253,169
3,253,169
3,253,169
3,253,169
3,253,169
3,253,169
3,253,169
3,253,169
3,253,169
3,253,169
3,253,168
3,253,168
3,253,168
3,253,168
3,253,168
3,253,168
3,253,168
3,253,168
3,253,166
3,253,166
3,253,166
3,253,166
3,253,166
3,253,166
3,253,166
3,253,167
3,253,167
3,255,167
3,255,168
3,255,168
3,255,168
3,255,169
3,255,169
3,255,169
3,255,169
3,255,169
3,255,169
3,255,169
3,253,169
3,253,169
3,253,169
3,253,169
3,253,168
3,253,168
3,253,168
3,253,168
3,253,168
3,253,168
3,253,168
3,253,168
3,253,168
3,253,168
3,253,168
3,253,168
3,253,168
3,255,168
3,255,168
3,253,168
3,253,168
3,253,168
3,253,167
3,253,167
3,253,167
3,253,166
3,253,166
3,253,166
3,255,166
3,255,166
3,255,166
3,255,166
3,255,166
3,253,166
3,253,166
3,253,166
3,253,166
3,253,168
3,253,168
3,253,168
3,253,168
3,253,168
3,253,168
3,253,168
3,253,168
3,253,168
3,253,168
3,253,169
3,253,169
3,253,169
3,253,169
3,253,169
3,253,169
3,253,169
3,253,169
3,253,169
3,253,169
3,253,169
3,252,170
3,252,170
3,252,170
3,252,170
3,252,170
3,253,169
3,253,169
3,253,169
3,253,169
3,253,169
3,253,169
3,253,169
3,253,168
3,253,167
3,253,167
3,253,165
3,252,165
3,252,165
3,253,164
3,253,163
3,253,163
3,253,163
3,253,162
3,253,161
3,255,160
3,253,159
3,253,158
3,252,157
3,248,154
3,248,149
3,250,144
3,249,138
3,251,133
3,253,127
3,253,124
3,253,124
3,253,123
3,253,123
3,253,124
3,253,125
3,253,127
3,253,130
3,255,126
3,255,127
3,255,129
3,255,133
3,255,137
3,255,141
3,253,146
3,253,151
3,253,153
3,252,154
3,252,157
3,252,158
3,253,158
3,253,159
3,253,161
3,253,162
3,253,162
3,253,163
3,253,163
3,253,163
3,255,163
3,255,163
3,255,164
3,255,164
3,255,165
3,255,165
3,255,165
3,253,166
3,253,167
3,253,168
3,253,168
3,253,168
3,253,168
3,253,168
3,253,168
3,253,168
3,253,168
3,253,168
3,255,166
3,255,166
3,255,167
3,255,167
3,255,167
3,255,167
3,253,168
3,253,168
3,253,169
3,253,169
3,253,169
3,253,169
3,253,169
3,253,169
3,253,169
3,253,169
3,253,169
3,253,169
3,253,169
3,253,168
3,253,168
3,253,168
3,253,168
3,253,168
3,253,168
3,253,168
3,253,166
3,253,166
3,253,166
3,253,166
3,253,166
3,253,166
3,253,166
3,253,167
3,253,167
3,255,167
3,255,167
3,255,168
3,255,168
3,255,168
3,255,168
3,255,169
3,255,169
3,255,169
3,255,169
3,255,169
3,255,169
3,253,169
3,253,169
3,253,169
3,253,168
3,253,168
3,253,168
3,253,168
3,253,168
3,253,168
3,253,168
3,253,168
3,253,168
3,253,168
3,253,168
3,253,168
3,253,168
3,253,168
3,253,168
3,253,167
3,253,167
3,253,167
3,253,167
3,253,166
3,253,166
3,253,166
3,253,166
3,255,165
3,255,165
3,255,165
3,255,166
3,255,166
3,255,166
3,253,166
3,253,166
3,253,166
3,253,166
3,253,168
3,253,168
3,253,168
3,253,168
3,253,168
3,253,168
3,253,168
3,253,168
3,253,168
3,253,168
3,253,168
3,253,169
3,253,169
3,253,169
3,253,169
3,253,169
3,253,169
3,253,169
3,253,169
3,253,169
3,253,169
3,253,169
3,253,169
3,253,169
3,253,169
3,253,169
3,253,169
3,253,169
3,254,170
3,254,170
3,253,169
3,253,169
3,253,169
3,253,169
3,253,167
3,253,167
3,252,165
3,252,165
3,252,165
3,253,163
3,253,163
3,253,163
3,253,162
3,253,162
3,255,161
3,255,160
3,253,159
3,253,158
3,250,155
3,248,151
3,248,148
3,250,142
3,249,135
3,251,131
3,253,126
3,253,124
3,253,124
3,255,124
3,253,124
3,253,125
3,253,127
3,253,128
3,255,126
3,255,127
3,255,129
3,255,131
3,255,135
3,255,139
3,253,145
3,253,148
3,253,153
3,252,154
3,252,157
3,252,158
3,253,158
3,253,158
3,255,160
3,253,161
3,253,162
3,253,162
3,253,162
3,253,162
3,253,163
3,255,163
3,255,164
3,255,165
3,255,165
3,253,165
3,253,166
3,253,166
3,253,166
3,253,168
3,253,168
3,253,168
3,253,168
3,253,168
3,253,168
3,253,168
3,253,168
3,253,168
3,255,168
3,255,167
3,255,167
3,255,167
3,255,167
3,255,167
3,253,168
3,253,168
3,253,169
3,253,169
3,253,169
3,253,169
3,253,169
3,253,169
3,253,169
3,253,169
3,253,169
3,253,169
3,253,169
3,253,168
3,253,168
3,253,168
3,253,168
3,253,168
3,253,168
3,253,168
3,253,168
3,253,168
3,253,167
3,253,167
3,253,166
3,253,166
3,253,166
3,253,167
3,255,167
3,255,167
3,255,167
3,255,167
3,255,168
3,255,168
3,255,168
3,255,168
3,255,169
3,255,169
3,255,168
3,255,168
3,255,168
3,253,168
3,253,169
3,253,168
3,253,168
3,253,168
3,253,168
3,253,168
3,253,168
3,253,168
3,253,168
3,253,168
3,253,168
3,253,168
3,253,168
3,253,168
3,253,168
3,253,168
3,253,167
3,253,167
3,255,167
3,255,167
3,255,166
3,255,166
3,255,166
3,255,165
3,255,165
3,255,165
3,255,165
3,255,165
3,255,165
3,255,166
3,255,166
3,255,166
3,253,166
3,253,166
3,253,166
3,253,168
3,253,168
3,253,168
3,253,168
3,253,168
3,253,168
3,253,168
3,253,168
3,253,168
3,253,168
3,253,168
3,253,168
3,253,169
3,253,169
3,253,169
3,253,169
3,253,169
3,253,169
3,253,169
3,253,169
3,253,169
3,253,169
3,253,169
3,253,169
3,253,169
3,253,169
3,253,169
3,254,170
3,254,170
3,254,170
3,254,170
3,253,169
3,253,169
3,253,168
3,253,167
3,252,166
3,252,165
3,252,165
3,253,164
3,253,163
3,253,163
3,253,163
3,253,162
3,253,162
3,255,161
3,253,160
3,253,159
3,252,157
3,250,154
3,248,149
3,248,144
3,248,139
3,249,133
3,251,128
3,253,126
3,253,125
3,253,125
3,253,124
3,253,125
3,253,126
3,253,128
3,251,131
3,255,127
3,255,128
3,255,130
3,255,133
3,255,137
3,253,141
3,253,146
3,253,151
3,252,154
3,252,156
3,253,158
3,255,158
3,255,158
3,255,159
3,255,160
3,253,160
3,253,162
3,253,162
3,253,162
3,253,163
3,253,163
3,253,164
3,255,165
3,253,165
3,253,165
3,253,165
3,255,166
3,253,166
3,255,167
3,255,168
3,255,168
3,255,168
3,255,168
3,253,169
3,253,169
3,253,169
3,253,169
3,255,168
3,255,168
3,255,167
3,255,167
3,255,167
3,255,167
3,253,167
3,253,168
3,253,168
3,253,169
3,253,169
3,253,169
3,253,169
3,253,169
3,253,169
3,253,169
3,253,169
3,253,169
3,253,169
3,253,169
3,253,169
3,255,169
3,255,169
3,255,169
3,255,169
3,255,169
3,255,169
3,255,169
3,253,169
3,253,168
3,253,168
3,253,168
3,253,167
3,253,167
3,255,167
3,255,167
3,255,167
3,255,167
3,255,168
3,255,168
3,255,168
3,255,168
3,255,168
3,255,168
3,255,168
3,255,168
3,255,168
3,253,168
3,253,168
3,253,168
3,253,168
3,253,168
3,253,168
3,253,168
3,253,168
3,253,168
3,253,168
3,253,168
3,253,168
3,253,168
3,253,168
3,253,168
3,253,167
3,253,167
3,253,166
3,255,166
3,255,166
3,255,166
3,255,166
3,255,166
3,255,166
3,255,165
3,255,165
3,255,165
3,255,165
3,255,165
3,255,166
3,255,166
3,255,166
3,255,166
3,255,166
3,253,166
3,253,168
3,253,168
3,253,168
3,253,168
3,253,168
3,253,168
3,253,168
3,253,168
3,253,168
3,253,168
3,253,168
3,253,168
3,253,168
3,253,169
3,253,169
3,253,169
3,252,170
3,252,170
3,253,169
3,253,169
3,253,169
3,253,169
3,255,169
3,255,169
3,255,169
3,255,169
3,255,169
3,255,169
3,255,170
3,254,170
3,254,170
3,254,170
3,254,170
3,253,169
3,253,168
3,253,167
3,252,166
3,252,165
3,252,165
3,253,164
3,253,163
3,253,163
3,253,163
3,253,162
3,255,161
3,255,160
3,255,159
3,253,158
3,252,156
3,250,153
3,250,148
3,250,142
3,249,137
3,249,132
3,251,128
3,251,126
3,253,126
3,253,125
3,253,125
3,253,127
3,253,128
3,253,130
3,255,127
3,255,128
3,255,129
3,255,131
3,255,135
3,253,139
3,253,144
3,253,148
3,253,153
3,253,156
3,253,157
3,255,158
3,255,158
3,255,158
3,255,159
3,255,160
3,253,160
3,253,162
3,253,163
3,253,163
3,252,164
3,252,165
3,253,165
3,253,165
3,253,165
3,255,165
3,255,166
3,255,166
3,255,166
3,255,167
3,255,168
3,255,168
3,255,169
3,255,169
3,255,169
3,255,169
3,255,169
3,255,169
3,255,168
3,255,168
3,255,167
3,255,167
3,255,167
3,253,167
3,253,167
3,253,168
3,253,168
3,253,168
3,253,168
3,255,168
3,253,169
3,253,169
3,253,169
3,253,169
3,253,169
3,253,169
3,253,169
3,253,169
3,255,169
3,255,169
3,255,169
3,255,169
3,255,169
3,255,169
3,255,169
3,255,169
3,253,169
3,253,168
3,253,168
3,253,168
3,253,168
3,253,168
3,255,167
3,255,167
3,255,168
3,255,168
3,255,168
3,255,168
3,255,168
3,255,168
3,255,168
3,255,168
3,255,168
3,255,168
3,253,168
3,253,168
3,253,168
3,253,168
3,253,168
3,253,168
3,253,168
3,253,168
3,255,167
3,255,167
3,255,167
3,253,168
3,253,168
3,253,168
3,253,166
3,253,166
3,255,166
3,255,166
3,255,165
3,255,165
3,255,165
3,255,166
3,255,166
3,255,166
3,255,165
3,255,165
3,255,165
3,255,165
3,255,165
3,255,166
3,255,166
3,255,166
3,255,166
3,255,166
3,253,168
3,253,168
3,253,168
3,253,168
3,253,168
3,253,168
3,253,168
3,253,168
3,253,168
3,253,168
3,253,168
3,253,168
3,253,168
3,253,168
3,253,169
3,253,169
3,253,169
3,252,170
3,252,170
3,253,169
3,253,169
3,253,169
3,253,169
3,255,169
3,255,169
3,255,169
3,255,169
3,255,169
3,255,169
3,255,169
3,255,170
3,254,170
3,254,170
3,254,170
3,253,168
3,253,168
3,252,167
3,252,166
3,252,165
3,252,165
3,252,165
3,253,164
3,253,163
3,253,163
3,253,161
3,255,160
3,255,160
3,255,159
3,252,157
3,250,154
3,250,150
3,250,145
3,250,140
3,249,133
3,249,131
3,251,128
3,251,126
3,253,126
3,253,126
3,253,126
3,253,128
3,253,129
3,251,132
3,255,128
3,255,128
3,255,130
3,255,133
3,255,136
3,253,141
3,253,146
3,253,150
3,253,154
3,255,156
3,255,158
3,255,158
3,255,158
3,255,158
3,255,159
3,253,160
3,253,162
3,253,163
3,252,164
3,252,164
3,252,164
3,253,165
3,253,165
3,253,165
3,255,165
3,255,166
3,255,166
3,255,166
3,255,167
3,255,168
3,255,168
3,255,169
3,255,169
3,255,170
3,255,170
3,255,169
3,255,169
3,255,169
3,255,168
3,255,167
3,255,167
3,255,167
3,253,167
3,253,167
3,253,167
3,253,168
3,253,168
3,253,168
3,255,168
3,253,168
3,253,168
3,253,169
3,253,169
3,253,169
3,253,169
3,253,169
3,253,169
3,255,169
3,255,169
3,255,169
3,255,169
3,255,169
3,255,169
3,255,169
3,255,169
3,253,169
3,253,169
3,253,168
3,253,168
3,253,168
3,253,168
3,253,168
3,253,168
3,253,168
3,255,168
3,255,168
3,255,168
3,255,168
3,255,168
3,255,168
3,255,168
3,255,168
3,255,168
3,253,168
3,253,168
3,253,168
3,253,168
3,253,168
3,253,168
3,255,167
3,255,167
3,255,167
3,255,167
3,255,167
3,255,167
3,253,167
3,253,166
3,253,166
3,253,166
3,253,166
3,253,166
3,255,165
3,255,165
3,255,165
3,253,166
3,255,166
3,255,166
3,255,166
3,255,166
3,255,165
3,255,166
3,255,166
3,255,166
3,255,166
3,255,166
3,255,166
3,255,168
3,255,168
3,255,168
3,253,168
3,253,168
3,253,168
3,253,168
3,253,168
3,253,168
3,253,168
3,253,168
3,253,168
3,253,168
3,253,168
3,253,168
3,253,169
3,253,169
3,253,169
3,252,170
3,252,170
3,252,170
3,253,169
3,253,169
3,255,169
3,255,169
3,255,169
3,255,169
3,255,169
3,255,169
3,255,169
3,255,169
3,255,170
3,255,170
3,254,170
3,253,169
3,253,168
3,253,167
3,252,167
3,252,166
3,252,165
3,252,165
3,252,165
3,252,164
3,253,163
3,253,163
3,253,161
3,253,160
3,253,159
3,253,158
3,252,155
3,250,153
3,250,149
3,250,142
3,249,137
3,249,132
3,251,130
3,251,128
3,251,127
3,251,127
3,251,126
3,251,128
3,253,129
3,253,131
3,255,128
3,255,128
3,255,129
3,255,130
3,255,134
3,255,139
3,253,144
3,253,148
3,253,153
3,255,156
3,255,157
3,255,158
3,255,158
3,255,158
3,255,159
3,253,160
3,252,163
3,252,163
3,252,164
3,252,164
3,252,164
3,253,165
3,253,165
3,255,165
3,255,165
3,255,166
3,255,166
3,255,166
3,255,168
3,255,168
3,255,169
3,255,169
3,255,170
3,255,170
3,255,170
3,255,170
3,255,169
3,253,168
3,253,168
3,253,167
3,255,167
3,255,166
3,255,166
3,253,166
3,253,166
3,253,167
3,253,168
3,253,168
3,253,168
3,253,168
3,253,168
3,253,168
3,253,169
3,253,169
3,253,169
3,253,169
3,253,169
3,255,169
3,255,169
3,255,169
3,255,169
3,255,169
3,255,169
3,255,169
3,253,169
3,253,169
3,253,169
3,253,168
3,253,168
3,253,168
3,253,168
3,253,168
3,253,168
3,253,168
3,253,168
3,253,168
3,255,168
3,255,168
3,255,168
3,255,168
3,255,168
3,255,168
3,255,168
3,253,168
3,253,168
3,253,168
3,253,168
3,253,168
3,253,168
3,255,167
3,255,167
3,255,167
3,255,167
3,255,167
3,255,167
3,253,167
3,253,166
3,253,166
3,253,166
3,253,166
3,253,166
3,255,165
3,255,165
3,255,165
3,253,166
3,253,166
3,253,166
3,255,167
3,255,167
3,255,167
3,255,166
3,255,166
3,255,166
3,255,166
3,255,166
3,255,168
3,255,168
3,255,168
3,255,168
3,253,168
3,253,168
3,253,168
3,253,168
3,253,168
3,253,168
3,253,168
3,253,168
3,253,168
3,253,168
3,253,169
3,253,169
3,253,169
3,253,169
3,253,169
3,252,170
3,252,170
3,252,170
3,253,169
3,253,169
3,255,169
3,255,169
3,255,169
3,255,169
3,255,169
3,255,169
3,255,169
3,255,169
3,255,169
3,255,170
3,254,170
3,253,169
3,253,168
3,253,167
3,253,167
3,252,167
3,252,165
3,252,165
3,252,165
3,252,164
3,253,163
3,253,163
3,253,160
3,253,160
3,253,159
3,252,157
3,252,153
3,250,149
3,250,146
3,251,141
3,249,136
3,251,132
3,251,130
3,251,128
3,251,127
3,251,127
3,251,128
3,251,129
3,251,130
3,251,131
3,255,128
3,255,128
3,255,129
3,255,133
3,255,136
3,255,140
3,253,145
3,255,150
3,255,153
3,255,156
3,255,157
3,255,158
3,255,158
3,255,159
3,253,161
3,253,163
3,253,163
3,252,164
3,252,164
3,253,164
3,253,164
3,255,165
3,255,165
3,255,165
3,255,165
3,255,166
3,255,166
3,255,168
3,255,168
3,255,169
3,255,170
3,255,170
3,255,170
3,255,170
3,255,170
3,253,169
3,253,168
3,253,167
3,253,167
3,253,166
3,255,165
3,255,164
3,255,163
3,255,164
3,255,165
3,253,166
3,253,168
3,253,168
3,253,168
3,253,168
3,253,168
3,253,168
3,253,168
3,253,168
3,253,168
3,253,168
3,253,168
3,255,168
3,255,169
3,255,169
3,255,169
3,253,169
3,253,169
3,253,169
3,253,169
3,253,169
3,253,168
3,253,168
3,253,168
3,253,168
3,253,168
3,253,168
3,253,168
3,253,168
3,253,168
3,253,168
3,253,168
3,253,168
3,253,168
3,253,168
3,253,168
3,253,168
3,253,168
3,253,168
3,253,168
3,253,168
3,253,168
3,253,168
3,255,167
3,255,167
3,255,167
3,255,167
3,255,167
3,253,167
3,253,166
3,253,166
3,253,166
3,253,166
3,253,166
3,253,166
3,253,166
3,253,166
3,253,166
3,253,166
3,253,167
3,253,167
3,255,168
3,255,168
3,255,168
3,255,168
3,255,168
3,255,166
3,255,168
3,255,168
3,255,168
3,255,168
3,255,168
3,255,168
3,255,168
3,255,168
3,253,168
3,253,168
3,253,168
3,253,169
3,253,169
3,253,169
3,253,169
3,253,169
3,253,169
3,253,169
3,253,169
3,253,169
3,253,169
3,253,169
3,252,170
3,253,169
3,253,169
3,253,169
3,255,169
3,255,169
3,255,169
3,255,169
3,255,169
3,255,169
3,255,169
3,255,169
3,255,169
3,255,169
3,255,169
3,255,169
3,253,168
3,255,167
3,255,167
3,253,166
3,252,165
3,252,165
3,252,165
3,252,164
3,252,163
3,253,163
3,253,160
3,253,159
3,253,158
3,252,155
3,250,151
3,252,148
3,251,143
3,251,138
3,251,134
3,251,132
3,251,130
3,251,128
3,251,128
3,251,128
3,251,129
3,251,129
3,251,131
3,255,128
3,255,128
3,255,128
3,255,130
3,255,133
3,255,137
3,253,141
3,255,147
3,255,152
3,255,156
3,255,157
3,255,158
3,255,159
3,255,159
3,255,162
3,253,162
3,253,163
3,252,163
3,252,164
3,253,164
3,253,164
3,255,164
3,255,165
3,255,165
3,255,165
3,255,166
3,255,168
3,255,168
3,255,168
3,255,169
3,255,170
3,255,170
3,255,170
3,255,170
3,253,169
3,253,168
3,253,168
3,253,166
3,253,166
3,253,165
3,253,164
3,255,163
3,255,163
3,255,163
3,255,164
3,253,165
3,253,166
3,253,167
3,253,168
3,253,168
3,253,168
3,253,168
3,253,168
3,253,168
3,253,168
3,253,168
3,253,168
3,255,168
3,255,168
3,253,169
3,253,169
3,253,169
3,253,169
3,253,169
3,253,169
3,253,169
3,253,168
3,253,168
3,253,168
3,253,168
3,253,168
3,253,168
3,253,168
3,253,168
3,253,168
3,253,168
3,253,168
3,253,168
3,253,168
3,253,168
3,253,168
3,253,168
3,253,168
3,253,168
3,253,168
3,253,168
3,253,168
3,253,168
3,253,168
3,253,168
3,253,168
3,253,167
3,253,167
3,253,166
3,253,166
3,253,166
3,253,166
3,253,166
3,253,166
3,253,166
3,253,166
3,253,166
3,253,166
3,253,166
3,253,168
3,253,168
3,253,168
3,255,168
3,255,168
3,255,168
3,255,168
3,255,168
3,255,168
3,255,168
3,255,168
3,255,168
3,255,168
3,255,168
3,255,168
3,255,168
3,253,168
3,253,169
3,253,169
3,253,169
3,253,169
3,253,169
3,253,169
3,253,169
3,253,169
3,253,169
3,253,169
3,253,169
3,253,169
3,253,169
3,253,169
3,253,169
3,253,169
3,253,169
3,255,169
3,255,169
3,255,170
3,255,170
3,255,169
3,255,169
3,255,169
3,255,169
3,255,169
3,255,169
3,255,169
3,255,168
3,255,167
3,255,165
3,255,165
3,255,165
3,252,165
3,252,165
3,252,165
3,252,164
3,252,163
3,253,161
3,253,160
3,253,158
3,252,155
3,250,152
3,250,149
3,252,146
3,251,141
3,251,137
3,251,134
3,251,132
3,251,130
2,249,130
3,251,129
3,251,128
3,251,130
3,251,130
3,251,131
3,253,127
3,255,127
3,255,127
3,255,131
3,255,136
3,255,139
3,255,143
3,255,148
3,255,153
3,255,156
3,255,157
3,255,159
3,255,159
3,255,161
3,255,162
3,253,162
3,253,163
3,253,163
3,253,163
3,253,163
3,255,164
3,255,164
3,255,165
3,255,165
3,255,166
3,255,168
3,255,168
3,255,168
3,255,169
3,255,170
3,255,170
3,255,170
3,255,170
3,253,169
3,253,168
3,252,166
3,252,166
3,252,166
3,252,164
3,253,163
3,255,163
3,255,162
3,255,163
3,255,163
3,253,164
3,253,165
3,253,166
3,253,166
3,252,166
3,253,166
3,253,166
3,253,166
3,253,166
3,253,167
3,253,167
3,253,168
3,253,168
3,253,168
3,253,168
3,253,169
3,253,169
3,253,169
3,253,169
3,253,169
3,253,169
3,253,168
3,253,168
3,255,168
3,255,168
3,255,168
3,255,168
3,255,168
3,253,168
3,253,168
3,253,168
3,253,168
3,253,168
3,253,168
3,253,168
3,253,168
3,253,168
3,253,168
3,253,168
3,253,168
3,253,168
3,253,168
3,253,168
3,253,168
3,253,168
3,253,168
3,253,168
3,253,167
3,253,166
3,253,166
3,253,166
3,253,166
3,253,166
3,253,166
3,253,166
3,253,166
3,253,166
3,253,166
3,253,168
3,253,168
3,253,168
3,253,168
3,255,168
3,255,168
3,255,168
3,255,168
3,255,168
3,255,168
3,255,168
3,255,168
3,255,168
3,255,168
3,255,168
3,255,168
3,255,169
3,255,169
3,253,169
3,253,169
3,253,169
3,253,169
3,253,169
3,253,169
3,253,169
3,253,169
3,253,169
3,253,169
3,255,169
3,255,169
3,255,169
3,253,169
3,253,169
3,253,169
3,253,169
3,255,169
3,255,170
3,255,170
3,255,170
3,255,170
3,255,170
3,255,169
3,255,169
3,255,169
3,255,169
3,255,169
3,255,168
3,255,167
3,255,165
3,255,165
3,255,165
3,253,165
3,252,165
3,252,164
3,252,164
3,252,163
3,252,160
3,252,159
3,252,156
3,252,153
3,252,149
3,252,146
3,251,143
3,251,138
3,251,135
3,251,133
3,251,132
3,251,131
3,249,130
3,251,130
3,251,130
3,251,131
3,251,131
3,253,127
3,253,127
3,253,127
3,253,130
3,253,133
3,255,136
3,255,140
3,253,146
3,253,151
3,253,156
3,253,157
3,253,159
3,255,159
3,255,160
3,255,162
3,255,162
3,253,162
3,253,163
3,253,163
3,253,163
3,255,163
3,255,164
3,255,164
3,255,165
3,255,165
3,255,167
3,255,168
3,255,168
3,255,169
3,255,169
3,255,170
3,255,169
3,253,169
3,253,168
3,253,167
3,252,166
3,250,166
3,250,166
3,250,165
3,252,164
3,253,162
3,255,162
3,253,162
3,253,163
3,253,164
3,253,165
3,253,165
3,252,166
3,250,166
3,253,166
3,253,166
3,253,166
3,253,166
3,253,166
3,253,167
3,253,167
3,253,168
3,253,168
3,253,168
3,253,168
3,253,169
3,253,169
3,253,169
3,253,169
3,253,169
3,253,168
3,255,168
3,255,168
3,255,168
3,255,168
3,255,168
3,255,168
3,255,168
3,253,168
3,253,168
3,253,168
3,253,168
3,253,168
3,253,168
3,253,168
3,253,168
3,253,168
3,253,168
3,253,168
3,253,168
3,253,168
3,253,168
3,253,168
3,253,168
3,253,168
3,253,168
3,253,166
3,253,166
3,253,166
3,253,166
3,253,166
3,253,166
3,253,166
3,253,166
3,253,166
3,253,166
3,253,168
3,253,168
3,253,168
3,253,168
3,255,168
3,255,168
3,255,168
3,255,168
3,255,168
3,255,168
3,255,168
3,255,168
3,255,168
3,255,168
3,255,168
3,255,169
3,255,169
3,255,169
3,255,169
3,255,169
3,253,169
3,253,169
3,253,169
3,253,169
3,253,169
3,253,169
3,253,169
3,253,169
3,253,169
3,255,169
3,255,169
3,255,169
3,253,169
3,253,169
3,253,169
3,253,169
3,255,169
3,255,170
3,255,170
3,255,170
3,255,170
3,255,170
3,255,170
3,255,169
3,255,169
3,255,169
3,255,168
3,255,168
3,255,167
3,255,165
3,255,165
3,255,164
3,253,164
3,253,164
3,252,164
3,252,163
3,252,161
3,252,159
3,252,157
3,252,154
3,252,150
3,252,147
3,251,144
3,251,140
3,251,137
3,251,134
3,251,133
3,251,132
3,251,131
3,251,131
3,251,130
3,251,131
3,251,132
3,251,132
3,253,127
3,253,127
3,253,129
3,253,131
3,255,135
3,255,139
3,255,143
3,253,147
3,253,152
3,253,156
3,253,157
3,255,159
3,255,159
3,255,160
3,255,160
3,255,161
3,253,162
3,253,163
3,253,163
3,253,163
3,255,163
3,255,164
3,255,165
3,255,165
3,255,167
3,255,168
3,255,168
3,255,169
3,255,169
3,255,169
3,253,169
3,253,168
3,253,167
3,253,166
3,252,166
3,250,166
3,250,166
3,250,166
3,252,164
3,252,164
3,253,163
3,253,163
3,253,164
3,252,165
3,253,165
3,253,166
3,252,166
3,250,166
3,253,166
3,253,166
3,253,166
3,253,166
3,253,166
3,253,166
3,253,168
3,253,168
3,253,168
3,253,168
3,253,168
3,253,168
3,253,169
3,253,169
3,253,169
3,253,169
3,255,169
3,255,168
3,255,168
3,255,168
3,255,168
3,255,168
3,255,168
3,255,168
3,253,168
3,253,168
3,253,168
3,253,168
3,253,168
3,253,168
3,253,168
3,253,168
3,253,168
3,253,168
3,253,168
3,253,168
3,253,168
3,253,168
3,253,168
3,253,168
3,253,168
3,253,168
3,253,166
3,253,166
3,253,166
3,253,166
3,253,166
3,253,166
3,253,166
3,253,166
3,253,166
3,253,166
3,253,168
3,253,168
3,253,168
3,253,168
3,255,168
3,255,168
3,255,168
3,255,168
3,255,168
3,255,168
3,255,168
3,255,168
3,255,168
3,255,168
3,255,169
3,255,169
3,255,169
3,255,169
3,255,169
3,255,169
3,253,169
3,253,169
3,253,169
3,253,169
3,253,169
3,253,169
3,253,169
3,253,169
3,255,169
3,255,169
3,255,169
3,255,170
3,255,170
3,254,170
3,254,170
3,254,170
3,254,170
3,254,170
3,254,170
3,252,170
3,252,170
3,252,170
3,254,170
3,253,169
3,253,169
3,255,168
3,255,168
3,255,167
3,255,165
3,255,164
3,255,164
3,255,164
3,253,164
3,253,164
3,252,163
3,252,161
3,252,159
3,252,157
3,252,155
3,252,152
3,250,148
3,251,144
3,251,142
3,251,138
3,251,135
3,251,134
3,251,133
3,251,132
3,251,132
3,249,131
3,251,131
3,251,132
3,251,132
3,251,129
3,253,129
3,253,130
3,253,131
3,253,132
3,253,136
3,255,140
3,253,144
3,253,148
3,253,153
3,253,156
3,253,158
3,255,159
3,255,160
3,255,160
3,255,160
3,255,161
3,253,161
3,253,162
3,255,163
3,255,163
3,255,163
3,255,165
3,255,165
3,255,167
3,255,168
3,255,168
3,255,168
3,253,168
3,253,168
3,253,168
3,253,168
3,253,166
3,253,166
3,253,166
3,250,166
3,250,166
3,250,166
3,250,165
3,252,164
3,252,164
3,252,164
3,253,165
3,252,165
3,253,166
3,253,166
3,253,166
3,252,166
3,253,166
3,253,166
3,253,166
3,253,166
3,253,166
3,253,167
3,253,168
3,253,168
3,253,168
3,253,168
3,253,168
3,253,168
3,253,169
3,253,169
3,253,169
3,253,169
3,255,169
3,255,169
3,255,168
3,255,168
3,255,168
3,255,168
3,255,168
3,255,168
3,253,168
3,253,168
3,253,168
3,253,168
3,253,168
3,253,168
3,253,168
3,253,169
3,253,169
3,253,169
3,253,168
3,253,168
3,253,168
3,253,168
3,253,168
3,253,168
3,253,168
3,253,168
3,253,166
3,253,166
3,253,166
3,253,166
3,253,166
3,253,166
3,253,166
3,253,166
3,253,166
3,253,168
3,253,168
3,253,168
3,253,168
3,255,168
3,255,168
3,255,168
3,255,168
3,255,168
3,255,168
3,255,168
3,255,168
3,255,168
3,255,168
3,255,168
3,255,169
3,255,169
3,255,169
3,255,169
3,255,169
3,255,169
3,255,169
3,253,169
3,253,169
3,253,169
3,253,169
3,253,169
3,253,169
3,253,169
3,255,169
3,255,169
3,255,170
3,255,170
3,255,170
3,255,170
3,255,170
3,254,170
3,254,170
3,254,170
3,252,170
3,252,170
3,252,170
3,252,170
3,254,170
3,253,169
3,253,169
3,253,168
3,255,168
3,255,165
3,255,165
3,255,164
3,255,164
3,253,164
3,253,164
3,253,163
3,252,162
3,252,160
3,252,158
3,252,155
3,252,153
3,252,149
3,251,145
3,251,142
3,251,138
3,251,137
3,251,135
3,251,134
3,251,133
3,249,133
3,249,132
3,249,132
3,251,132
3,251,133
3,251,134
3,251,130
3,251,130
3,251,131
3,253,132
3,253,134
3,255,137
3,255,141
3,255,146
3,253,151
3,253,155
3,253,157
3,255,158
3,255,158
3,255,159
3,255,160
3,255,160
3,255,161
3,255,162
3,253,162
3,255,163
3,255,163
3,255,165
3,255,165
3,253,167
3,253,167
3,253,168
3,253,168
3,253,168
3,253,168
3,253,168
3,253,168
3,253,166
3,253,166
3,253,166
3,253,166
3,250,166
3,250,166
3,250,166
3,250,165
3,252,165
3,252,165
3,252,165
3,252,166
3,253,166
3,253,166
3,253,166
3,253,166
3,253,166
3,253,166
3,253,166
3,253,166
3,253,168
3,253,168
3,253,168
3,253,168
3,253,168
3,253,168
3,253,168
3,253,168
3,253,168
3,253,168
3,253,169
3,253,169
3,255,169
3,255,169
3,255,169
3,255,169
3,255,169
3,255,169
3,255,169
3,255,169
3,253,169
3,253,169
3,253,169
3,253,169
3,253,169
3,253,169
3,253,169
3,253,169
3,253,169
3,253,169
3,253,169
3,253,168
3,253,168
3,253,168
3,253,168
3,253,168
3,253,168
3,253,168
3,253,166
3,255,166
3,255,165
3,255,165
3,255,165
3,253,166
3,253,166
3,253,166
3,253,167
3,253,168
3,253,168
3,253,168
3,255,168
3,255,168
3,255,168
3,255,168
3,255,168
3,255,168
3,255,168
3,255,168
3,255,168
3,255,168
3,255,168
3,255,168
3,255,169
3,255,169
3,255,169
3,255,169
3,255,169
3,255,169
3,255,169
3,255,169
3,253,169
3,253,169
3,253,169
3,253,169
3,253,169
3,253,169
3,255,169
3,255,170
3,255,170
3,255,170
3,255,170
3,255,170
3,255,170
3,254,170
3,254,170
3,252,170
3,252,170
3,252,170
3,252,170
3,252,170
3,252,170
3,253,169
3,253,168
3,253,168
3,255,167
3,255,165
3,255,164
3,255,164
3,255,164
3,253,164
3,253,164
3,253,163
3,252,160
3,252,158
3,250,155
3,250,154
3,250,150
3,252,147
3,251,142
3,251,138
3,251,137
3,251,135
3,251,135
3,251,134
3,249,134
3,251,133
3,251,133
3,251,133
3,251,134
3,251,134
3,251,131
3,251,131
3,253,131
3,253,133
3,253,135
3,253,139
3,253,143
3,253,148
3,253,152
3,253,156
3,253,157
3,255,158
3,255,158
3,255,159
3,253,160
3,253,160
3,253,162
3,253,162
3,255,162
3,255,163
3,253,165
3,253,165
3,253,165
3,253,167
3,253,167
3,253,167
3,253,166
3,253,166
3,253,166
3,253,166
3,253,166
3,253,166
3,253,166
3,253,166
3,252,166
3,250,166
3,250,166
3,250,166
3,250,166
3,252,166
3,252,166
3,253,166
3,253,166
3,253,166
3,253,166
3,253,166
3,253,166
3,253,166
3,253,166
3,253,168
3,253,168
3,253,168
3,253,168
3,253,168
3,255,168
3,255,168
3,255,168
3,253,168
3,253,168
3,253,168
3,253,168
3,253,169
3,255,169
3,255,169
3,255,169
3,255,169
3,255,169
3,255,169
3,255,169
3,255,169
3,253,169
3,253,169
3,253,169
3,253,169
3,253,169
3,253,169
3,253,169
3,253,169
3,253,169
3,253,169
3,253,169
3,253,168
3,253,168
3,253,168
3,253,168
3,253,168
3,253,168
3,253,167
3,255,166
3,255,165
3,255,165
3,255,165
3,255,165
3,253,166
3,253,166
3,253,166
3,253,168
3,253,168
3,253,168
3,253,168
3,255,168
3,255,168
3,255,169
3,255,169
3,255,169
3,255,168
3,255,168
3,255,168
3,255,168
3,255,168
3,255,168
3,255,168
3,255,168
3,255,169
3,255,169
3,255,169
3,255,169
3,255,169
3,255,169
3,255,169
3,253,169
3,253,169
3,253,169
3,253,169
3,253,169
3,253,169
3,255,170
3,255,170
3,255,170
3,255,170
3,255,170
3,255,170
3,255,170
3,254,170
3,254,170
3,252,170
3,252,170
3,252,170
3,252,170
3,252,170
3,252,169
3,253,169
3,253,168
3,255,167
3,255,165
3,255,164
3,255,164
3,255,164
3,255,164
3,253,164
3,252,163
3,252,161
3,252,159
3,250,157
3,250,154
3,250,151
3,250,148
3,251,144
3,251,139
3,251,137
3,251,135
3,251,135
3,249,135
3,249,135
3,249,134
3,249,134
3,249,133
3,251,134
3,251,135
3,251,131
3,251,131
3,251,131
3,251,132
3,255,134
3,255,137
3,255,140
3,255,145
3,255,150
3,253,153
3,253,156
3,255,158
3,253,158
3,253,158
3,253,160
3,253,160
3,253,162
3,253,162
3,253,163
3,253,163
3,253,164
3,253,165
3,253,165
3,253,165
3,253,165
3,253,165
3,253,165
3,253,165
3,253,166
3,253,166
3,253,167
3,253,167
3,253,167
3,253,166
3,253,166
3,253,166
3,252,166
3,252,166
3,252,166
3,252,166
3,253,166
3,253,166
3,253,166
3,253,168
3,253,168
3,253,168
3,253,168
3,253,168
3,253,168
3,253,168
3,253,168
3,253,168
3,255,168
3,255,168
3,255,168
3,255,168
3,255,168
3,255,168
3,255,168
3,253,168
3,253,168
3,255,169
3,255,169
3,255,169
3,255,169
3,255,169
3,255,169
3,255,169
3,255,169
3,255,169
3,253,169
3,253,169
3,253,169
3,253,169
3,253,169
3,253,169
3,253,169
3,253,169
3,253,169
3,253,169
3,253,169
3,253,169
3,253,168
3,253,168
3,253,168
3,253,168
3,253,168
3,255,167
3,255,165
3,255,165
3,255,165
3,255,165
3,255,165
3,253,166
3,253,167
3,253,168
3,253,168
3,253,168
3,255,168
3,255,168
3,255,168
3,255,169
3,255,169
3,255,169
3,255,169
3,255,169
3,255,168
3,255,168
3,255,168
3,255,168
3,255,168
3,255,168
3,255,168
3,255,168
3,255,168
3,255,169
3,255,169
3,255,169
3,255,169
3,255,169
3,255,169
3,255,169
3,253,169
3,253,169
3,253,169
3,254,170
3,255,170
3,255,170
3,255,170
3,255,170
3,255,170
3,255,170
3,255,170
3,255,170
3,254,170
3,252,170
3,252,170
3,252,170
3,252,170
3,252,170
3,253,169
3,253,168
3,253,167
3,255,165
3,255,165
3,255,164
3,255,164
3,253,164
3,253,163
3,253,163
3,252,162
3,252,160
3,252,158
3,250,155
3,250,152
3,250,148
3,250,145
3,251,142
3,251,137
3,251,136
3,249,135
3,249,135
3,249,135
3,249,135
3,249,135
3,249,134
3,249,135
3,249,135
3,251,136
3,251,131
3,251,131
3,251,131
3,253,132
3,255,135
3,255,137
3,255,142
3,255,146
3,255,152
3,255,154
3,255,156
3,253,158
3,253,158
3,253,159
3,253,160
3,253,162
3,253,162
3,252,163
3,253,164
3,252,164
3,252,165
3,253,165
3,253,164
3,253,164
3,253,164
3,253,164
3,253,164
3,253,165
3,253,166
3,253,167
3,253,168
3,253,168
3,253,168
3,253,166
3,253,166
3,253,166
3,252,166
3,252,166
3,253,166
3,253,166
3,253,166
3,253,168
3,253,168
3,253,168
3,253,168
3,253,168
3,253,168
3,253,168
3,253,168
3,253,168
3,253,168
3,255,168
3,255,168
3,255,168
3,255,168
3,255,168
3,255,168
3,255,168
3,255,168
3,255,168
3,255,168
3,255,169
3,255,169
3,255,169
3,255,169
3,255,169
3,255,169
3,255,169
3,255,169
3,253,169
3,253,169
3,253,169
3,253,169
3,253,169
3,253,169
3,253,169
3,253,169
3,253,169
3,253,169
3,253,169
3,253,169
3,253,168
3,253,168
3,253,168
3,253,168
3,253,168
3,253,168
3,255,166
3,255,165
3,255,165
3,255,165
3,253,166
3,253,166
3,253,168
3,253,168
3,253,168
3,253,168
3,255,168
3,255,168
3,255,169
3,255,169
3,255,169
3,255,169
3,255,169
3,255,169
3,255,169
3,255,168
3,255,168
3,255,168
3,255,168
3,255,168
3,255,168
3,255,168
3,255,168
3,255,168
3,255,168
3,255,169
3,255,169
3,255,169
3,255,169
3,255,169
3,253,169
3,253,169
3,253,169
3,255,170
3,255,170
3,255,170
3,255,170
3,255,170
3,255,170
3,255,170
3,255,170
3,255,170
3,254,170
3,252,170
3,252,170
3,252,170
3,252,170
3,253,169
3,253,169
3,253,168
3,253,167
3,253,165
3,253,164
3,255,164
3,253,164
3,253,163
3,253,163
3,253,163
3,252,161
3,252,159
3,252,157
3,250,153
3,250,149
3,250,145
3,251,142
3,251,138
3,251,135
3,251,135
3,249,135
3,249,135
3,249,135
3,249,135
3,249,135
3,249,135
3,251,135
3,251,135
3,251,131
3,251,131
3,253,131
3,253,133
3,255,136
3,255,140
3,255,144
3,255,147
3,255,152
3,253,154
3,253,157
3,253,158
3,253,159
3,253,160
3,253,161
3,253,162
3,252,163
3,252,164
3,252,164
3,252,164
3,252,164
3,253,164
3,253,164
3,253,164
3,253,164
3,253,163
3,253,164
3,253,164
3,255,165
3,255,167
3,253,168
3,253,168
3,253,167
3,253,166
3,253,166
3,253,166
3,253,166
3,253,166
3,253,168
3,253,168
3,253,168
3,253,168
3,253,168
3,253,168
3,253,168
3,253,168
3,253,168
3,253,168
3,253,168
3,253,168
3,255,168
3,255,168
3,255,168
3,255,168
3,255,168
3,255,168
3,255,168
3,255,168
3,255,168
3,255,168
3,255,169
3,255,169
3,255,169
3,255,169
3,255,169
3,255,169
3,255,169
3,255,169
3,255,169
3,255,169
3,255,169
3,255,169
3,255,169
3,255,169
3,255,169
3,253,169
3,253,169
3,253,169
3,253,169
3,253,169
3,253,169
3,253,168
3,253,168
3,253,168
3,253,168
3,255,168
3,255,167
3,255,166
3,255,166
3,255,166
3,253,167
3,253,168
3,253,168
3,253,168
3,253,168
3,253,168
3,255,168
3,255,168
3,255,169
3,255,169
3,255,169
3,255,169
3,255,169
3,255,169
3,255,169
3,255,169
3,255,168
3,255,168
3,255,168
3,255,168
3,255,168
3,255,168
3,255,168
3,255,168
3,255,168
3,255,168
3,255,169
3,255,169
3,255,169
3,255,169
3,255,169
3,255,169
3,255,169
3,255,170
3,255,170
3,255,170
3,255,170
3,255,170
3,255,170
3,255,170
3,255,170
3,254,170
3,252,170
3,252,170
3,252,170
3,252,170
3,252,169
3,253,169
3,253,168
3,253,167
3,253,167
3,255,165
3,253,164
3,253,163
3,253,163
3,253,163
3,253,163
3,253,162
3,253,160
3,252,158
3,252,155
3,252,150
3,252,147
3,251,142
3,253,138
3,253,135
3,253,135
3,251,135
3,249,135
3,249,135
3,249,135
3,249,135
3,253,135
3,253,135
3,253,135
3,251,131
3,251,131
3,251,131
3,253,131
3,253,134
3,253,137
3,255,140
3,255,145
3,253,148
3,253,153
3,253,155
3,253,158
3,253,159
3,253,160
3,253,160
3,252,162
3,252,163
3,252,164
3,252,164
3,252,164
3,252,164
3,253,164
3,253,164
3,253,164
3,253,163
3,253,163
3,253,163
3,253,163
3,255,164
3,255,165
3,253,167
3,253,168
3,253,168
3,253,167
3,253,167
3,253,166
3,253,166
3,253,168
3,253,168
3,253,168
3,253,168
3,253,168
3,253,168
3,253,168
3,253,168
3,253,168
3,253,168
3,253,168
3,253,168
3,253,168
3,255,168
3,255,168
3,255,168
3,255,168
3,255,168
3,255,168
3,255,168
3,255,168
3,255,168
3,255,168
3,255,169
3,255,169
3,255,169
3,255,169
3,255,169
3,255,169
3,255,169
3,255,169
3,255,169
3,255,169
3,255,169
3,255,169
3,255,169
3,255,169
3,255,169
3,255,169
3,255,169
3,255,169
3,254,170
3,253,169
3,253,169
3,253,169
3,253,169
3,253,169
3,255,169
3,255,169
3,255,169
3,255,168
3,255,168
3,255,167
3,253,168
3,253,168
3,253,168
3,253,168
3,253,168
3,253,168
3,255,168
3,255,169
3,255,169
3,255,169
3,255,169
3,255,169
3,255,169
3,255,169
3,255,169
3,255,169
3,255,168
3,255,168
3,255,168
3,255,168
3,255,168
3,255,168
3,255,168
3,255,168
3,255,168
3,255,168
3,255,168
3,255,168
3,255,169
3,255,169
3,255,169
3,255,170
3,255,170
3,255,170
3,255,170
3,255,170
3,255,170
3,255,170
3,255,170
3,255,170
3,254,170
3,252,170
3,252,170
3,252,170
3,252,170
3,252,169
3,252,168
3,253,168
3,253,167
3,255,167
3,255,165
3,255,165
3,253,164
3,253,163
3,253,163
3,253,163
3,253,163
3,253,160
3,252,159
3,252,155
3,252,153
3,252,147
3,253,143
3,253,139
3,253,135
3,253,135
3,253,135
3,251,135
3,249,135
3,249,135
3,249,135
3,251,135
3,253,135
3,253,135
3,253,136
3,249,131
3,251,130
3,253,130
3,253,131
3,255,135
3,255,137
3,255,141
3,255,145
3,255,148
3,253,153
3,253,156
3,253,158
3,253,159
3,253,160
3,252,161
3,252,163
3,252,163
3,252,164
3,252,164
3,252,164
3,252,164
3,252,164
3,252,164
3,253,163
3,253,162
3,253,163
3,253,163
3,255,164
3,255,164
3,255,166
3,253,167
3,253,168
3,253,168
3,253,168
3,253,168
3,253,168
3,253,168
3,253,168
3,253,168
3,253,168
3,253,168
3,253,168
3,253,168
3,253,168
3,253,168
3,253,168
3,253,168
3,253,168
3,253,168
3,253,168
3,253,168
3,255,168
3,255,168
3,255,168
3,255,168
3,255,168
3,255,168
3,255,168
3,255,168
3,255,168
3,255,168
3,255,169
3,255,168
3,255,168
3,255,168
3,255,168
3,255,168
3,255,168
3,255,169
3,255,169
3,255,169
3,255,169
3,255,169
3,255,169
3,255,169
3,255,170
3,255,170
3,255,170
3,255,170
3,255,170
3,255,170
3,255,170
3,255,170
3,255,170
3,255,170
3,255,170
3,255,169
3,255,169
3,255,169
3,253,168
3,253,168
3,253,168
3,253,168
3,253,168
3,253,168
3,255,169
3,255,169
3,255,169
3,255,169
3,255,169
3,255,169
3,255,169
3,255,169
3,253,169
3,253,169
3,255,169
3,255,169
3,255,168
3,255,168
3,255,168
3,255,168
3,255,168
3,255,168
3,253,168
3,253,168
3,255,168
3,255,168
3,255,168
3,255,169
3,255,169
3,255,169
3,255,169
3,255,170
3,255,170
3,255,170
3,255,170
3,255,170
3,255,170
3,255,170
3,251,170
3,251,170
3,252,169
3,252,169
3,252,169
3,252,168
3,252,167
3,253,167
3,253,167
3,255,166
3,255,165
3,255,164
3,255,163
3,253,163
3,253,163
3,253,162
3,253,160
3,253,159
3,252,156
3,252,153
3,252,148
3,253,144
3,253,139
3,253,136
3,253,133
3,253,132
3,253,131
3,251,132
3,251,133
3,251,133
3,253,135
3,253,135
3,253,135
3,253,136
3,249,129
3,251,129
3,253,130
3,253,131
3,255,135
3,255,137
3,255,141
3,255,146
3,253,151
3,253,153
3,253,157
3,253,159
3,253,159
3,253,160
3,252,161
3,252,163
3,252,163
3,252,164
3,252,164
3,252,164
3,252,164
3,252,163
3,252,163
3,253,162
3,253,162
3,253,163
3,253,163
3,253,164
3,253,165
3,253,167
3,253,168
3,253,168
3,253,168
3,253,168
3,253,168
3,253,168
3,253,168
3,253,168
3,253,168
3,253,168
3,253,168
3,253,168
3,253,168
3,253,168
3,253,168
3,253,168
3,253,168
3,253,168
3,253,168
3,253,168
3,255,168
3,255,168
3,255,168
3,255,168
3,255,168
3,255,168
3,255,168
3,255,168
3,255,168
3,255,168
3,255,168
3,255,168
3,255,168
3,255,168
3,255,168
3,255,168
3,255,168
3,255,168
3,255,169
3,255,169
3,255,169
3,255,169
3,255,169
3,255,169
3,255,170
3,255,170
3,255,170
3,255,170
3,255,170
3,255,170
3,255,171
3,255,171
3,255,170
3,255,170
3,255,170
3,255,170
3,255,169
3,255,169
3,255,169
3,253,169
3,253,168
3,253,168
3,253,168
3,253,168
3,255,169
3,255,169
3,255,169
3,255,169
3,255,169
3,255,169
3,255,169
3,255,169
3,253,169
3,253,169
3,253,169
3,255,169
3,255,168
3,255,168
3,255,168
3,255,168
3,255,168
3,253,168
3,253,168
3,253,168
3,253,168
3,255,168
3,255,168
3,255,168
3,255,169
3,255,169
3,255,169
3,255,169
3,255,170
3,255,170
3,255,170
3,255,170
3,254,171
3,251,171
3,251,171
3,251,170
3,252,169
3,252,168
3,252,167
3,252,167
3,253,167
3,253,167
3,253,165
3,255,164
3,255,164
3,255,163
3,255,163
3,255,163
3,253,162
3,253,160
3,253,159
3,252,158
3,252,155
3,252,150
3,253,144
3,253,139
3,253,137
3,255,132
3,255,131
3,255,130
3,253,131
3,253,131
3,251,132
3,253,132
3,253,134
3,253,135
3,253,135
3,249,128
3,251,128
3,253,128
3,253,129
3,255,131
3,255,135
3,255,137
3,255,141
3,253,146
3,253,151
3,253,154
3,253,157
3,253,159
3,253,160
3,252,160
3,252,161
3,252,163
3,252,163
3,252,164
3,252,164
3,252,164
3,252,163
3,252,163
3,252,163
3,253,163
3,253,163
3,253,163
3,255,164
3,255,164
3,255,165
3,255,167
3,253,168
3,253,168
3,253,168
3,253,168
3,253,168
3,253,168
3,253,168
3,253,168
3,253,168
3,253,168
3,253,168
3,253,168
3,253,168
3,253,168
3,253,168
3,253,168
3,253,168
3,253,168
3,253,168
3,253,168
3,255,168
3,255,168
3,255,168
3,255,168
3,255,168
3,255,168
3,255,168
3,255,168
3,255,168
3,255,168
3,255,168
3,255,168
3,255,168
3,255,168
3,255,168
3,255,168
3,255,168
3,255,168
3,255,169
3,255,169
3,255,169
3,255,169
3,255,169
3,255,169
3,255,169
3,255,170
3,255,170
3,255,170
3,255,170
3,255,171
3,255,171
3,255,170
3,255,170
3,255,170
3,255,170
3,255,170
3,255,170
3,255,170
3,255,169
3,253,169
3,253,169
3,253,169
3,253,169
3,253,169
3,255,169
3,255,169
3,255,169
3,255,169
3,255,169
3,255,169
3,253,169
3,253,169
3,253,169
3,253,169
3,253,169
3,255,169
3,255,168
3,255,168
3,255,168
3,253,168
3,253,168
3,253,168
3,253,168
3,253,168
3,253,168
3,255,168
3,255,168
3,255,169
3,255,169
3,255,169
3,255,170
3,255,170
3,255,170
3,255,171
3,255,171
3,252,171
3,251,171
3,251,171
3,251,170
3,252,168
3,252,167
3,252,167
3,252,165
3,253,164
3,253,164
3,255,164
3,255,163
3,255,163
3,255,163
3,255,162
3,255,162
3,253,160
3,253,160
3,252,158
3,252,155
3,252,151
3,253,147
3,253,142
3,253,137
3,255,132
3,255,130
3,255,129
3,255,129
3,253,130
3,253,131
3,253,132
3,253,132
3,253,133
3,253,135
3,253,136
3,251,127
3,253,127
3,255,127
3,255,129
3,255,131
3,255,135
3,255,137
3,255,141
3,253,146
3,253,151
3,253,154
3,253,157
3,253,159
3,252,160
3,252,161
3,252,162
3,253,163
3,252,164
3,252,164
3,252,164
3,252,163
3,252,163
3,252,163
3,252,163
3,253,163
3,253,164
3,253,164
3,255,164
3,255,164
3,255,165
3,253,167
3,253,168
3,253,168
3,253,168
3,253,168
3,253,168
3,253,168
3,253,168
3,253,168
3,253,168
3,253,168
3,253,168
3,253,168
3,253,168
3,253,168
3,253,168
3,253,168
3,253,168
3,253,168
3,255,168
3,255,168
3,255,168
3,255,168
3,255,168
3,255,168
3,255,168
3,255,168
3,255,168
3,255,168
3,255,168
3,255,168
3,255,168
3,255,168
3,255,168
3,255,168
3,255,168
3,255,168
3,255,168
3,255,168
3,255,169
3,255,169
3,255,169
3,255,169
3,255,169
3,255,169
3,255,169
3,255,169
3,255,170
3,255,170
3,255,170
3,255,170
3,255,170
3,255,170
3,255,170
3,255,170
3,255,170
3,255,170
3,255,170
3,255,169
3,253,169
3,253,169
3,253,169
3,253,169
3,255,169
3,255,169
3,255,169
3,255,169
3,255,169
3,255,169
3,255,169
3,255,169
3,253,169
3,253,169
3,253,169
3,253,169
3,255,169
3,255,168
3,255,168
3,253,168
3,253,168
3,253,168
3,253,168
3,253,168
3,253,168
3,255,167
3,255,167
3,255,168
3,255,168
3,255,169
3,255,169
3,255,169
3,255,170
3,255,170
3,255,171
3,255,171
3,252,171
3,252,171
3,251,171
3,252,169
3,252,167
3,252,167
3,253,164
3,253,164
3,253,164
3,253,163
3,255,163
3,255,163
3,255,162
3,255,162
3,255,162
3,255,160
3,253,160
3,253,158
3,252,155
3,252,153
3,252,148
3,251,144
3,253,139
3,253,136
3,253,131
3,255,130
3,255,129
3,255,129
3,253,129
3,253,131
3,253,132
3,253,132
3,253,135
3,251,135
3,253,126
3,255,125
3,255,126
3,255,129
3,255,131
3,255,135
3,255,138
3,253,142
3,253,146
3,253,151
3,253,154
3,253,157
3,253,159
3,253,160
3,253,162
3,253,163
3,253,163
3,253,164
3,252,164
3,252,164
3,252,163
3,252,163
3,252,163
3,252,164
3,253,164
3,255,164
3,255,164
3,255,164
3,255,165
3,255,166
3,255,167
3,255,167
3,253,168
3,253,168
3,253,168
3,253,168
3,253,168
3,253,168
3,253,168
3,253,168
3,253,168
3,253,168
3,253,168
3,253,168
3,253,168
3,253,168
3,253,168
3,253,168
3,255,168
3,255,168
3,255,168
3,255,168
3,255,168
3,255,168
3,255,168
3,255,168
3,255,168
3,255,168
3,253,168
3,253,168
3,253,168
3,253,168
3,253,168
3,253,168
3,253,168
3,253,168
3,253,168
3,253,168
3,253,169
3,253,169
3,255,169
3,255,169
3,255,169
3,255,169
3,255,169
3,255,169
3,255,169
3,255,169
3,255,170
3,255,170
3,255,170
3,255,170
3,255,170
3,255,170
3,255,170
3,255,170
3,255,170
3,255,170
3,253,169
3,253,169
3,253,169
3,253,169
3,255,169
3,255,169
3,255,169
3,255,169
3,255,169
3,255,169
3,255,169
3,255,169
3,253,169
3,253,169
3,253,169
3,253,169
3,253,169
3,253,168
3,253,168
3,253,168
3,253,168
3,253,168
3,253,168
3,253,168
3,255,167
3,255,167
3,255,167
3,255,167
3,255,167
3,255,169
3,255,169
3,255,169
3,255,169
3,255,170
3,255,171
3,254,171
3,254,171
3,252,171
3,252,169
3,252,167
3,252,167
3,253,164
3,253,164
3,253,164
3,253,163
3,253,162
3,255,161
3,255,160
3,255,160
3,255,160
3,255,160
3,253,160
3,253,158
3,252,155
3,252,153
3,252,150
3,252,146
3,251,142
3,253,137
3,253,135
3,253,131
3,255,130
3,255,129
3,255,129
3,253,129
3,251,131
3,253,132
3,251,132
3,251,135
3,255,125
3,255,125
3,255,126
3,255,129
3,255,131
3,255,135
3,253,139
3,253,143
3,253,146
3,253,151
3,253,154
3,253,157
3,253,159
3,253,160
3,253,163
3,253,163
3,253,164
3,253,164
3,252,164
3,252,164
3,252,164
3,252,163
3,252,164
3,253,164
3,255,164
3,255,164
3,255,164
3,255,165
3,255,165
3,255,167
3,255,167
3,255,167
3,255,167
3,253,168
3,253,168
3,253,168
3,253,166
3,253,168
3,253,168
3,253,168
3,253,168
3,253,168
3,253,168
3,253,168
3,253,168
3,253,168
3,253,168
3,253,168
3,255,168
3,255,168
3,255,168
3,255,168
3,255,168
3,255,168
3,255,168
3,255,168
3,253,168
3,253,168
3,253,168
3,253,168
3,253,168
3,253,168
3,253,168
3,253,168
3,253,168
3,253,168
3,253,168
3,253,168
3,253,169
3,253,169
3,255,169
3,255,169
3,255,169
3,255,169
3,255,169
3,255,169
3,255,169
3,255,169
3,255,169
3,255,170
3,255,170
3,255,170
3,255,170
3,255,170
3,255,170
3,255,170
3,255,170
3,253,169
3,253,169
3,253,169
3,255,169
3,255,169
3,255,169
3,255,170
3,255,170
3,255,170
3,255,169
3,255,169
3,255,169
3,255,169
3,253,169
3,253,169
3,253,169
3,253,169
3,253,168
3,253,168
3,253,168
3,253,168
3,253,168
3,253,168
3,253,168
3,255,167
3,255,167
3,255,167
3,255,167
3,255,167
3,255,167
3,255,168
3,255,169
3,255,169
3,255,169
3,255,171
3,254,171
3,253,169
3,253,169
3,252,167
3,253,167
3,253,164
3,253,164
3,253,163
3,253,163
3,253,162
3,253,160
3,253,160
3,255,160
3,255,160
3,255,160
3,253,159
3,253,158
3,253,155
3,252,153
3,252,150
3,252,147
3,251,143
3,251,139
3,251,136
3,251,133
3,253,131
3,253,130
3,253,129
3,253,129
3,251,130
3,251,131
3,251,132
3,251,132
3,255,125
3,255,125
3,255,126
3,255,129
3,253,131
3,253,135
3,253,139
3,253,143
3,253,146
3,253,151
3,253,154
3,253,157
3,253,160
3,253,162
3,253,163
3,253,164
3,253,164
3,253,164
3,252,164
3,252,164
3,252,164
3,252,164
3,253,164
3,255,164
3,255,164
3,255,164
3,255,164
3,255,165
3,255,165
3,255,165
3,255,167
3,255,167
3,255,167
3,253,166
3,253,166
3,253,166
3,253,166
3,253,166
3,253,168
3,253,168
3,253,168
3,253,168
3,253,168
3,253,168
3,253,168
3,253,168
3,253,168
3,255,168
3,255,168
3,255,168
3,255,168
3,255,168
3,255,168
3,255,168
3,253,168
3,253,168
3,253,168
3,253,168
3,253,168
3,253,168
3,253,168
3,253,168
3,253,168
3,253,168
3,253,168
3,253,168
3,253,168
3,253,168
3,253,169
3,255,169
3,255,169
3,255,168
3,255,168
3,255,167
3,255,167
3,255,167
3,255,168
3,255,169
3,255,169
3,255,169
3,255,170
3,255,170
3,255,170
3,255,170
3,255,170
3,254,170
3,253,169
3,253,169
3,253,169
3,255,169
3,255,169
3,255,170
3,255,170
3,255,170
3,255,170
3,255,170
3,255,169
3,255,169
3,255,169
3,253,169
3,253,169
3,253,169
3,253,168
3,253,168
3,253,168
3,253,168
3,253,168
3,253,168
3,253,168
3,253,168
3,255,167
3,255,167
3,255,167
3,255,167
3,255,167
3,255,167
3,255,167
3,255,168
3,255,168
3,255,168
3,255,169
3,255,169
3,253,168
3,253,167
3,253,167
3,253,164
3,253,164
3,253,163
3,253,163
3,253,163
3,253,161
3,253,160
3,253,160
3,253,160
3,253,159
3,253,159
3,253,158
3,253,156
3,252,153
3,253,150
3,252,147
3,251,143
3,251,140
3,251,137
3,251,135
3,251,132
3,251,131
3,251,131
3,251,131
3,251,130
3,251,131
3,251,132
3,251,132
3,253,126
3,253,126
3,253,129
3,253,131
3,253,134
3,253,136
3,253,139
3,253,144
3,253,147
3,252,152
3,252,155
3,253,158
3,253,160
3,253,162
3,253,163
3,253,164
3,253,164
3,252,163
3,252,164
3,252,164
3,252,164
3,252,164
3,255,164
3,255,164
3,255,164
3,255,164
3,255,164
3,255,165
3,255,165
3,255,165
3,255,165
3,255,166
3,255,166
3,253,166
3,253,166
3,253,166
3,253,166
3,253,168
3,253,168
3,253,168
3,253,168
3,253,168
3,253,168
3,253,168
3,253,168
3,253,168
3,255,168
3,255,168
3,255,168
3,255,168
3,255,168
3,255,168
3,255,168
3,253,168
3,253,168
3,253,168
3,253,168
3,253,168
3,253,168
3,253,168
3,253,168
3,253,168
3,253,168
3,253,168
3,253,168
3,253,168
3,253,168
3,255,168
3,255,168
3,255,168
3,255,168
3,255,167
3,255,167
3,255,167
3,255,167
3,255,167
3,255,168
3,255,169
3,255,169
3,255,169
3,255,170
3,255,170
3,255,170
3,254,170
3,254,170
3,254,170
3,253,169
3,253,169
3,255,169
3,255,170
3,255,170
3,255,170
3,255,170
3,255,170
3,255,170
3,255,169
3,255,169
3,255,169
3,253,169
3,253,169
3,253,168
3,253,168
3,253,168
3,253,168
3,253,168
3,253,168
3,253,168
3,253,168
3,253,168
3,255,167
3,255,167
3,255,167
3,255,167
3,255,167
3,255,167
3,255,167
3,255,167
3,255,167
3,255,167
3,255,167
3,255,167
3,253,167
3,253,166
3,253,164
3,253,164
3,253,163
3,253,163
3,253,163
3,253,162
3,253,161
3,253,160
3,253,160
3,253,159
3,253,159
3,253,158
3,252,156
3,252,153
3,253,150
3,253,147
3,251,143
3,253,141
3,251,138
3,251,136
3,251,133
3,251,131
3,251,131
3,251,131
3,251,131
3,251,131
3,251,131
3,251,132
3,253,126
3,253,128
3,251,129
3,251,131
3,251,132
3,253,134
3,253,136
3,253,139
3,253,144
3,253,147
3,252,152
3,253,155
3,253,158
3,253,160
3,253,162
3,253,163
3,253,163
3,252,163
3,252,163
3,252,163
3,252,164
3,252,164
3,253,164
3,255,164
3,255,164
3,255,164
3,255,164
3,255,164
3,255,164
3,255,164
3,255,164
3,255,165
3,255,165
3,255,165
3,255,166
3,253,166
3,253,166
3,253,167
3,253,168
3,253,168
3,253,168
3,253,168
3,253,168
3,253,168
3,253,168
3,253,168
3,253,168
3,253,168
3,255,168
3,255,168
3,255,168
3,255,168
3,255,168
3,253,168
3,253,168
3,253,168
3,253,168
3,253,168
3,253,168
3,253,168
3,253,168
3,253,168
3,255,167
3,255,167
3,255,167
3,255,168
3,255,168
3,255,168
3,255,168
3,255,168
3,255,168
3,255,167
3,255,167
3,255,167
3,255,167
3,255,167
3,255,167
3,255,168
3,255,168
3,255,169
3,255,169
3,254,170
3,254,170
3,254,170
3,254,170
3,254,170
3,253,169
3,253,169
3,253,169
3,255,169
3,255,170
3,255,170
3,255,170
3,255,170
3,255,170
3,255,169
3,255,169
3,253,169
3,253,168
3,253,168
3,253,168
3,253,168
3,253,168
3,253,167
3,255,167
3,255,167
3,255,167
3,255,167
3,255,167
3,255,167
3,255,167
3,255,167
3,255,167
3,255,167
3,255,167
3,255,167
3,255,166
3,255,165
3,255,165
3,255,165
3,255,164
3,255,164
3,253,163
3,253,163
3,253,163
3,253,163
3,253,163
3,253,162
3,253,161
3,253,160
3,253,160
3,252,159
3,252,159
3,252,158
3,252,156
3,252,153
3,252,150
3,253,147
3,253,143
3,253,141
3,253,138
3,251,136
3,251,133
3,251,132
3,251,132
3,251,131
3,251,131
3,251,131
3,251,131
3,251,132
3,251,132
3,251,129
3,251,131
3,251,131
3,251,132
3,251,132
3,253,134
3,253,136
3,253,139
3,253,144
3,252,147
3,252,152
3,253,155
3,253,158
3,253,159
3,253,161
3,253,163
3,253,163
3,252,163
3,252,163
3,252,163
3,252,164
3,253,164
3,253,164
3,255,164
3,255,164
3,255,164
3,255,164
3,255,164
3,255,164
3,255,164
3,255,165
3,255,165
3,255,165
3,255,166
3,253,166
3,253,166
3,253,166
3,253,167
3,253,168
3,253,168
3,253,168
3,253,167
3,255,167
3,255,167
3,255,167
3,255,167
3,253,167
3,255,167
3,255,167
3,255,167
3,255,167
3,253,167
3,253,167
3,255,167
3,255,167
3,255,167
3,255,167
3,255,167
3,255,167
3,255,167
3,255,167
3,255,167
3,255,167
3,255,167
3,255,168
3,255,168
3,255,168
3,255,168
3,255,168
3,255,168
3,255,167
3,253,168
3,253,168
3,253,168
3,255,168
3,255,168
3,255,168
3,253,168
3,253,169
3,253,169
3,253,169
3,254,170
3,254,170
3,254,170
3,254,170
3,253,169
3,253,169
3,253,169
3,255,169
3,255,169
3,255,170
3,255,169
3,255,169
3,255,169
3,255,169
3,255,168
3,253,168
3,253,168
3,253,168
3,253,168
3,253,167
3,253,167
3,255,167
3,255,167
3,255,167
3,255,167
3,255,167
3,255,167
3,255,167
3,255,167
3,255,167
3,255,167
3,255,166
3,255,166
3,255,166
3,255,165
3,255,165
3,255,164
3,255,163
3,255,163
3,255,163
3,255,163
3,255,163
3,255,162
3,253,162
3,253,162
3,253,161
3,253,160
3,253,160
3,252,159
3,252,159
3,250,159
3,250,157
3,252,153
3,252,150
3,252,147
3,253,143
3,253,141
3,253,137
3,253,136
3,251,135
3,251,133
3,251,132
3,251,132
3,251,132
3,251,131
3,251,132
3,251,132
3,251,132
3,251,131
3,251,131
3,251,132
3,251,132
3,253,132
3,253,133
3,253,136
3,253,139
3,253,144
3,253,148
3,253,152
3,253,154
3,253,158
3,253,159
3,253,160
3,253,161
3,252,163
3,252,163
3,253,163
3,253,163
3,253,164
3,253,164
3,253,164
3,253,164
3,255,164
3,255,164
3,255,164
3,255,164
3,255,164
3,255,164
3,255,164
3,255,164
3,255,165
3,253,166
3,253,166
3,253,166
3,253,166
3,253,166
3,253,166
3,253,166
3,255,165
3,255,165
3,255,165
3,255,166
3,253,166
3,253,166
3,253,166
3,253,166
3,253,166
3,253,167
3,253,167
3,253,167
3,255,167
3,255,167
3,255,167
3,255,167
3,255,167
3,255,167
3,255,167
3,255,167
3,255,167
3,255,167
3,255,167
3,255,167
3,255,168
3,255,168
3,255,168
3,255,168
3,255,168
3,253,168
3,253,168
3,253,168
3,253,168
3,253,168
3,253,167
3,253,167
3,253,168
3,253,168
3,253,168
3,253,169
3,253,169
3,253,169
3,253,169
3,253,169
3,253,169
3,253,169
3,253,169
3,253,169
3,253,169
3,255,169
3,255,169
3,255,169
3,255,169
3,253,168
3,253,168
3,253,168
3,253,168
3,253,168
3,253,166
3,253,166
3,253,166
3,255,166
3,255,166
3,255,167
3,255,167
3,255,167
3,255,167
3,255,167
3,255,167
3,255,167
3,253,166
3,253,166
3,253,166
3,253,165
3,253,164
3,253,164
3,253,163
3,255,163
3,255,162
3,255,161
3,255,160
3,255,160
3,255,160
3,253,160
3,253,160
3,253,160
3,253,159
3,253,159
3,252,159
3,250,158
3,250,156
3,250,154
3,250,150
3,250,147
3,251,143
3,253,140
3,253,137
3,251,136
3,251,135
3,251,135
3,251,133
3,251,133
3,251,132
3,251,132
3,251,132
3,251,132
3,253,134
3,251,132
3,251,132
3,251,132
3,253,132
3,253,131
3,253,133
3,253,136
3,253,139
3,253,145
3,253,148
3,253,152
3,252,154
3,252,157
3,253,158
3,253,160
3,253,161
3,253,162
3,253,163
3,253,163
3,253,163
3,253,163
3,253,163
3,253,164
3,253,164
3,253,164
3,255,164
3,255,164
3,255,164
3,255,164
3,255,164
3,255,164
3,255,165
3,255,165
3,255,165
3,253,166
3,253,166
3,255,165
3,255,165
3,255,165
3,255,165
3,255,165
3,255,164
3,253,164
3,253,164
3,253,164
3,253,165
3,253,165
3,253,165
3,253,165
3,253,167
3,255,167
3,255,167
3,255,167
3,255,167
3,255,167
3,255,167
3,255,167
3,255,167
3,255,167
3,255,167
3,255,167
3,255,167
3,255,168
3,255,168
3,255,168
3,255,168
3,255,168
3,253,168
3,253,168
3,253,168
3,253,168
3,253,168
3,253,168
3,253,167
3,253,167
3,253,168
3,253,168
3,253,168
3,253,169
3,253,169
3,253,169
3,253,169
3,253,169
3,253,169
3,253,169
3,253,169
3,253,169
3,253,169
3,253,169
3,255,169
3,255,168
3,255,168
3,253,168
3,253,168
3,253,168
3,253,166
3,253,166
3,253,166
3,252,166
3,252,166
3,253,166
3,255,166
3,255,166
3,255,167
3,255,167
3,255,167
3,255,167
3,255,167
3,253,166
3,253,166
3,253,166
3,253,165
3,253,164
3,253,164
3,253,163
3,253,163
3,253,163
3,255,161
3,255,160
3,255,160
3,255,160
3,255,160
3,253,160
3,253,159
3,253,159
3,253,158
3,253,158
3,252,158
3,250,156
3,250,154
3,250,150
3,250,147
3,251,143
3,251,140
3,251,137
3,251,136
3,251,135
3,249,135
3,249,135
3,249,135
3,249,133
3,251,133
3,251,133
3,251,135
3,253,135
3,251,132
3,253,131
3,253,130
3,253,130
3,253,130
3,253,133
3,253,136
3,253,139
3,253,144
3,253,148
3,252,152
3,252,154
3,253,157
3,253,158
3,253,160
3,253,160
3,253,161
3,253,162
3,253,163
3,253,163
3,253,163
3,253,163
3,253,164
3,253,164
3,253,164
3,255,164
3,255,164
3,255,164
3,255,164
3,255,164
3,255,165
3,255,165
3,255,165
3,253,165
3,253,165
3,255,165
3,255,165
3,255,165
3,255,164
3,253,164
3,253,164
3,253,164
3,253,164
3,253,164
3,253,164
3,253,164
3,253,165
3,253,165
3,253,165
3,255,167
3,255,167
3,255,167
3,255,167
3,255,167
3,255,167
3,255,167
3,255,167
3,255,167
3,255,167
3,255,167
3,255,168
3,255,168
3,255,168
3,253,169
3,253,168
3,253,168
3,253,168
3,253,168
3,253,168
3,253,168
3,253,168
3,253,168
3,253,167
3,253,166
3,253,167
3,253,168
3,253,168
3,253,168
3,253,169
3,253,169
3,253,169
3,253,169
3,253,168
3,253,168
3,253,168
3,253,168
3,253,168
3,253,168
3,255,168
3,255,168
3,255,168
3,253,168
3,253,167
3,253,166
3,253,166
3,253,166
3,253,166
3,252,165
3,252,165
3,253,165
3,253,166
3,255,167
3,255,167
3,255,167
3,255,167
3,255,167
3,255,167
3,255,166
3,253,166
3,253,165
3,253,165
3,253,164
3,253,163
3,253,163
3,253,163
3,253,162
3,255,161
3,255,160
3,255,160
3,255,160
3,255,160
3,255,159
3,253,159
3,253,158
3,253,156
3,253,156
3,252,155
3,250,152
3,250,150
3,250,146
3,250,143
3,251,139
3,251,137
3,251,136
3,251,135
3,249,135
3,249,135
3,249,135
3,249,135
3,249,135
3,249,136
3,251,136
3,251,137
3,253,131
3,253,130
3,253,130
3,253,130
3,253,131
3,253,134
3,253,136
3,253,139
3,251,144
2,250,148
3,252,152
3,253,155
3,253,157
3,253,159
3,255,160
3,255,161
3,255,161
3,255,162
3,255,162
3,253,163
3,253,163
3,253,163
3,253,164
3,253,164
3,253,164
3,253,164
3,253,164
3,255,164
3,255,164
3,255,164
3,255,164
3,253,165
3,253,165
3,253,165
3,255,164
3,255,164
3,255,164
3,253,164
3,253,164
3,253,164
3,253,164
3,253,164
3,253,164
3,253,164
3,253,164
3,253,164
3,253,165
3,253,165
3,255,167
3,255,167
3,255,167
3,255,167
3,255,167
3,255,167
3,255,167
3,255,167
3,255,167
3,255,167
3,255,167
3,255,168
3,253,168
3,253,169
3,253,169
3,253,169
3,253,169
3,253,168
3,253,168
3,253,168
3,253,168
3,253,168
3,253,168
3,253,166
3,253,166
3,253,166
3,253,168
3,253,168
3,253,168
3,253,168
3,253,168
3,253,168
3,253,168
3,253,168
3,253,168
3,253,168
3,253,168
3,253,168
3,255,168
3,255,168
3,255,167
3,255,167
3,253,166
3,253,166
3,253,166
3,253,165
3,253,165
3,253,165
3,253,165
3,253,165
3,253,165
3,253,166
3,255,167
3,255,167
3,255,167
3,255,167
3,255,167
3,255,167
3,255,166
3,253,165
3,253,165
3,253,164
3,253,164
3,253,163
3,253,163
3,253,163
3,253,163
3,255,162
3,255,160
3,255,160
3,255,160
3,255,159
3,255,159
3,253,158
3,253,156
3,253,156
3,253,154
3,253,152
3,252,149
3,251,145
3,251,142
3,251,139
3,251,137
3,251,135
3,249,135
3,249,135
3,249,135
3,249,135
3,249,135
3,249,135
3,249,136
3,249,137
3,251,138
3,253,130
3,253,130
3,253,131
3,253,132
3,253,133
3,253,135
3,253,136
3,251,140
3,250,145
3,252,149
3,252,153
3,253,156
3,253,157
3,255,158
3,255,160
3,255,161
3,255,161
3,255,162
3,255,162
3,253,163
3,253,163
3,253,163
3,253,164
3,253,164
3,253,164
3,253,164
3,253,164
3,253,164
3,253,164
3,253,164
3,253,164
3,253,164
3,253,164
3,253,164
3,253,164
3,253,164
3,253,164
3,253,164
3,253,164
3,253,164
3,253,163
3,253,163
3,253,163
3,253,163
3,253,164
3,253,165
3,253,165
3,255,167
3,255,167
3,255,167
3,255,167
3,255,167
3,255,167
3,255,167
3,255,167
3,255,167
3,255,167
3,255,167
3,255,167
3,253,168
3,253,169
3,253,169
3,253,169
3,253,169
3,253,168
3,253,168
3,253,168
3,253,168
3,253,167
3,253,166
3,253,166
3,253,166
3,253,166
3,253,166
3,253,168
3,253,168
3,253,168
3,253,168
3,253,168
3,253,168
3,252,167
3,252,167
3,253,167
3,253,167
3,253,167
3,253,167
3,253,167
3,253,166
3,253,165
3,253,165
3,253,165
3,253,165
3,253,164
3,253,164
3,253,164
3,253,164
3,253,165
3,253,165
3,253,166
3,253,166
3,255,167
3,255,167
3,255,167
3,255,167
3,255,166
3,255,165
3,255,165
3,253,165
3,253,164
3,253,163
3,253,163
3,253,163
3,253,163
3,253,163
3,255,162
3,255,160
3,255,159
3,255,159
3,255,159
3,253,158
3,253,156
4,253,155
4,253,153
3,253,150
3,253,148
3,253,145
3,253,142
3,251,138
3,251,136
3,249,135
3,249,135
3,249,135
3,249,135
3,249,135
3,249,135
3,249,135
3,249,136
3,249,137
3,251,138
3,251,131
3,251,131
3,251,132
3,251,132
3,251,134
3,253,135
3,253,137
3,253,140
3,253,146
3,253,149
3,253,153
3,253,156
3,255,157
3,255,159
3,255,160
3,255,161
3,255,161
3,255,162
3,253,162
3,253,163
3,253,163
3,253,163
3,253,164
3,252,164
3,252,164
3,253,164
3,253,164
3,253,164
3,253,164
3,253,164
3,253,164
3,253,164
3,253,163
3,253,163
3,253,163
3,253,163
3,253,163
3,253,163
3,253,163
3,253,163
3,253,163
3,253,163
3,253,163
3,253,164
3,253,165
3,253,166
3,253,167
3,255,167
3,255,167
3,255,167
3,255,167
3,255,167
3,255,167
3,255,167
3,255,167
3,255,167
3,255,167
3,255,167
3,255,167
3,253,168
3,253,169
3,253,169
3,253,169
3,253,168
3,253,168
3,253,168
3,253,167
3,255,166
3,253,166
3,253,166
3,253,166
3,253,166
3,253,166
3,253,166
3,253,168
3,253,168
3,253,168
3,253,168
3,253,168
3,252,167
3,252,166
3,253,165
3,253,166
3,253,165
3,253,164
3,255,164
3,255,164
3,255,164
3,253,164
3,253,164
3,253,163
3,253,163
3,253,163
3,253,164
3,253,164
3,253,164
3,253,165
3,253,165
3,255,166
3,255,166
3,255,167
3,255,167
3,255,166
3,255,165
3,255,165
3,255,165
3,255,165
3,255,164
3,253,163
3,253,163
3,253,163
3,253,163
3,255,162
3,255,161
3,255,159
3,255,159
3,255,159
3,253,158
3,253,157
3,253,155
3,252,153
3,252,150
3,253,148
3,253,145
3,253,142
3,253,138
3,253,135
3,251,135
3,249,135
3,249,135
3,249,135
3,249,135
3,251,135
3,251,135
2,249,136
3,251,137
3,251,138
3,251,132
3,251,132
3,251,132
3,251,132
3,251,134
3,253,135
3,253,137
3,255,141
3,255,146
3,253,150
3,255,153
3,255,156
3,255,157
3,255,159
3,255,160
3,255,161
3,255,161
3,253,162
3,253,163
3,253,163
3,252,163
3,252,163
3,252,163
3,252,163
3,253,163
3,253,163
3,253,163
3,253,163
3,253,163
3,253,163
3,253,163
3,253,163
3,253,163
3,253,163
3,253,163
3,253,163
3,253,163
3,253,163
3,253,163
3,253,163
3,253,163
3,253,164
3,253,165
3,253,165
3,253,166
3,253,167
3,255,167
3,255,167
3,255,167
3,255,167
3,255,167
3,255,167
3,255,167
3,255,167
3,255,167
3,255,167
3,255,167
3,255,167
3,255,167
3,253,168
3,253,168
3,253,168
3,253,168
3,253,168
3,255,167
3,255,167
3,255,165
3,255,165
3,255,165
3,255,165
3,253,166
3,253,166
3,253,166
3,253,168
3,253,168
3,253,168
3,253,168
3,253,167
3,253,165
3,252,165
3,253,165
3,253,164
3,255,164
3,255,164
3,255,164
3,255,163
3,255,163
3,253,163
3,253,163
3,253,163
3,253,163
3,253,163
3,253,163
3,253,164
3,253,164
3,253,165
3,253,165
3,253,166
3,255,166
3,255,166
3,255,166
3,255,165
3,255,165
3,255,165
3,255,165
3,255,165
3,255,165
3,253,163
3,253,163
3,253,163
3,253,162
3,255,161
3,255,159
3,255,159
3,255,158
3,255,158
3,253,157
3,252,156
3,252,154
3,252,150
3,252,148
3,253,145
3,255,142
3,255,138
3,255,135
3,253,135
3,249,135
3,249,135
3,249,135
3,249,135
3,249,135
3,251,136
3,251,136
3,251,137
3,253,138
3,251,132
3,251,132
3,251,132
3,251,132
3,253,134
3,255,135
3,255,137
3,255,141
3,255,146
3,255,150
3,255,153
3,255,156
3,255,157
3,255,158
3,255,159
3,255,160
3,253,162
3,253,162
3,252,163
3,252,163
3,252,163
3,252,163
3,253,163
3,253,163
3,253,163
3,253,163
3,253,163
3,253,163
3,253,163
3,253,163
3,253,163
3,253,163
3,253,163
3,253,163
3,253,164
3,253,164
3,253,164
3,253,164
3,253,164
3,253,164
3,253,164
3,253,165
3,253,166
3,253,166
3,253,166
3,255,167
3,255,167
3,255,167
3,255,167
3,255,167
3,255,167
3,255,167
3,255,167
3,255,167
3,255,167
3,255,165
3,255,165
3,255,165
3,255,166
3,255,167
3,255,167
3,255,167
3,255,167
3,255,167
3,255,166
3,255,165
3,255,165
3,255,165
3,255,165
3,255,165
3,255,166
3,253,166
3,253,167
3,253,168
3,253,168
3,253,167
3,253,166
3,253,165
3,255,165
3,255,164
3,255,164
3,255,164
3,255,164
3,255,164
3,253,163
3,253,163
3,253,163
3,253,163
3,253,163
3,253,163
3,253,163
3,253,163
3,255,164
3,253,165
3,253,165
3,253,166
3,253,166
3,253,166
3,255,166
3,255,166
3,255,165
3,255,165
3,255,165
3,255,165
3,255,165
3,255,165
3,253,164
3,253,163
3,253,163
3,255,161
3,255,159
3,255,159
3,255,158
3,255,158
3,255,158
3,252,157
3,252,154
3,252,152
3,252,149
3,251,145
3,251,142
3,253,138
3,253,135
3,253,134
3,253,133
3,249,133
3,249,135
3,249,135
3,249,135
3,249,136
3,251,136
3,251,137
3,253,138
3,251,132
3,251,132
3,253,132
3,255,134
3,255,135
3,255,137
3,255,141
3,255,146
3,255,150
3,255,152
3,255,155
3,255,157
3,255,158
3,253,159
3,253,160
3,253,162
3,252,163
3,252,163
3,252,163
3,252,163
3,253,163
3,253,163
3,253,163
3,253,163
3,253,163
3,255,163
3,255,163
3,255,163
3,255,163
3,253,163
3,253,163
3,253,164
3,253,164
3,253,164
3,253,164
3,253,164
3,253,164
3,253,164
3,253,165
3,253,165
3,253,166
3,253,166
3,255,166
3,255,167
3,255,167
3,255,167
3,255,167
3,255,167
3,255,167
3,255,167
3,255,166
3,255,166
3,255,165
3,255,165
3,255,165
3,255,165
3,255,165
3,255,166
3,255,167
3,255,167
3,255,167
3,255,167
3,255,165
3,255,165
3,255,165
3,255,165
3,255,165
3,255,165
3,255,165
3,255,166
3,255,167
3,255,167
3,255,167
3,255,167
3,255,165
3,255,165
3,255,165
3,255,164
3,255,164
3,255,164
3,255,164
3,255,164
3,253,163
3,253,163
3,253,163
3,253,163
3,253,163
3,253,163
3,253,163
3,255,164
3,255,165
3,255,165
3,253,166
3,253,166
3,253,166
3,253,166
3,253,166
3,253,166
3,255,165
3,255,165
3,255,165
3,255,165
3,255,165
3,255,165
3,253,164
3,253,163
3,253,162
3,255,160
3,255,159
3,255,158
3,255,158
3,255,158
3,253,157
3,252,154
3,252,152
3,252,149
3,252,146
3,251,142
3,251,138
3,253,136
3,253,134
3,253,133
3,249,133
3,249,133
3,249,134
3,249,135
3,249,136
3,249,136
3,251,137
3,251,132
3,251,132
3,255,132
3,255,134
3,255,135
3,255,139
3,255,141
3,255,146
3,255,148
3,255,152
3,253,154
3,253,157
3,253,158
3,253,158
3,253,160
3,253,162
3,253,163
3,253,163
3,253,163
3,253,163
3,253,163
3,253,163
3,253,163
3,253,163
3,253,163
3,255,163
3,255,163
3,255,163
3,253,163
3,253,163
3,253,164
3,253,164
3,253,164
3,253,164
3,253,164
3,253,164
3,253,164
3,253,165
3,253,165
3,255,166
3,255,166
3,255,166
3,255,167
3,255,167
3,255,167
3,255,167
3,255,167
3,255,167
3,255,166
3,255,165
3,255,165
3,255,165
3,255,165
3,255,165
3,255,165
3,255,165
3,255,165
3,255,166
3,255,167
3,255,167
3,255,166
3,255,165
3,255,165
3,255,165
3,255,165
3,255,165
3,255,165
3,255,165
3,255,165
3,255,167
3,255,167
3,255,167
3,255,167
3,255,166
3,255,165
3,255,165
3,255,165
3,255,164
3,255,164
3,255,164
3,255,164
3,255,164
3,255,164
3,253,164
3,253,164
3,253,164
3,253,163
3,253,164
3,255,165
3,253,165
3,253,166
3,253,166
3,253,166
3,253,166
3,253,166
3,253,166
3,253,166
3,253,166
3,253,165
3,253,165
3,253,165
3,253,165
3,253,165
3,253,164
3,253,163
3,253,161
3,255,160
3,255,158
3,255,158
3,255,158
3,253,157
3,252,154
3,252,153
3,252,150
3,252,147
3,251,143
3,251,141
3,251,137
3,251,135
3,251,134
3,249,133
3,249,133
3,249,133
3,249,135
3,249,135
3,249,136
3,249,137
3,251,132
3,253,132
3,255,133
3,255,134
3,255,135
3,255,139
3,255,141
3,255,145
3,253,148
3,253,151
3,253,153
3,253,156
3,253,158
3,253,158
3,253,160
3,253,162
3,253,162
3,253,163
3,253,163
3,253,163
3,253,163
3,253,163
3,253,163
3,253,163
3,253,163
3,253,163
3,253,163
3,253,163
3,253,163
3,253,164
3,253,164
3,253,164
3,253,164
3,253,164
3,253,164
3,253,164
3,253,165
3,253,165
3,253,165
3,255,166
3,255,166
3,255,166
3,255,166
3,255,167
3,255,166
3,255,166
3,255,166
3,255,165
3,255,165
3,255,165
3,255,165
3,255,165
3,255,164
3,255,164
3,255,164
3,255,165
3,255,166
3,255,166
3,255,166
3,255,166
3,255,165
3,255,165
3,255,165
3,255,165
3,255,165
3,255,165
3,255,165
3,255,165
3,255,167
3,255,167
3,255,167
3,255,167
3,255,166
3,255,166
3,255,165
3,255,165
3,255,165
3,255,165
3,255,165
3,255,165
3,255,165
3,255,165
3,255,165
3,255,165
3,255,165
3,253,165
3,255,165
3,255,165
3,255,166
3,255,166
3,255,166
3,253,166
3,253,166
3,253,166
3,253,166
3,253,166
3,253,166
3,253,165
3,253,165
3,253,165
3,252,165
3,253,164
3,253,163
3,253,162
3,253,161
3,253,160
3,253,158
3,253,158
3,253,157
3,253,154
3,252,153
3,252,150
3,252,147
3,251,143
3,251,141
3,251,137
3,251,136
3,251,135
3,249,134
3,249,133
3,249,133
3,249,134
3,249,135
3,249,135
3,249,137
3,251,132
3,253,132
3,255,133
3,255,134
3,255,135
3,255,139
3,253,141
3,253,145
3,253,146
3,253,149
3,253,153
3,253,156
3,253,157
3,253,158
3,253,160
3,253,162
3,253,163
3,253,163
3,253,163
3,253,163
3,253,163
3,253,163
3,253,163
3,253,163
3,253,163
3,253,163
3,253,163
3,253,163
3,253,164
3,253,164
3,253,164
3,253,164
3,253,164
3,253,164
3,253,164
3,253,165
3,253,165
3,253,165
3,253,165
3,255,165
3,255,166
3,255,166
3,255,166
3,255,166
3,255,165
3,255,165
3,255,164
3,255,164
3,255,164
3,255,164
3,255,164
3,255,164
3,255,164
3,255,164
3,255,164
3,255,166
3,255,166
3,255,166
3,255,165
3,255,165
3,255,165
3,255,165
3,255,165
3,255,165
3,255,165
3,255,165
3,255,166
3,255,166
3,255,167
3,255,167
3,255,167
3,255,167
3,255,166
3,255,166
3,255,166
3,255,166
3,253,166
3,253,165
3,255,165
3,255,165
3,255,165
3,255,165
3,255,165
3,255,165
3,255,165
3,255,165
3,255,165
3,255,166
3,255,167
3,255,167
3,255,166
3,255,166
3,255,166
3,253,165
3,253,166
3,253,165
3,253,165
3,252,165
3,252,165
3,253,164
3,253,164
3,253,163
3,253,162
3,253,161
3,253,160
3,253,158
3,253,157
3,253,155
3,253,153
3,252,150
3,253,147
3,251,143
3,251,141
3,251,138
3,251,137
3,251,136
3,249,135
3,249,134
3,249,133
3,249,134
3,249,135
3,249,135
3,249,136
3,253,133
3,253,133
3,255,134
3,255,134
3,255,136
3,253,139
3,253,141
3,253,144
2,252,146
3,253,149
3,253,153
3,253,156
3,253,157
3,255,158
3,255,160
3,255,161
3,255,162
3,255,162
3,253,162
3,253,163
3,253,163
3,253,163
3,253,163
3,253,163
3,253,163
3,253,163
3,253,163
3,253,163
3,253,164
3,253,164
3,253,164
3,253,164
3,253,164
3,253,164
3,253,164
3,253,164
3,253,165
3,253,165
3,253,165
3,253,165
3,253,165
3,253,165
3,253,165
3,253,164
3,253,164
3,253,164
3,253,164
3,253,164
3,253,164
3,253,164
3,253,164
3,253,164
3,253,164
3,255,164
3,255,165
3,255,166
3,255,166
3,255,165
3,255,165
3,255,165
3,255,165
3,255,165
3,255,165
3,255,165
3,255,165
3,255,165
3,255,166
3,255,167
3,255,167
3,255,167
3,255,167
3,255,167
3,255,167
3,253,167
3,253,166
3,253,166
3,253,166
3,255,165
3,255,165
3,255,165
3,255,165
3,255,165
3,255,165
3,255,165
3,255,165
3,255,165
3,255,166
3,255,167
3,255,167
3,255,166
3,255,165
3,255,165
3,255,164
3,253,165
3,253,165
3,252,165
3,252,165
3,252,164
3,253,164
3,253,163
3,253,162
3,253,162
3,253,161
3,253,159
3,252,158
3,252,156
3,252,153
3,252,150
3,252,147
3,253,143
3,253,141
3,251,138
3,251,137
3,251,136
3,249,135
3,249,135
3,249,134
3,249,134
3,249,135
3,249,135
2,249,136
3,251,134
3,253,134
3,253,135
3,253,136
3,253,137
3,253,141
3,251,144
3,253,146
3,253,149
3,253,153
3,253,156
3,255,157
3,255,158
3,255,159
3,255,161
3,255,161
3,255,161
3,253,162
3,253,162
3,253,162
3,253,162
3,253,162
3,253,163
3,253,163
3,253,163
3,253,163
3,253,163
3,253,164
3,253,164
3,253,164
3,253,164
3,253,164
3,253,164
3,253,164
3,253,164
3,253,164
3,253,164
3,253,165
3,253,165
3,253,165
3,253,164
3,253,164
3,253,164
3,253,164
3,253,164
3,253,164
3,253,164
3,253,164
3,253,164
3,253,164
3,253,164
3,253,164
3,255,165
3,255,165
3,255,165
3,255,165
3,255,165
3,255,165
3,255,165
3,255,165
3,255,165
3,255,165
3,255,165
3,255,165
3,255,166
3,255,166
3,255,167
3,255,167
3,255,167
3,255,167
3,255,167
3,253,167
3,253,167
3,253,166
3,253,166
3,255,165
3,255,165
3,255,165
3,255,165
3,255,165
3,255,165
3,255,165
3,255,165
3,255,165
3,255,166
3,255,166
3,255,165
3,255,164
3,255,164
3,255,164
3,255,164
3,253,164
3,253,164
3,253,164
3,253,164
3,253,163
3,253,163
3,253,162
3,253,161
3,253,161
3,252,160
3,252,158
3,252,157
3,252,154
3,252,151
3,252,148
3,253,143
3,253,141
3,253,138
3,253,137
3,251,136
3,249,135
3,249,135
3,249,135
3,249,135
3,249,135
3,249,135
3,251,134
2,251,135
2,251,135
2,251,136
3,251,137
3,251,140
3,253,142
3,253,146
3,253,149
3,253,153
3,255,156
3,255,157
3,255,157
3,255,158
3,255,158
3,255,159
3,253,160
3,253,160
3,253,161
3,253,161
3,253,161
3,253,161
3,253,163
3,253,163
3,253,163
3,253,163
3,253,163
3,253,163
3,253,164
3,253,164
3,253,164
3,253,164
3,253,164
3,253,164
3,253,164
3,253,164
3,253,164
3,253,164
3,253,164
3,253,164
3,253,164
3,253,164
3,253,164
3,253,164
3,253,164
3,253,164
3,253,164
3,253,164
3,253,164
3,253,164
3,253,164
3,255,164
3,255,165
3,255,165
3,255,165
3,255,165
3,255,165
3,255,164
3,255,165
3,255,165
3,255,165
3,255,165
3,255,165
3,255,165
3,255,166
3,255,166
3,255,167
3,255,167
3,255,167
3,255,167
3,253,167
3,253,167
3,253,166
3,253,166
3,255,165
3,255,165
3,255,165
3,255,165
3,255,165
3,255,165
3,255,165
3,255,165
3,255,165
3,255,165
3,255,165
3,255,164
3,255,164
3,255,164
3,255,164
3,253,164
3,253,164
3,253,164
3,253,163
3,253,163
3,253,161
3,253,161
3,253,161
3,253,161
3,253,160
3,252,159
3,252,157
3,250,155
3,250,153
3,252,149
3,252,146
3,253,142
3,253,139
3,253,137
3,253,136
3,251,136
3,251,135
3,249,135
3,249,135
3,249,135
3,249,135
2,251,135
3,251,136
3,251,136
2,251,137
3,253,140
3,253,142
3,253,146
3,253,149
3,253,153
3,255,156
3,255,156
3,255,157
3,255,157
3,253,157
3,253,158
3,253,158
3,253,159
3,253,160
3,253,160
3,253,160
3,253,161
3,253,161
3,253,163
3,253,163
3,253,163
3,253,163
3,253,163
3,253,163
3,253,163
3,253,164
3,253,164
3,253,164
3,253,164
3,253,164
3,253,164
3,253,164
3,253,164
3,253,164
3,253,164
3,253,164
3,253,164
3,253,164
3,253,164
3,253,164
3,253,164
3,253,164
3,253,164
3,253,164
3,253,164
3,255,164
3,255,165
3,255,165
3,255,165
3,255,164
3,255,164
3,255,164
3,255,165
3,255,165
3,255,165
3,255,165
3,255,165
3,255,165
3,255,165
3,255,165
3,255,166
3,255,167
3,255,167
3,255,167
3,253,167
3,253,166
3,253,166
3,253,166
3,255,165
3,255,165
3,255,165
3,255,165
3,255,165
3,255,165
3,255,165
3,255,165
3,255,165
3,255,165
3,255,164
3,255,164
3,255,164
3,255,164
3,255,163
3,253,163
3,253,163
3,253,163
3,253,161
3,253,160
3,253,160
3,253,160
3,253,160
3,253,159
3,252,159
3,252,158
3,250,155
3,250,154
3,250,150
3,250,147
3,251,143
3,253,141
3,253,138
3,253,136
3,253,136
3,251,136
3,251,135
3,249,136
3,249,136
3,249,135
3,251,135
2,251,135
3,253,137
3,253,140
3,253,142
3,253,146
3,253,149
3,253,151
3,253,153
3,253,156
3,253,156
3,253,156
3,253,157
3,253,157
3,253,158
3,253,158
3,253,158
3,253,159
3,253,160
3,253,160
3,253,161
3,253,161
3,253,161
3,255,161
3,255,162
3,253,162
3,253,162
3,253,162
3,253,163
3,253,163
3,253,163
3,253,163
3,253,163
3,253,163
3,253,163
3,253,163
3,253,164
3,253,164
3,253,164
3,253,164
3,253,164
3,253,164
3,253,164
3,253,164
3,253,164
3,253,164
3,253,164
3,253,164
3,255,165
3,255,165
3,255,165
3,255,164
3,255,164
3,255,164
3,255,165
3,255,165
3,255,165
3,255,165
3,255,165
3,255,165
3,255,165
3,255,165
3,255,165
3,255,165
3,255,165
3,253,166
3,253,166
3,253,166
3,253,165
3,253,165
3,253,165
3,255,165
3,253,165
3,253,164
3,253,164
3,253,164
3,253,164
3,253,164
3,253,164
3,253,164
3,253,163
3,253,163
3,253,163
3,253,163
3,253,163
3,253,163
3,253,161
3,253,160
3,253,160
3,253,159
3,253,159
3,253,159
3,253,159
3,252,158
3,252,158
3,250,155
3,250,154
3,250,151
3,250,148
3,250,146
3,251,142
3,251,139
3,253,138
3,251,137
3,251,136
3,251,136
3,251,136
3,249,136
3,251,135
3,253,136
3,253,137
3,253,139
3,253,142
3,253,146
3,253,148
3,253,151
3,253,152
3,253,154
3,253,154
3,253,156
3,253,156
3,253,157
3,253,157
3,253,158
3,255,158
3,253,158
3,253,159
3,253,160
3,253,160
3,255,160
3,255,160
3,255,160
3,255,160
3,253,162
3,253,162
3,253,162
3,253,163
3,253,163
3,253,163
3,253,163
3,253,163
3,253,163
3,253,163
3,253,163
3,253,163
3,253,163
3,253,163
3,255,163
3,253,164
3,253,164
3,253,164
3,253,164
3,253,164
3,253,164
3,253,164
3,253,165
3,255,165
3,255,165
3,255,164
3,255,164
3,255,164
3,255,165
3,255,165
3,255,165
3,255,165
3,255,165
3,255,165
3,255,165
3,255,165
3,255,165
3,255,165
3,253,165
3,253,165
3,253,165
3,253,165
3,253,165
3,253,165
3,253,165
3,253,165
3,253,164
3,253,164
3,253,164
3,253,164
3,253,164
3,253,164
3,253,163
3,253,163
3,253,163
3,253,163
3,253,163
3,253,163
3,253,161
3,253,161
3,253,160
3,253,159
3,253,159
3,253,158
3,253,158
3,253,158
3,253,158
3,253,157
3,252,155
3,252,154
3,250,152
3,250,149
3,250,147
3,251,143
3,251,141
3,251,139
3,253,138
3,251,137
3,251,137
3,251,137
3,251,135
3,251,136
3,253,137
3,253,139
3,253,142
3,253,144
3,253,146
3,253,149
3,253,151
3,253,153
3,253,154
3,253,154
3,253,156
3,253,156
3,255,157
3,255,157
3,255,158
3,255,158
3,255,159
3,255,159
3,255,160
3,255,160
3,255,160
3,255,160
3,255,160
3,253,161
3,253,161
3,253,162
3,253,163
3,253,163
3,253,163
3,253,163
3,253,163
3,253,163
3,253,163
3,253,163
3,253,163
3,253,163
3,253,163
3,253,164
3,253,164
3,253,164
3,253,164
3,253,164
3,253,164
3,253,164
3,253,164
3,253,164
3,253,164
3,253,164
3,253,164
3,253,164
3,253,165
3,253,165
3,253,165
3,253,165
3,253,165
3,252,165
3,253,165
3,253,165
3,253,165
3,253,164
3,253,164
3,253,164
3,253,164
3,253,164
3,253,164
3,253,164
3,253,164
3,253,164
3,253,163
3,253,163
3,253,163
3,253,163
3,253,163
3,253,163
3,253,163
3,253,163
3,253,163
3,253,163
3,253,161
3,253,161
3,253,161
3,253,160
3,253,159
3,253,159
3,253,158
3,253,157
3,253,157
3,253,157
3,253,155
3,253,155
3,252,154
3,252,152
3,252,149
3,250,147
3,252,146
3,251,143
3,251,141
3,251,139
3,251,138
3,251,138
3,251,138
3,251,136
3,253,137
3,253,139
3,253,140
3,253,143
3,253,146
3,253,148
3,253,149
3,253,152
3,253,154
3,253,154
3,253,156
3,253,156
3,255,157
3,255,157
3,255,157
3,255,158
3,255,159
3,255,159
3,255,159
3,255,160
3,255,160
3,255,160
3,255,160
3,253,160
3,253,161
3,253,162
3,253,162
3,253,163
3,253,163
3,253,163
3,253,163
3,253,163
3,253,163
3,253,163
3,255,163
3,255,163
3,255,163
3,253,164
3,253,164
3,253,164
3,253,164
3,253,164
3,253,164
3,253,164
3,253,164
3,253,164
3,253,164
3,253,164
3,253,164
3,253,164
3,253,165
3,253,165
3,253,165
3,253,165
3,252,165
3,253,165
3,253,164
3,253,164
3,253,164
3,253,164
3,253,164
3,253,164
3,253,164
3,253,164
3,253,164
3,253,163
3,253,163
3,253,163
3,253,163
3,253,163
3,253,163
3,253,163
3,253,163
3,253,163
3,253,162
3,253,161
3,253,161
3,253,161
3,253,161
3,253,160
3,253,159
3,255,159
3,255,157
3,255,157
3,253,156
3,253,155
3,253,154
3,253,154
3,252,153
3,252,152
3,252,150
3,252,148
3,252,146
3,251,143
3,251,142
3,251,141
3,251,141
3,251,139
3,253,136
3,253,137
3,253,140
3,253,143
3,255,145
3,253,147
3,253,149
3,253,151
3,253,153
3,253,154
3,253,156
3,253,156
3,253,156
3,255,156
3,255,157
3,255,158
3,255,158
3,255,158
3,255,158
3,255,158
3,255,159
3,255,160
3,253,160
3,253,160
3,253,161
3,253,162
3,253,162
3,253,162
3,253,162
3,253,162
3,253,162
3,255,162
3,255,162
3,255,162
3,255,162
3,255,162
3,253,163
3,253,163
3,253,164
3,253,164
3,253,164
3,253,164
3,253,164
3,253,164
3,253,164
3,253,164
3,253,164
3,253,164
3,253,164
3,253,164
3,253,164
3,252,164
3,252,164
3,252,165
3,252,164
3,252,164
3,253,164
3,253,164
3,253,164
3,253,164
3,253,163
3,253,163
3,253,163
3,253,163
3,253,163
3,253,162
3,253,162
3,253,162
3,253,162
3,253,162
3,253,162
3,253,162
3,253,162
3,253,161
3,253,161
3,253,161
3,253,160
3,253,160
3,253,159
3,253,159
3,253,157
3,253,156
3,253,155
3,253,154
3,253,154
3,253,153
3,252,153
3,252,151
3,252,150
3,252,148
3,252,146
3,251,144
3,253,143
3,253,142
3,251,142
3,253,137
3,255,139
3,255,143
3,255,145
3,253,147
3,253,149
3,253,151
3,253,153
3,253,154
3,253,155
3,253,156
3,253,156
3,255,156
3,255,156
3,255,156
3,255,157
3,255,158
3,255,158
3,255,158
3,255,158
3,255,159
3,255,159
3,255,160
3,255,160
3,255,160
3,255,162
3,255,162
3,255,160
3,255,160
3,255,160
3,255,160
3,255,160
3,255,160
3,255,162
3,253,162
3,253,162
3,253,163
3,253,163
3,253,164
3,253,164
3,253,164
3,253,164
3,253,164
3,253,164
3,253,164
3,253,164
3,253,164
3,253,164
3,253,164
3,253,164
3,252,164
3,252,164
3,252,164
3,252,164
3,253,164
3,253,163
3,253,163
3,253,163
3,253,163
3,253,163
3,253,163
3,253,162
3,253,162
3,255,160
3,255,160
3,255,159
3,255,159
3,255,159
3,255,159
3,255,160
3,255,160
3,255,160
3,255,160
3,253,160
3,253,160
3,253,159
3,253,159
3,253,158
3,253,157
3,253,155
3,253,154
3,253,153
3,253,153
3,253,152
3,253,150
3,252,150
3,252,147
3,252,146
3,253,144
3,253,143
3,253,142
3,255,139
3,255,143
3,255,145
3,253,147
3,253,150
3,252,152
3,252,153
3,253,154
3,253,154
3,253,154
3,253,155
3,255,156
3,255,156
3,255,156
3,255,157
3,255,158
3,255,158
3,255,158
3,255,158
3,255,159
3,255,159
3,255,159
3,255,159
3,255,159
3,255,159
3,255,159
3,255,159
3,255,158
3,255,158
3,255,158
3,255,159
3,253,160
3,253,160
3,253,162
3,253,162
3,253,162
3,253,163
3,253,163
3,253,163
3,253,163
3,253,163
3,253,163
3,253,163
3,253,163
3,253,163
3,253,163
3,253,163
3,253,164
3,253,164
3,253,164
3,253,163
3,253,163
3,253,163
3,253,162
3,253,162
3,253,161
3,253,160
3,253,160
3,255,160
3,255,160
3,255,159
3,255,158
3,255,158
3,255,158
3,255,157
3,255,157
3,255,158
3,255,159
3,255,159
3,255,160
3,255,160
3,255,160
3,253,160
3,253,159
3,253,159
3,253,157
3,253,155
3,253,154
3,253,153
3,253,153
3,253,150
3,252,149
3,252,148
3,252,147
3,252,146
3,252,146
3,253,143
3,255,144
3,253,146
3,253,148
3,252,151
3,252,153
3,252,153
3,252,154
3,253,154
3,253,154
3,253,154
3,255,155
3,255,156
3,255,156
3,255,156
3,255,157
3,255,157
3,255,158
3,255,158
3,255,158
3,255,158
3,255,159
3,255,159
3,255,158
3,255,158
3,255,158
3,255,157
3,255,157
3,255,157
3,255,157
3,255,158
3,253,159
3,253,160
3,253,160
3,253,160
3,253,162
3,253,162
3,253,163
3,253,163
3,253,163
3,253,162
3,253,160
3,253,160
3,253,160
3,253,160
3,253,160
3,253,163
3,253,163
3,253,163
3,253,162
3,253,162
3,253,161
3,253,160
3,255,160
3,255,160
3,255,160
3,255,159
3,255,159
3,255,159
3,255,158
3,255,158
3,255,158
3,255,157
3,255,157
3,255,157
3,255,157
3,255,158
3,255,159
3,255,159
3,255,160
3,255,160
3,253,160
3,253,159
3,253,158
3,253,157
3,253,154
3,252,154
3,253,152
3,252,150
3,252,149
3,252,148
3,252,148
3,252,147
3,252,146
3,253,147
3,253,150
3,252,152
3,252,153
3,252,153
3,253,153
3,253,153
3,253,153
3,253,153
3,253,154
3,253,155
3,253,156
3,253,156
3,253,156
3,255,156
3,255,157
3,255,158
3,255,158
3,255,158
3,255,158
3,253,158
3,253,157
3,255,157
3,255,156
3,255,156
3,255,156
3,255,156
3,253,157
3,253,158
3,253,158
3,253,159
3,253,160
3,253,160
3,253,160
3,253,160
3,253,160
3,253,160
3,253,160
3,253,159
3,253,159
3,253,159
3,253,159
3,253,159
3,253,160
3,253,160
3,253,160
3,253,160
3,253,160
3,253,160
3,255,160
3,255,159
3,255,159
3,255,159
3,255,159
3,255,159
3,255,159
3,255,158
3,255,158
3,255,158
3,255,157
3,255,157
3,255,157
3,255,157
3,255,157
3,255,158
3,255,159
3,255,159
3,253,160
3,253,160
3,253,159
3,253,158
3,252,157
3,252,154
3,252,153
3,252,150
3,252,149
3,252,148
3,252,148
3,252,147
3,253,151
3,253,153
3,253,153
3,253,153
3,253,153
3,253,153
3,253,153
3,253,153
3,253,153
3,253,154
3,255,155
3,255,156
3,255,156
3,255,156
3,255,157
3,255,157
3,255,157
3,255,156
3,255,156
3,255,156
3,255,156
3,255,155
3,255,155
3,255,155
3,255,156
3,253,156
3,253,157
3,253,158
3,253,158
3,253,158
3,253,159
3,253,159
3,253,159
3,253,159
3,253,158
3,253,158
3,253,158
3,253,158
3,253,158
3,253,158
3,253,158
3,253,158
3,253,159
3,253,159
3,253,159
3,255,159
3,255,159
3,255,159
3,255,159
3,255,159
3,255,159
3,255,159
3,255,158
3,255,158
3,255,158
3,255,158
3,255,158
3,255,157
3,255,157
3,255,157
3,255,158
3,255,158
3,255,159
3,255,159
3,255,159
3,253,159
3,253,158
3,253,157
3,252,155
3,252,154
3,252,152
3,252,150
3,252,149
3,253,151
3,253,151
3,253,152
3,253,152
3,253,152
3,253,153
3,253,153
3,253,153
3,255,153
3,255,153
3,255,153
3,255,155
3,255,155
3,255,156
3,255,156
3,255,156
3,255,155
3,253,153
3,253,153
3,255,153
3,255,153
3,253,153
3,253,154
3,253,155
3,253,156
3,253,156
3,253,156
3,253,156
3,253,157
3,253,157
3,253,157
3,253,157
3,255,157
3,255,157
3,253,157
3,253,156
3,253,156
3,253,156
3,253,156
3,253,156
3,253,157
3,253,157
3,253,158
3,255,158
3,255,158
3,255,158
3,255,158
3,255,158
3,255,158
3,255,158
3,255,159
3,255,159
3,255,159
3,255,158
3,255,158
3,255,158
3,255,158
3,255,158
3,255,158
3,255,158
3,255,159
3,255,159
3,255,159
3,253,159
3,253,158
3,253,157
3,253,155
3,252,154
3,252,152
3,253,151
3,253,152
3,253,152
3,253,152
3,255,152
3,255,152
3,255,152
3,255,153
3,255,153
3,255,153
3,255,153
3,255,153
3,255,153
3,255,153
3,253,153
3,253,153
3,253,153
3,253,153
3,253,153
3,253,153
3,253,153
3,253,154
3,253,155
3,253,155
3,253,155
3,253,155
3,253,155
3,253,156
3,253,156
3,255,156
3,255,155
3,255,155
3,255,155
3,255,156
3,253,156
3,253,156
3,253,156
3,253,156
3,253,156
3,253,156
3,255,157
3,255,158
3,255,158
3,255,158
3,255,158
3,255,158
3,255,158
3,255,159
3,255,159
3,255,159
3,255,159
3,255,159
3,255,159
3,255,158
3,255,158
3,255,158
3,255,158
3,255,158
3,255,159
3,255,159
3,253,158
3,253,158
3,253,156
3,253,152
3,255,151
3,255,151
3,255,151
3,255,152
3,255,153
3,255,153
3,255,153
3,255,153
3,255,153
3,255,153
3,253,153
3,252,153
3,253,152
3,253,152
3,253,152
3,253,152
3,253,153
3,252,153
3,252,153
3,252,153
3,252,153
3,252,153
3,253,153
3,253,153
3,253,153
3,253,153
3,253,153
3,253,153
3,253,153
3,253,153
3,253,154
3,253,154
3,253,154
3,253,154
3,253,154
3,253,156
3,255,156
3,255,157
3,255,157
3,255,158
3,255,158
3,255,158
3,255,158
3,255,159
3,255,159
3,253,160
3,253,160
3,255,159
3,255,159
3,255,159
3,255,158
3,255,158
3,255,158
3,255,158
3,255,158
3,253,158
3,255,152
3,255,152
3,255,153
3,255,153
3,255,153
3,255,153
3,255,153
3,252,152
3,252,152
3,252,152
3,252,152
3,252,152
3,252,152
3,252,152
3,252,152
3,252,153
3,252,153
3,252,153
3,252,153
3,252,153
3,253,153
3,253,153
3,253,153
3,253,153
3,253,153
3,255,153
3,255,153
3,255,153
3,255,153
3,253,154
3,253,154
3,253,154
3,255,154
3,255,155
3,255,156
3,255,156
3,255,157
3,255,158
3,255,158
3,255,158
3,255,159
3,255,159
3,253,160
3,253,160
3,255,159
3,255,159
3,255,159
3,255,159
3,255,159
3,255,153
3,252,153
3,252,152
3,252,152
3,252,152
3,252,152
3,252,152
3,252,152
3,252,152
3,252,152
3,252,152
3,252,152
3,252,152
3,252,152
3,252,152
3,252,152
3,252,152
3,253,152
3,252,152
3,253,152
3,255,152
3,255,152
3,255,152
3,255,153
3,255,153
3,255,153
3,255,153
3,255,153
3,255,154
3,255,155
3,255,156
3,255,156
3,255,157
3,255,158
3,255,158
3,255,159
3,255,160
3,253,160
3,253,160
3,252,152
3,252,152
3,252,152
3,252,152
3,252,152
3,252,152
3,252,152
3,252,152
3,252,152
3,252,152
3,252,152
3,253,152
3,253,152
3,252,152
3,253,152
3,253,152
3,255,152
3,255,152
3,255,152
3,255,153
3,255,153
3,255,153
3,255,153
3,255,153
3,255,153
3,255,155
3,255,156
3,255,157
3,255,157
3,253,152
