Sensor 1,Sensor 2,Sensor 3,Sensor 4,Sensor 5,Sensor 6
0,8771,1877,2099,8790,11429
0,9324,2139,1910,8512,11316
0,8680,680,1919,8598,11209
0,8863,2147,2060,9062,10839
0,9409,1476,2624,8956,11177
0,8964,2624,2468,8813,11514
0,8139,2303,2167,8994,11186
0,9263,2170,2101,8515,11381
0,8994,2824,2544,8534,11181
0,8600,2009,2000,9425,11216
0,8673,1867,2291,8670,11198
0,8713,2736,2421,8648,11578
0,8527,1804,1712,8768,11397
0,8940,2474,2372,9074,10954
0,8904,2464,2511,8798,10751
0,8794,2003,2596,8998,11454
0,8703,1927,1811,8708,11333
0,8321,2120,2830,8736,11689
0,9062,2263,2004,8240,11284
0,8627,2156,2167,8635,11278
0,8967,2427,2193,8703,11079
0,8826,2336,2246,8817,12096
0,8870,2347,2310,8886,11709
0,8986,2614,2330,8529,11197
0,8912,2264,2230,8703,10751
0,8703,1943,1335,8836,12248
0,8799,1995,1955,8820,11477
0,8692,2200,2148,8770,11130
0,9264,2056,1449,9252,11461
0,8692,675,1772,8793,11479
0,8769,2006,2122,9043,11272
0,8684,1412,1873,8696,11545
0,8758,2195,2256,8813,11215
0,8594,1797,1461,8848,11357
0,8703,2445,2904,8703,11544
0,8810,1802,2116,9092,11855
0,8994,1397,2260,8786,11091
0,8065,1916,2241,8776,10614
0,8999,2242,2170,9115,11133
0,10347,2207,2202,8684,11177
0,8760,1865,2143,8460,10751
0,9025,1847,2333,8963,12140
0,8928,1131,2185,9188,11088
0,9222,2126,1932,8703,11900
0,9051,2332,2279,8885,11867
0,9049,2379,2322,8876,11110
0,8703,1939,1862,8987,11465
0,8703,2353,2281,8874,10852
0,8840,2251,2345,9372,11292
0,8889,2430,2171,7936,12236
0,8703,1877,818,8992,11442
0,9736,1866,2089,8703,11393
0,8433,2159,1939,8477,11197
0,8313,2103,2130,8683,11278
0,8908,2217,2187,9280,11280
0,8827,2157,1681,8703,11833
0,9932,1432,1907,8663,11399
0,9047,1912,1972,9070,11278
0,8970,1955,2304,9032,11529
0,8890,2084,2237,8442,11464
0,8792,2335,2271,8849,11637
0,9772,2199,2203,8588,11200
0,8704,2087,2112,8760,11513
0,8633,1892,2559,8623,11612
0,8891,1921,1730,8956,11490
0,9153,2005,2133,8796,11442
0,8391,2382,2498,8605,11392
0,8648,1738,1979,8540,11444
0,8900,2005,2372,9218,11558
0,9134,2522,2140,8978,11219
0,8884,1920,1977,8629,11422
0,8988,2109,2300,8955,11142
0,8894,2106,2155,9084,11391
0,8703,2012,2057,8799,11396
0,9082,2080,1998,9176,11349
0,8881,2162,2192,9043,11671
0,8897,1972,1970,8132,11372
0,8609,1884,1555,8758,11408
0,8779,2343,2272,8810,11115
0,8703,1764,2624,8771,11523
0,8725,2316,1824,8899,10945
0,9162,2070,2107,9043,11349
0,8760,1997,1982,9113,11093
0,8852,2794,1935,8503,11449
0,8832,2328,2265,8745,11077
0,8977,2398,2324,8951,11066
0,9432,2117,1906,8913,11542
0,9092,2391,2385,8733,11317
0,8949,2086,1903,8801,11547
0,8009,1811,1993,8617,11189
0,8669,1809,1706,8877,11784
0,8970,2209,2124,8716,11272
0,8871,2402,2177,8908,11036
0,8970,1982,1204,9230,11389
0,8762,2319,2227,8514,11373
0,8712,1839,1765,8886,11496
0,8703,2119,2179,8592,11175
0,8888,1618,1962,8013,11584
0,8642,2069,2114,8984,11199
0,8642,2060,2127,8591,11161
0,8632,2214,1768,8768,11497
0,8940,1838,2197,8893,11556
0,8543,2402,2302,8908,11172
0,8556,2142,1938,8988,11088
0,8961,2393,2314,9016,11145
0,9062,1704,2193,8930,11306
0,8910,2184,2208,9071,11893
0,8389,2056,1952,8769,10816
161,8378,2368,2856,8702,11657
0,8707,1896,2173,8884,11647
0,8648,1855,1830,8834,11478
0,8821,2399,2278,8733,10250
0,10916,2002,1848,8778,11584
0,8744,2083,2102,9062,11496
0,9012,2445,2874,8711,10927
0,9112,2265,2209,9113,11358
0,9403,2402,2339,8873,10400
0,8742,1770,1859,8777,11589
0,8978,1925,1873,9086,11589
0,8777,2074,2093,8532,11201
0,8884,2178,2320,8814,10872
0,8978,2424,2337,8929,11117
0,8651,2299,2221,8824,11584
82,8980,1959,2125,8612,11413
0,8999,2060,2051,8526,11398
0,9066,1555,2372,8872,11272
0,8818,1740,1856,8710,11510
0,8943,2480,2257,8913,11119
0,8666,2184,2191,8658,11373
0,9369,2058,1985,9250,10260
0,9039,2200,2349,8923,11328
0,8852,2121,1960,8703,11565
0,8860,2008,1975,8959,11700
0,8592,2750,3124,8847,11564
0,8851,1953,1350,8840,11610
0,8946,2437,2394,8981,11189
0,8866,2301,2365,8524,11298
0,8785,1974,1950,8953,11434
0,8976,2150,1735,9061,11308
0,8490,2004,2095,8746,11268
0,9115,2004,2335,9438,11558
299,8703,2569,2741,8808,11493
0,9122,2137,1985,8831,11280
0,9030,2406,2141,8901,10308
0,9104,2365,2252,8967,10989
0,9599,2169,1277,8713,12110
0,8937,2281,2361,8792,10308
0,8925,2288,1938,8449,11360
0,8873,2271,1392,9302,11208
0,8729,2173,1867,8821,11624
0,9078,2304,2286,8891,11060
0,9572,2153,1884,8852,11645
0,8964,4429,2334,8932,11197
0,8632,1785,1682,8795,11489
0,8842,2060,2261,8907,11405
0,8929,2467,2557,8931,11343
0,8880,2354,2247,8814,11177
0,9122,2473,2523,8847,12221
0,9218,2132,2192,8940,11287
0,9000,2197,1911,8784,11375
0,8084,668,3118,8705,11550
0,9072,2224,1533,9083,11328
0,8698,2249,1964,8613,11288
0,9047,2124,1892,8846,11583
0,8906,2111,2166,8874,11108
0,8413,2093,1910,8651,11430
0,9006,2004,2577,8860,11446
0,8942,2230,2388,8712,11454
0,9745,2072,1868,8649,11487
0,9058,3016,1905,9538,11603
0,8850,2315,2308,8730,11281
0,8984,1970,2095,9018,11240
0,8856,2068,1908,9087,11304
0,8856,2202,1657,8997,11350
0,9305,1984,2330,7945,11167
0,8736,2198,1781,9250,11180
0,8856,2235,1973,9001,11336
0,8952,2104,1997,8199,11475
0,9744,1788,2275,8876,12449
0,8504,2053,1535,8753,11176
0,8801,2318,2266,8878,11166
0,9038,2134,2130,9379,11273
0,8849,1610,1704,8970,11465
0,8970,2383,2651,8761,11113
0,8977,2103,1958,9273,10718
0,8925,1974,1809,8797,11595
0,8831,2901,2205,8733,11233
0,8574,2442,2196,8824,11521
0,8992,2268,2084,8983,11235
0,8859,1381,2214,8977,11162
0,8623,1638,2328,8719,10946
0,8893,2058,2382,9606,11232
0,9072,1991,2226,9060,11205
0,9083,2239,1600,9024,11454
0,8452,1961,1966,8660,11316
0,8547,2184,2083,9246,11380
0,8995,2458,2405,8831,11097
0,8656,2201,2220,8630,11150
0,8909,1832,1867,9148,11482
0,8981,2391,2206,8915,11568
0,8952,2509,1904,8538,11416
0,8703,1923,1842,8872,11562
0,9108,2559,2070,8904,11111
0,8897,1988,2114,8793,11132
0,8855,2057,1683,8793,11600
0,8948,2380,2336,8926,11120
0,8613,1957,1867,8932,11444
0,8616,2006,1873,8572,11570
0,9046,1896,1828,8333,11601
0,8589,2508,2318,8702,11369
0,9142,1692,2376,8733,11358
0,8951,2414,2642,8828,11229
0,9136,2232,2346,9028,11307
0,8950,2124,2112,9051,11184
0,8829,2276,2117,8682,11384
0,8641,2193,2188,8703,11200
0,8604,2000,1344,8688,11420
0,9088,1835,2624,8941,11288
0,8869,2416,2346,8951,11047
0,8570,1757,1828,8777,11370
0,9045,2331,2324,8863,11181
0,9030,2164,2126,9260,11362
0,8753,1894,1921,8960,11505
0,8709,1917,804,8710,11415
0,9235,2248,2208,8784,11373
0,8912,2387,2372,8703,11134
0,8703,2178,2245,9349,11162
0,9024,2072,1881,9262,11544
0,8661,2170,1318,7694,11422
0,8715,2320,2248,8806,11093
0,9037,2528,2343,8740,11394
0,9078,2523,2432,8905,11333
0,8738,1960,1941,9113,11331
0,9515,1048,2150,8539,11377
0,8786,1887,1833,8908,11424
0,7638,1835,1901,8949,11364
0,9101,2221,2107,8833,10751
0,8795,2049,1931,9271,11565
0,8306,2560,1696,8823,11639
0,8594,1112,1998,8655,11210
0,8830,2374,2267,8853,11306
0,7589,1694,2000,8703,11768
0,9727,2566,2099,8240,11161
0,8923,2371,1723,8949,11353
0,9320,1380,2266,8163,11176
0,8715,2137,2120,8523,11345
0,8846,2146,1535,9221,11351
0,8984,2056,1882,8488,11541
0,8896,2578,2310,8698,11462
0,8911,2346,1384,8924,11034
0,8817,2137,1960,8119,11424
0,8850,1981,1535,9100,11336
0,8660,2327,2200,8593,11320
0,9056,2474,2475,9117,11310
0,9008,2495,2485,8618,11129
0,8902,2370,2384,8970,11479
0,8819,2361,2327,8839,10985
0,8975,2449,2408,8793,10751
0,8836,2210,1962,8660,11591
0,9111,2205,1736,8002,11654
0,9467,2746,2309,8432,12197
0,8556,1813,2191,8421,11396
0,9046,2482,2395,8703,11130
0,9234,2256,2243,8795,10628
0,8843,2323,2287,8703,11154
0,8969,2434,2172,8997,11356
0,9081,2169,2085,9037,11611
0,9383,1939,1994,8520,11724
0,8871,1997,1830,8951,11555
0,8807,1736,2502,8347,11674
0,8756,1211,2214,8677,11212
0,9049,1644,1844,9332,11573
0,9135,1700,2181,9017,11550
0,8793,2242,1985,8787,11135
0,8984,2006,1909,8504,11469
0,8854,2107,1992,9327,11461
0,8630,1529,1826,8905,11539
0,8958,2519,1800,8959,11052
0,9024,2564,1960,7983,11158
0,8522,1426,1907,9060,11334
0,8668,2002,1952,7996,11313
0,9153,2603,2369,9009,11418
0,9086,2235,1827,8166,11468
64,9141,1873,2057,8519,11518
0,8790,1980,1535,8963,11382
0,8686,2192,2223,8778,11025
0,8826,2001,1886,9146,11697
0,8481,1851,1991,8832,11585
0,8592,2083,2060,8629,11304
0,8729,2082,2070,8597,11493
0,7890,2409,2404,8821,11642
0,8777,2360,2348,8744,11293
0,9004,2515,2294,8902,11289
0,8770,1899,1495,8992,11577
0,8820,2153,2060,9000,11534
0,8899,2415,1696,9050,11035
0,8970,2048,1984,8878,11629
0,9092,2688,2282,8515,12160
0,8844,1878,1799,8777,11600
0,8703,1909,1789,8933,11517
0,8674,2404,2488,8711,11615
0,8728,2235,2149,9599,11157
0,8856,2125,1966,8829,11414
0,8650,2169,2112,8702,11488
0,8815,2059,2125,9226,11380
0,9089,2739,2233,8927,11220
0,9750,2109,2187,8595,10925
0,8860,1966,1729,8778,10751
0,9132,2162,1950,8918,11377
0,8977,2455,2376,8737,11117
0,9156,2326,2636,8952,11454
0,8691,1964,2296,8824,12063
0,8779,2695,3107,8501,11694
0,9150,2236,2143,8861,11050
0,9228,1889,1919,8522,11875
0,8902,2329,2278,8703,10951
0,8890,2096,1464,9150,11313
0,8869,2199,1791,8641,11290
0,9060,2512,2351,8925,11371
0,9727,2184,1646,8820,11407
0,9389,2128,2113,8928,11407
0,8968,2271,2236,8614,10553
0,8137,1991,1920,8703,11457
0,8912,1985,1835,8908,11775
0,8304,679,2132,9090,11537
0,8773,3249,1872,9017,11467
0,8993,2317,2308,8870,11202
0,8997,2900,1784,8976,11188
0,8986,2433,2553,9046,11360
257,8783,2451,2197,8560,11702
0,9024,2385,2167,8794,11922
0,8747,1972,1937,9077,11272
0,9429,2050,1988,8682,11584
0,8563,2389,1503,8694,9754
0,8698,1932,1995,8675,11440
0,8605,2128,2050,8752,11346
0,8835,1964,1990,9042,11129
0,9093,2284,3000,8616,11164
0,8344,1200,2237,8626,11354
221,8719,2363,1744,8771,11460
0,8977,2432,1705,9071,11053
0,8937,2153,2092,9120,11496
0,8976,2399,2270,9267,11270
0,9098,2311,2348,9180,11226
0,9469,2440,2297,8913,11571
0,8703,2371,2215,8740,11657
0,8780,2329,2304,9572,11036
0,8857,2359,2360,8703,11216
0,8731,2271,2200,9570,11241
0,8709,2631,2867,8775,11621
0,9110,2396,1954,8883,11328
0,9060,2421,2203,8944,11172
0,9064,2288,2354,8884,12009
0,8924,2092,1711,8896,11647
0,8732,2292,2292,8806,11136
0,8847,2306,2231,8805,11180
0,8768,1772,1960,8835,11626
0,8769,2336,2709,8743,11212
0,9236,1999,1762,8301,11712
0,8443,2821,2772,8781,11458
0,8955,2516,2010,8895,11291
0,8758,2330,2270,8867,11073
0,8916,1865,1874,9104,10971
0,8715,2196,2148,9058,11473
0,9112,2529,2314,8777,11185
0,8994,2228,1967,9062,11142
0,9085,1978,2242,9027,11329
0,8945,2472,2442,8755,11165
0,8000,2499,1993,8723,11286
0,8913,2357,2305,8799,11075
0,8939,2386,2253,8890,11053
0,9085,2276,2147,8996,11633
0,8913,2322,2356,8924,12320
0,8818,1821,1819,8900,11520
0,9052,2573,2635,8965,11279
0,9132,1277,1937,9116,11279
0,8807,2064,1790,11775,11586
0,8955,2344,2124,8857,11371
0,8562,2100,1805,8770,11243
0,9376,1556,2166,8644,11379
0,9792,2088,1963,8678,11419
0,8361,1952,1940,8703,11611
0,8703,2056,2127,7803,11364
244,8780,2555,1736,8684,11638
0,7718,2082,2101,8896,10780
0,9280,2221,2054,9001,11386
0,8982,1960,1894,8692,11482
0,8417,1932,1954,8027,11172
0,8960,2120,2095,8683,11437
0,9111,1913,2074,8437,11288
0,8914,2094,2125,9223,11473
0,8585,2774,2287,8751,11475
0,8864,2429,2455,9177,11348
0,7372,1178,1968,8548,11373
0,8583,1996,1991,8634,11349
0,8955,2140,1994,8959,11579
0,8771,2061,2053,9173,11463
0,8842,2485,2477,8882,10944
0,9119,2304,2214,9074,10847
0,8828,2290,2308,8705,11077
0,8833,2122,2128,8495,11384
0,8892,2316,1691,8843,11275
0,9090,2199,1949,9053,11557
0,8896,1961,1803,8696,11506
0,8749,2412,2376,8912,11025
0,8868,2272,2178,9018,11519
0,7950,1510,2559,8701,11624
0,8703,2271,2096,8812,11067
0,8904,967,1800,8894,10936
0,9044,2533,2466,9872,10751
0,9245,2532,2280,8554,11451
0,9088,2057,2117,9060,11357
0,8703,1720,2660,8753,11786
0,8779,1979,1914,9710,11498
0,8682,2242,2050,8617,11206
0,8744,2834,1927,8746,11604
0,9540,2561,2115,9085,11422
0,8959,1954,1883,9036,11416
0,8936,2446,1620,8628,11456
0,8852,2318,2242,9026,11350
0,9281,1993,1936,9077,11240
0,9008,1956,1768,9046,11431
0,8702,2250,2085,9035,11510
0,8765,2225,2184,9706,11597
0,8557,2432,2390,8832,11032
0,8703,2299,1982,9776,11300
0,9027,2077,1977,8994,11585
0,8945,2385,2316,8970,11265
0,8923,2235,2112,8868,10607
0,8640,1940,1875,8628,11447
0,8686,1921,1429,8703,11506
0,8842,2536,2180,8810,11220
0,9024,2444,2276,8822,11163
0,8788,2294,2113,9037,11480
0,9048,2431,2253,8999,11941
0,8883,1929,1820,8784,11507
0,8912,2336,2329,8906,11018
0,8756,2256,2219,8850,11087
0,9277,2208,2194,9048,11488
0,8493,815,2184,8633,11211
0,8960,2061,2112,8738,11136
0,9386,2230,1916,8198,11584
0,8849,1996,1984,9361,11394
0,8902,2288,2140,8848,11180
0,9026,1895,2172,8811,11313
0,9401,1967,2011,9066,11519
0,9006,2238,2245,8860,11289
0,7897,1643,2563,8620,11388
0,8703,1978,1916,8518,11574
0,8807,1848,2408,8649,11671
0,9444,2163,2090,8596,11441
0,9047,1576,2148,8736,11232
0,8714,2049,1900,8756,11437
0,9008,2008,2050,8624,11021
0,9129,2144,2064,9150,11454
1401,8897,2089,1996,8556,11649
0,9012,2222,2153,9095,11208
0,8128,1202,2320,8690,10927
0,8703,2317,2319,8985,11435
0,7016,1699,2348,8869,11703
0,8664,2068,2082,9009,11368
0,8828,2200,2221,8829,11161
0,8970,2436,2354,8800,11055
0,8706,2843,1428,8947,11632
0,8877,1953,1957,9244,11390
0,8566,1960,1580,8703,11535
0,8809,2169,2156,9240,10882
0,8802,1881,1800,8679,11712
0,9027,2203,2177,8642,11292
0,8762,2244,2117,8953,10768
0,10119,2348,2399,8773,11303
0,8848,2140,2171,9042,11428
0,8920,2252,2241,8629,11409
0,9008,2638,2197,8256,11491
0,8702,1770,1958,8703,11438
0,9107,2213,2346,9032,11299
0,8914,1972,1958,8848,11501
0,9025,2437,1657,8699,11737
0,8679,2170,1981,8703,11589
0,8976,2165,2086,9073,11769
0,8957,2251,2059,8993,11085
0,9451,1970,1847,8717,11329
0,8682,2418,1352,8776,11209
0,8768,1779,1713,8914,11514
0,9183,2127,2062,8844,11500
0,9088,2216,4294,9067,11532
0,8703,898,1913,8735,11378
0,8640,1844,1835,8206,11540
0,9008,2239,2384,8956,11222
0,9053,2558,2340,9027,11305
0,8956,2316,2681,8612,11369
0,8936,2413,2259,9004,11761
0,9076,2487,2360,8869,11451
0,8765,1842,1682,8900,11843
0,8957,2105,2116,9216,11456
0,9012,2076,2464,9040,11173
0,8863,2505,1630,8828,11758
0,9664,2559,2210,8645,11230
0,9641,2259,1876,8673,11301
0,8784,2288,1875,8890,11288
0,9088,2157,2228,9171,11424
0,8810,2222,1711,9006,11602
0,9124,2479,2348,8906,11344
0,8703,2252,2176,9367,11156
0,8956,1986,1965,9146,11549
0,8520,1757,1557,8864,10751
0,9124,2528,2247,8724,11164
0,8956,2213,2212,8720,11185
0,8906,2287,1964,8586,11320
0,9242,2216,2226,9100,10964
0,9223,1965,2116,9022,10751
0,9164,2202,2269,8880,11419
0,9172,2273,2224,9037,11528
0,8703,1920,1961,8686,11389
0,8703,2218,2249,8673,11216
0,8942,2364,2427,9092,11775
0,9062,2079,1922,7795,11400
0,9039,2477,2359,8938,11810
0,8789,990,1706,8968,11580
0,8823,1980,1676,9267,11480
0,8851,2191,2342,9049,11302
0,8843,1914,1768,8925,11555
0,8844,1815,1770,8923,11550
0,8560,2093,1968,8882,11341
0,9284,2172,2429,9009,11380
0,8709,2098,1493,8771,11812
0,8972,2377,1729,8768,11045
0,8935,2424,2355,8819,10994
0,8903,1992,1997,9008,11303
0,8857,2216,2117,8632,11561
0,8272,1939,2155,8644,10985
0,9250,2526,2559,8958,10732
0,8658,2130,2274,8728,11478
0,9104,2220,3042,9142,11309
0,8703,2165,1846,8928,11364
0,8776,1421,1978,9006,11451
0,8860,1815,2936,8716,11231
0,8862,1905,1776,9107,11604
0,9117,1946,2125,9057,11570
0,9152,1920,2164,8729,11344
0,9274,2470,1930,8624,11297
0,8792,1894,1982,9129,11400
0,8867,2342,2162,9558,11306
0,8703,2216,2208,8968,10317
0,8624,2136,1772,8975,11108
0,9235,2282,2249,8985,11322
0,8969,2118,1974,8027,11674
0,9025,2194,2114,9192,11335
0,9144,2230,2134,8202,11467
0,9082,2656,1974,8067,11651
0,8897,2212,2172,8410,10903
0,8873,1683,1892,8768,11493
0,9051,2444,1956,8886,11301
0,8768,2101,2008,9164,11455
0,8923,2254,1937,8501,11136
0,8785,2355,2189,8940,11172
0,9144,1935,1994,9035,11470
0,8737,2250,2235,8835,10852
0,8745,1626,1719,8769,11607
0,8703,2200,2112,8724,11275
0,9578,2600,1856,8606,11712
0,9726,2054,1984,8546,11908
0,8572,1754,1837,8774,11415
0,8809,1911,1514,8993,11665
0,8485,1438,2050,9083,11424
0,8832,1914,1796,8846,11584
0,9124,1978,1914,9238,11396
0,8216,1105,2186,9066,11430
0,8678,3271,2056,8564,11808
0,8619,2156,2259,8851,11624
0,9138,2596,2392,8896,12013
0,9109,2502,2346,8833,11201
0,9259,2186,2228,9330,11392
0,10035,1851,1448,9062,11450
0,7919,848,1795,8800,11669
0,9118,2512,2355,8982,11447
0,8920,2129,2294,8683,11448
0,8848,2169,2217,8882,11618
0,8967,2340,2230,8908,10597
0,8748,1912,909,8643,11504
0,8907,1104,2061,8592,11393
0,8760,2170,1730,8703,11389
0,9024,1816,1964,8898,11378
0,8657,2562,1748,8784,11554
0,8797,1646,2601,8786,11620
0,8920,2083,1939,8731,11498
0,8773,1776,2374,8906,11795
0,8844,2109,1935,8886,11183
0,8807,2358,2540,8703,11468
0,9188,2093,1947,8979,11473
0,8703,1458,2642,8864,11176
0,8703,1827,1872,8895,11415
0,8524,1101,1963,8932,11476
0,8928,2548,1752,8452,11352
0,8909,2364,2218,8968,11738
0,9066,2489,2436,8901,11776
0,9063,2559,2561,8956,11684
0,9263,1764,1960,9079,11376
0,8832,1596,1816,8993,11593
0,8827,1837,1789,8815,11404
0,8645,2289,2128,7706,11333
0,9289,2244,2112,9164,11475
0,8790,1972,1944,8538,11493
0,9303,2232,2098,8586,11363
0,8703,2277,2325,8724,11649
0,9216,2068,1824,8992,11373
0,8897,1885,1846,8703,11640
0,8657,1808,1844,8488,11408
0,8905,1931,1915,8818,10968
0,9615,2081,2112,8456,11518
0,8619,1876,1815,8833,11355
0,9033,2559,2115,9000,11221
0,9621,2732,2125,9349,11439
0,9471,2251,1588,8666,11612
0,8914,1477,1896,8659,11424
0,9034,2324,2180,8737,11102
0,8899,2425,2261,8793,11568
0,8988,2210,2135,9027,10979
0,8615,2409,2342,8952,11228
0,9219,2174,2179,9413,11300
0,9024,2283,2163,8848,11467
0,8031,1593,2196,9134,11272
0,9018,2432,2441,8839,11229
0,9045,2249,2408,9700,11301
0,8652,2152,2000,8720,11414
0,8985,2512,2231,8772,11186
0,8996,2480,2322,8852,11129
0,8979,2148,2191,9108,11356
0,8831,2304,2475,8884,11232
0,9394,2328,2232,7676,11394
0,8104,2201,1957,9119,11314
0,8661,2259,2055,8905,11291
0,9264,1921,2052,9068,11160
0,9092,2348,2252,8829,10720
0,8836,2296,3012,8585,11333
0,9012,2190,2212,8440,11514
0,8681,2171,2105,8703,11413
0,8716,1805,2218,8592,11468
0,8652,1699,2108,8926,11461
0,8809,2217,2249,8992,11144
0,8665,2164,727,8784,11408
0,8464,987,1993,9078,11514
0,8990,2408,3408,8936,11029
0,8649,2200,2536,8793,11610
0,8933,2185,2148,9380,11396
0,9167,2493,2401,9599,11144
0,9106,2221,2176,9076,11813
0,8764,2071,1691,8853,11567
0,8912,1936,2256,9032,11130
0,8738,1948,1944,9035,11457
0,8784,2464,1707,8969,11368
0,8939,1856,2054,9082,11510
0,9108,2083,2142,8897,11011
0,8662,2560,2330,8815,11656
0,8845,2098,1337,8846,11428
0,9004,2282,2248,9139,11170
0,8956,1906,2402,8842,11364
0,8712,1900,1968,8878,11624
0,8750,2285,2240,8916,11019
0,8908,2089,2294,8674,11214
0,8416,1836,1501,8893,11284
0,8686,2559,2314,8516,11119
0,9397,1823,2174,8975,11641
0,8852,2254,2130,8600,11424
0,8702,2182,1928,8623,11369
0,9031,2412,2385,9051,11397
0,8890,2396,2341,8606,11333
0,8792,2272,1761,8773,11419
0,8812,1884,1709,8936,11563
0,9271,2120,1959,9131,11456
0,9069,2353,2265,8907,11424
0,8218,1268,2194,9054,11433
0,9432,2492,2436,8923,12516
0,8693,2065,1972,8818,11410
0,8823,1667,1950,8770,11640
0,9281,1781,1955,9083,11702
0,8950,2185,1884,9252,11491
0,9141,2220,2128,8215,11273
0,8703,2050,1982,9095,11152
0,8724,2201,1922,8647,11327
0,9005,2128,1942,9127,12058
0,8925,2141,2219,8396,11326
0,8796,2145,1971,8196,11169
0,8618,1999,0,8986,11600
0,8864,2441,2300,8958,11857
0,8394,2082,2116,8768,11371
0,9037,2153,1972,8742,11691
0,8767,2259,2194,8848,10987
0,9068,2259,2276,8771,10736
0,8806,2108,1978,9268,11405
0,9411,1948,1988,8506,11392
0,8875,2329,2336,8806,11456
0,9180,2391,2368,8791,9518
0,8703,2688,2558,8792,11664
0,9616,2156,2052,8914,11647
0,9473,1986,2057,8993,11318
0,8955,3040,1760,8757,11497
0,8703,2274,2426,8897,11198
0,9294,2216,2487,8982,11384
0,8852,2231,2237,9590,11336
0,9071,2190,2176,9162,11143
0,9109,2488,2800,9042,11278
0,9149,2567,2307,8829,11119
0,9134,2098,2135,9777,11361
0,8777,2405,2136,8763,11698
0,9128,2516,2180,9120,11775
0,8528,2065,1908,8713,11304
0,8976,2144,2142,8702,11227
0,8842,1936,1909,8796,10751
0,8945,2290,2216,8665,10425
0,8890,2416,2305,9116,11331
0,9141,2594,1825,8964,11298
0,8910,2248,2150,9086,11305
0,8806,2827,2810,8862,11646
0,8744,1948,1908,9106,11539
0,8864,2345,2218,8967,11043
0,9157,1490,2388,8791,10914
0,9542,2262,2200,7977,11375
0,8424,897,1979,8564,11355
0,8785,2057,2189,8957,11272
0,9011,2450,1652,8856,10751
0,8908,1904,2056,8703,11666
0,8934,1982,1981,8703,11538
0,8310,1929,2426,8751,11180
0,8619,1981,2083,8753,11633
0,9050,2541,2488,8832,10960
0,9306,465,1452,8867,11525
0,8636,1973,2134,9826,11357
0,9309,2156,1936,8918,11557
0,8864,2072,2064,9013,10837
0,8736,1888,2102,8829,11627
0,9240,2559,1848,8196,11602
0,8966,2390,2368,9342,11145
0,9628,2168,2124,8599,11334
0,8211,3074,2762,8276,11728
0,9285,2348,2097,9254,10614
0,8695,2211,2285,9134,11190
0,9037,2444,2216,9110,11301
0,9370,2405,2057,9076,11411
0,9036,2802,1880,8368,11686
0,9957,2421,2292,8969,11780
0,8948,2132,2559,9071,11192
0,9117,1692,2001,9100,11354
0,9078,2354,2166,8938,11514
0,9014,2429,2442,8749,10917
0,9132,2171,1874,8930,11363
0,8835,2316,2218,9466,11179
0,8935,1981,2112,8527,11302
0,8703,2295,2224,9360,11240
0,9138,2115,2175,8330,11351
0,8670,1560,2140,8991,11310
0,9290,2246,2205,8907,11188
0,9294,2838,1940,8629,11616
0,9094,377,1663,9243,11195
0,9172,2226,2428,8988,11343
0,8823,2337,1986,9175,11535
0,9017,2214,2211,8688,11149
0,8774,2184,2010,8716,11516
0,8617,2394,2400,8948,11072
0,9333,2240,2499,9110,11502
0,9394,2160,1956,8836,11348
0,9042,2955,2129,9076,10994
0,9345,2538,2150,9016,11541
0,9146,2384,2354,8922,11532
0,9097,2158,2060,8104,11585
0,8959,2284,2330,8689,11512
0,8832,1954,1868,9017,11492
0,9124,2564,2342,8866,11148
0,9152,2254,2123,9076,10848
0,9473,2086,2159,8703,11365
0,9428,2304,1933,8574,11528
0,9062,2317,2221,9048,11876
0,8869,2331,1929,8936,10944
0,8981,2436,2477,8892,11107
0,8836,2294,2291,8149,11353
0,9984,2261,2104,8639,11360
0,8900,2363,2294,9600,11322
0,8946,1562,2559,8703,11443
0,8768,1553,1951,8868,11531
0,9224,2303,1398,9281,11373
0,9050,2516,2244,8919,11104
0,8847,2389,1965,8989,10964
0,9122,2332,1428,9147,11289
0,8672,2074,1959,9194,11343
0,8955,1335,2012,8968,11450
0,9018,2234,2118,9072,11123
0,9061,2407,2300,8871,11195
0,9181,1997,2152,9079,11322
0,8721,2559,2197,8876,10941
0,8980,2338,2363,8830,11676
0,8964,2380,2419,8784,11133
0,8957,2315,1834,9055,11286
0,8998,1836,1841,8693,11614
0,9177,2306,2248,8980,10962
0,8727,1992,1984,9079,11377
0,9060,2590,1751,8944,10844
0,9440,2514,2142,9098,11440
0,7990,2368,2408,8766,10839
0,9233,2443,2211,9092,11397
0,8584,2164,1929,8699,11201
0,8968,2443,2380,8926,12472
0,9353,2429,2149,9124,11433
0,8829,1734,1754,8745,11945
0,9152,2064,2186,8700,11319
0,8980,3273,2349,8730,11146
0,9172,2332,2299,9063,11417
0,8950,2559,2328,8462,11460
0,8344,1908,1966,8672,11600
0,8823,2076,1970,8897,12048
0,8410,2067,1931,8703,11236
0,9017,2157,2166,8447,12182
0,8912,2340,2289,8840,11084
0,9096,2449,2368,9433,11003
0,8971,2420,2500,8938,11137
0,9116,2512,2468,9032,10883
0,8752,1813,2334,8810,11092
0,8826,1856,1799,9064,11640
0,8731,1809,2090,8885,11208
0,8703,2345,2307,8056,11178
0,9644,2234,2160,8703,11430
0,9134,2500,1220,9036,11352
0,8825,2075,1968,8840,11441
0,8797,1577,2198,8727,11311
0,9107,2478,1682,9064,11077
0,9050,2557,2184,8804,11328
0,8864,1988,2063,9093,11357
0,8823,2407,2478,9037,11065
0,8736,2063,1534,8727,11649
0,9135,2368,2084,9033,10541
0,8406,1364,1970,9136,11479
0,8782,1897,1934,9169,11384
0,8916,2431,2438,9024,11002
0,9172,2349,1856,9011,11334
0,8316,1605,2512,9086,11514
0,9117,2178,2062,8304,11522
0,8886,1985,2311,9154,11465
0,9090,2280,2641,8933,12510
0,8304,1689,2280,8748,10784
0,9117,2504,1776,9218,11508
0,8836,1960,1872,9035,11560
0,9003,2496,2427,8852,11169
0,8703,2869,1750,9112,11800
0,8875,2657,2132,8845,11189
0,8703,1912,1722,9022,11508
0,9122,2330,2277,8887,12077
0,8961,2364,1826,9094,11348
0,8877,2352,2333,8868,9943
0,8820,2213,2189,9075,11205
0,8865,2340,2187,8620,11404
0,9070,2412,2398,9027,12424
0,8760,1902,1941,8885,11659
0,8933,2435,2376,8795,11215
0,8583,2069,1986,8691,11622
0,8653,1992,2246,8762,10834
0,8801,2493,2277,9760,11179
0,9144,2261,1996,9246,11310
0,9001,2389,2164,8747,10972
0,8913,2355,2112,8923,11121
0,9272,2300,1915,9128,11402
0,9234,2305,2127,8979,11414
0,9079,2185,1946,8494,11554
0,8797,1890,1872,8973,11394
0,8845,2064,2049,9244,11424
0,8933,2363,2368,8779,11232
0,8723,3250,1592,8507,11535
0,8840,2319,2170,8946,11297
0,8866,1914,1396,9061,11562
0,8893,1799,1777,9012,11462
0,9331,2154,1937,8333,11539
0,8871,2107,1844,9284,11470
0,8636,2062,2059,7833,11559
0,8628,2376,2379,8890,10458
0,9010,2362,2368,8880,11534
0,8944,1900,2356,8994,11336
0,8634,2524,1776,8147,11783
0,8772,1954,2228,8996,11539
0,8732,1654,1885,9072,11400
0,8944,2071,2369,8857,11552
0,9105,2231,2472,9069,11229
0,8968,2444,2425,9122,11477
0,8958,1818,1771,9040,11504
0,9135,1840,2436,8962,11716
0,8802,2084,2324,9298,11268
0,8848,2067,1888,9172,9503
0,9006,2144,2120,9108,11226
0,8736,1962,2070,8860,11577
0,8746,2093,2061,8627,10184
0,8866,2125,2139,9251,11498
0,8992,2634,2393,9109,11308
0,9355,2210,1928,8226,11503
0,8953,2366,2301,9132,11341
0,9162,2430,2417,8840,11179
0,9132,2389,2301,8749,11202
0,8841,2116,2289,8746,11521
0,8897,2380,2310,9683,11329
0,8874,2004,2006,8537,11422
0,8964,2300,2260,8772,11220
0,8940,2454,2302,8902,11949
0,9113,2436,2250,8836,11268
0,9325,2129,2303,8922,11511
0,9019,2322,2390,8996,11186
0,9046,2128,1937,9120,11577
0,8701,1836,1800,8712,11540
0,8634,2302,2203,8981,11488
0,8984,1870,1316,8966,11694
0,9184,2559,2135,9233,11640
0,8956,2094,1436,9277,11410
0,8866,1801,1867,8867,11554
0,8869,2236,2216,8849,11441
0,9359,2625,2159,8945,11587
0,9045,2392,2372,9063,11204
0,8996,2210,2312,8924,11061
0,8500,1928,1981,8953,11408
0,8768,2400,1639,9034,11230
0,9103,2332,2357,9007,11307
0,9130,2181,2224,9154,11084
0,8804,2442,2178,8842,11629
288,8764,2392,2464,9041,11352
0,8538,2218,2209,9014,10630
0,9262,2293,2091,9007,10640
0,9229,2139,1913,9247,11341
0,8929,2091,1929,8733,11527
0,9121,2124,2142,9028,11430
0,8824,2409,2271,8937,11996
0,9140,2170,2716,9069,11611
0,9169,2133,2117,9392,11230
0,8542,1997,1912,8768,11692
0,8876,2147,2240,8367,11291
0,9059,1829,1919,9225,11537
0,8646,2212,2120,8838,10518
0,9029,2155,2349,8802,11168
0,8887,1917,1904,9178,11581
0,9630,2140,1834,8791,11441
0,9163,2345,2193,8846,11385
0,9328,1602,1963,9168,11521
0,9140,2176,2176,8978,11307
0,9185,2186,2104,9096,10396
0,9030,2363,2321,8969,12498
0,9166,2001,2240,9076,12058
0,9015,2065,1962,8964,11141
0,8985,2328,2322,9794,11387
0,9216,2234,2132,9898,11560
0,8839,1984,1894,9252,11404
0,8859,1864,2180,9341,11201
0,8725,2377,2103,8453,11816
0,9320,2234,2165,9568,11356
0,8968,2284,1535,10150,11216
0,8968,2142,2317,8808,11546
0,9364,2175,2175,9085,11397
0,8888,1938,1950,8865,11505
0,8984,2350,1632,9067,11099
0,8981,2165,2107,8955,11642
0,8680,2108,2172,8763,11372
0,8779,1769,1750,8817,11819
0,9270,1535,2061,9129,11496
0,8157,1660,978,8862,11541
0,9143,2205,2298,8913,11559
0,9276,2142,2129,8978,11483
0,8008,2158,2088,8209,11440
0,9042,2163,2070,8926,11610
0,8654,2793,2812,8874,11489
0,9026,2170,2145,9061,11104
0,9120,2238,2184,8970,11169
0,8912,2285,2244,8555,10633
0,9087,2437,2205,8861,11144
0,9180,2308,2888,8885,12745
0,8677,2522,2156,8835,11230
0,9082,2556,2259,8899,11194
0,9024,2468,2181,9074,11757
0,9030,2368,2368,8984,12177
0,8875,2163,2175,8758,11097
0,8869,2284,2655,10636,11236
0,9667,2840,2193,8765,11374
0,8943,2112,1602,8703,11280
0,9042,2312,2330,8938,11036
0,9250,2000,1891,9682,11414
0,8784,2557,1802,8918,11659
0,8886,2306,2316,8985,11703
0,8703,1368,2126,9104,10889
0,8809,2376,2356,8914,9164
0,8937,2302,2326,9325,11222
0,8739,3370,3000,8865,11775
0,9231,2113,1563,8605,11753
0,8952,1977,2104,8634,11343
0,9435,2626,2072,9103,11411
0,8647,1734,1896,8723,11327
0,8902,1863,2142,8889,11727
0,9098,2356,2386,8905,11749
0,8768,2059,2082,8571,11474
0,8596,2082,2375,8928,11122
0,8830,1535,1677,8995,11653
0,9129,2466,2286,8818,11057
0,8740,2771,2708,8901,11721
0,9257,2597,2252,8501,11271
0,8768,5865,2129,8702,11185
0,8703,2283,1662,8918,11602
0,9088,2468,2378,8998,11111
0,8647,2154,2184,8709,11495
0,8769,1785,1880,5824,11775
0,9133,1988,1786,9187,11295
0,8936,2306,1984,8776,11197
0,9174,2121,2140,9238,11364
0,9139,2169,2102,8625,11500
0,8958,2006,2116,8714,11353
0,7628,1220,2066,8986,11548
0,8938,1906,1915,8811,11448
0,9156,2376,2436,9188,11062
0,8724,2744,2108,8732,11358
0,9029,1885,1916,8869,11653
0,9221,2073,2352,9068,10750
0,9000,2386,2368,8879,10902
0,8885,2260,2225,8884,11166
0,8958,2080,1832,9276,11598
0,8873,1977,1799,8669,11662
0,9183,2303,2243,9070,11317
0,8703,1864,2255,9000,11498
0,9131,2218,2194,9018,11396
0,8799,2000,1933,8912,11465
0,9045,2261,2328,9138,11264
0,8968,1705,1807,9320,11481
0,8843,3009,1838,8890,11596
0,8762,1952,1915,9013,11380
0,8928,2386,2291,9068,11221
0,9016,2084,1990,9118,11690
0,9360,2136,2071,8703,11294
0,8725,1301,1768,8947,11493
0,8588,1992,2092,8873,11480
0,9232,2437,2100,9145,11990
0,8677,2060,2092,8703,11742
0,8703,2215,1844,8770,10485
0,8707,1290,2084,8718,11488
0,9108,2266,2069,9133,11380
0,8652,2143,2146,8721,11382
0,8640,2061,2084,8470,11751
0,7566,2292,1904,9166,11301
0,9034,2403,2327,8722,10484
0,8688,2474,2852,8838,11724
0,8703,2088,1880,8416,11442
0,8768,2290,2860,8749,11691
0,8261,2216,2378,8777,11561
0,8851,1642,2266,9003,11344
0,8971,1787,1919,8090,11606
0,8638,2569,2124,8842,11567
0,8992,2096,2189,9090,11531
0,8703,2000,1988,9160,11821
0,9111,2121,2109,9121,11632
0,8945,2249,2288,8854,11177
0,8662,1817,1813,8920,11601
0,9064,2465,2761,8976,11210
0,9165,2216,1535,9942,11483
0,8640,2106,1535,8949,11282
0,8898,2008,2051,8873,11530
0,8877,2388,2231,8990,11293
0,8832,2329,2351,8248,11177
0,8840,2326,2296,9042,11187
0,9052,2331,2401,9148,11056
0,8903,2264,2075,8667,11421
0,8642,2371,2499,9485,10586
0,8738,1974,2300,8703,11228
0,9518,2204,2192,8780,11779
0,8862,2329,1534,9726,11291
0,9186,2718,2368,9049,11439
0,9308,2180,2202,8743,13677
0,9109,2427,2559,8965,11595
0,8825,2164,2075,8703,12022
0,9151,2364,1961,9156,11356
0,8948,1904,2256,8063,11123
0,7852,2054,2234,8784,11184
0,8960,2190,1992,9014,7767
0,8825,1991,1936,8923,11637
0,8956,2208,2356,9901,11460
0,9114,1890,1765,8831,11645
0,8766,2394,1338,8994,10960
0,8708,1912,1800,8898,11632
0,8835,1790,1690,8984,11588
0,8577,2068,1476,8951,11627
0,8561,1917,2429,8830,11116
0,8810,1736,1681,8801,11760
0,9226,1088,2336,9114,11376
288,8801,1989,1652,8936,13218
0,9024,2331,2289,8971,11062
0,8703,2476,2272,8799,10570
0,9035,1937,1974,8915,11560
0,8740,2327,2518,8909,11649
0,8685,2165,1387,9273,11422
0,7827,2393,2358,8768,10134
0,8896,2148,2004,9139,11570
0,9104,2208,2671,9124,11475
0,9073,2253,2397,8836,11264
0,9538,1692,2116,8750,11228
0,9096,2477,2007,8970,11330
0,8730,2281,2393,8512,11014
0,8991,2396,2421,8912,11073
0,9046,2345,2292,8833,10705
0,9082,2195,2187,8824,11215
0,8896,2554,2134,8762,11126
0,8797,2270,2184,8898,11048
0,9086,2201,1851,9150,13442
0,8779,1672,1870,8808,11686
0,9263,2101,2202,8914,10743
0,8668,2128,2049,8907,12465
0,8909,2275,1631,9794,11849
0,9234,2148,2392,9050,11343
0,8591,2163,2120,8764,10536
0,9178,2490,2432,9002,10164
0,8630,2228,1539,8790,11316
0,8880,1444,2334,9988,11200
0,8703,2126,2559,8741,11458
0,8605,1930,1789,9002,11947
0,8961,2201,1940,9017,11614
0,9354,2240,2283,9142,11201
0,9006,1532,2153,9234,11581
0,8955,2214,1998,8216,11595
0,8756,1644,1768,8747,11609
0,8790,1616,1326,9189,11654
0,9041,2264,2082,9240,11537
0,8778,2318,2073,8782,11705
0,8703,1928,1856,8782,10570
0,8956,1864,2129,8236,11676
0,9109,2397,2410,9101,11782
0,8918,2392,2350,9040,11360
0,9338,2000,2085,8829,10670
0,9258,1247,2213,8641,11395
0,8949,2390,2288,8094,11401
0,11184,1292,1926,8757,11376
0,9040,2161,1741,9167,11577
0,9543,2622,2100,9142,11475
0,9170,2148,1947,9137,11323
0,8960,2372,2159,9110,11109
0,8912,1813,1908,8466,11595
0,9129,2510,2277,9086,11448
0,8777,2728,2928,8880,11840
0,8882,0,1786,9013,11700
0,9048,2182,2327,9166,11208
0,8849,2362,2299,9692,11232
0,8999,2239,2137,9099,11176
0,8866,2178,2106,8667,11400
0,8994,2168,2217,8764,11554
0,7901,2357,2324,8823,10118
0,9241,2523,2988,9327,11338
0,9138,2608,2269,8744,11219
0,10068,2151,2013,8549,11050
0,9142,2067,2148,9057,11604
0,8754,2092,1984,8916,11318
0,8792,1892,1636,9024,11689
0,8817,2265,2005,8664,11324
0,9058,2472,2327,8912,11280
0,9156,2281,2329,9136,11242
0,8902,1908,1930,9075,11631
0,9481,2050,1722,8533,11642
0,8748,2378,1645,8820,11670
0,8892,2384,2496,9067,11066
0,8972,2507,2369,8802,11292
0,8911,2425,1896,12370,11082
0,9004,2340,2264,8794,11344
0,9337,2192,1700,9187,11172
0,9001,2155,2399,9634,11162
0,8811,1867,1631,7952,11912
0,9513,2255,2153,8633,11467
0,9160,2280,1810,8787,11665
0,8607,2176,1994,8688,11382
0,8694,1901,1891,9022,12057
0,8852,2322,2256,8868,11141
0,8908,2309,2339,9036,11056
0,9046,2469,2642,9006,11131
0,8570,1154,2384,9068,11230
0,8680,2427,2630,8904,11634
0,8640,2126,2232,8757,11290
0,8817,2219,2112,8832,11368
0,8997,2076,2073,8996,11631
0,9084,2053,1773,9024,11630
0,9140,1984,2077,8994,11574
0,7569,2631,2212,8581,10742
0,8842,2208,2146,8733,11386
0,8825,1940,1966,9271,11558
0,9090,2049,2004,9096,11483
0,8891,1865,2128,8842,11664
0,7784,2214,2162,8656,11167
0,8915,2100,1878,9073,11515
0,9172,2341,2147,9092,11497
0,8794,2209,2226,9041,11205
0,8231,2484,2846,8756,11052
0,8168,1568,2369,8840,11232
0,8772,2274,2080,9713,11053
0,9102,2133,1913,9141,11663
0,9844,2172,2181,9711,11038
0,7091,1783,2180,8544,10930
0,9240,5158,2012,9126,11405
0,8680,2388,989,9129,11165
0,8233,1561,1979,8882,11491
0,9049,2281,2394,8891,11122
0,8824,2058,2279,8675,11331
0,9233,2686,2254,9020,12204
0,8768,1971,1914,9164,11274
0,8706,2478,1744,8905,12072
0,9222,2439,1965,9072,12307
64,9234,1896,1925,8804,11445
0,9027,2295,2258,8555,11590
0,8741,1905,1826,8992,10326
0,8959,1322,1830,8703,11685
0,8858,1879,1852,7348,11666
0,9261,2395,2163,9084,11398
0,8823,2139,1297,8977,11333
0,8858,1581,1932,8932,11600
0,8886,3429,1526,8896,11674
0,9032,2426,2421,9059,11120
0,9100,2700,2086,9108,11932
0,8782,3676,2476,8129,11058
0,9326,1917,2107,9152,11419
0,9094,2814,1949,8703,11589
0,8884,1920,1472,9064,11763
0,8679,1902,1910,8443,11425
0,8794,1993,1790,8941,11669
0,8754,1831,1872,8908,11639
0,9065,2439,2428,9128,11099
0,8777,2678,2175,8821,11492
0,9066,2307,1772,8546,11763
0,9260,2156,1844,9276,11487
0,9068,2206,2301,8899,11202
0,8883,2176,975,8821,11501
0,9047,2393,2451,8730,10951
0,8933,1767,1817,8930,11629
0,8266,1848,1818,9362,11609
0,8705,1929,1035,8810,9873
0,8836,1951,2076,8567,11203
0,8716,1791,1204,9002,11625
0,8884,2262,2220,9398,11197
0,9055,2150,1300,9288,11458
0,9104,2475,2368,8895,10536
0,9296,1455,2075,9013,11445
0,9706,2137,2003,8869,11417
0,9016,2274,2327,8945,11317
0,9157,2449,2593,8970,11270
0,8912,2005,1967,9335,11476
0,8951,2116,2060,8928,10896
0,8794,2555,2285,8828,12008
0,8823,2423,2385,8865,10960
0,9236,2552,2211,8789,11045
0,8775,1872,1843,9021,11473
0,8925,1985,1976,8974,11572
0,9251,2340,1408,9107,10913
0,9003,2112,2126,7801,11433
0,8903,2348,2298,8646,11362
0,9424,2203,2075,8792,11013
0,9727,2217,2139,8778,11281
0,9005,1824,1059,8965,11633
0,9090,2238,2240,9028,11338
0,8638,1876,2074,8806,11462
0,9746,2174,2094,8703,11336
533,8665,2000,1860,8829,11680
0,8992,2367,2308,8824,11174
0,8566,1785,1873,8906,11466
0,9156,2268,2240,9000,10693
0,8942,2411,2209,8888,11266
0,9050,1909,1906,8665,11511
0,8822,1808,1755,8908,11588
0,9774,2213,2091,8823,11523
0,9242,2457,2189,9120,11591
0,8818,2210,2234,9376,11164
0,8930,2210,2533,8650,11407
0,8721,2284,2417,8958,11189
0,8927,2196,2154,9152,11336
0,8942,2140,2078,9033,11556
0,9078,2500,2384,8917,11634
0,9105,2610,2185,8693,11301
0,9146,2166,1690,9174,11374
0,9242,2149,1860,9034,11301
0,9007,2371,1483,8951,11103
0,8954,2276,2221,8703,11211
0,9254,2283,2279,9113,11357
0,9035,2320,1897,8678,11649
0,9118,2166,2058,9331,11687
0,9086,2210,2223,8671,10944
0,9084,2172,2295,9223,11514
0,9384,1368,1948,8634,11573
0,9305,2238,2230,9560,10976
0,9113,2527,2339,8996,11472
0,9794,2638,1942,8668,11636
0,8775,2198,2079,8660,11277
0,9605,2218,1700,8872,11494
0,9264,2289,2264,9032,10914
0,8619,2280,1941,8760,11285
0,8977,1969,2255,8981,11282
0,8800,2678,3008,8820,11718
0,7679,1248,2182,8768,11402
0,8796,2709,3405,8879,11920
0,8405,2214,2384,9013,11293
0,8896,1873,1965,8750,11381
0,9095,2440,2382,9122,12843
0,8823,2162,1914,8849,11657
0,8793,2949,2530,8781,11050
0,8456,1335,2152,8732,11285
0,8710,2256,2209,8755,11488
0,8886,2060,1838,9017,11702
0,8964,2800,2492,8796,11201
0,8976,2373,2338,9356,10675
0,8554,1567,2306,9072,11370
0,9093,1992,2069,9333,11367
0,8816,2316,2320,9041,11223
0,9046,2000,1637,9112,11448
0,8878,1940,2064,9470,11410
0,9596,1960,2162,9087,11422
0,9779,2322,2152,9106,11405
0,8938,1866,1961,8733,11721
0,9220,2088,2188,9021,11344
0,9190,2373,1541,8703,11671
0,8907,1820,2091,8996,11567
0,8958,2080,2128,9333,11492
0,8788,2255,2219,8796,11773
0,9024,2344,2344,8983,11088
0,9189,2559,1907,8740,11547
0,9333,2478,2264,8935,10312
0,8964,2097,1281,8869,11448
0,9003,2513,2242,8917,11016
0,9232,2368,2341,9028,12872
0,8750,2502,1853,9054,11078
0,8646,2114,2061,8704,11344
0,9028,3224,2340,8775,11275
0,8993,1804,1914,8737,12062
0,8992,2196,2054,9037,11708
0,8847,2620,2437,8231,11629
0,8724,2094,2752,8851,11598
0,8591,1831,2238,8742,11286
0,8911,1992,1836,9146,11509
0,8930,1976,1806,9223,11521
0,9458,2492,2150,9044,11481
0,8294,2284,2476,9022,11284
0,8689,1871,1780,9048,11387
0,9733,2144,2005,8842,11491
0,8951,2294,2244,8786,10760
0,9463,2589,2112,9126,10765
0,9041,2410,2568,8922,11802
0,8858,2169,2155,9389,11280
0,8793,2253,2100,9064,11354
0,9301,1390,1863,9268,11595
0,9372,2292,2095,9086,11456
0,9268,2122,2114,9014,11701
0,8804,2204,2264,8678,11423
0,8825,3015,2454,8908,11409
0,9338,1524,1960,9101,11444
0,8786,538,2096,9028,11584
0,9294,2456,2106,8836,11620
0,8874,1959,2069,8909,11620
0,9243,1960,2064,9160,11301
0,8913,2269,2212,8621,11380
0,8986,2294,1989,8768,11388
0,8775,2288,2223,9976,11205
0,8787,2172,2754,8805,11812
0,9226,2532,2587,9032,11204
0,8967,1886,1920,9336,11422
0,9115,1818,1568,9012,11658
0,8976,1976,2313,8916,11601
0,8879,2272,2231,8650,11312
0,9152,2516,2477,8953,11983
0,9536,2216,2314,8772,11414
0,8824,1809,1965,8703,11360
0,9076,2469,2394,9042,11057
0,9527,2392,2080,8810,11492
0,9162,2089,1996,9400,11390
0,9184,2221,1823,8365,11612
0,9228,2520,2326,9620,12537
0,8681,1893,1864,9056,11402
0,8654,1671,2464,9000,11390
0,8907,1928,1667,9063,11554
0,9355,2538,2370,9060,11580
0,9313,2229,2331,9034,11353
0,9288,2149,1970,9286,11452
0,8861,1736,1781,9002,11649
0,9053,2298,2382,8703,11074
0,8648,2004,1856,8713,11375
0,9161,2332,2253,8748,11029
0,8924,2172,2095,8887,11601
0,9093,2432,2299,9030,11767
0,8708,1946,1662,8868,11372
0,9062,1258,2169,9297,11522
0,9052,2090,1728,8957,11672
0,9220,2293,2231,9016,14144
0,8744,3217,1931,9727,11584
0,9152,2177,2004,8608,11464
0,9027,2608,1901,8951,11673
0,9245,2463,2340,8714,11280
0,9096,2410,2499,8873,11153
0,8758,2311,2632,8697,11180
0,9280,2241,2240,4601,11380
0,8849,1722,1889,8734,11516
141,9097,2810,2152,8921,11775
0,8966,2359,2302,9046,12799
0,9407,1988,2257,8398,11557
0,9157,2065,1904,8697,11616
0,8805,1972,2123,8905,11584
147,8375,1928,1953,8889,11676
0,8318,4040,2373,9109,11275
0,8704,2128,1421,8913,11460
0,9162,2869,2311,8436,12021
0,8350,2116,2452,8925,10732
0,8987,2185,2201,8703,11240
0,8769,2341,2346,8864,10570
0,9236,2218,2072,9233,11229
464,8876,2235,2516,8920,11513
0,9000,2067,1912,9005,11739
0,9063,2440,2396,9049,11704
0,8800,2258,2241,9120,11267
0,8869,1877,2120,8986,11505
0,8793,2176,2208,8689,11311
0,8956,2355,2312,9003,11102
0,8836,1771,1777,8937,11523
0,8977,1968,2169,8957,11506
0,8768,1788,2122,8808,11334
0,8792,2049,1878,9246,11344
0,8854,1861,2940,8999,11949
0,8832,1756,2701,8830,11666
629,8901,1943,2000,8809,11644
0,9173,20,2306,9030,12153
0,9360,2101,2111,9249,11400
0,8751,2666,1956,9517,11072
0,8904,2392,2244,9594,11337
0,8977,2070,1975,9352,11552
0,8837,1786,1111,8874,11506
0,9289,2280,2158,9258,11584
0,9132,2473,2419,8917,10950
0,8978,2137,2119,10076,11375
0,9008,1728,2326,8878,11093
0,9087,2096,1973,9034,11411
0,8985,2293,2279,8499,11045
0,8968,2481,2337,8734,11343
0,9124,2311,2169,9053,11172
0,9080,2067,1328,9402,11133
0,9023,1556,1682,9299,11451
0,9042,2053,2130,10425,11396
0,8840,2318,1529,8798,11328
0,8860,1797,1805,8919,11658
0,7752,1894,2090,8764,11009
0,8536,2084,2137,8762,11426
0,8331,1049,1499,8928,11750
0,9425,2539,2184,9117,11320
0,9165,2172,2197,9113,11309
0,8845,2400,2592,8865,11128
0,8801,2213,1997,8733,11554
0,9853,2156,2148,8706,11431
0,8475,1636,2279,9268,11302
0,9218,2469,2466,8903,10916
0,8768,2859,2536,8818,11410
0,9042,2239,2226,8663,11548
0,9963,1940,1609,8703,11434
0,8815,2438,2906,8809,11773
0,8832,2310,2154,8629,11291
0,9486,2600,2294,8855,11115
0,8808,1624,2487,8748,10978
0,9284,2226,1984,9318,11405
0,7489,2240,2252,8996,11584
0,9237,2207,2080,9125,11457
0,9020,2448,2369,9590,12172
0,9172,2282,1640,8957,11437
0,9242,2524,2484,9936,11717
0,9186,2128,2128,9284,11378
0,9015,2899,2186,8865,11272
0,8902,2198,2154,9108,10372
0,9793,2437,2179,8712,11517
0,9226,2519,2131,8926,11232
0,8959,1994,2056,9743,11313
0,8905,2837,1860,8937,11624
0,8712,2113,2161,8551,11442
0,8815,1691,1856,8783,11672
0,9518,1386,2157,8681,11272
0,8880,2376,2584,9064,10880
0,8805,1913,1896,9273,11595
0,9003,2118,1732,9283,11537
0,8407,1541,1892,8925,11511
0,8906,2288,2112,8545,11219
0,9303,2295,2398,9052,11364
0,8877,2299,2648,8964,12887
0,8720,2252,2162,9011,11119
0,9148,2544,2277,8635,11311
0,8804,1779,1955,9140,11691
0,8832,2399,2680,9143,11311
0,9062,1764,1532,9023,11495
0,9300,2430,2373,8978,11622
0,9332,2402,2236,10003,11095
0,8884,1657,1709,9189,11594
0,8736,2559,2641,8852,11524
0,9037,2259,2135,8792,11442
0,8869,2162,2132,9085,11230
0,9149,2192,1981,9111,11725
0,8900,1904,2182,8518,11408
0,8988,1976,1917,8954,11775
0,9133,2124,2088,9332,11852
0,9179,1914,2466,9008,11357
0,9148,2158,2053,9253,11624
0,9219,2178,2053,8703,11365
0,9264,1959,1916,8613,11337
0,8373,2294,2219,9446,10303
0,9568,2139,2064,7703,11482
0,9221,2389,2532,8703,11579
0,9674,2432,215,8990,11460
0,8919,2450,2259,9409,11129
0,9152,2057,1781,9086,11175
0,9120,1999,2082,9395,11498
0,9104,2357,2242,8794,11307
0,8840,2199,2139,9484,11775
0,9344,2311,2477,9138,11442
0,9011,2198,2158,9328,11219
0,9172,2091,2184,8708,11328
0,9137,2074,2099,9071,11616
0,8640,1775,2180,8753,11392
0,8751,2476,2403,8988,10846
0,9085,2259,1941,9264,11418
0,9083,2146,2206,9727,11387
0,8737,2602,2849,8971,11721
0,9112,1995,1863,8918,11503
0,9161,2234,2213,9159,11486
0,9600,2421,1911,9025,11733
0,8947,2073,2132,9294,11420
0,9048,2088,621,9536,11516
0,9095,2502,2282,8921,11472
0,9048,2349,2081,8921,11006
0,9146,2450,1993,9095,11952
0,9009,2221,1980,8857,11704
0,9044,2120,2137,9338,11511
0,9080,2135,2304,9160,11655
0,9005,2629,1936,8516,10754
0,8747,1986,2328,8941,11179
0,8980,2005,1865,8971,11723
0,9302,1938,1970,9284,11391
0,9036,2220,2147,9105,11552
0,9224,2291,2184,9496,11330
0,8819,2005,2125,9112,11585
0,9092,2160,2126,9440,11369
0,9044,2216,0,8721,11530
0,8945,2294,1954,9157,11231
208,8925,2126,2117,8789,11722
0,9075,2422,2290,8958,11000
0,8860,1851,1736,8994,11672
0,9166,1989,2224,8887,11152
0,9367,2296,2112,9099,10998
0,9104,2113,2065,9257,11560
0,8965,1898,2173,8718,11330
0,9870,2164,2058,8762,11539
0,8879,2069,1892,9083,11647
0,8749,2058,2254,8957,11701
0,9261,2127,2260,9138,11395
0,8963,2424,2359,9308,11322
0,9032,2476,2407,9476,11129
0,8845,2520,2404,8926,11302
0,8908,1993,2292,8214,11917
0,8068,2088,2068,9233,11896
0,7412,2201,2159,8768,11355
0,9092,2073,2344,8916,11628
0,9527,2169,2174,8806,11308
0,9306,2152,2386,9048,11396
0,8943,2313,2218,9187,11368
0,8552,1445,2206,8959,11114
0,9676,2426,2333,9053,12478
0,9188,2277,2245,9079,11216
0,9287,2312,2259,9050,10751
0,9417,2425,2245,8808,11299
0,8806,2476,1880,8910,11621
0,9419,2272,2336,9165,11379
0,8832,2105,2056,8754,10968
0,8970,2217,2222,8880,11320
0,8703,2611,2241,9999,11055
0,9120,1432,1993,9308,11478
0,9247,2487,2148,9124,11139
0,8921,1962,2099,8796,11711
0,9348,2228,2331,9228,11507
0,8637,2048,1699,9010,11674
0,9043,2173,2280,8634,11541
0,10020,3002,2274,8760,11472
0,8712,2960,2625,8906,11761
0,8864,2370,2309,8851,11284
0,8993,2072,1097,9124,11618
0,9466,2726,2385,8774,12105
0,9026,2477,2149,8210,11338
0,9290,2900,2328,8456,11221
0,9156,2136,2243,9141,11676
0,9238,2497,2500,9402,11146
0,9007,1898,2121,8166,11474
0,9465,1893,1968,8703,11367
0,9064,2143,2133,8881,11110
0,9305,1612,2669,9153,11490
0,8725,2138,2170,9061,11237
0,9424,2335,2106,9062,11425
0,9007,872,1811,9289,11653
0,9075,2010,2048,9468,11544
0,9056,2504,2118,9039,11402
0,9079,2458,2421,8876,11595
0,8811,2048,2064,8702,10604
0,9145,2130,2105,9172,11297
0,8703,1379,1905,8813,11184
0,9280,2182,2118,8712,11465
0,9160,2512,2128,9337,11144
0,8544,2204,2351,8782,10861
0,9071,2220,1972,8914,11281
0,8898,2229,2220,9783,11307
0,9218,2181,1696,9356,11598
0,8929,2194,2280,9345,11185
0,8453,1141,2184,8746,11346
716,8921,2235,2309,8937,11145
0,9120,2293,2224,8887,11520
0,8774,2206,2200,8950,11165
0,8660,2472,2634,8874,11588
0,9225,2385,2234,9088,11080
0,9068,1970,1902,8355,11775
0,9294,2468,2290,9324,11109
0,9056,2358,1815,8904,11349
0,8688,2248,2351,8959,11738
0,9334,2128,2183,9258,11380
0,9370,2470,2559,8967,11222
0,8713,2233,2376,8801,11021
0,8081,2294,2265,9262,11377
0,9289,2592,2332,8831,10048
0,9272,2300,2123,8699,11452
0,8744,2073,1834,8869,11465
0,9664,2192,2092,8780,10704
0,8992,2002,1973,9256,11564
0,8966,2449,2559,9000,11968
0,9324,2085,2094,8950,11668
0,9047,2159,2084,8882,11550
0,7775,833,2163,8829,11390
0,9448,2245,2112,9092,11307
0,8964,2229,2302,8922,10795
74,8953,3148,2108,8743,11337
0,9133,1917,1914,8856,11680
0,9390,2354,2160,8937,11435
0,8856,2354,2320,9072,11336
0,9168,1719,2209,9192,11411
0,9172,2282,2166,9081,11279
0,8778,2454,2386,8864,11685
0,8874,1930,2222,9156,11313
0,8937,1940,1442,8909,11715
0,8109,1596,2281,8811,11182
0,9085,2254,2214,9137,11526
0,8968,1960,2876,9056,11743
0,9095,2405,2327,8880,11283
0,9167,2314,2101,9952,11305
0,9109,2482,2408,9240,11272
0,8588,1680,2412,9036,11053
0,8851,2600,1892,9068,11813
0,9217,2134,2216,9270,11375
0,9293,2001,2145,9077,11317
0,8902,2392,2241,8951,11775
0,9324,1807,1865,9092,11576
0,8942,2282,2229,8309,11464
0,8995,2071,1974,8892,11430
0,8962,2344,1988,9024,11282
0,8894,1762,2852,8730,10939
0,8460,2298,2162,8794,10892
0,8852,1964,2172,8689,11348
0,9040,2058,1173,9451,11985
0,8833,2123,1798,9388,11201
0,8657,2420,2223,8721,11225
0,9147,2319,2132,9265,11306
0,9106,1920,1973,9305,11541
0,9318,1994,2114,8117,11554
0,7992,1488,2101,9228,11436
0,8583,1654,2074,9037,11505
0,8575,2056,1977,8853,11240
0,8972,2317,2055,9038,11298
0,9316,2180,2212,9338,11451
0,8890,1720,1836,8980,11670
0,8909,2179,2222,8819,11200
0,9242,2516,2479,9678,11318
0,8518,2401,1648,9050,11775
0,9053,2286,2477,8879,11145
0,9276,1957,2067,9140,11450
0,9154,2360,2410,9049,11098
0,9126,2250,2164,9010,11223
0,8841,1915,1889,9436,11444
0,9796,1916,1877,8541,12024
0,8876,2288,2323,8825,11155
0,8930,1912,1939,9086,11659
0,8442,460,1907,8884,11668
0,9077,2119,1934,9084,11647
0,9041,2009,2074,9486,11570
0,8839,2558,1843,9067,11705
0,9369,2455,2372,9027,11285
0,9405,2331,2169,9187,11290
0,8813,2096,1641,8866,11702
0,9145,2158,1761,9352,11646
0,9165,2466,1156,9148,11177
0,9784,2521,2532,9190,11717
0,9138,2295,2155,9127,11292
0,9412,2760,2650,9193,11406
0,8900,2368,2190,9033,11136
0,8680,2192,2087,8703,11273
0,8871,2651,1860,8948,11671
0,8845,2082,2260,8985,11536
0,8912,1934,1769,9282,11538
0,8866,2220,2746,8256,11773
0,8925,1806,1666,9061,11412
0,9911,2170,1977,8853,11637
0,9028,2212,2184,9921,11332
0,9003,2142,1876,9013,11540
0,9326,2124,1982,9237,11365
0,9217,2270,1995,8703,11297
0,8900,1891,1891,9115,11648
0,9007,1932,2099,8396,11405
0,8346,1674,1808,9010,11603
0,9493,2131,1802,8810,11329
0,9243,2559,3020,9089,11420
0,8288,2184,2204,8703,11373
0,9247,2487,2471,8994,11162
0,8904,2466,2307,8919,11086
0,9046,2050,1866,9854,11337
0,8852,2188,2256,9860,11282
0,9336,2180,1977,9299,11539
0,7181,2446,2377,9100,11351
0,8782,1829,1656,8976,11561
0,9184,1856,2215,9175,11873
0,9493,2646,1810,8983,11775
0,8428,2263,2520,8884,11666
0,9058,1929,1933,8928,11496
0,8724,1284,2058,8875,11723
0,9032,2132,2096,9338,11538
0,8913,1934,1850,9109,11558
0,8872,1624,1876,8805,11642
0,9751,2141,2012,7778,11490
0,9576,2580,2344,8934,11313
0,8974,1978,1824,9035,11619
0,9335,2518,2380,9064,11056
0,9216,2805,1837,8752,11833
0,9148,2214,2269,9432,11197
0,9066,2119,2069,9384,11092
0,8854,1993,1035,8963,11626
0,8992,2057,1844,8958,11695
0,8455,2270,2412,9713,10838
0,9103,2481,2091,8929,11328
0,9262,2473,1969,8946,11380
0,8822,1840,1770,8974,11329
0,9035,1938,2115,9347,11509
0,8866,1834,2105,8982,11727
0,9332,2388,2408,8903,11170
0,8989,2288,2088,9408,11527
0,9291,2514,2433,9156,10599
0,9273,2168,2287,8990,11744
0,8811,2103,2151,9033,11538
0,9412,2267,2414,9258,11629
0,9112,2500,2453,9038,11180
0,9399,2080,2116,8404,11409
0,8892,2424,2261,9241,11200
0,9280,2435,2472,9141,11692
0,9108,1798,1850,9301,11560
0,9297,2213,2312,9185,11203
0,9343,2431,2192,8019,11305
0,9050,1796,1796,8775,11728
0,9136,2054,2116,9152,11556
0,9012,2093,1920,9143,11548
0,9025,2090,2128,9227,11165
0,9462,2312,2232,8850,11858
0,9367,2369,2327,9121,10518
0,8792,2057,2097,9080,11564
0,9154,2350,2245,8716,11469
0,8996,2095,1707,8115,11777
0,9037,2229,2243,8923,11632
0,9093,2074,2056,8354,11862
0,9017,2112,2092,8661,11483
0,8898,1914,2008,9084,11418
0,9072,2338,2639,8967,11227
0,9221,2564,2373,9055,11127
0,9635,2840,2378,8857,11332
0,9183,2380,1959,9063,11131
0,9127,2196,2008,8512,9731
0,9187,2488,2421,8986,10933
0,9443,2155,2194,9329,11546
0,9270,2152,4720,9175,11557
0,9292,1821,2078,9261,11350
0,8814,2144,1226,8879,11522
0,8960,2092,2112,9269,11307
0,8902,2006,2048,9117,11536
0,8998,1827,1655,8363,11775
0,9129,2427,1862,9265,11853
0,9175,2343,2356,9284,11296
0,9528,1896,2077,8642,11479
0,9031,2355,2337,9029,11142
0,9348,2246,2249,9284,11775
0,8596,2485,2389,9119,11274
0,9098,2091,1905,9140,11594
0,8898,1882,1856,9080,11566
0,8943,1832,1788,9160,11611
0,8997,2348,2284,8256,11440
0,9045,1963,1961,8970,11682
0,9102,2273,2194,8795,10817
0,9235,2076,1946,9366,11462
0,9007,1818,1876,9058,11693
0,9148,1898,1807,9247,11688
0,9143,1986,2002,9193,11462
0,9154,2056,1920,9238,11509
0,8787,2895,2214,8928,11775
0,8428,2389,2275,9230,11345
0,8796,2142,961,9008,11452
0,9613,2135,2102,8892,11363
192,9349,2126,2149,9440,11441
0,9128,2413,2430,9193,11606
0,9576,2209,2320,8733,11489
0,9247,2374,2357,9096,11401
0,8993,2092,2172,9245,11225
0,9393,2189,2740,9083,10884
0,9568,2433,2163,8791,11152
0,8980,2003,1942,9293,11396
0,8857,2440,2626,8891,11664
0,7832,1245,2180,9303,11684
0,8795,2120,2177,8868,11404
0,9241,2385,1896,9306,11620
0,9408,2059,2052,8932,10982
0,8897,1962,1962,8103,11594
0,9064,2109,2130,9403,11448
0,8897,2256,2192,8910,11316
0,9118,2068,1973,9302,11620
0,8804,2404,2399,8934,10601
0,9074,1971,1939,8406,11759
0,9060,2376,2256,9240,11272
0,8955,2405,1536,9104,10333
0,9418,2373,1992,8651,11541
0,8977,2085,2003,9028,11533
0,8951,2292,2298,9580,11236
0,9318,2612,1926,9009,11343
0,9064,2444,2302,8860,11549
0,9506,874,2174,9517,11172
0,8864,1943,1912,9076,11513
0,9052,2138,1963,9029,11431
0,9225,2538,2368,9100,11328
0,9028,2237,2390,8682,11430
0,9245,2559,2474,9102,11848
0,8940,2154,2108,8708,11706
0,9078,2239,2368,8868,10825
0,8884,2140,2058,9300,11436
0,9253,1960,2287,9148,11328
0,9378,1775,1821,9089,11490
0,9556,1941,1933,9030,11638
0,9153,2287,1879,7931,11604
0,8964,2317,2272,8936,11084
0,9032,2274,2267,9621,11300
0,8988,1954,2066,8924,11675
0,8739,2183,2103,9352,11696
0,9007,2058,1928,9220,11644
0,10085,2153,1598,8757,11305
0,9007,2368,2322,9502,11417
0,9026,2480,2300,8970,11218
0,8940,2122,1800,9071,11615
0,9116,2291,2164,8857,11219
0,9161,2338,2103,9326,11552
0,9178,1965,1850,9013,11648
0,9943,1579,2247,8703,11420
0,8805,2092,2052,8840,12086
0,9236,2475,2466,8923,12208
0,8893,3024,1665,8984,11694
0,9505,2098,2104,9632,11709
0,9113,2160,1738,8916,11678
0,8934,2005,2546,9152,11844
0,8949,1992,1829,9275,11377
0,9446,1981,2115,9277,11521
0,9268,2169,2000,9148,11047
0,8794,1904,1794,9153,11564
0,8512,1338,2194,9154,11533
0,8885,2076,1828,8809,11522
0,8932,2347,2170,8754,11400
0,9129,2425,2368,9018,11191
0,9192,2160,2295,8929,11518
0,9014,1952,2670,8860,11283
0,8097,2141,2106,8865,11180
0,9237,2559,2441,8874,11139
0,8827,2128,2265,8786,11734
0,9129,2408,2349,9800,11466
0,9096,2083,1828,9350,11496
0,8997,2240,2298,8922,11226
0,9316,2303,2181,8979,10541
0,9280,2494,2454,8937,11266
0,9293,1617,1964,9659,11480
0,9378,2268,2415,9150,11148
0,9485,2117,2068,9152,11483
0,8864,2293,2177,9323,11231
0,9160,2322,2313,8746,11291
0,9104,2067,1856,9135,11712
0,9088,2311,1944,9320,11413
0,9179,2306,2300,9980,11362
0,9034,2430,2325,8836,11049
0,9001,2072,1836,9032,11615
0,8818,1805,1832,9041,11544
0,8558,1591,1992,9031,11605
0,8799,2555,2694,8950,11761
0,8850,1936,1796,8960,11589
0,9024,2405,2360,9324,11130
0,8901,1902,1801,8594,11730
0,8384,1452,2389,8824,12060
0,9445,2528,2224,8742,11944
0,8955,2083,1943,8790,11095
0,8800,2166,2134,9249,11405
0,9086,2182,2116,9356,11453
0,8623,2485,2597,9005,11998
0,9096,1538,2185,9148,11605
0,9050,1434,2303,8703,11555
0,9567,2299,2115,9189,11059
0,9271,1991,2174,9593,11518
0,8718,2234,2224,8280,11805
0,9079,2228,1509,8789,11216
0,8989,2336,2318,9368,11307
0,9096,1952,2069,9056,11448
0,9544,2441,2241,8703,11486
0,9152,2374,2437,9084,12006
0,9410,2199,2445,9227,11474
0,9029,3091,2392,8835,11266
0,9089,2074,2464,8948,11534
0,8921,1524,2181,8590,11438
0,8560,2174,1996,8754,11229
0,9429,2559,1811,9028,11292
0,9110,2440,2560,8879,11315
0,9032,1791,2112,8752,11775
0,9284,2238,2196,9286,11383
0,9146,2330,2401,8751,11419
0,9085,2188,1833,9301,11406
0,9157,1535,1943,8918,11461
0,9289,2376,2417,9224,11390
0,8988,2157,2099,8823,11306
0,9131,2448,2437,9228,11791
0,9707,2184,1906,8351,11626
292,9185,2268,3171,8940,11734
0,8873,1722,1874,9033,11585
0,9354,2317,2306,9165,11339
0,9369,1049,2460,8986,12328
0,9079,1288,2079,9462,11553
0,9120,2434,2181,9013,11103
0,9290,2229,2165,9162,11300
0,9256,1718,2405,9125,11533
0,9147,2298,2341,9298,11285
0,8601,1526,2283,9132,11418
0,8778,1837,1960,8965,11552
0,9225,2497,2381,9192,11054
0,9062,2334,2340,8844,11293
0,9041,1985,2464,9297,11505
0,8562,2064,1972,8882,11681
0,8642,2243,2401,9140,11518
0,8469,2084,2640,8915,11997
0,9174,1833,1876,9082,11684
0,8756,2275,2347,9802,11202
0,9254,2661,1800,9133,11336
0,9362,2284,2256,9290,11338
0,8898,2196,2167,8830,10495
0,9294,2384,2411,8892,11077
0,9058,2157,2443,9094,11588
0,8962,2312,2288,8952,11154
0,9302,2460,1956,9117,11117
0,8914,2274,2242,9282,11556
0,9425,2224,2161,9322,11432
0,8961,2349,2408,8937,11270
0,9235,2304,2348,8797,11123
0,9239,2415,2411,9007,11222
0,9044,2296,2296,8970,11156
0,9120,1824,1883,9404,12004
0,8941,1702,2935,8872,11691
0,9336,2305,2288,8736,12174
0,9098,1896,2096,9140,11552
0,9054,1982,1475,8598,11590
0,9112,2246,2272,8867,11220
0,9378,2152,2424,9111,11417
0,9146,2226,2064,9345,11578
0,8929,3339,2704,8968,10493
0,8328,2225,2050,9477,11444
0,8743,1912,1996,9348,11537
0,9246,2495,2368,9033,11135
0,9186,2497,2345,9077,11601
0,8968,2419,2752,8936,11779
0,8702,2160,1964,8810,11324
0,9391,2559,2402,9543,11377
0,9154,2272,2148,8924,11415
0,8900,2344,1832,10159,11497
0,8945,2284,1874,8927,11604
0,9009,2121,2086,9123,11478
0,9365,2190,1733,9182,11216
0,9018,1542,1715,8526,11722
0,9024,2254,2257,9396,11414
0,9276,2321,2286,8984,12372
0,9074,2120,2073,9414,11728
0,9228,2540,1785,8883,11623
0,6655,2266,2520,8940,11638
0,9044,2355,2422,9316,11438
0,8920,2312,2230,8886,11292
0,8966,1983,2108,9183,11341
0,9140,2136,1724,9128,11674
0,9230,1983,2059,9454,11571
0,8786,2592,1976,8890,11501
0,9005,2088,1993,9227,11634
0,9400,2620,2448,9053,11448
0,9237,2289,2337,8960,11970
0,9256,2164,2097,9234,11348
0,9099,2468,2440,8962,10397
0,8990,1893,1834,9181,11666
0,8975,2352,2336,9081,11202
0,9002,2460,2476,9137,10872
0,9256,2179,2081,8929,11766
0,9043,2340,2240,8970,10189
0,9168,1365,2339,9052,11198
0,9284,2238,2251,8923,11320
0,8703,2514,2538,8812,11775
0,9102,2172,1826,8781,11772
0,8802,1875,1796,9044,11688
0,8840,2124,2689,8812,11513
0,9176,2085,2125,9392,11494
80,9138,2265,2202,9256,11969
0,11920,2072,2286,8917,11336
0,9094,2403,2375,9058,11171
0,9914,2192,2305,8770,11657
0,9397,2350,2008,8395,11481
0,8810,2110,2440,9344,11587
0,8768,2292,2452,8932,11845
0,9152,2392,2203,8925,11364
0,8948,2316,1906,8990,11164
0,9336,2069,2153,9052,11383
0,8901,1995,1994,9305,11274
0,9156,2346,2442,8900,11160
0,9448,1948,2214,9138,11383
0,8493,1448,2144,8602,11570
0,9291,2130,2155,9102,11387
0,9017,1653,2559,9037,11300
0,9179,1840,2056,9317,11612
0,9027,2336,2160,8968,11129
0,9313,2227,2295,9396,11217
0,8683,1910,1886,8988,11150
0,9145,2498,2216,8989,11404
0,8919,2199,1892,9032,11631
0,8845,2148,2290,8932,11433
0,9240,2212,2327,9258,11284
0,9034,2150,2058,9097,11520
0,9095,2257,2142,8703,11275
0,9309,1387,2504,9086,11144
0,8877,2439,2060,8424,11232
0,8976,2322,2267,8775,11467
0,9312,2430,2162,9287,11126
0,9162,2251,2336,8746,11330
0,9077,2433,2117,8728,11560
0,9132,2006,2148,8735,11446
0,9122,2956,2502,8954,11757
0,8896,2352,2247,8949,11510
0,9347,2384,1535,9268,11273
0,8834,1765,1337,9333,11611
0,9325,2395,2656,9271,11352
0,9048,1994,1816,11623,11745
0,9028,1112,1743,8522,11802
0,9332,2613,2556,9410,11452
0,9109,2110,1952,9224,11720
0,9517,2344,2160,9185,11440
0,9295,2510,2441,9232,11465
0,10130,2249,2093,8843,11353
0,9556,2780,2406,8950,12065
0,8799,3083,2977,8872,11603
0,9264,2207,1860,8862,11729
0,9255,2220,2140,9124,11726
0,9302,2302,2505,9300,11305
0,9160,2113,2097,9111,11562
0,9853,1265,2177,8740,10411
0,9024,2449,2347,9400,11232
0,9372,2402,1962,9306,11660
0,8158,1926,2322,9954,10844
0,9130,1796,688,8974,11639
0,9475,2240,2178,9111,11532
0,9101,972,2233,9291,11690
0,9321,2800,2481,9075,11387
0,8813,1882,1863,9066,10718
0,9664,2224,2848,9006,11401
0,9143,2510,2413,9243,12250
1300,8959,2071,2112,8810,11422
0,9228,1885,1944,8618,11688
0,9317,2392,2572,8860,11341
0,8984,2313,2231,8826,11308
0,9475,2296,2597,9054,11472
0,9137,2352,2276,9038,11060
0,9475,2285,1574,9374,11396
0,9426,2337,1992,9231,11191
0,9306,2220,1210,9009,11370
0,9358,2362,1986,9259,11610
0,8763,2165,2150,8798,11506
0,9808,2167,2184,8863,11423
0,9064,2163,2201,8882,11341
0,9293,2522,2286,8904,10997
704,8971,2241,2276,9521,11657
0,8955,2344,2109,9005,11474
0,9069,944,2414,9005,11630
0,9152,1953,690,9288,11655
0,9463,2404,2305,9341,11390
0,9328,2208,2141,9339,11652
0,9073,2185,2129,8224,11648
0,8384,2084,2141,9365,11511
0,9061,2203,1963,9002,10769
0,9060,2585,2908,8984,11735
0,9333,2278,1811,9299,7779
0,9062,2391,2284,9061,12114
0,9145,1893,2059,9378,11587
0,9168,2384,2267,9422,11345
0,9077,2335,2398,9182,12521
0,9393,2340,2415,9225,10872
0,8993,1980,1930,9008,11525
0,9140,2426,2507,8786,11276
0,8883,2197,2227,9000,11099
0,8958,2094,2294,8984,11752
0,8998,2474,2357,9163,11286
0,10178,2413,2071,8753,11574
0,8959,1916,2050,8940,11723
0,9096,2053,2120,9420,11455
0,9365,1979,2200,9133,11902
0,9259,2567,2529,9185,11072
0,9522,2634,2422,9123,11940
0,8717,2162,2105,8720,11566
0,9345,2343,2356,8768,11088
0,9376,1987,1903,8288,11647
0,9595,2336,2140,9102,11712
0,9483,2283,1832,8929,11758
0,8995,2108,2083,9315,11425
0,8786,2116,2176,8976,11492
0,9258,2072,2519,8916,11633
0,8900,1941,2881,8882,11737
0,9124,2132,2069,8958,12031
0,9256,2458,2436,8999,11762
0,9293,2559,2536,9089,10504
0,9032,2084,1994,9060,11613
0,9328,2059,1900,9052,11772
0,8983,2325,2387,9026,10987
0,9092,2512,2390,8901,11324
0,9324,2441,2551,7899,11168
0,9280,2426,2353,9100,11415
0,9303,2148,2097,9314,11710
0,8811,2233,2207,8851,11572
0,9426,2330,2212,8871,11293
0,9111,1891,2098,9545,11765
0,9009,2194,2123,9291,11992
0,9067,2363,2375,8957,10969
0,9461,2186,1226,9279,10704
0,9166,2093,2351,8611,11347
0,9362,2275,2282,9082,11367
0,9228,2174,2190,9152,11440
0,9247,2422,2381,9450,11400
0,8969,2052,2142,9365,11548
0,8784,1850,1080,9136,11560
0,9070,2319,2136,9147,11406
0,9283,2478,2146,9116,11385
0,9452,2258,2193,9061,10944
0,8715,1982,2540,9041,11153
0,9004,2277,1888,8978,11775
0,9083,2376,2296,8894,11238
0,9383,2571,1275,9173,11703
0,9241,2133,1971,9124,11629
0,8821,2302,2183,8830,11056
0,9140,2495,2391,9168,11229
0,9235,2310,2301,8812,10583
0,8525,1684,2175,9216,11503
0,9453,2224,2312,9060,11468
0,9045,2095,1893,9064,11681
0,9041,2125,2116,9425,11560
0,8787,2164,2146,8584,11397
0,8779,1983,2476,9038,11503
0,8393,1535,2132,8849,11514
0,8131,1217,1926,8959,11512
0,9186,2323,2131,9067,11208
0,9567,2224,2200,8940,11192
0,9022,1996,2638,8977,11668
0,9120,1960,1219,9265,11615
0,8996,1840,1905,9386,11775
0,9509,2138,2002,9009,11564
0,8524,2694,2318,9107,11510
0,9246,2187,2063,8280,11568
0,9298,2326,2319,8642,11304
0,9111,2002,1951,9068,11692
0,9289,2256,2311,9013,11843
0,9467,2282,2485,8811,11273
0,9026,2144,2106,9264,11264
0,9460,2152,2139,8856,11444
0,8955,2453,2184,8896,11584
0,8823,2238,1824,8915,11449
0,8995,1558,2230,9234,11572
0,8889,2139,2237,8974,11618
0,9035,2371,2446,8760,11452
0,9176,2274,2087,8926,11421
0,9133,2352,2152,9114,11452
0,9115,2474,2476,9093,12448
0,9282,2318,2208,9227,11330
0,9501,2284,1864,9152,11694
0,9170,2282,2399,9250,11211
0,9376,2210,2209,9193,11468
0,9246,1918,1922,9227,11674
0,9177,2369,2002,9186,11479
0,9238,2428,2184,9256,11445
0,9096,2658,2321,9343,11358
0,9013,1862,2405,8936,11690
0,9163,2123,1965,9296,11571
0,8929,2291,2230,8721,10160
0,9433,2283,2192,9222,11010
0,9268,1905,2331,8957,11365
0,9363,2928,2352,9052,11784
0,8644,2127,2065,9181,11625
0,9080,2321,1891,9071,11922
0,8729,2167,2181,8851,11646
0,9328,2559,1728,9086,12421
0,8159,1872,1920,8997,11614
0,8353,1511,2248,8850,11428
0,9349,2403,2252,9111,11420
0,8677,1908,1898,9108,11286
0,9383,2330,2452,8815,11472
0,8879,1968,1880,9031,11482
0,9138,2265,2153,8714,10645
0,9350,2466,1806,8753,11222
0,8834,2764,1817,8905,11775
0,9116,2412,2431,9117,11072
0,9376,1178,2279,9272,11560
0,8983,2333,2240,9097,11163
0,9160,2332,2276,8968,11183
0,8943,2369,2354,9118,11215
0,9297,2097,1728,9494,11521
0,9116,2187,2252,8900,10955
0,8932,2110,1718,8912,11657
0,9313,2404,2010,9110,11368
0,8982,2217,2173,9391,11396
0,9074,2144,2113,9429,11464
0,9107,1775,1857,9444,11549
0,8988,2127,1732,8830,11738
0,9437,2511,2392,9240,11468
0,9326,2265,2382,9145,11222
0,8828,2210,2234,9905,11173
0,9252,2531,2420,9160,11956
0,8029,1235,1955,9016,11298
0,8371,2224,2364,9090,11339
0,8927,3384,2492,8991,11745
0,9024,2575,2553,9143,10263
0,9556,2233,2071,8128,11595
0,9239,2160,1784,9421,11614
0,8974,2472,2417,9011,10816
0,9046,1996,1937,9280,11573
0,9072,2348,2304,8808,10556
0,9146,2125,2448,9306,11432
0,8960,2097,2096,9356,11393
0,9153,2240,2293,8999,11363
0,9264,2239,2213,9342,11570
0,9370,1953,2007,9385,11406
0,9266,2177,1986,9260,11401
0,9328,2311,2298,8959,12555
0,9468,2329,2190,9083,11474
0,9056,2084,2117,8956,11675
0,9415,2418,2432,8937,11993
0,9027,1900,2005,9307,11362
0,9221,1913,2114,9293,11688
0,9008,2300,2120,8881,11505
0,9056,2559,1616,9068,11887
0,9176,2559,2398,8899,11227
0,8935,2193,1738,9362,11350
0,9141,2814,2004,8707,11528
0,9099,2092,2006,9378,11466
0,9231,2344,2325,9048,11223
0,9720,2392,1755,9221,11736
0,9233,2443,2210,9148,11194
0,10035,2216,2166,9836,10843
0,9643,2171,2218,8960,11348
0,9064,2273,2236,8634,11200
0,8723,1727,2229,8864,11440
0,9269,2222,1958,9321,11680
0,8870,1897,1757,9078,11606
0,9435,2114,2001,9318,11540
0,8856,2470,3000,9451,11712
0,9124,2192,1944,9727,11713
0,9005,1398,1702,9142,11842
0,8789,1862,1857,9080,11775
0,9418,2559,2466,9139,10918
0,8467,2136,1921,8938,11774
0,8934,2480,2852,8915,11764
0,9001,1988,1780,9302,11485
0,9173,2258,1169,9065,10825
0,9194,2440,2469,9042,11236
0,9443,1797,2404,9152,11566
0,9930,2597,2274,8777,11354
0,9634,2677,2145,8921,11473
0,9525,2464,2188,9357,11653
0,8786,2102,1989,9396,11385
0,9129,2061,1992,8893,11715
0,8932,2216,2608,8878,11398
0,8936,2822,1114,9156,11610
0,9235,2474,2393,9242,11542
0,8749,880,1961,9368,14009
0,9546,2236,2276,8890,11482
0,9355,2523,2501,9077,11233
0,8768,2069,2174,9226,11415
0,8958,2337,2342,9134,11280
0,9034,2355,2297,9028,11212
0,9333,2132,1956,9256,11684
0,9181,2267,2267,8979,11028
0,9178,2417,1896,9075,11275
0,9424,2280,2300,9488,11512
0,9092,2521,2492,9076,10840
0,9112,2007,2568,8996,11723
0,9416,2305,2428,8988,11421
0,9249,2144,2458,9259,11297
0,8865,2274,2483,8900,11525
0,8829,2336,2116,8977,11699
0,8977,2504,2272,8944,10880
0,9093,1977,2241,9008,11650
0,8940,2361,2172,9424,11703
0,8951,1937,1869,8670,11625
0,9242,2524,2412,9052,11288
0,9285,2485,2316,8923,11334
0,9057,2103,1606,9116,11684
0,9573,2216,2208,8740,11149
0,9062,2097,2091,11840,11279
0,9139,2058,2002,9261,11541
0,9015,2559,2306,9040,11007
0,9228,2321,2523,9540,11536
0,9272,2501,2398,9260,11635
0,9504,2342,2061,9180,11344
0,9758,2480,2120,9296,11616
0,8788,2453,2306,8906,11011
0,9295,2147,2105,8762,11099
0,8703,2353,2193,8865,11394
0,9311,2197,2237,8895,11398
0,9067,2127,2254,9082,11712
0,8447,2183,2058,8617,11379
0,9376,2468,2426,9219,11180
0,8719,2185,1353,8929,11360
0,9641,2347,2180,8781,11500
0,9301,2172,2188,9373,11523
0,9076,2144,2099,9111,11347
0,8920,2345,2301,8896,11314
0,9160,2489,2469,8981,11274
0,9274,2235,2225,9290,11280
0,9327,2486,2436,9050,11567
0,9341,2494,2478,9015,11373
0,9226,2414,2065,9244,11400
0,9184,2216,1994,9676,11604
0,9149,2465,2432,9345,11103
0,9264,2127,2105,9493,11554
0,8876,1938,1860,9100,11437
0,9421,2529,2410,9064,11566
0,9572,2149,2084,9260,11464
0,9172,2204,2005,9308,11513
0,9550,1570,2124,9349,11548
0,9133,1535,2120,9073,11306
0,9452,2404,2166,9353,11630
0,9629,2182,2151,9270,11462
0,9253,2440,2336,9164,10965
0,8720,2200,2122,8950,11029
0,9004,2320,2269,9228,11265
0,9028,2096,2197,9382,11493
0,8833,2539,1996,9046,11643
0,9665,2246,2165,8878,11557
0,9488,1716,2363,9252,11464
0,8762,2103,2129,8982,11370
0,9368,1994,2181,9160,11448
0,9047,2089,1971,9024,11713
0,9068,1976,2090,9463,11525
0,9068,2311,2710,9021,12357
0,9426,2199,2559,9195,11414
0,9085,2461,2001,9021,11608
0,9152,2061,2056,9001,11650
0,9079,2348,2313,8897,11306
0,9366,2570,2590,9101,11888
0,9136,2634,2336,8955,11700
0,8524,2210,2149,9189,11110
0,9221,2135,2096,9087,11747
0,9072,1801,1811,9304,12346
0,9073,2330,2321,9021,11200
0,9125,2453,2516,9153,11523
0,9040,2352,2205,8703,11432
0,9391,2048,2321,9284,11137
0,9416,2416,2194,9069,10055
0,10016,2320,2153,8906,11377
0,9058,2052,1765,8631,10899
0,9162,2276,1552,9429,11495
0,9116,2378,2345,9020,11315
0,9052,2099,2436,8788,11769
0,9284,2529,2103,9252,12112
0,9333,2294,2257,9250,11724
0,9013,2054,1924,9024,11676
0,8973,1901,1887,9130,11688
0,9010,2124,1556,9536,11537
0,9491,2308,2288,9397,11888
0,9570,2237,2169,9416,12327
0,8788,2165,938,9073,11339
0,9518,2538,2136,9354,11608
0,8937,1415,1823,9059,12107
0,9024,2279,2293,9078,11328
0,9324,2101,2125,8770,11518
0,9152,2404,2302,9037,11300
0,9175,2216,2246,9060,11314
0,9386,2657,2376,9107,11333
0,8845,2548,2960,9093,11642
0,9233,1525,1906,9178,11718
0,8570,1918,2117,8865,11496
0,9072,2187,2377,9254,11539
0,9248,2067,2004,8953,11820
0,9159,2466,2466,9178,12156
0,9297,2289,2063,8806,11444
0,8768,2056,2165,9015,11477
0,9379,2098,2158,9061,11554
0,9000,2491,2332,8320,11805
0,10056,2288,2176,9467,11496
0,9099,1832,1814,9075,11668
0,9482,2167,2071,8849,11478
0,9046,2442,2369,9162,11064
0,9120,2252,2128,9280,11217
0,9024,2363,1962,8886,11328
0,9370,2301,1791,9253,11728
0,9431,2234,2191,9440,11472
0,9364,2064,2450,8843,11446
0,9080,2289,2260,9217,11169
0,9172,2482,2321,8941,11308
0,8839,1905,3031,9120,11639
0,9152,2314,2008,8945,10846
0,9014,2671,2578,8856,11781
0,8770,2168,2277,8934,11509
0,9280,2230,2193,8896,11543
0,8790,1340,1997,9040,11741
0,9220,2134,2242,9312,11606
0,9097,1579,2202,9256,11309
0,9305,2548,2355,9308,11386
324,8994,3177,1816,8985,11758
0,9091,2074,2135,9307,11517
0,7786,1420,2117,9243,11103
0,9182,2251,2230,9191,11188
0,9051,2493,2357,9136,11708
0,8825,1894,1960,8946,11680
0,8703,2376,2425,9143,12342
0,9312,2212,2076,9320,11416
0,9516,2336,2300,9177,11412
0,9120,2408,2411,8923,11163
0,9305,1792,1972,9163,11646
0,9087,2568,1927,8602,12035
0,8811,2305,2151,9904,11508
0,9020,1896,1754,9152,11656
0,9299,1988,2072,8972,11535
0,8455,1432,2273,8944,11123
0,8993,2359,301,8770,11459
0,9382,2362,2217,9369,11168
0,9069,2232,2270,9015,11168
0,7287,1932,1826,8955,11743
0,8900,2543,2324,8792,11594
0,9374,2559,4544,9230,11614
0,9369,1709,2212,8872,11436
0,8975,1935,1564,9116,11720
0,8768,2185,2573,8987,11552
0,8724,1680,2241,9317,11612
0,9147,2329,2416,9372,11308
0,8858,2282,2200,8857,11691
0,9110,2426,2245,9632,10936
0,9153,2440,2539,9484,11110
0,9061,2065,1929,9560,11662
0,8058,2424,1895,9727,11394
0,9091,2080,1944,9238,11634
0,9360,2787,2279,8808,11560
0,9418,2293,2418,9086,11520
0,9175,2436,2663,8937,11200
0,9344,1950,1880,9041,11461
0,9291,2559,2506,9122,11002
0,8883,1938,3163,9192,11746
0,8868,2260,2217,8872,11278
0,9108,2252,2306,8999,11224
0,8928,856,2057,9074,11687
0,8916,2448,2533,9245,11161
0,9028,2108,2138,9324,11376
0,8843,2222,2151,8896,11624
0,9068,2438,2449,8991,11345
0,8957,2559,2264,9138,12004
0,8868,2256,2616,8854,11775
0,9008,2230,1670,9030,10648
147,8933,2200,2256,8703,11239
0,9148,1300,2143,9446,11412
0,8837,2156,2394,9655,11359
0,9301,2776,2579,8746,11793
0,8984,2306,2496,9100,11510
0,9287,2555,2385,9028,11222
0,9051,2413,2426,9066,11714
0,9117,2324,2346,9090,11217
0,9013,2344,1882,10050,11356
0,8940,2375,2364,9085,11236
0,8940,2189,2247,7928,11465
0,8848,2055,2413,9099,11735
0,9108,2500,2496,9379,11216
0,9447,2508,2287,9120,11936
0,9145,2385,2484,8754,11484
0,8772,2105,2442,8879,11720
0,9258,2190,2222,9294,11520
0,8919,1623,1701,9092,11718
0,9414,2237,2280,9342,11720
0,9266,2396,1739,9298,11276
0,9058,2436,2815,9115,11355
0,8969,2115,2320,9894,11398
0,9266,2074,2141,9165,11560
0,9174,2176,2110,9312,11238
0,9382,2565,2230,9527,11395
0,9146,2192,2320,9152,11296
0,9163,2192,2126,9456,11632
225,9125,2490,2472,9283,11344
0,8745,2002,2423,8800,11367
0,9144,2158,2099,9355,11727
0,9010,2390,2384,9162,11158
0,9230,2155,2247,8657,11464
0,9343,2196,1915,9393,11569
0,9304,2522,2428,9305,12155
0,8963,2063,1992,9238,11556
0,9056,1847,2162,8795,11486
0,9012,1767,2332,9167,11604
0,9008,1854,1940,9050,11638
0,9249,2400,2220,8865,11234
0,8741,3352,2140,8928,11485
0,10091,2402,1946,8840,11521
0,8946,2166,2454,9321,11608
0,9005,2322,2392,9056,11191
0,10106,1400,2249,8803,11284
0,9009,1848,1937,8428,11745
0,9783,2197,2214,8609,11528
0,9281,2692,2402,8645,11639
0,8754,2087,2196,9360,11570
0,9364,2000,2089,9346,11627
0,8869,2246,1843,9040,11667
0,8966,2096,1938,9004,11284
0,9048,2393,2161,9110,10992
0,8773,2158,2288,8896,11671
0,8832,2182,2260,10544,11433
0,9221,2513,2711,9133,11386
0,9222,2397,1790,9133,11144
0,9796,2234,2648,8963,11410
0,9299,2566,2529,9092,11471
0,9061,2368,2322,8321,11439
0,9051,2151,2318,8940,11204
0,9164,2110,2169,9045,11371
0,9012,1992,1930,8899,11396
0,9072,2384,2446,9436,10717
0,8828,1769,2609,9058,11647
0,9112,2518,2626,9120,11441
0,8880,3205,3234,8950,11661
0,8948,1721,2242,9238,11392
0,9140,2312,2343,9114,11217
0,9257,2397,1801,9307,11336
0,8975,1946,1917,9243,11849
0,9241,2293,2298,9065,11192
0,9285,2359,2399,9096,11424
0,9047,2345,2337,10101,11408
0,9325,2408,2418,9258,11477
0,9220,2232,1892,9165,11142
0,9168,2242,2166,8800,11288
0,9181,2318,2361,8827,11380
0,8832,2318,2162,9058,11757
0,9172,2419,2444,8684,11753
0,8872,1678,1968,9252,11525
0,8919,1939,1897,8789,11353
0,9276,1673,2180,9319,11328
0,9115,2294,2131,9727,11442
0,9024,2297,2169,9776,11410
0,8981,1962,2073,8744,11524
0,9350,2324,2161,9160,11642
0,8945,2298,2217,8664,11366
0,9349,2396,2293,9967,11280
0,9113,2459,2501,8986,11333
0,9170,2551,2552,9035,11439
0,9236,2559,2393,8944,11227
0,8919,2919,3408,8958,11773
0,9178,1632,1785,9249,11720
0,8835,2183,2283,8989,11341
0,10243,2165,2003,8850,11416
0,8392,1516,2559,9161,11846
0,9043,2063,2006,9060,11552
0,8763,2487,2438,9116,11288
0,8980,2261,2256,8946,10867
0,9861,2229,2222,9120,11466
0,8740,1832,1324,8718,11512
0,8938,2049,1984,8999,11746
0,8925,2338,2295,8936,11715
0,8896,2388,2338,9360,11074
0,8811,2112,1589,9076,11523
0,8820,1609,2324,9003,11132
0,9032,1985,1807,8320,11672
0,9184,2340,2452,8977,11202
0,9160,2545,2353,8976,11336
0,8760,2218,2180,9609,11425
0,8896,2130,1866,8916,11424
0,9342,2591,2446,9295,11980
0,8957,2184,2109,9695,11387
0,9315,2547,2528,9129,11237
0,8729,2278,2304,9307,11582
247,8817,2084,1970,9169,11648
0,8805,2650,2392,9066,11649
0,9172,2142,2188,9280,11584
0,9101,2270,2146,9043,11187
0,9353,2378,2283,9257,11382
0,9172,1930,1895,8384,11728
0,9164,2480,2412,9059,10865
0,8224,1478,2444,9101,11339
0,9060,2181,2125,9137,11664
0,8968,2358,2172,8840,11797
0,9336,2179,1540,9293,11625
0,8782,2249,2106,8826,11398
68,9327,1956,1763,8917,11395
0,8702,2134,2196,8766,10967
0,8541,2226,2248,9240,10579
0,8791,2336,2653,8968,11567
0,9824,2562,2210,9154,11904
0,8615,1581,2364,8992,11629
0,9509,2083,1992,9350,11556
0,9081,2075,2061,9054,11777
0,9425,2228,2277,9652,11296
0,9298,2285,1952,8523,11516
0,9156,2104,2112,8944,10853
0,9222,2437,1802,9134,11200
0,9142,2385,2350,8901,11064
0,9443,2436,2149,8761,11575
0,9311,2252,2140,9388,11633
0,8726,2382,2310,9377,11483
0,8832,2069,1967,9319,10851
0,8743,1954,2296,8933,11219
0,8788,3226,1773,9075,11623
0,8376,2137,2362,9130,11775
0,9002,1938,1922,9288,12325
0,8761,2366,2180,8857,11697
0,8819,2216,2169,9306,11101
0,9264,2504,2298,9050,10797
0,9727,2469,2199,8959,11323
0,9133,2389,2342,9122,11308
0,8973,2217,2148,8796,11319
0,8834,2224,2246,8757,11522
0,8943,2321,2170,8534,11370
0,8923,1392,2137,8749,11156
0,8741,1825,1836,9168,11775
0,9183,2377,2452,9055,11350
0,9014,1880,1944,8840,11792
0,9031,2304,2536,9186,12313
0,9088,2078,1880,9616,11659
0,8061,1616,2062,9313,11512
0,9126,2436,2422,9046,11425
0,9945,2405,2098,8670,11597
0,9364,2605,2348,8986,11304
0,8888,2173,1994,8946,11559
0,8952,2212,2199,9383,11721
0,9317,2484,2516,9124,11318
0,8707,2096,2246,8547,11545
0,9274,2689,1975,9333,11399
0,9316,2559,2192,9090,11320
0,9143,2395,2315,9133,11307
0,9216,2457,2473,9303,11397
143,8904,2062,2228,9542,11299
0,9152,2488,2455,9322,12201
0,8715,1932,1758,9154,11723
0,9127,2305,2362,9139,11163
0,9125,2400,3583,8510,11383
0,8983,2418,2151,9004,11016
0,8969,1184,1730,9190,11690
0,9428,1207,2176,8848,11413
0,9590,2707,2386,9152,11461
0,9080,2189,1863,8823,11750
0,8784,1916,1928,9122,11558
0,8946,2225,2886,9561,11349
0,8928,2225,1995,8870,11613
0,9288,2573,2520,9236,11461
0,9760,1788,1880,9169,11868
0,9312,2204,2064,9379,11600
0,8987,2136,2120,9416,11558
0,9480,2326,1620,9347,11672
0,9081,1843,1885,9071,11728
0,8991,2589,2336,9021,11365
0,9235,2170,2523,8536,11545
0,9283,2492,2492,9100,11434
0,8409,2117,1984,9001,11460
0,8958,1963,2229,8703,11690
0,9230,2299,2305,9637,10432
0,8920,1850,1832,9180,11657
0,9362,2178,1768,9674,11599
0,8911,2428,2551,9572,11771
0,9025,1977,1804,8946,11539
0,9401,2110,2142,9264,10877
0,8794,2104,1785,9152,11584
0,9024,2343,2243,9036,11308
0,8834,2192,2145,10040,11318
0,8979,2131,2096,9366,11458
0,8877,3112,2440,9097,11748
0,9060,2072,2081,9405,11598
0,9002,2138,1955,9307,11525
0,9497,2120,2604,9345,11530
0,9346,1856,2156,9320,11460
0,8922,1278,2114,8626,11822
0,9314,2450,3279,9109,11831
0,9030,2436,2377,9522,9621
0,9514,2538,1912,9288,10923
0,8971,2012,1530,9434,11552
0,8997,1996,1834,9672,11501
0,9292,2085,2254,9224,11317
0,9875,2308,2160,8648,11581
0,9241,2060,2115,9331,11678
0,9944,2315,2463,9135,11201
0,9116,2122,2097,9355,11628
0,8761,2090,2284,8891,11410
0,9111,2408,2423,8868,11775
0,9258,2559,2577,9317,11874
0,8953,2184,2146,8870,11317
0,9091,2239,2276,8680,10857
0,9182,1874,1978,9078,11547
0,9103,2454,2434,9086,11076
0,9232,1951,1816,9141,11757
0,8938,2200,1875,8934,11439
0,9267,2127,2218,8378,11496
0,9435,2295,2157,9298,11553
0,8852,1874,2253,9030,11687
0,9252,2161,2612,9304,11719
0,9364,2302,2314,9260,11454
0,10064,2660,2249,8806,11457
0,9387,2229,2209,9395,11435
0,9419,2349,1550,9320,11497
0,9754,1829,2104,8623,11564
0,8686,1655,2310,9280,11305
0,9349,2236,1448,9529,11411
0,9247,2326,2557,9532,11713
0,9091,2429,2316,9059,11272
0,8402,2293,2218,8739,11307
0,9185,2056,2010,9052,10751
0,9301,2224,2242,9361,11605
0,8993,2096,2086,8866,11298
0,9189,2445,2461,9231,11494
0,9218,2236,2284,9438,11649
0,8953,2438,2475,9099,11113
0,9096,2174,2174,8436,11629
0,9246,2546,2524,9182,11949
0,9112,2114,1856,9178,11709
0,9249,2497,2409,9985,10861
0,9866,2272,2184,8976,11658
0,9097,2345,2266,8517,11341
0,9054,2320,2417,9216,12152
0,8939,1667,1808,9076,11704
0,9143,2148,1981,9034,11556
0,9226,2413,2388,9239,11415
0,8992,2107,2161,9013,11540
0,8856,1812,1805,9133,11943
0,8703,2165,2156,8900,11689
0,9140,2464,2157,8581,11411
0,8920,1952,2006,9448,11560
0,8869,2288,2294,9804,11272
0,8951,2218,144,8924,11674
0,9182,2221,2199,9361,11570
0,8961,4861,2183,8956,11541
0,8746,1469,2250,8876,11551
0,8727,2199,2155,8936,11644
0,9517,2841,1928,8920,11732
0,8952,2069,2120,8905,11288
0,8988,2094,1101,9372,11626
0,9050,2380,2376,9106,11187
0,9147,2488,2481,9094,10904
0,10432,2351,2242,8908,11462
0,8773,2206,2528,9129,11840
0,9291,2361,2405,8921,10355
0,9567,2210,2186,9426,11589
0,9160,1831,1879,9172,11721
0,8844,2552,3000,8969,11708
0,8870,1188,2999,8988,11382
0,9174,1973,1565,9331,11521
0,9033,2398,2478,8949,11149
0,9359,2285,2240,9285,11531
0,9096,2059,2002,9489,11606
0,8955,2522,2577,9137,12144
0,9383,2250,2308,9244,11380
0,9485,2440,2082,8911,11586
0,8908,2200,2668,8896,11788
0,9486,2175,2559,10990,11536
0,9352,2600,2244,9154,11525
0,9076,2134,2356,9126,12170
0,9024,1925,1754,8390,11775
0,9164,2090,1919,9172,11735
0,9363,2425,2308,9160,10530
0,9163,2434,2327,8679,11595
0,9476,2220,2665,9332,11570
0,9024,2233,2127,8784,11460
0,8778,2251,2182,9125,12016
0,9008,1897,1868,8969,11720
0,8820,2148,1994,8912,11392
0,7741,2171,2336,9860,11225
0,8727,1980,2064,8932,11476
0,9931,2053,2331,9302,11575
0,8836,2167,2109,9237,11293
0,9077,2336,2078,8413,11565
0,9420,2135,2308,9023,11162
0,9133,2331,2455,8984,11341
0,9181,2248,2076,9244,11584
0,9132,1794,2627,8902,11782
0,9306,2269,2336,9024,11042
0,9340,2423,2427,8897,11612
0,9121,2425,2396,9243,12044
0,8159,1473,2144,8857,11453
0,9545,2733,1900,8624,11712
0,9963,2228,2074,8849,11574
0,8845,2102,2113,8869,11450
0,8973,2109,2853,8900,11625
0,8932,2188,2222,9734,11303
0,9363,2192,2497,9568,11402
0,9165,2442,2469,9356,11216
0,9357,2496,2468,9050,10930
0,8992,2307,2297,8824,11539
0,9517,2344,2169,9445,11436
0,9331,2480,2474,9149,11236
0,9030,2258,2169,8809,11497
0,9468,2249,2308,9103,12492
0,9013,2341,2444,8818,11456
0,9008,1936,1528,9263,11734
0,9224,2332,2321,8927,11110
0,9136,1998,1849,9115,11775
0,8932,2249,2651,8912,11346
0,9009,2341,2272,9145,11285
0,9224,2262,1474,9168,11547
0,9061,2420,2413,9630,11361
0,9261,2254,2373,8883,11336
0,9097,1798,1923,9360,11766
0,9143,2098,1821,9329,11716
0,9371,2571,2058,9349,11284
0,8787,2305,2173,8703,11306
0,8940,1938,3016,9129,11700
0,9028,2093,1191,9514,11407
0,9181,1446,1871,9464,11550
0,8970,1932,1196,9276,11503
0,8957,2355,2343,9353,11281
0,8996,1888,1958,9288,11696
0,8871,2257,2242,9546,10964
0,9357,2450,2517,9149,11266
0,8480,1500,2104,9555,11572
0,8632,2088,2292,9541,11133
0,8814,1825,1597,9034,11413
0,9295,2176,2126,9464,11510
0,9219,2380,2220,8812,11516
0,9184,2495,2424,9632,11495
0,9438,2139,858,9371,11592
0,9124,2244,2461,9178,11113
0,8873,3197,1871,9076,11700
0,9364,1816,2232,8226,11512
0,9168,2064,1993,9303,11519
132,9064,2471,1056,9076,11831
0,9157,2092,2070,9175,11736
0,8797,2007,2148,9380,11344
0,8030,2166,2273,9718,11437
0,9241,2139,2643,9321,11495
0,8802,2168,2129,9308,11480
0,9272,2264,2228,8852,11121
0,8964,1865,1692,9136,11684
0,9693,1902,2062,9430,11554
0,9299,2371,1743,9128,10955
0,8956,2508,2715,9418,11280
0,9144,2100,2255,9367,11606
0,9280,2098,2186,9380,11506
0,9382,1996,2440,9257,11014
0,9039,2304,1988,8905,11542
0,9114,2004,1361,9476,11536
0,10636,2236,2327,9258,11511
0,9340,2198,2012,8400,11775
0,9420,2427,2171,9368,11530
0,9867,2254,2204,8900,10600
0,9104,1728,1828,9070,11752
0,8977,1998,2146,9130,11566
0,9938,1990,1986,9285,12149
0,8948,2745,2073,9127,11684
0,9660,2387,2284,9255,11458
0,9392,2336,1905,9353,11492
0,8988,2281,2544,8859,11784
0,8830,2012,2203,9137,11789
0,9316,2431,2572,9110,11154
0,8800,2156,1608,8833,11349
0,9041,2378,2428,9142,11289
0,9264,2315,2298,8849,11483
0,9187,2070,2175,9419,11344
0,9397,2185,2297,9388,11457
0,9025,1930,1499,9315,11584
0,9181,2124,2721,8815,11640
0,9453,1973,1790,9305,11517
0,9550,2461,2321,9016,11509
0,8978,2132,2119,9343,11399
0,9357,2221,2156,9465,11795
0,9492,2255,2092,8955,11234
0,9046,1799,1856,9042,12341
0,8979,2632,2349,9100,11484
0,8724,1797,2126,8994,11033
0,9344,2085,2107,9248,11689
0,9309,1569,2267,9232,11236
434,9068,2341,2468,8136,11849
0,9161,1824,1897,9077,11758
0,9372,2378,2404,8963,11362
0,9187,2108,1881,9590,11606
0,9127,2324,2427,9144,11468
0,8770,2010,2144,9035,11469
0,9326,2393,2246,9477,11512
0,9094,2484,2202,8745,11482
0,9005,2376,2264,9010,11352
0,8979,1837,1872,9240,11535
0,8868,2062,2170,8928,11144
0,8718,2351,2429,9160,11135
0,9300,2168,2558,9120,11461
0,9176,1867,1984,9373,11664
0,8766,2284,2559,8935,11646
0,8943,1787,1757,9128,11610
0,9243,2445,2445,9060,11210
0,9344,2080,2090,8704,11113
0,9302,2155,2185,9075,11442
0,9233,2125,1922,8904,11658
0,7946,2283,1901,9028,11613
0,9377,2476,2352,9376,11271
0,9296,2502,2123,9266,11542
0,9363,2750,2265,8393,11344
0,9824,2105,2181,8964,11408
0,9176,2298,2224,9121,11576
0,9110,2224,2149,8986,11586
0,9138,2180,1623,9770,11387
0,9330,2517,2510,9539,11506
0,9239,2536,2381,9243,11444
0,8831,2174,2060,8865,11699
0,8942,2253,2091,9699,11158
0,9232,2459,2486,8933,11266
0,9348,2594,2497,9483,11344
0,8919,1832,1944,9179,11620
0,9372,2128,2524,9294,11404
0,9280,2385,2319,9575,10525
0,9543,2443,2276,8973,11348
0,9086,2244,2420,9281,11318
0,9152,2056,2824,9028,11650
0,9106,2577,2003,8953,11729
0,9101,1754,1822,8433,11869
0,9146,2087,2176,9404,11584
0,8992,2138,2083,8993,11768
0,9318,2420,2488,9254,11536
0,8978,2114,2676,8887,11727
0,9166,2492,2559,9066,11376
0,9700,2423,2411,8744,11508
0,9362,2086,2189,8886,11476
0,8938,2227,1501,9073,11522
0,9321,2396,2389,8705,11854
0,9623,1993,1992,9496,12116
0,9044,2347,2375,9077,11053
0,8959,1838,1830,9070,11636
0,9268,2352,2158,10157,11487
0,9088,2294,1870,8891,11431
0,9242,2379,2427,9313,12133
0,9024,2059,2164,9761,11434
0,9091,2306,2353,9136,11150
0,9282,2395,2384,9192,11300
0,9430,2261,2160,9506,11347
0,9165,2102,2101,9529,12202
0,9243,2391,2254,9243,11080
0,9124,2483,2391,9232,10512
0,8391,1679,2468,9178,11404
0,9438,1678,2081,8763,11464
0,9045,2408,1668,9402,11294
0,8590,2052,2470,9030,11045
0,9143,2472,2370,9180,11880
0,9432,2320,2426,9137,11309
0,9162,2369,2283,9043,11304
0,9265,2344,2299,9106,11232
0,9148,2004,1998,8992,11742
0,9216,1416,2292,9378,11631
0,9367,2558,2510,9098,11224
0,9408,2551,2259,8938,11272
0,9491,2302,2523,9256,11565
0,9024,2272,2298,8954,11344
0,10382,2085,2298,9424,11812
0,9536,2242,2282,8849,11350
0,9185,2457,2360,8848,10751
0,9131,1919,1931,9136,11710
0,9240,2120,2231,8319,11801
0,9244,2071,2244,9393,11899
0,9876,2389,2365,8908,10190
0,9090,2056,1682,9227,11507
0,9585,2655,2384,8780,11328
0,9536,2172,2273,9128,11283
0,9244,2559,2464,8978,11627
0,9171,2211,2300,9249,11491
0,9050,2417,2281,9275,11072
0,9282,2379,2310,9064,11234
0,9152,1742,2460,9109,11613
0,9173,2244,2281,8916,11415
0,9354,2264,2232,9424,11498
0,9487,2176,2291,9442,11507
0,8968,1829,1931,9178,11596
0,9146,1905,1945,9138,11331
0,9727,2391,2425,9064,11468
0,8807,2547,1804,9083,11772
0,9169,2480,2528,9166,11978
0,9314,2465,2188,9075,11310
0,9309,2328,2325,8958,11413
0,8819,2089,2170,8824,11397
0,9413,2351,2122,8948,11571
0,9594,2633,2001,9140,11680
0,9481,2284,1890,9294,11515
0,8992,1926,1317,8703,11575
0,9174,2085,2116,9556,11578
0,9355,1911,1942,9482,11621
0,9339,2258,2275,9404,11378
0,8983,1889,1863,9257,11643
0,8823,2458,2363,8904,11092
0,9276,2309,2167,9464,11746
0,9481,2382,2386,9069,11775
0,8447,2308,2635,8913,11287
0,9442,1955,2337,9333,11521
0,8974,2256,2195,8899,11055
0,9056,2288,1520,9154,11356
0,9356,2265,2375,9073,11160
0,9161,1884,1839,9135,11666
0,9538,2491,2374,9048,11813
0,9162,2358,2362,9140,11738
0,9127,1623,2302,9785,11387
0,8917,2303,2535,8409,11383
0,9260,2410,2318,8624,11569
0,8852,2189,2301,8837,11235
0,9000,2474,2742,9147,12194
0,9317,2426,2395,9024,11352
0,9473,2340,2309,9255,11480
0,8752,2115,2372,8805,11237
0,8832,1878,2557,9114,11328
0,9352,2261,2326,8914,10696
0,9430,2299,2284,9352,11524
0,9411,2165,2155,8953,11428
