L,A,B
70,174,167
70,174,167
70,174,167
70,174,167
70,174,167
70,174,167
70,174,167
70,174,167
70,174,167
70,174,167
70,174,167
70,174,167
70,174,167
70,174,167
70,174,167
70,174,167
70,174,167
70,174,167
70,174,167
70,174,167
70,174,167
70,174,167
70,174,167
68,173,166
68,173,166
68,173,166
68,173,166
68,173,166
68,174,166
68,174,166
70,174,167
70,174,167
70,174,167
70,174,167
70,174,167
70,174,167
70,174,167
69,174,167
70,174,167
70,174,167
70,174,167
70,174,167
70,174,167
70,174,167
70,174,167
70,174,167
70,174,167
70,174,167
70,174,167
70,174,167
70,174,167
70,174,167
70,174,167
70,174,167
70,174,167
70,174,167
70,174,167
70,174,167
70,174,167
70,174,167
70,174,167
70,174,167
69,174,167
68,174,166
68,174,166
68,174,166
69,174,167
69,174,167
69,174,167
69,174,167
69,174,167
69,174,167
69,174,167
69,174,167
70,174,167
70,174,167
70,174,167
70,174,167
70,174,167
69,174,167
69,174,167
69,174,167
69,174,167
70,174,167
70,174,167
70,174,167
70,174,167
70,174,167
70,174,167
70,174,167
70,174,167
70,174,167
70,174,167
70,174,167
70,174,167
70,174,167
70,174,167
70,174,167
70,174,167
70,174,167
70,174,167
70,174,167
70,174,167
70,174,167
70,174,167
70,174,167
70,174,167
70,174,167
70,174,167
69,174,167
70,174,167
70,174,167
70,174,167
70,174,167
70,174,167
70,174,167
68,174,166
68,174,166
69,174,167
69,174,167
69,174,167
69,174,167
69,174,167
69,174,167
69,174,167
69,174,167
69,174,167
70,174,167
70,174,167
70,174,167
70,174,167
70,174,167
69,174,167
69,174,167
69,174,167
69,174,167
69,174,167
70,174,167
70,174,167
70,174,167
70,174,167
69,174,167
69,174,167
70,174,167
70,174,167
70,174,167
70,174,167
70,174,167
70,174,167
70,174,167
70,174,167
70,174,167
70,174,167
70,174,167
70,174,167
70,174,167
70,174,167
70,174,167
70,174,167
70,174,167
70,174,167
70,174,167
70,174,167
70,174,167
70,174,167
70,174,167
70,174,167
70,174,167
70,174,167
70,174,167
69,174,167
68,174,166
68,173,166
68,173,166
67,173,166
70,174,167
70,174,167
70,174,167
70,174,167
69,174,167
69,174,167
69,174,167
69,174,167
69,174,167
69,174,167
69,174,167
70,174,167
70,174,167
70,174,167
70,174,167
70,174,167
70,174,167
70,174,167
69,174,167
69,174,167
69,174,167
69,174,167
69,174,167
70,174,167
70,174,167
69,174,167
69,174,167
69,174,167
69,174,167
69,174,167
70,174,167
70,174,167
70,174,167
70,174,167
70,174,167
70,174,167
70,174,167
70,174,167
70,174,167
70,174,167
70,174,167
70,174,167
70,174,167
70,174,167
70,174,167
70,174,167
70,174,167
70,174,167
70,174,167
70,174,167
70,174,167
70,174,167
70,174,167
70,174,167
70,174,167
70,174,167
69,174,167
68,174,166
68,173,166
68,173,166
68,173,166
68,173,166
69,173,167
69,174,167
70,174,167
70,174,167
70,174,167
70,174,167
70,174,167
69,174,167
69,174,167
69,174,167
69,174,167
69,174,167
70,174,167
70,174,167
70,174,167
70,174,167
70,174,167
70,174,167
70,174,167
70,174,167
70,174,167
70,174,167
70,174,167
70,174,167
69,174,167
69,174,167
69,174,167
70,174,168
70,174,168
70,174,168
70,174,168
70,174,168
70,174,168
70,174,168
70,174,168
70,174,168
70,174,168
70,174,168
70,174,168
70,174,167
70,174,167
70,174,167
70,174,167
70,174,167
70,174,167
70,174,167
70,174,167
70,174,167
70,174,167
70,174,167
70,174,167
70,174,167
70,174,167
70,174,167
70,174,167
70,174,167
70,174,167
70,174,167
70,174,167
70,174,167
70,174,167
69,174,167
68,174,166
68,173,166
68,173,166
69,173,167
69,173,167
68,174,166
68,174,166
68,174,166
70,174,168
70,174,168
70,174,168
70,174,168
70,174,168
70,174,167
70,174,167
70,174,167
69,174,167
69,174,167
69,174,167
70,174,167
70,174,167
70,174,167
70,174,167
70,174,167
70,174,167
70,174,167
70,174,167
70,174,167
70,174,167
70,174,167
70,174,167
70,174,167
70,174,167
70,174,167
69,174,167
69,174,167
70,174,168
70,174,168
70,174,168
70,174,168
70,174,168
70,174,168
70,174,168
70,174,168
70,174,168
70,174,168
70,174,168
70,174,168
70,174,168
70,174,167
70,174,167
70,174,167
70,174,167
70,174,167
70,174,167
70,174,167
70,174,167
70,174,167
70,174,167
70,174,167
70,174,167
70,174,167
70,174,167
70,174,167
70,174,167
70,174,167
70,174,167
70,174,167
70,174,167
70,174,167
70,174,167
69,174,167
68,174,166
68,174,166
69,173,167
69,173,167
69,173,167
68,174,166
68,174,166
69,174,167
69,174,167
70,174,168
70,174,168
70,174,168
70,174,168
70,174,168
70,174,168
70,174,168
70,174,168
70,174,168
70,174,168
70,174,168
69,174,167
69,174,167
69,174,167
70,174,167
70,174,167
70,174,167
70,174,167
70,174,167
70,174,167
70,174,167
70,174,167
70,174,167
70,174,167
70,174,167
70,174,167
70,174,167
70,174,167
69,174,167
70,174,168
70,174,168
70,174,168
70,174,168
70,174,168
70,174,168
70,174,168
70,174,168
70,174,168
70,174,168
70,174,168
70,174,168
70,174,168
70,174,168
70,174,168
70,174,168
70,174,168
70,174,167
70,174,167
70,174,167
70,174,167
70,174,167
70,174,167
70,174,167
70,174,167
70,174,167
70,174,167
70,174,167
70,174,167
70,174,167
70,174,167
70,174,167
70,174,167
70,174,167
70,174,167
70,174,167
70,174,167
70,174,167
69,174,167
68,174,166
69,173,167
69,173,167
68,174,166
69,174,167
69,174,167
69,174,167
69,174,167
68,174,166
68,173,166
68,173,166
70,174,168
70,174,168
70,174,168
70,174,168
70,174,168
70,174,168
70,174,168
70,174,168
70,174,168
70,174,168
70,174,168
70,174,168
70,174,168
70,174,168
70,174,168
70,174,168
69,174,167
70,174,167
70,174,167
70,174,167
70,174,167
70,174,167
70,174,167
70,174,167
70,174,167
70,174,167
70,174,167
70,174,167
70,174,167
70,174,168
70,174,168
70,174,168
70,174,168
70,174,168
70,174,168
70,174,168
70,174,168
70,174,168
70,174,168
70,174,168
70,174,168
70,174,168
70,174,168
70,174,168
70,174,168
70,174,168
70,174,168
70,174,168
70,174,168
70,174,167
70,174,167
70,174,167
70,174,167
70,174,167
70,174,167
70,174,167
70,174,167
70,174,167
70,174,167
70,174,167
70,174,167
70,174,167
70,174,167
70,174,167
70,174,167
70,174,167
70,174,167
70,174,167
70,174,167
70,174,167
69,174,167
68,174,166
68,174,166
69,174,167
70,174,167
70,174,167
70,174,167
69,174,167
68,174,166
68,173,166
68,173,166
68,173,166
68,173,166
70,174,168
71,174,168
71,174,168
70,175,168
70,174,168
70,174,168
70,174,168
70,174,168
70,174,168
70,174,168
70,174,168
70,174,168
70,174,168
70,174,168
70,174,168
70,174,168
70,174,168
70,174,168
70,174,168
70,174,168
70,174,168
70,174,168
70,174,168
70,174,168
70,174,168
70,174,168
70,174,168
70,174,168
70,174,168
70,174,168
70,174,168
70,174,168
70,174,168
70,174,168
70,174,168
70,174,168
70,174,168
70,174,168
70,174,168
70,174,168
70,174,168
70,174,168
70,174,168
70,174,168
70,174,168
70,174,168
70,174,168
70,174,168
70,174,168
70,174,168
70,174,168
70,174,168
70,174,168
70,174,168
70,174,168
70,174,168
70,174,168
70,174,167
70,174,167
70,174,167
70,174,167
70,174,167
70,174,167
70,174,167
70,174,167
70,174,167
70,174,167
70,174,167
70,174,167
70,174,167
70,174,167
70,174,167
70,174,167
70,174,167
70,174,167
70,174,167
70,174,167
70,174,167
70,174,167
70,174,167
69,174,167
68,174,166
68,173,166
68,173,166
68,173,166
68,173,166
68,173,166
70,174,167
70,174,168
70,174,168
71,174,168
71,174,168
70,175,168
70,174,168
70,174,168
70,174,168
70,174,168
70,174,168
70,174,168
70,174,168
70,174,168
70,174,168
70,174,168
70,174,168
70,174,168
70,174,168
70,174,168
70,174,168
70,174,168
70,174,168
70,174,168
70,174,168
70,174,168
70,174,168
70,174,168
70,174,168
70,174,168
70,174,168
70,174,168
70,174,168
70,174,168
70,174,168
70,174,168
70,174,168
70,174,168
70,174,168
70,174,168
70,174,168
70,174,168
70,174,168
70,174,168
70,174,168
70,174,168
70,174,168
70,174,168
70,174,168
70,174,168
70,174,168
70,174,168
70,174,168
70,174,168
70,174,168
70,174,168
70,174,168
70,174,168
70,174,168
70,174,168
70,174,168
70,174,167
70,174,167
70,174,167
70,174,167
70,174,167
70,174,167
70,174,167
70,174,167
70,174,167
70,174,167
70,174,167
70,174,167
70,174,167
70,174,167
70,174,167
70,174,167
70,174,167
70,174,167
70,174,167
70,174,167
70,174,167
70,174,167
69,174,167
68,174,166
68,173,166
68,173,166
68,173,166
68,173,166
68,173,166
68,173,166
69,174,167
69,174,167
70,174,168
70,174,168
70,174,168
70,174,168
70,175,168
70,175,168
70,174,168
70,174,168
70,174,168
70,174,168
70,174,168
70,174,168
70,174,168
70,175,168
70,175,167
70,175,167
70,175,167
70,174,168
70,174,168
70,174,168
70,174,168
70,174,168
70,174,168
70,174,168
70,175,167
70,175,167
72,175,167
72,175,167
70,175,167
70,174,168
70,174,168
70,174,168
70,174,168
70,174,168
70,174,168
70,174,168
70,174,168
70,174,168
70,174,168
70,174,168
70,174,168
70,174,168
70,174,168
70,174,168
70,174,168
70,174,168
70,174,168
70,174,168
70,174,168
70,174,168
70,174,168
70,174,168
70,174,168
70,174,168
70,174,168
70,174,168
70,174,168
70,174,168
70,174,168
70,174,168
70,174,168
70,174,168
70,174,167
70,174,167
70,174,167
70,174,167
70,174,167
70,174,167
70,174,167
70,174,167
70,174,167
70,174,167
70,174,167
70,174,167
70,174,167
70,174,167
70,174,167
70,174,167
70,174,167
70,174,167
70,174,167
70,174,167
70,174,167
70,174,167
70,174,167
69,174,167
68,173,166
68,173,166
68,173,166
68,173,166
68,173,166
68,173,166
68,173,166
69,174,167
69,174,167
70,174,168
70,174,168
70,174,168
70,174,168
70,174,168
70,175,168
70,175,168
70,175,168
70,175,168
70,174,168
70,174,168
70,174,168
70,174,168
70,174,168
70,175,168
70,175,168
70,175,167
70,175,167
70,175,167
70,175,167
70,174,168
70,174,168
70,174,168
70,174,168
70,174,168
70,175,168
71,175,168
72,175,167
72,175,167
72,175,167
72,175,167
72,175,167
70,175,167
70,174,168
70,174,168
70,174,168
70,174,168
70,174,168
70,174,168
70,174,168
70,174,168
70,174,168
70,174,168
70,174,168
70,174,168
70,174,168
70,174,168
70,174,168
70,174,168
70,174,168
70,174,168
70,174,168
70,174,168
70,174,168
70,174,168
70,174,168
70,174,168
70,174,168
70,174,168
70,174,168
70,174,168
70,174,168
70,174,168
70,174,168
70,174,168
70,174,168
70,174,167
70,174,167
70,174,168
70,174,168
70,174,168
70,174,168
70,174,167
70,174,167
70,174,167
70,174,167
70,174,167
70,174,167
70,174,167
70,174,167
70,174,167
70,174,167
70,174,167
70,174,167
70,174,167
70,174,167
70,174,167
70,174,167
70,174,167
70,174,167
68,174,166
68,174,166
68,174,166
68,174,166
68,174,166
68,174,166
68,173,166
70,174,168
70,174,168
70,174,168
70,174,168
70,174,168
70,174,168
70,174,168
70,174,168
70,174,168
70,175,168
71,175,168
71,175,168
71,175,168
71,175,168
71,175,168
71,175,168
71,175,168
71,175,168
71,175,168
71,175,168
71,175,168
71,175,168
72,175,167
71,175,168
70,175,168
70,174,168
70,174,168
70,174,168
71,175,168
71,175,168
71,175,168
72,175,167
72,175,167
72,175,167
72,175,167
72,175,167
72,175,167
72,175,167
70,175,167
70,175,167
70,175,167
70,175,167
72,175,167
72,175,167
72,175,167
72,175,167
72,175,167
72,175,167
72,175,167
72,175,167
72,175,167
72,175,167
72,175,167
72,175,167
72,175,167
72,175,167
72,175,167
72,175,167
72,175,167
72,175,167
70,175,167
70,175,167
70,175,167
70,175,167
70,175,167
70,175,167
70,174,168
70,174,168
70,174,168
70,174,168
70,174,168
70,174,168
70,174,168
70,174,168
70,174,168
70,174,168
70,174,168
70,174,168
70,174,167
70,174,167
70,174,167
70,174,167
70,174,167
70,174,167
70,174,167
70,174,167
70,174,167
70,174,167
70,174,167
70,174,167
70,174,167
70,174,167
70,174,167
70,174,167
70,174,167
70,174,167
70,174,167
70,174,167
69,174,167
69,174,167
68,174,166
68,174,166
68,174,166
70,174,168
70,174,168
70,174,168
70,174,168
70,174,168
70,174,168
70,174,168
70,174,168
70,174,168
70,175,168
71,175,168
71,175,168
71,175,168
71,175,168
71,175,168
71,175,168
71,175,168
71,175,168
71,175,168
71,175,168
71,175,168
72,175,167
72,175,167
72,175,167
72,175,167
71,175,168
71,175,168
71,175,168
71,175,168
71,175,168
71,175,168
71,175,168
72,175,167
72,175,167
72,175,167
72,175,167
72,175,167
72,175,167
72,175,167
72,175,167
72,175,167
72,175,167
72,175,167
72,175,167
72,175,167
72,175,167
72,175,167
72,175,167
72,175,167
72,175,167
72,175,167
72,175,167
72,175,167
72,175,167
72,175,167
72,175,167
72,175,167
72,175,167
72,175,167
72,175,167
72,175,167
72,175,167
72,175,167
70,175,167
70,175,167
70,175,167
70,175,167
70,175,167
70,175,167
70,174,168
70,174,168
70,174,168
70,174,168
70,174,168
70,174,168
70,174,168
70,174,168
70,174,168
70,174,168
70,174,168
70,174,168
70,174,167
70,174,167
70,174,167
70,174,167
70,174,167
70,174,167
70,174,167
70,174,167
70,174,167
70,174,168
70,174,168
70,174,168
70,174,167
70,174,167
70,174,167
70,174,167
70,174,167
70,174,167
70,174,167
69,174,167
69,174,167
69,174,167
68,174,166
68,174,166
70,174,168
70,174,168
70,174,168
70,174,168
70,174,168
70,174,168
70,174,168
70,174,168
70,174,168
70,174,168
71,175,168
71,175,168
71,175,168
71,175,168
71,175,168
71,175,168
71,175,168
71,175,168
71,175,168
71,175,168
72,175,167
72,175,167
72,175,167
72,175,167
72,175,167
72,175,167
72,175,167
72,175,167
72,175,167
71,175,168
71,175,168
71,175,168
71,175,168
72,175,167
72,175,167
72,175,167
72,175,167
72,175,167
72,175,167
72,175,167
72,175,167
72,175,167
72,175,167
72,175,167
72,175,167
72,175,167
72,175,167
72,175,167
72,175,167
72,175,167
72,175,167
72,175,167
72,175,167
72,175,167
72,175,167
72,175,167
72,175,167
72,175,167
72,175,167
72,175,167
72,175,167
72,175,167
72,175,167
72,175,167
72,175,167
72,175,167
72,175,167
72,175,167
71,175,168
70,175,167
70,175,167
70,175,168
70,174,168
70,174,168
70,174,168
70,174,168
70,174,168
70,174,168
70,174,168
70,174,168
70,174,168
70,174,168
70,174,168
70,174,168
70,174,168
70,174,167
70,174,167
70,174,167
70,174,167
70,174,167
70,174,167
70,174,168
70,174,168
70,174,168
70,174,168
70,174,168
70,174,167
70,174,167
70,174,167
70,174,167
70,174,167
70,174,167
70,174,167
70,174,167
70,174,167
70,174,167
69,174,167
68,174,166
69,173,166
70,174,168
70,174,168
70,174,168
70,174,168
70,174,168
70,174,168
70,174,168
70,174,168
70,174,168
70,175,167
71,175,168
71,175,168
71,175,168
71,175,168
71,175,168
71,175,168
71,175,168
72,175,167
72,175,167
72,175,167
72,175,167
72,175,167
72,175,167
72,175,167
72,175,167
72,175,167
72,175,167
72,175,167
72,175,167
72,175,167
72,175,167
71,175,168
72,175,167
72,175,167
72,175,167
72,175,167
72,175,167
72,175,167
72,175,167
72,175,167
72,175,167
72,175,167
72,175,167
72,175,167
72,175,167
72,175,167
72,175,167
72,175,167
72,175,167
72,175,167
72,175,167
72,175,167
72,175,167
72,175,167
72,175,167
72,175,167
72,175,167
72,175,167
72,175,167
72,175,167
72,175,167
72,175,167
72,175,167
72,175,167
72,175,167
72,175,167
72,175,167
72,175,167
72,175,167
72,175,167
71,175,168
71,175,168
70,175,168
70,175,168
70,174,168
70,174,168
70,174,168
70,174,168
70,174,168
70,174,168
70,174,168
70,174,168
70,174,168
70,174,168
70,174,168
70,174,168
70,174,168
70,174,168
70,174,167
70,174,167
70,174,168
70,174,168
70,174,168
70,174,168
70,174,168
70,174,168
70,174,168
70,174,168
70,174,168
69,174,167
70,174,167
70,174,167
70,174,167
70,174,167
70,174,167
70,174,167
70,174,167
70,174,167
69,174,167
69,174,166
69,174,166
70,174,168
70,174,168
70,174,168
70,174,168
70,174,168
70,174,168
70,174,168
70,174,168
70,175,167
71,175,168
71,175,168
71,175,168
71,175,168
71,175,168
71,175,168
71,175,168
71,175,168
72,175,167
72,175,167
72,175,167
72,175,167
72,175,167
72,175,167
72,175,167
72,175,167
72,175,167
72,175,167
72,175,167
72,175,167
72,175,167
72,175,167
72,175,167
72,175,167
72,175,167
72,175,167
72,175,167
72,175,167
72,175,167
72,175,167
72,175,167
72,175,167
72,175,167
72,175,167
72,175,167
72,175,167
72,175,167
72,175,167
72,175,167
72,175,167
72,175,167
72,175,167
72,175,167
72,175,167
72,175,167
72,175,167
72,175,167
72,175,167
72,175,167
72,175,167
72,175,167
72,175,167
72,175,167
72,175,167
72,175,167
72,175,167
72,175,167
72,175,167
72,175,167
72,175,167
72,175,167
72,175,167
72,175,167
71,175,168
71,175,168
71,175,168
71,175,168
71,175,168
71,175,168
70,174,168
70,174,168
70,174,168
70,174,168
70,174,168
70,174,168
70,174,168
70,174,168
70,174,168
70,174,168
70,174,168
70,174,168
70,174,168
70,174,168
70,174,168
70,174,168
70,174,168
70,174,168
70,174,168
70,174,168
70,174,168
70,174,168
70,174,168
69,174,167
70,174,167
70,174,167
70,174,167
70,174,167
70,174,167
70,174,167
70,174,167
70,174,167
70,174,167
70,174,167
70,174,167
70,174,167
70,174,167
70,174,168
70,174,168
70,174,168
70,174,168
71,175,167
71,175,167
70,175,168
70,175,168
70,175,168
71,175,168
71,175,168
71,175,168
71,175,168
71,175,168
71,175,168
71,175,168
72,175,167
72,175,167
72,175,167
72,175,167
72,175,167
72,175,167
72,175,167
72,175,167
72,175,167
72,175,167
72,175,167
72,175,167
72,175,167
72,175,167
72,175,167
72,175,167
72,175,167
72,175,167
72,175,167
72,175,167
72,175,167
72,175,167
72,175,167
72,175,167
72,175,167
72,175,167
72,175,167
72,175,167
72,175,167
72,175,167
72,175,167
72,175,167
72,175,167
72,175,167
72,175,167
72,175,167
72,175,167
72,175,167
72,175,167
72,175,167
72,175,167
72,175,167
72,175,167
72,175,167
72,175,167
72,175,167
72,175,167
72,175,167
72,175,167
72,175,167
72,175,167
72,175,167
72,175,167
72,175,167
72,175,167
72,175,167
72,175,167
71,175,168
71,175,168
71,175,168
71,175,168
71,175,168
71,175,168
71,175,168
70,175,168
70,174,168
70,174,168
70,174,168
70,174,168
70,174,168
70,174,168
70,174,168
70,174,168
70,174,168
70,174,168
70,174,168
70,174,168
70,174,168
70,174,168
70,174,168
70,174,168
70,174,168
70,174,168
70,174,168
70,174,168
70,174,168
70,174,168
70,174,168
70,174,167
70,174,167
70,174,167
70,174,167
70,174,167
70,174,167
70,174,167
70,174,167
70,174,167
70,174,167
70,174,167
70,174,167
70,174,167
70,174,168
70,174,168
70,174,168
70,174,168
70,174,168
71,175,167
71,175,167
71,175,167
71,175,167
70,175,168
71,175,168
71,175,168
71,175,168
71,175,168
72,175,167
72,175,167
72,175,167
72,175,167
72,175,167
72,175,167
72,175,167
72,175,167
72,175,167
72,175,167
72,175,167
72,175,167
72,175,167
72,175,167
72,175,167
72,175,167
72,175,167
72,175,167
72,175,167
72,175,167
72,175,167
72,175,167
72,175,167
72,175,167
72,175,167
72,175,167
72,175,167
72,175,167
72,175,167
72,175,167
72,175,167
72,175,167
72,175,167
72,175,167
72,175,167
72,175,167
72,175,167
72,175,167
72,175,167
72,175,167
72,175,167
72,175,167
72,175,167
72,175,167
72,175,167
72,175,167
72,175,167
72,175,167
72,175,167
72,175,167
72,175,167
72,175,167
72,175,167
72,175,167
72,175,167
72,175,167
72,175,167
72,175,167
72,175,167
72,175,167
72,175,167
71,175,168
71,175,168
71,175,168
71,175,168
71,175,168
72,175,167
72,175,167
72,175,167
71,175,168
70,174,168
70,174,168
70,174,168
70,174,168
70,174,168
70,174,168
70,174,168
70,174,168
70,174,168
70,174,168
70,174,168
70,174,168
70,174,168
70,174,168
70,174,168
70,174,168
70,174,168
70,174,168
70,174,168
70,174,168
70,174,168
70,174,168
70,174,167
70,174,167
70,174,167
70,174,167
70,174,167
70,174,167
70,174,167
70,174,167
70,174,167
70,174,167
70,174,167
70,174,167
70,174,167
70,174,168
70,174,168
69,174,167
70,174,168
70,174,168
70,174,168
70,174,168
70,174,168
71,175,167
71,175,167
71,175,167
71,175,167
70,175,167
71,175,168
71,175,168
72,175,167
72,175,167
72,175,167
72,175,167
72,175,167
72,175,167
72,175,167
72,175,167
72,175,167
72,175,167
72,175,167
72,175,167
72,175,167
72,175,167
72,175,167
72,175,167
72,175,167
72,175,167
72,175,167
72,175,167
72,175,167
72,175,167
72,175,167
72,175,167
72,175,167
72,175,167
72,175,167
72,175,167
72,175,167
72,175,167
72,175,167
72,175,167
72,175,167
72,175,167
72,175,167
72,175,167
72,175,167
72,175,167
72,175,167
72,175,167
72,175,167
72,175,167
72,175,167
72,175,167
72,175,167
72,175,167
72,175,167
72,175,167
72,175,167
72,175,167
72,175,167
72,175,167
72,175,167
72,175,167
72,175,167
72,175,167
72,175,167
72,175,167
72,175,167
72,175,167
72,175,167
72,175,167
72,175,167
72,175,167
71,175,168
72,175,167
72,175,167
72,175,167
72,175,167
72,175,167
72,175,167
72,175,167
72,175,167
70,175,167
70,175,167
70,174,168
70,174,168
70,174,168
70,174,168
70,174,168
70,174,168
70,174,168
70,174,168
70,174,168
70,174,168
70,174,168
70,174,168
70,174,168
70,174,168
70,174,168
70,174,168
70,174,168
70,174,168
70,174,168
70,174,167
70,174,167
70,174,167
70,174,167
70,174,167
70,174,167
70,174,167
70,174,167
70,174,167
70,174,167
70,174,167
70,174,167
70,174,167
70,174,168
70,174,168
70,174,168
69,174,167
69,174,167
69,174,167
70,174,168
70,174,168
70,174,168
70,174,168
71,175,167
71,175,167
71,175,167
71,175,167
70,175,167
71,175,168
71,175,168
72,175,167
72,175,167
72,175,167
72,175,167
72,175,167
72,175,167
72,175,167
72,175,167
72,175,167
72,175,167
72,175,167
72,175,167
72,175,167
72,175,167
72,175,167
72,175,167
72,175,167
72,175,167
72,175,167
72,175,167
72,175,167
72,175,167
72,175,167
72,175,167
72,175,167
72,175,167
72,175,167
72,175,167
72,175,167
72,175,167
72,175,167
72,175,167
72,175,167
72,175,167
72,175,167
72,175,167
72,175,167
72,175,167
72,175,167
72,175,167
72,175,167
72,175,167
72,175,167
72,175,167
72,175,167
72,175,167
72,175,167
72,175,167
72,175,167
72,175,167
72,175,167
72,175,167
72,175,167
72,175,167
72,175,167
72,175,167
72,175,167
72,175,167
72,175,167
72,175,167
72,175,167
72,175,167
72,175,167
72,175,167
72,175,167
72,175,167
72,175,167
72,175,167
72,175,167
72,175,167
72,175,167
72,175,167
72,175,167
72,175,167
72,175,167
70,175,167
70,175,167
70,175,167
70,175,167
70,174,168
70,174,168
70,174,168
70,174,168
70,174,168
70,174,168
70,174,168
70,174,168
70,174,168
70,174,168
70,174,168
70,174,168
70,174,168
70,174,168
70,174,168
70,174,167
70,174,167
70,174,167
70,174,167
70,174,167
70,174,167
70,174,167
70,174,167
70,174,167
70,174,167
70,174,167
70,174,167
70,174,167
70,174,167
70,174,168
70,174,167
70,174,167
69,174,167
69,174,167
69,174,167
69,174,167
70,174,168
70,174,168
70,174,168
70,174,168
71,175,167
71,175,167
71,175,167
71,175,167
71,175,167
70,175,167
71,175,168
72,175,167
72,175,167
72,175,167
72,175,167
72,175,167
72,175,167
72,175,167
72,175,167
72,175,167
72,175,167
72,175,167
72,175,167
72,175,167
72,175,167
72,175,167
72,175,167
72,175,167
72,175,167
72,175,167
72,175,167
72,175,167
72,175,167
72,175,167
72,175,167
72,175,167
72,175,167
72,175,167
72,175,167
72,175,167
72,175,167
72,175,167
72,175,167
72,175,167
72,175,167
72,175,167
72,175,167
72,175,167
72,175,167
72,175,167
72,175,167
72,175,167
72,175,167
72,175,167
72,175,167
72,175,167
72,175,167
72,175,167
72,175,167
72,175,167
72,175,167
72,175,167
72,175,167
72,175,167
72,175,167
72,175,167
72,175,167
72,175,167
72,175,167
72,175,167
72,175,167
72,175,167
72,175,167
72,175,167
72,175,167
72,175,167
72,175,167
72,175,167
72,175,167
72,175,167
72,175,167
72,175,167
72,175,167
72,175,167
72,175,167
72,175,167
72,175,167
70,175,167
71,175,167
70,175,167
70,174,168
70,174,168
70,174,168
70,174,168
70,174,168
70,174,168
70,174,168
70,174,168
70,174,168
70,174,168
70,174,168
70,174,168
70,174,168
70,174,168
70,174,167
70,174,167
70,174,167
70,174,167
70,174,167
70,174,167
70,174,167
70,174,167
70,174,167
70,174,167
70,174,167
70,174,167
70,174,167
70,174,167
70,174,167
70,174,167
70,174,167
70,174,167
70,174,167
70,174,167
69,174,167
69,174,167
69,174,167
69,174,167
70,174,168
70,174,168
70,174,168
70,174,168
70,175,168
71,175,167
71,175,167
71,175,167
70,175,167
71,175,168
72,175,167
72,175,167
72,175,167
72,175,167
72,175,167
72,175,167
72,175,167
72,175,167
72,175,167
72,175,167
72,175,167
72,175,167
72,175,167
72,175,167
72,175,167
72,175,167
72,175,167
72,175,167
72,175,167
72,175,167
72,175,167
72,175,167
72,175,167
72,175,167
72,175,167
72,175,167
72,175,167
72,175,167
72,175,167
72,175,167
72,175,167
72,175,167
72,175,167
72,175,167
72,175,167
72,175,167
72,175,167
72,175,167
72,175,167
72,175,167
72,175,167
72,175,167
72,175,167
72,175,167
72,175,167
72,175,167
72,175,167
72,175,167
72,175,167
72,175,167
72,175,167
72,175,167
72,175,167
72,175,167
72,175,167
72,175,167
72,175,167
72,175,167
72,175,167
72,175,167
72,175,167
72,175,167
72,175,167
72,175,167
72,175,167
72,175,167
72,175,167
72,175,167
72,175,167
72,175,167
72,175,167
72,175,167
72,175,167
72,175,167
72,175,167
72,175,167
72,175,167
72,175,167
72,175,167
70,175,167
70,175,167
70,175,168
70,174,168
70,174,168
70,174,168
70,174,168
71,174,168
71,174,168
70,174,168
70,174,168
70,174,168
70,174,168
70,174,168
70,174,168
70,174,168
70,174,167
70,174,167
70,174,167
70,174,167
70,174,167
70,174,167
70,174,167
70,174,167
70,174,167
70,174,167
70,174,167
70,174,167
70,174,167
70,174,167
70,174,167
70,174,167
70,174,167
70,174,167
70,174,167
70,174,167
70,174,167
70,174,167
69,174,167
69,174,167
69,174,167
70,174,168
70,174,168
70,174,168
70,174,168
70,175,168
70,175,168
70,175,167
71,175,167
70,175,167
70,175,167
72,175,167
72,175,167
72,175,167
72,175,167
72,175,167
72,175,167
72,175,167
72,175,167
72,175,167
72,175,167
72,175,167
72,175,167
72,175,167
72,175,167
72,175,167
72,175,167
72,175,167
72,175,167
72,175,167
72,175,167
72,175,167
72,175,167
72,175,167
72,175,167
72,175,167
72,175,167
71,175,167
72,175,167
72,175,167
72,175,167
72,175,167
72,175,167
72,175,167
72,175,167
72,175,167
72,176,168
72,176,168
72,176,168
72,176,168
72,175,167
72,175,167
72,175,167
72,175,167
72,175,167
72,175,167
72,175,167
72,175,167
72,175,167
72,175,167
72,175,167
72,175,167
72,175,167
72,175,167
72,175,167
72,175,167
72,175,167
72,175,167
72,175,167
72,175,167
72,175,167
72,175,167
72,175,167
72,175,167
72,175,167
72,175,167
72,175,167
72,175,167
72,175,167
72,175,167
72,175,167
72,175,167
72,175,167
72,175,167
72,175,167
72,175,167
72,175,167
72,175,167
72,175,167
72,175,167
72,175,167
72,175,167
70,175,167
70,175,167
70,175,168
70,175,168
71,174,168
71,174,168
71,175,167
71,175,167
71,175,167
71,175,167
71,175,167
70,174,168
70,174,168
70,174,168
70,174,168
70,174,167
70,174,167
70,174,167
70,174,167
70,174,167
70,174,167
70,174,167
70,174,167
70,174,167
70,174,167
70,174,167
70,174,167
70,174,167
70,174,167
70,174,167
70,174,167
70,174,167
70,174,167
70,174,167
69,174,167
68,174,166
70,174,167
70,174,167
70,174,167
70,174,167
69,174,167
70,174,168
70,174,168
70,174,168
70,174,168
70,174,168
70,174,168
71,175,168
71,175,168
71,175,168
72,175,167
72,175,167
72,175,167
72,175,167
72,175,167
72,175,167
72,175,167
72,175,167
72,175,167
72,175,167
72,175,167
72,175,167
72,175,167
72,175,167
72,175,167
72,175,167
72,175,167
72,175,167
72,175,167
72,175,167
72,175,167
72,175,167
72,175,167
72,175,167
72,175,167
72,175,167
72,175,167
71,175,168
71,175,167
71,175,167
71,175,167
72,175,167
72,175,167
72,175,167
72,175,167
72,175,167
72,175,167
72,175,167
72,176,168
72,176,168
72,176,168
72,176,168
72,176,168
72,175,167
72,175,167
72,175,167
72,175,167
72,175,167
72,175,167
72,175,167
72,175,167
72,175,167
72,175,167
72,175,167
72,175,167
72,175,167
72,175,167
72,175,167
72,175,167
72,175,167
72,175,167
72,175,167
72,175,167
72,175,167
72,175,167
72,175,167
72,175,167
72,175,167
72,175,167
72,175,167
72,175,167
72,175,167
72,176,168
72,176,168
72,176,168
72,175,167
72,176,168
72,176,168
72,176,168
72,176,168
72,176,168
72,175,167
72,175,167
72,175,167
72,175,167
72,175,167
72,175,168
72,175,168
72,175,168
72,175,168
71,175,167
71,175,167
71,175,167
71,175,167
71,175,167
71,175,167
71,175,167
71,175,167
71,175,167
70,174,168
70,174,168
70,174,168
70,174,168
70,174,168
70,174,168
70,174,168
70,174,168
70,174,168
70,174,168
70,174,168
70,174,168
70,174,167
70,174,167
70,174,167
70,174,167
70,174,167
70,174,167
69,174,167
68,174,166
68,174,166
68,174,166
70,174,167
70,174,167
70,174,167
70,174,167
70,174,168
70,174,168
70,174,168
70,174,168
70,174,168
70,174,168
70,174,168
71,175,168
72,175,167
72,175,167
72,175,167
72,175,167
72,175,167
72,175,167
72,175,167
72,175,167
72,175,167
72,175,167
72,175,167
72,175,167
72,175,167
72,175,167
72,175,167
72,175,167
72,175,167
72,175,167
72,175,167
72,175,167
72,175,167
72,175,167
72,175,167
72,175,167
72,175,167
72,175,167
72,175,167
72,175,167
72,175,167
72,175,167
71,175,168
71,175,167
71,175,167
71,175,167
72,175,167
72,175,167
72,175,167
72,175,167
72,175,167
72,175,167
72,175,167
72,176,168
72,176,168
72,176,168
72,176,168
72,176,168
72,175,167
72,175,167
72,175,167
72,175,167
72,175,167
72,175,167
72,175,167
72,175,167
72,175,167
72,175,167
72,175,167
72,175,167
72,175,167
72,175,167
72,175,167
72,175,167
72,175,167
72,175,167
72,175,167
72,175,167
72,175,167
72,175,167
72,175,167
72,175,167
72,175,167
72,175,167
72,175,167
72,175,167
72,175,167
72,176,168
72,176,168
72,176,168
72,175,167
72,176,168
72,176,168
72,176,168
72,176,168
72,176,168
72,176,168
72,175,167
72,175,167
72,176,168
72,175,167
72,175,167
72,175,168
72,175,168
72,175,168
72,175,167
72,175,167
71,175,167
71,175,167
71,175,167
71,175,167
71,175,167
71,175,167
71,175,167
71,175,167
71,175,167
70,174,168
70,174,168
70,174,168
70,174,168
70,174,168
70,174,168
70,174,168
70,174,168
70,174,168
70,174,168
69,174,167
70,174,167
70,174,167
70,174,167
70,174,167
70,174,167
68,174,166
68,174,166
68,174,166
68,173,166
68,173,166
70,174,167
70,174,167
70,174,167
70,174,167
70,174,168
70,174,168
70,174,168
70,174,168
70,174,168
70,174,168
70,174,168
71,175,168
72,175,167
72,175,167
72,175,167
72,175,167
72,175,167
72,175,167
72,175,167
72,175,167
72,175,167
72,175,167
72,175,167
72,175,167
72,175,167
72,175,167
72,175,167
72,175,167
72,175,167
72,175,167
72,175,167
72,175,167
72,175,167
72,175,167
72,175,167
72,175,167
72,175,167
72,175,167
72,175,167
72,175,167
72,175,167
72,175,167
72,175,167
71,175,168
70,175,167
71,175,167
71,175,167
71,175,168
72,175,167
72,175,167
72,175,167
72,175,167
72,175,167
72,175,167
72,175,167
72,175,167
72,176,168
72,176,168
72,175,167
72,175,167
72,175,167
72,175,167
72,175,167
72,175,167
72,175,167
72,175,167
72,175,167
72,175,167
72,175,167
72,175,167
72,175,167
72,175,167
72,175,167
72,175,167
72,175,167
72,175,167
72,175,167
72,175,167
72,175,167
72,175,167
72,175,167
72,175,167
72,175,167
72,175,167
72,175,167
72,175,167
72,175,167
72,175,167
72,176,168
72,176,168
72,175,167
72,175,167
72,175,167
72,176,168
72,175,167
72,176,168
72,176,168
72,176,168
72,176,168
72,176,168
72,176,168
72,176,168
72,176,168
72,176,168
72,176,168
72,175,168
72,175,168
72,175,167
72,176,168
72,175,167
72,175,167
72,175,167
72,175,167
72,175,167
71,175,167
71,175,167
71,175,167
70,175,167
70,174,168
70,174,168
70,174,168
70,174,168
70,174,168
70,174,168
70,174,168
70,174,168
70,174,168
70,174,167
70,174,167
70,174,167
70,174,167
70,174,167
70,174,167
69,174,167
68,174,166
68,174,166
68,173,166
68,173,166
68,173,166
69,174,167
69,174,167
69,174,167
70,174,168
70,174,168
70,174,168
70,174,168
70,174,168
70,174,168
70,174,168
70,174,168
70,174,168
71,175,168
72,175,167
72,175,167
72,175,167
72,175,167
72,175,167
72,175,167
72,175,167
72,175,167
72,175,167
72,175,167
72,175,167
72,175,167
72,175,167
72,175,167
72,175,167
72,175,167
72,175,167
72,175,167
72,175,167
72,175,167
72,175,167
72,175,167
72,175,167
72,175,167
72,175,167
72,175,167
72,175,167
72,175,167
72,175,167
72,175,167
72,175,167
71,175,168
70,175,168
70,175,168
71,175,168
71,175,168
72,175,167
72,175,167
72,175,167
72,175,167
72,175,167
72,175,167
72,175,167
72,175,167
72,175,167
72,175,167
72,175,167
72,175,167
72,175,167
72,175,167
72,175,167
72,175,167
72,175,167
72,175,167
72,175,167
72,175,167
72,175,167
72,175,167
72,175,167
72,175,167
72,175,167
72,175,167
72,175,167
72,175,167
72,175,167
72,176,168
72,175,167
72,175,167
72,175,167
72,175,167
72,175,167
72,175,167
72,175,167
72,175,167
72,175,167
72,175,167
72,175,167
72,175,167
72,175,167
72,175,167
72,175,167
72,176,168
72,176,168
72,176,168
72,176,168
72,176,168
72,176,168
72,176,168
72,176,168
72,176,168
72,176,168
72,176,168
72,176,168
72,176,168
72,176,168
72,176,168
72,176,168
72,175,167
72,175,167
72,175,167
72,175,167
72,175,167
72,175,167
72,175,167
70,175,167
70,175,167
70,175,167
70,175,168
70,174,168
70,174,168
70,174,168
70,174,168
70,174,168
70,174,168
70,174,168
70,174,167
70,174,167
70,174,167
70,174,167
70,174,167
70,174,167
69,174,167
69,174,167
68,174,166
68,174,166
69,174,167
69,174,167
68,174,166
70,174,168
70,174,168
70,174,168
70,174,168
70,174,168
70,174,168
70,174,168
70,174,168
70,174,168
70,174,168
70,174,168
70,174,168
71,175,168
72,175,167
72,175,167
72,175,167
72,175,167
72,175,167
72,175,167
72,175,167
72,175,167
72,175,167
72,175,167
72,175,167
72,175,167
72,175,167
72,175,167
72,175,167
72,175,167
71,175,168
71,175,168
70,175,167
70,175,167
70,175,167
71,175,168
72,175,167
72,175,167
72,175,167
72,175,167
72,175,167
72,175,167
72,175,167
72,175,167
72,175,167
72,175,167
71,175,168
71,175,168
71,175,168
71,175,168
72,175,167
72,175,167
72,175,167
72,175,167
72,175,167
72,175,167
72,175,167
72,175,167
72,175,167
72,175,167
72,175,167
72,175,167
72,175,167
72,175,167
72,175,167
72,175,167
72,175,167
72,175,167
72,175,167
72,175,167
72,175,167
72,175,167
72,175,167
72,175,167
72,175,167
72,175,167
72,175,167
72,175,167
72,176,168
72,176,168
72,176,168
72,175,167
72,175,167
72,175,167
72,175,167
72,175,167
72,175,167
72,175,167
72,175,167
72,175,167
72,175,167
72,175,167
72,175,167
72,175,167
72,175,167
72,175,167
72,176,168
72,176,168
72,176,168
72,176,168
72,176,168
72,176,168
72,176,168
72,176,168
73,176,168
72,176,168
72,176,168
73,176,169
72,176,168
72,176,168
72,176,168
72,176,168
72,176,168
72,176,168
72,176,168
72,176,168
72,175,167
72,175,167
72,175,167
72,175,167
72,175,167
71,175,168
71,175,168
71,175,168
70,175,168
70,174,168
70,174,168
70,174,168
70,174,168
70,174,167
70,174,167
70,174,167
70,174,167
70,174,167
70,174,167
70,174,167
69,174,167
69,174,167
69,174,167
69,174,167
69,174,167
69,174,167
69,174,167
69,174,167
70,174,168
70,174,168
70,174,168
70,174,168
70,174,168
70,174,168
70,174,168
70,174,168
70,174,168
70,174,168
70,174,168
70,174,168
71,175,168
72,175,167
72,175,167
72,175,167
72,175,167
72,175,167
72,175,167
72,175,167
72,175,167
72,175,167
72,175,167
72,175,167
72,175,167
72,175,167
72,175,167
72,175,167
72,175,167
71,175,168
70,175,168
70,175,168
70,175,167
71,175,167
71,175,167
71,175,167
71,175,168
72,175,167
72,175,167
72,175,167
72,175,167
72,175,167
72,175,167
72,175,167
72,175,167
72,175,167
72,175,167
71,175,168
71,175,168
71,175,168
72,175,167
72,175,167
72,175,167
72,175,167
72,175,167
72,175,167
72,175,167
72,175,167
72,175,167
72,175,167
72,175,167
72,175,167
72,175,167
72,175,167
72,175,167
72,175,167
72,175,167
72,175,167
72,175,167
72,175,167
72,175,167
72,175,167
72,175,167
72,175,167
72,175,167
72,175,167
72,175,167
72,176,168
72,176,168
72,176,168
72,176,168
72,176,168
72,175,167
72,176,168
72,176,168
72,175,167
72,175,167
72,175,167
72,175,167
72,175,167
72,175,167
72,175,167
72,175,167
72,175,167
72,175,167
72,175,167
72,176,168
72,176,168
72,176,168
72,176,168
72,176,168
72,176,168
72,176,168
73,176,168
73,176,168
73,176,168
73,176,169
73,176,169
73,176,169
73,176,169
73,176,168
72,176,168
72,176,168
72,176,168
72,176,168
72,176,168
72,176,168
72,175,167
72,175,167
72,175,167
72,175,167
72,175,167
71,175,168
71,175,168
71,175,168
70,175,168
70,174,168
70,174,168
70,174,167
70,174,167
70,174,167
70,174,167
70,174,167
70,174,167
70,174,167
70,174,167
70,174,167
69,174,167
69,174,167
69,174,167
69,174,167
70,174,167
70,174,167
69,174,167
69,174,167
70,174,168
70,174,168
70,174,168
70,174,168
70,174,168
70,174,168
70,174,168
70,174,168
70,175,168
71,175,168
71,175,168
71,175,168
71,175,168
72,175,167
72,175,167
72,175,167
72,175,167
72,175,167
72,175,167
72,175,167
72,175,167
72,175,167
72,175,167
72,175,167
72,175,167
72,175,167
72,175,167
72,175,167
72,175,167
71,175,168
71,175,168
70,174,168
70,174,168
70,174,168
71,175,167
71,175,167
71,175,167
71,175,167
72,175,167
72,175,167
72,175,167
72,175,167
72,175,167
72,175,167
72,175,167
72,175,167
72,175,167
72,175,167
71,175,168
71,175,168
71,175,168
72,175,167
72,175,167
72,175,167
72,175,167
72,175,167
72,175,167
72,175,167
72,175,167
72,175,167
72,175,167
72,175,167
72,175,167
72,175,167
72,175,167
72,175,167
72,175,167
72,175,167
72,176,168
72,176,168
72,176,168
72,175,167
72,175,167
72,175,167
72,175,167
72,175,167
72,175,167
72,176,167
72,176,168
72,176,168
72,176,168
72,176,168
72,176,167
72,175,167
72,176,167
72,176,167
72,175,167
72,175,167
72,175,167
72,175,167
72,175,167
72,175,167
72,175,167
72,175,167
72,175,167
72,175,167
72,175,167
72,176,168
72,176,168
72,176,168
72,176,168
72,176,168
72,176,168
72,176,168
73,176,168
73,176,168
73,176,168
73,176,169
73,176,169
73,176,169
73,176,169
73,176,168
73,176,168
73,176,168
73,176,168
73,176,168
72,176,168
72,176,168
72,176,168
72,175,167
72,175,167
72,175,167
72,175,167
72,175,167
71,175,168
71,175,168
71,175,168
70,174,168
70,174,168
70,174,167
70,174,167
70,174,167
70,174,167
70,174,167
70,174,167
70,174,167
70,174,167
70,174,167
69,174,167
69,174,167
69,174,167
69,174,167
70,174,167
70,174,167
70,174,167
70,174,167
69,173,167
70,174,168
70,174,168
70,174,168
70,174,168
70,174,168
70,174,168
70,174,168
71,175,168
71,175,168
71,175,168
71,175,168
71,175,168
72,175,167
72,175,167
72,175,167
72,175,167
72,175,167
72,175,167
72,175,167
72,175,167
72,175,167
72,175,167
72,175,167
72,175,167
72,175,167
72,175,167
72,175,167
72,175,167
72,175,167
71,175,168
71,175,168
71,175,168
70,175,167
70,174,168
70,174,168
70,174,168
71,175,167
71,175,167
71,175,167
70,175,167
72,175,167
72,175,167
72,175,167
72,175,167
72,175,167
72,175,167
72,175,167
72,175,167
72,175,167
72,175,167
72,175,167
72,175,167
72,175,167
72,175,167
72,175,167
72,175,167
72,175,167
72,175,167
72,175,167
72,175,167
72,175,167
72,175,167
72,175,167
72,175,167
72,175,167
72,175,167
72,175,167
72,176,167
72,176,167
72,176,167
72,176,167
72,176,167
72,176,167
72,175,167
72,175,167
72,175,167
72,175,167
72,176,167
72,176,167
72,176,168
72,176,168
72,176,168
72,176,168
72,176,168
72,176,167
72,176,168
72,175,167
72,175,167
72,175,167
72,175,167
72,175,167
72,175,167
72,175,167
72,175,167
72,175,167
72,175,167
72,175,167
72,175,167
72,175,167
72,176,168
72,176,168
72,176,168
72,176,168
72,176,168
72,176,168
73,176,168
73,176,168
73,176,168
73,176,169
73,176,169
73,176,169
73,176,169
73,176,168
73,176,168
73,176,168
73,176,168
73,176,168
73,176,168
73,176,168
72,176,168
72,176,167
72,175,167
72,175,167
72,175,167
72,175,167
72,175,167
71,175,168
71,175,168
70,174,168
70,174,168
70,174,168
70,174,167
70,174,167
70,174,167
70,174,167
70,174,167
70,174,167
70,174,167
69,174,167
69,174,167
69,174,167
69,174,167
69,174,167
70,174,167
70,174,167
70,174,168
70,174,168
70,174,167
69,174,167
70,176,168
70,174,168
70,174,168
70,174,168
70,174,168
70,174,168
70,174,168
71,175,168
71,175,168
71,175,168
71,175,168
71,175,168
72,175,167
72,175,167
72,175,167
72,175,167
72,175,167
72,175,167
72,175,167
72,175,167
72,175,167
72,175,167
72,175,167
72,175,167
72,175,167
72,175,167
72,175,167
72,175,167
72,175,167
71,175,168
71,175,168
71,175,168
71,175,168
70,175,167
70,174,168
70,174,168
70,174,168
70,174,168
71,175,167
71,175,167
70,175,167
72,175,167
72,175,167
72,175,167
72,175,167
72,175,167
72,175,167
72,175,167
72,175,167
72,175,167
72,175,167
72,175,167
72,175,167
72,175,167
72,175,167
72,175,167
72,175,167
72,175,167
72,175,167
72,175,167
72,175,167
72,175,167
72,175,167
72,175,167
72,175,167
72,175,167
72,176,167
72,176,167
72,176,167
72,176,167
72,176,167
72,176,167
72,176,167
72,176,167
72,176,167
72,176,167
72,176,167
72,176,167
72,176,167
72,176,167
72,176,168
72,176,168
72,176,168
72,176,168
72,176,168
72,176,168
72,176,168
72,176,167
72,175,167
72,175,167
72,175,167
72,175,167
72,175,167
72,175,167
72,175,167
72,175,167
72,175,167
72,175,167
72,175,167
72,175,167
72,175,167
72,176,168
72,176,168
72,176,168
72,176,168
73,176,168
73,176,168
73,176,168
73,176,168
73,176,169
73,176,169
73,176,169
73,176,169
73,176,168
73,176,168
73,176,168
73,176,168
73,176,168
73,176,168
73,176,168
72,176,167
72,176,167
72,175,167
72,175,167
72,175,167
72,175,167
72,175,167
71,175,168
71,175,168
70,174,168
70,174,168
70,174,168
70,174,168
70,174,168
70,174,168
70,174,168
70,174,168
70,174,168
70,174,168
70,174,168
70,174,168
69,174,167
69,174,167
69,174,167
70,174,167
70,174,167
70,174,167
70,174,167
70,174,167
70,174,167
70,174,167
70,175,168
70,174,168
70,174,168
70,174,168
70,174,168
70,174,168
71,175,168
71,175,168
71,175,168
72,175,167
72,175,167
72,175,167
72,175,167
72,175,167
72,175,167
72,175,167
72,175,167
72,175,167
72,175,167
72,175,167
72,175,167
72,175,167
72,175,167
72,175,167
72,175,167
72,175,167
72,175,167
72,175,167
71,175,168
71,175,168
71,175,168
71,175,168
71,175,168
70,174,168
70,174,168
70,174,168
70,174,168
70,175,168
71,175,167
70,175,167
72,175,167
72,175,167
72,175,167
72,175,167
72,175,167
72,175,167
72,175,167
72,175,167
72,175,167
72,175,167
72,175,167
72,175,167
72,175,167
72,175,167
72,175,167
72,175,167
72,175,167
72,175,167
72,175,167
72,175,167
72,175,167
72,175,167
72,175,167
72,175,167
72,175,167
72,176,167
72,176,167
72,176,167
72,176,167
72,176,167
72,176,168
72,176,168
72,176,168
73,176,168
73,176,168
72,176,167
72,176,167
72,176,167
72,176,167
72,176,167
72,176,168
72,176,168
72,176,168
73,176,169
73,176,169
72,176,168
72,176,168
72,176,167
72,175,167
72,175,167
72,175,167
72,175,167
72,175,167
72,175,167
72,175,167
72,175,167
72,175,167
72,175,167
72,175,167
72,175,167
72,175,167
72,176,167
72,176,167
72,176,168
72,176,167
73,176,168
73,176,168
73,176,168
73,176,168
73,176,169
73,176,169
73,176,169
73,176,169
73,176,168
73,176,168
73,176,168
73,176,168
73,176,168
73,176,168
73,176,168
72,176,167
72,176,167
72,176,167
72,175,167
72,175,167
72,175,167
72,175,167
72,175,167
71,175,168
70,174,168
70,174,168
70,174,168
70,174,168
70,174,168
70,174,168
70,174,168
70,174,168
70,174,168
70,174,168
70,174,168
70,174,168
70,174,168
69,174,167
69,174,167
70,174,167
70,174,167
70,174,167
70,174,167
70,174,167
70,174,167
70,174,167
71,175,168
71,175,168
70,174,168
70,174,168
70,174,168
70,174,168
71,175,168
71,175,168
71,175,168
72,175,167
72,175,167
72,175,167
72,175,167
72,175,167
72,175,167
72,175,167
72,175,167
72,175,167
72,175,167
72,175,167
72,175,167
72,175,167
72,175,167
72,175,167
72,175,167
72,175,167
72,175,167
72,175,167
72,175,167
72,175,167
71,175,168
71,175,168
71,175,168
71,175,168
70,175,168
70,175,168
70,175,167
70,175,167
70,175,167
70,175,167
71,175,168
72,175,167
72,175,167
72,175,167
72,175,167
72,175,167
72,175,167
72,175,167
72,175,167
72,175,167
72,175,167
72,175,167
72,175,167
72,175,167
72,175,167
72,175,167
72,175,167
72,175,167
72,175,167
72,175,167
72,175,167
72,175,167
72,175,167
72,176,167
72,176,167
72,176,167
72,176,167
72,176,167
72,176,167
72,176,167
72,176,167
73,176,168
73,176,168
73,176,168
73,176,168
73,176,168
73,176,168
73,176,168
72,176,167
72,176,167
72,176,167
73,176,169
73,176,169
73,176,169
73,176,169
73,176,169
73,176,169
73,176,169
72,176,168
72,175,167
72,175,167
72,175,167
72,175,167
72,175,167
72,175,167
72,175,167
72,175,167
72,175,167
72,175,167
72,175,167
72,175,167
72,175,167
72,175,167
72,176,167
72,176,167
72,176,167
73,176,168
73,176,168
73,176,168
73,176,168
73,176,169
73,176,169
73,176,169
73,176,169
73,176,168
73,176,168
73,176,168
73,176,168
73,176,168
73,176,168
72,176,167
72,176,167
72,176,167
72,176,167
72,175,167
72,175,167
72,175,167
72,175,167
72,175,167
71,175,168
71,175,168
70,174,168
70,174,168
70,174,168
70,174,168
70,174,168
70,174,168
70,174,168
70,174,168
70,174,168
70,174,168
70,174,168
70,174,168
69,174,167
70,174,167
70,174,167
70,174,167
70,174,167
70,174,167
70,174,167
70,174,167
70,174,167
70,174,167
72,175,167
72,175,167
71,175,168
70,174,168
70,174,168
70,174,168
70,175,168
70,175,168
71,175,168
71,175,168
72,175,167
72,175,167
72,175,167
72,175,167
72,175,167
72,175,167
72,175,167
72,175,167
72,175,167
72,175,167
72,175,167
72,175,167
72,175,167
72,175,167
72,175,167
72,175,167
72,175,167
72,175,167
72,175,167
72,175,167
72,175,167
72,175,167
72,175,167
71,175,168
71,175,168
71,175,168
71,175,168
70,175,167
70,175,167
70,175,167
72,175,167
72,175,167
72,175,167
72,175,167
72,175,167
72,175,167
72,175,167
72,175,167
72,175,167
72,175,167
72,175,167
72,175,167
72,175,167
72,175,167
72,175,167
72,175,167
72,175,167
72,175,167
72,175,167
72,175,167
72,175,167
72,175,167
72,176,167
72,176,167
72,176,167
72,176,167
72,176,167
72,176,167
72,176,167
72,176,167
72,176,167
72,176,167
73,176,168
73,176,168
73,176,168
73,176,168
73,176,168
73,176,168
73,176,168
72,176,167
72,176,167
72,176,168
73,176,169
73,176,169
73,176,169
73,176,169
73,176,169
73,176,169
73,176,169
73,176,169
72,176,167
72,175,167
72,175,167
72,175,167
72,175,167
72,175,167
72,175,167
72,175,167
72,175,167
72,175,167
72,175,167
72,175,167
72,175,167
72,175,167
72,175,167
72,176,167
72,176,167
72,176,167
73,176,168
73,176,168
73,176,168
73,176,169
73,176,169
73,176,169
73,176,169
73,176,168
73,176,168
73,176,168
73,176,168
73,176,168
73,176,168
72,176,167
72,176,167
72,176,167
72,176,167
72,175,167
72,175,167
72,175,167
72,175,167
72,175,167
72,175,167
71,175,168
71,175,168
70,174,168
70,174,168
70,174,168
70,174,168
70,174,168
70,174,168
70,174,168
70,174,168
70,174,168
70,174,168
70,174,168
69,174,167
70,174,167
70,174,167
70,174,167
70,174,167
70,174,167
70,174,167
70,174,167
70,174,167
70,174,167
70,174,167
72,175,167
72,175,167
72,175,167
71,175,168
70,175,168
70,174,168
70,174,168
70,175,167
70,175,167
71,175,168
71,175,168
72,175,167
72,175,167
72,175,167
72,175,167
72,175,167
72,175,167
72,175,167
72,175,167
72,175,167
72,175,167
72,175,167
72,175,167
72,175,167
72,175,167
72,175,167
72,175,167
72,175,167
72,175,167
72,175,167
72,175,167
72,175,167
72,175,167
72,175,167
72,175,167
72,175,167
72,175,167
72,175,167
72,175,167
72,175,167
72,175,167
72,175,167
72,175,167
72,175,167
72,175,167
72,176,168
72,176,168
72,176,168
72,175,167
72,175,167
72,175,167
72,175,167
72,175,167
72,175,167
72,175,167
72,175,167
72,175,167
72,175,167
72,175,167
72,175,167
72,175,167
72,175,167
72,175,167
72,176,167
72,176,167
72,176,167
72,176,168
72,176,168
72,176,167
72,176,168
72,176,168
72,176,168
73,176,169
73,176,169
73,176,169
73,176,168
73,176,168
73,176,168
73,176,168
73,176,169
73,176,169
72,176,168
73,176,169
73,176,169
73,176,169
73,176,169
73,176,169
73,176,169
73,176,169
73,176,169
73,176,169
72,176,168
72,176,167
72,175,167
72,175,167
72,175,167
72,175,167
72,175,167
72,175,167
72,175,167
72,175,167
72,175,167
72,175,167
72,175,167
72,175,167
72,175,167
72,175,167
72,176,167
72,176,167
72,176,167
73,176,168
73,176,168
73,176,168
73,176,169
73,176,169
73,176,168
73,176,168
73,176,168
73,176,168
73,176,168
73,176,168
73,176,168
72,176,167
72,176,167
72,176,167
72,176,167
72,176,167
72,175,167
72,175,167
72,175,167
72,175,167
72,175,167
72,175,167
72,175,167
72,175,167
72,175,167
70,175,167
70,175,167
70,174,168
70,174,168
70,174,168
70,174,168
70,174,168
70,174,168
70,174,168
70,174,167
70,174,167
70,174,167
70,174,167
70,174,167
70,174,167
70,174,167
70,174,167
70,174,167
70,174,168
70,174,167
70,174,167
72,175,167
72,175,167
72,175,167
72,175,167
71,175,168
70,175,168
70,175,168
70,175,168
71,175,167
71,175,167
71,175,167
71,175,168
72,175,167
72,175,167
72,175,167
72,175,167
72,175,167
72,175,167
72,175,167
72,175,167
72,175,167
72,175,167
72,175,167
72,175,167
72,175,167
72,175,167
72,175,167
72,175,167
72,175,167
72,175,167
72,175,167
72,175,167
72,175,167
72,175,167
72,175,167
72,175,167
72,175,167
72,175,167
72,175,167
72,175,167
72,175,167
72,175,167
72,175,167
72,175,167
72,175,167
72,175,167
72,176,168
72,176,168
72,176,168
72,175,167
72,175,167
72,175,167
72,175,167
72,175,167
72,175,167
72,175,167
72,175,167
72,175,167
72,175,167
72,175,167
72,175,167
72,175,167
72,175,167
72,175,167
72,176,167
72,176,167
72,176,167
72,176,167
72,176,167
72,176,168
72,176,168
72,176,168
72,176,168
73,176,169
73,176,169
73,176,169
73,176,169
73,176,168
73,176,169
73,176,169
73,176,169
73,176,169
73,176,169
73,176,169
73,176,169
73,176,169
73,176,169
73,176,169
73,176,169
73,176,169
73,176,169
72,176,168
72,176,168
72,176,167
72,175,167
72,175,167
72,175,167
72,175,167
72,175,167
72,175,167
72,175,167
72,175,167
72,175,167
72,175,167
72,175,167
72,175,167
72,175,167
72,175,167
72,175,167
72,176,167
72,176,167
73,176,168
73,176,168
73,176,168
73,176,169
73,176,169
73,176,168
73,176,168
73,176,168
73,176,168
73,176,168
73,176,168
73,176,168
72,176,168
72,176,167
72,176,168
72,176,168
72,176,168
72,175,167
72,175,167
72,175,167
72,175,167
72,175,167
72,175,167
72,175,167
72,175,167
72,175,167
72,175,167
70,175,167
70,175,167
70,175,167
70,174,168
70,174,168
70,174,168
70,174,168
70,174,167
70,174,167
70,174,167
70,174,167
70,174,167
70,174,167
70,174,167
70,174,167
70,174,167
70,174,167
70,174,167
70,174,167
70,174,168
70,174,167
72,175,167
72,175,167
72,175,167
72,175,167
71,175,168
71,175,168
70,175,168
70,175,168
70,175,167
71,175,167
71,175,167
71,175,167
71,175,168
72,175,167
72,175,167
72,175,167
72,175,167
72,175,167
72,175,167
72,175,167
72,175,167
72,175,167
72,175,167
72,175,167
72,175,167
72,175,167
72,175,167
72,175,167
72,175,167
72,175,167
72,175,167
72,175,167
72,175,167
72,175,167
72,175,167
72,175,167
72,175,167
72,175,167
72,175,167
72,175,167
72,175,167
72,175,167
72,175,167
72,175,167
72,175,167
72,175,167
72,176,168
72,176,168
72,176,168
72,176,168
72,176,168
72,176,167
72,175,167
72,175,167
72,175,167
72,175,167
72,175,167
72,175,167
72,175,167
72,175,167
72,175,167
72,175,167
72,175,167
72,175,167
72,175,167
72,176,167
72,176,167
72,176,167
72,176,167
72,176,167
72,176,168
72,176,168
72,176,168
73,176,169
73,176,169
73,176,169
73,176,169
73,176,169
73,176,169
73,176,169
73,176,169
73,176,169
73,176,169
73,176,169
73,176,169
73,176,169
73,176,169
73,176,169
73,176,169
73,176,169
73,176,169
73,176,169
73,176,169
72,176,168
72,176,168
72,176,168
72,176,168
72,176,168
72,176,168
72,175,167
72,175,167
72,175,167
72,175,167
72,176,168
72,176,168
72,176,167
72,175,167
72,175,167
72,175,167
72,175,167
72,176,167
72,176,167
72,176,168
73,176,168
73,176,168
73,176,168
73,176,168
73,176,168
73,176,168
73,176,168
73,176,168
73,176,168
73,176,168
73,176,168
73,176,168
72,176,168
72,176,168
72,176,168
72,176,168
72,176,167
72,175,167
72,175,167
72,175,167
72,175,167
72,175,167
72,175,167
72,175,167
72,175,167
72,175,167
72,175,167
71,175,168
70,175,167
70,175,167
70,174,168
70,174,168
70,174,168
70,174,168
70,174,167
70,174,167
70,174,167
70,174,167
70,174,167
70,174,167
70,174,167
70,174,167
70,174,167
70,174,167
70,174,167
70,174,168
70,174,167
69,173,167
72,175,167
72,175,167
72,175,167
71,175,168
71,175,168
71,175,168
71,175,168
70,175,167
70,175,167
70,175,167
71,175,167
72,175,167
72,175,167
72,175,167
72,175,167
72,175,167
72,175,167
72,175,167
72,175,167
72,175,167
72,175,167
72,175,167
72,175,167
72,175,167
72,175,167
72,175,167
72,175,167
72,175,167
72,175,167
72,175,167
72,175,167
72,175,167
72,175,167
72,175,167
72,175,167
72,175,167
72,175,167
72,175,167
72,175,167
72,175,167
72,175,167
72,175,167
72,175,167
72,175,167
72,175,167
72,176,167
72,176,168
72,176,168
72,176,168
72,176,168
72,176,168
72,176,167
72,176,167
72,176,167
72,176,168
72,176,168
72,176,168
72,176,167
72,175,167
72,175,167
72,175,167
72,175,167
72,175,167
72,175,167
72,175,167
72,176,167
72,176,167
72,176,167
72,176,167
72,176,168
72,176,168
72,176,168
73,176,169
73,176,169
73,176,169
73,176,169
73,176,169
74,176,169
74,176,169
74,176,169
73,176,169
73,176,169
73,176,169
73,176,169
73,176,169
73,176,169
73,176,169
73,176,169
73,176,169
73,176,169
73,176,169
73,176,169
72,176,168
72,176,168
72,176,168
72,176,168
72,176,168
72,176,168
72,176,168
72,175,167
72,175,167
72,175,167
72,176,167
72,176,168
72,176,167
72,176,167
72,175,167
72,175,167
72,175,167
72,175,167
72,176,167
72,176,168
72,176,168
72,176,168
73,176,168
73,176,168
73,176,168
73,176,168
73,176,168
73,176,168
73,176,168
73,176,168
73,176,168
73,176,168
73,176,168
73,176,168
72,176,168
72,176,168
72,176,168
72,176,167
72,175,167
72,175,167
72,175,167
72,176,167
72,176,167
72,176,167
72,175,167
72,175,167
72,175,167
72,175,167
72,175,167
72,175,167
70,175,167
70,175,167
70,175,168
70,174,168
70,174,168
69,174,167
69,174,167
69,174,167
69,174,167
69,174,167
69,174,167
69,174,167
70,174,167
70,174,167
70,174,167
70,174,167
70,174,167
70,174,167
70,174,167
72,175,167
72,175,167
72,175,167
72,175,167
72,175,167
71,175,168
71,175,168
71,175,168
71,175,168
72,175,167
72,175,167
72,175,167
72,175,167
72,175,167
72,175,167
72,175,167
72,175,167
72,175,167
72,175,167
72,175,167
72,175,167
72,175,167
72,175,167
72,175,167
72,175,167
72,175,167
72,175,167
72,175,167
72,175,167
72,175,167
72,175,167
72,175,167
72,175,167
72,175,167
72,175,167
72,175,167
72,175,167
72,175,167
72,175,167
72,175,167
72,175,167
72,175,167
72,175,167
72,175,167
72,176,167
72,176,167
72,176,167
72,176,168
72,176,168
72,176,168
72,176,168
72,176,167
72,176,167
72,176,167
72,176,167
72,176,168
72,176,168
72,176,168
72,176,167
72,175,167
72,175,167
72,175,167
72,175,167
72,175,167
72,175,167
72,175,167
72,176,167
72,176,167
72,176,167
72,176,168
72,176,168
72,176,168
72,176,168
73,176,169
73,176,169
73,176,169
73,176,169
73,176,169
74,176,169
74,176,169
74,176,169
73,176,169
73,176,169
73,176,169
73,176,169
73,176,169
73,176,169
73,176,169
73,176,169
73,176,169
73,176,169
73,176,169
73,176,169
72,176,168
72,176,168
72,176,168
72,176,168
72,176,168
72,176,168
72,176,168
72,176,168
72,175,167
72,176,167
72,176,167
72,176,167
72,176,167
72,176,167
72,175,167
72,175,167
72,175,167
72,175,167
72,176,167
72,176,168
72,176,168
72,176,168
73,176,168
73,176,168
73,176,168
73,176,169
73,176,169
73,176,169
73,176,168
73,176,168
73,176,168
73,176,168
73,176,168
73,176,168
73,176,168
72,176,168
72,176,168
72,176,167
72,175,167
72,175,167
72,175,167
72,176,167
72,176,167
72,176,167
72,175,167
72,175,167
72,175,167
72,175,167
72,175,167
72,175,167
72,175,167
71,175,168
71,175,168
71,175,168
71,175,168
70,174,168
71,175,168
70,174,168
70,174,168
70,174,168
70,174,168
70,174,168
70,174,167
70,174,167
70,174,167
70,174,167
70,174,167
70,174,167
70,174,167
70,174,167
72,175,167
72,175,167
72,175,167
72,175,167
72,175,167
72,175,167
72,175,167
72,175,167
72,175,167
72,175,167
72,175,167
72,175,167
72,175,167
72,175,167
72,175,167
72,175,167
72,175,167
72,175,167
72,175,167
72,175,167
72,175,167
72,175,167
72,175,167
72,175,167
72,175,167
72,175,167
72,175,167
72,175,167
72,175,167
72,175,167
72,175,167
72,175,167
72,175,167
72,175,167
72,175,167
72,175,167
72,175,167
72,175,167
72,175,167
72,175,167
72,175,167
72,175,167
72,175,167
72,175,167
72,176,168
72,176,168
72,176,168
72,176,168
73,176,168
73,176,168
73,176,168
72,176,168
72,176,168
72,176,167
72,176,167
73,176,168
73,176,168
73,176,168
72,176,168
72,176,167
72,176,167
72,175,167
72,175,167
72,175,167
72,175,167
72,175,167
72,175,167
72,175,167
72,176,167
72,176,168
72,176,168
72,176,168
72,176,168
72,176,168
72,176,168
73,176,169
73,176,169
73,176,169
74,176,169
74,176,169
74,176,169
74,176,169
73,176,169
73,176,169
73,176,169
73,176,169
73,176,169
73,176,169
73,176,169
73,176,169
73,176,169
73,176,169
73,176,169
73,176,169
72,176,168
72,176,168
72,176,168
72,176,168
72,176,168
72,176,168
72,176,168
72,176,168
72,176,168
72,176,168
72,176,168
72,176,167
72,176,167
72,176,167
72,176,167
72,176,167
72,175,167
72,176,167
72,176,168
72,176,168
72,176,168
72,176,168
72,176,168
73,176,168
73,176,169
73,176,169
73,176,169
73,176,169
73,176,169
73,176,168
73,176,168
74,176,169
74,176,169
74,176,169
73,176,168
73,176,168
72,176,168
72,176,167
72,175,167
72,175,167
72,175,167
72,176,167
72,176,167
72,176,167
72,175,167
72,175,167
72,175,167
72,175,167
72,175,167
72,175,167
72,175,167
72,175,167
72,175,167
72,175,167
71,175,168
71,175,168
71,175,168
71,175,168
71,175,168
70,174,168
70,174,168
70,174,168
70,174,168
70,174,168
70,174,167
70,174,167
70,174,167
70,174,167
70,174,167
70,174,167
70,174,167
71,175,168
72,175,167
72,175,167
72,175,167
72,175,167
72,175,167
72,175,167
72,175,167
72,175,167
72,175,167
72,175,167
72,175,167
72,175,167
72,175,167
72,175,167
72,175,167
72,175,167
72,175,167
72,175,167
72,175,167
72,175,167
72,175,167
72,175,167
72,175,167
72,175,167
72,175,167
72,175,167
72,175,167
72,175,167
72,175,167
72,175,167
72,175,167
72,175,167
72,175,167
72,175,167
72,175,167
72,175,167
72,175,167
72,175,167
72,175,167
72,175,167
72,175,167
72,175,167
72,176,168
72,176,168
72,176,168
72,176,168
73,176,168
73,176,168
73,176,168
73,176,168
73,176,168
73,176,168
73,176,169
73,176,169
73,176,169
73,176,169
73,176,169
73,176,169
72,176,168
72,176,168
72,175,167
72,175,167
72,175,167
72,175,167
72,175,167
72,175,167
72,175,167
72,176,168
72,176,168
72,176,168
72,176,168
72,176,168
72,176,168
72,176,168
72,176,168
73,176,169
73,176,169
73,176,169
74,176,169
74,176,169
73,176,169
73,176,169
73,176,169
73,176,169
73,176,169
73,176,169
73,176,169
73,176,169
73,176,169
73,176,169
73,176,169
73,176,169
73,176,169
72,176,168
73,176,169
73,176,169
73,176,169
73,176,169
73,176,168
73,176,168
73,176,168
73,176,168
73,176,168
72,176,168
72,176,167
72,176,167
72,176,167
72,176,167
72,176,168
72,176,168
72,176,168
72,176,168
72,176,168
72,176,168
72,176,168
72,176,168
73,176,168
73,176,169
73,176,169
73,176,169
73,176,169
73,176,169
73,176,169
74,176,169
74,176,169
74,176,169
74,176,169
74,176,169
73,176,168
73,176,168
72,176,167
72,176,167
72,176,167
72,175,167
72,176,167
72,176,167
72,176,167
72,175,167
72,175,167
72,175,167
72,175,167
72,175,167
72,175,167
72,175,167
72,175,167
72,175,167
72,175,167
72,175,167
72,175,167
71,175,168
71,175,168
71,175,168
71,175,168
70,174,168
70,174,168
70,174,168
70,174,168
70,174,168
70,174,167
70,174,167
70,174,167
70,174,167
70,174,167
70,174,167
70,175,168
71,175,168
72,175,167
72,175,167
72,175,167
72,175,167
72,175,167
72,175,167
72,175,167
72,175,167
72,175,167
72,175,167
72,175,167
72,175,167
72,175,167
72,175,167
72,175,167
72,175,167
72,175,167
72,175,167
72,175,167
72,175,167
72,175,167
72,175,167
72,175,167
72,175,167
72,175,167
72,175,167
72,175,167
72,175,167
72,175,167
72,175,167
72,175,167
72,175,167
72,175,167
72,175,167
72,175,167
72,175,167
72,175,167
72,175,167
72,175,167
72,175,167
72,175,167
72,175,167
72,176,168
72,176,168
72,176,168
73,176,168
73,176,168
73,176,168
73,176,168
73,176,168
73,176,168
73,176,169
73,176,169
73,176,169
73,176,169
73,176,169
73,176,169
73,176,169
72,176,168
72,176,168
72,176,168
72,176,167
72,175,167
72,175,167
72,175,167
72,175,167
72,175,167
72,176,167
72,176,168
72,176,168
72,176,168
72,176,168
72,176,168
72,176,168
72,176,168
73,176,169
73,176,169
73,176,169
73,176,169
73,176,169
73,176,169
73,176,169
73,176,169
73,176,169
73,176,169
73,176,169
73,176,169
73,176,169
73,176,169
73,176,169
73,176,169
73,176,169
72,176,168
72,176,168
72,176,168
73,176,169
73,176,169
74,176,169
73,176,168
73,176,168
73,176,168
73,176,168
73,176,168
73,176,168
73,176,168
73,176,168
73,176,168
72,176,168
72,176,168
72,176,168
72,176,168
72,176,168
72,176,168
72,176,168
73,176,168
73,176,168
73,176,168
73,176,169
73,176,169
73,176,169
73,176,169
73,176,169
73,176,169
73,176,169
74,176,169
74,176,169
74,176,169
73,176,168
73,176,168
73,176,168
72,176,167
72,176,167
72,176,167
72,176,167
72,176,167
72,176,167
72,175,167
72,175,167
72,175,167
72,175,167
72,175,167
72,175,167
72,175,167
72,175,167
72,175,167
72,175,167
72,175,167
72,175,167
72,175,167
72,175,167
71,175,168
71,175,168
71,175,168
71,175,168
70,174,168
70,174,168
70,174,168
70,174,168
70,174,167
70,174,167
70,174,167
70,174,167
70,174,167
70,174,167
70,174,167
70,175,168
70,175,168
71,175,168
72,175,167
72,175,167
72,175,167
72,175,167
72,175,167
72,175,167
72,175,167
72,175,167
72,175,167
72,175,167
72,175,167
72,175,167
72,175,167
72,175,167
72,175,167
72,175,167
72,175,167
72,175,167
72,175,167
72,175,167
72,175,167
72,175,167
72,175,167
72,175,167
72,175,167
72,175,167
72,175,167
72,175,167
72,175,167
72,175,167
72,175,167
72,175,167
72,175,167
72,175,167
72,175,167
72,175,167
72,175,167
72,175,167
72,175,167
72,175,167
72,175,167
72,175,167
72,176,168
72,176,168
72,176,168
73,176,168
73,176,168
73,176,168
73,176,168
73,176,169
73,176,169
73,176,169
73,176,169
73,176,169
73,176,169
73,176,169
73,176,169
73,176,169
72,176,168
72,176,168
72,176,168
72,176,167
72,176,167
72,176,167
72,176,167
72,176,167
72,176,167
72,176,167
72,176,167
72,176,167
72,176,167
72,176,167
72,176,167
72,176,168
72,176,168
73,176,169
73,176,169
73,176,169
73,176,169
73,176,169
73,176,169
73,176,169
73,176,169
73,176,169
73,176,169
73,176,169
73,176,169
73,176,169
73,176,169
73,176,169
73,176,169
73,176,169
72,176,168
72,176,168
72,176,168
73,176,169
73,176,169
74,176,169
73,176,168
73,176,168
73,176,168
73,176,168
73,176,168
73,176,168
73,176,168
73,176,169
73,176,168
73,176,168
73,176,168
73,176,168
73,176,168
73,176,168
73,176,168
73,176,168
73,176,168
73,176,168
73,176,169
73,176,169
73,176,169
73,176,169
73,176,169
73,176,169
73,176,169
73,176,169
73,176,169
74,176,169
74,176,169
73,176,168
73,176,169
73,176,168
73,176,168
73,176,168
72,176,167
72,176,167
72,176,167
72,175,167
72,175,167
72,175,167
72,175,167
72,175,167
72,175,167
72,175,167
72,175,167
72,175,167
72,175,167
72,175,167
72,175,167
72,175,167
72,175,167
72,175,167
71,175,168
71,175,168
71,175,168
71,175,168
70,174,168
70,174,168
70,174,168
70,174,168
70,174,168
70,174,167
70,174,167
70,174,167
70,174,167
70,174,167
70,174,167
70,174,167
70,175,168
71,175,168
71,175,168
71,175,168
72,175,167
72,175,167
72,175,167
72,175,167
72,175,167
72,175,167
72,175,167
72,175,167
72,175,167
72,175,167
72,175,167
72,175,167
72,175,167
72,175,167
72,175,167
72,175,167
72,175,167
72,175,167
72,175,167
72,175,167
72,175,167
72,175,167
72,175,167
72,175,167
72,175,167
71,175,168
71,175,168
71,175,168
72,175,167
72,175,167
72,175,167
72,176,168
72,175,167
72,175,167
72,175,167
72,175,167
72,175,167
72,175,167
72,175,167
72,175,167
72,175,167
72,176,168
72,176,168
72,176,168
73,176,168
73,176,168
73,176,168
73,176,168
73,176,169
73,176,169
73,176,169
73,176,169
73,176,169
73,176,169
73,176,169
73,176,169
73,176,169
73,176,169
72,176,168
72,176,168
72,176,167
72,176,167
72,176,167
72,176,167
72,176,167
72,176,167
72,176,167
72,176,167
72,176,167
72,176,167
72,176,167
72,176,167
72,176,168
72,176,168
72,176,168
72,176,168
73,176,169
73,176,169
73,176,169
73,176,169
73,176,169
73,176,169
73,176,169
73,176,169
73,176,168
73,176,169
73,176,169
73,176,169
73,176,169
73,176,169
73,176,169
72,176,168
72,176,168
72,176,168
72,176,168
73,176,169
74,176,169
73,176,168
73,176,168
73,176,168
73,176,168
73,176,168
73,176,168
73,176,168
73,176,169
73,176,168
73,176,168
73,176,168
73,176,168
73,176,168
73,176,168
73,176,168
73,176,168
73,176,168
73,176,168
73,176,168
73,176,169
73,176,169
73,176,169
73,176,169
73,176,169
73,176,169
73,176,169
73,176,169
73,176,168
73,176,168
73,176,168
73,176,169
73,176,168
73,176,168
73,176,168
73,176,168
72,176,168
72,176,167
72,176,167
72,175,167
72,175,167
72,175,167
72,175,167
72,175,167
72,175,167
72,175,167
72,175,167
72,175,167
72,175,167
72,175,167
72,175,167
72,175,167
72,175,167
71,175,168
71,175,168
71,175,168
71,175,168
71,175,168
70,174,168
70,174,168
70,174,168
70,174,168
70,174,168
70,174,167
70,174,167
70,174,167
70,174,167
70,174,167
70,174,167
70,175,167
71,175,168
71,175,168
71,175,168
71,175,168
71,175,168
72,175,167
72,175,167
72,175,167
72,175,167
72,175,167
71,175,168
71,175,168
71,175,168
72,175,167
72,175,167
72,175,167
72,175,167
71,175,168
71,175,168
71,175,168
72,175,167
72,175,167
72,175,167
72,175,167
72,175,167
72,175,167
72,175,167
72,175,167
72,175,167
72,175,167
72,175,167
72,175,167
72,175,167
72,175,167
72,175,167
72,176,168
72,175,167
72,175,167
72,175,167
72,175,167
72,175,167
72,175,167
72,175,167
72,175,167
72,175,167
72,176,168
72,176,168
72,176,168
73,176,168
73,176,168
73,176,168
73,176,169
73,176,169
73,176,169
73,176,169
73,176,169
73,176,169
73,176,169
73,176,169
73,176,169
73,176,169
73,176,169
73,176,169
72,176,168
72,176,168
72,176,167
72,176,167
72,176,167
73,176,168
73,176,168
72,176,167
72,176,167
72,176,167
72,176,167
72,176,167
72,176,167
72,176,167
72,176,168
72,176,168
72,176,168
73,176,169
73,176,169
72,176,168
72,176,168
72,176,168
72,176,168
72,176,167
73,176,168
73,176,168
73,176,168
73,176,168
73,176,169
73,176,169
73,176,169
73,176,169
73,176,169
73,176,169
72,176,168
73,176,169
73,176,169
73,176,168
73,176,168
73,176,168
73,176,168
73,176,168
73,176,168
73,176,168
73,176,169
73,176,169
73,176,169
73,176,169
73,176,169
73,176,168
73,176,168
73,176,168
73,176,168
73,176,168
73,176,168
73,176,168
73,176,169
73,176,169
73,176,169
73,176,169
72,176,168
72,176,168
73,176,169
73,176,169
73,176,169
73,176,169
73,176,169
73,176,169
73,176,169
73,176,169
73,176,169
73,176,168
73,176,168
73,176,168
73,176,168
72,176,168
72,175,167
72,175,167
72,175,167
72,175,167
72,175,167
72,175,167
72,175,167
72,175,167
72,175,167
72,175,167
72,175,167
72,175,167
72,176,167
72,176,167
71,175,168
71,175,168
71,175,168
71,175,168
71,175,168
70,175,168
70,174,168
70,174,168
70,174,168
70,174,168
70,174,168
70,174,168
70,174,168
70,174,168
70,174,168
70,174,168
70,174,168
70,175,167
72,175,167
71,175,168
71,175,168
71,175,168
71,175,168
71,175,168
72,175,167
72,175,167
72,175,167
72,175,167
72,175,167
71,175,168
71,175,168
71,175,168
72,175,167
72,175,167
72,175,167
72,175,167
71,175,168
71,175,168
71,175,168
72,175,167
72,175,167
72,175,167
72,175,167
72,175,167
72,175,167
72,175,167
72,175,167
72,175,167
72,175,167
72,175,167
72,175,167
72,175,167
72,175,167
72,175,167
72,176,168
72,175,167
72,175,167
72,175,167
72,175,167
72,175,167
72,175,167
72,175,167
72,175,167
72,175,167
72,176,168
72,176,168
72,176,168
73,176,168
73,176,168
73,176,169
73,176,169
73,176,169
73,176,169
73,176,169
73,176,169
73,176,169
73,176,169
73,176,169
73,176,169
73,176,169
73,176,169
73,176,169
73,176,169
73,176,169
73,176,168
73,176,168
73,176,168
73,176,168
73,176,168
73,176,168
73,176,168
72,176,167
72,176,167
72,176,167
72,176,167
72,176,167
72,176,167
72,176,167
72,176,168
72,176,168
72,176,168
72,176,168
73,176,169
73,176,169
73,176,168
73,176,168
73,176,168
73,176,168
73,176,168
73,176,168
73,176,169
73,176,169
73,176,169
73,176,169
73,176,169
73,176,169
72,176,168
72,176,168
73,176,169
73,176,169
73,176,168
73,176,168
73,176,168
73,176,168
73,176,168
73,176,168
73,176,169
73,176,169
73,176,169
73,176,169
73,176,169
73,176,168
73,176,168
73,176,168
73,176,168
73,176,168
73,176,168
73,176,169
73,176,169
73,176,169
73,176,169
73,176,169
73,176,169
73,176,169
73,176,169
73,176,169
73,176,169
73,176,169
73,176,169
73,176,169
73,176,169
73,176,169
73,176,169
73,176,169
73,176,168
73,176,168
73,176,168
73,176,168
72,176,168
72,176,167
72,175,167
72,175,167
72,175,167
72,175,167
72,175,167
72,175,167
72,175,167
72,175,167
72,175,167
72,175,167
72,176,167
71,175,167
71,175,167
71,175,167
72,175,167
72,175,167
72,175,167
71,175,168
70,174,168
70,174,168
70,174,168
70,174,168
70,174,168
70,174,168
70,174,168
70,174,168
70,174,168
70,174,168
70,174,168
70,174,168
72,175,167
72,175,167
72,175,167
72,175,167
72,175,167
72,175,167
71,175,168
72,175,167
72,175,167
72,175,167
72,175,167
72,175,167
71,175,168
71,175,168
71,175,168
72,175,167
72,175,167
72,175,167
72,175,167
72,175,167
71,175,168
71,175,168
72,175,167
72,175,167
72,175,167
72,175,167
72,175,167
72,175,167
72,175,167
72,175,167
72,175,167
72,175,167
72,175,167
72,175,167
72,175,167
72,175,167
72,175,167
72,175,167
72,175,167
72,175,167
72,175,167
72,175,167
72,175,167
72,175,167
72,175,167
72,175,167
72,175,167
72,176,167
72,176,167
72,176,167
73,176,168
73,176,169
73,176,169
73,176,169
73,176,169
73,176,169
73,176,169
73,176,169
73,176,169
73,176,169
73,176,169
73,176,169
73,176,169
73,176,169
73,176,169
73,176,169
73,176,169
73,176,169
73,176,168
73,176,168
73,176,168
73,176,168
73,176,168
73,176,168
73,176,168
72,176,167
72,176,167
72,176,167
72,176,167
72,176,167
72,176,167
72,176,167
73,176,168
73,176,168
73,176,168
73,176,168
73,176,168
73,176,168
73,176,168
73,176,168
73,176,168
73,176,168
73,176,169
73,176,169
73,176,169
73,176,169
73,176,169
73,176,169
73,176,169
72,176,168
72,176,168
73,176,169
73,176,169
73,176,168
73,176,168
73,176,168
73,176,168
73,176,168
73,176,168
73,176,169
73,176,169
73,176,169
73,176,169
73,176,169
74,177,170
74,177,170
74,177,170
74,177,170
74,177,169
74,177,169
73,176,169
73,176,169
73,176,169
73,176,169
73,176,169
73,176,169
73,176,169
73,176,169
73,176,169
73,176,169
73,176,169
73,176,169
73,176,169
73,176,169
73,176,169
73,176,169
73,176,169
73,176,169
73,176,168
73,176,168
73,176,168
73,176,168
72,176,167
72,176,167
72,176,167
72,176,167
72,176,167
72,176,167
72,176,167
72,176,167
72,175,167
72,175,167
72,175,167
72,175,167
72,175,167
72,175,167
72,175,167
72,175,167
72,176,168
72,175,167
72,175,167
70,175,167
70,174,168
70,174,168
70,174,168
70,174,168
70,174,168
70,174,168
70,174,168
70,174,168
70,174,168
70,174,168
70,174,168
72,175,167
72,175,167
72,175,167
72,175,167
72,175,167
72,175,167
72,175,167
72,175,167
72,175,167
72,175,167
72,175,167
72,175,167
72,175,167
71,175,168
71,175,168
71,175,168
72,175,167
72,175,167
72,175,167
72,175,167
72,175,167
72,175,167
72,175,167
72,175,167
72,175,167
72,175,167
72,175,167
72,175,167
72,175,167
72,175,167
72,175,167
72,175,167
72,175,167
72,175,167
72,175,167
72,175,167
72,175,167
72,175,167
72,175,167
72,175,167
72,175,167
72,175,167
72,175,167
72,175,167
72,175,167
72,175,167
72,175,167
72,175,167
72,176,167
72,176,167
72,176,167
72,176,167
73,176,169
73,176,169
73,176,169
73,176,169
73,176,169
73,176,169
73,176,169
73,176,169
73,176,169
73,176,169
73,176,169
73,176,169
73,176,169
73,176,169
73,176,169
73,176,169
73,176,169
73,176,169
73,176,168
73,176,168
73,176,168
73,176,168
73,176,168
73,176,168
73,176,168
72,176,167
72,176,167
72,176,167
72,176,167
72,176,167
72,176,167
73,176,168
73,176,168
73,176,168
73,176,168
73,176,168
73,176,168
73,176,168
73,176,168
73,176,169
73,176,169
73,176,169
73,176,169
73,176,169
73,176,169
73,176,169
73,176,169
73,176,169
72,176,168
72,176,168
72,176,168
73,176,169
73,176,168
72,177,168
73,176,168
73,176,168
73,176,168
73,176,168
73,176,169
73,176,169
73,176,169
73,176,169
74,177,170
74,177,170
74,177,170
74,177,170
74,177,169
74,177,169
74,177,169
74,177,169
74,177,169
73,176,168
73,176,169
73,176,169
73,176,169
73,176,169
73,176,169
73,176,169
73,176,169
73,176,169
73,176,169
73,176,169
73,176,169
73,176,169
73,176,169
73,176,169
73,176,169
73,176,169
73,176,168
73,176,168
73,176,168
73,176,168
73,176,168
72,176,167
72,176,167
72,176,167
72,176,167
72,176,167
72,176,167
72,176,167
72,176,167
72,175,167
72,175,167
72,175,167
72,176,168
72,176,168
72,176,168
72,176,168
72,175,167
72,175,167
71,175,168
70,174,168
70,174,168
70,174,168
70,174,168
70,174,168
70,174,168
70,174,168
70,174,168
70,174,168
70,174,168
70,174,168
70,174,168
72,175,167
72,175,167
72,175,167
72,175,167
72,175,167
72,175,167
72,175,167
72,175,167
72,175,167
72,175,167
72,175,167
72,175,167
72,175,167
72,175,167
72,175,167
72,175,167
72,175,167
72,175,167
72,175,167
72,175,167
72,175,167
72,175,167
72,175,167
72,175,167
72,175,167
72,175,167
72,175,167
72,175,167
72,175,167
72,175,167
72,175,167
72,175,167
72,175,167
72,175,167
72,175,167
72,175,167
72,175,167
72,175,167
72,175,167
72,175,167
72,175,167
72,175,167
72,175,167
72,175,167
72,175,167
72,175,167
72,175,167
72,176,167
72,176,167
72,176,167
72,176,167
73,176,169
73,176,169
73,176,169
73,176,169
73,176,169
73,176,169
73,176,169
73,176,169
73,176,169
73,176,169
73,176,169
73,176,169
73,176,169
73,176,169
73,176,169
73,176,169
73,176,169
73,176,169
73,176,169
73,176,169
73,176,168
73,176,168
73,176,168
73,176,168
73,176,168
73,176,168
73,176,168
72,176,167
72,176,167
72,176,167
72,176,167
73,176,168
73,176,168
73,176,168
73,176,168
73,176,168
73,176,168
73,176,168
73,176,168
73,176,168
73,176,169
73,176,169
73,176,169
73,176,169
73,176,169
73,176,169
73,176,169
73,176,169
73,176,169
73,176,169
73,176,169
73,176,169
73,176,169
73,176,169
73,176,168
73,176,168
73,176,168
72,177,168
73,176,169
73,176,169
73,176,169
73,176,169
74,176,170
74,177,170
75,177,169
75,177,170
75,177,169
75,177,169
74,177,170
74,177,169
74,177,169
74,176,170
73,176,169
73,176,169
73,176,169
73,176,169
73,176,169
73,176,169
73,176,169
73,176,169
73,176,169
73,176,169
73,176,169
73,176,169
73,176,169
73,176,169
73,176,169
73,176,169
73,176,169
73,176,169
73,176,169
73,176,169
73,176,169
73,176,169
73,176,168
73,176,168
73,176,168
73,176,168
73,176,168
73,176,168
72,176,167
72,176,167
72,176,168
72,176,168
72,176,168
72,176,168
72,176,168
72,176,168
72,176,168
72,176,168
72,176,168
72,175,167
70,175,167
70,174,168
70,174,168
70,174,168
70,174,168
70,174,168
70,174,168
70,174,168
70,174,168
70,174,168
70,174,168
70,174,168
72,175,167
72,175,167
72,175,167
72,175,167
72,175,167
72,175,167
72,175,167
72,175,167
72,175,167
72,175,167
72,175,167
72,175,167
72,175,167
72,175,167
72,175,167
72,175,167
72,175,167
72,175,167
72,175,167
72,175,167
72,175,167
72,175,167
72,175,167
72,175,167
72,175,167
72,175,167
72,175,167
72,175,167
72,175,167
72,175,167
72,175,167
72,175,167
72,175,167
72,175,167
72,175,167
72,175,167
72,175,167
72,175,167
72,175,167
72,175,167
72,175,167
72,175,167
72,175,167
72,175,167
72,175,167
72,175,167
72,175,167
72,175,167
72,176,167
72,176,167
72,176,167
72,176,168
73,176,169
73,176,169
73,176,169
73,176,169
73,176,169
73,176,169
73,176,169
73,176,169
73,176,169
73,176,169
73,176,169
73,176,169
73,176,169
73,176,169
73,176,169
73,176,169
73,176,169
73,176,169
73,176,169
73,176,169
73,176,169
73,176,168
73,176,168
73,176,168
73,176,168
73,176,168
73,176,168
73,176,169
73,176,169
73,176,168
73,176,168
73,176,168
73,176,168
73,176,168
73,176,168
73,176,168
73,176,168
73,176,168
73,176,168
73,176,169
73,176,169
73,176,169
73,176,169
73,176,169
73,176,169
73,176,169
73,176,169
73,176,169
73,176,169
73,176,169
73,176,169
73,176,169
73,176,169
73,176,169
73,176,168
73,176,168
72,177,168
72,177,168
73,176,169
73,176,169
73,176,169
73,176,169
74,177,170
75,177,170
75,177,170
75,177,170
75,177,170
75,177,170
75,177,169
74,177,170
74,177,169
74,177,169
73,176,168
73,176,169
73,176,169
73,176,169
73,176,169
73,176,169
73,176,169
73,176,169
73,176,169
73,176,169
73,176,169
73,176,169
73,176,169
73,176,169
73,176,169
73,176,169
73,176,169
73,176,169
73,176,169
73,176,169
73,176,169
73,176,169
73,176,169
74,177,169
74,177,169
74,177,169
73,176,168
73,176,168
73,176,168
73,176,168
73,176,168
72,176,168
72,176,168
72,176,168
72,176,168
72,176,168
72,176,168
72,176,168
72,176,168
72,175,167
72,175,167
70,175,167
70,174,168
70,174,168
70,174,168
70,174,168
70,174,168
70,174,168
70,174,168
70,174,168
70,174,168
70,174,168
70,174,168
72,175,167
72,175,167
72,175,167
72,175,167
72,175,167
72,175,167
72,175,167
72,175,167
72,175,167
72,175,167
72,175,167
72,175,167
72,175,167
72,175,167
72,175,167
72,175,167
72,175,167
72,175,167
72,175,167
72,175,167
72,175,167
72,175,167
72,175,167
72,175,167
72,175,167
72,175,167
72,175,167
72,175,167
72,175,167
72,175,167
72,175,167
72,175,167
72,175,167
72,175,167
72,175,167
72,175,167
72,175,167
72,175,167
72,175,167
72,175,167
72,175,167
72,175,167
72,175,167
72,175,167
72,175,167
72,175,167
72,175,167
72,176,167
72,176,167
72,176,167
72,176,168
73,176,169
73,176,169
73,176,169
73,176,169
73,176,169
73,176,169
73,176,169
73,176,169
73,176,169
73,176,169
73,176,169
73,176,169
73,176,169
73,176,168
73,176,169
73,176,169
73,176,169
73,176,169
73,176,169
73,176,169
73,176,169
73,176,169
73,176,169
73,176,169
73,176,169
73,176,169
73,176,169
73,176,169
73,176,169
73,176,169
73,176,169
73,176,168
73,176,168
73,176,168
73,176,168
73,176,168
73,176,168
73,176,168
73,176,168
73,176,169
73,176,169
73,176,169
73,176,169
73,176,169
73,176,169
73,176,169
73,176,169
73,176,169
73,176,169
73,176,169
73,176,169
73,176,169
73,176,169
73,176,169
73,176,169
73,176,168
73,176,168
72,177,168
72,177,168
72,176,168
73,176,169
73,176,169
73,176,169
75,177,170
75,177,170
75,177,170
75,177,170
75,177,170
75,177,170
75,177,170
75,177,169
74,176,170
74,176,170
73,176,169
73,176,169
73,176,169
73,176,169
73,176,169
73,176,169
73,176,169
73,176,169
73,176,170
73,176,170
73,176,170
73,176,170
73,176,169
73,176,169
73,176,169
73,176,169
73,176,169
73,176,169
73,176,169
73,176,169
74,177,170
74,177,170
75,177,169
75,177,170
75,177,170
75,177,169
74,177,169
74,177,169
73,176,168
73,176,168
73,176,168
73,176,168
72,176,168
72,176,168
72,176,168
72,176,168
72,176,168
72,176,168
72,176,168
72,175,167
72,175,167
71,175,167
71,175,167
71,175,167
71,175,167
71,175,167
70,174,168
70,174,168
70,174,168
70,174,168
70,174,168
70,174,168
70,174,167
72,175,167
72,175,167
72,175,167
72,175,167
72,175,167
72,175,167
72,175,167
72,175,167
72,175,167
72,175,167
72,175,167
72,175,167
72,175,167
72,175,167
72,175,167
72,175,167
72,175,167
72,175,167
72,175,167
72,175,167
72,175,167
72,175,167
72,175,167
72,175,167
72,175,167
72,175,167
72,175,167
72,175,167
72,175,167
72,175,167
72,175,167
72,175,167
72,175,167
72,175,167
72,175,167
72,175,167
72,175,167
72,175,167
72,175,167
72,175,167
72,175,167
72,175,167
72,175,167
72,175,167
72,175,167
72,175,167
72,175,167
72,175,167
72,176,167
72,176,167
72,176,168
73,176,169
73,176,169
73,176,169
73,176,169
73,176,169
73,176,169
73,176,169
73,176,169
73,176,169
73,176,169
73,176,169
73,176,169
73,176,169
73,176,168
73,176,168
73,176,168
73,176,169
73,176,169
73,176,169
73,176,169
73,176,169
73,176,169
73,176,169
73,176,169
74,176,170
74,177,170
74,176,170
73,176,169
73,176,169
73,176,169
73,176,169
73,176,169
73,176,168
73,176,168
73,176,168
73,176,168
73,176,168
73,176,168
73,176,168
73,176,168
73,176,169
73,176,169
73,176,169
73,176,169
73,176,169
74,176,170
75,177,169
74,177,169
74,177,169
74,177,169
73,176,169
73,176,169
73,176,169
73,176,169
73,176,169
73,176,169
73,176,168
73,176,168
72,177,168
72,176,168
72,176,168
72,176,168
73,176,169
73,176,169
75,177,169
75,177,170
75,177,170
75,177,170
75,177,170
75,177,170
74,177,170
74,177,170
74,176,170
74,176,170
73,176,169
73,176,169
73,176,169
73,176,169
73,176,169
73,176,169
73,176,169
73,176,169
73,176,170
73,176,170
73,176,170
73,176,170
73,176,169
73,176,169
73,176,169
73,176,169
73,176,169
73,176,169
73,176,169
74,177,170
74,177,170
75,177,169
75,177,169
76,177,170
76,177,170
75,177,169
75,177,169
75,177,169
74,177,169
73,176,168
73,176,168
73,176,168
73,176,168
73,176,168
72,176,168
72,176,168
72,176,168
72,176,168
72,176,168
72,176,168
72,175,167
71,175,167
71,175,167
71,175,167
71,175,167
71,175,167
71,175,167
70,175,167
70,174,168
70,174,168
70,174,168
70,174,168
70,174,168
70,174,167
72,175,167
72,175,167
72,175,167
72,175,167
72,175,167
72,175,167
72,175,167
72,175,167
72,175,167
72,175,167
72,175,167
72,175,167
72,175,167
72,175,167
72,175,167
72,175,167
72,175,167
72,175,167
72,175,167
72,175,167
72,175,167
72,175,167
72,175,167
72,175,167
72,175,167
72,175,167
72,175,167
72,175,167
72,175,167
72,175,167
72,175,167
72,175,167
72,175,167
72,175,167
72,175,167
72,175,167
72,175,167
72,175,167
72,175,167
72,175,167
72,175,167
72,175,167
72,175,167
72,175,167
72,175,167
72,175,167
72,175,167
72,176,167
72,176,167
72,176,167
73,176,169
73,176,169
73,176,169
73,176,169
73,176,169
73,176,169
73,176,169
73,176,169
73,176,169
73,176,169
73,176,169
73,176,169
73,176,169
73,176,168
73,176,168
73,176,168
73,176,168
73,176,169
73,176,169
73,176,169
73,176,169
73,176,169
73,176,169
73,176,169
73,176,169
74,177,170
74,177,170
74,176,170
73,176,169
73,176,169
73,176,169
73,176,169
73,176,169
73,176,168
73,176,168
73,176,168
73,176,168
73,176,168
73,176,168
73,176,168
73,176,169
73,176,169
73,176,169
73,176,169
74,177,170
74,177,170
75,177,169
75,177,169
75,177,169
74,177,169
74,177,169
74,177,170
73,176,169
73,176,169
73,176,169
73,176,169
73,176,169
73,176,168
73,176,168
72,176,167
72,176,168
72,176,168
72,176,168
73,176,169
73,176,169
74,177,170
75,177,170
75,177,170
75,177,170
75,177,170
75,177,169
74,177,170
74,177,170
74,177,170
74,176,170
73,176,169
73,176,169
73,176,169
73,176,169
73,176,169
73,176,169
73,176,169
73,176,169
73,176,169
73,176,170
73,176,170
74,176,170
74,176,170
74,176,170
73,176,169
73,176,169
73,176,169
74,177,170
74,177,170
74,177,170
74,177,170
75,177,169
75,177,169
76,177,170
76,177,169
76,177,169
75,177,169
75,177,169
74,177,169
74,177,169
73,176,168
73,176,168
73,176,168
73,176,168
73,176,168
73,176,168
73,176,168
72,176,168
72,176,168
72,176,168
72,176,168
72,175,167
72,175,167
71,175,167
71,175,167
71,175,167
71,175,167
70,175,167
70,175,167
70,174,168
70,174,168
70,174,168
70,174,168
70,174,168
72,175,167
72,175,167
72,175,167
72,175,167
72,175,167
72,175,167
72,175,167
72,175,167
71,175,168
72,175,167
72,175,167
72,175,167
72,175,167
72,175,167
72,175,167
72,175,167
72,175,167
72,175,167
72,175,167
72,175,167
72,175,167
72,175,167
72,175,167
72,175,167
72,175,167
72,175,167
72,175,167
72,175,167
72,175,167
72,175,167
72,175,167
72,175,167
72,175,167
72,175,167
72,175,167
72,175,167
72,175,167
72,175,167
72,175,167
72,175,167
72,175,167
72,175,167
72,175,167
72,175,167
72,175,167
72,175,167
72,175,167
72,175,167
72,176,167
72,176,167
73,176,168
73,176,168
73,176,169
73,176,169
73,176,169
73,176,169
73,176,169
73,176,169
73,176,169
73,176,169
73,176,169
73,176,169
73,176,169
73,176,169
73,176,168
73,176,168
73,176,168
73,176,168
73,176,169
73,176,169
73,176,169
73,176,169
73,176,169
74,176,170
74,177,170
74,177,170
74,177,170
74,177,170
74,176,170
73,176,169
73,176,169
73,176,169
73,176,169
73,176,169
73,176,169
73,176,168
73,176,168
73,176,168
73,176,168
73,176,168
73,176,168
73,176,169
73,176,169
73,176,169
74,177,170
74,177,170
75,177,169
75,177,169
75,177,169
75,177,169
75,177,169
75,177,169
74,177,170
74,177,170
74,177,170
73,176,169
73,176,169
73,176,169
73,176,168
73,176,168
73,176,168
72,176,168
72,176,168
72,176,168
73,176,169
73,176,169
74,177,170
75,177,170
75,177,170
75,177,170
75,177,170
75,177,170
75,177,169
74,177,170
74,177,170
74,177,170
73,176,169
73,176,169
74,176,170
74,176,170
74,176,170
74,176,170
74,176,170
73,176,169
73,176,169
74,177,170
74,177,170
74,177,170
74,177,170
74,177,170
74,177,170
74,176,170
74,176,170
74,177,170
74,177,170
74,177,170
74,177,170
75,177,169
75,177,169
76,177,170
76,177,169
76,177,169
76,177,169
75,177,169
75,177,169
74,177,169
74,177,169
73,176,168
73,176,168
73,176,168
73,176,168
73,176,168
73,176,168
73,176,168
72,176,168
72,176,168
72,176,167
72,175,167
72,175,167
72,175,167
71,175,167
71,175,167
71,175,167
71,175,168
71,175,168
71,175,168
70,174,168
70,174,168
70,174,168
70,174,168
70,174,168
72,175,167
72,175,167
72,175,167
72,175,167
72,175,167
72,175,167
72,175,167
71,175,168
71,175,168
71,175,168
71,175,168
71,175,168
72,175,167
72,175,167
72,175,167
72,175,167
72,175,167
72,175,167
72,175,167
72,175,167
72,175,167
72,175,167
72,175,167
72,175,167
72,175,167
72,175,167
72,175,167
72,175,167
72,175,167
72,175,167
72,175,167
72,175,167
72,175,167
72,175,167
72,175,167
72,175,167
72,175,167
72,175,167
72,175,167
72,175,167
72,175,167
72,175,167
72,175,167
72,175,167
72,175,167
72,175,167
72,175,167
72,175,167
72,176,167
72,176,167
72,176,167
73,176,168
73,176,168
73,176,168
73,176,168
73,176,168
73,176,168
73,176,168
73,176,168
73,176,168
73,176,168
73,176,168
73,176,168
73,176,168
73,176,168
73,176,168
73,176,168
73,176,168
73,176,169
73,176,169
73,176,169
73,176,169
73,176,169
74,177,170
74,177,170
74,177,170
74,177,170
74,177,170
74,177,170
74,176,170
73,176,169
73,176,169
73,176,169
73,176,169
73,176,169
73,176,169
73,176,168
73,176,168
73,176,168
74,176,169
74,177,170
74,177,170
74,177,170
74,177,170
74,177,170
74,177,170
75,177,169
75,177,169
75,177,169
75,177,170
75,177,170
75,177,170
75,177,169
75,177,169
75,177,169
75,177,169
73,176,169
73,176,168
73,176,168
73,176,168
73,176,168
73,176,168
73,176,169
73,176,169
73,176,169
73,176,169
74,177,170
75,177,169
75,177,169
75,177,169
75,177,169
75,177,170
75,177,170
75,177,170
75,177,170
75,177,169
74,177,170
74,177,170
74,177,170
74,177,170
74,177,170
74,177,170
74,177,170
74,177,170
74,177,170
74,177,170
74,177,170
74,177,170
74,177,170
75,177,169
75,177,170
75,177,170
74,177,170
74,177,170
74,177,170
74,177,170
74,177,170
75,177,169
76,177,170
76,177,170
76,177,170
76,177,170
76,177,169
76,177,169
75,177,169
75,177,169
75,177,169
74,177,169
73,176,168
73,176,168
73,176,168
73,176,168
73,176,168
73,176,168
73,176,168
72,176,168
72,176,167
72,175,167
72,175,167
72,175,167
72,175,167
72,175,167
72,175,167
72,175,167
72,175,167
71,175,168
71,175,168
71,175,168
71,175,168
71,175,168
71,174,168
72,175,167
72,175,167
72,175,167
72,175,167
72,175,167
72,175,167
72,175,167
71,175,168
70,175,167
70,175,167
71,175,168
71,175,168
71,175,168
72,175,167
72,175,167
72,175,167
72,175,167
72,175,167
72,175,167
72,175,167
72,175,167
72,175,167
72,175,167
72,175,167
72,175,167
72,175,167
72,175,167
72,175,167
72,175,167
72,175,167
72,175,167
72,175,167
72,175,167
72,175,167
72,175,167
72,175,167
72,175,167
72,175,167
72,175,167
72,175,167
72,175,167
72,175,167
72,175,167
72,175,167
72,175,167
72,175,167
72,175,167
72,175,167
72,176,167
72,176,167
72,176,167
72,176,167
72,176,167
72,176,167
72,176,167
73,176,168
72,176,167
73,176,168
73,176,168
73,176,168
73,176,168
73,176,168
73,176,168
73,176,168
73,176,168
73,176,168
73,176,168
73,176,168
73,176,169
73,176,169
73,176,169
73,176,169
73,176,169
73,176,169
74,177,170
74,177,170
74,177,170
74,177,170
74,177,170
74,177,170
74,177,170
74,176,170
74,176,170
74,176,170
73,176,169
73,176,169
73,176,169
74,176,170
74,177,170
74,177,170
74,177,170
74,177,170
74,177,170
74,177,170
74,177,170
74,177,170
75,177,169
75,177,169
76,177,170
76,177,170
76,177,170
76,177,170
76,177,170
75,177,169
75,177,169
75,177,169
75,177,170
75,177,169
74,177,169
73,176,168
73,176,168
73,176,168
73,176,168
73,176,168
73,176,169
73,176,169
73,176,169
74,177,170
74,177,170
75,177,169
75,177,169
75,177,169
75,177,170
75,177,170
75,177,170
75,177,170
75,177,170
75,177,170
75,177,169
75,177,169
74,177,170
74,177,170
74,177,170
74,177,170
74,177,170
74,177,170
75,177,169
75,177,169
75,177,169
75,177,169
75,177,170
75,177,170
75,177,170
75,177,170
75,177,170
75,177,169
74,177,170
75,177,169
75,177,169
76,177,170
76,177,170
76,177,170
76,177,170
76,177,170
76,177,170
76,177,169
76,177,170
76,177,169
75,177,169
75,177,169
74,177,169
74,177,169
73,176,168
73,176,168
73,176,169
73,176,169
72,176,167
72,176,167
72,176,167
72,175,167
72,175,167
72,175,167
72,175,167
72,175,167
72,175,167
72,175,167
72,175,167
72,175,167
71,175,168
71,175,168
71,175,168
71,175,168
71,174,168
72,175,167
72,175,167
72,175,167
71,175,168
72,175,167
71,175,168
71,175,168
70,175,167
70,175,167
70,175,167
70,175,168
71,175,168
71,175,168
71,175,168
72,175,167
72,175,167
72,175,167
72,175,167
72,175,167
72,175,167
72,175,167
72,175,167
72,175,167
72,175,167
72,175,167
72,175,167
72,175,167
72,175,167
72,175,167
72,175,167
72,175,167
72,175,167
72,175,167
72,175,167
72,175,167
72,176,168
72,175,167
72,175,167
72,175,167
72,175,167
72,175,167
72,175,167
72,175,167
72,175,167
72,175,167
72,175,167
72,175,167
72,175,167
72,176,167
72,176,167
72,176,167
72,176,167
72,176,167
72,176,167
72,176,167
72,176,167
72,176,167
72,176,167
73,176,168
73,176,168
73,176,168
73,176,168
73,176,168
73,176,168
73,176,168
73,176,168
73,176,168
72,176,167
73,176,169
73,176,169
73,176,169
73,176,169
73,176,169
73,176,169
74,177,170
74,177,170
74,177,170
74,177,170
74,177,170
74,177,170
74,177,170
74,177,170
74,177,170
74,177,170
74,177,170
74,177,170
74,177,170
74,177,170
74,177,170
74,177,170
74,177,170
74,177,170
74,177,170
74,177,170
74,177,170
75,177,169
75,177,169
76,177,170
76,177,170
76,177,170
76,177,170
76,177,170
76,177,170
76,177,170
75,177,169
75,177,169
75,177,170
75,177,170
75,177,169
74,177,169
73,176,168
73,176,168
73,176,168
73,176,168
73,176,169
73,176,169
73,176,169
73,176,169
74,177,170
75,177,169
75,177,169
75,177,169
75,177,170
75,177,170
75,177,170
75,177,170
75,177,170
75,177,170
75,177,170
75,177,169
75,177,169
75,177,169
75,177,169
75,177,169
75,177,169
75,177,169
75,177,169
75,177,169
75,177,169
75,177,169
75,177,170
75,177,170
75,177,170
75,177,170
75,177,170
75,177,170
75,177,169
75,177,169
75,177,169
76,177,170
76,178,170
77,178,171
77,178,171
77,178,171
77,178,171
77,178,171
77,178,171
77,178,171
77,178,171
76,178,170
75,177,169
75,177,169
74,177,169
74,177,169
73,176,169
73,176,168
73,176,168
72,176,167
72,176,167
72,175,167
72,175,167
72,175,167
72,175,167
72,175,167
72,175,167
72,175,167
72,175,167
72,175,167
71,175,168
71,175,168
71,175,168
71,175,168
71,174,168
72,175,167
72,175,167
72,175,167
71,175,168
71,175,168
71,175,168
71,175,168
71,175,168
70,175,168
70,174,168
70,174,168
70,175,168
71,175,168
71,175,168
71,175,168
71,175,168
72,175,167
72,175,167
72,175,167
72,175,167
72,175,167
72,175,167
72,175,167
72,175,167
72,175,167
72,175,167
72,175,167
72,175,167
72,175,167
72,175,167
72,175,167
72,175,167
72,175,167
72,175,167
72,176,168
72,176,168
72,176,168
72,175,167
72,175,167
72,175,167
72,175,167
72,175,167
72,175,167
72,175,167
72,175,167
72,175,167
72,175,167
72,175,167
72,176,167
72,176,167
72,176,167
72,176,167
72,176,167
72,176,167
72,176,167
72,176,167
72,176,167
72,176,167
72,176,167
72,176,167
72,176,167
73,176,168
73,176,168
73,176,168
73,176,168
73,176,168
73,176,168
72,176,167
72,176,167
72,176,167
73,176,169
73,176,169
73,176,169
73,176,169
73,176,169
73,176,169
74,177,170
75,177,169
75,177,169
74,177,170
74,177,170
74,177,170
74,177,170
74,177,170
74,177,170
74,177,170
74,177,170
74,177,170
74,177,170
74,177,170
74,177,170
74,177,170
74,177,170
74,177,170
74,177,170
74,177,170
75,177,169
76,177,170
76,177,170
76,177,170
76,177,170
76,177,170
76,177,170
76,177,170
76,177,170
76,177,170
75,177,169
75,177,170
75,177,170
75,177,169
75,177,169
74,177,169
73,176,168
73,176,168
73,176,168
73,176,168
73,176,168
73,176,168
73,176,169
73,176,169
74,177,170
74,177,170
74,177,170
74,177,170
74,177,170
75,177,170
75,177,170
75,177,170
75,177,170
75,177,170
75,177,169
75,177,170
75,177,170
75,177,169
75,177,169
76,177,170
76,177,170
76,177,170
76,177,170
75,177,169
75,177,169
75,177,169
75,177,170
75,177,170
75,177,170
75,177,170
75,177,170
75,177,170
75,177,170
76,177,171
76,178,170
77,178,171
77,178,171
78,179,172
80,180,172
80,180,172
80,180,172
80,180,172
81,180,173
82,180,172
80,179,171
78,178,171
76,177,169
75,177,169
74,177,169
74,177,169
73,176,168
73,176,168
72,176,167
72,176,167
72,176,167
72,175,167
72,175,167
72,175,167
72,175,167
72,175,167
72,175,167
72,175,167
72,175,167
72,175,167
71,175,168
71,175,168
71,174,168
71,174,168
70,174,168
72,175,167
72,175,167
72,175,167
72,175,167
71,175,168
71,175,168
71,175,168
71,175,168
70,174,168
70,174,168
70,174,168
70,174,168
71,175,168
71,175,168
71,175,168
71,175,168
72,175,167
72,175,167
72,175,167
72,175,167
72,175,167
72,175,167
72,175,167
72,175,167
72,175,167
72,175,167
72,175,167
72,175,167
72,175,167
72,175,167
72,175,167
72,175,167
72,175,167
72,176,168
72,176,168
72,176,168
72,175,167
72,175,167
72,175,167
72,175,167
72,175,167
72,175,167
72,175,167
72,175,167
72,176,167
72,176,167
72,176,167
72,176,167
72,176,167
72,176,167
72,176,167
72,176,167
72,176,167
72,176,167
72,176,167
72,176,167
72,176,167
72,176,167
72,176,167
72,176,167
72,176,167
72,176,167
72,176,167
73,176,168
72,176,167
72,176,167
72,176,167
72,176,167
72,176,167
72,176,167
72,176,167
72,176,168
73,176,169
73,176,169
73,176,169
73,176,169
75,177,169
75,177,169
75,177,169
75,177,170
75,177,169
74,177,170
74,177,170
75,177,170
75,178,170
75,178,170
75,177,170
75,177,169
75,177,169
75,177,169
74,177,170
74,177,170
74,177,170
74,177,170
74,177,170
75,177,169
76,177,170
76,177,170
76,177,170
76,177,170
76,177,170
76,177,170
76,177,170
76,177,170
76,177,170
76,177,170
75,177,169
75,177,170
75,177,170
75,177,170
75,177,169
75,177,169
73,176,168
73,176,168
73,176,168
73,176,168
73,176,168
73,176,168
73,176,169
73,176,169
73,176,169
73,176,169
73,176,169
73,176,169
74,177,170
74,177,170
75,177,170
75,177,170
75,177,170
75,177,170
76,177,170
76,177,170
75,177,170
76,177,170
76,177,170
76,177,170
76,177,170
76,177,170
76,177,170
76,177,170
76,177,170
76,177,170
75,177,169
75,177,169
75,177,170
75,177,170
75,177,170
75,177,170
76,177,171
76,177,171
77,178,172
78,179,171
78,179,172
82,180,173
82,181,173
83,181,173
83,181,174
83,181,174
85,182,174
85,182,174
82,180,172
80,179,171
77,177,170
75,177,169
75,177,169
74,177,169
74,177,169
73,176,168
73,176,168
72,176,167
72,176,167
72,175,167
72,175,167
72,175,167
72,175,167
72,175,167
72,175,167
72,175,167
72,175,167
71,175,168
70,175,168
70,175,168
70,175,168
70,174,168
70,174,168
72,175,167
72,175,167
72,175,167
72,175,167
72,175,167
71,175,168
71,175,168
71,175,168
70,174,168
70,174,168
70,174,168
70,174,168
71,175,168
71,175,168
71,175,168
71,175,168
72,175,167
72,175,167
72,175,167
72,175,167
72,175,167
72,175,167
72,175,167
72,175,167
72,175,167
72,175,167
72,175,167
72,175,167
72,175,167
72,175,167
72,175,167
72,175,167
72,176,168
72,176,168
72,176,168
72,176,168
72,175,167
72,175,167
72,175,167
72,175,167
72,175,167
72,175,167
72,175,167
72,176,167
72,176,167
72,176,167
72,176,167
72,176,167
72,176,167
72,176,167
72,176,167
72,176,167
72,176,167
72,176,167
72,176,167
72,176,167
72,176,167
72,176,167
72,176,167
72,176,167
72,176,167
72,176,167
72,176,167
72,176,167
72,176,167
72,176,167
72,176,167
72,176,167
72,176,167
72,176,167
72,176,167
72,176,167
73,176,169
72,176,168
73,176,169
73,176,169
75,177,170
75,177,169
75,177,169
75,177,170
75,177,170
74,177,170
74,177,170
75,178,170
75,178,170
75,178,170
75,178,170
75,178,170
75,177,170
75,177,170
75,177,169
74,177,170
74,177,170
74,177,170
75,177,170
75,177,170
76,177,170
76,177,170
76,177,170
76,177,170
76,177,170
76,177,170
76,177,170
76,177,170
76,177,170
76,177,170
75,177,169
75,177,169
75,177,170
75,177,170
75,177,170
75,177,170
74,177,169
73,176,168
73,176,168
73,176,168
73,176,168
73,176,168
73,176,168
73,176,168
73,176,169
73,176,169
73,176,169
73,176,169
73,176,169
73,176,169
74,177,170
75,177,170
75,177,170
76,177,170
76,177,170
76,177,170
76,177,170
76,177,170
76,177,170
76,177,170
76,177,170
76,177,170
76,177,170
76,177,170
76,177,170
76,177,170
76,177,170
76,177,170
75,177,169
75,177,170
75,177,170
75,177,170
76,177,171
77,178,171
77,178,172
78,179,172
82,180,172
84,181,173
85,182,173
85,182,174
85,182,175
85,182,174
86,182,174
87,182,174
85,182,173
82,180,172
79,179,171
76,177,169
75,177,169
75,177,169
74,177,169
74,177,169
73,176,168
73,176,168
72,176,167
72,176,167
72,175,167
72,175,167
72,175,167
72,175,167
72,175,167
72,175,167
71,175,168
70,175,167
70,174,168
70,174,168
70,174,168
70,174,168
70,174,168
72,175,167
72,175,167
72,175,167
72,175,167
72,175,167
72,175,167
72,175,167
71,175,168
71,175,168
70,175,168
70,174,168
70,174,168
70,175,168
71,175,168
71,175,168
71,175,168
72,175,167
72,175,167
72,175,167
72,175,167
72,175,167
72,175,167
72,175,167
72,175,167
72,175,167
72,175,167
72,175,167
72,175,167
72,175,167
72,175,167
72,175,167
72,175,167
72,176,167
72,176,168
72,176,168
72,176,168
72,176,168
72,175,167
72,175,167
72,175,167
72,175,167
72,175,167
72,175,167
72,176,167
72,176,167
72,176,167
72,176,167
72,176,167
72,176,167
72,176,167
72,176,167
72,176,167
72,176,167
72,176,167
72,176,167
72,176,167
72,176,167
72,176,167
72,176,167
72,176,167
72,176,167
72,176,167
72,176,167
72,176,167
72,176,167
72,176,167
72,176,167
72,176,167
72,176,167
72,176,167
72,176,167
72,176,167
72,176,167
72,176,167
72,176,168
72,176,168
73,176,169
74,177,170
75,177,170
75,177,170
74,177,170
74,177,170
75,177,170
75,177,170
75,178,170
75,178,170
75,178,170
75,178,170
75,178,170
75,178,170
75,177,170
75,177,169
74,177,170
74,177,170
74,177,170
74,177,170
74,177,170
75,177,170
76,177,170
76,177,170
76,177,170
76,177,170
76,177,170
76,177,170
76,177,170
76,177,170
76,177,170
76,177,170
76,177,170
75,177,169
75,177,169
75,177,170
75,177,170
75,177,170
74,176,170
73,176,168
73,176,168
73,176,168
73,176,168
73,176,168
73,176,168
72,176,168
72,175,168
72,175,168
72,175,168
72,176,168
73,176,169
73,176,169
75,177,170
75,177,169
76,177,170
76,177,170
76,177,170
76,177,170
76,177,170
76,177,170
76,177,170
76,177,170
76,177,170
76,177,170
76,177,170
76,177,170
76,177,170
76,177,170
76,177,170
76,177,170
75,177,170
75,177,170
76,177,171
77,178,171
77,178,172
78,179,172
80,180,172
82,180,172
84,181,173
85,182,173
85,182,174
85,182,174
85,182,174
86,182,175
87,182,174
85,182,173
83,181,173
79,179,171
77,177,170
76,177,169
75,177,169
75,177,169
74,177,169
73,176,168
73,176,168
73,176,168
73,176,168
72,176,167
72,175,167
72,175,167
72,175,167
72,175,167
72,175,167
70,175,167
70,175,167
70,174,168
70,174,168
70,174,168
70,174,168
70,174,168
70,174,168
72,175,167
72,175,167
72,175,167
72,175,167
72,175,167
72,175,167
72,175,167
72,175,167
71,175,168
70,175,168
70,175,168
70,175,168
70,175,168
71,175,168
71,175,168
72,175,167
72,175,167
72,175,167
72,175,167
72,175,167
72,175,167
72,175,167
72,175,167
72,175,167
72,175,167
72,175,167
72,175,167
72,175,167
72,175,167
72,175,167
72,175,167
72,176,167
72,176,168
72,176,168
72,176,168
72,176,168
72,176,167
72,176,167
72,175,167
72,175,167
72,175,167
72,176,167
72,176,167
72,176,167
72,176,167
72,176,167
72,176,167
72,176,167
72,176,167
72,176,167
72,176,167
72,176,167
72,176,167
72,176,167
72,176,167
72,176,167
73,176,168
73,176,168
73,176,168
73,176,168
73,176,168
72,176,167
72,176,167
72,176,167
72,176,167
72,176,167
72,176,167
72,176,167
72,176,167
72,176,167
72,176,167
72,176,167
72,176,167
72,176,167
72,176,168
73,176,169
73,176,169
73,176,169
74,177,170
74,177,170
74,177,170
74,177,170
74,177,170
75,177,169
75,177,169
75,178,170
75,178,170
75,178,170
75,178,170
75,178,170
75,177,169
75,177,169
74,177,170
74,177,170
74,177,170
74,177,170
74,177,170
74,177,170
75,177,169
75,177,169
75,177,169
75,177,169
76,177,170
76,177,170
76,177,170
76,177,170
76,177,170
76,177,170
76,177,170
75,177,169
75,177,169
75,177,169
75,177,170
75,177,170
74,177,170
74,176,169
73,176,168
73,176,168
73,176,168
73,176,168
72,176,167
72,175,168
72,175,168
71,175,168
71,175,168
72,175,168
72,176,168
73,176,169
74,177,170
75,177,169
76,177,170
76,177,170
76,177,170
76,177,170
76,177,170
76,177,170
76,177,170
76,177,170
76,177,170
76,177,170
76,177,170
76,177,170
76,177,170
76,177,170
76,177,170
76,177,170
76,177,170
76,177,170
76,177,170
77,178,171
77,178,171
78,179,172
80,180,172
81,180,173
83,181,174
85,182,174
85,182,175
85,182,175
85,182,174
86,182,175
86,183,174
83,181,173
80,179,172
79,178,171
76,178,170
76,177,169
76,177,169
75,177,169
74,177,169
73,176,168
73,176,168
73,176,168
73,176,168
72,176,168
72,176,168
72,175,167
72,175,167
72,175,167
72,175,167
71,175,168
71,175,167
70,174,168
70,174,168
70,174,168
70,174,168
70,174,168
70,174,168
72,175,167
72,175,167
72,175,167
72,175,167
72,175,167
72,175,167
72,175,167
72,175,167
72,175,167
71,175,168
70,175,167
70,175,167
70,175,167
70,175,167
71,175,168
72,175,167
72,175,167
72,175,167
72,175,167
72,175,167
72,175,167
72,175,167
72,175,167
72,175,167
72,175,167
72,175,167
72,175,167
72,175,167
72,175,167
72,175,167
72,175,167
72,176,167
72,176,168
72,176,168
72,176,168
72,176,168
72,176,168
72,176,167
72,176,167
72,176,167
72,176,167
72,176,167
72,176,167
72,176,167
72,176,167
72,176,167
72,176,167
72,176,167
72,176,167
72,176,167
72,176,167
72,176,167
72,176,167
72,176,167
72,176,167
72,176,167
72,176,167
73,176,168
73,176,168
73,176,168
73,176,168
73,176,168
73,176,168
73,176,168
73,176,168
73,176,168
73,176,168
73,176,168
72,176,167
72,176,167
72,176,167
72,176,167
72,176,167
72,176,167
72,176,167
72,176,167
72,176,168
73,176,169
73,176,169
73,176,169
74,177,170
74,177,170
74,177,170
74,177,170
75,177,169
76,177,170
76,177,170
75,177,169
75,178,170
75,178,170
75,178,170
75,177,169
74,177,170
74,177,170
74,177,170
74,177,170
74,177,170
73,176,169
73,176,169
74,177,170
74,177,170
74,177,170
74,177,170
75,177,169
76,177,170
76,177,170
76,177,170
76,177,170
76,177,170
76,177,170
76,177,170
76,177,170
76,177,170
76,177,170
75,177,169
75,177,169
74,177,170
74,176,169
73,176,168
73,176,168
73,176,168
72,176,167
72,175,168
71,175,168
70,175,167
70,174,168
70,175,168
72,175,168
72,176,168
73,176,169
74,177,170
76,177,170
76,177,170
76,177,170
76,177,170
76,177,170
76,177,170
76,177,170
76,177,170
76,177,170
76,177,170
76,178,170
76,178,170
76,178,170
76,177,170
76,177,170
76,177,170
76,177,170
76,177,170
76,177,170
77,178,171
77,178,171
78,179,171
78,179,172
79,180,172
80,180,172
82,181,173
83,181,174
83,181,174
83,181,173
83,181,173
83,181,173
80,180,172
79,179,172
77,178,171
76,178,170
76,177,169
76,177,169
75,177,169
75,177,169
74,177,169
73,176,168
73,176,168
73,176,168
73,176,168
73,176,168
72,176,168
72,176,168
72,176,168
72,175,167
72,175,167
71,175,167
71,175,167
71,175,167
70,174,168
70,174,168
70,174,168
70,174,168
70,174,167
72,175,167
72,175,167
72,175,167
72,175,167
72,175,167
72,175,167
72,175,167
72,175,167
72,175,167
71,175,168
70,175,167
71,175,167
71,175,167
70,175,167
71,175,168
72,175,167
72,175,167
72,175,167
72,175,167
72,175,167
72,175,167
72,175,167
72,175,167
72,175,167
72,175,167
72,175,167
72,175,167
72,175,167
72,175,167
72,175,167
72,176,167
72,176,167
72,176,168
73,176,168
72,176,168
72,176,168
72,176,167
72,176,167
72,176,167
72,176,167
72,176,167
72,176,167
72,176,167
72,176,167
72,176,167
72,176,167
72,176,167
73,176,168
73,176,168
73,176,168
73,176,168
73,176,168
72,176,167
72,176,167
72,176,167
72,176,167
73,176,168
73,176,168
73,176,168
73,176,168
73,176,168
73,176,168
73,176,168
73,176,168
73,176,168
73,176,168
73,176,168
73,176,168
73,176,168
72,176,167
72,176,167
72,176,167
72,176,167
72,176,167
72,176,167
72,176,167
72,176,167
72,176,168
73,176,169
73,176,169
74,176,170
74,177,170
74,177,170
74,177,170
74,177,170
75,177,169
75,177,169
75,177,169
75,177,169
75,177,169
74,177,170
74,177,170
74,177,170
74,177,170
74,177,170
74,176,170
73,176,169
73,176,169
73,176,169
73,176,169
74,177,170
74,177,170
74,177,170
74,177,170
75,177,169
76,177,170
76,177,170
76,177,170
76,177,170
76,177,170
76,177,170
76,177,170
76,177,170
76,177,170
75,177,169
75,177,169
74,177,170
74,177,169
73,176,168
73,176,168
73,176,168
72,176,167
71,175,168
70,175,167
69,175,167
69,175,167
69,174,167
70,175,168
72,175,168
72,176,168
73,176,169
75,177,169
76,177,170
76,177,170
76,177,170
76,177,170
76,177,170
76,177,170
76,177,170
76,178,170
76,178,170
76,178,170
76,178,170
76,178,170
76,178,170
76,177,170
76,177,170
76,177,170
76,177,170
76,177,170
76,177,170
77,178,171
77,178,171
77,178,171
78,179,172
79,180,172
80,180,173
80,180,173
80,180,173
80,180,173
80,180,173
80,180,172
79,179,171
77,178,171
76,178,170
76,177,170
76,177,170
76,177,170
76,177,170
74,177,170
74,177,169
73,176,168
73,176,168
73,176,168
73,176,168
73,176,168
73,176,168
73,176,168
72,176,168
72,176,168
72,176,168
71,175,167
71,175,167
71,175,167
71,175,167
70,174,168
70,174,168
70,174,168
70,174,167
72,175,167
72,175,167
72,175,167
72,175,167
72,175,167
72,175,167
72,175,167
72,175,167
72,175,167
72,175,167
71,175,167
71,175,167
71,175,167
71,175,167
72,175,167
72,175,167
72,175,167
72,175,167
72,175,167
72,175,167
72,175,167
72,175,167
72,175,167
72,175,167
72,175,167
72,175,167
72,175,167
72,175,167
72,175,167
72,176,167
72,176,167
72,176,167
72,176,167
73,176,168
73,176,168
73,176,168
73,176,168
72,176,167
72,176,167
72,176,167
72,176,167
72,176,167
72,176,167
72,176,167
72,176,167
73,176,168
73,176,168
73,176,168
73,176,168
73,176,168
73,176,168
73,176,168
73,176,168
72,176,167
73,176,168
73,176,168
73,176,168
73,176,168
73,176,168
73,176,168
73,176,168
73,176,168
73,176,168
73,176,168
73,176,168
73,176,168
73,176,168
73,176,168
73,176,168
73,176,168
72,176,167
72,176,167
72,176,167
72,176,167
72,176,167
72,176,167
72,176,167
72,176,167
73,176,169
72,176,168
72,176,168
73,176,169
74,177,170
74,177,170
74,177,170
75,177,169
75,177,169
75,177,169
75,177,169
74,177,170
74,177,170
74,177,170
74,177,170
74,177,170
73,176,169
73,176,169
73,176,169
73,176,169
73,176,169
73,176,169
73,176,169
73,176,169
74,177,170
74,177,170
74,177,170
75,177,169
76,177,170
76,177,170
76,177,170
76,177,170
76,177,170
76,177,170
76,177,170
76,177,170
76,177,170
75,177,169
75,177,169
74,177,170
74,177,169
73,176,168
73,176,168
73,176,169
71,175,168
69,175,167
69,175,167
69,174,167
69,174,167
69,174,167
70,175,168
72,175,168
73,176,169
74,177,170
76,177,170
76,177,170
76,177,170
76,177,170
76,177,170
76,177,170
76,177,170
76,178,170
76,178,170
76,178,170
76,178,170
76,178,170
76,178,170
76,177,170
76,177,170
75,177,170
76,177,170
76,177,170
76,177,170
76,177,170
77,178,171
77,178,171
77,178,171
77,178,172
77,178,172
77,178,172
77,179,172
78,179,172
77,178,172
77,178,171
77,178,171
76,178,170
76,178,170
76,177,170
76,177,170
76,177,170
75,177,169
74,177,170
74,176,170
73,176,168
73,176,168
73,176,168
73,176,168
73,176,168
73,176,168
73,176,168
73,176,168
72,176,168
72,176,168
72,175,167
71,175,167
71,175,167
70,175,167
70,174,168
70,174,168
70,174,168
70,174,167
72,175,167
72,175,167
72,175,167
72,175,167
72,175,167
72,175,167
72,175,167
72,175,167
72,175,167
72,175,167
72,175,167
70,175,167
71,175,167
71,175,167
70,175,167
72,175,167
72,175,167
72,175,167
72,175,167
72,175,167
72,175,167
72,175,167
72,175,167
72,175,167
72,175,167
72,175,167
72,175,167
72,175,167
72,175,167
72,175,167
72,176,167
72,176,167
72,176,167
72,176,167
72,176,167
72,176,167
73,176,168
73,176,168
73,176,168
73,176,168
72,176,167
72,176,167
72,176,167
72,176,167
72,176,167
72,176,167
73,176,168
73,176,168
73,176,168
73,176,168
73,176,168
73,176,168
73,176,168
73,176,168
73,176,168
73,176,168
73,176,168
73,176,168
73,176,168
73,176,168
73,176,168
73,176,168
73,176,168
73,176,168
73,176,168
73,176,168
73,176,168
73,176,168
73,176,168
73,176,168
73,176,168
73,176,168
72,176,167
72,176,167
72,176,167
72,176,167
72,176,167
72,176,167
72,176,167
72,176,167
72,176,168
72,176,168
72,176,168
73,177,169
74,176,170
74,177,170
74,177,170
74,177,170
74,177,170
74,177,170
74,177,170
74,177,170
74,177,170
74,177,170
73,176,169
73,176,169
73,176,169
73,176,169
73,176,169
73,176,169
73,176,169
73,176,169
73,176,169
74,177,170
74,177,170
74,177,170
74,177,170
75,177,169
76,177,170
76,177,170
76,177,170
76,177,170
76,177,170
76,177,170
76,177,170
76,177,170
76,177,170
75,177,170
75,177,169
74,177,170
74,177,169
73,176,168
73,176,168
72,176,167
71,175,168
69,175,167
69,174,167
68,174,167
68,174,167
69,175,167
70,175,168
72,175,168
73,176,169
75,177,169
76,177,170
76,177,170
76,177,170
76,177,170
76,177,170
76,177,170
76,178,170
76,178,170
76,178,170
76,178,170
76,178,170
76,177,170
76,177,170
76,177,170
75,177,169
76,177,170
76,177,170
76,177,170
76,177,170
76,177,170
76,177,170
76,178,170
76,178,170
77,178,171
76,178,171
76,178,171
76,177,171
76,178,170
76,178,170
76,178,170
76,177,170
76,177,170
76,177,170
76,177,170
76,177,170
75,177,169
74,177,170
74,177,170
74,176,170
73,176,168
73,176,168
73,176,168
73,176,168
73,176,168
73,176,168
73,176,168
73,176,168
72,176,168
72,176,168
72,175,167
71,175,167
70,175,167
70,174,168
70,174,168
70,174,168
70,174,167
70,174,167
72,175,167
72,175,167
72,175,167
72,175,167
72,175,167
72,175,167
72,175,167
72,175,167
72,175,167
72,175,167
72,175,167
70,175,167
71,175,167
71,175,167
70,175,167
72,175,167
72,175,167
72,175,167
72,175,167
72,175,167
72,175,167
72,175,167
72,175,167
72,175,167
72,175,167
72,175,167
72,175,167
72,175,167
72,175,167
72,176,167
72,176,167
72,176,167
72,176,167
72,176,167
72,176,167
72,176,167
72,176,167
73,176,168
73,176,168
73,176,168
72,176,167
72,176,167
72,176,167
72,176,167
72,176,167
72,176,167
73,176,168
73,176,168
73,176,168
73,176,168
73,176,168
73,176,168
73,176,168
73,176,168
73,176,168
73,176,169
73,176,169
73,176,169
73,176,169
73,176,169
73,176,169
73,176,169
73,176,169
73,176,169
73,176,169
73,176,169
73,176,169
73,176,169
73,176,169
73,176,169
73,176,169
73,176,169
73,176,168
72,176,167
72,176,167
72,176,167
72,176,167
72,176,167
72,176,167
72,176,167
72,176,167
72,177,168
72,177,168
72,176,168
72,176,168
73,176,169
73,176,169
73,176,169
73,176,169
73,176,169
73,176,169
73,176,169
73,176,169
73,176,169
73,176,169
73,176,169
73,176,169
73,176,169
73,176,169
73,176,169
73,176,169
73,176,169
73,176,169
73,176,169
74,177,170
74,177,170
74,177,170
74,177,170
75,177,169
76,177,170
76,177,170
76,177,170
76,177,170
76,177,170
76,177,170
76,177,170
76,177,170
75,177,170
75,177,170
75,177,170
75,177,169
74,177,169
73,176,168
73,176,168
71,175,168
69,175,167
69,174,167
68,174,167
68,174,167
68,174,167
69,175,167
71,175,168
73,176,169
74,177,170
76,177,170
76,177,170
76,177,170
76,177,170
76,177,170
76,178,170
76,178,170
76,178,170
76,178,170
76,178,170
76,177,170
76,177,170
76,177,170
75,177,169
75,177,169
76,177,170
76,177,170
76,177,170
76,177,170
76,177,170
76,177,170
76,177,170
75,177,169
75,177,169
75,177,169
75,177,169
76,177,170
76,177,170
76,177,170
76,177,170
76,177,170
76,177,170
76,177,170
76,177,170
76,177,170
74,177,170
74,177,170
74,177,170
74,176,170
73,176,168
73,176,168
73,176,168
73,176,168
73,176,168
73,176,168
73,176,168
73,176,168
72,176,168
72,176,168
72,175,167
72,175,167
70,175,167
70,174,168
70,174,168
70,174,168
70,174,167
70,174,167
72,175,167
72,175,167
72,175,167
72,175,167
72,175,167
72,175,167
72,175,167
72,175,167
72,175,167
72,175,167
71,175,168
70,175,167
70,175,167
70,175,167
70,175,167
72,175,167
72,175,167
72,175,167
72,175,167
72,175,167
72,175,167
72,175,167
72,175,167
72,175,167
72,175,167
72,175,167
72,175,167
72,175,167
72,175,167
72,176,167
72,176,167
72,176,167
72,176,167
72,176,167
72,176,167
72,176,167
72,176,167
73,176,168
73,176,168
73,176,168
72,176,167
72,176,167
72,176,167
72,176,167
72,176,167
73,176,168
73,176,168
73,176,168
73,176,168
73,176,168
73,176,168
73,176,168
73,176,168
73,176,168
73,176,169
73,176,169
73,176,169
73,176,169
73,176,169
73,176,169
73,176,169
73,176,169
73,176,169
73,176,169
73,176,169
73,176,169
73,176,169
73,176,169
73,176,169
73,176,169
73,176,169
73,176,169
73,176,169
73,176,168
73,176,168
72,176,168
72,176,167
72,176,167
72,176,167
72,176,167
72,176,167
72,177,168
72,177,168
72,177,168
73,176,168
73,176,168
73,176,169
73,176,169
73,176,169
73,176,169
73,176,169
73,176,169
73,176,169
73,176,169
73,176,169
73,176,169
73,176,169
73,176,169
73,176,169
73,176,169
73,176,169
73,176,169
73,176,169
73,176,169
73,176,169
74,177,170
74,177,170
74,177,170
74,177,170
76,177,170
76,177,170
76,177,170
76,177,170
76,177,170
76,177,170
76,177,170
76,177,170
75,177,170
75,177,170
75,177,170
75,177,170
75,177,169
74,177,169
73,176,168
72,176,167
71,175,168
69,175,166
68,174,167
68,174,167
68,174,167
68,174,167
69,175,168
71,176,168
73,176,169
75,177,169
76,177,170
76,177,170
76,177,170
76,177,170
76,178,170
76,178,170
76,178,170
76,177,170
76,177,170
76,177,170
76,177,170
76,177,170
76,177,170
75,177,169
76,177,170
76,177,170
76,177,170
76,177,170
76,177,170
75,177,170
75,177,170
75,177,170
75,177,170
75,177,170
75,177,170
75,177,169
75,177,169
76,177,170
76,177,170
76,177,170
76,177,170
76,177,170
76,177,170
75,177,169
74,177,170
74,177,170
74,177,170
74,177,170
74,177,169
73,176,168
73,176,169
73,176,169
73,176,169
73,176,169
73,176,168
73,176,168
73,176,168
72,176,168
72,176,168
72,175,167
70,175,167
70,174,168
70,174,168
70,174,168
70,174,167
70,174,167
72,175,167
72,175,167
72,175,167
72,175,167
72,175,167
72,175,167
72,175,167
72,175,167
72,175,167
72,175,167
72,175,167
71,175,168
71,175,168
70,175,168
70,175,167
71,175,168
72,175,167
72,175,167
72,175,167
72,175,167
72,175,167
72,175,167
72,175,167
72,175,167
72,175,167
72,175,167
72,175,167
72,175,167
72,175,167
72,175,167
72,175,167
72,176,167
72,176,167
72,176,167
72,176,167
72,176,167
72,176,168
72,176,168
73,176,168
73,176,168
73,176,168
72,176,167
72,176,167
72,176,167
72,176,167
73,176,168
73,176,168
73,176,168
73,176,168
73,176,168
73,176,168
73,176,168
73,176,168
73,176,168
73,176,169
73,176,169
73,176,169
73,176,169
73,176,169
73,176,169
73,176,169
73,176,169
73,176,169
73,176,169
73,176,169
73,176,169
73,176,169
73,176,169
73,176,169
73,176,169
73,176,169
73,176,169
73,176,169
73,176,169
73,176,169
73,176,169
73,176,168
72,176,167
72,176,167
72,176,167
72,176,167
72,176,167
73,176,168
72,177,168
72,177,168
73,176,168
73,176,168
73,176,169
73,176,169
73,176,169
73,176,169
73,176,169
73,176,169
73,176,169
73,176,169
73,176,169
73,176,169
73,176,169
73,176,169
73,176,169
73,176,169
73,176,169
73,176,169
73,176,169
73,176,169
73,176,169
74,177,170
74,177,170
74,177,170
74,177,170
76,177,170
76,177,170
76,177,170
76,177,170
76,177,170
76,177,170
76,177,170
75,177,169
75,177,170
75,177,170
75,177,170
75,177,170
75,177,170
75,177,169
74,177,169
73,176,168
72,176,167
71,175,168
69,175,166
69,174,167
68,174,167
68,174,167
69,175,168
70,175,167
72,176,168
74,176,170
75,177,169
76,177,170
76,177,170
76,177,170
76,177,170
76,177,170
76,177,170
76,177,170
76,177,170
76,177,170
76,177,170
76,177,170
76,177,170
76,177,170
76,177,170
76,177,170
76,177,170
76,177,170
76,177,170
75,177,170
75,177,170
75,177,170
75,177,170
75,177,170
75,177,170
75,177,170
75,177,169
75,177,169
76,177,170
76,177,170
76,177,170
76,177,170
76,177,170
75,177,169
75,177,169
74,177,170
74,177,170
74,177,170
74,177,170
74,176,170
73,176,169
74,176,170
74,176,170
74,176,170
74,177,169
73,176,168
73,176,168
73,176,168
72,176,168
72,176,168
72,175,167
70,175,167
70,174,168
70,174,168
70,174,167
70,174,167
70,174,167
72,175,167
72,175,167
72,175,167
72,175,167
72,175,167
72,175,167
72,175,167
72,175,167
72,175,167
72,175,167
71,175,168
71,175,168
71,175,168
71,175,168
71,175,168
72,175,167
72,175,167
72,175,167
72,175,167
72,175,167
72,175,167
72,175,167
72,175,167
72,175,167
72,175,167
72,175,167
72,175,167
72,175,167
72,175,167
72,175,167
72,175,167
72,175,167
72,176,167
72,176,167
72,176,167
72,176,167
72,176,168
72,176,168
73,176,168
73,176,168
73,176,168
72,176,167
72,176,167
72,176,167
73,176,168
73,176,168
73,176,168
73,176,168
73,176,168
73,176,168
73,176,168
73,176,168
73,176,168
73,176,168
73,176,169
73,176,169
73,176,169
73,176,169
73,176,169
73,176,169
73,176,169
73,176,169
73,176,169
73,176,169
73,176,169
73,176,169
73,176,169
73,176,169
73,176,169
73,176,169
73,176,169
73,176,169
73,176,169
73,176,169
73,176,169
73,176,169
73,176,168
73,176,168
73,176,168
72,176,167
72,176,167
72,176,167
73,176,168
73,176,168
73,176,168
73,176,168
73,176,168
73,176,168
73,176,169
73,176,169
73,176,169
73,176,169
73,176,169
73,176,169
73,176,169
73,176,169
73,176,169
73,176,169
73,176,169
73,176,169
73,176,169
73,176,169
73,176,169
73,176,169
73,176,169
73,176,169
74,177,170
74,177,170
74,177,170
74,177,170
76,177,170
76,177,170
76,177,170
76,177,170
76,177,170
76,177,170
76,177,170
75,177,170
75,177,170
75,177,170
75,177,170
75,177,170
75,177,170
75,177,169
75,177,169
74,177,169
73,176,168
72,176,168
71,175,168
69,175,166
69,175,166
69,175,167
69,175,168
71,175,168
72,176,168
72,176,168
74,177,170
75,177,169
76,177,170
76,177,170
76,177,170
76,177,170
76,177,170
76,177,170
76,177,170
76,177,170
76,177,170
76,177,170
76,177,170
76,177,170
76,177,170
76,177,170
76,177,170
76,177,170
76,177,170
75,177,170
75,177,170
75,177,170
75,177,170
75,177,170
75,177,169
75,177,169
74,177,170
75,177,169
75,177,169
75,177,169
75,177,169
75,177,169
75,177,169
75,177,169
75,177,169
75,177,169
74,177,170
74,177,170
74,177,170
74,177,170
74,177,170
74,176,170
74,177,170
74,176,170
74,177,169
74,177,169
73,176,168
73,176,168
73,176,168
72,176,168
72,176,168
72,175,167
70,174,168
70,174,168
70,174,168
69,174,167
70,174,167
72,175,167
72,175,167
72,175,167
72,175,167
72,175,167
72,175,167
72,175,167
72,175,167
72,175,167
72,175,167
71,175,168
71,175,168
71,175,168
71,175,168
72,175,167
72,175,167
72,175,167
72,175,167
72,175,167
72,175,167
72,175,167
72,175,167
72,175,167
72,175,167
72,175,167
72,175,167
72,175,167
72,175,167
72,175,167
72,175,167
72,175,167
72,175,167
72,176,167
72,176,167
72,176,167
72,176,167
72,176,168
72,176,168
72,176,168
72,176,167
72,176,167
72,176,167
72,176,167
72,176,167
73,176,168
73,176,168
73,176,168
73,176,168
73,176,168
73,176,168
73,176,168
73,176,168
73,176,168
73,176,168
73,176,169
73,176,169
73,176,169
73,176,169
73,176,169
73,176,169
73,176,169
73,176,169
73,176,169
73,176,169
73,176,169
73,176,169
73,176,169
73,176,169
73,176,169
73,176,169
73,176,169
73,176,169
73,176,169
73,176,169
73,176,169
73,176,169
73,176,169
73,176,168
73,176,168
73,176,168
73,176,168
73,176,168
73,176,168
73,176,168
73,176,168
73,176,168
73,176,168
73,176,168
73,176,168
73,176,168
73,176,168
73,176,168
73,176,168
73,176,168
73,176,168
73,176,168
73,176,169
73,176,169
73,176,169
74,176,170
74,176,170
73,176,169
73,176,169
73,176,169
73,176,169
73,176,169
74,177,170
74,177,170
74,177,170
75,177,169
76,177,170
76,177,170
76,177,170
76,177,170
76,177,170
76,177,170
75,177,170
75,177,170
75,177,170
75,177,170
75,177,170
75,177,169
75,177,169
75,177,169
75,177,169
75,177,169
74,177,169
73,176,168
73,176,168
72,175,167
71,175,168
70,175,167
71,175,168
71,175,168
72,176,169
72,176,169
74,177,170
74,177,170
75,177,170
75,177,170
76,177,170
76,177,170
76,177,170
76,177,170
76,177,170
76,177,170
77,178,171
77,178,171
76,178,170
76,178,170
76,177,170
76,177,170
76,177,170
76,177,170
76,177,170
76,177,170
75,177,170
75,177,170
75,177,170
75,177,169
75,177,169
74,177,170
73,176,169
73,176,169
74,176,170
74,177,170
75,177,169
75,177,169
75,177,169
75,177,169
75,177,169
75,177,170
75,177,169
75,177,169
75,177,169
75,177,169
75,177,169
76,177,170
76,177,170
75,177,169
75,177,170
74,177,169
74,177,169
73,176,168
73,176,168
73,176,168
72,176,168
72,175,167
71,175,168
70,174,168
70,174,168
70,174,168
70,174,168
72,175,167
72,175,167
72,175,167
72,175,167
72,175,167
72,175,167
72,175,167
72,175,167
72,175,167
72,175,167
72,175,167
71,175,168
71,175,168
72,175,167
72,175,167
72,175,167
72,175,167
72,175,167
72,175,167
72,175,167
72,175,167
72,175,167
72,175,167
72,176,167
72,176,167
72,176,167
72,176,167
72,175,167
72,175,167
72,175,167
72,175,167
72,176,167
72,176,167
72,176,167
72,176,168
72,176,168
72,176,168
72,176,168
72,176,168
72,176,167
72,176,167
72,176,167
72,176,167
72,176,167
72,176,167
73,176,168
73,176,168
73,176,168
73,176,168
73,176,168
73,176,168
73,176,168
73,176,168
73,176,168
73,176,169
73,176,169
73,176,169
73,176,169
73,176,169
73,176,169
73,176,169
73,176,169
73,176,169
73,176,169
73,176,169
73,176,169
73,176,169
73,176,169
73,176,169
73,176,169
73,176,169
73,176,169
73,176,169
73,176,169
73,176,169
73,176,169
73,176,169
73,176,169
73,176,168
73,176,168
73,176,168
73,176,168
73,176,168
73,176,168
73,176,168
73,176,168
73,176,168
73,176,168
73,176,168
73,176,168
73,176,168
73,176,168
73,176,168
73,176,168
73,176,168
73,176,168
73,176,168
73,176,169
74,176,170
74,177,170
74,177,170
74,176,170
73,176,169
73,176,169
73,176,170
73,176,170
74,177,170
74,177,170
75,177,170
75,177,170
76,177,170
76,177,170
76,177,170
76,177,170
75,177,169
75,177,170
75,177,170
75,177,170
75,177,169
75,177,169
75,177,170
76,177,170
75,177,169
75,177,169
75,177,169
75,177,169
75,177,169
74,177,169
73,176,168
73,176,168
73,176,168
72,175,167
71,176,168
72,176,169
72,176,169
73,177,170
74,176,170
74,177,170
75,177,170
75,177,170
75,177,170
76,177,170
76,177,170
76,177,170
76,177,170
76,178,170
77,178,171
77,178,171
77,178,171
76,178,170
76,177,170
76,177,170
76,177,170
76,177,170
76,177,170
76,177,170
76,177,170
75,177,170
75,177,170
75,177,170
75,177,169
73,176,169
73,176,169
73,176,169
73,176,169
74,176,170
74,177,170
74,177,170
75,177,169
75,177,169
75,177,169
74,177,170
74,177,170
75,177,169
75,177,169
75,177,169
76,177,170
76,177,170
76,177,170
76,177,170
75,177,169
75,177,170
74,177,169
73,176,168
73,176,168
73,176,168
72,176,168
72,176,167
72,175,167
70,174,168
70,174,168
70,174,168
70,174,168
72,175,167
72,175,167
72,175,167
72,175,167
72,175,167
72,175,167
72,175,167
72,175,167
72,175,167
72,175,167
72,175,167
72,175,167
72,175,167
72,175,167
72,175,167
72,175,167
72,175,167
72,175,167
72,175,167
72,175,167
72,175,167
72,175,167
72,175,167
72,175,167
72,176,167
72,176,167
72,176,167
72,176,167
72,176,167
72,176,167
72,176,167
72,176,167
72,176,168
72,176,168
72,176,167
72,176,167
72,176,167
72,176,167
72,176,168
72,176,168
72,176,167
72,176,167
72,176,167
72,176,167
72,176,167
72,176,167
72,176,167
72,176,167
73,176,168
73,176,168
73,176,168
73,176,168
73,176,168
73,176,168
73,176,168
73,176,169
73,176,169
73,176,169
73,176,169
73,176,169
73,176,169
73,176,169
73,176,169
73,176,169
73,176,169
73,176,169
73,176,169
73,176,169
73,176,169
73,176,169
73,176,169
73,176,169
73,176,169
73,176,169
73,176,169
73,176,169
73,176,169
73,176,169
73,176,168
73,176,168
73,176,168
73,176,168
73,176,168
73,176,168
73,176,168
73,176,168
73,176,168
73,176,168
73,176,168
73,176,168
73,176,168
73,176,168
73,176,168
73,176,168
73,176,168
73,176,168
73,176,168
73,176,168
73,176,168
74,176,170
74,177,170
74,177,170
74,177,170
73,176,170
73,176,170
73,176,170
73,176,170
74,177,170
74,177,170
75,177,170
75,177,170
75,177,169
76,177,170
75,177,169
75,177,169
75,177,169
75,177,170
75,177,170
75,177,170
75,177,169
75,177,169
76,177,170
76,177,170
76,177,170
76,177,170
76,177,169
76,177,169
75,177,169
75,177,169
74,177,169
74,177,169
73,176,168
73,176,168
73,176,168
72,176,168
73,176,169
74,176,170
74,177,170
74,177,170
75,177,170
75,177,170
75,177,170
76,177,170
76,177,170
76,177,170
76,177,170
76,178,170
77,178,171
77,178,171
77,178,171
76,178,170
76,177,170
76,177,170
76,177,170
76,177,170
76,177,170
76,177,170
76,177,170
76,177,170
75,177,170
75,177,170
75,177,169
73,176,169
73,176,169
73,176,169
73,176,169
73,176,169
74,177,170
74,177,170
74,177,170
74,177,170
74,177,170
74,177,170
74,177,170
75,177,170
75,177,170
75,177,169
76,177,170
76,177,170
76,177,170
76,177,170
76,177,170
75,177,170
75,177,170
74,177,169
73,176,168
73,176,168
73,176,168
72,176,167
72,175,167
70,175,168
70,174,168
70,174,168
70,174,168
70,174,168
72,175,167
72,175,167
72,175,167
72,175,167
72,175,167
72,175,167
72,175,167
72,175,167
72,175,167
72,175,167
72,175,167
72,175,167
72,175,167
72,175,167
72,175,167
72,175,167
72,175,167
72,175,167
72,175,167
72,175,167
72,175,167
72,175,167
72,175,167
72,175,167
72,176,167
72,176,167
72,176,167
72,176,168
72,176,168
72,176,168
72,176,168
72,176,168
72,176,168
72,176,168
72,176,167
72,176,167
72,176,167
72,176,167
72,176,167
72,176,167
72,176,167
72,176,167
72,176,167
72,176,167
72,176,167
72,176,167
72,176,167
72,176,167
72,176,167
72,176,167
73,176,168
73,176,168
73,176,168
73,176,168
73,176,168
73,176,169
73,176,169
73,176,169
73,176,169
73,176,169
73,176,169
73,176,169
73,176,169
73,176,169
73,176,169
73,176,169
73,176,169
73,176,169
73,176,169
73,176,169
73,176,169
73,176,169
73,176,169
73,176,169
73,176,169
73,176,169
73,176,169
73,176,168
73,176,168
73,176,168
73,176,168
73,176,168
73,176,168
73,176,168
73,176,168
73,176,168
73,176,169
73,176,169
73,176,169
73,176,168
73,176,168
73,176,168
73,176,168
73,176,168
73,176,168
73,176,168
73,176,168
73,176,168
73,176,168
73,176,169
73,176,169
74,176,170
73,176,169
73,176,170
73,176,170
73,176,170
73,176,170
74,177,170
74,177,170
75,177,170
75,177,170
75,177,170
75,177,169
75,177,169
75,177,169
75,177,169
75,177,169
75,177,170
75,177,170
75,177,170
76,177,170
76,177,170
76,177,170
76,177,170
76,177,170
76,177,170
76,177,169
76,177,169
75,177,169
75,177,169
75,177,169
74,177,169
74,177,169
74,176,169
74,176,169
74,176,170
74,177,170
74,177,170
75,177,169
75,177,169
75,177,170
76,177,170
76,177,170
76,177,170
76,177,170
76,177,170
76,177,170
76,177,170
77,178,171
76,178,170
76,177,170
76,177,170
76,177,170
76,177,170
76,177,170
76,177,170
76,177,170
76,177,170
76,177,170
75,177,170
75,177,170
75,177,169
74,177,170
73,176,169
73,176,169
73,176,169
74,176,170
74,177,170
74,177,170
74,177,170
74,177,170
74,177,170
74,177,170
74,177,170
75,177,170
75,177,170
76,177,170
76,177,170
76,177,170
76,177,170
76,177,170
76,177,170
76,177,170
75,177,170
74,177,169
74,177,169
73,176,168
73,176,168
72,176,167
72,175,167
71,175,168
70,174,168
70,174,168
70,174,168
70,174,168
72,175,167
72,175,167
72,175,167
72,175,167
72,175,167
72,175,167
72,175,167
72,175,167
72,175,167
72,175,167
72,175,167
72,175,167
72,175,167
72,175,167
72,175,167
72,175,167
72,175,167
72,175,167
72,175,167
72,175,167
72,175,167
72,175,167
72,175,167
72,175,167
72,176,167
72,176,167
72,176,168
72,176,168
72,176,168
72,176,168
72,176,168
72,176,168
72,176,168
72,176,168
72,176,167
72,176,167
72,176,167
72,176,167
72,176,167
72,176,167
72,176,167
72,176,167
72,176,167
72,176,167
72,176,167
72,176,167
72,176,167
72,176,167
72,176,167
72,176,167
72,176,167
73,176,168
73,176,168
73,176,168
73,176,168
73,176,169
73,176,169
73,176,169
73,176,169
73,176,169
73,176,169
73,176,169
73,176,169
73,176,169
73,176,169
73,176,169
73,176,169
73,176,169
73,176,169
73,176,169
73,176,169
73,176,169
73,176,168
73,176,168
72,176,167
73,176,168
73,176,168
73,176,168
73,176,168
73,176,168
73,176,168
73,176,168
73,176,168
73,176,169
73,176,169
73,176,169
73,176,169
73,176,169
73,176,169
73,176,169
73,176,168
73,176,168
73,176,168
72,176,167
72,176,167
72,176,167
72,176,167
72,176,167
72,176,167
73,176,168
73,176,168
73,176,169
73,176,169
73,176,169
73,176,170
73,176,170
73,176,170
74,177,170
74,177,170
74,177,170
75,177,170
75,177,170
75,177,169
75,177,169
75,177,169
75,177,169
75,177,169
74,177,170
75,177,170
75,177,170
76,177,170
76,177,170
76,177,170
76,177,170
76,177,170
76,177,170
76,177,170
76,177,169
76,177,169
76,177,169
75,177,169
75,177,169
75,177,169
75,177,169
75,177,169
75,177,169
76,177,170
76,177,170
76,177,170
76,177,170
76,177,170
76,177,170
76,177,170
76,177,170
76,177,170
76,177,170
76,177,170
76,177,170
76,177,170
76,177,170
76,177,170
76,177,170
76,177,170
76,177,170
76,177,170
76,177,170
76,177,170
76,177,170
76,177,170
75,177,170
75,177,170
75,177,170
74,177,170
74,177,170
74,176,170
74,176,170
74,176,170
74,177,170
74,177,170
74,177,170
74,177,170
74,177,170
74,177,170
74,177,170
75,177,170
75,177,170
76,177,170
76,177,170
76,177,170
76,177,170
76,177,170
76,177,170
76,177,170
75,177,170
75,177,169
74,177,169
73,176,168
73,176,168
72,176,167
72,175,167
71,175,168
70,175,168
70,174,168
70,174,168
70,174,168
72,175,167
72,175,167
72,175,167
72,175,167
72,175,167
72,175,167
72,175,167
72,175,167
72,175,167
72,175,167
72,175,167
72,175,167
72,175,167
72,175,167
72,175,167
72,175,167
72,175,167
72,175,167
72,175,167
72,175,167
72,175,167
72,175,167
72,175,167
72,175,167
72,175,167
72,176,168
72,176,168
72,176,168
72,176,168
72,176,168
72,176,168
72,176,168
72,176,168
72,176,168
72,176,167
72,176,167
72,176,167
72,176,167
72,176,167
72,176,167
72,176,167
72,176,167
72,176,167
72,176,167
72,176,167
72,176,167
72,176,167
72,176,167
72,176,167
72,176,167
72,176,167
73,176,168
73,176,168
73,176,168
73,176,168
73,176,169
73,176,169
73,176,169
73,176,169
73,176,169
73,176,169
73,176,169
73,176,169
73,176,169
73,176,169
73,176,169
73,176,169
73,176,169
73,176,169
73,176,169
73,176,168
73,176,168
72,176,167
72,176,167
72,176,167
72,176,167
72,176,167
72,176,167
73,176,168
73,176,168
73,176,168
73,176,168
73,176,169
73,176,169
73,176,169
73,176,169
73,176,169
73,176,169
73,176,169
73,176,169
73,176,168
73,176,168
72,176,167
72,176,167
72,176,167
72,176,167
72,176,167
72,176,167
72,176,167
72,176,167
72,176,167
73,176,169
73,176,169
73,176,169
73,176,169
73,176,170
73,176,170
73,176,170
74,177,170
74,177,170
75,177,169
75,177,170
75,177,170
75,177,170
75,177,169
75,177,170
74,177,170
74,177,170
74,177,170
75,177,170
76,177,170
76,177,170
76,177,170
76,177,170
76,177,170
76,177,170
76,177,170
76,177,169
76,177,169
76,177,169
76,177,169
76,177,169
76,177,169
76,177,170
76,177,170
76,177,170
76,177,170
76,177,170
76,177,170
76,177,170
76,177,170
76,177,170
76,177,170
76,177,170
76,177,170
76,177,170
76,177,170
75,177,169
76,177,170
76,177,170
76,177,170
76,177,170
76,177,170
76,177,170
76,177,170
76,177,170
76,177,170
76,177,170
76,177,170
76,177,170
75,177,170
75,177,170
75,177,170
75,177,169
75,177,169
75,177,169
75,177,169
74,177,170
74,177,170
74,177,170
74,177,170
74,177,170
74,177,170
74,177,170
75,177,170
75,177,170
76,177,170
76,177,170
76,177,170
76,177,170
76,177,170
76,177,170
76,177,170
75,177,169
75,177,169
74,177,169
73,176,168
73,176,168
73,176,168
72,176,168
72,175,167
70,175,167
70,174,168
70,174,168
70,174,168
72,175,167
72,175,167
72,175,167
72,175,167
72,175,167
72,175,167
72,175,167
72,175,167
72,175,167
72,175,167
72,175,167
72,175,167
72,175,167
72,175,167
72,175,167
72,175,167
72,175,167
72,175,167
72,175,167
72,175,167
72,175,167
72,175,167
72,175,167
72,175,167
72,175,167
72,175,167
72,176,168
72,176,168
72,176,167
72,176,167
72,176,167
72,176,167
72,176,167
72,176,167
72,176,167
72,176,167
72,176,167
72,176,167
72,176,167
72,176,167
72,176,167
72,176,167
72,176,167
72,176,167
72,176,167
72,176,167
72,176,167
72,176,167
72,176,167
72,176,167
72,176,167
73,176,168
73,176,168
73,176,168
73,176,168
73,176,169
73,176,169
73,176,169
73,176,169
73,176,169
73,176,169
73,176,169
73,176,169
73,176,169
73,176,169
73,176,168
73,176,168
73,176,168
73,176,168
73,176,168
72,176,167
72,176,167
72,176,167
72,176,167
72,176,167
72,176,167
72,176,167
72,176,167
72,176,167
73,176,168
73,176,168
73,176,169
73,176,169
73,176,169
73,176,169
73,176,169
73,176,169
73,176,169
73,176,169
73,176,169
73,176,169
73,176,168
72,176,167
72,176,167
72,176,167
72,176,167
72,176,167
72,176,167
72,176,167
72,176,167
72,176,167
72,176,167
73,176,169
73,176,169
73,176,169
73,176,169
73,176,169
73,176,169
73,176,169
74,177,170
74,177,170
75,177,170
75,177,170
75,177,169
75,177,169
74,177,170
74,177,170
74,177,170
75,177,170
76,177,170
76,177,170
76,177,170
76,177,170
76,177,170
76,177,170
76,177,170
76,178,170
77,178,171
77,178,171
77,178,171
77,178,171
77,178,171
77,178,171
77,178,171
77,178,171
77,178,171
77,178,171
77,178,171
76,178,170
76,177,170
76,177,170
76,177,170
76,177,170
76,177,170
76,177,170
76,177,170
75,177,170
75,177,170
75,177,170
75,177,169
76,177,170
76,177,170
76,177,170
76,177,170
76,177,170
76,177,170
76,177,170
76,177,170
76,177,170
76,177,170
76,177,170
76,177,170
75,177,170
75,177,170
75,177,169
75,177,169
75,177,169
75,177,169
75,177,169
74,177,170
74,177,170
74,177,170
74,177,170
75,177,170
75,177,170
75,177,169
76,177,170
76,177,170
76,177,170
76,177,170
76,177,170
76,177,170
76,177,170
75,177,170
75,177,170
74,177,169
73,176,168
73,176,168
73,176,168
72,176,168
72,176,168
71,175,167
71,175,167
70,174,168
70,174,168
72,175,167
72,175,167
72,175,167
72,175,167
72,175,167
72,175,167
72,175,167
72,175,167
72,175,167
72,175,167
72,175,167
72,175,167
72,175,167
72,175,167
72,175,167
72,175,167
72,175,167
72,175,167
72,175,167
72,175,167
72,175,167
72,175,167
72,175,167
72,175,167
72,175,167
72,175,167
72,175,167
72,176,167
72,176,167
72,176,167
72,176,167
72,176,167
72,176,167
72,176,167
72,176,167
72,176,167
72,176,167
72,176,167
72,176,167
72,176,167
72,176,167
72,176,167
72,176,167
72,176,167
72,176,167
72,176,167
72,176,167
72,176,167
72,176,167
72,176,167
72,176,167
73,176,168
73,176,168
73,176,168
73,176,168
73,176,168
73,176,169
73,176,169
73,176,169
73,176,169
73,176,169
73,176,169
73,176,169
73,176,169
73,176,169
73,176,168
73,176,168
72,176,167
72,176,167
72,176,167
72,176,167
72,176,167
72,175,167
72,175,167
72,175,167
72,175,167
72,175,167
72,176,167
72,176,167
72,176,167
72,176,167
73,176,168
73,176,169
73,176,169
73,176,169
74,177,170
74,177,170
73,176,169
73,176,169
73,176,169
73,176,169
73,176,169
73,176,169
72,176,168
72,176,167
72,176,167
72,176,167
73,176,168
72,176,167
72,176,167
72,176,167
72,176,167
72,176,167
72,176,168
72,176,168
73,176,169
73,176,169
73,176,169
73,176,169
73,176,169
73,176,169
74,177,170
75,177,170
75,177,170
74,177,170
74,177,170
74,177,170
74,177,170
74,177,170
75,177,169
76,177,170
76,177,170
76,177,170
76,177,170
76,177,170
76,177,170
76,178,170
77,178,171
77,178,171
77,178,171
77,178,171
77,178,171
77,178,171
77,178,171
77,178,171
77,178,171
77,178,171
77,178,171
77,178,171
77,178,171
76,178,170
76,177,170
76,177,170
76,177,170
76,177,170
76,177,170
75,177,170
75,177,170
74,177,170
74,177,170
75,177,170
76,177,170
76,177,170
76,177,170
76,177,170
76,177,170
76,177,170
76,177,170
76,177,170
76,177,170
76,177,170
76,177,170
76,177,170
76,177,170
75,177,170
75,177,170
75,177,170
75,177,170
75,177,170
75,177,170
75,177,170
75,177,170
75,177,170
75,177,169
75,177,169
75,177,169
76,177,170
76,177,170
76,177,170
76,177,170
76,177,170
76,177,170
76,177,170
76,177,170
76,177,170
75,177,170
74,177,170
73,176,169
73,176,168
73,176,168
73,176,168
72,176,168
72,175,167
71,175,167
71,175,167
70,174,168
70,174,168
72,175,167
72,175,167
72,175,167
72,175,167
72,175,167
72,175,167
72,175,167
72,175,167
72,175,167
72,175,167
72,175,167
72,175,167
72,175,167
72,175,167
72,175,167
72,175,167
72,175,167
72,175,167
72,175,167
72,175,167
72,175,167
72,175,167
72,175,167
72,175,167
72,175,167
72,175,167
72,175,167
72,176,167
72,176,167
72,176,167
72,176,167
72,176,167
72,176,167
72,176,167
72,176,167
72,176,167
72,176,167
72,176,167
72,176,167
72,176,167
72,176,167
72,176,167
73,176,168
73,176,168
73,176,168
72,176,167
72,176,167
72,176,167
72,176,167
72,176,167
72,176,167
73,176,168
73,176,168
73,176,168
73,176,168
73,176,168
73,176,169
73,176,169
73,176,169
73,176,169
73,176,169
73,176,169
73,176,169
72,176,168
72,176,167
72,176,167
72,176,167
72,176,167
72,175,167
72,176,167
72,175,167
72,175,167
72,175,167
72,175,167
72,175,167
72,175,167
72,175,167
72,175,167
72,176,167
72,176,167
72,176,167
72,176,167
73,176,168
73,176,169
74,177,170
74,177,170
74,177,170
74,177,170
73,176,169
73,176,169
73,176,169
73,176,169
73,176,169
73,176,169
73,176,169
73,176,168
73,176,168
73,176,168
73,176,168
73,176,168
72,176,167
72,176,167
72,176,167
72,176,167
72,176,168
72,176,168
73,176,169
73,176,169
73,176,169
73,176,169
73,176,169
73,176,169
74,177,170
74,177,170
74,177,170
74,177,170
74,177,170
75,177,169
75,177,169
76,177,170
76,177,170
76,177,170
76,177,170
76,177,170
76,177,170
76,177,170
77,178,171
77,178,171
77,178,171
77,178,171
77,178,171
77,178,171
77,178,171
77,178,171
78,179,171
78,179,171
78,179,171
77,178,171
77,178,171
77,178,171
77,178,171
76,178,170
76,177,170
76,177,170
76,177,170
76,177,170
75,177,169
74,177,170
74,177,170
74,177,170
74,177,170
75,177,169
76,177,170
76,177,170
76,177,170
76,177,170
76,177,170
76,177,170
76,177,170
76,177,170
76,177,170
76,177,170
76,177,170
77,177,171
76,177,170
75,177,170
75,177,170
75,177,170
75,177,170
75,177,170
75,177,170
75,177,170
75,177,170
75,177,169
75,177,169
76,177,170
76,177,170
76,177,170
76,177,170
76,177,170
76,178,170
76,178,170
76,178,170
76,177,170
76,177,170
75,177,169
75,177,169
74,177,170
73,176,169
73,176,169
73,176,168
72,176,168
72,176,168
72,175,167
71,175,167
71,175,167
70,175,168
72,175,167
72,175,167
72,175,167
72,175,167
72,175,167
72,175,167
72,175,167
72,175,167
72,175,167
72,175,167
72,175,167
72,175,167
72,175,167
72,175,167
72,175,167
72,175,167
72,175,167
72,175,167
72,175,167
72,175,167
72,175,167
72,175,167
72,175,167
72,175,167
72,175,167
72,175,167
72,175,167
72,176,167
72,176,167
72,176,167
72,176,167
72,176,167
72,176,167
72,176,167
72,176,167
72,176,167
72,176,167
72,176,167
72,176,167
72,176,167
73,176,168
73,176,168
73,176,168
73,176,168
73,176,168
73,176,168
72,176,167
72,176,167
72,176,167
72,176,167
72,176,167
72,176,167
73,176,168
73,176,168
73,176,168
73,176,168
73,176,169
73,176,169
73,176,169
73,176,169
72,176,168
72,176,168
72,176,168
72,176,168
72,176,167
72,176,167
72,175,167
72,175,167
72,175,167
72,175,167
72,175,167
72,175,167
72,175,167
72,175,167
72,175,167
72,175,167
72,175,167
72,175,167
72,175,167
72,175,167
72,176,167
72,176,167
72,176,167
73,176,168
73,176,169
74,177,170
74,177,170
74,176,170
73,176,169
73,176,169
73,176,169
72,176,168
72,176,168
73,176,169
73,176,169
73,176,169
73,176,169
73,176,168
73,176,168
73,176,168
73,176,168
72,176,167
72,176,167
72,176,167
72,176,167
72,176,167
72,176,168
73,176,169
73,176,169
73,176,169
73,176,169
73,176,169
73,176,169
74,177,170
74,177,170
74,177,170
75,177,169
75,177,169
76,177,170
76,177,170
76,177,170
76,177,170
76,177,170
76,177,170
76,177,170
76,177,170
77,178,171
77,178,171
77,178,171
77,178,171
77,178,171
77,178,171
78,179,171
78,179,171
78,179,171
78,179,171
78,178,172
78,178,172
77,178,171
77,178,171
77,178,171
77,178,171
76,178,170
76,177,170
76,177,170
76,177,170
75,177,169
75,177,170
74,177,170
74,177,170
74,177,170
74,177,170
76,177,170
76,177,170
76,177,170
76,177,170
76,177,170
76,177,170
76,177,170
76,177,170
76,177,170
76,178,170
77,177,171
77,177,171
77,177,171
76,177,170
75,177,169
75,177,169
75,177,169
75,177,169
75,177,170
75,177,170
75,177,170
76,177,170
76,177,170
76,177,170
76,177,170
76,177,170
76,177,170
76,177,170
76,178,170
77,178,171
76,178,170
76,177,170
76,177,170
76,177,170
75,177,169
74,177,170
73,176,169
73,176,169
73,176,168
73,176,168
72,176,168
72,176,168
71,175,167
71,175,168
70,175,168
72,175,167
72,175,167
72,175,167
72,175,167
72,175,167
72,175,167
72,175,167
72,175,167
72,175,167
72,175,167
72,175,167
72,175,167
72,175,167
72,175,167
72,175,167
72,175,167
72,175,167
72,175,167
72,175,167
72,175,167
72,175,167
72,175,167
72,175,167
72,175,167
72,175,167
72,175,167
72,175,167
72,176,167
72,176,167
72,176,167
72,176,167
72,176,167
72,176,167
72,176,167
72,176,167
72,176,167
72,176,167
72,176,167
73,176,168
73,176,168
73,176,168
73,176,168
73,176,168
73,176,168
73,176,168
73,176,168
73,176,168
72,176,167
72,176,167
72,176,167
72,176,167
73,176,168
73,176,168
73,176,168
73,176,168
73,176,168
73,176,169
73,176,169
73,176,169
72,176,168
72,176,168
72,176,168
72,176,168
72,176,167
72,176,167
72,176,167
72,175,167
72,175,167
72,175,167
72,175,167
72,175,167
72,175,167
72,175,167
72,175,167
72,175,167
72,175,167
72,175,167
72,175,167
72,175,167
72,175,167
72,175,167
72,176,167
72,176,167
73,176,168
73,176,168
73,176,168
73,176,168
73,176,168
73,176,168
73,176,169
73,176,169
72,176,168
72,176,168
73,176,169
73,176,169
73,176,169
73,176,169
73,176,169
73,176,168
73,176,168
73,176,168
73,176,168
72,176,167
72,176,167
72,176,167
72,176,167
72,176,167
72,176,167
72,176,168
73,176,169
73,176,169
73,176,169
73,176,169
73,176,169
74,177,170
74,177,170
75,177,169
75,177,169
76,177,169
76,177,170
76,177,170
76,177,170
76,177,170
76,177,170
76,177,170
76,177,170
76,178,170
77,178,171
77,178,171
77,178,171
77,178,171
78,178,172
78,179,171
78,179,171
78,179,171
78,178,172
78,178,172
78,178,172
78,178,171
77,178,171
77,178,171
77,178,171
76,178,170
76,178,170
76,177,170
76,177,170
75,177,169
75,177,169
74,177,170
74,177,170
74,177,170
74,177,170
76,177,170
76,177,170
76,177,170
76,177,170
76,177,170
76,177,170
76,177,170
76,177,170
77,178,171
77,178,171
77,177,170
77,177,170
77,177,170
76,178,170
76,177,170
75,177,169
75,177,169
75,177,169
75,177,169
76,177,170
76,177,170
76,177,170
76,177,170
76,177,170
76,177,170
76,177,170
76,177,170
77,178,171
77,178,171
77,178,171
77,178,171
77,178,171
76,177,170
76,177,170
76,177,170
75,177,169
74,177,170
73,176,169
73,176,168
73,176,168
72,176,168
72,176,168
72,175,167
71,175,168
71,175,168
72,175,167
72,175,167
72,175,167
72,175,167
72,175,167
72,175,167
72,175,167
72,175,167
72,175,167
72,175,167
72,175,167
72,175,167
72,175,167
72,175,167
72,175,167
72,175,167
72,175,167
72,175,167
72,175,167
72,175,167
72,175,167
72,175,167
72,175,167
72,175,167
72,175,167
72,175,167
72,175,167
72,176,167
72,176,167
72,176,167
72,176,167
72,176,167
72,176,167
72,176,167
72,176,167
72,176,167
72,176,167
73,176,168
73,176,168
73,176,168
73,176,168
73,176,168
73,176,168
73,176,168
73,176,168
73,176,168
73,176,168
72,176,167
72,176,167
72,176,167
72,176,167
73,176,168
73,176,168
73,176,168
73,176,168
73,176,168
73,176,169
73,176,169
73,176,169
73,176,169
73,176,169
73,176,169
73,176,168
72,176,168
72,176,167
72,176,167
72,175,167
72,175,167
72,175,167
72,176,167
72,176,167
72,176,167
72,176,167
72,176,167
72,175,167
72,175,167
72,175,167
72,175,167
72,175,167
72,175,167
72,175,167
72,175,167
72,176,167
72,176,167
72,177,168
73,177,168
73,177,168
73,176,168
73,176,168
73,176,168
73,176,169
73,176,169
73,176,169
73,176,169
73,176,169
73,176,169
73,176,169
73,176,169
73,176,169
73,176,168
73,176,168
73,176,168
73,176,168
72,176,167
72,176,167
72,176,167
72,176,167
72,176,167
72,176,167
73,176,169
73,176,169
73,176,169
73,176,169
73,176,169
73,176,169
74,177,170
75,177,169
75,177,169
76,177,169
76,177,169
76,177,170
76,177,170
76,177,170
76,177,170
76,177,170
76,177,170
76,178,170
76,178,170
77,178,171
77,178,171
77,178,171
77,178,171
78,179,171
78,179,171
78,179,171
78,179,171
78,178,172
78,178,172
77,178,171
77,178,171
77,178,171
77,178,171
77,178,171
76,178,170
76,177,170
76,177,170
76,177,170
75,177,169
75,177,169
74,177,170
74,177,170
74,177,170
76,177,170
76,177,170
76,177,170
76,177,170
76,177,170
76,177,170
76,177,170
76,178,170
77,178,171
77,178,171
78,178,171
78,178,171
77,177,170
76,178,170
76,177,170
76,177,170
76,177,170
76,177,170
76,177,170
76,177,170
76,177,170
76,177,170
76,177,170
76,177,170
76,178,170
77,178,171
77,178,171
77,178,171
77,178,171
77,178,171
77,178,171
77,178,171
77,178,171
76,177,170
76,177,170
75,177,169
75,177,170
74,177,170
73,176,168
73,176,168
72,176,168
72,176,168
72,175,167
72,175,167
71,175,168
72,175,167
72,175,167
72,175,167
72,175,167
72,175,167
72,175,167
72,175,167
72,175,167
72,175,167
72,175,167
72,175,167
72,175,167
72,175,167
72,175,167
72,175,167
72,175,167
72,175,167
72,175,167
72,175,167
72,175,167
72,175,167
72,175,167
72,175,167
72,175,167
72,175,167
72,175,167
72,175,167
72,175,167
72,176,167
72,176,167
72,176,167
72,176,167
72,176,167
72,176,167
72,176,167
72,176,167
72,176,167
73,176,168
73,176,168
73,176,168
73,176,168
73,176,168
73,176,168
73,176,168
73,176,168
73,176,168
73,176,168
73,176,168
73,176,168
72,176,167
72,176,167
72,176,167
73,176,168
73,176,168
73,176,168
73,176,168
73,176,168
73,176,169
73,176,169
73,176,169
73,176,169
73,176,169
73,176,169
73,176,168
73,176,168
73,176,168
73,176,168
72,176,167
72,176,167
72,176,167
72,176,167
72,176,167
72,176,167
72,176,167
72,176,167
72,175,167
72,175,167
72,175,167
72,175,167
72,175,167
72,175,167
72,175,168
71,176,168
71,176,168
72,176,167
72,177,168
72,177,168
73,177,168
73,177,168
73,176,168
73,176,168
73,176,168
73,176,169
73,176,169
74,176,170
74,177,170
74,177,170
74,177,170
74,176,170
74,176,170
73,176,169
73,176,168
73,176,168
73,176,168
72,176,167
72,176,167
72,176,167
72,176,167
72,176,167
72,176,167
72,176,167
72,176,168
72,176,168
73,176,169
73,176,169
73,176,169
74,177,170
75,177,169
75,177,169
76,177,169
76,177,170
76,177,170
76,177,170
76,177,170
76,177,170
76,177,170
76,177,170
76,178,170
76,178,170
76,178,170
77,178,171
77,178,171
77,178,171
78,179,171
78,179,171
78,179,171
78,179,171
78,178,172
78,178,172
77,178,171
77,178,171
77,178,171
77,178,171
77,178,171
76,178,170
76,177,170
76,177,170
76,177,170
75,177,169
75,177,169
74,177,170
74,177,170
74,177,170
75,177,170
76,177,170
76,177,170
76,177,170
76,177,170
76,177,170
76,177,170
77,178,171
77,178,171
77,178,171
78,178,171
78,178,171
78,178,171
77,178,171
76,178,170
76,177,170
76,177,170
76,177,170
76,177,170
76,177,170
76,177,170
76,177,170
76,178,170
77,178,171
77,178,171
77,178,171
77,178,171
77,178,171
77,178,171
77,178,171
77,178,171
77,178,171
77,178,171
76,177,170
76,177,170
76,177,170
75,177,170
74,177,169
73,176,168
73,176,168
73,176,168
72,176,168
72,176,168
72,175,167
72,175,167
71,175,168
72,175,167
72,175,167
72,175,167
72,175,167
72,175,167
72,175,167
72,175,167
72,175,167
72,175,167
72,175,167
72,175,167
72,175,167
72,175,167
72,175,167
72,175,167
72,175,167
72,175,167
72,175,167
72,175,167
72,175,167
72,175,167
72,175,167
72,175,167
72,175,167
72,175,167
72,175,167
72,175,167
72,175,167
72,176,168
72,176,168
72,176,167
72,176,167
72,176,167
72,176,167
72,176,167
72,176,167
73,176,168
73,176,168
73,176,168
73,176,168
73,176,168
73,176,168
73,176,168
73,176,168
73,176,168
73,176,168
73,176,168
73,176,168
73,176,168
73,176,168
73,176,168
73,176,168
73,176,168
73,176,168
73,176,168
73,176,168
73,176,168
73,176,169
73,176,169
73,176,169
73,176,169
73,176,169
73,176,169
73,176,168
73,176,168
73,176,168
73,176,168
73,176,168
73,176,168
73,176,168
73,176,168
73,176,168
73,176,168
73,176,168
73,176,168
72,176,167
72,175,167
72,175,167
72,175,167
72,175,167
71,175,168
71,175,168
71,175,168
71,176,168
71,176,168
72,176,167
72,177,168
72,177,168
73,176,168
73,176,168
73,176,168
73,176,168
73,176,168
73,176,169
74,177,170
74,177,170
74,177,170
74,177,170
74,177,170
74,177,170
74,177,170
74,177,169
73,176,169
73,176,168
73,176,168
72,176,167
72,176,167
72,176,167
72,176,167
72,176,167
72,176,167
72,176,168
72,176,168
73,176,169
73,176,169
73,176,169
73,176,169
74,177,170
75,177,169
75,177,169
76,177,170
76,177,170
76,177,170
76,177,170
76,177,170
76,177,170
76,177,170
76,177,170
76,177,170
76,178,170
76,178,170
77,178,171
77,178,171
77,178,171
78,179,171
78,179,171
78,178,172
78,178,172
77,178,171
77,178,171
77,178,171
77,178,171
77,178,171
77,178,171
77,178,171
76,177,170
76,177,170
76,177,170
76,177,170
75,177,169
75,177,169
74,177,170
74,177,170
75,177,170
76,177,170
76,177,170
76,177,170
76,177,170
76,177,170
77,178,171
77,178,171
77,178,171
77,178,171
78,178,171
78,178,171
78,178,171
77,178,171
77,178,171
76,177,170
76,177,170
76,177,170
76,177,170
76,177,170
76,177,170
76,178,170
77,178,171
77,178,171
77,178,171
77,178,171
77,178,171
77,178,171
78,178,172
78,178,172
78,178,172
77,178,171
77,178,171
77,178,171
76,177,170
76,177,170
75,177,170
75,177,169
74,177,169
73,176,168
73,176,168
72,176,168
72,176,168
72,175,167
72,175,167
72,175,167
72,175,167
72,175,167
72,175,167
72,175,167
72,175,167
72,175,167
72,175,167
72,175,167
72,175,167
72,175,167
72,175,167
72,175,167
72,175,167
72,175,167
72,175,167
72,175,167
72,175,167
72,175,167
72,175,167
72,175,167
72,175,167
72,175,167
72,175,167
72,175,167
72,175,167
72,175,167
72,175,167
72,176,167
72,176,167
73,176,168
72,176,167
72,176,167
72,176,167
72,176,167
72,176,167
72,176,167
72,176,167
73,176,168
73,176,168
73,176,168
73,176,168
73,176,168
73,176,168
73,176,168
73,176,168
73,176,168
73,176,168
73,176,168
73,176,168
73,176,168
73,176,168
72,177,168
72,177,168
72,177,168
73,176,168
73,176,168
73,176,168
73,176,169
73,176,169
73,176,169
73,176,169
73,176,169
73,176,169
73,176,169
73,176,168
73,176,168
73,176,168
73,176,168
73,176,168
73,176,168
73,176,168
73,176,168
73,176,168
73,176,168
73,176,168
73,176,168
72,176,167
72,175,167
72,175,167
72,175,167
71,175,168
71,175,168
71,175,168
71,175,168
71,176,168
72,176,167
73,176,168
73,176,168
73,176,168
73,176,168
73,176,168
73,176,168
73,176,168
74,176,170
74,177,170
74,177,170
74,177,170
74,177,170
74,177,170
75,177,169
75,177,169
75,177,170
74,176,170
73,176,169
73,176,168
73,176,168
72,176,167
72,176,167
72,176,167
72,176,167
72,176,167
72,176,168
72,176,168
72,176,168
73,176,169
73,176,169
73,176,169
73,176,169
74,177,169
75,177,169
75,177,169
76,177,170
76,177,170
76,177,170
76,177,170
76,177,170
76,177,170
76,177,170
76,177,170
76,177,170
76,177,170
76,178,170
77,178,171
77,178,171
77,178,171
78,178,172
78,178,172
77,178,171
77,178,171
77,178,171
77,178,171
77,178,171
77,178,171
77,178,171
77,178,171
76,177,170
76,177,170
76,177,170
76,177,170
75,177,169
75,177,169
75,177,169
74,177,170
74,177,170
75,177,169
76,177,170
76,177,170
76,177,170
76,177,170
76,177,170
77,178,171
77,178,171
77,178,171
77,178,171
78,178,171
77,178,171
77,178,171
76,178,170
76,178,170
76,177,170
76,177,170
76,177,170
76,177,170
76,177,170
77,178,171
77,178,171
77,178,171
77,178,171
77,178,171
77,178,171
78,178,172
78,178,172
78,178,172
78,178,172
78,179,171
77,178,171
77,178,171
76,177,170
76,177,170
76,177,170
75,177,170
74,177,169
73,176,168
73,176,168
73,176,168
72,176,168
72,175,167
72,175,167
72,175,167
72,175,167
72,175,167
72,175,167
72,175,167
72,175,167
72,175,167
72,175,167
72,175,167
72,175,167
72,175,167
72,175,167
72,175,167
72,175,167
72,175,167
72,175,167
72,175,167
72,175,167
72,175,167
72,175,167
72,175,167
72,175,167
72,175,167
72,175,167
72,175,167
72,176,167
72,175,167
72,176,167
72,176,167
73,176,168
73,176,168
73,176,168
73,176,168
72,176,167
72,176,167
72,176,167
72,176,167
72,176,167
73,176,168
73,176,168
73,176,168
73,176,168
73,176,168
73,176,168
73,176,168
73,176,168
73,176,168
73,176,168
73,176,168
73,176,168
73,176,168
72,176,167
72,176,167
72,176,167
72,177,168
73,176,168
73,176,168
73,176,168
73,176,169
73,176,169
73,176,169
73,176,169
73,176,169
73,176,169
73,176,169
73,176,169
73,176,168
73,176,168
73,176,168
73,176,168
73,176,168
73,176,168
73,176,168
73,176,168
73,176,168
73,176,168
73,176,168
72,176,167
72,175,167
72,175,167
72,175,167
71,175,168
71,175,168
71,175,168
71,176,168
71,176,168
72,176,167
72,176,167
73,176,168
73,176,168
73,176,168
73,176,168
73,176,168
73,176,168
73,176,168
74,176,170
74,177,170
74,177,170
74,177,170
74,177,170
74,177,170
75,177,170
75,177,170
75,177,169
75,177,169
73,176,169
73,176,168
73,176,168
72,176,167
72,176,167
72,176,167
72,176,168
72,176,168
72,175,168
72,176,168
72,176,168
72,176,168
73,176,169
73,176,169
73,176,168
74,177,170
74,177,170
74,177,170
74,177,170
75,177,169
75,177,169
75,177,169
76,177,170
76,177,170
76,177,170
76,177,170
76,177,170
76,177,170
76,178,170
77,178,171
77,178,171
77,178,171
77,178,171
77,178,171
77,178,171
77,178,171
77,178,171
77,178,171
77,178,171
77,178,171
76,178,170
76,177,170
76,177,170
76,177,170
76,177,170
75,177,169
75,177,169
75,177,169
74,177,170
74,177,170
74,177,170
75,177,169
75,177,169
76,177,170
76,177,170
76,177,170
76,177,170
77,178,171
77,178,171
77,178,171
77,178,171
77,178,171
77,178,171
76,178,170
76,177,170
76,177,170
76,177,170
76,177,170
76,177,170
76,177,170
76,178,170
77,178,171
77,178,171
77,178,171
77,178,171
77,178,171
78,178,172
78,178,172
78,178,172
78,179,171
78,179,171
77,178,171
77,178,171
77,178,171
76,177,170
76,177,170
75,177,170
75,177,169
74,177,169
73,176,168
73,176,168
72,176,168
72,176,168
72,175,167
72,175,167
72,175,167
72,175,167
72,175,167
72,175,167
72,175,167
72,175,167
72,175,167
72,175,167
72,175,167
72,175,167
72,175,167
72,175,167
72,175,167
72,175,167
72,175,167
72,175,167
72,175,167
72,175,167
72,175,167
72,175,167
72,175,167
72,176,167
72,175,167
72,176,167
72,176,167
72,176,167
72,176,168
73,176,168
73,176,168
73,176,168
73,176,168
73,176,168
73,176,168
73,176,168
73,176,168
72,176,167
72,176,167
73,176,168
73,176,168
73,176,169
73,176,169
73,176,168
73,176,168
73,176,168
73,176,168
73,176,168
73,176,168
73,176,168
73,176,168
73,176,168
72,176,167
72,176,167
72,176,167
72,176,167
73,176,168
73,176,168
73,176,168
73,176,169
73,176,169
73,176,169
73,176,169
73,176,169
73,176,169
74,177,170
74,177,170
74,177,170
74,176,170
73,176,168
73,176,168
73,176,168
73,176,168
73,176,168
73,176,168
73,176,168
73,176,168
73,176,168
72,176,167
72,176,167
72,175,167
72,175,167
72,175,167
72,175,167
72,175,167
71,176,168
72,175,167
72,176,167
72,176,167
72,176,167
73,176,168
73,176,168
73,176,168
73,176,168
73,176,168
73,176,168
73,176,168
73,176,168
73,176,168
74,176,170
74,177,170
74,177,170
75,177,169
75,177,169
75,177,169
75,177,169
74,177,170
73,176,168
73,176,168
73,176,168
72,176,167
72,176,168
72,176,168
72,176,168
72,175,168
72,176,168
72,176,168
72,176,167
72,176,167
73,176,168
73,176,168
73,176,169
73,177,169
73,177,169
73,176,169
74,177,170
74,177,170
75,177,169
75,177,169
75,177,169
75,177,169
75,177,169
75,177,169
76,177,170
76,177,170
77,178,171
77,178,171
77,178,171
77,178,171
77,178,171
77,178,171
77,178,171
77,178,171
77,178,171
77,178,171
77,178,171
76,178,170
76,177,170
76,177,170
76,177,170
76,177,170
75,177,169
75,177,169
74,177,170
74,177,170
74,177,170
74,177,170
74,177,170
75,177,169
75,177,169
76,177,170
76,177,170
76,177,170
77,178,171
77,178,171
77,178,171
77,178,171
77,178,171
77,178,171
76,178,170
76,177,170
76,177,170
76,177,170
76,177,170
76,177,170
76,177,170
77,178,171
77,178,171
77,178,171
77,178,171
77,178,171
77,178,171
78,178,172
78,178,172
78,178,172
78,179,171
78,179,171
78,179,171
77,178,171
77,178,171
76,177,170
76,177,170
75,177,170
75,177,170
74,177,170
73,176,168
73,176,168
73,176,168
72,176,168
72,176,168
72,175,167
72,175,167
72,175,167
72,175,167
72,175,167
72,175,167
72,175,167
72,175,167
72,175,167
72,175,167
72,175,167
72,175,167
72,175,167
72,175,167
72,175,167
72,175,167
72,175,167
72,175,167
72,175,167
72,175,167
72,176,167
72,176,167
72,176,167
72,176,167
72,176,167
72,176,167
72,176,168
72,176,168
73,176,169
73,176,168
73,176,168
73,176,168
73,176,168
73,176,168
73,176,168
73,176,168
73,176,168
73,176,168
73,176,168
73,176,169
73,176,169
73,176,169
73,176,169
73,176,168
73,176,168
73,176,168
73,176,168
73,176,168
73,176,168
73,176,168
72,176,167
72,176,167
72,176,167
72,176,167
72,176,167
72,176,167
73,176,168
73,176,168
73,176,169
73,176,169
73,176,169
73,176,169
73,176,169
74,177,170
74,177,170
74,177,170
74,177,170
74,177,170
74,176,169
73,176,168
73,176,168
73,176,168
73,176,168
73,176,168
73,176,168
73,176,169
73,176,169
73,176,169
72,176,167
72,175,167
72,175,167
72,175,167
72,175,167
72,175,167
72,175,167
72,175,167
72,175,167
72,176,167
72,176,167
73,176,168
73,176,168
73,176,169
73,176,169
73,176,168
73,176,168
73,176,168
73,176,168
73,176,168
73,176,168
73,176,169
74,177,170
74,177,170
75,177,169
75,177,169
75,177,169
75,177,169
74,176,169
73,176,168
73,176,168
73,176,168
73,176,169
73,176,169
72,176,168
72,176,168
72,176,168
72,176,167
72,176,167
72,176,167
73,176,168
73,176,168
73,176,168
72,176,168
73,177,169
73,176,169
73,176,169
73,176,169
74,176,170
74,177,170
75,177,169
75,177,169
75,177,170
75,177,170
75,177,170
76,177,170
76,178,170
77,178,171
77,178,171
77,178,171
77,178,171
77,178,171
77,178,171
77,178,171
77,178,171
77,178,171
77,178,171
76,178,170
76,177,170
76,177,170
76,177,170
76,177,169
76,177,169
75,177,169
74,177,170
74,177,170
74,177,170
74,176,170
74,176,170
74,177,170
75,177,169
75,177,169
76,177,170
76,177,170
77,178,171
77,178,171
77,178,171
77,178,171
77,178,171
76,178,170
76,178,170
76,178,170
76,177,170
76,177,170
76,177,170
76,177,170
76,177,170
77,178,171
77,178,171
77,178,171
77,178,171
77,178,171
77,178,171
78,178,172
78,178,172
78,178,172
78,179,171
78,179,171
78,179,171
77,178,171
77,178,171
77,178,171
76,177,170
76,177,170
75,177,170
75,177,169
73,176,169
73,176,168
73,176,168
72,176,168
72,176,168
72,176,168
72,175,167
72,175,167
72,175,167
72,175,167
72,175,167
72,175,167
72,175,167
72,175,167
72,175,167
72,175,167
72,175,167
72,175,167
72,175,167
72,175,167
72,175,167
72,175,167
72,175,167
72,175,167
72,175,167
72,175,167
72,176,167
72,176,167
72,176,167
72,176,167
72,176,167
72,176,168
72,176,168
73,176,169
73,176,168
73,176,168
73,176,168
73,176,168
73,176,168
73,176,168
73,176,168
73,176,168
73,176,168
73,176,169
73,176,169
73,176,169
73,176,169
73,176,169
73,176,169
73,176,168
73,176,168
73,176,168
73,176,168
73,176,168
72,176,168
72,176,167
72,176,167
72,176,167
72,176,167
72,176,167
72,176,167
72,176,167
73,176,168
73,176,169
73,176,169
73,176,169
73,176,169
73,176,169
74,177,170
74,177,170
74,177,170
74,177,170
74,177,170
74,177,170
74,177,169
73,176,168
73,176,168
73,176,168
73,176,168
73,176,169
73,176,169
73,176,169
73,176,169
72,176,167
72,176,167
72,175,167
72,175,167
72,175,167
72,175,167
72,175,167
72,175,167
72,175,167
72,176,167
72,176,167
72,176,167
73,176,168
72,176,168
72,176,168
72,177,168
73,176,168
73,176,168
73,176,168
73,176,168
73,176,168
73,176,168
73,176,168
73,176,169
74,177,170
75,177,169
75,177,169
74,177,170
74,176,170
73,176,168
73,176,168
73,176,169
73,176,169
73,176,169
73,176,169
73,176,169
73,176,168
73,176,168
72,176,167
72,176,167
73,176,168
73,176,168
73,176,168
73,176,168
72,176,168
73,176,169
73,176,169
73,176,169
73,176,169
74,176,170
74,177,170
74,177,170
75,177,170
75,177,170
75,178,170
75,177,170
76,177,170
77,178,171
77,178,171
77,178,171
77,178,171
77,178,171
77,178,171
77,178,171
77,178,171
77,178,171
77,178,171
77,178,171
76,178,170
76,177,170
76,177,170
76,177,169
76,177,169
75,177,169
75,177,169
74,177,170
74,176,170
73,176,169
73,176,169
74,176,170
75,177,170
75,177,170
76,177,170
76,178,170
77,178,171
77,178,171
77,178,171
77,178,171
76,178,170
76,178,170
76,178,170
76,178,170
76,177,170
76,177,170
76,177,170
76,177,170
77,178,171
77,178,171
77,178,171
77,178,171
77,178,171
77,178,171
77,178,171
77,178,171
78,178,172
78,179,171
78,179,171
78,179,171
78,178,172
77,178,171
77,178,171
77,178,171
76,177,170
76,177,170
75,177,170
75,177,170
73,176,169
73,176,168
73,176,168
73,176,168
72,176,168
72,176,168
72,175,167
72,175,167
72,175,167
72,175,167
72,175,167
72,175,167
72,175,167
72,175,167
72,175,167
72,175,167
72,175,167
72,175,167
72,175,167
72,175,167
72,175,167
72,175,167
72,175,167
72,175,167
72,175,167
72,176,167
72,176,167
72,176,167
72,176,167
72,176,167
72,176,167
72,176,167
72,176,167
73,176,168
73,176,168
73,176,168
73,176,168
73,176,168
73,176,168
73,176,168
73,176,168
73,176,168
73,176,168
73,176,168
73,176,169
73,176,169
73,176,169
73,176,169
73,176,169
73,176,168
73,176,168
73,176,168
73,176,168
73,176,168
72,176,168
72,176,167
72,176,167
72,176,167
72,176,167
72,176,167
72,176,167
72,176,167
73,176,168
73,176,168
73,176,169
73,176,169
73,176,169
73,176,169
73,176,169
74,177,170
74,177,170
74,177,170
74,177,170
74,177,170
74,177,169
74,177,169
73,176,168
73,176,169
73,176,169
73,176,169
73,176,169
73,176,169
73,176,169
72,176,167
72,176,167
72,176,167
72,175,167
72,175,167
72,175,167
72,175,167
72,175,167
72,176,167
72,176,167
72,176,167
73,176,168
73,176,168
72,176,168
72,177,168
72,177,168
72,177,168
72,177,168
73,176,168
73,176,168
73,176,168
73,176,168
73,176,168
73,176,169
73,176,169
74,177,170
74,177,170
74,176,170
74,176,170
73,176,169
73,176,169
73,176,169
73,176,169
73,176,169
73,176,169
73,176,168
73,176,168
73,176,168
73,176,168
73,176,168
73,176,168
73,176,168
73,176,168
73,176,168
73,176,168
72,176,168
72,176,168
72,176,168
73,177,169
73,176,169
74,177,170
74,177,170
75,177,170
75,177,170
75,177,170
76,177,171
76,178,170
77,178,171
77,178,171
78,178,171
78,178,171
78,178,171
77,178,171
77,178,171
77,178,171
77,178,171
77,178,171
77,178,171
77,178,171
76,178,170
76,178,170
76,177,170
76,177,170
76,177,170
75,177,169
74,177,170
74,177,170
73,176,169
73,176,169
74,177,170
75,177,170
76,177,169
76,178,170
77,177,170
77,178,171
77,178,171
77,178,171
77,178,171
76,178,170
76,178,170
76,178,170
76,178,170
76,178,170
76,178,170
76,178,170
76,178,170
77,178,171
77,178,171
77,178,171
77,178,171
77,178,171
77,178,171
77,178,171
77,178,171
78,178,172
78,179,171
78,179,171
78,179,171
78,178,172
77,178,171
77,178,171
77,178,171
76,177,170
76,177,170
75,177,170
75,177,170
74,177,169
73,176,168
73,176,168
73,176,168
72,176,168
72,176,168
72,175,167
72,175,167
72,175,167
72,175,167
72,175,167
72,175,167
72,175,167
72,175,167
72,175,167
72,175,167
72,175,167
72,175,167
72,175,167
72,175,167
72,175,167
72,175,167
72,175,167
72,175,167
72,175,167
72,175,167
72,176,167
72,176,167
72,176,167
72,176,167
72,176,167
72,176,167
72,176,167
73,176,168
73,176,168
73,176,168
73,176,168
73,176,168
73,176,168
73,176,168
73,176,168
73,176,168
73,176,168
73,176,168
73,176,168
73,176,169
73,176,169
73,176,169
73,176,169
73,176,168
73,176,168
73,176,168
73,176,168
73,176,168
72,176,168
72,176,168
72,176,167
72,176,167
72,176,167
72,176,167
72,176,167
72,176,167
73,176,168
73,176,168
73,176,169
73,176,169
73,176,169
73,176,169
73,176,169
74,177,170
74,177,170
74,177,170
74,177,170
74,177,170
74,177,170
74,177,170
74,177,170
74,176,170
73,176,169
73,176,169
73,176,169
73,176,169
73,176,169
73,176,168
72,176,167
72,176,167
72,176,167
72,175,167
72,175,167
72,175,167
72,175,167
72,176,167
72,176,167
73,176,168
73,176,168
72,177,168
72,177,168
72,177,168
72,177,168
72,177,168
72,177,168
73,176,168
73,176,168
73,176,168
73,176,168
73,176,168
73,176,168
73,176,169
73,176,169
73,176,169
73,176,169
73,176,169
73,176,169
73,176,169
73,176,169
73,176,169
73,176,169
74,177,170
74,177,170
74,177,169
74,177,169
74,177,169
73,176,168
73,176,168
73,176,168
73,176,168
73,176,168
73,176,168
72,176,168
72,176,168
72,176,168
72,176,168
73,176,169
74,177,170
74,177,170
75,177,170
75,177,170
76,177,171
76,177,171
77,178,171
77,178,171
77,178,171
78,178,172
78,178,171
78,178,171
77,178,171
77,178,171
77,178,171
77,178,171
77,178,171
77,178,171
77,178,171
77,178,171
77,178,171
76,178,170
76,178,170
76,177,170
76,177,170
75,177,169
74,177,170
74,177,170
74,177,170
74,177,170
75,177,170
76,178,170
77,177,170
78,178,171
78,178,171
77,178,171
77,178,171
77,178,171
76,178,170
76,178,170
76,178,170
76,178,170
76,178,170
76,178,170
77,178,171
77,178,171
77,178,171
77,178,171
77,178,171
77,178,171
77,178,171
77,178,171
77,178,171
77,178,171
78,179,171
78,179,171
78,179,171
78,178,172
77,178,171
77,178,171
77,178,171
77,178,171
76,177,170
76,177,170
75,177,170
75,177,170
74,177,169
73,176,168
73,176,168
73,176,168
72,176,168
72,176,168
72,175,167
72,175,167
72,175,167
72,175,167
72,175,167
72,175,167
72,175,167
72,175,167
72,175,167
72,175,167
72,175,167
72,175,167
72,175,167
72,175,167
72,175,167
72,175,167
72,175,167
72,175,167
72,175,167
72,175,167
72,176,167
72,176,167
72,176,167
72,176,167
72,176,167
72,176,167
72,176,167
72,176,167
73,176,168
73,176,168
73,176,168
73,176,168
73,176,168
73,176,168
73,176,168
73,176,168
73,176,168
73,176,168
73,176,168
73,176,169
73,176,169
73,176,169
73,176,169
73,176,169
73,176,168
73,176,168
73,176,168
72,176,168
72,176,168
72,176,168
72,175,167
72,175,167
72,176,167
72,176,167
72,176,167
73,176,168
73,176,168
73,176,168
73,176,168
73,176,169
73,176,169
73,176,169
73,176,169
73,176,169
74,177,170
74,177,170
74,177,170
74,177,170
74,177,170
74,177,170
74,177,170
74,177,170
74,176,170
73,176,169
73,176,169
73,176,169
73,176,169
73,176,168
73,176,168
72,176,167
72,176,167
72,176,167
72,175,167
72,175,167
72,176,167
72,176,167
72,176,167
73,176,168
73,176,168
72,177,168
72,177,168
72,177,168
72,177,168
72,177,168
72,177,168
73,176,168
73,176,168
72,176,167
72,176,167
72,176,167
73,176,168
73,176,169
73,176,169
73,176,169
73,176,169
73,176,169
73,176,169
73,176,169
73,176,169
73,176,169
74,176,170
75,177,169
75,177,170
75,177,169
75,177,170
75,177,169
74,177,170
73,176,168
73,176,168
73,176,168
73,176,168
73,176,168
73,176,169
72,176,168
72,176,168
72,176,168
73,176,169
74,177,170
74,177,170
75,177,169
76,177,170
76,177,170
77,178,171
77,178,171
77,178,171
77,178,171
78,178,172
78,178,171
78,178,171
78,178,171
78,178,172
78,178,172
78,178,172
78,178,172
77,178,171
77,178,171
77,178,171
77,178,171
77,178,171
76,178,170
76,177,170
76,177,170
76,177,170
75,177,169
74,177,170
74,177,170
75,177,169
76,177,170
77,177,170
78,178,171
78,178,171
78,178,171
78,178,171
77,178,171
77,178,171
76,178,170
76,178,170
76,178,170
76,178,170
76,178,170
76,178,170
77,178,171
77,178,171
77,178,171
77,178,171
77,178,171
77,178,171
77,178,171
77,178,171
77,178,171
77,178,171
77,178,171
78,179,171
78,179,171
78,179,171
77,178,171
77,178,171
77,178,171
76,178,170
76,177,170
76,177,170
75,177,170
75,177,170
74,177,169
73,176,168
73,176,168
73,176,168
72,176,168
72,176,168
72,175,167
72,175,167
72,175,167
72,175,167
72,175,167
72,175,167
72,175,167
72,175,167
72,175,167
72,175,167
72,175,167
72,175,167
72,175,167
72,175,167
72,175,167
72,175,167
72,175,167
72,175,167
72,175,167
72,175,167
72,176,167
72,176,167
72,176,167
72,176,167
72,176,167
72,176,167
72,176,167
72,176,167
72,176,167
72,176,167
72,176,167
72,176,167
72,176,167
72,176,167
72,176,167
73,176,168
73,176,168
73,176,168
73,176,168
73,176,168
73,176,169
73,176,169
73,176,169
73,176,169
73,176,168
73,176,168
73,176,168
72,176,168
72,176,168
72,175,167
72,175,167
72,175,167
72,176,167
72,176,167
72,176,167
73,176,168
73,176,168
73,176,168
73,176,168
73,176,169
73,176,169
73,176,169
73,176,169
73,176,169
74,176,170
74,177,170
74,177,170
74,177,170
74,177,170
74,177,170
74,177,170
74,177,170
74,177,170
74,176,170
73,176,169
73,176,169
73,176,169
73,176,168
73,176,168
73,176,168
72,176,167
72,176,167
72,176,167
72,176,167
72,176,167
73,176,168
73,176,168
73,176,168
73,176,168
73,176,168
72,177,168
72,177,168
72,177,168
72,177,168
73,176,168
73,176,168
73,176,168
72,176,167
72,176,167
72,176,167
72,176,167
72,176,167
72,176,167
72,176,168
73,176,169
73,176,169
73,176,169
73,176,169
73,176,169
74,176,170
75,177,169
76,177,170
76,177,170
76,177,170
76,177,170
76,177,170
75,177,170
74,177,170
73,176,169
73,176,168
73,176,168
73,176,168
73,176,169
73,176,169
73,176,169
73,176,169
73,176,169
74,177,170
74,177,170
75,177,169
76,177,170
76,177,170
77,178,171
77,178,172
77,178,171
77,178,171
78,178,172
78,178,172
78,178,171
78,178,172
78,178,172
78,178,172
78,179,171
78,179,171
78,178,172
77,178,171
77,178,171
77,178,171
77,178,171
77,178,171
76,178,170
76,177,170
76,177,170
76,177,170
75,177,169
75,177,169
75,177,169
76,177,170
77,178,171
78,178,171
78,178,171
78,178,171
78,178,171
77,178,171
77,178,171
76,178,170
76,178,170
76,178,170
76,178,170
76,178,170
77,178,171
77,178,171
77,178,171
77,178,171
77,178,171
77,178,171
77,178,171
77,178,171
77,178,171
77,178,171
77,178,171
77,178,171
78,179,171
78,179,171
78,178,172
77,178,171
77,178,171
77,178,171
76,178,170
76,177,170
76,177,170
75,177,169
75,177,169
74,177,169
73,176,168
73,176,168
73,176,168
72,176,168
72,176,168
72,175,167
72,175,167
72,175,167
72,175,167
72,175,167
72,175,167
72,175,167
72,175,167
72,175,167
72,175,167
72,175,167
72,175,167
72,175,167
72,175,167
72,175,167
72,175,167
72,175,167
72,175,167
72,175,167
72,175,167
72,176,167
72,176,167
72,176,167
72,176,167
72,176,167
72,176,167
72,176,167
72,176,167
72,176,167
73,176,168
73,176,168
73,176,168
73,176,168
72,176,167
72,176,167
73,176,168
73,176,168
73,176,168
73,176,168
73,176,169
73,176,169
73,176,169
73,176,169
73,176,169
73,176,169
73,176,168
73,176,168
72,176,168
72,176,168
72,175,167
72,175,167
72,175,167
72,176,167
72,176,167
72,176,167
73,176,168
73,176,168
73,176,168
73,176,169
73,176,169
73,176,169
73,176,169
73,176,169
73,176,169
73,176,169
74,177,170
74,177,170
74,177,170
74,177,170
74,177,170
74,177,170
74,177,170
74,177,170
74,177,170
74,176,170
73,176,169
73,176,169
73,176,169
73,176,168
73,176,168
72,176,167
72,176,167
72,176,167
72,176,167
73,176,168
73,176,168
73,176,168
73,176,168
73,176,168
73,176,168
73,176,168
73,176,168
73,176,168
73,176,168
73,176,168
73,176,168
73,176,168
73,176,168
72,176,167
72,176,167
72,176,167
72,176,167
72,176,167
72,176,167
72,176,168
73,176,169
73,176,169
73,176,169
73,176,169
75,177,169
76,177,170
76,177,170
77,178,171
77,178,171
76,178,170
76,177,170
76,177,170
75,177,170
74,177,170
73,176,168
73,176,168
73,176,168
73,176,169
73,176,169
73,176,169
73,176,169
73,176,169
74,177,170
74,177,170
76,177,170
76,177,170
77,178,171
77,178,171
77,178,171
77,178,171
77,178,171
77,178,171
78,178,172
78,178,172
78,178,172
78,179,171
78,179,171
78,179,171
78,179,171
78,179,171
78,178,172
77,178,171
77,178,171
77,178,171
77,178,171
77,178,171
76,178,170
76,177,170
76,177,170
76,177,170
76,177,170
76,177,170
76,178,170
77,178,171
77,178,171
78,178,171
78,178,171
78,178,171
77,178,171
77,178,171
76,178,170
76,178,170
76,178,170
76,178,170
76,178,170
77,178,171
77,178,171
77,178,171
77,178,171
77,178,171
77,178,171
77,178,171
77,178,171
77,178,171
77,178,171
77,178,171
78,179,171
78,179,171
78,179,171
78,178,172
77,178,171
77,178,171
76,178,170
76,177,170
76,177,170
76,177,170
75,177,169
75,177,170
75,177,169
74,177,169
73,176,168
73,176,168
72,176,168
72,176,168
72,175,167
72,175,167
72,175,167
72,175,167
72,175,167
72,175,167
72,175,167
72,175,167
72,175,167
72,175,167
72,175,167
72,175,167
72,175,167
72,175,167
72,175,167
72,175,167
72,175,167
72,175,167
72,175,167
72,175,167
72,176,167
72,176,167
72,176,167
72,176,167
72,176,167
72,176,167
72,176,167
72,176,167
72,176,167
73,176,168
73,176,168
73,176,168
73,176,168
73,176,168
72,176,167
73,176,168
73,176,169
73,176,169
73,176,169
73,176,169
73,176,169
73,176,169
73,176,169
73,176,169
73,176,169
73,176,168
73,176,168
73,176,168
72,176,168
72,175,167
72,175,167
72,176,167
72,176,167
72,176,167
72,176,167
73,176,168
73,176,168
73,176,168
73,176,169
73,176,169
73,176,169
73,176,169
73,176,169
73,176,169
73,176,169
74,176,170
74,177,170
74,177,170
74,177,170
74,177,170
74,177,170
74,177,170
74,177,170
74,177,170
74,177,170
74,176,170
73,176,169
73,176,169
73,176,168
73,176,168
73,176,168
73,176,168
73,176,168
73,176,168
73,176,168
73,176,168
73,176,168
73,176,168
73,176,168
73,176,168
74,176,169
74,176,169
73,176,168
73,176,168
73,176,168
73,176,168
73,176,168
73,176,168
73,176,168
72,176,167
72,176,167
72,176,167
72,176,167
72,176,167
72,176,167
72,176,168
73,176,169
73,176,169
73,176,169
76,177,170
76,177,170
77,178,171
77,178,171
77,178,171
77,178,171
76,178,170
76,177,170
75,177,170
74,177,170
74,177,170
73,176,169
73,176,169
73,176,169
73,176,169
73,176,169
73,176,169
74,176,170
74,177,170
74,177,170
76,177,170
76,177,170
77,178,171
77,178,171
77,178,171
77,178,171
77,178,171
77,178,171
77,178,171
77,178,171
78,178,172
78,179,171
78,179,171
78,179,171
78,179,171
78,179,171
78,179,171
77,178,171
77,178,171
77,178,171
77,178,171
77,178,171
77,178,171
76,177,170
76,177,170
76,177,170
76,177,170
76,177,170
77,178,171
77,178,171
77,178,171
77,178,171
77,178,171
77,178,171
77,178,171
77,178,171
76,178,170
76,178,170
76,178,170
76,178,170
77,178,171
77,178,171
77,178,171
77,178,171
77,178,171
77,178,171
77,178,171
77,178,171
77,178,171
77,178,171
77,178,171
77,178,171
78,179,171
78,179,171
78,179,171
78,178,172
77,178,171
77,178,171
76,178,170
76,177,170
76,177,170
76,177,170
76,177,170
75,177,170
75,177,169
74,177,169
73,176,168
73,176,168
73,176,168
72,176,168
72,175,167
72,175,167
72,175,167
72,175,167
72,175,167
72,175,167
72,175,167
72,175,167
72,175,167
72,175,167
72,175,167
72,175,167
72,175,167
72,175,167
72,175,167
72,175,167
72,175,167
72,175,167
72,175,167
72,175,167
72,176,167
72,176,167
72,176,167
72,176,167
72,176,167
72,176,167
72,176,167
72,176,167
73,176,168
73,176,168
73,176,168
73,176,168
73,176,168
73,176,168
73,176,169
73,176,169
73,176,169
73,176,169
73,176,169
73,176,169
73,176,169
73,176,169
73,176,169
73,176,169
73,176,169
73,176,168
73,176,168
73,176,168
72,176,168
72,176,167
72,176,167
72,176,167
72,176,167
72,176,167
72,176,167
73,176,168
73,176,168
73,176,169
73,176,169
73,176,169
73,176,169
73,176,169
73,176,169
73,176,169
73,176,169
73,176,169
74,177,170
74,177,170
74,177,170
74,177,170
74,177,170
74,177,170
74,177,170
74,177,170
74,177,170
74,176,170
73,176,169
73,176,169
73,176,169
73,176,168
73,176,168
73,176,168
73,176,168
73,176,168
73,176,168
73,176,168
73,176,168
73,176,169
73,176,169
74,177,170
74,177,169
74,177,169
74,177,169
74,177,169
74,176,169
73,176,168
73,176,168
73,176,168
73,176,168
73,176,168
72,176,167
72,176,167
72,176,167
72,176,167
72,176,167
72,176,168
72,176,168
73,176,169
73,176,169
75,177,169
76,177,170
77,178,171
77,178,171
77,178,171
77,178,171
76,178,170
76,177,170
75,177,170
75,177,169
74,177,170
73,176,169
73,176,169
73,176,169
73,176,169
73,176,169
74,176,170
74,177,170
74,177,170
75,177,169
76,177,170
76,177,170
76,178,170
77,178,171
77,178,171
77,178,171
77,178,171
77,178,171
77,178,171
77,178,171
78,178,172
78,179,171
78,179,171
78,179,171
78,179,171
78,179,171
78,179,171
78,178,172
77,178,171
77,178,171
77,178,171
77,178,171
77,178,171
76,178,170
76,178,170
76,177,170
76,177,170
76,178,170
77,178,171
77,178,171
77,178,171
77,178,171
77,178,171
77,178,171
77,178,171
77,178,171
76,178,170
76,178,170
76,178,170
76,178,170
77,178,171
77,178,171
77,178,171
77,178,171
77,178,171
77,178,171
77,178,171
77,178,171
77,178,171
77,178,171
77,178,171
77,178,171
78,179,171
78,179,171
78,179,171
78,178,172
77,178,171
77,178,171
76,178,170
76,178,170
76,177,170
76,177,170
76,177,170
75,177,170
75,177,169
75,177,169
73,176,168
73,176,168
73,176,168
72,176,168
72,175,167
72,175,167
72,175,167
72,175,167
72,175,167
72,175,167
72,175,167
72,175,167
72,175,167
72,175,167
72,175,167
72,175,167
72,175,167
72,175,167
72,175,167
72,175,167
72,175,167
72,175,167
72,175,167
72,175,167
72,175,167
72,176,167
72,176,167
72,176,167
72,176,167
72,176,167
72,176,167
72,176,167
72,176,167
73,176,168
73,176,168
73,176,168
73,176,168
73,176,169
73,176,169
73,176,169
73,176,169
73,176,169
73,176,169
73,176,169
73,176,169
73,176,169
73,176,169
73,176,169
73,176,169
73,176,169
73,176,168
73,176,168
73,176,168
72,176,167
72,176,167
72,176,167
72,176,167
72,176,167
72,176,167
72,176,167
73,176,168
73,176,169
73,176,169
73,176,169
73,176,169
73,176,169
73,176,169
73,176,169
73,176,169
73,176,169
73,176,169
74,176,170
74,177,170
74,177,170
74,177,170
74,177,170
74,177,170
74,177,170
74,177,170
74,177,170
74,177,170
74,176,170
73,176,169
73,176,169
73,176,168
73,176,168
73,176,168
73,176,168
73,176,168
73,176,168
73,176,168
73,176,169
74,176,170
74,177,170
74,177,170
74,177,170
75,177,169
75,177,170
74,177,170
74,177,170
74,177,170
74,176,170
74,176,169
73,176,168
73,176,168
73,176,168
72,176,167
72,176,167
72,176,167
72,176,167
72,176,168
72,176,168
73,176,169
73,176,169
74,177,170
76,177,170
76,177,170
77,178,171
77,178,171
76,178,170
76,177,170
76,177,170
75,177,170
75,177,169
74,177,170
74,176,170
73,176,169
73,176,169
73,176,169
74,176,170
74,177,170
74,177,170
74,177,170
75,177,169
76,177,170
76,177,170
76,177,170
76,178,170
77,178,171
77,178,171
77,178,171
77,178,171
77,178,171
77,178,171
77,178,171
78,179,171
78,179,171
78,179,171
78,179,171
78,179,171
78,179,171
78,179,171
78,178,172
77,178,171
77,178,171
77,178,171
77,178,171
77,178,171
77,178,171
76,178,170
77,178,171
77,178,171
77,178,171
77,178,171
77,178,171
77,178,171
77,178,171
77,178,171
77,178,171
77,178,171
76,178,170
76,177,170
76,177,170
76,177,170
77,178,171
77,178,171
77,178,171
77,178,171
77,178,171
77,178,171
77,178,171
77,178,171
77,178,171
77,178,171
77,178,171
77,178,171
78,178,172
78,178,172
78,178,172
78,178,172
77,178,171
77,178,171
77,178,171
76,178,170
76,178,170
76,178,170
76,177,170
76,177,170
75,177,169
75,177,169
74,177,169
73,176,168
73,176,168
73,176,168
72,176,168
72,175,167
72,175,167
72,175,167
72,175,167
72,175,167
72,175,167
72,175,167
72,175,167
72,175,167
72,175,167
72,175,167
72,175,167
72,175,167
72,175,167
72,175,167
72,175,167
72,175,167
72,175,167
72,175,167
72,175,167
72,176,167
72,176,167
72,176,167
72,176,167
72,176,167
72,176,167
72,176,167
73,176,168
73,176,168
73,176,168
73,176,168
73,176,169
73,176,169
73,176,169
73,176,169
73,176,169
73,176,169
73,176,169
73,176,169
73,176,169
73,176,169
73,176,169
73,176,169
73,176,169
73,176,169
73,176,169
73,176,168
73,176,168
72,176,167
72,176,167
72,176,167
72,176,167
72,176,167
72,176,167
72,176,167
73,176,168
73,176,169
73,176,169
73,176,169
73,176,169
73,176,169
73,176,169
73,176,169
73,176,169
73,176,169
73,176,169
74,176,170
74,177,170
74,177,170
74,177,170
74,177,170
74,177,170
74,177,170
74,177,170
74,177,170
74,177,170
74,177,170
74,176,170
73,176,169
73,176,168
73,176,168
73,176,168
73,176,168
73,176,168
73,176,168
73,176,169
73,176,169
74,177,170
74,177,170
74,177,170
75,177,170
75,177,170
75,177,170
75,177,169
75,177,169
74,177,170
74,177,170
74,177,170
74,176,170
73,176,168
73,176,168
73,176,168
72,176,167
72,176,167
72,176,167
72,176,168
72,176,168
73,176,169
73,176,169
74,177,170
76,177,170
76,177,170
76,178,170
76,178,170
76,177,170
76,177,170
75,177,169
75,177,169
75,177,170
75,177,169
75,177,169
74,176,170
74,177,170
74,177,170
74,177,170
74,177,170
75,177,169
75,177,169
75,177,169
76,177,170
76,177,170
76,177,170
76,178,170
76,178,170
77,178,171
77,178,171
77,178,171
77,178,171
77,178,171
77,178,171
77,178,171
78,178,172
78,179,171
78,179,171
79,179,171
78,178,172
78,179,171
78,179,171
77,178,171
77,178,171
77,178,171
77,178,171
77,178,171
77,178,171
77,178,171
77,178,171
77,178,171
77,178,171
77,178,171
77,178,171
77,178,171
77,178,171
77,178,171
77,178,171
77,178,171
76,178,170
76,177,170
76,177,170
76,177,170
77,178,171
77,178,171
77,178,171
77,178,171
77,178,171
78,178,172
78,178,172
78,178,172
78,178,172
77,178,171
77,178,171
77,178,171
78,178,172
78,178,172
78,178,172
77,178,171
77,178,171
77,178,171
77,178,171
77,178,171
77,178,171
77,178,171
76,178,170
76,177,170
76,177,170
75,177,169
75,177,169
74,177,169
73,176,168
73,176,168
72,175,167
72,175,167
72,175,167
72,175,167
72,175,167
72,175,167
72,175,167
72,175,167
72,175,167
72,175,167
72,175,167
72,175,167
72,175,167
72,175,167
72,175,167
72,175,167
72,175,167
72,175,167
72,175,167
72,175,167
72,175,167
72,176,167
72,176,167
72,176,167
72,176,167
72,176,167
73,176,168
73,176,168
73,176,168
73,176,168
73,176,169
73,176,169
73,176,169
73,176,169
73,176,170
73,176,170
73,176,169
73,176,169
74,177,170
74,177,170
74,177,170
74,177,170
73,176,169
73,176,169
73,176,169
73,176,169
73,176,168
73,176,168
72,176,167
72,176,167
72,176,167
72,176,167
72,176,167
72,176,167
73,176,168
73,176,168
73,176,169
73,176,169
74,176,170
74,177,170
73,176,169
73,176,169
73,176,169
73,176,169
73,176,169
73,176,168
73,176,168
74,177,169
74,177,170
74,177,170
74,177,170
74,177,170
74,177,170
74,177,170
74,177,170
74,177,170
74,177,170
74,177,170
74,176,170
73,176,168
73,176,168
73,176,168
73,176,168
73,176,168
73,176,168
73,176,169
74,177,170
74,177,170
74,177,170
74,177,170
75,177,169
75,177,169
75,177,169
75,177,169
75,177,169
75,177,169
74,177,170
74,177,170
74,177,170
74,176,170
73,176,168
73,176,168
73,176,168
72,176,167
72,176,167
72,176,168
73,176,169
73,176,169
73,176,169
74,177,170
74,177,170
76,177,170
76,177,170
76,177,170
76,177,170
75,177,169
75,177,169
75,177,169
75,177,169
74,177,170
74,177,170
74,177,170
74,177,170
74,177,170
75,177,169
75,177,169
75,177,169
76,177,170
76,177,170
76,177,170
76,177,170
76,177,170
76,177,170
76,178,170
76,178,170
77,178,171
77,178,171
77,178,171
77,178,171
77,178,171
77,178,171
78,178,172
78,178,172
79,179,171
79,179,171
79,179,171
78,179,171
77,178,171
77,178,171
77,178,171
77,178,171
77,178,171
77,178,171
77,178,171
77,178,171
77,178,171
77,178,171
77,178,171
77,178,171
77,178,171
77,178,171
77,178,171
77,178,171
77,178,171
77,178,171
76,178,170
76,177,170
76,177,170
76,177,170
77,178,171
77,178,171
77,178,171
78,179,171
78,178,172
78,178,172
78,178,172
78,178,172
78,178,172
78,178,172
78,178,172
78,178,172
78,178,172
77,178,171
77,178,171
77,178,171
77,178,171
77,178,171
77,178,171
77,178,171
77,178,171
77,178,171
77,178,171
76,178,170
76,177,170
75,177,170
75,177,169
74,177,169
73,176,168
73,176,168
72,175,167
72,175,167
72,175,167
72,175,167
72,175,167
72,175,167
72,175,167
72,175,167
72,175,167
72,175,167
72,175,167
72,175,167
72,175,167
72,175,167
72,175,167
72,175,167
72,175,167
72,175,167
72,175,167
72,175,167
72,175,167
72,176,167
72,176,167
73,176,168
73,176,168
73,176,168
73,176,168
73,176,168
73,176,168
73,176,169
73,176,169
73,176,169
73,176,169
73,176,170
73,176,170
73,176,170
73,176,170
74,177,170
74,177,170
74,177,170
74,177,170
74,177,170
74,177,170
73,176,169
73,176,169
73,176,169
73,176,169
73,176,168
72,176,167
72,176,167
72,176,167
72,176,167
72,176,167
73,176,168
73,176,168
73,176,168
74,176,170
74,176,170
74,177,170
74,177,170
74,177,170
73,176,169
73,176,169
73,176,169
73,176,168
73,176,168
73,176,168
73,176,168
74,177,169
74,177,169
74,177,170
74,177,170
74,177,170
74,177,170
74,177,170
74,177,170
75,177,169
74,177,169
74,177,169
73,176,168
73,176,168
73,176,168
73,176,168
73,176,168
73,176,169
74,177,170
74,177,170
74,177,170
74,177,170
74,177,170
75,177,169
75,177,169
75,177,169
75,177,169
75,177,169
75,177,169
75,177,170
75,177,169
74,177,170
74,177,170
74,176,170
73,176,168
73,176,168
73,176,168
73,176,168
73,176,169
73,176,169
73,176,169
73,176,169
74,176,170
74,177,170
74,177,170
75,177,169
75,177,170
75,177,169
75,177,170
75,177,170
75,177,169
75,177,169
75,177,169
75,177,169
75,177,169
75,177,169
75,177,169
76,177,170
76,177,170
76,177,170
76,177,170
76,177,170
75,177,169
75,178,170
75,178,170
75,178,170
76,177,170
76,178,170
76,178,170
77,178,171
77,178,171
77,178,171
77,178,171
77,178,171
77,178,171
78,178,172
79,179,171
79,179,171
79,179,171
78,179,171
78,179,171
77,178,171
77,178,171
77,178,171
77,178,171
77,178,171
77,178,171
77,178,171
77,178,171
77,178,171
77,178,171
78,178,172
77,178,171
77,178,171
77,178,171
77,178,171
77,178,171
77,178,171
76,177,170
76,177,170
76,177,170
76,177,170
77,178,171
78,179,171
78,179,171
78,179,171
78,178,172
78,178,172
78,178,172
79,179,171
79,179,171
79,179,171
79,179,171
78,178,172
78,178,172
77,178,171
77,178,171
77,178,171
77,178,171
77,178,171
77,178,171
77,178,171
77,178,171
77,178,171
77,178,171
76,178,170
76,177,170
76,177,170
75,177,170
75,177,170
74,177,170
73,176,169
72,175,167
72,175,167
72,175,167
72,175,167
72,175,167
72,175,167
72,175,167
72,175,167
72,175,167
72,175,167
72,175,167
72,175,167
72,175,167
72,175,167
72,176,168
72,176,167
72,175,167
72,175,167
72,175,167
72,175,167
72,176,167
72,176,167
72,176,168
73,176,168
73,176,168
73,176,168
73,176,168
73,176,168
73,176,168
73,176,169
73,176,169
73,176,169
73,176,169
73,176,170
73,176,170
73,176,170
73,176,170
74,177,170
74,177,170
74,177,170
74,177,170
74,177,170
74,177,170
74,177,170
73,176,169
73,176,169
73,176,169
73,176,168
72,176,167
72,176,167
72,176,167
72,176,167
73,176,168
73,176,168
73,176,168
73,176,168
74,176,170
74,177,170
75,177,170
75,177,169
75,177,169
74,177,170
74,176,170
73,176,168
73,176,168
73,176,168
73,176,168
74,177,169
74,177,169
74,177,169
74,177,170
74,177,170
74,177,170
74,177,170
75,177,169
75,177,169
75,177,169
75,177,169
75,177,169
74,177,169
73,176,168
73,176,168
73,176,168
73,176,169
73,176,169
74,177,170
74,177,170
74,177,170
74,177,170
74,177,170
75,177,169
75,177,170
75,177,170
75,177,170
75,177,170
75,177,170
75,177,170
75,177,170
74,177,170
74,177,170
74,177,170
74,176,170
73,176,168
73,176,168
73,176,168
73,176,169
73,176,169
73,176,169
73,176,169
74,176,170
74,176,170
74,177,170
74,177,170
74,177,170
75,177,169
75,177,169
75,177,169
75,177,169
75,177,169
76,177,170
76,177,170
76,177,170
76,177,170
76,177,170
76,177,170
76,177,170
76,177,170
76,177,170
76,177,170
75,178,170
75,178,170
75,178,170
75,178,170
76,177,170
76,177,170
76,178,170
76,178,170
77,178,171
77,178,171
77,178,171
77,178,171
78,178,172
79,179,171
79,179,171
79,179,171
79,179,171
78,178,172
77,178,171
77,178,171
77,178,171
77,178,171
77,178,171
77,178,171
77,178,171
77,178,171
77,178,171
77,178,171
78,178,172
78,178,172
78,178,172
77,178,171
77,178,171
77,178,171
77,178,171
77,178,171
77,178,171
76,177,170
76,177,170
77,178,171
77,178,171
78,179,171
78,179,171
78,179,171
79,179,171
79,179,171
79,179,171
79,179,171
79,179,171
79,179,171
79,179,171
78,178,171
78,178,172
77,178,171
77,178,171
77,178,171
77,178,171
77,178,171
77,178,171
77,178,171
77,178,171
77,178,171
77,178,171
77,178,171
76,178,170
76,177,170
75,177,170
75,177,170
75,177,169
74,177,170
72,175,167
72,175,167
72,175,167
72,175,167
72,175,167
72,175,167
72,175,167
72,175,167
72,175,167
72,175,167
72,175,167
72,175,167
72,175,167
72,176,168
72,176,168
72,176,168
72,176,167
72,176,167
72,176,167
72,176,167
72,176,167
72,176,168
73,176,168
73,176,168
73,176,168
73,176,168
73,176,168
73,176,168
73,176,168
73,176,168
73,176,169
73,176,169
73,176,169
73,176,169
73,176,170
73,176,170
73,176,170
74,177,170
74,177,170
74,177,170
74,177,170
74,177,170
74,177,170
74,177,170
74,177,170
73,176,169
73,176,169
73,176,168
73,176,168
72,176,167
72,176,167
72,176,167
73,176,168
73,176,168
73,176,168
73,176,169
74,176,170
74,177,170
75,177,170
75,177,170
75,177,170
74,177,170
74,177,170
74,176,169
74,176,169
74,176,169
74,176,169
74,177,169
74,177,169
74,177,170
74,177,170
74,177,170
74,177,170
74,177,170
75,177,170
75,177,170
75,177,169
75,177,169
75,177,169
75,177,169
74,176,169
73,176,168
73,176,169
73,176,169
73,176,169
74,177,170
74,177,170
74,177,170
74,177,170
75,177,169
75,177,169
75,177,170
75,177,170
75,177,170
75,177,170
75,177,170
75,177,170
74,177,170
74,177,170
74,177,170
74,177,170
74,177,170
74,177,170
74,176,170
74,176,170
74,176,170
74,176,170
74,176,170
73,176,169
74,176,170
74,176,170
74,176,170
74,176,170
74,177,170
74,177,170
74,177,170
75,177,169
75,177,169
76,177,170
76,177,170
76,177,170
76,177,170
76,177,170
76,177,170
76,177,170
76,177,170
76,177,170
76,177,170
76,177,170
76,177,170
75,178,170
75,178,170
75,178,170
76,177,170
76,177,170
76,178,170
76,178,170
77,178,171
77,178,171
77,178,171
78,178,172
79,179,171
79,179,171
79,179,171
79,179,171
79,179,171
78,178,172
77,178,171
77,178,171
77,178,171
77,178,171
77,178,171
77,178,171
77,178,171
77,178,171
77,178,171
78,178,172
78,178,172
78,178,172
78,178,172
77,178,171
77,178,171
77,178,171
77,178,171
77,178,171
77,178,171
77,178,171
77,178,171
77,178,171
77,178,171
78,179,171
78,179,171
78,179,171
79,179,171
79,179,171
79,179,171
79,179,171
79,179,171
79,179,171
79,179,171
78,178,171
78,178,171
78,178,172
77,178,171
77,178,171
77,178,171
77,178,171
77,178,171
77,178,171
77,178,171
77,178,171
77,178,171
76,178,170
76,178,170
76,177,170
76,177,170
75,177,170
75,177,170
75,177,169
72,176,167
72,176,167
72,176,167
72,176,167
72,176,167
72,176,167
72,175,167
72,175,167
72,175,167
72,175,167
72,175,167
72,175,167
72,175,167
72,176,168
72,176,168
72,176,168
72,176,168
72,176,168
72,176,167
72,176,167
72,176,167
72,176,167
73,176,168
72,176,167
72,176,167
73,176,168
73,176,168
73,176,168
73,176,168
73,176,168
73,176,169
73,176,169
73,176,169
73,176,169
73,176,169
73,176,169
73,176,169
74,177,170
74,177,170
74,177,170
74,177,170
74,177,170
74,177,170
74,177,170
74,177,170
73,176,169
73,176,168
73,176,168
73,176,168
73,176,168
72,176,167
72,176,167
73,176,168
73,176,168
73,176,168
73,176,169
74,176,170
74,177,170
75,177,170
75,177,170
75,177,170
75,177,170
75,177,169
74,177,169
74,177,169
74,177,169
74,177,169
74,177,169
74,177,170
74,177,170
74,177,170
74,177,170
74,176,170
74,177,170
75,177,169
75,177,170
75,177,170
75,177,169
75,177,169
75,177,169
74,176,169
73,176,169
73,176,169
73,176,169
73,176,169
74,177,170
74,177,170
74,177,170
75,177,169
75,177,169
75,177,169
75,177,169
75,177,170
75,177,170
75,177,170
75,177,170
75,177,170
74,177,170
74,177,170
74,177,170
74,177,170
74,177,170
74,177,170
74,177,170
74,177,170
74,177,170
75,177,170
75,177,169
74,177,170
74,176,170
74,176,170
73,176,169
73,176,169
73,176,169
73,176,169
74,177,170
74,177,170
75,177,169
76,177,170
76,177,170
76,177,170
76,177,170
76,177,170
76,177,170
76,177,170
76,177,170
76,177,170
76,177,170
76,177,170
76,177,170
76,177,170
75,178,170
76,177,170
76,177,170
76,177,170
76,178,170
76,178,170
77,178,171
77,178,171
77,178,171
78,178,171
78,178,171
79,179,171
79,179,171
79,179,171
79,179,171
77,178,171
77,178,171
77,178,171
77,178,171
77,178,171
77,178,171
77,178,171
77,178,171
77,178,171
78,178,171
78,178,171
78,178,171
78,178,172
77,178,171
77,178,171
77,178,171
77,178,171
77,178,171
77,178,171
77,178,171
77,178,171
77,178,171
77,178,171
77,178,171
78,179,171
78,179,171
79,179,171
79,179,171
79,179,171
79,179,171
79,179,171
79,179,171
79,179,171
79,179,171
78,178,172
78,178,171
78,178,171
78,178,171
78,178,171
77,178,171
77,178,171
77,178,171
77,178,171
77,178,171
77,178,171
77,178,171
76,178,170
76,178,170
76,178,170
76,178,170
76,177,170
76,177,170
75,177,169
72,176,167
72,176,167
72,176,167
72,176,167
72,176,167
72,176,167
72,176,167
72,176,167
72,175,167
72,175,167
72,175,167
72,175,167
72,175,167
72,175,167
72,176,168
72,176,167
72,176,167
72,176,168
72,176,168
73,176,168
73,176,168
73,176,168
73,176,168
72,176,167
72,176,167
72,176,167
73,176,168
73,176,168
73,176,168
73,176,168
73,176,169
73,176,169
73,176,169
73,176,169
73,176,169
73,176,169
73,176,169
74,177,170
74,177,170
74,177,170
74,177,170
74,177,170
74,177,170
75,177,169
74,177,170
73,176,168
73,176,168
73,176,168
73,176,168
73,176,168
72,176,167
72,176,167
73,176,168
73,176,168
73,176,168
73,176,169
73,176,169
74,177,170
74,177,170
75,177,170
75,177,170
75,177,170
75,177,170
75,177,169
74,177,170
74,177,169
74,177,170
74,177,170
74,177,170
74,177,170
74,177,170
74,176,170
74,176,170
74,176,170
75,177,170
75,177,170
75,177,170
75,177,170
75,177,169
75,177,169
74,177,170
73,176,169
73,176,169
73,176,169
73,176,169
74,177,170
74,177,170
75,177,169
75,177,169
75,177,169
75,177,169
75,177,169
75,177,169
75,177,169
75,177,170
75,177,170
74,177,170
74,177,170
74,177,170
74,177,170
74,177,170
74,177,170
74,177,170
74,177,170
74,177,170
75,177,169
75,177,170
75,177,169
75,177,169
74,177,169
74,176,170
73,176,169
73,176,169
73,176,169
73,176,169
73,176,169
74,177,170
75,177,169
76,177,170
76,177,170
76,177,170
76,177,170
76,177,170
76,177,170
76,177,170
76,177,170
76,177,170
76,177,170
76,177,170
76,177,170
76,177,170
76,177,170
76,177,170
76,177,170
76,178,170
76,178,170
76,178,170
77,178,171
77,178,171
77,178,171
78,178,171
78,178,171
78,178,171
79,179,171
79,179,171
78,178,172
77,178,171
77,178,171
77,178,171
77,178,171
77,178,171
77,178,171
77,178,171
77,178,171
77,178,171
77,178,171
78,178,172
78,178,172
77,178,171
77,178,171
77,178,171
77,178,171
77,178,171
77,178,171
77,178,171
77,178,171
77,178,171
77,178,171
77,178,171
78,179,171
78,179,171
78,179,171
79,179,171
79,179,171
79,179,171
79,179,171
79,179,171
79,179,171
79,179,171
79,179,171
78,178,171
78,178,171
78,178,171
78,178,171
78,178,171
78,178,171
78,178,171
77,178,171
77,178,171
77,178,171
77,178,171
77,178,171
76,178,170
76,178,170
76,178,170
77,177,171
77,177,170
78,178,171
77,177,170
72,176,167
72,176,167
72,176,167
72,176,167
72,176,167
72,176,167
72,176,167
72,176,167
72,175,167
72,175,167
72,175,167
72,175,167
71,175,167
72,175,167
72,175,167
72,176,167
72,176,167
72,176,168
73,176,168
73,176,168
73,176,168
73,176,168
73,176,168
72,176,167
72,176,167
72,176,167
73,176,168
73,176,168
73,176,168
73,176,168
73,176,169
73,176,169
73,176,169
73,176,169
73,176,169
73,176,169
73,176,169
73,176,169
74,177,170
74,177,170
74,177,170
74,177,170
74,177,170
75,177,169
74,177,170
73,176,168
73,176,168
73,176,168
73,176,168
73,176,168
72,176,167
72,176,167
72,176,167
73,176,168
73,176,169
73,176,169
73,176,169
74,177,170
74,177,170
75,177,170
75,177,170
75,177,170
75,177,170
75,177,170
74,177,170
74,177,170
74,177,170
74,177,170
74,177,170
74,177,170
74,176,170
74,176,170
74,176,170
74,176,170
75,177,170
75,177,170
75,177,169
75,177,169
75,177,169
75,177,169
74,177,170
73,176,169
73,176,169
73,176,169
73,176,169
74,177,170
74,177,170
75,177,169
75,177,169
75,177,169
75,177,169
75,177,169
75,177,169
75,177,169
74,177,170
74,177,170
74,177,170
74,177,170
74,177,170
74,177,170
74,177,170
74,177,170
74,177,170
74,177,170
74,177,170
75,177,169
76,177,170
76,177,170
75,177,169
75,177,169
74,176,170
73,176,169
73,176,169
73,176,169
73,176,169
73,176,169
74,177,170
75,177,169
76,177,170
76,177,170
76,177,170
76,177,170
76,177,170
76,177,170
76,177,170
76,177,170
76,177,170
76,177,170
76,177,170
76,177,170
76,177,170
76,177,170
76,177,170
76,178,170
76,178,170
76,178,170
76,178,170
77,178,171
77,178,171
77,178,171
78,178,172
78,178,171
78,178,171
77,178,171
77,178,171
77,178,171
77,178,171
77,178,171
77,178,171
77,178,171
77,178,171
77,178,171
77,178,171
77,178,171
77,178,171
77,178,171
77,178,171
77,178,171
77,178,171
77,178,171
77,178,171
77,178,171
77,178,171
77,178,171
77,178,171
77,178,171
77,178,171
77,178,171
77,178,171
78,178,172
78,178,172
78,178,172
79,179,171
79,179,171
79,179,171
79,179,171
79,179,171
79,179,171
79,179,171
79,179,171
79,179,171
78,178,171
78,178,171
78,178,171
78,178,171
78,178,171
78,178,171
78,178,171
77,178,171
77,178,171
77,178,171
77,178,171
76,178,170
76,178,170
77,177,171
78,178,171
78,178,170
79,178,170
78,178,170
72,176,167
72,176,167
72,176,167
72,176,167
72,176,167
72,176,167
72,176,167
72,176,167
72,176,167
72,175,167
72,175,167
72,175,167
72,175,167
72,175,167
72,175,167
72,175,167
72,176,167
72,176,168
73,176,168
73,176,168
73,176,168
73,176,168
73,176,168
72,176,167
72,176,167
73,176,168
73,176,168
73,176,168
73,176,168
73,176,169
73,176,169
73,176,169
73,176,169
73,176,169
73,176,169
73,176,169
73,176,169
74,177,170
74,177,170
74,177,170
74,177,170
74,177,170
75,177,169
75,177,169
75,177,169
73,176,168
73,176,168
73,176,168
73,176,168
72,176,167
72,176,167
72,176,167
72,176,167
72,176,167
73,176,168
73,176,169
73,176,169
74,177,170
74,177,170
75,177,170
75,177,170
75,177,170
75,177,170
75,177,170
75,177,170
74,177,170
74,177,170
74,177,170
74,177,170
74,177,170
74,177,170
74,176,170
74,176,170
74,177,170
75,177,169
75,177,170
75,177,169
75,177,169
75,177,169
75,177,169
74,177,170
73,176,169
73,176,169
73,176,169
73,176,169
73,176,169
74,177,170
74,177,170
75,177,169
75,177,169
75,177,169
75,177,169
75,177,169
74,177,170
74,177,170
74,177,170
74,177,170
74,177,170
74,177,170
74,177,170
74,177,170
74,177,170
74,177,170
74,177,170
74,177,170
76,177,170
76,177,170
76,177,170
75,177,169
74,177,169
74,176,170
73,176,169
73,176,169
73,176,169
73,176,169
73,176,169
74,177,170
74,177,170
75,177,169
76,177,170
76,177,170
76,177,170
76,177,170
76,177,170
76,177,170
76,177,170
76,177,170
76,177,170
76,177,170
76,177,170
76,177,170
76,177,170
76,177,170
76,178,170
76,178,170
76,178,170
76,178,170
77,178,171
77,178,171
77,178,171
77,178,171
77,178,171
77,178,171
77,178,171
77,178,171
77,178,171
77,178,171
77,178,171
77,178,171
77,178,171
77,178,171
77,178,171
77,178,171
77,178,171
77,178,171
77,178,171
77,178,171
77,178,171
77,178,171
77,178,171
77,178,171
77,178,171
77,178,171
77,178,171
77,178,171
77,178,171
77,178,171
77,178,171
77,178,171
77,178,171
77,178,171
78,178,172
79,179,171
79,179,171
79,179,171
79,179,171
79,179,171
79,179,171
79,179,171
79,179,171
79,179,171
79,179,171
78,178,171
78,178,171
79,178,171
79,178,171
79,179,171
78,178,171
78,178,171
77,178,171
77,178,171
77,178,171
77,178,171
76,178,170
77,177,170
78,178,171
78,178,170
79,178,170
78,178,170
72,176,167
72,176,167
72,176,167
72,176,167
72,176,167
72,176,167
72,176,167
72,176,167
72,176,167
72,175,167
72,175,167
72,175,167
72,175,167
72,175,167
72,175,167
72,175,167
72,176,167
72,176,168
73,176,168
73,176,168
73,176,168
73,176,168
73,176,168
73,176,168
73,176,168
73,176,168
73,176,168
73,176,168
73,176,169
73,176,169
73,176,169
73,176,169
73,176,169
73,176,169
73,176,169
73,176,169
73,176,169
74,177,170
74,177,170
74,177,170
74,177,170
74,177,170
74,177,170
75,177,169
74,177,170
73,176,169
73,176,168
73,176,168
72,176,167
72,176,167
72,176,167
72,176,167
72,176,167
72,176,167
73,176,168
73,176,168
73,176,169
74,177,170
74,177,170
74,177,170
75,177,170
75,177,170
75,177,170
75,177,170
75,177,170
75,177,170
75,177,170
74,177,170
74,177,170
74,177,170
74,177,170
74,177,170
74,177,170
74,177,170
74,177,170
75,177,169
75,177,169
75,177,169
75,177,169
74,177,170
74,177,170
73,176,169
73,176,169
73,176,169
73,176,169
73,176,169
73,176,169
74,177,170
74,177,170
74,177,170
74,177,170
74,177,170
74,177,170
73,176,169
73,176,169
73,176,169
73,176,169
74,176,170
74,177,170
74,177,170
74,177,170
74,177,170
74,177,170
74,177,170
74,177,170
76,177,170
76,177,170
76,177,170
76,177,169
74,177,169
74,176,170
73,176,169
73,176,169
73,176,169
73,176,169
73,176,169
74,177,170
74,177,170
75,177,169
76,177,170
76,177,170
76,177,170
76,177,170
76,178,170
76,178,170
76,178,170
76,177,170
76,177,170
76,177,170
76,177,170
76,177,170
76,177,170
76,177,170
76,177,170
76,178,170
76,178,170
76,178,170
77,178,171
77,178,171
77,178,171
77,178,171
77,178,171
77,178,171
77,178,171
77,178,171
77,178,171
77,178,171
77,178,171
77,178,171
77,178,171
77,178,171
77,178,171
77,178,171
77,178,171
77,178,171
77,178,171
77,178,171
77,178,171
77,178,171
77,178,171
77,178,171
77,178,171
77,178,171
77,178,171
77,178,171
77,178,171
77,178,171
77,178,171
77,178,171
77,178,171
77,178,171
78,178,172
78,178,172
79,179,171
79,179,171
79,179,171
79,179,171
79,179,171
79,179,171
79,179,171
79,179,171
79,179,171
79,179,171
79,179,171
79,179,171
79,179,171
79,179,171
79,179,171
78,178,171
78,178,171
78,178,171
77,178,171
77,178,171
77,178,171
77,177,170
77,177,170
78,178,170
79,178,170
78,178,170
72,176,167
72,176,167
72,176,167
72,176,167
72,176,167
72,176,167
72,176,167
72,176,167
72,176,167
72,175,167
72,175,167
72,175,167
72,175,167
72,175,167
72,175,167
72,175,167
72,176,167
72,176,168
73,176,168
73,176,168
73,176,168
73,176,168
73,176,168
73,176,168
73,176,168
73,176,168
73,176,168
73,176,169
73,176,169
73,176,169
73,176,169
73,176,169
73,176,169
73,176,169
73,176,169
73,176,169
74,177,170
74,177,170
74,177,170
74,177,170
74,177,170
74,177,170
74,177,170
74,177,170
74,177,170
73,176,169
73,176,169
73,176,168
72,176,167
72,176,167
72,176,167
72,176,167
72,176,167
72,176,167
72,176,167
73,176,168
73,176,169
74,177,170
74,177,170
74,177,170
74,177,170
75,177,170
75,177,170
75,177,170
75,177,170
75,177,170
75,177,170
74,177,170
74,177,170
74,177,170
74,177,170
74,177,170
74,177,170
74,177,170
74,177,170
75,177,169
75,177,169
75,177,169
75,177,169
74,177,170
74,177,169
73,176,168
73,176,168
73,176,168
73,176,169
73,176,169
73,176,169
73,176,169
74,177,170
74,177,170
73,176,169
73,176,169
73,176,169
73,176,169
73,176,169
73,176,169
73,176,169
73,176,169
74,176,170
74,177,170
74,177,170
74,177,170
74,177,170
74,177,170
74,177,170
76,177,170
76,177,170
76,177,170
76,177,169
75,177,169
74,177,170
73,176,169
73,176,169
73,176,169
73,176,169
74,177,170
74,177,170
74,177,170
75,177,169
76,177,170
76,177,170
76,177,170
76,178,170
76,178,170
76,178,170
76,178,170
76,178,170
76,177,170
76,177,170
76,177,170
76,177,170
76,177,170
76,177,170
76,177,170
76,177,170
76,178,170
76,178,170
77,178,171
77,178,171
77,178,171
77,178,171
77,178,171
77,178,171
77,178,171
77,178,171
77,178,171
77,178,171
77,178,171
77,178,171
77,178,171
77,178,171
77,178,171
77,178,171
77,178,171
77,178,171
77,178,171
77,178,171
77,178,171
77,178,171
77,178,171
77,178,171
77,178,171
77,178,171
77,178,171
77,178,171
77,178,171
77,178,171
77,178,171
77,178,171
77,178,171
77,178,171
77,178,171
78,178,172
78,178,172
79,179,171
79,179,171
79,179,171
79,179,171
79,179,171
79,179,171
79,179,171
79,179,171
79,179,171
79,179,171
79,179,171
79,179,171
79,179,171
79,179,171
78,178,171
78,178,171
78,178,171
77,178,171
77,178,171
77,178,171
77,178,171
77,177,170
77,177,170
77,177,170
77,177,170
72,176,167
72,176,167
72,176,167
72,176,167
72,176,167
72,176,167
72,176,167
72,176,167
72,176,167
72,176,167
72,175,167
72,175,167
72,175,167
72,175,167
72,175,167
72,176,167
72,176,167
73,176,168
73,176,168
73,176,168
73,176,168
73,176,168
73,176,168
73,176,168
73,176,168
73,176,168
73,176,169
73,176,169
73,176,169
73,176,169
73,176,169
73,176,169
73,176,169
73,176,169
73,176,169
73,176,170
74,177,170
74,177,170
74,177,170
74,177,170
74,177,170
74,177,170
74,177,170
74,177,170
74,177,170
73,176,169
73,176,168
73,176,168
72,176,167
72,176,167
72,176,167
72,176,167
72,176,167
72,176,167
72,176,167
72,176,167
73,176,169
74,177,170
74,177,170
74,177,170
74,177,170
74,177,170
75,177,170
75,177,170
75,177,170
75,177,170
75,177,170
75,177,170
74,177,170
74,177,170
74,177,170
74,177,170
74,177,170
74,177,170
74,177,170
75,177,169
75,177,169
75,177,169
75,177,169
74,177,169
74,176,169
73,176,168
73,176,168
73,176,168
73,176,169
73,176,169
73,176,169
73,176,169
73,176,169
73,176,169
73,176,169
73,176,169
73,176,169
73,176,169
73,176,169
73,176,169
73,176,169
73,176,169
73,176,169
74,177,170
74,177,170
74,177,170
74,177,170
74,177,170
74,177,170
76,177,170
76,177,170
76,177,170
76,177,169
75,177,169
74,177,170
74,176,170
73,176,169
73,176,169
74,176,170
74,177,170
74,177,170
74,177,170
74,177,170
75,177,169
76,177,170
76,178,170
76,178,170
77,178,171
77,178,171
76,178,170
76,178,170
76,178,170
76,177,170
76,177,170
76,177,170
76,177,170
76,177,170
76,177,170
76,177,170
76,177,170
76,178,170
77,178,171
77,178,171
77,178,171
77,178,171
77,178,171
77,178,171
77,178,171
77,178,171
77,178,171
77,178,171
77,178,171
77,178,171
77,178,171
77,178,171
77,178,171
77,178,171
77,178,171
77,178,171
77,178,171
77,178,171
77,178,171
77,178,171
77,178,171
77,178,171
77,178,171
77,178,171
77,178,171
77,178,171
77,178,171
77,178,171
77,178,171
77,178,171
77,178,171
77,178,171
77,178,171
77,178,171
78,178,172
79,179,171
79,179,171
79,179,171
79,179,171
79,179,171
79,179,171
79,179,172
79,179,172
79,179,172
79,179,172
79,179,171
79,179,171
79,179,171
79,179,171
79,179,171
78,178,171
78,178,171
77,178,171
77,178,171
77,177,170
77,177,170
77,177,170
77,177,170
76,178,170
76,178,170
72,176,167
72,176,167
72,176,167
72,176,167
72,176,167
72,176,167
72,176,167
72,176,167
72,176,167
72,176,167
72,176,167
72,175,167
72,175,167
72,176,167
72,176,167
72,176,167
72,176,167
73,176,168
73,176,168
73,176,168
73,176,168
73,176,168
73,176,168
73,176,168
73,176,168
73,176,169
73,176,169
73,176,169
73,176,169
73,176,169
73,176,169
73,176,169
73,176,169
73,176,169
73,176,169
74,177,170
74,177,170
74,177,170
74,177,170
74,177,170
74,177,170
74,177,170
74,177,170
74,177,170
74,177,170
74,176,169
73,176,168
73,176,168
73,176,168
72,176,167
72,176,167
72,176,167
72,176,167
72,176,167
72,176,167
72,176,167
73,176,169
74,177,170
74,177,170
74,177,170
74,177,170
75,177,170
75,177,170
75,177,170
75,177,170
75,177,170
75,177,170
74,177,170
74,177,170
74,177,170
74,177,170
74,177,170
74,177,170
74,177,170
74,177,170
75,177,169
75,177,169
75,177,169
75,177,169
74,177,169
74,176,169
73,176,168
73,176,168
73,176,168
73,176,168
73,176,169
73,176,169
73,176,169
73,176,169
73,176,169
73,176,169
73,176,169
73,176,169
73,176,169
73,176,169
73,176,169
73,176,169
73,176,169
73,176,169
74,177,170
74,177,170
74,177,170
74,177,170
74,177,170
74,177,170
76,177,170
76,177,170
76,177,169
76,177,169
75,177,169
74,177,170
74,177,170
74,176,170
74,176,170
74,177,170
74,177,170
74,177,170
74,177,170
74,177,170
75,177,169
76,177,170
76,178,170
77,178,171
77,178,171
77,178,171
77,178,171
77,178,171
76,178,170
76,178,170
76,177,170
76,177,170
76,177,170
76,177,170
76,177,170
76,177,170
76,177,170
76,177,170
76,178,170
77,178,171
77,178,171
77,178,171
77,178,171
77,178,171
77,178,171
77,178,171
77,178,171
77,178,171
77,178,171
77,178,171
77,178,171
77,178,171
77,178,171
77,178,171
77,178,171
77,178,171
77,178,171
77,178,171
77,178,171
77,178,171
77,178,171
77,178,171
77,178,171
77,178,171
77,178,171
77,178,171
77,178,171
77,178,171
77,178,171
77,178,171
77,178,171
77,178,171
77,178,171
77,178,171
78,178,172
79,179,171
79,179,171
79,179,171
79,179,171
79,179,171
79,179,171
79,179,171
79,179,171
79,179,171
79,179,171
79,179,171
79,179,171
79,179,171
79,179,171
79,179,171
78,178,171
78,178,171
78,178,172
77,178,171
77,177,170
77,178,171
76,178,170
76,178,170
76,178,170
76,177,170
72,176,167
72,176,167
72,176,167
72,176,167
72,176,167
72,176,167
72,176,167
72,176,167
72,176,167
72,176,167
72,176,167
72,176,167
72,176,167
72,176,167
72,176,167
72,176,167
72,176,167
73,176,168
73,176,168
73,176,168
73,176,168
73,176,168
73,176,168
73,176,168
73,176,168
73,176,169
73,176,169
73,176,169
73,176,169
73,176,169
73,176,169
73,176,169
73,176,169
73,176,169
73,176,169
74,177,170
74,177,170
74,177,170
74,177,170
74,177,170
74,177,170
75,177,169
75,177,169
75,177,169
74,177,170
74,177,169
74,177,169
73,176,168
73,176,168
72,176,167
72,176,167
72,176,167
72,176,167
72,176,167
72,176,167
72,176,167
72,176,168
74,177,170
74,177,170
74,177,170
74,177,170
75,177,170
75,177,170
75,177,170
75,177,170
75,177,170
74,177,170
74,177,170
74,177,170
74,177,170
74,177,170
74,177,170
74,177,170
74,177,170
74,177,170
75,177,169
75,177,169
75,177,169
75,177,169
74,177,169
74,176,169
73,176,168
73,176,168
73,176,168
73,176,168
73,176,169
73,176,169
73,176,169
73,176,169
73,176,169
73,176,169
73,176,169
73,176,169
73,176,169
73,176,169
73,176,169
73,176,169
73,176,169
74,177,170
74,177,170
74,177,170
74,177,170
74,177,170
74,177,170
75,177,169
76,177,170
76,177,170
76,177,169
76,177,169
75,177,169
75,177,169
74,177,170
74,177,170
74,177,170
74,177,170
74,177,170
74,177,170
74,177,170
74,177,170
74,177,170
76,177,170
77,178,171
77,178,171
77,178,171
77,178,171
77,178,171
77,178,171
77,178,171
77,178,171
76,177,170
76,177,170
76,177,170
76,177,170
76,177,170
76,177,170
75,178,170
75,178,170
76,178,170
77,178,171
77,178,171
77,178,171
77,178,171
77,178,171
77,178,171
77,178,171
77,178,171
77,178,171
77,178,171
77,178,171
77,178,171
77,178,171
77,178,171
77,178,171
77,178,171
77,178,171
77,178,171
77,178,171
77,178,171
77,178,171
77,178,171
77,178,171
77,178,171
77,178,171
77,178,171
77,178,171
77,178,171
77,178,171
77,178,171
77,178,171
77,178,171
77,178,171
77,178,171
77,178,171
78,178,172
79,179,171
79,179,171
79,179,171
79,179,171
79,179,171
79,179,171
79,179,171
79,179,171
79,179,171
79,179,171
79,179,171
79,179,171
79,179,171
79,179,171
79,179,171
78,178,172
78,178,172
77,178,171
77,178,171
77,178,171
77,178,171
76,178,170
76,178,170
76,178,170
76,177,170
72,176,167
72,176,167
72,176,167
72,176,167
72,176,167
72,176,167
72,176,167
72,176,167
72,176,167
72,176,167
72,176,167
72,176,167
72,176,167
72,176,167
72,176,167
73,176,168
73,176,168
73,176,168
73,176,168
73,176,168
73,176,168
73,176,168
73,176,168
73,176,168
73,176,168
73,176,169
73,176,169
73,176,169
73,176,169
73,176,169
73,176,169
73,176,169
73,176,169
74,177,170
74,177,170
74,177,170
74,177,170
74,177,170
74,177,170
75,177,169
75,177,169
75,177,169
75,177,169
75,177,170
75,177,169
74,177,169
73,176,168
73,176,168
73,176,168
72,176,167
72,176,167
72,176,167
72,176,167
72,176,167
72,176,167
72,176,168
74,177,170
74,177,170
74,177,170
74,177,170
75,177,170
75,177,170
75,177,170
74,177,170
74,177,170
74,177,170
74,177,170
74,177,170
74,177,170
74,177,170
74,177,170
74,177,170
74,177,170
74,177,170
75,177,169
75,177,169
75,177,169
75,177,169
75,177,169
74,177,169
73,176,168
73,176,168
73,176,168
73,176,169
73,176,169
73,176,169
73,176,169
73,176,169
73,176,169
73,176,169
73,176,169
73,176,169
73,176,169
73,176,169
73,176,169
73,176,169
74,177,170
74,177,170
74,177,170
74,177,170
74,177,170
74,177,170
74,177,170
75,177,169
76,177,170
76,177,170
76,177,169
76,177,169
76,177,169
75,177,169
74,177,170
74,177,170
74,177,170
74,177,170
74,177,170
74,177,170
74,177,170
74,177,170
74,177,170
75,177,169
77,178,171
77,178,171
77,178,171
77,178,171
77,178,171
77,178,171
77,178,171
77,178,171
76,178,170
76,177,170
76,177,170
76,177,170
75,178,170
75,178,170
75,178,170
75,178,170
76,178,171
77,178,171
77,178,171
77,178,171
77,178,171
77,178,171
77,178,171
77,178,171
77,178,171
77,178,171
77,178,171
77,178,171
77,178,171
77,178,171
77,178,171
77,178,171
77,178,171
77,178,171
78,178,171
78,178,171
77,178,171
77,178,171
77,178,171
77,178,171
77,178,171
77,178,171
77,178,171
77,178,171
77,178,171
77,178,171
77,178,171
77,178,171
77,178,171
77,178,171
77,178,171
77,178,171
79,179,171
79,179,171
79,179,171
79,179,171
79,179,171
79,179,171
79,179,171
79,179,171
79,179,171
79,179,171
79,179,171
79,179,171
79,179,171
79,179,171
79,179,171
79,179,171
78,178,172
78,178,172
77,178,171
77,178,171
77,178,171
77,178,171
76,178,170
76,178,170
76,177,170
72,176,167
72,176,167
72,176,167
72,176,167
72,176,167
72,176,167
72,176,167
72,176,167
72,176,167
72,176,167
72,176,167
72,176,167
72,176,167
72,176,167
72,176,167
73,176,168
73,176,168
73,176,168
73,176,168
73,176,168
73,176,168
73,176,168
73,176,168
73,176,168
73,176,168
73,176,168
73,176,169
73,176,169
73,176,169
73,176,169
73,176,169
73,176,169
73,176,169
74,177,170
74,177,170
74,177,170
74,177,170
74,177,170
75,177,169
75,177,169
75,177,169
75,177,170
75,177,170
75,177,170
75,177,169
74,177,169
74,177,169
73,176,168
73,176,168
73,176,168
72,176,167
72,176,167
72,176,167
72,176,167
72,176,167
73,176,169
74,177,170
74,177,170
74,177,170
74,177,170
75,177,170
75,177,170
74,177,170
74,177,170
74,177,170
74,177,170
74,177,170
74,177,170
74,177,170
74,177,170
74,177,170
74,177,170
75,177,169
74,177,170
75,177,169
75,177,169
75,177,169
75,177,169
75,177,169
74,177,169
73,176,168
73,176,168
73,176,169
73,176,169
73,176,169
73,176,169
73,176,169
74,177,170
74,177,170
74,177,170
74,177,170
74,177,170
74,177,170
74,177,170
74,177,170
74,177,170
74,177,170
74,177,170
74,177,170
74,177,170
74,177,170
74,177,170
74,177,170
76,177,170
76,177,170
76,177,170
76,177,170
76,177,169
76,177,169
75,177,169
75,177,169
74,177,170
74,177,170
74,177,170
74,177,170
74,177,170
74,177,170
74,177,170
74,177,170
75,177,169
77,178,171
77,178,171
77,178,171
77,178,171
77,178,171
77,178,171
77,178,171
77,178,171
77,178,171
76,177,170
76,177,170
76,177,170
75,178,170
75,178,170
75,178,170
75,178,170
76,178,171
76,178,170
77,178,171
77,178,171
77,178,171
77,178,171
77,178,171
77,178,171
77,178,171
77,178,171
77,178,171
77,178,171
77,178,171
78,178,172
78,178,172
78,178,172
78,178,172
78,178,171
78,178,171
78,178,171
77,178,171
77,178,171
77,178,171
77,178,171
77,178,171
77,178,171
77,178,171
77,178,171
76,178,170
76,178,170
77,178,171
77,178,171
77,178,171
77,178,171
77,178,171
78,178,172
79,179,171
79,179,171
79,179,171
79,179,171
79,179,171
79,179,171
79,179,171
79,179,171
79,179,171
79,179,171
79,179,171
79,179,171
79,179,171
79,179,171
79,179,171
79,179,171
78,178,172
78,178,172
77,178,171
77,178,171
77,178,171
76,178,170
76,178,170
76,177,170
76,177,170
72,176,167
72,176,167
72,176,167
72,176,167
72,176,167
72,176,167
72,176,167
72,176,167
72,176,167
72,176,167
72,176,167
72,176,167
72,176,167
72,176,167
73,176,168
73,176,168
73,176,168
73,176,168
73,176,168
73,176,168
73,176,168
73,176,168
73,176,168
73,176,168
73,176,168
73,176,168
73,176,168
73,176,169
73,176,169
73,176,169
73,176,169
73,176,169
74,177,170
74,177,170
74,177,170
74,177,170
74,177,170
74,177,170
75,177,169
75,177,169
76,177,170
76,177,170
76,177,170
75,177,170
75,177,170
74,177,170
74,177,169
73,176,168
73,176,168
73,176,168
73,176,168
72,176,167
72,176,167
72,176,167
72,176,167
73,176,169
74,177,170
74,177,170
74,177,170
74,177,170
74,177,170
74,177,170
74,177,170
74,177,170
74,177,170
74,177,170
74,177,170
74,177,170
74,177,170
74,177,170
74,177,170
75,177,169
75,177,169
75,177,169
75,177,169
75,177,169
75,177,169
75,177,169
75,177,169
74,177,169
73,176,168
73,176,169
73,176,169
73,176,169
73,176,169
73,176,169
74,177,170
74,177,170
74,177,170
74,177,170
74,177,170
74,177,170
74,177,170
74,177,170
74,177,170
75,177,169
75,177,170
75,177,170
74,177,170
74,177,170
74,177,170
74,177,170
75,177,169
76,177,170
76,177,170
76,177,170
76,177,170
76,177,169
76,177,169
75,177,169
75,177,169
75,177,169
74,177,170
74,177,170
74,177,170
74,177,170
74,177,170
74,177,170
74,177,170
75,177,169
77,178,171
77,178,171
77,178,171
77,178,171
77,178,171
77,178,171
77,178,171
77,178,171
77,178,171
77,178,171
76,177,170
75,178,170
75,178,170
75,178,170
75,178,170
75,178,170
76,178,171
77,178,171
77,178,171
77,178,171
77,178,171
77,178,171
77,178,171
77,178,171
77,178,171
77,178,171
77,178,171
78,178,172
78,178,172
78,178,172
78,178,172
78,178,172
78,178,172
78,178,171
78,178,171
78,178,171
78,178,171
77,178,171
77,178,171
77,178,171
77,178,171
77,178,171
77,178,171
76,177,170
76,177,170
76,177,170
76,178,170
77,178,171
77,178,171
77,178,171
77,178,171
79,179,171
79,179,171
79,179,171
79,179,171
79,179,171
79,179,171
79,179,171
79,179,171
79,179,171
79,179,171
79,179,171
79,179,171
79,179,171
79,179,171
79,179,171
79,179,171
79,179,171
78,178,172
78,178,172
77,178,171
76,178,170
76,177,170
76,177,170
76,177,170
76,177,170
75,177,170
72,176,167
72,176,167
72,176,167
72,176,167
72,176,167
72,176,167
72,176,167
72,176,167
72,176,167
72,176,167
72,176,167
72,176,167
72,176,167
73,176,168
73,176,168
73,176,168
73,176,168
73,176,168
73,176,168
73,176,168
73,176,168
73,176,168
73,176,168
73,176,168
73,176,168
73,176,168
73,176,168
73,176,168
73,176,169
73,176,169
73,176,169
73,176,169
74,177,170
74,177,170
74,177,170
74,177,170
74,177,170
74,177,170
74,177,170
75,177,169
76,177,170
76,177,170
76,177,170
75,177,170
75,177,170
75,177,170
74,177,170
73,176,169
73,176,169
73,176,168
73,176,168
72,176,167
72,176,167
72,176,167
73,176,169
73,176,169
74,177,170
74,177,170
74,177,170
74,177,170
74,177,170
74,177,170
74,177,170
74,177,170
74,177,170
74,177,170
74,177,170
74,177,170
74,177,170
74,177,170
74,177,170
75,177,169
75,177,169
75,177,169
75,177,169
75,177,169
75,177,169
75,177,169
75,177,169
74,177,170
73,176,169
73,176,169
73,176,169
73,176,169
73,176,169
74,177,170
74,177,170
75,177,169
75,177,169
76,177,170
76,177,170
76,177,170
76,177,170
75,177,169
75,177,169
75,177,169
75,177,170
75,177,170
75,177,170
75,177,169
75,177,170
75,177,170
75,177,169
76,177,170
76,177,170
76,177,170
76,177,170
76,177,169
76,177,169
76,177,169
76,177,169
75,177,169
75,177,169
74,177,170
74,177,170
74,177,170
74,177,170
74,177,170
74,177,170
75,177,169
77,178,171
77,178,171
77,178,171
77,178,171
77,178,171
77,178,171
77,178,171
77,178,171
77,178,171
77,178,171
76,177,170
75,178,170
75,178,170
75,178,170
75,178,170
75,178,170
76,178,171
77,178,171
77,178,171
77,178,171
77,178,171
77,178,171
77,178,171
77,178,171
77,178,171
77,178,171
78,178,172
78,178,172
79,179,171
79,179,171
78,178,171
78,178,171
78,178,171
78,178,171
78,178,171
78,178,171
77,178,171
77,178,171
77,178,171
77,178,171
77,178,171
77,178,171
76,178,170
76,177,170
76,177,170
76,177,170
76,177,170
76,178,170
77,178,171
77,178,171
78,178,172
79,179,171
79,179,171
79,179,171
79,179,171
79,179,171
79,179,171
79,179,171
79,179,171
79,179,171
79,179,171
79,179,171
79,179,172
79,179,172
79,179,171
79,179,171
79,179,171
78,178,172
78,178,172
77,178,171
77,178,171
76,177,170
76,177,170
76,177,170
76,177,170
75,177,170
75,177,170
72,176,167
72,176,167
72,176,167
72,176,167
72,176,167
72,176,167
72,176,167
72,176,167
72,176,167
72,176,167
72,176,167
72,176,167
73,176,168
73,176,168
73,176,168
73,176,168
73,176,168
73,176,168
73,176,168
73,176,168
73,176,168
73,176,168
73,176,168
73,176,168
73,176,168
73,176,168
73,176,168
73,176,168
73,176,168
73,176,169
73,176,169
73,176,169
74,177,170
74,177,170
74,177,170
74,177,170
74,177,170
74,177,170
75,177,169
75,177,170
76,177,170
76,177,170
76,177,170
76,177,170
75,177,170
75,177,170
74,177,170
73,176,169
73,176,169
73,176,169
73,176,169
73,176,168
73,176,168
72,176,168
72,176,168
72,176,168
74,176,170
74,177,170
74,177,170
74,177,170
74,177,170
74,177,170
74,177,170
74,177,170
74,177,170
74,177,170
74,177,170
74,177,170
74,177,170
74,177,170
74,177,170
74,177,170
74,177,170
75,177,169
75,177,170
75,177,169
75,177,169
75,177,169
75,177,169
74,177,170
73,176,169
73,176,169
73,176,169
73,176,169
74,177,170
74,177,170
75,177,169
75,177,169
76,177,169
76,177,169
76,177,169
76,177,170
76,177,170
76,177,170
76,177,170
75,177,169
75,177,170
75,177,170
75,177,170
75,177,170
75,177,169
75,177,169
75,177,170
76,177,170
76,177,170
76,177,170
76,178,170
76,178,170
76,178,170
76,177,169
76,177,169
76,177,169
76,177,169
75,177,169
74,177,170
74,177,170
74,177,170
74,177,170
74,177,170
75,177,169
77,178,171
77,178,171
77,178,171
77,178,171
77,178,171
77,178,171
77,178,171
77,178,171
77,178,171
77,178,171
76,177,170
76,177,170
75,178,170
75,178,170
75,178,170
75,178,170
76,178,170
77,178,171
77,178,171
77,178,171
77,178,171
77,178,171
77,178,171
77,178,171
77,178,171
78,178,172
78,179,171
78,178,172
79,179,171
79,179,171
79,179,171
78,178,171
78,178,171
78,178,171
77,178,171
77,178,171
77,178,171
77,178,171
77,178,171
77,178,171
77,178,171
76,178,170
76,178,170
76,177,170
76,177,170
76,177,170
76,177,170
76,177,170
77,178,171
77,178,171
78,178,172
79,179,171
79,179,171
79,179,171
79,179,171
79,179,171
79,179,171
79,179,171
79,179,171
79,179,171
79,179,171
79,179,171
79,179,171
79,179,171
79,179,171
79,179,171
79,179,171
79,179,171
78,178,172
77,178,171
77,178,171
76,177,170
76,177,170
76,177,170
75,177,170
75,177,170
75,177,170
72,176,167
72,176,167
72,176,167
72,176,167
72,176,167
72,176,167
72,176,167
72,176,167
72,176,167
72,176,167
72,176,167
73,176,168
73,176,168
73,176,168
73,176,168
73,176,168
73,176,168
73,176,168
73,176,168
73,176,168
73,176,168
73,176,168
73,176,168
73,176,168
73,176,168
73,176,168
73,176,168
73,176,168
73,176,169
73,176,169
73,176,169
73,176,169
74,177,170
74,177,170
74,177,170
74,177,170
74,177,170
75,177,170
75,177,170
76,177,170
76,177,170
76,177,170
76,177,170
75,177,170
75,177,170
75,177,170
74,177,170
73,176,169
73,176,169
73,176,169
73,176,169
72,176,168
72,176,168
72,176,168
72,176,168
73,176,169
74,177,170
74,177,170
74,177,170
74,177,170
74,177,170
74,177,170
74,177,170
74,177,170
74,177,170
74,177,170
74,177,170
74,177,170
74,177,170
74,177,170
74,177,170
75,177,169
75,177,169
75,177,170
75,177,170
75,177,170
75,177,169
75,177,169
74,176,170
73,176,169
73,176,169
73,176,169
74,176,170
74,177,170
75,177,169
75,177,169
76,177,169
76,177,169
76,177,169
76,177,169
76,177,170
76,177,170
76,177,170
76,177,170
75,177,169
75,177,170
75,177,170
75,177,170
75,177,170
75,177,169
75,177,169
75,177,169
75,177,169
76,177,170
76,177,170
76,177,170
76,177,170
76,177,169
76,177,169
76,177,169
76,177,169
76,177,169
75,177,169
75,177,170
75,177,169
74,177,170
74,177,170
75,177,169
75,177,169
77,178,171
77,178,171
77,178,171
77,178,171
77,178,171
77,178,171
77,178,171
77,178,171
77,178,171
77,178,171
76,177,170
76,177,170
76,177,170
75,177,169
75,178,170
75,178,170
76,178,170
77,178,171
77,178,171
77,178,171
77,178,171
77,178,171
77,178,171
77,178,171
77,178,171
78,179,171
78,179,171
79,179,171
79,179,171
79,179,171
79,179,171
79,179,171
78,178,172
78,178,172
77,178,171
77,178,171
77,178,171
77,178,171
77,178,171
77,178,171
77,178,171
76,178,170
76,178,170
76,178,170
76,177,170
76,177,170
76,177,170
76,177,170
77,178,171
78,179,171
78,178,172
79,179,171
79,179,171
79,179,171
79,179,171
79,179,171
79,179,171
79,179,171
79,179,171
79,179,171
79,179,171
79,179,171
79,179,171
79,179,171
79,179,171
79,179,171
79,179,171
79,179,171
78,178,172
77,178,171
77,178,171
76,177,170
76,177,170
76,177,170
75,177,170
75,177,170
72,176,167
72,176,167
72,176,167
72,176,167
72,176,167
72,176,167
72,176,167
72,176,167
72,176,167
72,176,167
72,176,167
73,176,168
73,176,168
73,176,168
73,176,168
73,176,168
73,176,168
73,176,168
72,177,168
72,177,168
73,176,168
73,176,168
73,176,168
73,176,168
73,176,168
73,176,168
73,176,168
73,176,169
73,176,169
73,176,169
73,176,169
73,176,169
73,176,169
74,177,170
74,177,170
74,177,170
74,177,170
75,177,170
75,177,170
76,177,170
76,177,170
76,177,170
76,177,170
76,177,170
75,177,170
75,177,170
75,177,170
74,177,170
73,176,169
73,176,169
73,176,169
72,176,168
72,176,168
72,176,168
73,176,169
73,176,169
73,176,169
74,177,170
74,177,170
74,177,170
74,177,170
75,177,169
75,177,169
75,177,169
74,177,170
74,177,170
74,177,170
74,177,170
74,177,170
74,177,170
74,177,170
74,177,170
75,177,169
75,177,170
75,177,170
75,177,170
74,177,170
74,177,170
73,176,169
73,176,169
73,176,169
73,176,169
74,177,170
75,177,169
75,177,169
76,177,170
76,177,170
76,178,170
77,178,171
77,178,171
76,177,170
76,177,170
76,177,170
76,177,170
76,177,170
75,177,169
75,177,170
75,177,170
75,177,169
75,177,169
75,177,169
75,178,170
75,177,169
75,177,169
75,177,169
75,177,170
76,177,170
76,177,169
76,177,169
76,177,169
76,177,169
75,177,169
75,177,169
75,177,170
75,177,169
75,177,169
75,177,169
75,177,169
76,177,170
77,178,171
77,178,171
78,178,172
78,178,172
77,178,171
77,178,171
77,178,171
77,178,171
77,178,171
77,178,171
76,177,170
76,177,170
76,177,170
76,177,170
75,177,169
76,177,170
76,177,170
76,178,170
77,178,171
77,178,171
77,178,171
77,178,171
77,178,171
77,178,171
77,178,171
78,179,171
78,179,171
78,178,172
79,179,171
79,179,171
79,179,171
79,179,171
78,178,172
78,178,172
77,178,171
77,178,171
77,178,171
77,178,171
77,178,171
77,178,171
77,178,171
77,178,171
76,178,170
76,178,170
76,177,170
76,177,170
76,177,170
76,177,170
77,178,171
78,179,171
78,179,171
79,179,171
79,179,171
79,179,171
79,179,171
79,179,171
79,179,171
79,179,171
79,179,171
79,179,171
79,179,171
79,179,171
79,179,171
79,179,171
79,179,171
79,179,171
79,179,171
79,179,171
79,179,171
78,178,172
77,178,171
76,178,170
76,177,170
76,177,170
76,177,170
75,177,170
72,176,167
72,176,167
72,176,167
72,176,167
72,176,167
72,176,167
72,176,167
72,176,167
72,176,167
72,176,167
72,176,167
73,176,168
73,176,168
73,176,168
73,176,168
73,176,168
73,176,168
72,177,168
72,177,168
72,177,168
72,177,168
73,176,168
73,176,168
73,176,168
73,176,168
73,176,169
73,176,169
73,176,169
73,176,169
73,176,169
73,176,169
73,176,169
73,176,169
74,176,170
74,177,170
74,177,170
74,177,170
75,177,170
75,177,170
76,177,170
76,177,170
76,177,170
76,177,170
76,177,170
76,177,170
75,177,170
75,177,170
75,177,169
73,176,169
73,176,169
73,176,169
72,176,168
72,176,168
72,176,167
72,176,167
73,176,168
73,176,169
74,176,170
74,177,170
74,177,170
75,177,169
75,177,169
75,177,169
75,177,169
75,177,169
74,177,170
74,177,170
74,176,170
74,176,170
74,177,170
74,177,170
74,177,170
75,177,169
75,177,170
75,177,170
75,177,169
74,177,170
73,176,169
73,176,169
73,176,169
73,176,169
73,176,169
74,177,170
75,177,169
75,177,169
76,177,170
76,177,170
77,178,171
77,178,171
77,178,171
77,178,171
76,177,170
76,177,170
76,177,170
76,177,170
75,177,169
75,177,169
75,177,169
74,177,170
74,177,170
74,177,170
74,177,170
74,177,170
75,177,169
75,177,169
75,177,170
75,177,170
75,177,170
75,177,170
76,177,170
75,177,170
75,177,170
75,177,170
75,177,169
75,177,169
75,177,170
75,177,169
75,177,169
76,177,170
77,178,171
77,178,171
78,178,172
78,178,172
78,178,172
77,178,171
77,178,171
77,178,171
77,178,171
77,178,171
76,177,170
76,177,170
76,177,170
76,177,170
76,177,170
76,177,170
76,177,170
76,177,170
76,177,170
76,177,170
77,178,171
77,178,171
77,178,171
77,178,171
77,178,171
78,179,171
78,179,171
78,179,171
78,179,171
79,179,171
79,179,171
79,179,171
78,178,172
78,178,172
77,178,171
77,178,171
77,178,171
77,178,171
77,178,171
77,178,171
77,178,171
77,178,171
76,178,170
76,178,170
76,177,170
76,177,170
76,177,170
76,177,170
78,179,171
78,179,171
78,179,171
78,179,171
78,179,172
78,179,172
79,179,171
79,179,171
79,179,171
79,179,171
79,179,171
79,179,171
79,179,171
79,179,171
79,179,171
79,179,171
79,179,171
79,179,171
79,179,171
79,179,171
79,179,171
78,178,172
77,178,171
77,178,171
76,177,170
76,177,170
76,177,170
75,177,170
72,176,167
72,176,167
72,176,167
72,176,167
72,176,167
72,176,167
72,176,167
72,176,167
72,176,167
72,176,167
72,176,167
73,176,168
73,176,168
73,176,168
73,176,168
73,176,168
73,176,168
72,177,168
72,177,168
72,177,168
72,177,168
73,176,168
73,176,168
73,176,168
73,176,169
73,176,169
73,176,169
73,176,169
73,176,169
73,176,169
73,176,169
73,176,169
73,176,169
73,176,169
74,177,170
74,177,170
75,177,170
75,177,170
75,177,170
75,177,170
76,177,170
76,177,170
76,177,170
76,177,170
76,177,170
75,177,170
75,177,170
75,177,170
74,176,170
73,176,169
73,176,169
73,176,169
72,176,167
72,176,167
72,176,167
72,176,167
73,176,168
73,176,169
74,177,170
74,177,170
75,177,169
75,177,169
75,177,169
75,177,169
75,177,169
74,177,170
74,176,170
73,176,169
74,176,170
74,177,169
74,177,169
75,177,169
75,177,169
74,177,170
74,177,170
74,177,170
74,176,170
73,176,169
73,176,169
73,176,169
73,176,169
74,177,170
74,177,170
75,177,169
75,177,169
76,177,170
76,177,170
77,178,171
77,178,171
77,178,171
76,178,170
76,177,170
76,177,170
76,177,170
76,177,169
75,177,169
75,177,169
74,177,170
74,177,170
74,177,170
73,176,169
73,176,169
74,177,170
74,177,170
74,177,170
75,177,169
75,177,170
75,177,170
75,177,170
75,177,170
75,177,170
75,177,170
75,177,169
75,178,170
75,178,170
75,178,170
75,178,170
75,177,169
76,177,170
77,178,171
77,178,171
77,178,171
77,178,171
78,178,172
77,178,171
77,178,171
77,178,171
77,178,171
77,178,171
76,177,170
76,177,170
76,177,170
76,177,170
76,177,170
76,177,170
76,177,170
76,177,170
76,177,170
76,177,170
76,177,170
77,178,171
77,178,171
77,178,171
77,178,171
78,178,172
78,179,171
78,179,171
78,179,171
78,179,171
79,179,171
79,179,171
79,179,171
79,179,171
78,178,172
77,178,171
77,178,171
77,178,171
77,178,171
77,178,171
77,178,171
77,178,171
77,178,171
76,178,170
76,177,170
76,177,170
76,177,170
76,177,170
78,179,171
78,179,171
78,179,171
78,179,171
78,179,171
78,179,172
79,179,171
79,179,171
79,179,171
79,179,171
79,179,171
79,179,171
79,179,171
79,179,171
79,179,171
79,179,171
79,179,171
79,179,171
79,179,171
79,179,171
79,179,171
79,179,171
78,178,172
77,178,171
76,178,170
76,177,170
76,177,170
75,177,170
72,176,167
72,176,167
72,176,167
72,176,167
72,176,167
72,176,167
72,176,167
72,176,167
72,176,167
72,176,167
72,176,167
72,176,167
73,176,168
73,176,168
73,176,168
73,176,168
73,176,168
73,176,168
73,176,168
73,176,168
73,176,168
73,176,168
73,176,168
73,176,169
73,176,169
73,176,169
73,176,169
73,176,169
73,176,169
73,176,169
73,176,169
73,176,169
73,176,169
73,176,169
73,176,169
74,177,170
74,177,170
74,177,170
75,177,169
75,177,169
75,177,169
76,177,170
76,177,170
76,177,170
76,177,170
76,177,170
75,177,170
75,177,170
74,177,170
73,176,169
73,176,169
73,176,169
72,176,167
72,176,167
72,176,167
72,176,167
73,176,168
73,176,169
73,176,169
74,177,170
75,177,169
75,177,169
75,177,169
75,177,169
75,177,169
73,176,169
73,176,169
73,176,169
74,176,169
74,177,169
75,177,169
75,177,169
75,177,169
74,177,170
74,177,170
74,176,170
73,176,169
73,176,169
73,176,169
73,176,169
73,176,169
74,177,170
74,177,170
74,177,170
75,177,169
76,177,170
76,177,170
76,178,170
76,178,170
76,178,170
76,177,170
76,177,170
76,177,170
76,177,170
76,177,169
75,177,169
75,177,169
74,177,170
74,177,170
74,177,170
73,176,169
73,176,169
74,177,170
74,177,170
74,177,170
74,177,170
75,177,170
75,177,170
75,177,170
75,177,170
75,177,169
75,177,169
75,177,170
75,178,170
75,178,170
75,178,170
75,178,170
75,178,170
76,177,170
77,178,171
77,178,171
77,178,171
77,178,171
77,178,171
77,178,171
77,178,171
77,178,171
77,178,171
77,178,171
77,178,171
76,177,170
76,177,170
76,177,170
76,177,170
76,177,170
76,177,170
76,177,170
76,177,170
76,177,170
76,177,170
76,178,170
77,178,171
77,178,171
77,178,171
77,178,171
78,179,171
78,179,171
78,179,171
78,179,171
78,179,171
79,179,171
79,179,171
79,179,171
79,179,171
78,178,172
77,178,171
77,178,171
77,178,171
77,178,171
77,178,171
77,178,171
77,178,171
77,178,171
76,177,170
76,177,170
76,177,170
76,177,170
78,179,171
78,179,171
78,179,171
78,179,171
78,179,172
78,179,172
79,179,171
79,179,171
79,179,171
79,179,171
79,179,171
79,179,171
79,179,171
79,179,171
79,179,171
79,179,171
79,179,171
79,179,171
79,179,171
79,179,171
79,179,171
79,179,171
78,178,172
77,178,171
76,178,170
76,177,170
76,177,170
75,177,170
72,176,167
73,176,168
73,176,168
73,176,168
72,176,167
72,176,167
72,176,167
72,176,167
72,176,167
72,176,167
73,176,168
73,176,168
73,176,168
73,176,168
73,176,168
73,176,168
73,176,168
73,176,168
73,176,168
73,176,168
73,176,168
73,176,168
73,176,169
73,176,169
73,176,169
73,176,169
73,176,169
73,176,169
73,176,169
73,176,169
73,176,169
73,176,169
73,176,169
73,176,169
74,177,170
74,177,170
74,177,170
74,177,170
75,177,169
75,177,169
75,177,169
76,177,170
76,177,170
75,177,170
75,177,170
75,177,170
75,177,170
74,177,170
73,176,169
73,176,169
73,176,169
72,176,167
72,176,167
72,176,167
72,176,167
72,176,167
73,176,169
73,176,169
74,177,170
76,177,170
76,177,170
76,177,170
75,177,169
75,177,169
73,176,169
73,176,169
73,176,169
74,176,169
74,177,169
75,177,169
75,177,169
74,177,170
74,177,170
74,177,170
73,176,169
73,176,169
73,176,169
73,176,169
73,176,169
73,176,169
74,176,170
74,177,170
74,177,170
75,177,169
76,177,170
76,177,170
76,178,170
76,178,170
76,178,170
76,177,170
76,177,170
76,177,170
76,177,170
76,177,170
75,177,169
75,177,170
75,177,170
74,177,170
74,177,170
74,177,170
74,177,170
74,177,170
74,177,170
74,177,170
74,177,170
74,177,170
75,177,170
75,177,170
75,177,170
75,177,169
75,177,169
75,177,169
75,177,169
75,178,170
75,178,170
75,178,170
76,177,170
76,177,170
76,178,170
77,178,171
77,178,171
77,178,171
77,178,171
77,178,171
77,178,171
77,178,171
77,178,171
77,178,171
77,178,171
77,178,171
76,177,170
76,177,170
76,177,170
76,177,170
76,177,170
76,177,170
76,177,170
76,177,170
76,177,170
77,178,171
77,178,171
77,178,171
77,178,171
78,178,172
78,179,171
78,179,171
78,179,171
78,179,171
78,179,171
79,179,171
79,179,171
79,179,171
79,179,171
79,179,171
78,178,172
77,178,171
77,178,171
77,178,171
77,178,171
77,178,171
77,178,171
77,178,171
76,178,170
76,177,170
76,177,170
76,178,170
78,179,171
78,179,171
78,179,171
78,179,171
78,179,172
78,179,172
79,179,171
79,179,171
79,179,171
79,179,171
79,179,171
79,179,171
79,179,171
79,179,171
79,179,171
79,179,171
79,179,171
79,179,171
79,179,171
79,179,171
79,179,171
79,179,171
77,178,171
77,178,171
76,178,170
76,177,170
75,177,170
73,176,168
73,176,168
73,176,168
73,176,168
72,176,167
72,176,167
72,176,167
72,176,167
72,176,167
73,176,168
73,176,168
73,176,168
73,176,168
73,176,168
73,176,168
73,176,168
73,176,168
73,176,168
73,176,168
73,176,168
73,176,168
73,176,168
73,176,169
73,176,169
73,176,169
73,176,169
73,176,169
73,176,169
73,176,169
73,176,169
73,176,169
73,176,169
73,176,169
73,176,169
74,177,170
74,177,170
74,177,170
74,177,170
74,177,170
74,177,170
74,177,170
75,177,169
75,177,169
75,177,170
75,177,170
75,177,170
75,177,170
74,177,170
73,176,169
73,176,169
73,176,169
73,176,169
72,176,167
72,176,167
72,176,167
72,176,167
73,176,169
73,176,169
74,177,170
75,177,169
75,177,169
75,177,169
75,177,169
75,177,169
73,176,169
73,176,169
73,176,169
74,176,170
74,177,169
74,177,169
74,177,170
74,177,170
74,177,170
74,177,170
73,176,169
73,176,169
73,176,169
73,176,169
73,176,169
73,176,169
74,176,170
74,177,170
74,177,170
74,177,170
76,177,170
76,177,170
76,177,170
76,177,170
76,177,170
76,177,170
76,177,170
76,177,170
76,177,170
76,177,170
75,177,170
75,177,170
75,177,170
75,177,169
74,177,170
74,177,170
74,177,170
74,177,170
74,177,170
74,177,170
74,177,170
74,177,170
74,177,170
74,177,170
75,177,169
75,177,169
76,177,170
76,177,170
76,177,170
76,177,170
75,178,170
76,177,170
76,177,170
76,177,170
76,177,170
76,178,170
77,178,171
77,178,171
77,178,171
77,178,171
77,178,171
77,178,171
77,178,171
77,178,171
77,178,171
77,178,171
77,178,171
76,178,170
76,178,170
76,177,170
76,177,170
76,177,170
76,177,170
76,177,170
76,178,170
77,178,171
77,178,171
77,178,171
77,178,171
78,178,172
78,178,172
78,179,171
78,179,171
78,179,171
78,179,171
78,179,171
79,179,171
79,179,171
79,179,171
79,179,171
78,178,172
78,178,172
77,178,171
77,178,171
77,178,171
77,178,171
77,178,171
77,178,171
76,178,170
76,178,170
76,178,170
77,178,171
78,179,171
78,179,171
78,179,171
78,179,171
78,179,172
78,179,172
79,179,171
79,179,171
79,179,171
79,179,171
79,179,171
79,179,171
79,179,171
79,179,171
79,179,171
79,179,171
79,179,171
79,179,171
79,179,171
79,179,171
79,179,171
78,178,172
77,178,171
77,178,171
76,178,170
76,177,170
75,177,170
73,176,168
73,176,168
73,176,168
73,176,168
72,176,167
72,176,167
72,176,167
72,176,167
72,176,167
73,176,168
73,176,168
73,176,168
73,176,168
73,176,168
73,176,168
73,176,168
73,176,168
73,176,168
73,176,168
73,176,168
73,176,168
73,176,169
73,176,169
73,176,169
73,176,169
73,176,169
73,176,169
73,176,169
73,176,169
73,176,169
73,176,169
73,176,169
73,176,169
73,176,169
74,177,170
74,177,170
74,177,170
74,177,170
74,177,170
74,177,170
74,177,170
74,177,170
75,177,169
75,177,170
75,177,170
75,177,170
75,177,170
75,177,170
75,177,169
73,176,169
73,176,169
73,176,169
73,176,168
72,176,167
72,176,167
73,176,169
73,176,169
73,176,169
74,177,170
74,177,170
75,177,169
75,177,169
75,177,169
75,177,170
73,176,169
73,176,169
73,176,169
73,176,169
74,177,170
74,177,170
74,177,170
74,177,170
74,177,170
74,177,170
73,176,169
73,176,169
73,176,169
73,176,169
73,176,169
73,176,169
74,176,170
74,177,170
74,177,170
74,177,170
76,177,170
76,177,170
76,177,170
76,177,170
76,177,170
76,177,170
76,177,170
76,177,170
76,177,170
75,177,169
75,177,169
75,177,170
75,177,170
75,177,170
74,177,170
74,177,170
74,177,170
74,177,170
74,177,170
74,177,170
74,177,170
74,177,170
74,177,170
74,177,170
75,177,169
76,177,170
76,177,170
76,177,170
76,177,170
76,177,170
76,177,170
76,177,170
76,177,170
76,177,170
76,177,170
76,177,170
77,178,171
77,178,171
77,178,171
77,178,171
77,178,171
77,178,171
77,178,171
77,178,171
77,178,171
78,178,171
78,178,171
78,178,171
78,178,171
76,178,170
76,177,170
76,177,170
76,177,170
76,177,170
77,178,171
77,178,171
77,178,171
77,178,171
77,178,171
78,178,172
78,178,172
78,178,172
78,179,171
78,179,171
78,179,171
79,179,171
79,179,171
79,179,171
79,179,171
79,179,171
79,179,171
78,178,172
78,178,172
77,178,171
77,178,171
77,178,171
77,178,171
77,178,171
77,178,171
76,178,170
76,178,170
77,178,171
78,179,171
78,179,171
78,179,171
78,179,171
78,179,172
78,179,172
78,179,172
79,179,171
79,179,171
79,179,171
79,179,171
79,179,171
79,179,171
79,179,171
79,179,171
79,179,171
79,179,171
79,179,171
79,179,171
79,179,171
79,179,171
77,178,171
77,178,171
76,178,170
76,177,170
75,177,170
74,177,169
73,176,168
73,176,168
73,176,168
73,176,168
72,176,167
72,176,167
72,176,167
72,176,167
72,176,167
73,176,168
73,176,168
73,176,168
73,176,168
73,176,168
73,176,168
73,176,168
73,176,168
73,176,168
73,176,168
73,176,168
73,176,169
73,176,169
73,176,169
73,176,169
73,176,169
73,176,169
73,176,169
73,176,169
73,176,169
73,176,169
73,176,169
73,176,169
73,176,169
73,176,169
74,177,170
74,177,170
74,177,170
74,177,170
74,177,170
74,177,170
74,177,170
74,177,170
74,177,170
75,177,170
75,177,170
75,177,170
75,177,170
75,177,170
75,177,170
74,177,170
73,176,169
73,176,169
73,176,169
72,176,167
72,176,168
73,176,169
73,176,169
73,176,169
74,177,170
74,177,170
75,177,169
75,177,169
75,177,170
75,177,170
74,177,170
73,176,169
73,176,169
74,176,170
74,177,170
74,177,170
74,177,170
74,177,170
74,177,170
74,177,170
74,176,170
73,176,169
73,176,169
73,176,169
73,176,169
74,176,170
74,177,170
74,177,170
74,177,170
74,177,170
76,177,170
76,177,170
76,177,170
76,177,170
76,177,170
76,177,170
76,177,170
76,177,170
75,177,169
75,177,169
75,177,169
75,177,169
75,177,170
75,177,170
75,177,169
75,177,169
74,177,170
74,177,170
74,177,170
74,177,170
74,177,170
74,177,170
74,177,170
75,177,169
76,177,170
76,177,170
76,177,170
76,177,170
76,177,170
76,177,170
76,177,170
76,177,170
76,177,170
76,177,170
76,177,170
76,177,170
76,177,170
77,178,171
77,178,171
77,178,171
77,178,171
77,178,171
77,178,171
78,178,172
78,178,172
78,178,171
78,178,171
78,178,171
78,178,171
78,178,171
76,178,170
76,178,170
77,178,171
77,178,171
77,178,171
77,178,171
77,178,171
77,178,171
77,178,171
78,178,172
78,178,172
78,178,172
78,179,171
78,179,171
79,179,171
79,179,171
79,179,171
79,179,171
79,179,171
79,179,171
79,179,171
78,178,172
78,178,172
78,178,172
77,178,171
77,178,171
77,178,171
77,178,171
77,178,171
77,178,171
77,178,171
77,178,171
78,179,171
78,179,171
78,179,171
79,179,171
79,179,171
78,179,172
78,179,172
79,179,171
79,179,171
79,179,171
79,179,171
79,179,171
79,179,171
79,179,171
79,179,171
79,179,171
79,179,171
79,179,171
79,179,171
79,179,171
79,179,171
77,178,171
77,178,171
76,178,170
76,177,170
75,177,169
74,177,169
72,176,167
72,176,167
72,176,167
72,176,167
72,176,167
72,176,167
72,176,167
72,176,167
73,176,168
73,176,168
73,176,168
73,176,168
73,176,168
73,176,168
73,176,168
73,176,168
73,176,168
73,176,168
73,176,169
73,176,169
73,176,169
73,176,169
73,176,169
73,176,169
73,176,169
73,176,169
73,176,169
73,176,169
73,176,169
73,176,169
73,176,169
73,176,169
73,176,169
74,177,170
74,177,170
74,177,170
74,177,170
74,177,170
74,177,170
74,177,170
74,177,170
74,177,170
74,177,170
75,177,170
75,177,170
75,177,170
75,177,170
75,177,170
75,177,169
74,177,169
73,176,169
73,176,169
73,176,169
73,176,169
73,176,169
73,176,169
73,176,169
74,177,170
74,177,170
75,177,169
75,177,169
75,177,170
75,177,170
74,177,170
74,177,170
74,176,170
74,176,170
74,177,170
74,177,170
74,177,170
74,177,170
74,177,170
74,177,170
74,177,170
74,176,170
74,176,170
74,176,170
74,176,170
74,177,170
74,177,170
74,177,170
74,177,170
75,177,169
76,177,170
76,177,170
76,177,170
76,177,170
76,177,170
76,177,170
76,177,170
76,177,170
75,177,170
75,178,170
75,177,170
75,177,169
75,177,169
75,177,169
75,177,169
75,177,169
75,177,169
74,177,170
74,177,170
74,177,170
74,177,170
74,177,170
75,177,169
76,177,170
76,177,170
76,177,170
76,177,170
76,177,170
76,177,170
76,177,170
76,177,170
76,177,170
76,177,170
76,177,170
76,177,170
76,177,170
76,177,170
76,177,170
77,178,171
77,178,171
77,178,171
77,178,171
78,178,172
78,178,172
78,178,172
78,178,171
78,178,171
78,178,171
78,178,171
78,178,172
77,178,171
77,178,171
77,178,171
77,178,171
77,178,171
77,178,171
77,178,171
77,178,171
77,178,171
78,178,172
78,178,172
78,178,172
79,179,171
79,179,171
79,179,171
79,179,171
79,179,171
79,179,171
79,179,171
79,179,171
79,179,171
78,178,172
78,178,172
78,178,171
77,178,171
77,178,171
77,178,171
77,178,171
77,178,171
77,178,171
77,178,171
77,178,171
78,179,171
78,179,171
78,179,171
78,179,171
78,179,172
78,179,172
78,179,172
79,179,171
79,179,171
79,179,171
79,179,171
79,179,171
79,179,171
79,179,171
79,179,171
79,179,171
79,179,171
79,179,171
79,179,171
79,179,171
77,178,171
77,178,171
76,178,170
76,177,170
75,177,169
74,177,169
72,176,167
72,176,167
72,176,167
72,176,167
72,176,167
72,176,167
72,176,167
73,176,168
73,176,168
73,176,168
73,176,168
73,176,168
73,176,168
73,176,168
73,176,168
73,176,168
73,176,169
73,176,169
73,176,169
73,176,169
73,176,169
73,176,169
73,176,169
73,176,169
73,176,169
73,176,169
73,176,169
73,176,169
73,176,169
73,176,169
73,176,169
73,176,169
73,176,169
74,177,170
74,177,170
74,177,170
74,177,170
74,177,170
74,177,170
74,177,170
74,177,170
74,177,170
74,177,170
74,177,170
75,177,169
75,177,170
75,177,170
75,177,170
75,177,170
75,177,170
74,177,170
73,176,169
73,176,169
73,176,169
73,176,169
73,176,169
73,176,169
74,177,170
75,177,169
75,177,169
75,177,170
75,177,170
75,177,170
75,177,169
75,177,169
74,176,170
74,177,170
74,177,170
74,177,170
74,177,170
74,177,170
74,177,170
74,177,170
74,177,170
74,177,170
74,177,170
74,177,170
74,177,170
74,177,170
75,177,169
74,177,170
75,177,169
76,177,170
76,177,170
76,177,170
76,177,170
76,177,170
76,177,170
76,177,170
76,177,170
76,177,170
75,178,170
75,178,170
75,178,170
75,178,170
75,177,169
75,177,169
75,177,169
76,177,170
76,177,170
75,177,169
75,177,169
75,177,169
75,177,169
76,177,170
76,177,170
76,177,170
76,177,170
76,177,170
76,177,170
76,177,170
76,177,170
76,177,170
76,177,170
76,177,170
76,177,170
76,177,170
76,177,170
76,177,170
76,177,170
76,177,170
77,178,171
77,178,171
77,178,171
77,178,171
78,178,172
78,178,172
78,178,172
78,178,172
78,178,172
78,178,172
78,178,172
78,178,172
77,178,171
77,178,171
77,178,171
77,178,171
77,178,171
77,178,171
77,178,171
77,178,171
77,178,171
78,178,172
78,178,172
78,178,172
79,179,171
79,179,171
79,179,171
79,179,171
79,179,171
79,179,171
79,179,171
79,179,171
79,179,171
78,178,172
78,178,172
78,178,171
78,178,171
77,178,171
77,178,171
77,178,171
77,178,171
77,178,171
77,178,171
77,178,171
78,179,171
78,179,171
78,179,171
78,179,171
78,179,172
78,179,172
78,179,172
79,179,171
79,179,171
79,179,171
79,179,171
79,179,171
79,179,171
79,179,171
79,179,171
79,179,171
79,179,171
79,179,171
79,179,171
78,178,172
77,178,171
77,178,171
76,178,170
76,177,170
75,177,169
74,177,169
72,176,167
72,176,167
72,176,167
72,176,167
72,176,167
72,176,167
73,176,168
73,176,168
73,176,168
73,176,168
73,176,168
73,176,168
73,176,168
73,176,168
73,176,168
73,176,169
73,176,169
73,176,169
73,176,169
73,176,169
73,176,169
73,176,169
73,176,169
73,176,169
73,176,169
73,176,169
73,176,169
73,176,169
73,176,169
73,176,169
73,176,169
73,176,169
73,176,169
74,177,170
74,177,170
74,177,170
74,177,170
74,177,170
74,177,170
74,177,170
74,177,170
74,177,170
74,177,170
74,177,170
74,177,170
75,177,170
75,177,170
75,177,170
75,177,170
75,177,170
75,177,169
73,176,169
73,176,169
73,176,169
73,176,169
73,176,169
73,176,169
74,177,170
75,177,169
75,177,169
75,177,170
75,177,170
75,177,170
75,177,169
74,177,170
74,177,170
74,177,170
74,177,170
74,177,170
75,177,169
74,177,170
74,177,170
74,177,170
74,177,170
74,177,170
74,177,170
75,177,169
75,177,169
75,177,169
75,177,169
75,177,169
76,177,170
76,177,170
76,177,170
76,177,170
76,177,170
76,177,170
76,177,170
76,177,170
76,177,170
76,177,170
76,177,170
75,178,170
75,178,170
75,178,170
75,178,170
75,177,169
76,177,170
76,177,170
76,177,170
76,177,170
76,177,170
76,177,170
76,177,170
76,177,170
76,177,170
76,177,170
76,177,170
76,177,170
76,177,170
76,177,170
76,177,170
76,177,170
76,177,170
76,177,170
76,177,170
76,177,170
76,177,170
76,177,170
76,177,170
77,178,171
77,178,171
77,178,171
77,178,171
78,178,172
78,178,172
78,178,172
78,178,172
78,178,172
78,178,172
78,178,172
78,178,172
78,178,172
77,178,171
77,178,171
77,178,171
77,178,171
77,178,171
77,178,171
77,178,171
77,178,171
77,178,171
78,179,171
78,179,171
78,179,171
78,179,171
79,179,171
79,179,171
79,179,171
79,179,171
79,179,171
79,179,171
79,179,171
79,179,171
78,178,172
78,178,172
78,178,171
78,178,171
78,178,171
77,178,171
77,178,171
77,178,171
77,178,171
77,178,171
77,178,171
78,179,171
78,179,171
78,179,171
78,179,171
78,179,172
78,179,172
79,179,171
79,179,171
79,179,171
79,179,171
79,179,171
79,179,171
79,179,171
79,179,171
79,179,171
79,179,171
79,179,171
79,179,171
79,179,171
77,178,171
77,178,171
77,178,171
76,177,170
75,177,169
75,177,169
74,177,169
72,176,167
72,176,167
72,176,167
72,176,167
73,176,168
73,176,168
73,176,168
73,176,168
73,176,168
73,176,168
73,176,168
73,176,168
73,176,168
73,176,169
73,176,169
73,176,169
73,176,169
73,176,169
73,176,169
73,176,169
73,176,169
73,176,169
73,176,169
73,176,169
73,176,169
73,176,169
73,176,169
73,176,169
73,176,169
73,176,169
73,176,169
73,176,169
74,177,170
74,177,170
74,177,170
74,177,170
73,176,169
73,176,169
73,176,169
74,177,170
74,177,170
74,177,170
74,177,170
74,177,170
75,177,169
75,177,169
75,177,170
75,177,170
75,177,170
75,177,170
74,177,170
73,176,169
73,176,169
73,176,169
73,176,169
73,176,169
74,177,170
75,177,169
75,177,169
76,177,170
75,177,170
75,177,170
75,177,170
74,177,170
74,177,170
74,177,170
74,177,170
75,177,169
75,177,169
75,177,169
74,177,170
74,177,170
75,177,169
74,177,170
75,177,169
75,177,169
75,177,169
76,177,170
76,177,170
76,177,170
76,177,170
76,177,170
76,177,170
76,177,170
76,177,170
76,177,170
76,177,170
76,177,170
76,177,170
76,177,170
76,177,170
76,177,170
75,178,170
75,178,170
75,178,170
76,177,170
76,177,170
76,177,170
76,177,170
76,177,170
76,177,170
76,177,170
76,177,170
76,177,170
76,177,170
76,177,170
76,177,170
76,177,170
76,177,170
76,177,170
76,177,170
76,177,170
76,177,170
76,177,170
76,177,170
76,177,170
76,177,170
76,177,170
76,178,170
77,178,171
77,178,171
77,178,171
78,178,172
79,179,171
79,179,171
79,179,171
79,179,171
78,178,172
78,178,172
78,178,172
77,178,171
77,178,171
77,178,171
77,178,171
77,178,171
77,178,171
77,178,171
77,178,171
77,178,171
77,178,171
78,179,171
78,179,171
78,179,171
78,179,171
78,179,171
78,179,171
79,179,171
79,179,171
79,179,171
79,179,171
79,179,171
79,179,171
79,179,171
78,178,172
78,178,172
78,178,172
78,178,171
78,178,171
78,178,171
77,178,171
77,178,171
77,178,171
77,178,171
77,178,171
78,179,171
78,179,171
78,179,171
79,179,171
79,179,171
79,179,171
79,179,171
79,179,171
79,179,171
79,179,171
79,179,171
79,179,171
79,179,171
79,179,171
79,179,171
79,179,171
79,179,171
79,179,171
78,178,172
77,178,171
77,178,171
76,178,170
76,177,170
75,177,169
74,177,169
72,176,167
73,176,168
73,176,168
73,176,168
73,176,168
73,176,168
73,176,168
73,176,168
73,176,168
73,176,168
73,176,168
73,176,168
73,176,169
73,176,169
73,176,169
73,176,169
73,176,169
73,176,169
73,176,169
73,176,169
73,176,169
73,176,169
73,176,169
73,176,169
73,176,169
73,176,169
73,176,169
73,176,169
73,176,169
73,176,169
73,176,169
73,176,169
74,177,170
74,177,170
74,177,170
74,177,170
73,176,169
73,176,169
73,176,169
73,176,169
74,177,170
74,177,170
74,177,170
75,177,169
75,177,169
75,177,169
75,177,170
75,177,170
75,177,170
75,177,170
75,177,169
73,176,169
73,176,169
73,176,169
73,176,169
73,176,169
75,177,169
76,177,170
76,177,170
76,177,170
76,177,170
75,177,170
75,177,170
75,177,169
75,177,169
75,177,169
75,177,169
75,177,169
75,177,169
75,177,169
75,177,169
75,177,169
75,177,169
75,177,169
75,177,169
76,177,170
76,177,170
76,177,170
76,177,170
76,177,170
76,177,170
76,177,170
76,177,170
76,177,170
76,177,170
76,177,170
76,177,170
76,177,170
76,177,170
76,177,170
76,177,170
76,177,170
76,177,170
75,178,170
75,178,170
76,177,170
76,177,170
76,177,170
76,177,170
76,177,170
76,177,170
76,177,170
76,177,170
76,177,170
76,177,170
76,177,170
76,177,170
76,177,170
76,177,170
76,177,170
76,177,170
76,177,170
76,177,170
76,177,170
76,177,170
76,177,170
76,178,170
76,178,170
77,178,171
77,178,171
77,178,171
77,178,171
78,178,171
79,179,171
79,179,171
79,179,171
78,178,172
78,178,172
78,178,172
78,178,172
77,178,171
77,178,171
77,178,171
77,178,171
77,178,171
77,178,171
77,178,171
77,178,171
77,178,171
77,178,171
78,179,171
78,179,171
78,179,171
78,179,171
78,179,171
78,179,171
78,179,171
79,179,171
79,179,171
79,179,171
79,179,171
79,179,171
79,179,171
79,179,171
78,178,172
78,178,172
78,178,171
78,178,171
78,178,171
77,178,171
77,178,171
77,178,171
77,178,171
77,178,171
78,178,172
78,179,171
78,179,171
79,179,171
79,179,171
79,179,171
79,179,171
79,179,171
79,179,171
79,179,171
79,179,171
79,179,171
79,179,171
79,179,171
79,179,171
79,179,171
79,179,171
78,178,172
78,178,172
77,178,171
77,178,171
76,177,170
76,177,170
75,177,169
74,177,169
73,176,168
73,176,168
73,176,168
73,176,168
73,176,168
73,176,168
73,176,168
73,176,168
73,176,168
73,176,168
73,176,168
73,176,168
73,176,169
73,176,169
73,176,169
73,176,169
73,176,169
73,176,169
73,176,169
73,176,169
73,176,169
73,176,169
73,176,169
73,176,169
73,176,169
73,176,169
73,176,169
73,176,169
73,176,169
73,176,169
73,176,169
74,176,170
74,177,170
74,177,170
74,177,170
74,177,170
73,176,169
73,176,168
73,176,168
73,176,168
74,177,170
74,177,170
75,177,169
75,177,169
75,177,169
76,177,170
76,177,170
76,177,170
75,177,170
75,177,170
75,177,170
73,176,169
73,176,169
73,176,169
73,176,169
73,176,169
75,177,169
76,177,170
76,177,170
76,177,170
76,177,170
76,177,170
75,177,169
75,177,169
75,177,169
76,177,170
76,177,170
76,177,170
76,177,169
76,177,169
76,177,169
76,177,170
76,177,170
76,177,170
76,177,170
76,177,170
76,177,170
76,177,170
76,177,170
76,177,170
76,177,170
76,177,170
76,177,170
76,177,170
76,177,170
76,177,170
76,177,170
76,177,170
76,177,170
76,177,170
76,177,170
76,177,170
76,177,170
76,177,170
76,177,170
76,177,170
76,177,170
76,177,170
76,177,170
76,177,170
76,177,170
76,177,170
76,177,170
76,177,170
76,177,170
76,177,170
76,177,170
76,177,170
76,177,170
76,177,170
76,177,170
76,177,170
76,177,170
76,177,170
76,178,170
76,178,170
76,178,170
77,178,171
77,178,171
77,178,171
77,178,171
78,178,172
78,178,171
79,179,171
79,179,171
78,178,171
78,178,171
78,178,172
77,178,171
77,178,171
77,178,171
77,178,171
77,178,171
77,178,171
77,178,171
77,178,171
77,178,171
77,178,171
77,178,171
78,178,172
78,179,171
78,179,171
78,179,171
78,179,171
78,179,171
78,179,171
78,179,171
78,179,171
79,179,171
79,179,171
79,179,171
79,179,171
79,179,171
79,179,171
79,179,171
78,178,172
78,178,172
78,178,172
78,178,171
77,178,171
77,178,171
77,178,171
77,178,171
77,178,171
78,178,172
78,178,172
79,179,171
79,179,171
79,179,171
79,179,171
79,179,171
79,179,171
79,179,171
79,179,171
79,179,171
79,179,171
79,179,171
79,179,171
79,179,171
79,179,171
79,179,171
78,178,172
77,178,171
77,178,171
77,178,171
76,177,170
75,177,170
75,177,169
73,176,168
73,176,168
73,176,168
73,176,168
73,176,168
73,176,168
73,176,168
73,176,168
73,176,168
73,176,168
73,176,168
73,176,168
73,176,169
73,176,169
73,176,169
73,176,169
73,176,169
73,176,169
73,176,169
73,176,169
73,176,169
73,176,169
73,176,169
73,176,169
73,176,169
73,176,169
73,176,169
73,176,169
73,176,169
73,176,169
74,176,170
74,176,170
74,177,170
74,177,170
74,177,170
74,177,170
73,176,169
73,176,168
73,176,168
73,176,168
74,177,169
74,177,170
75,177,169
75,177,169
76,177,170
76,177,170
76,177,170
76,177,170
76,177,170
75,177,169
75,177,170
73,176,169
73,176,169
73,176,169
73,176,169
73,176,169
75,177,169
76,177,170
76,177,170
76,177,170
76,177,170
76,177,170
76,177,170
76,177,170
76,177,170
76,177,170
76,177,170
76,177,170
76,177,169
76,177,169
76,177,169
76,177,170
76,177,170
76,177,170
76,177,170
76,177,171
76,177,171
76,177,171
76,177,170
76,177,170
76,177,170
76,177,170
76,177,170
76,177,170
76,177,170
76,177,170
76,177,170
76,177,170
76,177,170
76,177,170
76,177,170
76,177,170
76,178,170
76,177,170
76,177,170
76,177,170
76,177,170
76,178,170
76,177,170
76,177,170
76,177,170
76,177,170
76,177,170
76,177,170
76,177,170
76,177,170
76,177,170
76,177,170
76,177,170
76,177,170
76,177,170
76,177,170
76,177,170
76,178,170
76,178,170
76,178,170
77,178,171
77,178,171
77,178,171
77,178,171
77,178,171
78,178,171
79,179,171
79,179,171
79,179,171
78,178,171
78,178,172
77,178,171
77,178,171
77,178,171
77,178,171
77,178,171
77,178,171
77,178,171
77,178,171
77,178,171
77,178,171
77,178,171
77,178,171
78,178,172
78,179,171
78,179,171
78,179,171
78,179,171
78,179,171
78,179,171
78,179,171
78,179,171
79,179,171
79,179,171
79,179,171
79,179,171
79,179,171
79,179,171
79,179,171
78,178,172
78,178,172
78,178,172
77,178,171
77,178,171
77,178,171
77,178,171
77,178,171
77,178,171
78,178,172
79,179,171
79,179,171
79,179,171
79,179,171
79,179,171
79,179,171
79,179,171
79,179,171
79,179,171
79,179,171
79,179,171
79,179,171
79,179,171
79,179,171
79,179,171
79,179,171
78,178,172
77,178,171
77,178,171
76,178,170
76,177,170
75,177,170
74,177,170
73,176,168
73,176,168
73,176,168
73,176,168
73,176,168
73,176,168
73,176,168
73,176,168
73,176,168
73,176,168
73,176,168
73,176,169
73,176,169
73,176,169
73,176,169
73,176,169
73,176,169
73,176,169
73,176,169
73,176,169
73,176,169
73,176,169
73,176,169
73,176,169
73,176,169
73,176,169
73,176,169
73,176,169
74,176,170
74,176,170
74,177,170
74,177,170
74,177,170
74,177,170
74,177,170
74,177,170
73,176,168
73,176,168
74,177,169
74,177,169
75,177,169
75,177,169
76,177,170
76,177,170
76,177,170
76,177,170
76,177,170
76,177,170
76,177,170
75,177,169
74,177,170
73,176,169
73,176,169
73,176,169
74,177,170
75,177,169
76,177,170
76,177,170
76,177,170
76,177,170
76,177,170
76,177,170
76,177,170
76,177,170
76,177,170
76,177,170
76,177,170
76,177,170
76,177,170
76,177,170
76,177,170
76,177,170
76,177,170
76,177,170
76,177,170
76,177,171
76,177,170
76,177,170
76,177,170
76,177,170
76,177,170
76,177,170
76,177,170
76,177,170
75,177,169
75,177,169
76,177,170
76,177,170
76,177,170
76,177,170
76,178,170
76,178,170
76,178,170
76,178,170
76,178,170
77,178,171
77,178,171
77,178,171
77,178,171
76,177,170
76,177,170
76,177,170
76,177,170
76,177,170
76,177,170
76,177,170
76,177,170
76,177,170
76,177,170
76,177,170
76,178,170
76,178,170
76,178,170
76,178,170
77,178,171
77,178,171
77,178,171
77,178,171
77,178,171
78,178,172
78,178,171
79,179,171
79,179,171
79,179,171
78,178,171
78,178,172
77,178,171
77,178,171
77,178,171
77,178,171
77,178,171
77,178,171
77,178,171
77,178,171
77,178,171
77,178,171
77,178,171
78,178,172
78,178,172
78,178,172
78,179,171
78,179,171
78,179,171
78,179,171
78,179,171
78,179,171
78,179,171
79,179,171
79,179,171
79,179,171
79,179,171
79,179,171
79,179,171
79,179,171
78,178,172
78,178,172
78,178,172
78,178,172
77,178,171
77,178,171
77,178,171
77,178,171
78,179,171
78,178,172
79,179,171
79,179,171
79,179,171
79,179,171
79,179,171
79,179,172
79,179,171
79,179,171
79,179,171
79,179,171
79,179,171
79,179,171
79,179,171
79,179,171
79,179,171
78,178,172
78,178,172
78,178,171
77,178,171
76,177,170
76,177,170
74,177,170
73,176,169
73,176,168
73,176,168
73,176,168
73,176,168
73,176,168
73,176,168
73,176,168
73,176,168
73,176,168
73,176,168
73,176,168
73,176,168
73,176,169
73,176,169
73,176,169
73,176,169
73,176,169
73,176,169
73,176,169
73,176,169
73,176,169
73,176,169
73,176,169
73,176,169
73,176,169
74,176,170
74,176,170
74,176,170
74,177,170
74,177,170
74,177,170
74,177,170
74,177,170
74,177,170
74,177,170
74,177,170
74,177,170
74,177,170
75,177,169
75,177,169
76,177,170
76,177,170
76,177,170
76,177,170
76,177,170
76,177,170
76,177,170
76,177,170
75,177,169
75,177,169
74,177,170
74,177,170
74,177,170
75,177,169
76,177,170
76,177,170
76,177,170
76,177,170
76,178,170
76,178,170
76,178,170
76,178,170
76,178,170
76,178,170
76,177,170
76,177,170
76,177,170
76,177,170
76,177,170
76,177,170
76,177,170
76,177,170
76,177,170
76,177,170
76,178,170
76,178,170
76,177,170
76,177,170
76,177,170
76,177,170
76,177,170
76,177,170
75,177,169
75,177,169
75,177,169
75,177,169
76,177,170
76,177,170
76,178,170
76,178,170
76,178,170
76,178,170
76,178,170
77,178,171
77,178,171
77,178,171
77,178,171
77,178,171
76,177,170
76,177,170
76,177,170
76,177,170
76,177,170
76,177,170
76,177,170
76,177,170
76,177,170
76,177,170
76,178,170
76,178,170
76,178,170
76,178,170
77,178,171
77,178,171
77,178,171
77,178,171
78,178,172
78,178,172
78,178,172
78,178,172
78,179,171
78,179,171
78,178,172
78,178,172
78,178,172
78,178,172
77,178,171
77,178,171
77,178,171
77,178,171
77,178,171
77,178,171
77,178,171
77,178,171
77,178,171
78,178,172
78,178,172
79,179,171
79,179,171
78,179,171
78,179,171
78,179,171
78,179,171
79,179,171
79,179,171
79,179,171
79,179,171
79,179,171
79,179,171
79,179,171
79,179,171
79,179,171
79,179,171
78,178,172
78,178,172
78,178,172
78,178,172
77,178,171
77,178,171
77,178,171
77,178,171
78,179,171
79,179,171
79,179,171
79,179,171
79,179,171
79,179,171
79,179,171
79,179,171
79,179,172
79,179,171
79,179,171
79,179,171
79,179,171
79,179,171
79,179,171
79,179,171
79,179,171
78,178,172
78,178,172
78,178,171
77,177,171
76,177,169
75,177,169
73,176,169
73,176,168
73,176,168
73,176,168
73,176,168
73,176,168
73,176,168
73,176,168
73,176,168
73,176,168
73,176,168
73,176,168
73,176,168
73,176,168
73,176,168
73,176,168
73,176,168
73,176,168
74,176,170
74,176,170
73,176,169
73,176,169
73,176,169
73,176,169
73,176,169
73,176,170
74,176,170
74,177,170
74,177,170
74,177,170
74,177,170
74,177,170
74,177,170
74,177,170
74,177,170
74,177,170
74,177,170
74,177,170
74,177,170
75,177,169
76,177,170
76,177,170
76,177,170
76,177,170
76,177,170
76,177,170
76,177,170
76,177,170
76,177,170
76,177,170
76,177,170
75,177,169
75,177,169
75,177,169
75,177,169
76,177,170
76,177,170
76,177,170
76,177,170
76,178,170
76,178,170
76,178,170
77,178,171
77,178,171
77,178,171
76,178,170
76,177,170
76,177,170
76,177,170
76,177,170
76,177,170
76,177,170
76,177,170
76,177,170
76,177,170
76,178,170
76,178,170
76,178,170
76,177,170
76,177,170
76,177,170
76,177,170
75,177,169
75,177,169
75,177,170
75,177,170
75,177,170
75,177,170
76,177,170
76,177,170
76,178,170
76,178,170
77,178,171
77,178,171
77,178,171
77,178,171
77,178,171
77,178,171
77,178,171
76,177,170
76,177,170
76,177,170
76,177,170
76,177,170
76,177,170
76,177,170
76,177,170
76,177,170
76,177,170
77,178,171
77,178,171
77,178,171
77,178,171
77,178,171
77,178,171
77,178,171
77,178,171
78,178,172
78,178,172
78,178,172
78,178,172
78,179,171
78,179,171
78,179,171
78,178,172
77,178,171
77,178,171
77,178,171
77,178,171
78,178,172
78,178,172
78,178,172
78,178,172
78,178,172
78,178,172
78,178,172
79,179,171
79,179,171
79,179,171
79,179,171
79,179,171
78,179,171
78,179,171
78,179,171
79,179,171
79,179,171
79,179,171
79,179,171
79,179,171
79,179,171
79,179,171
79,179,171
79,179,171
79,179,171
78,178,172
78,178,172
78,178,172
78,178,172
78,178,172
78,179,171
78,179,171
78,179,171
79,179,171
79,179,171
79,179,171
79,179,171
79,179,171
79,179,171
79,179,171
79,179,171
79,179,171
79,179,171
79,179,171
79,179,171
79,179,171
79,179,171
79,179,171
79,179,171
79,179,171
78,178,172
78,178,171
77,177,170
76,177,169
75,177,169
74,177,169
73,176,169
73,176,169
73,176,168
73,176,168
74,177,169
74,177,169
73,176,168
73,176,168
73,176,168
73,176,168
73,176,168
73,176,168
73,176,168
73,176,168
73,176,168
73,176,168
73,176,168
74,176,169
74,176,169
74,176,169
73,176,169
73,176,169
73,176,169
73,176,169
73,176,170
74,176,170
74,177,170
74,177,170
74,177,170
74,177,170
74,177,170
74,177,170
74,177,170
74,177,170
74,177,170
74,177,170
74,177,170
74,177,170
74,177,170
75,177,169
76,177,170
76,177,170
76,177,170
76,177,170
76,177,170
76,177,170
76,177,170
76,177,170
76,177,170
76,177,170
76,177,170
75,177,169
75,178,170
75,178,170
75,177,169
76,177,170
76,177,170
76,177,170
76,177,170
76,178,170
76,178,170
77,178,171
77,178,171
77,178,171
77,178,171
77,178,171
76,178,170
76,177,170
76,177,170
76,177,170
76,177,170
76,177,170
76,177,170
76,177,170
76,177,170
76,177,170
76,177,170
76,177,170
76,177,170
76,177,170
76,177,170
76,177,170
75,177,169
75,177,169
74,177,170
74,177,170
75,177,170
75,177,170
76,177,170
76,177,170
76,178,170
76,178,170
77,178,171
77,178,171
77,178,171
77,178,171
77,178,171
77,178,171
77,178,171
76,177,170
76,177,170
76,177,170
76,177,170
76,177,170
76,177,170
76,177,170
76,177,170
76,178,170
77,178,171
77,178,171
77,178,171
77,178,171
77,178,171
77,178,171
77,178,171
77,178,171
77,178,171
77,178,171
78,179,171
78,178,172
78,178,172
78,178,172
78,178,172
77,178,171
77,178,171
77,178,171
77,178,171
77,178,171
77,178,171
78,178,172
78,178,172
78,178,172
78,178,172
78,178,172
78,178,172
79,179,171
79,179,171
79,179,171
79,179,171
79,179,171
79,179,171
79,179,171
79,179,171
79,179,171
79,179,171
79,179,171
79,179,171
79,179,171
79,179,171
79,179,171
79,179,171
79,179,171
79,179,171
79,179,171
79,179,171
79,179,171
79,179,171
78,178,172
79,179,171
79,179,171
79,179,171
79,179,171
79,179,171
79,179,171
79,179,171
79,179,171
79,179,171
79,179,171
79,179,171
79,179,171
79,179,171
79,179,171
79,179,171
79,179,171
79,179,171
79,179,171
79,179,171
79,179,171
78,178,172
78,178,171
77,178,170
77,177,170
76,177,169
74,176,169
73,176,168
72,176,168
73,176,169
73,176,169
74,177,169
74,177,169
73,176,168
73,176,168
73,176,168
73,176,168
73,176,168
73,176,168
73,176,168
73,176,168
73,176,168
73,176,168
73,176,168
74,176,169
74,176,169
74,176,169
73,176,169
73,176,169
73,176,169
73,176,170
73,176,170
74,177,170
74,177,170
74,177,170
74,177,170
74,177,170
74,177,170
74,177,170
74,177,170
74,177,170
74,177,170
74,177,170
74,177,170
74,177,170
74,177,170
75,177,170
76,177,170
76,177,170
76,177,170
76,177,170
76,177,170
76,177,170
76,177,170
76,177,170
76,177,170
76,177,170
76,177,170
75,177,170
75,178,170
75,178,170
75,178,170
76,177,170
76,177,170
76,177,170
76,177,170
76,177,170
77,178,171
77,178,171
77,178,171
77,178,171
77,178,171
77,178,171
77,178,171
76,177,170
76,177,170
76,177,170
76,177,170
76,177,170
76,177,170
76,177,170
76,177,170
76,177,170
76,177,170
76,177,170
76,177,170
76,177,170
76,177,170
76,177,170
75,177,169
75,177,170
74,177,170
74,177,170
74,177,170
75,177,170
75,177,170
76,177,170
76,177,170
77,178,171
77,178,171
77,178,171
77,178,171
77,178,171
77,178,171
77,178,171
77,178,171
76,178,170
76,177,170
76,177,170
76,177,170
76,177,170
76,177,170
76,177,170
76,178,170
77,178,171
77,178,171
77,178,171
77,178,171
77,178,171
77,178,171
77,178,171
77,178,171
77,178,171
77,178,171
77,178,171
77,178,171
77,178,171
77,178,171
77,178,171
77,178,171
77,178,171
77,178,171
77,178,171
77,178,171
77,178,171
77,178,171
78,178,172
78,178,172
78,178,172
78,178,172
79,179,171
79,179,171
79,179,171
79,179,171
79,179,171
79,179,171
79,179,171
79,179,171
79,179,171
79,179,171
79,179,171
79,179,171
79,179,171
79,179,171
79,179,171
79,179,171
79,179,171
79,179,171
79,179,171
79,179,171
79,179,171
79,179,171
79,179,171
79,179,171
79,179,171
79,179,171
79,179,171
79,179,171
79,179,171
79,179,171
79,179,171
79,179,171
79,179,171
79,179,171
79,179,171
79,179,171
79,179,171
79,179,171
79,179,171
79,179,171
79,179,171
79,179,171
79,179,171
79,179,171
79,179,171
78,178,171
78,178,171
76,178,170
76,177,169
75,177,169
74,177,169
73,176,168
73,176,169
73,176,169
73,176,169
73,176,168
73,176,168
73,176,168
73,176,168
73,176,168
73,176,168
73,176,168
73,176,168
73,176,168
73,176,168
73,176,168
73,176,168
74,176,169
74,176,169
74,176,170
73,176,169
73,176,169
73,176,169
73,176,170
74,177,170
74,177,170
74,177,170
74,177,170
74,177,170
74,177,170
74,177,170
74,177,170
74,177,170
74,177,170
74,177,170
74,177,170
74,177,170
74,177,170
74,177,170
75,177,170
76,177,170
76,177,170
76,177,170
76,177,170
76,177,170
76,177,170
76,177,170
76,177,170
76,177,170
76,177,170
76,177,170
75,178,170
75,178,170
75,178,170
75,178,170
76,177,170
76,177,170
76,177,170
76,177,170
76,177,170
76,178,170
77,178,171
77,178,171
77,178,171
77,178,171
77,178,171
77,178,171
76,177,170
76,177,170
76,177,170
76,177,170
76,177,170
76,177,170
76,177,170
76,178,170
76,178,170
76,178,170
76,178,170
76,177,170
76,177,170
76,177,170
76,177,170
75,177,170
74,177,170
74,177,170
74,177,170
74,177,170
75,177,170
75,177,170
75,178,170
76,177,170
76,178,170
77,178,171
77,178,171
77,178,171
77,178,171
78,178,171
77,178,171
77,178,171
76,178,170
76,177,170
76,177,170
76,177,170
76,177,170
76,177,170
76,177,170
76,178,170
77,178,171
77,178,171
77,178,171
77,178,171
77,178,171
77,178,171
77,178,171
77,178,171
77,178,171
77,178,171
77,178,171
77,178,171
77,178,171
77,178,171
77,178,171
77,178,171
77,178,171
77,178,171
77,178,171
77,178,171
77,178,171
77,178,171
77,178,171
78,179,171
78,178,172
79,179,171
79,179,171
79,179,171
79,179,171
79,179,171
79,179,171
79,179,171
79,179,171
79,179,171
78,179,172
78,179,172
79,179,171
79,179,171
79,179,171
79,179,171
79,179,171
79,179,171
79,179,171
79,179,171
79,179,171
79,179,171
79,179,171
79,179,171
79,179,171
79,179,171
79,179,171
79,179,171
79,179,171
79,179,171
79,179,171
79,179,171
79,179,171
79,179,171
79,179,171
79,179,171
79,179,171
79,179,171
79,179,171
79,179,171
79,179,171
79,179,171
79,179,171
79,179,171
79,179,171
79,179,171
78,178,171
78,178,171
78,178,171
76,178,170
75,177,169
74,177,169
73,176,168
72,176,168
73,176,169
73,176,169
73,176,169
73,176,169
73,176,169
73,176,169
73,176,169
73,176,169
73,176,169
73,176,169
73,176,169
73,176,169
73,176,169
73,176,169
73,176,169
74,176,170
74,176,170
73,176,169
73,176,169
73,176,169
73,176,170
74,177,170
74,177,170
74,177,170
74,177,170
74,177,170
74,177,170
74,177,170
74,177,170
75,177,169
75,177,169
75,177,170
75,177,170
74,177,170
74,177,170
75,177,170
75,177,169
76,177,170
76,177,170
76,177,170
76,177,170
76,177,170
76,177,170
76,177,170
76,177,170
76,177,170
76,177,170
76,177,170
76,177,170
75,178,170
75,178,170
76,177,170
76,177,170
76,177,170
76,177,170
76,177,170
76,177,170
76,178,170
76,178,170
77,178,171
77,178,171
77,178,171
77,178,171
76,178,170
76,177,170
76,177,170
76,177,170
76,177,170
76,177,170
76,177,170
76,178,170
77,178,171
77,178,171
77,178,171
77,178,171
76,178,170
76,177,170
76,177,170
76,177,170
75,177,170
74,177,170
74,177,170
74,177,170
74,177,170
75,177,170
75,177,170
75,178,170
76,177,170
76,177,170
76,177,170
77,178,171
77,178,171
77,178,171
77,178,171
77,178,171
76,178,170
76,177,170
76,177,170
76,177,170
76,177,170
76,177,170
76,177,170
76,178,170
76,178,170
77,178,171
77,178,171
77,178,171
77,178,171
77,178,171
77,178,171
77,178,171
77,178,171
77,178,171
77,178,171
77,178,171
77,178,171
77,178,171
77,178,171
77,178,171
77,178,171
77,178,171
77,178,171
77,178,171
77,178,171
77,178,171
77,178,171
77,178,171
77,178,171
78,178,172
78,178,172
79,179,171
79,179,171
79,179,171
79,179,171
79,179,171
79,179,171
79,179,171
79,179,171
79,179,171
79,179,171
79,179,171
79,179,171
79,179,171
79,179,171
79,179,171
79,179,171
79,179,171
79,179,171
79,179,171
79,179,171
79,179,171
79,179,171
79,179,171
79,179,171
79,179,171
79,179,171
79,179,171
79,179,171
79,179,171
79,179,171
79,179,171
79,179,171
79,179,171
79,179,171
79,179,171
79,179,171
79,179,171
79,179,171
79,179,171
79,179,171
79,179,171
79,179,171
79,179,171
78,178,171
78,178,171
78,178,171
77,178,170
76,177,169
75,177,169
74,177,169
73,176,168
73,176,169
73,176,169
73,176,169
73,176,169
73,176,169
73,176,169
73,176,169
73,176,169
73,176,169
73,176,169
73,176,169
73,176,169
73,176,169
73,176,169
73,176,169
73,176,169
73,176,169
73,176,169
73,176,169
73,176,169
74,177,170
74,177,170
74,177,170
74,177,170
74,177,170
74,177,170
75,177,169
75,177,169
75,177,169
75,177,169
75,177,169
75,177,169
75,177,169
75,177,169
75,177,170
75,177,170
75,177,169
76,177,170
76,177,170
76,177,170
76,177,170
76,177,170
76,177,170
76,177,170
76,177,170
76,177,170
76,177,170
76,177,170
76,177,170
76,177,170
76,177,170
76,177,170
76,177,170
76,177,170
76,177,170
76,177,170
76,177,170
76,177,170
76,178,170
76,178,170
77,178,171
77,178,171
76,178,170
76,178,170
76,177,170
76,177,170
76,177,170
76,177,170
76,177,170
76,178,170
77,178,171
77,178,171
77,178,171
77,178,171
77,178,171
77,178,171
76,178,170
76,177,170
76,177,170
75,177,170
74,177,170
74,177,170
74,177,170
74,177,170
75,177,170
75,177,170
75,178,170
76,177,170
76,177,170
76,177,170
76,177,170
77,178,171
77,178,171
77,178,171
76,178,170
76,178,170
76,177,170
76,177,170
76,177,170
76,177,170
76,177,170
76,178,170
76,178,170
77,178,171
77,178,171
77,178,171
77,178,171
77,178,171
77,178,171
77,178,171
77,178,171
77,178,171
77,178,171
77,178,171
77,178,171
77,178,171
77,178,171
77,178,171
77,178,171
77,178,171
77,178,171
77,178,171
77,178,171
77,178,171
77,178,171
77,178,171
77,178,171
78,178,172
78,179,171
78,179,171
78,179,172
79,179,171
79,179,171
79,179,171
79,179,172
79,179,171
79,179,171
79,179,171
79,179,171
79,179,171
79,179,171
79,179,172
79,179,171
79,179,171
79,179,171
79,179,171
79,179,171
79,179,171
79,179,171
79,179,171
79,179,171
79,179,171
79,179,171
79,179,171
79,179,171
79,179,171
79,179,171
79,179,171
79,179,171
79,179,171
79,179,171
79,179,171
79,179,171
79,179,171
79,179,171
79,179,171
79,179,171
79,179,171
79,179,171
79,179,171
79,179,171
79,179,171
79,179,171
78,178,171
78,178,171
78,178,171
76,178,170
75,177,169
74,177,169
73,176,169
72,176,168
73,176,169
73,176,169
73,176,169
73,176,169
73,176,169
73,176,169
73,176,169
73,176,169
73,176,169
73,176,169
73,176,169
73,176,169
73,176,169
73,176,169
73,176,169
73,176,169
73,176,169
73,176,169
73,176,169
74,177,170
74,177,170
74,177,170
75,177,169
75,177,169
76,177,170
76,177,170
76,177,170
76,177,170
75,177,169
75,177,169
75,177,169
75,177,169
75,177,169
75,177,169
75,177,169
76,177,170
76,177,170
76,177,170
76,177,170
76,177,170
76,177,170
76,177,170
76,177,170
76,177,170
76,177,170
76,177,170
76,177,170
76,177,170
76,177,170
76,177,170
76,177,170
76,177,170
76,177,170
76,177,170
76,177,170
76,177,170
76,177,170
76,178,170
76,178,170
76,178,170
76,178,170
76,178,170
76,177,170
76,177,170
76,177,170
76,177,170
76,177,170
76,177,170
77,178,171
77,178,171
77,178,171
77,178,171
77,178,171
77,178,171
77,178,171
77,178,171
76,178,170
76,177,170
76,177,170
74,177,170
74,177,170
74,177,170
75,177,170
75,177,170
76,177,170
76,177,170
76,177,170
76,177,170
76,177,170
76,177,170
76,177,170
76,177,170
76,177,170
76,177,170
76,177,170
76,177,170
76,177,170
76,177,170
76,177,170
76,177,170
76,178,170
76,178,170
77,178,171
77,178,171
77,178,171
77,178,171
77,178,171
77,178,171
77,178,171
77,178,171
77,178,171
77,178,171
77,178,171
77,178,171
77,178,171
77,178,171
77,178,171
77,178,171
77,178,171
77,178,171
77,178,171
77,178,171
77,178,171
77,178,171
77,178,171
77,178,171
78,178,172
78,178,172
78,178,172
79,179,171
78,179,172
78,179,172
79,179,171
79,179,171
79,179,171
79,179,171
79,179,171
79,179,171
79,179,171
79,179,171
78,179,172
79,179,171
79,179,171
79,179,171
79,179,171
79,179,171
79,179,171
79,179,171
79,179,171
79,179,171
79,179,172
79,179,172
79,179,171
79,179,171
79,179,171
79,179,171
79,179,171
79,179,171
79,179,171
78,178,172
78,178,172
79,179,171
79,179,171
79,179,171
79,179,171
79,179,171
79,179,171
79,179,171
79,179,171
79,179,171
78,178,172
78,178,171
78,178,171
78,178,171
77,178,170
76,178,170
75,177,169
73,176,169
72,176,168
73,176,169
73,176,169
73,176,169
73,176,169
73,176,169
73,176,169
73,176,169
73,176,169
73,176,169
73,176,169
73,176,169
73,176,169
74,177,170
74,177,170
73,176,169
73,176,169
73,176,169
73,176,169
74,177,170
74,177,170
74,177,170
75,177,169
75,177,169
76,177,170
76,177,170
76,177,170
76,177,170
76,177,170
76,177,170
76,177,170
76,177,170
76,177,170
76,177,170
76,177,170
76,177,170
76,177,170
76,177,170
76,177,170
76,177,170
76,177,170
76,177,170
76,177,170
76,177,170
76,177,170
76,177,170
76,177,170
76,177,170
76,177,170
76,177,170
76,177,170
76,177,170
76,177,170
76,177,170
76,177,170
76,177,170
76,177,170
76,177,170
76,177,170
76,177,170
76,177,170
76,177,170
76,177,170
76,177,170
76,177,170
76,177,170
76,177,170
76,177,170
76,177,170
77,178,171
77,178,171
77,178,171
77,178,171
77,178,171
77,178,171
77,178,171
77,178,171
77,178,171
76,178,170
76,177,170
75,177,170
74,177,170
74,177,170
75,177,170
76,177,170
76,177,170
76,177,170
76,177,170
76,177,170
76,177,170
76,177,170
76,177,170
76,177,170
76,177,170
76,177,170
76,177,170
76,177,170
76,177,170
76,177,170
76,177,170
76,178,170
76,178,170
77,178,171
77,178,171
77,178,171
77,178,171
77,178,171
77,178,171
77,178,171
77,178,171
77,178,171
77,178,171
78,178,172
78,178,172
77,178,171
77,178,171
77,178,171
77,178,171
77,178,171
77,178,171
77,178,171
77,178,171
77,178,171
77,178,171
77,178,171
77,178,171
78,178,172
78,178,171
78,178,172
78,178,172
79,179,171
78,179,172
79,179,171
79,179,171
79,179,171
79,179,171
79,179,171
79,179,171
79,179,171
79,179,171
79,179,171
78,179,172
78,179,172
79,179,171
79,179,171
79,179,171
79,179,171
79,179,171
79,179,171
79,179,171
79,179,172
79,179,171
79,179,171
79,179,172
79,179,171
79,179,171
79,179,171
79,179,171
79,179,171
79,179,171
78,178,172
78,178,172
79,179,171
79,179,171
79,179,171
79,179,171
79,179,171
79,179,171
79,179,171
79,179,171
79,179,171
78,178,171
78,178,171
78,178,171
78,178,171
76,178,170
75,177,169
73,176,169
73,176,169
72,175,168
73,176,169
73,176,169
73,176,169
73,176,169
73,176,169
73,176,169
73,176,169
73,176,169
73,176,169
73,176,169
74,177,170
74,177,170
74,177,170
74,177,170
74,177,170
74,177,170
74,177,170
74,177,170
74,177,170
75,177,169
75,177,169
76,177,170
76,177,170
76,177,170
76,177,170
76,177,170
76,177,170
76,177,170
76,177,170
76,177,170
76,177,170
76,177,170
76,177,170
76,177,170
76,177,170
76,177,170
76,177,170
76,177,170
75,177,170
75,177,170
76,177,170
76,177,170
76,177,170
76,177,170
76,177,170
76,177,170
76,177,170
76,177,170
76,177,170
76,177,170
76,177,170
76,177,170
76,177,170
76,177,170
76,177,170
76,177,170
76,177,170
76,177,170
76,177,170
76,177,170
76,177,170
76,177,170
76,177,170
76,177,170
76,177,170
76,177,170
76,177,170
77,178,171
77,178,171
77,178,171
77,178,171
77,178,171
77,178,171
77,178,171
77,178,171
77,178,171
77,178,171
76,177,170
76,177,170
75,177,169
75,177,170
76,177,170
76,177,170
76,177,170
76,177,170
76,177,170
76,177,170
76,177,170
76,177,170
76,177,170
76,177,170
76,177,170
76,177,170
76,177,170
76,177,170
76,177,170
76,177,170
76,177,170
76,178,170
77,178,171
77,178,171
77,178,171
77,178,171
77,178,171
77,178,171
77,178,171
77,178,171
77,178,171
78,178,172
78,178,172
78,178,172
78,178,172
78,178,172
78,178,172
77,178,171
77,178,171
77,178,171
78,178,172
78,179,171
77,178,171
77,178,171
77,178,171
77,178,171
78,178,172
78,178,172
78,178,172
78,178,172
78,178,172
78,178,172
78,179,172
79,179,171
79,179,171
79,179,171
79,179,171
79,179,171
79,179,171
79,179,171
79,179,171
79,179,171
78,179,172
78,179,172
79,179,171
79,179,171
79,179,171
79,179,171
79,179,171
79,179,171
79,179,171
79,179,171
79,179,171
79,179,171
79,179,171
79,179,172
79,179,171
79,179,171
79,179,171
79,179,171
79,179,171
79,179,171
78,178,172
79,179,171
79,179,171
79,179,171
79,179,171
79,179,171
79,179,171
79,179,171
79,179,171
78,178,171
78,178,171
78,178,171
78,178,171
76,178,170
75,177,169
74,177,169
73,176,169
72,176,168
73,176,169
73,176,169
73,176,169
73,176,169
73,176,169
73,176,169
73,176,169
73,176,169
74,176,170
74,176,170
74,177,170
74,177,170
74,177,170
74,177,170
74,177,170
74,177,170
74,177,170
74,177,170
74,177,170
75,177,169
76,177,170
76,177,170
76,177,170
76,177,170
76,177,170
76,177,170
76,177,170
76,177,170
76,177,170
76,177,170
76,177,170
76,177,170
76,177,170
76,177,170
76,177,170
76,177,170
76,177,170
75,177,170
75,177,170
75,177,170
75,177,170
76,177,170
76,177,170
76,177,170
76,177,170
76,177,170
76,177,170
76,177,170
76,177,170
76,177,170
75,178,170
75,178,170
76,177,170
76,177,170
76,177,170
76,177,170
76,177,170
76,177,170
76,177,170
76,177,170
76,177,170
76,177,170
76,177,170
76,177,170
76,177,170
76,177,170
76,177,170
76,177,170
77,178,171
77,178,171
77,178,171
77,178,171
77,178,171
77,178,171
77,178,171
77,178,171
77,178,171
76,178,170
76,177,170
76,177,170
76,177,170
76,177,170
76,177,170
76,177,170
76,178,170
76,178,170
76,177,170
76,177,170
76,177,170
76,177,170
76,177,170
76,177,170
76,177,170
76,177,170
76,177,170
76,177,170
76,177,170
76,178,170
76,178,170
77,178,171
77,178,171
77,178,171
77,178,171
77,178,171
77,178,171
77,178,171
77,178,171
78,178,172
78,179,171
78,179,171
78,179,171
78,179,171
78,179,171
78,178,172
78,179,171
78,178,172
78,178,172
78,178,172
78,179,171
77,178,171
77,178,171
77,178,171
77,178,171
78,179,171
78,178,172
78,178,172
78,178,172
78,178,172
78,178,172
78,179,172
79,179,171
79,179,171
79,179,171
79,179,171
79,179,171
79,179,171
79,179,171
79,179,171
78,179,172
78,179,172
78,179,172
78,179,171
79,179,171
79,179,171
79,179,171
79,179,171
79,179,171
79,179,171
79,179,171
79,179,171
79,179,171
79,179,171
79,179,171
79,179,171
79,179,171
79,179,171
79,179,171
79,179,171
79,179,171
79,179,171
79,179,171
79,179,171
79,179,171
79,179,171
79,179,171
79,179,171
79,179,171
79,179,171
78,178,171
78,178,171
78,178,171
76,178,170
75,177,169
75,177,169
73,176,168
72,176,168
72,175,168
73,176,169
73,176,169
73,176,169
73,176,169
73,176,169
73,176,169
74,176,170
74,177,170
74,177,170
74,177,170
74,177,170
74,177,170
74,177,170
74,177,170
74,177,170
74,177,170
74,177,170
74,177,170
75,177,169
76,177,170
76,177,170
76,177,170
76,177,170
76,177,170
76,177,170
76,177,170
76,177,170
76,177,170
76,177,170
76,177,170
76,177,170
76,177,170
76,177,170
76,177,170
76,177,170
76,177,170
75,177,170
74,177,170
74,177,170
75,177,170
75,177,170
76,177,170
76,177,170
76,177,170
76,177,170
76,177,170
76,177,170
76,177,170
76,177,170
75,178,170
75,178,170
75,178,170
76,177,170
76,177,170
76,177,170
76,177,170
76,177,170
76,177,170
76,177,170
76,177,170
76,177,170
76,177,170
75,177,169
75,177,169
76,177,170
76,177,170
76,177,170
77,178,171
77,178,171
77,178,171
77,178,171
77,178,171
77,178,171
77,178,171
77,178,171
77,178,171
77,178,171
76,178,170
76,177,170
76,177,170
76,177,170
76,178,170
77,178,171
77,178,171
77,178,171
77,178,171
76,178,170
76,177,170
76,177,170
76,177,170
76,177,170
76,177,170
76,177,170
76,177,170
76,177,170
76,177,170
76,178,170
76,178,170
77,178,171
77,178,171
77,178,171
77,178,171
77,178,171
77,178,171
77,178,171
77,178,171
78,179,171
78,179,171
78,179,171
78,179,171
78,179,171
78,179,171
78,179,171
78,179,171
78,179,171
78,179,171
78,179,171
78,179,171
77,178,171
77,178,171
77,178,171
77,178,171
78,179,171
78,178,172
78,178,172
78,178,172
78,178,172
78,178,172
79,179,171
79,179,171
79,179,171
79,179,171
79,179,171
79,179,171
79,179,171
79,179,171
79,179,171
78,179,172
78,179,171
78,179,171
78,179,171
78,178,172
79,179,171
79,179,171
79,179,171
79,179,171
79,179,171
79,179,171
79,179,171
79,179,171
79,179,171
79,179,171
79,179,171
79,179,171
79,179,171
79,179,171
79,179,171
79,179,171
79,179,171
79,179,171
79,179,171
79,179,171
79,179,171
79,179,171
79,179,171
79,179,171
79,179,171
78,178,171
78,178,171
76,178,170
76,178,170
75,177,169
74,177,169
73,176,168
72,175,168
73,176,169
73,176,169
73,176,169
73,176,169
73,176,169
73,176,169
74,176,170
74,177,170
74,177,170
74,177,170
75,177,169
75,177,169
75,177,169
74,177,170
74,177,170
74,177,170
74,177,170
74,177,170
75,177,169
76,177,170
76,177,170
76,177,170
76,177,170
76,177,170
76,177,170
76,177,170
76,177,170
76,177,170
76,177,170
76,177,170
76,177,170
76,177,170
76,177,170
76,177,170
76,177,170
75,177,169
74,177,170
74,177,170
74,177,170
74,177,170
75,177,170
76,177,170
76,177,170
76,177,170
76,177,170
76,177,170
76,177,170
76,177,170
76,177,170
75,178,170
75,178,170
76,177,170
76,177,170
76,177,170
76,177,170
76,177,170
76,177,170
76,177,170
76,177,170
76,177,170
76,177,170
76,177,170
75,177,169
75,177,169
75,177,169
76,177,170
76,177,170
76,177,170
77,178,171
77,178,171
77,178,171
77,178,171
77,178,171
77,178,171
77,178,171
77,178,171
77,178,171
77,178,171
77,178,171
76,178,170
77,178,171
77,178,171
77,178,171
77,178,171
77,178,171
77,178,171
77,178,171
76,178,170
76,177,170
76,177,170
76,177,170
76,177,170
76,177,170
76,177,170
76,177,170
76,178,170
76,178,170
77,178,171
77,178,171
77,178,171
77,178,171
77,178,171
77,178,171
77,178,171
77,178,171
77,178,171
78,179,171
78,179,171
78,179,171
78,179,171
78,179,171
78,179,171
78,179,171
78,179,171
78,179,171
78,179,171
78,179,171
78,179,171
77,178,171
77,178,171
77,178,171
77,178,171
77,178,171
77,178,171
77,178,171
78,178,172
78,178,172
78,178,172
79,179,171
79,179,171
79,179,171
79,179,171
79,179,171
79,179,171
79,179,171
79,179,171
79,179,171
78,179,172
78,179,171
78,179,171
78,178,172
79,179,171
79,179,171
79,179,171
79,179,171
79,179,171
79,179,171
79,179,171
79,179,171
79,179,171
79,179,171
79,179,171
79,179,171
79,179,171
79,179,171
79,179,171
79,179,171
79,179,171
79,179,171
79,179,171
79,179,171
79,179,171
79,179,171
79,179,171
79,179,171
79,179,171
79,179,171
78,178,171
78,178,171
76,178,170
75,177,169
74,177,169
73,176,168
72,176,168
72,175,168
73,176,169
73,176,169
73,176,169
73,176,169
74,177,170
74,177,170
74,177,170
74,177,170
75,177,169
75,177,169
75,177,169
75,177,169
74,177,170
74,177,170
74,177,170
74,177,170
75,177,169
76,177,170
76,177,170
76,177,170
76,177,170
76,177,170
76,177,170
76,177,170
76,177,170
76,177,170
76,177,170
76,177,170
76,177,170
76,177,170
76,177,170
76,177,170
76,177,170
76,177,170
75,177,169
74,177,170
74,177,170
74,177,170
74,177,170
74,177,170
75,177,170
76,177,170
76,177,170
76,177,170
76,177,170
76,177,170
76,177,170
76,177,170
76,177,170
76,177,170
76,177,170
76,177,170
76,177,170
76,177,170
76,177,170
76,177,170
76,177,170
76,177,170
76,177,170
76,177,170
75,177,169
75,177,169
75,177,169
75,177,170
75,177,170
75,178,170
75,178,170
76,177,170
77,178,171
77,178,171
77,178,171
77,178,171
77,178,171
77,178,171
77,178,171
77,178,171
77,178,171
77,178,171
77,178,171
77,178,171
77,178,171
77,178,171
77,178,171
77,178,171
77,178,171
77,178,171
77,178,171
76,178,170
76,178,170
76,177,170
76,177,170
76,177,170
76,177,170
76,177,170
76,178,170
76,178,170
77,178,171
77,178,171
77,178,171
77,178,171
77,178,171
77,178,171
77,178,171
77,178,171
77,178,171
78,179,171
78,179,171
78,179,171
78,179,171
78,179,171
78,178,172
78,178,172
78,178,172
78,178,172
78,178,172
78,179,171
77,178,171
77,178,171
77,178,171
77,178,171
77,178,171
77,178,171
77,178,171
77,178,171
77,178,171
78,178,172
78,178,172
79,179,171
79,179,171
79,179,171
79,179,171
79,179,171
79,179,171
79,179,171
79,179,171
79,179,171
78,179,172
78,179,171
78,178,172
79,179,171
79,179,171
79,179,171
79,179,171
79,179,171
79,179,171
79,179,171
79,179,171
79,179,171
79,179,171
79,179,171
79,179,171
79,179,171
79,179,171
79,179,171
79,179,171
79,179,171
79,179,171
79,179,171
79,179,171
79,179,171
79,179,171
79,179,171
79,179,171
79,179,171
79,179,171
79,179,171
78,178,171
76,178,170
75,177,169
75,177,170
73,176,168
73,176,169
72,175,168
74,177,170
73,176,169
74,177,170
75,177,169
74,177,170
74,177,170
74,177,170
75,177,170
75,177,169
76,177,170
75,177,169
75,177,169
75,177,169
74,177,170
74,177,170
75,177,169
75,177,169
76,177,170
76,177,170
76,177,170
76,177,170
76,177,170
76,177,170
76,177,170
76,177,170
76,177,170
76,177,170
76,177,170
76,177,170
76,177,170
76,177,170
76,177,170
76,177,170
76,177,170
75,177,169
75,177,170
74,177,170
74,177,170
74,177,170
75,177,170
75,177,170
75,177,170
75,178,170
76,177,170
76,177,170
76,177,170
76,177,170
76,177,170
76,177,170
76,177,170
76,177,170
76,177,170
76,177,170
76,177,170
76,177,170
76,177,170
76,177,170
76,177,170
76,177,170
76,177,170
75,177,169
75,177,169
75,177,169
75,177,170
75,177,170
75,178,170
75,178,170
76,177,170
76,178,170
77,178,171
77,178,171
77,178,171
77,178,171
77,178,171
77,178,171
77,178,171
77,178,171
77,178,171
77,178,171
77,178,171
77,178,171
77,178,171
77,178,171
77,178,171
77,178,171
77,178,171
78,178,171
77,178,171
76,178,170
76,178,170
76,177,170
76,177,170
76,177,170
76,178,170
76,178,170
77,178,171
77,178,171
77,178,171
77,178,171
77,178,171
77,178,171
77,178,171
77,178,171
77,178,171
77,178,171
78,179,171
78,179,171
78,179,171
78,179,171
78,178,172
78,178,172
78,178,172
78,178,172
78,178,172
78,178,172
77,178,171
77,178,171
77,178,171
77,178,171
77,178,171
77,178,171
77,178,171
77,178,171
77,178,171
77,178,171
77,178,171
78,178,172
78,178,172
79,179,171
79,179,171
79,179,171
79,179,171
79,179,171
79,179,171
79,179,171
79,179,171
78,179,172
79,179,171
79,179,171
79,179,171
79,179,171
79,179,171
79,179,171
79,179,171
79,179,171
79,179,171
79,179,171
79,179,171
79,179,171
79,179,171
79,179,171
79,179,171
79,179,171
79,179,171
79,179,171
79,179,171
79,179,171
79,179,171
79,179,171
79,179,171
79,179,171
79,179,171
79,179,171
79,179,171
79,179,171
78,178,171
77,178,170
76,177,169
75,177,170
74,177,170
73,176,169
72,176,168
71,174,168
75,177,169
75,177,170
75,177,170
74,177,170
74,177,170
74,177,170
75,177,170
75,177,170
76,177,170
75,177,169
75,177,169
75,177,169
75,177,169
75,177,169
75,177,169
76,177,170
76,177,170
76,177,170
76,177,170
76,177,170
76,177,170
76,177,170
76,177,170
76,177,170
76,177,170
76,177,170
76,177,170
76,177,170
76,177,170
76,177,170
76,177,170
76,177,170
76,177,170
76,177,170
75,177,169
75,177,169
74,177,170
75,177,170
75,177,170
75,177,170
75,177,170
75,178,170
76,177,170
76,177,170
76,177,170
76,177,170
76,177,170
76,177,170
76,177,170
76,177,170
76,177,170
76,177,170
76,177,170
76,177,170
76,177,170
76,177,170
76,177,170
76,177,170
76,177,170
76,177,170
75,177,169
75,177,169
75,177,170
75,177,170
75,178,170
75,178,170
76,177,170
76,177,170
77,178,171
77,178,171
77,178,171
77,178,171
77,178,171
77,178,171
77,178,171
77,178,171
77,178,171
77,178,171
77,178,171
77,178,171
77,178,171
77,178,171
77,178,171
77,178,171
78,178,172
78,178,171
77,178,171
77,178,171
76,178,170
76,178,170
76,178,170
76,178,170
76,178,170
76,178,170
77,178,171
77,178,171
77,178,171
77,178,171
77,178,171
77,178,171
77,178,171
77,178,171
77,178,171
77,178,171
78,179,171
78,179,171
78,178,172
78,178,172
78,178,172
78,178,172
77,178,171
78,179,171
77,178,171
77,178,171
77,178,171
77,178,171
77,178,171
76,177,170
76,177,170
76,177,170
76,177,170
76,178,170
77,178,171
77,178,171
78,178,171
78,178,171
78,178,171
79,179,171
79,179,171
79,179,171
79,179,171
79,179,171
79,179,171
79,179,171
79,179,171
79,179,171
79,179,171
79,179,171
79,179,171
79,179,171
79,179,171
79,179,171
79,179,171
79,179,171
79,179,171
79,179,171
79,179,171
79,179,171
79,179,171
79,179,171
79,179,171
79,179,172
79,179,171
79,179,171
79,179,171
79,179,172
79,179,171
79,179,171
79,179,171
79,179,171
79,179,171
79,179,171
79,179,171
79,179,171
78,178,172
76,178,170
75,177,170
74,177,170
73,176,169
72,176,168
71,175,168
75,177,170
75,177,170
74,177,170
74,177,170
74,177,170
74,177,170
75,177,170
75,177,169
75,177,169
75,177,169
75,177,169
75,177,169
75,177,169
76,177,170
76,177,170
76,177,170
76,177,170
76,177,170
76,177,170
76,177,170
76,177,170
76,177,170
76,177,170
76,177,170
76,177,170
76,177,170
76,177,170
76,177,170
76,177,170
76,177,170
76,177,170
76,177,170
76,177,170
76,177,170
75,177,169
75,177,169
75,177,170
75,177,170
75,177,170
75,177,170
76,177,170
76,177,170
76,177,170
76,177,170
76,177,170
76,177,170
76,177,170
76,177,170
76,177,170
76,177,170
76,177,170
76,177,170
76,177,170
76,177,170
76,177,170
76,177,170
76,177,170
76,177,170
76,177,170
76,177,170
75,177,169
75,177,169
75,177,169
75,177,169
75,178,170
76,177,170
76,177,170
77,178,171
77,178,171
77,178,171
77,178,171
77,178,171
77,178,171
77,178,171
77,178,171
77,178,171
77,178,171
77,178,171
77,178,171
77,178,171
77,178,171
77,178,171
77,178,171
78,178,172
78,178,171
78,178,172
78,178,172
77,178,171
76,178,170
76,178,170
76,178,170
77,178,171
77,178,171
77,178,171
77,178,171
77,178,171
77,178,171
77,178,171
77,178,171
77,178,171
77,178,171
77,178,171
77,178,171
78,178,172
78,178,172
78,178,172
77,178,171
77,178,171
77,178,171
77,178,171
77,178,171
77,178,171
77,178,171
77,178,171
76,177,170
76,177,170
76,177,170
76,177,170
76,177,170
76,177,170
76,177,170
76,178,170
77,178,171
78,178,171
78,178,171
78,178,171
78,178,172
79,179,171
79,179,171
79,179,171
79,179,171
79,179,171
79,179,171
79,179,171
79,179,171
79,179,171
79,179,171
79,179,171
79,179,171
79,179,172
79,179,171
79,179,171
79,179,171
79,179,171
79,179,171
79,179,171
79,179,171
79,179,171
79,179,171
79,179,171
79,179,172
79,179,172
79,179,171
79,179,172
79,179,172
79,179,172
79,179,171
79,179,171
79,179,171
79,179,171
79,179,171
79,179,171
78,178,172
77,178,171
76,177,170
75,177,169
73,176,169
72,176,168
71,175,168
75,177,170
75,177,170
75,177,169
74,177,170
74,177,170
74,177,170
74,177,170
75,177,169
75,177,169
75,177,169
75,177,169
75,177,169
76,177,170
76,177,170
76,177,170
76,177,170
76,177,170
76,177,170
76,177,170
76,177,170
76,177,170
76,177,170
76,177,170
76,177,170
76,177,170
76,177,170
76,177,170
76,177,170
76,177,170
76,177,170
76,177,170
76,177,170
76,177,170
76,177,170
76,177,170
76,177,170
76,177,170
76,177,170
76,177,170
76,177,170
76,177,170
76,177,170
76,177,170
76,177,170
76,177,170
76,177,170
76,177,170
76,177,170
76,177,170
76,177,170
76,177,170
76,177,170
76,177,170
76,177,170
76,177,170
76,177,170
76,177,170
76,177,170
76,177,170
76,177,170
76,177,170
76,177,170
76,177,170
76,177,170
76,177,170
76,177,170
76,177,170
77,178,171
77,178,171
77,178,171
77,178,171
77,178,171
77,178,171
77,178,171
77,178,171
77,178,171
77,178,171
77,178,171
77,178,171
77,178,171
77,178,171
77,178,171
77,178,171
78,178,172
78,178,172
78,178,172
78,179,171
78,179,171
77,178,171
77,178,171
77,178,171
77,178,171
77,178,171
77,178,171
77,178,171
77,178,171
78,178,171
78,178,171
77,178,171
77,178,171
77,178,171
77,178,171
77,178,171
77,178,171
77,178,171
77,178,171
77,178,171
77,178,171
77,178,171
77,178,171
77,178,171
77,178,171
77,178,171
77,178,171
76,177,170
76,177,170
76,177,170
76,177,170
76,177,170
76,177,170
76,177,170
76,177,170
76,178,170
77,178,171
78,178,171
78,178,171
78,178,172
79,179,171
79,179,171
79,179,171
79,179,171
79,179,171
79,179,171
79,179,172
79,179,171
80,179,171
80,179,171
79,179,171
79,179,171
79,179,172
79,179,171
79,179,171
79,179,171
79,179,171
79,179,171
79,179,172
79,179,172
79,179,172
79,179,171
79,179,171
79,179,171
79,179,171
79,179,171
79,179,171
79,179,172
79,179,172
79,179,172
79,179,172
79,179,172
79,179,171
79,179,171
78,178,172
77,178,171
76,177,170
75,177,170
73,176,169
72,176,168
72,175,168
70,175,168
75,177,170
75,177,170
75,177,169
74,177,170
74,177,170
74,177,170
74,177,170
75,177,169
75,177,169
75,177,169
76,177,170
76,177,170
76,177,170
76,177,170
76,177,170
76,177,170
76,177,170
76,177,170
76,177,170
76,177,170
76,177,170
76,177,170
76,177,170
76,177,170
76,177,170
76,177,170
76,177,170
76,177,170
76,177,170
76,177,170
76,177,170
76,177,170
76,177,170
76,177,170
76,177,170
76,177,170
76,177,170
76,177,170
76,177,170
76,177,170
76,177,170
76,177,170
76,177,170
76,177,170
76,177,170
76,177,170
76,177,170
76,177,170
76,177,170
76,177,170
76,177,170
76,177,170
76,177,170
76,177,170
76,177,170
76,177,170
76,177,170
76,177,170
76,177,170
76,178,170
76,178,170
76,177,170
76,177,170
76,177,170
76,177,170
76,178,170
77,178,171
77,178,171
77,178,171
77,178,171
77,178,171
77,178,171
77,178,171
77,178,171
77,178,171
77,178,171
77,178,171
77,178,171
77,178,171
77,178,171
77,178,171
77,178,171
78,178,172
78,179,171
78,179,171
78,179,171
78,179,171
78,179,171
77,178,171
77,178,171
77,178,171
77,178,171
77,178,171
77,178,171
77,178,171
78,178,171
78,178,171
78,178,171
77,178,171
77,178,171
77,178,171
77,178,171
77,178,171
77,178,171
77,178,171
77,178,171
77,178,171
77,178,171
77,178,171
77,178,171
77,178,171
77,178,171
77,178,171
76,178,170
76,177,170
76,177,170
76,177,170
76,177,170
76,177,170
76,177,170
76,177,170
77,178,171
77,178,171
77,178,171
78,178,172
78,178,172
79,179,171
79,179,171
79,179,171
79,179,171
79,179,171
79,179,171
79,179,171
79,179,171
80,179,171
80,179,171
79,179,171
79,179,171
79,179,171
79,179,171
79,179,171
79,179,171
79,179,172
79,179,172
79,179,172
79,179,172
79,179,172
79,179,172
79,179,172
79,179,171
79,179,171
79,179,171
79,179,172
79,179,172
79,179,172
79,179,172
79,179,172
79,179,171
79,179,171
78,178,172
77,178,171
76,177,170
75,177,170
73,176,169
72,176,168
72,175,168
71,175,168
75,177,170
75,177,170
74,177,170
74,177,170
74,177,170
74,177,170
74,177,170
75,177,169
75,177,169
76,177,170
76,177,170
76,177,170
76,177,170
76,177,170
76,177,170
76,177,170
76,177,170
76,177,170
76,177,170
76,177,170
76,177,170
76,177,170
76,177,170
76,177,170
76,177,170
76,177,170
76,177,170
76,177,170
76,177,170
76,177,170
76,177,170
76,177,170
76,177,170
76,177,170
76,177,170
76,177,170
76,177,170
76,177,170
76,177,170
76,177,170
76,177,170
76,177,170
76,177,170
76,177,170
76,177,170
76,177,170
76,177,170
76,177,170
76,177,170
76,177,170
76,177,170
76,177,170
76,177,170
76,177,170
76,177,170
76,177,170
76,177,170
76,178,170
76,178,170
76,178,170
76,178,170
76,178,170
76,178,170
76,178,170
77,178,171
77,178,171
77,178,171
77,178,171
77,178,171
77,178,171
77,178,171
77,178,171
77,178,171
77,178,171
77,178,171
77,178,171
77,178,171
77,178,171
77,178,171
77,178,171
77,178,171
77,178,171
78,179,171
78,179,171
78,179,171
78,179,171
78,179,171
78,178,172
77,178,171
77,178,171
77,178,171
77,178,171
77,178,171
78,178,171
78,178,171
78,178,171
78,178,171
77,178,171
77,178,171
77,178,171
77,178,171
77,178,171
77,178,171
77,178,171
77,178,171
77,178,171
77,178,171
77,178,171
77,178,171
77,178,171
77,178,171
77,178,171
77,178,171
76,178,170
76,177,170
76,177,170
76,177,170
76,177,170
76,177,170
77,178,171
77,178,171
77,178,171
78,178,172
78,178,172
79,179,171
79,179,171
79,179,171
79,179,171
79,179,171
79,179,171
79,179,172
79,179,172
79,179,172
80,179,171
79,179,172
79,179,171
79,179,171
79,179,171
79,179,171
79,179,171
79,179,171
79,179,172
79,179,172
79,179,172
79,179,172
79,179,172
79,179,172
79,179,172
79,179,171
79,179,171
79,179,171
79,179,172
79,179,172
79,179,172
79,179,172
79,179,172
79,179,171
79,179,171
77,178,171
76,177,170
75,177,170
73,176,169
73,176,169
72,175,168
71,175,168
75,177,170
75,177,170
75,177,170
74,177,170
74,177,170
74,177,170
74,177,170
74,177,170
75,177,169
76,177,170
76,177,170
76,177,170
76,177,170
76,177,170
76,177,170
76,177,170
76,177,170
76,177,170
76,177,170
76,177,170
76,177,170
76,177,170
76,177,170
76,177,170
76,177,170
76,177,170
76,177,170
76,177,170
76,177,170
76,177,170
76,177,170
76,177,170
76,177,170
76,177,170
76,177,170
76,177,170
76,177,170
76,177,170
76,177,170
76,177,170
76,177,170
76,177,170
76,177,170
76,177,170
76,177,170
76,177,170
76,177,170
76,177,170
76,177,170
76,177,170
76,177,170
76,177,170
76,177,170
76,177,170
76,177,170
76,177,170
76,178,170
76,178,170
77,178,171
77,178,171
77,178,171
76,178,170
76,178,170
76,178,170
76,178,170
77,178,171
77,178,171
77,178,171
77,178,171
77,178,171
77,178,171
76,178,170
76,178,170
76,178,170
76,178,170
77,178,171
77,178,171
77,178,171
77,178,171
77,178,171
77,178,171
77,178,171
78,178,172
78,179,171
78,179,171
78,179,171
78,178,172
78,178,172
78,178,172
78,178,172
77,178,171
77,178,171
77,178,171
78,178,171
78,178,171
78,178,171
78,178,171
78,178,172
77,178,171
77,178,171
77,178,171
77,178,171
78,178,172
78,178,172
78,178,172
78,178,172
77,178,171
77,178,171
77,178,171
77,178,171
77,178,171
78,178,171
78,178,171
77,178,171
77,178,171
76,178,170
76,178,170
76,177,170
77,178,171
77,178,171
77,178,171
77,178,171
78,178,172
79,179,171
79,179,171
79,179,171
79,179,171
79,179,171
79,179,171
79,179,171
79,179,171
79,179,172
79,179,172
79,179,172
79,179,171
79,179,171
79,179,171
79,179,171
79,179,171
79,179,171
79,179,171
79,179,172
79,179,172
79,179,172
79,179,172
79,179,172
79,179,172
79,179,171
79,179,171
79,179,171
79,179,171
79,179,172
79,179,172
79,179,172
79,179,172
79,179,171
79,179,171
77,178,171
76,178,170
76,177,170
74,177,170
73,176,169
72,176,168
71,175,168
70,174,168
75,177,170
75,177,170
74,177,170
74,177,170
74,177,170
74,177,170
74,177,170
75,177,169
75,177,169
76,177,170
76,177,170
76,177,170
76,177,170
76,177,170
76,177,170
76,177,170
76,177,170
76,177,170
76,177,170
75,177,169
75,177,170
75,177,170
76,177,170
76,177,170
76,177,170
76,177,170
76,177,170
76,177,170
76,177,170
76,177,170
76,177,170
76,177,170
76,177,170
76,177,170
76,177,170
76,177,170
76,177,170
76,177,170
76,177,170
76,177,170
76,177,170
76,177,170
76,178,170
76,178,170
76,177,170
76,177,170
76,177,170
76,177,170
75,178,170
75,178,170
75,178,170
76,177,170
76,177,170
76,177,170
76,177,170
76,178,170
77,178,171
77,178,171
77,178,171
77,178,171
77,178,171
77,178,171
77,178,171
76,178,170
76,178,170
76,178,170
76,178,170
76,178,170
76,178,170
76,178,170
76,178,170
76,178,170
76,178,170
76,178,170
76,178,170
77,178,171
77,178,171
77,178,171
77,178,171
77,178,171
77,178,171
77,178,171
78,178,172
78,178,172
78,178,172
78,178,172
78,178,172
78,178,172
78,178,172
77,178,171
77,178,171
77,178,171
78,178,171
78,178,171
78,178,171
78,178,171
78,178,172
78,178,172
78,178,172
78,178,172
79,179,171
79,179,171
79,179,171
79,179,171
78,178,172
78,178,172
78,178,172
78,178,172
78,178,172
78,178,171
78,178,171
78,178,171
78,178,171
78,178,172
77,178,171
77,178,171
77,178,171
77,178,171
77,178,171
77,178,171
78,178,172
79,179,171
79,179,171
79,179,171
79,179,171
79,179,171
79,179,171
79,179,171
79,179,171
79,179,171
79,179,171
78,179,172
79,179,171
79,179,171
79,179,171
79,179,171
79,179,171
79,179,171
79,179,171
79,179,171
79,179,172
79,179,172
79,179,172
79,179,172
79,179,171
79,179,171
79,179,171
79,179,171
79,179,171
79,179,171
79,179,172
79,179,171
79,179,172
79,179,171
79,179,171
78,178,172
77,178,171
76,177,170
75,177,169
73,176,169
73,176,169
72,175,168
71,175,168
74,177,170
74,177,170
74,177,170
74,177,170
74,177,170
74,177,170
74,177,170
75,177,169
75,177,169
76,177,170
76,177,170
76,177,170
75,177,169
75,177,169
75,177,169
75,177,169
75,177,169
75,177,169
75,177,169
75,177,170
75,177,170
75,177,169
76,177,170
76,177,170
76,177,170
76,177,170
76,177,170
76,177,170
76,177,170
76,177,170
76,177,170
76,177,170
76,177,170
76,177,170
76,177,170
76,177,170
76,177,170
76,177,170
76,177,170
76,177,170
76,178,170
76,178,170
76,178,170
76,177,170
76,177,170
76,177,170
76,177,170
75,178,170
75,178,170
75,178,170
76,177,170
76,177,170
76,177,170
76,177,170
76,178,170
77,178,171
77,178,171
77,178,171
77,178,171
77,178,171
77,178,171
77,178,171
76,178,170
76,178,170
76,177,170
76,177,170
76,178,170
76,178,170
76,178,170
76,178,170
76,178,170
76,178,170
76,177,170
76,177,170
76,177,170
77,178,171
77,178,171
77,178,171
77,178,171
77,178,171
77,178,171
77,178,171
78,178,172
78,178,172
78,178,172
78,178,172
78,178,172
78,178,172
77,178,171
77,178,171
77,178,171
77,178,171
78,178,172
78,178,172
78,178,172
78,178,172
78,178,172
79,179,171
79,179,171
79,179,171
79,179,171
79,179,171
79,179,171
78,178,172
78,178,172
78,178,172
78,178,172
78,178,172
78,178,171
78,178,171
78,178,171
78,178,171
78,178,171
78,178,172
77,178,171
77,178,171
77,178,171
78,179,171
78,179,171
79,179,171
79,179,171
79,179,171
79,179,171
79,179,171
79,179,171
79,179,171
79,179,171
79,179,171
79,179,171
79,179,171
78,179,172
78,179,172
78,179,172
78,179,172
78,179,172
79,179,171
79,179,172
79,179,171
79,179,171
79,179,171
79,179,171
79,179,172
79,179,172
79,179,171
79,179,171
79,179,171
79,179,171
79,179,171
79,179,171
79,179,171
79,179,171
79,179,171
79,179,171
78,178,171
77,178,171
76,178,170
75,177,169
73,176,169
73,176,169
72,176,168
71,175,168
74,177,170
74,177,170
74,177,170
74,177,170
74,177,170
74,177,170
74,177,170
74,177,170
75,177,170
75,177,170
75,177,169
75,177,169
75,177,169
75,177,169
75,177,169
75,177,169
75,177,169
75,177,169
75,177,169
75,177,169
75,177,169
76,177,170
76,177,170
76,177,170
76,177,170
76,177,170
76,177,170
76,177,170
76,177,170
76,177,170
76,177,170
76,177,170
76,177,170
76,177,170
76,177,170
76,177,170
76,177,170
76,177,170
76,177,170
76,177,170
76,177,170
76,178,170
76,178,170
76,178,170
76,177,170
76,177,170
76,177,170
76,177,170
76,177,170
76,177,170
76,177,170
76,177,170
76,177,170
76,177,170
77,178,171
77,178,171
77,178,171
77,178,171
77,178,171
77,178,171
77,178,171
77,178,171
76,178,170
76,177,170
76,177,170
76,177,170
76,177,170
76,177,170
76,177,170
76,177,170
76,177,170
76,177,170
76,177,170
76,177,170
76,177,170
76,177,170
77,178,171
77,178,171
77,178,171
77,178,171
77,178,171
77,178,171
77,178,171
77,178,171
77,178,171
77,178,171
77,178,171
77,178,171
77,178,171
77,178,171
77,178,171
77,178,171
77,178,171
78,178,172
78,178,172
78,178,172
78,178,172
79,179,171
79,179,171
79,179,171
79,179,171
79,179,171
79,179,171
79,179,171
79,179,171
78,178,172
78,178,172
78,178,172
78,178,171
79,179,171
79,179,171
79,179,171
78,178,171
78,178,172
78,178,172
78,179,171
78,179,171
78,179,171
79,179,171
79,179,171
79,179,171
79,179,171
79,179,171
79,179,171
79,179,171
79,179,171
79,179,171
79,179,171
79,179,171
79,179,171
79,179,171
78,179,172
78,179,172
79,179,171
79,179,171
79,179,171
79,179,171
79,179,171
79,179,171
79,179,171
79,179,171
79,179,171
79,179,171
79,179,171
79,179,171
79,179,171
79,179,171
79,179,171
79,179,171
79,179,171
79,179,171
79,179,171
78,178,171
78,178,171
76,178,170
76,177,170
74,177,170
73,176,169
72,176,168
72,175,168
70,175,168
74,177,170
74,177,170
74,177,170
74,177,170
74,177,170
74,177,170
74,177,170
75,177,170
74,177,170
74,177,170
74,177,170
74,177,170
74,177,170
74,177,170
74,177,170
75,177,169
75,177,170
75,177,170
75,177,170
75,177,169
76,177,170
76,177,170
76,177,170
76,177,170
76,177,170
76,177,170
76,177,170
76,177,170
76,177,170
76,177,170
76,177,170
76,177,170
76,177,170
76,177,170
76,177,170
76,177,170
76,177,170
76,177,170
76,177,170
76,177,170
76,178,170
76,178,170
76,178,170
76,178,170
76,177,170
76,177,170
76,177,170
76,177,170
75,178,170
76,177,170
76,177,170
76,177,170
76,177,170
77,178,171
77,178,171
77,178,171
77,178,171
77,178,171
77,178,171
77,178,171
77,178,171
76,178,170
76,177,170
76,177,170
76,177,170
76,177,170
76,177,170
76,177,170
76,177,170
76,177,170
76,177,170
76,177,170
76,177,170
76,177,170
76,177,170
77,178,171
77,178,171
77,178,171
77,178,171
77,178,171
77,178,171
77,178,171
77,178,171
77,178,171
77,178,171
77,178,171
77,178,171
77,178,171
77,178,171
77,178,171
77,178,171
77,178,171
77,178,171
78,178,172
78,178,172
79,179,171
79,179,171
79,179,171
79,179,171
79,179,171
79,179,171
79,179,171
79,179,171
79,179,171
78,178,172
78,178,172
79,179,171
79,179,171
79,179,171
79,179,171
79,179,171
79,179,171
79,179,171
79,179,171
78,178,172
78,178,172
78,178,172
79,179,171
79,179,171
79,179,171
79,179,171
79,179,171
79,179,171
79,179,171
79,179,171
79,179,171
79,179,171
79,179,171
79,179,171
79,179,171
79,179,171
79,179,171
79,179,171
79,179,171
79,179,171
79,179,171
79,179,171
79,179,171
79,179,171
79,179,171
79,179,171
79,179,171
79,179,171
79,179,171
79,179,171
79,179,171
79,179,171
79,179,171
79,179,171
79,179,171
78,178,171
78,178,171
76,178,170
76,177,169
74,177,170
73,176,169
72,176,168
72,175,168
71,175,168
74,177,170
74,177,170
74,177,170
74,177,170
74,177,170
74,177,170
75,177,170
74,177,170
74,177,170
74,177,170
74,177,170
74,177,170
74,177,170
74,177,170
74,177,170
75,177,170
75,177,170
75,177,170
75,177,169
76,177,170
76,177,170
76,177,170
76,177,170
76,177,170
76,177,170
76,177,170
76,177,170
76,177,170
76,177,170
76,177,170
76,177,170
76,177,170
76,177,170
76,177,170
76,177,170
76,177,170
76,177,170
76,177,170
76,177,170
76,177,170
76,178,170
76,178,170
76,178,170
76,177,170
76,177,170
76,177,170
75,177,170
75,177,170
75,177,170
76,177,170
76,177,170
76,177,170
77,178,171
77,178,171
77,178,171
77,178,171
77,178,171
77,178,171
77,178,171
77,178,171
76,178,170
76,177,170
76,177,170
76,177,170
76,177,170
76,177,170
76,177,170
76,177,170
76,177,170
76,177,170
76,177,170
76,177,170
76,177,170
76,177,170
77,178,171
77,178,171
77,178,171
77,178,171
77,178,171
77,178,171
77,178,171
77,178,171
77,178,171
77,178,171
77,178,171
77,178,171
77,178,171
77,178,171
77,178,171
77,178,171
77,178,171
77,178,171
78,179,171
78,178,172
79,179,171
79,179,171
79,179,171
79,179,171
79,179,171
79,179,171
79,179,171
79,179,171
79,179,171
79,179,171
79,179,171
79,179,171
79,179,171
79,179,171
79,179,171
79,179,171
79,179,171
79,179,171
79,179,171
78,179,172
78,179,172
78,179,172
79,179,171
79,179,171
79,179,171
79,179,171
79,179,171
79,179,171
79,179,171
79,179,171
79,179,171
79,179,171
79,179,171
79,179,171
79,179,171
79,179,171
79,179,171
79,179,171
79,179,171
79,179,171
79,179,171
79,179,172
79,179,171
79,179,171
79,179,171
79,179,171
79,179,171
79,179,171
79,179,171
79,179,171
79,179,171
79,179,171
79,179,171
79,178,171
78,178,171
78,178,171
77,178,170
76,177,169
74,177,169
73,176,168
72,176,167
72,176,167
72,175,167
75,177,170
75,177,170
75,177,170
75,177,170
75,177,169
75,177,169
74,177,170
74,177,170
74,177,170
74,177,170
74,177,170
74,177,170
74,177,170
74,177,170
75,177,170
75,177,170
75,177,169
76,177,170
76,177,170
76,177,170
76,177,170
76,177,170
76,177,170
76,177,170
76,177,170
76,177,170
76,177,170
76,177,170
76,177,170
76,177,170
76,177,170
76,177,170
76,177,170
76,177,170
76,177,170
76,177,170
76,177,170
76,177,170
76,177,170
76,178,170
76,178,170
76,178,170
76,177,170
76,177,170
75,177,170
75,177,170
75,177,170
75,177,170
75,177,170
76,177,170
76,177,170
77,178,171
77,178,171
77,178,171
77,178,171
77,178,171
77,178,171
77,178,171
77,178,171
76,178,170
76,177,170
76,177,170
76,177,170
76,177,170
76,177,170
76,177,170
76,177,170
76,177,170
76,177,170
76,177,170
76,177,170
76,177,170
76,177,170
77,178,171
77,178,171
77,178,171
77,178,171
77,178,171
77,178,171
77,178,171
77,178,171
77,178,171
77,178,171
77,178,171
77,178,171
77,178,171
77,178,171
77,178,171
77,178,171
77,178,171
78,178,172
78,179,171
78,179,171
79,179,171
79,179,171
79,179,171
79,179,171
79,179,171
79,179,171
79,179,171
79,179,171
79,179,171
79,179,171
79,179,171
79,179,171
79,179,171
79,179,171
79,179,171
79,179,171
79,179,171
79,179,171
78,179,172
78,179,172
78,179,172
78,179,172
79,179,171
79,179,171
79,179,171
79,179,171
79,179,171
79,179,171
79,179,171
79,179,171
79,179,171
79,179,171
79,179,171
79,179,171
79,179,171
79,179,171
79,179,171
79,179,171
79,179,171
79,179,171
79,179,171
79,179,172
79,179,171
79,179,171
79,179,171
79,179,171
79,179,171
79,179,171
79,179,171
79,179,172
79,179,171
79,179,171
79,178,171
78,178,171
78,178,171
77,177,170
76,177,169
75,177,169
73,176,168
73,176,168
72,176,167
72,175,167
75,177,170
75,177,170
75,177,169
75,177,169
75,177,169
75,177,169
74,177,170
74,177,170
74,177,170
74,177,170
74,177,170
74,177,170
74,177,170
74,177,170
75,177,169
75,177,169
76,177,170
76,177,170
76,177,170
76,177,170
76,177,170
76,177,170
76,177,170
76,177,170
76,177,170
76,177,170
76,177,170
76,177,170
76,177,170
76,177,170
76,177,170
76,177,170
76,177,170
76,177,170
76,177,170
76,177,170
76,177,170
76,177,170
76,178,170
76,178,170
76,178,170
76,177,170
76,177,170
75,177,170
75,177,170
75,177,170
74,177,170
74,177,170
75,177,170
76,177,170
76,177,170
77,178,171
77,178,171
77,178,171
77,178,171
77,178,171
77,178,171
77,178,171
76,178,170
76,177,170
76,177,170
76,177,170
76,177,170
76,177,170
76,177,170
76,177,170
76,177,170
76,177,170
76,177,170
76,177,170
76,177,170
76,178,170
77,178,171
77,178,171
77,178,171
77,178,171
77,178,171
77,178,171
77,178,171
77,178,171
77,178,171
77,178,171
77,178,171
77,178,171
77,178,171
77,178,171
77,178,171
77,178,171
77,178,171
77,178,171
78,178,172
78,178,172
78,178,172
79,179,171
79,179,171
79,179,171
79,179,171
79,179,171
79,179,171
79,179,171
79,179,171
79,179,171
79,179,171
79,179,171
79,179,171
79,179,171
79,179,171
79,179,171
79,179,171
79,179,171
79,179,171
79,179,171
79,179,171
78,179,172
79,179,171
79,179,171
79,179,171
79,179,171
79,179,171
79,179,171
79,179,171
79,179,171
79,179,171
79,179,171
79,179,171
79,179,171
79,179,171
79,179,171
79,179,171
79,179,171
79,179,171
79,179,171
79,179,171
79,179,172
79,179,171
79,179,171
79,179,171
79,179,171
79,179,171
79,179,171
79,179,171
79,179,171
79,179,171
78,178,171
78,178,171
77,177,170
77,177,170
76,177,169
75,177,169
73,176,168
73,176,168
72,176,167
72,175,168
75,177,169
75,177,169
76,177,170
76,177,170
75,177,169
75,177,169
74,177,170
74,177,170
73,176,169
73,176,169
74,177,170
74,177,170
74,177,170
75,177,169
76,177,170
76,177,170
76,177,170
76,177,170
76,177,170
76,177,170
76,177,170
76,177,170
76,177,170
76,177,170
76,177,170
76,177,170
76,177,170
76,177,170
76,177,170
76,177,170
76,177,170
76,177,170
76,177,170
76,177,170
76,177,170
76,177,170
76,177,170
76,178,170
76,178,170
76,178,170
76,177,170
76,177,170
75,177,170
75,177,170
75,177,170
74,177,170
74,177,170
75,177,170
75,177,169
76,177,170
76,178,170
77,178,171
77,178,171
77,178,171
77,178,171
77,178,171
77,178,171
76,178,170
76,178,170
76,178,170
76,177,170
76,177,170
76,177,170
76,177,170
76,177,170
76,177,170
76,177,170
76,177,170
76,177,170
77,178,171
77,178,171
77,178,171
77,178,171
77,178,171
77,178,171
77,178,171
77,178,171
77,178,171
77,178,171
77,178,171
77,178,171
77,178,171
77,178,171
77,178,171
77,178,171
77,178,171
77,178,171
77,178,171
77,178,171
78,178,172
78,178,172
79,179,171
79,179,171
79,179,171
79,179,171
79,179,171
79,179,171
79,179,171
79,179,171
79,179,171
79,179,171
79,179,171
79,179,171
79,179,171
79,179,171
79,179,171
79,179,171
79,179,171
79,179,171
79,179,171
79,179,171
79,179,171
79,179,171
78,179,172
79,179,171
79,179,171
79,179,171
79,179,171
79,179,171
79,179,171
79,179,171
79,179,171
79,179,171
79,179,171
79,179,171
79,179,171
79,179,171
79,179,171
79,179,171
79,179,171
79,179,171
79,179,171
79,179,172
79,179,171
79,179,171
79,179,171
79,179,171
79,179,171
79,179,172
79,179,171
79,179,171
78,178,171
78,178,171
77,177,170
77,177,170
76,177,169
75,177,169
73,176,168
73,176,168
72,176,167
72,175,167
76,177,170
76,177,170
76,177,170
76,177,170
75,177,169
75,177,169
74,177,170
73,176,169
73,176,169
73,176,169
73,176,169
74,177,170
74,177,170
75,177,169
76,177,170
76,177,170
76,177,170
76,177,170
76,177,170
76,177,170
76,177,170
76,177,170
76,177,170
76,177,170
76,177,170
76,177,170
76,177,170
76,177,170
76,177,170
76,177,170
76,177,170
76,177,170
76,177,170
76,177,170
76,177,170
76,177,170
76,177,170
76,178,170
76,178,170
76,178,170
76,177,170
75,177,169
75,177,169
75,177,170
75,177,170
74,177,170
74,177,170
75,177,170
75,177,169
75,177,169
76,177,170
76,178,170
76,178,170
76,178,170
76,178,170
76,178,170
76,178,170
77,178,171
77,178,171
77,178,171
77,178,171
77,178,171
77,178,171
77,178,171
76,177,170
76,177,170
76,177,170
76,177,170
77,178,171
77,178,171
77,178,171
77,178,171
77,178,171
77,178,171
77,178,171
77,178,171
77,178,171
79,179,171
78,178,172
78,178,172
77,178,171
77,178,171
77,178,171
77,178,171
76,178,170
77,178,171
77,178,171
77,178,171
77,178,171
78,178,172
78,178,172
79,179,171
79,179,171
79,179,171
79,179,171
79,179,171
79,179,171
79,179,171
79,179,171
79,179,171
79,179,171
79,179,171
79,179,171
79,179,171
79,179,171
79,179,171
79,179,171
79,179,171
79,179,171
79,179,171
79,179,171
79,179,171
79,179,171
78,179,172
79,179,171
79,179,171
78,178,172
78,178,172
78,178,172
79,179,171
79,179,171
79,179,171
79,179,171
79,179,171
79,179,171
79,179,171
79,179,171
79,179,171
79,179,171
79,179,171
79,179,171
78,179,172
79,179,171
79,179,171
79,179,171
79,179,171
79,179,171
79,179,171
79,179,171
79,179,171
78,178,171
78,178,171
78,178,171
77,177,170
76,177,169
75,177,169
73,176,168
73,176,168
72,175,167
72,175,167
70,174,168
76,177,170
76,177,170
76,177,170
76,177,170
75,177,169
74,177,170
73,176,169
73,176,169
73,176,169
73,176,169
74,177,170
74,177,170
75,177,169
76,177,170
76,177,170
76,177,170
76,177,170
76,177,170
76,177,170
76,177,170
76,177,170
76,177,170
76,177,170
76,177,170
76,177,170
76,177,170
76,178,170
76,178,170
76,178,170
76,178,170
76,178,170
76,178,170
76,177,170
76,177,170
76,178,170
76,178,170
76,178,170
76,178,170
76,178,170
76,177,170
75,177,169
75,177,169
75,177,170
75,177,170
75,177,170
75,177,170
75,177,169
75,177,169
75,177,169
76,177,170
76,177,170
76,177,170
76,178,170
76,178,170
76,178,170
76,178,170
77,178,171
77,178,171
77,178,171
77,178,171
77,178,171
77,178,171
77,178,171
77,178,171
77,178,171
77,178,171
77,178,171
77,178,171
77,178,171
77,178,171
77,178,171
77,178,171
77,178,171
77,178,171
78,178,172
79,179,171
79,179,171
79,179,171
78,178,172
77,178,171
77,178,171
77,178,171
76,178,170
76,178,170
77,178,171
77,178,171
77,178,171
77,178,171
78,178,172
78,178,172
79,179,171
79,179,171
79,179,171
79,179,171
79,179,171
79,179,171
79,179,171
79,179,171
79,179,171
79,179,171
79,179,171
79,179,171
79,179,171
79,179,171
79,179,171
79,179,171
79,179,171
79,179,171
79,179,171
79,179,171
79,179,171
79,179,171
78,179,172
79,179,171
78,178,172
78,178,172
78,179,171
78,179,171
78,179,171
78,179,171
78,179,171
78,179,171
78,179,171
78,179,171
79,179,171
79,179,171
79,179,171
79,179,171
79,179,171
78,179,172
78,179,172
78,179,172
79,179,171
79,179,171
79,179,171
79,179,171
79,179,172
79,179,171
78,178,171
78,178,171
78,178,171
77,177,171
76,177,170
75,176,169
74,177,170
73,176,168
72,175,167
71,175,168
70,174,168
76,177,170
76,177,170
75,177,169
75,177,169
74,177,170
73,176,169
73,176,169
73,176,169
73,176,169
74,177,170
74,177,170
75,177,169
76,177,170
76,177,170
76,177,170
76,177,170
76,177,170
76,177,170
76,177,170
76,177,170
76,177,170
76,177,170
76,178,170
76,178,170
76,178,170
76,178,170
77,177,170
77,177,170
77,177,170
77,177,170
76,178,170
76,178,170
76,178,170
76,178,170
76,178,170
76,178,170
76,178,170
76,178,170
76,177,170
76,177,170
75,177,169
75,177,170
75,177,170
75,177,170
75,177,170
75,177,170
75,177,169
75,177,169
75,177,169
76,177,170
76,177,170
76,177,170
76,178,170
76,178,170
76,178,170
77,178,171
77,178,171
77,178,171
77,178,171
77,178,171
77,178,171
77,178,171
77,178,171
77,178,171
77,178,171
77,178,171
77,178,171
77,178,171
77,178,171
77,178,171
77,178,171
77,178,171
77,178,171
79,179,171
79,179,171
79,179,171
79,179,171
79,179,171
79,179,171
77,178,171
77,178,171
77,178,171
76,178,170
77,178,171
77,178,171
77,178,171
77,178,171
77,178,171
78,178,172
79,179,171
79,179,171
79,179,171
79,179,171
79,179,171
79,179,171
79,179,171
79,179,171
79,179,171
79,179,171
79,179,171
79,179,171
79,179,171
79,179,171
79,179,171
79,179,171
79,179,171
79,179,171
79,179,171
79,179,171
79,179,171
79,179,171
78,179,172
79,179,171
78,178,172
78,178,172
78,179,171
78,179,171
78,179,171
78,179,171
78,179,171
78,179,171
78,179,171
78,179,171
78,179,171
78,179,171
78,179,171
78,179,171
78,179,172
78,179,172
78,179,172
79,179,171
79,179,171
79,179,171
79,179,171
79,179,171
79,179,171
79,179,171
78,178,171
78,178,171
77,177,170
76,177,170
75,176,169
73,176,169
72,176,168
72,175,168
71,174,168
70,174,168
76,177,170
75,177,169
75,177,169
75,177,169
74,177,170
73,176,169
73,176,169
73,176,169
74,177,170
74,177,170
75,177,169
75,177,169
76,177,170
76,177,170
76,177,170
76,177,170
76,177,170
76,178,170
76,178,170
76,177,170
76,178,170
76,178,170
76,178,170
77,177,170
77,177,170
77,177,170
77,177,170
78,178,171
77,177,170
76,178,170
76,178,170
76,178,170
76,178,170
76,178,170
76,178,170
76,178,170
76,178,170
76,177,170
76,177,170
76,177,170
75,177,170
75,177,170
75,177,170
75,177,170
75,177,170
75,177,170
75,177,170
75,177,170
75,177,169
76,177,170
76,177,170
76,178,170
76,178,170
77,178,171
77,178,171
77,178,171
77,178,171
77,178,171
77,178,171
77,178,171
77,178,171
77,178,171
77,178,171
77,178,171
77,178,171
77,178,171
77,178,171
77,178,171
77,178,171
77,178,171
77,178,171
77,178,171
79,179,171
79,179,171
79,179,171
79,179,171
79,179,171
79,179,171
79,179,171
77,178,171
77,178,171
77,178,171
77,178,171
77,178,171
77,178,171
77,178,171
77,178,171
77,178,171
78,178,172
79,179,171
79,179,171
79,179,171
79,179,171
79,179,171
79,179,171
79,179,171
79,179,171
79,179,171
79,179,171
79,179,171
79,179,171
79,179,171
79,179,171
79,179,171
79,179,171
79,179,171
79,179,171
79,179,171
79,179,171
79,179,171
79,179,171
79,179,171
78,178,172
78,178,172
78,179,171
78,179,171
78,179,171
78,179,171
78,179,171
78,179,171
78,179,171
78,179,171
78,179,171
78,179,171
78,179,171
79,179,171
78,179,172
78,179,172
78,179,172
79,179,171
79,179,171
79,179,171
79,179,171
79,179,171
79,179,171
78,178,172
78,178,171
77,177,171
76,177,170
75,176,169
74,176,169
72,176,168
72,175,168
70,174,168
70,174,168
75,177,169
75,177,169
74,177,170
74,177,170
74,176,170
74,177,170
74,177,170
74,177,170
74,177,170
74,177,170
75,177,169
75,177,169
76,177,170
76,177,170
76,177,170
76,177,170
76,177,170
76,178,170
76,178,170
76,178,170
76,178,170
76,178,170
77,177,170
77,177,170
77,177,170
77,177,170
78,178,171
77,177,170
76,178,170
76,178,170
76,178,170
76,178,170
76,178,170
76,178,170
76,178,170
76,178,170
76,177,170
76,177,170
76,177,170
75,177,169
75,177,169
75,177,169
75,177,169
75,177,169
75,177,169
75,177,169
75,177,169
75,177,169
75,177,169
76,177,170
76,177,170
76,178,170
77,178,171
77,178,171
77,178,171
77,178,171
77,178,171
77,178,171
77,178,171
77,178,171
77,178,171
77,178,171
77,178,171
77,178,171
77,178,171
77,178,171
77,178,171
77,178,171
77,178,171
77,178,171
77,178,171
78,178,172
79,179,171
79,179,171
79,179,171
79,179,171
79,179,171
79,179,171
79,179,171
77,178,171
77,178,171
77,178,171
77,178,171
77,178,171
77,178,171
77,178,171
77,178,171
77,178,171
78,178,172
79,179,171
79,179,171
79,179,171
79,179,171
78,179,172
79,179,171
79,179,171
79,179,171
79,179,171
79,179,171
79,179,171
79,179,171
79,179,171
79,179,171
79,179,171
79,179,171
79,179,171
79,179,171
79,179,171
79,179,171
79,179,171
79,179,171
79,179,171
78,178,172
78,178,172
78,178,172
79,179,171
79,179,171
79,179,171
78,179,171
78,179,171
78,179,171
78,179,171
78,179,171
78,179,172
78,179,172
78,179,172
79,179,171
79,179,171
79,179,171
79,179,171
79,179,171
78,179,172
79,179,171
79,179,171
78,178,172
77,178,171
76,177,170
75,176,169
74,176,170
72,176,168
72,175,168
70,174,168
70,174,167
75,177,169
74,177,170
74,177,170
74,177,170
74,177,170
74,177,170
74,177,170
74,177,170
74,177,170
75,177,169
75,177,169
76,177,170
76,177,170
76,177,170
76,177,170
76,177,170
76,177,170
76,177,170
76,177,170
76,178,170
76,178,170
76,178,170
77,177,170
77,177,170
77,177,170
77,177,170
76,178,170
76,177,170
76,177,170
76,177,170
76,178,170
76,178,170
76,178,170
76,178,170
76,178,170
76,177,170
76,177,170
76,177,170
75,177,169
75,177,169
75,177,169
75,177,169
75,177,169
75,177,169
75,177,170
75,177,170
75,177,170
75,177,169
76,177,170
76,177,170
77,178,171
77,178,171
77,178,171
77,178,171
77,178,171
77,178,171
77,178,171
77,178,171
77,178,171
77,178,171
77,178,171
77,178,171
77,178,171
77,178,171
77,178,171
77,178,171
77,178,171
77,178,171
77,178,171
77,178,171
78,178,172
79,179,171
79,179,171
79,179,171
79,179,171
79,179,171
79,179,171
79,179,171
79,179,171
77,178,171
77,178,171
77,178,171
77,178,171
77,178,171
77,178,171
77,178,171
77,178,171
77,178,171
78,178,172
79,179,171
78,179,172
78,179,172
79,179,171
79,179,171
79,179,171
79,179,171
79,179,171
79,179,171
79,179,171
79,179,171
79,179,171
79,179,171
79,179,172
79,179,171
79,179,171
79,179,171
79,179,171
79,179,171
79,179,171
79,179,171
79,179,171
79,179,171
79,179,171
79,179,171
79,179,171
79,178,171
79,178,171
79,179,171
78,179,171
78,179,171
78,179,171
78,179,171
78,179,172
78,179,172
79,179,171
79,179,171
79,179,171
79,179,171
79,179,171
79,179,171
79,179,171
79,179,171
78,178,172
77,178,171
76,177,170
75,177,169
73,176,169
73,176,169
72,175,168
71,174,168
70,174,168
75,177,169
74,177,170
74,177,170
75,177,170
74,177,170
74,177,170
74,177,170
75,177,169
75,177,169
75,177,169
76,177,170
76,177,170
76,177,170
76,177,170
76,177,170
76,177,170
76,177,170
76,177,170
76,177,170
76,177,170
76,178,170
76,178,170
76,178,170
76,178,170
76,178,170
76,177,170
76,177,170
76,177,170
76,177,170
76,177,170
76,177,170
76,178,170
76,178,170
76,177,170
76,177,170
76,177,170
76,177,170
76,177,170
75,177,169
75,177,170
75,177,170
75,177,170
74,177,170
74,177,170
74,177,170
74,177,170
75,177,169
75,177,169
76,177,170
77,178,171
77,178,171
77,178,171
77,178,171
77,178,171
77,178,171
77,178,171
77,178,171
77,178,171
77,178,171
77,178,171
77,178,171
77,178,171
77,178,171
77,178,171
77,178,171
77,178,171
77,178,171
77,178,171
77,178,171
78,178,172
79,179,171
79,179,171
79,179,171
79,179,171
79,179,171
79,179,171
79,179,171
79,179,171
79,179,171
77,178,171
77,178,171
77,178,171
77,178,171
77,178,171
77,178,171
77,178,171
77,178,171
78,179,171
78,179,171
78,179,172
78,179,172
79,179,171
79,179,171
79,179,171
79,179,171
79,179,171
79,179,171
79,179,171
79,179,171
79,179,171
79,179,171
79,179,171
79,179,171
79,179,171
79,179,171
79,179,171
79,179,171
79,179,171
79,179,171
79,179,171
79,179,171
79,179,171
79,179,171
79,179,171
79,178,171
79,178,171
79,178,171
78,179,172
78,179,172
78,179,172
78,179,172
78,179,172
79,179,171
79,179,171
79,179,171
79,179,171
79,179,171
79,179,171
79,179,171
79,179,171
78,178,172
77,178,171
76,177,170
75,177,169
73,176,169
73,176,169
72,175,168
71,175,168
70,174,168
75,177,169
75,177,169
75,177,169
75,177,169
75,177,169
75,177,169
75,177,169
75,177,169
76,177,170
76,177,170
76,177,170
76,177,170
76,177,170
76,177,170
76,177,170
76,177,170
76,177,170
76,177,170
76,177,170
76,177,170
76,177,170
76,177,170
76,177,170
76,177,170
76,177,170
76,177,170
76,177,170
76,177,170
76,177,170
76,177,170
76,177,170
76,177,170
76,177,170
76,177,170
76,177,170
76,177,170
75,177,169
75,177,169
75,177,170
75,177,170
75,177,170
74,177,170
74,177,170
74,177,170
74,177,170
74,177,170
75,177,169
76,177,170
76,177,170
77,178,171
77,178,171
77,178,171
77,178,171
77,178,171
77,178,171
77,178,171
77,178,171
77,178,171
77,178,171
77,178,171
77,178,171
77,178,171
77,178,171
77,178,171
77,178,171
77,178,171
77,178,171
77,178,171
78,178,172
79,179,171
79,179,171
79,179,171
79,179,171
79,179,171
79,179,171
79,179,171
79,179,171
79,179,171
77,178,171
77,178,171
77,178,171
77,178,171
77,178,171
77,178,171
77,178,171
77,178,171
78,179,171
78,179,171
78,179,172
78,179,172
79,179,171
79,179,171
79,179,171
79,179,171
79,179,171
79,179,171
79,179,171
79,179,171
79,179,171
79,179,171
79,179,171
79,179,171
79,179,171
79,179,171
79,179,171
79,179,171
78,179,172
79,179,171
79,179,171
79,179,171
79,179,171
79,179,171
79,179,171
79,178,171
79,178,171
79,179,171
78,179,172
78,179,172
78,179,172
79,179,171
79,179,171
79,179,171
79,179,171
79,179,171
79,179,171
79,179,171
79,179,171
79,179,171
78,178,171
77,177,171
76,177,170
75,177,169
73,176,169
73,176,169
72,175,168
71,175,168
71,174,168
76,177,170
76,177,170
76,177,170
76,177,170
76,177,170
76,177,170
76,177,170
76,177,170
76,177,170
76,177,170
76,177,170
76,177,170
76,177,170
76,177,170
76,177,170
76,177,170
76,177,170
76,177,170
76,177,170
76,177,170
76,177,170
76,177,170
76,177,170
76,177,170
76,177,170
76,177,170
76,177,170
76,177,170
76,177,170
76,177,170
76,177,170
76,177,170
76,177,170
76,177,170
76,177,170
75,177,169
75,177,169
75,177,170
75,177,170
75,177,170
74,177,170
74,177,170
74,177,170
74,177,170
74,177,170
75,177,170
76,177,170
76,177,170
77,178,171
77,178,171
77,178,171
77,178,171
77,178,171
77,178,171
77,178,171
77,178,171
77,178,171
77,178,171
77,178,171
77,178,171
77,178,171
77,178,171
77,178,171
77,178,171
77,178,171
77,178,171
77,178,171
78,178,172
79,179,171
79,179,171
79,179,171
79,179,171
79,179,171
79,179,171
79,179,171
79,179,171
79,179,171
77,178,171
77,178,171
77,178,171
77,178,171
77,178,171
77,178,171
77,178,171
77,178,171
78,179,171
78,178,172
78,179,172
78,179,172
79,179,171
79,179,171
79,179,171
79,179,171
79,179,171
79,179,171
79,179,171
79,179,171
79,179,171
79,179,171
79,179,171
79,179,171
79,179,171
79,179,171
79,179,171
79,179,171
78,179,172
79,179,171
79,179,171
79,179,171
79,179,171
79,179,171
79,179,171
79,179,171
79,179,171
79,179,172
79,179,171
79,179,171
79,179,171
79,179,171
79,179,171
79,179,171
79,179,171
79,179,171
79,179,171
79,179,172
79,179,171
78,178,172
77,177,171
76,177,170
75,176,169
73,176,169
73,176,169
72,175,168
71,175,168
71,174,168
76,177,170
76,177,170
76,177,170
76,177,170
76,177,170
76,177,170
76,177,170
76,177,170
76,177,170
76,177,170
76,177,170
76,177,170
76,177,170
76,177,170
76,177,170
76,177,170
76,177,170
76,177,170
76,177,170
76,177,170
76,177,170
76,177,170
76,177,170
76,177,170
76,177,170
76,177,170
76,177,170
76,177,170
76,177,170
76,177,170
76,177,170
76,177,170
76,177,170
76,177,170
75,177,169
75,177,170
75,177,170
75,177,170
75,177,170
74,177,170
74,177,170
74,177,170
74,177,170
75,177,170
75,177,170
76,177,170
76,177,170
76,177,170
77,178,171
77,178,171
77,178,171
77,178,171
77,178,171
77,178,171
77,178,171
77,178,171
77,178,171
77,178,171
77,178,171
77,178,171
77,178,171
77,178,171
77,178,171
77,178,171
77,178,171
77,178,171
79,179,171
79,179,171
79,179,171
79,179,171
79,179,171
79,179,171
79,179,171
79,179,171
79,179,171
79,179,171
77,178,171
77,178,171
77,178,171
77,178,171
77,178,171
77,178,171
77,178,171
77,178,171
78,178,172
78,178,172
78,179,172
78,179,172
79,179,171
79,179,171
79,179,171
79,179,171
79,179,171
79,179,171
79,179,171
79,179,171
79,179,171
79,179,171
79,179,171
79,179,171
79,179,171
79,179,171
79,179,171
79,179,171
79,179,172
79,179,171
79,179,171
79,179,171
79,179,171
79,179,171
79,179,172
79,179,171
79,179,171
79,179,172
79,179,171
79,179,171
79,179,171
79,179,171
79,179,171
79,179,171
79,179,171
79,179,171
79,179,172
79,179,171
78,178,172
77,177,171
76,177,170
75,176,169
74,176,169
73,175,169
72,175,168
71,174,168
70,174,168
76,177,171
77,178,171
76,178,170
76,177,170
76,177,170
76,177,170
76,177,170
76,177,170
76,177,170
76,177,170
76,177,170
76,177,170
76,177,170
76,177,170
76,177,170
76,177,170
76,177,170
76,177,170
76,177,170
76,177,170
76,177,170
76,177,170
76,177,170
76,177,170
76,177,170
76,177,170
76,177,170
76,177,170
76,177,170
76,177,170
76,177,170
76,177,170
75,177,170
75,177,170
75,177,170
75,177,170
75,177,170
75,177,170
75,177,170
74,177,170
75,178,170
75,178,170
75,177,170
76,177,170
76,177,170
76,177,170
77,178,171
77,178,171
77,178,171
77,178,171
77,178,171
77,178,171
77,178,171
77,178,171
77,178,171
77,178,171
77,178,171
77,178,171
77,178,171
77,178,171
77,178,171
77,178,171
77,178,171
78,178,172
79,179,171
79,179,171
79,179,171
79,179,172
79,179,172
79,179,172
79,179,171
79,179,171
79,179,171
79,179,171
79,179,171
77,178,171
77,178,171
77,178,171
77,178,171
77,178,171
77,178,171
78,178,172
78,178,172
79,179,171
79,179,171
78,179,172
78,179,172
79,179,171
79,179,171
79,179,171
79,179,171
79,179,171
79,179,171
79,179,171
79,179,171
79,179,171
79,179,171
79,179,171
79,179,171
79,179,171
79,179,171
79,179,171
79,179,172
79,179,171
79,179,171
79,179,171
79,179,171
79,179,171
79,179,172
79,179,171
79,179,171
79,179,172
79,179,171
79,179,171
79,179,171
79,179,171
79,179,171
79,179,171
79,179,171
79,179,171
79,179,172
79,179,171
76,178,170
76,177,170
75,176,169
74,176,169
73,175,169
72,175,168
71,174,168
77,178,171
77,178,171
77,178,171
76,177,170
76,177,170
76,177,170
76,177,170
76,177,170
76,177,170
76,177,170
76,177,170
76,177,170
76,177,170
76,177,170
76,177,170
76,177,170
76,177,170
76,177,170
76,177,170
76,177,170
76,177,170
76,177,170
76,177,170
76,177,170
76,177,170
76,177,170
76,177,170
76,177,170
76,177,170
76,177,170
76,177,170
76,177,170
75,177,170
75,177,170
75,177,170
75,177,170
75,177,170
75,177,170
75,177,170
75,178,170
75,178,170
75,178,170
76,177,170
76,177,170
76,177,170
76,177,170
77,178,171
77,178,171
77,178,171
77,178,171
77,178,171
77,178,171
77,178,171
77,178,171
77,178,171
77,178,171
77,178,171
77,178,171
77,178,171
77,178,171
77,178,171
77,178,171
78,178,172
79,179,171
79,179,171
79,179,171
79,179,172
79,179,172
79,179,172
79,179,171
79,179,171
79,179,171
79,179,171
79,179,171
79,179,171
77,178,171
77,178,171
77,178,171
78,178,172
78,178,172
79,179,171
79,179,171
79,179,171
79,179,171
79,179,171
79,179,171
79,179,171
79,179,171
79,179,171
79,179,171
79,179,171
79,179,171
79,179,171
79,179,171
79,179,171
79,179,171
79,179,171
79,179,171
79,179,171
79,179,172
79,179,172
79,179,172
79,179,172
79,179,171
79,179,171
79,179,171
79,179,172
79,179,172
79,179,171
79,179,171
79,179,172
79,179,171
79,179,171
79,179,171
79,179,171
79,179,171
79,179,171
79,179,171
79,179,172
79,179,171
78,178,172
76,178,170
75,176,169
74,176,169
73,175,169
72,175,168
71,174,168
77,178,171
77,178,171
76,178,170
76,177,170
76,177,170
76,177,170
76,177,170
76,177,170
76,177,170
76,177,170
76,177,170
76,177,170
76,177,170
76,177,170
76,177,170
76,177,170
76,177,170
76,177,170
76,177,170
76,177,170
76,177,170
76,177,170
76,177,170
76,177,170
76,177,170
76,177,170
76,177,170
76,177,170
76,177,170
76,177,170
76,177,170
76,177,170
75,177,170
75,177,170
75,177,170
75,177,169
75,177,169
75,177,170
75,178,170
75,178,170
75,178,170
76,177,170
76,177,170
76,177,170
76,177,170
76,177,170
77,178,171
77,178,171
77,178,171
77,178,171
77,178,171
77,178,171
77,178,171
77,178,171
77,178,171
77,178,171
77,178,171
77,178,171
77,178,171
77,178,171
77,178,171
78,178,172
79,179,171
79,179,171
79,179,172
79,179,172
79,179,172
79,179,172
79,179,171
79,179,171
79,179,171
79,179,171
79,179,171
79,179,171
79,179,171
79,179,171
79,179,171
79,179,171
79,179,171
79,179,171
79,179,171
79,179,171
79,179,171
79,179,171
79,179,171
79,179,171
79,179,171
79,179,171
79,179,171
79,179,171
79,179,171
79,179,171
79,179,171
79,179,171
79,179,171
79,179,171
79,179,171
79,179,171
79,179,171
79,179,172
79,179,172
79,179,172
79,179,172
79,179,172
79,179,172
79,179,172
79,179,172
79,179,172
80,179,171
79,179,171
79,179,171
79,179,171
79,179,171
79,179,171
79,179,172
79,179,172
79,179,172
79,179,171
78,178,172
76,178,170
75,177,170
74,176,170
73,176,169
73,175,169
71,174,168
77,178,171
76,177,171
76,178,170
76,177,170
76,177,170
76,177,170
76,177,170
76,177,170
76,177,170
76,177,170
76,177,170
76,177,170
76,177,170
76,177,170
76,177,170
76,177,170
76,177,170
76,177,170
76,177,170
76,177,170
76,177,170
76,177,170
76,177,170
76,177,170
76,177,170
76,177,170
76,177,170
76,177,170
76,177,170
76,177,170
76,177,170
76,177,170
75,177,170
75,177,169
75,177,169
75,177,169
75,177,169
75,177,170
75,177,170
76,177,170
76,177,170
76,177,170
76,177,170
76,177,170
76,177,170
77,178,171
77,178,171
77,178,171
77,178,171
77,178,171
77,178,171
77,178,171
77,178,171
77,178,171
77,178,171
77,178,171
77,178,171
77,178,171
77,178,171
78,178,172
78,178,172
79,179,171
79,179,171
79,179,172
79,179,171
79,179,171
79,179,172
79,179,171
79,179,171
79,179,171
79,179,171
79,179,171
79,178,171
79,179,171
79,179,171
79,179,171
79,179,171
79,179,171
79,179,171
79,179,171
79,179,171
79,179,171
79,179,171
79,179,171
79,179,171
79,179,171
79,179,171
79,179,171
79,179,171
79,179,171
79,179,171
79,179,171
79,179,171
79,179,171
79,179,171
79,179,171
79,179,171
79,179,171
79,179,171
79,179,171
79,179,172
79,179,172
79,179,172
79,179,172
79,179,172
79,179,171
79,179,171
79,179,171
79,179,171
79,179,171
79,179,171
79,179,172
79,179,172
79,179,172
79,179,171
79,179,171
78,178,172
76,178,170
75,177,170
74,177,170
73,176,169
73,175,169
71,175,168
76,177,171
76,178,170
76,177,170
76,177,170
76,177,170
76,177,170
76,177,170
76,177,170
76,177,170
76,177,170
76,177,170
76,177,170
76,177,170
76,177,170
76,177,170
76,177,170
76,177,170
76,177,170
76,177,170
76,178,170
76,178,170
76,177,170
76,177,170
76,177,170
76,177,170
76,177,170
76,177,170
76,177,170
76,177,170
76,177,170
76,177,170
76,177,170
76,177,170
76,177,170
76,177,170
76,177,170
76,177,170
76,177,170
76,177,170
76,177,170
76,177,170
76,177,170
76,177,170
76,177,170
76,177,170
77,178,171
77,178,171
77,178,171
77,178,171
77,178,171
77,178,171
77,178,171
78,178,172
78,178,172
77,178,171
77,178,171
77,178,171
78,178,172
78,178,172
79,179,171
79,179,171
79,179,171
79,179,171
79,179,171
79,179,171
79,179,171
79,179,171
79,179,171
79,179,171
79,179,171
79,179,171
79,179,171
79,179,171
79,179,171
79,179,171
79,179,171
79,179,171
79,179,171
79,179,171
79,179,171
79,179,171
79,179,172
79,179,171
79,179,171
79,179,171
79,179,171
79,179,171
79,179,171
79,179,171
79,179,171
79,179,171
79,179,171
79,179,171
79,179,171
79,179,171
79,179,171
79,179,171
79,179,171
79,179,171
80,179,172
80,179,172
80,179,172
80,180,172
79,179,171
79,179,171
79,179,171
79,179,171
79,179,171
79,179,171
79,179,172
79,179,172
79,179,171
79,179,171
79,179,171
78,178,172
76,178,170
75,177,170
74,177,170
73,176,169
73,176,169
72,175,167
76,178,170
76,177,170
76,177,170
76,177,170
76,177,170
76,177,170
76,177,170
76,177,170
76,177,170
76,177,170
76,177,170
76,177,170
76,177,170
76,177,170
76,177,170
76,177,170
76,178,170
76,178,170
76,178,170
76,178,170
76,178,170
76,177,170
76,177,170
76,177,170
76,177,170
76,177,170
76,177,170
76,177,170
76,177,170
76,177,170
76,177,170
76,177,170
76,177,170
76,177,170
76,177,170
76,177,170
76,177,170
76,177,170
76,177,170
76,177,170
76,177,170
76,177,170
76,177,170
76,178,170
77,178,171
77,178,171
77,178,171
77,178,171
77,178,171
78,178,172
78,178,172
78,178,172
78,178,172
78,178,172
78,178,172
78,178,172
78,178,172
79,179,171
79,179,171
79,179,171
79,179,171
79,179,171
79,179,171
79,179,171
79,179,171
79,179,171
79,179,171
79,179,172
79,179,172
79,179,171
79,179,171
79,179,171
79,179,172
79,179,172
79,179,171
79,179,171
79,179,171
79,179,171
79,179,172
79,179,172
79,179,171
79,179,171
79,179,171
79,179,171
79,179,171
79,179,171
79,179,171
79,179,171
79,179,171
79,179,171
79,179,171
79,179,171
79,179,171
79,179,171
79,179,171
79,179,171
79,179,171
80,180,172
80,180,172
80,180,172
80,180,172
80,180,172
79,179,171
79,179,171
79,179,171
79,179,171
79,179,171
79,179,172
79,179,171
79,179,171
79,179,171
78,178,172
77,178,171
76,177,170
74,177,170
73,176,169
73,176,169
76,177,170
76,177,170
76,177,170
76,177,170
76,177,170
76,177,170
76,177,170
76,177,170
76,177,170
76,177,170
76,177,170
76,177,170
76,177,170
76,177,170
76,177,170
76,178,170
76,178,170
77,178,171
77,178,171
77,178,171
77,178,171
77,178,171
76,177,170
76,177,170
76,177,170
76,177,170
76,177,170
76,177,170
76,177,170
76,177,170
76,177,170
76,177,170
76,177,170
76,177,170
76,177,170
76,177,170
76,177,170
76,177,170
76,177,170
76,177,170
76,177,170
76,177,170
76,177,170
77,178,171
77,178,171
77,178,171
77,178,171
78,178,172
78,178,172
78,178,172
78,178,172
78,178,172
78,178,172
78,178,172
78,179,171
78,179,171
78,178,172
78,179,172
78,179,172
79,179,171
79,179,171
79,179,171
79,179,171
79,179,171
79,179,171
79,179,172
79,179,172
79,179,172
79,179,171
79,179,172
79,179,172
79,179,171
79,179,171
79,179,171
79,179,171
79,179,172
79,179,172
79,179,172
79,179,172
79,179,171
79,179,171
79,179,171
79,179,171
79,179,171
79,179,171
79,179,171
79,179,171
79,179,171
79,179,171
79,179,171
79,179,171
79,179,171
79,179,171
79,179,171
79,179,171
80,180,172
80,180,172
80,180,172
80,180,172
80,180,172
80,180,172
80,180,172
79,179,171
79,179,171
79,179,171
79,179,171
79,179,171
79,179,171
79,179,171
78,178,172
77,178,171
76,177,170
75,177,170
73,176,169
73,176,169
76,177,170
76,177,170
76,177,170
76,177,170
76,177,170
76,177,170
76,177,170
76,177,170
76,177,170
76,177,170
76,177,170
76,177,170
76,177,170
76,178,170
77,178,171
77,178,171
77,178,171
77,178,171
77,178,171
77,178,171
77,178,171
76,177,170
76,177,170
76,177,170
76,177,170
76,177,170
76,177,170
76,177,170
76,177,170
76,177,170
76,177,170
76,177,170
76,177,170
76,177,170
76,177,170
76,177,170
76,177,170
76,177,170
76,177,170
76,177,170
76,177,170
77,178,171
77,178,171
77,178,171
77,178,171
77,178,171
78,178,172
78,178,172
78,178,172
78,178,172
78,178,172
78,179,171
78,179,171
78,179,171
78,179,171
78,179,172
78,179,172
79,179,171
79,179,171
79,179,171
79,179,171
79,179,171
79,179,171
79,179,171
79,179,171
79,179,171
79,179,171
79,179,171
79,179,171
79,179,171
79,179,171
79,179,171
79,179,171
79,179,171
79,179,172
79,179,172
79,179,172
79,179,171
79,179,171
79,179,171
79,179,171
79,179,171
79,179,171
79,179,171
79,179,171
79,179,171
79,179,171
79,179,171
79,179,171
79,179,171
79,179,171
79,179,171
80,180,172
80,180,172
80,180,172
80,180,172
80,180,172
80,180,172
80,180,172
80,180,172
79,179,171
79,179,171
79,179,171
79,179,171
79,179,171
79,179,171
78,178,172
77,178,171
76,177,170
75,177,170
73,176,169
76,178,170
76,178,170
76,178,170
76,177,170
76,177,170
76,177,170
76,177,170
76,177,170
76,177,170
76,177,170
76,178,170
77,178,171
77,178,171
77,178,171
77,178,171
77,178,171
77,178,171
77,178,171
77,178,171
77,178,171
77,178,171
76,177,170
76,177,170
76,177,170
76,177,170
76,177,170
76,177,170
76,177,170
76,177,170
76,177,170
76,177,170
76,177,170
76,177,170
76,177,170
76,177,170
76,177,170
76,177,170
76,177,170
76,177,170
76,177,170
77,178,171
77,178,171
77,178,171
77,178,171
77,178,171
78,179,171
78,178,172
79,179,171
79,179,171
78,178,172
78,179,171
78,179,171
78,179,171
78,179,171
78,179,172
78,179,172
78,179,172
79,179,171
79,179,171
79,179,171
79,179,171
79,179,171
79,179,171
79,179,171
79,179,171
79,179,171
79,179,171
79,179,171
79,179,171
79,179,171
79,179,171
79,179,171
79,179,171
79,179,171
79,179,171
79,179,171
79,179,171
79,179,171
79,179,171
79,179,171
79,179,171
79,179,172
79,179,171
79,179,171
79,179,171
79,179,171
79,179,171
79,179,171
79,179,171
79,179,171
79,179,171
80,180,172
80,180,172
80,180,172
80,180,172
80,180,172
80,180,172
80,180,172
80,180,172
79,179,171
79,179,171
79,179,172
79,179,171
79,179,171
78,178,172
77,178,171
76,177,170
74,177,170
73,176,169
76,178,170
76,178,170
76,178,170
76,177,170
76,177,170
76,178,170
76,178,170
76,178,170
77,178,171
77,178,171
77,178,171
77,178,171
77,178,171
77,178,171
77,178,171
77,178,171
77,178,171
77,178,171
77,178,171
76,177,170
76,177,170
76,177,170
76,177,170
76,177,170
76,177,170
76,177,170
76,177,170
76,177,170
76,177,170
76,177,170
76,177,170
76,177,170
76,177,170
76,177,170
76,177,170
76,177,170
76,177,170
76,178,170
77,178,171
77,178,171
77,178,171
77,178,171
77,178,171
77,178,171
78,179,171
78,179,171
78,178,172
78,178,172
78,179,171
78,179,171
78,179,171
78,179,171
78,179,172
78,179,172
78,179,172
78,179,172
79,179,171
79,179,171
79,179,171
79,179,171
79,179,171
79,179,171
79,179,171
79,179,171
79,179,171
79,179,171
79,179,171
79,179,171
79,179,171
80,180,172
80,180,172
80,179,171
80,179,171
80,179,171
79,179,171
79,179,171
79,179,171
79,179,171
79,179,171
79,179,172
79,179,172
79,179,171
79,179,171
79,179,172
79,179,171
79,179,171
79,179,171
79,179,171
79,179,171
80,179,172
80,179,172
80,179,172
80,180,172
80,180,172
80,180,172
80,180,172
79,179,171
79,179,171
79,179,171
79,179,171
79,179,171
78,178,171
77,178,171
76,177,170
74,177,170
77,178,171
77,178,171
77,178,171
77,178,171
77,178,171
77,178,171
77,178,171
77,178,171
77,178,171
77,178,171
77,178,171
77,178,171
77,178,171
77,178,171
77,178,171
77,178,171
77,178,171
77,178,171
76,178,170
76,177,170
76,177,170
76,177,170
76,177,170
76,177,170
76,177,170
76,177,170
76,177,170
76,177,170
76,177,170
76,177,170
76,177,170
76,177,170
76,177,170
76,177,170
76,177,170
76,177,170
77,178,171
77,178,171
77,178,171
77,178,171
77,178,171
77,178,171
77,178,171
77,178,171
78,179,171
78,178,172
78,178,172
78,179,171
78,179,171
78,179,171
78,179,171
78,179,172
79,179,171
79,179,171
79,179,171
78,179,172
78,179,172
79,179,171
79,179,171
78,179,172
78,179,172
78,179,172
79,179,171
79,179,171
79,179,171
79,179,171
79,179,171
80,180,172
80,180,172
80,180,172
80,179,172
80,179,172
80,179,172
80,179,171
80,180,172
79,179,171
79,179,171
79,179,171
79,179,172
80,179,171
79,179,172
79,179,172
79,179,171
79,179,171
79,179,171
79,179,171
79,179,171
79,179,171
80,179,172
80,179,172
80,179,172
80,179,172
79,179,171
79,179,171
79,179,171
79,179,171
79,179,171
79,179,171
79,179,171
78,178,171
76,178,170
76,177,169
75,177,170
77,178,171
77,178,171
77,178,171
77,178,171
77,178,171
77,178,171
77,178,171
77,178,171
77,178,171
77,178,171
77,178,171
77,178,171
77,178,171
77,178,171
77,178,171
77,178,171
76,178,170
76,177,170
76,177,170
76,177,170
76,177,170
76,177,170
76,177,170
76,177,170
76,177,170
76,177,170
76,177,170
76,177,170
76,177,170
76,177,170
76,177,170
76,177,170
76,177,170
77,178,171
77,178,171
77,178,171
77,178,171
77,178,171
77,178,171
77,178,171
77,178,171
77,178,171
77,178,171
78,178,172
78,178,172
78,179,171
78,179,171
78,179,171
79,179,171
79,179,171
79,179,171
79,179,171
79,179,171
79,179,171
79,179,171
79,179,171
79,179,171
79,179,171
79,179,171
78,179,172
78,179,172
79,179,171
79,179,171
80,180,172
80,180,172
80,180,172
80,180,172
80,180,172
81,180,172
81,180,172
80,179,172
80,179,171
80,179,171
80,180,172
80,179,171
80,179,171
80,179,171
80,179,171
80,179,171
79,179,172
79,179,171
79,179,171
79,179,171
79,179,171
79,179,171
79,179,171
79,179,172
79,179,172
79,179,172
79,179,172
79,179,172
79,179,172
79,179,172
79,179,171
79,179,171
79,179,171
78,178,171
76,178,170
76,177,169
78,178,172
77,178,171
77,178,171
77,178,171
77,178,171
77,178,171
77,178,171
77,178,171
77,178,171
77,178,171
77,178,171
77,178,171
77,178,171
77,178,171
77,178,171
76,178,170
76,178,170
76,178,170
76,178,170
76,178,170
76,178,170
76,177,170
76,177,170
76,177,170
76,177,170
76,177,170
76,177,170
76,177,170
76,177,170
76,177,170
76,178,170
77,177,170
78,178,171
77,178,171
77,178,171
77,178,171
77,178,171
77,178,171
77,178,171
77,178,171
77,178,171
77,178,171
78,178,172
78,178,172
78,178,172
78,178,172
79,179,171
79,179,171
79,179,171
79,179,171
79,179,171
79,179,171
79,179,171
79,179,171
79,179,171
79,179,171
79,179,171
79,179,171
78,179,172
79,179,171
79,179,171
80,180,172
80,180,172
80,180,172
80,180,172
80,180,172
81,180,172
81,180,172
81,180,172
80,179,172
80,179,171
80,179,171
80,179,171
80,179,171
80,179,171
80,179,171
80,179,171
80,179,172
79,179,171
79,179,171
79,179,171
79,179,171
79,179,171
79,179,171
79,179,171
79,179,172
79,179,172
79,179,172
79,179,172
79,179,172
79,179,171
79,179,171
78,178,171
77,178,170
76,178,170
77,178,171
77,178,171
77,178,171
77,178,171
78,178,172
78,179,171
77,178,171
77,178,171
77,178,171
77,178,171
77,178,171
77,178,171
77,178,171
77,178,171
76,178,170
76,178,170
76,178,170
76,178,170
76,178,170
76,178,170
76,177,170
76,177,170
76,177,170
76,177,170
76,177,170
76,177,170
76,177,170
76,177,170
77,177,170
78,178,171
78,178,171
78,178,171
77,178,171
77,178,171
77,178,171
77,178,171
77,178,171
77,178,171
77,178,171
77,178,171
77,178,171
77,178,171
78,178,172
78,178,172
78,178,172
79,179,171
79,179,171
79,179,171
79,179,171
79,179,171
79,179,171
79,179,171
79,179,171
79,179,171
79,179,171
79,179,171
78,179,172
79,179,171
79,179,171
79,179,171
80,180,172
80,180,172
80,180,172
80,180,172
80,180,172
80,179,172
80,179,172
80,179,171
80,179,171
80,179,171
80,179,171
80,179,171
80,179,171
80,179,171
80,179,171
79,179,172
79,179,172
79,179,171
79,179,171
79,179,171
79,179,171
79,179,171
79,179,171
79,179,172
79,179,172
79,179,172
79,179,171
79,179,171
79,179,171
78,178,171
77,178,170
77,178,171
78,178,172
78,178,172
78,179,171
78,178,172
78,178,172
78,178,172
77,178,171
77,178,171
77,178,171
77,178,171
77,178,171
77,178,171
77,178,171
77,178,171
76,178,170
76,178,170
76,178,170
76,177,170
76,177,170
76,177,170
76,177,170
76,177,170
76,177,170
76,177,170
76,177,170
76,178,170
78,178,171
78,178,171
78,178,171
77,178,171
77,178,171
77,178,171
77,178,171
77,178,171
77,178,171
77,178,171
77,178,171
77,178,171
77,178,171
77,178,171
78,178,172
78,178,172
79,179,171
79,179,171
79,179,171
79,179,171
79,179,171
79,179,171
79,179,171
79,179,171
79,179,171
79,179,171
79,179,171
79,179,171
79,179,171
79,179,171
79,179,171
79,179,171
79,179,171
80,180,172
80,180,172
80,180,172
80,180,172
80,179,172
80,179,171
80,179,171
80,179,171
80,179,171
79,179,172
79,179,172
79,179,172
79,179,172
79,179,172
79,179,172
79,179,171
79,179,171
79,179,171
79,179,171
79,179,171
79,179,171
79,179,172
79,179,172
79,179,171
79,179,171
78,178,172
77,178,171
78,178,171
79,179,171
79,179,171
78,178,171
78,178,172
78,178,172
77,178,171
77,178,171
77,178,171
77,178,171
77,178,171
77,178,171
77,178,171
77,178,171
76,178,170
76,178,170
76,178,170
76,177,170
76,177,170
76,177,170
76,177,170
76,177,170
76,177,170
76,177,170
76,177,170
77,178,171
77,178,171
77,178,171
77,178,171
77,178,171
77,178,171
77,178,171
77,178,171
77,178,171
77,178,171
77,178,171
77,178,171
77,178,171
77,178,171
77,178,171
78,178,172
79,179,171
79,179,171
79,179,171
79,179,171
79,179,171
79,179,171
79,179,171
79,179,171
79,179,171
79,179,171
79,179,171
79,179,171
79,179,171
79,179,171
79,179,171
79,179,171
79,179,171
79,179,171
80,180,172
80,180,172
80,180,172
80,180,172
80,180,172
80,180,172
79,179,172
79,179,172
79,179,172
79,179,172
79,179,172
79,179,172
79,179,172
79,179,172
79,179,171
79,179,171
79,179,171
79,179,171
79,179,171
79,179,171
79,179,171
79,179,171
79,179,171
78,178,172
79,179,171
79,179,171
78,178,172
78,178,172
78,178,172
77,178,171
77,178,171
77,178,171
77,178,171
77,178,171
77,178,171
77,178,171
77,178,171
76,178,170
76,178,170
76,178,170
76,177,170
76,177,170
76,177,170
76,177,170
76,177,170
76,177,170
76,178,170
76,178,170
77,178,171
77,178,171
77,178,171
77,178,171
77,178,171
77,178,171
77,178,171
77,178,171
77,178,171
77,178,171
77,178,171
77,178,171
77,178,171
77,178,171
77,178,171
78,178,172
79,179,171
79,179,171
79,179,171
79,179,171
79,179,171
79,179,171
79,179,171
79,179,171
79,179,171
79,179,171
79,179,171
79,179,171
79,179,171
79,179,171
79,179,171
79,179,171
79,179,171
79,179,171
79,179,171
80,180,172
80,180,172
80,180,172
79,179,171
79,179,171
79,179,172
79,179,172
79,179,172
79,179,172
79,179,172
79,179,172
79,179,172
79,179,172
79,179,171
79,179,171
79,179,171
79,179,171
79,179,171
79,179,171
79,179,171
78,178,172
78,178,172
78,179,171
77,178,171
77,178,171
77,178,171
78,178,172
78,178,171
78,178,171
77,178,170
77,178,171
76,178,170
76,178,170
76,178,170
76,177,170
76,177,170
76,177,170
76,177,170
76,177,170
76,178,170
76,178,170
77,178,171
77,178,171
77,178,171
77,178,171
77,178,171
77,178,171
77,178,171
77,178,171
77,178,171
77,178,171
77,178,171
77,178,171
77,178,171
77,178,171
77,178,171
78,178,172
79,179,171
79,179,171
79,179,171
79,179,171
79,179,171
78,179,172
78,179,172
78,179,172
79,179,171
79,179,171
79,179,171
79,179,171
79,179,171
79,179,171
79,179,171
79,179,171
79,179,171
79,179,171
79,179,171
79,179,171
79,179,171
79,179,171
79,179,171
79,179,171
79,179,171
79,179,172
79,179,172
79,179,172
79,179,172
79,179,172
79,179,172
79,179,172
79,179,172
79,179,172
79,179,172
79,179,171
78,179,171
78,179,171
78,178,172
78,178,172
78,178,171
78,178,171
78,178,171
78,178,171
77,178,170
77,178,171
76,178,170
76,178,170
76,178,170
76,178,170
76,178,170
76,178,170
76,178,170
76,178,170
77,178,171
77,178,171
77,178,171
77,178,171
77,178,171
77,178,171
77,178,171
77,178,171
77,178,171
77,178,171
77,178,171
77,178,171
77,178,171
77,178,171
77,178,171
78,178,172
78,178,172
79,179,171
79,179,171
79,179,171
79,179,171
79,179,171
78,179,172
78,179,172
78,179,172
79,179,171
79,179,171
79,179,171
79,179,171
79,179,171
79,179,171
79,179,171
79,179,171
79,179,171
79,179,171
79,179,171
79,179,171
79,179,171
79,179,171
79,179,171
79,179,171
79,179,171
79,179,172
79,179,172
79,179,172
79,179,172
79,179,172
79,179,172
79,179,171
79,179,171
79,179,171
78,178,171
78,178,171
78,178,171
78,178,171
78,178,171
77,178,171
77,178,171
77,178,171
76,178,170
76,178,170
76,178,170
76,178,170
76,178,170
76,178,170
77,178,171
77,178,171
77,178,171
77,178,171
78,178,171
78,178,171
78,178,171
78,178,172
77,178,171
77,178,171
77,178,171
77,178,171
77,178,171
77,178,171
78,178,172
78,178,172
78,178,172
78,178,172
79,179,171
79,179,171
79,179,171
79,179,171
79,179,171
78,179,172
79,179,171
79,179,171
78,179,172
79,179,171
79,179,171
79,179,171
79,179,171
79,179,171
79,179,171
79,179,171
79,179,171
79,179,171
79,179,171
79,179,171
79,179,171
79,179,171
79,179,171
79,179,171
79,179,171
79,179,172
79,179,172
79,179,172
79,179,172
79,179,172
79,179,172
78,178,172
78,178,172
77,178,171
77,178,171
77,178,171
77,178,171
77,178,171
77,178,171
77,178,171
77,178,171
77,178,171
77,178,171
77,178,171
77,178,171
78,178,172
79,179,171
79,179,171
79,179,171
79,179,171
78,178,172
78,178,172
79,179,171
79,179,171
79,179,171
79,179,171
79,179,171
78,178,172
78,178,172
79,179,171
79,179,171
79,179,171
79,179,171
79,179,171
78,179,172
79,179,171
79,179,171
79,179,171
79,179,171
79,179,171
79,179,171
79,179,171
79,179,171
79,179,171
79,179,171
79,179,171
79,179,171
79,179,171
79,179,171
79,179,171
79,179,171
79,179,171
79,179,171
79,179,171
79,179,171
79,179,172
79,179,172
79,179,172
77,178,171
77,178,171
77,178,171
77,178,171
77,178,171
77,178,171
77,178,171
77,178,171
77,178,171
78,179,171
79,179,171
79,178,171
79,178,171
79,179,171
79,179,171
79,179,171
79,179,171
79,179,171
79,179,171
79,179,171
79,179,171
79,179,171
79,179,171
79,179,171
79,179,171
79,179,171
79,179,171
79,179,171
79,179,171
79,179,171
79,179,171
79,179,171
79,179,171
79,179,171
79,179,171
79,179,171
79,179,171
79,179,171
79,179,171
79,179,171
79,179,171
79,179,171
79,179,172
79,179,171
79,179,171
79,179,171
79,179,171
79,179,171
79,179,171
77,178,171
77,178,171
77,178,171
77,178,171
78,178,172
79,179,171
79,179,171
79,179,171
79,179,171
79,179,171
79,179,171
79,179,171
79,179,171
79,179,171
79,179,171
79,179,171
79,179,171
79,179,171
79,179,171
79,179,171
79,179,171
79,179,171
79,179,171
79,179,171
79,179,171
79,179,171
79,179,171
79,179,171
79,179,171
79,179,171
79,179,171
79,179,171
79,179,171
79,179,171
79,179,171
79,179,171
79,179,171
79,179,171
79,179,172
79,179,171
79,179,171
79,179,171
79,179,171
79,179,171
79,179,171
79,179,171
79,179,171
79,179,171
79,179,171
79,179,171
79,179,171
79,179,171
79,179,171
79,179,171
79,179,171
79,179,171
79,179,171
79,179,171
79,179,171
79,179,171
79,179,171
79,179,171
79,179,172
79,179,172
79,179,171
79,179,171
79,179,171
79,179,171
79,179,171
