L,A,B
91,184,178
91,184,177
92,184,178
92,184,178
91,184,177
91,184,178
91,184,178
91,184,178
91,184,178
91,184,178
91,184,178
91,184,178
91,184,178
91,184,178
91,184,178
91,184,178
91,184,178
91,184,177
91,184,177
91,184,177
91,184,177
91,184,177
91,184,177
91,184,176
91,184,176
91,184,176
91,184,176
91,184,176
91,184,176
90,183,176
91,184,177
91,184,177
91,184,177
91,184,177
91,184,177
92,184,178
92,184,178
92,184,178
92,184,178
92,184,178
91,184,178
91,184,178
91,184,178
91,184,178
91,184,178
91,184,178
91,184,178
91,184,178
91,184,178
91,184,178
91,184,177
91,184,177
91,184,177
91,184,177
91,184,177
91,184,177
91,184,177
91,184,177
91,184,177
91,184,176
91,184,176
91,184,176
91,184,176
91,184,176
91,184,176
90,184,177
90,183,176
90,183,176
90,183,176
92,185,178
92,185,178
92,185,178
92,184,178
92,184,178
92,184,178
92,184,178
92,184,178
92,184,178
92,184,178
92,184,178
92,184,178
92,184,178
92,184,178
92,184,178
92,184,178
91,184,178
91,184,178
91,184,178
91,184,178
91,184,178
91,184,178
91,184,178
91,184,178
91,184,178
91,184,178
91,184,177
91,184,177
91,184,177
91,184,177
91,184,177
91,184,177
91,184,177
91,184,177
91,184,177
91,184,176
91,184,176
91,184,176
91,184,177
91,184,177
91,184,177
90,184,177
90,183,176
90,183,176
90,183,176
90,183,176
90,183,176
90,183,176
89,183,176
92,185,178
92,185,178
92,185,178
92,185,178
92,185,178
92,185,178
92,185,178
92,184,178
92,184,178
92,184,178
92,184,178
92,185,178
92,185,178
92,185,178
92,184,178
92,184,178
92,184,178
92,184,178
92,184,178
92,184,178
92,184,178
91,184,178
91,184,178
91,184,178
91,184,178
91,184,178
91,184,178
91,184,178
91,184,178
91,184,178
91,184,178
91,184,177
91,184,177
91,184,177
91,184,177
91,184,177
91,184,177
91,184,177
91,184,177
91,184,177
91,184,176
91,184,177
91,184,177
91,184,177
91,184,177
91,184,177
90,183,176
90,183,176
90,183,176
90,183,176
90,183,176
90,183,176
90,183,176
89,183,176
89,183,176
90,183,176
90,183,177
92,185,178
92,185,178
92,185,178
92,185,178
92,185,178
92,185,178
92,184,178
92,184,178
92,184,178
92,185,178
92,185,178
92,184,178
92,184,178
92,185,178
92,185,178
92,185,178
92,185,178
92,184,178
92,184,178
92,184,178
92,184,178
92,184,178
92,184,178
92,184,178
91,184,178
91,184,178
91,184,178
91,184,178
91,184,178
91,184,178
91,184,178
91,184,178
91,184,178
91,184,178
91,184,177
91,184,177
91,184,177
91,184,177
91,184,177
91,184,177
91,184,177
91,184,177
91,184,177
91,184,176
91,184,176
91,184,177
91,184,177
91,184,177
91,184,177
90,183,176
90,183,176
90,183,176
90,183,176
90,183,176
90,183,176
90,183,176
90,183,176
90,183,176
90,183,176
90,183,176
90,183,176
90,183,176
90,183,176
92,185,178
92,185,178
92,185,178
92,185,178
92,185,178
92,185,178
92,184,178
92,184,178
92,184,178
92,184,178
92,184,178
91,184,177
91,184,177
91,184,177
91,184,177
92,184,178
92,185,178
92,185,178
92,185,178
92,185,178
92,184,178
92,184,178
92,184,178
92,184,178
92,184,178
92,184,178
91,184,178
91,184,178
91,184,178
91,184,178
91,184,178
91,184,178
91,184,178
91,184,178
91,184,178
91,184,178
91,184,178
91,184,178
91,184,177
91,184,177
91,184,177
91,184,177
91,184,177
91,184,177
91,184,177
91,184,177
91,184,176
91,184,177
91,184,177
91,184,177
91,184,177
91,184,177
90,183,176
90,183,176
90,183,176
90,183,176
90,183,176
90,183,176
90,183,176
90,183,176
90,183,176
90,183,176
90,183,176
90,183,176
90,183,176
90,183,176
90,183,176
90,183,176
90,183,176
92,185,178
92,185,178
92,185,178
92,185,178
92,185,178
92,185,178
92,185,178
92,185,178
92,184,178
92,184,178
92,184,178
92,184,178
92,184,178
91,184,177
91,184,177
91,184,177
91,184,177
92,184,178
92,185,178
92,184,178
92,184,178
92,184,178
92,184,178
92,184,178
92,184,178
92,184,178
92,184,178
92,184,178
91,184,178
91,184,178
91,184,178
91,184,178
91,184,178
91,184,178
91,184,178
91,184,178
91,184,178
91,184,178
91,184,178
91,184,178
91,184,178
91,184,177
91,184,177
91,184,177
91,184,177
91,184,177
91,184,177
91,184,177
91,184,177
91,184,177
91,184,177
91,184,177
91,184,177
91,184,176
91,184,176
90,183,176
90,183,176
90,183,176
90,183,176
90,183,176
90,183,176
90,183,176
90,183,176
90,183,176
90,183,176
90,183,176
90,183,176
90,183,176
90,183,176
90,183,176
90,183,176
90,183,176
90,183,176
92,185,178
92,185,178
92,185,178
92,185,178
92,185,178
92,185,178
92,185,178
92,185,178
92,185,178
92,185,178
92,184,178
92,184,178
92,184,178
92,184,178
92,184,178
92,184,178
92,184,178
91,184,177
91,184,177
91,184,177
92,184,178
92,185,178
92,185,178
92,184,178
92,184,178
92,184,178
92,184,178
92,184,178
92,184,178
92,184,178
92,184,178
91,184,178
91,184,178
91,184,178
91,184,178
91,184,178
91,184,178
91,184,178
91,184,178
91,184,178
91,184,178
91,184,178
91,184,178
91,184,178
91,184,178
91,184,177
91,184,177
91,184,177
91,184,177
91,184,177
91,184,177
91,184,177
91,184,177
91,184,177
91,184,177
91,184,177
91,184,177
91,184,176
91,184,176
90,183,176
90,183,176
90,183,176
90,183,176
90,183,176
90,183,176
90,183,176
90,183,176
90,183,176
90,183,176
90,183,176
90,183,176
90,183,176
90,183,176
90,183,176
90,183,176
90,183,176
90,183,176
90,183,176
90,183,176
92,185,178
92,185,178
92,185,178
92,185,178
93,185,178
93,185,178
92,185,178
92,185,178
92,185,178
92,185,178
91,184,177
91,184,177
91,184,177
91,184,177
92,184,178
92,184,178
92,184,178
92,184,178
92,184,178
91,184,177
91,184,177
91,184,177
91,184,177
92,185,178
92,185,178
92,184,178
92,185,178
92,185,178
92,184,178
92,184,178
92,184,178
92,184,178
92,184,178
91,184,178
91,184,178
91,184,178
91,184,178
91,184,178
91,184,178
91,184,178
91,184,178
91,184,178
91,184,178
91,184,178
91,184,178
91,184,178
91,184,178
91,184,178
91,184,178
91,184,178
91,184,178
91,184,178
91,184,177
91,184,177
91,184,177
91,184,177
91,184,177
91,184,177
91,184,176
91,184,176
91,184,176
90,184,177
90,183,176
90,183,176
90,183,176
90,183,176
90,183,176
90,183,176
90,183,176
90,183,176
90,183,176
90,183,176
90,183,176
90,183,176
90,183,176
90,183,176
90,183,176
90,183,176
90,183,176
90,183,176
90,183,176
90,183,176
90,183,176
92,185,178
92,185,178
92,185,178
92,185,178
92,185,178
92,185,178
92,185,178
92,185,178
92,185,178
92,185,178
92,185,178
92,185,178
91,184,177
91,184,177
91,184,177
91,184,177
92,184,178
92,184,178
92,184,178
92,184,178
92,184,178
92,184,178
91,184,177
91,184,177
91,184,177
92,185,178
92,185,178
92,184,178
92,184,178
92,184,178
92,184,178
92,184,178
92,184,178
92,184,178
92,184,178
91,184,178
91,184,178
91,184,178
91,184,178
91,184,178
91,184,178
91,184,178
91,184,178
91,184,178
91,184,178
91,184,178
91,184,178
91,184,178
91,184,178
91,184,178
91,184,178
91,184,178
91,184,178
91,184,178
91,184,178
91,184,177
91,184,177
91,184,177
91,184,177
91,184,176
91,184,176
91,184,176
91,184,176
91,184,176
91,184,176
90,183,176
90,183,176
90,183,176
90,183,176
90,183,176
90,183,176
90,183,176
90,183,176
90,183,176
90,183,176
90,183,176
90,183,176
90,183,176
90,183,176
90,183,176
90,183,176
90,183,176
90,183,176
90,183,176
90,183,176
90,183,176
90,183,176
92,185,178
92,185,178
92,185,178
92,185,178
92,185,178
92,185,178
92,185,178
92,185,178
93,185,178
93,185,178
92,185,178
92,185,178
92,185,178
92,185,178
92,185,178
92,185,178
92,185,178
92,184,178
92,184,178
92,184,178
92,184,178
92,184,178
92,184,178
92,184,178
92,184,178
91,184,177
91,184,177
91,184,177
92,185,178
92,185,178
92,184,178
92,184,178
92,184,178
92,184,178
92,184,178
92,184,178
92,184,178
91,184,178
91,184,178
91,184,178
91,184,178
91,184,178
91,184,178
91,184,178
91,184,178
91,184,178
91,184,178
91,184,178
91,184,178
91,184,178
91,184,178
91,184,178
91,184,178
91,184,178
91,184,178
91,184,178
91,184,178
91,184,177
91,184,177
91,184,177
91,184,176
91,184,176
91,184,176
91,184,176
91,184,177
91,184,177
91,184,177
91,184,176
90,184,177
90,183,176
90,183,176
90,183,176
90,183,176
90,183,176
90,183,176
90,183,177
90,183,177
90,183,177
90,183,177
90,184,177
90,183,176
90,183,176
90,183,176
90,183,176
90,183,176
90,183,176
90,183,176
90,183,176
90,183,176
90,183,176
90,183,176
93,185,178
93,185,178
93,185,178
93,185,178
92,185,178
92,185,178
92,185,178
92,185,178
92,185,178
92,185,178
92,185,178
92,185,178
92,185,178
92,185,178
92,185,178
92,185,178
92,185,178
92,185,178
92,185,178
92,184,178
92,184,178
92,184,178
92,184,178
92,184,178
92,184,178
92,184,178
92,184,178
91,184,177
91,184,177
91,184,177
91,184,177
92,185,178
92,185,178
92,184,178
92,184,178
92,184,178
92,184,178
92,184,178
92,184,178
91,184,178
91,184,178
91,184,178
91,184,178
91,184,178
91,184,178
91,184,177
91,184,177
91,184,177
91,184,177
91,184,177
91,184,178
91,184,178
91,184,178
91,184,178
91,184,178
91,184,178
91,184,178
91,184,178
91,184,178
91,184,177
91,184,177
91,184,177
91,184,177
91,184,177
91,184,177
91,184,177
91,184,177
91,184,178
91,184,178
91,184,178
91,184,178
91,184,178
91,184,178
91,184,178
91,184,178
91,184,178
91,184,178
91,184,178
91,184,178
91,184,177
90,183,177
90,183,177
90,183,176
90,183,176
90,183,176
90,183,176
90,183,176
90,183,176
90,183,176
90,183,176
90,183,176
90,183,176
90,183,176
90,183,176
90,183,176
93,185,178
93,185,178
93,185,178
93,185,178
93,185,178
93,185,178
93,185,178
93,185,178
93,185,178
92,185,178
92,185,178
92,185,178
92,185,178
92,185,178
92,185,178
92,185,178
92,185,178
92,185,178
92,185,178
92,185,178
92,184,178
92,184,178
92,184,178
92,184,178
92,184,178
92,184,178
92,184,178
92,184,178
92,184,178
92,184,178
91,184,177
91,184,177
92,185,178
92,185,178
92,185,178
92,184,178
92,184,178
92,184,178
92,184,178
92,184,178
92,184,178
91,184,178
91,184,178
91,184,178
91,184,178
91,184,178
91,184,178
91,184,177
91,184,177
91,184,177
91,184,177
91,184,177
91,184,177
91,184,178
91,184,178
91,184,178
91,184,178
91,184,178
91,184,178
91,184,178
91,184,177
91,184,177
91,184,177
91,184,177
91,184,177
91,184,177
91,184,177
91,184,178
91,184,178
91,184,178
91,184,178
91,184,178
91,184,178
91,184,178
91,184,178
91,184,178
91,184,178
91,184,178
91,184,178
91,184,178
91,184,178
91,184,178
91,184,178
91,184,178
90,183,177
90,183,176
90,183,176
90,183,176
90,183,176
90,183,176
90,183,176
90,183,176
90,183,176
90,183,176
90,183,176
90,183,176
90,183,176
90,183,176
90,183,177
92,185,178
92,185,178
93,185,178
93,185,178
93,185,178
93,185,178
93,185,178
93,185,178
93,185,178
93,185,178
93,185,178
92,185,178
92,185,178
92,185,178
92,185,178
92,185,178
92,185,178
92,185,178
92,185,178
92,185,178
92,185,178
92,185,178
92,185,178
92,185,178
92,184,178
92,184,178
92,184,178
92,184,178
92,184,178
92,184,178
92,184,178
92,184,178
91,184,177
91,184,177
92,185,178
92,185,178
92,185,178
92,184,178
92,184,178
92,184,178
92,184,178
92,184,178
92,184,178
91,184,178
91,184,178
91,184,178
91,184,178
91,184,178
91,184,178
91,184,177
91,184,177
91,184,177
91,184,177
91,184,177
91,184,177
91,184,177
91,184,177
91,184,177
92,184,178
92,184,178
92,184,178
91,184,177
91,184,177
91,184,177
91,184,177
91,184,177
91,184,177
91,184,178
91,184,178
91,184,178
91,184,178
91,184,178
91,184,178
91,184,178
91,184,178
91,184,178
91,184,178
91,184,178
91,184,178
91,184,178
91,184,178
91,184,178
91,184,178
91,184,178
91,184,178
91,184,178
91,184,178
90,183,177
90,184,177
90,183,177
90,183,177
90,183,177
90,183,177
90,183,177
90,183,176
90,183,176
90,183,176
90,183,176
90,183,176
90,183,176
90,183,176
90,183,177
89,183,176
93,185,179
92,185,178
92,185,178
93,185,178
93,185,178
93,185,178
93,185,178
93,185,178
93,185,178
93,185,178
93,185,178
93,185,178
93,185,178
92,185,178
92,185,178
92,185,178
92,185,178
92,185,178
92,185,178
92,185,178
92,185,178
92,185,178
92,185,178
92,185,178
92,185,178
92,184,178
92,184,178
92,184,178
92,184,178
92,184,178
92,184,178
92,184,178
92,184,178
92,184,178
92,185,178
92,185,178
92,185,178
92,185,178
92,184,178
92,184,178
92,184,178
92,184,178
92,184,178
92,184,178
91,184,178
91,184,178
91,184,178
91,184,178
91,184,178
91,184,177
91,184,177
91,184,177
91,184,177
92,184,178
92,184,178
92,184,178
92,184,178
91,184,177
91,184,177
92,184,178
92,184,178
92,184,178
92,184,178
91,184,177
91,184,177
91,184,177
91,184,178
91,184,178
91,184,178
91,184,178
91,184,178
91,184,178
91,184,178
91,184,178
91,184,178
91,184,178
91,184,178
91,184,178
91,184,178
91,184,178
91,184,178
91,184,178
91,184,178
91,184,178
91,184,178
91,184,178
91,184,178
91,184,178
91,184,178
91,184,177
90,183,177
90,183,177
90,183,177
90,183,177
90,183,177
90,184,177
90,183,176
90,183,176
90,183,176
90,183,176
90,183,176
90,183,176
90,183,177
89,183,176
89,183,176
92,185,178
92,185,178
93,185,179
93,185,179
93,185,178
93,185,178
93,185,178
93,185,178
93,185,178
93,185,178
93,185,178
93,185,178
93,185,178
93,185,178
93,185,178
93,185,178
92,185,178
92,185,178
92,185,178
92,185,178
92,185,178
92,185,178
92,185,178
92,185,178
92,185,178
92,185,178
92,185,178
92,185,178
92,185,178
92,185,178
92,185,178
92,185,178
92,185,178
92,184,178
92,184,178
92,184,178
92,184,178
92,185,178
92,185,178
92,185,178
92,185,178
92,184,178
92,184,178
92,184,178
92,184,178
92,184,178
92,184,178
91,184,178
91,184,178
92,184,178
92,184,178
92,184,178
92,184,178
92,185,178
92,184,178
92,184,178
92,184,178
92,184,178
92,184,178
92,184,178
92,184,178
92,184,178
92,184,178
92,184,178
92,184,178
92,184,178
91,184,177
91,184,177
91,184,178
91,184,178
91,184,178
91,184,178
91,184,178
91,184,178
91,184,178
91,184,178
91,184,178
91,184,178
91,184,178
91,184,178
91,184,178
91,184,178
91,184,178
91,184,178
91,184,178
91,184,178
91,184,178
91,184,178
91,184,178
91,184,178
91,184,178
91,184,178
91,184,178
90,183,177
90,183,177
90,183,177
90,183,177
90,183,177
90,184,177
90,183,176
90,183,176
90,183,176
90,183,176
90,183,176
90,183,176
90,183,177
89,183,176
89,183,176
89,183,176
92,185,178
92,185,178
92,185,178
92,185,178
92,185,178
92,185,178
93,185,178
93,185,178
93,185,178
93,185,178
93,185,178
93,185,178
93,185,178
93,185,178
93,185,178
93,185,178
93,185,178
92,185,178
92,185,178
92,185,178
92,185,178
92,185,178
92,185,178
92,185,178
92,185,178
92,185,178
92,185,178
92,185,178
92,185,178
92,185,178
92,185,178
92,185,178
92,185,178
92,185,178
92,185,178
92,184,178
92,184,178
92,185,178
92,185,178
92,185,178
92,185,178
92,185,178
92,185,178
92,184,178
92,184,178
92,184,178
92,184,178
92,184,178
92,184,178
92,184,178
92,184,178
92,185,178
92,185,178
92,185,178
92,185,178
92,185,178
92,185,178
92,185,178
92,185,178
92,185,178
92,185,178
92,185,178
92,185,178
92,185,178
92,185,178
92,184,178
92,184,178
92,184,178
91,184,177
91,184,177
91,184,178
91,184,178
91,184,178
91,184,178
91,184,178
91,184,177
91,184,177
91,184,178
91,184,178
91,184,178
91,184,178
91,184,178
91,184,178
91,184,178
91,184,178
91,184,178
91,184,178
91,184,178
91,184,178
91,184,178
91,184,178
91,184,178
91,184,178
91,184,178
91,184,178
91,184,178
90,183,177
91,184,177
90,184,178
90,184,178
90,184,178
90,184,177
90,183,176
90,183,176
90,183,176
90,183,176
90,183,176
89,183,176
89,183,176
89,183,176
89,183,176
92,185,178
92,185,178
92,185,178
92,185,178
92,185,178
92,185,178
92,185,178
92,185,178
92,185,178
93,185,178
93,185,178
93,185,178
93,185,178
93,185,178
93,185,178
93,185,178
93,185,178
93,185,178
93,185,178
93,185,178
92,185,178
92,185,178
92,185,178
92,185,178
92,185,178
92,185,178
92,185,178
92,185,178
92,185,178
92,185,178
92,185,178
92,185,178
92,185,178
92,185,178
92,185,178
92,185,178
92,185,178
92,185,178
92,185,178
92,185,178
92,185,178
92,185,178
92,185,178
92,185,178
92,185,178
92,185,178
92,185,178
92,185,178
92,185,178
92,185,178
92,185,178
92,185,178
92,185,178
92,185,178
92,185,178
92,185,178
92,185,178
92,185,178
92,185,178
92,185,178
92,185,178
92,185,178
92,185,178
92,185,178
92,185,178
92,185,178
92,185,178
92,185,178
92,184,178
92,184,178
92,184,178
92,184,178
92,184,178
92,184,178
92,184,178
91,184,177
91,184,177
91,184,177
91,184,177
91,184,177
91,184,178
91,184,178
91,184,178
91,184,178
91,184,178
91,184,178
91,184,178
91,184,178
91,184,177
91,184,177
91,184,177
91,184,177
91,184,178
92,184,178
92,184,178
92,184,178
92,184,178
92,184,178
91,184,178
92,184,178
91,184,177
91,184,177
91,184,177
91,184,177
91,184,177
90,183,177
90,183,177
90,183,176
90,183,176
90,183,176
89,183,176
89,183,176
89,183,176
89,183,176
89,183,176
93,185,178
92,185,178
92,185,178
92,185,178
92,185,178
92,185,178
92,185,178
92,185,178
92,185,178
92,185,178
93,185,178
93,185,178
93,185,178
93,185,178
93,185,178
93,185,178
93,185,178
93,185,178
93,185,178
93,185,178
93,185,178
93,185,178
93,185,178
93,185,178
92,185,178
92,185,178
92,185,178
92,185,178
92,185,178
92,185,178
92,185,178
92,185,178
92,185,178
92,185,178
92,185,178
92,185,178
92,185,178
92,185,178
92,185,178
92,185,178
92,185,178
92,185,178
92,185,178
92,185,178
92,185,178
92,185,178
92,185,178
92,185,178
92,185,178
92,185,178
92,185,178
92,185,178
92,185,178
92,185,178
92,185,178
92,185,178
92,185,178
92,185,178
92,185,178
92,185,178
92,185,178
92,185,178
92,185,178
92,185,178
92,185,178
92,185,178
92,185,178
92,185,178
92,185,178
92,184,178
92,184,178
92,184,178
92,184,178
92,184,178
92,184,178
92,184,178
92,184,177
92,184,177
91,184,177
91,184,177
91,184,177
91,184,177
91,184,178
91,184,178
91,184,178
91,184,178
91,184,178
91,184,178
91,184,177
91,184,177
91,184,177
91,184,177
91,184,177
92,184,178
92,184,178
92,184,178
92,184,178
92,184,178
92,184,178
92,184,178
92,184,178
92,184,178
91,184,177
91,184,177
91,184,177
91,184,177
91,184,177
90,184,178
90,183,177
90,183,177
90,183,176
90,183,176
90,183,176
89,183,176
89,183,176
89,183,176
89,183,176
93,185,178
93,185,178
93,185,178
93,185,178
93,185,178
92,185,178
92,185,178
92,185,178
92,185,178
92,185,178
92,185,178
92,185,178
93,185,178
93,185,178
93,185,178
93,185,178
93,185,178
93,185,178
93,185,178
93,185,178
93,185,178
93,185,178
92,185,178
93,185,178
93,185,178
93,185,178
92,185,178
92,185,178
92,185,178
92,185,178
92,185,178
92,185,178
92,185,178
92,185,178
92,185,178
92,185,178
92,185,178
92,185,178
92,185,178
92,185,178
92,185,178
92,185,178
92,185,178
92,185,178
92,185,178
92,185,178
92,185,178
92,185,178
92,185,178
92,185,178
92,185,178
92,185,178
92,185,178
92,185,178
92,185,178
92,185,178
92,185,178
92,185,178
92,185,178
92,185,178
92,185,178
92,185,178
92,185,178
92,185,178
92,185,178
92,185,178
92,185,178
92,185,178
92,185,178
92,185,178
92,185,178
92,185,178
92,184,178
92,184,178
92,184,178
92,184,178
92,184,178
92,184,178
92,184,177
92,184,177
92,185,177
91,184,177
91,184,177
91,184,177
91,184,177
91,184,177
92,184,178
92,184,178
92,184,178
92,184,178
92,184,178
92,184,178
92,184,178
92,184,178
92,184,178
92,184,178
92,184,178
92,184,178
92,184,178
92,184,178
92,184,178
92,184,178
92,184,178
92,184,178
92,184,178
92,184,178
91,184,177
91,184,177
91,184,177
91,184,177
90,184,178
90,183,177
90,183,177
90,183,176
90,183,176
90,183,176
90,183,176
90,183,176
89,183,176
89,183,176
89,183,176
93,185,178
93,185,178
93,185,178
93,185,178
93,185,178
93,185,178
93,185,178
93,185,178
92,185,178
92,185,178
92,185,178
92,185,178
92,185,178
93,185,178
93,185,178
93,185,178
93,185,178
93,185,178
93,185,178
93,185,178
92,185,178
92,185,178
92,185,178
92,185,178
92,185,178
93,185,178
93,185,178
93,185,178
92,185,178
92,185,178
92,185,178
92,185,178
92,185,178
92,185,178
92,185,178
92,185,178
92,185,178
92,185,178
92,185,178
92,185,178
92,185,178
92,185,178
92,185,178
92,185,178
92,185,178
92,185,178
92,185,178
92,185,178
92,185,178
92,185,178
92,185,178
92,185,178
92,185,178
92,185,178
92,185,178
92,185,178
92,185,178
92,185,178
92,185,178
92,185,178
92,185,178
92,185,178
92,185,178
92,185,178
92,185,178
92,185,178
92,185,178
92,185,178
92,185,178
92,185,178
92,185,178
92,185,178
92,184,178
92,184,178
92,184,178
92,184,178
92,184,178
92,184,178
92,184,178
92,185,177
92,185,177
92,185,177
91,184,177
91,184,177
91,184,177
92,184,178
92,184,178
92,184,178
92,184,178
92,184,178
92,184,178
92,184,178
92,184,178
92,184,178
92,184,178
92,184,178
92,184,178
92,184,178
92,184,178
92,185,178
92,185,178
92,185,178
92,185,178
92,184,178
92,184,178
92,184,178
92,184,178
92,184,178
91,184,177
91,184,177
91,184,177
90,183,177
90,183,177
90,183,177
90,183,176
90,183,176
90,183,176
90,183,176
90,183,176
89,183,176
89,183,176
89,183,176
89,183,176
92,185,178
92,185,178
93,185,178
93,185,178
93,185,178
93,185,178
93,185,178
93,185,178
93,185,178
93,185,178
93,185,178
92,185,178
92,185,178
92,185,178
93,185,178
93,185,178
93,185,178
93,185,178
93,185,178
93,185,178
93,185,178
92,185,178
92,185,178
92,185,178
92,185,178
92,185,178
93,185,178
93,185,178
93,185,178
92,185,178
92,185,178
92,185,178
92,185,178
92,185,178
92,185,178
92,185,178
92,185,178
92,185,178
92,185,178
92,185,178
92,185,178
92,185,178
92,185,178
92,185,178
92,185,178
92,185,178
92,185,178
92,185,178
92,185,178
92,185,178
92,185,178
92,185,178
92,185,178
92,185,178
92,185,178
92,185,178
92,185,178
92,185,178
92,185,178
92,185,178
92,185,178
92,185,178
92,185,178
92,185,178
92,185,178
92,185,178
92,185,178
92,185,178
92,185,178
92,185,178
92,185,178
92,185,178
92,185,178
92,184,178
92,184,178
92,184,178
92,184,178
92,185,178
92,185,178
92,185,178
92,185,178
92,185,177
92,185,177
92,185,178
92,185,178
92,185,178
92,184,178
92,184,178
92,184,178
92,184,178
92,184,178
92,184,178
92,184,178
92,184,178
92,184,178
92,184,178
92,184,178
92,184,178
92,185,178
92,185,178
92,185,178
92,185,178
92,185,178
92,185,178
92,185,178
92,184,178
92,184,178
92,184,178
92,184,178
91,184,177
91,184,178
91,184,178
90,183,177
90,183,177
90,183,176
90,183,176
90,183,176
90,183,176
90,183,176
90,183,176
90,183,176
89,183,176
89,183,176
89,183,176
89,183,176
92,185,178
92,185,178
92,185,178
93,185,178
93,185,178
93,185,178
93,185,178
93,185,178
93,185,178
93,185,178
93,185,178
93,185,178
93,185,178
92,185,178
92,185,178
92,185,178
92,185,178
93,185,178
93,185,178
93,185,178
93,185,178
92,185,178
92,185,178
92,185,178
92,185,178
92,185,178
92,185,178
93,185,178
93,185,178
93,185,178
92,185,178
92,185,178
92,185,178
92,185,178
92,185,178
92,185,178
92,185,178
92,185,178
92,185,178
92,185,178
92,185,178
92,185,178
92,185,178
92,185,178
92,185,178
92,185,178
92,185,178
92,185,178
92,185,178
92,185,178
92,185,178
92,185,178
92,185,178
92,185,178
92,185,178
92,185,178
92,185,178
92,185,178
92,185,178
92,185,178
92,185,178
92,185,178
92,185,178
92,185,178
92,185,178
92,185,178
92,185,178
92,185,178
92,185,178
92,185,178
92,185,178
92,185,178
92,185,178
92,185,178
92,185,178
92,185,178
92,185,178
92,185,178
92,185,178
92,185,178
92,185,178
92,185,178
92,185,178
92,185,178
92,185,178
92,185,178
92,185,178
92,184,178
92,184,178
92,184,178
92,184,178
92,184,178
92,184,178
92,184,178
92,184,178
92,184,178
92,184,178
92,185,178
92,185,178
92,185,178
92,185,178
92,185,178
92,185,178
92,185,178
92,185,178
92,185,178
92,184,178
92,184,178
92,184,178
92,184,178
92,184,178
91,184,178
91,184,178
91,184,178
90,183,177
90,183,177
90,183,176
90,183,176
90,183,176
90,183,176
90,183,176
90,183,176
89,183,176
89,183,176
89,183,176
89,183,176
89,183,176
93,185,178
92,185,178
92,185,178
92,185,178
92,185,178
93,185,178
93,185,178
93,185,178
93,185,178
93,185,178
93,185,178
93,185,178
93,185,178
93,185,178
92,185,178
93,185,178
92,185,178
92,185,178
92,185,178
92,185,178
92,185,178
92,185,178
92,185,178
92,185,178
92,185,178
92,185,178
92,185,178
92,185,178
92,185,178
93,185,178
93,185,178
93,185,178
92,185,178
92,185,178
92,185,178
92,185,178
92,185,178
92,185,178
92,185,178
92,185,178
92,185,178
92,185,178
92,185,178
92,185,178
92,185,178
92,185,178
92,185,178
92,185,178
92,185,178
92,185,178
92,185,178
92,185,178
92,185,178
92,185,178
92,185,178
92,185,178
92,185,178
92,185,178
92,185,178
92,185,178
92,185,178
92,185,178
92,185,178
92,185,178
92,185,178
92,185,178
92,185,178
92,185,178
92,185,178
92,185,178
92,185,178
92,185,178
92,185,178
92,185,178
92,185,178
92,185,178
92,185,178
92,185,178
92,185,178
92,185,178
92,185,178
92,185,178
92,185,178
92,185,178
92,185,178
92,185,178
92,185,178
92,185,178
92,185,178
92,185,178
92,185,178
92,185,178
92,184,178
92,184,178
92,184,178
92,185,178
92,185,178
92,185,178
92,185,178
92,185,178
92,185,178
92,185,178
92,185,178
92,185,178
92,185,178
92,185,178
92,185,178
92,185,178
92,184,178
92,184,178
92,184,178
92,184,178
91,184,178
91,184,178
91,184,178
90,183,177
90,183,177
90,183,176
90,183,176
90,183,176
90,183,176
90,183,176
90,183,176
89,183,176
89,183,176
89,183,176
89,183,176
89,183,177
89,183,176
93,185,178
93,185,178
93,185,178
92,185,178
92,185,178
92,185,178
92,185,178
92,185,178
93,185,178
93,185,178
93,185,178
93,185,178
93,185,178
93,185,178
93,185,178
93,185,178
93,185,178
93,185,178
92,185,178
92,185,178
92,185,178
92,185,178
92,185,178
92,185,178
92,185,178
92,185,178
92,185,178
92,185,178
92,185,178
92,185,178
92,185,178
92,185,178
93,185,178
93,185,178
92,185,178
92,185,178
92,185,178
92,185,178
92,185,178
92,185,178
92,185,178
92,185,178
92,185,178
92,185,178
92,185,178
92,185,178
92,185,178
92,185,178
92,185,178
92,185,178
92,185,178
92,185,178
92,185,178
92,185,178
92,185,178
92,185,178
92,185,178
92,185,178
92,185,178
92,185,178
92,185,178
92,185,178
92,185,178
92,185,178
92,185,178
92,185,178
92,185,178
92,185,178
92,185,178
92,185,178
92,185,178
92,185,178
92,185,178
92,185,178
92,185,178
91,185,178
91,185,178
92,185,178
92,185,178
92,185,178
92,185,178
92,185,178
92,185,178
92,185,178
92,185,178
92,185,178
92,185,178
92,185,178
92,185,178
92,185,178
92,185,178
92,185,178
92,185,178
92,185,178
92,185,178
92,185,178
92,185,178
92,185,178
92,185,178
92,185,178
92,185,178
92,185,178
92,185,178
92,185,178
92,185,178
92,185,178
92,185,178
92,185,178
92,185,178
92,185,178
92,185,178
92,184,178
92,184,178
92,184,178
92,184,178
91,184,178
91,184,178
91,184,178
90,183,176
90,183,176
90,183,176
90,183,176
90,183,176
90,183,176
90,183,176
89,183,176
89,183,177
89,183,177
89,183,177
89,183,177
89,183,177
89,183,176
89,183,176
93,185,178
93,185,178
93,185,178
92,185,178
92,185,178
92,185,178
92,185,178
92,185,178
92,185,178
93,185,178
93,185,178
93,185,178
93,185,178
93,185,178
93,185,178
93,185,178
93,185,178
93,185,178
92,185,178
92,185,178
92,185,178
92,185,178
92,185,178
92,185,178
92,185,178
92,185,178
92,185,178
92,185,178
92,185,178
92,185,178
92,185,178
92,185,178
92,185,178
92,185,178
92,185,178
92,185,178
92,185,178
92,185,178
92,185,178
92,185,178
92,185,178
92,185,178
92,185,178
92,185,178
92,185,178
92,185,178
92,185,178
92,185,178
92,185,178
92,185,178
92,185,178
92,185,178
92,185,178
92,185,178
92,185,178
92,185,178
92,185,178
92,185,178
92,185,178
92,185,178
92,185,178
92,185,178
92,185,178
92,185,178
92,185,178
92,185,178
92,185,178
92,185,178
92,185,178
92,185,178
92,185,178
92,185,178
92,185,178
92,185,178
92,185,178
92,185,178
92,185,178
92,185,178
92,185,178
92,185,178
92,185,178
92,185,178
92,185,178
92,185,178
92,185,178
92,185,178
92,185,178
92,185,178
92,185,178
92,185,178
92,185,178
92,185,178
92,185,178
92,185,178
92,185,178
92,184,178
92,185,178
92,185,178
92,185,178
92,185,178
92,185,178
92,185,178
92,185,178
92,185,178
92,185,178
92,185,178
92,185,178
92,185,178
92,185,178
92,185,178
92,185,178
92,185,178
92,184,178
92,184,178
92,184,178
92,184,178
91,184,178
91,184,178
91,184,178
90,183,177
90,183,176
90,183,176
90,183,176
90,183,176
90,183,176
89,183,176
89,183,177
89,183,177
89,183,177
89,183,177
89,183,177
89,183,177
89,183,176
89,183,176
89,183,176
93,185,178
93,185,178
92,185,178
92,185,178
92,185,178
92,185,178
92,185,178
92,185,178
92,185,178
93,185,178
93,185,178
93,185,178
93,185,178
93,185,178
93,185,178
93,185,178
93,185,178
93,185,178
93,185,178
92,185,178
92,185,178
92,185,178
92,185,178
92,185,178
92,185,178
92,185,178
92,185,178
92,185,178
92,185,178
92,185,178
92,185,178
92,185,178
92,185,178
92,185,178
92,185,178
92,185,178
92,185,178
92,185,178
92,185,178
92,185,178
92,185,178
92,185,178
92,185,178
92,185,178
92,185,178
92,185,178
92,185,178
92,185,178
92,185,178
92,185,178
92,185,178
92,185,178
92,185,178
92,185,178
92,185,178
92,185,178
92,185,178
92,185,178
92,185,178
92,185,178
92,185,178
92,185,178
92,185,178
93,185,178
93,185,178
93,185,178
92,185,178
92,185,178
92,185,178
92,185,178
92,185,178
92,185,178
92,185,178
92,185,178
92,185,178
92,185,178
92,185,178
92,185,178
92,185,178
92,185,178
92,185,178
92,185,178
92,185,178
92,185,178
92,185,178
92,185,178
92,185,178
92,185,178
92,185,178
92,185,178
92,185,178
93,185,178
93,185,179
92,185,178
92,185,178
92,185,178
92,184,178
92,185,178
92,185,178
92,185,178
92,185,178
92,185,178
92,185,178
92,185,178
92,185,178
92,185,178
92,185,178
92,185,178
92,185,178
92,185,178
92,185,178
92,185,178
92,185,178
92,185,178
92,184,178
92,184,178
92,184,178
92,184,178
91,184,178
91,184,178
90,183,177
90,183,176
90,183,176
90,183,176
90,183,176
90,183,176
89,183,177
89,183,177
89,183,177
89,183,177
89,183,177
89,183,177
89,183,176
89,183,176
89,183,176
89,183,176
89,183,176
93,185,178
93,185,178
92,185,178
92,185,178
92,185,178
92,185,178
92,185,178
92,185,178
92,185,178
92,185,178
93,185,179
93,185,178
93,185,178
93,185,178
93,185,178
93,185,178
93,185,178
93,185,178
93,185,178
93,185,178
92,185,178
92,185,178
92,185,178
92,185,178
92,185,178
92,185,178
92,185,178
92,185,178
92,185,178
92,185,178
92,185,178
92,185,178
92,185,178
92,185,178
92,185,178
92,185,178
92,185,178
92,185,178
92,185,178
92,185,178
92,185,178
92,185,178
92,185,178
92,185,178
92,185,178
92,185,178
92,185,178
92,185,178
92,185,178
92,185,178
92,185,178
92,185,178
92,185,178
92,185,178
92,185,178
92,185,178
92,185,178
92,185,178
92,185,178
92,185,178
92,185,178
92,185,178
92,185,178
92,185,178
93,185,178
93,185,178
93,185,178
92,185,178
92,185,178
92,185,178
92,185,178
92,185,178
92,185,178
92,185,178
92,185,178
92,185,178
92,185,178
92,185,178
92,185,178
92,185,178
92,185,178
92,185,178
92,185,178
92,185,178
92,185,178
92,185,178
92,185,178
92,185,178
92,185,178
92,185,178
92,185,178
93,185,178
93,185,178
93,185,178
93,185,179
92,185,178
92,185,178
92,185,178
92,184,178
92,185,178
92,185,178
92,185,178
92,185,178
92,185,178
92,185,178
92,185,178
92,185,178
92,185,178
92,185,178
92,185,178
92,185,178
92,185,178
93,185,178
92,185,177
92,185,177
92,185,177
92,184,178
92,184,178
92,184,178
91,184,178
91,184,178
90,183,177
90,183,176
90,183,176
90,183,176
90,183,176
89,183,177
89,183,177
89,183,177
89,183,177
89,183,177
89,183,177
89,183,177
90,183,177
90,183,177
89,183,176
89,183,176
89,183,176
89,183,176
93,185,178
93,185,178
93,185,178
92,185,178
92,185,178
92,185,178
92,185,178
92,185,178
92,185,178
92,185,178
93,185,179
93,185,179
93,185,179
93,185,178
93,185,178
93,185,178
93,185,178
93,185,178
93,185,178
93,185,178
92,185,178
92,185,178
92,185,178
92,185,178
92,185,178
92,185,178
92,185,178
92,185,178
92,185,178
92,185,178
92,185,178
92,185,178
93,185,178
93,185,178
93,185,178
92,185,178
92,185,178
92,185,178
92,185,178
92,185,178
92,185,178
92,185,178
92,185,178
92,185,178
92,185,178
92,185,178
92,185,178
92,185,178
92,185,178
92,185,178
92,185,178
92,185,178
92,185,178
92,185,178
92,185,178
92,185,178
92,185,178
92,185,178
92,185,178
92,185,178
92,185,178
92,185,178
92,185,178
92,185,178
93,185,178
93,185,178
93,185,178
93,185,178
93,185,178
92,185,178
92,185,178
92,185,178
92,185,178
92,185,178
92,185,178
92,185,178
92,185,178
92,185,178
92,185,178
92,185,178
92,185,178
92,184,178
92,185,178
92,184,178
92,184,178
92,185,178
92,185,178
92,185,178
92,185,178
92,185,178
92,185,178
92,185,178
93,185,178
93,185,178
93,185,178
93,185,179
93,185,179
92,185,178
92,185,178
92,184,178
92,184,178
92,185,178
92,185,178
92,185,178
92,185,178
92,185,178
92,185,178
92,185,178
92,185,178
92,185,178
92,185,178
92,185,178
92,185,178
92,185,178
92,185,177
92,185,177
92,185,177
92,184,178
92,184,178
92,184,178
91,184,178
91,184,178
90,183,177
90,183,176
90,183,176
90,183,176
90,183,176
90,183,176
89,183,177
89,183,177
89,183,177
89,183,177
89,183,177
89,183,177
90,183,176
90,183,176
90,183,176
89,183,176
89,183,176
89,183,176
89,183,176
93,185,178
93,185,178
93,185,178
93,185,179
92,185,178
93,185,178
93,185,178
93,185,178
93,185,178
93,185,178
93,185,178
93,185,178
93,185,178
93,185,178
93,185,178
93,185,178
93,185,178
93,185,178
93,185,178
93,185,179
92,185,178
92,185,178
92,185,178
92,185,178
92,185,178
92,185,178
92,185,178
92,185,178
92,185,178
92,185,178
92,185,178
92,185,178
92,185,178
93,185,178
93,185,178
93,185,178
92,185,178
92,185,178
92,185,178
92,185,178
92,185,178
92,185,178
92,185,178
92,185,178
92,185,178
92,185,178
92,185,178
92,185,178
92,185,178
92,185,178
92,185,178
92,185,178
92,185,178
92,185,178
92,185,178
92,185,178
92,185,178
92,185,178
92,185,178
92,185,178
92,185,178
92,185,178
92,185,178
92,185,178
93,185,178
93,185,178
93,185,178
93,185,178
93,185,178
93,185,178
93,185,178
92,185,178
92,185,178
92,185,178
92,185,178
92,185,178
92,185,178
92,185,178
92,185,178
92,185,178
92,185,178
92,185,178
92,185,178
92,185,178
92,184,178
92,184,178
92,185,178
92,185,178
92,185,178
92,185,178
92,185,178
92,185,178
92,185,178
93,185,178
93,185,178
93,185,178
93,185,179
93,185,179
92,185,178
93,185,178
92,185,178
92,184,178
92,184,178
92,184,178
92,185,178
92,185,178
92,185,178
92,185,178
92,185,178
92,185,178
92,185,178
92,185,178
92,185,178
92,185,178
92,185,178
92,185,178
92,185,178
92,185,178
92,185,178
92,184,178
92,184,178
91,184,177
91,184,178
90,183,177
90,183,176
90,183,176
90,183,176
90,183,176
90,183,176
89,183,176
89,183,176
89,183,176
89,183,176
89,183,176
90,183,176
90,183,176
90,183,176
90,183,176
90,183,176
89,183,176
89,183,176
89,183,176
89,183,176
93,185,178
93,185,178
93,185,178
93,185,178
93,185,179
93,185,178
93,185,178
93,185,178
93,185,178
93,185,178
93,185,178
93,185,178
93,185,178
93,185,178
93,185,178
93,185,178
93,185,178
93,185,178
93,185,178
93,185,179
92,185,178
92,185,178
92,185,178
92,185,178
92,185,178
92,185,178
92,185,178
92,185,178
92,185,178
92,185,178
92,185,178
92,185,178
92,185,178
92,185,178
92,185,178
93,185,178
92,185,178
92,185,178
92,185,178
92,185,178
92,185,178
92,185,178
92,185,178
92,185,178
92,185,178
92,185,178
92,185,178
92,185,178
92,185,178
92,185,178
92,185,178
92,185,178
92,185,178
92,185,178
92,185,178
92,185,178
92,185,178
92,185,178
92,185,178
92,185,178
92,185,178
92,185,178
92,185,178
92,185,178
92,185,178
93,185,178
93,185,178
93,185,178
93,185,178
93,185,178
93,185,178
93,185,178
92,185,178
92,185,178
92,185,178
92,185,178
92,185,178
92,185,178
92,185,178
93,185,178
92,185,178
92,185,178
92,185,178
92,185,178
92,185,178
92,185,178
92,185,178
92,185,178
92,185,178
92,185,178
92,185,178
92,185,178
92,185,178
92,185,178
92,185,178
93,185,178
93,185,178
93,185,179
93,185,178
93,185,178
93,185,178
93,185,178
92,185,178
92,184,178
92,184,178
92,184,178
92,185,178
92,185,178
92,185,178
92,185,178
92,185,178
92,185,178
92,185,178
92,185,178
92,185,178
92,185,178
92,185,178
92,185,178
92,185,178
92,185,178
92,184,178
92,184,178
91,184,177
91,184,177
90,184,178
90,183,176
90,183,176
90,183,176
90,183,176
90,183,176
90,183,176
90,183,176
90,183,176
89,183,176
90,183,176
90,183,176
90,183,176
90,183,176
90,183,176
90,183,176
89,183,176
89,183,176
89,183,176
89,183,176
88,182,175
93,185,178
93,185,178
93,185,178
93,185,178
93,185,178
93,185,179
93,185,178
93,185,178
93,185,178
93,185,178
93,185,178
93,185,178
93,185,178
93,185,178
93,185,178
93,185,178
93,185,178
93,185,178
93,185,178
93,185,178
92,185,178
92,185,178
92,185,178
92,185,178
92,185,178
92,185,178
92,185,178
92,185,178
92,185,178
92,185,178
92,185,178
92,185,178
92,185,178
92,185,178
92,185,178
92,185,178
92,185,178
92,185,178
92,185,178
92,185,178
92,185,178
92,185,178
92,185,178
92,185,178
92,185,178
92,185,178
92,185,178
92,185,178
92,185,178
92,185,178
92,185,178
92,185,178
92,185,178
92,185,178
92,185,178
92,185,178
92,185,178
92,185,178
92,185,178
93,185,178
93,185,178
93,185,178
93,185,178
93,185,178
92,185,177
93,185,178
93,185,178
93,185,178
93,185,178
93,185,178
93,185,178
93,185,178
92,185,177
92,185,178
92,185,178
92,185,178
92,185,178
92,185,178
92,185,178
93,185,178
93,185,178
93,185,178
92,185,178
92,185,178
92,185,178
92,185,178
92,185,178
92,185,178
92,185,178
92,185,178
92,185,178
92,185,178
92,185,178
92,185,177
92,185,177
92,185,178
93,185,178
93,185,179
93,185,178
93,185,178
93,185,178
93,185,178
93,185,178
92,185,177
92,184,178
92,184,178
92,184,178
92,184,178
92,185,178
92,185,178
92,185,178
92,185,178
92,185,178
92,185,178
92,185,178
92,185,178
92,185,178
92,185,178
92,185,178
92,185,178
92,185,178
92,184,178
92,184,178
91,184,177
91,184,177
91,184,177
90,183,177
90,183,176
90,183,177
90,183,176
90,183,176
90,183,176
90,183,176
90,183,176
90,183,176
90,183,176
90,183,176
90,183,176
90,183,176
90,183,176
90,183,176
90,183,176
89,183,176
89,183,176
89,183,176
89,183,176
88,182,175
93,185,178
93,185,178
93,185,178
93,185,178
93,185,178
93,185,178
93,185,179
93,185,179
93,185,178
93,185,178
93,185,178
93,185,178
93,185,178
93,185,178
93,185,178
93,185,178
93,185,178
93,185,178
93,185,178
92,185,178
92,185,178
92,185,178
92,185,178
92,185,178
92,185,178
92,185,178
92,185,178
92,185,178
92,185,178
92,185,178
92,185,178
92,185,178
92,185,178
92,185,178
92,185,178
92,185,178
92,185,178
92,185,178
92,185,178
92,185,178
92,185,178
92,185,178
92,185,178
92,185,178
92,185,178
92,185,178
92,185,178
92,185,178
92,185,178
92,185,178
92,185,178
92,185,178
92,185,178
92,185,178
92,185,178
92,185,178
92,185,178
92,185,178
92,185,178
93,185,178
93,185,178
93,185,178
93,185,178
93,185,178
93,185,178
93,185,178
93,185,178
93,185,178
93,185,178
93,185,178
93,185,178
93,185,178
93,185,178
92,185,177
92,185,178
92,185,178
92,185,178
92,185,178
92,185,178
93,185,178
93,185,178
93,185,178
93,185,178
93,185,178
92,185,178
92,185,178
92,185,178
92,185,178
92,185,178
92,185,178
92,185,178
92,185,178
92,185,178
92,185,178
92,185,177
92,185,177
92,185,178
92,185,177
93,185,178
93,185,178
93,185,178
93,185,178
93,185,178
93,185,178
92,185,177
92,185,178
92,184,178
92,184,178
92,184,178
92,185,178
92,185,178
92,185,178
92,185,178
92,185,178
92,185,178
92,185,178
92,185,178
92,185,178
92,185,178
92,185,178
92,185,178
92,185,178
92,185,178
92,184,178
92,184,178
91,184,178
91,184,177
90,183,177
90,183,177
90,183,177
90,183,177
90,183,177
90,183,177
90,183,176
90,183,176
90,183,177
90,183,177
90,183,177
90,183,176
90,183,176
90,183,176
90,183,176
90,183,176
89,183,176
89,183,176
89,183,176
89,183,176
89,183,176
88,182,175
92,185,177
92,185,177
92,185,177
93,185,178
93,185,178
93,185,178
93,185,178
93,185,178
93,185,178
93,185,178
93,185,179
93,185,179
93,185,179
93,185,179
93,185,179
93,185,179
93,185,179
93,185,179
93,185,179
92,185,178
92,185,178
92,185,178
92,185,178
92,185,178
92,185,178
92,185,178
92,185,178
92,185,178
92,185,178
92,185,178
92,185,178
92,185,178
92,185,178
92,185,178
92,185,178
92,185,178
92,185,178
92,185,178
92,185,178
92,185,178
92,185,178
92,185,178
92,185,178
92,185,178
92,185,178
92,185,178
92,185,178
92,185,178
92,185,178
92,185,178
92,185,178
92,185,178
92,185,178
92,185,178
93,185,178
92,185,178
92,185,178
93,185,178
93,185,178
93,185,178
93,185,178
93,185,178
93,185,178
93,185,178
93,185,178
93,185,178
93,185,178
93,185,178
93,185,178
93,185,178
93,185,178
93,185,178
93,185,178
93,185,178
92,185,177
92,185,178
92,185,178
92,185,178
92,185,178
92,185,178
93,185,178
93,185,178
93,185,178
93,185,178
93,185,178
92,185,178
92,185,178
92,185,178
92,185,178
92,185,178
93,185,178
92,185,177
92,185,178
92,185,178
92,185,178
92,185,177
92,185,177
92,185,177
93,185,178
93,185,178
93,185,178
93,185,178
93,185,178
93,185,178
93,185,178
92,185,177
92,185,178
92,184,178
92,185,178
92,184,178
92,185,178
92,185,178
92,185,178
92,185,178
92,185,178
92,185,178
92,185,178
92,185,178
92,185,178
92,185,178
92,185,178
92,185,178
92,185,177
92,185,177
92,185,178
92,184,178
91,184,178
91,184,178
91,184,177
90,183,177
90,183,177
90,183,177
90,183,177
90,183,177
90,183,177
90,184,178
91,184,177
91,184,177
91,184,177
91,184,177
91,184,176
90,184,177
90,183,176
90,183,176
90,183,176
89,183,176
89,183,176
89,183,176
89,183,176
89,183,176
89,183,176
93,185,178
92,185,177
92,185,178
92,185,178
92,185,178
93,185,178
93,185,178
93,185,178
93,185,178
93,185,178
93,185,178
93,185,178
92,185,178
92,185,178
92,185,178
92,185,178
92,185,178
93,185,179
92,185,178
92,185,178
92,185,178
92,185,178
92,185,178
92,185,178
92,185,178
92,185,178
92,185,178
92,185,178
92,185,178
92,185,178
92,185,178
92,185,178
92,185,178
92,185,178
92,185,178
92,185,178
92,185,178
92,185,178
92,185,178
92,185,178
92,185,178
92,185,178
92,185,178
92,185,178
92,185,178
92,185,178
92,185,178
92,185,178
92,185,178
92,185,178
92,185,178
92,185,178
92,185,178
92,185,178
93,185,178
92,185,178
93,185,178
93,185,178
93,185,178
93,185,178
93,185,178
93,185,178
93,185,178
93,185,178
93,185,178
93,185,178
93,185,178
93,185,178
93,185,178
93,185,178
93,185,178
93,185,177
93,185,178
93,185,178
93,185,178
92,185,177
92,185,178
92,185,178
92,185,178
92,185,178
93,185,178
93,185,178
93,185,178
93,185,178
93,185,178
92,185,178
92,185,178
92,185,178
92,185,178
93,185,178
93,185,178
93,185,178
93,185,178
92,185,177
92,185,177
92,185,177
93,185,178
93,185,178
93,185,178
93,185,178
93,185,178
93,185,178
93,185,178
93,185,178
93,185,178
93,185,178
92,185,178
92,185,178
92,185,178
92,185,178
92,185,178
92,185,178
92,185,178
92,185,178
92,185,178
92,185,178
92,185,178
92,185,178
92,185,178
92,185,178
93,185,179
93,185,178
93,185,178
92,185,177
93,185,178
92,184,177
91,184,178
91,184,178
91,184,178
91,184,177
90,184,178
90,183,177
90,183,177
90,184,178
91,184,177
91,184,177
91,184,177
91,184,177
91,184,177
91,184,177
91,184,177
91,184,176
91,184,176
90,183,176
90,183,176
90,183,176
89,183,176
89,183,176
89,183,176
89,183,176
89,183,176
93,185,178
93,185,178
93,185,178
92,185,178
92,185,178
92,185,178
93,185,178
93,185,178
93,185,178
93,185,178
93,185,178
93,185,178
93,185,178
93,185,178
92,185,178
92,185,178
92,185,178
93,185,178
93,185,178
93,185,178
92,185,178
92,185,178
92,185,178
92,185,178
92,185,178
92,185,178
92,185,178
92,185,178
92,185,178
92,185,178
92,185,178
92,185,178
92,185,178
92,185,178
92,185,178
92,185,178
92,185,178
92,185,178
92,185,178
92,185,178
92,185,178
92,185,178
92,185,178
92,185,178
92,185,178
92,185,178
92,185,178
93,185,178
93,185,178
92,185,178
92,185,178
92,185,178
92,185,178
92,185,178
93,185,178
93,185,178
92,185,178
92,185,178
93,185,178
93,185,178
93,185,178
93,185,178
93,185,178
93,185,178
93,185,178
93,185,178
93,185,178
92,185,177
93,185,178
93,185,178
93,185,178
93,185,177
93,185,177
93,185,177
93,185,178
93,185,178
93,185,178
92,185,177
92,185,178
92,185,178
92,185,178
92,185,178
92,185,178
93,185,178
93,185,178
93,185,178
93,185,178
93,185,178
92,185,178
92,185,178
93,185,178
93,185,178
93,185,178
93,185,178
92,185,177
92,185,177
93,185,178
93,185,178
93,185,178
93,185,178
93,185,178
93,185,178
93,185,178
93,185,178
93,185,178
93,185,178
93,185,178
92,185,178
92,185,178
92,185,178
92,185,178
92,185,178
92,185,178
92,185,178
92,185,178
92,185,178
92,185,178
92,185,178
92,185,178
92,185,178
92,185,178
93,185,178
93,185,178
93,185,178
93,185,178
93,185,178
93,185,178
92,184,178
91,184,178
91,184,178
91,184,178
91,184,177
91,184,177
91,184,177
91,184,177
91,184,177
91,184,178
91,184,178
91,184,178
91,184,178
91,184,178
91,184,178
91,184,178
91,184,176
91,184,176
90,183,176
90,183,176
90,183,176
89,183,176
89,183,176
89,183,176
89,183,176
89,183,177
93,185,178
93,185,178
93,185,178
93,185,178
93,185,178
93,185,178
93,185,178
93,185,178
93,185,178
93,185,178
93,185,178
93,185,178
93,185,178
93,185,178
93,185,178
93,185,178
92,185,178
92,185,178
93,185,178
93,185,178
93,185,178
92,185,178
92,185,178
92,185,178
92,185,178
92,185,178
92,185,178
92,185,178
92,185,178
92,185,178
92,185,178
92,185,178
92,185,178
92,185,178
92,185,178
92,185,178
92,185,178
92,185,178
92,185,178
92,185,178
92,185,178
92,185,178
92,185,178
92,185,178
92,185,178
92,185,178
92,185,178
93,185,178
93,185,178
93,185,178
93,185,178
93,185,178
93,185,178
93,185,178
93,185,178
93,185,178
93,185,178
93,185,178
93,185,178
93,185,178
93,185,178
93,185,178
93,185,178
93,185,178
93,185,178
93,185,178
93,185,178
93,185,178
93,185,178
93,185,178
93,185,178
93,185,178
93,185,178
93,185,178
93,185,178
93,185,178
93,185,178
93,185,178
93,185,178
93,185,178
92,185,178
92,185,178
92,185,178
92,185,178
93,185,178
93,185,178
93,185,178
93,185,178
93,185,178
93,185,178
93,185,178
93,185,178
93,185,178
93,185,178
93,185,178
93,185,178
92,185,177
92,185,177
93,185,178
93,185,178
93,185,178
93,185,178
93,185,178
93,185,178
93,185,178
93,185,178
93,185,178
93,185,178
92,185,178
92,185,178
92,185,178
92,185,178
92,185,178
92,185,178
93,185,178
93,185,178
93,185,178
93,185,178
93,185,178
92,185,178
93,185,179
93,185,179
93,185,178
93,185,178
93,185,178
93,185,178
93,185,178
93,185,178
93,185,178
91,184,178
91,184,178
91,184,178
91,184,178
91,184,178
91,184,178
91,184,178
91,184,178
91,184,178
91,184,178
91,184,178
91,184,178
91,184,178
91,184,178
91,184,178
91,184,177
91,184,176
91,184,176
90,183,176
90,183,176
90,183,176
89,183,176
90,183,176
90,183,177
89,183,177
90,183,177
92,185,178
92,185,178
93,185,178
93,185,178
93,185,178
93,185,178
93,185,178
93,185,178
93,185,178
93,185,178
93,185,178
93,185,178
93,185,178
93,185,178
93,185,178
93,185,178
93,185,178
93,185,178
93,185,178
93,185,178
93,185,178
93,185,178
92,185,178
92,185,178
92,185,178
92,185,178
92,185,178
92,185,178
92,185,178
92,185,178
92,185,178
92,185,178
92,185,178
92,185,178
92,185,178
92,185,178
92,185,178
92,185,178
92,185,178
92,185,178
92,185,178
92,185,178
92,185,178
92,185,178
92,185,178
92,185,178
92,185,178
92,185,178
92,185,178
93,185,178
93,185,178
93,185,178
93,185,178
93,185,178
93,185,178
93,185,178
93,185,178
93,185,178
93,185,178
93,185,178
93,185,178
93,185,178
93,185,178
93,185,178
93,185,178
93,185,178
93,185,178
93,185,178
93,185,178
92,185,178
92,185,178
92,185,178
92,185,177
92,185,177
93,185,178
93,185,178
93,185,178
93,185,178
93,185,178
93,185,178
93,185,178
93,185,178
92,185,178
92,185,178
92,185,178
93,185,179
93,185,178
93,185,178
93,185,178
93,185,178
93,185,178
93,185,178
93,185,178
93,185,178
93,185,178
93,185,178
93,185,178
92,185,177
92,185,177
92,185,177
93,185,178
93,185,178
93,185,178
93,185,178
93,185,178
93,185,178
93,185,179
93,185,179
92,185,178
92,185,178
92,185,178
92,185,178
92,185,178
92,185,178
92,185,178
93,185,178
93,185,178
93,185,178
93,185,178
93,185,178
93,185,178
93,185,178
93,185,178
93,185,178
93,185,178
93,185,178
93,185,178
93,185,178
93,185,178
93,185,178
93,185,178
91,184,178
91,184,178
91,184,178
91,184,178
91,184,178
91,184,178
91,184,178
91,184,178
91,184,178
91,184,178
91,184,178
91,184,178
91,184,178
91,184,178
91,184,178
91,184,177
91,184,176
90,183,176
90,183,176
90,183,176
90,183,176
90,183,176
90,183,177
90,183,177
90,183,177
90,183,177
92,185,178
92,185,178
92,185,178
93,185,178
93,185,178
93,185,178
93,185,178
93,185,178
93,185,178
93,185,178
93,185,178
93,185,178
93,185,178
93,185,178
93,185,178
93,185,178
93,185,178
93,185,178
93,185,178
93,185,178
93,185,178
93,185,178
93,185,178
92,185,178
92,185,178
92,185,178
92,185,178
92,185,178
92,185,178
92,185,178
92,185,178
92,185,178
92,185,178
92,185,178
92,185,178
92,185,178
92,185,178
92,185,178
92,185,178
92,185,178
92,185,178
92,185,178
92,185,178
92,185,178
92,185,178
92,185,178
92,185,178
92,185,178
92,185,178
92,185,178
93,185,178
93,185,178
93,185,178
93,185,178
93,185,178
93,185,178
93,185,178
93,185,178
93,185,178
93,185,178
93,185,178
93,185,178
93,185,178
93,185,178
93,185,178
94,185,177
94,185,177
93,185,178
93,185,178
93,185,178
92,185,178
92,185,178
92,185,178
92,185,178
92,185,177
92,185,177
93,185,178
93,185,178
93,185,178
93,185,178
93,185,178
93,185,178
93,185,178
93,185,178
93,185,179
93,185,179
93,185,179
93,185,179
93,185,179
93,185,179
93,185,179
93,185,179
93,185,178
93,185,178
93,185,178
93,185,178
93,185,178
93,185,178
93,185,178
92,185,177
92,185,177
93,185,178
93,185,178
93,185,178
93,185,178
93,185,178
93,185,178
93,185,179
93,185,179
92,185,178
92,185,178
92,185,178
92,185,178
92,185,178
92,185,178
92,185,178
92,185,178
93,185,178
93,185,178
93,185,178
93,185,178
93,185,178
93,185,178
93,185,178
93,185,178
93,185,178
93,185,178
93,185,178
93,185,178
93,185,178
93,185,178
93,185,178
93,185,178
92,184,178
91,184,178
92,184,178
92,184,178
92,184,178
91,184,178
91,184,178
91,184,178
91,184,178
91,184,178
91,184,178
91,184,178
91,184,178
91,184,178
91,184,178
91,184,176
91,184,176
90,183,176
90,183,176
90,183,176
90,183,176
90,183,177
90,184,178
90,184,178
90,183,177
90,183,177
92,185,178
92,185,178
92,185,178
92,185,178
92,185,178
93,185,178
93,185,178
93,185,178
93,185,178
93,185,178
93,185,178
93,185,178
92,185,178
92,185,178
92,185,178
93,185,178
93,185,178
93,185,178
93,185,178
93,185,178
93,185,178
93,185,178
93,185,178
92,185,178
92,185,178
92,185,178
92,185,178
92,185,178
92,185,178
92,185,178
92,185,178
92,185,178
92,185,178
92,185,178
92,185,178
92,185,178
92,185,178
92,185,178
92,185,178
92,185,178
92,185,178
92,185,178
92,185,178
92,185,178
92,185,178
92,185,178
92,185,178
92,185,178
92,185,178
92,185,178
92,185,178
92,185,178
93,185,178
93,185,178
93,185,178
93,185,178
93,185,178
93,185,178
93,185,178
93,185,178
93,185,178
93,185,178
93,185,178
93,185,178
93,185,178
94,185,177
94,185,177
94,185,177
94,185,177
93,185,178
93,185,178
93,185,178
93,185,178
92,185,178
92,185,177
92,185,177
92,185,177
92,185,177
92,185,177
93,185,178
93,185,178
93,185,178
93,185,178
93,185,178
94,185,178
93,186,178
94,185,178
94,185,178
94,185,178
94,185,178
94,185,178
93,185,178
93,185,178
93,185,178
93,185,179
93,185,178
93,185,178
93,185,178
93,185,178
92,185,177
92,185,177
92,185,177
92,185,178
93,185,178
93,185,178
93,185,178
93,185,178
93,185,178
93,185,179
93,185,179
93,185,178
93,185,178
92,185,178
92,185,178
92,185,178
92,185,178
92,185,178
92,185,178
93,185,178
93,185,178
93,185,178
93,185,178
93,185,178
93,185,178
93,185,178
93,185,178
93,185,179
93,185,178
92,185,177
93,185,178
93,185,178
93,185,178
93,185,178
93,185,178
92,184,178
92,184,178
92,184,178
92,184,178
92,184,178
92,184,178
92,184,178
91,184,178
91,184,178
91,184,178
91,184,178
91,184,178
91,184,178
91,184,178
91,184,177
91,184,177
91,184,176
91,184,176
90,184,177
90,183,176
90,184,177
90,183,177
90,183,177
90,183,177
90,183,177
90,183,177
90,183,177
92,185,178
92,185,178
92,185,178
92,185,178
92,184,178
92,185,178
92,185,177
93,185,178
93,185,178
93,185,178
93,185,178
93,185,178
92,185,178
92,185,178
92,185,178
92,185,178
93,185,178
93,185,178
93,185,178
93,185,178
93,185,178
93,185,178
92,185,178
92,185,178
92,185,178
92,185,178
92,185,178
92,185,178
92,185,178
92,185,178
92,185,178
92,185,178
92,185,178
92,185,178
92,185,178
92,185,178
92,185,178
92,185,178
92,185,178
92,185,178
92,185,178
92,185,178
92,185,178
92,185,178
92,185,178
92,185,178
92,185,178
92,185,178
92,185,178
92,185,178
92,185,178
93,185,178
93,185,178
93,185,178
93,185,178
93,185,178
93,185,178
93,185,178
93,185,178
93,185,178
93,185,178
93,185,178
93,185,178
93,185,178
93,185,178
94,185,177
94,185,177
94,185,177
94,185,177
94,185,177
93,185,178
93,185,178
93,185,178
93,185,178
92,185,177
92,185,177
92,185,177
92,185,177
92,185,177
93,185,178
93,185,178
93,185,178
94,185,178
94,185,178
94,185,178
94,185,179
94,185,179
94,185,178
94,185,178
94,185,178
94,185,178
94,185,178
94,185,178
93,185,178
93,185,178
93,185,179
93,185,178
93,185,179
92,185,177
92,185,178
92,185,178
92,185,178
92,185,178
93,185,178
93,185,178
93,185,178
93,185,178
93,185,178
93,185,179
93,185,179
93,185,178
93,185,178
92,185,178
92,185,178
92,185,178
92,185,178
92,185,178
92,185,178
93,185,178
93,185,178
93,185,178
93,185,178
93,185,178
93,185,178
93,185,179
93,185,179
93,185,178
93,185,178
93,185,178
93,185,178
93,185,178
93,185,178
93,185,178
93,185,178
93,185,178
92,185,178
92,185,178
92,185,178
92,184,178
92,184,178
92,184,178
92,184,178
92,184,178
92,184,178
91,184,178
91,184,177
91,184,177
91,184,177
91,184,177
91,184,177
91,184,177
91,184,176
90,183,177
90,183,177
90,183,177
90,183,177
90,183,177
91,184,177
91,184,177
90,183,177
90,183,177
92,185,178
92,185,178
92,185,178
92,184,178
92,184,178
92,184,178
92,184,178
92,185,178
92,185,178
92,185,178
92,185,178
93,185,178
93,185,178
93,185,178
92,185,178
92,185,178
92,185,178
92,185,178
93,185,178
93,185,178
93,185,178
93,185,178
92,185,178
92,185,178
92,185,178
92,185,178
92,185,178
92,185,178
92,185,178
92,185,178
92,185,178
92,185,178
92,185,178
92,185,178
92,185,178
92,185,178
92,185,178
92,185,178
92,185,178
92,185,178
92,185,178
92,185,178
92,185,178
92,185,178
92,185,178
92,185,178
92,185,178
92,185,178
92,185,178
92,185,178
92,185,178
92,185,178
93,185,178
93,185,178
93,185,178
93,185,178
93,185,178
93,185,178
94,185,177
93,185,178
93,185,178
93,185,178
93,185,178
93,185,178
93,185,178
93,185,178
94,185,177
94,185,177
94,185,177
94,185,177
94,185,177
94,185,177
93,185,178
93,185,178
93,185,178
93,185,178
92,185,178
92,185,178
92,185,178
92,185,177
93,185,178
93,185,178
94,185,177
94,185,178
95,186,178
95,186,179
95,186,179
95,186,179
95,186,179
95,186,179
94,185,178
94,185,178
94,185,178
94,185,178
94,185,178
93,185,178
93,185,178
93,185,179
93,185,179
92,185,178
92,185,178
92,185,178
92,185,177
93,185,179
93,185,179
93,185,178
93,185,178
93,185,178
93,185,178
92,185,178
93,185,179
92,185,178
92,185,178
92,185,178
92,185,178
92,185,178
92,185,178
92,185,178
92,185,178
93,185,179
93,185,179
93,185,178
93,185,178
93,185,178
93,185,179
93,185,179
93,185,178
93,185,178
93,185,178
93,185,178
93,185,178
93,185,178
93,185,178
93,185,178
93,185,178
92,185,178
92,185,177
92,185,178
92,185,178
92,185,177
92,185,177
93,185,178
92,184,178
92,184,178
92,184,178
92,184,178
92,184,178
92,184,178
91,184,177
91,184,177
91,184,177
91,184,177
91,184,178
91,184,178
91,184,176
91,184,177
91,184,177
91,184,177
91,184,178
91,184,177
90,183,177
90,183,177
89,183,177
93,185,178
92,185,178
92,185,178
92,184,178
92,184,178
92,184,178
92,184,178
92,184,178
92,184,178
92,185,178
92,185,178
92,185,178
93,185,178
93,185,178
93,185,178
92,185,178
92,185,178
92,185,178
92,185,178
93,185,178
93,185,178
93,185,178
93,185,178
92,185,178
92,185,178
92,185,178
92,185,178
92,185,178
92,185,178
92,185,178
93,185,178
93,185,178
92,185,178
92,185,178
92,185,178
92,185,178
93,185,178
92,185,178
93,185,178
92,185,178
92,185,178
92,185,178
92,185,178
92,185,178
92,185,178
92,185,178
92,185,178
92,185,178
92,185,178
92,185,178
93,185,178
93,185,178
93,185,178
93,185,178
93,185,178
93,185,178
93,185,178
93,185,178
93,185,178
94,185,177
93,185,178
93,185,178
93,185,178
93,185,178
93,185,178
93,185,178
93,185,178
94,185,177
94,185,177
94,185,177
94,185,177
94,185,177
94,185,177
93,185,178
93,185,178
93,185,178
93,185,178
92,185,177
92,185,178
92,185,178
92,185,177
93,185,178
94,185,178
94,185,178
95,186,178
95,186,178
95,186,179
95,186,179
95,186,179
95,186,179
95,186,179
95,186,179
94,185,179
94,185,178
94,185,178
94,185,178
93,185,178
93,185,178
93,185,178
93,185,179
93,185,179
93,185,179
92,185,177
93,185,178
93,185,178
93,185,179
93,185,178
93,185,178
93,185,178
93,185,178
92,185,178
92,185,178
92,185,178
92,185,178
92,185,178
92,185,178
92,185,178
92,185,178
93,185,179
93,185,179
93,185,179
93,185,178
93,185,178
93,185,179
94,185,178
93,185,178
93,185,178
93,185,178
93,185,178
93,185,178
93,185,178
93,185,178
93,185,178
93,185,178
92,185,177
92,185,177
92,185,178
92,185,178
92,185,178
92,185,178
92,185,177
92,185,177
92,185,177
93,185,178
92,184,178
92,184,178
92,184,178
92,184,178
92,184,178
92,184,178
92,184,178
92,184,178
91,184,177
91,184,178
91,184,178
91,184,178
91,184,178
91,184,178
91,184,178
91,184,178
91,184,178
90,183,177
90,183,177
90,183,177
89,183,177
93,185,178
92,185,178
92,185,178
92,184,178
92,184,178
92,184,178
92,184,178
92,184,178
92,185,178
92,185,178
92,185,178
92,185,178
93,185,178
93,185,178
93,185,178
92,185,178
92,185,178
93,185,178
93,185,178
93,185,178
93,185,178
93,185,178
93,185,178
92,185,178
92,185,178
92,185,178
92,185,178
93,185,178
92,185,178
93,185,178
93,185,178
93,185,178
92,185,178
92,185,178
92,185,178
92,185,178
92,185,178
92,185,178
92,185,178
92,185,178
92,185,178
92,185,178
93,185,178
93,185,178
93,185,178
93,185,179
93,185,179
93,185,179
93,185,179
93,185,179
93,185,178
93,185,178
93,185,178
93,185,178
93,185,178
93,185,178
93,185,178
93,185,178
93,185,178
94,185,177
93,185,178
93,185,178
93,185,179
92,185,178
92,185,178
93,185,178
93,185,178
93,185,178
94,185,177
94,185,177
94,185,177
94,185,177
93,185,178
93,185,178
93,185,178
93,185,178
93,185,178
93,185,178
92,185,178
92,185,178
92,185,178
93,185,178
94,185,178
94,185,178
95,186,178
95,186,179
95,186,179
95,186,179
95,186,179
95,186,179
95,186,179
95,186,179
95,186,179
94,185,178
94,185,178
93,185,178
93,185,178
93,185,178
93,185,178
93,185,178
93,185,179
93,185,179
93,185,179
93,185,178
93,185,178
93,185,179
93,185,178
93,185,178
93,185,178
93,185,178
93,185,178
93,185,178
92,185,178
92,185,178
92,185,178
92,185,178
93,185,179
93,185,179
93,185,178
93,185,178
93,185,178
93,185,178
94,185,178
94,185,178
94,185,179
94,185,179
94,185,179
93,185,178
93,185,178
93,185,178
93,185,178
93,185,178
93,185,178
93,185,178
93,185,178
92,185,178
92,185,178
92,185,178
92,185,178
92,185,178
92,185,177
92,185,177
92,185,177
92,185,177
92,185,177
92,184,178
92,184,178
92,184,178
92,184,178
92,184,178
92,184,178
92,184,178
92,184,178
91,184,178
91,184,178
91,184,178
91,184,178
91,184,178
91,184,178
91,184,178
91,184,178
91,184,177
90,183,177
90,183,177
90,183,177
93,185,178
93,185,178
92,185,178
92,184,178
92,184,178
92,184,178
92,184,178
92,184,178
92,184,178
92,185,178
92,185,178
92,185,178
92,185,178
93,185,178
93,185,178
93,185,178
92,185,178
92,185,178
93,185,178
93,185,178
93,185,178
93,185,178
93,185,178
93,185,178
93,185,178
93,185,178
93,185,178
93,185,178
93,185,178
93,185,178
93,185,178
93,185,178
93,185,178
93,185,178
93,185,178
93,185,178
92,185,178
92,185,178
92,185,178
92,185,178
92,185,178
92,185,178
92,185,178
93,185,178
93,185,178
93,185,178
93,185,179
93,185,179
93,185,179
93,185,179
93,185,179
93,185,179
93,185,178
93,185,178
93,185,178
93,185,178
93,185,178
93,185,178
93,185,178
93,185,178
93,185,178
93,185,178
93,185,178
92,185,178
92,185,178
92,185,178
93,185,178
93,185,178
93,185,178
93,185,178
94,185,177
93,185,178
93,185,178
93,185,178
93,185,178
93,185,178
93,185,178
93,185,178
93,185,178
92,185,178
92,185,178
92,185,178
93,185,178
94,185,178
94,185,178
95,186,179
95,186,179
95,186,179
95,186,179
95,186,179
95,186,179
95,186,179
95,186,179
95,186,179
95,186,179
94,185,178
93,185,178
93,185,178
93,185,178
93,185,178
93,185,178
93,185,178
93,185,179
93,185,178
93,185,178
93,185,178
93,185,179
93,185,178
93,185,178
93,185,178
93,185,178
93,185,178
93,185,178
93,185,178
93,185,178
93,185,178
93,185,178
93,185,178
93,185,178
93,185,178
93,185,178
93,185,178
93,185,178
94,185,178
94,185,179
94,185,179
94,185,179
94,185,179
94,185,179
94,185,179
94,185,178
93,185,178
93,185,178
93,185,178
93,185,178
93,185,178
93,185,178
92,185,178
92,185,178
92,185,178
93,185,178
93,185,178
93,185,178
92,185,177
93,185,178
93,185,178
92,185,177
92,185,177
92,184,178
92,184,178
92,184,178
92,184,178
92,184,178
92,184,178
92,184,178
91,184,178
91,184,178
91,184,178
91,184,178
91,184,178
91,184,178
91,184,178
91,184,177
91,184,177
90,183,177
90,183,177
89,183,177
93,185,178
93,185,178
93,185,178
92,185,178
92,184,178
92,184,178
92,184,178
92,184,178
92,184,178
92,184,178
92,184,178
92,184,178
92,185,178
93,185,178
93,185,178
93,185,178
93,185,178
93,185,178
92,185,178
93,185,178
93,185,178
93,185,178
93,185,178
93,185,178
93,185,178
93,185,178
93,185,178
93,185,178
93,185,178
93,185,178
93,185,178
93,185,178
93,185,178
93,185,178
93,185,178
93,185,178
93,185,178
92,185,178
92,185,178
92,185,178
92,185,178
92,185,178
92,185,178
92,185,178
93,185,178
93,185,178
93,185,178
93,185,179
93,185,179
93,185,178
93,185,178
93,185,178
93,185,178
93,185,178
93,185,178
93,185,178
93,185,178
93,185,178
93,185,178
93,185,178
93,185,178
93,185,178
93,185,178
93,185,178
93,185,178
92,185,178
92,185,177
93,185,178
93,185,178
93,185,178
93,185,178
93,185,178
93,185,178
93,185,178
93,185,178
93,185,178
93,185,178
93,185,178
93,185,178
93,185,178
93,185,178
92,185,178
92,185,178
93,185,178
94,185,179
94,185,179
95,186,179
95,186,179
95,186,179
95,186,179
95,186,179
95,186,179
95,186,179
95,186,179
95,186,179
95,186,179
93,185,178
93,185,178
93,185,178
93,185,178
93,185,178
93,185,178
93,185,178
93,185,178
93,185,178
93,185,178
93,185,178
93,185,178
93,185,178
93,185,178
93,185,178
93,185,178
93,185,178
93,185,178
93,185,178
93,185,178
93,185,178
93,185,178
93,185,178
93,185,178
93,185,178
93,185,178
93,185,178
93,185,178
94,185,179
94,185,179
94,185,179
95,186,179
95,186,179
95,186,179
95,186,179
95,186,179
94,185,178
94,185,178
94,185,178
93,185,178
93,185,178
93,185,179
93,185,178
93,185,179
93,185,178
93,185,178
93,185,178
93,185,178
93,185,178
93,185,178
92,185,177
93,185,178
93,185,178
93,185,178
92,185,177
92,184,178
92,184,178
92,184,178
92,184,178
92,184,178
91,184,178
91,184,178
91,184,178
91,184,178
91,184,178
91,184,178
91,184,178
91,184,177
91,184,177
90,183,177
90,183,177
90,183,177
89,183,177
93,185,178
93,185,178
92,185,178
92,185,178
92,184,178
92,184,178
92,184,178
92,184,178
92,184,178
92,184,178
92,184,178
92,184,178
92,185,178
93,185,178
93,185,178
93,185,178
93,185,178
93,185,178
93,185,178
93,185,178
93,185,178
93,185,178
93,185,178
93,185,178
93,185,178
93,185,178
93,185,178
93,185,178
93,185,178
93,185,178
93,185,178
93,185,178
93,185,178
93,185,178
93,185,178
93,185,178
92,185,178
92,185,178
92,185,178
92,185,178
92,185,178
92,185,178
92,185,178
92,185,178
93,185,178
93,185,178
93,185,178
93,185,179
93,185,178
93,185,178
93,185,178
93,185,178
93,185,178
93,185,178
93,185,178
93,185,178
93,185,178
93,185,178
93,185,178
93,185,178
93,185,178
93,185,178
93,185,178
93,185,178
93,185,178
92,185,178
92,185,177
93,185,178
93,185,178
93,185,178
93,185,178
93,185,178
93,185,178
93,185,178
93,185,178
93,185,178
93,185,178
93,185,178
93,185,178
93,185,178
93,185,178
93,185,179
93,185,179
94,185,178
94,185,179
94,185,179
95,186,179
95,186,179
95,186,179
95,186,179
95,186,179
95,186,179
95,186,179
95,186,179
95,186,179
95,186,179
94,185,178
94,185,178
93,185,178
94,185,178
94,185,178
94,185,178
94,185,178
94,185,178
94,185,177
94,185,177
94,185,177
94,185,177
94,185,178
94,185,178
93,185,178
93,185,178
93,185,178
93,185,178
93,185,178
93,185,178
93,185,178
93,185,178
93,185,178
93,185,178
93,185,178
93,185,178
93,185,178
93,185,178
94,185,179
94,185,179
95,186,179
95,186,179
95,186,179
95,186,179
95,186,179
95,186,179
95,186,179
94,185,178
94,185,178
94,185,178
93,185,178
93,185,179
93,185,178
93,185,178
93,185,178
93,185,178
93,185,178
93,185,178
93,185,178
93,185,178
93,185,178
93,185,178
93,185,178
93,185,178
93,185,178
93,185,178
92,185,177
92,184,178
92,184,178
92,184,178
92,184,178
91,184,178
91,184,178
91,184,178
91,184,178
91,184,178
91,184,178
91,184,178
91,184,177
91,184,177
90,183,177
90,183,177
90,183,177
93,185,178
92,185,177
92,185,178
92,185,178
92,185,178
92,184,178
92,184,178
92,184,178
91,184,177
91,184,177
92,184,178
92,184,178
92,184,178
92,185,178
93,185,178
93,185,178
93,185,178
93,185,178
93,185,178
93,185,178
93,185,178
93,185,178
92,185,178
93,185,178
93,185,178
93,185,178
93,185,178
93,185,178
93,185,178
93,185,178
93,185,178
93,185,178
93,185,178
93,185,178
93,185,178
93,185,178
92,185,178
92,185,178
92,185,178
92,185,178
92,185,178
92,185,178
92,185,178
92,185,178
92,185,178
92,185,178
93,185,178
93,185,178
93,185,179
93,185,178
93,185,178
94,185,178
94,185,178
94,185,178
94,185,178
93,185,178
93,185,178
93,185,178
93,185,178
93,185,178
93,185,178
93,185,178
93,185,178
93,185,178
93,185,178
93,185,178
93,185,178
93,185,178
93,185,178
93,185,178
93,185,178
93,185,178
93,185,178
93,185,178
93,185,178
93,185,178
93,185,178
93,185,178
93,185,178
93,185,178
93,185,178
93,185,178
93,185,179
93,186,178
94,185,179
94,185,179
95,186,179
95,186,179
95,186,179
95,186,179
95,186,179
95,186,179
95,186,179
95,186,179
95,186,179
95,186,179
95,186,179
95,186,179
94,185,178
94,185,178
94,185,178
94,185,178
94,185,178
94,185,178
94,185,178
94,185,178
94,185,177
94,185,177
94,185,178
94,185,178
94,185,178
93,185,178
93,185,178
93,185,178
93,185,178
93,185,178
93,185,178
93,185,178
93,185,178
93,185,178
93,185,178
93,185,178
93,185,178
93,185,178
94,185,179
94,185,179
94,185,179
95,186,179
95,186,179
95,186,179
95,186,179
95,186,179
95,186,179
95,186,179
95,186,179
94,185,178
94,185,178
94,185,178
94,185,178
93,185,179
93,185,179
93,185,178
93,185,178
93,185,178
93,185,178
93,185,178
93,185,178
93,185,178
93,185,178
93,185,178
93,185,178
93,185,178
93,185,178
92,185,177
92,185,177
92,184,178
92,184,178
92,184,178
92,184,178
91,184,178
91,184,178
91,184,178
91,184,178
91,184,178
91,184,178
91,184,178
91,184,177
91,184,177
90,183,177
90,183,177
89,183,177
93,185,178
93,185,178
92,185,178
92,185,178
92,185,178
92,185,178
92,184,178
91,184,177
91,184,177
91,184,177
91,184,177
92,184,178
92,184,178
92,184,178
92,184,178
93,185,178
93,185,178
93,185,178
93,185,178
93,185,178
93,185,178
93,185,178
92,185,178
92,185,178
93,185,178
93,185,178
93,185,178
93,185,178
93,185,178
93,185,178
93,185,178
93,185,178
93,185,178
93,185,178
93,185,178
93,185,178
92,185,178
92,185,178
92,185,178
92,185,178
92,185,178
92,185,178
92,185,178
92,185,178
92,185,178
92,185,178
92,185,178
93,185,178
93,185,178
93,185,179
93,185,178
93,185,178
93,185,178
93,185,178
93,185,178
93,185,178
93,185,178
93,185,178
93,185,178
93,185,178
93,185,178
93,185,178
93,185,178
93,185,178
93,185,178
93,185,178
93,185,178
93,185,178
93,185,178
93,185,178
93,185,178
93,185,178
93,185,178
93,185,178
93,185,178
93,185,178
93,185,178
93,185,178
93,185,178
93,185,178
93,185,178
93,185,178
94,185,178
93,186,178
94,185,179
94,185,179
94,185,179
95,186,179
95,186,179
95,186,179
95,186,179
95,186,179
95,186,179
95,186,179
95,186,179
95,186,179
95,186,179
95,186,179
95,186,179
95,186,179
94,185,178
94,185,178
94,185,178
94,185,178
94,185,178
94,185,178
94,185,178
94,185,178
94,185,178
94,185,178
94,185,178
94,185,178
93,185,178
93,185,178
93,185,178
93,185,178
93,185,178
93,185,178
93,185,178
93,185,178
94,185,178
93,185,178
93,185,178
93,185,178
94,185,179
94,185,179
95,186,179
95,186,179
95,186,179
95,186,179
95,186,179
95,186,179
95,186,179
95,186,179
95,186,179
94,185,178
94,185,178
94,185,178
94,185,178
94,185,178
94,185,178
94,185,178
93,185,178
93,185,179
93,185,178
93,185,178
93,185,178
93,185,178
93,185,178
93,185,178
93,185,178
93,185,178
93,185,178
93,185,178
93,185,178
93,185,178
93,185,178
92,184,178
92,184,178
92,184,178
92,184,178
92,184,178
91,184,178
92,184,178
91,184,178
91,184,178
91,184,178
91,184,178
91,184,177
90,183,177
90,183,177
90,183,177
89,183,176
92,185,177
92,185,178
92,185,178
92,185,178
92,185,178
92,185,178
92,184,178
92,184,178
91,184,177
92,184,178
92,184,178
92,184,178
92,184,178
92,184,178
92,184,178
92,185,178
93,185,178
93,185,178
93,185,178
93,185,178
93,185,178
93,185,178
93,185,178
93,185,178
93,185,178
93,185,178
93,185,178
93,185,178
93,185,178
93,185,178
93,185,178
93,185,178
93,185,178
93,185,178
93,185,178
93,185,178
92,185,178
92,185,178
92,185,178
92,185,178
92,185,178
92,185,178
92,185,178
92,185,178
92,185,178
92,185,178
93,185,179
93,185,178
93,185,179
93,185,179
93,185,179
93,185,178
93,185,178
93,185,178
93,185,178
93,185,178
93,185,178
93,185,178
93,185,178
93,185,178
93,185,179
93,185,179
93,185,179
92,185,178
92,185,178
93,185,178
93,185,178
93,185,178
93,185,178
93,185,178
93,185,178
93,185,178
93,185,178
93,185,178
94,185,178
94,185,178
94,185,178
94,185,178
94,185,178
94,185,178
94,185,178
94,185,178
94,185,178
94,185,179
94,185,179
94,185,179
95,186,179
95,186,179
95,186,179
95,186,179
95,186,179
95,186,179
95,186,179
95,186,179
95,186,179
95,186,179
95,186,179
95,186,179
95,186,179
95,186,179
95,186,179
95,186,179
95,186,179
95,186,179
95,186,179
95,186,179
95,186,179
95,186,179
94,185,179
94,185,178
94,185,178
94,185,178
93,185,178
93,185,178
93,185,178
93,185,178
93,185,178
93,185,178
93,185,178
94,185,178
94,185,179
95,186,179
95,186,179
95,186,179
95,186,179
95,186,179
95,186,179
95,186,179
95,186,179
95,186,179
95,186,179
95,186,179
95,186,179
95,186,179
95,186,179
94,185,178
94,185,178
94,185,178
94,185,178
94,185,178
94,185,178
94,185,178
95,186,179
94,185,179
94,185,178
94,185,178
94,185,178
93,185,178
93,185,178
93,185,178
93,185,178
93,185,178
93,185,177
93,185,177
93,185,177
93,184,178
93,185,178
93,185,178
93,185,178
92,184,178
92,184,178
92,184,178
92,184,178
92,184,178
92,184,178
92,184,178
92,184,178
91,184,178
91,184,178
90,183,177
90,183,177
90,183,177
90,183,177
92,185,177
92,185,178
92,185,178
92,184,178
92,184,178
92,184,178
92,184,178
92,184,178
92,184,178
92,184,178
92,184,178
92,184,178
92,184,178
92,184,178
92,184,178
92,184,178
92,184,178
93,185,178
93,185,178
93,185,178
93,185,178
93,185,178
93,185,178
93,185,178
93,185,178
93,185,178
93,185,178
93,185,178
93,185,178
93,185,178
93,185,178
93,185,178
93,185,178
93,185,178
93,185,178
93,185,178
93,185,178
93,185,178
92,185,178
92,185,178
92,185,178
92,185,178
92,185,178
92,185,178
92,185,178
93,185,179
93,185,179
93,185,179
93,185,178
93,185,179
93,185,179
93,185,179
93,185,178
93,185,178
93,185,178
93,185,178
93,185,178
93,185,178
93,185,178
93,185,178
93,185,179
93,185,179
92,185,178
92,185,178
92,185,178
92,185,178
92,185,177
93,185,178
93,185,178
93,185,178
93,185,178
93,185,178
93,185,178
93,185,178
93,185,178
94,185,177
94,185,177
94,185,177
94,185,178
94,185,178
94,185,178
94,185,178
94,185,178
94,185,178
95,186,179
95,186,179
95,186,179
95,186,179
95,186,179
95,186,179
95,186,179
95,186,179
95,186,179
95,186,179
95,186,179
95,186,179
95,186,179
95,186,179
95,186,179
95,186,179
95,186,179
95,186,179
95,186,179
95,186,179
95,186,179
95,186,179
95,186,179
95,186,179
95,186,179
95,186,179
94,185,178
94,185,178
94,185,178
93,185,178
93,185,178
93,185,178
93,185,178
93,185,178
94,185,178
94,185,178
95,186,179
95,186,179
95,186,179
95,186,179
95,186,179
95,186,179
95,186,179
95,186,179
95,186,179
95,186,179
95,186,179
95,186,179
95,186,179
95,186,179
95,186,179
95,186,179
94,185,178
94,185,178
94,185,178
94,185,178
94,185,178
94,185,178
95,186,179
95,186,179
95,186,179
94,185,179
94,185,178
94,185,178
94,185,178
93,185,178
93,185,178
93,185,178
93,185,178
93,185,177
93,185,177
93,185,177
93,185,177
93,184,178
93,185,178
93,185,178
92,185,178
92,185,178
92,184,178
92,184,178
92,184,178
92,184,178
92,184,178
92,184,178
91,184,178
91,184,178
90,183,177
90,183,177
90,183,177
90,183,177
90,183,177
92,185,177
92,184,178
92,184,178
92,184,178
92,184,178
92,184,178
92,184,178
92,184,178
92,184,178
92,184,178
92,184,178
92,184,178
92,184,178
92,184,178
92,184,178
92,185,178
92,185,178
92,185,178
93,185,178
93,185,178
93,185,178
93,185,178
93,185,178
93,185,178
93,185,178
93,185,178
93,185,178
92,185,178
92,185,178
93,185,178
92,185,178
93,185,178
93,185,178
93,185,178
92,185,177
93,185,178
93,185,178
93,185,178
92,185,178
92,185,178
92,185,178
92,185,178
92,185,178
93,185,179
93,185,179
93,185,178
93,185,178
94,185,178
93,185,178
93,185,178
93,185,179
93,185,178
93,185,178
93,185,178
93,185,178
93,185,178
93,185,178
93,185,178
93,185,178
93,185,179
93,185,179
92,185,178
92,185,178
92,185,178
92,185,178
92,185,178
93,185,178
93,185,178
93,185,178
93,185,178
93,185,178
93,185,178
93,185,178
93,185,178
94,185,177
94,185,177
94,185,178
94,185,178
95,186,178
95,186,178
95,186,178
95,186,178
95,186,179
95,186,179
95,186,179
95,186,179
95,186,179
95,186,179
95,186,179
95,186,179
95,186,179
95,186,179
95,186,179
95,186,179
95,186,179
95,186,179
95,186,179
95,186,179
95,186,179
95,186,179
95,186,179
95,186,179
95,186,179
95,186,179
95,186,179
95,186,179
95,186,179
95,186,179
95,186,179
95,186,179
95,186,179
94,185,178
94,185,178
94,185,178
94,185,178
93,185,178
93,185,178
94,185,178
94,185,178
95,186,179
95,186,179
95,186,179
95,186,179
95,186,179
95,186,179
95,186,179
95,186,179
95,186,179
95,186,179
95,186,179
95,186,179
95,186,179
95,186,179
95,186,179
95,186,179
95,186,179
95,186,179
94,185,178
94,185,178
94,185,178
94,185,178
95,186,179
95,186,179
95,186,179
95,186,179
95,186,179
95,186,179
94,185,178
94,185,178
93,185,178
93,185,178
93,185,178
93,185,178
93,185,178
93,185,177
93,185,177
93,185,177
93,185,177
93,185,178
93,185,178
92,185,177
92,185,177
92,185,178
92,185,178
92,184,178
92,184,178
92,184,178
92,184,178
91,184,178
91,184,178
90,183,177
90,183,177
90,183,177
90,183,177
90,183,177
92,185,178
92,184,178
92,184,178
92,184,178
92,184,178
92,184,178
92,184,178
92,184,178
92,184,178
92,184,178
92,184,178
92,184,178
92,184,178
92,184,178
92,184,178
92,184,178
92,185,178
92,185,178
92,185,178
92,185,178
93,185,178
93,185,178
93,185,178
93,185,178
93,185,178
93,185,178
93,185,178
93,185,178
93,185,178
92,185,178
92,185,178
92,185,178
92,185,178
93,185,178
93,185,178
92,185,178
92,185,178
93,185,178
92,185,178
92,185,178
92,185,178
92,185,178
92,185,178
93,185,179
93,185,179
93,185,178
93,185,178
93,185,178
94,185,178
93,185,178
93,185,178
93,185,178
93,185,178
93,185,178
93,185,178
93,185,178
93,185,178
93,185,178
93,185,178
93,185,178
93,185,179
92,185,178
92,185,178
92,185,178
92,185,178
92,185,178
93,185,179
93,185,178
93,185,178
93,185,178
93,185,178
93,185,178
93,185,178
93,185,179
93,185,179
94,185,178
94,185,178
95,186,178
95,186,178
95,186,178
95,186,178
95,186,178
95,186,179
95,186,179
95,186,179
95,186,179
95,186,179
95,186,179
95,186,179
95,186,179
95,186,179
95,186,179
95,186,179
95,186,179
95,186,179
95,186,179
95,186,179
95,186,179
95,186,179
95,186,179
95,186,179
95,186,179
95,186,179
95,186,179
95,186,179
95,186,179
95,186,179
95,186,179
95,186,179
95,186,179
95,186,179
95,186,179
94,185,178
94,185,178
94,185,178
94,185,178
94,185,178
94,185,178
94,185,178
95,186,179
95,186,179
95,186,179
95,186,179
95,186,179
95,186,179
95,186,179
95,186,179
95,186,179
95,186,179
95,186,179
95,186,179
95,186,179
95,186,179
95,186,179
95,186,179
95,186,179
95,186,179
95,186,179
94,185,178
94,185,178
94,185,178
94,185,178
94,185,179
95,186,179
95,186,179
95,186,179
95,186,179
95,186,179
94,185,179
94,185,178
93,185,178
93,185,178
93,185,178
93,185,178
93,185,178
93,185,178
93,185,177
93,185,177
93,185,177
93,185,178
93,185,178
92,185,177
92,185,177
92,185,177
92,185,177
92,184,178
92,184,178
92,184,178
92,184,178
91,184,178
91,184,178
91,184,177
90,183,177
90,183,177
90,183,177
90,183,177
90,183,177
92,185,178
92,184,178
92,184,178
92,184,178
92,184,178
92,184,178
92,184,178
92,184,178
92,184,178
92,184,178
92,184,178
92,184,178
92,184,178
92,184,178
92,184,178
92,184,178
92,185,178
92,185,178
92,185,178
92,185,178
92,185,178
92,185,178
93,185,178
93,185,178
93,185,178
93,185,178
93,185,178
93,185,178
93,185,178
92,185,178
92,185,178
92,185,178
92,185,178
92,185,178
92,185,178
92,185,178
92,185,178
92,184,178
92,184,178
92,185,178
92,185,178
92,185,178
93,185,179
93,185,179
93,185,178
93,185,178
93,185,178
93,185,178
94,185,178
94,185,178
93,185,178
93,185,178
93,185,178
93,185,178
93,185,178
93,185,178
93,185,178
93,185,178
93,185,178
93,185,178
93,185,178
93,185,179
92,185,178
92,185,178
92,185,178
93,185,179
93,185,179
93,185,178
94,185,177
94,185,178
94,185,178
93,185,178
93,185,178
93,185,179
94,185,178
94,185,179
95,186,179
95,186,179
95,186,179
95,186,179
95,186,179
95,186,179
95,186,179
95,186,179
95,186,179
95,186,179
95,186,179
95,186,179
95,186,179
95,186,179
95,186,179
95,186,179
95,186,179
95,186,179
95,186,179
95,186,179
95,186,179
95,186,179
95,186,179
95,186,179
95,186,179
95,186,179
95,186,179
95,186,179
95,186,179
95,186,179
95,186,179
95,186,179
95,186,179
95,186,179
95,186,179
95,186,179
94,185,178
94,185,178
94,185,178
94,185,178
94,185,178
94,185,178
95,186,179
95,186,179
95,186,179
95,186,179
95,186,179
95,186,179
95,186,179
95,186,179
95,186,179
95,186,179
95,186,179
95,186,179
95,186,179
95,186,179
95,186,179
95,186,179
95,186,179
95,186,179
95,186,179
95,186,179
95,186,179
94,185,179
94,185,179
94,185,179
94,185,179
95,186,179
95,186,179
95,186,179
95,186,179
95,186,179
95,186,179
94,185,179
94,185,178
94,185,178
93,185,178
93,185,178
93,185,178
93,185,178
93,185,177
93,185,177
93,185,177
93,185,178
93,185,178
93,185,178
92,185,177
92,185,177
92,185,177
92,185,178
92,184,178
92,184,178
92,184,178
91,184,178
91,184,178
91,184,178
90,183,177
90,183,177
90,183,177
90,183,177
90,183,177
92,185,178
92,184,178
92,184,178
92,184,178
92,184,178
92,184,178
92,184,178
92,184,178
92,184,178
92,184,178
92,184,178
92,184,178
92,184,178
92,184,178
92,184,178
92,184,178
92,185,178
92,185,178
92,185,178
92,185,178
92,185,178
92,185,178
92,185,178
92,185,178
92,185,178
93,185,178
93,185,178
93,185,178
93,185,178
93,185,178
92,185,178
92,185,178
92,185,178
92,185,178
92,185,178
92,185,178
92,185,178
92,185,178
92,184,178
92,184,178
92,185,178
92,185,178
92,185,178
93,185,179
93,185,179
93,185,178
93,185,178
93,185,178
93,185,178
94,185,178
94,185,178
93,185,178
93,185,178
93,185,178
93,185,178
93,185,178
93,185,178
93,185,178
93,185,178
93,185,178
93,185,178
93,185,178
93,185,178
93,185,179
93,185,179
93,185,179
93,185,179
93,185,179
93,186,178
94,185,178
94,185,178
94,185,178
94,185,178
94,185,178
94,185,179
94,185,179
95,186,179
95,186,179
95,186,179
95,186,179
95,186,179
95,186,179
95,186,179
95,186,179
95,186,179
95,186,179
95,186,179
95,186,179
95,186,179
95,186,179
95,186,179
95,186,179
95,186,179
95,186,179
95,186,179
95,186,179
95,186,179
95,186,179
95,186,179
95,186,179
95,186,179
95,186,179
95,186,179
95,186,179
95,186,179
95,186,179
95,186,179
95,186,179
95,186,179
95,186,179
95,186,179
95,186,179
95,186,179
94,185,178
94,185,178
94,185,178
94,185,178
94,185,178
94,185,178
95,186,179
95,186,179
95,186,179
95,186,179
95,186,179
95,186,179
95,186,179
95,186,179
95,186,179
95,186,179
95,186,179
95,186,179
95,186,179
95,186,179
95,186,179
95,186,179
95,186,179
95,186,179
95,186,179
95,186,179
95,186,179
95,186,179
94,185,179
94,185,179
94,185,179
94,185,179
95,186,179
95,186,179
95,186,179
95,186,179
95,186,179
95,186,179
94,185,178
94,185,178
94,185,178
94,185,178
93,185,178
93,185,178
93,185,178
93,185,178
93,185,178
93,185,178
93,185,178
93,185,178
93,185,178
92,185,178
92,185,178
92,185,178
92,184,178
92,184,178
92,184,178
92,184,178
91,184,178
91,184,178
91,184,177
90,183,177
90,183,177
90,183,177
90,184,177
90,184,176
92,184,178
92,184,178
92,184,178
92,184,178
92,184,178
92,184,178
92,184,178
92,184,178
92,184,178
92,184,178
92,184,178
92,184,178
92,184,178
92,184,178
92,184,178
92,185,178
92,185,178
92,185,178
92,185,178
92,185,178
92,185,178
92,185,178
92,185,178
92,185,178
92,185,178
92,185,178
92,185,178
93,185,178
93,185,178
93,185,178
92,185,178
92,185,178
92,185,178
92,185,178
92,185,178
92,185,178
92,185,178
92,184,178
92,184,178
92,184,178
92,184,178
92,185,178
93,185,178
93,185,178
93,185,178
93,185,178
93,185,178
93,185,178
93,185,178
93,185,178
94,185,178
93,185,178
93,185,178
93,185,178
93,185,178
93,185,178
93,185,178
93,185,178
93,185,178
93,185,178
93,185,178
93,185,178
93,185,178
93,185,178
93,185,178
93,185,178
93,185,178
94,185,178
94,185,178
94,185,178
94,185,178
94,185,179
94,185,179
95,186,179
95,186,179
95,186,179
95,186,179
95,186,179
95,186,179
95,186,179
95,186,179
95,186,179
95,186,179
95,186,179
95,186,179
95,186,179
95,186,179
95,186,179
95,186,179
95,186,179
95,186,179
95,186,179
95,186,179
95,186,179
95,186,179
95,186,179
95,186,179
95,186,179
95,186,179
95,186,179
95,186,179
95,186,179
95,186,179
95,186,179
95,186,179
95,186,179
95,186,179
95,186,179
95,186,179
95,186,179
95,186,179
95,186,179
94,185,179
94,185,178
94,185,178
94,185,178
94,185,178
94,185,178
95,186,179
95,186,179
95,186,179
95,186,179
95,186,179
95,186,179
95,186,179
95,186,179
95,186,179
95,186,179
95,186,179
95,186,179
95,186,179
95,186,179
95,186,179
95,186,179
95,186,179
95,186,179
95,186,179
95,186,179
95,186,179
95,186,179
95,186,179
95,186,179
94,185,179
94,185,179
95,186,179
95,186,179
95,186,179
95,186,179
95,186,179
95,186,179
95,186,179
95,186,179
95,186,179
94,185,178
94,185,178
94,185,178
93,185,178
93,185,178
93,185,178
93,185,178
93,185,178
93,185,178
93,185,178
93,185,178
93,185,178
92,185,177
92,185,177
92,185,178
92,185,178
92,184,178
92,184,178
91,184,178
91,184,178
91,184,178
91,184,177
90,183,177
90,183,177
90,184,177
90,184,176
92,185,178
92,184,178
92,184,178
92,184,178
92,184,178
92,184,178
92,184,178
92,184,178
92,184,178
92,184,178
92,184,178
92,184,178
92,184,178
92,184,178
92,185,178
92,185,178
92,185,178
92,185,178
92,185,178
92,185,178
92,185,178
92,185,178
92,185,178
92,185,178
92,185,178
92,185,178
92,185,178
92,185,178
92,185,178
92,185,178
93,185,178
93,185,178
92,185,178
92,185,178
92,185,178
92,185,178
92,185,178
92,184,178
92,184,178
92,184,178
92,184,178
92,185,178
92,185,177
93,185,178
93,185,178
93,185,178
93,185,178
93,185,178
93,185,178
93,185,178
93,185,178
93,185,178
93,185,178
93,185,178
93,185,178
93,185,178
93,185,178
93,185,178
93,185,178
93,185,178
93,185,178
93,185,178
93,185,178
93,185,178
93,185,178
93,185,178
93,185,178
93,185,178
94,185,178
94,185,178
94,185,178
94,185,179
95,186,179
95,186,179
95,186,179
95,186,179
95,186,179
95,186,179
95,186,179
95,186,179
95,186,179
95,186,179
95,186,179
95,186,179
95,186,179
95,186,179
95,186,179
95,186,179
95,186,179
95,186,179
95,186,179
95,186,179
95,186,179
95,186,179
95,186,179
95,186,179
95,186,179
95,186,179
95,186,179
95,186,179
95,186,179
95,186,179
95,186,179
95,186,179
95,186,179
95,186,179
95,186,179
95,186,179
95,186,179
95,186,179
95,186,179
95,186,179
95,186,179
94,185,179
94,185,178
94,185,178
94,185,178
94,185,178
95,186,179
95,186,179
95,186,179
95,186,179
95,186,179
95,186,179
95,186,179
95,186,179
95,186,179
95,186,179
95,186,179
95,186,179
95,186,179
95,186,179
95,186,179
95,186,179
95,186,179
95,186,179
95,186,179
95,186,179
95,186,179
95,186,179
95,186,179
95,186,179
95,186,179
95,186,179
94,185,179
95,186,179
95,186,179
95,186,179
95,186,179
95,186,179
95,186,179
95,186,179
95,186,179
95,186,179
95,186,179
94,185,178
94,185,178
93,185,178
93,185,178
93,185,178
93,185,178
93,185,178
93,185,178
93,185,178
93,185,178
93,185,178
92,185,177
92,185,177
92,185,177
92,185,177
92,184,178
92,184,178
92,184,178
91,184,178
91,184,178
91,184,178
91,184,177
91,184,177
90,183,177
90,183,177
90,183,177
92,185,178
92,184,178
92,184,178
92,184,178
92,184,178
92,184,178
92,184,178
92,184,178
92,184,178
92,184,178
92,184,178
92,184,178
92,185,178
92,185,178
92,185,178
92,185,178
92,185,178
92,185,178
92,185,178
92,185,178
92,185,178
92,185,178
92,185,178
92,185,178
92,185,178
92,185,178
92,185,178
92,185,178
92,185,178
92,185,178
93,185,178
93,185,178
93,185,178
92,185,178
92,185,178
92,185,178
92,185,178
92,184,178
92,184,178
92,184,178
92,185,178
92,185,177
92,185,177
93,185,178
93,185,178
93,185,178
93,185,178
93,185,178
93,185,178
93,185,178
93,185,178
93,185,178
93,185,178
93,185,178
93,185,178
93,185,178
93,185,178
93,185,178
93,185,178
93,185,178
93,185,178
93,185,178
93,185,178
93,185,178
93,185,178
94,185,178
94,185,178
94,185,178
94,185,178
94,185,179
95,186,179
95,186,179
95,186,179
95,186,179
95,186,179
95,186,179
95,186,179
95,186,179
95,186,179
95,186,179
95,186,179
95,186,179
95,186,179
95,186,179
95,186,179
95,186,179
95,186,179
95,186,179
95,186,179
95,186,179
95,186,179
95,186,179
95,186,179
95,186,179
95,186,179
95,186,179
95,186,179
95,186,179
95,186,179
95,186,179
95,186,179
95,186,179
95,186,179
95,186,179
95,186,179
95,186,179
95,186,179
95,186,179
95,186,179
95,186,179
95,186,179
95,186,179
94,185,179
94,185,179
94,185,178
94,185,178
94,185,178
94,185,178
95,186,179
95,186,179
95,186,179
95,186,179
95,186,179
95,186,179
95,186,179
95,186,179
95,186,179
95,186,179
95,186,179
95,186,179
95,186,179
95,186,179
95,186,179
95,186,179
95,186,179
95,186,179
95,186,179
95,186,179
95,186,179
95,186,179
95,186,179
95,186,179
95,186,179
95,186,179
95,186,179
95,186,179
95,186,179
95,186,179
95,186,179
95,186,179
95,186,179
95,186,179
95,186,179
95,186,179
95,186,179
95,186,179
94,185,179
94,185,178
94,185,178
94,185,178
94,185,178
93,185,178
93,185,178
93,185,178
93,185,179
93,185,179
92,185,177
92,185,177
92,185,177
92,185,177
92,184,178
92,184,178
92,184,178
92,184,178
91,184,178
91,184,178
91,184,178
91,184,178
91,184,177
90,183,177
90,183,177
92,185,178
92,185,178
92,185,178
92,184,178
92,184,178
92,184,178
92,184,178
92,184,178
92,184,178
92,185,177
92,185,178
92,185,178
92,185,178
92,185,178
92,185,178
92,185,178
92,185,178
92,185,178
92,185,178
92,185,178
92,185,178
92,185,178
92,185,178
92,185,178
92,185,178
92,185,178
92,185,178
92,185,178
92,185,178
92,185,178
92,185,178
93,185,178
93,185,178
93,185,178
93,185,178
92,185,178
92,185,178
92,185,178
92,185,178
92,184,178
92,185,177
93,185,178
93,185,178
93,185,178
93,185,178
93,185,178
93,185,178
93,185,178
93,185,178
93,185,178
93,185,178
93,185,178
93,185,178
93,185,178
92,185,178
92,185,178
92,185,178
92,185,178
93,185,178
93,185,178
93,185,178
93,185,178
93,185,178
93,185,178
93,185,178
94,185,178
94,185,178
94,185,178
94,185,178
94,185,179
95,186,179
95,186,179
95,186,179
95,186,179
95,186,179
95,186,179
95,186,179
95,186,179
95,186,179
95,186,179
95,186,179
95,186,179
95,186,179
95,186,179
95,186,179
95,186,179
95,186,179
95,186,179
95,186,179
95,186,179
95,186,179
95,186,179
95,186,179
95,186,179
95,186,179
95,186,179
95,186,179
95,186,179
95,186,179
95,186,179
95,186,179
95,186,179
95,186,179
95,186,179
95,186,179
95,186,179
95,186,179
95,186,179
95,186,179
95,186,179
95,186,179
95,186,179
95,186,179
94,185,179
94,185,179
94,185,178
94,185,178
94,185,178
94,185,178
94,185,179
95,186,179
95,186,179
95,186,179
95,186,179
95,186,179
95,186,179
95,186,179
95,186,179
95,186,179
95,186,179
95,186,179
95,186,179
95,186,179
95,186,179
95,186,179
95,186,179
95,186,179
95,186,179
95,186,179
95,186,179
95,186,179
95,186,179
95,186,179
95,186,179
95,186,179
95,186,179
95,186,179
95,186,179
95,186,179
95,186,179
95,186,179
95,186,179
95,186,179
95,186,179
95,186,179
95,186,179
95,186,179
95,186,179
94,185,179
94,185,178
94,185,178
94,185,178
93,185,178
93,185,178
93,185,178
93,185,178
93,185,179
93,185,179
93,185,179
92,185,178
92,185,178
92,184,178
92,184,178
92,184,178
92,184,178
91,184,178
91,184,178
91,184,178
91,184,178
91,184,177
90,183,177
90,183,177
90,183,177
92,185,178
92,185,178
92,185,178
92,184,178
92,184,178
92,184,178
92,184,178
92,184,178
93,185,178
93,185,178
92,185,177
92,185,178
92,185,178
92,185,178
92,185,178
92,185,178
92,185,178
92,185,178
92,185,178
92,185,178
92,185,178
92,185,178
92,185,178
92,185,178
92,185,178
92,185,178
92,185,178
92,185,178
92,185,178
92,185,178
92,185,178
92,185,178
93,185,178
93,185,178
93,185,178
93,185,178
92,185,178
92,185,178
92,185,178
92,184,178
93,185,178
93,185,178
93,185,178
93,185,178
93,185,178
93,185,178
93,185,178
93,185,178
93,185,178
93,185,179
93,185,179
92,185,178
92,185,178
92,185,178
92,185,178
92,185,178
92,185,178
92,185,178
93,185,178
93,185,178
93,185,178
94,185,178
93,185,178
93,185,178
93,185,178
94,185,178
95,186,179
95,186,179
95,186,179
95,186,179
95,186,179
95,186,179
95,186,179
95,186,179
95,186,179
95,186,179
95,186,179
95,186,179
95,186,179
95,186,179
95,186,179
95,186,179
95,186,179
95,186,179
95,186,179
95,186,179
95,186,179
95,186,179
95,186,179
95,186,179
95,186,179
95,186,179
95,186,179
95,186,179
95,186,179
95,186,179
95,186,179
95,186,179
95,186,179
95,186,179
95,186,179
95,186,179
95,186,179
95,186,179
95,186,179
95,186,179
95,186,179
95,186,179
95,186,179
95,186,179
95,186,179
95,186,179
94,185,179
94,185,179
94,185,179
94,185,178
93,185,178
93,185,178
94,185,178
94,185,179
94,185,179
95,186,179
95,186,179
95,186,179
95,186,179
95,186,179
95,186,179
95,186,179
95,186,179
95,186,179
95,186,179
95,186,179
95,186,179
95,186,179
95,186,179
95,186,179
95,186,179
95,186,179
95,186,179
95,186,179
95,186,179
95,186,179
95,186,179
95,186,179
95,186,179
95,186,179
95,186,179
95,186,179
95,186,179
95,186,179
95,186,179
95,186,179
95,186,179
95,186,179
95,186,179
95,186,179
95,186,179
95,186,179
94,185,179
94,185,179
93,186,178
94,185,178
93,185,178
93,185,178
93,185,178
93,185,178
93,185,178
93,185,178
93,185,179
92,185,178
92,184,178
92,184,178
92,184,178
92,184,178
92,184,178
91,184,178
91,184,178
91,184,178
91,184,178
91,184,178
90,183,177
90,183,177
90,183,177
93,185,178
93,185,178
92,185,178
92,185,178
92,184,178
92,184,178
92,184,178
92,184,178
92,184,178
93,185,178
93,185,178
93,185,178
92,185,177
92,185,177
92,185,178
92,185,178
92,185,178
92,185,178
92,185,178
92,185,178
92,185,178
92,185,178
92,185,178
92,185,178
92,185,178
92,185,178
92,185,178
92,185,178
92,185,178
92,185,178
92,185,178
92,185,178
92,185,178
93,185,178
93,185,178
93,185,178
93,185,178
92,185,178
92,185,178
92,185,178
92,185,178
93,185,178
93,185,178
93,185,178
93,185,178
93,185,178
93,185,178
93,185,178
93,185,179
93,185,179
92,185,178
92,185,178
92,185,178
92,185,178
92,185,178
92,185,178
92,185,178
92,185,178
92,185,178
93,185,178
93,185,178
94,185,178
94,185,178
94,185,178
94,185,178
94,185,179
95,186,179
95,186,179
95,186,179
95,186,179
95,186,179
95,186,179
95,186,179
95,186,179
95,186,179
95,186,179
95,186,179
95,186,179
95,186,179
95,186,179
95,186,179
95,186,179
95,186,179
95,186,179
95,186,179
95,186,179
95,186,179
95,186,179
95,186,179
95,186,179
95,186,179
95,186,179
95,186,179
95,186,179
95,186,179
95,186,179
95,186,179
95,186,179
95,186,179
95,186,179
95,186,179
95,186,179
95,186,179
95,186,179
95,186,179
95,186,179
95,186,179
95,186,179
95,186,179
95,186,179
95,186,179
95,186,179
95,186,179
94,185,179
94,185,179
94,185,179
94,185,178
93,185,178
93,185,178
94,185,178
94,185,179
94,185,179
95,186,179
95,186,179
95,186,179
95,186,179
95,186,179
95,186,179
95,186,179
95,186,179
95,186,179
95,186,179
95,186,179
95,186,179
95,186,179
95,186,179
95,186,179
95,186,179
95,186,179
95,186,179
95,186,179
95,186,179
95,186,179
95,186,179
95,186,179
95,186,179
95,186,179
95,186,179
95,186,179
95,186,179
95,186,179
95,186,179
95,186,179
95,186,179
95,186,179
95,186,179
95,186,179
95,186,179
95,186,179
94,185,179
94,185,179
94,185,179
94,185,178
94,185,178
93,185,178
93,185,178
93,185,178
93,185,178
93,185,178
93,185,178
92,185,178
92,184,178
92,184,178
92,184,178
92,184,178
92,184,178
91,184,178
91,184,178
91,184,178
91,184,178
91,184,178
91,184,178
90,183,177
91,184,177
90,183,177
93,185,178
93,185,178
92,185,178
92,185,178
92,184,178
92,184,178
92,184,178
92,184,178
92,184,178
93,185,178
93,185,178
93,185,178
92,185,177
92,185,177
92,185,178
92,185,178
92,185,178
92,185,178
92,185,178
92,185,178
92,185,178
92,185,178
92,185,178
92,185,178
92,185,178
92,185,178
92,185,178
92,185,178
92,185,178
92,185,178
92,185,178
92,185,178
92,185,178
92,185,178
93,185,178
93,185,178
93,185,178
93,185,178
92,185,178
92,185,178
93,185,178
93,185,178
93,185,178
93,185,178
93,185,178
93,185,178
93,185,178
93,185,178
93,185,179
92,185,178
92,185,178
92,185,178
92,185,178
92,185,178
92,185,178
92,185,178
92,185,178
93,185,179
93,185,178
94,185,178
94,185,178
94,185,178
94,185,178
94,185,179
94,185,179
95,186,179
95,186,179
95,186,179
95,186,179
95,186,179
95,186,179
95,186,179
95,186,179
95,186,179
95,186,179
95,186,179
95,186,179
95,186,179
95,186,179
95,186,179
95,186,179
95,186,179
95,186,179
95,186,179
95,186,179
95,186,179
95,186,179
95,186,179
95,186,179
95,186,179
95,186,179
95,186,179
95,186,179
95,186,179
95,186,179
95,186,179
95,186,179
95,186,179
95,186,179
95,186,179
94,185,178
94,185,178
94,185,179
95,186,179
95,186,179
95,186,179
95,186,179
95,186,179
95,186,179
95,186,179
95,186,179
95,186,179
95,186,179
95,186,179
94,185,179
94,185,179
94,185,178
94,185,178
94,185,178
94,185,178
94,185,179
94,185,179
94,185,179
95,186,179
95,186,179
95,186,179
95,186,179
95,186,179
95,186,179
95,186,179
95,186,179
95,186,179
95,186,179
95,186,179
95,186,179
95,186,179
95,186,179
95,186,179
95,186,179
95,186,179
95,186,179
95,186,179
95,186,179
95,186,179
95,186,179
95,186,179
95,186,179
95,186,179
95,186,179
95,186,179
95,186,179
95,186,179
95,186,179
95,186,179
95,186,179
95,186,179
95,186,179
95,186,179
95,186,179
95,186,179
94,185,179
94,185,179
94,185,178
94,185,178
93,185,178
93,185,178
93,185,178
93,185,178
93,185,178
93,185,178
93,185,178
92,184,178
92,184,178
92,184,178
92,184,178
92,184,178
91,184,178
91,184,178
91,184,178
91,184,178
91,184,178
91,184,178
91,184,177
91,184,177
91,184,177
93,185,178
93,185,178
92,185,178
92,185,178
92,185,178
92,184,178
92,184,178
92,184,178
92,184,178
93,185,178
93,185,178
93,185,178
92,185,177
92,185,177
93,185,178
92,185,178
92,185,178
92,185,178
92,185,178
92,185,178
92,185,178
92,185,178
92,185,178
92,185,178
92,185,178
92,185,178
92,185,178
92,185,178
92,185,178
92,185,178
92,185,178
92,185,178
92,185,178
92,185,178
93,185,178
93,185,178
93,185,178
93,185,178
93,185,178
92,185,178
93,185,178
93,185,178
93,185,178
93,185,178
93,185,178
93,185,178
93,185,178
93,185,178
93,185,179
92,185,178
92,185,178
92,185,178
92,185,178
92,185,178
92,185,178
93,185,179
93,185,179
93,185,178
93,185,178
94,185,178
94,185,178
94,185,178
94,185,179
94,185,179
95,186,179
95,186,179
95,186,179
95,186,179
95,186,179
95,186,179
95,186,179
95,186,179
95,186,179
95,186,179
95,186,179
95,186,179
95,186,179
95,186,179
95,186,179
95,186,179
95,186,179
95,186,179
95,186,179
95,186,179
95,186,179
95,186,179
95,186,179
95,186,179
95,186,179
95,186,179
95,186,179
95,186,179
95,186,179
95,186,179
95,186,179
95,186,179
95,186,179
95,186,179
95,186,179
94,185,178
94,185,178
94,185,178
94,185,178
94,185,179
95,186,179
95,186,179
95,186,179
95,186,179
95,186,179
95,186,179
95,186,179
95,186,179
95,186,179
95,186,179
95,186,179
94,185,179
94,185,178
94,185,178
94,185,178
94,185,178
94,185,179
94,185,179
94,185,179
95,186,179
95,186,179
95,186,179
95,186,179
95,186,179
95,186,179
95,186,179
95,186,179
95,186,179
95,186,179
95,186,179
95,186,179
95,186,179
95,186,179
95,186,179
95,186,179
95,186,179
95,186,179
95,186,179
95,186,179
95,186,179
95,186,179
95,186,179
95,186,179
95,186,179
95,186,179
95,186,179
95,186,179
95,186,179
95,186,179
95,186,179
95,186,179
95,186,179
95,186,179
95,186,179
95,186,179
95,186,179
94,185,179
94,185,179
94,185,178
94,185,178
93,185,178
93,185,178
93,185,178
93,185,178
93,185,178
93,185,178
93,185,178
92,184,178
92,184,178
92,184,178
92,184,178
92,184,178
91,184,178
91,184,178
91,184,178
91,184,178
91,184,178
91,184,178
91,184,177
91,184,177
90,183,177
93,185,179
93,185,178
93,185,178
93,185,178
93,185,178
93,185,178
92,185,178
92,184,178
92,185,178
92,185,178
92,185,177
92,185,177
92,185,177
92,185,177
92,185,177
93,185,178
93,185,178
92,185,178
92,185,178
92,185,178
92,185,178
92,185,178
92,185,178
92,185,178
92,185,178
92,185,178
92,185,178
92,185,178
92,185,178
92,185,178
92,185,178
92,185,178
92,185,178
92,185,178
92,185,178
92,185,178
93,185,178
93,185,178
93,185,178
93,185,178
93,185,179
93,185,178
93,185,178
93,185,178
93,185,178
93,185,178
93,185,178
93,185,178
93,185,178
92,185,178
92,185,178
92,185,178
92,185,178
92,185,178
92,185,178
93,185,179
93,185,179
93,185,179
93,185,178
94,185,178
94,185,178
94,185,178
94,185,179
94,185,179
95,186,179
95,186,179
95,186,179
95,186,179
95,186,179
95,186,179
95,186,179
95,186,179
95,186,179
95,186,179
95,186,179
95,186,179
95,186,179
95,186,179
95,186,179
95,186,179
95,186,179
95,186,179
95,186,179
95,186,179
95,186,179
95,186,179
95,186,179
95,186,179
95,186,179
95,186,179
95,186,179
95,186,179
95,186,179
95,186,179
95,186,179
95,186,179
95,186,179
95,186,179
95,186,179
95,186,179
94,185,178
94,185,178
94,185,178
94,185,178
94,185,178
95,186,179
95,186,179
95,186,179
95,186,179
95,186,179
95,186,179
95,186,179
95,186,179
95,186,179
95,186,179
95,186,179
95,186,179
94,185,178
94,185,178
93,185,178
93,185,178
94,185,178
94,185,179
94,185,179
95,186,179
95,186,179
95,186,179
95,186,179
95,186,179
95,186,179
95,186,179
95,186,179
95,186,179
95,186,179
95,186,179
95,186,179
95,186,179
95,186,179
95,186,179
95,186,179
95,186,179
95,186,179
95,186,179
95,186,179
95,186,179
95,186,179
95,186,179
95,186,179
95,186,179
95,186,179
95,186,179
95,186,179
95,186,179
95,186,179
95,186,179
95,186,179
95,186,179
95,186,179
95,186,179
95,186,179
94,185,179
94,185,179
94,185,178
94,185,178
93,185,178
93,185,178
93,185,178
93,185,178
93,185,178
93,185,178
93,185,178
93,185,178
93,185,178
92,184,178
92,184,178
92,184,178
92,184,178
91,184,178
91,184,178
91,184,178
91,184,178
91,184,178
91,184,178
91,184,177
91,184,177
90,183,177
90,183,177
93,185,179
93,185,179
93,185,178
93,185,178
93,185,178
93,185,178
93,185,178
92,185,177
92,185,177
92,185,177
92,185,177
92,185,177
92,185,177
92,185,177
92,185,177
93,185,178
93,185,178
93,185,178
92,185,178
92,185,178
92,185,178
92,185,178
92,185,178
92,185,178
92,185,178
92,185,178
92,185,178
92,185,178
92,185,178
92,185,178
92,185,178
92,185,178
92,185,178
92,185,178
92,185,178
92,185,178
92,185,178
93,185,178
93,185,178
93,185,178
93,185,178
93,185,178
93,185,178
93,185,178
93,185,178
93,185,178
93,185,178
93,185,178
93,185,178
92,185,178
92,185,178
92,185,178
92,185,178
92,185,178
93,185,179
93,185,179
93,186,178
94,185,177
94,185,177
94,185,178
94,185,179
94,185,179
94,185,179
95,186,179
95,186,179
95,186,179
95,186,179
95,186,179
95,186,179
95,186,179
95,186,179
95,186,179
95,186,179
95,186,179
95,186,179
95,186,179
95,186,179
95,186,179
95,186,179
95,186,179
95,186,179
95,186,179
95,186,179
95,186,179
95,186,179
95,186,179
95,186,179
95,186,179
95,186,179
95,186,179
95,186,179
95,186,179
95,186,179
95,186,179
95,186,179
95,186,179
95,186,179
95,186,179
95,186,179
95,186,179
95,186,179
94,185,178
94,185,178
94,185,178
94,185,178
95,186,179
95,186,179
95,186,179
95,186,179
95,186,179
95,186,179
95,186,179
95,186,179
95,186,179
95,186,179
95,186,179
95,186,179
95,186,179
94,185,178
93,185,178
93,185,178
93,185,178
93,185,178
94,185,179
95,186,179
95,186,179
95,186,179
95,186,179
95,186,179
95,186,179
95,186,179
95,186,179
95,186,179
95,186,179
95,186,179
95,186,179
95,186,179
95,186,179
95,186,179
95,186,179
95,186,179
95,186,179
95,186,179
95,186,179
95,186,179
95,186,179
95,186,179
95,186,179
95,186,179
95,186,179
95,186,179
95,186,179
95,186,179
95,186,179
95,186,179
95,186,179
95,186,179
95,186,179
95,186,179
95,186,179
94,185,179
94,185,178
94,185,178
94,185,178
93,185,178
93,185,178
93,185,178
93,185,178
93,185,178
93,185,178
93,185,178
93,185,178
93,185,178
93,185,178
93,185,178
93,185,178
92,184,178
92,184,178
91,184,178
91,184,178
91,184,178
91,184,178
91,184,178
91,184,177
91,184,177
90,183,177
90,183,177
93,185,179
93,185,179
93,185,179
93,185,178
93,185,178
93,185,178
93,185,178
93,185,178
93,185,178
93,185,178
92,185,177
92,185,177
92,185,177
92,185,178
92,185,177
92,185,177
93,185,178
93,185,178
93,185,178
92,185,178
92,185,178
92,185,178
92,185,178
92,185,178
92,185,178
92,185,178
92,185,178
92,185,178
92,185,178
92,185,178
92,184,178
92,184,178
92,185,178
92,185,178
92,185,178
92,185,178
92,185,178
92,185,178
92,185,178
93,185,178
93,185,178
93,185,178
93,185,178
93,185,178
93,185,178
93,185,178
93,185,178
93,185,178
93,185,178
92,185,178
92,185,178
92,185,178
92,185,178
92,185,178
93,185,179
93,186,178
94,185,179
94,185,179
94,185,178
94,185,178
94,185,178
94,185,179
94,185,179
95,186,179
95,186,179
95,186,179
95,186,179
95,186,179
95,186,179
95,186,179
95,186,179
95,186,179
95,186,179
95,186,179
95,186,179
95,186,179
95,186,178
95,186,178
95,186,178
95,186,178
94,185,177
94,185,177
94,185,177
94,185,177
95,186,178
95,186,178
95,186,178
95,186,178
95,186,179
95,186,179
95,186,179
95,186,179
95,186,179
95,186,179
95,186,179
95,186,179
95,186,179
95,186,179
95,186,179
95,186,179
95,186,179
95,186,179
95,186,179
95,186,179
95,186,178
95,186,178
95,186,179
95,186,179
95,186,179
95,186,179
95,186,179
95,186,179
95,186,179
95,186,179
95,186,179
95,186,179
95,186,179
95,186,179
95,186,179
94,185,178
94,185,178
93,185,178
93,185,178
93,185,178
93,185,178
95,186,179
95,186,179
95,186,179
95,186,179
95,186,179
95,186,179
95,186,179
96,187,179
96,187,179
96,187,179
96,187,179
95,186,179
95,186,179
95,186,179
95,186,179
95,186,179
95,186,179
95,186,179
95,186,179
95,186,179
95,186,179
95,186,179
95,186,179
95,186,179
95,186,179
95,186,179
95,186,179
95,186,179
95,186,179
95,186,179
95,186,179
95,186,179
95,186,179
95,186,179
95,186,179
95,186,179
94,185,178
94,185,178
94,185,178
94,185,178
93,185,178
93,185,178
93,185,178
93,185,178
93,185,178
93,185,178
93,185,178
93,185,178
93,185,178
93,185,178
93,185,178
93,185,178
93,185,178
93,185,178
91,184,178
91,184,178
91,184,178
91,184,178
91,184,178
91,184,178
91,184,177
90,183,177
90,183,177
90,183,177
93,185,178
93,185,179
93,185,179
93,185,178
93,185,178
93,185,178
93,185,178
93,185,178
93,185,178
93,185,178
93,185,178
92,185,178
92,185,178
92,185,178
92,185,178
92,185,178
93,185,178
93,185,178
93,185,178
92,185,178
92,185,178
92,185,178
92,185,178
92,185,178
92,185,178
92,185,178
92,185,178
92,185,178
92,184,178
92,184,178
92,184,178
92,184,178
92,184,178
92,184,178
92,185,178
92,185,178
92,185,178
92,185,178
92,185,178
93,185,178
93,185,178
93,185,178
93,185,178
93,185,178
93,185,178
93,185,178
93,185,178
93,185,178
93,185,178
92,185,177
92,185,178
93,185,178
93,185,179
93,185,179
93,185,179
94,185,179
94,185,179
94,185,179
94,185,178
95,186,178
95,186,178
95,186,178
95,186,179
95,186,179
95,186,179
95,186,179
95,186,179
95,186,179
95,186,179
95,186,179
95,186,179
95,186,179
95,186,179
95,186,179
95,186,179
95,186,178
95,186,178
95,186,178
94,185,178
94,185,177
94,185,177
94,185,177
94,185,177
93,185,178
94,185,177
95,186,178
95,186,178
95,186,178
95,186,178
95,186,179
95,186,179
95,186,179
95,186,179
95,186,179
95,186,179
95,186,179
95,186,179
95,186,179
95,186,179
95,186,179
95,186,179
95,186,179
95,186,179
95,186,178
95,186,178
95,186,178
95,186,178
94,185,179
94,185,179
95,186,179
95,186,179
95,186,179
95,186,179
95,186,179
95,186,179
95,186,179
95,186,179
95,186,179
95,186,179
95,186,179
93,185,178
93,185,179
93,185,179
93,185,178
93,185,178
94,185,179
95,186,179
95,186,179
95,186,179
95,186,179
95,186,179
96,187,179
96,187,179
96,187,179
96,187,179
96,187,179
96,187,179
95,186,179
95,186,179
95,186,179
95,186,179
95,186,179
95,186,179
95,186,179
95,186,179
95,186,179
95,186,179
95,186,179
95,186,179
95,186,179
95,186,179
95,186,179
95,186,179
95,186,179
95,186,179
95,186,179
95,186,179
95,186,179
95,186,179
95,186,179
94,185,179
94,185,178
94,185,178
94,185,178
93,185,178
93,185,178
93,185,178
93,185,178
93,185,178
93,185,178
93,185,178
93,185,178
93,185,178
93,185,178
93,185,178
93,185,178
93,185,178
93,185,178
92,184,178
92,184,178
91,184,178
91,184,178
91,184,178
91,184,178
91,184,178
91,184,177
90,183,177
90,183,177
90,183,177
93,185,178
93,185,178
93,185,178
93,185,178
93,185,178
93,185,178
93,185,178
93,185,178
93,185,178
93,185,178
93,185,178
92,185,178
92,185,178
92,185,178
92,185,178
92,185,178
92,185,178
93,185,178
92,185,178
92,185,178
92,185,178
92,185,178
92,185,178
92,185,178
92,185,178
92,185,178
92,185,178
92,184,178
92,184,178
92,184,178
92,184,178
92,184,178
92,184,178
92,184,178
92,185,178
92,185,178
92,185,178
92,185,178
92,185,178
93,185,178
93,185,178
93,185,178
93,185,178
93,185,178
93,185,178
93,185,178
93,185,178
93,185,178
92,185,177
92,185,177
92,185,178
92,185,178
93,185,179
93,185,179
94,185,179
94,185,179
94,185,179
95,186,179
95,186,178
95,186,178
95,186,178
95,186,178
95,186,179
95,186,179
95,186,179
95,186,179
95,186,179
95,186,179
95,186,179
95,186,179
95,186,179
95,186,179
95,186,179
95,186,179
95,186,179
95,186,178
94,185,178
94,185,178
94,185,177
94,185,177
94,185,177
94,185,177
93,185,178
93,185,178
94,185,177
94,185,177
95,186,178
95,186,178
95,186,178
95,186,179
95,186,179
95,186,179
95,186,179
95,186,179
95,186,179
95,186,179
95,186,179
95,186,179
95,186,179
95,186,179
95,186,179
95,186,179
95,186,178
95,186,178
95,186,178
95,186,178
94,185,178
94,185,178
94,185,179
94,185,179
95,186,179
95,186,179
95,186,179
95,186,179
95,186,179
95,186,179
95,186,179
95,186,179
95,186,179
95,186,179
93,185,179
93,185,179
93,185,179
93,185,179
93,185,178
93,185,178
95,186,179
95,186,179
95,186,179
95,186,179
95,186,179
96,187,179
96,187,179
96,187,179
96,187,179
96,187,179
96,187,179
95,186,179
95,186,179
95,186,179
95,186,179
95,186,179
95,186,179
95,186,179
95,186,179
95,186,179
95,186,179
95,186,179
95,186,179
95,186,179
95,186,179
95,186,179
95,186,179
95,186,179
95,186,179
95,186,179
95,186,179
95,186,179
95,186,179
95,186,179
94,185,178
94,185,178
94,185,178
93,185,178
93,185,178
93,185,178
93,185,178
93,185,178
93,185,178
93,185,178
93,185,178
93,185,178
93,185,178
93,185,178
93,185,178
93,185,178
93,185,178
93,185,178
92,184,178
92,184,178
92,184,178
92,184,178
91,184,178
91,184,178
91,184,178
91,184,178
90,183,177
90,183,177
90,183,177
94,185,178
94,185,178
93,185,178
93,185,178
93,185,178
93,185,178
93,185,178
93,185,178
93,185,178
93,185,178
93,185,178
93,185,178
93,185,178
92,185,178
92,185,178
92,185,178
92,185,178
92,185,178
92,185,178
92,185,178
92,185,178
92,185,178
92,185,178
92,185,178
92,185,178
92,185,178
92,185,178
92,185,178
92,185,178
92,184,178
92,184,178
92,184,178
92,184,178
92,184,178
92,184,178
92,185,178
92,185,178
92,185,178
92,185,178
93,185,178
93,185,178
93,185,178
93,185,178
93,185,178
93,185,178
93,185,178
93,185,178
93,185,178
93,185,178
92,185,177
92,185,177
92,185,178
92,185,178
93,185,179
93,185,179
94,185,179
95,186,179
95,186,179
95,186,179
95,186,178
95,186,178
95,186,178
95,186,178
95,186,179
95,186,179
95,186,179
95,186,179
95,186,179
95,186,179
95,186,179
95,186,179
95,186,179
95,186,179
95,186,179
95,186,179
95,186,179
95,186,179
94,185,178
94,185,178
94,185,177
94,185,177
94,185,177
94,185,177
94,185,177
94,185,177
94,185,177
94,185,177
95,186,178
95,186,178
95,186,179
95,186,179
95,186,179
95,186,179
95,186,179
95,186,179
95,186,179
95,186,179
95,186,179
95,186,179
95,186,179
95,186,179
95,186,179
95,186,179
95,186,178
95,186,178
95,186,178
95,186,178
94,185,178
94,185,178
94,185,179
94,185,179
94,185,179
95,186,179
95,186,179
95,186,179
95,186,179
95,186,179
95,186,179
95,186,179
95,186,179
95,186,179
93,185,179
93,185,179
93,185,179
93,185,179
93,185,179
94,185,179
95,186,179
95,186,179
95,186,179
95,186,179
95,186,179
95,186,179
96,187,179
96,187,179
96,187,179
96,187,179
95,186,179
95,186,179
95,186,179
95,186,179
95,186,179
95,186,179
95,186,179
95,186,179
95,186,179
95,186,179
95,186,179
95,186,179
95,186,179
95,186,179
95,186,179
95,186,179
95,186,179
95,186,179
95,186,179
95,186,179
95,186,179
95,186,179
95,186,179
95,186,179
95,186,179
94,185,178
94,185,178
93,185,178
93,185,178
93,185,178
93,185,178
93,185,178
93,185,178
93,185,178
93,185,178
93,185,178
93,185,178
93,185,178
93,185,178
93,185,178
93,185,178
93,185,178
92,184,178
92,184,178
92,184,178
92,184,178
92,184,178
91,184,178
91,184,178
91,184,178
91,184,177
90,183,177
90,183,177
90,183,177
94,185,178
94,185,178
93,185,178
93,185,179
93,185,178
93,185,178
93,185,178
93,185,178
93,185,178
92,185,178
92,185,178
93,185,178
93,185,178
93,185,178
93,185,178
92,185,178
92,185,178
92,185,178
92,185,178
92,185,178
92,185,178
92,185,178
92,185,178
92,185,178
92,185,178
92,185,178
92,185,178
92,185,178
92,184,178
92,184,178
92,184,178
92,184,178
92,184,178
92,184,178
92,185,178
92,185,178
92,185,178
92,185,178
92,185,178
92,185,178
93,185,178
93,185,178
93,185,179
93,185,178
93,185,178
93,185,178
93,185,178
93,185,178
93,185,178
92,185,177
92,185,178
92,185,178
93,185,179
93,185,179
93,185,179
94,185,179
95,186,179
95,186,179
95,186,179
95,186,179
95,186,179
95,186,179
95,186,179
95,186,179
95,186,179
95,186,179
95,186,179
95,186,179
95,186,179
95,186,179
95,186,179
95,186,179
95,186,179
95,186,179
95,186,179
95,186,179
95,186,179
95,186,179
94,185,179
94,185,179
94,185,178
94,185,178
94,185,178
94,185,178
94,185,178
94,185,178
95,186,179
95,186,179
95,186,179
95,186,179
95,186,179
95,186,179
95,186,179
95,186,179
95,186,179
95,186,179
95,186,179
95,186,179
95,186,179
95,186,179
95,186,179
95,186,179
95,186,179
95,186,178
95,186,178
95,186,178
95,186,178
94,185,178
94,185,178
94,185,179
94,185,179
94,185,179
95,186,179
95,186,179
95,186,179
95,186,179
95,186,179
95,186,179
95,186,179
95,186,179
95,186,179
94,185,179
93,185,179
93,185,179
93,185,179
93,186,178
94,185,179
95,186,179
95,186,179
95,186,179
95,186,179
95,186,179
95,186,179
95,186,179
95,186,179
95,186,179
95,186,179
95,186,179
95,186,179
95,186,179
95,186,179
95,186,179
95,186,179
95,186,179
95,186,179
95,186,179
95,186,179
95,186,179
95,186,179
95,186,179
95,186,179
95,186,179
95,186,179
95,186,179
95,186,179
95,186,179
95,186,179
95,186,179
95,186,179
95,186,179
95,186,179
95,186,179
94,185,178
94,185,178
94,185,178
93,185,178
93,185,178
93,185,178
93,185,178
93,185,178
93,185,178
93,185,178
93,185,178
93,185,178
93,185,178
93,185,178
93,185,178
93,185,178
93,185,178
92,184,178
92,184,178
92,184,178
92,184,178
92,184,178
91,184,178
91,184,178
91,184,178
91,184,177
91,184,177
90,183,177
90,183,177
94,185,178
93,185,178
93,185,178
93,185,179
93,185,178
93,185,178
93,185,178
93,185,178
92,185,178
92,185,178
92,185,178
92,185,178
93,185,178
93,185,178
93,185,178
92,185,178
92,185,178
92,185,178
92,185,178
92,185,178
92,185,178
92,185,178
92,185,178
92,185,178
92,185,178
92,185,178
92,185,178
92,185,178
92,185,178
92,184,178
92,184,178
92,184,178
92,184,178
92,184,178
92,184,178
92,185,178
92,185,178
92,185,178
92,185,178
92,185,178
93,185,178
93,185,179
93,185,179
93,185,178
93,185,178
93,185,178
93,185,178
93,185,178
93,185,178
93,185,179
92,185,178
92,185,178
93,185,179
93,185,179
94,185,179
94,185,179
95,186,179
95,186,179
95,186,179
95,186,179
95,186,179
95,186,179
95,186,179
95,186,179
95,186,179
95,186,179
95,186,179
95,186,179
95,186,179
95,186,179
95,186,179
95,186,179
95,186,179
95,186,179
95,186,179
95,186,179
95,186,179
95,186,179
95,186,179
94,185,179
94,185,179
94,185,178
94,185,178
94,185,178
94,185,178
95,186,179
95,186,179
95,186,179
95,186,179
95,186,179
95,186,179
95,186,179
95,186,179
95,186,179
95,186,179
95,186,179
95,186,179
95,186,179
95,186,179
95,186,179
95,186,179
95,186,179
95,186,179
95,186,178
95,186,178
95,186,178
94,185,178
94,185,178
94,185,178
94,185,179
94,185,179
94,185,179
95,186,179
95,186,179
95,186,179
95,186,179
95,186,179
95,186,179
95,186,179
95,186,179
95,186,179
94,185,179
94,185,179
93,185,179
94,185,179
94,185,179
95,186,179
95,186,179
95,186,179
95,186,179
95,186,179
95,186,179
95,186,179
95,186,179
95,186,179
95,186,179
95,186,179
95,186,179
95,186,179
95,186,179
95,186,179
95,186,179
95,186,179
95,186,179
95,186,179
95,186,179
95,186,179
95,186,179
95,186,179
95,186,179
95,186,179
95,186,179
95,186,179
95,186,179
95,186,179
95,186,179
95,186,179
95,186,179
95,186,179
95,186,179
95,186,179
95,186,179
95,186,179
94,185,178
94,185,178
93,185,178
93,185,178
93,185,178
93,185,178
93,185,178
93,185,178
93,185,178
93,185,178
93,185,178
93,185,178
93,185,178
93,185,178
93,185,178
93,185,178
92,184,178
92,184,178
92,184,178
92,184,177
92,184,178
92,184,178
91,184,178
91,184,178
91,184,178
91,184,177
91,184,177
90,183,177
93,185,178
93,185,178
93,185,178
93,185,178
93,185,179
93,185,178
93,185,178
93,185,178
93,185,178
93,185,178
92,185,178
92,185,178
93,185,178
93,185,178
93,185,178
93,185,178
92,185,178
92,185,178
92,185,178
92,185,178
92,185,178
92,185,178
92,185,178
92,185,178
92,185,178
92,185,178
92,185,178
92,185,178
92,185,178
92,185,178
92,184,178
92,184,178
92,184,178
92,184,178
92,184,178
92,184,178
92,185,178
92,185,178
92,185,178
92,185,178
92,185,178
92,185,178
92,185,178
92,185,178
93,185,178
93,185,178
93,185,178
93,185,178
93,185,178
93,185,178
93,185,179
93,185,179
93,185,179
93,185,179
93,185,179
94,185,179
95,186,179
95,186,179
95,186,179
95,186,179
95,186,179
95,186,179
95,186,179
95,186,179
95,186,179
95,186,179
95,186,179
95,186,179
95,186,179
95,186,179
95,186,179
95,186,179
95,186,179
95,186,179
95,186,179
95,186,179
95,186,179
95,186,179
95,186,179
95,186,179
95,186,179
95,186,179
95,186,179
95,186,179
95,186,179
95,186,179
95,186,179
95,186,179
95,186,179
95,186,179
95,186,179
95,186,179
95,186,179
95,186,179
95,186,179
95,186,179
95,186,179
95,186,179
95,186,179
95,186,179
95,186,179
95,186,179
95,186,179
95,186,179
95,186,178
95,186,178
94,185,178
94,185,178
94,185,178
94,185,178
94,185,179
94,185,179
95,186,179
95,186,179
95,186,179
95,186,179
95,186,179
95,186,179
95,186,179
95,186,179
95,186,179
95,186,179
95,186,179
95,186,179
94,185,179
94,185,179
95,186,179
95,186,179
95,186,179
95,186,179
95,186,179
95,186,179
95,186,179
95,186,179
95,186,179
95,186,179
95,186,179
95,186,179
95,186,179
95,186,179
95,186,179
95,186,179
95,186,179
95,186,179
95,186,179
95,186,179
95,186,179
95,186,179
95,186,179
95,186,179
95,186,179
95,186,179
95,186,179
95,186,179
95,186,179
95,186,179
95,186,179
95,186,179
95,186,179
95,186,179
95,186,179
95,186,179
95,186,179
95,186,179
95,186,179
94,185,178
94,185,178
94,185,178
94,185,178
94,185,178
94,185,178
94,185,178
93,185,178
93,185,178
94,185,178
94,185,178
94,185,178
94,185,178
93,185,178
93,185,178
93,185,178
93,185,178
93,185,178
92,184,177
92,184,178
92,184,178
91,184,178
91,184,178
91,184,177
91,184,177
91,184,177
91,184,177
90,183,177
93,185,178
93,185,178
93,185,178
93,185,179
93,185,179
93,185,178
93,185,178
93,185,178
93,185,178
93,185,178
93,185,178
93,185,178
93,185,178
93,185,178
92,185,178
92,185,178
92,185,178
92,185,178
92,185,178
92,185,178
92,185,178
92,185,178
92,185,178
92,185,178
92,185,178
92,185,178
92,185,178
92,185,178
92,185,178
92,185,178
92,184,178
92,184,178
92,184,178
92,184,178
92,184,178
92,184,178
92,185,178
92,185,178
92,185,178
92,185,178
92,185,178
92,185,178
92,185,178
92,185,178
93,185,178
93,185,178
93,185,178
93,185,178
93,185,178
93,185,178
93,185,179
93,185,178
93,185,179
93,185,179
93,186,178
95,186,179
95,186,179
95,186,179
95,186,179
95,186,179
95,186,179
95,186,179
95,186,179
95,186,179
95,186,179
95,186,179
95,186,179
95,186,179
95,186,179
95,186,179
95,186,179
95,186,179
95,186,179
95,186,179
95,186,179
95,186,179
95,186,179
95,186,179
95,186,179
95,186,179
95,186,179
95,186,179
95,186,179
95,186,179
95,186,179
95,186,179
95,186,179
95,186,179
95,186,179
95,186,179
95,186,179
95,186,179
95,186,179
95,186,179
95,186,179
95,186,179
95,186,179
95,186,179
95,186,179
95,186,179
95,186,179
95,186,179
95,186,179
95,186,179
95,186,178
94,185,177
94,185,178
94,185,178
94,185,178
94,185,178
94,185,179
95,186,179
95,186,179
95,186,179
95,186,179
95,186,179
95,186,179
95,186,179
95,186,179
95,186,179
95,186,179
95,186,179
95,186,179
95,186,179
95,186,179
95,186,179
95,186,179
95,186,179
95,186,179
95,186,179
95,186,179
95,186,179
95,186,179
95,186,179
95,186,179
95,186,179
95,186,179
95,186,179
95,186,179
95,186,179
95,186,179
95,186,179
95,186,179
95,186,179
95,186,179
95,186,179
95,186,179
95,186,179
95,186,179
95,186,179
95,186,179
95,186,179
95,186,179
95,186,179
95,186,179
95,186,179
95,186,179
95,186,179
95,186,179
95,186,179
95,186,179
95,186,179
95,186,179
95,186,179
95,186,179
95,186,179
94,185,178
94,185,178
94,185,178
94,185,178
94,185,178
94,185,178
94,185,178
94,185,178
94,185,178
94,185,178
94,185,178
94,185,178
93,185,178
93,185,178
93,185,178
93,185,178
93,185,178
93,185,178
93,185,178
92,184,178
92,184,178
92,184,178
91,184,177
91,184,177
91,184,177
91,184,178
91,184,177
93,185,178
93,185,178
93,185,178
93,185,179
93,185,179
93,185,178
93,185,178
93,185,178
93,185,178
93,185,178
93,185,178
93,185,178
93,185,178
92,185,178
92,185,178
92,185,178
92,185,178
92,185,178
92,185,178
92,185,178
92,185,178
92,185,178
92,185,178
92,185,178
92,185,178
92,185,178
92,185,178
92,185,178
92,185,178
92,185,178
92,184,178
92,184,178
92,184,178
92,184,178
92,184,178
92,184,178
93,185,178
93,185,178
93,185,178
92,185,178
92,185,178
92,185,178
92,185,178
93,185,178
93,185,178
93,185,178
93,185,178
93,185,178
93,185,178
93,185,178
93,185,178
93,185,179
93,185,179
93,186,178
95,186,179
95,186,179
95,186,179
95,186,179
95,186,179
95,186,179
95,186,179
95,186,179
95,186,179
95,186,179
95,186,179
95,186,179
95,186,179
95,186,179
95,186,179
95,186,179
95,186,179
95,186,179
95,186,179
95,186,179
95,186,179
95,186,179
95,186,179
95,186,179
95,186,179
95,186,179
95,186,179
95,186,179
95,186,179
95,186,179
95,186,179
95,186,179
95,186,179
95,186,179
95,186,179
95,186,179
95,186,179
95,186,179
95,186,179
95,186,179
95,186,179
95,186,179
95,186,179
95,186,179
95,186,179
95,186,179
95,186,179
95,186,179
95,186,179
94,185,178
94,185,177
94,185,177
94,185,177
94,185,178
94,185,178
94,185,178
95,186,179
95,186,179
95,186,179
95,186,179
95,186,179
95,186,179
95,186,179
95,186,179
95,186,179
95,186,179
95,186,179
95,186,179
95,186,179
95,186,179
95,186,179
95,186,179
95,186,179
95,186,179
95,186,179
95,186,179
95,186,179
95,186,179
95,186,179
95,186,179
95,186,179
95,186,179
95,186,179
95,186,179
95,186,179
95,186,179
95,186,179
95,186,179
95,186,179
95,186,179
95,186,179
95,186,179
95,186,179
95,186,179
95,186,179
95,186,179
95,186,179
95,186,179
95,186,179
95,186,179
95,186,179
95,186,179
95,186,179
95,186,179
95,186,179
95,186,179
95,186,179
95,186,179
95,186,179
95,186,179
95,186,179
95,186,179
95,186,179
94,185,178
94,185,178
94,185,178
94,185,178
94,185,178
94,185,178
94,185,178
94,185,178
94,185,178
94,185,178
94,185,178
94,185,178
94,185,178
93,185,178
93,185,178
93,185,178
93,185,178
93,185,178
92,184,178
92,184,178
92,184,178
92,184,178
91,184,177
91,184,177
91,184,178
91,184,178
93,185,178
93,185,178
93,185,178
93,185,178
93,185,179
93,185,178
93,185,178
93,185,178
93,185,178
93,185,178
93,185,178
93,185,178
93,185,178
92,185,178
92,185,178
92,185,178
92,185,178
92,185,178
92,185,178
92,185,178
92,185,178
92,185,178
92,185,178
92,185,178
92,185,178
92,185,178
92,185,178
92,185,178
92,185,178
92,185,178
93,185,178
92,184,178
92,184,178
92,184,178
92,184,178
92,184,178
93,185,178
93,185,178
93,185,178
92,185,178
92,185,178
92,185,178
93,185,178
93,185,178
93,185,178
93,185,178
93,185,178
93,185,178
93,185,178
93,185,178
93,185,178
93,185,178
94,185,179
95,186,179
95,186,179
95,186,179
95,186,179
95,186,179
95,186,179
95,186,179
95,186,179
95,186,179
95,186,179
95,186,179
95,186,179
95,186,179
95,186,179
95,186,179
95,186,179
95,186,179
95,186,179
95,186,179
95,186,179
95,186,179
95,186,179
95,186,179
95,186,179
95,186,179
95,186,179
95,186,179
95,186,179
95,186,179
95,186,179
95,186,179
95,186,179
95,186,179
95,186,179
95,186,179
95,186,179
95,186,179
95,186,179
95,186,179
95,186,179
95,186,179
95,186,179
95,186,179
95,186,179
95,186,179
95,186,179
95,186,179
95,186,179
95,186,179
94,185,178
94,185,178
94,185,177
94,185,177
94,185,178
94,185,178
94,185,178
95,186,178
95,186,179
95,186,179
95,186,179
95,186,179
95,186,179
95,186,179
95,186,179
95,186,179
95,186,179
95,186,179
95,186,179
95,186,179
95,186,179
95,186,179
95,186,179
95,186,179
95,186,179
95,186,179
95,186,179
96,186,180
96,187,179
96,187,179
95,186,179
95,186,179
95,186,179
95,186,179
95,186,179
95,186,179
95,186,179
95,186,179
95,186,179
95,186,179
95,186,179
95,186,179
95,186,179
95,186,179
95,186,179
95,186,179
95,186,179
95,186,179
95,186,179
95,186,179
95,186,179
95,186,179
95,186,179
95,186,179
95,186,179
95,186,179
95,186,179
95,186,179
95,186,179
95,186,179
95,186,179
95,186,179
95,186,179
95,186,179
95,186,179
95,186,179
95,186,179
94,185,178
94,185,178
94,185,178
94,185,178
94,185,178
94,185,178
94,185,178
94,185,178
94,185,178
94,185,178
94,185,178
93,185,178
93,185,178
93,185,178
93,185,178
93,185,178
93,185,178
92,184,178
92,184,178
92,184,178
92,184,178
92,184,178
91,184,178
91,184,178
93,185,178
93,185,178
93,185,178
93,185,178
93,185,178
93,185,179
93,185,178
93,185,178
93,185,178
93,185,178
93,185,178
93,185,178
93,185,178
93,185,178
93,185,178
92,185,178
92,185,178
92,185,178
92,185,178
92,185,178
92,185,178
92,185,178
93,185,178
92,185,178
92,185,178
92,185,178
92,185,178
92,185,178
92,185,178
92,185,178
93,185,178
93,185,178
92,185,178
92,184,178
92,184,178
92,184,178
92,185,178
92,185,177
93,185,178
93,185,178
93,185,179
93,185,179
93,185,178
93,185,178
93,185,178
93,185,178
93,185,178
93,185,178
93,185,178
93,185,178
93,185,178
94,185,178
95,186,179
95,186,179
95,186,179
95,186,179
95,186,179
95,186,179
95,186,179
95,186,179
95,186,179
95,186,179
95,186,179
95,186,179
95,186,179
95,186,179
95,186,179
95,186,179
95,186,179
95,186,179
95,186,179
95,186,179
95,186,179
95,186,179
95,186,179
95,186,179
95,186,179
95,186,179
95,186,179
95,186,179
95,186,179
95,186,179
95,186,179
95,186,179
95,186,179
95,186,179
95,186,179
95,186,179
95,186,179
95,186,179
95,186,179
95,186,179
95,186,179
95,186,179
95,186,179
95,186,179
95,186,179
95,186,179
95,186,179
95,186,179
95,186,179
95,186,179
94,185,178
94,185,178
94,185,178
94,185,178
93,185,178
93,185,178
94,185,178
94,185,178
95,186,178
95,186,179
95,186,179
95,186,179
95,186,179
95,186,179
95,186,179
95,186,179
95,186,179
95,186,179
95,186,179
95,186,179
95,186,179
95,186,179
95,186,179
95,186,179
95,186,179
95,186,179
95,186,179
95,186,179
96,187,179
96,187,179
96,187,179
96,187,179
95,186,179
95,186,179
95,186,179
95,186,179
95,186,179
95,186,179
95,186,179
95,186,179
95,186,179
95,186,179
95,186,179
95,186,179
95,186,179
95,186,179
95,186,179
95,186,179
95,186,179
95,186,179
95,186,179
95,186,179
95,186,179
95,186,179
95,186,179
95,186,179
95,186,179
95,186,179
95,186,179
95,186,179
95,186,179
95,186,179
95,186,179
95,186,179
95,186,179
95,186,179
95,186,179
95,186,179
95,186,179
95,186,179
95,186,179
95,186,179
95,186,179
95,186,179
95,186,179
95,186,179
95,186,179
94,185,178
94,185,178
93,185,178
93,185,178
93,185,178
92,185,177
92,185,177
92,185,177
92,184,178
92,184,178
92,184,178
92,184,178
92,184,178
91,184,178
91,184,178
91,184,178
93,185,178
93,185,178
93,185,178
93,185,178
93,185,179
93,185,179
93,185,178
93,185,178
93,185,178
93,185,178
93,185,178
93,185,178
93,185,178
93,185,178
92,185,178
92,185,178
92,185,178
92,185,178
92,185,178
92,185,178
92,185,178
92,185,178
92,185,178
92,185,178
92,185,178
92,185,178
92,185,178
92,185,178
92,185,178
93,185,178
93,185,178
93,185,178
93,185,178
92,185,178
92,185,178
92,185,178
92,185,177
93,185,178
93,185,178
93,185,178
93,185,178
93,185,178
93,185,178
93,185,178
93,185,178
93,185,178
93,185,178
93,185,178
94,185,178
94,185,178
95,186,179
95,186,179
95,186,179
95,186,179
95,186,179
95,186,179
95,186,179
95,186,179
95,186,179
95,186,179
95,186,179
95,186,179
95,186,179
95,186,179
95,186,179
95,186,179
95,186,179
95,186,179
95,186,179
95,186,179
95,186,179
95,186,179
95,186,179
95,186,179
94,185,178
94,185,178
95,186,179
95,186,179
95,186,179
95,186,179
95,186,179
95,186,179
95,186,179
95,186,179
95,186,179
95,186,179
95,186,179
95,186,179
95,186,179
95,186,179
95,186,179
95,186,179
95,186,179
95,186,179
95,186,179
95,186,179
95,186,179
95,186,179
95,186,179
95,186,179
95,186,179
94,185,178
94,185,178
94,185,178
94,185,178
94,185,178
93,185,179
93,185,178
94,185,178
94,185,178
95,186,178
95,186,179
95,186,179
95,186,179
95,186,179
95,186,179
95,186,179
95,186,179
95,186,179
95,186,179
95,186,179
95,186,179
95,186,179
95,186,179
95,186,179
95,186,179
95,186,179
95,186,179
95,186,179
96,187,179
96,187,179
96,187,179
96,187,179
96,187,179
96,187,179
95,186,179
95,186,179
95,186,179
95,186,179
95,186,179
95,186,179
95,186,179
95,186,179
95,186,179
95,186,179
95,186,179
95,186,179
95,186,179
95,186,179
95,186,179
95,186,179
95,186,179
95,186,179
95,186,179
95,186,179
95,186,179
95,186,179
95,186,179
95,186,179
95,186,179
95,186,179
95,186,179
95,186,179
95,186,179
95,186,179
95,186,179
95,186,179
95,186,179
95,186,179
95,186,179
95,186,179
95,186,179
95,186,179
95,186,179
95,186,179
95,186,179
95,186,179
95,186,179
95,186,179
95,186,179
94,185,178
93,185,178
93,185,178
93,185,178
93,185,178
92,185,177
92,185,177
92,185,177
92,185,177
92,185,177
92,184,178
92,184,178
92,184,178
91,184,178
91,184,178
93,185,178
93,185,178
93,185,178
93,185,178
93,185,178
93,185,179
93,185,179
93,185,178
93,185,178
93,185,178
93,185,178
93,185,178
93,185,178
93,185,178
92,185,178
92,185,178
92,185,178
92,185,178
92,185,178
92,185,178
93,185,178
93,185,178
93,185,178
92,185,178
92,185,178
92,185,178
92,185,178
92,185,178
93,185,178
93,185,178
94,185,178
93,185,178
93,185,178
93,185,179
92,185,178
92,185,178
92,185,177
93,185,178
93,185,178
93,185,178
93,185,178
93,185,178
93,185,178
93,185,178
93,185,178
93,185,178
94,185,178
95,186,179
95,186,179
95,186,179
95,186,179
95,186,179
95,186,179
95,186,179
95,186,179
95,186,179
95,186,179
95,186,179
95,186,179
95,186,179
95,186,179
95,186,179
95,186,179
95,186,179
95,186,179
95,186,179
95,186,179
95,186,179
95,186,179
95,186,179
95,186,179
95,186,179
95,186,179
94,185,177
94,185,177
94,185,177
94,185,177
95,186,179
95,186,179
95,186,179
95,186,179
95,186,179
95,186,179
95,186,179
95,186,179
95,186,179
95,186,179
95,186,179
95,186,179
95,186,179
95,186,179
95,186,179
95,186,179
95,186,179
95,186,179
95,186,179
95,186,179
95,186,179
95,186,179
95,186,179
94,185,179
94,185,178
94,185,178
94,185,178
93,185,178
93,185,179
93,185,179
93,185,178
94,185,178
95,186,178
95,186,178
95,186,179
95,186,179
95,186,179
95,186,179
95,186,179
95,186,179
95,186,179
95,186,179
95,186,179
95,186,179
95,186,179
95,186,179
95,186,179
95,186,179
95,186,179
95,186,179
95,186,179
95,186,179
96,187,179
96,187,179
96,187,179
96,187,179
96,187,179
96,187,179
96,187,179
95,186,179
95,186,179
95,186,179
95,186,179
95,186,179
95,186,179
95,186,179
95,186,179
95,186,179
95,186,179
95,186,179
95,186,179
96,187,179
96,187,179
96,187,179
96,187,179
96,187,179
96,187,179
96,187,179
95,186,179
95,186,179
95,186,179
95,186,179
95,186,179
95,186,179
95,186,179
95,186,179
95,186,179
95,186,179
95,186,179
95,186,179
95,186,179
95,186,179
95,186,179
95,186,179
95,186,179
95,186,179
95,186,179
95,186,179
95,186,179
95,186,179
95,186,179
95,186,179
95,186,179
95,186,179
93,185,178
93,185,178
93,185,178
93,185,178
92,185,177
92,185,177
92,185,177
92,185,177
92,185,177
92,184,178
92,184,178
92,184,178
91,184,178
91,184,178
93,185,178
93,185,178
93,185,178
93,185,178
93,185,178
93,185,179
92,185,178
92,185,178
92,185,178
93,185,178
93,185,178
93,185,178
93,185,178
93,185,178
92,185,178
92,185,178
92,185,178
92,185,178
92,185,178
92,185,178
93,185,178
93,185,178
92,185,178
93,185,178
92,185,178
92,185,178
93,185,178
93,185,179
93,185,178
94,185,178
94,185,178
94,185,178
93,185,178
93,185,179
93,185,179
92,185,177
92,185,177
92,185,177
93,185,178
93,185,178
93,185,178
93,185,178
93,185,178
93,185,178
94,185,178
94,185,178
95,186,179
95,186,179
95,186,179
95,186,179
95,186,179
95,186,179
95,186,179
95,186,179
95,186,179
95,186,179
95,186,179
95,186,179
95,186,179
95,186,179
95,186,179
95,186,179
95,186,179
95,186,179
95,186,179
95,186,179
95,186,179
95,186,179
95,186,179
95,186,179
95,186,179
95,186,179
94,185,179
94,185,177
94,185,177
94,185,177
94,185,177
95,186,179
95,186,179
95,186,179
95,186,179
95,186,179
95,186,179
95,186,179
95,186,179
95,186,179
95,186,179
95,186,179
95,186,179
95,186,179
95,186,179
95,186,179
95,186,179
95,186,179
95,186,179
95,186,179
95,186,179
95,186,179
95,186,179
94,185,179
94,185,178
94,185,178
93,185,178
93,185,178
93,185,178
93,185,178
93,185,179
93,185,178
94,185,177
95,186,178
95,186,178
95,186,179
95,186,179
95,186,179
95,186,179
95,186,179
95,186,179
95,186,179
95,186,179
95,186,179
95,186,179
95,186,179
95,186,179
95,186,179
95,186,179
95,186,179
95,186,179
95,186,179
95,186,179
96,187,179
96,187,179
96,187,179
96,187,179
96,187,179
96,187,179
96,187,179
95,186,179
95,186,179
95,186,179
95,186,179
95,186,179
95,186,179
95,186,179
95,186,179
95,186,179
95,186,179
95,186,179
96,187,179
96,187,179
96,187,179
96,187,179
96,187,179
96,187,179
96,187,179
96,187,179
96,187,179
95,186,179
95,186,179
95,186,179
95,186,179
95,186,179
95,186,179
95,186,179
95,186,179
95,186,179
95,186,179
95,186,179
95,186,179
95,186,179
95,186,179
95,186,179
95,186,179
95,186,179
95,186,179
95,186,179
95,186,179
95,186,179
95,186,179
95,186,179
95,186,179
95,186,179
94,185,178
93,185,178
93,185,178
93,185,178
92,185,177
92,185,177
92,185,177
92,185,177
92,185,178
92,185,178
92,184,178
92,184,178
91,184,178
91,184,178
93,185,178
93,185,178
93,185,178
93,185,178
93,185,179
93,185,179
92,185,178
92,185,178
92,185,178
92,185,178
92,185,178
93,185,178
93,185,178
92,185,178
92,185,178
92,185,178
92,185,178
92,185,178
92,185,178
92,185,178
92,185,178
92,185,178
92,185,178
92,185,178
92,185,178
92,185,178
93,185,178
93,185,179
93,185,178
94,185,178
94,185,178
94,185,178
93,185,178
93,185,179
93,185,179
92,185,178
92,185,177
93,185,178
93,185,178
93,185,178
93,185,178
93,185,178
93,185,178
93,185,178
93,185,178
94,185,178
95,186,179
95,186,179
95,186,179
95,186,179
95,186,179
95,186,179
95,186,179
95,186,179
95,186,179
95,186,179
94,185,179
94,185,179
94,185,179
95,186,179
95,186,179
95,186,179
95,186,179
95,186,179
95,186,179
95,186,179
95,186,179
95,186,179
95,186,179
95,186,179
95,186,179
95,186,179
94,185,179
94,185,178
94,185,178
94,185,177
94,185,179
95,186,179
95,186,179
95,186,179
95,186,179
95,186,179
95,186,179
95,186,179
95,186,179
95,186,179
95,186,179
95,186,179
95,186,179
95,186,179
95,186,179
95,186,179
95,186,179
95,186,179
95,186,179
95,186,179
94,185,179
94,185,179
94,185,179
93,186,178
93,185,179
93,185,179
93,185,178
93,185,178
93,185,178
93,185,178
93,185,178
94,185,177
95,186,178
95,186,178
95,186,179
95,186,179
95,186,179
95,186,179
95,186,179
95,186,179
95,186,179
95,186,179
95,186,179
95,186,179
95,186,179
95,186,179
95,186,179
95,186,179
95,186,179
95,186,179
95,186,179
95,186,179
96,187,179
96,187,179
96,187,179
96,187,179
96,187,179
96,187,179
96,187,179
96,187,179
96,187,179
95,186,179
95,186,179
95,186,179
95,186,179
95,186,179
95,186,179
95,186,179
95,186,179
95,186,179
96,187,179
96,187,179
96,187,179
96,187,179
96,187,179
96,187,179
96,187,179
96,187,179
96,187,179
96,187,179
95,186,179
95,186,179
95,186,179
95,186,179
95,186,179
95,186,179
95,186,179
95,186,179
95,186,179
95,186,179
95,186,179
95,186,179
95,186,179
95,186,179
95,186,179
95,186,179
95,186,179
95,186,179
95,186,179
95,186,179
95,186,179
95,186,179
95,186,179
95,186,179
95,186,179
95,186,179
93,185,178
93,185,178
93,185,178
92,185,177
92,185,178
92,185,178
92,185,178
92,185,178
92,185,178
92,184,178
92,184,178
91,184,177
91,184,178
93,185,178
93,185,178
93,185,178
93,185,178
93,185,178
93,185,179
92,185,178
92,185,178
92,185,178
92,185,178
92,185,178
92,185,178
93,185,178
92,185,178
92,185,178
92,185,178
92,185,178
92,185,178
92,185,178
92,185,178
92,185,178
92,185,178
92,185,178
92,185,178
92,185,178
93,185,178
93,185,178
92,185,178
93,185,178
93,185,178
93,185,177
93,185,177
93,185,177
93,185,178
93,185,178
92,185,178
92,185,178
92,185,178
93,185,178
93,185,178
93,185,178
93,185,178
93,185,178
93,185,178
93,185,178
93,185,178
93,185,178
95,186,179
95,186,179
95,186,179
95,186,179
95,186,179
95,186,179
95,186,179
95,186,179
95,186,179
95,186,179
94,185,179
94,185,179
94,185,179
94,185,179
94,185,179
95,186,179
95,186,179
95,186,179
95,186,179
95,186,179
95,186,179
95,186,179
95,186,179
95,186,179
95,186,179
95,186,179
94,185,179
94,185,178
94,185,178
94,185,179
95,186,179
95,186,179
95,186,179
95,186,179
95,186,179
95,186,179
95,186,179
95,186,179
95,186,179
95,186,179
95,186,179
95,186,179
95,186,179
95,186,179
95,186,179
95,186,179
94,185,179
94,185,179
94,185,179
94,185,179
94,185,179
93,186,178
93,186,178
93,186,178
93,185,179
93,186,178
93,186,178
94,185,178
94,185,178
94,185,178
94,185,178
95,186,179
95,186,179
95,186,179
95,186,179
95,186,179
95,186,179
95,186,179
95,186,179
95,186,179
95,186,179
95,186,179
95,186,179
95,186,179
95,186,179
95,186,179
95,186,179
95,186,179
95,186,179
95,186,179
95,186,179
96,187,179
96,187,179
96,187,179
96,187,179
96,187,179
96,187,179
96,187,179
96,187,179
96,187,179
96,187,179
96,187,179
95,186,179
95,186,179
95,186,179
95,186,179
95,186,179
95,186,179
95,186,179
95,186,179
96,187,179
96,187,179
96,187,179
96,187,179
96,187,179
96,187,179
96,187,179
96,187,179
96,187,179
96,187,179
95,186,179
95,186,179
95,186,179
95,186,179
95,186,179
95,186,179
95,186,179
95,186,179
95,186,179
95,186,179
95,186,179
95,186,179
95,186,179
95,186,179
95,186,179
95,186,179
95,186,179
95,186,179
95,186,179
95,186,179
95,186,179
95,186,179
95,186,179
95,186,179
95,186,179
95,186,179
94,185,179
93,185,178
93,185,178
93,185,179
92,185,178
92,185,178
92,185,178
92,185,178
92,185,178
92,184,178
92,184,178
91,184,177
91,184,178
91,184,178
93,185,178
93,185,178
93,185,178
93,185,178
93,185,178
93,185,178
93,185,179
92,185,178
92,185,178
92,185,178
92,185,178
92,185,178
92,185,178
92,185,178
92,185,178
92,185,178
92,185,178
92,185,178
92,185,178
92,185,178
92,185,178
92,185,178
92,185,178
93,185,178
93,185,178
93,185,178
93,185,178
92,185,178
93,185,178
93,185,178
93,185,177
93,185,177
93,185,177
93,185,177
93,185,178
93,185,178
93,185,178
93,185,178
93,185,178
93,185,178
93,185,178
93,185,178
93,185,178
93,185,178
93,185,178
93,185,178
93,185,178
94,185,179
95,186,179
95,186,179
95,186,179
95,186,179
95,186,179
95,186,179
95,186,178
95,186,178
95,186,178
94,185,178
94,185,178
94,185,178
94,185,178
94,185,178
94,185,178
94,185,179
95,186,179
95,186,179
95,186,179
95,186,179
95,186,179
95,186,179
95,186,179
95,186,179
95,186,179
95,186,179
94,185,179
94,185,179
95,186,179
95,186,179
95,186,179
95,186,179
95,186,179
95,186,179
95,186,179
95,186,179
95,186,179
95,186,179
95,186,179
95,186,179
95,186,178
95,186,178
95,186,178
95,186,178
95,186,179
94,185,179
93,186,178
93,185,179
92,185,178
92,185,178
92,185,178
93,185,179
93,185,179
93,185,179
93,186,178
93,186,178
93,186,178
94,185,178
94,185,179
95,186,179
95,186,179
95,186,179
95,186,179
95,186,179
95,186,179
95,186,179
95,186,179
95,186,179
95,186,179
95,186,179
95,186,179
95,186,179
95,186,179
95,186,179
95,186,179
95,186,179
96,187,179
96,187,179
96,187,179
96,187,179
96,187,179
96,187,179
96,187,179
96,187,179
96,187,179
96,187,179
96,187,179
96,187,179
96,187,179
96,187,179
96,187,179
96,187,179
95,186,179
95,186,179
95,186,179
95,186,179
95,186,179
95,186,179
95,186,179
95,186,179
96,187,179
96,187,179
96,187,179
96,187,179
96,187,179
96,187,179
96,187,179
96,187,179
95,186,179
95,186,179
95,186,179
95,186,179
95,186,179
95,186,179
95,186,179
95,186,179
96,187,179
96,187,179
96,187,179
95,186,179
95,186,179
95,186,179
95,186,179
95,186,179
95,186,179
95,186,179
95,186,179
95,186,179
95,186,179
95,186,179
95,186,179
95,186,179
95,186,179
95,186,179
95,186,179
94,185,179
94,185,178
93,185,178
93,185,178
93,185,178
92,185,178
92,185,178
92,185,178
92,185,178
92,185,178
92,184,178
91,184,177
91,184,178
91,184,178
93,185,178
93,185,178
93,185,178
93,185,178
93,185,178
93,185,178
93,185,179
92,185,178
92,185,178
92,185,178
92,185,178
92,185,178
92,185,178
92,185,178
92,185,178
92,185,178
92,185,178
92,185,178
92,185,178
92,185,178
92,185,178
92,185,178
92,185,178
93,185,178
93,185,178
93,185,178
93,185,178
93,185,178
93,185,178
93,185,178
93,185,178
93,185,177
93,185,177
93,185,177
93,185,178
93,185,178
93,185,178
93,185,178
93,185,178
93,185,178
93,185,178
93,185,178
93,185,178
93,185,178
93,185,178
93,185,178
93,185,178
94,185,178
95,186,179
95,186,179
95,186,179
95,186,179
95,186,179
95,186,179
95,186,178
95,186,178
95,186,178
94,185,178
94,185,178
94,185,178
94,185,178
94,185,177
94,185,177
94,185,177
94,185,179
95,186,179
95,186,179
95,186,179
95,186,179
95,186,179
95,186,179
95,186,179
95,186,179
95,186,179
95,186,179
95,186,179
95,186,179
95,186,179
95,186,179
95,186,179
95,186,179
95,186,179
95,186,179
95,186,179
95,186,179
95,186,179
95,186,179
95,186,178
95,186,178
95,186,178
95,186,178
95,186,178
95,186,178
94,185,179
93,185,179
92,185,178
92,185,178
92,185,178
92,185,178
93,185,179
93,185,179
93,185,179
93,185,179
93,186,178
94,185,179
94,185,179
95,186,179
95,186,179
95,186,179
95,186,179
95,186,179
95,186,179
95,186,179
95,186,179
95,186,179
95,186,179
95,186,179
95,186,179
95,186,179
95,186,179
95,186,179
95,186,179
95,186,179
96,187,179
96,187,179
96,187,179
96,187,179
96,187,179
96,187,179
96,187,179
96,187,179
96,187,179
96,187,179
96,187,179
96,187,179
96,187,179
96,187,179
96,187,179
96,187,179
96,187,179
96,187,179
95,186,179
95,186,179
95,186,179
95,186,179
95,186,179
95,186,179
95,186,179
95,186,179
96,187,179
96,187,179
96,187,179
96,187,179
95,186,179
95,186,179
95,186,179
95,186,179
95,186,179
95,186,179
95,186,179
95,186,179
95,186,179
95,186,179
96,187,179
96,187,179
96,187,179
96,187,179
96,187,179
96,187,179
95,186,179
95,186,179
95,186,179
95,186,179
95,186,179
95,186,179
95,186,179
95,186,179
95,186,179
95,186,179
95,186,179
95,186,179
95,186,179
95,186,179
95,186,179
94,185,178
94,185,178
93,185,178
93,185,178
92,185,178
92,185,178
92,185,178
92,185,178
92,185,178
92,184,178
91,184,177
91,184,177
91,184,178
93,185,178
93,185,178
93,185,178
93,185,178
93,185,178
93,185,178
93,185,178
93,185,179
92,185,178
93,185,179
92,185,178
92,185,178
92,185,178
92,185,178
92,185,178
92,185,178
92,185,178
92,185,178
92,185,178
92,185,178
92,185,178
92,185,178
92,185,178
93,185,178
93,185,178
93,185,178
93,185,178
93,185,178
93,185,178
93,185,178
93,185,178
93,185,178
93,185,177
93,185,177
93,185,178
93,185,178
93,185,178
93,185,178
93,185,178
93,185,178
93,185,178
93,185,178
93,185,178
93,185,178
93,185,178
93,185,178
93,185,178
94,185,178
95,186,179
95,186,179
95,186,179
95,186,179
95,186,179
95,186,178
95,186,178
95,186,178
95,186,178
95,186,178
94,185,178
94,185,178
94,185,177
94,185,177
94,185,177
94,185,177
94,185,177
94,185,178
95,186,179
95,186,179
95,186,179
95,186,179
95,186,179
95,186,179
95,186,179
95,186,179
95,186,179
95,186,179
95,186,179
95,186,179
95,186,179
95,186,179
95,186,179
95,186,179
95,186,179
95,186,179
95,186,179
95,186,179
95,186,178
95,186,178
95,186,178
95,186,178
95,186,178
95,186,178
95,186,178
94,185,178
92,185,178
92,185,178
92,185,178
92,185,178
92,185,178
93,185,179
93,185,179
93,185,179
93,185,179
94,185,179
94,185,179
95,186,179
95,186,179
95,186,179
95,186,179
95,186,179
95,186,179
95,186,179
95,186,179
95,186,179
95,186,179
95,186,179
95,186,179
95,186,179
95,186,179
95,186,179
95,186,179
95,186,179
96,187,179
96,187,179
96,187,179
96,187,179
96,187,179
96,187,179
96,187,179
96,187,179
96,187,179
96,187,179
96,187,179
96,187,179
96,187,179
96,187,179
96,187,179
96,187,179
96,187,179
96,187,179
96,187,179
95,186,179
95,186,179
95,186,179
95,186,179
95,186,179
95,186,179
95,186,179
95,186,179
95,186,179
95,186,179
95,186,179
95,186,179
95,186,179
95,186,179
95,186,179
95,186,179
95,186,179
95,186,179
95,186,179
95,186,179
95,186,179
96,187,179
96,187,179
96,187,179
96,187,179
96,187,179
96,187,179
96,187,179
96,187,179
95,186,179
95,186,179
95,186,179
95,186,179
95,186,179
95,186,179
95,186,179
95,186,179
95,186,179
95,186,179
95,186,179
95,186,179
95,186,179
95,186,179
94,185,179
94,185,178
94,185,178
93,185,178
92,185,178
92,185,178
92,185,178
92,185,178
92,185,178
92,184,178
92,184,178
92,184,178
91,184,178
93,185,178
93,185,178
93,185,178
93,185,178
93,185,178
93,185,178
93,185,178
93,185,179
93,185,179
93,185,178
93,185,178
92,185,178
92,185,178
92,185,178
92,185,178
92,185,178
92,185,178
92,185,178
92,185,178
92,185,178
92,185,178
92,185,178
92,185,178
93,185,178
93,185,178
93,185,178
93,185,178
93,185,178
93,185,178
93,185,178
93,185,178
93,185,178
93,185,178
93,185,178
93,185,178
93,185,178
93,185,178
93,185,178
93,185,178
93,185,178
93,185,178
93,185,178
93,185,178
93,185,178
93,185,178
93,185,178
94,185,178
94,185,178
95,186,179
95,186,179
95,186,179
95,186,179
95,186,179
95,186,179
95,186,178
95,186,178
95,186,178
95,186,178
95,186,178
94,185,178
94,185,177
94,185,177
94,185,177
94,185,177
94,185,177
94,185,177
95,186,179
95,186,179
95,186,179
95,186,179
95,186,179
95,186,179
95,186,179
95,186,179
95,186,179
95,186,179
95,186,179
95,186,179
95,186,179
95,186,179
95,186,179
95,186,179
95,186,179
95,186,179
95,186,179
95,186,179
95,186,179
95,186,178
95,186,178
95,186,178
95,186,178
95,186,178
95,186,178
95,186,178
93,185,178
92,185,178
92,185,178
92,185,178
93,185,179
94,185,178
93,185,179
93,185,179
94,185,179
94,185,179
94,185,179
95,186,179
95,186,179
95,186,179
95,186,179
95,186,179
95,186,179
95,186,179
95,186,179
95,186,179
95,186,179
95,186,179
95,186,179
95,186,179
95,186,179
95,186,179
95,186,179
95,186,179
96,187,179
96,187,179
96,187,179
96,187,179
96,187,179
96,187,179
96,187,179
96,187,179
96,187,179
96,187,179
96,187,179
96,187,179
96,187,179
96,187,179
96,187,179
96,187,179
96,187,179
96,187,179
96,187,179
95,186,179
95,186,179
95,186,179
95,186,179
95,186,179
95,186,179
95,186,179
95,186,179
95,186,179
95,186,179
95,186,179
95,186,179
95,186,179
95,186,179
95,186,179
95,186,179
95,186,179
95,186,179
95,186,179
95,186,179
95,186,179
96,187,179
96,187,179
96,187,179
96,187,179
96,187,179
96,187,179
96,187,179
96,187,179
95,186,179
95,186,179
95,186,179
95,186,179
95,186,179
95,186,179
95,186,179
95,186,179
95,186,179
95,186,179
95,186,179
95,186,179
95,186,179
95,186,179
95,186,179
94,185,178
94,185,178
93,185,178
93,185,178
92,185,178
92,185,178
92,185,178
92,184,178
92,184,178
92,184,178
92,184,178
92,184,178
93,185,178
93,185,178
93,185,178
93,185,178
93,185,178
93,185,178
93,185,178
93,185,178
93,185,178
93,185,179
93,185,178
93,185,178
92,185,178
92,185,178
92,185,178
92,185,178
92,185,178
92,185,178
92,185,178
92,185,178
92,185,178
92,185,178
92,185,178
92,185,178
93,185,178
93,185,179
93,185,178
93,185,178
93,185,178
93,185,178
93,185,178
93,185,178
93,185,178
93,185,178
93,185,178
93,185,178
93,185,178
93,185,178
93,185,178
93,185,178
93,185,178
93,185,178
93,185,178
93,185,178
93,185,178
93,185,178
93,185,178
94,185,178
94,185,178
95,186,179
95,186,179
95,186,179
95,186,179
95,186,179
95,186,179
95,186,178
95,186,178
95,186,178
95,186,178
95,186,178
95,186,178
94,185,178
94,185,177
94,185,177
94,185,177
94,185,177
94,185,177
95,186,178
95,186,178
95,186,179
95,186,179
95,186,179
95,186,179
95,186,179
95,186,179
95,186,179
95,186,179
95,186,179
95,186,179
95,186,179
95,186,179
95,186,179
95,186,179
95,186,179
95,186,179
95,186,179
94,185,179
94,185,179
95,186,179
95,186,178
95,186,178
95,186,178
95,186,178
95,186,178
95,186,178
94,185,178
93,185,178
93,185,178
93,185,178
94,185,178
94,185,177
94,185,178
94,185,178
94,185,178
94,185,179
94,185,179
95,186,179
95,186,179
95,186,179
95,186,179
95,186,179
95,186,179
95,186,179
95,186,179
95,186,179
95,186,179
95,186,179
95,186,179
95,186,179
95,186,179
95,186,179
95,186,179
95,186,179
95,186,179
96,187,179
96,187,179
96,187,179
96,187,179
95,186,179
95,186,179
96,187,179
96,187,179
96,187,179
96,187,179
96,187,179
96,187,179
96,187,179
96,187,179
96,187,179
96,187,179
96,187,179
96,187,179
95,186,179
95,186,179
95,186,179
95,186,179
95,186,179
95,186,179
95,186,179
95,186,179
95,186,179
95,186,179
95,186,179
95,186,179
95,186,179
95,186,179
95,186,179
95,186,179
95,186,179
95,186,179
95,186,179
95,186,179
96,187,179
96,187,179
96,187,179
96,187,179
96,187,179
96,187,179
96,187,179
96,187,179
96,187,179
95,186,179
95,186,179
95,186,179
95,186,179
95,186,179
95,186,179
95,186,179
95,186,179
95,186,179
95,186,179
95,186,179
95,186,179
95,186,179
95,186,179
95,186,179
94,185,179
94,185,178
93,185,178
93,185,178
93,185,179
92,185,178
92,185,178
92,185,178
92,184,178
92,184,178
92,184,178
92,184,178
92,184,178
93,185,178
93,185,178
93,185,178
93,185,178
93,185,178
93,185,178
93,185,178
93,185,178
93,185,178
93,185,178
93,185,178
93,185,178
93,185,178
92,185,178
92,185,178
92,185,178
92,185,178
92,185,178
92,185,178
92,185,178
92,185,178
92,185,178
92,185,178
92,185,178
92,185,178
93,185,179
93,185,178
93,185,178
93,185,178
93,185,178
93,185,178
93,185,178
93,185,178
93,185,178
93,185,178
93,185,178
93,185,178
93,185,178
93,185,178
93,185,178
93,185,178
93,185,178
93,185,178
93,185,178
93,185,178
93,185,178
93,185,178
94,185,178
94,185,179
95,186,179
95,186,179
95,186,179
95,186,179
95,186,179
95,186,179
95,186,179
95,186,178
95,186,178
95,186,178
95,186,178
95,186,178
95,186,178
94,185,177
94,185,177
94,185,177
94,185,177
94,185,177
94,185,177
95,186,178
95,186,179
95,186,179
95,186,179
95,186,179
95,186,179
95,186,179
95,186,179
95,186,179
95,186,179
95,186,179
95,186,179
95,186,179
95,186,179
95,186,179
95,186,179
95,186,179
94,185,179
94,185,179
94,185,179
95,186,179
95,186,179
95,186,178
95,186,178
95,186,178
95,186,178
95,186,178
94,185,178
94,185,178
94,185,178
94,185,178
94,185,178
95,186,178
94,185,178
94,185,178
94,185,178
94,185,179
94,185,179
95,186,179
95,186,179
95,186,179
95,186,179
95,186,179
95,186,179
95,186,179
95,186,179
95,186,179
95,186,179
95,186,179
95,186,179
95,186,179
95,186,179
95,186,179
95,186,179
95,186,179
95,186,179
95,186,179
96,187,179
95,186,179
95,186,179
95,186,179
95,186,179
95,186,179
96,187,179
96,187,179
96,187,179
96,187,179
96,187,179
96,187,179
96,187,179
96,187,179
96,187,179
96,187,179
96,186,180
95,186,179
95,186,179
95,186,179
95,186,179
95,186,179
95,186,179
95,186,179
95,186,179
95,186,179
95,186,179
95,186,179
95,186,179
95,186,179
95,186,179
95,186,179
95,186,179
95,186,179
95,186,179
95,186,179
96,187,179
96,187,179
96,187,179
96,187,179
96,187,179
96,187,179
96,187,179
96,187,179
96,187,179
95,186,179
95,186,179
95,186,179
95,186,179
95,186,179
95,186,179
95,186,179
95,186,179
95,186,179
95,186,179
95,186,179
95,186,179
95,186,179
95,186,179
95,186,179
95,186,179
95,186,179
94,185,178
93,185,178
93,185,178
93,185,178
93,185,179
92,185,178
92,185,178
92,185,178
92,184,178
92,184,178
92,184,178
92,184,178
93,185,178
93,185,178
93,185,178
93,185,178
93,185,178
93,185,178
93,185,178
93,185,178
93,185,178
93,185,178
93,185,178
93,185,178
93,185,178
92,185,178
92,185,178
92,185,178
92,185,178
92,185,178
92,185,178
92,185,178
92,185,178
92,185,178
92,185,178
92,185,178
92,185,178
93,185,179
93,185,179
93,185,178
93,185,178
93,185,178
93,185,178
93,185,178
92,185,178
92,185,178
93,185,178
93,185,178
93,185,178
93,185,178
93,185,178
93,185,178
93,185,178
93,185,178
93,185,178
93,185,178
93,185,178
93,185,178
94,185,178
94,185,178
94,185,179
95,186,179
95,186,179
95,186,179
95,186,179
95,186,179
95,186,179
95,186,179
95,186,179
95,186,178
95,186,178
95,186,178
95,186,178
95,186,178
94,185,177
94,185,177
93,185,178
93,185,178
93,185,178
94,185,178
94,185,178
95,186,178
95,186,179
95,186,179
95,186,179
95,186,179
95,186,179
95,186,179
95,186,179
95,186,179
95,186,179
95,186,179
95,186,179
95,186,179
95,186,179
95,186,179
95,186,179
94,185,179
94,185,179
94,185,179
95,186,179
95,186,179
95,186,179
95,186,179
95,186,179
95,186,178
95,186,178
95,186,178
95,186,178
94,185,178
94,185,178
95,186,178
95,186,178
95,186,178
94,185,178
94,185,178
94,185,178
94,185,179
95,186,179
95,186,179
95,186,179
95,186,179
95,186,179
95,186,179
95,186,179
95,186,179
95,186,179
95,186,179
95,186,179
95,186,179
95,186,179
95,186,179
95,186,179
95,186,179
95,186,179
95,186,179
95,186,179
95,186,179
95,186,179
95,186,179
95,186,179
95,186,179
95,186,179
95,186,179
96,187,179
96,187,179
96,187,179
96,187,179
96,187,179
96,187,179
96,187,179
96,187,179
96,187,179
96,186,180
95,186,179
95,186,179
95,186,179
95,186,179
95,186,179
95,186,179
95,186,179
95,186,179
95,186,179
95,186,179
95,186,179
95,186,179
95,186,179
95,186,179
95,186,179
95,186,179
95,186,179
95,186,179
96,187,179
96,187,179
96,187,179
96,187,179
96,187,179
96,187,179
96,187,179
96,187,179
96,187,179
95,186,179
95,186,179
95,186,179
95,186,179
95,186,179
95,186,179
95,186,179
95,186,179
95,186,179
95,186,179
95,186,179
95,186,179
95,186,179
95,186,179
95,186,179
95,186,179
95,186,179
95,186,179
94,185,178
93,185,178
93,185,178
93,185,178
93,185,179
93,185,178
93,185,178
92,185,177
92,184,178
92,184,178
92,184,178
92,184,178
93,185,178
93,185,178
93,185,178
93,185,178
93,185,178
93,185,178
93,185,178
93,185,178
93,185,178
93,185,178
93,185,178
93,185,178
93,185,178
93,185,178
92,185,178
92,185,178
92,185,178
92,185,178
92,185,178
92,185,178
92,185,178
92,185,178
92,185,178
92,185,178
93,185,178
93,185,179
93,185,178
93,185,178
93,185,178
93,185,178
93,185,178
93,185,178
93,185,178
93,185,178
93,185,178
93,185,178
93,185,178
93,185,178
93,185,178
93,185,178
93,185,178
93,185,178
93,185,178
93,185,178
93,185,178
93,185,178
94,185,178
94,185,178
94,185,179
94,185,179
95,186,179
95,186,179
95,186,179
95,186,179
95,186,179
95,186,179
95,186,179
95,186,179
95,186,178
95,186,178
95,186,178
95,186,178
94,185,177
93,185,178
93,185,178
93,185,178
93,185,178
93,185,178
94,185,178
94,185,178
95,186,179
95,186,179
95,186,179
95,186,179
95,186,179
95,186,179
95,186,179
95,186,179
95,186,179
95,186,179
95,186,179
95,186,179
95,186,179
95,186,179
95,186,179
95,186,179
95,186,179
95,186,179
95,186,179
95,186,179
95,186,179
95,186,179
95,186,179
95,186,179
95,186,179
95,186,178
95,186,178
95,186,178
95,186,178
95,186,178
95,186,178
95,186,178
94,185,178
94,185,178
94,185,178
95,186,179
95,186,179
95,186,179
95,186,179
95,186,179
95,186,179
95,186,179
95,186,179
95,186,179
95,186,179
95,186,179
95,186,179
95,186,179
95,186,179
95,186,179
95,186,179
95,186,179
95,186,179
95,186,179
95,186,179
95,186,179
95,186,179
95,186,179
95,186,179
95,186,179
95,186,179
95,186,179
95,186,179
96,187,179
96,187,179
96,187,179
96,187,179
96,187,179
96,187,179
96,187,179
96,187,179
96,187,179
95,186,179
95,186,179
95,186,179
95,186,179
95,186,179
95,186,179
95,186,179
95,186,179
95,186,179
95,186,179
95,186,179
95,186,179
95,186,179
95,186,179
95,186,179
95,186,179
96,187,179
96,187,179
96,187,179
96,187,179
96,187,179
96,187,179
96,187,179
96,187,179
96,187,179
96,187,179
95,186,179
95,186,179
95,186,179
95,186,179
95,186,179
95,186,179
95,186,179
95,186,179
95,186,179
95,186,179
95,186,179
95,186,179
95,186,179
95,186,179
95,186,179
95,186,179
95,186,179
95,186,179
95,186,179
94,185,178
94,185,178
93,185,178
93,185,178
93,185,178
93,185,178
93,185,178
92,185,177
92,185,177
92,184,178
92,184,178
92,184,178
93,185,178
93,185,178
93,185,178
93,185,178
93,185,178
94,185,178
93,185,178
93,185,178
93,185,178
93,185,178
93,185,178
93,185,178
93,185,178
93,185,178
92,185,178
92,185,178
92,185,178
92,185,178
92,185,178
92,185,178
92,185,178
92,185,178
92,185,178
92,185,178
93,185,178
93,185,179
93,185,178
93,185,178
93,185,178
93,185,178
93,185,178
93,185,178
93,185,178
93,185,178
93,185,178
93,185,178
93,185,178
93,185,178
93,185,178
93,185,178
93,185,178
93,185,178
93,185,178
93,185,178
93,185,178
94,185,178
94,185,178
94,185,179
94,185,179
94,185,179
95,186,179
95,186,179
95,186,179
95,186,179
95,186,179
95,186,179
95,186,179
95,186,179
95,186,179
95,186,179
95,186,178
95,186,178
95,186,178
93,185,178
93,185,178
92,185,178
92,185,178
92,185,178
93,185,178
93,186,178
94,185,179
95,186,179
95,186,179
95,186,179
95,186,179
95,186,179
95,186,179
95,186,179
94,185,179
94,185,179
95,186,179
95,186,179
95,186,179
95,186,179
95,186,179
95,186,179
95,186,179
95,186,179
95,186,179
95,186,179
95,186,179
95,186,179
95,186,179
95,186,179
95,186,179
95,186,179
95,186,178
95,186,178
95,186,178
95,186,178
95,186,178
95,186,178
95,186,178
95,186,178
95,186,178
95,186,179
95,186,179
95,186,179
95,186,179
95,186,179
95,186,179
95,186,179
95,186,179
95,186,179
95,186,179
95,186,179
95,186,179
95,186,179
95,186,179
95,186,179
95,186,179
95,186,179
95,186,179
95,186,179
95,186,179
95,186,179
95,186,179
95,186,179
95,186,179
95,186,179
95,186,179
95,186,179
95,186,179
96,187,179
96,187,179
96,187,179
96,187,179
96,187,179
96,187,179
96,187,179
96,187,179
96,187,179
95,186,179
95,186,179
95,186,179
95,186,179
95,186,179
95,186,179
95,186,179
95,186,179
95,186,179
95,186,179
95,186,179
95,186,179
95,186,179
95,186,179
96,186,180
96,187,179
96,187,179
96,187,179
96,187,179
96,187,179
96,187,179
96,187,179
96,187,179
96,187,179
96,187,179
95,186,179
95,186,179
95,186,179
95,186,179
95,186,179
95,186,179
95,186,179
95,186,179
95,186,179
95,186,179
95,186,179
95,186,179
95,186,179
95,186,179
95,186,179
95,186,179
95,186,179
95,186,179
95,186,179
95,186,179
94,185,178
94,185,178
94,185,178
93,185,178
93,185,178
93,185,178
93,185,178
93,185,178
92,185,177
92,185,177
92,184,178
92,184,178
93,185,178
93,185,178
93,185,178
93,185,178
94,185,178
94,185,178
94,185,178
94,185,178
94,185,178
93,185,178
93,185,178
93,185,178
93,185,178
93,185,178
92,185,178
92,185,178
92,185,178
92,185,178
92,185,178
92,185,178
92,185,178
92,185,178
92,185,178
92,185,178
92,185,178
93,185,179
93,185,178
93,185,178
93,185,178
93,185,178
93,185,178
93,185,178
93,185,178
93,185,178
93,185,178
94,185,178
94,185,178
93,185,178
93,185,178
93,185,178
93,185,178
93,185,178
93,185,178
93,185,178
94,185,178
94,185,178
93,186,178
94,185,179
94,185,179
95,186,179
95,186,179
95,186,179
95,186,179
95,186,179
95,186,179
95,186,179
95,186,179
95,186,179
95,186,179
95,186,179
95,186,179
95,186,179
94,185,177
93,185,178
92,185,178
92,185,178
92,185,178
92,185,178
92,185,178
93,185,179
94,185,179
94,185,179
95,186,179
95,186,179
95,186,179
95,186,179
95,186,179
95,186,179
95,186,179
95,186,179
95,186,179
95,186,179
95,186,179
95,186,179
95,186,179
95,186,179
95,186,179
95,186,179
95,186,179
95,186,179
95,186,179
95,186,179
95,186,179
95,186,179
95,186,179
95,186,179
95,186,179
95,186,179
95,186,178
95,186,178
95,186,178
95,186,178
95,186,178
95,186,178
95,186,178
95,186,179
95,186,179
95,186,179
95,186,179
95,186,179
95,186,179
95,186,179
95,186,179
95,186,179
95,186,179
95,186,179
95,186,179
95,186,179
95,186,179
95,186,179
95,186,179
95,186,179
95,186,179
95,186,179
95,186,179
95,186,179
95,186,179
95,186,179
95,186,179
95,186,179
95,186,179
95,186,179
95,186,179
96,187,179
96,187,179
96,187,179
96,187,179
96,187,179
96,187,179
96,187,179
96,187,179
96,187,179
96,186,180
95,186,179
95,186,179
95,186,179
95,186,179
95,186,179
95,186,179
95,186,179
95,186,179
95,186,179
95,186,179
95,186,179
95,186,179
96,186,180
96,187,179
96,187,179
96,187,179
96,187,179
96,187,179
96,187,179
96,187,179
96,187,179
96,187,179
96,187,179
95,186,179
95,186,179
95,186,179
95,186,179
95,186,179
95,186,179
95,186,179
95,186,179
95,186,179
95,186,179
95,186,179
95,186,179
95,186,179
95,186,179
95,186,179
95,186,179
95,186,179
95,186,179
95,186,179
95,186,179
95,186,179
94,185,178
94,185,178
94,185,178
93,185,178
93,185,178
93,185,178
93,185,178
93,185,178
92,185,177
93,185,178
93,185,178
92,184,178
93,185,178
93,185,178
93,185,178
93,185,178
94,185,178
94,185,178
94,185,178
94,185,178
94,185,178
93,185,178
93,185,178
93,185,178
93,185,178
93,185,178
92,185,178
92,185,178
92,185,178
92,185,178
92,185,178
92,185,178
92,185,178
92,185,178
92,185,178
92,185,178
92,185,178
92,185,178
93,185,178
93,185,178
93,185,178
93,185,178
93,185,178
93,185,178
93,185,178
93,185,178
94,185,178
94,185,178
94,185,178
94,185,178
93,185,178
93,185,178
93,185,178
93,185,178
93,185,178
93,185,178
93,185,178
94,185,178
93,186,178
94,185,179
94,185,179
95,186,179
95,186,179
95,186,179
95,186,179
95,186,179
95,186,179
95,186,179
95,186,179
95,186,179
95,186,179
95,186,179
95,186,179
95,186,179
94,185,178
94,185,178
92,185,178
92,185,178
92,185,178
92,185,178
92,185,178
92,185,178
93,185,179
94,185,179
94,185,179
95,186,179
95,186,179
95,186,179
95,186,179
95,186,179
95,186,179
95,186,179
95,186,179
95,186,179
95,186,179
95,186,179
95,186,179
95,186,179
95,186,179
95,186,179
95,186,179
95,186,179
95,186,179
95,186,179
95,186,179
95,186,179
95,186,179
95,186,179
95,186,179
95,186,179
95,186,179
95,186,178
95,186,178
95,186,178
95,186,178
95,186,178
95,186,178
95,186,179
95,186,179
95,186,179
95,186,179
95,186,179
95,186,179
95,186,179
95,186,179
95,186,179
95,186,179
95,186,179
95,186,179
95,186,179
95,186,179
95,186,179
95,186,179
95,186,179
95,186,179
95,186,179
95,186,179
95,186,179
95,186,179
95,186,179
95,186,179
95,186,179
95,186,179
95,186,179
95,186,179
96,187,179
96,187,179
96,187,179
96,187,179
96,187,179
96,187,179
96,187,179
96,187,179
96,187,179
96,187,179
95,186,179
95,186,179
95,186,179
95,186,179
95,186,179
95,186,179
95,186,179
95,186,179
95,186,179
95,186,179
95,186,179
95,186,179
96,187,179
96,187,179
96,187,179
96,187,179
96,187,179
96,187,179
96,187,179
96,187,179
96,187,179
96,187,179
95,186,179
95,186,179
95,186,179
95,186,179
95,186,179
95,186,179
95,186,179
95,186,179
95,186,179
95,186,179
95,186,179
95,186,179
95,186,179
95,186,179
95,186,179
95,186,179
95,186,179
95,186,179
95,186,179
95,186,179
95,186,179
95,186,179
94,185,178
94,185,178
94,185,178
93,185,178
93,185,178
93,185,178
93,185,178
92,185,177
92,185,177
92,185,177
93,185,178
92,184,178
93,185,178
93,185,178
93,185,178
93,185,178
93,185,178
94,185,178
94,185,178
94,185,178
94,185,178
93,185,178
93,185,178
93,185,178
93,185,178
92,185,178
92,185,178
92,185,178
92,185,178
92,185,178
92,185,178
92,185,178
92,185,178
92,185,178
92,185,178
92,185,178
92,185,178
92,185,178
92,185,178
93,185,178
93,185,178
93,185,178
93,185,178
93,185,178
93,185,178
94,185,178
94,185,178
94,185,178
94,185,178
94,185,178
94,185,178
93,185,178
93,185,178
93,185,178
93,185,178
93,185,178
93,185,179
93,185,179
93,185,179
94,185,179
95,186,179
95,186,179
95,186,179
95,186,179
95,186,179
95,186,179
95,186,179
95,186,179
95,186,179
95,186,179
95,186,179
95,186,179
95,186,179
95,186,179
94,185,178
94,185,178
93,185,178
92,184,178
92,185,178
92,185,178
92,185,178
92,185,178
92,185,178
94,185,179
94,185,179
95,186,179
95,186,179
95,186,179
95,186,179
95,186,179
95,186,179
95,186,179
95,186,179
95,186,179
95,186,179
95,186,179
95,186,179
95,186,179
95,186,179
95,186,179
95,186,179
95,186,179
95,186,179
95,186,179
95,186,179
95,186,179
95,186,179
95,186,179
95,186,179
95,186,179
95,186,179
95,186,179
95,186,178
95,186,178
95,186,178
95,186,178
95,186,178
95,186,179
95,186,179
95,186,179
95,186,179
95,186,179
95,186,179
95,186,179
95,186,179
95,186,179
95,186,179
95,186,179
95,186,179
95,186,179
95,186,179
95,186,179
95,186,179
95,186,179
95,186,179
95,186,179
95,186,179
95,186,179
95,186,179
95,186,179
95,186,179
95,186,179
95,186,179
95,186,179
96,187,179
96,187,179
96,187,179
96,187,179
96,187,179
96,187,179
96,187,179
96,187,179
96,187,179
96,187,179
96,187,179
95,186,179
95,186,179
95,186,179
95,186,179
95,186,179
95,186,179
95,186,179
95,186,179
95,186,179
95,186,179
95,186,179
95,186,179
96,187,179
96,187,179
97,187,180
97,187,180
96,187,179
96,187,179
96,187,179
96,187,179
96,187,179
96,187,179
95,186,179
95,186,179
95,186,179
95,186,179
95,186,179
95,186,179
95,186,179
95,186,179
95,186,179
95,186,179
95,186,179
95,186,179
95,186,179
95,186,179
95,186,179
95,186,179
95,186,179
95,186,179
95,186,179
95,186,179
95,186,179
95,186,179
95,186,179
94,185,178
93,185,178
93,185,178
93,185,178
93,185,178
93,185,178
92,185,177
92,185,177
92,185,177
93,185,178
92,184,178
93,185,178
93,185,178
93,185,178
93,185,178
94,185,178
94,185,178
94,185,178
94,185,178
93,185,178
93,185,179
93,185,179
92,185,178
92,185,178
92,185,178
92,185,178
92,185,178
92,185,178
92,185,178
92,185,178
93,185,178
92,185,178
92,185,178
92,185,178
92,185,178
92,185,178
92,185,178
92,185,178
93,185,178
93,185,178
93,185,178
93,185,178
93,185,178
94,185,178
94,185,178
94,185,178
94,185,178
94,185,178
94,185,178
94,185,178
94,185,178
94,185,178
94,185,178
93,185,178
93,185,179
93,185,179
93,185,179
93,186,178
95,186,179
95,186,179
95,186,179
95,186,179
95,186,179
95,186,179
95,186,179
95,186,179
95,186,179
95,186,179
95,186,179
95,186,179
95,186,179
95,186,179
95,186,179
94,185,178
94,185,178
93,185,178
93,185,178
92,184,178
92,185,178
92,185,178
92,185,178
93,185,179
94,185,178
94,185,178
95,186,178
95,186,178
95,186,179
95,186,179
95,186,179
95,186,179
95,186,179
95,186,179
95,186,179
95,186,179
95,186,179
95,186,179
95,186,179
95,186,179
95,186,179
96,187,179
96,187,179
96,187,179
96,187,179
96,187,179
96,187,179
96,187,179
95,186,179
95,186,179
95,186,179
95,186,179
95,186,179
95,186,179
95,186,179
95,186,178
95,186,178
95,186,179
95,186,179
95,186,179
95,186,179
95,186,179
95,186,179
95,186,179
95,186,179
95,186,179
95,186,179
95,186,179
95,186,179
95,186,179
95,186,179
95,186,179
95,186,179
95,186,179
95,186,179
95,186,179
95,186,179
95,186,179
95,186,179
95,186,179
95,186,179
95,186,179
95,186,179
95,186,179
95,186,179
96,187,179
96,187,179
96,187,179
96,187,179
96,187,179
97,187,180
97,187,180
97,187,180
96,187,179
96,187,179
96,187,179
95,186,179
95,186,179
95,186,179
95,186,179
95,186,179
95,186,179
95,186,179
95,186,179
95,186,179
95,186,179
95,186,179
96,186,180
96,187,179
97,187,180
97,187,180
97,187,180
97,187,180
96,187,179
96,187,179
96,187,179
96,187,179
96,187,179
95,186,179
95,186,179
95,186,179
95,186,179
95,186,179
95,186,179
95,186,179
95,186,179
95,186,179
95,186,179
95,186,179
95,186,179
95,186,179
95,186,179
95,186,179
95,186,179
95,186,179
95,186,179
95,186,179
95,186,179
95,186,179
95,186,179
95,186,179
94,185,178
93,185,178
93,185,178
93,185,178
93,185,178
93,185,178
92,185,177
92,185,178
92,185,178
92,185,178
92,184,178
93,185,178
93,185,178
93,185,178
93,185,178
94,185,178
94,185,178
94,185,178
93,185,178
93,185,178
93,185,179
93,185,179
92,185,178
92,185,178
92,185,178
92,185,178
92,185,178
92,185,178
92,185,178
93,185,178
93,185,178
93,185,178
92,185,178
92,185,178
92,185,178
92,185,178
92,185,178
92,185,178
93,185,178
93,185,178
93,185,178
93,185,178
93,185,178
94,185,178
94,185,178
94,185,178
94,185,178
94,185,178
94,185,178
94,185,178
94,185,178
94,185,178
94,185,178
93,186,178
93,185,179
93,185,179
93,186,178
93,186,178
95,186,179
95,186,179
95,186,179
95,186,179
95,186,179
95,186,179
95,186,179
95,186,179
95,186,179
95,186,179
95,186,179
95,186,179
95,186,179
95,186,179
95,186,179
94,185,178
94,185,177
94,185,177
93,185,178
92,185,177
92,185,178
92,185,178
93,185,179
94,185,178
94,185,178
94,185,178
95,186,178
95,186,178
95,186,179
95,186,179
95,186,179
95,186,179
95,186,179
95,186,179
95,186,179
95,186,179
95,186,179
95,186,179
95,186,179
95,186,179
96,187,179
96,187,179
96,187,179
96,187,179
96,187,179
96,187,179
96,187,179
96,187,179
96,187,179
95,186,179
95,186,179
95,186,179
95,186,179
95,186,179
95,186,179
95,186,179
95,186,179
95,186,179
95,186,179
95,186,179
95,186,179
95,186,179
95,186,179
95,186,179
95,186,179
95,186,179
95,186,179
95,186,179
95,186,179
95,186,179
95,186,179
95,186,179
95,186,179
94,185,179
94,185,179
95,186,179
95,186,179
95,186,179
95,186,179
95,186,179
95,186,179
95,186,179
95,186,179
95,186,179
96,187,179
96,187,179
96,187,179
96,187,179
96,187,179
96,187,179
97,187,180
97,187,180
97,187,180
96,187,179
96,187,179
96,187,179
95,186,179
95,186,179
95,186,179
95,186,179
95,186,179
95,186,179
95,186,179
95,186,179
95,186,179
95,186,179
95,186,179
96,187,179
96,187,179
97,187,180
97,187,180
97,187,180
97,187,180
96,187,179
96,187,179
96,187,179
96,187,179
96,187,179
95,186,179
95,186,179
95,186,179
95,186,179
95,186,179
95,186,179
95,186,179
95,186,179
95,186,179
95,186,179
95,186,179
95,186,179
95,186,179
95,186,179
95,186,179
95,186,179
95,186,179
95,186,179
95,186,179
95,186,179
95,186,179
95,186,179
95,186,179
94,185,179
94,185,178
93,185,178
93,185,178
93,185,178
93,185,178
92,185,177
92,185,178
92,185,178
92,185,178
92,185,178
93,185,178
93,185,178
93,185,178
93,185,178
94,185,178
94,185,178
93,185,178
93,185,178
93,185,179
92,185,178
92,185,178
92,185,178
92,185,178
92,185,178
92,185,178
92,185,178
92,185,178
92,185,178
92,185,178
93,185,178
93,185,178
93,185,178
93,185,178
92,185,178
93,185,179
93,185,179
93,185,179
93,185,178
93,185,178
93,185,178
93,185,178
94,185,178
94,185,178
94,185,179
94,185,179
94,185,179
94,185,179
94,185,179
94,185,179
94,185,178
94,185,178
94,185,178
93,185,179
93,185,179
93,185,179
93,186,178
93,186,178
95,186,179
95,186,179
95,186,179
95,186,179
95,186,179
95,186,179
95,186,179
95,186,179
95,186,179
95,186,179
95,186,179
95,186,179
95,186,179
95,186,179
95,186,179
95,186,179
94,185,178
94,185,177
94,185,177
93,185,178
93,185,178
93,185,179
93,186,178
94,185,178
94,185,178
95,186,178
95,186,178
95,186,178
95,186,179
95,186,179
95,186,179
95,186,179
95,186,179
95,186,179
95,186,179
95,186,179
95,186,179
95,186,179
95,186,179
96,187,179
96,187,179
96,187,179
96,187,179
96,187,179
96,187,179
96,187,179
96,187,179
96,187,179
96,187,179
96,187,179
95,186,179
95,186,179
95,186,179
95,186,179
95,186,179
94,185,179
94,185,179
94,185,179
94,185,179
95,186,179
95,186,179
95,186,179
95,186,179
95,186,179
95,186,179
95,186,179
95,186,179
95,186,179
95,186,179
95,186,179
95,186,179
95,186,179
94,185,179
94,185,179
94,185,179
95,186,179
95,186,179
95,186,179
95,186,179
95,186,179
95,186,179
95,186,179
95,186,179
95,186,179
96,187,179
96,187,179
96,187,179
96,187,179
96,187,179
96,187,179
96,187,179
96,187,179
96,187,179
96,187,179
96,187,179
96,187,179
96,187,179
95,186,179
95,186,179
95,186,179
95,186,179
95,186,179
95,186,179
95,186,179
95,186,179
95,186,179
96,187,179
96,187,179
97,187,180
97,187,180
97,187,180
97,187,180
97,187,180
97,187,180
96,187,179
96,187,179
96,187,179
95,186,179
95,186,179
95,186,179
95,186,179
95,186,179
95,186,179
95,186,179
95,186,179
95,186,179
95,186,179
95,186,179
95,186,179
95,186,179
95,186,179
95,186,179
95,186,179
95,186,179
95,186,179
95,186,179
95,186,179
95,186,179
95,186,179
95,186,179
95,186,179
95,186,179
94,185,178
94,185,178
93,185,178
93,185,178
93,185,178
92,185,178
92,185,178
92,185,178
92,185,178
92,185,178
93,185,178
93,185,178
93,185,178
93,185,178
94,185,178
94,185,178
93,185,178
93,185,178
92,185,178
92,185,178
92,185,178
92,185,178
92,185,178
92,185,178
92,185,178
92,185,178
92,185,178
92,185,178
92,185,178
93,185,178
93,185,178
93,185,178
93,185,178
93,185,178
93,185,178
93,185,179
93,185,178
93,185,178
93,185,178
93,185,178
93,185,178
94,185,178
94,185,179
94,185,179
95,186,179
95,186,179
95,186,179
95,186,179
94,185,179
94,185,179
94,185,178
94,185,178
94,185,178
93,185,179
93,185,179
93,186,178
93,186,178
94,185,179
95,186,179
95,186,179
95,186,179
95,186,179
95,186,179
95,186,179
95,186,179
95,186,179
95,186,179
95,186,179
95,186,179
95,186,179
95,186,179
95,186,179
95,186,179
95,186,179
94,185,178
94,185,177
94,185,178
94,185,178
94,185,178
94,185,179
95,186,179
95,186,178
95,186,178
95,186,178
95,186,178
95,186,179
95,186,179
95,186,179
95,186,179
95,186,179
95,186,179
95,186,179
95,186,179
95,186,179
95,186,179
96,186,180
96,187,179
96,187,179
96,187,179
96,187,179
96,187,179
96,187,179
96,187,179
96,187,179
96,187,179
96,187,179
96,187,179
95,186,179
95,186,179
95,186,179
95,186,179
95,186,179
93,186,178
94,185,179
94,185,179
94,185,179
95,186,179
95,186,179
95,186,179
95,186,179
95,186,179
95,186,179
95,186,179
95,186,179
95,186,179
95,186,179
95,186,179
95,186,179
95,186,179
95,186,179
94,185,179
94,185,179
95,186,179
95,186,179
95,186,179
95,186,179
95,186,179
95,186,179
95,186,179
95,186,179
95,186,179
95,186,179
96,187,179
96,187,179
96,187,179
96,187,179
96,187,179
96,187,179
96,187,179
96,187,179
96,187,179
96,187,179
96,187,179
96,187,179
96,187,179
95,186,179
95,186,179
95,186,179
95,186,179
95,186,179
95,186,179
95,186,179
96,187,179
96,187,179
96,187,179
97,187,180
97,187,180
97,187,180
97,187,180
97,187,180
96,187,179
96,187,179
96,187,179
95,186,179
95,186,179
95,186,179
95,186,179
95,186,179
95,186,179
95,186,179
95,186,179
95,186,179
96,186,180
96,186,180
96,186,180
95,186,179
95,186,179
95,186,179
95,186,179
95,186,179
95,186,179
95,186,179
95,186,179
95,186,179
95,186,179
95,186,179
95,186,179
95,186,179
95,186,179
95,186,179
94,185,178
93,185,178
93,185,178
93,185,178
93,185,178
92,185,178
92,185,178
92,185,178
92,185,178
92,185,178
92,185,178
93,185,179
93,185,179
93,185,179
93,185,178
93,185,178
93,185,179
92,185,178
92,185,178
92,185,178
92,185,178
92,185,178
92,185,178
92,185,178
92,185,178
92,185,178
92,185,178
92,185,178
92,185,178
93,185,178
93,185,178
93,185,178
93,185,178
93,185,178
93,185,178
93,185,178
93,185,178
93,185,178
93,185,178
94,185,178
94,185,179
95,186,179
95,186,179
95,186,179
95,186,179
95,186,179
95,186,179
95,186,179
94,185,179
94,185,179
94,185,178
94,185,178
93,185,178
93,185,178
94,185,178
94,185,178
94,185,179
95,186,179
95,186,179
95,186,179
95,186,179
95,186,179
95,186,179
96,187,179
96,187,179
95,186,179
95,186,179
95,186,179
95,186,179
95,186,179
95,186,179
95,186,179
95,186,179
95,186,179
95,186,179
95,186,179
95,186,179
95,186,179
95,186,179
95,186,179
95,186,179
95,186,179
95,186,179
95,186,179
95,186,179
95,186,179
95,186,179
95,186,179
95,186,179
95,186,179
95,186,179
95,186,179
95,186,179
95,186,179
96,186,180
96,187,179
96,187,179
96,187,179
96,187,179
96,187,179
96,187,179
96,187,179
96,187,179
96,187,179
96,187,179
96,187,179
95,186,179
95,186,179
95,186,179
95,186,179
93,186,178
93,185,179
93,185,179
94,185,179
95,186,179
95,186,179
95,186,179
96,187,179
96,187,179
96,187,179
95,186,179
95,186,179
95,186,179
95,186,179
95,186,179
95,186,179
95,186,179
95,186,179
95,186,179
95,186,179
95,186,179
95,186,179
95,186,179
95,186,179
95,186,179
95,186,179
95,186,179
95,186,179
95,186,179
95,186,179
95,186,179
96,187,179
96,187,179
96,187,179
96,187,179
96,187,179
96,187,179
96,187,179
96,187,179
96,187,179
96,187,179
96,187,179
96,187,179
96,187,179
95,186,179
95,186,179
95,186,179
95,186,179
95,186,179
95,186,179
96,187,179
96,187,179
96,187,179
97,187,180
97,187,180
97,187,180
97,187,180
97,187,180
97,187,180
96,187,179
96,187,179
96,187,179
95,186,179
95,186,179
95,186,179
95,186,179
95,186,179
95,186,179
96,187,179
96,187,179
96,187,179
96,187,179
96,187,179
96,187,179
96,186,180
95,186,179
95,186,179
95,186,179
95,186,179
95,186,179
95,186,179
95,186,179
95,186,179
95,186,179
95,186,179
95,186,179
95,186,179
95,186,179
95,186,179
94,185,178
94,185,177
93,185,178
93,185,178
93,185,178
92,185,178
92,185,178
92,185,178
92,185,178
92,184,177
92,185,177
93,185,178
93,185,178
93,185,178
93,185,178
93,185,179
92,185,178
92,185,178
92,185,178
92,185,178
92,185,178
92,185,178
92,185,178
92,185,178
92,185,178
92,185,178
92,185,178
92,185,178
92,185,178
92,185,178
93,185,179
93,185,178
93,185,179
93,185,178
93,185,178
93,185,178
93,185,178
93,185,178
94,185,178
94,185,179
95,186,179
95,186,179
95,186,179
95,186,179
95,186,179
95,186,179
95,186,179
95,186,179
94,185,179
94,185,179
94,185,178
93,185,178
93,185,178
93,185,178
93,185,178
94,185,178
94,185,179
95,186,179
95,186,179
95,186,179
95,186,179
95,186,179
96,187,179
96,187,179
96,187,179
96,187,179
95,186,179
95,186,179
95,186,179
95,186,179
95,186,179
95,186,179
95,186,179
95,186,179
95,186,179
95,186,179
95,186,179
95,186,179
95,186,179
95,186,179
95,186,179
95,186,179
95,186,179
95,186,179
95,186,179
95,186,179
95,186,179
95,186,179
95,186,179
95,186,179
95,186,179
95,186,179
95,186,179
95,186,179
95,186,179
96,187,179
96,187,179
96,187,179
96,187,179
96,187,179
96,187,179
96,187,179
96,187,179
96,187,179
96,187,179
95,186,179
95,186,179
95,186,179
95,186,179
94,185,178
93,185,179
93,185,179
93,185,179
94,185,179
95,186,179
95,186,179
96,187,179
96,187,179
96,187,179
96,187,179
95,186,179
95,186,179
95,186,179
95,186,179
95,186,179
95,186,179
95,186,179
95,186,179
95,186,179
95,186,179
95,186,179
95,186,179
95,186,179
95,186,179
95,186,179
95,186,179
95,186,179
95,186,179
95,186,179
95,186,179
95,186,179
96,187,179
96,187,179
96,187,179
96,187,179
96,187,179
96,187,179
96,187,179
96,187,179
96,187,179
96,187,179
96,187,179
96,187,179
96,187,179
96,187,179
95,186,179
95,186,179
95,186,179
95,186,179
96,187,179
96,187,179
96,187,179
96,187,179
97,187,179
97,187,179
97,187,179
97,187,180
97,187,180
96,187,179
96,187,179
96,187,179
95,186,179
95,186,179
95,186,179
95,186,179
95,186,179
95,186,179
96,187,179
96,187,179
96,187,179
96,187,179
96,187,179
96,187,179
96,187,179
96,187,179
96,186,180
95,186,179
95,186,179
95,186,179
95,186,179
95,186,179
95,186,179
95,186,179
95,186,179
95,186,179
95,186,179
95,186,179
95,186,179
95,186,179
95,186,179
94,185,177
93,185,178
93,185,178
93,185,178
92,185,178
92,185,178
92,185,178
92,185,178
91,184,177
92,184,177
92,185,177
93,185,178
93,185,178
93,185,178
93,185,178
93,185,178
92,185,177
92,184,178
92,184,178
92,185,178
92,185,178
92,185,178
92,185,178
92,185,178
92,185,178
92,185,178
92,185,178
92,185,178
92,185,178
92,185,178
92,185,178
93,185,179
93,185,179
93,185,178
93,185,178
93,185,178
93,185,178
94,185,178
94,185,179
95,186,179
95,186,179
95,186,179
95,186,179
95,186,179
95,186,179
95,186,179
95,186,179
95,186,179
94,185,179
94,185,179
94,185,178
93,185,178
93,185,178
93,185,178
93,185,178
94,185,178
94,185,179
95,186,179
95,186,179
95,186,179
95,186,179
95,186,179
96,187,179
96,187,179
96,187,179
96,187,179
95,186,179
95,186,179
95,186,179
95,186,179
95,186,179
95,186,179
95,186,179
95,186,179
95,186,179
95,186,179
95,186,179
95,186,179
95,186,179
95,186,179
95,186,179
95,186,179
95,186,179
95,186,179
95,186,179
95,186,179
95,186,179
95,186,179
95,186,179
95,186,179
95,186,179
95,186,179
95,186,179
95,186,179
95,186,179
95,186,179
96,187,179
96,187,179
96,187,179
96,187,179
96,187,179
96,187,179
96,187,179
96,187,179
96,187,179
95,186,179
95,186,179
95,186,179
93,186,178
93,185,179
93,185,179
93,185,179
93,185,179
94,185,179
95,186,179
95,186,179
96,187,179
96,187,179
96,187,179
96,187,179
95,186,179
95,186,179
95,186,179
95,186,179
95,186,179
95,186,179
95,186,179
95,186,179
95,186,179
95,186,179
95,186,179
95,186,179
95,186,179
95,186,179
95,186,179
95,186,179
95,186,179
95,186,179
95,186,179
95,186,179
96,187,179
96,187,179
96,187,179
96,187,179
96,187,179
96,187,179
96,187,179
96,187,179
96,187,179
96,187,179
96,187,179
97,187,179
97,187,179
97,187,179
96,187,179
96,187,179
96,186,180
95,186,179
96,186,180
96,187,179
96,187,179
96,187,179
96,187,179
97,187,179
97,187,179
97,187,179
97,187,180
97,187,180
96,187,179
96,187,179
95,186,179
95,186,179
95,186,179
95,186,179
95,186,179
95,186,179
96,187,179
96,187,179
96,187,179
96,187,179
96,187,179
96,187,179
96,187,179
96,187,179
96,187,179
96,187,179
95,186,179
95,186,179
95,186,179
95,186,179
95,186,179
95,186,179
95,186,179
95,186,179
95,186,179
95,186,179
95,186,179
95,186,179
95,186,179
95,186,179
94,185,177
93,185,178
93,185,178
93,185,178
92,185,178
92,185,178
92,185,178
92,185,178
92,184,178
92,184,177
92,185,177
92,185,177
93,185,178
93,185,178
93,185,178
93,185,178
92,185,178
92,184,178
92,184,178
92,185,178
92,185,178
92,185,178
92,185,178
92,185,178
92,185,178
92,185,178
92,185,178
92,185,178
92,185,178
92,185,178
93,185,179
93,185,179
93,185,179
93,185,178
93,185,178
93,185,178
94,185,178
94,185,179
95,186,179
95,186,179
95,186,179
95,186,179
95,186,179
95,186,179
95,186,179
95,186,179
95,186,179
95,186,179
95,186,179
94,185,179
94,185,179
94,185,178
93,185,178
93,185,178
94,185,178
94,185,178
94,185,179
94,185,179
95,186,179
95,186,179
95,186,179
95,186,179
95,186,179
96,187,179
96,187,179
95,186,179
95,186,179
95,186,179
95,186,179
95,186,179
95,186,179
95,186,179
95,186,179
95,186,179
95,186,179
95,186,179
95,186,179
95,186,179
95,186,179
95,186,179
95,186,179
95,186,179
95,186,179
95,186,179
95,186,179
95,186,179
95,186,179
95,186,179
95,186,179
95,186,179
95,186,179
95,186,179
95,186,179
95,186,179
95,186,179
95,186,179
95,186,179
96,187,179
96,187,179
96,187,179
96,187,179
96,187,179
96,187,179
96,187,179
95,186,179
95,186,179
95,186,179
95,186,179
94,185,177
94,185,177
93,185,178
93,185,178
93,186,178
94,185,179
95,186,179
95,186,179
96,187,179
96,187,179
96,187,179
95,186,179
95,186,179
95,186,179
95,186,179
95,186,179
95,186,179
95,186,179
95,186,179
95,186,179
95,186,179
95,186,179
95,186,179
95,186,179
95,186,179
95,186,179
95,186,179
95,186,179
95,186,179
95,186,179
95,186,179
95,186,179
96,187,179
96,187,179
96,187,179
96,187,179
96,187,179
96,187,179
96,187,179
96,187,179
96,187,179
96,187,179
97,187,179
97,187,179
97,187,179
97,187,179
96,187,179
96,187,179
96,187,179
95,186,179
95,186,179
96,187,179
96,187,179
96,187,179
96,187,179
97,187,180
97,187,180
97,187,180
97,187,180
97,187,180
96,187,179
96,187,179
95,186,179
95,186,179
95,186,179
95,186,179
95,186,179
95,186,179
96,187,179
96,187,179
96,187,179
96,187,179
96,187,179
96,187,179
96,187,179
96,187,179
96,187,179
95,186,179
95,186,179
95,186,179
95,186,179
95,186,179
95,186,179
95,186,179
95,186,179
95,186,179
95,186,179
95,186,179
95,186,179
95,186,179
95,186,179
95,186,179
94,185,177
93,185,178
93,185,178
93,185,178
92,185,178
92,185,178
92,185,178
92,185,178
91,184,177
92,185,177
92,185,177
93,185,178
93,185,178
93,185,178
92,185,177
92,185,178
92,184,178
92,184,178
92,185,178
92,185,178
92,185,178
92,185,178
92,185,178
92,185,178
92,185,178
92,185,178
92,185,178
92,185,178
92,185,178
93,185,179
93,185,179
93,185,179
93,185,178
94,185,179
94,185,179
94,185,179
95,186,179
95,186,179
95,186,179
95,186,179
95,186,179
95,186,179
95,186,179
95,186,179
95,186,179
95,186,179
95,186,179
95,186,179
95,186,179
95,186,179
95,186,179
95,186,179
95,186,179
95,186,179
95,186,179
94,185,178
94,185,178
94,185,178
95,186,179
95,186,179
95,186,179
95,186,179
95,186,179
95,186,179
95,186,179
95,186,179
95,186,179
95,186,179
95,186,179
95,186,179
95,186,179
95,186,179
95,186,179
95,186,179
95,186,179
95,186,179
95,186,179
95,186,179
95,186,179
95,186,179
95,186,179
95,186,179
95,186,179
95,186,179
95,186,179
95,186,179
95,186,179
95,186,179
95,186,179
95,186,179
95,186,179
95,186,179
95,186,179
95,186,179
95,186,179
95,186,179
95,186,179
95,186,179
95,186,179
95,186,179
95,186,179
95,186,179
95,186,179
95,186,179
95,186,179
95,186,179
95,186,179
94,185,177
94,185,177
94,185,178
94,185,178
93,186,178
94,185,179
95,186,179
95,186,179
95,186,179
95,186,179
95,186,179
95,186,179
95,186,179
95,186,179
95,186,179
95,186,179
95,186,179
95,186,179
95,186,179
95,186,179
95,186,179
95,186,179
95,186,179
95,186,179
95,186,179
95,186,179
95,186,179
95,186,179
96,187,179
96,186,180
96,187,179
96,187,179
96,187,179
96,187,179
96,187,179
96,187,179
96,187,179
96,187,179
96,187,179
96,187,179
96,187,179
96,187,179
97,187,179
97,187,179
97,187,179
97,187,179
96,187,179
96,187,179
96,186,180
95,186,179
95,186,179
96,187,179
96,187,179
96,187,179
96,187,179
96,187,179
97,187,180
97,187,180
97,187,180
97,187,180
96,187,179
96,187,179
95,186,179
95,186,179
95,186,179
95,186,179
95,186,179
95,186,179
96,187,179
96,187,179
96,187,179
96,187,179
96,187,179
96,187,179
96,187,179
96,187,179
96,187,179
95,186,179
95,186,179
95,186,179
95,186,179
95,186,179
95,186,179
95,186,179
95,186,179
95,186,179
95,186,179
95,186,179
95,186,179
95,186,179
95,186,179
95,186,179
94,185,177
93,185,178
93,185,178
93,185,178
92,185,178
92,185,178
92,185,178
92,185,178
91,184,176
92,184,177
92,185,177
93,185,178
93,185,178
93,185,178
93,185,178
92,185,177
92,185,177
92,185,178
92,185,178
92,185,177
92,185,177
92,185,178
92,185,178
92,185,178
92,185,178
92,185,178
92,185,178
92,185,178
92,185,178
93,185,179
93,185,179
93,185,179
94,185,179
94,185,179
95,186,179
95,186,179
95,186,179
95,186,179
95,186,179
95,186,179
95,186,179
95,186,179
95,186,179
95,186,179
95,186,179
95,186,179
95,186,179
95,186,179
95,186,179
95,186,179
95,186,179
95,186,179
95,186,179
95,186,179
95,186,179
94,185,178
94,185,178
94,185,178
94,185,178
95,186,179
95,186,179
95,186,179
95,186,179
95,186,179
95,186,179
95,186,179
95,186,179
95,186,179
95,186,179
95,186,179
95,186,179
95,186,179
95,186,179
95,186,179
95,186,179
95,186,179
95,186,179
95,186,179
95,186,179
95,186,179
95,186,179
95,186,179
95,186,179
95,186,179
95,186,179
95,186,179
95,186,179
95,186,179
95,186,179
95,186,179
95,186,179
95,186,179
95,186,179
95,186,179
95,186,179
95,186,179
95,186,179
95,186,179
95,186,179
95,186,179
95,186,179
95,186,179
95,186,179
95,186,179
95,186,179
95,186,179
95,186,179
94,185,177
94,185,177
94,185,178
94,185,178
94,185,178
95,186,179
95,186,179
95,186,179
95,186,179
95,186,179
95,186,179
95,186,179
95,186,179
95,186,179
95,186,179
95,186,179
95,186,179
95,186,179
95,186,179
95,186,179
95,186,179
95,186,179
95,186,179
95,186,179
95,186,179
95,186,179
95,186,179
96,186,180
96,187,179
96,187,179
96,187,179
96,187,179
96,187,179
96,187,179
96,187,179
96,187,179
96,187,179
96,187,179
96,187,179
96,187,179
96,187,179
96,187,179
97,187,179
97,187,179
97,187,179
96,187,179
96,187,179
96,187,179
95,186,179
95,186,179
95,186,179
95,186,179
96,187,179
96,187,179
96,187,179
96,187,179
97,187,180
97,187,180
97,187,180
97,187,180
96,187,179
96,187,179
95,186,179
95,186,179
95,186,179
95,186,179
95,186,179
95,186,179
96,187,179
96,187,179
96,187,179
96,187,179
96,187,179
96,187,179
96,187,179
96,187,179
95,186,179
95,186,179
95,186,179
95,186,179
95,186,179
95,186,179
95,186,179
95,186,179
95,186,179
95,186,179
95,186,179
95,186,179
95,186,179
95,186,179
95,186,179
95,186,179
94,185,178
93,185,178
93,185,178
93,185,179
92,185,178
92,185,178
92,185,178
92,185,178
90,183,176
91,184,177
92,185,177
93,185,178
93,185,178
93,185,178
92,185,177
92,185,177
92,185,177
92,185,178
92,185,178
92,185,178
92,185,178
92,185,178
92,185,178
92,185,178
92,185,178
92,185,178
92,185,178
93,185,179
93,185,179
93,185,179
93,186,178
94,185,179
95,186,179
95,186,179
95,186,179
95,186,179
95,186,179
95,186,179
95,186,179
95,186,179
95,186,179
95,186,179
95,186,179
95,186,179
95,186,179
95,186,179
95,186,179
95,186,179
95,186,179
95,186,179
95,186,179
95,186,179
95,186,179
95,186,179
94,185,179
94,185,178
94,185,178
94,185,177
94,185,177
94,185,178
94,185,178
95,186,179
95,186,179
95,186,179
95,186,179
95,186,179
95,186,179
95,186,179
95,186,179
95,186,179
95,186,179
95,186,179
95,186,179
95,186,179
95,186,179
95,186,179
95,186,179
95,186,179
95,186,179
95,186,179
95,186,179
95,186,179
95,186,179
95,186,179
95,186,179
95,186,179
95,186,179
95,186,179
95,186,179
95,186,179
95,186,179
95,186,179
95,186,179
95,186,179
95,186,179
95,186,179
95,186,179
95,186,179
95,186,179
95,186,179
95,186,179
95,186,179
95,186,179
95,186,179
95,186,179
95,186,179
95,186,179
94,185,178
93,185,178
93,185,178
94,185,178
94,185,178
95,186,179
95,186,179
95,186,179
95,186,179
95,186,179
95,186,179
95,186,179
95,186,179
95,186,179
95,186,179
95,186,179
95,186,179
95,186,179
95,186,179
95,186,179
95,186,179
95,186,179
95,186,179
95,186,179
95,186,179
95,186,179
95,186,179
96,186,180
96,187,179
96,187,179
96,187,179
96,187,179
96,187,179
96,187,179
96,187,179
96,187,179
96,187,179
96,187,179
96,187,179
96,187,179
96,187,179
96,187,179
96,187,179
96,187,179
96,187,179
96,187,179
96,187,179
96,187,179
95,186,179
95,186,179
95,186,179
95,186,179
96,187,179
96,187,179
96,187,179
96,187,179
97,187,180
97,187,180
97,187,180
97,187,180
96,187,179
96,187,179
95,186,179
95,186,179
95,186,179
95,186,179
95,186,179
95,186,179
96,187,179
96,187,179
96,187,179
96,187,179
96,187,179
96,187,179
96,187,179
96,187,179
95,186,179
95,186,179
95,186,179
95,186,179
95,186,179
95,186,179
95,186,179
95,186,179
95,186,179
95,186,179
95,186,179
95,186,179
95,186,179
95,186,179
95,186,179
95,186,179
94,185,178
93,185,178
93,185,179
93,185,179
93,185,179
92,185,178
92,185,178
92,185,178
89,183,176
90,184,177
92,184,177
93,185,178
93,185,178
93,185,178
93,185,178
93,185,178
92,185,177
92,184,178
92,184,178
92,185,178
92,185,178
92,185,178
92,185,178
92,185,178
92,185,178
92,185,178
93,185,179
93,185,178
93,185,178
94,185,178
94,185,178
95,186,179
95,186,179
95,186,179
95,186,179
95,186,179
95,186,179
95,186,179
95,186,179
95,186,179
95,186,179
95,186,179
95,186,179
95,186,179
95,186,179
95,186,179
95,186,179
95,186,179
95,186,179
95,186,179
95,186,179
95,186,179
95,186,179
95,186,179
94,185,179
94,185,178
94,185,178
94,185,177
94,185,177
94,185,178
94,185,178
93,186,178
95,186,179
95,186,179
95,186,179
95,186,179
95,186,179
95,186,179
95,186,179
95,186,179
95,186,179
95,186,179
95,186,179
95,186,179
95,186,179
95,186,179
95,186,179
95,186,179
95,186,179
95,186,179
95,186,179
95,186,179
95,186,179
95,186,179
95,186,179
95,186,179
95,186,179
95,186,179
95,186,179
95,186,179
95,186,179
95,186,179
95,186,179
95,186,179
95,186,179
95,186,179
95,186,179
95,186,179
95,186,179
95,186,179
95,186,179
95,186,179
95,186,179
95,186,179
95,186,179
95,186,179
95,186,179
94,185,178
93,185,178
93,185,178
94,185,178
95,186,178
95,186,179
95,186,179
95,186,179
95,186,179
95,186,179
95,186,179
95,186,179
95,186,179
95,186,179
95,186,179
95,186,179
95,186,179
95,186,179
95,186,179
95,186,179
95,186,179
95,186,179
95,186,179
95,186,179
95,186,179
95,186,179
95,186,179
96,186,180
96,187,179
96,187,179
96,187,179
96,187,179
96,187,179
96,187,179
96,187,179
96,187,179
96,187,179
96,187,179
96,187,179
96,187,179
96,187,179
96,187,179
96,187,179
96,187,179
96,187,179
96,187,179
96,187,179
96,187,179
95,186,179
95,186,179
95,186,179
95,186,179
95,186,179
96,187,179
96,187,179
96,187,179
96,187,179
97,187,180
97,187,180
97,187,180
96,187,179
96,187,179
95,186,179
95,186,179
95,186,179
95,186,179
95,186,179
95,186,179
96,187,179
96,187,179
96,187,179
96,187,179
96,187,179
96,187,179
96,187,179
96,187,179
96,187,179
95,186,179
95,186,179
95,186,179
95,186,179
95,186,179
95,186,179
95,186,179
95,186,179
95,186,179
95,186,179
95,186,179
95,186,179
95,186,179
95,186,179
95,186,179
94,185,178
93,185,178
93,185,178
93,185,179
93,185,179
93,185,179
92,185,178
92,185,177
88,183,176
90,183,176
91,184,177
92,184,177
93,185,178
93,185,178
93,185,178
93,185,178
93,185,178
93,185,178
93,185,178
92,185,178
92,185,178
92,185,178
92,185,178
92,185,178
92,185,178
93,185,178
93,185,178
93,185,178
94,185,178
94,185,178
94,185,178
95,186,179
95,186,179
95,186,179
95,186,179
95,186,179
95,186,179
95,186,179
95,186,179
95,186,179
95,186,179
95,186,179
95,186,179
94,185,179
95,186,179
95,186,179
95,186,179
95,186,179
95,186,179
95,186,179
95,186,179
95,186,179
95,186,179
95,186,179
94,185,179
94,185,178
94,185,177
93,185,178
93,185,178
92,185,178
92,185,178
93,185,179
93,186,178
94,185,179
94,185,179
95,186,179
95,186,179
95,186,179
95,186,179
95,186,179
95,186,179
95,186,179
95,186,179
95,186,179
95,186,179
95,186,179
95,186,179
95,186,179
95,186,179
95,186,179
95,186,179
95,186,179
95,186,179
95,186,179
95,186,179
95,186,179
95,186,179
95,186,179
95,186,179
95,186,179
95,186,179
95,186,179
95,186,179
95,186,179
95,186,179
95,186,179
95,186,179
95,186,179
95,186,179
95,186,179
95,186,179
95,186,179
95,186,179
95,186,179
95,186,179
95,186,179
95,186,179
94,185,179
94,185,178
94,185,178
94,185,178
95,186,178
95,186,179
95,186,179
95,186,179
95,186,179
95,186,179
95,186,179
95,186,179
95,186,179
95,186,179
94,185,179
94,185,179
94,185,179
95,186,179
95,186,179
95,186,179
95,186,179
95,186,179
95,186,179
95,186,179
95,186,179
95,186,179
95,186,179
96,186,180
96,187,179
96,187,179
96,187,179
96,187,179
96,187,179
96,187,179
96,187,179
96,187,179
96,187,179
96,187,179
96,187,179
96,187,179
96,187,179
96,187,179
96,187,179
96,187,179
96,187,179
96,187,179
96,187,179
96,187,179
95,186,179
95,186,179
95,186,179
95,186,179
95,186,179
95,186,179
96,187,179
96,187,179
96,187,179
97,187,180
97,187,180
96,187,179
96,187,179
96,187,179
95,186,179
95,186,179
95,186,179
95,186,179
95,186,179
95,186,179
96,187,179
96,187,179
96,187,179
96,187,179
96,187,179
96,187,179
96,187,179
96,187,179
96,187,179
96,187,179
95,186,179
95,186,179
95,186,179
95,186,179
95,186,179
95,186,179
95,186,179
95,186,179
95,186,179
95,186,179
95,186,179
95,186,179
95,186,179
95,186,179
94,185,178
93,185,178
93,185,178
93,185,178
93,185,179
93,185,179
93,185,179
93,185,178
87,182,176
89,183,176
90,183,177
92,184,177
93,185,178
93,185,178
93,185,178
93,185,178
93,185,178
93,185,178
93,185,178
92,185,178
92,185,178
92,185,178
92,185,178
92,185,178
92,185,178
93,185,178
93,185,178
94,185,178
94,185,178
94,185,178
94,185,178
95,186,179
95,186,179
95,186,179
95,186,179
95,186,179
95,186,179
95,186,179
95,186,179
95,186,179
95,186,179
95,186,179
94,185,179
94,185,179
94,185,179
95,186,179
95,186,179
95,186,179
95,186,179
95,186,179
95,186,179
95,186,179
95,186,179
95,186,179
94,185,178
94,185,178
93,185,178
92,185,177
92,185,178
92,185,178
92,185,178
92,185,178
92,185,178
93,186,178
94,185,179
94,185,179
95,186,179
95,186,179
95,186,179
95,186,179
95,186,179
95,186,179
95,186,179
95,186,179
95,186,179
95,186,179
95,186,179
95,186,179
94,185,179
94,185,179
95,186,179
95,186,179
95,186,179
95,186,179
95,186,179
95,186,179
95,186,179
95,186,179
95,186,179
95,186,179
95,186,179
95,186,179
95,186,179
95,186,179
95,186,179
95,186,179
95,186,179
95,186,179
95,186,179
95,186,179
95,186,179
95,186,179
95,186,179
95,186,179
95,186,179
95,186,179
95,186,179
95,186,178
94,185,178
94,185,178
94,185,178
95,186,178
95,186,179
95,186,179
95,186,179
95,186,179
95,186,179
95,186,179
95,186,179
95,186,179
94,185,179
94,185,179
94,185,179
94,185,179
95,186,179
95,186,179
95,186,179
95,186,179
95,186,179
95,186,179
95,186,179
95,186,179
95,186,179
95,186,179
95,186,179
96,187,179
96,187,179
96,187,179
96,187,179
96,187,179
96,187,179
96,187,179
96,187,179
96,187,179
96,187,179
96,187,179
96,187,179
96,187,179
96,187,179
96,187,179
96,187,179
96,187,179
96,187,179
96,187,179
96,187,179
95,186,179
95,186,179
95,186,179
95,186,179
95,186,179
95,186,179
96,187,179
96,187,179
96,187,179
97,187,180
97,187,180
96,187,179
96,187,179
96,187,179
95,186,179
95,186,179
95,186,179
95,186,179
95,186,179
95,186,179
96,187,179
96,187,179
96,187,179
96,187,179
96,187,179
96,187,179
96,187,179
96,187,179
96,187,179
96,187,179
95,186,179
95,186,179
95,186,179
95,186,179
95,186,179
95,186,179
95,186,179
95,186,179
95,186,179
95,186,179
95,186,179
95,186,179
95,186,179
95,186,179
94,185,178
93,185,178
93,185,178
93,185,178
93,185,178
93,185,178
93,185,178
93,185,178
87,182,175
88,183,176
90,183,176
91,184,177
93,185,178
93,185,178
93,185,178
93,185,178
93,185,178
93,185,178
92,184,178
92,184,178
92,185,178
92,185,178
92,185,178
92,185,178
92,185,178
93,185,178
94,185,178
94,185,178
94,185,178
94,185,178
94,185,178
94,185,178
95,186,179
95,186,179
95,186,179
95,186,179
95,186,179
95,186,179
95,186,179
95,186,179
95,186,179
95,186,179
95,186,179
95,186,179
95,186,179
95,186,179
95,186,179
95,186,179
95,186,179
95,186,179
95,186,179
95,186,179
95,186,179
94,185,179
94,185,178
94,185,178
92,185,178
92,185,178
92,185,178
92,185,178
92,185,178
92,185,178
92,185,178
93,185,179
94,185,179
94,185,179
95,186,179
95,186,179
95,186,179
95,186,179
95,186,179
95,186,179
95,186,179
95,186,179
95,186,179
95,186,179
95,186,179
95,186,179
94,185,179
94,185,179
95,186,179
95,186,179
95,186,179
95,186,179
95,186,179
95,186,179
95,186,179
95,186,179
95,186,179
95,186,179
95,186,179
95,186,179
95,186,179
95,186,179
95,186,179
95,186,179
95,186,179
95,186,179
95,186,179
95,186,179
95,186,179
95,186,179
95,186,179
95,186,179
95,186,179
95,186,179
95,186,179
95,186,178
95,186,178
95,186,178
95,186,178
95,186,179
95,186,179
95,186,179
95,186,179
95,186,179
95,186,179
95,186,179
95,186,179
95,186,179
94,185,179
94,185,179
94,185,179
94,185,179
95,186,179
95,186,179
95,186,179
95,186,179
95,186,179
95,186,179
95,186,179
95,186,179
95,186,179
95,186,179
95,186,179
96,187,179
96,187,179
96,187,179
96,187,179
96,187,179
96,187,179
96,187,179
96,187,179
96,187,179
96,187,179
96,187,179
96,187,179
96,187,179
96,187,179
96,187,179
96,187,179
96,187,179
96,187,179
96,187,179
96,187,179
95,186,179
95,186,179
95,186,179
95,186,179
95,186,179
95,186,179
95,186,179
96,187,179
96,187,179
96,187,179
96,187,179
96,187,179
96,187,179
96,187,179
95,186,179
95,186,179
95,186,179
95,186,179
95,186,179
95,186,179
96,187,179
96,187,179
96,187,179
96,187,179
96,187,179
96,187,179
96,187,179
96,187,179
96,187,179
96,187,179
96,187,179
95,186,179
95,186,179
95,186,179
95,186,179
95,186,179
95,186,179
95,186,179
95,186,179
95,186,179
95,186,179
95,186,179
95,186,179
95,186,179
94,185,178
93,185,178
93,185,178
93,185,178
93,185,178
93,185,178
93,185,178
93,185,179
86,182,175
87,182,176
89,183,176
90,184,177
92,184,177
93,185,178
93,185,178
93,185,178
93,185,178
93,185,178
93,185,178
92,185,178
92,184,178
92,185,178
92,185,178
92,185,178
92,185,178
94,185,178
94,185,178
94,185,178
94,185,178
93,185,178
93,185,178
93,185,178
94,185,178
95,186,179
95,186,179
95,186,179
95,186,179
95,186,179
95,186,179
95,186,179
95,186,179
95,186,179
95,186,179
95,186,179
95,186,179
95,186,179
95,186,179
95,186,179
95,186,179
95,186,179
95,186,179
95,186,179
94,185,178
94,185,178
94,185,178
93,185,178
92,185,178
92,185,178
92,185,178
92,185,178
92,185,178
92,185,178
92,185,178
93,185,179
94,185,179
95,186,179
95,186,179
95,186,179
95,186,179
95,186,179
95,186,179
95,186,179
95,186,179
95,186,179
95,186,179
95,186,179
95,186,179
95,186,179
95,186,179
95,186,179
95,186,179
95,186,179
95,186,179
95,186,179
95,186,179
95,186,179
95,186,179
95,186,179
95,186,179
95,186,179
95,186,179
95,186,179
95,186,179
95,186,179
95,186,179
95,186,179
95,186,179
95,186,179
95,186,179
95,186,179
95,186,179
95,186,179
95,186,179
95,186,179
95,186,179
95,186,179
95,186,179
95,186,178
95,186,178
95,186,178
95,186,178
95,186,179
95,186,179
95,186,179
95,186,179
95,186,179
95,186,179
95,186,179
95,186,179
95,186,179
94,185,179
94,185,179
94,185,179
94,185,179
95,186,179
95,186,179
95,186,179
95,186,179
95,186,179
95,186,179
95,186,179
95,186,179
95,186,179
95,186,179
95,186,179
96,187,179
96,187,179
96,187,179
96,187,179
96,187,179
96,187,179
96,187,179
96,187,179
96,187,179
96,187,179
96,187,179
96,187,179
97,187,180
97,187,180
97,187,180
96,187,179
96,187,179
96,187,179
96,187,179
96,187,179
95,186,179
95,186,179
95,186,179
95,186,179
95,186,179
95,186,179
95,186,179
96,186,180
96,187,179
96,187,179
96,187,179
96,187,179
96,187,179
96,187,179
95,186,179
95,186,179
95,186,179
95,186,179
95,186,179
95,186,179
96,187,179
96,187,179
96,187,179
96,187,179
96,187,179
96,187,179
96,187,179
96,187,179
96,187,179
96,187,179
96,187,179
96,187,179
95,186,179
95,186,179
95,186,179
95,186,179
95,186,179
95,186,179
95,186,179
95,186,179
95,186,179
95,186,179
95,186,179
95,186,179
94,185,178
93,185,178
93,185,178
93,185,178
93,185,178
93,185,178
93,185,178
93,185,179
86,182,175
87,182,176
88,183,176
90,183,176
91,184,177
93,185,178
93,185,178
93,185,178
93,185,178
93,185,178
93,185,178
92,185,178
92,185,178
92,185,178
92,185,178
92,185,178
93,185,179
94,185,178
94,185,178
94,185,178
94,185,178
93,185,178
93,185,178
93,185,178
93,185,178
93,185,178
93,185,178
93,185,178
94,185,179
95,186,179
95,186,179
95,186,179
95,186,179
95,186,179
94,185,179
94,185,179
94,185,179
95,186,179
95,186,179
95,186,179
95,186,179
95,186,179
94,185,178
94,185,178
94,185,178
94,185,178
94,185,178
93,185,179
93,185,179
93,185,178
92,185,177
93,185,179
93,185,179
93,185,179
93,185,179
94,185,178
95,186,179
95,186,179
95,186,179
95,186,179
95,186,179
95,186,179
95,186,179
95,186,179
95,186,179
95,186,179
95,186,179
95,186,179
95,186,179
95,186,179
95,186,179
95,186,179
95,186,179
95,186,179
95,186,179
95,186,179
95,186,179
95,186,179
95,186,179
95,186,179
95,186,179
95,186,179
95,186,179
95,186,179
95,186,179
95,186,179
95,186,179
95,186,179
95,186,179
95,186,179
95,186,179
95,186,179
95,186,179
95,186,179
95,186,179
95,186,179
95,186,179
95,186,179
95,186,179
95,186,179
95,186,178
95,186,178
95,186,179
95,186,179
96,187,179
96,187,179
96,187,179
95,186,179
95,186,179
95,186,179
95,186,179
94,185,179
94,185,178
93,186,178
94,185,179
94,185,179
95,186,179
95,186,179
95,186,179
95,186,179
95,186,179
95,186,179
95,186,179
95,186,179
95,186,179
95,186,179
95,186,179
96,187,179
96,187,179
96,187,179
96,187,179
96,187,179
96,187,179
96,187,179
96,187,179
96,187,179
96,187,179
96,187,179
96,187,179
97,187,180
97,187,180
97,187,180
97,187,180
96,187,179
96,187,179
96,187,179
96,187,179
95,186,179
95,186,179
95,186,179
95,186,179
95,186,179
95,186,179
95,186,179
95,186,179
96,187,179
96,187,179
96,187,179
96,187,179
96,187,179
96,187,179
95,186,179
95,186,179
95,186,179
95,186,179
95,186,179
95,186,179
96,187,179
96,187,179
96,187,179
96,187,179
96,187,179
96,187,179
96,187,179
96,187,179
96,187,179
96,187,179
96,187,179
96,187,179
95,186,179
95,186,179
95,186,179
95,186,179
95,186,179
95,186,179
95,186,179
95,186,179
95,186,179
95,186,179
95,186,179
95,186,179
94,185,178
93,185,178
93,185,178
93,185,178
93,185,178
93,185,178
93,185,178
93,185,179
86,181,175
86,182,176
88,183,176
89,183,176
91,184,177
93,185,178
93,185,178
93,185,178
93,185,178
93,185,178
93,185,178
92,185,178
92,184,178
92,185,178
92,185,178
92,185,178
93,185,178
94,185,178
94,185,178
94,185,178
94,185,178
94,185,178
93,185,178
93,185,178
93,185,178
93,185,178
93,185,178
93,185,178
93,185,178
94,185,179
95,186,179
95,186,179
95,186,179
95,186,179
95,186,179
95,186,179
95,186,179
95,186,179
95,186,179
95,186,179
94,185,179
93,185,178
93,185,178
93,185,178
93,185,178
93,185,178
93,185,178
93,185,178
93,185,178
93,185,178
93,185,178
93,185,178
94,185,177
94,185,177
94,185,178
95,186,179
95,186,179
95,186,179
95,186,179
95,186,179
95,186,179
95,186,179
95,186,179
95,186,179
95,186,179
95,186,179
95,186,179
95,186,179
95,186,179
95,186,179
95,186,179
95,186,179
95,186,179
95,186,179
95,186,179
95,186,179
95,186,179
95,186,179
95,186,179
95,186,179
95,186,179
95,186,179
95,186,179
95,186,179
95,186,179
95,186,179
95,186,179
95,186,179
95,186,179
95,186,179
95,186,179
95,186,179
95,186,179
95,186,179
95,186,179
95,186,179
95,186,179
95,186,179
95,186,179
95,186,179
95,186,179
95,186,179
95,186,179
96,187,179
96,187,179
96,187,179
96,187,179
95,186,179
95,186,179
95,186,179
95,186,179
94,185,179
94,185,178
94,185,178
94,185,179
94,185,179
95,186,179
95,186,179
95,186,179
95,186,179
96,187,179
96,187,179
95,186,179
95,186,179
95,186,179
95,186,179
95,186,179
96,187,179
96,187,179
96,187,179
96,187,179
96,187,179
96,187,179
96,187,179
96,187,179
96,187,179
96,187,179
96,187,179
97,187,180
97,187,179
97,187,179
97,187,180
97,187,180
96,187,179
96,187,179
96,187,179
96,187,179
96,187,179
95,186,179
95,186,179
95,186,179
95,186,179
95,186,179
95,186,179
95,186,179
95,186,179
96,187,179
96,187,179
96,187,179
96,187,179
96,187,179
95,186,179
95,186,179
95,186,179
95,186,179
95,186,179
95,186,179
96,187,179
96,187,179
96,187,179
96,187,179
96,187,179
96,187,179
96,187,179
96,187,179
96,187,179
96,187,179
96,187,179
96,187,179
96,187,179
95,186,179
95,186,179
95,186,179
95,186,179
95,186,179
95,186,179
95,186,179
95,186,179
95,186,179
95,186,179
95,186,179
94,185,179
93,185,178
93,185,178
93,185,178
92,185,178
93,185,178
93,185,178
93,185,178
85,181,175
86,182,176
87,182,176
88,183,176
91,184,176
92,184,177
93,185,178
93,185,178
93,185,178
93,185,178
92,185,178
92,185,178
92,185,178
92,185,178
92,185,178
92,185,178
93,185,178
94,185,178
94,185,178
94,185,178
94,185,178
94,185,178
93,185,178
93,185,178
93,185,178
93,185,178
93,185,178
93,185,178
93,185,178
94,185,179
95,186,179
95,186,179
95,186,179
95,186,179
95,186,179
95,186,179
95,186,179
95,186,179
95,186,179
95,186,179
94,185,178
93,185,178
93,185,178
93,185,178
93,185,178
93,185,178
94,185,178
94,185,178
94,185,177
94,185,177
94,185,177
94,185,177
94,185,177
94,185,177
95,186,179
95,186,179
95,186,179
95,186,179
95,186,179
95,186,179
95,186,179
95,186,179
95,186,179
95,186,179
95,186,179
95,186,179
95,186,179
95,186,179
95,186,179
95,186,179
95,186,179
95,186,179
95,186,179
95,186,179
95,186,179
95,186,179
95,186,179
95,186,179
95,186,179
95,186,179
95,186,179
95,186,179
95,186,179
95,186,179
95,186,179
95,186,179
95,186,179
95,186,179
95,186,179
95,186,179
95,186,179
95,186,179
95,186,179
95,186,179
95,186,179
95,186,179
95,186,179
95,186,179
95,186,179
95,186,179
95,186,179
95,186,179
96,187,179
96,187,179
96,187,179
96,187,179
96,187,179
95,186,179
95,186,179
95,186,179
95,186,179
94,185,179
94,185,178
94,185,178
94,185,179
95,186,179
95,186,179
95,186,179
95,186,179
96,187,179
96,187,179
96,187,179
96,187,179
95,186,179
95,186,179
95,186,179
95,186,179
95,186,179
96,187,179
96,187,179
96,187,179
96,187,179
96,187,179
96,187,179
96,187,179
96,187,179
96,187,179
96,187,179
97,187,180
97,187,179
97,187,179
97,187,179
96,187,179
96,187,179
96,187,179
96,187,179
96,187,179
96,187,179
96,186,180
95,186,179
95,186,179
95,186,179
95,186,179
95,186,179
95,186,179
96,187,179
96,187,179
96,187,179
96,187,179
96,187,179
95,186,179
95,186,179
95,186,179
95,186,179
95,186,179
95,186,179
95,186,179
96,187,179
96,187,179
96,187,179
96,187,179
96,187,179
96,187,179
96,187,179
96,187,179
96,187,179
96,187,179
96,187,179
96,187,179
96,187,179
95,186,179
95,186,179
95,186,179
95,186,179
95,186,179
95,186,179
95,186,179
95,186,179
95,186,179
95,186,179
95,186,179
94,185,179
93,185,178
93,185,178
93,185,178
92,185,178
93,185,178
93,185,178
93,185,178
85,181,175
86,182,175
86,182,176
88,183,176
89,184,176
91,184,177
92,184,177
93,185,178
93,185,178
92,185,178
92,185,178
92,185,178
92,185,178
92,185,178
92,185,178
93,185,178
93,185,178
94,185,178
94,185,178
94,185,178
94,185,178
94,185,178
94,185,178
94,185,178
94,185,178
93,185,178
93,185,178
93,185,178
93,185,178
95,186,179
95,186,179
95,186,179
95,186,179
95,186,179
95,186,179
95,186,179
95,186,179
95,186,179
95,186,179
95,186,179
94,185,178
93,185,178
93,185,178
93,185,178
93,185,178
94,185,178
94,185,178
94,185,178
94,185,178
94,185,177
94,185,177
94,185,177
94,185,178
95,186,179
95,186,179
95,186,179
95,186,179
95,186,179
95,186,179
95,186,179
95,186,179
95,186,179
95,186,179
95,186,179
95,186,179
95,186,179
95,186,179
95,186,179
95,186,179
95,186,179
95,186,179
95,186,179
95,186,179
95,186,179
95,186,179
95,186,179
95,186,179
95,186,179
95,186,179
95,186,179
95,186,179
95,186,179
95,186,179
95,186,179
95,186,179
95,186,179
95,186,179
95,186,179
95,186,179
95,186,179
95,186,179
95,186,179
95,186,179
95,186,179
95,186,179
95,186,179
95,186,179
95,186,179
95,186,179
95,186,179
95,186,179
96,187,179
96,187,179
96,187,179
96,187,179
96,187,179
95,186,179
95,186,179
95,186,179
95,186,179
95,186,179
94,185,179
94,185,178
94,185,178
94,185,179
95,186,179
95,186,179
95,186,179
96,187,179
96,187,179
96,187,179
96,187,179
96,187,179
95,186,179
95,186,179
95,186,179
95,186,179
95,186,179
95,186,179
96,187,179
96,187,179
96,187,179
96,187,179
96,187,179
96,187,179
96,187,179
96,187,179
96,187,179
96,187,179
97,187,179
97,187,179
96,187,179
96,187,179
96,187,179
96,187,179
96,187,179
96,187,179
96,187,179
97,187,179
97,187,179
96,186,179
96,186,180
96,186,180
96,186,180
96,186,180
96,187,179
96,187,179
96,187,179
96,187,179
96,187,179
95,186,179
95,186,179
95,186,179
95,186,179
95,186,179
95,186,179
95,186,179
96,187,179
96,187,179
96,187,179
96,187,179
96,187,179
96,187,179
96,187,179
96,187,179
96,187,179
96,187,179
96,187,179
96,187,179
96,187,179
96,187,179
95,186,179
95,186,179
95,186,179
95,186,179
95,186,179
95,186,179
95,186,179
95,186,179
95,186,179
95,186,179
94,185,178
93,185,178
93,185,178
93,185,178
93,185,178
93,185,178
93,185,178
93,185,178
85,181,174
86,182,175
86,182,176
87,182,175
89,183,176
90,184,177
92,184,177
92,184,177
92,185,177
92,185,178
92,185,178
92,185,178
92,185,177
92,185,177
92,185,177
93,185,178
93,185,178
93,185,178
94,185,178
94,185,178
94,185,178
94,185,178
94,185,178
94,185,179
95,186,179
95,186,179
95,186,179
95,186,179
95,186,179
95,186,179
95,186,179
95,186,179
95,186,179
95,186,179
95,186,179
95,186,179
95,186,179
95,186,179
95,186,179
95,186,179
94,185,179
93,185,178
93,185,178
93,185,178
94,185,178
94,185,178
94,185,178
94,185,178
95,186,179
95,186,179
95,186,179
95,186,179
95,186,179
95,186,179
95,186,179
95,186,179
95,186,179
95,186,179
95,186,179
95,186,179
95,186,179
95,186,179
95,186,179
96,187,179
96,187,179
95,186,179
95,186,179
95,186,179
95,186,179
95,186,179
95,186,179
95,186,179
95,186,179
95,186,179
95,186,179
95,186,179
95,186,179
95,186,179
95,186,179
95,186,179
95,186,179
95,186,179
96,187,179
96,187,179
96,187,179
95,186,179
95,186,179
95,186,179
95,186,179
95,186,179
95,186,179
95,186,179
95,186,179
95,186,179
95,186,179
95,186,179
95,186,179
95,186,179
95,186,179
95,186,179
95,186,179
96,187,179
96,187,179
96,187,179
96,187,179
96,187,179
95,186,179
95,186,179
95,186,179
95,186,179
95,186,179
94,185,179
94,185,178
94,185,178
95,186,179
95,186,179
95,186,179
95,186,179
96,187,179
96,187,179
96,187,179
96,187,179
96,187,179
95,186,179
95,186,179
95,186,179
95,186,179
95,186,179
95,186,179
95,186,179
96,187,179
96,187,179
96,187,179
96,187,179
96,187,179
96,187,179
96,187,179
96,187,179
96,187,179
96,187,179
96,186,179
96,186,179
96,186,179
96,187,179
96,187,179
96,187,179
97,187,179
97,187,179
97,187,179
97,187,179
97,187,179
97,187,179
96,187,179
96,187,179
96,187,179
96,187,179
96,187,179
96,187,179
96,187,179
96,186,180
95,186,179
95,186,179
95,186,179
95,186,179
95,186,179
95,186,179
95,186,179
96,187,179
96,187,179
96,187,179
96,187,179
96,187,179
96,187,179
96,187,179
96,187,179
96,187,179
96,187,179
96,187,179
96,187,179
96,187,179
96,187,179
95,186,179
95,186,179
95,186,179
95,186,179
95,186,179
95,186,179
95,186,179
95,186,179
95,186,179
94,185,179
94,185,178
93,185,178
93,185,178
93,185,178
93,185,178
93,185,178
93,185,178
93,185,178
85,182,174
86,182,174
86,182,175
88,183,176
90,183,176
91,184,176
92,184,177
92,184,177
92,185,178
92,185,177
92,185,177
93,185,178
93,185,178
93,185,178
93,185,178
93,185,178
93,185,178
93,185,178
94,185,178
94,185,178
94,185,178
94,185,179
95,186,179
95,186,179
95,186,179
95,186,179
95,186,179
95,186,179
95,186,179
95,186,179
95,186,179
95,186,179
95,186,179
95,186,179
95,186,179
95,186,179
95,186,179
95,186,179
95,186,179
94,185,179
94,185,179
94,185,178
94,185,178
94,185,178
94,185,179
94,185,179
95,186,179
95,186,179
95,186,179
95,186,179
95,186,179
95,186,179
95,186,179
95,186,179
95,186,179
95,186,179
95,186,179
95,186,179
95,186,179
95,186,179
95,186,179
95,186,179
96,187,179
96,187,179
96,187,179
95,186,179
95,186,179
95,186,179
95,186,179
95,186,179
95,186,179
95,186,179
95,186,179
95,186,179
95,186,179
95,186,179
95,186,179
95,186,179
95,186,179
95,186,179
96,187,179
96,187,179
96,187,179
96,187,179
95,186,179
95,186,179
95,186,179
95,186,179
95,186,179
95,186,179
95,186,179
95,186,179
95,186,179
95,186,179
95,186,179
95,186,179
95,186,179
95,186,179
95,186,179
96,187,179
96,187,179
96,187,179
96,187,179
96,187,179
95,186,179
95,186,179
95,186,179
95,186,179
95,186,179
95,186,179
94,185,179
94,185,178
94,185,178
95,186,179
95,186,179
95,186,179
96,187,179
96,187,179
96,187,179
96,187,179
96,187,179
96,187,179
95,186,179
95,186,179
95,186,179
95,186,179
95,186,179
95,186,179
95,186,179
96,187,179
96,187,179
97,187,180
97,187,180
96,187,179
96,187,179
96,187,179
96,187,179
95,186,179
95,186,179
95,186,179
95,186,179
95,186,179
96,186,179
96,187,179
96,187,179
97,187,179
98,187,180
98,187,180
98,187,180
97,187,179
97,187,179
97,187,179
96,187,179
96,187,179
96,187,179
96,187,179
96,187,179
96,187,179
95,186,179
95,186,179
95,186,179
95,186,179
95,186,179
95,186,179
95,186,179
95,186,179
96,187,179
96,187,179
96,187,179
96,187,179
96,187,179
97,187,180
97,187,180
96,187,179
96,187,179
96,187,179
96,187,179
96,187,179
96,187,179
96,187,179
95,186,179
95,186,179
95,186,179
95,186,179
95,186,179
95,186,179
95,186,179
95,186,179
95,186,179
94,185,178
93,185,178
93,185,178
93,185,178
93,185,178
93,185,178
93,185,178
93,185,178
85,182,174
86,182,174
86,182,175
87,182,175
89,183,176
90,184,177
91,184,177
92,184,177
92,185,177
92,185,177
93,185,178
93,185,178
93,185,178
92,185,177
92,185,177
93,185,178
93,185,178
93,185,178
93,185,178
94,185,178
94,185,179
95,186,179
95,186,179
95,186,179
95,186,179
95,186,179
95,186,179
95,186,179
95,186,179
95,186,179
95,186,179
95,186,179
95,186,179
95,186,179
95,186,179
95,186,179
95,186,179
95,186,179
95,186,179
95,186,179
94,185,179
94,185,179
94,185,179
94,185,179
95,186,179
95,186,179
95,186,179
95,186,179
95,186,179
95,186,179
95,186,179
95,186,179
95,186,179
95,186,179
95,186,179
95,186,179
95,186,179
95,186,179
95,186,179
95,186,179
95,186,179
95,186,179
96,187,179
96,187,179
96,187,179
96,187,179
95,186,179
95,186,179
95,186,179
95,186,179
95,186,179
95,186,179
95,186,179
95,186,179
95,186,179
95,186,179
95,186,179
95,186,179
95,186,179
96,187,179
96,187,179
96,187,179
96,187,179
96,187,179
95,186,179
95,186,179
95,186,179
95,186,179
95,186,179
95,186,179
95,186,179
95,186,179
95,186,179
95,186,179
95,186,179
95,186,179
95,186,179
95,186,179
96,187,179
96,187,179
96,187,179
96,187,179
96,187,179
96,187,179
95,186,179
95,186,179
95,186,179
95,186,179
95,186,179
95,186,179
94,185,179
94,185,178
94,185,178
95,186,178
95,186,179
95,186,179
96,187,179
96,187,179
96,187,179
96,187,179
96,187,179
96,187,179
95,186,179
95,186,179
95,186,179
95,186,179
95,186,179
95,186,179
95,186,179
96,187,179
97,187,180
97,187,180
97,187,180
96,187,179
96,187,179
96,187,179
95,186,179
95,186,179
95,186,179
95,186,179
95,186,179
95,186,179
95,186,179
96,186,179
97,187,179
97,187,179
98,187,180
98,187,180
98,187,180
98,187,180
97,187,179
97,187,179
96,187,179
96,187,179
96,187,179
96,187,179
96,187,179
96,187,179
95,186,179
95,186,179
95,186,179
95,186,179
95,186,179
95,186,179
95,186,179
95,186,179
96,187,179
96,187,179
96,187,179
96,187,179
97,187,180
97,187,180
97,187,180
96,187,179
96,187,179
96,187,179
96,187,179
96,187,179
96,187,179
96,187,179
95,186,179
95,186,179
95,186,179
95,186,179
95,186,179
95,186,179
95,186,179
95,186,179
94,185,178
94,185,178
93,185,178
93,185,178
93,185,178
93,185,178
93,185,178
93,185,178
93,185,178
85,182,174
85,182,174
86,182,174
86,182,175
88,183,176
89,184,176
91,184,177
92,184,177
92,184,177
92,185,177
93,185,178
93,185,178
93,185,178
92,185,177
92,185,177
93,185,178
93,185,178
93,185,178
93,185,178
94,185,178
94,185,179
95,186,179
95,186,179
95,186,179
95,186,179
95,186,179
95,186,179
95,186,179
95,186,179
95,186,179
95,186,179
95,186,179
95,186,179
95,186,179
95,186,179
95,186,179
95,186,179
95,186,179
95,186,179
95,186,179
95,186,179
95,186,179
95,186,179
95,186,179
95,186,179
95,186,179
95,186,179
95,186,179
95,186,179
95,186,179
95,186,179
95,186,179
95,186,179
95,186,179
95,186,179
95,186,179
95,186,179
95,186,179
95,186,179
95,186,179
95,186,179
95,186,179
96,187,179
96,187,179
96,187,179
96,187,179
95,186,179
95,186,179
95,186,179
95,186,179
95,186,179
95,186,179
95,186,179
95,186,179
95,186,179
95,186,179
95,186,179
95,186,179
96,187,179
96,187,179
96,187,179
96,187,179
96,187,179
96,187,179
95,186,179
95,186,179
95,186,179
95,186,179
95,186,179
95,186,179
94,185,179
94,185,179
94,185,179
95,186,179
95,186,179
95,186,179
95,186,179
95,186,179
96,187,179
96,187,179
96,187,179
96,187,179
96,187,179
96,187,179
95,186,179
95,186,179
95,186,179
95,186,179
95,186,179
95,186,179
94,185,179
94,185,178
94,185,178
95,186,179
95,186,179
95,186,179
96,187,179
96,187,179
96,187,179
96,187,179
96,187,179
96,187,179
95,186,179
95,186,179
95,186,179
95,186,179
95,186,179
95,186,179
95,186,179
96,187,179
97,187,180
97,187,180
97,187,180
96,187,179
96,187,179
95,186,179
95,186,179
95,186,179
95,186,178
95,186,178
95,186,178
95,186,179
95,186,179
96,186,179
97,187,179
97,187,179
98,187,180
98,187,180
98,187,180
98,187,180
97,187,179
97,187,179
97,187,179
96,187,179
96,187,179
96,187,179
96,187,179
96,187,179
95,186,179
95,186,179
95,186,179
95,186,179
95,186,179
95,186,179
95,186,179
96,187,179
96,187,179
96,187,179
96,187,179
96,187,179
97,187,180
97,187,180
97,187,180
96,187,179
96,187,179
96,187,179
96,187,179
96,187,179
96,187,179
95,186,179
95,186,179
95,186,179
95,186,179
95,186,179
95,186,179
95,186,179
95,186,179
95,186,179
94,185,178
93,185,178
93,185,178
93,185,178
93,185,178
93,185,178
93,185,178
93,185,178
93,185,178
85,182,174
85,182,174
86,182,174
86,182,175
87,183,176
89,183,176
90,184,177
91,184,177
92,184,177
92,185,177
93,185,178
93,185,178
93,185,178
92,185,177
92,185,177
92,185,177
93,185,178
93,185,178
93,185,178
93,185,178
95,186,179
95,186,179
95,186,179
95,186,179
95,186,179
95,186,179
95,186,179
95,186,179
95,186,179
95,186,179
95,186,179
95,186,179
95,186,179
95,186,179
95,186,179
95,186,179
95,186,179
95,186,179
95,186,179
95,186,179
95,186,179
95,186,179
95,186,179
95,186,179
95,186,179
95,186,179
95,186,179
95,186,179
95,186,179
95,186,179
95,186,179
95,186,179
95,186,179
95,186,179
95,186,179
95,186,179
95,186,179
95,186,179
95,186,179
95,186,179
95,186,179
95,186,179
96,187,179
96,187,179
96,187,179
96,187,179
95,186,179
95,186,179
95,186,179
95,186,179
95,186,179
95,186,179
95,186,179
95,186,179
95,186,179
95,186,179
95,186,179
95,186,179
96,187,179
96,187,179
96,187,179
96,187,179
95,186,179
95,186,179
95,186,179
95,186,179
95,186,179
95,186,179
95,186,179
95,186,179
94,185,179
94,185,179
94,185,179
94,185,179
95,186,179
95,186,179
95,186,179
95,186,179
96,187,179
96,187,179
96,187,179
96,187,179
96,187,179
96,187,179
95,186,179
95,186,179
95,186,179
95,186,179
95,186,179
95,186,179
94,185,179
94,185,178
94,185,178
95,186,179
95,186,179
95,186,179
96,187,179
96,187,179
96,187,179
96,187,179
96,187,179
96,187,179
95,186,179
95,186,179
95,186,179
95,186,179
95,186,179
95,186,179
96,187,179
96,187,179
97,187,180
97,187,180
97,187,180
96,187,179
95,186,179
95,186,179
95,186,179
95,186,179
95,186,178
95,186,178
95,186,178
95,186,178
95,186,179
96,186,179
97,187,179
97,187,179
97,187,179
98,187,180
98,187,180
97,187,179
97,187,179
97,187,179
96,187,179
96,187,179
96,187,179
96,187,179
96,187,179
96,187,179
95,186,179
95,186,179
95,186,179
95,186,179
95,186,179
95,186,179
95,186,179
96,187,179
96,187,179
96,187,179
96,187,179
96,187,179
97,187,180
97,187,180
97,187,180
96,187,179
96,187,179
96,187,179
96,187,179
96,187,179
96,187,179
95,186,179
95,186,179
95,186,179
95,186,179
95,186,179
95,186,179
95,186,179
95,186,179
95,186,179
93,185,178
93,185,178
93,185,178
93,185,178
93,185,178
93,185,178
93,185,178
93,185,178
93,185,178
84,180,174
85,182,174
85,181,175
86,182,175
86,182,176
88,183,176
89,183,177
90,184,177
92,184,178
92,185,177
93,185,178
93,185,178
93,185,178
92,185,177
92,185,177
93,185,178
93,185,178
93,185,178
93,185,178
93,185,178
95,186,179
95,186,179
95,186,179
95,186,179
95,186,179
95,186,179
95,186,179
95,186,179
95,186,179
95,186,179
95,186,179
95,186,179
95,186,179
95,186,179
95,186,179
95,186,179
95,186,179
95,186,179
95,186,179
95,186,179
95,186,179
95,186,179
95,186,179
95,186,179
95,186,179
95,186,179
95,186,179
95,186,179
95,186,179
95,186,179
95,186,179
95,186,179
95,186,179
95,186,179
95,186,179
95,186,179
95,186,179
95,186,179
95,186,179
95,186,179
95,186,179
95,186,179
96,187,179
96,187,179
96,187,179
96,187,179
95,186,179
95,186,179
95,186,179
95,186,179
95,186,179
95,186,179
95,186,179
95,186,179
95,186,179
95,186,179
95,186,179
95,186,179
96,187,179
96,187,179
96,187,179
96,187,179
95,186,179
95,186,179
95,186,179
95,186,179
95,186,179
95,186,179
95,186,179
94,185,179
94,185,178
94,185,178
94,185,179
94,185,179
95,186,179
95,186,179
95,186,179
95,186,179
96,187,179
96,187,179
96,187,179
96,187,179
96,187,179
96,187,179
95,186,179
95,186,179
95,186,179
95,186,179
95,186,179
95,186,179
94,185,179
94,185,178
94,185,178
95,186,179
95,186,179
95,186,179
96,187,179
96,187,179
96,187,179
96,187,179
96,187,179
96,187,179
96,187,179
95,186,179
95,186,179
95,186,179
95,186,179
96,187,179
96,187,179
97,187,180
97,187,180
96,187,179
96,187,179
96,187,179
95,186,179
95,186,179
95,186,179
95,186,178
94,185,178
94,185,178
94,185,178
95,186,178
95,186,179
96,187,179
97,187,179
97,187,179
97,187,179
97,187,179
97,187,179
97,187,179
97,187,179
96,187,179
96,187,179
96,187,179
96,187,179
96,187,179
96,187,179
96,187,179
95,186,179
95,186,179
95,186,179
95,186,179
95,186,179
95,186,179
96,187,179
96,187,179
96,187,179
96,187,179
96,187,179
96,187,179
97,187,180
97,187,180
97,187,180
96,187,179
96,187,179
96,187,179
96,187,179
96,187,179
95,186,179
95,186,179
95,186,179
95,186,179
95,186,179
95,186,179
95,186,179
95,186,179
95,186,179
94,185,179
93,185,178
93,185,178
93,185,178
93,185,178
93,185,178
93,185,178
93,185,178
93,185,178
93,185,178
85,182,174
85,181,175
85,182,175
86,182,175
87,183,176
88,183,176
89,183,177
91,184,177
92,184,177
92,185,178
92,185,178
93,185,179
92,185,178
93,185,178
93,185,178
93,185,178
93,185,178
93,185,178
93,185,178
94,185,179
95,186,179
95,186,179
95,186,179
95,186,179
95,186,179
95,186,179
95,186,179
95,186,179
95,186,179
95,186,179
95,186,179
95,186,179
95,186,179
95,186,179
95,186,179
95,186,179
95,186,179
95,186,179
95,186,179
95,186,179
95,186,179
95,186,179
95,186,179
95,186,179
95,186,179
95,186,179
95,186,179
95,186,179
95,186,179
95,186,179
95,186,179
95,186,179
95,186,179
95,186,179
95,186,179
95,186,179
95,186,179
95,186,179
95,186,179
95,186,179
95,186,179
96,187,179
96,187,179
96,187,179
96,187,179
95,186,179
95,186,179
95,186,179
95,186,179
95,186,179
95,186,179
95,186,179
95,186,179
95,186,179
95,186,179
95,186,179
95,186,179
95,186,179
95,186,179
95,186,179
95,186,179
95,186,179
95,186,179
95,186,179
95,186,179
95,186,179
95,186,179
94,185,178
94,185,178
93,185,178
94,185,178
94,185,178
95,186,178
95,186,179
95,186,179
95,186,179
95,186,179
96,187,179
96,187,179
96,187,179
96,187,179
96,187,179
96,187,179
95,186,179
95,186,179
95,186,179
95,186,179
95,186,179
95,186,179
94,185,179
94,185,178
94,185,178
95,186,179
95,186,179
95,186,179
96,187,179
96,187,179
96,187,179
96,187,179
96,187,179
96,187,179
96,187,179
96,187,179
95,186,179
95,186,179
96,187,179
96,187,179
96,187,180
97,187,180
97,187,180
96,187,179
96,187,179
95,186,179
95,186,179
95,186,178
95,186,178
94,185,178
94,185,178
94,185,178
94,185,179
95,186,179
95,186,179
96,187,179
97,187,179
97,187,179
97,187,179
97,187,179
97,187,179
97,187,179
97,187,180
96,187,179
96,187,179
96,187,179
96,187,179
96,187,179
96,187,179
96,187,179
95,186,179
95,186,179
95,186,179
95,186,179
95,186,179
95,186,179
96,187,179
96,187,179
96,187,179
96,187,179
96,187,179
96,187,179
96,187,179
96,187,179
96,187,179
96,187,179
96,187,179
96,187,179
96,187,179
95,186,179
95,186,179
95,186,179
95,186,179
95,186,179
95,186,179
95,186,179
95,186,179
95,186,179
95,186,179
94,185,179
93,185,178
93,185,178
93,185,178
93,185,178
93,185,178
93,185,178
93,185,178
93,185,178
85,181,174
85,181,175
85,182,175
85,182,175
86,182,175
87,183,176
88,183,176
90,184,177
91,184,177
92,184,178
92,185,178
93,185,179
93,185,178
93,185,178
93,185,178
93,185,178
93,185,178
93,185,179
93,185,179
94,185,179
95,186,179
95,186,179
95,186,179
95,186,179
95,186,179
95,186,179
95,186,179
95,186,179
95,186,179
95,186,179
95,186,179
95,186,179
95,186,179
95,186,179
95,186,179
95,186,179
95,186,179
95,186,179
95,186,179
95,186,179
95,186,179
95,186,179
95,186,179
95,186,179
95,186,179
95,186,179
95,186,179
95,186,179
95,186,179
95,186,179
95,186,179
95,186,179
95,186,179
95,186,179
95,186,179
95,186,179
95,186,179
95,186,179
95,186,179
95,186,179
95,186,179
96,187,179
96,187,179
96,187,179
96,187,179
96,187,179
95,186,179
95,186,179
95,186,179
95,186,179
95,186,179
95,186,179
95,186,179
95,186,179
95,186,179
95,186,179
95,186,179
95,186,179
95,186,179
95,186,179
95,186,179
95,186,179
95,186,179
95,186,179
95,186,179
95,186,179
94,185,178
94,185,178
93,185,178
93,185,178
94,185,178
94,185,178
95,186,178
95,186,179
95,186,179
95,186,179
96,187,179
96,187,179
96,187,179
96,187,179
96,187,179
96,187,179
96,187,179
95,186,179
95,186,179
95,186,179
95,186,179
95,186,179
95,186,179
94,185,179
94,185,178
94,185,178
95,186,178
95,186,179
95,186,179
96,187,179
96,187,179
96,187,179
96,187,179
96,187,179
96,187,179
96,187,179
96,187,179
96,187,179
96,187,179
96,187,179
96,187,180
97,187,180
97,187,180
97,187,180
96,187,180
95,186,179
95,186,179
95,186,178
95,186,178
94,185,177
94,185,178
94,185,178
94,185,179
94,185,179
95,186,179
96,187,179
96,187,179
97,187,179
97,187,179
97,187,179
97,187,179
97,187,179
97,187,179
97,187,180
96,187,179
96,187,179
96,187,179
96,187,179
96,187,179
96,187,179
96,187,179
95,186,179
95,186,179
95,186,179
95,186,179
95,186,179
96,187,179
96,187,179
96,187,179
96,187,179
96,187,179
96,187,179
96,187,179
96,187,179
96,187,179
96,187,179
96,187,179
96,187,179
96,187,179
95,186,179
95,186,179
95,186,179
95,186,179
95,186,179
95,186,179
95,186,179
95,186,179
95,186,179
95,186,179
95,186,179
94,185,179
93,185,178
93,185,178
93,185,178
93,185,177
93,185,177
93,185,178
93,185,178
93,185,178
85,181,174
84,181,175
85,182,175
85,182,175
86,182,175
87,183,176
88,183,176
89,183,177
91,184,177
92,184,178
92,185,178
93,185,178
93,185,178
93,185,178
93,185,178
93,185,178
93,185,178
93,185,179
93,185,179
94,185,179
95,186,179
95,186,179
95,186,179
95,186,179
95,186,179
95,186,179
95,186,179
95,186,179
95,186,179
95,186,179
95,186,179
95,186,179
95,186,179
95,186,179
95,186,179
95,186,179
95,186,179
95,186,179
95,186,179
95,186,179
95,186,179
95,186,179
95,186,179
95,186,179
95,186,179
95,186,179
95,186,179
95,186,179
95,186,179
95,186,179
95,186,179
95,186,179
95,186,179
95,186,179
95,186,179
95,186,179
95,186,179
95,186,179
95,186,179
95,186,179
95,186,179
96,187,179
96,187,179
96,187,179
96,187,179
96,187,179
96,187,179
95,186,179
95,186,179
95,186,179
95,186,179
95,186,179
95,186,179
95,186,179
95,186,179
95,186,179
95,186,179
95,186,179
95,186,179
95,186,179
95,186,179
95,186,179
95,186,179
95,186,179
95,186,179
95,186,179
93,185,178
93,185,178
93,185,178
93,185,178
94,185,178
95,186,178
95,186,179
95,186,179
95,186,179
96,187,179
96,187,179
96,187,179
96,187,179
96,187,179
96,187,179
96,187,179
96,187,179
95,186,179
95,186,179
95,186,179
95,186,179
95,186,179
95,186,179
94,185,179
94,185,178
94,185,178
95,186,178
95,186,179
95,186,179
96,187,179
96,187,179
96,187,179
96,187,179
96,187,179
96,187,179
96,187,179
96,187,179
96,187,179
96,187,179
96,187,180
97,187,180
97,187,180
97,187,180
97,187,180
96,187,179
95,186,179
95,186,178
95,186,178
94,185,177
94,185,178
92,185,178
93,185,179
93,186,178
95,186,179
95,186,179
96,187,179
97,187,179
97,187,179
97,187,179
97,187,179
97,187,179
97,187,179
97,187,180
96,187,179
96,187,179
96,187,179
96,187,179
96,187,179
96,187,179
96,187,179
96,187,179
95,186,179
95,186,179
95,186,179
95,186,179
96,187,179
96,187,179
96,187,179
96,187,179
96,187,179
96,187,179
96,187,179
96,187,179
96,187,179
96,187,179
96,187,179
96,187,179
96,187,179
96,187,179
95,186,179
95,186,179
95,186,179
95,186,179
95,186,179
95,186,179
95,186,179
95,186,179
95,186,179
95,186,179
95,186,179
95,186,179
93,185,178
93,185,178
93,185,178
93,185,178
93,185,178
93,185,178
93,185,178
93,185,179
85,181,174
85,181,174
85,182,175
85,182,175
85,182,175
86,182,175
87,183,176
88,183,176
89,184,177
91,184,177
92,184,178
93,185,178
93,185,178
93,185,178
93,185,178
93,185,178
93,185,178
93,185,179
93,185,179
94,185,179
95,186,179
95,186,179
95,186,179
95,186,179
95,186,179
95,186,179
95,186,179
95,186,179
95,186,179
95,186,179
95,186,179
95,186,179
95,186,179
95,186,179
95,186,179
95,186,179
95,186,179
95,186,179
95,186,179
95,186,179
95,186,179
95,186,179
95,186,179
95,186,179
95,186,179
95,186,179
95,186,179
95,186,179
95,186,179
95,186,179
95,186,179
95,186,179
95,186,179
95,186,179
95,186,179
95,186,179
95,186,179
95,186,179
95,186,179
95,186,179
96,187,179
96,187,179
96,187,179
96,187,179
96,187,179
96,187,179
96,187,179
95,186,179
95,186,179
95,186,179
95,186,179
95,186,179
95,186,179
95,186,179
95,186,179
95,186,179
95,186,179
95,186,179
95,186,179
95,186,179
95,186,179
95,186,179
95,186,179
95,186,179
94,185,179
94,185,178
93,185,178
94,185,177
94,185,178
94,185,178
95,186,178
95,186,178
95,186,179
95,186,179
95,186,179
96,187,179
96,187,179
96,187,179
96,187,179
96,187,179
96,187,179
96,187,179
96,187,179
95,186,179
95,186,179
95,186,179
95,186,179
95,186,179
95,186,179
94,185,179
94,185,178
94,185,178
95,186,178
95,186,179
95,186,179
95,186,179
96,187,179
96,187,179
96,187,179
96,187,179
96,187,179
96,187,179
96,187,179
96,187,179
96,187,179
97,187,180
97,187,180
97,187,180
97,187,180
96,187,179
95,186,179
95,186,178
95,186,178
94,185,177
94,185,177
92,185,178
92,185,178
93,185,179
94,185,179
95,186,179
95,186,179
96,187,179
97,187,179
97,187,179
97,187,179
97,187,179
97,187,179
97,187,180
97,187,180
96,187,179
96,187,179
96,187,179
95,186,179
95,186,179
96,187,179
96,187,179
96,187,179
95,186,179
95,186,179
95,186,179
95,186,179
96,187,179
96,187,179
96,187,179
96,187,179
96,187,179
96,187,179
96,187,179
96,187,179
96,187,179
96,187,179
96,187,179
96,187,179
96,187,179
95,186,179
95,186,179
95,186,179
95,186,179
95,186,179
95,186,179
95,186,179
95,186,179
95,186,179
95,186,179
95,186,179
95,186,179
95,186,179
93,185,178
93,185,178
93,185,178
93,185,178
93,185,178
92,185,177
93,185,178
93,185,178
85,181,174
85,181,174
84,181,175
85,182,175
85,182,175
85,182,175
86,182,175
87,183,176
89,183,177
90,184,177
91,184,177
92,184,177
93,185,178
93,185,178
93,185,178
93,185,178
93,185,178
93,185,179
93,185,179
94,185,179
95,186,179
95,186,179
95,186,179
95,186,179
95,186,179
95,186,179
95,186,179
95,186,179
95,186,179
95,186,179
95,186,179
95,186,179
95,186,179
95,186,179
95,186,179
95,186,179
95,186,179
95,186,179
95,186,179
95,186,179
95,186,179
95,186,179
95,186,179
95,186,179
95,186,179
95,186,179
95,186,179
95,186,179
95,186,179
95,186,179
95,186,179
95,186,179
95,186,179
95,186,179
95,186,179
95,186,179
95,186,179
95,186,179
95,186,179
96,187,179
96,187,179
96,187,179
96,187,179
96,187,179
96,187,179
96,187,179
96,187,179
96,187,179
96,187,179
95,186,179
95,186,179
95,186,179
95,186,179
95,186,179
95,186,179
95,186,179
95,186,179
95,186,179
95,186,179
95,186,179
95,186,179
95,186,179
95,186,179
95,186,179
94,185,178
93,185,178
94,185,178
94,185,177
95,186,178
95,186,178
95,186,178
95,186,179
95,186,179
96,187,179
96,187,179
96,187,179
96,187,179
96,187,179
96,187,179
96,187,179
96,187,179
96,187,179
96,187,179
95,186,179
95,186,179
95,186,179
95,186,179
95,186,179
95,186,179
94,185,179
94,185,178
94,185,178
95,186,178
95,186,179
95,186,179
95,186,179
96,187,179
96,187,179
96,187,179
96,187,179
96,187,179
96,187,179
96,187,179
97,187,180
97,187,180
97,187,180
97,187,180
97,187,180
97,187,180
96,187,179
95,186,179
95,186,178
94,185,177
94,185,177
92,184,177
92,185,178
92,185,178
93,185,179
94,185,179
95,186,179
96,186,180
96,187,179
97,187,180
97,187,180
97,187,179
97,187,180
97,187,180
97,187,180
97,187,180
96,187,179
96,187,179
95,186,179
95,186,179
95,186,179
96,187,179
96,187,179
96,187,179
96,187,179
96,187,179
96,187,179
96,187,179
96,187,179
96,187,179
96,187,179
96,187,179
96,187,179
96,187,179
96,187,179
96,187,179
96,187,179
96,187,179
96,187,179
96,187,179
95,186,179
95,186,179
95,186,179
95,186,179
95,186,179
95,186,179
95,186,179
95,186,179
95,186,179
95,186,179
95,186,179
95,186,179
95,186,179
95,186,179
94,185,179
93,185,178
93,185,178
93,185,178
92,185,178
92,185,178
92,185,177
92,185,177
85,182,174
84,181,175
85,182,175
85,182,175
85,182,175
86,182,175
87,183,176
88,183,176
89,183,177
91,184,177
92,184,177
93,185,178
93,185,178
93,185,178
93,185,178
93,185,178
93,185,179
93,185,179
94,185,179
95,186,179
95,186,179
95,186,179
95,186,179
95,186,179
95,186,179
95,186,179
95,186,179
95,186,179
95,186,179
95,186,179
95,186,179
95,186,179
95,186,179
95,186,179
95,186,179
95,186,179
95,186,179
95,186,179
95,186,179
95,186,179
95,186,179
95,186,179
95,186,179
95,186,179
95,186,179
95,186,179
95,186,179
95,186,179
95,186,179
95,186,179
95,186,179
95,186,179
95,186,179
95,186,179
95,186,179
95,186,179
95,186,179
95,186,179
96,187,179
96,187,179
96,187,179
96,187,179
96,187,179
96,187,179
96,187,179
96,187,179
96,187,179
96,187,179
95,186,179
95,186,179
95,186,179
95,186,179
95,186,179
95,186,179
95,186,179
95,186,179
95,186,179
95,186,179
95,186,179
95,186,179
95,186,179
95,186,179
94,185,179
94,185,178
93,185,178
95,186,179
95,186,179
95,186,178
95,186,178
95,186,178
95,186,179
95,186,179
96,187,179
96,187,179
96,187,179
96,187,179
96,187,179
96,187,179
96,187,179
96,187,179
96,187,179
96,187,179
95,186,179
95,186,179
95,186,179
95,186,179
95,186,179
95,186,179
95,186,178
95,186,178
95,186,178
95,186,178
95,186,179
95,186,179
95,186,179
95,186,179
96,187,179
96,187,179
96,187,179
96,187,179
96,187,179
97,187,180
97,187,179
97,187,179
97,187,180
97,187,180
97,187,180
96,187,179
95,186,179
95,186,178
95,186,178
94,185,177
93,185,178
91,184,177
91,185,177
91,185,178
93,185,179
95,186,179
95,186,179
96,187,179
96,187,179
97,187,180
97,187,180
97,187,179
97,187,179
97,187,179
97,187,180
97,187,180
96,187,179
96,187,179
95,186,179
95,186,179
95,186,179
95,186,179
96,187,179
96,187,179
96,187,179
96,187,179
96,187,179
96,187,179
96,187,179
96,187,179
96,187,179
96,187,179
96,187,179
96,187,179
96,187,179
96,187,179
96,187,179
96,187,179
96,187,179
96,187,179
95,186,179
95,186,179
95,186,179
95,186,179
95,186,179
95,186,179
95,186,179
95,186,179
95,186,179
95,186,179
95,186,179
95,186,179
95,186,179
95,186,179
94,185,179
93,185,178
92,185,178
92,185,178
92,185,178
92,185,178
92,185,178
85,182,174
85,182,174
85,182,175
85,182,175
85,182,175
85,182,175
86,182,175
88,183,176
89,183,177
91,184,177
91,184,177
92,184,177
93,185,178
93,185,178
93,185,178
93,185,178
93,185,178
93,185,178
95,186,179
95,186,179
95,186,179
95,186,179
95,186,179
95,186,179
95,186,179
95,186,179
95,186,179
95,186,179
95,186,179
95,186,179
95,186,179
95,186,179
95,186,179
95,186,179
95,186,179
95,186,179
95,186,179
95,186,179
95,186,179
95,186,179
95,186,179
95,186,179
95,186,179
95,186,179
95,186,179
95,186,179
95,186,179
95,186,179
95,186,179
95,186,179
95,186,179
95,186,179
95,186,179
95,186,179
95,186,179
95,186,179
96,187,179
96,187,179
96,187,179
96,187,179
96,187,179
96,187,179
96,187,179
96,187,179
96,187,179
96,187,179
96,187,179
96,187,179
96,187,179
95,186,179
95,186,179
95,186,179
95,186,179
95,186,179
95,186,179
95,186,179
95,186,179
95,186,179
95,186,179
95,186,179
95,186,179
94,185,179
94,185,178
94,185,178
94,185,178
95,186,179
95,186,179
95,186,179
95,186,179
95,186,179
96,187,179
96,187,179
96,187,179
96,187,179
96,187,179
96,187,179
96,187,179
96,187,179
96,187,179
96,187,179
96,187,179
96,187,179
95,186,179
95,186,179
95,186,179
95,186,179
95,186,179
95,186,179
95,186,178
95,186,178
95,186,178
95,186,178
95,186,179
95,186,179
95,186,179
95,186,179
96,187,179
96,187,179
96,187,179
96,187,179
97,187,179
97,187,179
97,187,179
97,187,179
97,187,180
97,187,180
97,187,180
96,187,179
95,186,179
95,186,178
95,186,178
94,185,177
92,184,177
90,184,177
90,184,178
91,185,177
93,185,179
95,186,179
95,186,179
96,187,179
96,187,179
97,187,180
97,187,180
97,187,180
97,187,180
97,187,179
97,187,179
97,187,180
96,187,179
96,187,179
95,186,179
95,186,179
95,186,179
95,186,179
95,186,179
96,187,179
96,187,179
96,187,179
96,187,179
96,187,179
96,187,179
96,187,179
96,187,179
96,187,179
96,187,179
96,187,179
96,187,179
96,187,179
96,187,179
96,187,179
96,187,179
96,187,179
95,186,179
95,186,179
95,186,179
95,186,179
95,186,179
95,186,179
95,186,179
95,186,179
95,186,179
95,186,179
95,186,179
95,186,179
95,186,179
95,186,179
95,186,179
93,185,178
93,185,179
92,185,178
92,185,178
92,185,178
92,185,178
85,182,174
85,182,174
85,182,174
85,182,175
85,182,175
85,182,175
86,182,175
87,183,175
88,183,176
89,183,176
91,184,176
92,184,177
92,185,177
92,185,177
93,185,178
93,185,178
93,185,178
94,185,178
95,186,179
95,186,179
95,186,179
95,186,179
95,186,179
95,186,179
95,186,179
95,186,179
95,186,179
95,186,179
95,186,179
95,186,179
95,186,179
95,186,179
95,186,179
95,186,179
95,186,179
95,186,179
95,186,179
95,186,179
95,186,179
95,186,179
95,186,179
95,186,179
95,186,179
95,186,179
95,186,179
95,186,179
95,186,179
95,186,179
95,186,179
95,186,179
95,186,179
95,186,179
95,186,179
95,186,179
95,186,179
95,186,179
96,187,179
96,187,179
96,187,179
96,187,179
96,187,179
96,187,179
96,187,179
96,187,179
96,187,179
96,187,179
96,187,179
96,187,179
96,187,179
96,187,179
95,186,179
95,186,179
95,186,179
95,186,179
95,186,179
95,186,179
95,186,179
95,186,179
95,186,179
95,186,179
95,186,179
94,185,179
94,185,179
94,185,179
95,186,179
95,186,179
95,186,179
95,186,179
95,186,179
95,186,179
96,187,179
96,187,179
96,187,179
96,187,179
96,187,179
96,187,179
96,187,179
96,187,179
96,187,179
96,187,179
96,187,179
96,187,179
95,186,179
95,186,179
95,186,179
95,186,179
95,186,179
95,186,179
95,186,178
95,186,178
95,186,178
95,186,178
95,186,179
95,186,179
95,186,179
95,186,179
96,187,179
96,187,179
96,187,179
96,187,179
97,187,179
97,187,179
97,187,179
97,187,179
97,187,180
97,187,180
96,187,179
96,187,179
95,186,179
95,186,178
94,185,177
93,185,178
91,184,177
90,184,177
90,184,178
91,185,177
94,185,179
95,186,179
96,186,180
96,187,179
96,187,179
97,187,180
97,187,180
97,187,180
97,187,180
97,187,180
97,187,180
97,187,180
96,187,179
96,187,179
95,186,179
95,186,179
95,186,179
95,186,179
95,186,179
96,187,179
96,187,179
96,187,179
96,187,179
96,187,179
96,187,179
96,187,179
96,187,179
96,187,179
96,187,179
96,187,179
96,187,179
96,187,179
96,187,179
96,187,179
96,187,179
96,187,179
95,186,179
95,186,179
95,186,179
95,186,179
95,186,179
95,186,179
95,186,179
95,186,179
95,186,179
95,186,179
95,186,179
95,186,179
95,186,179
95,186,179
95,186,179
94,185,178
93,185,179
92,185,178
92,185,178
92,185,178
92,185,178
85,182,174
85,182,174
85,182,174
85,182,174
85,182,175
85,182,175
85,182,175
86,182,175
88,183,176
89,183,176
89,184,176
91,184,177
92,184,177
92,185,177
93,185,178
93,185,178
93,185,178
94,185,178
94,185,179
95,186,179
95,186,179
95,186,179
95,186,179
95,186,179
95,186,179
95,186,179
95,186,179
95,186,179
95,186,179
95,186,179
95,186,179
95,186,179
95,186,179
95,186,179
95,186,179
95,186,179
95,186,179
95,186,179
95,186,179
95,186,179
95,186,179
96,187,179
96,187,179
96,187,179
96,187,179
95,186,179
95,186,179
95,186,179
95,186,179
95,186,179
95,186,179
95,186,179
95,186,179
95,186,179
96,187,179
96,187,179
96,187,179
96,187,179
96,187,179
96,187,179
96,187,179
96,187,179
96,187,179
96,187,179
96,187,179
96,187,179
96,187,179
96,187,179
96,187,179
96,187,179
96,187,179
95,186,179
95,186,179
95,186,179
95,186,179
95,186,179
95,186,179
95,186,179
95,186,179
95,186,179
95,186,179
95,186,179
95,186,179
95,186,179
95,186,179
95,186,179
95,186,179
95,186,179
96,187,179
96,187,179
96,187,179
96,187,179
96,187,179
96,187,179
96,187,179
96,187,179
96,187,179
96,187,179
96,187,179
96,187,179
96,187,179
95,186,179
95,186,179
95,186,179
95,186,179
95,186,179
95,186,179
95,186,179
95,186,179
95,186,178
95,186,178
95,186,179
95,186,179
95,186,179
95,186,179
95,186,179
96,187,179
96,187,179
96,187,179
96,187,179
97,187,179
97,187,179
97,187,179
97,187,179
97,187,179
97,187,180
96,187,179
96,187,179
95,186,179
95,186,178
94,185,177
93,185,178
91,184,177
90,184,177
90,184,177
92,185,178
94,185,179
95,186,179
96,187,179
96,187,179
97,187,180
97,187,180
97,187,180
97,187,180
97,187,180
97,187,180
97,187,180
97,187,180
96,187,179
96,187,179
95,186,179
95,186,179
95,186,179
95,186,179
95,186,179
96,187,179
96,187,179
96,187,179
96,187,179
96,187,179
96,187,179
96,187,179
96,187,179
96,187,179
96,187,179
96,187,179
96,187,179
96,187,179
96,187,179
96,187,179
96,187,179
96,187,179
95,186,179
95,186,179
95,186,179
95,186,179
95,186,179
95,186,179
95,186,179
95,186,179
95,186,179
95,186,179
95,186,179
95,186,179
95,186,179
95,186,179
94,185,178
93,185,178
93,185,178
92,185,178
92,185,178
92,185,178
92,185,178
85,182,174
85,182,174
85,182,174
85,182,174
85,182,174
85,182,174
86,182,175
87,182,175
88,183,176
89,183,176
91,184,177
92,184,177
92,185,177
93,185,178
93,185,178
94,185,177
94,185,177
94,185,179
95,186,179
95,186,179
95,186,179
95,186,179
95,186,179
95,186,179
95,186,179
95,186,179
95,186,179
95,186,179
95,186,179
95,186,179
95,186,179
95,186,179
95,186,179
95,186,179
95,186,179
95,186,179
95,186,179
95,186,179
95,186,179
96,187,179
96,187,179
96,187,179
96,187,179
96,187,179
96,187,179
95,186,179
95,186,179
95,186,179
95,186,179
95,186,179
95,186,179
95,186,179
96,187,179
96,187,179
96,187,179
96,187,179
96,187,179
96,187,179
96,187,179
96,187,179
96,187,179
96,187,179
96,187,179
96,187,179
96,187,179
96,187,179
96,187,179
96,187,179
96,187,179
96,187,179
96,187,179
95,186,179
95,186,179
95,186,179
95,186,179
95,186,179
95,186,179
95,186,179
95,186,179
95,186,179
95,186,179
95,186,179
95,186,179
95,186,179
95,186,179
95,186,179
96,187,179
96,187,179
96,187,179
96,187,179
96,187,179
96,187,179
96,187,179
96,187,179
96,187,179
96,187,179
96,187,179
96,187,179
96,187,179
95,186,179
95,186,179
95,186,179
95,186,179
95,186,179
95,186,179
95,186,179
95,186,179
95,186,179
95,186,179
95,186,179
95,186,179
95,186,179
95,186,179
95,186,179
95,186,179
95,186,179
96,187,179
96,187,179
96,187,179
97,187,179
97,187,179
97,187,179
97,187,179
97,187,180
97,187,180
96,187,179
96,186,179
95,186,179
94,185,178
94,185,177
92,185,177
91,184,177
90,184,177
90,184,177
92,185,178
95,186,179
95,186,179
96,187,179
96,187,179
97,187,180
97,187,180
97,187,180
97,187,180
97,187,180
97,187,180
97,187,180
96,187,179
96,187,179
95,186,179
95,186,179
95,186,179
95,186,179
95,186,179
95,186,179
95,186,179
96,187,179
96,187,179
96,187,179
96,187,179
96,187,179
96,187,179
96,187,179
96,187,179
96,187,179
96,187,179
96,187,179
96,187,179
96,187,179
96,187,179
96,187,179
96,187,179
95,186,179
95,186,179
95,186,179
95,186,179
95,186,179
95,186,179
95,186,179
95,186,179
95,186,179
95,186,179
95,186,179
95,186,179
95,186,179
95,186,179
94,185,178
93,185,178
93,185,178
92,185,178
92,185,178
92,185,178
85,182,174
85,182,174
85,182,174
85,182,174
86,182,174
86,182,174
85,182,174
86,182,175
87,183,175
88,183,176
89,184,176
91,184,177
92,184,177
92,185,177
93,185,178
94,185,177
94,185,177
94,185,178
95,186,179
95,186,179
95,186,179
95,186,179
95,186,179
95,186,179
95,186,179
95,186,179
95,186,179
95,186,179
95,186,179
95,186,179
95,186,179
95,186,179
95,186,179
95,186,179
95,186,179
95,186,179
95,186,179
95,186,179
95,186,179
96,187,179
96,187,179
96,187,179
97,187,179
97,187,179
97,187,179
96,187,179
96,187,179
96,187,179
96,187,179
96,187,179
96,187,179
96,187,179
96,187,179
96,187,179
96,187,179
96,187,179
96,187,179
96,187,179
96,187,179
96,187,179
96,187,179
95,186,179
95,186,179
95,186,179
95,186,179
96,187,179
96,187,179
96,187,179
96,187,179
96,187,179
96,187,179
96,187,179
95,186,179
95,186,179
95,186,179
95,186,179
95,186,179
95,186,179
95,186,179
95,186,179
95,186,179
95,186,179
95,186,179
95,186,179
95,186,179
96,187,179
96,187,179
96,187,179
96,187,179
96,187,179
96,187,179
96,187,179
96,187,179
95,186,179
95,186,179
95,186,179
95,186,179
95,186,179
95,186,179
95,186,179
95,186,179
95,186,179
95,186,179
95,186,179
95,186,179
95,186,179
95,186,179
95,186,179
95,186,179
95,186,179
95,186,179
95,186,179
95,186,179
95,186,179
95,186,179
95,186,179
96,187,179
96,187,179
97,187,180
97,187,179
97,187,179
97,187,180
97,187,180
97,187,180
97,187,180
96,187,179
95,186,179
95,186,179
94,185,178
94,185,178
92,184,177
92,185,178
91,184,177
91,184,177
93,186,178
95,186,179
96,187,179
96,187,179
97,187,180
97,187,180
97,187,180
97,187,180
97,187,180
97,187,180
97,187,180
96,187,179
96,187,179
96,187,179
95,186,179
95,186,179
95,186,179
95,186,179
95,186,179
95,186,179
95,186,179
96,187,179
96,187,179
96,187,179
96,187,179
96,187,179
96,187,179
96,187,179
96,187,179
96,187,179
96,187,179
96,187,179
96,187,179
96,187,179
96,187,179
96,187,179
96,187,179
95,186,179
95,186,179
95,186,179
95,186,179
95,186,179
95,186,179
95,186,179
95,186,179
95,186,179
95,186,179
95,186,179
95,186,179
95,186,179
94,185,178
93,185,178
93,185,178
93,185,179
93,185,178
93,185,178
93,185,178
85,182,174
85,182,174
85,182,174
85,182,174
85,182,174
86,182,174
86,182,174
86,182,174
86,182,175
88,183,176
89,183,176
91,184,177
92,184,177
92,184,177
93,185,178
94,185,177
94,185,177
95,186,178
95,186,178
95,186,179
95,186,179
95,186,179
95,186,179
95,186,179
95,186,179
95,186,179
95,186,179
95,186,179
95,186,179
95,186,179
95,186,179
95,186,179
95,186,179
95,186,179
95,186,179
95,186,179
95,186,179
95,186,179
95,186,179
96,187,179
96,187,179
97,187,179
97,187,179
97,187,179
97,187,179
97,187,179
97,187,179
97,187,179
96,187,179
96,187,179
96,187,179
96,187,179
96,187,179
96,187,179
96,187,179
96,187,179
96,187,179
96,187,179
96,187,179
96,187,179
95,186,179
95,186,179
95,186,179
95,186,179
95,186,179
95,186,179
96,187,179
96,187,179
96,187,179
96,187,179
96,187,179
96,187,179
96,187,179
96,187,179
95,186,179
95,186,179
95,186,179
95,186,179
95,186,179
95,186,179
95,186,179
95,186,179
95,186,179
95,186,179
96,187,179
96,187,179
96,187,179
96,187,179
96,187,179
96,187,179
96,187,179
96,187,179
95,186,179
95,186,179
95,186,179
95,186,179
95,186,179
95,186,179
95,186,179
95,186,179
95,186,179
95,186,179
95,186,179
95,186,179
95,186,179
95,186,179
95,186,179
95,186,179
95,186,179
95,186,179
95,186,179
95,186,179
95,186,179
95,186,179
95,186,179
95,186,179
95,186,179
96,187,179
97,187,180
97,187,180
97,187,180
97,187,180
97,187,180
97,187,180
97,187,180
96,187,179
95,186,179
95,186,179
94,185,178
93,185,178
92,184,177
92,185,178
92,185,178
92,185,178
94,185,179
95,186,179
96,187,179
97,187,180
97,187,180
97,187,180
97,187,180
97,187,180
97,187,180
97,187,180
96,187,179
96,187,179
96,187,179
96,187,179
95,186,179
95,186,179
95,186,179
95,186,179
95,186,179
95,186,179
95,186,179
96,187,179
96,187,179
96,187,179
96,187,179
96,187,179
96,187,179
96,187,179
96,187,179
96,187,179
96,187,179
96,187,179
96,187,179
96,187,179
96,187,179
96,187,179
96,187,179
95,186,179
95,186,179
95,186,179
95,186,179
95,186,179
95,186,179
95,186,179
95,186,179
95,186,179
95,186,179
95,186,179
95,186,179
95,186,179
94,185,177
93,185,178
93,185,178
92,185,178
93,185,178
93,185,178
93,185,178
85,182,174
85,182,174
85,182,174
85,182,174
86,182,174
86,182,174
86,182,174
86,182,175
87,182,175
88,183,176
89,183,176
91,184,177
92,184,177
93,185,178
93,185,178
94,185,177
94,185,178
95,186,178
95,186,178
95,186,179
95,186,179
95,186,179
95,186,179
95,186,179
95,186,179
95,186,179
95,186,179
95,186,179
95,186,179
95,186,179
95,186,179
95,186,179
95,186,179
95,186,179
95,186,179
95,186,179
95,186,179
95,186,179
96,187,179
96,187,179
97,187,179
97,187,179
97,187,179
97,187,179
97,187,179
97,187,179
97,187,179
96,187,179
96,187,179
96,187,179
96,187,179
96,187,179
96,187,179
96,187,179
96,187,179
96,187,179
96,187,179
96,187,179
95,186,179
95,186,179
95,186,179
95,186,179
95,186,179
95,186,179
95,186,179
95,186,179
96,187,179
96,187,179
96,187,179
96,187,179
96,187,179
96,187,179
96,187,179
95,186,179
95,186,179
95,186,179
95,186,179
95,186,179
95,186,179
95,186,179
95,186,179
95,186,179
96,187,179
96,187,179
96,187,179
96,187,179
96,187,179
96,187,179
96,187,179
96,187,179
95,186,179
95,186,179
95,186,179
95,186,179
95,186,179
95,186,179
95,186,179
95,186,179
95,186,179
95,186,179
95,186,179
95,186,179
95,186,179
95,186,179
95,186,179
95,186,179
95,186,179
95,186,179
95,186,179
95,186,179
95,186,179
95,186,179
95,186,179
95,186,179
95,186,179
95,186,179
96,187,179
97,187,180
97,187,180
97,187,180
97,187,180
97,187,180
97,187,180
97,187,180
96,187,179
95,186,179
95,186,179
94,185,178
93,185,178
92,185,177
92,185,178
92,185,178
93,185,179
95,186,179
95,186,179
96,187,179
97,187,180
97,187,180
97,187,179
97,187,180
97,187,180
97,187,180
97,187,180
96,187,179
96,187,179
96,187,179
96,187,179
95,186,179
95,186,179
95,186,179
95,186,179
95,186,179
95,186,179
96,187,179
96,187,179
96,187,179
96,187,179
96,187,179
96,187,179
96,187,179
96,187,179
96,187,179
96,187,179
96,187,179
96,187,179
96,187,179
96,187,179
96,187,179
96,187,179
96,187,179
95,186,179
95,186,179
95,186,179
95,186,179
95,186,179
95,186,179
95,186,179
95,186,179
95,186,179
95,186,179
95,186,179
95,186,179
94,185,177
93,185,178
93,185,178
93,185,179
92,185,178
92,185,178
93,185,178
85,182,174
85,182,174
85,182,174
85,182,174
85,182,174
86,182,174
86,182,174
86,182,174
86,182,175
87,182,175
89,183,176
90,184,177
91,184,177
92,184,177
93,185,178
94,185,177
94,185,177
95,186,178
95,186,178
95,186,178
95,186,179
95,186,179
95,186,179
95,186,179
95,186,179
95,186,179
95,186,179
95,186,179
95,186,179
95,186,179
95,186,179
95,186,179
95,186,179
95,186,179
95,186,179
95,186,179
95,186,179
96,187,179
96,187,179
96,187,179
97,187,179
97,187,179
97,187,179
97,187,179
97,187,179
97,187,179
97,187,179
96,187,179
96,187,179
96,187,179
96,187,179
96,187,179
96,187,179
96,187,179
96,187,179
96,187,179
96,187,179
96,187,179
95,186,179
95,186,179
95,186,179
95,186,179
95,186,179
95,186,179
95,186,179
95,186,179
96,187,179
96,187,179
96,187,179
96,187,179
96,187,179
96,187,179
96,187,179
96,187,179
95,186,179
95,186,179
95,186,179
95,186,179
95,186,179
95,186,179
95,186,179
96,187,179
96,187,179
96,187,179
96,187,179
96,187,179
96,187,179
96,187,179
96,187,179
95,186,179
95,186,179
95,186,179
95,186,179
95,186,179
95,186,179
95,186,179
95,186,179
95,186,179
95,186,179
95,186,179
95,186,179
95,186,179
95,186,179
95,186,179
95,186,179
95,186,179
95,186,179
95,186,179
95,186,179
95,186,179
95,186,179
95,186,179
95,186,179
95,186,179
95,186,179
96,187,179
96,187,179
96,187,179
97,187,180
97,187,180
97,187,180
97,187,180
97,187,180
97,187,180
96,187,179
95,186,179
95,186,179
95,186,178
93,185,178
93,185,178
92,185,177
92,185,177
94,185,179
95,186,179
96,187,179
96,187,179
97,187,180
97,187,179
97,187,179
97,187,179
97,187,180
97,187,180
97,187,180
96,187,179
96,187,179
96,187,179
96,187,179
96,187,179
95,186,179
95,186,179
95,186,179
95,186,179
96,187,179
96,187,179
96,187,179
96,187,179
96,187,179
96,187,179
96,187,179
96,187,179
96,187,179
96,187,179
96,187,179
96,187,179
96,187,179
96,187,179
96,187,179
96,187,179
96,187,179
96,187,179
95,186,179
95,186,179
95,186,179
95,186,179
95,186,179
95,186,179
95,186,179
95,186,179
95,186,179
95,186,179
95,186,179
95,186,179
94,185,177
93,185,178
93,185,178
93,185,179
92,185,178
92,185,178
93,185,178
85,182,174
85,182,174
85,182,174
85,182,174
85,182,174
86,182,174
86,182,174
86,182,174
86,182,174
86,182,175
88,183,176
89,183,177
91,184,177
91,184,177
92,185,177
93,185,178
94,185,177
94,185,178
95,186,178
95,186,178
95,186,179
95,186,179
95,186,179
95,186,179
95,186,179
95,186,179
95,186,179
95,186,179
95,186,179
95,186,179
95,186,179
95,186,179
95,186,179
95,186,179
95,186,179
95,186,179
96,187,179
96,187,179
96,187,179
97,187,179
97,187,179
97,187,179
97,187,179
97,187,179
97,187,179
97,187,179
96,187,179
96,187,179
96,187,179
96,187,179
96,187,179
96,187,179
96,187,179
96,187,179
96,187,179
96,187,179
96,187,179
96,187,179
95,186,179
95,186,179
95,186,179
95,186,179
95,186,179
95,186,179
95,186,179
95,186,179
96,187,179
96,187,179
96,187,179
96,187,179
96,187,179
96,187,179
96,187,179
96,187,179
95,186,179
95,186,179
95,186,179
95,186,179
95,186,179
95,186,179
96,187,179
96,187,179
96,187,179
96,187,179
96,187,179
96,187,179
96,187,179
96,187,179
95,186,179
95,186,179
95,186,179
95,186,179
95,186,179
95,186,179
95,186,179
95,186,179
95,186,179
95,186,179
95,186,179
95,186,179
95,186,179
95,186,179
95,186,179
95,186,179
95,186,179
95,186,179
95,186,179
95,186,179
95,186,179
95,186,179
95,186,179
95,186,179
95,186,179
95,186,179
95,186,179
96,187,179
96,187,179
96,187,179
97,187,180
97,187,180
97,187,180
97,187,180
97,187,180
97,187,180
97,187,180
95,186,179
95,186,179
95,186,178
94,185,178
93,185,178
93,185,178
93,185,178
95,186,179
95,186,179
96,187,179
96,187,179
97,187,180
97,187,179
97,187,179
97,187,180
97,187,180
97,187,180
97,187,180
96,187,179
96,187,179
96,187,179
96,187,179
96,187,179
96,187,179
96,187,179
96,187,179
96,187,179
96,187,179
96,187,179
96,187,179
96,187,179
96,187,179
96,187,179
96,187,179
96,187,179
96,187,179
96,187,179
96,187,179
96,187,179
96,187,179
96,187,179
96,187,179
96,187,179
96,187,179
95,186,179
95,186,179
95,186,179
95,186,179
95,186,179
95,186,179
95,186,179
95,186,179
95,186,179
95,186,179
95,186,179
95,186,179
95,186,179
94,185,177
93,185,178
93,185,178
93,185,179
93,185,179
92,185,178
92,185,178
85,182,174
85,182,174
85,182,174
85,182,174
85,182,174
86,182,174
86,182,174
86,182,174
86,182,176
87,183,176
88,183,176
89,184,177
91,184,177
92,184,177
93,185,178
93,185,178
94,185,177
95,186,178
95,186,178
95,186,179
95,186,179
95,186,179
95,186,179
95,186,179
95,186,179
95,186,179
95,186,179
95,186,179
95,186,179
95,186,179
95,186,179
95,186,179
95,186,179
95,186,179
96,187,179
96,187,179
96,187,179
96,187,179
97,187,179
97,187,179
97,187,179
97,187,179
97,187,179
97,187,179
97,187,179
96,187,179
96,187,179
96,187,179
96,187,179
96,187,179
96,187,179
96,187,179
96,187,179
96,187,179
96,187,179
96,187,179
96,187,179
95,186,179
95,186,179
95,186,179
95,186,179
95,186,179
95,186,179
95,186,179
95,186,179
96,187,179
96,187,179
96,187,179
96,187,179
96,187,179
96,187,179
96,187,179
96,187,179
95,186,179
95,186,179
95,186,179
95,186,179
95,186,179
95,186,179
96,187,179
96,187,179
96,187,179
96,187,179
96,187,179
96,187,179
96,187,179
96,187,179
95,186,179
95,186,179
95,186,179
95,186,179
95,186,179
95,186,179
95,186,179
95,186,179
95,186,179
95,186,179
95,186,179
95,186,179
95,186,179
95,186,179
95,186,179
95,186,179
95,186,179
95,186,179
95,186,179
95,186,179
95,186,179
95,186,179
95,186,179
95,186,179
95,186,179
95,186,179
96,187,179
96,187,179
96,187,179
96,187,179
96,187,179
97,187,180
97,187,180
97,187,180
97,187,179
97,187,180
97,187,179
96,187,179
95,186,179
95,186,178
95,186,178
94,185,178
94,185,178
95,186,178
95,186,178
95,186,179
96,187,179
96,187,179
97,187,179
97,187,179
97,187,179
97,187,180
97,187,180
97,187,180
97,187,180
96,187,179
96,187,179
96,187,179
96,187,179
96,187,179
96,187,179
96,187,179
96,187,179
96,187,179
96,187,179
96,187,179
96,187,179
96,187,179
96,187,179
96,187,179
96,187,179
96,187,179
96,187,179
96,187,179
96,187,179
96,187,179
96,187,179
96,187,179
96,187,179
96,187,179
95,186,179
95,186,179
95,186,179
95,186,179
95,186,179
95,186,179
95,186,179
95,186,179
95,186,179
95,186,179
95,186,179
95,186,179
95,186,179
94,185,178
94,185,177
93,185,178
93,185,178
93,185,179
92,185,178
92,185,178
84,180,174
85,182,174
85,182,174
85,182,174
85,182,174
86,182,174
86,182,174
86,182,174
86,182,175
86,182,176
88,183,176
89,183,177
90,184,177
91,184,177
92,184,177
93,185,178
94,185,177
94,185,177
95,186,178
95,186,179
95,186,179
95,186,179
95,186,179
95,186,179
95,186,179
95,186,179
95,186,179
95,186,179
95,186,179
95,186,179
96,187,179
96,187,179
96,187,179
96,187,179
96,187,179
96,187,179
96,187,179
97,187,179
97,187,179
97,187,179
97,187,179
97,187,179
97,187,179
96,187,179
96,187,179
96,187,179
96,187,179
96,187,179
96,187,179
96,187,179
96,187,179
96,187,179
96,187,179
96,187,179
96,187,179
96,187,179
95,186,179
95,186,179
95,186,179
95,186,179
95,186,179
95,186,179
95,186,179
95,186,179
95,186,179
96,187,179
96,187,179
96,187,179
96,187,179
96,187,179
96,187,179
96,187,179
96,187,179
96,187,179
95,186,179
95,186,179
95,186,179
96,187,179
96,187,179
96,187,179
96,187,179
96,187,179
96,187,179
96,187,179
96,187,179
95,186,179
95,186,179
95,186,179
95,186,179
95,186,179
95,186,179
95,186,179
95,186,179
95,186,179
95,186,179
95,186,179
95,186,179
95,186,179
95,186,179
95,186,179
95,186,179
95,186,179
95,186,179
95,186,179
95,186,179
95,186,179
95,186,179
95,186,179
95,186,179
95,186,179
95,186,179
95,186,179
95,186,179
96,187,179
96,187,179
96,187,179
96,187,179
96,187,179
96,187,179
97,187,180
97,187,180
97,187,180
97,187,180
96,187,179
96,187,179
95,186,179
95,186,179
95,186,178
95,186,178
95,186,178
95,186,178
95,186,179
95,186,179
96,187,179
96,187,179
97,187,179
97,187,179
97,187,179
97,187,179
97,187,180
97,187,180
96,187,179
96,187,179
96,187,179
96,187,179
96,187,179
96,187,179
96,187,179
96,187,179
96,187,179
96,187,179
96,187,179
96,187,179
96,187,179
96,187,179
96,187,179
96,187,179
96,187,179
96,187,179
96,187,179
96,187,179
95,186,179
95,186,179
95,186,179
95,186,179
95,186,179
95,186,179
95,186,179
95,186,179
95,186,179
95,186,179
95,186,179
95,186,179
95,186,179
95,186,179
95,186,179
95,186,179
95,186,179
95,186,179
95,186,179
94,185,178
93,185,179
93,185,179
93,185,179
92,185,178
92,185,178
92,185,178
85,181,174
85,181,174
85,182,174
85,182,174
85,182,174
86,182,174
86,182,174
86,182,174
86,182,176
87,183,176
88,183,176
89,183,177
91,184,177
91,184,177
93,185,178
93,185,178
94,185,177
94,185,177
95,186,179
95,186,179
95,186,179
95,186,179
95,186,179
95,186,179
95,186,179
95,186,179
95,186,179
95,186,179
96,187,179
96,187,179
96,187,179
96,187,179
96,187,179
96,187,179
96,187,179
97,187,179
97,187,179
97,187,179
97,187,179
97,187,179
97,187,179
96,187,179
96,187,179
96,187,179
96,187,179
96,187,179
96,187,179
96,187,179
96,187,179
96,187,179
96,187,179
96,187,179
96,187,179
96,187,179
95,186,179
95,186,179
95,186,179
95,186,179
95,186,179
95,186,179
95,186,179
95,186,179
95,186,179
95,186,179
96,187,179
96,187,179
96,187,179
96,187,179
96,187,179
96,187,179
96,187,179
96,187,179
96,187,179
96,187,179
95,186,179
96,187,179
96,187,179
96,187,179
96,187,179
96,187,179
96,187,179
96,187,179
96,187,179
95,186,179
95,186,179
95,186,179
95,186,179
95,186,179
95,186,179
95,186,179
95,186,179
95,186,179
95,186,179
95,186,179
95,186,179
95,186,179
95,186,179
95,186,179
95,186,179
95,186,179
95,186,179
95,186,179
95,186,179
95,186,179
95,186,179
95,186,179
95,186,179
95,186,179
95,186,179
95,186,179
95,186,179
96,187,179
96,187,179
96,187,179
96,187,179
96,187,179
96,187,179
96,187,179
96,187,179
97,187,180
97,187,180
96,187,179
96,187,179
96,187,179
95,186,179
95,186,179
95,186,179
95,186,178
95,186,178
95,186,179
95,186,179
95,186,179
96,187,179
96,187,179
97,187,179
97,187,179
97,187,179
97,187,180
97,187,180
96,187,179
96,187,179
96,187,179
96,187,179
96,187,179
96,187,179
96,187,179
96,187,179
96,187,179
96,187,179
96,187,179
96,187,179
96,187,179
96,187,179
96,187,179
96,187,179
96,187,179
96,187,179
96,187,179
96,187,179
96,187,179
95,186,179
95,186,179
95,186,179
95,186,179
95,186,179
95,186,179
95,186,179
95,186,179
95,186,179
95,186,179
95,186,179
95,186,179
95,186,179
95,186,179
95,186,179
95,186,179
95,186,179
95,186,179
94,185,178
94,185,178
93,185,179
93,185,179
92,185,178
92,185,178
92,185,178
84,180,174
85,181,174
85,181,174
85,182,174
85,182,174
85,182,174
86,182,174
86,182,174
86,182,175
86,182,175
87,183,176
88,183,176
89,183,176
91,184,176
92,184,177
93,185,178
94,185,177
94,185,177
95,186,179
95,186,179
95,186,179
95,186,179
95,186,179
95,186,179
95,186,179
95,186,179
95,186,179
96,187,179
96,187,179
96,187,179
97,187,180
97,187,180
97,187,180
97,187,180
97,187,180
97,187,179
97,187,179
97,187,179
97,187,179
97,187,179
96,187,179
96,187,179
96,186,180
95,186,179
95,186,179
95,186,179
95,186,179
95,186,179
95,186,179
95,186,179
95,186,179
95,186,179
95,186,179
95,186,179
95,186,179
95,186,179
95,186,179
95,186,179
95,186,179
95,186,179
95,186,179
95,186,179
95,186,179
95,186,179
96,187,179
96,187,179
96,187,179
96,187,179
96,187,179
96,187,179
96,187,179
96,187,179
96,187,179
96,187,179
96,187,179
96,187,179
96,187,179
96,187,179
96,187,179
96,187,179
96,187,179
95,186,179
95,186,179
95,186,179
95,186,179
95,186,179
95,186,179
95,186,179
95,186,179
95,186,179
95,186,179
95,186,179
95,186,179
95,186,179
95,186,179
95,186,179
95,186,179
95,186,179
95,186,179
95,186,179
95,186,179
95,186,179
95,186,179
95,186,179
95,186,179
95,186,179
95,186,179
95,186,179
95,186,179
95,186,179
96,187,179
96,187,179
96,187,179
96,187,179
96,187,179
96,187,179
96,187,179
96,187,179
96,187,179
96,187,179
96,187,179
96,187,179
96,187,179
96,187,179
95,186,179
95,186,179
95,186,179
95,186,179
95,186,179
95,186,179
95,186,179
95,186,179
96,187,179
96,187,179
97,187,180
97,187,179
97,187,179
97,187,180
96,187,179
96,187,179
96,187,179
96,187,179
96,187,179
96,187,179
96,187,179
96,187,179
96,187,179
96,187,179
96,187,179
96,187,179
96,187,179
96,187,179
96,187,179
96,187,179
96,187,179
96,187,179
96,187,179
96,187,179
96,187,179
96,187,179
95,186,179
95,186,179
95,186,179
95,186,179
95,186,179
95,186,179
95,186,179
95,186,179
95,186,179
95,186,179
95,186,179
95,186,179
95,186,179
95,186,179
95,186,179
95,186,179
95,186,179
95,186,179
94,185,178
94,185,178
93,185,179
93,185,179
92,185,178
92,185,178
92,185,178
84,180,174
84,181,174
85,181,174
84,181,175
84,181,175
85,182,174
85,182,175
85,182,175
85,182,175
86,182,175
86,182,175
88,183,176
88,183,176
90,184,177
91,184,177
92,184,177
94,185,177
94,185,177
95,186,178
95,186,179
95,186,179
95,186,179
95,186,179
95,186,179
95,186,179
95,186,179
96,187,179
96,187,179
96,187,179
97,187,180
97,187,180
97,187,180
97,187,180
97,187,179
97,187,179
97,187,179
97,187,179
97,187,179
97,187,179
96,187,179
96,187,179
96,186,180
95,186,179
95,186,179
95,186,179
95,186,179
95,186,179
95,186,179
95,186,179
95,186,179
95,186,179
95,186,179
95,186,179
95,186,179
95,186,179
95,186,179
95,186,179
95,186,179
95,186,179
95,186,179
95,186,179
95,186,179
95,186,179
95,186,179
96,187,179
96,187,179
96,187,179
96,187,179
96,187,179
96,187,179
96,187,179
96,187,179
96,187,179
96,187,179
96,187,179
96,187,179
96,187,179
96,187,179
96,187,179
96,187,179
95,186,179
95,186,179
95,186,179
95,186,179
95,186,179
95,186,179
95,186,179
95,186,179
95,186,179
95,186,179
95,186,179
95,186,179
95,186,179
95,186,179
95,186,179
95,186,179
95,186,179
95,186,179
95,186,179
95,186,179
95,186,179
95,186,179
95,186,179
95,186,179
95,186,179
95,186,179
95,186,179
95,186,179
95,186,179
96,186,180
96,187,179
96,187,179
96,187,179
96,187,179
96,187,179
96,187,179
96,187,179
96,187,179
96,187,179
96,187,179
96,187,179
96,187,179
96,187,179
95,186,179
95,186,179
95,186,179
95,186,179
95,186,179
95,186,179
95,186,179
95,186,179
96,187,179
96,187,179
96,187,179
97,187,180
97,187,179
97,187,179
97,187,180
96,187,179
96,187,179
96,187,179
96,187,179
96,187,179
96,187,179
96,187,179
96,187,179
96,187,179
96,187,179
96,187,179
96,187,179
96,187,179
96,187,179
96,187,179
96,187,179
96,187,179
96,187,179
96,187,179
96,187,179
96,187,179
96,187,179
95,186,179
95,186,179
95,186,179
95,186,179
95,186,179
95,186,179
95,186,179
95,186,179
95,186,179
95,186,179
95,186,179
95,186,179
95,186,179
95,186,179
95,186,179
95,186,179
95,186,179
95,186,179
94,185,178
94,185,178
93,185,179
93,185,179
92,185,178
92,185,178
92,185,177
84,181,174
84,181,175
84,181,175
84,181,175
84,181,175
84,181,175
85,182,175
85,182,175
86,182,175
86,182,175
87,183,176
88,183,176
89,183,176
91,184,177
92,184,177
92,185,177
94,185,177
95,186,178
95,186,179
95,186,179
95,186,179
95,186,179
95,186,179
95,186,179
95,186,179
96,187,179
96,187,179
97,187,180
97,187,180
97,187,179
97,187,179
97,187,179
97,187,179
97,187,179
97,187,179
97,187,179
97,187,179
97,187,179
96,187,179
96,186,180
95,186,179
95,186,179
95,186,179
95,186,179
95,186,179
95,186,179
95,186,179
95,186,179
95,186,179
95,186,179
95,186,179
95,186,179
95,186,179
95,186,179
95,186,179
95,186,179
95,186,179
95,186,179
95,186,179
95,186,179
95,186,179
95,186,179
95,186,179
96,187,179
96,187,179
96,187,179
96,187,179
96,187,179
96,187,179
96,187,179
96,187,179
96,187,179
96,187,179
96,187,179
96,187,179
96,187,179
96,187,179
96,187,179
95,186,179
95,186,179
95,186,179
95,186,179
95,186,179
95,186,179
94,185,179
94,185,179
94,185,179
95,186,179
95,186,179
95,186,179
95,186,179
95,186,179
95,186,179
95,186,179
95,186,179
95,186,179
95,186,179
95,186,179
95,186,179
95,186,179
95,186,179
95,186,179
95,186,179
95,186,179
95,186,179
96,186,180
96,186,180
96,186,180
96,187,179
96,187,179
96,187,179
96,187,179
96,187,179
96,187,179
96,187,179
96,187,179
96,187,179
96,187,179
96,187,179
96,187,179
96,187,179
95,186,179
95,186,179
95,186,179
95,186,179
95,186,179
95,186,179
95,186,179
95,186,179
95,186,179
96,187,179
96,187,179
96,187,179
96,187,179
97,187,180
97,187,180
96,187,179
96,187,179
96,187,179
96,187,179
96,187,179
96,187,179
95,186,179
95,186,179
96,187,179
96,187,179
96,187,179
96,187,179
96,187,179
96,187,179
96,187,179
96,187,179
96,187,179
96,187,179
96,187,179
96,187,179
96,187,179
96,187,179
96,187,179
96,187,179
95,186,179
95,186,179
95,186,179
95,186,179
95,186,179
95,186,179
95,186,179
95,186,179
95,186,179
95,186,179
95,186,179
95,186,179
95,186,179
95,186,179
95,186,179
95,186,179
95,186,179
94,185,178
93,185,178
93,185,179
93,185,179
92,185,178
92,185,177
85,181,174
84,181,175
84,181,175
84,181,175
84,181,175
84,181,175
84,181,175
85,182,175
85,182,175
86,182,175
86,182,175
87,183,176
88,183,176
90,184,177
91,184,177
92,184,177
94,185,178
94,185,178
95,186,179
95,186,179
95,186,179
95,186,179
95,186,179
95,186,179
95,186,179
96,187,179
96,187,179
97,187,180
97,187,180
97,187,180
97,187,180
97,187,180
97,187,180
97,187,180
97,187,179
97,187,179
97,187,179
97,187,179
96,187,179
96,186,180
95,186,179
95,186,179
95,186,179
95,186,179
95,186,179
95,186,179
95,186,179
95,186,179
95,186,179
95,186,179
95,186,179
95,186,179
95,186,179
95,186,179
95,186,179
95,186,179
95,186,179
95,186,179
95,186,179
95,186,179
95,186,179
95,186,179
95,186,179
96,187,179
96,187,179
96,187,179
96,187,179
96,187,179
96,187,179
96,187,179
96,187,179
96,187,179
96,187,179
96,187,179
96,187,179
96,187,179
96,187,179
95,186,179
95,186,179
95,186,179
95,186,179
95,186,179
95,186,179
95,186,179
94,185,179
94,185,179
94,185,179
95,186,179
95,186,179
95,186,179
95,186,179
95,186,179
95,186,179
95,186,179
96,187,179
96,187,179
95,186,179
95,186,179
95,186,179
95,186,179
95,186,179
95,186,179
95,186,179
95,186,179
95,186,179
96,186,180
96,186,180
96,186,180
96,187,179
96,187,179
96,187,179
96,187,179
96,187,179
96,187,179
96,187,179
96,187,179
96,187,179
96,187,179
96,187,179
96,187,179
95,186,179
95,186,179
95,186,179
95,186,179
95,186,179
95,186,179
95,186,179
95,186,179
95,186,179
96,187,179
96,187,179
96,187,179
96,187,179
96,187,179
96,187,179
96,187,179
96,187,179
96,187,179
96,187,179
96,187,179
95,186,179
95,186,179
95,186,179
95,186,179
95,186,179
95,186,179
96,187,179
96,187,179
96,187,179
96,187,179
96,187,179
96,187,179
96,187,179
96,187,179
96,187,179
96,187,179
96,187,179
96,187,179
96,187,179
96,187,179
96,187,179
95,186,179
95,186,179
95,186,179
95,186,179
95,186,179
95,186,179
95,186,179
95,186,179
95,186,179
95,186,179
95,186,179
95,186,179
95,186,179
95,186,179
95,186,179
95,186,179
94,185,178
93,185,179
93,185,179
93,185,179
92,185,177
92,185,177
84,181,175
84,181,175
84,181,175
84,181,175
84,181,175
84,181,175
85,182,175
85,182,174
85,182,174
86,182,175
86,183,176
88,183,176
89,184,177
90,184,177
91,184,177
93,185,178
93,186,178
94,185,179
95,186,179
95,186,179
95,186,179
95,186,179
95,186,179
95,186,179
96,187,179
96,187,179
97,187,180
97,187,180
97,187,180
97,187,180
97,187,180
97,187,180
97,187,180
97,187,179
97,187,179
97,187,179
96,187,179
96,187,179
95,186,179
95,186,179
95,186,179
95,186,179
95,186,179
95,186,179
95,186,179
95,186,179
95,186,179
95,186,179
95,186,179
95,186,179
95,186,179
95,186,179
95,186,179
95,186,179
95,186,179
95,186,179
95,186,179
95,186,179
95,186,179
95,186,179
95,186,179
95,186,179
96,187,179
96,187,179
96,187,179
96,187,179
96,187,179
96,187,179
96,187,179
96,187,179
96,187,179
96,187,179
96,187,179
96,187,179
96,187,179
96,187,179
95,186,179
95,186,179
95,186,179
95,186,179
95,186,179
95,186,179
94,185,179
93,185,178
93,185,178
94,185,179
95,186,179
95,186,179
95,186,179
95,186,179
95,186,179
95,186,179
96,187,179
96,187,179
96,187,179
96,187,179
95,186,179
95,186,179
95,186,179
95,186,179
95,186,179
95,186,179
95,186,179
95,186,179
96,186,180
96,186,180
96,187,179
96,187,179
96,187,179
96,187,179
96,187,179
96,187,179
96,187,179
96,187,179
96,187,179
96,187,179
96,187,179
96,187,179
95,186,179
95,186,179
95,186,179
95,186,179
95,186,179
95,186,179
95,186,179
95,186,179
95,186,179
96,186,180
96,187,179
96,187,179
96,187,179
96,187,179
96,187,179
96,187,179
96,187,179
96,187,179
96,187,179
95,186,179
95,186,179
95,186,179
95,186,179
95,186,179
95,186,179
95,186,179
95,186,179
95,186,179
96,187,179
96,187,179
96,187,179
96,187,179
96,187,179
96,187,179
96,187,179
96,187,179
96,187,179
96,187,179
96,187,179
96,187,179
96,187,179
96,187,179
95,186,179
95,186,179
95,186,179
95,186,179
95,186,179
95,186,179
95,186,179
95,186,179
95,186,179
95,186,179
95,186,179
95,186,179
95,186,179
95,186,179
95,186,179
94,185,179
93,185,178
93,185,179
93,185,179
93,185,178
93,185,178
85,181,174
84,181,175
84,181,175
84,181,175
84,181,175
84,181,175
85,182,175
85,182,174
86,182,174
86,182,175
86,182,175
87,183,176
88,183,176
90,184,177
91,184,177
92,185,178
93,185,179
94,185,179
95,186,179
95,186,179
95,186,179
95,186,179
95,186,179
95,186,179
96,187,179
97,187,180
97,187,180
97,187,180
97,187,180
97,187,180
97,187,180
97,187,180
97,187,180
97,187,180
97,187,180
96,187,179
96,187,179
96,186,180
95,186,179
95,186,179
95,186,179
95,186,179
95,186,179
95,186,179
95,186,179
95,186,179
95,186,179
95,186,179
95,186,179
95,186,179
95,186,179
95,186,179
95,186,179
95,186,179
95,186,179
95,186,179
95,186,179
95,186,179
95,186,179
95,186,179
95,186,179
95,186,179
96,187,179
96,187,179
96,187,179
96,187,179
96,187,179
96,187,179
96,187,179
96,187,179
96,187,179
96,187,179
96,187,179
96,187,179
96,187,179
95,186,179
95,186,179
95,186,179
95,186,179
95,186,179
95,186,179
94,185,179
93,185,178
93,185,178
93,185,178
93,185,178
95,186,179
95,186,179
95,186,179
95,186,179
95,186,179
95,186,179
96,187,179
96,187,179
96,187,179
96,187,179
95,186,179
95,186,179
95,186,179
95,186,179
95,186,179
95,186,179
95,186,179
95,186,179
95,186,179
96,186,180
96,187,179
96,187,179
96,187,179
96,187,179
96,187,179
96,187,179
96,187,179
96,187,179
96,187,179
96,187,179
95,186,179
95,186,179
95,186,179
95,186,179
95,186,179
95,186,179
95,186,179
95,186,179
95,186,179
95,186,179
95,186,179
96,186,180
96,187,179
96,187,179
96,187,179
96,187,179
96,187,179
96,187,179
96,187,179
96,187,179
95,186,179
95,186,179
95,186,179
95,186,179
95,186,179
95,186,179
95,186,179
95,186,179
95,186,179
95,186,179
95,186,179
96,187,179
96,187,179
96,187,179
96,187,179
96,187,179
97,187,180
96,187,179
96,187,179
96,187,179
96,187,179
96,187,179
96,187,179
96,187,179
96,187,179
95,186,179
95,186,179
95,186,179
95,186,179
95,186,179
95,186,179
95,186,179
95,186,179
95,186,179
95,186,179
95,186,179
95,186,179
95,186,179
95,186,179
94,185,178
93,185,179
93,185,179
93,185,179
93,185,178
93,185,178
85,181,175
84,181,175
84,181,175
84,181,175
85,182,175
85,182,174
85,182,174
86,182,174
86,182,174
86,182,175
86,183,176
87,183,176
88,183,176
90,184,177
91,184,177
92,185,178
93,186,178
94,185,179
95,186,179
95,186,179
95,186,179
95,186,179
96,187,179
96,187,179
96,187,179
97,187,180
97,187,180
97,187,180
97,187,180
97,187,180
97,187,180
97,187,180
97,187,180
96,187,179
96,187,179
96,186,180
96,186,180
95,186,179
95,186,179
95,186,179
95,186,179
95,186,179
95,186,179
95,186,179
95,186,179
95,186,179
95,186,179
95,186,179
95,186,179
95,186,179
95,186,179
95,186,179
95,186,179
95,186,179
95,186,179
95,186,179
95,186,179
95,186,179
95,186,179
95,186,179
96,187,179
96,187,179
96,187,179
96,187,179
96,187,179
96,187,179
96,187,179
96,187,179
96,187,179
96,187,179
96,187,179
96,187,179
96,187,179
96,187,179
95,186,179
95,186,179
95,186,179
95,186,179
95,186,179
94,185,179
93,186,178
93,185,179
93,185,179
93,185,178
94,185,178
95,186,179
95,186,179
95,186,179
95,186,179
95,186,179
95,186,179
95,186,179
96,187,179
96,187,179
96,187,179
95,186,179
95,186,179
95,186,179
95,186,179
95,186,179
95,186,179
95,186,179
95,186,179
95,186,179
95,186,179
96,187,179
96,187,179
96,187,179
96,187,179
96,187,179
96,187,179
96,187,179
96,187,179
96,187,179
95,186,179
95,186,179
95,186,179
95,186,179
95,186,179
95,186,179
95,186,179
95,186,179
95,186,179
95,186,179
95,186,179
96,186,180
96,187,179
96,187,179
96,187,179
96,187,179
96,187,179
96,187,179
96,187,179
96,187,179
95,186,179
95,186,179
95,186,179
95,186,179
95,186,179
95,186,179
95,186,179
95,186,179
95,186,179
95,186,179
95,186,179
95,186,179
96,187,179
96,187,179
96,187,179
96,187,179
97,187,180
97,187,180
96,187,179
96,187,179
96,187,179
96,187,179
96,187,179
96,187,179
96,187,179
95,186,179
95,186,179
95,186,179
95,186,179
95,186,179
95,186,179
95,186,179
95,186,179
95,186,179
95,186,179
95,186,179
95,186,179
95,186,179
95,186,179
94,185,179
93,185,179
92,185,178
92,185,178
92,185,178
93,185,178
85,182,174
85,181,175
85,182,175
85,182,175
85,181,175
85,182,174
86,182,174
86,182,174
86,182,174
86,182,175
86,182,175
87,183,176
88,183,176
88,183,176
90,184,177
91,184,177
93,185,179
94,185,179
95,186,179
95,186,179
95,186,179
95,186,179
96,187,179
96,187,179
96,187,179
96,187,179
97,187,180
97,187,180
97,187,180
97,187,180
97,187,179
96,187,179
96,187,179
96,187,179
96,186,180
96,186,180
96,186,180
95,186,179
95,186,179
95,186,179
95,186,179
95,186,179
95,186,179
95,186,179
95,186,179
95,186,179
95,186,179
95,186,179
95,186,179
95,186,179
95,186,179
95,186,179
95,186,179
95,186,179
95,186,179
95,186,179
95,186,179
95,186,179
95,186,179
96,187,179
96,187,179
96,187,179
97,187,179
97,187,179
97,187,179
96,187,179
96,187,179
96,187,179
96,187,179
96,187,179
96,187,179
96,187,179
96,187,179
96,187,179
95,186,179
95,186,179
95,186,179
95,186,179
95,186,179
94,185,179
93,186,178
93,185,179
93,185,179
94,185,178
94,185,178
95,186,179
95,186,179
95,186,179
95,186,179
95,186,179
95,186,179
95,186,179
95,186,179
96,187,179
96,187,179
95,186,179
95,186,179
95,186,179
95,186,179
95,186,179
95,186,179
95,186,179
95,186,179
95,186,179
95,186,179
96,187,179
96,187,179
96,187,179
96,187,179
96,187,179
96,187,179
96,187,179
96,187,179
95,186,179
95,186,179
95,186,179
95,186,179
95,186,179
95,186,179
95,186,179
95,186,179
95,186,179
95,186,179
95,186,179
96,186,180
96,187,179
96,187,179
96,187,179
96,187,179
96,187,179
96,187,179
96,187,179
96,187,179
95,186,179
95,186,179
95,186,179
95,186,179
95,186,179
95,186,179
95,186,179
95,186,179
95,186,179
95,186,179
95,186,179
95,186,179
96,187,179
96,187,179
96,187,179
96,187,179
96,187,179
96,187,179
96,187,179
96,187,179
96,187,179
96,187,179
96,187,179
96,187,179
96,187,179
96,187,179
95,186,179
95,186,179
95,186,179
95,186,179
95,186,179
95,186,179
95,186,179
95,186,179
95,186,179
95,186,179
95,186,179
95,186,179
95,186,179
95,186,179
93,185,178
92,185,178
92,185,178
92,185,178
92,185,177
92,185,177
85,181,175
85,181,175
86,182,175
86,182,175
86,182,174
86,182,174
86,182,174
86,182,174
86,182,174
86,182,175
86,182,175
86,183,176
88,183,176
89,183,177
90,184,177
92,184,178
93,185,179
94,185,179
95,186,179
95,186,179
96,187,179
96,187,179
96,187,179
96,187,179
96,187,179
96,187,179
96,187,179
96,187,179
96,187,179
96,187,179
96,187,179
96,187,179
96,186,180
96,186,180
96,186,180
96,186,180
96,186,180
95,186,179
95,186,179
95,186,179
95,186,179
95,186,179
95,186,179
95,186,179
95,186,179
95,186,179
95,186,179
95,186,179
95,186,179
95,186,179
95,186,179
95,186,179
96,186,180
96,187,179
96,187,179
96,187,179
96,187,179
96,187,179
96,187,179
96,187,179
97,187,179
97,187,179
97,187,179
97,187,179
97,187,179
96,187,179
96,187,179
96,187,179
96,187,179
96,187,179
96,187,179
96,187,179
96,187,179
95,186,179
95,186,179
95,186,179
95,186,179
95,186,179
94,185,179
94,185,179
94,185,178
94,185,178
94,185,178
95,186,179
95,186,179
95,186,179
95,186,179
95,186,179
95,186,179
95,186,179
95,186,179
95,186,179
95,186,179
95,186,179
95,186,179
95,186,179
96,187,179
96,187,179
95,186,179
95,186,179
95,186,179
95,186,179
95,186,179
96,187,179
96,187,179
96,187,179
96,187,179
96,187,179
96,187,179
96,187,179
96,187,179
95,186,179
95,186,179
95,186,179
95,186,179
95,186,179
95,186,179
95,186,179
95,186,179
95,186,179
95,186,179
95,186,179
95,186,179
96,186,180
96,187,179
96,187,179
96,187,179
96,187,179
96,187,179
96,187,179
96,187,179
96,187,179
95,186,179
95,186,179
95,186,179
95,186,179
95,186,179
95,186,179
95,186,179
95,186,179
95,186,179
95,186,179
95,186,179
95,186,179
96,187,179
96,187,179
96,187,179
96,187,179
96,187,179
96,187,179
96,187,179
96,187,179
96,187,179
96,187,179
96,187,179
96,187,179
95,186,179
95,186,179
95,186,179
95,186,179
95,186,179
95,186,179
95,186,179
95,186,179
95,186,179
95,186,179
95,186,178
95,186,179
95,186,179
95,186,179
95,186,179
94,185,179
93,185,179
92,185,178
92,185,178
92,185,178
92,185,178
85,181,175
86,182,175
86,182,175
86,182,175
86,182,174
86,182,174
86,182,174
86,182,174
86,182,174
86,182,175
86,182,175
86,182,175
87,182,176
88,183,176
89,183,177
90,184,177
92,184,178
93,186,178
95,186,179
95,186,179
96,187,179
96,187,179
96,187,179
96,187,179
96,187,179
96,187,179
96,187,179
96,187,179
96,187,179
96,187,179
96,187,179
96,186,179
95,186,179
95,186,179
95,186,179
96,186,180
96,186,180
96,186,180
95,186,179
95,186,179
95,186,179
95,186,179
95,186,179
95,186,179
95,186,179
95,186,179
95,186,179
95,186,179
95,186,179
95,186,179
95,186,179
96,186,180
96,187,179
96,187,179
96,187,179
96,187,179
96,187,179
96,187,179
97,187,179
97,187,179
97,187,179
97,187,179
97,187,179
97,187,179
97,187,179
96,187,179
96,187,179
96,187,179
96,187,179
96,187,179
96,187,179
96,187,179
96,186,180
95,186,179
95,186,179
95,186,179
95,186,179
95,186,179
95,186,179
94,185,179
94,185,179
94,185,179
95,186,179
95,186,179
95,186,179
95,186,179
95,186,179
95,186,179
95,186,179
95,186,179
95,186,179
95,186,179
95,186,179
95,186,179
95,186,179
96,187,179
96,187,179
96,187,179
96,187,179
96,187,179
96,187,179
95,186,179
96,187,179
96,187,179
96,187,179
96,187,179
96,187,179
96,187,179
96,187,179
96,187,179
96,187,179
95,186,179
95,186,179
95,186,179
95,186,179
95,186,179
95,186,179
95,186,179
95,186,179
95,186,179
95,186,179
95,186,179
96,186,180
96,187,179
96,187,179
96,187,179
96,187,179
96,187,179
96,187,179
96,187,179
96,187,179
96,187,179
95,186,179
95,186,179
95,186,179
95,186,179
95,186,179
95,186,179
95,186,179
95,186,179
95,186,179
95,186,179
95,186,179
95,186,179
96,187,179
96,187,179
96,187,179
96,187,179
96,187,179
96,187,179
96,187,179
96,187,179
96,187,179
96,187,179
96,187,179
95,186,179
95,186,179
95,186,179
95,186,179
95,186,179
95,186,179
95,186,179
95,186,179
95,186,179
95,186,179
95,186,178
95,186,178
95,186,178
95,186,179
95,186,179
94,185,179
93,186,178
92,185,178
92,185,178
92,185,178
92,185,178
92,184,178
86,182,175
86,182,175
86,182,175
86,182,174
86,182,174
86,182,174
86,182,174
86,182,174
86,182,174
86,182,174
86,182,176
86,182,176
87,182,176
88,183,176
89,183,177
91,184,177
93,185,178
94,185,178
95,186,179
96,187,179
96,187,179
96,187,179
96,187,179
96,187,179
96,187,179
96,187,179
96,187,179
96,187,179
96,187,179
96,187,179
96,187,179
95,186,179
95,186,179
95,186,179
96,187,179
96,187,179
96,187,179
96,187,179
96,186,180
95,186,179
95,186,179
95,186,179
95,186,179
95,186,179
95,186,179
95,186,179
95,186,179
95,186,179
95,186,179
96,186,180
96,187,179
96,187,179
96,187,179
96,187,179
96,187,179
96,187,179
97,187,179
97,187,179
97,187,179
97,187,179
97,187,179
97,187,179
97,187,179
97,187,179
96,187,179
96,187,179
96,187,179
96,187,179
96,187,179
96,187,179
96,187,179
95,186,179
95,186,179
95,186,179
95,186,179
95,186,179
95,186,179
95,186,179
95,186,179
95,186,179
95,186,179
95,186,179
95,186,179
95,186,179
95,186,179
95,186,179
95,186,179
95,186,179
95,186,179
95,186,179
95,186,179
95,186,179
95,186,179
95,186,179
96,187,179
96,187,179
96,187,179
96,187,179
96,187,179
96,187,179
96,187,179
96,187,179
96,187,179
96,187,179
96,187,179
96,187,179
96,187,179
96,187,179
96,187,179
95,186,179
95,186,179
95,186,179
95,186,179
95,186,179
95,186,179
95,186,179
95,186,179
95,186,179
95,186,179
95,186,179
95,186,179
96,187,179
96,187,179
96,187,179
96,187,179
96,187,179
96,187,179
96,187,179
96,187,179
96,187,179
96,187,179
95,186,179
95,186,179
95,186,179
95,186,179
95,186,179
95,186,179
95,186,179
95,186,179
95,186,179
95,186,179
95,186,179
96,187,179
96,187,179
96,187,179
96,187,179
96,187,179
96,187,179
96,187,179
96,187,179
96,187,179
96,187,179
96,187,179
95,186,179
95,186,179
95,186,179
95,186,179
95,186,179
95,186,179
95,186,179
95,186,179
95,186,179
95,186,179
95,186,178
95,186,178
95,186,178
94,185,178
94,185,178
94,185,179
94,185,179
93,185,179
92,185,178
92,185,178
92,185,178
92,184,178
86,182,175
86,182,175
86,182,175
86,182,174
86,182,174
86,182,174
86,182,174
86,182,174
86,182,174
86,182,174
86,182,175
86,182,175
86,182,175
86,183,176
88,183,176
89,184,177
92,184,178
93,185,179
95,186,179
95,186,179
96,186,180
96,187,179
96,187,179
96,187,179
96,187,179
96,187,179
96,187,179
96,187,179
96,187,179
96,187,179
96,187,179
96,187,179
96,186,180
96,187,179
96,187,179
96,187,179
96,187,179
96,187,179
96,187,179
96,186,180
95,186,179
95,186,179
95,186,179
95,186,179
95,186,179
95,186,179
95,186,179
95,186,179
96,187,179
96,187,179
96,187,179
96,187,179
96,187,179
96,187,179
96,187,179
96,187,179
96,187,179
96,187,179
97,187,179
97,187,179
97,187,179
97,187,179
97,187,179
97,187,179
96,187,179
96,187,179
96,187,179
96,187,179
96,187,179
96,186,180
95,186,179
95,186,179
95,186,179
95,186,179
95,186,179
95,186,179
95,186,179
95,186,179
95,186,179
95,186,179
95,186,179
95,186,179
95,186,179
95,186,179
95,186,179
95,186,179
95,186,179
95,186,179
95,186,179
95,186,179
95,186,179
95,186,179
95,186,179
95,186,179
95,186,179
96,187,179
96,187,179
96,187,179
96,187,179
96,187,179
96,187,179
96,187,179
96,187,179
96,187,179
96,187,179
96,187,179
96,187,179
96,187,179
95,186,179
95,186,179
95,186,179
95,186,179
95,186,179
95,186,179
95,186,179
95,186,179
95,186,179
95,186,179
95,186,179
95,186,179
95,186,179
96,187,179
96,187,179
96,187,179
96,187,179
96,187,179
96,187,179
96,187,179
96,187,179
96,187,179
96,187,179
95,186,179
95,186,179
95,186,179
95,186,179
95,186,179
95,186,179
95,186,179
95,186,179
95,186,179
95,186,179
95,186,179
95,186,179
96,187,179
96,187,179
96,187,179
96,187,179
96,187,179
96,187,179
96,187,179
96,187,179
96,187,179
96,187,179
95,186,179
95,186,179
95,186,179
95,186,179
95,186,179
95,186,179
95,186,179
95,186,179
95,186,179
95,186,178
95,186,178
94,185,178
94,185,177
94,185,177
94,185,178
94,185,178
93,186,178
93,185,179
92,185,178
92,185,178
92,185,178
92,185,178
86,182,175
86,182,175
86,182,174
86,182,174
86,182,174
86,182,174
86,182,174
86,182,174
86,182,174
86,182,175
85,182,175
85,182,175
86,182,175
87,183,176
88,183,176
90,184,177
92,184,178
93,186,178
95,186,179
95,186,179
95,186,179
96,187,179
96,187,179
96,187,179
96,187,179
96,187,179
96,187,179
97,187,179
97,187,180
96,187,179
96,187,179
96,187,179
96,187,179
96,187,179
96,187,179
96,187,179
96,187,179
96,187,179
96,186,180
95,186,179
95,186,179
95,186,179
95,186,179
95,186,179
95,186,179
96,187,179
96,187,179
96,187,179
96,187,179
96,187,179
96,187,179
96,187,179
96,187,179
96,187,179
96,187,179
96,187,179
96,187,179
96,187,179
97,187,179
97,187,179
97,187,179
97,187,179
96,187,179
96,187,179
96,187,179
96,187,179
96,187,179
96,186,180
95,186,179
95,186,179
95,186,179
95,186,179
95,186,179
95,186,179
95,186,179
95,186,179
95,186,179
95,186,179
95,186,179
95,186,179
95,186,179
95,186,179
95,186,179
95,186,179
95,186,179
95,186,179
95,186,179
95,186,179
95,186,179
95,186,179
95,186,179
95,186,179
95,186,179
95,186,179
96,187,179
96,187,179
96,187,179
96,187,179
96,187,179
96,187,179
96,187,179
96,187,179
96,187,179
96,187,179
96,187,179
96,187,179
96,187,179
95,186,179
95,186,179
95,186,179
95,186,179
95,186,179
95,186,179
95,186,179
95,186,179
95,186,179
95,186,179
95,186,179
95,186,179
95,186,179
96,187,179
96,187,179
96,187,179
96,187,179
96,187,179
96,187,179
96,187,179
96,187,179
96,187,179
96,187,179
95,186,179
95,186,179
95,186,179
95,186,179
95,186,179
95,186,179
95,186,179
95,186,179
95,186,179
95,186,179
95,186,179
95,186,179
96,187,179
96,187,179
96,187,179
96,187,179
96,187,179
96,187,179
96,187,179
96,187,179
96,187,179
96,187,179
95,186,179
95,186,179
95,186,179
95,186,179
95,186,179
95,186,179
95,186,179
95,186,179
95,186,178
95,186,178
94,185,178
94,185,177
94,185,178
94,185,178
94,185,178
94,185,178
93,185,179
93,185,179
93,185,179
92,185,178
93,185,178
86,182,175
86,182,175
86,182,174
86,182,174
86,182,174
86,182,174
86,182,174
86,182,174
86,182,174
86,182,174
85,182,175
85,182,175
85,182,175
86,182,175
88,183,176
89,183,177
90,184,177
93,185,179
95,186,179
95,186,179
95,186,179
95,186,179
96,187,179
96,187,179
96,187,179
96,187,179
97,187,179
97,187,179
97,187,179
97,187,179
96,187,179
96,187,179
96,187,179
96,187,179
96,187,179
96,187,179
96,187,179
96,187,179
96,187,179
96,186,180
95,186,179
95,186,179
95,186,179
95,186,179
96,187,179
96,187,179
96,187,179
96,187,179
96,187,179
96,187,179
96,187,179
96,187,179
96,187,179
96,187,179
96,187,179
96,187,179
96,187,179
96,187,179
97,187,179
97,187,179
97,187,179
97,187,179
96,187,179
96,187,179
96,187,179
96,186,180
96,186,180
95,186,179
95,186,179
95,186,179
95,186,179
95,186,179
95,186,179
95,186,179
95,186,179
95,186,179
95,186,179
95,186,179
95,186,179
95,186,179
95,186,179
95,186,179
95,186,179
95,186,179
95,186,179
95,186,179
95,186,179
95,186,179
95,186,179
95,186,179
95,186,179
95,186,179
95,186,179
95,186,179
95,186,179
96,187,179
96,187,179
96,187,179
96,187,179
96,187,179
96,187,179
96,187,179
96,187,179
96,187,179
96,187,179
96,187,179
95,186,179
95,186,179
95,186,179
95,186,179
95,186,179
95,186,179
95,186,179
95,186,179
95,186,179
95,186,179
95,186,179
95,186,179
95,186,179
95,186,179
96,187,179
96,187,179
96,187,179
96,187,179
96,187,179
96,187,179
96,187,179
96,187,179
96,187,179
96,187,179
95,186,179
95,186,179
95,186,179
95,186,179
95,186,179
95,186,179
95,186,179
95,186,179
95,186,179
95,186,179
95,186,179
95,186,179
96,187,179
96,187,179
96,187,179
96,187,179
96,187,179
96,187,179
96,187,179
96,187,179
96,187,179
96,187,179
95,186,179
95,186,179
95,186,179
95,186,179
95,186,179
95,186,179
95,186,179
95,186,179
95,186,178
95,186,178
94,185,177
94,185,177
93,185,178
93,185,178
93,185,178
93,185,178
93,185,179
93,185,179
92,185,178
93,185,178
93,185,178
85,181,175
85,182,174
85,182,174
86,182,174
86,182,174
86,182,174
86,182,174
86,182,174
85,182,174
85,181,175
85,182,175
85,182,175
85,182,175
87,183,176
88,183,176
89,184,177
92,184,178
93,185,179
95,186,179
95,186,179
95,186,179
95,186,179
96,187,179
96,187,179
96,187,179
97,187,179
97,187,179
97,187,179
97,187,179
97,187,179
96,187,179
96,187,179
96,187,179
96,187,179
96,187,179
96,187,179
96,187,179
96,187,179
96,186,180
95,186,179
95,186,179
95,186,179
96,187,179
96,187,179
96,187,179
96,187,179
96,187,179
96,187,179
96,187,179
96,187,179
96,187,179
96,187,179
96,187,179
96,187,179
96,187,179
96,187,179
96,187,179
96,187,179
97,187,179
97,187,179
96,187,179
96,187,179
96,187,179
96,186,179
96,186,179
95,186,179
95,186,179
95,186,179
95,186,179
95,186,179
95,186,179
95,186,179
95,186,179
95,186,179
95,186,179
95,186,179
95,186,179
95,186,179
95,186,179
95,186,179
95,186,179
95,186,179
95,186,179
95,186,179
95,186,179
95,186,179
95,186,179
95,186,179
95,186,179
95,186,179
95,186,179
95,186,179
95,186,179
95,186,179
96,187,179
96,187,179
96,187,179
96,187,179
96,187,179
97,187,180
96,187,179
96,187,179
96,187,179
96,187,179
96,187,179
95,186,179
95,186,179
95,186,179
95,186,179
95,186,179
95,186,179
95,186,179
95,186,179
95,186,179
95,186,179
95,186,179
95,186,179
95,186,179
95,186,179
96,187,179
96,187,179
96,187,179
96,187,179
96,187,179
96,187,179
96,187,179
96,187,179
96,187,179
95,186,179
95,186,179
95,186,179
95,186,179
95,186,179
95,186,179
95,186,179
95,186,179
95,186,179
95,186,179
95,186,179
95,186,179
96,187,179
96,187,179
96,187,179
96,187,179
96,187,179
96,187,179
96,187,179
96,187,179
96,187,179
96,187,179
96,187,179
95,186,179
95,186,179
95,186,179
95,186,179
95,186,179
95,186,179
95,186,179
95,186,179
95,186,178
95,186,178
93,185,178
93,185,178
93,185,178
93,185,178
93,185,178
93,185,179
92,185,178
92,185,178
93,185,178
93,185,178
85,182,174
85,182,174
85,182,174
86,182,174
86,182,174
86,182,174
85,182,174
85,182,174
85,181,175
85,182,175
85,182,175
85,182,175
86,182,175
88,183,176
88,183,176
91,184,177
92,184,178
93,186,178
95,186,179
95,186,179
95,186,179
95,186,179
96,187,179
96,187,179
97,187,180
97,187,179
97,187,179
97,187,179
97,187,179
96,187,179
96,187,179
96,187,179
96,187,179
96,187,179
96,187,179
96,187,179
96,187,179
95,186,179
95,186,179
95,186,179
96,187,179
96,187,179
96,187,179
96,187,179
96,187,179
96,187,179
96,187,179
96,187,179
96,187,179
96,187,179
96,187,179
96,187,179
96,187,179
96,187,179
96,187,179
96,187,179
96,187,179
96,187,179
96,187,179
96,187,179
96,187,179
96,186,179
96,186,179
96,186,179
95,186,179
95,186,179
95,186,179
95,186,179
95,186,179
95,186,179
95,186,179
95,186,179
95,186,179
95,186,179
95,186,179
95,186,179
95,186,179
95,186,179
95,186,179
95,186,179
95,186,179
95,186,179
95,186,179
95,186,179
95,186,179
95,186,179
95,186,179
95,186,179
95,186,179
95,186,179
95,186,179
95,186,179
95,186,179
95,186,179
96,187,179
96,187,179
96,187,179
96,187,179
97,187,180
96,187,179
96,187,179
96,187,179
96,187,179
95,186,179
95,186,179
95,186,179
95,186,179
95,186,179
95,186,179
95,186,179
95,186,179
95,186,179
95,186,179
95,186,179
95,186,179
95,186,179
95,186,179
95,186,179
96,187,179
96,187,179
96,187,179
96,187,179
96,187,179
96,187,179
96,187,179
96,187,179
96,187,179
95,186,179
95,186,179
95,186,179
95,186,179
95,186,179
95,186,179
95,186,179
95,186,179
95,186,179
95,186,179
95,186,179
96,187,179
96,187,179
96,187,179
96,187,179
96,187,179
96,187,179
96,187,179
96,187,179
96,187,179
96,187,179
96,187,179
96,187,179
95,186,179
95,186,179
95,186,179
95,186,179
95,186,179
95,186,179
95,186,179
95,186,179
95,186,178
95,186,178
93,185,178
93,185,178
93,185,178
93,185,178
92,185,178
92,185,178
92,185,178
92,185,178
93,185,178
85,182,174
85,182,174
85,182,174
86,182,174
86,182,174
85,182,174
85,182,174
85,181,174
85,181,174
85,181,174
84,181,175
85,182,175
85,182,175
86,182,176
88,183,176
89,183,177
91,184,177
93,185,179
93,186,178
95,186,179
95,186,179
95,186,179
95,186,179
96,187,179
97,187,180
97,187,179
97,187,179
97,187,179
97,187,179
96,187,179
96,187,179
96,187,179
96,187,179
96,187,179
96,187,179
96,187,179
95,186,179
95,186,179
95,186,179
95,186,179
96,187,179
96,187,179
96,187,179
96,187,179
96,187,179
96,187,179
96,187,179
96,187,179
96,187,179
96,187,179
96,187,179
96,187,179
96,187,179
96,187,179
96,187,179
96,187,179
96,187,179
96,187,179
96,187,179
96,187,179
96,186,179
96,186,179
96,186,179
96,186,179
95,186,179
95,186,179
95,186,179
95,186,179
95,186,179
95,186,179
95,186,179
95,186,179
95,186,179
95,186,179
95,186,179
95,186,179
95,186,179
95,186,179
95,186,179
95,186,179
95,186,179
95,186,179
95,186,179
95,186,179
95,186,179
95,186,179
95,186,179
95,186,179
95,186,179
95,186,179
95,186,179
95,186,179
95,186,179
95,186,179
96,187,179
96,187,179
96,187,179
96,187,179
97,187,180
96,187,179
96,187,179
96,187,179
95,186,179
95,186,179
95,186,179
95,186,179
95,186,179
95,186,179
95,186,179
95,186,179
95,186,179
95,186,179
95,186,179
95,186,179
95,186,179
95,186,179
95,186,179
95,186,179
96,187,179
96,187,179
96,187,179
96,187,179
96,187,179
96,187,179
96,187,179
96,187,179
95,186,179
95,186,179
95,186,179
95,186,179
95,186,179
95,186,179
95,186,179
95,186,179
95,186,179
95,186,179
95,186,179
96,187,179
96,187,179
96,187,179
96,187,179
96,187,179
96,187,179
96,187,179
96,187,179
96,187,179
96,187,179
96,187,179
96,187,179
96,187,179
95,186,179
95,186,179
95,186,179
95,186,179
95,186,179
95,186,179
95,186,179
95,186,179
95,186,178
95,186,178
93,185,178
93,185,178
92,185,177
92,185,178
92,185,178
92,185,178
92,185,178
92,185,178
93,185,178
85,182,174
85,182,174
85,182,174
85,182,174
85,182,174
85,182,174
85,181,174
85,181,174
85,181,174
85,181,175
85,181,175
85,181,175
86,182,176
87,183,176
88,183,176
90,184,177
92,184,178
93,185,179
93,186,178
95,186,179
95,186,179
95,186,179
96,187,179
96,187,179
97,187,180
97,187,180
97,187,179
97,187,179
96,187,179
96,187,179
96,187,179
96,187,179
96,187,179
96,187,179
95,186,179
95,186,179
95,186,179
95,186,179
95,186,179
95,186,179
96,187,179
96,187,179
96,187,179
96,187,179
96,187,179
96,187,179
96,187,179
96,187,179
96,187,179
96,187,179
96,187,179
96,187,179
96,187,179
96,187,179
96,187,179
96,187,179
96,187,179
96,187,179
96,186,180
96,186,179
96,186,179
96,186,179
95,186,179
95,186,179
95,186,179
95,186,179
95,186,179
95,186,179
95,186,179
95,186,179
95,186,179
95,186,179
95,186,179
95,186,179
95,186,179
95,186,179
95,186,179
96,187,179
96,187,179
95,186,179
95,186,179
95,186,179
95,186,179
95,186,179
95,186,179
95,186,179
95,186,179
95,186,179
95,186,179
95,186,179
95,186,179
95,186,179
96,187,179
96,187,179
96,187,179
96,187,179
96,187,179
96,187,179
96,187,179
96,187,179
96,187,179
95,186,179
95,186,179
95,186,179
95,186,179
95,186,179
95,186,179
95,186,179
95,186,179
95,186,179
95,186,179
95,186,179
95,186,179
95,186,179
95,186,179
95,186,179
96,187,179
96,187,179
96,187,179
96,187,179
96,187,179
96,187,179
96,187,179
96,187,179
95,186,179
95,186,179
95,186,179
95,186,179
95,186,179
95,186,179
95,186,179
95,186,179
95,186,179
95,186,179
95,186,179
96,187,179
96,187,179
96,187,179
96,187,179
96,187,179
96,187,179
96,187,179
96,187,179
96,187,179
96,187,179
96,187,179
96,187,179
96,187,179
96,187,179
95,186,179
95,186,179
95,186,179
95,186,179
95,186,179
95,186,179
95,186,179
95,186,179
95,186,178
95,186,178
93,185,178
93,185,178
92,185,178
92,185,178
92,185,178
92,185,178
92,185,178
92,184,178
85,182,174
85,182,174
85,182,174
85,182,174
85,182,174
85,182,174
85,181,174
85,182,174
85,182,174
85,181,175
85,181,175
86,182,175
86,182,176
88,183,176
88,183,176
90,184,177
92,184,178
93,185,179
93,186,178
95,186,179
95,186,179
95,186,179
96,187,179
96,187,179
96,187,179
96,187,179
96,187,179
96,187,179
96,187,179
95,186,179
95,186,179
95,186,179
95,186,179
95,186,179
95,186,179
95,186,179
95,186,179
95,186,179
95,186,179
96,187,179
96,187,179
96,187,179
96,187,179
96,187,179
96,187,179
96,187,179
96,187,179
96,187,179
96,187,179
96,187,179
96,187,179
96,187,179
96,187,179
96,187,179
96,187,179
96,187,179
96,187,179
96,186,180
95,186,179
96,186,179
95,186,179
95,186,179
95,186,179
95,186,179
95,186,179
95,186,179
95,186,179
95,186,179
95,186,179
95,186,179
95,186,179
95,186,179
95,186,179
95,186,179
95,186,179
96,187,179
96,187,179
96,187,179
96,187,179
96,187,179
95,186,179
95,186,179
95,186,179
95,186,179
95,186,179
95,186,179
95,186,179
95,186,179
95,186,179
95,186,179
96,187,179
96,187,179
96,187,179
96,187,179
96,187,179
96,187,179
96,187,179
96,187,179
95,186,179
95,186,179
95,186,179
95,186,179
95,186,179
95,186,179
95,186,179
95,186,179
95,186,179
95,186,179
95,186,179
95,186,179
95,186,179
95,186,179
95,186,179
95,186,179
95,186,179
96,187,179
96,187,179
96,187,179
96,187,179
96,187,179
96,187,179
96,187,179
96,187,179
95,186,179
95,186,179
95,186,179
95,186,179
95,186,179
95,186,179
95,186,179
95,186,179
95,186,179
96,187,179
96,187,179
96,187,179
96,187,179
96,187,179
96,187,179
96,187,179
96,187,179
96,187,179
96,187,179
96,187,179
96,187,179
96,187,179
96,187,179
96,187,179
96,187,179
95,186,179
95,186,179
95,186,179
95,186,179
95,186,179
95,186,179
95,186,179
95,186,179
95,186,178
94,185,178
93,185,178
93,185,178
92,185,178
92,185,178
92,185,178
92,185,178
92,184,178
85,181,175
85,182,174
85,182,174
86,182,174
86,182,174
85,182,174
85,182,174
85,182,174
85,182,174
85,182,174
86,182,175
86,182,175
86,182,176
87,183,176
88,183,176
88,183,176
90,184,177
92,184,178
93,185,179
95,186,179
95,186,179
95,186,179
95,186,179
96,187,179
96,187,179
96,187,179
96,187,179
96,187,179
95,186,179
95,186,179
95,186,179
95,186,179
95,186,179
95,186,179
95,186,179
95,186,179
95,186,179
95,186,179
95,186,179
95,186,179
96,187,179
96,187,179
96,187,179
96,187,179
96,187,179
96,187,179
96,187,179
96,187,179
96,187,179
96,187,179
96,187,179
96,187,179
96,187,179
96,187,179
96,187,179
96,187,179
96,186,180
95,186,179
95,186,179
95,186,179
95,186,179
95,186,179
95,186,179
95,186,179
95,186,179
95,186,179
95,186,179
95,186,179
95,186,179
95,186,179
95,186,179
95,186,179
95,186,179
95,186,179
96,187,179
96,187,179
96,187,179
96,187,179
96,187,179
96,187,179
96,187,179
95,186,179
95,186,179
95,186,179
95,186,179
95,186,179
95,186,179
95,186,179
95,186,179
95,186,179
96,187,179
96,187,179
96,187,179
96,187,179
96,187,179
96,187,179
96,187,179
96,187,179
95,186,179
95,186,179
95,186,179
95,186,179
95,186,179
95,186,179
95,186,179
95,186,179
95,186,179
95,186,179
95,186,179
95,186,179
95,186,179
95,186,179
95,186,179
95,186,179
96,187,179
96,187,179
96,187,179
96,187,179
96,187,179
96,187,179
96,187,179
96,187,179
95,186,179
95,186,179
95,186,179
95,186,179
95,186,179
95,186,179
95,186,179
95,186,179
95,186,179
95,186,179
96,187,179
96,187,179
96,187,179
96,187,179
96,187,179
96,187,179
96,187,179
96,187,179
96,187,179
96,187,179
96,187,179
96,187,179
96,187,179
96,187,179
96,187,179
96,187,179
95,186,179
95,186,179
95,186,179
95,186,179
95,186,179
95,186,179
95,186,179
95,186,179
95,186,179
93,185,178
93,185,178
92,185,178
92,185,178
92,185,178
92,185,178
92,185,178
91,184,177
85,181,175
86,182,175
86,182,174
86,182,174
85,182,174
85,182,174
85,182,174
85,182,174
85,182,174
86,182,175
85,182,175
86,182,175
87,183,176
88,183,176
88,183,176
89,183,177
90,184,177
92,184,178
93,186,178
95,186,179
95,186,179
95,186,179
95,186,179
96,187,179
96,187,179
95,186,179
95,186,179
95,186,179
95,186,179
95,186,179
95,186,179
95,186,179
95,186,179
95,186,179
95,186,179
95,186,179
95,186,179
95,186,179
95,186,179
96,187,179
96,187,179
96,187,179
96,187,179
96,187,179
96,187,179
96,187,179
96,187,179
96,187,179
96,187,179
96,187,179
96,187,179
96,187,179
96,187,179
96,187,179
96,187,179
95,186,179
95,186,179
95,186,179
95,186,179
95,186,179
95,186,179
95,186,179
95,186,179
95,186,179
95,186,179
95,186,179
95,186,179
95,186,179
95,186,179
95,186,179
95,186,179
95,186,179
95,186,179
96,187,179
96,187,179
96,187,179
96,187,179
96,187,179
96,187,179
96,187,179
96,187,179
96,187,179
95,186,179
95,186,179
95,186,179
95,186,179
95,186,179
96,187,179
96,187,179
96,187,179
96,187,179
96,187,179
96,187,179
96,187,179
96,187,179
95,186,179
95,186,179
95,186,179
95,186,179
95,186,179
95,186,179
95,186,179
95,186,179
95,186,179
95,186,179
95,186,179
95,186,179
95,186,179
95,186,179
95,186,179
95,186,179
95,186,179
95,186,179
96,187,179
96,187,179
96,187,179
96,187,179
96,187,179
96,187,179
96,187,179
96,187,179
95,186,179
95,186,179
95,186,179
95,186,179
95,186,179
95,186,179
95,186,179
95,186,179
95,186,179
96,187,179
96,187,179
96,187,179
96,187,179
97,187,180
96,187,179
96,187,179
96,187,179
96,187,179
96,187,179
96,187,179
96,187,179
96,187,179
96,187,179
96,187,179
96,187,179
96,187,179
95,186,179
95,186,179
95,186,179
95,186,179
95,186,179
95,186,179
95,186,179
95,186,179
94,185,178
93,185,179
93,185,178
92,185,178
92,185,178
92,185,178
92,185,178
91,184,177
86,182,175
86,182,174
86,182,174
86,182,174
85,182,174
85,182,174
85,182,174
86,182,174
86,182,175
85,182,175
86,182,175
86,183,176
87,183,176
88,183,176
88,183,176
89,183,177
91,184,177
92,185,178
94,185,179
95,186,179
95,186,179
95,186,179
95,186,179
95,186,179
95,186,179
95,186,179
95,186,179
95,186,179
95,186,179
95,186,179
95,186,179
95,186,179
95,186,179
95,186,179
95,186,179
95,186,179
95,186,179
95,186,179
96,187,179
96,187,179
96,187,179
96,187,179
96,187,179
96,187,179
96,187,179
96,187,179
96,187,179
96,187,179
96,187,179
96,187,179
96,187,179
96,187,179
96,187,179
96,187,179
95,186,179
95,186,179
95,186,179
95,186,179
95,186,179
95,186,179
95,186,179
95,186,179
95,186,179
95,186,179
95,186,179
95,186,179
95,186,179
95,186,179
95,186,179
95,186,179
95,186,179
95,186,179
96,187,179
96,187,179
96,187,179
96,187,179
96,187,179
96,187,179
96,187,179
96,187,179
96,187,179
96,187,179
96,187,179
95,186,179
95,186,179
96,187,179
96,187,179
96,187,179
96,187,179
96,187,179
96,187,179
96,187,179
96,187,179
96,187,179
95,186,179
95,186,179
95,186,179
95,186,179
95,186,179
95,186,179
95,186,179
95,186,179
95,186,179
95,186,179
95,186,179
95,186,179
96,187,179
95,186,179
95,186,179
95,186,179
95,186,179
95,186,179
96,187,179
96,187,179
96,187,179
96,187,179
96,187,179
96,187,179
96,187,179
96,187,179
95,186,179
95,186,179
95,186,179
95,186,179
95,186,179
95,186,179
95,186,179
95,186,179
96,187,179
96,187,179
96,187,179
97,187,180
97,187,180
97,187,180
97,187,180
96,187,179
96,187,179
96,187,179
96,187,179
96,187,179
96,187,179
96,187,179
96,187,179
96,187,179
96,187,179
96,187,179
95,186,179
95,186,179
95,186,179
95,186,179
95,186,179
95,186,179
95,186,179
94,185,179
93,185,179
93,185,179
92,185,178
92,185,178
92,185,178
92,185,178
92,184,178
85,181,175
86,182,175
86,182,175
85,182,174
85,182,174
85,182,174
85,182,174
86,182,174
86,182,174
86,182,176
86,182,175
86,182,175
86,183,176
87,183,176
88,183,176
88,183,176
90,184,177
91,184,177
92,185,178
95,186,179
95,186,179
95,186,179
95,186,179
95,186,179
95,186,179
95,186,179
95,186,179
95,186,179
95,186,179
95,186,179
95,186,179
95,186,179
95,186,179
95,186,179
95,186,179
95,186,179
95,186,179
95,186,179
96,187,179
96,187,179
96,187,179
96,187,179
96,187,179
96,187,179
96,187,179
96,187,179
96,187,179
96,187,179
96,187,179
96,187,179
96,187,179
96,187,179
96,187,179
96,187,179
95,186,179
95,186,179
95,186,179
95,186,179
95,186,179
95,186,179
95,186,179
95,186,179
95,186,179
95,186,179
95,186,179
95,186,179
95,186,179
95,186,179
95,186,179
95,186,179
95,186,179
95,186,179
96,187,179
96,187,179
96,187,179
96,187,179
96,187,179
96,187,179
96,187,179
96,187,179
96,187,179
96,187,179
96,187,179
95,186,179
96,187,179
96,187,179
96,187,179
96,187,179
96,187,179
96,187,179
96,187,179
96,187,179
96,187,179
95,186,179
95,186,179
95,186,179
95,186,179
95,186,179
95,186,179
95,186,179
95,186,179
95,186,179
95,186,179
95,186,179
95,186,179
96,187,179
96,187,179
96,187,179
96,187,179
95,186,179
95,186,179
96,187,179
96,187,179
96,187,179
96,187,179
96,187,179
96,187,179
96,187,179
96,187,179
95,186,179
95,186,179
95,186,179
95,186,179
95,186,179
95,186,179
95,186,179
95,186,179
95,186,179
96,187,179
96,187,179
97,187,180
97,187,180
97,187,180
97,187,180
97,187,180
97,187,180
96,187,179
96,187,179
96,187,179
96,187,179
96,187,179
96,187,179
96,187,179
96,187,179
96,187,179
95,186,179
95,186,179
95,186,179
95,186,179
95,186,179
95,186,179
95,186,179
94,185,178
93,185,178
93,185,179
92,185,178
92,185,178
92,185,178
92,185,178
92,185,178
92,184,178
86,182,175
86,182,175
85,181,175
85,182,174
85,182,174
86,182,174
86,182,174
86,182,175
86,182,175
86,182,176
86,182,176
86,182,176
87,182,176
87,182,176
88,183,176
88,183,176
90,184,178
91,184,177
92,185,178
95,186,179
95,186,179
95,186,179
95,186,179
95,186,179
95,186,179
95,186,179
95,186,179
95,186,179
95,186,179
95,186,179
95,186,179
95,186,179
95,186,179
95,186,179
95,186,179
95,186,179
95,186,179
96,187,179
96,187,179
96,187,179
96,187,179
96,187,179
96,187,179
96,187,179
96,187,179
96,187,179
96,187,179
96,187,179
96,187,179
96,187,179
96,187,179
96,187,179
96,187,179
95,186,179
95,186,179
95,186,179
95,186,179
95,186,179
95,186,179
95,186,179
95,186,179
95,186,179
95,186,179
95,186,179
95,186,179
95,186,179
95,186,179
95,186,179
95,186,179
95,186,179
96,187,179
96,187,179
96,187,179
96,187,179
96,187,179
96,187,179
96,187,179
96,187,179
96,187,179
96,187,179
96,187,179
95,186,179
95,186,179
96,187,179
96,187,179
96,187,179
96,187,179
96,187,179
96,187,179
96,187,179
96,187,179
95,186,179
95,186,179
95,186,179
95,186,179
95,186,179
95,186,179
95,186,179
95,186,179
95,186,179
95,186,179
95,186,179
95,186,179
95,186,179
96,187,179
96,187,179
96,187,179
96,187,179
96,187,179
96,187,179
96,187,179
96,187,179
96,187,179
96,187,179
96,187,179
96,187,179
96,187,179
95,186,179
95,186,179
95,186,179
95,186,179
95,186,179
95,186,179
95,186,179
95,186,179
95,186,179
95,186,179
96,187,179
97,187,180
97,187,180
97,187,180
97,187,180
97,187,180
97,187,180
96,187,179
96,187,179
96,187,179
96,187,179
96,187,179
96,187,179
96,187,179
96,187,179
96,187,179
95,186,179
95,186,179
95,186,179
95,186,179
95,186,179
95,186,179
95,186,179
94,185,178
94,185,178
93,185,178
92,185,178
92,185,178
92,185,178
92,185,178
92,185,178
92,185,178
85,181,175
85,181,175
85,181,174
85,181,174
86,181,175
86,181,175
86,182,175
86,182,175
86,182,176
86,182,176
86,182,176
86,182,176
86,182,176
87,182,176
88,183,176
89,183,177
90,184,178
91,184,177
92,185,178
94,185,179
95,186,179
95,186,179
95,186,179
95,186,179
95,186,179
95,186,179
95,186,179
95,186,179
95,186,179
95,186,179
95,186,179
95,186,179
95,186,179
95,186,179
95,186,179
95,186,179
96,187,179
96,187,179
96,187,179
96,187,179
96,187,179
96,187,179
96,187,179
96,187,179
96,187,179
96,187,179
96,187,179
96,187,179
96,187,179
96,187,179
96,187,179
96,187,179
95,186,179
95,186,179
95,186,179
95,186,179
95,186,179
95,186,179
95,186,179
95,186,179
95,186,179
95,186,179
95,186,179
95,186,179
95,186,179
95,186,179
95,186,179
95,186,179
95,186,179
96,187,179
96,187,179
96,187,179
96,187,179
96,187,179
96,187,179
96,187,179
96,187,179
96,187,179
96,187,179
95,186,179
95,186,179
95,186,179
96,187,179
96,187,179
96,187,179
96,187,179
96,187,179
96,187,179
96,187,179
96,187,179
95,186,179
95,186,179
95,186,179
95,186,179
95,186,179
95,186,179
95,186,179
95,186,179
95,186,179
95,186,179
95,186,179
95,186,179
95,186,179
96,187,179
96,187,179
96,187,179
96,187,179
96,187,179
96,187,179
96,187,179
96,187,179
96,187,179
96,187,179
96,187,179
95,186,179
95,186,179
95,186,179
95,186,179
95,186,179
95,186,179
95,186,179
95,186,179
95,186,179
95,186,179
95,186,179
96,187,179
97,187,180
97,187,180
97,187,180
97,187,180
97,187,180
97,187,180
97,187,180
96,187,179
96,187,179
96,187,179
96,187,179
96,187,179
95,186,179
95,186,179
95,186,179
95,186,179
95,186,179
95,186,179
95,186,179
95,186,179
95,186,179
95,186,179
94,185,178
94,185,178
93,185,178
93,185,179
93,185,179
92,185,178
92,185,178
92,185,178
92,185,178
85,181,175
85,181,175
85,181,174
86,181,175
86,181,175
86,182,175
86,182,175
86,182,175
86,182,174
86,182,175
86,182,175
86,182,176
86,182,176
87,182,176
88,183,176
89,183,177
91,184,177
91,184,177
92,185,178
94,185,179
95,186,179
95,186,179
95,186,179
95,186,179
95,186,179
95,186,179
95,186,179
95,186,179
95,186,179
95,186,179
95,186,179
95,186,179
95,186,179
95,186,179
96,187,179
96,187,179
96,187,179
96,187,179
96,187,179
96,187,179
96,187,179
96,187,179
96,187,179
96,187,179
96,187,179
96,187,179
96,187,179
96,187,179
96,187,179
96,187,179
95,186,179
95,186,179
95,186,179
95,186,179
95,186,179
95,186,179
95,186,179
95,186,179
95,186,179
95,186,179
95,186,179
95,186,179
95,186,179
95,186,179
95,186,179
95,186,179
95,186,179
96,187,179
96,187,179
96,187,179
96,187,179
96,187,179
96,187,179
96,187,179
96,187,179
96,187,179
96,187,179
95,186,179
95,186,179
95,186,179
95,186,179
95,186,179
96,187,179
96,187,179
96,187,179
96,187,179
96,187,179
96,187,179
96,187,179
95,186,179
95,186,179
95,186,179
95,186,179
95,186,179
95,186,179
95,186,179
95,186,179
95,186,179
95,186,179
95,186,179
95,186,179
95,186,179
96,187,179
96,187,179
96,187,179
96,187,179
97,187,180
97,187,180
96,187,179
96,187,179
96,187,179
96,187,179
95,186,179
95,186,179
95,186,179
95,186,179
95,186,179
95,186,179
95,186,179
95,186,179
95,186,179
95,186,179
95,186,179
95,186,179
97,187,180
97,187,180
97,187,180
98,188,181
98,187,180
98,187,180
97,187,180
97,187,180
96,187,179
96,187,179
96,187,179
96,187,179
95,186,179
95,186,179
95,186,179
95,186,179
95,186,179
95,186,179
95,186,179
95,186,179
95,186,179
95,186,179
94,185,178
94,185,178
93,185,178
93,185,179
93,185,179
92,185,178
92,185,178
92,185,178
92,185,178
85,181,175
85,181,175
86,181,175
86,181,175
86,182,174
86,182,174
86,182,174
86,182,174
86,182,175
86,182,175
86,182,175
86,182,176
86,182,176
87,182,176
88,183,176
89,183,177
90,184,177
92,184,178
93,185,179
94,185,179
95,186,179
95,186,179
95,186,179
95,186,179
95,186,179
95,186,179
95,186,179
95,186,179
95,186,179
95,186,179
95,186,179
95,186,179
96,187,179
96,187,179
96,187,179
96,187,179
96,187,179
96,187,179
96,187,179
96,187,179
96,187,179
96,187,179
96,187,179
96,187,179
96,187,179
96,187,179
96,187,179
96,187,179
96,187,179
95,186,179
95,186,179
95,186,179
95,186,179
95,186,179
95,186,179
95,186,179
95,186,179
95,186,179
95,186,179
95,186,179
95,186,179
95,186,179
95,186,179
95,186,179
95,186,179
95,186,179
96,187,179
96,187,179
96,187,179
96,187,179
96,187,179
96,187,179
96,187,179
96,187,179
95,186,179
95,186,179
95,186,179
95,186,179
95,186,179
95,186,179
95,186,179
95,186,179
96,187,179
96,187,179
96,187,179
96,187,179
96,187,179
96,187,179
96,187,179
95,186,179
95,186,179
95,186,179
95,186,179
95,186,179
95,186,179
95,186,179
95,186,179
95,186,179
95,186,179
95,186,179
96,187,179
96,187,179
96,187,179
96,187,179
97,187,180
97,187,180
97,187,180
97,187,180
96,187,179
96,187,179
95,186,179
95,186,179
95,186,179
95,186,179
95,186,179
95,186,179
95,186,179
95,186,179
95,186,179
95,186,179
95,186,179
95,186,179
96,187,179
97,187,180
97,187,180
99,188,180
99,188,180
98,188,181
98,188,181
98,187,180
97,187,180
97,187,180
96,187,179
96,187,179
96,187,179
95,186,179
95,186,179
95,186,179
95,186,179
95,186,179
95,186,179
95,186,179
95,186,179
95,186,179
94,185,178
94,185,178
93,185,178
93,185,178
93,185,179
92,185,178
92,185,178
92,185,178
92,185,178
85,181,175
85,181,174
86,182,174
86,182,174
86,182,174
86,182,174
86,182,174
86,182,174
86,182,175
86,182,175
86,182,176
86,182,176
86,182,176
87,183,176
88,183,176
89,183,177
90,184,177
92,184,178
93,185,179
94,185,179
95,186,179
95,186,179
95,186,179
95,186,179
95,186,179
95,186,179
95,186,179
95,186,179
95,186,179
95,186,179
96,187,179
96,187,179
96,187,179
96,187,179
96,187,179
96,187,179
96,187,179
96,187,179
96,187,179
96,187,179
96,187,179
96,187,179
96,187,179
96,187,179
96,187,179
96,187,179
96,187,179
95,186,179
95,186,179
95,186,179
95,186,179
95,186,179
95,186,179
95,186,179
95,186,179
95,186,179
95,186,179
95,186,179
95,186,179
95,186,179
95,186,179
95,186,179
95,186,179
95,186,179
95,186,179
96,187,179
96,187,179
96,187,179
96,187,179
96,187,179
96,187,179
96,187,179
96,187,179
95,186,179
95,186,179
95,186,179
95,186,179
95,186,179
95,186,179
95,186,179
95,186,179
96,187,179
96,187,179
96,187,179
96,187,179
96,187,179
96,187,179
96,187,179
96,187,179
95,186,179
95,186,179
95,186,179
95,186,179
95,186,179
95,186,179
95,186,179
95,186,179
95,186,179
95,186,179
96,187,179
96,187,179
96,187,179
96,187,179
97,187,180
97,187,180
97,187,180
97,187,180
96,187,179
96,187,179
95,186,179
95,186,179
95,186,179
95,186,179
95,186,179
95,186,179
95,186,179
95,186,179
95,186,179
95,186,179
95,186,179
96,187,179
97,187,180
97,187,179
99,188,180
100,188,180
99,188,180
98,188,181
98,188,181
98,187,180
97,187,180
97,187,180
97,187,180
97,187,180
96,187,179
96,187,179
95,186,179
95,186,179
95,186,179
95,186,179
95,186,179
95,186,179
95,186,179
95,186,179
94,185,178
94,185,178
93,185,178
93,185,179
92,185,178
92,185,178
92,185,178
92,185,178
85,181,175
85,181,174
86,182,174
86,182,174
86,182,174
86,182,174
86,182,174
86,182,174
86,182,174
86,182,175
86,182,176
86,182,176
86,182,175
87,183,176
88,183,176
89,183,177
90,184,177
91,184,177
92,184,178
93,185,179
95,186,179
95,186,179
95,186,179
95,186,179
95,186,179
95,186,179
95,186,179
96,187,179
96,187,179
96,187,179
96,187,179
96,187,179
96,187,179
96,187,179
96,187,179
96,187,179
96,187,179
96,187,179
96,187,179
96,187,179
96,187,179
96,187,179
96,187,179
96,187,179
96,187,179
96,187,179
96,187,179
95,186,179
95,186,179
95,186,179
95,186,179
95,186,179
95,186,179
95,186,179
95,186,179
95,186,179
95,186,179
95,186,179
95,186,179
95,186,179
95,186,179
95,186,179
95,186,179
95,186,179
95,186,179
96,187,179
96,187,179
96,187,179
96,187,179
96,187,179
96,187,179
95,186,179
95,186,179
95,186,179
95,186,179
95,186,179
95,186,179
95,186,179
95,186,179
95,186,179
95,186,179
96,187,179
96,187,179
96,187,179
96,187,179
96,187,179
96,187,179
96,187,179
96,187,179
96,187,179
95,186,179
95,186,179
95,186,179
95,186,179
95,186,179
95,186,179
95,186,179
96,187,179
96,187,179
96,187,179
96,187,179
96,187,179
97,187,180
97,187,180
97,187,180
97,187,180
97,187,180
96,187,179
96,187,179
95,186,179
95,186,179
95,186,179
95,186,179
95,186,179
95,186,179
95,186,179
95,186,179
95,186,179
95,186,179
95,186,179
96,187,179
97,187,180
98,187,180
100,188,180
100,188,181
100,188,181
99,188,180
98,188,181
98,188,180
97,187,180
97,187,180
97,187,180
97,187,180
97,187,180
96,187,179
96,187,179
95,186,179
95,186,179
95,186,179
95,186,179
95,186,179
95,186,179
95,186,179
94,185,178
93,185,178
93,185,178
92,185,178
92,185,178
92,185,178
92,185,177
92,185,177
85,181,175
85,182,174
86,182,174
86,182,174
86,182,174
86,182,174
86,182,174
86,182,174
86,182,175
86,182,175
86,182,176
86,182,175
86,182,175
87,183,176
88,183,176
89,183,177
90,184,177
91,184,177
92,184,178
93,185,179
95,186,179
95,186,179
95,186,179
95,186,179
95,186,179
96,187,179
96,187,179
96,187,179
96,187,179
96,187,179
96,187,179
96,187,179
96,187,179
96,187,179
96,187,179
96,187,179
96,187,179
96,187,179
96,187,179
96,187,179
96,187,179
96,187,179
96,187,179
96,187,179
96,187,179
95,186,179
95,186,179
95,186,179
95,186,179
95,186,179
95,186,179
95,186,179
95,186,179
95,186,179
95,186,179
95,186,179
95,186,179
95,186,179
95,186,179
95,186,179
95,186,179
95,186,179
95,186,179
95,186,179
96,187,179
96,187,179
96,187,179
96,187,179
96,187,179
95,186,179
95,186,179
95,186,179
95,186,179
95,186,179
95,186,179
95,186,179
95,186,179
95,186,179
95,186,179
95,186,179
96,187,179
96,187,179
96,187,179
96,187,179
96,187,179
96,187,179
96,187,179
96,187,179
96,187,179
96,187,179
96,187,179
95,186,179
95,186,179
95,186,179
95,186,179
96,187,179
96,187,179
96,187,179
96,187,179
96,187,179
96,187,179
97,187,180
97,187,180
97,187,180
97,187,180
96,187,179
96,187,179
96,187,179
95,186,179
95,186,179
95,186,179
95,186,179
95,186,179
95,186,179
95,186,179
95,186,179
95,186,179
95,186,179
96,186,180
96,187,179
97,187,179
98,187,180
100,188,179
100,188,180
100,188,181
99,188,181
98,188,181
98,188,180
97,187,180
97,187,180
97,187,180
97,187,180
97,187,180
97,187,180
96,187,179
95,186,179
95,186,179
95,186,179
95,186,179
95,186,179
95,186,179
95,186,179
94,185,178
93,185,178
92,185,178
92,185,178
92,185,178
92,185,178
92,185,178
85,181,175
86,182,174
86,182,174
86,182,174
86,182,174
86,182,174
86,182,174
86,182,174
86,182,174
86,182,176
86,182,176
86,182,176
87,182,176
87,183,176
88,183,176
89,183,177
90,184,177
91,184,177
92,184,178
93,185,179
95,186,179
95,186,179
95,186,179
95,186,179
96,187,179
96,187,179
96,187,179
96,187,179
96,187,179
96,187,179
96,187,179
96,187,179
96,187,179
96,187,179
96,187,179
96,187,179
96,187,179
96,187,179
96,187,179
96,187,179
96,187,179
96,187,179
96,187,179
95,186,179
95,186,179
95,186,179
95,186,179
95,186,179
95,186,179
95,186,179
95,186,179
95,186,179
95,186,179
95,186,179
95,186,179
95,186,179
95,186,179
95,186,179
95,186,179
95,186,179
95,186,179
95,186,179
95,186,179
95,186,179
95,186,179
95,186,179
95,186,179
95,186,179
95,186,179
95,186,179
95,186,179
95,186,179
95,186,179
95,186,179
95,186,179
95,186,179
95,186,179
95,186,179
95,186,179
96,187,179
96,187,179
96,187,179
96,187,179
96,187,179
96,187,179
96,187,179
96,187,179
96,187,179
96,187,179
96,187,179
96,187,179
96,187,179
96,187,179
96,187,179
96,187,179
96,187,179
96,187,179
96,187,179
96,187,179
97,187,180
97,187,180
97,187,180
97,187,180
96,187,179
96,187,179
96,187,179
96,187,179
95,186,179
95,186,179
95,186,179
95,186,179
95,186,179
95,186,179
95,186,179
95,186,179
95,186,179
95,186,179
96,186,180
96,187,179
97,187,180
97,187,179
99,188,180
100,188,180
99,188,180
98,188,181
98,187,180
97,187,180
97,187,180
97,187,180
97,187,180
97,187,180
97,187,180
96,187,179
96,187,179
95,186,179
95,186,179
95,186,179
95,186,179
95,186,179
95,186,179
95,186,179
94,185,178
93,185,178
92,185,178
92,185,178
92,185,178
92,185,178
86,182,174
86,182,174
86,182,174
86,182,174
86,182,174
86,182,174
86,182,174
86,182,174
86,182,175
86,182,175
86,182,176
86,182,176
86,183,176
87,183,176
88,183,176
89,183,177
90,184,177
91,184,177
92,184,177
94,185,178
95,186,178
95,186,179
95,186,179
95,186,179
95,186,179
96,187,179
96,187,179
96,187,179
96,187,179
96,187,179
96,187,179
96,187,179
96,187,179
96,187,179
96,187,179
96,187,179
96,187,179
96,187,179
96,187,179
96,187,179
96,187,179
95,186,179
95,186,179
95,186,179
95,186,179
95,186,179
95,186,179
95,186,179
95,186,179
95,186,179
95,186,179
95,186,179
95,186,179
95,186,179
95,186,179
95,186,179
95,186,179
95,186,179
95,186,179
95,186,179
96,187,179
95,186,179
95,186,179
95,186,179
95,186,179
95,186,179
95,186,179
95,186,179
95,186,179
95,186,179
95,186,179
95,186,179
95,186,179
95,186,179
95,186,179
95,186,179
95,186,179
95,186,179
95,186,179
96,187,179
96,187,179
96,187,179
96,187,179
96,187,179
96,187,179
96,187,179
96,187,179
96,187,179
96,187,179
96,187,179
96,187,179
96,187,179
96,187,179
96,187,179
96,187,179
96,187,179
96,187,179
97,187,180
97,187,180
97,187,180
97,187,180
96,187,179
96,187,179
96,187,179
96,187,179
95,186,179
95,186,179
95,186,179
95,186,179
95,186,179
95,186,179
95,186,179
95,186,179
95,186,179
95,186,179
95,186,179
95,186,179
96,187,179
97,187,180
97,187,180
98,188,180
98,187,180
98,188,180
98,187,180
97,187,180
97,187,180
97,187,180
97,187,180
97,187,180
97,187,180
96,187,179
96,187,179
95,186,179
95,186,179
95,186,179
95,186,179
95,186,179
95,186,179
95,186,179
95,186,179
94,185,178
93,185,178
92,185,178
92,185,178
92,184,178
86,182,174
86,182,174
86,182,174
86,182,174
86,182,174
86,182,174
86,182,174
86,182,175
86,182,175
86,182,175
86,182,176
86,182,175
86,183,176
87,183,176
88,183,176
89,183,177
89,184,177
91,184,177
92,185,177
94,185,178
95,186,178
95,186,179
95,186,179
95,186,179
95,186,179
95,186,179
96,187,179
96,187,179
96,187,179
96,187,179
96,187,179
96,187,179
95,186,179
95,186,179
96,187,179
96,187,179
96,187,179
96,187,179
95,186,179
95,186,179
95,186,179
95,186,179
95,186,179
95,186,179
95,186,179
95,186,179
95,186,179
95,186,179
95,186,179
95,186,179
95,186,179
95,186,179
95,186,179
95,186,179
95,186,179
95,186,179
95,186,179
95,186,179
96,187,179
96,187,179
96,187,179
95,186,179
95,186,179
95,186,179
95,186,179
95,186,179
95,186,179
95,186,179
95,186,179
95,186,179
95,186,179
95,186,179
95,186,179
95,186,179
95,186,179
95,186,179
95,186,179
95,186,179
96,187,179
96,187,179
96,187,179
96,187,179
96,187,179
96,187,179
96,187,179
96,187,179
96,187,179
96,187,179
96,187,179
96,187,179
96,187,179
96,187,179
96,187,179
96,187,179
96,187,179
97,187,180
97,187,180
97,187,180
97,187,180
97,187,180
96,187,179
96,187,179
96,187,179
96,187,179
95,186,179
95,186,179
95,186,179
95,186,179
95,186,179
95,186,179
95,186,179
95,186,179
95,186,179
95,186,179
95,186,179
95,186,179
96,187,179
96,187,179
97,187,180
97,187,180
97,187,180
97,187,180
97,187,180
97,187,180
96,187,179
96,187,179
96,187,179
96,187,179
96,187,179
96,187,179
95,186,179
95,186,179
95,186,179
95,186,179
95,186,179
95,186,179
95,186,179
95,186,179
94,185,178
93,185,178
93,185,179
92,185,178
92,184,177
86,182,174
86,182,174
86,182,174
86,182,174
86,182,174
86,182,175
86,182,175
86,182,175
86,182,175
86,182,175
86,182,176
86,182,175
86,183,176
87,183,176
88,183,176
88,183,176
89,184,176
91,184,177
92,185,177
94,185,178
95,186,178
95,186,178
95,186,179
95,186,179
95,186,179
95,186,179
95,186,179
96,187,179
96,187,179
95,186,179
95,186,179
95,186,179
95,186,179
95,186,179
95,186,179
95,186,179
95,186,179
95,186,179
95,186,179
95,186,179
95,186,179
95,186,179
95,186,179
95,186,179
95,186,179
95,186,179
95,186,179
95,186,179
95,186,179
95,186,179
95,186,179
95,186,179
95,186,179
95,186,179
95,186,179
95,186,179
96,187,179
96,187,179
96,187,179
96,187,179
95,186,179
95,186,179
95,186,179
95,186,179
95,186,179
95,186,179
95,186,179
95,186,179
95,186,179
95,186,179
95,186,179
95,186,179
95,186,179
95,186,179
95,186,179
95,186,179
95,186,179
95,186,179
96,187,179
96,187,179
96,187,179
96,187,179
96,187,179
96,187,179
96,187,179
96,187,179
96,187,179
96,187,179
96,187,179
96,187,179
96,187,179
96,187,179
96,187,179
96,187,179
97,187,180
97,187,180
97,187,180
97,187,180
96,187,179
96,187,179
96,187,179
96,187,179
95,186,179
95,186,179
95,186,179
95,186,179
95,186,179
95,186,179
95,186,179
95,186,179
95,186,179
95,186,179
95,186,179
95,186,179
95,186,179
95,186,179
96,187,179
96,187,179
97,187,180
97,187,180
97,187,180
96,187,179
96,187,179
96,187,179
95,186,179
95,186,179
95,186,179
95,186,179
95,186,179
95,186,179
95,186,179
95,186,179
95,186,179
95,186,179
95,186,179
95,186,179
94,185,179
94,185,178
93,185,178
92,185,177
92,184,177
86,181,175
86,182,175
86,182,175
86,182,175
86,182,175
86,182,175
86,182,175
86,182,175
86,182,175
86,182,175
86,182,176
86,182,176
87,182,176
87,183,176
88,183,176
89,183,176
91,184,177
91,184,177
92,185,177
94,185,177
94,185,178
95,186,178
95,186,178
95,186,179
95,186,179
95,186,179
95,186,179
95,186,179
95,186,179
95,186,179
95,186,179
95,186,179
95,186,179
95,186,179
95,186,179
95,186,179
95,186,179
95,186,179
95,186,179
95,186,179
95,186,179
95,186,179
95,186,179
95,186,179
95,186,179
95,186,179
95,186,179
95,186,179
95,186,179
95,186,179
95,186,179
95,186,179
95,186,179
95,186,179
95,186,179
96,187,179
96,187,179
96,187,179
96,187,179
95,186,179
95,186,179
95,186,179
95,186,179
95,186,179
95,186,179
95,186,179
95,186,179
95,186,179
95,186,179
95,186,179
95,186,179
95,186,179
95,186,179
95,186,179
95,186,179
95,186,179
95,186,179
96,187,179
96,187,179
96,187,179
96,187,179
96,187,179
96,187,179
96,187,179
96,187,179
96,187,179
96,187,179
96,187,179
96,187,179
96,187,179
96,187,179
96,187,179
96,187,179
97,187,180
97,187,180
97,187,180
97,187,180
96,187,179
96,187,179
96,187,179
95,186,179
95,186,179
95,186,179
95,186,179
95,186,179
95,186,179
95,186,179
95,186,179
95,186,179
95,186,179
95,186,179
95,186,179
95,186,179
95,186,179
95,186,179
96,187,179
96,187,179
96,187,179
96,187,179
96,187,179
96,187,179
96,187,179
95,186,179
95,186,179
95,186,179
95,186,179
95,186,179
95,186,179
95,186,179
95,186,179
95,186,179
95,186,179
95,186,179
94,185,179
94,185,179
93,186,178
93,185,178
93,185,178
92,185,177
86,182,175
86,182,175
86,182,175
86,182,175
86,182,175
86,182,175
86,182,175
86,182,175
86,182,175
86,182,176
86,182,176
86,182,176
87,183,176
87,183,175
88,183,176
89,183,176
91,184,176
91,184,177
92,185,177
93,185,178
94,185,177
95,186,178
95,186,179
95,186,179
95,186,179
95,186,179
95,186,179
95,186,179
95,186,179
95,186,179
95,186,179
95,186,179
95,186,179
95,186,179
95,186,179
95,186,179
95,186,179
95,186,179
95,186,179
95,186,179
95,186,179
95,186,179
95,186,179
95,186,179
95,186,179
95,186,179
95,186,179
95,186,179
95,186,179
95,186,179
95,186,179
95,186,179
95,186,179
96,187,179
96,187,179
96,187,179
96,187,179
96,187,179
95,186,179
95,186,179
95,186,179
95,186,179
95,186,179
95,186,179
95,186,179
95,186,179
95,186,179
95,186,179
95,186,179
95,186,179
95,186,179
95,186,179
95,186,179
95,186,179
95,186,179
95,186,179
96,187,179
96,187,179
96,187,179
96,187,179
96,187,179
96,187,179
96,187,179
96,187,179
96,187,179
96,187,179
96,187,179
96,187,179
96,187,179
96,187,179
96,187,179
96,187,179
96,187,179
97,187,180
97,187,180
96,187,179
96,187,179
96,187,179
96,187,179
95,186,179
95,186,179
95,186,179
95,186,179
95,186,179
95,186,179
95,186,179
95,186,179
95,186,179
95,186,179
95,186,179
95,186,179
95,186,179
95,186,179
95,186,179
96,187,179
96,187,179
96,187,179
96,187,179
96,187,179
96,187,179
95,186,179
95,186,179
95,186,179
95,186,179
95,186,179
95,186,179
95,186,179
95,186,179
95,186,179
95,186,179
95,186,178
94,185,179
94,185,179
93,185,179
93,185,178
93,185,178
92,185,177
86,182,175
86,182,175
86,182,175
86,182,175
86,182,175
86,182,175
86,182,174
86,182,174
86,182,174
86,182,175
86,182,175
87,182,175
87,183,175
88,183,176
88,183,176
89,183,177
91,184,177
92,184,177
93,185,178
93,185,178
94,185,177
95,186,178
95,186,179
95,186,179
95,186,179
95,186,179
95,186,179
95,186,179
95,186,179
95,186,179
95,186,179
95,186,179
95,186,179
95,186,179
95,186,179
95,186,179
95,186,179
95,186,179
95,186,179
95,186,179
95,186,179
95,186,179
95,186,179
95,186,179
95,186,179
95,186,179
95,186,179
95,186,179
95,186,179
95,186,179
95,186,179
95,186,179
96,187,179
96,187,179
96,187,179
96,187,179
96,187,179
95,186,179
95,186,179
95,186,179
95,186,179
95,186,179
95,186,179
95,186,179
95,186,179
95,186,179
95,186,179
95,186,179
95,186,179
95,186,179
95,186,179
95,186,179
95,186,179
95,186,179
95,186,179
96,187,179
96,187,179
96,187,179
96,187,179
96,187,179
96,187,179
96,187,179
96,187,179
96,187,179
96,187,179
96,187,179
96,187,179
96,187,179
96,187,179
96,187,179
96,187,179
96,187,179
96,187,179
96,187,179
96,187,179
96,187,179
96,187,179
95,186,179
95,186,179
95,186,179
95,186,179
95,186,179
95,186,179
95,186,179
95,186,179
95,186,179
95,186,179
95,186,179
96,187,179
95,186,179
95,186,179
95,186,179
96,187,179
96,187,179
96,187,179
96,187,179
96,187,179
96,187,179
96,187,179
95,186,179
95,186,179
95,186,179
95,186,179
95,186,179
95,186,179
95,186,179
95,186,179
95,186,178
95,186,178
94,185,178
94,185,178
93,185,179
93,185,179
93,185,179
92,185,177
86,182,175
86,182,175
86,182,175
86,182,175
86,182,175
86,182,174
86,182,174
86,182,174
86,182,174
86,182,175
87,182,175
87,182,176
87,182,176
88,183,176
88,183,176
89,183,177
91,184,177
92,184,178
93,185,178
94,185,177
94,185,177
95,186,179
95,186,179
95,186,179
95,186,179
95,186,179
95,186,179
95,186,179
95,186,179
95,186,179
95,186,179
95,186,179
95,186,179
95,186,179
95,186,179
95,186,179
95,186,179
95,186,179
95,186,179
95,186,179
95,186,179
95,186,179
95,186,179
95,186,179
95,186,179
95,186,179
95,186,179
95,186,179
95,186,179
95,186,179
96,187,179
96,187,179
96,187,179
96,187,179
96,187,179
96,187,179
95,186,179
95,186,179
95,186,179
95,186,179
95,186,179
95,186,179
95,186,179
95,186,179
95,186,179
95,186,179
95,186,179
95,186,179
95,186,179
95,186,179
95,186,179
95,186,179
95,186,179
95,186,179
96,187,179
96,187,179
96,187,179
96,187,179
96,187,179
96,187,179
96,187,179
96,187,179
96,187,179
96,187,179
96,187,179
96,187,179
96,187,179
96,187,179
96,187,179
96,187,179
96,187,179
96,187,179
96,187,179
96,187,179
96,187,179
95,186,179
95,186,179
95,186,179
95,186,179
95,186,179
95,186,179
95,186,179
95,186,179
95,186,179
95,186,179
95,186,179
96,187,179
96,187,179
96,187,179
96,187,179
96,187,179
96,187,179
96,187,179
96,187,179
96,187,179
96,187,179
96,187,179
96,187,179
95,186,179
95,186,179
95,186,179
95,186,179
95,186,179
95,186,179
95,186,179
95,186,179
95,186,178
94,185,178
94,185,178
93,185,178
93,185,178
93,185,179
92,185,178
86,182,174
86,182,174
86,182,174
86,182,174
86,182,174
86,182,174
86,182,174
86,182,175
87,182,175
87,182,176
87,182,176
87,182,176
87,182,176
88,183,176
89,183,177
91,184,177
92,184,177
93,185,178
93,185,178
94,185,177
95,186,179
95,186,179
95,186,179
95,186,179
95,186,179
95,186,179
95,186,179
95,186,179
95,186,179
95,186,179
95,186,179
95,186,179
95,186,179
95,186,179
95,186,179
95,186,179
95,186,179
95,186,179
95,186,179
95,186,179
95,186,179
95,186,179
95,186,179
95,186,179
95,186,179
95,186,179
95,186,179
95,186,179
96,187,179
96,187,179
96,187,179
96,187,179
96,187,179
95,186,179
95,186,179
95,186,179
95,186,179
95,186,179
95,186,179
95,186,179
95,186,179
95,186,179
95,186,179
95,186,179
95,186,179
95,186,179
95,186,179
95,186,179
95,186,179
95,186,179
95,186,179
95,186,179
95,186,179
96,187,179
96,187,179
96,187,179
96,187,179
96,187,179
96,187,179
96,187,179
96,187,179
96,187,179
96,187,179
96,187,179
96,187,179
96,187,179
96,187,179
96,187,179
96,187,179
96,187,179
96,187,179
96,187,179
96,187,179
95,186,179
95,186,179
95,186,179
95,186,179
95,186,179
95,186,179
95,186,179
95,186,179
95,186,179
96,187,179
96,187,179
96,187,179
96,187,179
96,187,179
96,187,179
96,187,179
96,187,179
96,187,179
96,187,179
96,187,179
96,187,179
96,187,179
96,187,179
95,186,179
95,186,179
95,186,179
95,186,179
95,186,179
95,186,179
95,186,179
95,186,179
94,185,178
94,185,178
93,185,178
93,185,178
93,185,178
86,182,174
86,182,174
86,182,174
86,182,174
86,182,174
86,182,174
87,182,175
87,182,175
87,182,176
87,182,176
87,182,176
87,182,176
87,182,176
88,183,176
89,183,177
91,184,177
92,184,177
92,185,177
93,185,178
94,185,179
95,186,179
95,186,179
95,186,179
95,186,179
95,186,179
95,186,179
95,186,179
95,186,179
95,186,179
95,186,179
95,186,179
95,186,179
95,186,179
95,186,179
95,186,179
95,186,179
95,186,179
95,186,179
95,186,179
95,186,179
95,186,179
95,186,179
95,186,179
95,186,179
95,186,179
95,186,179
95,186,179
96,187,179
96,187,179
96,187,179
96,187,179
95,186,179
95,186,179
95,186,179
95,186,179
95,186,179
95,186,179
95,186,179
95,186,179
95,186,179
95,186,179
95,186,179
95,186,179
95,186,179
95,186,179
95,186,179
95,186,179
95,186,179
95,186,179
95,186,179
95,186,179
95,186,179
95,186,179
96,187,179
96,187,179
96,187,179
96,187,179
96,187,179
96,187,179
96,187,179
96,187,179
96,187,179
96,187,179
96,187,179
96,187,179
96,187,179
96,187,179
96,187,179
96,187,179
96,187,179
96,187,179
96,187,179
96,187,179
95,186,179
95,186,179
95,186,179
95,186,179
95,186,179
95,186,179
95,186,179
96,187,179
96,187,179
96,187,179
97,187,180
97,187,180
97,187,180
97,187,180
96,187,179
96,187,179
96,187,179
96,187,179
96,187,179
96,187,179
96,187,179
95,186,179
95,186,179
95,186,179
95,186,179
95,186,179
95,186,179
95,186,179
95,186,179
94,185,178
94,185,178
93,185,178
93,185,178
93,185,178
86,182,175
86,182,175
86,182,175
86,182,175
86,182,175
87,182,175
87,182,175
87,182,176
87,182,176
87,182,176
87,182,176
87,182,176
88,183,176
88,183,176
90,183,177
91,184,177
92,184,178
92,185,178
93,185,179
94,185,179
95,186,179
95,186,179
95,186,179
95,186,179
95,186,179
95,186,179
95,186,179
95,186,179
95,186,179
95,186,179
95,186,179
95,186,179
95,186,179
95,186,179
95,186,179
95,186,179
95,186,179
95,186,179
95,186,179
95,186,179
95,186,179
95,186,179
95,186,179
95,186,179
95,186,179
95,186,179
95,186,179
95,186,179
95,186,179
95,186,179
95,186,179
95,186,179
95,186,179
95,186,179
95,186,179
95,186,179
95,186,179
95,186,179
95,186,179
95,186,179
95,186,179
95,186,179
95,186,179
95,186,179
95,186,179
95,186,179
95,186,179
95,186,179
95,186,179
95,186,179
95,186,179
95,186,179
96,187,179
96,187,179
96,187,179
96,187,179
96,187,179
96,187,179
96,187,179
96,187,179
96,187,179
96,187,179
96,187,179
96,187,179
96,187,179
96,187,179
96,187,179
96,187,179
96,187,179
96,187,179
96,187,179
96,187,179
96,187,179
96,187,179
96,187,179
96,187,179
96,187,179
96,187,179
96,187,179
96,187,179
96,187,179
97,187,180
97,187,180
97,187,180
97,187,180
97,187,180
97,187,180
96,187,179
96,187,180
96,187,179
96,187,179
96,187,179
96,187,179
95,186,179
95,186,179
95,186,179
95,186,179
95,186,179
95,186,179
94,185,178
94,185,178
94,185,178
94,185,178
93,185,178
93,185,178
86,182,175
86,182,175
86,182,175
86,182,175
87,182,175
87,182,175
87,182,175
87,182,175
87,182,175
87,182,176
87,182,176
87,182,176
88,183,176
89,183,177
90,183,177
91,184,177
92,184,178
92,185,178
93,185,179
95,186,179
95,186,179
95,186,179
95,186,179
95,186,179
95,186,179
95,186,179
95,186,179
95,186,179
95,186,179
95,186,179
95,186,179
95,186,179
95,186,179
95,186,179
95,186,179
95,186,179
95,186,179
95,186,179
95,186,179
95,186,179
95,186,179
96,187,179
95,186,179
95,186,179
95,186,179
95,186,179
95,186,179
95,186,179
95,186,179
95,186,179
95,186,179
95,186,179
95,186,179
95,186,179
95,186,179
95,186,179
95,186,179
95,186,179
94,185,178
95,186,179
95,186,179
95,186,179
95,186,179
95,186,179
95,186,179
95,186,179
95,186,179
95,186,179
95,186,179
95,186,179
95,186,179
96,187,179
96,187,179
96,187,179
96,187,179
96,187,179
96,187,179
96,187,179
96,187,179
96,187,179
96,187,179
96,187,179
96,187,179
96,187,179
96,187,179
96,187,179
96,187,179
96,187,179
96,187,179
96,187,179
96,187,179
96,187,179
96,187,179
96,187,179
96,187,179
96,187,179
96,187,179
96,187,179
96,187,179
96,187,179
97,187,180
97,187,180
97,187,180
97,187,180
97,187,180
97,187,179
96,187,179
96,187,179
96,187,180
96,187,179
96,187,179
95,186,179
95,186,179
95,186,179
95,186,179
95,186,179
95,186,179
94,185,178
94,185,178
94,185,178
94,185,178
93,185,178
93,185,178
86,182,175
86,182,175
87,182,175
87,182,175
87,182,175
87,182,175
87,182,175
87,182,175
87,182,176
87,182,176
87,182,176
87,182,176
88,183,176
89,183,177
90,183,177
91,184,177
92,184,178
92,185,178
93,185,178
94,185,178
95,186,179
95,186,179
95,186,179
95,186,179
95,186,179
95,186,179
95,186,179
96,187,179
96,187,179
95,186,179
95,186,179
95,186,179
95,186,179
95,186,179
95,186,179
95,186,179
95,186,179
95,186,179
95,186,179
95,186,179
96,187,179
95,186,179
95,186,179
95,186,179
95,186,179
95,186,179
95,186,179
95,186,179
95,186,179
95,186,179
95,186,179
95,186,179
95,186,179
95,186,179
95,186,179
95,186,179
95,186,179
95,186,179
95,186,179
95,186,179
95,186,179
95,186,179
95,186,179
95,186,179
95,186,179
95,186,179
95,186,179
95,186,179
95,186,179
95,186,179
96,187,179
96,187,179
96,187,179
96,187,179
96,187,179
96,187,179
96,187,179
96,187,179
96,187,179
96,187,179
96,187,179
96,187,179
96,187,179
96,187,179
96,187,179
96,187,179
96,187,179
96,187,179
96,187,179
96,187,179
96,187,179
96,187,179
96,187,179
96,187,179
96,187,179
96,187,179
96,187,179
96,187,179
97,187,179
97,187,179
97,187,180
97,187,180
97,187,180
97,187,180
97,187,180
96,187,179
96,187,179
96,187,179
96,187,179
96,187,179
95,186,179
95,186,179
95,186,179
95,186,179
95,186,179
95,186,179
94,185,178
94,185,178
94,185,177
94,185,178
93,185,178
86,182,176
87,182,175
87,182,175
87,182,175
87,182,175
87,182,175
87,182,176
87,182,176
88,182,176
87,182,176
87,182,176
88,183,176
89,183,177
90,183,177
91,184,177
92,184,178
92,185,178
94,185,178
95,186,179
95,186,179
95,186,179
95,186,179
95,186,179
95,186,179
95,186,179
96,187,179
96,187,179
95,186,179
95,186,179
95,186,179
95,186,179
95,186,179
95,186,179
95,186,179
95,186,179
95,186,179
95,186,179
95,186,179
95,186,179
95,186,179
95,186,179
95,186,179
95,186,179
95,186,179
95,186,179
95,186,179
95,186,179
95,186,179
95,186,179
95,186,179
95,186,179
95,186,179
95,186,179
95,186,179
95,186,179
95,186,179
95,186,179
95,186,179
95,186,179
95,186,179
95,186,179
95,186,179
95,186,179
95,186,179
95,186,179
95,186,179
95,186,179
96,187,179
96,187,179
96,187,179
96,187,179
96,187,179
96,187,179
96,187,179
96,187,179
96,187,179
96,187,179
96,187,179
96,187,179
96,187,179
96,187,179
96,187,179
96,187,179
96,187,179
96,187,179
96,187,179
96,187,179
96,187,179
96,187,179
96,187,179
96,187,179
96,187,179
96,187,179
96,187,179
96,187,179
96,187,179
97,187,179
97,187,179
97,187,180
97,187,180
97,187,180
97,187,180
97,187,180
96,187,179
96,187,179
96,187,179
96,187,179
95,186,179
95,186,179
95,186,179
95,186,179
95,186,179
95,186,179
95,186,179
94,185,179
94,185,178
94,185,178
87,182,175
87,182,175
87,182,175
87,182,175
87,182,175
87,182,176
87,182,176
88,182,176
87,182,176
87,182,176
88,183,176
88,183,176
89,183,177
90,183,177
91,184,177
92,184,178
93,185,178
94,185,178
94,185,178
95,186,179
95,186,179
95,186,179
95,186,179
95,186,179
96,187,179
96,187,179
95,186,179
95,186,179
95,186,179
95,186,179
95,186,179
95,186,179
95,186,179
95,186,179
95,186,179
95,186,179
95,186,179
95,186,179
95,186,179
95,186,179
95,186,179
95,186,179
95,186,179
95,186,179
95,186,179
95,186,179
95,186,179
95,186,179
95,186,179
95,186,179
95,186,179
95,186,179
95,186,179
95,186,179
95,186,179
95,186,179
95,186,179
95,186,179
95,186,179
95,186,179
95,186,179
95,186,179
95,186,179
95,186,179
96,187,179
96,187,179
96,187,179
96,187,179
96,187,179
96,187,179
96,187,179
96,187,179
96,187,179
96,187,179
96,187,179
96,187,179
96,187,179
96,187,179
96,187,179
96,187,179
96,187,179
96,187,179
96,187,179
96,187,179
96,187,179
96,187,179
96,187,179
96,187,179
96,187,179
96,187,179
96,187,179
96,187,179
96,187,179
96,187,179
96,187,179
97,187,179
97,187,179
97,187,179
97,187,180
97,187,180
97,187,180
97,187,180
96,187,179
96,187,179
96,187,179
95,186,179
95,186,179
95,186,179
95,186,179
95,186,179
95,186,179
95,186,179
95,186,179
94,185,179
93,186,178
87,182,175
87,182,175
87,182,175
87,182,175
87,182,176
88,182,176
88,182,176
87,182,176
87,182,176
87,182,176
88,183,176
89,183,177
90,183,177
91,184,177
92,184,178
93,185,178
94,185,178
95,186,179
95,186,179
95,186,179
95,186,179
95,186,179
95,186,179
95,186,179
95,186,179
95,186,179
95,186,179
95,186,179
95,186,179
95,186,179
95,186,179
95,186,179
95,186,179
95,186,179
95,186,179
95,186,179
95,186,179
95,186,179
95,186,179
95,186,179
95,186,179
95,186,179
95,186,179
95,186,179
95,186,179
95,186,179
95,186,179
95,186,179
95,186,179
95,186,179
95,186,179
95,186,179
95,186,179
95,186,179
95,186,179
95,186,179
95,186,179
95,186,179
95,186,179
95,186,179
95,186,179
96,187,179
96,187,179
96,187,179
96,187,179
96,187,179
96,187,179
96,187,179
96,187,179
96,187,179
96,187,179
96,187,179
96,187,179
96,187,179
96,187,179
96,187,179
96,187,179
96,187,179
96,187,179
96,187,179
96,187,179
96,187,179
96,187,179
96,187,179
96,187,179
96,187,179
96,187,179
96,187,179
96,187,179
96,187,179
96,187,179
97,187,179
97,187,179
97,187,179
97,187,179
97,187,180
97,187,180
97,187,180
97,187,180
96,187,179
96,187,179
96,187,179
95,186,179
95,186,179
95,186,179
95,186,179
95,186,179
95,186,179
95,186,179
95,186,179
95,186,179
87,182,175
87,182,175
87,182,175
87,182,176
88,182,176
88,182,176
87,182,176
87,182,176
87,182,176
87,182,176
88,183,176
89,183,177
90,183,177
91,184,177
92,184,178
92,185,178
94,185,177
94,185,178
95,186,179
95,186,179
95,186,179
95,186,179
95,186,179
95,186,179
95,186,179
95,186,179
95,186,179
95,186,179
95,186,179
95,186,179
95,186,179
95,186,179
95,186,179
95,186,179
95,186,179
95,186,179
95,186,179
95,186,179
95,186,179
95,186,179
95,186,179
95,186,179
95,186,179
95,186,179
95,186,179
95,186,179
95,186,179
95,186,179
95,186,179
95,186,179
95,186,179
95,186,179
95,186,179
95,186,179
95,186,179
95,186,179
95,186,179
95,186,179
96,187,179
96,187,179
96,187,179
96,187,179
96,187,179
96,187,179
96,187,179
96,187,179
96,187,179
96,187,179
96,187,179
96,187,179
96,187,179
96,187,179
96,187,179
96,187,179
96,187,179
96,187,179
96,187,179
96,187,179
96,187,179
96,187,179
96,187,179
96,187,179
96,187,179
96,187,179
96,187,179
96,187,179
96,187,179
96,187,179
96,187,179
96,187,179
96,187,179
96,187,179
96,187,179
96,187,179
97,187,180
97,187,180
96,187,179
96,187,179
96,187,179
96,187,179
95,186,179
95,186,179
95,186,179
95,186,179
95,186,179
95,186,179
95,186,179
95,186,179
95,186,179
87,182,175
87,183,175
87,182,176
87,182,175
87,182,176
87,182,176
87,182,176
87,182,176
88,182,176
88,183,176
88,183,176
90,183,177
91,184,177
91,184,177
92,185,177
94,185,177
94,185,177
95,186,179
95,186,179
95,186,179
95,186,179
95,186,179
95,186,179
95,186,179
95,186,179
95,186,179
95,186,179
95,186,179
95,186,179
95,186,179
95,186,179
95,186,179
95,186,179
95,186,179
95,186,179
95,186,179
95,186,179
95,186,179
95,186,179
95,186,179
95,186,179
95,186,179
95,186,179
95,186,179
95,186,179
95,186,179
95,186,179
95,186,179
95,186,179
95,186,179
95,186,179
95,186,179
95,186,179
95,186,179
95,186,179
95,186,179
96,187,179
96,187,179
96,187,179
96,187,179
96,187,179
96,187,179
96,187,179
96,187,179
96,187,179
96,187,179
96,187,179
96,187,179
96,187,179
96,187,179
96,187,179
96,187,179
96,187,179
96,187,179
96,187,179
96,187,179
96,187,179
96,187,179
96,187,179
96,187,179
96,187,179
96,187,179
96,187,179
96,187,179
96,187,179
96,187,179
96,187,179
96,187,179
96,187,179
96,187,179
96,187,179
96,187,179
96,187,179
96,187,179
96,187,179
96,187,179
96,187,179
95,186,179
95,186,179
95,186,179
95,186,179
95,186,179
95,186,179
95,186,179
95,186,179
87,182,175
87,182,175
87,182,175
87,182,175
87,182,176
87,182,176
87,182,176
87,182,176
88,182,176
88,183,176
88,183,176
89,184,177
90,184,177
91,184,177
92,185,177
93,185,178
94,185,177
95,186,179
95,186,179
95,186,179
95,186,179
95,186,179
95,186,179
95,186,179
95,186,179
95,186,179
95,186,179
95,186,179
95,186,179
95,186,179
95,186,179
95,186,179
95,186,179
95,186,179
95,186,179
95,186,179
95,186,179
95,186,179
95,186,179
95,186,179
95,186,179
95,186,179
95,186,179
95,186,179
95,186,179
95,186,179
95,186,179
95,186,179
95,186,179
95,186,179
95,186,179
95,186,179
95,186,179
95,186,179
96,187,179
96,187,179
96,187,179
96,187,179
96,187,179
96,187,179
96,187,179
97,187,180
97,187,180
96,187,179
96,187,179
96,187,179
96,187,179
96,187,179
96,187,179
96,187,179
96,187,179
95,186,179
95,186,179
95,186,179
96,187,179
96,187,179
96,187,179
96,187,179
96,187,179
96,187,179
96,187,179
96,187,179
96,187,179
96,187,179
96,187,179
96,187,179
96,187,179
96,187,179
96,187,179
96,187,179
96,187,179
96,187,179
96,187,179
96,187,179
95,186,179
95,186,179
95,186,179
95,186,179
95,186,179
95,186,179
95,186,179
95,186,179
95,186,179
87,182,175
87,182,175
87,182,175
87,182,175
87,182,176
87,182,176
87,182,176
87,182,176
88,183,176
88,183,176
89,184,177
90,184,177
91,184,177
92,184,177
93,185,178
94,185,177
95,186,178
95,186,179
95,186,179
95,186,179
95,186,179
95,186,179
95,186,179
95,186,179
95,186,179
95,186,179
95,186,179
95,186,179
95,186,179
95,186,179
95,186,179
95,186,179
95,186,179
95,186,179
95,186,179
95,186,179
95,186,179
95,186,179
95,186,179
95,186,179
95,186,179
95,186,179
95,186,179
95,186,179
95,186,179
95,186,179
95,186,179
95,186,179
95,186,179
95,186,179
95,186,179
96,187,179
96,187,179
96,187,179
96,187,179
96,187,179
96,187,179
96,187,179
97,187,180
97,187,180
97,187,180
97,187,180
96,187,179
96,187,179
96,187,179
96,187,179
96,187,179
96,187,179
95,186,179
95,186,179
95,186,179
95,186,179
95,186,179
96,187,179
96,187,179
96,187,179
96,187,179
96,187,179
96,187,179
96,187,179
96,187,179
96,187,179
96,187,179
96,187,179
96,187,179
96,187,179
96,187,179
96,187,179
96,187,179
96,187,179
96,187,179
95,186,179
95,186,179
95,186,179
95,186,179
95,186,179
95,186,179
95,186,179
95,186,179
87,182,175
87,182,175
87,182,175
87,182,175
87,182,176
87,182,176
87,183,176
88,183,176
88,183,176
89,183,177
91,184,177
91,184,176
92,184,177
93,185,178
94,185,178
95,186,178
95,186,179
95,186,179
95,186,179
95,186,179
95,186,179
95,186,179
95,186,179
95,186,179
95,186,179
95,186,179
95,186,179
95,186,179
95,186,179
95,186,179
95,186,179
95,186,179
95,186,179
95,186,179
95,186,179
95,186,179
95,186,179
95,186,179
95,186,179
95,186,179
95,186,179
95,186,179
95,186,179
95,186,179
95,186,179
95,186,179
95,186,179
95,186,179
95,186,179
96,187,179
96,187,179
96,187,179
96,187,179
96,187,179
96,187,179
97,187,180
97,187,180
97,187,180
97,187,180
97,187,180
97,187,180
96,187,179
96,187,179
96,187,179
96,187,179
95,186,179
95,186,179
95,186,179
95,186,179
95,186,179
95,186,179
95,186,179
96,187,179
96,187,179
96,187,179
96,187,179
96,187,179
96,187,179
96,187,179
96,187,179
96,187,179
96,187,179
96,187,179
96,187,179
95,186,179
95,186,179
95,186,179
95,186,179
95,186,179
95,186,179
95,186,179
95,186,179
95,186,179
95,186,179
95,186,179
87,182,175
87,182,175
87,182,175
87,182,175
87,182,176
87,183,176
88,183,176
88,183,176
89,183,177
90,183,177
91,184,177
92,184,178
92,185,178
94,185,178
95,186,178
95,186,179
95,186,179
95,186,179
95,186,179
95,186,179
95,186,179
95,186,179
95,186,179
95,186,179
95,186,179
95,186,179
95,186,179
95,186,179
95,186,179
95,186,179
95,186,179
95,186,179
95,186,179
95,186,179
95,186,179
95,186,179
95,186,179
95,186,179
95,186,179
95,186,179
95,186,179
95,186,179
95,186,179
95,186,179
95,186,179
95,186,179
95,186,179
95,186,179
96,187,179
96,187,179
96,187,179
96,187,179
96,187,179
97,187,180
97,187,180
97,187,180
97,187,180
97,187,180
97,187,180
96,187,179
96,187,179
96,187,179
96,187,179
95,186,179
95,186,179
95,186,179
95,186,179
95,186,179
95,186,179
95,186,179
95,186,179
96,187,179
96,187,179
96,187,179
96,187,179
96,187,179
96,187,179
96,187,179
96,187,179
96,187,179
95,186,179
95,186,179
95,186,179
95,186,179
95,186,179
95,186,179
95,186,179
95,186,179
95,186,179
95,186,179
95,186,179
87,182,175
87,182,175
87,182,175
87,183,175
87,183,175
87,182,176
88,183,176
89,183,177
90,183,177
91,184,177
92,184,178
92,185,178
94,185,178
95,186,179
95,186,179
95,186,179
94,185,178
95,186,179
95,186,179
95,186,179
95,186,179
95,186,179
95,186,179
95,186,179
95,186,179
95,186,179
95,186,179
95,186,179
95,186,179
95,186,179
95,186,179
95,186,179
95,186,179
95,186,179
95,186,179
95,186,179
95,186,179
95,186,179
95,186,179
95,186,179
95,186,179
95,186,179
95,186,179
95,186,179
95,186,179
95,186,179
96,187,179
96,187,179
96,187,179
96,187,179
96,187,179
97,187,180
97,187,180
97,187,180
97,187,180
97,187,180
97,187,180
96,187,179
96,187,179
96,187,179
96,187,179
95,186,179
95,186,179
95,186,179
95,186,179
95,186,179
95,186,179
95,186,179
95,186,179
95,186,179
96,187,179
96,187,179
96,187,179
95,186,179
95,186,179
95,186,179
95,186,179
95,186,179
95,186,179
95,186,179
95,186,179
95,186,179
95,186,179
95,186,179
95,186,179
95,186,179
95,186,179
87,182,175
87,182,175
87,182,175
87,182,176
87,182,176
88,183,176
88,183,176
90,183,177
91,184,177
92,184,178
92,185,178
93,186,178
94,185,179
94,185,178
94,185,178
94,185,178
95,186,179
95,186,179
95,186,179
95,186,179
95,186,179
95,186,179
95,186,179
95,186,179
95,186,179
95,186,179
95,186,179
95,186,179
95,186,179
95,186,179
95,186,179
95,186,179
95,186,179
95,186,179
95,186,179
95,186,179
95,186,179
95,186,179
95,186,179
95,186,179
95,186,179
95,186,179
95,186,179
95,186,179
95,186,179
96,187,179
96,187,179
96,187,179
96,187,179
97,187,180
97,187,180
97,187,180
97,187,180
97,187,180
97,187,180
97,187,180
96,187,179
96,187,179
96,187,179
95,186,179
95,186,179
95,186,179
95,186,179
95,186,179
95,186,179
95,186,179
95,186,179
95,186,179
95,186,179
95,186,179
95,186,179
95,186,179
95,186,179
95,186,179
95,186,179
95,186,179
95,186,179
95,186,179
95,186,179
95,186,179
95,186,179
95,186,179
95,186,179
87,182,175
87,182,175
87,182,175
87,182,176
88,183,176
88,183,176
89,184,177
91,184,177
92,184,177
92,185,177
94,185,177
94,185,177
94,185,178
94,185,178
94,185,178
95,186,179
95,186,179
95,186,179
95,186,179
95,186,179
95,186,179
95,186,179
95,186,179
95,186,179
95,186,179
95,186,179
95,186,179
95,186,179
95,186,179
95,186,179
95,186,179
95,186,179
95,186,179
95,186,179
95,186,179
95,186,179
95,186,179
95,186,179
95,186,179
95,186,179
95,186,179
95,186,179
95,186,179
96,187,179
96,187,179
96,187,179
96,187,180
97,187,180
97,187,180
97,187,180
97,187,180
97,187,180
97,187,180
96,187,179
96,187,179
96,187,179
96,187,179
95,186,179
95,186,179
95,186,179
95,186,179
95,186,179
95,186,179
95,186,179
95,186,179
95,186,179
95,186,179
95,186,179
95,186,179
95,186,179
95,186,179
95,186,179
95,186,179
95,186,179
95,186,179
95,186,179
95,186,179
95,186,179
95,186,179
87,182,175
87,182,176
88,183,176
88,183,176
90,183,177
91,184,176
91,184,177
92,185,177
94,185,177
94,185,177
94,185,178
94,185,178
95,186,179
95,186,179
95,186,179
95,186,179
95,186,179
95,186,179
95,186,179
95,186,179
95,186,179
95,186,179
95,186,179
95,186,179
95,186,179
95,186,179
95,186,179
95,186,179
95,186,179
95,186,179
95,186,179
95,186,179
95,186,179
95,186,179
95,186,179
95,186,179
95,186,179
95,186,179
95,186,179
95,186,179
96,187,179
96,187,179
96,187,179
97,187,180
97,187,180
97,187,180
97,187,180
97,187,180
97,187,180
97,187,180
96,187,179
96,187,179
96,187,179
96,187,179
95,186,179
95,186,179
95,186,179
95,186,179
95,186,179
95,186,179
95,186,179
95,186,179
95,186,179
95,186,179
95,186,179
95,186,179
95,186,179
95,186,179
95,186,179
95,186,179
95,186,179
95,186,179
95,186,179
87,183,176
88,183,176
88,183,176
90,183,176
91,184,176
91,184,177
92,184,177
93,185,178
94,185,177
94,185,178
94,185,179
95,186,179
95,186,179
95,186,179
95,186,179
95,186,179
95,186,179
95,186,179
95,186,179
95,186,179
95,186,179
95,186,179
95,186,179
95,186,179
95,186,179
95,186,179
95,186,179
95,186,179
95,186,179
95,186,179
95,186,179
95,186,179
95,186,179
95,186,179
95,186,179
95,186,179
95,186,179
95,186,179
96,187,179
96,187,179
96,187,179
96,187,180
97,187,180
97,187,180
97,187,180
97,187,180
97,187,180
96,187,179
96,187,179
96,187,179
96,187,179
95,186,179
95,186,179
95,186,179
95,186,179
95,186,179
95,186,179
95,186,179
95,186,179
95,186,179
95,186,179
95,186,179
95,186,179
95,186,179
95,186,179
95,186,179
95,186,179
95,186,179
95,186,179
88,183,176
90,183,176
91,184,176
91,184,177
92,184,177
93,185,178
93,186,178
93,186,178
95,186,179
95,186,179
95,186,179
95,186,179
95,186,179
95,186,179
95,186,179
95,186,179
95,186,179
95,186,179
95,186,179
95,186,179
95,186,179
95,186,179
95,186,179
95,186,179
95,186,179
95,186,179
95,186,179
95,186,179
95,186,179
95,186,179
95,186,179
95,186,179
95,186,179
95,186,179
95,186,179
96,187,179
96,187,179
96,187,179
96,187,179
96,187,180
96,187,180
96,187,179
96,187,179
96,187,179
96,187,179
96,187,179
96,187,179
95,186,179
95,186,179
95,186,179
95,186,179
95,186,179
95,186,179
95,186,179
95,186,179
95,186,179
95,186,179
95,186,179
95,186,179
95,186,179
95,186,179
95,186,179
95,186,179
91,184,177
91,184,177
92,184,177
92,185,177
93,185,179
93,186,178
95,186,179
95,186,179
95,186,179
95,186,178
95,186,179
95,186,179
95,186,179
95,186,179
95,186,179
95,186,179
95,186,179
95,186,179
95,186,179
95,186,179
95,186,179
95,186,179
95,186,179
95,186,179
95,186,179
95,186,179
95,186,179
95,186,179
95,186,179
95,186,179
95,186,179
95,186,179
95,186,179
96,187,179
96,187,179
96,187,179
96,187,179
96,187,179
96,187,179
96,187,179
96,187,179
96,187,179
95,186,179
95,186,179
95,186,179
95,186,179
95,186,179
95,186,179
95,186,179
95,186,179
95,186,179
95,186,179
95,186,179
95,186,179
95,186,179
95,186,179
95,186,179
92,184,178
93,185,179
93,185,179
94,185,179
95,186,178
95,186,178
95,186,178
95,186,179
95,186,179
95,186,179
95,186,179
95,186,179
95,186,179
95,186,179
95,186,179
95,186,179
95,186,179
95,186,179
95,186,179
95,186,179
95,186,179
95,186,179
95,186,179
95,186,179
95,186,179
95,186,179
95,186,179
95,186,179
95,186,179
95,186,179
96,187,179
96,187,179
96,187,179
96,187,179
96,187,179
95,186,179
95,186,179
95,186,179
95,186,179
95,186,179
95,186,179
95,186,179
95,186,179
95,186,179
95,186,179
95,186,179
95,186,179
95,186,179
95,186,179
95,186,178
95,186,178
95,186,179
95,186,179
95,186,179
95,186,179
95,186,179
95,186,179
95,186,179
95,186,179
95,186,179
95,186,179
95,186,179
95,186,179
95,186,179
95,186,179
95,186,179
95,186,179
95,186,179
95,186,179
95,186,179
95,186,179
95,186,179
95,186,179
95,186,179
95,186,179
95,186,179
95,186,179
95,186,179
95,186,179
95,186,179
95,186,179
95,186,179
95,186,179
95,186,179
95,186,179
95,186,179
95,186,179
95,186,179
95,186,179
95,186,179
95,186,179
95,186,179
95,186,179
95,186,179
95,186,179
95,186,179
95,186,179
95,186,179
95,186,179
95,186,179
95,186,179
95,186,179
95,186,179
95,186,179
95,186,179
95,186,179
95,186,179
95,186,179
95,186,179
95,186,179
95,186,179
95,186,179
95,186,179
95,186,179
95,186,179
95,186,179
95,186,179
95,186,179
