H,S,V
7,200,46
6,210,45
6,210,45
6,210,45
6,210,45
6,210,45
6,210,45
6,210,45
6,210,45
6,210,45
6,205,46
6,200,46
6,201,47
6,200,46
6,200,46
6,194,46
6,194,46
6,194,46
6,194,46
6,194,46
6,194,46
5,188,46
5,190,47
5,190,47
5,190,47
4,184,47
4,184,47
5,183,46
5,183,46
5,188,46
6,210,45
6,211,46
6,210,45
6,210,45
6,210,45
6,210,45
6,210,45
6,210,45
6,210,45
7,210,45
6,210,45
7,204,45
7,204,45
7,204,45
6,200,46
6,200,46
6,200,46
6,200,46
6,200,46
6,194,46
6,193,45
6,194,46
6,194,46
5,188,46
5,188,46
5,188,46
5,188,46
5,188,46
5,188,46
5,183,46
5,183,46
5,183,46
5,181,45
5,187,45
6,193,45
6,193,45
6,193,45
6,187,45
6,187,45
7,209,44
7,209,44
6,210,45
6,210,45
6,210,45
6,210,45
6,210,45
6,210,45
6,210,45
6,210,45
7,210,45
7,209,44
7,209,44
7,209,44
7,209,44
7,203,44
7,204,45
7,204,45
6,198,45
6,198,45
6,198,45
6,200,46
6,198,45
6,198,45
6,198,45
6,198,45
5,193,45
6,193,45
6,194,46
5,188,46
5,188,46
5,188,46
5,187,45
5,187,45
5,181,45
5,181,45
5,181,45
5,181,45
5,181,45
5,187,45
5,187,45
5,187,45
6,187,45
6,188,46
6,187,45
7,185,44
7,185,44
6,180,44
6,180,44
7,213,43
7,213,43
7,214,44
7,209,44
7,209,44
7,209,44
7,209,44
7,209,44
7,209,44
7,209,44
7,209,44
7,209,44
7,209,44
7,209,44
7,209,44
7,209,44
7,209,44
7,209,44
7,203,44
7,203,44
7,203,44
7,203,44
7,203,44
6,197,44
6,197,44
6,197,44
6,197,44
6,197,44
6,197,44
6,197,44
6,197,44
5,191,44
6,193,45
5,187,45
5,187,45
5,187,45
5,185,44
6,184,43
5,178,43
5,178,43
5,178,43
5,178,43
5,181,45
5,187,45
5,187,45
5,187,45
6,188,46
6,188,46
6,188,46
6,187,45
6,180,44
6,180,44
5,174,44
5,174,44
5,174,44
5,174,44
4,168,44
7,214,44
7,213,43
7,213,43
7,213,43
7,213,43
7,213,43
7,214,44
7,209,44
7,209,44
7,209,44
7,209,44
7,213,43
7,213,43
7,213,43
7,209,44
7,209,44
7,209,44
7,209,44
7,209,44
7,203,44
7,203,44
6,197,44
6,197,44
6,197,44
6,197,44
6,197,44
6,197,44
6,197,44
6,197,44
5,197,44
6,197,44
6,197,44
6,196,43
6,196,43
6,197,44
5,191,44
5,185,44
5,185,44
5,184,43
5,184,43
5,184,43
5,178,43
5,178,43
5,178,43
5,178,43
5,180,44
6,185,44
5,187,45
5,187,45
6,188,46
6,188,46
6,188,46
5,183,46
5,176,45
5,174,44
5,174,44
5,174,44
4,168,44
4,168,44
4,168,44
4,168,44
4,168,44
5,170,45
6,214,44
6,214,44
6,214,44
6,214,44
7,213,43
7,213,43
7,213,43
7,213,43
7,213,43
7,208,43
7,208,43
7,208,43
7,208,43
7,208,43
7,213,43
7,213,43
7,213,43
7,213,43
7,208,43
7,209,44
7,209,44
7,209,44
7,203,44
7,203,44
6,197,44
6,197,44
6,197,44
6,197,44
6,197,44
6,202,43
6,202,43
6,202,43
6,202,43
6,202,43
6,196,43
6,202,43
6,194,42
7,194,42
7,194,42
6,190,43
5,182,42
5,182,42
5,182,42
5,182,42
5,182,42
5,182,42
5,178,43
5,178,43
5,178,43
6,184,43
6,185,44
5,187,45
5,187,45
6,188,46
5,177,46
5,177,46
5,172,46
4,170,45
5,174,44
5,174,44
4,168,44
4,168,44
4,168,44
4,168,44
4,168,44
4,168,44
5,170,45
6,176,45
5,170,45
7,214,44
7,214,44
7,214,44
7,214,44
7,213,43
7,213,43
7,213,43
7,213,43
7,213,43
7,213,43
7,208,43
7,208,43
7,208,43
7,208,43
7,208,43
7,208,43
7,208,43
7,213,43
7,213,43
7,208,43
7,208,43
7,209,44
7,209,44
7,209,44
7,203,44
7,203,44
6,197,44
6,197,44
6,197,44
6,197,44
6,202,43
6,202,43
6,202,43
6,202,43
6,202,43
6,202,43
6,202,43
6,200,42
7,199,41
6,194,42
7,194,42
6,194,42
6,188,42
6,188,42
5,182,42
5,182,42
5,182,42
5,182,42
5,182,42
5,178,43
5,178,43
6,184,43
6,185,44
6,185,44
6,187,45
5,176,45
5,172,46
5,172,46
5,172,46
4,164,45
4,168,44
4,168,44
4,168,44
4,168,44
4,168,44
5,174,44
5,174,44
5,174,44
5,174,44
6,176,45
6,176,45
6,176,45
6,176,45
7,214,44
7,214,44
7,214,44
7,213,43
7,213,43
7,213,43
7,213,43
7,213,43
7,213,42
7,213,42
6,206,42
6,206,42
7,206,42
7,208,43
7,208,43
7,208,43
7,208,43
7,208,43
7,208,43
7,208,43
7,208,43
7,208,43
7,208,43
7,209,44
7,209,44
7,209,44
7,203,44
7,203,44
7,203,44
6,197,44
6,197,44
6,197,44
6,202,43
6,202,43
6,202,43
6,202,43
6,202,43
6,202,43
6,202,43
6,200,42
7,199,41
7,199,41
6,193,41
7,194,42
7,194,42
7,194,42
6,188,42
5,182,42
5,182,42
5,182,42
5,182,42
5,182,42
6,182,42
6,184,43
6,184,43
6,184,43
6,185,44
5,180,44
5,174,44
5,170,45
4,166,46
4,164,45
4,164,45
4,164,45
4,168,44
4,168,44
5,174,44
5,174,44
5,174,44
5,174,44
6,180,44
6,181,45
7,181,45
7,181,45
6,183,46
6,183,46
6,183,46
6,183,46
6,177,46
7,214,44
7,214,44
7,214,44
7,213,43
7,213,43
7,213,43
7,213,43
7,213,43
8,213,42
7,213,42
6,206,42
6,205,41
6,205,41
6,206,42
7,206,42
6,202,43
6,202,43
6,202,43
6,202,43
6,202,43
6,202,43
6,202,43
6,202,43
6,202,43
7,208,43
7,209,44
7,209,44
7,209,44
7,209,44
7,203,44
6,202,43
6,202,43
6,197,44
6,197,44
6,202,43
6,202,43
6,202,43
6,202,43
6,202,43
6,202,43
6,202,43
6,200,42
7,199,41
7,199,41
7,199,41
7,194,42
7,194,42
7,194,42
7,194,42
6,188,42
5,182,42
5,182,42
5,182,42
5,182,42
5,182,42
5,182,42
5,182,42
6,184,43
6,184,43
5,178,43
5,174,44
4,170,45
4,166,46
4,164,45
4,164,45
4,168,44
4,168,44
5,174,44
5,174,44
5,174,44
5,174,44
6,180,44
6,180,44
6,181,45
6,181,45
6,187,45
6,188,46
6,183,46
6,183,46
6,183,46
6,184,47
6,177,46
6,177,46
7,209,44
7,209,44
7,209,44
7,214,44
7,213,43
7,213,43
7,213,43
7,213,43
7,213,43
7,213,42
8,213,42
7,211,41
7,205,41
7,205,41
7,205,41
7,206,42
6,200,42
6,202,43
6,202,43
6,202,43
6,202,43
6,202,43
6,202,43
6,202,43
6,202,43
6,202,43
7,208,43
7,209,44
7,209,44
7,209,44
7,209,44
6,202,43
6,202,43
6,202,43
6,202,43
6,202,43
6,202,43
6,202,43
6,202,43
6,202,43
6,202,43
6,202,43
6,202,43
6,200,42
7,199,41
7,199,41
7,199,41
7,199,41
7,199,41
7,194,42
7,194,42
7,194,42
6,188,42
5,182,42
5,182,42
5,182,42
5,180,41
5,182,42
5,182,42
6,182,42
5,176,42
5,178,43
4,172,43
4,168,44
4,168,44
4,164,45
4,164,45
4,168,44
5,174,44
5,174,44
5,174,44
5,174,44
5,174,44
7,181,45
7,181,45
6,181,45
6,181,45
6,187,45
6,188,46
5,183,46
5,183,46
5,183,46
6,183,46
6,177,46
6,177,46
5,172,46
5,170,45
6,214,44
6,214,44
6,214,44
7,214,44
7,214,44
7,214,44
7,213,43
7,213,43
7,213,43
7,219,42
7,219,42
7,219,42
8,218,41
7,210,40
8,204,40
7,205,41
7,199,41
6,202,43
6,202,43
7,208,43
7,208,43
7,208,43
7,208,43
7,208,43
7,208,43
7,208,43
7,208,43
7,208,43
7,208,43
7,209,44
7,209,44
7,209,44
7,209,44
7,208,43
6,202,43
6,202,43
6,202,43
6,197,44
6,197,44
6,197,44
6,197,44
6,202,43
6,202,43
6,202,43
6,202,43
6,200,42
7,199,41
7,199,41
7,199,41
7,199,41
7,199,41
6,193,41
6,193,41
5,187,41
5,187,41
6,188,42
6,187,41
5,180,41
5,180,41
5,180,41
5,180,41
6,180,41
6,182,42
5,178,43
5,178,43
5,174,44
4,168,44
4,168,44
4,168,44
4,168,44
5,174,44
5,174,44
5,174,44
5,174,44
5,174,44
6,176,45
7,181,45
6,181,45
6,181,45
6,181,45
6,181,45
5,183,46
5,183,46
5,177,46
6,177,46
5,177,46
5,177,46
5,172,46
5,170,45
5,170,45
4,164,45
6,214,44
6,214,44
6,214,44
6,214,44
6,214,44
7,214,44
7,214,44
7,213,43
7,213,43
7,213,43
7,219,42
7,219,42
7,219,42
8,218,41
8,217,40
8,217,40
8,211,41
7,206,42
6,202,43
6,202,43
6,202,43
7,208,43
7,213,43
7,213,43
7,213,43
7,213,43
7,213,43
7,213,43
7,213,43
7,213,43
7,208,43
7,209,44
7,209,44
7,209,44
7,209,44
7,208,43
6,202,43
6,202,43
6,202,43
6,202,43
6,197,44
6,197,44
6,197,44
6,202,43
6,202,43
6,202,43
6,202,43
6,200,42
7,199,41
7,199,41
7,199,41
7,199,41
7,199,41
7,199,41
6,193,41
5,187,41
5,187,41
5,187,41
5,182,42
5,180,41
5,180,41
6,180,41
6,180,41
6,180,41
6,182,42
5,178,43
5,178,43
5,174,44
4,168,44
4,168,44
4,168,44
4,172,43
4,172,43
4,172,43
5,174,44
5,174,44
5,174,44
6,176,45
6,176,45
5,176,45
5,174,44
5,174,44
5,174,44
5,176,45
5,176,45
5,176,45
5,176,45
5,176,45
5,176,45
5,170,45
5,170,45
5,170,45
5,170,45
5,170,45
5,170,45
6,214,44
6,214,44
6,214,44
6,214,44
7,213,43
7,213,43
7,214,44
7,214,44
7,213,43
7,213,43
7,213,43
8,213,42
7,219,42
7,219,42
8,218,41
8,217,40
8,217,40
9,217,40
8,211,41
6,202,43
7,203,44
7,203,44
6,202,43
7,213,43
7,213,43
7,213,43
7,213,43
7,213,43
7,213,43
7,213,43
7,213,43
7,213,43
7,213,43
7,209,44
7,209,44
7,209,44
7,209,44
7,209,44
6,202,43
6,202,43
6,202,43
6,197,44
6,197,44
6,197,44
6,197,44
6,197,44
6,197,44
6,196,43
6,202,43
6,200,42
7,199,41
7,199,41
7,199,41
7,199,41
7,199,41
7,199,41
7,199,41
5,187,41
5,187,41
5,187,41
5,182,42
6,182,42
6,180,41
6,180,41
6,180,41
6,182,42
6,182,42
5,178,43
4,172,43
4,168,44
4,168,44
4,168,44
4,172,43
4,172,43
4,172,43
4,172,43
4,172,43
5,174,44
5,174,44
5,174,44
5,174,44
5,174,44
5,174,44
5,174,44
5,174,44
5,174,44
5,174,44
5,174,44
5,174,44
5,176,45
4,170,45
5,170,45
5,170,45
5,170,45
5,170,45
5,170,45
5,170,45
5,170,45
5,166,46
7,214,44
7,214,44
7,214,44
7,213,43
7,213,43
7,213,43
7,213,43
7,219,43
7,219,43
7,213,43
7,213,43
7,213,43
7,213,43
8,213,42
8,219,42
8,218,41
8,217,40
8,217,40
8,217,40
9,217,40
7,213,43
7,209,44
7,204,45
7,204,45
7,209,44
7,213,43
7,213,43
7,213,43
7,213,43
7,213,43
7,213,43
7,213,43
7,213,43
7,213,43
7,213,43
7,208,43
7,209,44
7,209,44
7,209,44
7,209,44
6,202,43
6,202,43
7,203,44
6,197,44
6,197,44
6,197,44
6,197,44
6,197,44
6,197,44
6,197,44
6,202,43
6,200,42
6,200,42
7,199,41
7,199,41
7,199,41
7,199,41
7,199,41
6,193,41
6,193,41
5,187,41
6,188,42
6,188,42
6,182,42
6,182,42
6,182,42
6,180,41
6,182,42
6,182,42
5,178,43
4,168,44
4,168,44
4,168,44
4,168,44
4,172,43
4,172,43
4,172,43
4,172,43
4,172,43
5,174,44
5,174,44
5,174,44
5,174,44
5,174,44
4,168,44
5,174,44
5,174,44
5,174,44
5,174,44
5,174,44
4,168,44
4,168,44
4,168,44
5,170,45
5,170,45
5,170,45
5,170,45
5,170,45
5,170,45
5,170,45
5,172,46
5,172,46
5,168,47
7,214,44
7,213,43
7,213,43
7,213,43
7,213,43
7,213,43
7,213,43
7,219,42
7,219,42
7,219,42
7,219,42
7,213,43
7,213,43
7,213,43
8,219,42
8,219,42
9,217,40
8,217,40
8,217,40
8,217,40
7,219,42
7,213,43
7,209,44
7,209,44
7,209,44
7,209,44
7,213,43
7,213,43
7,213,43
7,213,43
7,213,43
7,213,43
7,213,43
7,213,43
7,213,43
7,213,43
7,208,43
7,209,44
7,209,44
7,209,44
7,209,44
7,203,44
7,203,44
7,203,44
7,203,44
6,197,44
6,197,44
6,197,44
7,203,44
7,203,44
6,202,43
6,202,43
6,200,42
7,200,42
7,194,42
7,194,42
7,194,42
7,194,42
6,193,41
6,193,41
7,194,42
7,194,42
6,188,42
6,188,42
6,182,42
6,182,42
6,182,42
6,182,42
5,182,42
6,182,42
5,178,43
5,170,45
5,170,45
4,168,44
4,172,43
4,172,43
4,172,43
4,172,43
4,172,43
4,172,43
5,174,44
5,174,44
5,174,44
5,174,44
5,174,44
4,168,44
4,168,44
5,174,44
4,168,44
5,172,43
5,172,43
4,168,44
4,168,44
4,168,44
4,168,44
5,170,45
5,170,45
5,170,45
5,170,45
5,170,45
5,170,45
5,172,46
5,172,46
6,174,47
6,174,47
6,214,44
7,213,43
7,213,43
7,213,43
7,213,43
7,213,43
7,213,43
7,213,43
7,219,42
7,219,42
7,219,42
7,219,42
7,219,42
7,213,43
7,213,43
7,213,43
8,219,42
9,218,41
9,217,40
9,223,40
8,217,40
8,218,41
7,219,42
7,213,43
7,213,43
7,209,44
7,209,44
7,213,43
7,213,43
7,213,43
7,213,43
7,213,43
7,213,43
7,213,43
7,213,43
7,213,43
7,213,43
7,213,43
7,208,43
7,208,43
7,203,44
7,203,44
7,203,44
7,203,44
7,209,44
7,209,44
7,209,44
7,209,44
7,209,44
7,209,44
7,209,44
7,209,44
7,209,44
7,202,43
7,202,43
7,200,42
7,194,42
7,194,42
7,194,42
7,194,42
7,194,42
7,194,42
7,194,42
7,194,42
7,194,42
6,188,42
6,182,42
6,182,42
6,182,42
6,188,42
5,182,42
5,182,42
6,184,43
5,170,45
5,170,45
4,168,44
4,172,43
4,172,43
4,172,43
4,172,43
4,172,43
4,172,43
5,174,44
5,174,44
5,174,44
5,174,44
5,174,44
4,168,44
4,168,44
5,174,44
4,168,44
4,166,43
4,166,43
4,166,43
4,168,44
4,166,43
5,168,44
5,168,44
5,168,44
5,170,45
5,170,45
5,170,45
5,170,45
5,172,46
5,174,47
5,179,47
6,179,47
5,175,48
6,177,49
7,213,43
7,213,43
7,213,43
7,213,43
7,213,43
7,213,43
7,213,43
7,213,43
7,213,43
7,219,42
7,219,42
7,219,42
7,219,42
7,219,42
7,219,42
8,219,42
8,219,42
9,218,41
9,218,41
9,223,40
9,223,40
8,218,41
8,218,41
7,219,42
7,213,43
7,213,43
7,209,44
7,209,44
7,213,43
7,213,43
7,213,43
7,213,43
7,213,43
7,213,43
7,213,43
7,213,43
7,213,43
7,213,43
7,213,43
7,208,43
6,202,43
6,202,43
7,203,44
7,203,44
7,209,44
7,209,44
7,209,44
7,209,44
7,209,44
7,209,44
7,209,44
7,209,44
7,209,44
7,209,44
7,209,44
7,209,44
7,203,44
7,202,43
6,196,43
6,196,43
6,196,43
7,194,42
7,194,42
7,194,42
7,194,42
7,194,42
7,194,42
6,188,42
6,188,42
7,190,43
7,188,42
7,188,42
7,190,43
7,190,43
5,178,43
4,168,44
5,178,43
5,178,43
5,178,43
5,178,43
4,172,43
4,172,43
4,172,43
5,174,44
5,174,44
5,174,44
5,174,44
5,174,44
5,174,44
5,174,44
5,174,44
4,166,43
4,166,43
4,166,43
4,166,43
4,166,43
4,166,43
4,166,43
5,166,43
5,168,44
5,168,44
5,170,45
5,170,45
5,172,46
5,172,46
5,174,47
5,179,47
5,179,47
5,175,48
6,177,49
6,177,49
7,213,43
7,213,43
7,219,42
7,219,42
8,219,42
7,219,42
8,219,42
7,213,43
8,213,42
8,219,42
8,219,42
7,219,42
7,219,42
7,219,42
7,219,42
7,219,42
7,219,42
7,219,42
7,219,42
8,218,41
8,218,41
8,224,41
8,224,41
8,218,41
7,219,42
7,219,42
7,213,43
7,213,43
7,209,44
7,209,44
7,209,44
7,213,43
7,213,43
7,213,43
7,213,43
7,213,43
7,213,43
7,213,43
7,213,43
7,213,43
7,208,43
6,202,43
6,202,43
6,202,43
6,202,43
7,209,44
7,209,44
7,213,43
7,209,44
7,209,44
7,209,44
7,209,44
7,209,44
7,209,44
7,209,44
7,209,44
7,209,44
7,209,44
7,209,44
7,203,44
6,197,44
6,197,44
6,197,44
6,197,44
6,196,43
6,196,43
7,194,42
7,194,42
7,194,42
7,194,42
7,194,42
7,190,43
7,190,43
7,190,43
7,190,43
7,190,43
7,190,43
6,184,43
5,178,43
5,178,43
5,178,43
5,178,43
5,178,43
5,178,43
5,178,43
5,174,44
6,180,44
5,174,44
5,174,44
5,174,44
5,174,44
5,174,44
5,174,44
5,172,43
5,172,43
4,166,43
4,166,43
4,166,43
4,166,43
4,166,43
4,166,43
4,166,43
5,174,44
6,174,44
5,170,45
5,172,46
5,172,46
5,179,47
5,179,47
5,179,47
6,181,48
6,177,49
6,177,49
6,177,49
5,175,48
7,213,43
7,213,43
7,219,43
7,219,42
7,219,42
7,219,42
7,219,42
9,218,41
8,213,42
8,213,42
8,219,42
7,219,42
7,219,42
7,219,42
7,219,42
7,219,42
7,219,42
7,219,42
8,219,42
7,219,42
7,219,42
8,218,41
8,224,41
8,224,41
7,219,42
7,219,42
7,213,43
7,213,43
7,209,44
7,209,44
7,209,44
7,209,44
7,213,43
7,213,43
7,213,43
7,213,43
7,213,43
7,213,43
7,213,43
7,214,44
7,214,44
7,208,43
6,202,43
6,202,43
6,202,43
6,202,43
7,208,43
7,209,44
7,213,43
7,209,44
7,209,44
7,209,44
7,209,44
7,209,44
7,209,44
7,209,44
7,209,44
7,209,44
7,209,44
7,209,44
7,209,44
7,209,44
7,203,44
6,197,44
6,197,44
6,197,44
6,197,44
6,196,43
6,196,43
6,196,43
6,196,43
6,196,43
7,190,43
7,190,43
7,190,43
7,190,43
7,190,43
7,194,42
6,188,42
5,182,42
5,182,42
5,182,42
5,178,43
5,178,43
5,178,43
5,178,43
6,180,44
6,180,44
7,185,44
6,180,44
6,180,44
5,174,44
5,174,44
5,174,44
5,172,43
5,172,43
4,166,43
4,166,43
4,166,43
4,166,43
4,166,43
4,166,43
5,172,43
5,172,43
5,174,44
5,174,44
6,176,45
6,177,46
6,183,46
6,183,46
5,179,47
6,181,48
6,177,49
6,177,49
6,177,49
5,175,48
5,175,48
7,213,43
7,213,43
7,213,43
7,213,43
7,213,43
7,219,42
7,219,42
8,213,42
9,218,41
8,211,41
8,211,41
8,213,42
8,213,42
8,213,42
7,219,42
7,219,42
7,219,42
7,219,42
7,219,42
7,213,43
7,213,43
7,213,43
7,219,42
7,219,42
7,219,42
7,219,42
7,219,42
7,213,43
7,213,43
7,213,43
7,209,44
7,204,45
7,204,45
7,209,44
7,213,43
7,213,43
7,213,43
7,213,43
7,213,43
7,213,43
7,214,44
7,214,44
7,209,44
7,209,44
6,203,44
6,202,43
6,202,43
6,202,43
7,208,43
7,208,43
7,213,43
7,213,43
7,209,44
7,209,44
7,209,44
7,209,44
7,209,44
7,209,44
7,209,44
7,209,44
7,209,44
7,209,44
7,209,44
7,209,44
7,203,44
7,203,44
7,203,44
7,203,44
8,203,44
7,203,44
7,203,44
7,203,44
6,197,44
6,197,44
7,197,44
7,197,44
7,196,43
7,196,43
7,196,43
6,196,43
6,188,42
6,188,42
5,182,42
5,182,42
5,184,43
5,178,43
5,178,43
5,180,44
6,180,44
7,185,44
7,185,44
7,185,44
7,185,44
6,180,44
5,174,44
6,174,44
6,174,44
4,166,43
5,166,43
6,164,42
5,162,41
4,164,42
4,164,42
4,166,43
5,172,43
5,172,43
5,174,44
5,174,44
5,176,45
7,181,45
7,181,45
6,183,46
6,183,46
6,179,47
6,177,49
6,177,49
6,177,49
5,175,48
5,175,48
5,175,48
4,170,48
7,213,43
7,213,43
7,213,43
7,213,43
7,213,43
7,213,43
7,219,42
8,219,42
8,219,42
9,218,41
9,218,41
9,211,41
8,211,41
8,213,42
8,213,42
7,213,43
7,213,43
7,213,43
7,213,43
7,213,43
7,213,43
7,213,43
7,213,43
7,219,42
7,219,42
7,219,42
7,219,42
7,213,43
7,213,43
7,213,43
7,213,43
7,209,44
7,204,45
7,204,45
7,209,44
7,209,44
7,213,43
7,213,43
7,213,43
7,213,43
7,214,44
7,214,44
7,209,44
7,209,44
7,209,44
6,202,43
6,202,43
6,202,43
6,202,43
7,208,43
7,213,43
7,213,43
7,213,43
7,209,44
7,209,44
7,209,44
7,209,44
7,209,44
7,209,44
7,209,44
7,209,44
7,209,44
7,209,44
7,209,44
7,210,45
7,204,45
7,204,45
8,203,44
8,203,44
8,203,44
8,203,44
8,203,44
8,203,44
7,204,45
7,198,45
7,198,45
7,197,44
7,197,44
7,197,44
7,196,43
7,196,43
7,190,43
5,184,43
5,184,43
5,184,43
4,178,43
5,178,43
5,180,44
5,180,44
6,180,44
7,185,44
7,185,44
7,185,44
7,185,44
6,180,44
6,174,44
6,174,44
6,174,44
6,172,43
5,166,43
6,162,41
5,162,41
5,162,41
4,164,42
4,166,43
4,166,43
4,166,43
4,168,44
6,174,44
6,176,45
7,181,45
7,181,45
7,181,45
7,181,45
7,177,46
6,181,48
6,177,49
6,177,49
5,175,48
5,175,48
5,175,48
4,170,48
4,170,48
7,214,44
7,213,43
7,213,43
7,213,43
7,213,43
7,213,43
7,213,43
7,213,43
8,213,42
8,213,42
9,218,41
9,218,41
9,211,41
8,213,42
8,213,42
7,213,43
7,213,43
7,213,43
7,213,43
7,213,43
7,213,43
7,213,43
7,213,43
7,213,43
7,213,43
7,219,42
7,219,42
7,219,42
7,213,43
7,213,43
7,213,43
7,213,43
7,209,44
7,209,44
7,209,44
7,209,44
7,209,44
7,209,44
7,213,43
7,213,43
7,214,44
7,214,44
7,214,44
7,209,44
7,209,44
7,209,44
6,202,43
6,202,43
6,202,43
7,208,43
7,213,43
7,213,43
7,213,43
7,209,44
7,209,44
7,209,44
7,209,44
7,209,44
7,209,44
7,209,44
7,209,44
7,209,44
7,209,44
6,210,45
7,210,45
7,210,45
7,210,45
7,210,45
7,210,45
7,210,45
7,210,45
7,204,45
7,204,45
7,204,45
7,204,45
7,198,45
7,198,45
7,204,45
7,204,45
7,203,44
7,204,45
7,198,45
6,197,44
6,191,44
6,185,44
5,184,43
5,184,43
5,178,43
5,178,43
6,185,44
7,185,44
7,185,44
7,185,44
7,185,44
6,187,45
7,181,45
7,181,45
7,180,44
6,174,44
6,172,43
6,172,43
7,168,41
7,168,41
6,168,41
4,164,42
4,166,43
4,166,43
4,166,43
5,168,44
5,168,44
6,174,44
7,181,45
7,181,45
7,181,45
7,181,45
6,176,45
7,177,46
6,175,48
6,175,48
6,174,47
5,175,48
5,175,48
4,170,48
4,170,48
4,167,49
7,209,44
7,209,44
7,214,44
7,213,43
7,213,43
7,213,43
7,213,43
7,213,43
7,213,43
7,213,43
8,213,42
8,213,42
8,213,42
9,213,42
7,213,43
7,213,43
7,213,43
7,213,43
7,213,43
7,213,43
7,213,43
7,213,43
7,213,43
7,213,43
7,213,43
7,219,42
7,219,42
7,213,43
7,213,43
7,213,43
7,213,43
7,213,43
7,213,43
7,213,43
7,209,44
7,209,44
7,209,44
7,209,44
7,209,44
7,214,44
7,214,44
7,214,44
7,214,44
7,209,44
7,209,44
7,209,44
7,209,44
7,208,43
8,208,43
7,208,43
7,208,43
7,213,43
7,213,43
7,213,43
7,209,44
7,209,44
7,209,44
7,209,44
7,209,44
7,209,44
7,209,44
7,209,44
6,210,45
6,210,45
6,210,45
7,210,45
7,204,45
7,204,45
7,204,45
7,204,45
7,204,45
7,204,45
7,204,45
7,204,45
7,204,45
7,204,45
7,204,45
7,204,45
7,204,45
7,204,45
7,204,45
7,205,46
7,205,46
7,198,45
6,193,45
6,185,44
6,185,44
6,184,43
6,184,43
6,185,44
6,185,44
7,185,44
6,187,45
6,187,45
6,187,45
7,187,45
7,181,45
7,181,45
7,180,44
7,180,44
6,174,44
6,172,43
6,172,43
6,172,43
5,172,43
5,172,43
5,166,43
5,166,43
5,168,44
5,168,44
5,168,44
6,174,44
7,180,44
7,180,44
7,181,45
6,176,45
6,176,45
7,177,46
6,179,47
6,179,47
6,179,47
5,179,47
5,175,48
5,175,48
4,170,48
4,165,48
4,167,49
7,209,44
7,214,44
7,214,44
7,214,44
7,213,43
7,213,43
7,213,43
7,213,43
7,213,43
7,213,43
7,213,43
7,213,43
7,213,43
7,213,43
7,213,43
8,213,43
7,213,43
7,213,43
7,214,44
7,213,43
7,213,43
7,213,43
7,213,43
7,213,43
7,219,42
7,219,42
7,219,42
7,213,43
7,213,43
7,213,43
7,213,43
7,213,43
7,213,43
7,214,44
7,214,44
7,214,44
7,209,44
7,209,44
7,209,44
7,209,44
7,209,44
7,209,44
7,209,44
7,209,44
7,209,44
7,209,44
7,209,44
7,208,43
7,208,43
8,208,43
8,208,43
8,208,43
7,208,43
8,208,43
7,213,43
7,209,44
7,209,44
7,209,44
7,209,44
7,209,44
7,209,44
7,210,45
7,210,45
7,210,45
6,210,45
6,205,46
7,204,45
7,204,45
7,204,45
7,204,45
7,204,45
7,204,45
7,204,45
7,205,46
7,205,46
7,200,46
7,200,46
7,204,45
7,204,45
8,210,45
8,210,45
8,211,46
7,205,46
7,205,46
7,200,46
7,194,46
5,187,45
5,187,45
6,185,44
6,185,44
6,185,44
7,185,44
7,185,44
6,187,45
6,187,45
6,187,45
7,187,45
7,187,45
6,187,45
7,187,45
7,181,45
7,180,44
7,180,44
6,174,44
6,172,43
6,172,43
5,166,43
5,166,43
5,168,44
6,168,44
6,168,44
6,168,44
6,168,44
6,174,44
6,174,44
6,174,44
6,176,45
6,176,45
6,176,45
7,177,46
7,177,46
5,179,47
5,179,47
5,179,47
5,174,47
4,170,48
4,170,48
5,170,48
5,172,49
6,214,44
6,214,44
7,214,44
6,214,44
6,214,44
7,214,44
7,214,44
7,213,43
7,213,43
7,213,43
7,213,43
7,213,43
7,213,43
7,213,43
7,213,43
7,213,43
7,213,43
8,213,43
7,209,44
7,209,44
7,210,45
7,209,44
7,213,43
7,213,43
7,213,43
7,219,43
7,219,42
7,219,42
7,219,42
7,213,43
7,213,43
7,213,43
7,213,43
7,214,44
7,214,44
7,214,44
7,214,44
7,213,43
7,213,43
7,213,43
7,209,44
7,209,44
7,209,44
7,209,44
7,209,44
7,209,44
7,209,44
7,209,44
7,209,44
7,213,43
7,208,43
8,208,43
8,208,43
8,208,43
8,208,43
7,209,44
7,209,44
7,209,44
7,209,44
7,209,44
7,209,44
7,210,45
7,210,45
6,205,46
6,205,46
6,205,46
6,205,46
6,205,46
6,205,46
6,205,46
6,205,46
6,205,46
6,205,46
6,205,46
6,205,46
7,205,46
7,205,46
7,200,46
7,200,46
7,200,46
7,205,46
7,205,46
7,205,46
8,211,46
7,205,46
7,205,46
7,200,46
7,200,46
7,194,46
6,193,45
6,185,44
6,185,44
6,185,44
7,185,44
7,185,44
7,185,44
7,185,44
6,187,45
6,187,45
6,187,45
6,187,45
6,187,45
6,187,45
7,181,45
7,181,45
7,180,44
6,174,44
6,174,44
6,174,44
5,168,44
5,168,44
6,168,44
6,168,44
6,168,44
6,174,44
6,174,44
6,172,43
6,172,43
6,174,44
6,174,44
6,176,45
6,176,45
6,183,46
6,177,46
6,177,46
6,177,46
5,174,47
5,174,47
4,170,48
4,170,48
4,170,48
5,170,48
5,175,48
6,214,44
6,214,44
6,214,44
6,214,44
6,214,44
6,214,44
6,214,44
7,213,43
7,213,43
7,213,43
7,213,43
7,213,43
7,213,43
7,213,43
7,213,43
7,213,43
7,213,43
7,213,43
7,209,44
7,204,45
7,200,46
6,197,48
7,200,46
6,210,45
7,214,44
7,213,43
7,213,43
7,213,43
7,213,43
7,213,43
7,213,43
7,213,43
7,213,43
7,213,43
7,214,44
7,209,44
7,214,44
7,214,44
7,213,43
7,213,43
7,213,43
7,213,43
7,213,43
7,213,43
7,209,44
7,209,44
7,209,44
7,209,44
7,209,44
7,214,44
7,213,43
7,213,43
8,208,43
7,213,43
7,213,43
7,213,43
7,213,43
7,213,43
7,214,44
7,209,44
7,209,44
7,209,44
6,210,45
6,205,46
6,205,46
6,205,46
6,205,46
6,205,46
6,205,46
6,205,46
6,205,46
6,205,46
6,205,46
6,205,46
6,205,46
6,205,46
6,205,46
7,205,46
7,200,46
7,200,46
7,200,46
7,200,46
7,205,46
7,205,46
7,205,46
7,205,46
7,205,46
7,200,46
7,200,46
8,198,45
6,193,45
6,191,44
6,191,44
6,191,44
7,185,44
7,185,44
7,185,44
7,185,44
6,187,45
6,187,45
6,187,45
6,188,46
6,188,46
6,188,46
6,188,46
5,183,46
7,181,45
7,181,45
7,181,45
6,176,45
6,174,44
6,174,44
5,168,44
6,174,44
6,174,44
6,172,43
6,172,43
6,172,43
6,172,43
6,172,43
6,174,44
6,176,45
6,176,45
7,181,45
7,181,45
6,176,45
5,177,46
4,172,46
4,174,47
4,174,47
4,170,48
4,170,48
4,170,48
5,175,48
5,177,49
6,214,44
6,214,44
6,214,44
6,214,44
6,214,44
6,214,44
6,214,44
6,214,44
7,213,43
7,213,43
7,213,43
7,213,43
7,213,43
7,213,43
7,213,43
7,213,43
7,213,43
7,213,43
7,213,43
7,209,44
7,205,46
6,197,48
7,191,48
6,197,48
7,200,46
7,200,46
7,213,43
7,213,43
7,213,43
7,213,43
7,213,43
7,213,43
7,213,43
7,213,43
7,213,43
7,214,44
7,209,44
7,209,44
7,214,44
7,214,44
7,213,43
7,213,43
7,213,43
7,213,43
7,213,43
7,209,44
7,209,44
7,209,44
7,209,44
7,209,44
7,214,44
7,213,43
7,213,43
7,213,43
7,213,43
7,213,43
7,213,43
7,208,43
7,214,44
7,214,44
7,209,44
7,209,44
7,209,44
6,205,46
6,205,46
6,205,46
6,201,47
6,201,47
6,201,47
6,201,47
6,201,47
6,205,46
6,205,46
6,205,46
6,205,46
6,205,46
6,205,46
6,205,46
6,205,46
6,205,46
7,200,46
7,200,46
7,200,46
7,205,46
7,205,46
7,205,46
7,205,46
7,205,46
7,200,46
7,200,46
8,198,45
6,193,45
6,193,45
7,185,44
7,185,44
7,185,44
7,185,44
7,185,44
7,191,44
7,193,45
7,193,45
7,194,46
7,200,46
6,188,46
6,188,46
6,188,46
6,188,46
6,183,46
6,183,46
7,181,45
7,181,45
6,176,45
6,176,45
6,174,44
6,174,44
6,174,44
6,172,43
6,172,43
6,172,43
6,172,43
6,172,43
6,174,44
6,174,44
7,181,45
7,181,45
7,181,45
5,176,45
5,176,45
5,177,46
5,177,46
4,174,47
4,174,47
4,174,47
4,174,47
5,175,48
4,170,48
5,175,48
6,210,45
7,214,44
7,214,44
6,214,44
6,214,44
6,214,44
6,214,44
6,214,44
7,213,43
7,213,43
7,213,43
7,213,43
7,213,43
7,213,43
7,213,43
7,213,43
7,213,43
7,213,43
7,213,43
7,213,43
7,209,44
7,204,45
6,197,48
7,189,50
7,187,49
7,187,49
7,191,48
7,200,46
7,213,43
7,213,43
7,213,43
7,213,43
7,213,43
7,213,43
7,213,43
7,213,43
7,209,44
7,209,44
7,209,44
7,209,44
7,209,44
7,213,43
7,213,43
7,213,43
7,213,43
7,209,44
7,209,44
7,209,44
7,209,44
7,209,44
7,209,44
7,214,44
7,214,44
7,214,44
7,213,43
7,213,43
7,213,43
7,214,44
7,209,44
7,209,44
7,209,44
7,209,44
7,209,44
6,210,45
6,205,46
6,205,46
7,206,47
6,201,47
6,201,47
6,201,47
6,201,47
6,201,47
6,205,46
6,205,46
6,205,46
6,205,46
6,205,46
6,205,46
6,205,46
6,205,46
6,205,46
7,205,46
7,200,46
7,200,46
7,205,46
7,205,46
7,205,46
7,205,46
7,204,45
7,204,45
7,198,45
7,198,45
6,193,45
6,193,45
6,187,45
5,187,45
7,185,44
7,185,44
6,191,44
7,198,45
8,198,45
7,200,46
7,200,46
7,200,46
7,200,46
7,200,46
6,188,46
6,188,46
6,184,47
6,184,47
6,183,46
7,181,45
7,181,45
7,181,45
7,181,45
7,180,44
6,174,44
6,172,43
6,172,43
6,172,43
6,172,43
6,172,43
7,178,43
7,180,44
7,180,44
7,181,45
6,174,44
5,174,44
5,174,44
5,174,44
5,174,44
5,176,45
4,172,46
4,174,47
4,174,47
4,174,47
5,175,48
5,175,48
5,175,48
6,210,45
6,210,45
6,210,45
7,209,44
7,214,44
6,214,44
6,214,44
6,214,44
6,214,44
7,213,43
7,213,43
7,213,43
7,213,43
7,213,43
7,213,43
7,213,43
7,213,43
7,213,43
7,213,43
7,213,43
7,213,43
7,209,44
7,204,45
7,201,47
7,184,50
7,189,50
7,187,49
7,187,49
7,200,46
7,213,43
7,213,43
7,213,43
7,213,43
7,213,43
7,213,43
7,213,43
7,213,43
7,209,44
7,209,44
7,209,44
7,209,44
7,213,43
7,213,43
7,213,43
7,213,43
7,213,43
7,209,44
7,209,44
7,209,44
7,209,44
7,210,45
7,210,45
7,209,44
7,214,44
7,214,44
7,213,43
7,214,44
7,214,44
7,209,44
6,210,45
6,210,45
6,210,45
6,210,45
6,210,45
6,210,45
6,205,46
6,205,46
6,205,46
7,206,47
7,206,47
7,206,47
7,206,47
6,205,46
6,205,46
6,205,46
6,205,46
6,210,45
6,210,45
6,210,45
6,210,45
6,205,46
6,205,46
6,205,46
6,205,46
7,205,46
7,200,46
7,200,46
7,200,46
7,200,46
7,200,46
7,198,45
7,198,45
6,193,45
6,193,45
5,188,46
6,188,46
5,188,46
5,188,46
6,194,46
6,193,45
7,198,45
7,200,46
7,200,46
7,200,46
7,200,46
7,200,46
7,201,47
7,201,47
7,201,47
6,190,47
6,184,47
6,184,47
6,184,47
6,183,46
7,181,45
7,181,45
7,181,45
7,180,44
7,178,43
7,178,43
7,178,43
7,178,43
7,178,43
7,178,43
7,180,44
7,180,44
7,180,44
6,174,44
5,174,44
5,174,44
5,174,44
5,174,44
5,174,44
4,170,45
3,164,45
4,172,46
4,174,47
5,174,47
5,174,47
5,175,48
5,175,48
6,214,44
6,214,44
6,210,45
6,210,45
6,210,45
6,210,45
6,214,44
6,214,44
6,214,44
6,214,44
7,213,43
7,213,43
7,213,43
7,213,43
7,219,42
7,213,43
7,213,43
7,213,43
7,213,43
7,213,43
7,213,43
7,213,43
7,213,43
7,209,44
7,204,45
7,195,47
7,187,49
7,187,49
7,195,47
7,200,46
7,213,43
7,213,43
7,213,43
7,213,43
7,213,43
7,213,43
7,213,43
7,213,43
7,213,43
7,209,44
7,209,44
7,213,43
7,213,43
7,213,43
7,213,43
7,209,44
7,209,44
7,209,44
7,209,44
7,209,44
7,210,45
7,205,46
7,205,46
6,210,45
7,214,44
7,214,44
7,214,44
7,214,44
7,214,44
6,210,45
6,210,45
6,210,45
6,210,45
6,210,45
6,210,45
6,210,45
7,211,46
7,211,46
7,205,46
7,206,47
7,206,47
7,206,47
7,206,47
6,205,46
6,205,46
6,210,45
6,210,45
6,210,45
6,210,45
6,210,45
6,210,45
6,205,46
6,205,46
6,205,46
6,205,46
6,205,46
7,205,46
7,200,46
7,200,46
7,200,46
7,200,46
7,198,45
7,198,45
7,198,45
6,194,46
6,194,46
5,188,46
5,188,46
5,188,46
7,200,46
7,200,46
7,200,46
7,200,46
6,201,47
6,201,47
7,201,47
6,201,47
6,201,47
6,201,47
6,201,47
6,201,47
7,195,47
6,190,47
6,184,47
6,184,47
6,183,46
7,181,45
7,181,45
7,180,44
7,180,44
8,184,43
8,184,43
8,184,43
8,184,43
8,184,43
7,178,43
7,178,43
7,180,44
6,174,44
5,174,44
5,174,44
5,174,44
5,174,44
5,174,44
4,168,44
4,170,45
4,170,45
4,172,46
3,166,46
5,174,47
4,170,48
4,170,48
5,175,48
6,214,44
6,214,44
6,214,44
6,210,45
6,197,48
6,197,48
6,201,47
6,210,45
6,214,44
6,214,44
6,214,44
6,214,44
7,213,43
7,213,43
7,213,43
7,219,42
7,213,43
7,213,43
7,213,43
7,213,43
7,213,43
7,213,43
7,213,43
7,213,43
7,213,43
7,209,44
7,209,44
7,204,45
7,200,46
7,200,46
7,213,43
7,213,43
7,213,43
7,213,43
7,213,43
7,213,43
7,213,43
7,213,43
7,213,43
7,214,44
7,209,44
7,209,44
7,209,44
7,214,44
7,209,44
7,209,44
7,209,44
7,209,44
7,209,44
7,209,44
7,209,44
7,205,46
6,197,48
6,197,48
6,201,47
6,210,45
6,210,45
7,214,44
6,210,45
6,210,45
6,210,45
6,210,45
6,210,45
6,210,45
6,210,45
6,210,45
7,215,45
7,211,46
8,211,46
8,211,46
7,206,47
7,206,47
8,206,47
6,201,47
6,205,46
6,205,46
6,205,46
6,210,45
6,210,45
6,210,45
6,210,45
6,205,46
6,205,46
6,205,46
6,205,46
6,205,46
7,205,46
7,205,46
7,200,46
7,200,46
8,198,45
8,198,45
7,204,45
7,204,45
7,200,46
6,194,46
6,194,46
5,190,47
5,190,47
6,195,47
6,201,47
6,201,47
6,201,47
6,201,47
6,201,47
6,201,47
6,201,47
6,201,47
6,201,47
6,201,47
6,201,47
6,201,47
6,201,47
6,201,47
7,195,47
6,190,47
7,190,47
6,183,46
7,181,45
7,181,45
7,180,44
8,185,44
8,184,43
8,184,43
8,184,43
8,184,43
8,184,43
8,184,43
7,178,43
6,172,43
5,172,43
5,174,44
5,174,44
5,174,44
4,168,44
4,168,44
4,168,44
4,168,44
4,170,45
4,172,46
5,172,46
4,168,47
4,170,48
4,170,48
5,175,48
6,214,44
6,214,44
7,209,44
7,209,44
6,201,47
7,191,48
7,191,48
6,201,47
6,205,46
6,210,45
6,214,44
6,214,44
6,214,44
7,213,43
7,213,43
7,213,43
7,213,43
7,213,43
7,213,43
7,213,43
7,213,43
7,213,43
7,213,43
7,213,43
7,213,43
7,213,43
7,213,43
7,213,43
7,213,43
7,213,43
7,213,43
7,213,43
7,213,43
7,213,43
7,213,43
7,213,43
7,213,43
7,213,43
7,213,43
7,213,43
7,209,44
7,209,44
7,209,44
7,209,44
7,209,44
7,209,44
7,209,44
7,209,44
7,209,44
7,209,44
7,209,44
7,210,45
7,195,47
6,193,49
6,193,49
6,193,49
6,211,46
6,210,45
6,210,45
6,210,45
6,210,45
6,210,45
6,210,45
6,210,45
6,210,45
6,210,45
7,215,45
8,215,45
8,211,46
8,211,46
8,211,46
8,212,47
8,206,47
8,206,47
7,206,47
6,201,47
6,205,46
6,205,46
6,210,45
6,210,45
6,210,45
6,210,45
6,205,46
6,201,47
6,201,47
6,201,47
6,201,47
6,201,47
7,200,46
7,200,46
7,200,46
7,200,46
7,200,46
7,200,46
7,200,46
7,200,46
7,200,46
6,195,47
6,195,47
6,195,47
6,201,47
6,201,47
6,201,47
6,201,47
6,201,47
6,201,47
6,201,47
6,201,47
6,201,47
6,201,47
6,201,47
6,201,47
6,201,47
6,201,47
6,201,47
6,201,47
7,201,47
7,195,47
7,195,47
8,194,46
7,187,45
8,185,44
8,185,44
8,185,44
8,185,44
8,185,44
8,185,44
8,184,43
8,184,43
7,178,43
6,172,43
6,172,43
5,172,43
5,174,44
4,168,44
4,168,44
4,164,45
4,164,45
4,168,44
4,168,44
4,170,45
4,166,46
4,168,47
4,170,48
4,170,48
5,175,48
5,175,48
7,213,43
7,213,43
7,213,43
7,209,44
7,209,44
6,201,47
6,197,48
6,197,48
6,201,47
6,211,46
6,210,45
6,215,45
6,214,44
6,214,44
7,214,44
7,214,44
7,213,43
7,213,43
7,213,43
7,213,43
7,213,43
7,213,43
7,213,43
7,213,43
7,213,43
7,213,43
7,213,43
7,213,43
7,213,43
7,213,43
7,213,43
7,213,43
7,213,43
7,213,43
7,213,43
7,213,43
7,213,43
7,213,43
7,213,43
7,213,43
7,209,44
7,209,44
7,209,44
7,209,44
7,209,44
7,209,44
7,209,44
7,209,44
7,209,44
7,209,44
7,209,44
7,209,44
7,210,45
6,197,48
6,193,49
6,193,49
6,193,49
6,205,46
6,210,45
6,210,45
6,210,45
6,210,45
6,210,45
6,210,45
6,210,45
6,210,45
7,215,45
7,215,45
8,216,46
8,216,46
8,216,46
8,212,47
8,212,47
8,206,47
8,206,47
7,206,47
6,201,47
6,206,47
6,205,46
6,210,45
6,210,45
6,210,45
6,210,45
6,201,47
6,201,47
6,201,47
6,201,47
6,201,47
6,201,47
6,201,47
7,200,46
7,200,46
7,200,46
7,200,46
7,200,46
7,200,46
6,195,47
6,195,47
6,195,47
6,195,47
6,195,47
6,201,47
6,201,47
6,201,47
6,201,47
6,201,47
6,201,47
6,201,47
6,201,47
6,201,47
6,201,47
6,201,47
6,201,47
6,201,47
6,201,47
6,201,47
6,201,47
7,201,47
7,201,47
7,195,47
8,194,46
8,194,46
7,187,45
8,185,44
7,180,44
7,180,44
7,180,44
8,185,44
8,185,44
7,180,44
7,178,43
6,172,43
6,172,43
6,172,43
5,168,44
5,168,44
4,164,45
4,164,45
4,164,45
4,164,45
5,170,45
4,164,45
4,164,45
4,168,47
4,170,48
4,170,48
4,170,48
4,170,48
4,170,48
7,213,43
7,213,43
7,213,43
7,213,43
7,214,44
7,209,44
7,210,45
6,201,47
6,201,47
6,205,46
6,215,45
6,210,45
6,215,45
6,215,45
6,214,44
7,214,44
7,214,44
7,214,44
7,213,43
7,213,43
7,213,43
7,213,43
8,213,42
7,213,43
7,213,43
7,213,43
7,213,43
7,213,43
7,213,43
7,213,43
7,213,43
7,213,43
7,213,43
7,213,43
7,213,43
7,213,43
7,213,43
7,213,43
7,213,43
7,213,43
7,214,44
7,209,44
7,209,44
7,209,44
7,209,44
7,209,44
7,209,44
7,209,44
7,209,44
7,209,44
7,209,44
7,209,44
7,209,44
7,210,45
6,197,48
6,190,51
6,190,51
6,190,51
6,205,46
6,205,46
6,210,45
6,205,46
6,205,46
6,205,46
6,210,45
6,210,45
6,210,45
7,215,45
7,215,45
8,215,45
8,216,46
8,216,46
8,216,46
8,212,47
8,212,47
8,212,47
7,206,47
6,201,47
6,206,47
6,205,46
6,210,45
6,210,45
6,210,45
6,205,46
6,201,47
6,201,47
6,201,47
6,201,47
6,201,47
6,201,47
7,200,46
7,205,46
7,204,45
7,204,45
7,200,46
7,200,46
6,201,47
6,202,48
6,197,48
6,197,48
6,197,48
6,195,47
6,201,47
6,201,47
6,201,47
6,201,47
6,201,47
6,201,47
6,201,47
6,201,47
6,201,47
6,201,47
6,201,47
6,201,47
6,201,47
6,201,47
6,201,47
6,201,47
7,201,47
7,201,47
7,195,47
7,195,47
8,194,46
7,188,46
7,187,45
7,181,45
7,181,45
7,181,45
7,181,45
7,180,44
6,180,44
6,178,43
5,172,43
6,172,43
6,172,43
5,166,43
4,159,45
4,159,45
4,159,45
4,164,45
5,170,45
5,170,45
4,164,45
4,164,45
4,166,46
4,168,47
4,168,47
4,170,48
4,170,48
4,170,48
4,170,48
7,213,43
7,213,43
7,213,43
7,213,43
7,213,43
7,209,44
7,209,44
7,210,45
6,205,46
6,215,45
6,215,45
6,215,45
6,215,45
6,215,45
6,215,45
7,214,44
7,214,44
7,214,44
7,213,43
7,213,43
7,213,43
7,213,43
8,213,42
7,213,43
7,213,43
7,213,43
7,213,43
7,213,43
7,213,43
7,209,44
7,213,43
7,213,43
7,213,43
7,213,43
7,213,43
7,213,43
7,213,43
7,213,43
7,213,43
7,213,43
7,214,44
7,209,44
7,209,44
7,209,44
7,209,44
7,209,44
7,209,44
7,209,44
7,209,44
7,209,44
7,209,44
7,209,44
7,209,44
7,210,45
6,197,48
6,194,50
6,194,50
6,194,50
6,206,47
6,205,46
6,210,45
6,210,45
6,210,45
6,210,45
6,210,45
6,210,45
6,210,45
7,215,45
8,221,45
8,221,45
8,216,46
8,216,46
8,216,46
8,211,46
8,212,47
7,212,47
6,206,47
6,206,47
6,206,47
6,205,46
6,205,46
6,210,45
6,210,45
6,210,45
6,205,46
6,201,47
6,201,47
6,201,47
6,201,47
6,201,47
7,200,46
7,205,46
7,204,45
7,204,45
7,200,46
6,201,47
6,202,48
7,202,48
6,197,48
6,198,49
6,198,49
6,198,49
6,201,47
6,201,47
6,201,47
6,201,47
6,201,47
6,201,47
6,201,47
6,201,47
6,201,47
6,201,47
6,201,47
6,201,47
6,201,47
6,201,47
6,201,47
6,201,47
7,201,47
7,195,47
7,195,47
7,195,47
7,195,47
7,190,47
7,190,47
7,177,46
7,177,46
7,181,45
7,181,45
7,181,45
7,180,44
5,174,44
5,174,44
6,174,44
5,168,44
4,159,45
4,155,46
4,161,46
4,159,45
4,164,45
5,170,45
5,170,45
5,170,45
4,164,45
4,166,46
4,166,46
4,166,46
4,168,47
4,168,47
4,168,47
4,168,47
7,213,43
7,213,43
7,213,43
7,213,43
7,213,43
7,213,43
7,213,43
7,214,44
7,214,44
7,214,44
6,215,45
6,215,45
6,215,45
6,215,45
6,215,45
6,215,45
7,214,44
7,214,44
7,214,44
7,213,43
7,213,43
8,219,42
8,219,42
8,219,42
8,219,42
8,211,41
7,213,43
7,213,43
7,213,43
7,209,44
7,209,44
7,209,44
7,213,43
7,213,43
7,213,43
7,213,43
7,213,43
7,213,43
7,213,43
7,213,43
7,214,44
7,214,44
7,214,44
7,209,44
7,209,44
7,209,44
7,209,44
7,209,44
7,209,44
7,209,44
7,209,44
7,214,44
7,209,44
7,209,44
6,210,45
6,205,46
6,197,48
6,197,48
6,202,48
6,206,47
6,205,46
6,205,46
6,205,46
6,205,46
7,210,45
6,210,45
6,210,45
6,210,45
8,221,45
8,221,45
8,221,45
8,221,45
8,221,45
8,216,46
8,216,46
7,211,46
7,211,46
6,206,47
6,206,47
6,206,47
6,205,46
6,205,46
6,210,45
6,210,45
6,210,45
6,205,46
6,205,46
6,201,47
6,201,47
6,201,47
6,201,47
6,201,47
7,200,46
7,200,46
6,201,47
6,201,47
6,202,48
6,202,48
6,197,48
6,198,49
6,198,49
6,198,49
6,198,49
6,198,49
6,201,47
6,201,47
6,201,47
6,201,47
6,201,47
6,201,47
6,201,47
6,201,47
6,201,47
6,201,47
6,201,47
6,201,47
6,201,47
6,201,47
6,201,47
6,201,47
7,201,47
7,195,47
7,195,47
7,195,47
7,195,47
7,190,47
6,179,47
6,179,47
7,177,46
7,177,46
6,176,45
6,176,45
5,174,44
5,174,44
6,174,44
6,170,45
4,159,45
4,155,46
4,161,46
4,159,45
4,164,45
5,170,45
5,170,45
5,170,45
5,170,45
4,164,45
4,166,46
4,166,46
4,166,46
4,166,46
5,172,46
4,166,46
5,166,46
7,213,43
7,213,43
7,213,43
7,213,43
7,213,43
7,213,43
7,213,43
7,213,43
7,213,43
6,214,44
6,214,44
6,214,44
6,214,44
6,215,45
6,215,45
6,215,45
6,215,45
7,214,44
7,214,44
7,213,43
7,213,43
7,213,43
7,219,42
7,219,42
8,219,42
9,218,41
9,218,41
8,211,41
7,213,43
8,213,43
7,209,44
7,209,44
7,209,44
7,209,44
7,213,43
7,213,43
7,213,43
7,213,43
7,213,43
7,213,43
7,214,44
6,214,44
6,214,44
7,214,44
7,209,44
7,209,44
7,209,44
7,209,44
7,209,44
7,209,44
7,209,44
7,209,44
7,214,44
7,209,44
7,209,44
6,210,45
6,211,46
6,202,48
6,202,48
6,202,48
6,206,47
6,205,46
6,205,46
6,205,46
6,205,46
6,205,46
7,211,46
7,210,45
8,215,45
8,221,45
8,226,44
8,226,44
8,226,44
8,226,44
8,221,45
8,221,45
7,216,46
6,211,46
7,211,46
6,206,47
6,206,47
6,206,47
6,205,46
6,211,46
6,210,45
6,210,45
6,205,46
6,205,46
6,201,47
6,201,47
6,201,47
6,201,47
6,201,47
6,201,47
6,201,47
6,201,47
6,201,47
6,202,48
6,202,48
6,198,49
6,198,49
6,198,49
6,198,49
6,198,49
6,198,49
6,201,47
6,201,47
6,201,47
6,201,47
6,201,47
6,201,47
6,201,47
6,201,47
6,201,47
6,201,47
6,201,47
6,201,47
6,201,47
6,201,47
6,201,47
6,201,47
7,201,47
7,201,47
7,194,46
8,194,46
7,195,47
7,195,47
6,184,47
6,184,47
6,184,47
6,183,46
6,183,46
6,176,45
6,174,44
6,174,44
5,168,44
5,168,44
4,159,45
4,159,45
4,159,45
4,159,45
4,164,45
5,170,45
5,170,45
5,170,45
5,170,45
4,164,45
4,164,45
4,164,45
4,164,45
4,164,45
4,164,45
4,164,45
5,166,46
5,166,46
7,213,43
7,213,43
7,213,43
7,213,43
7,213,43
7,213,43
8,213,42
7,213,43
7,213,43
7,213,43
7,213,43
6,214,44
6,214,44
6,215,45
6,215,45
6,210,45
6,210,45
6,210,45
7,214,44
7,214,44
7,213,43
7,213,43
7,213,43
8,213,42
8,219,42
8,219,42
9,218,41
9,218,41
9,218,41
7,213,43
8,213,43
7,209,44
7,209,44
7,209,44
7,213,43
7,213,43
7,213,43
7,213,43
7,213,43
7,213,43
7,213,43
7,214,44
6,214,44
6,214,44
7,214,44
7,209,44
7,209,44
7,209,44
7,209,44
7,209,44
7,209,44
8,214,44
7,214,44
7,214,44
7,214,44
7,209,44
6,210,45
6,210,45
6,206,47
6,206,47
7,206,47
6,206,47
6,206,47
6,205,46
7,211,46
7,211,46
7,211,46
7,211,46
7,210,45
8,215,45
8,221,45
8,221,45
8,220,44
8,226,44
8,226,44
8,220,44
8,220,44
7,215,45
7,216,46
6,211,46
6,206,47
6,206,47
6,206,47
6,205,46
6,205,46
6,211,46
6,205,46
6,205,46
6,206,47
6,206,47
6,201,47
6,201,47
6,201,47
6,201,47
6,201,47
6,201,47
6,202,48
6,202,48
6,202,48
6,202,48
6,198,49
6,198,49
6,198,49
6,198,49
6,198,49
6,198,49
6,197,48
7,201,47
6,201,47
6,201,47
6,201,47
6,201,47
6,201,47
6,201,47
6,201,47
6,201,47
6,201,47
6,201,47
6,201,47
6,201,47
6,201,47
6,201,47
7,201,47
7,201,47
7,201,47
7,201,47
7,195,47
7,195,47
7,190,47
6,184,47
6,184,47
6,184,47
6,183,46
6,176,45
6,176,45
6,176,45
5,168,44
5,168,44
4,162,44
4,162,44
4,160,43
5,166,43
5,166,43
6,174,44
6,174,44
6,174,44
5,170,45
5,170,45
5,170,45
4,164,45
5,170,45
5,168,44
5,168,44
5,170,45
5,170,45
5,166,46
6,166,46
7,213,43
7,213,43
7,213,43
7,213,43
7,213,43
7,213,43
8,213,42
8,213,42
7,213,43
7,213,43
7,213,43
7,213,43
6,214,44
6,214,44
6,215,45
6,210,45
6,205,46
6,206,47
6,210,45
7,214,44
7,214,44
7,214,44
7,213,43
7,213,43
7,213,43
8,219,42
8,219,42
8,219,42
9,218,41
8,219,43
8,219,43
7,213,43
7,213,43
7,213,43
7,213,43
7,213,43
7,213,43
7,213,43
7,213,43
7,213,43
7,213,43
7,213,43
7,213,43
7,214,44
7,214,44
7,214,44
7,214,44
7,214,44
8,214,44
8,214,44
8,214,44
8,214,44
8,214,44
7,214,44
7,214,44
7,214,44
7,209,44
6,210,45
6,210,45
6,205,46
6,206,47
6,206,47
6,206,47
6,206,47
7,212,47
7,211,46
7,211,46
7,211,46
7,211,46
7,211,46
8,215,45
8,221,45
8,221,45
8,221,45
8,220,44
8,220,44
8,220,44
8,220,44
7,215,45
6,211,46
6,206,47
6,206,47
6,206,47
6,206,47
6,206,47
6,206,47
6,205,46
6,205,46
6,206,47
6,206,47
6,206,47
6,201,47
6,201,47
6,202,48
6,202,48
6,202,48
6,202,48
6,202,48
6,202,48
6,202,48
6,198,49
6,198,49
6,198,49
6,198,49
6,198,49
6,198,49
6,197,48
6,197,48
6,197,48
6,201,47
6,201,47
6,201,47
6,201,47
6,201,47
6,201,47
6,201,47
6,201,47
6,201,47
6,201,47
6,201,47
6,201,47
6,201,47
6,201,47
6,201,47
6,201,47
7,201,47
7,201,47
7,201,47
7,195,47
7,195,47
6,184,47
6,184,47
6,184,47
6,184,47
6,177,46
6,176,45
6,176,45
5,168,44
5,168,44
4,168,44
4,166,43
5,172,43
5,172,43
5,172,43
5,172,43
5,172,43
6,174,44
6,174,44
6,174,44
5,168,44
5,170,45
5,168,44
4,168,44
4,168,44
5,170,45
5,170,45
5,164,45
6,166,46
5,163,47
7,213,43
7,213,43
7,213,43
7,213,43
8,213,42
8,213,42
8,211,41
8,213,42
8,213,42
8,213,42
7,213,43
7,213,43
7,213,43
7,213,43
6,214,44
7,215,45
6,211,46
6,201,47
6,201,47
6,201,47
6,210,45
7,214,44
7,214,44
6,214,44
6,214,44
7,214,44
7,213,43
7,213,43
7,213,43
8,219,43
8,219,43
7,213,43
7,213,43
7,213,43
7,213,43
7,213,43
7,213,43
7,213,43
7,213,43
7,213,43
7,213,43
7,213,43
7,213,43
7,213,43
7,213,43
7,214,44
7,214,44
7,214,44
7,214,44
8,214,44
9,220,44
8,221,45
8,214,44
7,214,44
7,214,44
7,214,44
7,209,44
6,210,45
6,210,45
6,211,46
6,205,46
6,206,47
6,206,47
6,206,47
6,206,47
7,212,47
7,212,47
7,212,47
7,212,47
7,211,46
7,211,46
8,215,45
7,215,45
7,215,45
6,210,45
7,215,45
7,214,44
7,214,44
7,214,44
6,210,45
6,211,46
6,211,46
6,206,47
6,206,47
6,206,47
6,206,47
6,206,47
6,206,47
6,206,47
6,201,47
6,201,47
6,201,47
6,202,48
6,202,48
6,202,48
6,202,48
6,202,48
6,202,48
6,202,48
6,202,48
6,202,48
6,198,49
6,198,49
6,198,49
6,198,49
6,198,49
6,198,49
6,198,49
6,197,48
6,197,48
6,197,48
7,201,47
7,201,47
6,201,47
6,201,47
6,201,47
6,201,47
6,201,47
6,201,47
6,201,47
6,201,47
6,201,47
6,201,47
6,201,47
6,201,47
7,201,47
7,201,47
7,201,47
7,201,47
7,201,47
7,195,47
7,195,47
6,184,47
6,184,47
5,179,47
5,179,47
6,176,45
5,170,45
5,168,44
5,168,44
4,168,44
5,172,43
5,172,43
5,172,43
5,170,42
5,170,42
5,172,43
6,172,43
6,172,43
6,172,43
6,174,44
5,168,44
5,168,44
4,168,44
4,168,44
5,170,45
5,170,45
5,170,45
5,166,46
5,163,47
6,163,47
7,213,43
7,213,43
7,219,42
7,219,42
7,219,42
8,218,41
8,218,41
7,219,42
8,213,42
7,213,43
7,213,43
7,213,43
7,213,43
6,214,44
6,214,44
7,209,44
6,211,46
6,202,48
6,197,48
6,193,49
6,201,47
6,210,45
7,214,44
6,214,44
6,214,44
6,214,44
6,214,44
6,214,44
7,213,43
7,213,43
7,213,43
7,213,43
7,213,43
7,213,43
7,213,43
7,213,43
7,213,43
7,213,43
7,213,43
7,213,43
7,213,43
7,213,43
7,213,43
7,213,43
7,213,43
7,213,43
7,213,43
7,214,44
8,214,44
8,221,45
8,221,45
8,221,45
8,215,45
8,215,45
6,210,45
6,210,45
6,210,45
6,210,45
6,210,45
6,205,46
6,205,46
6,206,47
7,207,48
6,207,48
7,213,48
7,212,47
8,217,47
8,217,47
8,212,47
8,212,47
7,211,46
7,210,45
7,215,45
6,210,45
6,210,45
6,210,45
6,210,45
6,210,45
6,210,45
6,211,46
6,205,46
6,205,46
6,206,47
6,206,47
6,206,47
6,206,47
6,201,47
6,206,47
6,202,48
6,202,48
6,202,48
6,202,48
6,202,48
6,202,48
6,197,48
6,202,48
6,202,48
6,202,48
6,202,48
6,202,48
6,198,49
6,198,49
6,198,49
6,198,49
6,198,49
6,198,49
6,198,49
6,198,49
6,198,49
6,197,48
6,197,48
6,197,48
6,197,48
6,201,47
6,201,47
6,201,47
6,201,47
6,201,47
6,201,47
6,201,47
6,201,47
6,201,47
6,201,47
6,201,47
6,201,47
7,201,47
7,201,47
6,201,47
6,201,47
6,201,47
7,201,47
7,195,47
6,186,48
6,186,48
5,179,47
5,179,47
6,176,45
5,170,45
5,170,45
5,168,44
5,168,44
6,172,43
6,172,43
5,170,42
5,170,42
6,174,41
8,174,41
7,176,42
6,172,43
6,172,43
6,172,43
6,174,44
5,174,44
5,174,44
4,168,44
5,170,45
5,170,45
5,170,45
5,166,46
5,166,46
5,163,47
7,213,43
7,213,43
7,213,43
7,219,42
7,219,42
7,219,42
7,219,42
7,219,42
7,219,42
7,219,42
7,213,43
7,213,43
7,213,43
7,214,44
6,214,44
7,214,44
7,209,44
6,210,45
6,201,47
6,194,50
6,185,51
6,193,49
6,201,47
6,210,45
6,214,44
6,214,44
6,214,44
6,214,44
6,214,44
7,214,44
7,214,44
7,214,44
7,214,44
7,214,44
7,214,44
7,213,43
7,213,43
7,213,43
7,213,43
7,213,43
7,213,43
7,213,43
7,213,43
7,213,43
7,213,43
7,213,43
7,213,43
7,213,43
7,214,44
7,214,44
8,221,45
8,221,45
8,221,45
8,215,45
7,215,45
7,215,45
6,210,45
6,210,45
6,210,45
6,210,45
6,205,46
6,205,46
6,201,47
6,202,48
7,207,48
7,213,48
7,212,47
8,217,47
8,217,47
7,212,47
7,211,46
7,211,46
7,210,45
6,210,45
6,210,45
6,210,45
6,210,45
6,210,45
6,210,45
6,210,45
6,205,46
6,205,46
6,205,46
6,206,47
6,206,47
6,206,47
6,206,47
6,202,48
6,206,47
6,202,48
6,202,48
6,202,48
6,202,48
6,202,48
6,202,48
6,198,49
6,198,49
6,202,48
6,202,48
6,202,48
6,202,48
6,198,49
6,198,49
6,198,49
6,198,49
6,198,49
6,198,49
6,198,49
6,198,49
6,198,49
6,198,49
6,198,49
6,197,48
6,197,48
6,197,48
6,197,48
6,201,47
6,201,47
6,201,47
6,201,47
6,201,47
6,201,47
6,201,47
6,201,47
6,201,47
6,197,48
6,197,48
6,197,48
6,201,47
6,201,47
6,201,47
6,201,47
7,195,47
6,186,48
5,181,48
5,181,48
5,179,47
6,176,45
5,170,45
5,170,45
5,170,45
5,168,44
6,172,43
6,172,43
5,170,42
7,172,40
8,172,40
8,172,40
8,172,40
8,174,41
7,176,42
5,172,43
5,172,43
5,174,44
5,174,44
5,174,44
5,168,44
5,174,44
5,170,45
5,170,45
5,166,46
5,166,46
5,163,47
7,213,43
7,213,43
7,213,43
7,219,42
7,219,42
7,219,42
7,219,42
7,219,42
7,219,42
7,219,42
7,213,43
7,213,43
7,213,43
7,213,43
7,214,44
6,214,44
6,214,44
6,214,44
6,214,44
6,210,45
6,194,50
6,185,51
6,193,49
6,201,47
6,210,45
6,214,44
6,214,44
6,214,44
6,214,44
6,214,44
6,214,44
7,214,44
7,214,44
7,209,44
7,209,44
7,214,44
7,214,44
7,214,44
7,213,43
7,213,43
7,213,43
7,214,44
7,214,44
7,214,44
7,214,44
7,213,43
7,213,43
7,213,43
7,213,43
7,213,43
7,214,44
8,221,45
8,221,45
8,215,45
7,215,45
6,210,45
6,210,45
6,210,45
6,210,45
6,210,45
6,210,45
6,211,46
6,205,46
6,201,47
6,202,48
7,207,48
6,206,47
7,212,47
7,211,46
7,211,46
7,211,46
7,210,45
7,210,45
7,210,45
6,210,45
6,210,45
6,210,45
6,210,45
6,210,45
6,210,45
6,210,45
6,205,46
6,205,46
6,205,46
6,205,46
6,206,47
6,206,47
6,206,47
6,206,47
6,206,47
6,206,47
6,202,48
6,202,48
6,202,48
6,203,49
6,203,49
6,198,49
6,198,49
6,202,48
6,202,48
6,198,49
6,198,49
6,198,49
6,198,49
6,198,49
6,198,49
6,198,49
6,198,49
6,198,49
6,198,49
6,198,49
6,198,49
6,198,49
6,198,49
6,198,49
6,197,48
6,197,48
6,197,48
6,197,48
6,201,47
6,201,47
6,201,47
6,201,47
6,197,48
6,197,48
6,197,48
6,197,48
6,197,48
6,197,48
6,197,48
6,201,47
6,201,47
6,201,47
6,201,47
6,184,47
6,186,48
6,181,48
5,179,47
6,177,46
6,176,45
5,170,45
5,170,45
5,170,45
6,172,43
6,172,43
6,176,42
7,172,40
8,172,40
8,172,40
8,172,40
8,174,41
8,174,41
6,176,42
5,172,43
5,172,43
5,174,44
5,174,44
5,174,44
5,174,44
5,170,45
5,170,45
5,166,46
5,166,46
5,163,47
5,163,47
7,213,43
7,213,43
7,219,42
7,219,42
7,219,42
7,219,42
7,219,42
7,219,42
7,219,42
7,219,42
7,219,42
7,213,43
7,213,43
7,213,43
7,214,44
7,214,44
6,214,44
6,214,44
6,214,44
6,210,45
6,205,46
6,195,47
6,201,47
6,205,46
6,210,45
6,214,44
6,214,44
6,214,44
6,214,44
6,214,44
6,214,44
7,214,44
6,210,45
6,210,45
6,210,45
6,210,45
7,215,45
6,214,44
6,214,44
6,214,44
7,214,44
7,214,44
7,209,44
7,209,44
7,209,44
7,209,44
7,214,44
7,213,43
7,213,43
7,214,44
7,214,44
7,215,45
7,215,45
7,215,45
6,210,45
6,210,45
6,210,45
6,210,45
6,210,45
6,210,45
6,210,45
6,210,45
6,211,46
6,205,46
6,201,47
6,205,46
6,205,46
6,205,46
7,211,46
7,210,45
7,210,45
7,210,45
7,210,45
7,209,44
7,209,44
6,210,45
7,209,44
6,210,45
6,210,45
6,210,45
6,210,45
6,211,46
6,205,46
6,205,46
6,205,46
6,205,46
6,205,46
6,206,47
6,206,47
6,206,47
6,206,47
6,202,48
6,202,48
6,198,49
6,198,49
6,198,49
6,198,49
6,198,49
6,198,49
6,198,49
6,198,49
6,198,49
6,198,49
6,198,49
6,198,49
8,208,49
8,208,49
6,198,49
6,198,49
6,198,49
6,198,49
6,198,49
6,198,49
6,198,49
6,198,49
6,198,49
6,198,49
6,198,49
6,198,49
6,197,48
6,197,48
6,197,48
6,197,48
6,197,48
6,197,48
6,197,48
6,197,48
6,197,48
6,197,48
6,197,48
6,201,47
6,201,47
6,201,47
7,201,47
7,190,47
6,184,47
6,179,47
5,179,47
6,177,46
6,176,45
5,170,45
5,170,45
5,170,45
6,174,44
6,172,43
7,176,42
8,174,41
8,172,40
8,172,40
8,172,40
8,172,40
8,174,41
6,176,42
6,172,43
5,172,43
5,172,43
5,174,44
5,174,44
5,174,44
5,168,44
5,170,45
5,166,46
5,166,46
5,163,47
5,163,47
7,213,43
7,213,43
7,213,43
7,213,42
7,219,42
7,219,42
7,213,43
7,213,43
7,213,43
7,213,43
7,219,42
7,219,42
7,219,42
7,213,43
7,209,44
7,209,44
7,214,44
7,214,44
6,214,44
6,214,44
6,210,45
6,210,45
6,200,46
6,201,47
6,205,46
6,210,45
6,210,45
6,214,44
6,214,44
6,214,44
6,214,44
7,209,44
6,210,45
6,210,45
6,210,45
6,210,45
6,210,45
6,210,45
6,215,45
6,215,45
6,214,44
6,214,44
6,210,45
6,210,45
6,210,45
7,209,44
7,209,44
7,214,44
7,214,44
7,214,44
7,214,44
7,214,44
7,215,45
7,215,45
7,215,45
6,210,45
6,210,45
6,210,45
6,210,45
6,210,45
6,210,45
6,210,45
6,210,45
6,210,45
6,205,46
6,205,46
6,205,46
6,205,46
6,205,46
7,204,45
7,210,45
7,210,45
7,204,45
7,203,44
7,203,44
7,209,44
7,209,44
7,209,44
6,210,45
6,210,45
6,210,45
6,210,45
6,210,45
6,205,46
6,205,46
6,205,46
6,205,46
6,205,46
6,206,47
6,206,47
6,206,47
6,202,48
6,202,48
6,202,48
6,198,49
5,199,50
5,200,51
5,199,50
5,199,50
6,198,49
6,198,49
6,198,49
6,198,49
7,203,49
7,203,49
8,208,49
8,208,49
8,208,49
8,208,49
6,198,49
6,198,49
6,198,49
6,198,49
6,198,49
6,198,49
6,198,49
6,198,49
6,198,49
6,198,49
6,198,49
6,198,49
6,198,49
6,197,48
6,197,48
6,197,48
6,197,48
6,197,48
6,197,48
6,197,48
6,197,48
7,201,47
6,201,47
6,201,47
7,200,46
7,201,47
7,195,47
6,184,47
6,184,47
6,184,47
6,177,46
6,176,45
6,176,45
6,170,45
6,170,45
5,170,45
6,174,44
6,172,43
7,176,42
8,174,41
8,172,40
8,172,40
8,172,40
8,174,41
7,176,42
6,172,43
6,172,43
6,172,43
6,172,43
6,174,44
5,174,44
5,168,44
6,170,45
5,166,46
5,166,46
4,161,46
5,163,47
5,163,47
7,208,43
7,208,43
7,208,43
7,213,43
7,213,43
7,213,43
7,213,43
7,213,43
7,213,43
7,213,43
7,213,43
7,219,42
7,219,42
7,219,42
7,213,43
7,213,43
7,214,44
6,214,44
6,214,44
6,214,44
6,214,44
6,209,44
6,210,45
6,205,46
6,205,46
6,205,46
6,205,46
6,210,45
6,215,45
6,214,44
6,214,44
6,215,45
6,210,45
6,210,45
6,210,45
6,210,45
6,211,46
6,211,46
6,210,45
6,210,45
6,210,45
6,215,45
6,215,45
6,210,45
6,210,45
6,210,45
6,210,45
6,210,45
7,209,44
7,214,44
7,214,44
7,214,44
7,214,44
7,214,44
6,214,44
6,214,44
6,210,45
6,210,45
6,210,45
6,210,45
6,210,45
6,210,45
6,210,45
6,210,45
6,210,45
6,211,46
6,205,46
6,205,46
6,205,46
7,204,45
6,203,44
6,203,44
6,203,44
7,203,44
7,203,44
7,203,44
7,203,44
7,204,45
7,210,45
6,210,45
6,210,45
6,210,45
6,210,45
6,210,45
6,205,46
6,205,46
6,205,46
6,205,46
6,205,46
6,205,46
6,206,47
6,206,47
6,206,47
6,202,48
5,203,49
5,200,51
5,200,51
5,200,51
5,199,50
5,199,50
6,198,49
6,198,49
6,198,49
6,198,49
7,203,49
8,208,49
8,208,49
8,208,49
8,208,49
8,208,49
8,208,49
6,198,49
6,198,49
6,198,49
6,198,49
6,198,49
6,198,49
6,198,49
6,198,49
6,198,49
6,198,49
6,198,49
6,198,49
6,198,49
6,197,48
6,197,48
6,197,48
6,197,48
6,197,48
6,197,48
6,197,48
7,201,47
7,201,47
7,201,47
7,200,46
7,201,47
7,195,47
7,190,47
6,184,47
6,184,47
6,177,46
6,177,46
6,176,45
6,176,45
6,176,45
6,176,45
6,176,45
6,172,43
7,176,42
7,176,42
8,172,40
8,172,40
8,172,40
8,174,41
6,172,43
6,172,43
6,172,43
6,172,43
6,172,43
6,174,44
6,174,44
5,168,44
5,164,45
5,166,46
5,166,46
4,161,46
5,163,47
5,163,47
4,157,47
7,208,43
7,208,43
7,208,43
7,213,43
7,213,43
7,213,42
7,213,43
7,213,43
7,213,43
7,213,43
7,213,43
7,219,42
7,219,42
7,219,42
7,213,43
7,213,43
7,213,43
7,214,44
6,214,44
6,214,44
6,214,44
6,210,45
6,210,45
6,204,45
6,205,46
6,205,46
6,205,46
6,210,45
6,210,45
6,215,45
6,214,44
6,210,45
6,211,46
6,205,46
6,205,46
6,206,47
6,202,48
6,206,47
6,206,47
6,211,46
6,211,46
6,211,46
6,210,45
6,211,46
6,205,46
6,211,46
6,210,45
6,210,45
6,210,45
7,209,44
7,214,44
7,214,44
7,214,44
7,214,44
6,214,44
6,214,44
6,214,44
6,214,44
6,210,45
6,210,45
6,210,45
6,210,45
6,210,45
6,210,45
6,210,45
6,210,45
6,204,45
6,204,45
7,204,45
7,204,45
6,203,44
6,203,44
6,202,43
6,203,44
6,203,44
7,203,44
7,203,44
7,204,45
7,204,45
6,210,45
6,210,45
6,210,45
6,205,46
6,205,46
6,205,46
6,205,46
6,205,46
6,205,46
6,205,46
6,205,46
6,205,46
6,206,47
6,202,48
6,198,49
6,198,49
5,200,51
5,200,51
6,204,50
6,204,50
5,199,50
6,203,49
6,203,49
7,203,49
6,202,48
6,202,48
8,208,49
8,208,49
8,208,49
8,208,49
8,208,49
8,208,49
6,198,49
6,198,49
6,198,49
6,198,49
6,198,49
6,198,49
6,198,49
6,198,49
6,198,49
6,198,49
6,198,49
6,198,49
6,198,49
6,197,48
6,197,48
6,197,48
6,197,48
6,197,48
6,197,48
7,201,47
7,201,47
7,201,47
7,201,47
7,200,46
7,195,47
7,195,47
7,190,47
7,184,47
7,184,47
5,179,47
6,183,46
6,177,46
6,177,46
6,177,46
6,176,45
6,176,45
6,174,44
6,172,43
7,178,43
7,176,42
8,174,41
7,176,42
6,170,42
6,172,43
6,172,43
6,172,43
6,172,43
6,172,43
6,172,43
5,168,44
5,168,44
5,164,45
5,166,46
5,166,46
5,163,47
5,163,47
5,163,47
4,157,47
7,208,43
7,208,43
6,202,43
7,208,43
7,208,43
7,213,43
7,213,43
7,213,43
7,213,43
7,213,43
7,213,43
7,219,42
7,219,42
7,219,42
7,219,42
7,213,43
7,213,43
7,213,43
7,213,43
7,214,44
7,214,44
6,210,45
6,210,45
6,210,45
6,210,45
6,210,45
6,210,45
6,210,45
6,210,45
6,210,45
6,211,46
7,216,46
6,211,46
7,211,46
6,205,46
6,202,48
6,198,49
6,198,49
6,198,49
6,206,47
6,211,46
6,211,46
6,211,46
6,211,46
6,211,46
6,205,46
6,205,46
6,211,46
6,211,46
6,210,45
6,210,45
6,210,45
6,210,45
6,210,45
6,210,45
6,214,44
6,214,44
6,214,44
6,214,44
6,214,44
6,210,45
6,210,45
6,210,45
6,210,45
6,210,45
6,210,45
6,210,45
6,204,45
6,204,45
6,204,45
6,203,44
6,202,43
6,202,43
6,202,43
6,202,43
6,202,43
6,202,43
6,203,44
7,204,45
7,204,45
7,204,45
6,205,46
6,205,46
6,205,46
6,205,46
6,205,46
6,205,46
6,205,46
6,205,46
6,205,46
6,205,46
6,205,46
6,206,47
6,206,47
6,202,48
6,198,49
5,200,51
5,199,50
6,203,49
6,203,49
6,203,49
6,202,48
6,202,48
6,202,48
6,202,48
6,202,48
8,207,48
8,208,49
8,208,49
8,208,49
8,208,49
7,203,49
6,198,49
6,198,49
6,198,49
6,198,49
6,198,49
6,198,49
6,198,49
6,198,49
6,198,49
6,198,49
6,198,49
6,198,49
6,198,49
6,197,48
6,197,48
6,197,48
6,197,48
6,197,48
6,201,47
6,201,47
6,201,47
7,201,47
7,201,47
7,195,47
7,195,47
7,190,47
7,191,48
7,186,48
7,186,48
7,184,47
6,184,47
6,183,46
6,183,46
6,177,46
6,177,46
6,176,45
6,176,45
6,176,45
6,172,43
6,172,43
6,172,43
6,172,43
6,172,43
6,172,43
6,172,43
6,172,43
6,172,43
6,172,43
5,168,44
5,168,44
5,162,44
5,164,45
5,166,46
4,161,46
5,163,47
5,163,47
5,163,47
4,157,47
4,154,48
7,203,44
6,202,43
6,202,43
6,202,43
6,202,43
6,202,43
7,213,43
7,213,43
7,213,43
7,213,43
7,213,43
7,213,43
7,219,42
7,219,42
7,219,42
7,219,42
7,213,43
7,213,43
7,213,43
7,213,43
7,214,44
7,214,44
6,210,45
6,210,45
6,210,45
6,210,45
6,210,45
6,210,45
6,211,46
6,211,46
6,211,46
6,211,46
6,211,46
7,211,46
7,211,46
7,207,48
7,203,49
6,198,49
6,198,49
6,198,49
6,206,47
6,211,46
6,211,46
6,211,46
6,215,45
6,211,46
6,211,46
6,211,46
6,211,46
6,211,46
6,211,46
6,211,46
6,210,45
6,210,45
6,210,45
6,210,45
6,210,45
6,210,45
6,214,44
6,214,44
6,214,44
6,210,45
6,210,45
6,210,45
6,210,45
6,210,45
6,210,45
6,210,45
6,203,44
6,203,44
6,203,44
6,202,43
6,202,43
6,202,43
6,202,43
6,202,43
6,202,43
6,202,43
6,203,44
6,198,45
6,198,45
6,200,46
6,200,46
6,201,47
6,201,47
6,205,46
6,205,46
6,205,46
6,205,46
6,205,46
6,205,46
6,205,46
6,205,46
6,205,46
6,205,46
6,201,47
6,203,49
6,198,49
6,203,49
6,203,49
5,203,49
6,202,48
6,207,48
6,202,48
6,202,48
6,202,48
6,202,48
6,202,48
7,202,48
8,207,48
8,208,49
7,203,49
6,198,49
6,198,49
6,198,49
6,198,49
6,198,49
6,198,49
6,198,49
6,198,49
6,198,49
6,198,49
6,198,49
6,198,49
6,197,48
6,202,48
6,201,47
6,201,47
6,201,47
6,201,47
6,197,48
6,201,47
6,201,47
7,201,47
7,201,47
7,201,47
7,195,47
7,195,47
7,191,48
7,186,48
6,181,48
6,181,48
6,181,48
6,184,47
6,184,47
6,184,47
7,177,46
6,177,46
7,177,46
6,176,45
6,176,45
6,176,45
6,174,44
6,172,43
6,172,43
6,172,43
6,172,43
6,172,43
6,172,43
6,172,43
6,168,44
6,168,44
5,162,44
4,159,45
4,161,46
4,161,46
4,157,47
4,157,47
5,163,47
5,163,47
4,157,47
5,159,48
4,154,48
6,197,44
6,202,43
6,202,43
6,202,43
6,202,43
6,202,43
7,213,43
7,213,43
7,213,43
7,213,43
7,213,43
7,213,43
7,213,43
7,219,42
7,213,43
7,213,43
7,213,43
7,213,43
7,213,43
7,213,43
7,213,43
7,214,44
6,210,45
6,210,45
6,210,45
6,210,45
7,210,45
6,210,45
6,210,45
6,210,45
7,216,46
7,216,46
7,216,46
7,216,46
7,217,47
8,213,48
6,198,49
6,198,49
6,198,49
6,198,49
6,211,46
6,211,46
6,211,46
6,211,46
6,215,45
6,211,46
6,211,46
6,211,46
6,211,46
6,211,46
6,211,46
6,211,46
6,211,46
6,210,45
6,210,45
6,210,45
6,210,45
6,214,44
6,214,44
6,214,44
6,214,44
6,214,44
6,210,45
6,210,45
6,210,45
7,209,44
7,209,44
7,209,44
6,203,44
6,203,44
6,202,43
6,202,43
6,202,43
6,202,43
6,202,43
6,202,43
6,202,43
6,202,43
6,202,43
6,197,44
6,198,45
6,200,46
6,200,46
6,201,47
6,200,46
6,205,46
6,205,46
6,205,46
6,205,46
6,205,46
6,205,46
6,205,46
6,205,46
6,205,46
6,205,46
6,201,47
6,201,47
6,198,49
5,198,49
5,203,49
6,202,48
6,201,47
6,206,47
6,201,47
6,201,47
6,201,47
6,201,47
6,202,48
6,202,48
7,202,48
7,202,48
7,203,49
6,198,49
6,198,49
6,198,49
6,198,49
6,198,49
6,198,49
6,197,48
6,197,48
6,197,48
6,197,48
6,202,48
6,201,47
6,201,47
6,201,47
6,201,47
6,201,47
6,201,47
6,197,48
6,197,48
6,197,48
6,197,48
7,195,47
7,195,47
7,195,47
7,195,47
7,197,48
7,191,48
7,187,49
6,182,49
6,181,48
7,186,48
6,186,48
6,184,47
6,184,47
6,184,47
6,184,47
6,177,46
6,177,46
6,176,45
5,170,45
5,170,45
6,174,44
6,172,43
6,172,43
6,172,43
6,172,43
6,172,43
6,172,43
6,168,44
5,162,44
4,159,45
4,159,45
4,161,46
4,157,47
4,157,47
4,157,47
5,163,47
5,163,47
5,163,47
4,157,47
5,159,48
7,203,44
6,202,43
6,202,43
6,202,43
6,202,43
6,202,43
6,202,43
7,213,43
7,213,43
7,213,43
7,213,43
7,213,43
7,213,43
7,213,43
7,213,43
7,213,43
7,213,43
7,213,43
7,213,43
7,213,43
7,213,43
7,214,44
7,214,44
7,209,44
6,210,45
6,210,45
6,210,45
6,210,45
6,210,45
6,210,45
7,216,46
7,216,46
7,216,46
7,216,46
7,216,46
7,217,47
7,218,48
7,213,49
7,208,49
7,208,49
6,206,47
6,211,46
6,211,46
6,211,46
6,211,46
6,215,45
6,215,45
6,211,46
6,211,46
6,211,46
6,211,46
6,211,46
6,211,46
6,211,46
6,211,46
6,210,45
6,210,45
6,210,45
6,214,44
6,214,44
6,214,44
6,214,44
6,214,44
6,210,45
6,210,45
7,209,44
7,209,44
7,209,44
7,209,44
6,203,44
6,202,43
6,203,44
6,203,44
7,203,44
6,202,43
6,202,43
6,202,43
6,202,43
6,202,43
6,202,43
5,197,44
6,198,45
6,200,46
6,200,46
6,200,46
6,200,46
6,200,46
6,205,46
6,205,46
6,205,46
6,205,46
6,205,46
6,204,45
6,204,45
6,205,46
6,205,46
6,200,46
6,201,47
6,195,47
5,195,47
6,195,47
6,195,47
6,201,47
6,200,46
6,200,46
6,205,46
6,205,46
7,205,46
7,205,46
6,201,47
6,201,47
6,201,47
7,202,48
6,197,48
6,197,48
6,198,49
6,198,49
6,197,48
6,197,48
6,197,48
6,197,48
6,197,48
6,201,47
6,201,47
6,201,47
6,201,47
6,201,47
6,201,47
6,201,47
6,201,47
6,197,48
6,197,48
6,197,48
6,197,48
6,197,48
7,195,47
7,195,47
7,195,47
7,197,48
7,191,48
6,193,49
7,187,49
7,191,48
7,191,48
6,191,48
6,190,47
7,190,47
7,191,48
6,184,47
6,186,48
5,179,47
6,177,46
5,170,45
5,170,45
5,170,45
6,174,44
6,172,43
6,172,43
6,172,43
6,172,43
5,168,44
6,168,44
4,162,44
5,164,45
4,159,45
4,161,46
4,157,47
4,157,47
4,157,47
5,163,47
4,161,46
5,163,47
5,163,47
5,163,47
5,163,47
6,202,43
6,200,42
6,200,42
7,199,41
6,200,42
6,202,43
6,202,43
7,213,43
7,213,43
7,213,43
7,213,43
7,213,43
7,213,43
7,213,43
7,213,43
7,213,43
7,213,43
7,213,43
7,213,43
7,213,43
7,213,43
7,213,43
7,214,44
7,214,44
7,214,44
7,214,44
7,215,45
7,215,45
7,215,45
7,215,45
7,216,46
7,216,46
7,216,46
8,222,46
8,222,46
7,222,47
7,218,48
6,219,49
7,213,49
6,213,48
6,212,47
6,211,46
6,211,46
6,215,45
6,215,45
6,215,45
6,215,45
6,211,46
6,211,46
6,211,46
6,211,46
6,211,46
6,211,46
6,211,46
6,211,46
6,210,45
6,210,45
6,214,44
6,214,44
6,214,44
6,214,44
6,214,44
7,214,44
7,209,44
7,209,44
7,209,44
7,209,44
6,203,44
6,203,44
6,203,44
6,202,43
6,203,44
6,204,45
7,198,45
6,198,45
6,197,44
6,197,44
6,202,43
6,202,43
5,197,44
6,198,45
6,198,45
6,200,46
6,200,46
6,194,46
6,200,46
6,200,46
6,200,46
6,200,46
6,200,46
6,200,46
6,200,46
5,198,45
5,198,45
6,198,45
6,200,46
6,200,46
6,200,46
6,195,47
6,195,47
6,195,47
5,190,47
6,194,46
6,194,46
6,200,46
6,200,46
6,198,45
6,198,45
7,205,46
7,200,46
6,201,47
6,201,47
6,201,47
6,195,47
6,195,47
6,197,48
5,191,48
6,197,48
6,197,48
7,195,47
7,195,47
7,201,47
6,201,47
6,201,47
6,201,47
6,201,47
6,201,47
6,201,47
6,201,47
6,197,48
6,197,48
6,198,49
6,198,49
6,198,49
6,197,48
7,195,47
7,195,47
7,195,47
6,197,48
7,197,48
6,193,49
6,193,49
7,191,48
6,197,48
6,197,48
6,197,48
6,197,48
6,191,48
6,191,48
7,191,48
6,186,48
5,179,47
5,174,47
5,172,46
5,170,45
5,170,45
5,168,44
6,174,44
6,172,43
5,168,44
6,168,44
5,162,44
4,164,45
4,164,45
4,159,45
4,161,46
4,161,46
4,157,47
4,157,47
5,163,47
4,161,46
5,166,46
5,166,46
5,166,46
4,161,46
7,208,43
6,200,42
6,200,42
7,199,41
7,199,41
7,199,41
6,200,42
6,202,43
7,213,43
7,213,43
7,213,43
7,213,43
7,213,43
7,213,43
7,213,43
7,213,43
7,213,43
7,213,43
7,213,43
7,213,43
7,213,43
7,213,43
7,213,43
7,214,44
7,214,44
7,214,44
7,214,44
7,214,44
7,215,45
8,221,45
8,215,45
8,216,46
8,216,46
8,222,46
8,222,46
8,222,46
7,223,48
7,223,48
7,218,48
6,213,48
6,213,48
6,212,47
6,211,46
6,215,45
6,215,45
6,215,45
6,215,45
6,215,45
6,211,46
6,211,46
6,211,46
6,211,46
6,211,46
6,211,46
6,211,46
6,210,45
6,210,45
6,214,44
6,214,44
6,214,44
6,214,44
6,214,44
7,214,44
7,209,44
7,209,44
7,209,44
7,208,43
6,202,43
6,203,44
6,202,43
6,202,43
6,202,43
6,203,44
6,204,45
6,200,46
5,194,46
5,193,45
5,193,45
6,197,44
6,197,44
6,197,44
5,193,45
6,198,45
5,194,46
6,194,46
6,195,47
6,201,47
5,194,46
5,194,46
5,194,46
5,194,46
5,194,46
5,194,46
5,194,46
6,198,45
6,200,46
6,200,46
6,200,46
6,194,46
6,194,46
6,194,46
6,194,46
5,188,46
5,188,46
6,194,46
6,193,45
6,197,44
6,198,45
6,198,45
6,198,45
7,205,46
7,200,46
7,200,46
6,201,47
6,195,47
6,195,47
5,190,47
5,190,47
6,191,48
7,195,47
7,195,47
7,201,47
7,201,47
7,201,47
6,201,47
6,201,47
6,201,47
6,201,47
6,197,48
6,197,48
6,197,48
6,198,49
6,198,49
6,198,49
6,198,49
6,198,49
6,197,48
6,197,48
6,197,48
6,197,48
7,197,48
7,197,48
7,191,48
6,197,48
6,197,48
6,197,48
6,197,48
6,197,48
7,191,48
7,191,48
7,191,48
6,186,48
6,186,48
5,174,47
5,174,47
5,172,46
5,172,46
5,170,45
6,168,44
6,168,44
6,168,44
6,168,44
4,162,44
4,162,44
4,164,45
4,164,45
4,164,45
4,159,45
4,161,46
4,161,46
4,161,46
4,161,46
5,166,46
5,166,46
5,166,46
5,166,46
5,163,47
7,206,42
7,206,42
7,199,41
7,205,41
7,199,41
7,199,41
6,200,42
7,208,43
7,213,43
7,213,43
7,213,43
7,213,43
7,213,43
7,213,43
7,213,43
7,214,44
7,214,44
7,214,44
7,214,44
7,213,43
7,213,43
7,214,44
7,214,44
7,214,44
7,214,44
7,214,44
8,220,44
7,214,44
8,215,45
8,221,45
8,216,46
8,222,46
8,222,46
8,222,46
7,222,47
7,223,48
7,223,48
7,223,48
7,218,48
7,218,48
7,218,48
6,212,47
6,211,46
6,211,46
6,215,45
6,215,45
6,215,45
6,215,45
6,211,46
6,211,46
6,211,46
6,211,46
6,211,46
6,211,46
6,211,46
6,210,45
7,214,44
6,214,44
6,214,44
6,214,44
6,214,44
7,214,44
7,209,44
7,209,44
7,209,44
7,208,43
7,208,43
6,203,44
7,203,44
6,203,44
6,203,44
6,203,44
6,203,44
6,204,45
5,194,46
5,194,46
5,194,46
5,193,45
5,193,45
6,198,45
6,198,45
6,193,45
6,200,46
7,200,46
6,201,47
6,201,47
6,201,47
6,200,46
5,194,46
5,194,46
5,194,46
5,194,46
5,194,46
5,194,46
5,194,46
6,194,46
7,200,46
6,200,46
6,194,46
6,194,46
6,194,46
6,194,46
5,188,46
6,194,46
6,193,45
6,191,44
6,197,44
7,197,44
6,198,45
7,198,45
7,198,45
7,198,45
7,200,46
7,200,46
6,195,47
6,195,47
5,190,47
5,190,47
6,191,48
7,195,47
7,195,47
7,201,47
7,201,47
7,201,47
6,201,47
6,201,47
6,201,47
6,197,48
6,197,48
6,197,48
6,198,49
6,198,49
6,198,49
6,198,49
6,198,49
6,198,49
6,198,49
6,197,48
6,197,48
6,197,48
6,197,48
6,197,48
6,197,48
6,197,48
6,197,48
6,197,48
6,197,48
6,197,48
6,197,48
6,197,48
6,191,48
6,186,48
5,181,48
5,179,47
5,174,47
5,174,47
5,174,47
5,172,46
6,170,45
6,168,44
6,168,44
4,162,44
4,162,44
4,164,45
4,164,45
4,164,45
4,164,45
4,164,45
5,164,45
4,161,46
4,161,46
5,166,46
5,166,46
5,166,46
5,166,46
5,166,46
4,161,46
8,213,42
6,206,42
7,205,41
7,205,41
7,205,41
7,205,41
6,200,42
7,208,43
7,213,43
7,213,43
7,213,43
7,213,43
7,213,43
7,213,43
6,214,44
7,214,44
7,214,44
7,209,44
7,214,44
7,214,44
7,214,44
6,214,44
6,214,44
6,214,44
7,214,44
8,220,44
8,220,44
8,220,44
8,220,44
8,221,45
8,221,45
8,222,46
8,222,46
8,222,46
8,222,46
7,223,48
7,223,48
7,223,48
6,219,49
6,219,49
7,218,48
7,217,47
6,212,47
6,211,46
6,215,45
6,215,45
6,215,45
6,215,45
6,215,45
6,211,46
6,211,46
6,211,46
6,211,46
6,211,46
6,210,45
6,210,45
6,210,45
7,214,44
7,214,44
6,214,44
7,214,44
7,214,44
7,214,44
7,209,44
7,209,44
7,209,44
7,208,43
7,208,43
6,203,44
6,197,44
6,197,44
6,197,44
7,203,44
7,203,44
7,204,45
5,193,45
5,194,46
5,194,46
5,193,45
5,193,45
5,193,45
6,198,45
6,194,46
7,200,46
6,201,47
6,201,47
6,201,47
6,201,47
6,200,46
6,200,46
6,200,46
5,194,46
5,194,46
5,194,46
5,194,46
6,195,47
6,201,47
7,200,46
6,200,46
7,200,46
7,198,45
7,204,45
7,204,45
6,193,45
6,193,45
6,193,45
6,193,45
6,191,44
6,193,45
7,198,45
7,198,45
7,198,45
7,198,45
7,200,46
6,194,46
6,195,47
6,195,47
5,190,47
5,191,48
6,191,48
6,197,48
6,197,48
7,195,47
7,201,47
7,201,47
7,201,47
7,201,47
7,195,47
6,197,48
6,197,48
6,198,49
6,198,49
6,198,49
6,198,49
6,198,49
6,198,49
6,198,49
6,194,50
6,194,50
6,193,49
6,198,49
6,198,49
6,198,49
6,198,49
6,198,49
6,198,49
6,197,48
6,197,48
6,197,48
6,197,48
6,197,48
6,191,48
6,187,49
5,181,48
5,181,48
5,179,47
5,179,47
5,179,47
6,179,47
6,172,46
6,172,46
6,170,45
5,164,45
5,164,45
4,164,45
4,164,45
4,164,45
4,164,45
4,164,45
5,164,45
4,161,46
4,161,46
4,161,46
4,161,46
4,161,46
5,166,46
5,166,46
4,161,46
5,163,47
8,213,42
8,211,41
8,218,41
8,211,41
7,211,41
8,213,42
7,206,42
7,213,43
7,213,43
7,213,43
6,214,44
6,214,44
6,214,44
6,214,44
6,214,44
7,214,44
7,209,44
7,209,44
7,214,44
7,214,44
6,214,44
6,214,44
6,214,44
6,214,44
7,214,44
8,220,44
8,220,44
8,220,44
8,221,45
8,221,45
8,221,45
8,222,46
8,222,46
8,222,46
7,222,47
7,218,48
6,219,49
6,219,49
6,219,49
6,219,49
7,218,48
7,217,47
7,216,46
6,211,46
6,215,45
6,215,45
6,215,45
6,215,45
6,215,45
6,211,46
6,215,45
6,215,45
7,215,45
7,215,45
7,215,45
6,210,45
7,209,44
7,213,43
7,213,43
7,213,43
7,213,43
7,214,44
7,214,44
7,214,44
7,209,44
7,209,44
7,209,44
7,209,44
6,203,44
6,198,45
6,198,45
6,198,45
6,197,44
6,198,45
6,198,45
6,198,45
5,194,46
5,194,46
5,194,46
5,194,46
5,194,46
5,194,46
6,194,46
6,201,47
6,201,47
6,201,47
6,201,47
6,201,47
6,201,47
6,205,46
6,205,46
6,200,46
5,194,46
5,194,46
6,195,47
6,195,47
6,201,47
6,201,47
7,200,46
7,200,46
7,200,46
7,198,45
7,198,45
7,198,45
7,198,45
6,193,45
6,193,45
6,187,45
6,193,45
6,188,46
7,194,46
6,193,45
6,193,45
6,193,45
6,193,45
6,194,46
6,195,47
6,195,47
6,197,48
6,197,48
6,197,48
6,197,48
6,197,48
6,197,48
7,195,47
7,195,47
6,197,48
6,197,48
6,197,48
6,197,48
6,198,49
6,198,49
6,198,49
6,198,49
6,198,49
6,198,49
6,198,49
6,194,50
6,194,50
6,194,50
6,194,50
6,194,50
6,193,49
6,193,49
6,193,49
6,193,49
6,193,49
6,193,49
6,193,49
6,193,49
6,193,49
6,193,49
6,187,49
6,186,48
5,186,48
5,186,48
5,179,47
5,179,47
5,179,47
6,179,47
6,172,46
6,172,46
6,170,45
5,164,45
4,164,45
5,168,44
5,168,44
5,168,44
5,168,44
4,164,45
5,164,45
4,161,46
4,161,46
4,161,46
4,161,46
4,161,46
4,161,46
4,161,46
5,163,47
8,213,42
8,211,41
9,218,41
9,218,41
8,213,42
8,213,42
8,213,42
7,213,43
7,213,43
7,213,43
6,214,44
6,214,44
6,214,44
6,214,44
6,214,44
7,214,44
7,209,44
6,210,45
6,210,45
7,214,44
6,214,44
6,214,44
6,214,44
6,214,44
6,214,44
7,214,44
7,214,44
8,221,45
8,221,45
8,221,45
8,222,46
8,222,46
8,222,46
8,222,46
7,222,47
7,218,48
6,219,49
6,219,49
6,219,49
6,219,49
7,218,48
7,218,48
7,217,47
6,211,46
6,211,46
6,211,46
6,211,46
6,211,46
6,211,46
6,211,46
6,211,46
6,210,45
6,210,45
6,210,45
7,214,44
7,214,44
7,213,43
7,213,43
7,213,43
8,213,43
8,213,43
7,213,43
7,213,43
7,214,44
7,214,44
7,209,44
7,209,44
6,210,45
7,209,44
6,210,45
7,204,45
7,204,45
6,198,45
6,198,45
6,198,45
6,198,45
5,193,45
5,194,46
5,194,46
5,194,46
5,194,46
5,194,46
6,201,47
6,201,47
6,201,47
6,201,47
6,201,47
6,201,47
6,206,47
6,206,47
6,205,46
6,205,46
6,205,46
6,200,46
6,201,47
6,201,47
6,201,47
6,201,47
6,201,47
6,201,47
6,201,47
7,200,46
7,200,46
7,200,46
7,198,45
7,200,46
7,200,46
6,188,46
6,188,46
6,188,46
6,188,46
6,188,46
6,188,46
7,194,46
6,194,46
6,194,46
6,195,47
6,195,47
6,195,47
6,197,48
6,197,48
6,197,48
6,198,49
6,198,49
6,198,49
6,198,49
6,198,49
6,197,48
6,197,48
6,197,48
6,198,49
6,198,49
6,198,49
6,198,49
6,198,49
6,198,49
6,198,49
6,194,50
6,194,50
6,194,50
6,194,50
6,194,50
6,194,50
6,194,50
6,194,50
6,194,50
6,194,50
6,193,49
6,193,49
6,193,49
6,193,49
6,193,49
6,193,49
6,187,49
6,187,49
5,186,48
5,186,48
6,186,48
6,184,47
6,184,47
6,179,47
7,177,46
6,172,46
6,172,46
6,170,45
5,170,45
5,168,44
5,168,44
5,168,44
5,168,44
4,164,45
4,164,45
4,164,45
5,166,46
4,161,46
4,161,46
4,161,46
4,161,46
4,161,46
4,161,46
5,163,47
8,213,42
9,218,41
9,218,41
9,218,41
8,219,42
8,213,42
7,213,43
7,213,43
7,213,43
7,213,43
6,214,44
6,214,44
6,214,44
6,214,44
6,214,44
7,214,44
7,209,44
6,210,45
6,210,45
7,214,44
6,214,44
6,214,44
6,214,44
6,214,44
6,214,44
7,214,44
7,215,45
8,221,45
8,221,45
8,222,46
8,222,46
8,222,46
8,222,46
8,222,46
7,218,48
6,219,49
6,219,49
6,219,49
6,219,49
6,219,49
6,219,49
7,218,48
7,216,46
6,211,46
6,211,46
6,211,46
6,211,46
6,211,46
6,211,46
6,210,45
6,210,45
6,210,45
7,209,44
7,214,44
7,214,44
7,213,43
7,213,43
7,213,43
7,213,43
8,213,43
8,213,43
7,213,43
7,213,43
7,214,44
7,214,44
7,209,44
6,210,45
6,210,45
6,210,45
6,210,45
6,205,46
6,205,46
6,200,46
6,198,45
6,198,45
6,198,45
5,193,45
5,194,46
5,194,46
5,194,46
5,194,46
5,195,47
6,201,47
6,201,47
6,201,47
6,201,47
6,202,48
6,206,47
6,206,47
6,206,47
6,211,46
6,211,46
6,211,46
6,205,46
6,201,47
6,201,47
6,201,47
6,201,47
6,201,47
6,201,47
6,201,47
6,201,47
7,205,46
7,205,46
7,205,46
7,200,46
7,200,46
6,188,46
6,188,46
6,188,46
6,188,46
6,188,46
6,188,46
6,188,46
7,194,46
6,194,46
6,195,47
6,195,47
6,197,48
6,197,48
6,197,48
6,198,49
6,198,49
6,198,49
6,198,49
6,198,49
6,198,49
6,197,48
6,197,48
6,198,49
6,198,49
6,198,49
6,198,49
6,198,49
6,198,49
6,199,50
6,199,50
6,199,50
6,194,50
6,194,50
6,194,50
6,194,50
6,194,50
6,194,50
6,194,50
6,194,50
6,194,50
6,194,50
6,193,49
6,193,49
6,193,49
6,198,49
6,193,49
6,193,49
5,186,48
5,186,48
5,186,48
6,186,48
6,186,48
6,184,47
6,179,47
6,179,47
7,177,46
5,172,46
6,170,45
5,170,45
5,168,44
6,168,44
6,168,44
6,168,44
5,164,45
4,164,45
4,164,45
4,164,45
4,164,45
4,164,45
4,161,46
4,161,46
4,161,46
4,157,47
4,154,48
8,219,42
9,218,41
9,218,41
9,218,41
9,218,41
8,213,42
8,213,42
7,213,43
7,213,43
7,213,43
7,213,43
7,213,43
7,213,43
6,214,44
7,214,44
7,214,44
7,209,44
7,209,44
6,210,45
6,210,45
7,214,44
7,214,44
6,214,44
6,214,44
6,214,44
7,214,44
7,214,44
7,214,44
8,221,45
8,221,45
8,221,45
8,222,46
8,222,46
8,222,46
8,222,46
6,219,49
6,219,49
6,219,49
6,219,49
6,219,49
6,219,49
6,219,49
7,218,48
7,216,46
6,211,46
6,211,46
6,211,46
6,211,46
6,211,46
6,210,45
6,210,45
6,210,45
6,210,45
7,209,44
7,214,44
7,214,44
7,213,43
7,213,43
7,213,43
7,213,43
8,213,43
8,208,43
8,214,44
7,214,44
7,209,44
7,209,44
7,209,44
6,210,45
6,210,45
6,210,45
6,211,46
6,205,46
6,205,46
6,205,46
7,204,45
7,204,45
6,198,45
5,194,46
5,194,46
5,194,46
5,195,47
5,195,47
6,201,47
6,201,47
6,201,47
6,206,47
6,206,47
6,206,47
6,206,47
6,206,47
6,211,46
6,211,46
6,211,46
6,211,46
6,211,46
6,205,46
6,201,47
6,201,47
6,201,47
6,201,47
6,201,47
7,205,46
7,205,46
7,205,46
7,205,46
7,200,46
7,200,46
5,190,47
6,188,46
6,188,46
6,188,46
6,188,46
6,188,46
6,188,46
7,194,46
7,194,46
6,195,47
6,195,47
6,201,47
6,202,48
6,202,48
6,197,48
6,198,49
6,198,49
6,198,49
6,198,49
6,198,49
6,198,49
6,198,49
6,198,49
6,198,49
6,198,49
6,198,49
6,198,49
6,198,49
6,198,49
6,199,50
6,200,51
6,200,51
6,200,51
6,194,50
6,194,50
6,194,50
6,194,50
6,194,50
6,194,50
6,194,50
6,194,50
6,194,50
6,193,49
6,193,49
6,198,49
6,198,49
6,198,49
6,191,48
6,191,48
5,186,48
5,186,48
5,186,48
6,186,48
6,186,48
6,179,47
6,179,47
5,179,47
6,177,46
6,176,45
6,176,45
5,168,44
5,168,44
5,168,44
6,170,45
5,164,45
5,164,45
4,164,45
4,164,45
4,164,45
4,164,45
4,164,45
4,164,45
4,161,46
4,157,47
4,151,49
4,151,49
9,218,41
9,218,41
9,211,41
9,211,41
8,211,41
8,213,42
7,213,43
7,213,43
7,213,43
7,213,43
7,213,43
7,213,43
7,213,43
7,213,43
7,213,43
7,214,44
7,214,44
7,209,44
7,209,44
7,209,44
7,213,43
7,213,43
7,213,43
6,214,44
6,214,44
6,214,44
7,214,44
7,214,44
8,220,44
8,221,45
8,221,45
8,222,46
8,222,46
8,222,46
8,222,46
7,223,48
6,219,49
6,219,49
6,219,49
6,219,49
6,219,49
7,218,48
6,217,47
6,216,46
7,215,45
6,210,45
6,210,45
6,210,45
6,210,45
6,210,45
6,210,45
6,210,45
7,209,44
7,214,44
7,214,44
7,213,43
7,213,43
7,213,43
7,213,43
7,213,43
7,209,44
7,209,44
7,209,44
7,209,44
7,209,44
6,210,45
6,210,45
6,210,45
6,211,46
6,211,46
6,211,46
6,211,46
6,211,46
6,205,46
7,204,45
7,204,45
7,204,45
6,200,46
5,194,46
5,195,47
6,195,47
5,195,47
6,201,47
6,206,47
6,206,47
6,206,47
6,206,47
6,206,47
6,206,47
7,212,47
6,211,46
7,211,46
6,211,46
6,211,46
6,205,46
6,206,47
6,206,47
6,206,47
6,206,47
6,206,47
6,206,47
6,206,47
6,201,47
6,201,47
6,201,47
6,201,47
6,201,47
6,195,47
6,190,47
6,190,47
6,188,46
6,188,46
6,188,46
7,194,46
7,194,46
7,195,47
6,195,47
6,201,47
6,201,47
6,201,47
6,202,48
6,202,48
6,198,49
6,198,49
6,198,49
6,198,49
6,198,49
6,198,49
6,198,49
6,198,49
6,198,49
6,198,49
6,198,49
6,198,49
6,198,49
6,199,50
5,200,51
5,200,51
5,200,51
6,200,51
6,200,51
6,199,50
6,194,50
6,194,50
6,194,50
6,194,50
6,194,50
6,199,50
6,198,49
6,198,49
6,198,49
6,198,49
6,198,49
6,198,49
6,198,49
6,197,48
6,191,48
5,186,48
5,186,48
6,186,48
6,186,48
5,181,48
6,179,47
5,179,47
6,177,46
6,176,45
6,176,45
6,176,45
6,174,44
5,170,45
5,170,45
5,164,45
4,164,45
5,170,45
4,164,45
4,164,45
4,164,45
4,164,45
4,164,45
4,161,46
4,154,48
4,148,50
4,150,51
8,219,42
9,218,41
9,218,41
9,211,41
9,211,41
9,211,41
9,213,42
7,213,43
7,213,43
7,213,43
7,213,43
7,213,43
7,213,43
7,213,43
7,213,43
7,213,43
7,213,43
7,213,43
7,213,43
7,213,43
7,213,43
7,213,43
7,213,43
7,213,43
7,213,43
6,214,44
6,214,44
6,214,44
7,220,44
7,220,44
8,227,45
8,227,45
8,221,45
8,222,46
8,222,46
8,222,46
7,222,47
7,223,48
6,223,48
6,223,48
6,223,48
6,223,48
6,223,48
6,216,46
6,215,45
6,215,45
6,210,45
6,210,45
6,210,45
6,210,45
6,210,45
7,209,44
7,209,44
7,209,44
7,214,44
7,213,43
7,213,43
7,213,43
7,213,43
7,213,43
7,213,43
7,209,44
7,209,44
7,209,44
7,209,44
6,210,45
6,210,45
6,211,46
6,211,46
6,211,46
6,211,46
6,211,46
6,205,46
6,205,46
6,205,46
7,204,45
6,205,46
6,205,46
6,200,46
6,201,47
6,201,47
6,202,48
6,201,47
6,206,47
6,206,47
6,206,47
6,206,47
6,206,47
6,206,47
7,212,47
7,212,47
7,212,47
6,206,47
6,206,47
6,211,46
6,205,46
6,206,47
6,206,47
6,205,46
6,206,47
6,206,47
6,206,47
6,206,47
6,206,47
6,206,47
6,201,47
6,201,47
6,201,47
6,195,47
7,195,47
6,190,47
6,190,47
7,194,46
7,194,46
7,200,46
7,201,47
7,195,47
7,195,47
6,201,47
6,201,47
6,202,48
6,202,48
6,202,48
6,198,49
6,198,49
6,198,49
6,198,49
6,198,49
6,198,49
6,198,49
6,198,49
6,198,49
6,198,49
6,198,49
6,198,49
5,199,50
5,199,50
5,200,51
5,200,51
5,200,51
6,200,51
6,200,51
6,200,51
5,195,51
6,194,50
6,194,50
6,194,50
6,199,50
6,198,49
6,198,49
6,198,49
6,198,49
6,198,49
6,198,49
6,193,49
6,193,49
6,193,49
6,191,48
6,191,48
5,186,48
6,187,49
6,186,48
6,181,48
6,181,48
6,179,47
5,179,47
6,177,46
6,176,45
6,176,45
6,170,45
6,170,45
5,164,45
5,164,45
5,170,45
5,170,45
5,170,45
4,164,45
4,164,45
4,164,45
4,164,45
4,164,45
3,159,48
4,153,50
4,150,51
4,155,51
8,218,41
8,218,41
9,218,41
9,218,41
9,211,41
9,211,41
8,213,43
7,213,43
7,213,43
7,213,43
7,213,43
7,213,43
7,213,43
7,213,43
7,213,43
7,213,43
7,213,43
7,213,43
7,213,43
7,213,43
7,213,43
7,213,43
7,213,43
7,213,43
7,213,43
6,214,44
6,214,44
6,214,44
6,214,44
7,220,44
8,227,45
7,221,45
8,221,45
8,222,46
8,222,46
7,222,47
7,222,47
6,223,48
6,223,48
6,223,48
7,222,47
7,222,47
7,222,46
6,215,45
6,215,45
6,214,44
6,214,44
6,214,44
7,214,44
7,209,44
7,214,44
7,214,44
7,214,44
7,213,43
7,213,43
7,213,43
7,213,43
7,213,43
7,213,43
7,209,44
7,209,44
7,209,44
6,210,45
6,210,45
6,210,45
6,210,45
6,211,46
6,211,46
6,211,46
6,211,46
6,211,46
6,211,46
6,205,46
6,205,46
6,205,46
6,205,46
6,205,46
6,205,46
6,205,46
6,205,46
6,201,47
6,201,47
6,206,47
6,206,47
6,206,47
7,212,47
7,212,47
7,212,47
6,211,46
6,211,46
6,211,46
6,211,46
7,212,47
6,211,46
6,211,46
6,211,46
6,205,46
6,205,46
6,205,46
6,206,47
6,206,47
6,206,47
6,206,47
6,206,47
6,206,47
6,201,47
6,202,48
6,202,48
6,197,48
7,195,47
7,195,47
7,195,47
7,195,47
7,200,46
6,201,47
7,201,47
7,201,47
6,201,47
6,201,47
6,202,48
6,202,48
6,202,48
6,202,48
6,197,48
6,198,49
6,198,49
6,198,49
6,198,49
6,198,49
6,198,49
6,198,49
6,198,49
6,198,49
6,198,49
6,198,49
6,198,49
5,199,50
5,200,51
5,200,51
5,200,51
5,200,51
5,200,51
6,200,51
6,200,51
6,200,51
6,200,51
6,199,50
6,199,50
6,198,49
6,198,49
6,198,49
6,198,49
6,198,49
6,194,50
6,194,50
6,194,50
6,193,49
6,193,49
6,193,49
6,193,49
6,187,49
6,187,49
5,181,48
6,181,48
6,181,48
5,179,47
6,177,46
6,177,46
6,176,45
7,176,45
6,170,45
6,170,45
6,170,45
5,170,45
5,168,44
5,170,45
5,170,45
4,164,45
4,164,45
4,164,45
4,164,45
4,161,46
3,161,49
4,156,49
4,163,50
8,218,41
8,224,41
9,217,40
9,218,41
8,211,41
9,211,41
8,213,43
7,213,43
7,213,43
7,213,43
7,213,43
7,213,43
7,213,43
7,213,43
7,213,43
7,213,43
7,213,43
7,213,43
7,213,43
7,213,43
7,213,43
7,213,43
7,213,43
6,214,44
6,214,44
6,214,44
6,214,44
6,214,44
6,214,44
7,220,44
8,227,45
7,221,45
7,221,45
7,222,46
7,216,46
7,217,47
6,223,48
7,222,47
7,222,47
7,222,47
7,222,46
7,222,46
6,215,45
6,215,45
6,215,45
6,214,44
6,214,44
6,214,44
6,214,44
6,214,44
7,214,44
7,213,43
7,213,43
7,213,43
7,213,43
7,213,43
7,213,43
7,213,43
7,213,43
7,209,44
7,209,44
6,210,45
6,210,45
6,210,45
6,210,45
6,210,45
6,206,47
6,206,47
6,206,47
6,206,47
6,211,46
6,211,46
6,205,46
6,206,47
6,205,46
6,205,46
6,205,46
6,205,46
6,205,46
6,205,46
6,205,46
6,205,46
6,211,46
6,206,47
7,212,47
7,212,47
6,211,46
6,211,46
7,216,46
7,216,46
7,216,46
6,211,46
7,212,47
7,212,47
6,211,46
6,211,46
6,205,46
6,206,47
6,206,47
6,206,47
6,206,47
6,206,47
6,206,47
6,206,47
6,206,47
6,202,48
6,202,48
6,202,48
6,202,48
6,195,47
6,195,47
6,201,47
6,201,47
6,201,47
6,201,47
6,201,47
6,201,47
6,201,47
6,201,47
6,201,47
6,202,48
6,202,48
6,197,48
6,197,48
6,198,49
6,198,49
6,198,49
6,198,49
6,198,49
6,198,49
6,198,49
6,202,48
6,202,48
6,202,48
6,203,49
5,199,50
5,199,50
5,199,50
5,200,51
5,200,51
5,200,51
5,200,51
5,200,51
5,200,51
5,200,51
5,200,51
5,200,51
5,200,51
5,199,50
6,198,49
6,198,49
6,198,49
6,194,50
6,194,50
6,194,50
6,194,50
6,194,50
6,198,49
6,198,49
6,198,49
6,191,48
6,191,48
6,186,48
6,186,48
6,186,48
6,184,47
5,179,47
6,177,46
7,177,46
7,177,46
7,177,46
6,170,45
6,170,45
6,170,45
5,168,44
5,170,45
5,170,45
4,164,45
4,164,45
4,164,45
4,164,45
4,164,45
4,161,46
4,165,48
4,167,49
7,219,42
8,218,41
9,223,40
9,217,40
9,217,40
9,218,41
8,211,41
8,213,42
7,213,43
7,213,43
7,213,43
7,213,43
7,213,43
7,213,43
7,213,43
7,213,43
7,213,43
7,213,43
7,213,43
7,213,43
7,213,43
7,213,43
7,213,43
6,214,44
6,214,44
6,214,44
6,214,44
6,214,44
6,214,44
6,214,44
6,214,44
7,221,45
7,221,45
7,221,45
6,216,46
6,212,47
6,213,48
6,218,48
6,217,47
7,222,46
7,222,46
7,221,45
6,215,45
6,215,45
6,215,45
6,215,45
6,214,44
6,214,44
6,214,44
6,214,44
6,214,44
7,214,44
7,213,43
7,213,43
7,213,43
7,213,43
7,213,43
7,213,43
7,213,43
7,209,44
7,209,44
7,209,44
6,210,45
6,210,45
6,210,45
6,210,45
6,211,46
6,206,47
6,206,47
6,206,47
6,206,47
6,211,46
6,211,46
6,211,46
6,206,47
6,205,46
6,205,46
6,205,46
6,211,46
6,210,45
6,211,46
6,211,46
6,211,46
6,211,46
6,211,46
6,211,46
6,211,46
6,211,46
7,216,46
8,222,46
8,222,46
8,222,46
7,216,46
7,216,46
6,211,46
6,211,46
6,211,46
6,211,46
6,206,47
6,206,47
6,206,47
6,206,47
6,206,47
6,206,47
6,206,47
6,202,48
6,202,48
6,202,48
6,202,48
6,202,48
6,201,47
6,201,47
6,201,47
6,201,47
6,201,47
6,201,47
6,201,47
6,201,47
6,201,47
6,201,47
6,201,47
6,195,47
6,197,48
6,197,48
6,197,48
6,198,49
6,198,49
6,198,49
6,198,49
6,198,49
6,198,49
6,198,49
6,197,48
6,197,48
6,198,49
6,198,49
6,198,49
6,199,50
5,199,50
5,200,51
5,200,51
5,200,51
5,200,51
5,200,51
5,200,51
5,200,51
5,200,51
5,200,51
5,200,51
5,199,50
6,199,50
6,199,50
7,199,50
6,194,50
6,194,50
6,194,50
6,194,50
6,194,50
6,198,49
6,198,49
6,198,49
6,197,48
6,197,48
7,191,48
6,186,48
6,186,48
6,184,47
6,184,47
7,177,46
7,177,46
7,177,46
7,177,46
7,176,45
6,170,45
6,170,45
6,168,44
5,168,44
4,164,45
4,164,45
4,162,44
4,164,45
4,164,45
4,164,45
4,166,46
4,163,47
5,170,48
4,167,49
7,224,41
8,223,40
8,223,40
9,223,40
9,217,40
9,217,40
8,211,41
8,213,42
7,213,43
7,213,43
7,213,43
7,213,43
7,213,43
7,213,43
7,213,43
7,213,43
7,213,43
7,213,43
7,213,43
7,213,43
7,213,43
6,214,44
6,214,44
6,214,44
6,214,44
6,214,44
6,214,44
6,214,44
6,215,45
6,215,45
6,215,45
6,215,45
6,215,45
6,216,46
5,212,47
6,213,48
6,213,48
5,213,48
6,218,48
6,216,46
6,215,45
6,215,45
6,215,45
6,215,45
7,215,45
7,215,45
6,215,45
6,214,44
6,214,44
6,214,44
6,214,44
7,213,43
7,213,43
7,213,43
7,213,43
7,213,43
7,213,43
7,213,43
7,213,43
7,209,44
7,209,44
7,209,44
7,209,44
6,210,45
6,210,45
6,211,46
6,206,47
6,206,47
6,206,47
6,206,47
6,211,46
6,211,46
6,211,46
6,211,46
6,211,46
6,205,46
6,205,46
6,211,46
6,210,45
6,214,44
6,210,45
6,210,45
6,211,46
6,211,46
6,211,46
6,211,46
7,216,46
7,216,46
8,222,46
8,222,46
8,222,46
8,222,46
8,222,46
6,215,45
6,211,46
6,211,46
6,211,46
6,211,46
6,211,46
6,211,46
6,206,47
6,206,47
6,206,47
6,206,47
6,206,47
6,206,47
6,202,48
6,202,48
6,202,48
6,202,48
6,201,47
6,201,47
6,201,47
6,201,47
6,201,47
6,201,47
6,201,47
6,201,47
6,201,47
6,195,47
6,195,47
6,197,48
6,197,48
6,197,48
6,197,48
6,198,49
6,198,49
6,198,49
6,198,49
6,198,49
6,198,49
6,198,49
6,198,49
6,198,49
6,198,49
6,198,49
6,198,49
6,198,49
6,199,50
6,199,50
5,200,51
5,200,51
5,200,51
5,200,51
5,200,51
5,200,51
5,200,51
5,200,51
5,200,51
5,200,51
5,199,50
6,199,50
7,199,50
7,199,50
6,194,50
6,194,50
6,194,50
6,194,50
6,194,50
6,193,49
6,198,49
6,198,49
6,198,49
7,191,48
7,191,48
6,186,48
6,184,47
6,179,47
7,177,46
7,177,46
7,177,46
7,177,46
7,177,46
7,174,44
6,168,44
6,168,44
6,168,44
5,168,44
4,164,45
4,162,44
4,164,45
4,164,45
4,164,45
4,166,46
5,166,46
4,170,48
4,165,48
7,219,42
7,219,42
8,218,41
9,223,40
8,217,40
9,217,40
9,217,40
9,218,41
8,213,42
7,213,43
7,213,43
7,213,43
7,213,43
7,213,43
7,213,43
7,213,43
7,213,43
7,213,43
7,213,43
7,213,43
6,214,44
6,214,44
6,214,44
6,214,44
6,214,44
6,214,44
6,214,44
6,214,44
6,215,45
6,215,45
6,215,45
6,215,45
6,215,45
6,215,45
5,212,47
5,213,48
5,213,48
5,213,48
5,213,48
5,212,47
6,215,45
6,215,45
6,215,45
6,215,45
6,215,45
6,210,45
6,210,45
6,210,45
6,214,44
6,214,44
6,214,44
6,214,44
7,213,43
7,213,43
7,213,43
7,213,43
7,213,43
7,213,43
7,213,43
7,209,44
7,209,44
7,209,44
7,209,44
7,209,44
6,210,45
6,210,45
6,210,45
6,211,46
6,206,47
6,206,47
6,211,46
6,211,46
6,215,45
6,215,45
6,215,45
6,210,45
7,214,44
7,214,44
6,214,44
6,214,44
6,214,44
6,214,44
6,214,44
6,215,45
6,215,45
6,215,45
6,215,45
7,216,46
7,216,46
7,216,46
8,222,46
8,222,46
7,221,45
7,221,45
6,215,45
6,215,45
6,210,45
6,211,46
6,211,46
6,211,46
6,211,46
6,211,46
6,206,47
6,206,47
6,206,47
6,206,47
6,206,47
6,202,48
6,202,48
6,202,48
6,201,47
6,201,47
6,201,47
6,201,47
6,201,47
6,201,47
6,201,47
6,201,47
7,195,47
6,195,47
6,195,47
5,190,47
6,190,47
6,191,48
6,191,48
6,197,48
6,197,48
6,197,48
6,202,48
6,198,49
6,198,49
6,198,49
6,198,49
6,197,48
6,197,48
6,197,48
6,198,49
6,198,49
6,198,49
6,198,49
6,199,50
5,200,51
5,200,51
5,200,51
5,200,51
5,200,51
5,200,51
5,200,51
5,200,51
5,200,51
5,199,50
6,199,50
6,199,50
8,204,50
8,204,50
8,204,50
7,199,50
7,199,50
7,199,50
7,199,50
7,198,49
6,198,49
6,198,49
6,198,49
7,191,48
7,191,48
7,191,48
6,186,48
6,184,47
6,179,47
7,177,46
7,177,46
7,177,46
7,177,46
7,174,44
6,168,44
6,168,44
6,168,44
5,168,44
5,168,44
4,162,44
4,162,44
4,164,45
4,164,45
4,164,45
5,166,46
5,168,47
4,165,48
4,167,49
7,219,42
7,219,42
8,218,41
8,217,40
8,217,40
9,217,40
9,217,40
9,217,40
8,219,42
7,213,43
7,213,43
7,213,43
7,213,43
7,213,43
7,213,43
7,213,43
7,213,43
7,213,43
7,214,44
7,214,44
7,214,44
7,214,44
6,214,44
6,214,44
6,214,44
6,215,45
6,215,45
6,215,45
6,215,45
6,215,45
6,215,45
6,215,45
6,215,45
6,216,46
5,212,47
5,213,48
5,213,48
5,213,48
5,213,48
6,215,45
6,215,45
6,215,45
6,215,45
6,215,45
6,215,45
6,210,45
6,210,45
6,210,45
6,215,45
6,215,45
6,214,44
6,214,44
7,213,43
7,213,43
7,213,43
7,213,43
7,213,43
7,213,43
7,213,43
7,214,44
7,209,44
7,214,44
6,214,44
6,214,44
6,214,44
6,210,45
6,210,45
6,210,45
6,211,46
6,211,46
6,210,45
6,210,45
6,210,45
6,215,45
6,215,45
6,215,45
6,214,44
6,214,44
6,214,44
6,214,44
6,214,44
6,214,44
6,214,44
6,214,44
6,215,45
6,215,45
6,215,45
7,216,46
7,216,46
7,216,46
8,222,46
8,222,46
8,222,46
7,221,45
6,215,45
6,215,45
6,215,45
6,215,45
6,210,45
6,211,46
6,211,46
6,211,46
6,211,46
6,211,46
6,211,46
6,211,46
6,206,47
6,206,47
6,201,47
6,201,47
6,201,47
6,201,47
6,201,47
6,201,47
6,201,47
6,201,47
6,201,47
6,201,47
7,195,47
6,190,47
5,190,47
5,190,47
5,190,47
6,190,47
6,191,48
6,191,48
6,197,48
6,197,48
6,197,48
6,198,49
6,198,49
6,189,50
6,189,50
6,198,49
6,197,48
6,197,48
6,197,48
6,198,49
6,198,49
6,198,49
6,199,50
6,199,50
5,200,51
5,200,51
5,200,51
5,200,51
5,200,51
5,200,51
5,200,51
5,200,51
6,199,50
7,204,50
7,204,50
8,204,50
8,204,50
8,204,50
8,204,50
8,204,50
7,199,50
7,199,50
7,199,50
6,194,50
6,193,49
6,193,49
6,193,49
6,193,49
7,191,48
7,191,48
6,184,47
6,179,47
6,179,47
7,177,46
7,177,46
7,177,46
7,174,44
6,168,44
6,168,44
5,168,44
5,168,44
5,168,44
4,168,44
4,168,44
4,168,44
4,164,45
4,164,45
5,166,46
4,163,47
4,165,48
4,159,48
7,219,42
7,219,42
7,219,42
8,217,40
8,217,40
9,217,40
9,217,40
9,218,41
8,219,42
7,213,43
7,213,43
7,213,43
7,213,43
7,213,43
7,213,43
7,213,43
7,213,43
7,214,44
7,214,44
7,214,44
6,210,45
6,210,45
6,210,45
6,210,45
6,210,45
6,210,45
6,210,45
6,210,45
6,210,45
6,215,45
6,215,45
6,215,45
6,217,47
5,213,48
5,213,48
5,213,48
5,213,48
5,213,48
6,217,47
6,215,45
6,215,45
6,215,45
6,215,45
6,215,45
6,215,45
6,210,45
6,210,45
6,210,45
6,215,45
6,215,45
6,214,44
6,214,44
7,213,43
7,213,43
7,213,43
7,219,42
7,213,43
7,213,43
7,213,43
7,214,44
7,214,44
7,214,44
6,214,44
6,214,44
7,214,44
6,210,45
6,210,45
6,210,45
6,210,45
6,210,45
6,210,45
6,210,45
6,210,45
6,215,45
6,214,44
6,214,44
6,214,44
6,214,44
6,214,44
7,213,43
7,213,43
7,213,43
6,214,44
6,214,44
6,214,44
6,215,45
6,215,45
6,215,45
7,216,46
6,211,46
6,211,46
7,216,46
6,215,45
6,215,45
6,215,45
6,215,45
6,215,45
6,215,45
6,215,45
6,215,45
6,215,45
6,211,46
6,211,46
6,211,46
6,211,46
6,211,46
6,211,46
6,211,46
6,206,47
6,206,47
6,201,47
6,205,46
6,205,46
6,205,46
7,200,46
7,200,46
7,200,46
6,194,46
6,190,47
6,190,47
6,190,47
5,190,47
5,190,47
5,190,47
5,190,47
5,191,48
6,197,48
6,202,48
6,202,48
6,197,48
6,193,49
6,185,51
6,185,51
6,185,51
6,198,49
6,197,48
6,197,48
6,198,49
6,198,49
6,198,49
6,198,49
6,199,50
5,200,51
5,200,51
5,200,51
5,200,51
5,200,51
5,200,51
5,200,51
6,199,50
6,199,50
7,204,50
7,204,50
8,204,50
8,204,50
8,204,50
8,204,50
8,204,50
7,199,50
7,199,50
7,199,50
6,194,50
6,194,50
6,193,49
6,193,49
6,193,49
6,193,49
7,191,48
6,186,48
6,184,47
6,179,47
7,177,46
7,177,46
7,176,45
6,174,44
5,168,44
5,166,43
5,166,43
5,166,43
5,166,43
5,168,44
4,162,44
4,164,45
4,164,45
5,166,46
4,161,46
4,163,47
4,157,47
4,159,48
7,213,43
7,219,42
7,219,42
7,219,42
8,218,41
8,218,41
9,217,40
9,217,40
8,211,41
7,213,43
7,213,43
7,213,43
7,213,43
7,213,43
7,213,43
7,213,43
7,213,43
7,214,44
7,214,44
6,214,44
7,214,44
6,210,45
6,210,45
6,210,45
6,211,46
6,211,46
6,210,45
6,210,45
6,210,45
6,210,45
6,215,45
6,216,46
6,211,46
5,213,48
5,213,48
5,213,48
5,213,48
5,213,48
5,213,48
6,216,46
6,215,45
6,215,45
6,215,45
6,215,45
6,215,45
6,215,45
6,210,45
6,210,45
6,210,45
6,215,45
6,215,45
6,214,44
6,214,44
7,213,43
7,213,43
7,213,43
7,213,43
7,213,43
7,213,43
7,214,44
7,209,44
7,209,44
7,209,44
6,214,44
7,209,44
6,210,45
6,210,45
6,210,45
6,210,45
6,210,45
6,210,45
6,210,45
6,210,45
6,210,45
7,215,45
6,214,44
6,214,44
6,214,44
7,213,43
7,213,43
7,213,43
7,219,43
7,219,43
7,220,44
6,214,44
6,214,44
6,215,45
6,215,45
7,215,45
6,211,46
6,211,46
6,211,46
6,211,46
7,216,46
7,215,45
7,215,45
6,215,45
6,214,44
6,215,45
6,214,44
6,214,44
6,214,44
6,215,45
6,215,45
6,211,46
6,211,46
6,211,46
6,211,46
6,211,46
6,205,46
6,205,46
6,205,46
6,205,46
6,205,46
6,205,46
6,200,46
6,194,46
6,194,46
6,188,46
6,188,46
6,190,47
6,190,47
6,190,47
6,190,47
6,190,47
6,190,47
6,191,48
6,197,48
6,202,48
6,202,48
6,202,48
6,197,48
6,185,51
6,181,52
6,175,54
6,181,52
6,198,49
6,198,49
6,198,49
6,198,49
6,198,49
6,198,49
6,198,49
5,200,51
5,200,51
5,200,51
5,200,51
5,200,51
5,200,51
6,198,49
6,198,49
7,203,49
7,203,49
7,204,50
8,204,50
8,204,50
8,204,50
8,204,50
8,204,50
8,204,50
8,204,50
6,194,50
6,194,50
6,194,50
6,194,50
6,193,49
6,193,49
6,193,49
7,191,48
7,191,48
7,186,48
6,181,48
6,179,47
7,177,46
6,176,45
6,174,44
5,166,43
5,166,43
6,164,42
5,166,43
5,166,43
4,162,44
4,164,45
4,164,45
4,164,45
4,161,46
4,157,47
4,157,47
4,157,47
4,159,48
4,159,48
7,213,43
7,219,42
7,219,42
7,219,42
7,219,42
7,219,42
9,218,41
9,218,41
8,213,42
7,213,43
7,213,43
7,213,43
7,213,43
7,213,43
7,213,43
7,213,43
7,213,43
7,214,44
7,214,44
7,214,44
7,214,44
6,210,45
6,210,45
6,210,45
6,211,46
6,211,46
6,210,45
7,215,45
7,216,46
7,216,46
6,216,46
6,216,46
5,212,47
5,213,48
5,213,48
5,213,48
5,213,48
5,213,48
5,212,47
6,216,46
6,215,45
6,215,45
6,215,45
6,215,45
6,215,45
6,215,45
6,215,45
6,215,45
6,215,45
6,215,45
6,214,44
6,214,44
6,214,44
6,214,44
7,213,43
7,213,43
7,213,43
7,213,43
6,214,44
7,214,44
7,214,44
7,209,44
7,209,44
7,209,44
6,210,45
6,210,45
6,210,45
6,210,45
6,210,45
6,210,45
6,210,45
6,215,45
6,210,45
6,210,45
7,214,44
6,214,44
6,214,44
6,214,44
7,213,43
7,213,43
7,219,43
7,219,43
7,219,43
7,220,44
7,220,44
7,220,44
6,215,45
6,215,45
7,217,47
6,212,47
6,212,47
6,212,47
6,212,47
7,216,46
7,216,46
6,211,46
6,210,45
6,215,45
6,215,45
6,214,44
6,214,44
6,214,44
6,215,45
6,215,45
6,215,45
6,215,45
6,211,46
6,211,46
6,211,46
7,211,46
6,205,46
6,205,46
6,205,46
6,205,46
6,205,46
6,200,46
7,200,46
6,194,46
6,188,46
6,188,46
6,190,47
6,190,47
6,190,47
6,190,47
6,190,47
5,190,47
5,190,47
6,195,47
6,201,47
6,201,47
6,195,47
6,197,48
6,187,49
6,184,50
6,175,54
6,175,54
6,184,50
6,194,50
6,193,49
6,198,49
6,198,49
6,198,49
6,198,49
5,200,51
5,200,51
5,200,51
5,200,51
5,200,51
5,200,51
6,198,49
7,203,49
7,203,49
8,208,49
7,209,50
7,204,50
7,204,50
8,204,50
8,204,50
8,204,50
8,204,50
8,204,50
8,204,50
6,194,50
6,194,50
6,194,50
6,193,49
6,193,49
6,193,49
7,191,48
7,191,48
6,186,48
7,184,47
6,184,47
6,177,46
6,176,45
6,174,44
5,166,43
5,166,43
6,164,42
5,166,43
4,160,43
4,162,44
4,164,45
4,159,45
4,161,46
4,157,47
4,157,47
4,157,47
4,157,47
4,157,47
4,154,48
7,213,43
7,219,42
7,219,42
8,213,42
8,213,42
8,219,42
8,219,42
8,213,42
7,213,43
7,213,43
7,213,43
7,213,43
7,213,43
7,213,43
7,213,43
7,213,43
7,213,43
7,213,43
7,213,43
7,214,44
7,214,44
7,214,44
7,214,44
6,210,45
6,210,45
6,210,45
7,215,45
7,215,45
7,215,45
7,215,45
7,216,46
6,212,47
5,212,47
5,213,48
5,213,48
5,213,48
5,213,48
5,213,48
5,212,47
6,211,46
6,215,45
6,215,45
6,215,45
6,215,45
6,215,45
6,214,44
6,214,44
6,214,44
6,214,44
6,214,44
6,214,44
6,214,44
6,214,44
6,214,44
6,214,44
7,213,43
7,213,43
7,213,43
6,214,44
6,214,44
6,214,44
6,214,44
7,214,44
6,210,45
6,210,45
6,210,45
6,210,45
6,210,45
6,210,45
6,210,45
6,215,45
6,215,45
6,215,45
6,210,45
7,214,44
6,214,44
6,214,44
6,214,44
7,213,43
7,219,43
7,219,43
7,219,43
7,219,43
7,220,44
7,221,45
7,221,45
6,215,45
6,216,46
6,217,47
7,217,47
6,213,48
6,212,47
6,212,47
7,217,47
6,212,47
6,211,46
6,211,46
6,210,45
6,215,45
6,215,45
6,215,45
6,215,45
6,215,45
6,215,45
6,215,45
6,215,45
6,215,45
6,215,45
7,216,46
6,211,46
6,211,46
6,211,46
6,211,46
6,205,46
6,205,46
6,205,46
7,200,46
7,200,46
6,194,46
5,190,47
6,190,47
5,190,47
6,190,47
5,190,47
6,190,47
5,190,47
6,195,47
6,195,47
6,201,47
6,201,47
6,195,47
6,197,48
6,191,48
6,187,49
6,175,54
6,175,54
6,175,54
5,172,52
6,185,51
6,198,49
6,198,49
6,198,49
6,198,49
5,200,51
5,200,51
5,200,51
5,200,51
5,200,51
5,200,51
5,199,50
7,204,50
7,204,50
7,204,50
7,204,50
7,204,50
7,205,51
7,205,51
7,205,51
7,205,51
7,205,51
8,204,50
8,204,50
7,199,50
6,194,50
6,193,49
6,193,49
6,198,49
7,191,48
7,191,48
7,191,48
7,190,47
6,184,47
6,184,47
6,183,46
6,176,45
6,174,44
5,168,44
5,168,44
5,166,43
5,168,44
4,162,44
4,164,45
4,159,45
4,154,48
4,154,48
4,154,48
4,154,48
4,157,47
4,157,47
4,157,47
4,157,47
7,213,43
7,213,43
7,213,43
7,213,43
7,213,43
7,213,43
8,213,42
8,213,42
7,213,43
7,213,43
7,213,43
7,213,43
7,213,43
7,213,43
7,213,43
7,213,43
7,213,43
7,213,43
7,213,43
7,213,43
7,213,43
7,213,43
7,213,43
7,214,44
7,214,44
7,214,44
7,215,45
7,215,45
8,221,45
8,221,45
7,215,45
6,211,46
6,212,47
5,213,48
5,213,48
5,213,48
5,213,48
5,213,48
6,212,47
6,211,46
6,211,46
6,211,46
6,215,45
6,215,45
6,215,45
6,214,44
6,214,44
6,214,44
7,214,44
7,214,44
7,214,44
7,214,44
7,214,44
7,214,44
7,214,44
7,214,44
7,214,44
6,214,44
6,214,44
6,214,44
6,214,44
6,214,44
6,214,44
6,210,45
6,210,45
6,210,45
6,210,45
6,210,45
6,210,45
6,215,45
6,215,45
6,215,45
6,215,45
6,215,45
6,214,44
6,214,44
6,214,44
6,214,44
6,214,44
6,214,44
7,220,44
7,220,44
7,220,44
7,220,44
7,221,45
7,221,45
7,222,46
7,222,46
7,222,47
7,222,47
7,222,47
7,218,48
7,217,47
7,217,47
6,212,47
7,212,47
7,211,46
6,211,46
6,210,45
6,215,45
6,215,45
6,215,45
6,215,45
6,215,45
6,215,45
6,215,45
6,215,45
6,215,45
6,215,45
7,216,46
7,216,46
6,211,46
6,211,46
6,211,46
6,205,46
6,205,46
6,205,46
6,200,46
7,200,46
6,201,47
6,201,47
5,190,47
5,190,47
5,190,47
5,190,47
6,190,47
6,190,47
6,191,48
6,195,47
6,197,48
6,197,48
6,195,47
6,197,48
6,191,48
5,186,48
6,184,50
6,175,54
6,170,54
6,170,54
6,170,54
6,189,50
6,198,49
6,198,49
6,198,49
6,198,49
5,200,51
5,200,51
5,200,51
5,200,51
5,200,51
5,200,51
6,205,51
7,205,51
7,205,51
7,205,51
7,206,52
7,206,52
6,202,53
7,201,52
7,200,51
7,200,51
7,199,50
7,199,50
7,199,50
7,199,50
6,198,49
6,198,49
6,197,48
6,197,48
7,191,48
7,191,48
7,190,47
6,184,47
6,184,47
6,183,46
6,177,46
6,176,45
5,170,45
5,168,44
5,168,44
5,168,44
4,164,45
4,164,45
4,155,46
4,154,48
4,154,48
4,154,48
4,154,48
4,157,47
4,157,47
4,157,47
4,157,47
4,157,47
7,213,43
7,213,43
7,213,43
7,213,43
7,213,43
7,213,43
7,213,43
7,213,43
7,213,43
7,213,43
7,213,43
7,213,43
7,213,43
7,213,43
7,213,43
7,213,43
7,213,43
8,211,41
8,211,41
7,213,43
7,213,43
7,213,43
7,213,43
7,213,43
7,214,44
7,214,44
7,214,44
7,215,45
8,221,45
8,221,45
8,221,45
7,216,46
7,217,47
6,217,47
5,213,48
5,213,48
5,212,47
5,212,47
6,212,47
6,211,46
6,211,46
6,211,46
6,215,45
6,215,45
6,215,45
6,214,44
6,214,44
7,209,44
7,209,44
7,209,44
7,209,44
7,209,44
7,209,44
7,209,44
7,210,45
7,209,44
7,209,44
7,214,44
6,214,44
6,214,44
7,214,44
7,209,44
6,210,45
6,210,45
6,210,45
6,215,45
6,215,45
6,215,45
6,215,45
6,215,45
6,215,45
6,215,45
6,215,45
6,215,45
6,214,44
6,214,44
6,214,44
6,214,44
6,214,44
7,220,44
7,220,44
7,220,44
7,221,45
7,221,45
7,222,46
7,222,46
7,222,46
7,222,47
6,223,48
6,223,48
6,223,48
6,223,48
7,223,48
7,217,47
7,217,47
7,212,47
7,212,47
7,212,47
6,211,46
6,210,45
6,215,45
6,215,45
6,215,45
6,215,45
6,211,46
7,216,46
7,216,46
7,216,46
7,216,46
7,216,46
7,216,46
6,211,46
6,211,46
6,211,46
6,211,46
6,211,46
6,211,46
6,205,46
6,205,46
6,201,47
6,201,47
6,201,47
6,195,47
5,190,47
5,190,47
5,184,47
5,186,48
6,191,48
6,197,48
6,197,48
6,197,48
6,197,48
6,191,48
6,191,48
5,186,48
6,186,48
5,172,52
6,175,54
6,170,54
6,170,54
6,185,51
6,198,49
6,198,49
6,198,49
6,198,49
5,199,50
5,200,51
5,200,51
5,200,51
5,200,51
5,200,51
6,205,51
6,205,51
7,205,51
6,206,52
6,206,52
7,207,53
6,202,53
6,202,53
7,201,52
7,200,51
7,199,50
7,199,50
7,199,50
6,198,49
6,198,49
6,198,49
6,197,48
6,197,48
7,191,48
7,191,48
6,184,47
6,184,47
6,184,47
6,184,47
6,177,46
6,176,45
5,170,45
5,170,45
5,170,45
5,170,45
4,164,45
4,159,45
4,155,46
4,157,47
4,157,47
4,157,47
4,157,47
4,157,47
4,157,47
4,157,47
4,154,48
4,154,48
7,213,42
7,213,42
7,213,43
7,213,43
7,213,43
7,213,43
7,213,43
7,213,43
7,213,43
7,213,43
7,213,43
7,213,43
7,213,43
7,213,43
7,213,43
7,213,43
8,219,42
9,218,41
9,218,41
8,213,42
7,213,43
7,213,43
7,213,43
7,213,43
7,214,44
7,214,44
7,214,44
8,220,44
8,221,45
8,221,45
8,221,45
8,222,46
6,217,47
6,217,47
6,217,47
6,217,47
6,217,47
5,212,47
6,211,46
6,211,46
6,211,46
6,211,46
6,215,45
6,214,44
6,214,44
6,214,44
7,214,44
6,210,45
7,209,44
7,209,44
7,209,44
7,209,44
7,209,44
7,204,45
7,204,45
7,210,45
6,210,45
6,210,45
6,214,44
6,214,44
6,210,45
6,210,45
6,210,45
6,210,45
6,215,45
6,215,45
6,215,45
6,215,45
6,215,45
6,215,45
6,215,45
6,215,45
6,215,45
6,215,45
6,214,44
6,214,44
6,214,44
6,214,44
7,220,44
7,220,44
7,220,44
7,221,45
7,221,45
7,221,45
7,222,46
7,222,46
7,222,46
7,222,47
6,223,48
6,223,48
6,223,48
6,223,48
7,223,48
7,217,47
7,217,47
7,212,47
7,212,47
6,212,47
6,211,46
6,211,46
6,211,46
7,216,46
7,216,46
7,216,46
7,216,46
7,216,46
7,216,46
7,216,46
8,222,46
8,222,46
8,222,46
7,217,47
6,212,47
6,211,46
6,211,46
6,211,46
6,211,46
6,211,46
6,205,46
6,201,47
6,201,47
6,201,47
6,201,47
6,201,47
5,190,47
5,190,47
5,190,47
6,191,48
6,197,48
6,197,48
6,197,48
7,195,47
6,190,47
6,190,47
5,184,47
6,184,47
6,186,48
5,175,51
5,172,52
6,177,52
6,189,50
6,198,49
6,198,49
6,198,49
6,198,49
6,198,49
6,199,50
6,199,50
6,199,50
5,200,51
5,200,51
5,200,51
6,205,51
6,205,51
6,206,52
6,201,52
6,202,53
6,202,53
6,202,53
7,201,52
7,200,51
7,199,50
7,199,50
6,198,49
6,198,49
6,198,49
6,198,49
6,197,48
6,197,48
6,191,48
6,186,48
6,184,47
6,184,47
6,184,47
6,184,47
6,183,46
5,172,46
5,170,45
5,170,45
5,170,45
5,170,45
5,170,45
4,164,45
4,161,46
4,157,47
4,157,47
4,157,47
4,157,47
3,155,46
4,157,47
4,157,47
3,152,47
4,154,48
7,219,42
7,219,42
7,219,42
7,213,43
7,213,43
7,213,43
7,213,43
7,213,43
7,213,43
7,213,43
7,213,43
7,213,43
7,213,43
7,213,43
7,213,43
8,219,42
8,219,42
9,218,41
9,218,41
8,213,42
7,213,43
7,213,43
7,213,43
7,213,43
7,214,44
7,214,44
6,214,44
7,214,44
8,220,44
8,220,44
8,221,45
8,222,46
7,217,47
6,217,47
5,212,47
6,217,47
6,216,46
6,211,46
6,211,46
6,211,46
6,211,46
6,210,45
6,215,45
6,214,44
6,214,44
6,214,44
6,210,45
7,210,45
7,209,44
7,209,44
7,209,44
7,209,44
7,204,45
7,205,46
7,205,46
7,204,45
6,210,45
6,210,45
6,210,45
6,210,45
6,210,45
6,210,45
6,210,45
6,210,45
6,215,45
6,215,45
6,215,45
6,215,45
6,215,45
6,215,45
6,215,45
6,215,45
6,215,45
6,215,45
6,214,44
6,214,44
6,214,44
6,214,44
7,220,44
7,220,44
7,220,44
7,221,45
7,221,45
7,221,45
7,221,45
7,221,45
7,222,46
7,222,47
7,222,47
6,223,48
6,223,48
7,217,47
7,217,47
7,216,46
7,217,47
7,212,47
7,212,47
6,212,47
6,211,46
6,211,46
6,211,46
6,211,46
7,216,46
7,216,46
7,216,46
7,216,46
7,222,46
7,222,46
7,222,46
7,222,46
8,222,46
7,216,46
7,216,46
6,211,46
6,211,46
6,211,46
6,211,46
6,211,46
6,211,46
6,205,46
6,206,47
6,201,47
6,201,47
6,201,47
6,201,47
5,190,47
5,190,47
6,195,47
7,195,47
7,195,47
7,195,47
7,195,47
6,190,47
6,190,47
5,184,47
6,184,47
6,184,47
6,186,48
6,184,50
6,189,50
5,186,48
6,197,48
6,197,48
6,197,48
6,198,49
6,198,49
6,198,49
6,198,49
6,198,49
6,198,49
6,198,49
6,200,51
6,200,51
7,205,51
7,205,51
6,201,52
6,201,52
6,202,53
7,201,52
7,201,52
7,200,51
7,199,50
7,199,50
6,198,49
6,198,49
6,198,49
6,198,49
6,197,48
6,197,48
7,191,48
6,186,48
6,184,47
6,184,47
6,184,47
6,184,47
6,184,47
5,172,46
5,172,46
5,170,45
5,170,45
5,170,45
5,170,45
5,170,45
4,164,45
4,161,46
4,161,46
3,155,46
2,153,45
2,155,46
3,155,46
4,157,47
3,152,47
2,149,48
7,213,42
7,211,41
7,213,42
7,213,43
7,213,43
7,213,43
7,213,43
7,213,43
7,213,43
7,213,43
7,213,43
7,213,43
7,213,43
7,213,43
7,213,43
7,213,43
8,219,42
8,219,42
8,219,42
8,213,42
7,213,43
7,213,43
7,213,43
7,213,43
7,214,44
7,214,44
7,214,44
7,214,44
7,215,45
7,215,45
7,221,45
8,221,45
7,216,46
7,217,47
5,212,47
5,212,47
6,217,47
6,216,46
6,216,46
6,210,45
6,210,45
6,210,45
6,210,45
6,214,44
6,214,44
6,214,44
6,214,44
6,210,45
7,210,45
7,209,44
7,209,44
7,209,44
7,210,45
7,205,46
7,200,46
7,200,46
6,205,46
6,210,45
6,210,45
6,210,45
6,210,45
6,210,45
6,210,45
6,210,45
6,210,45
6,210,45
6,215,45
6,215,45
6,215,45
6,215,45
6,215,45
6,215,45
6,215,45
6,215,45
6,215,45
6,215,45
6,215,45
6,214,44
6,214,44
7,220,44
6,214,44
6,215,45
6,215,45
6,215,45
7,216,46
7,216,46
6,216,46
6,216,46
6,216,46
6,217,47
6,217,47
6,217,47
6,216,46
6,216,46
6,216,46
7,216,46
7,217,47
6,212,47
6,212,47
6,211,46
6,211,46
6,211,46
7,216,46
7,216,46
7,216,46
8,222,46
8,222,46
8,222,46
7,222,47
7,222,47
7,222,47
7,222,47
7,217,47
7,217,47
7,216,46
6,211,46
6,211,46
6,211,46
6,210,45
6,211,46
6,211,46
6,205,46
6,205,46
6,201,47
6,205,46
6,200,46
6,200,46
6,195,47
6,201,47
6,201,47
7,201,47
7,195,47
7,195,47
6,190,47
6,184,47
6,184,47
6,184,47
6,184,47
6,186,48
6,186,48
5,186,48
6,191,48
6,197,48
6,197,48
6,197,48
6,197,48
6,198,49
6,198,49
6,198,49
6,198,49
6,198,49
6,198,49
6,198,49
6,198,49
6,199,50
6,200,51
6,200,51
6,200,51
6,200,51
6,200,51
7,200,51
6,194,50
6,199,50
6,194,50
6,198,49
6,198,49
6,198,49
6,198,49
6,197,48
6,197,48
7,191,48
6,186,48
6,186,48
6,184,47
6,184,47
6,184,47
6,184,47
5,179,47
6,177,46
5,170,45
5,170,45
5,170,45
5,170,45
4,164,45
4,164,45
3,161,46
3,159,45
2,153,45
2,153,45
2,155,46
2,155,46
3,157,47
3,152,47
2,149,48
3,154,48
7,211,41
7,211,41
7,213,42
8,213,42
7,213,43
7,213,43
7,213,43
7,213,43
7,213,43
7,213,43
7,213,43
7,213,43
7,213,43
7,213,43
7,213,43
7,213,43
7,213,43
8,213,42
7,213,43
7,213,43
7,213,43
7,213,43
7,213,43
7,213,43
7,214,44
6,210,45
6,210,45
6,210,45
6,210,45
7,215,45
6,215,45
6,215,45
6,216,46
6,211,46
6,211,46
6,211,46
6,216,46
6,215,45
6,215,45
6,215,45
6,210,45
6,210,45
6,215,45
6,214,44
6,214,44
6,214,44
6,214,44
7,209,44
7,209,44
7,209,44
7,209,44
7,209,44
7,210,45
6,205,46
7,205,46
7,200,46
6,201,47
6,205,46
6,210,45
6,210,45
6,210,45
6,210,45
6,210,45
6,210,45
6,210,45
6,210,45
6,210,45
6,215,45
6,215,45
6,215,45
6,215,45
6,215,45
6,215,45
6,215,45
6,215,45
6,215,45
6,215,45
6,220,44
6,220,44
6,220,44
6,214,44
6,215,45
6,215,45
6,215,45
7,216,46
7,216,46
6,216,46
6,215,45
6,215,45
6,216,46
6,216,46
7,216,46
7,216,46
7,216,46
7,216,46
7,216,46
7,216,46
6,212,47
6,212,47
6,212,47
6,212,47
6,211,46
7,216,46
7,216,46
7,216,46
8,222,46
8,222,46
7,222,47
7,223,48
7,223,48
7,223,48
7,218,48
7,217,47
7,217,47
7,216,46
6,211,46
6,211,46
6,211,46
6,210,45
6,211,46
6,211,46
6,205,46
6,205,46
6,205,46
6,205,46
6,205,46
6,205,46
6,200,46
6,201,47
6,201,47
7,201,47
7,201,47
7,195,47
7,190,47
6,184,47
6,184,47
6,184,47
6,184,47
6,184,47
5,186,48
6,191,48
6,197,48
6,197,48
6,197,48
6,197,48
6,191,48
6,191,48
6,193,49
6,198,49
6,198,49
6,198,49
6,198,49
6,198,49
6,198,49
6,199,50
6,199,50
6,199,50
6,199,50
6,200,51
6,199,50
6,194,50
6,194,50
6,199,50
6,198,49
6,198,49
6,198,49
6,198,49
6,193,49
6,193,49
7,191,48
7,191,48
6,186,48
6,186,48
6,186,48
7,186,48
6,184,47
6,179,47
6,179,47
6,179,47
6,177,46
5,172,46
5,170,45
5,170,45
4,164,45
4,164,45
3,159,45
3,159,45
3,159,45
2,153,45
2,155,46
2,155,46
3,155,46
3,152,47
2,149,48
3,152,47
7,211,41
7,211,41
8,211,41
8,213,42
7,213,43
7,213,43
7,213,43
7,213,43
7,213,43
7,213,43
7,213,43
7,213,43
7,213,43
7,213,43
7,213,43
7,213,43
7,213,43
7,213,43
7,213,43
7,213,43
7,213,43
7,213,43
7,213,43
7,214,44
7,214,44
6,210,45
6,210,45
6,210,45
6,210,45
7,215,45
6,215,45
6,215,45
6,216,46
6,211,46
6,211,46
6,211,46
6,211,46
6,215,45
6,215,45
6,215,45
6,210,45
6,210,45
6,210,45
6,214,44
6,214,44
6,214,44
6,214,44
6,214,44
7,214,44
6,214,44
6,214,44
6,214,44
7,209,44
6,210,45
6,205,46
6,205,46
6,205,46
6,210,45
6,210,45
6,210,45
6,210,45
6,210,45
6,210,45
6,210,45
6,210,45
6,210,45
6,210,45
6,215,45
6,215,45
6,215,45
6,215,45
6,215,45
6,215,45
6,215,45
6,215,45
6,215,45
6,215,45
6,215,45
6,214,44
6,214,44
6,215,45
6,215,45
6,215,45
6,215,45
6,215,45
6,215,45
6,215,45
6,215,45
6,215,45
6,215,45
6,215,45
6,215,45
6,211,46
6,211,46
6,211,46
6,211,46
6,211,46
6,211,46
6,211,46
6,212,47
6,212,47
7,216,46
7,216,46
7,216,46
8,222,46
8,222,46
8,222,46
7,222,46
7,223,48
7,223,48
6,219,49
7,218,48
7,218,48
7,217,47
6,211,46
6,211,46
6,211,46
6,210,45
6,210,45
6,210,45
6,211,46
6,205,46
6,205,46
6,205,46
6,205,46
6,205,46
6,205,46
6,205,46
6,200,46
6,201,47
6,201,47
7,201,47
7,195,47
6,184,47
6,184,47
6,184,47
6,184,47
6,184,47
6,184,47
5,186,48
6,191,48
6,197,48
6,197,48
6,197,48
6,197,48
6,191,48
6,191,48
5,186,48
6,191,48
6,197,48
6,198,49
6,198,49
6,198,49
6,198,49
6,198,49
6,199,50
6,199,50
6,199,50
6,199,50
6,199,50
6,194,50
6,194,50
6,199,50
6,194,50
6,198,49
6,198,49
6,198,49
6,193,49
6,193,49
7,191,48
7,191,48
7,191,48
6,186,48
6,186,48
6,184,47
6,184,47
6,184,47
5,179,47
6,179,47
7,177,46
6,177,46
5,172,46
5,170,45
4,164,45
4,164,45
4,164,45
3,159,45
2,153,45
1,153,45
1,153,45
1,153,45
2,155,46
3,155,46
3,157,47
3,155,46
8,211,41
8,211,41
8,211,41
8,213,42
8,213,42
7,213,43
7,213,43
7,213,43
7,213,43
7,213,43
7,213,43
7,213,43
7,213,43
7,213,43
7,213,43
7,213,43
7,213,43
7,213,43
7,213,43
7,213,43
7,213,43
7,213,43
7,214,44
7,214,44
7,214,44
6,210,45
6,210,45
6,210,45
6,210,45
6,211,46
6,210,45
6,211,46
6,211,46
6,211,46
6,211,46
6,211,46
6,211,46
6,215,45
6,215,45
6,215,45
6,215,45
6,210,45
6,210,45
6,214,44
6,214,44
6,214,44
6,214,44
6,214,44
6,214,44
6,214,44
6,214,44
6,214,44
7,209,44
6,210,45
6,205,46
6,205,46
6,205,46
6,211,46
6,210,45
6,210,45
6,215,45
6,215,45
6,215,45
6,215,45
6,215,45
6,215,45
6,215,45
6,215,45
6,215,45
6,215,45
6,215,45
6,215,45
6,215,45
6,215,45
6,215,45
6,215,45
6,215,45
6,215,45
6,215,45
6,215,45
6,215,45
6,215,45
6,215,45
6,211,46
6,211,46
6,211,46
6,211,46
6,215,45
6,215,45
6,215,45
6,215,45
6,215,45
6,211,46
6,211,46
6,211,46
6,211,46
6,211,46
7,216,46
7,216,46
7,216,46
7,217,47
7,216,46
7,216,46
8,222,46
8,222,46
8,222,46
8,222,46
7,222,47
7,223,48
6,219,49
6,219,49
6,219,49
6,219,49
7,217,47
7,216,46
6,211,46
6,211,46
6,211,46
6,211,46
6,211,46
6,211,46
6,205,46
6,205,46
6,205,46
6,210,45
6,210,45
6,204,45
6,205,46
6,200,46
6,201,47
6,201,47
7,201,47
7,195,47
6,184,47
6,184,47
6,184,47
6,184,47
6,184,47
6,186,48
5,186,48
6,191,48
6,197,48
6,197,48
6,197,48
6,197,48
6,191,48
5,186,48
5,186,48
5,186,48
6,197,48
6,197,48
6,198,49
6,198,49
6,198,49
6,199,50
6,194,50
6,194,50
6,194,50
6,199,50
6,194,50
6,194,50
6,194,50
6,194,50
6,194,50
6,194,50
6,193,49
6,193,49
6,193,49
6,193,49
6,193,49
6,193,49
7,191,48
7,191,48
7,191,48
6,184,47
6,184,47
6,184,47
6,184,47
5,179,47
6,179,47
7,177,46
6,172,46
6,172,46
4,164,45
4,164,45
4,164,45
3,159,45
2,153,45
1,153,45
1,153,45
1,153,45
2,155,46
3,155,46
3,155,46
4,161,46
8,211,41
8,211,41
8,211,41
8,211,41
8,213,42
8,213,42
7,213,43
7,213,43
7,213,43
7,213,43
7,213,43
7,213,43
7,213,43
7,213,43
7,213,43
7,213,43
7,213,43
7,213,43
7,213,43
7,215,45
6,210,45
6,210,45
6,210,45
6,210,45
6,210,45
6,210,45
6,210,45
6,211,46
6,205,46
6,205,46
6,211,46
6,211,46
6,211,46
6,211,46
6,211,46
6,211,46
6,210,45
6,210,45
6,210,45
6,210,45
6,210,45
6,210,45
6,214,44
6,214,44
6,214,44
6,214,44
6,214,44
6,214,44
7,214,44
7,214,44
6,214,44
6,210,45
6,210,45
6,210,45
6,205,46
6,205,46
6,205,46
6,211,46
6,210,45
6,210,45
6,215,45
6,215,45
6,215,45
6,215,45
6,215,45
6,215,45
6,215,45
6,215,45
6,215,45
6,215,45
6,215,45
6,215,45
6,215,45
6,215,45
6,215,45
6,215,45
6,215,45
6,215,45
6,215,45
6,215,45
6,215,45
6,215,45
6,215,45
6,211,46
6,211,46
6,211,46
6,211,46
6,211,46
6,215,45
6,215,45
6,215,45
6,215,45
6,215,45
6,211,46
6,211,46
6,211,46
6,211,46
6,211,46
6,211,46
7,216,46
7,217,47
8,217,47
8,217,47
8,222,46
8,222,46
8,222,46
7,222,47
7,223,48
6,219,49
6,219,49
6,219,49
6,219,49
6,219,49
7,217,47
6,211,46
6,211,46
6,211,46
6,211,46
6,211,46
6,211,46
6,211,46
6,205,46
6,205,46
6,211,46
6,211,46
6,211,46
6,205,46
6,205,46
6,201,47
6,201,47
6,201,47
6,201,47
7,195,47
6,190,47
6,184,47
6,184,47
6,184,47
6,184,47
5,186,48
5,186,48
5,186,48
6,197,48
6,197,48
6,197,48
6,197,48
5,186,48
5,186,48
5,186,48
5,186,48
5,186,48
6,197,48
6,197,48
6,198,49
6,198,49
6,194,50
6,194,50
6,194,50
6,194,50
6,194,50
6,194,50
6,194,50
6,194,50
6,194,50
6,194,50
6,194,50
6,194,50
6,194,50
6,193,49
6,193,49
6,193,49
6,193,49
6,193,49
7,191,48
7,191,48
6,186,48
7,190,47
7,190,47
6,184,47
6,184,47
6,179,47
6,179,47
6,174,47
5,166,46
5,166,46
5,166,46
3,161,46
3,159,45
2,153,45
2,153,45
2,153,45
2,153,45
2,155,46
3,155,46
4,161,46
4,161,46
8,211,41
8,211,41
8,211,41
8,211,41
8,211,41
8,211,41
8,213,42
7,213,43
7,213,43
7,213,43
7,213,43
7,213,43
7,213,43
7,213,43
7,213,43
7,213,43
7,213,43
7,213,43
7,214,44
7,215,45
6,210,45
6,210,45
6,210,45
6,210,45
6,210,45
6,210,45
6,210,45
6,210,45
6,205,46
6,205,46
6,206,47
6,206,47
6,206,47
6,211,46
6,211,46
6,211,46
6,211,46
6,210,45
6,210,45
6,210,45
6,210,45
6,210,45
6,210,45
6,210,45
6,214,44
6,214,44
6,214,44
6,214,44
6,214,44
7,214,44
7,214,44
7,214,44
6,210,45
6,210,45
6,210,45
6,210,45
6,211,46
6,211,46
6,211,46
6,211,46
6,210,45
6,210,45
6,215,45
6,215,45
6,215,45
6,215,45
6,214,44
6,220,44
6,220,44
6,215,45
6,215,45
6,215,45
6,215,45
6,215,45
6,215,45
6,215,45
6,215,45
6,215,45
6,215,45
6,215,45
6,215,45
6,215,45
6,215,45
6,211,46
6,211,46
6,211,46
6,211,46
6,211,46
6,215,45
6,215,45
6,215,45
6,215,45
6,215,45
6,215,45
6,211,46
6,211,46
6,211,46
6,211,46
6,211,46
6,211,46
6,211,46
6,211,46
8,217,47
8,217,47
7,216,46
8,222,46
8,222,46
7,222,47
7,218,48
6,219,49
6,219,49
6,219,49
6,219,49
6,219,49
7,217,47
6,211,46
6,211,46
6,211,46
6,211,46
6,211,46
6,211,46
6,211,46
6,211,46
6,211,46
6,211,46
6,211,46
6,211,46
6,205,46
6,206,47
6,201,47
6,201,47
6,201,47
6,201,47
6,195,47
6,190,47
5,184,47
6,184,47
6,184,47
5,186,48
5,186,48
5,186,48
5,186,48
6,197,48
6,197,48
6,197,48
6,197,48
5,186,48
5,186,48
5,186,48
5,186,48
5,186,48
5,186,48
6,197,48
6,191,48
6,194,50
6,194,50
6,194,50
6,194,50
6,194,50
6,194,50
6,194,50
6,194,50
6,194,50
6,194,50
6,194,50
6,194,50
6,194,50
6,194,50
6,194,50
6,193,49
6,193,49
6,193,49
6,193,49
6,193,49
7,191,48
6,191,48
6,197,48
7,195,47
7,190,47
6,186,48
6,179,47
6,181,48
5,175,48
5,168,47
5,166,46
4,161,46
4,161,46
2,153,45
2,153,45
2,153,45
2,153,45
2,153,45
2,155,46
4,161,46
4,161,46
4,161,46
4,161,46
8,213,42
8,211,41
8,210,40
9,217,40
9,217,40
9,218,41
8,219,42
8,213,42
7,213,43
7,213,43
7,213,43
7,209,44
7,209,44
7,213,43
7,213,43
7,213,43
7,213,43
7,214,44
7,215,45
7,215,45
6,210,45
6,210,45
6,210,45
6,210,45
6,210,45
6,210,45
6,210,45
6,210,45
6,206,47
6,202,48
6,198,49
6,194,50
6,198,49
6,202,48
6,211,46
6,211,46
6,211,46
6,210,45
6,210,45
6,210,45
6,210,45
6,210,45
6,210,45
6,210,45
6,214,44
6,214,44
6,214,44
6,214,44
6,214,44
7,214,44
6,210,45
7,215,45
6,210,45
6,210,45
6,210,45
6,210,45
6,210,45
6,210,45
6,211,46
6,211,46
6,210,45
6,215,45
6,215,45
6,215,45
6,215,45
6,220,44
6,220,44
6,220,44
6,220,44
6,220,44
6,220,44
6,215,45
6,215,45
6,215,45
6,215,45
6,215,45
6,215,45
6,215,45
6,215,45
6,211,46
6,211,46
6,211,46
6,211,46
6,211,46
6,211,46
6,211,46
6,211,46
6,211,46
6,215,45
6,215,45
6,215,45
6,215,45
6,215,45
6,215,45
6,215,45
6,215,45
6,215,45
6,211,46
6,211,46
6,211,46
7,216,46
7,216,46
7,216,46
7,216,46
7,216,46
7,216,46
8,222,46
7,216,46
7,218,48
6,219,49
6,219,49
6,219,49
6,219,49
6,219,49
7,217,47
6,211,46
6,211,46
6,211,46
6,211,46
6,211,46
6,211,46
6,211,46
6,205,46
6,211,46
6,211,46
6,205,46
6,205,46
6,205,46
6,206,47
6,201,47
6,201,47
6,201,47
6,201,47
6,201,47
5,190,47
5,184,47
5,184,47
5,186,48
5,186,48
5,186,48
5,186,48
5,186,48
6,197,48
6,197,48
6,197,48
6,197,48
5,186,48
5,186,48
5,186,48
5,186,48
5,186,48
6,197,48
6,197,48
6,197,48
6,198,49
6,195,51
6,195,51
6,194,50
6,194,50
6,194,50
6,194,50
6,194,50
6,194,50
6,194,50
6,194,50
6,194,50
6,194,50
6,194,50
6,194,50
6,193,49
6,193,49
6,193,49
6,193,49
6,193,49
7,191,48
6,197,48
6,197,48
7,195,47
7,195,47
7,190,47
6,184,47
6,181,48
5,175,48
6,170,48
6,170,48
5,163,47
4,161,46
4,161,46
4,164,45
4,164,45
3,159,45
3,159,45
4,161,46
4,161,46
4,161,46
4,161,46
4,161,46
7,213,43
8,211,41
9,217,40
9,217,40
9,217,40
8,218,41
8,219,42
8,213,42
7,213,43
7,213,43
7,213,43
7,209,44
7,209,44
7,209,44
7,213,43
7,213,43
7,214,44
8,214,44
7,215,45
7,215,45
7,215,45
6,210,45
6,210,45
6,210,45
6,210,45
6,210,45
6,210,45
6,211,46
6,201,47
6,198,49
6,194,50
6,190,51
6,183,53
6,190,51
6,202,48
6,211,46
6,211,46
6,211,46
6,210,45
6,210,45
6,210,45
6,210,45
6,210,45
6,210,45
6,214,44
6,210,45
6,210,45
7,214,44
7,214,44
6,210,45
6,210,45
7,215,45
6,210,45
6,210,45
6,210,45
6,210,45
6,210,45
6,211,46
6,211,46
6,211,46
6,211,46
6,215,45
6,215,45
6,215,45
6,215,45
6,214,44
6,220,44
6,220,44
6,220,44
6,220,44
6,215,45
6,215,45
6,215,45
6,215,45
6,215,45
6,215,45
6,215,45
6,215,45
6,211,46
6,211,46
6,211,46
6,211,46
6,211,46
6,211,46
6,215,45
6,211,46
6,215,45
6,215,45
6,215,45
6,215,45
6,215,45
6,215,45
6,215,45
6,215,45
6,215,45
6,214,44
6,214,44
6,215,45
6,215,45
6,215,45
7,216,46
7,216,46
7,216,46
7,216,46
7,216,46
7,216,46
7,216,46
7,216,46
7,217,47
6,219,49
6,219,49
6,219,49
6,219,49
6,219,49
7,217,47
7,216,46
7,216,46
6,211,46
6,211,46
6,211,46
6,211,46
6,206,47
6,206,47
6,206,47
6,206,47
6,206,47
6,206,47
6,206,47
6,206,47
6,206,47
6,206,47
6,205,46
7,200,46
6,201,47
5,190,47
5,190,47
5,184,47
5,186,48
5,186,48
5,186,48
5,186,48
5,186,48
6,197,48
6,197,48
6,198,49
6,198,49
5,187,49
5,186,48
5,186,48
5,186,48
6,197,48
6,197,48
6,197,48
6,198,49
6,198,49
6,199,50
6,195,51
6,195,51
6,195,51
6,194,50
6,194,50
6,194,50
6,194,50
6,194,50
6,194,50
6,194,50
6,194,50
6,194,50
6,193,49
6,193,49
6,193,49
6,193,49
6,193,49
6,193,49
6,193,49
6,193,49
7,191,48
6,197,48
7,197,48
7,191,48
6,186,48
6,181,48
6,170,48
6,167,49
5,161,49
5,159,48
4,157,47
4,161,46
5,166,46
4,166,46
5,166,46
5,166,46
5,166,46
5,166,46
4,161,46
4,161,46
4,161,46
7,213,43
8,211,41
9,217,40
9,217,40
9,217,40
9,218,41
8,219,42
7,213,43
7,213,43
7,213,43
7,209,44
7,209,44
7,209,44
7,209,44
7,209,44
7,209,44
8,214,44
8,214,44
8,215,45
8,215,45
8,221,45
7,215,45
6,210,45
6,210,45
6,210,45
6,210,45
6,210,45
6,211,46
6,206,47
6,198,49
6,194,50
6,190,51
6,183,53
6,186,52
6,198,49
6,206,47
6,211,46
6,211,46
6,210,45
6,210,45
6,210,45
6,210,45
6,210,45
6,210,45
6,210,45
6,210,45
6,210,45
6,210,45
6,210,45
6,210,45
6,210,45
6,210,45
6,210,45
6,211,46
6,211,46
6,211,46
6,211,46
6,211,46
6,211,46
6,211,46
6,211,46
6,211,46
6,211,46
6,215,45
6,215,45
6,215,45
6,215,45
6,214,44
6,214,44
6,215,45
6,215,45
6,215,45
6,215,45
6,215,45
6,215,45
6,215,45
6,215,45
6,215,45
6,215,45
6,211,46
6,211,46
6,211,46
6,211,46
6,215,45
6,215,45
6,215,45
6,215,45
6,215,45
6,215,45
6,215,45
6,215,45
6,215,45
6,215,45
6,214,44
6,214,44
6,214,44
6,214,44
6,214,44
6,214,44
6,215,45
6,215,45
6,215,45
6,215,45
7,216,46
7,216,46
7,216,46
7,216,46
7,216,46
7,216,46
6,219,49
6,219,49
6,219,49
6,219,49
6,219,49
6,219,49
7,216,46
7,216,46
6,211,46
6,211,46
6,211,46
6,212,47
6,206,47
6,206,47
6,206,47
6,206,47
6,206,47
6,206,47
5,207,48
6,207,48
6,206,47
6,206,47
6,206,47
6,206,47
6,201,47
5,190,47
5,190,47
5,186,48
5,186,48
5,186,48
5,186,48
5,186,48
5,186,48
6,198,49
6,198,49
6,198,49
6,198,49
6,198,49
6,193,49
5,187,49
6,193,49
6,198,49
6,198,49
6,198,49
6,198,49
6,198,49
6,199,50
6,200,51
5,200,51
5,200,51
6,200,51
6,199,50
6,199,50
6,199,50
6,198,49
6,198,49
6,198,49
6,198,49
6,198,49
6,198,49
6,193,49
6,193,49
6,193,49
6,193,49
6,193,49
6,193,49
6,193,49
6,193,49
6,191,48
6,191,48
6,186,48
6,186,48
6,181,48
6,172,49
5,168,50
5,161,49
5,159,48
5,163,47
5,166,46
5,166,46
5,166,46
5,166,46
5,166,46
5,166,46
5,166,46
5,166,46
4,161,46
4,161,46
7,213,43
7,213,43
9,217,40
9,217,40
9,217,40
9,218,41
8,213,42
7,213,43
7,213,43
7,213,43
7,209,44
7,209,44
7,209,44
7,209,44
7,209,44
7,209,44
7,214,44
8,214,44
8,215,45
8,215,45
8,221,45
7,216,46
7,216,46
7,215,45
6,210,45
6,211,46
6,211,46
6,211,46
6,211,46
6,201,47
6,198,49
6,194,50
6,186,52
6,194,50
6,198,49
6,202,48
6,206,47
6,211,46
6,211,46
6,211,46
6,211,46
6,211,46
6,205,46
6,210,45
6,210,45
6,210,45
6,210,45
6,210,45
6,210,45
6,210,45
6,210,45
6,215,45
6,215,45
6,210,45
6,211,46
6,211,46
6,211,46
6,211,46
6,211,46
6,211,46
6,211,46
6,211,46
6,211,46
6,211,46
6,215,45
6,211,46
6,211,46
6,210,45
6,210,45
6,215,45
6,215,45
6,215,45
6,215,45
6,215,45
6,215,45
6,215,45
6,215,45
6,215,45
6,215,45
6,211,46
6,211,46
6,211,46
6,211,46
6,215,45
6,215,45
6,215,45
6,215,45
6,215,45
6,220,44
6,215,45
6,215,45
6,215,45
6,215,45
6,214,44
6,214,44
6,214,44
6,214,44
6,214,44
6,214,44
6,214,44
6,214,44
6,214,44
6,214,44
6,215,45
6,215,45
6,215,45
7,216,46
7,216,46
7,216,46
7,217,47
6,219,49
6,219,49
6,219,49
6,219,49
6,219,49
7,218,48
7,217,47
7,217,47
6,212,47
6,213,48
6,213,48
5,207,48
5,207,48
6,206,47
6,206,47
6,206,47
5,207,48
5,207,48
5,207,48
6,207,48
6,206,47
6,206,47
6,206,47
6,201,47
5,190,47
5,190,47
5,186,48
5,186,48
5,186,48
5,186,48
5,186,48
5,186,48
6,198,49
6,198,49
6,198,49
6,198,49
6,198,49
6,193,49
6,193,49
6,198,49
6,198,49
6,198,49
6,198,49
6,198,49
6,198,49
5,199,50
5,200,51
5,200,51
5,200,51
5,200,51
6,200,51
6,199,50
6,199,50
6,198,49
6,198,49
6,198,49
6,198,49
6,198,49
6,198,49
6,193,49
6,193,49
6,193,49
6,193,49
6,193,49
6,193,49
6,189,50
6,193,49
6,191,48
6,191,48
6,186,48
6,186,48
6,181,48
6,172,49
6,173,50
6,172,49
6,168,47
5,166,46
5,166,46
5,166,46
5,166,46
5,166,46
5,166,46
5,166,46
5,166,46
5,166,46
5,166,46
5,166,46
7,213,43
7,213,43
7,213,43
8,210,40
9,217,40
9,217,40
9,218,41
8,213,42
7,213,43
7,213,43
7,213,43
7,214,44
7,209,44
7,209,44
7,209,44
6,210,45
7,209,44
7,209,44
7,215,45
7,215,45
7,216,46
8,222,46
7,216,46
7,216,46
6,211,46
6,211,46
6,211,46
6,211,46
6,211,46
6,211,46
6,211,46
6,211,46
6,206,47
6,198,49
6,198,49
6,197,48
6,201,47
6,206,47
6,205,46
6,211,46
6,205,46
6,205,46
6,201,47
6,201,47
6,205,46
6,210,45
6,210,45
6,210,45
6,210,45
6,210,45
6,210,45
6,210,45
6,215,45
6,210,45
6,210,45
6,211,46
6,210,45
6,211,46
6,211,46
6,211,46
6,211,46
6,211,46
6,211,46
6,211,46
6,215,45
6,215,45
6,211,46
6,211,46
6,210,45
6,210,45
6,215,45
6,215,45
6,215,45
6,215,45
6,215,45
6,215,45
6,215,45
6,215,45
6,215,45
7,216,46
6,211,46
6,211,46
6,211,46
6,211,46
6,215,45
6,215,45
6,215,45
6,220,44
6,220,44
6,220,44
6,220,44
6,215,45
6,215,45
6,215,45
6,215,45
6,214,44
6,214,44
6,214,44
6,214,44
6,214,44
6,214,44
6,214,44
6,214,44
6,214,44
6,214,44
6,214,44
6,215,45
6,215,45
6,215,45
7,216,46
7,216,46
7,217,47
6,219,49
6,219,49
6,219,49
7,218,48
7,218,48
7,223,48
7,223,48
7,218,48
7,218,48
6,213,48
5,207,48
5,207,48
5,208,49
5,208,49
5,208,49
5,208,49
5,208,49
5,208,49
5,207,48
6,206,47
6,206,47
6,206,47
6,201,47
6,195,47
5,191,48
6,191,48
5,186,48
5,186,48
5,186,48
5,187,49
5,187,49
6,193,49
6,198,49
6,198,49
6,198,49
6,198,49
6,198,49
6,198,49
6,198,49
6,198,49
6,198,49
6,198,49
6,198,49
6,198,49
6,198,49
5,200,51
5,200,51
5,200,51
5,200,51
5,195,51
5,195,51
6,194,50
6,199,50
6,198,49
6,198,49
6,198,49
6,198,49
6,198,49
6,193,49
6,193,49
6,193,49
6,193,49
6,193,49
6,193,49
6,189,50
6,193,49
6,191,48
6,191,48
5,186,48
6,186,48
6,186,48
6,175,48
6,177,49
6,170,48
5,168,47
5,166,46
5,166,46
5,166,46
5,166,46
5,166,46
5,166,46
5,166,46
5,166,46
5,166,46
5,166,46
5,166,46
5,168,47
7,213,43
7,213,43
7,213,43
7,211,41
7,210,40
7,210,40
8,213,42
8,213,42
7,213,43
7,213,43
7,213,43
7,214,44
7,214,44
7,209,44
6,210,45
6,210,45
6,210,45
6,210,45
6,210,45
7,216,46
7,216,46
7,216,46
7,216,46
7,216,46
6,211,46
7,216,46
7,215,45
6,215,45
6,215,45
6,215,45
6,215,45
6,215,45
6,211,46
6,205,46
6,201,47
6,201,47
6,201,47
6,205,46
6,205,46
6,205,46
6,205,46
6,201,47
7,191,48
7,191,48
7,195,47
7,210,45
6,210,45
6,210,45
7,209,44
7,209,44
7,209,44
7,209,44
6,210,45
6,210,45
6,204,45
6,205,46
6,205,46
6,205,46
6,211,46
6,211,46
6,211,46
6,211,46
6,211,46
6,211,46
6,215,45
6,215,45
6,211,46
6,211,46
6,211,46
6,210,45
6,215,45
6,215,45
6,215,45
6,215,45
6,215,45
6,215,45
6,215,45
6,215,45
6,215,45
7,215,45
7,216,46
7,216,46
7,215,45
6,215,45
6,215,45
6,215,45
6,215,45
6,220,44
6,220,44
6,220,44
6,220,44
6,220,44
6,215,45
6,215,45
6,214,44
6,214,44
6,215,45
6,214,44
6,214,44
6,214,44
6,214,44
6,214,44
6,214,44
6,214,44
6,214,44
6,214,44
6,215,45
6,215,45
6,215,45
6,215,45
7,216,46
7,217,47
6,219,49
6,219,49
6,219,49
7,218,48
6,219,49
7,218,48
7,223,48
6,223,48
6,218,48
6,218,48
6,213,48
6,213,49
5,208,49
5,208,49
5,208,49
5,208,49
5,208,49
5,208,49
5,207,48
6,207,48
6,206,47
6,201,47
6,201,47
6,202,48
6,197,48
5,191,48
6,191,48
5,186,48
5,187,49
5,187,49
4,187,49
4,187,49
6,193,49
6,198,49
6,198,49
6,198,49
6,198,49
6,198,49
6,198,49
6,198,49
6,198,49
6,198,49
6,198,49
6,198,49
6,198,49
5,200,51
5,200,51
5,200,51
5,200,51
5,196,52
6,195,51
6,194,50
6,199,50
6,198,49
6,198,49
6,198,49
6,198,49
6,198,49
6,198,49
6,193,49
6,193,49
6,193,49
6,193,49
6,193,49
6,193,49
6,191,48
6,197,48
6,197,48
6,191,48
5,186,48
6,186,48
7,186,48
6,175,48
6,175,48
5,175,48
6,172,46
6,172,46
6,172,46
6,172,46
6,172,46
6,172,46
6,172,46
5,166,46
5,166,46
5,166,46
5,166,46
5,168,47
7,208,43
7,213,43
7,208,43
6,206,42
6,205,41
7,211,41
8,213,42
8,213,42
8,213,42
7,213,43
7,213,43
7,214,44
7,214,44
6,210,45
6,210,45
6,210,45
6,210,45
6,210,45
6,211,46
6,211,46
6,211,46
6,211,46
6,211,46
6,211,46
6,211,46
6,211,46
6,210,45
6,210,45
6,215,45
6,215,45
6,215,45
6,214,44
6,215,45
6,210,45
6,204,45
5,198,45
6,200,46
6,204,45
6,204,45
6,204,45
6,205,46
5,194,46
7,191,48
7,191,48
7,195,47
7,210,45
6,210,45
7,209,44
7,209,44
7,209,44
7,209,44
7,209,44
7,209,44
6,204,45
5,198,45
6,200,46
5,200,46
6,205,46
6,211,46
6,211,46
6,211,46
6,211,46
6,211,46
6,215,45
6,215,45
6,215,45
6,215,45
6,215,45
6,215,45
6,215,45
6,214,44
6,215,45
6,215,45
6,215,45
6,215,45
6,215,45
6,215,45
6,215,45
6,215,45
7,215,45
7,215,45
6,215,45
6,215,45
6,215,45
6,215,45
6,215,45
6,215,45
6,220,44
6,220,44
6,220,44
6,220,44
6,220,44
6,215,45
6,215,45
6,214,44
6,215,45
6,215,45
6,215,45
6,215,45
6,215,45
6,215,45
6,214,44
6,214,44
6,214,44
6,214,44
6,214,44
6,214,44
6,215,45
6,215,45
6,215,45
6,215,45
7,216,46
7,217,47
7,218,48
7,218,48
6,219,49
6,219,49
6,219,49
6,223,48
6,223,48
6,218,48
6,218,48
6,219,49
6,219,49
6,219,49
6,219,49
6,219,49
6,213,49
5,208,49
5,208,49
5,207,48
6,207,48
6,207,48
6,202,48
6,202,48
6,202,48
6,197,48
6,197,48
6,197,48
6,198,49
5,187,49
4,187,49
4,187,49
4,187,49
4,187,49
5,193,49
5,193,49
6,198,49
6,198,49
6,198,49
6,198,49
6,198,49
6,198,49
6,198,49
6,198,49
6,198,49
6,198,49
5,199,50
5,200,51
5,200,51
5,196,52
5,196,52
5,191,52
6,195,51
6,194,50
6,198,49
6,198,49
6,198,49
6,198,49
6,198,49
6,198,49
6,198,49
6,198,49
6,193,49
6,198,49
6,197,48
6,197,48
6,197,48
6,197,48
6,197,48
6,197,48
6,191,48
6,186,48
6,186,48
6,181,48
6,181,48
6,174,47
6,172,46
6,172,46
6,172,46
5,172,46
5,172,46
6,172,46
5,168,47
5,168,47
5,168,47
5,170,48
5,170,48
5,170,48
7,208,43
7,208,43
7,208,43
7,206,42
6,206,42
6,206,42
7,206,42
8,213,42
8,213,42
7,213,43
7,213,43
7,214,44
7,214,44
6,210,45
6,210,45
6,210,45
6,210,45
6,211,46
6,211,46
6,211,46
6,211,46
6,211,46
7,212,47
6,205,46
6,211,46
6,211,46
6,210,45
6,210,45
6,210,45
6,210,45
6,214,44
6,214,44
6,214,44
6,214,44
6,209,44
6,204,45
6,204,45
5,204,45
5,203,44
5,203,44
5,203,44
5,198,45
5,194,46
6,195,47
7,204,45
7,209,44
7,209,44
7,209,44
7,209,44
7,209,44
7,209,44
7,209,44
6,203,44
6,203,44
6,198,45
6,198,45
6,200,46
5,200,46
6,205,46
6,211,46
6,211,46
6,211,46
6,215,45
6,215,45
6,215,45
6,215,45
6,215,45
6,215,45
6,215,45
6,215,45
6,214,44
6,215,45
6,215,45
6,215,45
6,215,45
6,215,45
7,215,45
6,215,45
7,215,45
7,215,45
8,221,45
7,221,45
7,221,45
7,220,44
6,215,45
6,215,45
6,215,45
6,215,45
6,215,45
6,215,45
6,220,44
6,220,44
6,215,45
6,215,45
6,215,45
6,215,45
6,215,45
6,215,45
6,215,45
6,215,45
6,215,45
6,215,45
6,214,44
6,214,44
6,214,44
6,214,44
6,215,45
6,215,45
6,215,45
6,215,45
6,215,45
6,215,45
7,216,46
7,217,47
7,218,48
7,218,48
6,219,49
6,219,49
6,219,49
6,219,49
6,219,49
6,219,49
6,219,49
6,219,49
6,219,49
6,219,49
6,219,49
6,219,49
6,219,49
5,208,49
5,208,49
6,207,48
6,202,48
6,202,48
6,202,48
6,202,48
6,198,49
6,197,48
6,197,48
6,198,49
6,198,49
6,198,49
4,187,49
4,187,49
4,187,49
4,187,49
5,193,49
6,198,49
6,198,49
6,198,49
6,198,49
6,198,49
6,197,48
6,197,48
6,197,48
6,197,48
6,197,48
6,198,49
6,199,50
6,200,51
5,196,52
5,192,53
6,192,53
6,191,52
6,194,50
6,194,50
6,194,50
6,198,49
6,198,49
6,198,49
6,198,49
6,198,49
6,198,49
6,198,49
6,197,48
6,197,48
6,197,48
6,197,48
6,197,48
6,197,48
6,197,48
6,197,48
7,191,48
6,186,48
7,186,48
6,181,48
6,179,47
6,172,46
6,172,46
5,172,46
5,172,46
6,172,46
5,168,47
5,168,47
5,170,48
5,170,48
5,170,48
5,170,48
4,165,48
6,202,43
6,202,43
6,202,43
7,206,42
6,206,42
6,206,42
7,206,42
7,208,43
7,213,43
7,213,43
7,213,43
7,214,44
6,210,45
6,210,45
6,210,45
6,210,45
6,210,45
6,211,46
6,211,46
6,211,46
6,211,46
6,211,46
6,206,47
6,206,47
6,205,46
6,211,46
6,210,45
6,210,45
6,210,45
6,210,45
6,214,44
6,214,44
6,214,44
6,214,44
6,209,44
6,203,44
6,203,44
5,203,44
5,203,44
5,203,44
5,203,44
6,203,44
6,203,44
7,204,45
7,209,44
7,209,44
7,214,44
7,214,44
7,214,44
7,209,44
7,209,44
6,203,44
6,203,44
5,197,44
5,198,45
5,198,45
5,198,45
5,200,46
5,200,46
6,211,46
6,211,46
6,211,46
6,215,45
6,215,45
6,215,45
6,215,45
6,215,45
6,215,45
6,215,45
6,215,45
6,220,44
6,215,45
6,215,45
6,215,45
6,215,45
6,215,45
7,215,45
7,215,45
7,215,45
8,221,45
8,227,45
7,220,44
6,220,44
6,220,44
6,220,44
6,215,45
6,215,45
6,215,45
6,215,45
6,215,45
6,220,44
6,220,44
6,220,44
6,215,45
6,215,45
6,215,45
6,215,45
6,215,45
6,215,45
6,215,45
6,215,45
6,215,45
6,215,45
6,215,45
6,215,45
6,215,45
6,215,45
6,215,45
6,215,45
6,215,45
6,215,45
6,215,45
7,221,45
8,222,46
7,218,48
7,218,48
6,219,49
6,219,49
6,219,49
6,219,49
6,219,49
6,219,49
6,219,49
6,219,49
6,219,49
6,219,49
6,219,49
6,219,49
6,219,49
6,213,49
5,208,49
6,207,48
6,202,48
6,202,48
6,202,48
6,202,48
6,198,49
6,198,49
6,198,49
6,198,49
6,198,49
6,198,49
6,198,49
4,187,49
4,187,49
4,187,49
4,187,49
5,193,49
6,198,49
6,198,49
6,198,49
6,197,48
6,197,48
6,201,47
6,201,47
6,197,48
6,197,48
6,197,48
6,198,49
6,199,50
5,196,52
6,192,53
6,192,53
6,191,52
6,194,50
6,194,50
6,194,50
6,194,50
6,194,50
6,193,49
6,193,49
6,198,49
6,198,49
6,197,48
6,197,48
6,197,48
6,197,48
6,201,47
6,201,47
6,197,48
6,197,48
6,197,48
6,191,48
7,190,47
7,186,48
6,181,48
6,181,48
6,174,47
6,174,47
5,174,47
5,174,47
5,168,47
5,168,47
5,170,48
5,170,48
4,170,48
4,170,48
4,170,48
4,170,48
6,202,43
6,202,43
6,200,42
6,200,42
6,200,42
7,206,42
7,206,42
7,208,43
7,213,43
7,213,43
7,214,44
7,214,44
6,210,45
6,210,45
6,210,45
6,210,45
6,210,45
6,211,46
6,211,46
6,211,46
6,211,46
6,206,47
6,206,47
6,206,47
6,206,47
6,205,46
6,210,45
6,210,45
6,210,45
6,210,45
6,210,45
6,214,44
6,214,44
6,214,44
6,209,44
6,203,44
6,203,44
6,203,44
6,202,43
6,202,43
6,202,43
6,202,43
6,203,44
7,209,44
7,209,44
7,214,44
7,214,44
7,214,44
7,214,44
7,209,44
7,209,44
6,203,44
6,203,44
6,203,44
6,203,44
5,197,44
5,198,45
5,200,46
6,205,46
6,211,46
6,211,46
6,211,46
6,215,45
6,215,45
6,215,45
6,220,44
6,215,45
6,215,45
6,215,45
6,220,44
6,220,44
6,215,45
6,215,45
6,215,45
6,215,45
6,215,45
6,211,46
7,215,45
6,215,45
6,215,45
8,227,45
8,226,44
7,226,44
6,220,44
6,220,44
6,215,45
6,215,45
6,215,45
6,215,45
6,215,45
6,220,44
6,220,44
6,220,44
6,215,45
6,215,45
6,215,45
6,215,45
6,215,45
6,215,45
6,215,45
6,215,45
6,215,45
6,215,45
6,215,45
6,215,45
6,215,45
6,215,45
6,215,45
6,215,45
6,215,45
6,215,45
7,221,45
7,221,45
7,227,46
7,222,47
7,218,48
6,219,49
6,219,49
6,219,49
6,219,49
6,219,49
6,219,49
6,219,49
6,219,49
6,219,49
6,219,49
6,219,49
6,219,49
6,219,49
6,219,49
5,208,49
6,207,48
6,202,48
6,202,48
6,202,48
6,202,48
6,202,48
6,202,48
6,198,49
6,198,49
6,198,49
6,198,49
6,198,49
5,193,49
4,187,49
4,187,49
4,187,49
4,187,49
5,193,49
6,198,49
6,198,49
6,197,48
6,195,47
6,201,47
6,201,47
6,197,48
6,197,48
6,197,48
6,198,49
6,198,49
6,200,51
6,196,52
5,191,52
6,190,51
6,194,50
6,194,50
6,194,50
6,198,49
6,198,49
6,198,49
6,198,49
6,198,49
6,198,49
6,197,48
6,197,48
6,197,48
6,201,47
6,201,47
6,201,47
6,195,47
6,197,48
6,197,48
7,191,48
6,184,47
7,186,48
6,181,48
6,181,48
6,174,47
6,174,47
6,172,46
5,168,47
5,166,46
5,168,47
5,168,47
5,170,48
4,170,48
4,170,48
4,170,48
4,170,48
6,202,43
6,200,42
6,200,42
6,200,42
6,200,42
6,200,42
7,208,43
7,208,43
7,213,43
7,213,43
7,214,44
7,214,44
7,214,44
6,210,45
6,210,45
6,210,45
6,210,45
6,211,46
6,211,46
6,211,46
6,206,47
6,206,47
6,206,47
6,206,47
6,206,47
6,211,46
6,210,45
6,210,45
6,210,45
6,210,45
6,210,45
6,214,44
6,214,44
6,214,44
6,209,44
6,203,44
6,203,44
6,202,43
6,202,43
6,202,43
6,202,43
6,208,43
6,209,44
7,209,44
7,209,44
7,209,44
7,209,44
7,209,44
7,209,44
7,209,44
7,209,44
6,203,44
6,203,44
6,203,44
6,203,44
6,203,44
5,198,45
6,205,46
6,211,46
6,211,46
6,211,46
6,215,45
6,215,45
6,220,44
6,220,44
6,220,44
6,220,44
6,220,44
6,215,45
6,215,45
6,215,45
6,215,45
6,215,45
6,215,45
6,215,45
6,215,45
6,211,46
7,216,46
6,215,45
6,215,45
7,221,45
7,221,45
6,220,44
6,220,44
6,220,44
6,220,44
6,215,45
6,215,45
6,215,45
6,215,45
6,215,45
6,215,45
6,220,44
6,215,45
6,215,45
6,215,45
6,215,45
6,215,45
6,215,45
6,215,45
6,215,45
6,215,45
6,215,45
6,215,45
6,215,45
6,215,45
6,215,45
6,215,45
6,215,45
6,215,45
6,215,45
7,221,45
8,227,45
8,227,45
7,222,47
7,218,48
7,219,49
6,219,49
6,219,49
6,219,49
6,219,49
6,219,49
6,219,49
6,219,49
6,219,49
6,219,49
6,219,49
6,219,49
6,219,49
6,219,49
6,219,49
6,207,48
6,202,48
6,202,48
6,202,48
6,202,48
6,202,48
6,202,48
6,198,49
6,198,49
6,198,49
6,198,49
6,198,49
6,198,49
6,198,49
4,187,49
4,187,49
4,187,49
4,187,49
5,187,49
5,186,48
6,191,48
6,197,48
6,195,47
6,195,47
6,197,48
6,197,48
6,197,48
6,198,49
6,198,49
6,198,49
6,199,50
6,195,51
6,194,50
7,199,50
7,199,50
7,199,50
6,198,49
7,199,50
6,198,49
6,198,49
6,198,49
6,198,49
6,198,49
6,197,48
7,202,48
7,202,48
6,201,47
6,201,47
6,197,48
6,197,48
6,191,48
7,190,47
6,184,47
7,186,48
6,181,48
6,175,48
6,174,47
6,174,47
5,166,46
5,163,47
5,166,46
5,166,46
5,168,47
5,168,47
4,170,48
4,170,48
4,170,48
4,170,48
6,206,42
6,200,42
6,200,42
6,200,42
6,200,42
6,202,43
6,202,43
7,208,43
7,208,43
7,214,44
7,214,44
7,214,44
7,209,44
6,210,45
6,210,45
6,210,45
6,211,46
6,211,46
6,205,46
6,206,47
6,206,47
6,206,47
6,206,47
6,206,47
6,205,46
6,210,45
6,210,45
6,210,45
6,210,45
6,210,45
6,210,45
6,210,45
6,214,44
6,214,44
6,209,44
6,203,44
6,202,43
6,202,43
6,202,43
6,202,43
6,202,43
6,208,43
6,209,44
7,209,44
7,209,44
6,210,45
6,210,45
6,210,45
6,210,45
7,209,44
7,209,44
6,203,44
6,203,44
6,203,44
6,203,44
5,203,44
4,198,45
5,204,45
6,211,46
6,211,46
6,211,46
6,215,45
6,215,45
6,220,44
6,220,44
6,220,44
6,220,44
6,220,44
6,215,45
6,215,45
6,215,45
6,215,45
6,215,45
6,215,45
6,211,46
6,211,46
6,211,46
7,216,46
6,215,45
6,215,45
7,221,45
7,221,45
6,220,44
6,220,44
6,220,44
6,220,44
6,220,44
6,215,45
6,215,45
6,215,45
6,215,45
6,215,45
6,215,45
6,215,45
6,215,45
6,215,45
6,215,45
6,215,45
6,215,45
6,215,45
6,215,45
6,215,45
6,215,45
6,215,45
6,215,45
6,215,45
6,215,45
6,215,45
6,215,45
6,215,45
6,215,45
8,227,45
8,227,45
8,227,45
8,227,45
6,223,48
7,219,49
6,214,50
6,214,50
6,219,49
6,219,49
6,219,49
6,219,49
6,219,49
6,219,49
6,219,49
6,219,49
6,219,49
6,219,49
6,219,49
6,219,49
5,208,49
6,202,48
6,202,48
6,202,48
6,202,48
6,202,48
6,202,48
6,202,48
6,198,49
6,198,49
6,198,49
6,198,49
6,198,49
6,198,49
6,198,49
4,187,49
4,187,49
4,187,49
5,187,49
5,186,48
5,186,48
5,186,48
6,197,48
6,197,48
6,197,48
6,197,48
6,197,48
6,198,49
6,198,49
6,198,49
6,199,50
6,199,50
7,199,50
7,199,50
7,199,50
7,199,50
7,199,50
7,199,50
7,199,50
7,199,50
6,198,49
6,198,49
6,198,49
7,203,49
7,202,48
7,202,48
7,202,48
7,202,48
6,197,48
6,197,48
6,190,47
6,184,47
6,184,47
6,181,48
7,170,48
6,165,48
6,165,48
5,163,47
5,163,47
5,163,47
5,163,47
5,163,47
4,163,47
5,168,47
4,168,47
4,170,48
4,170,48
4,170,48
6,206,42
6,206,42
6,206,42
5,200,42
6,200,42
6,202,43
7,208,43
7,208,43
7,208,43
7,214,44
7,214,44
7,214,44
7,209,44
6,210,45
6,210,45
6,205,46
6,205,46
6,205,46
6,205,46
6,206,47
6,206,47
6,206,47
6,206,47
6,205,46
6,211,46
6,210,45
6,210,45
6,210,45
6,210,45
6,210,45
6,210,45
6,210,45
6,214,44
7,209,44
7,209,44
7,208,43
6,202,43
6,202,43
6,202,43
6,202,43
6,202,43
7,208,43
6,214,44
7,209,44
6,210,45
6,210,45
6,210,45
6,210,45
6,210,45
6,210,45
6,210,45
6,204,45
6,204,45
6,203,44
5,203,44
5,203,44
5,204,45
6,210,45
6,211,46
6,211,46
6,211,46
6,215,45
6,215,45
6,220,44
6,220,44
6,220,44
6,220,44
6,220,44
6,214,44
6,215,45
6,215,45
6,215,45
6,215,45
6,215,45
6,211,46
6,211,46
6,211,46
6,215,45
6,215,45
6,215,45
7,221,45
7,220,44
6,220,44
6,220,44
6,220,44
6,220,44
6,220,44
6,215,45
6,215,45
6,215,45
6,215,45
6,215,45
6,215,45
6,215,45
6,215,45
6,215,45
6,215,45
6,215,45
6,215,45
6,215,45
6,215,45
6,215,45
6,215,45
6,215,45
6,215,45
6,215,45
6,215,45
6,215,45
6,215,45
6,215,45
6,215,45
8,227,45
8,227,45
8,227,45
8,227,45
7,228,47
6,223,48
6,219,49
6,214,50
6,214,50
6,219,49
6,219,49
6,219,49
6,219,49
6,219,49
6,219,49
6,219,49
6,219,49
6,219,49
6,219,49
6,219,49
5,208,49
5,203,49
6,202,48
6,202,48
6,202,48
6,202,48
6,202,48
6,198,49
6,198,49
6,198,49
6,198,49
6,198,49
6,198,49
6,198,49
6,198,49
6,193,49
4,187,49
4,187,49
5,186,48
5,186,48
5,186,48
5,186,48
5,186,48
6,197,48
6,197,48
6,197,48
6,197,48
6,198,49
6,198,49
6,198,49
6,198,49
6,198,49
6,198,49
6,198,49
8,204,50
8,204,50
8,204,50
8,204,50
8,204,50
8,204,50
7,203,49
7,203,49
7,203,49
7,203,49
7,203,49
7,203,49
7,202,48
7,202,48
6,197,48
6,191,48
5,184,47
6,184,47
6,181,48
6,175,48
6,167,49
6,167,49
6,165,48
5,163,47
5,163,47
5,163,47
5,163,47
5,163,47
4,163,47
5,168,47
5,170,48
4,170,48
4,170,48
4,170,48
6,206,42
6,206,42
6,206,42
5,200,42
6,200,42
6,202,43
7,208,43
7,208,43
7,208,43
7,214,44
7,214,44
7,214,44
7,209,44
6,210,45
6,210,45
6,205,46
6,205,46
6,205,46
6,205,46
6,206,47
6,206,47
6,206,47
6,211,46
6,211,46
6,211,46
6,210,45
6,210,45
6,210,45
6,210,45
6,210,45
6,210,45
6,210,45
6,210,45
7,209,44
7,209,44
7,208,43
7,208,43
6,202,43
6,202,43
6,202,43
7,213,43
7,214,44
7,214,44
7,209,44
6,210,45
6,210,45
6,210,45
6,211,46
6,211,46
6,211,46
6,210,45
6,204,45
6,204,45
6,204,45
6,204,45
6,210,45
6,210,45
6,210,45
6,211,46
6,211,46
6,211,46
6,215,45
6,220,44
6,220,44
6,220,44
6,220,44
6,220,44
6,214,44
6,215,45
6,215,45
6,215,45
6,215,45
6,215,45
6,215,45
6,215,45
6,215,45
6,215,45
6,215,45
6,215,45
6,215,45
6,220,44
6,220,44
6,220,44
6,220,44
6,220,44
6,220,44
6,220,44
6,215,45
6,215,45
6,215,45
6,215,45
6,215,45
6,215,45
6,215,45
6,215,45
6,215,45
6,215,45
6,215,45
6,215,45
6,215,45
6,215,45
6,215,45
6,215,45
6,215,45
6,215,45
6,215,45
6,215,45
6,215,45
6,215,45
6,215,45
6,215,45
7,221,45
8,227,45
8,227,45
8,227,45
7,228,47
6,223,48
6,219,49
6,219,49
6,219,49
6,219,49
6,219,49
6,219,49
6,219,49
6,219,49
6,219,49
6,219,49
6,219,49
6,219,49
6,219,49
6,219,49
5,208,49
6,208,49
5,203,49
6,202,48
6,202,48
6,202,48
6,202,48
6,198,49
6,198,49
6,198,49
6,198,49
6,198,49
6,198,49
6,198,49
6,198,49
6,198,49
5,187,49
5,186,48
5,186,48
5,186,48
5,186,48
5,186,48
5,186,48
6,191,48
6,198,49
6,197,48
6,197,48
6,198,49
6,198,49
6,198,49
6,198,49
6,198,49
6,198,49
7,203,49
7,203,49
7,203,49
8,204,50
8,204,50
8,204,50
7,203,49
7,203,49
7,203,49
7,203,49
7,203,49
7,203,49
7,203,49
7,203,49
7,203,49
6,197,48
6,191,48
5,184,47
6,186,48
6,181,48
6,177,49
6,172,49
6,167,49
6,165,48
5,166,46
5,166,46
5,166,46
5,166,46
5,166,46
4,163,47
5,168,47
5,168,47
5,175,48
4,170,48
4,170,48
5,200,42
5,200,42
5,200,42
5,200,42
6,200,42
6,202,43
7,208,43
7,208,43
7,209,44
7,209,44
7,209,44
7,209,44
6,210,45
6,210,45
6,205,46
6,205,46
6,205,46
6,205,46
6,206,47
6,206,47
6,206,47
6,206,47
6,211,46
6,211,46
6,211,46
6,210,45
6,210,45
6,210,45
6,210,45
6,210,45
6,210,45
6,210,45
6,210,45
7,209,44
7,209,44
6,208,43
7,208,43
7,208,43
7,213,43
7,213,43
7,213,43
6,214,44
7,214,44
6,210,45
6,210,45
6,210,45
6,205,46
6,205,46
6,205,46
6,205,46
6,205,46
6,205,46
6,204,45
6,204,45
6,204,45
6,210,45
6,210,45
6,211,46
6,211,46
6,211,46
6,215,45
6,215,45
6,220,44
6,220,44
6,220,44
6,220,44
6,214,44
6,215,45
6,215,45
6,215,45
6,215,45
6,215,45
6,215,45
6,215,45
6,215,45
6,215,45
6,215,45
6,215,45
6,215,45
6,220,44
6,220,44
6,220,44
6,220,44
6,220,44
6,220,44
6,220,44
6,220,44
6,215,45
6,215,45
6,215,45
6,215,45
6,215,45
6,215,45
6,215,45
6,215,45
6,215,45
6,215,45
6,215,45
6,215,45
6,215,45
6,215,45
6,215,45
6,215,45
6,215,45
6,215,45
6,215,45
6,215,45
6,215,45
6,215,45
6,215,45
6,215,45
7,221,45
8,227,45
8,227,45
8,227,45
7,228,47
6,223,48
6,218,48
6,218,48
6,219,49
6,219,49
6,219,49
6,219,49
6,219,49
6,219,49
6,219,49
6,219,49
6,219,49
6,219,49
6,219,49
6,219,49
6,213,49
5,208,49
5,203,49
5,203,49
6,203,49
6,203,49
6,203,49
6,198,49
6,198,49
6,198,49
6,198,49
6,198,49
6,198,49
6,198,49
6,198,49
6,198,49
5,186,48
5,186,48
5,186,48
5,186,48
5,186,48
5,186,48
5,187,49
5,187,49
6,193,49
6,198,49
6,198,49
6,198,49
6,198,49
6,198,49
6,198,49
6,198,49
6,198,49
7,203,49
7,203,49
7,203,49
8,204,50
7,203,49
7,203,49
7,203,49
7,203,49
7,203,49
8,204,50
8,204,50
7,203,49
7,203,49
7,203,49
6,198,49
6,191,48
6,191,48
5,184,47
6,184,47
6,181,48
6,181,48
6,177,49
6,170,48
6,174,47
6,174,47
6,174,47
5,168,47
5,168,47
5,168,47
5,168,47
5,168,47
6,174,47
6,181,48
6,181,48
5,175,48
6,202,43
6,200,42
7,199,41
6,199,41
6,200,42
6,202,43
7,208,43
7,209,44
7,209,44
7,209,44
7,209,44
7,209,44
6,210,45
6,210,45
6,205,46
6,205,46
6,205,46
6,205,46
6,205,46
6,206,47
6,206,47
6,211,46
6,211,46
6,211,46
6,210,45
6,210,45
6,210,45
6,210,45
6,210,45
6,210,45
6,210,45
6,210,45
6,210,45
6,210,45
6,208,43
7,213,43
7,213,43
7,213,43
7,213,43
7,213,43
7,213,43
7,214,44
6,210,45
6,210,45
6,210,45
6,205,46
6,205,46
6,205,46
6,206,47
6,205,46
6,205,46
6,205,46
6,205,46
6,210,45
6,211,46
6,211,46
6,211,46
6,211,46
6,211,46
6,211,46
6,215,45
6,215,45
6,220,44
6,220,44
6,220,44
7,220,44
6,215,45
6,215,45
6,215,45
6,215,45
6,215,45
6,215,45
6,215,45
6,215,45
6,215,45
6,215,45
6,215,45
6,215,45
6,215,45
6,220,44
6,220,44
6,220,44
6,220,44
6,220,44
6,220,44
6,220,44
6,214,44
6,215,45
6,215,45
6,215,45
6,215,45
6,215,45
6,215,45
6,215,45
6,215,45
6,215,45
6,215,45
6,215,45
6,215,45
6,215,45
6,215,45
6,215,45
6,215,45
6,215,45
6,215,45
6,215,45
6,215,45
6,215,45
6,215,45
6,215,45
6,215,45
7,221,45
8,227,45
8,227,45
8,227,45
7,228,47
6,217,47
6,218,48
6,218,48
6,219,49
6,219,49
6,219,49
6,219,49
6,219,49
6,219,49
6,219,49
6,219,49
6,219,49
6,219,49
6,219,49
6,219,49
6,219,49
5,208,49
5,203,49
5,204,50
5,204,50
6,204,50
6,203,49
6,198,49
6,198,49
6,198,49
6,198,49
6,198,49
6,198,49
6,198,49
6,198,49
6,197,48
5,186,48
5,186,48
5,186,48
5,186,48
5,186,48
5,186,48
5,187,49
6,193,49
6,198,49
6,198,49
6,198,49
6,198,49
6,198,49
6,198,49
6,198,49
6,198,49
6,198,49
6,198,49
7,203,49
7,203,49
8,204,50
7,203,49
8,204,50
8,204,50
8,204,50
8,204,50
8,204,50
8,204,50
8,204,50
8,204,50
6,198,49
6,198,49
6,191,48
6,191,48
5,184,47
5,184,47
6,184,47
6,184,47
6,179,47
6,179,47
5,179,47
5,179,47
5,179,47
5,174,47
6,174,47
5,168,47
5,168,47
6,181,48
6,181,48
6,181,48
6,181,48
6,181,48
6,202,43
6,200,42
7,199,41
7,199,41
6,200,42
6,202,43
7,203,44
7,209,44
7,209,44
7,209,44
7,209,44
7,209,44
6,210,45
6,210,45
6,205,46
6,205,46
6,205,46
6,205,46
6,211,46
6,211,46
6,211,46
6,211,46
6,211,46
6,211,46
6,211,46
6,210,45
6,210,45
6,210,45
6,210,45
6,210,45
6,210,45
6,210,45
6,210,45
6,210,45
6,209,44
7,213,43
7,213,43
7,213,43
7,213,43
7,214,44
7,214,44
7,209,44
6,210,45
6,210,45
6,205,46
6,205,46
6,205,46
6,205,46
6,206,47
6,206,47
6,205,46
6,205,46
6,205,46
6,210,45
6,211,46
6,211,46
6,211,46
6,211,46
6,211,46
6,211,46
6,215,45
6,215,45
6,220,44
6,220,44
6,220,44
7,220,44
6,215,45
6,215,45
6,215,45
6,215,45
6,215,45
6,215,45
6,215,45
6,215,45
6,215,45
6,215,45
6,215,45
6,215,45
6,215,45
6,220,44
6,220,44
6,220,44
6,220,44
6,220,44
6,220,44
6,214,44
6,214,44
6,215,45
6,215,45
6,215,45
6,215,45
6,215,45
6,215,45
6,215,45
6,215,45
6,215,45
6,215,45
6,215,45
6,215,45
6,215,45
6,215,45
6,215,45
6,215,45
6,215,45
6,215,45
6,215,45
6,215,45
6,215,45
6,215,45
6,215,45
6,215,45
7,221,45
8,227,45
8,227,45
8,227,45
7,228,47
6,217,47
6,218,48
6,218,48
6,219,49
6,213,49
6,219,49
6,219,49
6,219,49
6,219,49
6,219,49
6,219,49
6,219,49
6,219,49
6,219,49
6,219,49
6,219,49
6,213,49
5,208,49
5,204,50
5,204,50
5,204,50
6,204,50
6,198,49
6,198,49
6,198,49
6,198,49
6,198,49
6,198,49
6,198,49
6,198,49
6,197,48
6,191,48
5,186,48
5,186,48
5,186,48
5,186,48
5,186,48
6,193,49
6,198,49
6,198,49
6,198,49
6,198,49
6,198,49
6,198,49
6,198,49
6,198,49
6,198,49
6,198,49
6,198,49
6,198,49
7,203,49
8,204,50
7,199,50
7,199,50
7,199,50
7,199,50
6,194,50
6,190,51
6,194,50
7,199,50
7,199,50
6,198,49
6,198,49
6,191,48
6,191,48
6,190,47
6,190,47
5,184,47
6,184,47
6,184,47
6,184,47
6,184,47
6,184,47
6,184,47
6,184,47
6,184,47
6,179,47
6,179,47
6,179,47
6,179,47
6,181,48
5,181,48
5,181,48
6,200,42
7,199,41
7,199,41
7,199,41
6,202,43
7,203,44
7,203,44
7,209,44
7,209,44
7,209,44
7,209,44
7,209,44
6,210,45
6,210,45
6,210,45
6,205,46
6,205,46
6,205,46
6,211,46
6,211,46
6,211,46
6,211,46
6,211,46
6,211,46
6,211,46
6,210,45
6,210,45
6,210,45
6,210,45
6,210,45
6,210,45
6,210,45
6,210,45
6,210,45
6,214,44
7,213,43
7,213,43
7,213,43
7,214,44
7,214,44
7,209,44
6,210,45
6,210,45
6,205,46
6,205,46
6,205,46
6,205,46
6,206,47
6,206,47
6,206,47
6,205,46
6,205,46
6,205,46
6,211,46
6,211,46
6,211,46
6,211,46
6,211,46
6,211,46
6,215,45
6,215,45
6,220,44
6,220,44
6,220,44
6,220,44
6,214,44
6,215,45
6,215,45
6,216,46
6,217,47
6,216,46
6,216,46
6,216,46
6,215,45
6,215,45
6,215,45
6,215,45
6,215,45
6,215,45
6,220,44
6,220,44
6,220,44
6,220,44
6,220,44
6,220,44
6,214,44
6,214,44
6,215,45
6,215,45
6,215,45
6,215,45
6,215,45
6,215,45
6,215,45
6,215,45
6,215,45
6,215,45
6,215,45
6,215,45
6,215,45
6,215,45
6,215,45
6,215,45
6,215,45
6,215,45
6,215,45
6,215,45
6,215,45
6,215,45
6,215,45
6,215,45
8,227,45
8,227,45
8,227,45
8,227,45
7,222,47
6,217,47
5,213,48
5,213,48
5,213,48
6,213,49
5,213,48
6,218,48
6,219,49
6,213,49
6,213,49
6,219,49
6,219,49
6,219,49
6,219,49
6,219,49
6,219,49
6,219,49
6,213,49
5,208,49
5,204,50
5,204,50
5,204,50
5,199,50
6,198,49
6,198,49
6,198,49
6,198,49
6,198,49
6,198,49
6,198,49
6,197,48
6,197,48
6,191,48
5,186,48
5,186,48
5,186,48
6,191,48
6,198,49
6,198,49
6,198,49
6,198,49
6,198,49
6,198,49
6,198,49
6,198,49
6,198,49
6,198,49
6,198,49
6,198,49
6,198,49
6,198,49
7,199,50
7,199,50
6,194,50
6,194,50
6,190,51
6,186,52
6,186,52
6,186,52
6,194,50
6,194,50
6,193,49
6,193,49
6,191,48
6,191,48
6,190,47
6,190,47
6,190,47
6,184,47
6,184,47
6,184,47
6,184,47
6,184,47
6,184,47
6,184,47
6,184,47
6,184,47
6,184,47
6,184,47
6,184,47
6,184,47
6,184,47
6,184,47
6,200,42
6,205,41
7,199,41
7,199,41
7,199,41
6,196,43
6,197,44
7,203,44
7,209,44
7,209,44
7,209,44
7,209,44
7,209,44
6,210,45
6,210,45
6,205,46
6,205,46
6,205,46
6,205,46
6,211,46
6,211,46
6,211,46
6,211,46
6,211,46
6,211,46
6,211,46
6,210,45
6,210,45
6,210,45
6,210,45
6,210,45
6,210,45
6,210,45
6,210,45
6,210,45
6,214,44
6,214,44
6,214,44
6,214,44
7,214,44
7,209,44
7,209,44
6,210,45
6,210,45
6,210,45
6,205,46
6,205,46
6,205,46
6,205,46
6,205,46
6,205,46
6,205,46
6,205,46
6,205,46
6,211,46
6,211,46
6,211,46
6,211,46
6,211,46
6,211,46
6,215,45
6,215,45
6,220,44
6,220,44
6,220,44
6,214,44
6,215,45
6,215,45
6,217,47
7,222,47
6,223,48
6,218,48
6,218,48
6,216,46
6,211,46
6,215,45
6,215,45
6,215,45
6,215,45
6,214,44
6,214,44
6,214,44
6,220,44
6,220,44
6,219,43
6,219,43
6,219,43
6,214,44
6,215,45
6,215,45
6,215,45
6,215,45
6,215,45
6,215,45
6,215,45
6,215,45
6,215,45
6,215,45
6,215,45
6,215,45
6,215,45
6,215,45
6,215,45
6,215,45
6,215,45
6,215,45
6,215,45
6,215,45
6,215,45
6,215,45
6,215,45
7,221,45
8,227,45
8,227,45
8,227,45
7,222,46
6,217,47
5,213,48
5,213,48
5,213,48
6,213,49
6,213,49
6,213,49
5,213,48
5,213,48
6,213,49
6,213,49
6,213,49
6,213,49
6,219,49
6,219,49
6,219,49
6,219,49
6,219,49
6,219,49
6,213,49
5,204,50
5,204,50
5,204,50
6,204,50
6,203,49
6,198,49
6,203,49
6,198,49
6,198,49
6,198,49
6,198,49
6,198,49
6,197,48
6,197,48
6,197,48
6,197,48
6,197,48
6,198,49
6,198,49
6,198,49
6,198,49
6,198,49
6,198,49
6,198,49
6,198,49
6,198,49
6,198,49
6,198,49
6,198,49
6,198,49
6,198,49
6,198,49
6,194,50
6,186,52
6,190,51
6,190,51
6,186,52
6,186,52
6,186,52
6,186,52
6,194,50
6,194,50
6,194,50
6,193,49
6,193,49
6,191,48
6,191,48
6,191,48
6,190,47
6,190,47
7,190,47
6,184,47
6,184,47
6,184,47
6,184,47
6,184,47
6,184,47
6,184,47
6,184,47
6,184,47
6,184,47
6,184,47
6,184,47
6,184,47
6,184,47
7,204,40
7,204,40
7,199,41
7,199,41
6,191,44
6,191,44
6,197,44
7,209,44
7,209,44
7,209,44
7,209,44
7,209,44
6,210,45
6,210,45
6,205,46
6,205,46
6,205,46
6,205,46
6,211,46
6,211,46
6,211,46
6,211,46
6,211,46
6,211,46
6,211,46
6,210,45
6,210,45
6,210,45
6,210,45
6,210,45
6,210,45
6,210,45
6,210,45
6,210,45
6,210,45
6,214,44
6,214,44
6,214,44
7,209,44
6,210,45
6,210,45
6,210,45
6,210,45
6,210,45
6,210,45
6,205,46
6,205,46
6,205,46
6,205,46
6,205,46
6,205,46
6,206,47
6,205,46
6,205,46
6,211,46
6,211,46
6,211,46
6,211,46
6,211,46
6,215,45
6,215,45
6,215,45
6,220,44
6,220,44
6,214,44
6,215,45
6,217,47
7,217,47
6,218,48
6,223,48
6,218,48
6,218,48
5,213,48
6,211,46
6,216,46
6,215,45
6,215,45
6,215,45
6,214,44
6,214,44
6,214,44
6,220,44
6,219,43
6,219,43
6,219,43
6,219,43
6,220,44
6,214,44
6,215,45
6,215,45
6,215,45
6,215,45
6,215,45
6,215,45
5,216,46
5,216,46
6,215,45
6,215,45
6,215,45
6,215,45
6,215,45
6,215,45
6,215,45
6,215,45
6,215,45
6,215,45
6,215,45
6,215,45
6,215,45
6,215,45
7,221,45
7,221,45
8,227,45
8,227,45
7,222,46
6,217,47
5,213,48
5,208,49
5,208,49
5,208,49
6,213,49
6,213,49
5,213,48
5,213,48
6,213,49
6,213,49
6,213,49
6,214,50
6,214,50
6,219,49
6,219,49
6,223,48
6,219,49
6,219,49
6,219,49
5,208,49
5,204,50
5,204,50
6,204,50
5,199,50
6,198,49
6,203,49
6,198,49
6,198,49
6,198,49
6,198,49
6,198,49
6,197,48
6,197,48
6,197,48
6,197,48
6,198,49
6,198,49
6,198,49
6,198,49
6,198,49
6,198,49
6,198,49
6,198,49
6,198,49
6,198,49
6,198,49
6,198,49
6,198,49
6,198,49
6,198,49
6,198,49
6,186,52
6,183,53
6,186,52
6,186,52
6,190,51
6,190,51
6,190,51
6,190,51
6,194,50
6,194,50
6,194,50
6,193,49
6,198,49
6,197,48
6,197,48
6,197,48
6,197,48
6,191,48
7,190,47
7,190,47
7,190,47
7,190,47
7,190,47
7,190,47
6,184,47
6,184,47
6,184,47
6,184,47
6,184,47
6,184,47
6,184,47
6,184,47
7,204,40
6,205,41
7,205,41
6,202,43
6,191,44
6,191,44
7,204,45
7,209,44
7,209,44
7,214,44
7,209,44
7,209,44
6,210,45
6,210,45
6,205,46
6,205,46
6,206,47
6,206,47
6,205,46
6,211,46
6,211,46
6,206,47
6,206,47
6,211,46
6,211,46
6,211,46
6,210,45
6,210,45
6,210,45
6,210,45
6,205,46
6,205,46
6,205,46
6,210,45
6,210,45
6,214,44
6,214,44
6,214,44
6,214,44
6,210,45
6,210,45
6,210,45
6,210,45
6,210,45
6,210,45
6,205,46
6,205,46
6,205,46
6,205,46
6,205,46
6,205,46
6,206,47
6,205,46
6,205,46
6,211,46
6,211,46
6,211,46
6,211,46
6,211,46
6,215,45
6,215,45
6,215,45
6,215,45
6,215,45
6,215,45
6,215,45
6,216,46
7,217,47
6,223,48
6,223,48
6,223,48
6,218,48
6,218,48
6,213,48
7,216,46
6,215,45
6,215,45
6,215,45
6,214,44
6,214,44
6,214,44
6,214,44
6,219,43
6,219,43
6,219,43
6,219,43
6,220,44
6,220,44
6,214,44
6,220,44
6,220,44
6,215,45
6,221,45
6,221,45
6,215,45
5,216,46
6,215,45
6,215,45
6,215,45
6,215,45
6,215,45
6,215,45
6,215,45
6,215,45
6,215,45
6,215,45
6,215,45
6,215,45
6,215,45
6,215,45
7,221,45
7,221,45
8,227,45
7,222,46
7,222,47
6,218,48
5,213,48
5,208,49
5,208,49
5,208,49
5,208,49
5,208,49
5,213,48
5,213,48
6,213,49
6,213,49
6,214,50
6,214,50
6,214,50
6,219,49
6,219,49
7,223,48
7,223,48
7,218,48
6,219,49
6,219,49
5,203,49
5,204,50
6,204,50
6,204,50
6,203,49
6,202,48
6,198,49
6,198,49
6,198,49
6,198,49
6,198,49
6,197,48
6,197,48
6,197,48
6,197,48
6,198,49
6,198,49
6,198,49
6,198,49
6,198,49
6,198,49
6,198,49
6,198,49
6,198,49
6,198,49
6,198,49
6,198,49
6,198,49
6,198,49
6,198,49
6,198,49
6,186,52
6,183,53
6,186,52
6,190,51
6,194,50
6,194,50
6,194,50
6,194,50
6,194,50
6,194,50
6,194,50
6,193,49
6,198,49
6,197,48
6,197,48
6,197,48
6,197,48
6,197,48
7,191,48
7,190,47
7,190,47
7,190,47
6,190,47
7,190,47
6,184,47
6,184,47
6,184,47
6,184,47
6,184,47
6,184,47
6,184,47
6,184,47
6,206,42
6,206,42
6,206,42
7,208,43
6,203,44
7,209,44
7,210,45
7,209,44
7,209,44
7,214,44
7,209,44
6,210,45
6,210,45
6,210,45
6,205,46
6,205,46
6,205,46
6,206,47
6,206,47
6,206,47
6,206,47
6,206,47
6,206,47
6,206,47
6,206,47
6,211,46
6,210,45
6,210,45
6,210,45
6,210,45
6,210,45
6,210,45
6,210,45
6,210,45
6,210,45
6,210,45
6,214,44
6,214,44
6,214,44
6,214,44
6,210,45
6,210,45
6,210,45
6,210,45
6,210,45
6,211,46
6,211,46
6,205,46
6,205,46
6,205,46
6,205,46
6,205,46
6,205,46
6,211,46
6,211,46
6,210,45
6,211,46
6,215,45
6,215,45
6,215,45
6,215,45
6,215,45
6,215,45
6,215,45
6,215,45
6,215,45
7,215,45
7,217,47
7,223,48
6,223,48
6,223,48
7,223,48
7,218,48
7,217,47
7,216,46
7,216,46
6,215,45
6,215,45
6,215,45
6,214,44
6,214,44
6,214,44
6,214,44
6,219,43
6,219,43
6,219,43
6,219,43
6,220,44
6,220,44
6,220,44
6,220,44
6,220,44
6,220,44
6,220,44
6,221,45
6,215,45
6,215,45
6,215,45
6,215,45
6,215,45
6,215,45
6,220,44
6,215,45
6,215,45
6,215,45
6,215,45
6,215,45
6,215,45
6,215,45
7,221,45
7,221,45
8,227,45
7,227,46
7,222,46
7,222,47
6,218,48
5,213,48
5,208,49
5,208,49
5,208,49
5,208,49
5,208,49
6,213,49
6,213,49
6,213,49
6,213,49
6,213,49
6,213,49
6,219,49
6,219,49
6,219,49
7,223,48
7,223,48
7,223,48
7,218,48
7,219,49
5,203,49
6,203,49
6,204,50
5,199,50
5,199,50
6,198,49
6,198,49
6,198,49
6,198,49
6,198,49
6,198,49
6,197,48
6,197,48
6,197,48
6,197,48
6,197,48
6,197,48
6,198,49
6,198,49
6,198,49
6,198,49
6,198,49
6,198,49
6,198,49
6,198,49
6,198,49
6,198,49
6,198,49
6,198,49
6,198,49
6,198,49
6,198,49
6,190,51
6,194,50
6,194,50
6,194,50
6,194,50
6,194,50
6,194,50
6,194,50
6,194,50
6,194,50
6,194,50
6,198,49
6,197,48
6,197,48
6,197,48
6,197,48
6,197,48
7,191,48
7,191,48
7,190,47
6,190,47
6,190,47
6,190,47
6,184,47
6,186,48
6,186,48
6,186,48
6,186,48
6,186,48
6,186,48
6,186,48
6,206,42
6,206,42
7,213,42
7,213,43
7,214,44
7,214,44
7,209,44
7,209,44
7,214,44
7,209,44
6,210,45
6,210,45
6,210,45
6,210,45
6,205,46
6,205,46
6,205,46
6,205,46
6,206,47
6,206,47
6,206,47
6,206,47
6,206,47
6,206,47
6,206,47
6,206,47
6,211,46
6,210,45
6,210,45
6,210,45
6,210,45
6,210,45
6,210,45
6,210,45
6,210,45
6,210,45
6,210,45
6,210,45
6,210,45
6,214,44
6,214,44
6,210,45
6,210,45
6,210,45
6,210,45
6,210,45
6,210,45
6,211,46
6,205,46
6,205,46
6,205,46
6,205,46
6,205,46
6,211,46
6,210,45
6,210,45
6,211,46
6,211,46
6,211,46
6,215,45
6,215,45
6,215,45
6,215,45
6,215,45
6,215,45
6,215,45
7,215,45
7,216,46
8,222,46
8,227,45
8,222,46
7,222,47
7,222,47
8,222,46
7,216,46
7,216,46
7,221,45
6,215,45
6,215,45
7,215,45
7,215,45
7,215,45
6,214,44
6,219,43
6,219,43
6,219,43
6,219,43
6,220,44
6,220,44
6,220,44
6,220,44
6,220,44
6,220,44
6,220,44
6,215,45
6,215,45
6,215,45
6,215,45
6,215,45
6,215,45
6,214,44
6,220,44
6,214,44
6,214,44
6,215,45
6,215,45
6,215,45
6,215,45
6,215,45
6,215,45
7,221,45
7,222,46
7,227,46
7,222,46
7,222,47
6,217,47
5,213,48
5,208,49
5,208,49
5,208,49
5,208,49
5,208,49
6,213,49
6,213,49
6,213,49
6,219,49
6,219,49
6,219,49
6,219,49
6,219,49
6,219,49
7,218,48
7,217,47
7,217,47
7,218,48
7,213,48
6,203,49
6,203,49
5,199,50
5,199,50
5,199,50
5,199,50
6,198,49
6,198,49
6,198,49
6,198,49
6,198,49
6,197,48
6,197,48
6,191,48
6,191,48
6,197,48
6,197,48
6,197,48
6,197,48
6,197,48
6,198,49
6,198,49
6,198,49
6,198,49
6,198,49
6,198,49
6,198,49
6,198,49
6,198,49
6,198,49
6,198,49
6,198,49
6,198,49
6,198,49
6,198,49
6,194,50
6,194,50
6,194,50
6,194,50
6,194,50
6,194,50
6,194,50
7,198,49
6,198,49
6,197,48
6,197,48
6,197,48
6,197,48
6,197,48
7,191,48
6,186,48
6,184,47
5,184,47
5,186,48
6,186,48
6,186,48
6,186,48
5,182,49
6,186,48
6,186,48
6,186,48
7,191,48
6,191,48
6,206,42
7,213,42
7,213,42
7,213,43
6,214,44
6,214,44
6,214,44
7,209,44
6,214,44
6,210,45
6,210,45
6,210,45
6,210,45
6,210,45
6,210,45
6,210,45
6,205,46
6,205,46
6,206,47
6,206,47
6,206,47
6,206,47
6,206,47
6,206,47
6,206,47
6,206,47
6,211,46
6,210,45
6,210,45
6,210,45
6,210,45
6,210,45
6,210,45
6,210,45
6,210,45
6,210,45
6,210,45
6,210,45
6,210,45
6,210,45
6,210,45
6,210,45
6,210,45
6,210,45
6,210,45
6,211,46
6,205,46
6,205,46
6,206,47
6,205,46
6,211,46
6,211,46
6,211,46
6,210,45
6,210,45
6,210,45
6,211,46
6,211,46
6,211,46
6,211,46
6,215,45
6,215,45
6,215,45
6,215,45
6,215,45
6,215,45
7,215,45
7,215,45
8,227,45
8,227,45
8,227,45
8,222,46
8,222,46
8,222,46
8,222,46
8,222,46
7,221,45
7,221,45
7,216,46
7,216,46
7,212,47
7,212,47
6,214,44
6,214,44
6,219,43
6,219,43
6,219,43
6,220,44
6,220,44
6,220,44
6,220,44
6,220,44
6,221,45
6,221,45
6,215,45
6,215,45
6,215,45
6,215,45
6,215,45
6,215,45
6,215,45
6,220,44
6,214,44
6,214,44
6,214,44
6,215,45
6,215,45
6,215,45
6,215,45
6,215,45
6,215,45
7,221,45
7,227,46
6,222,46
6,222,47
5,217,47
5,213,48
5,213,48
5,208,49
5,208,49
5,208,49
5,208,49
6,213,49
6,213,49
6,219,49
6,219,49
6,219,49
6,219,49
6,219,49
6,219,49
6,219,49
7,218,48
7,217,47
8,217,47
7,213,48
7,207,48
6,203,49
5,199,50
6,199,50
6,199,50
6,199,50
5,199,50
6,198,49
6,198,49
6,198,49
6,198,49
6,198,49
6,197,48
5,186,48
5,186,48
6,191,48
6,197,48
6,195,47
6,195,47
6,197,48
6,197,48
6,197,48
6,198,49
6,198,49
6,198,49
6,198,49
6,198,49
6,198,49
6,198,49
6,198,49
6,198,49
6,198,49
6,198,49
6,198,49
6,198,49
6,198,49
6,198,49
6,194,50
6,194,50
6,194,50
6,194,50
6,193,49
6,198,49
6,198,49
6,197,48
7,202,48
6,197,48
6,197,48
6,197,48
6,197,48
7,191,48
6,186,48
6,184,47
5,186,48
5,186,48
5,186,48
5,186,48
6,186,48
5,182,49
6,187,49
6,186,48
6,191,48
6,197,48
6,197,48
6,206,42
7,213,42
7,213,42
7,213,43
6,214,44
6,214,44
6,214,44
6,214,44
6,214,44
6,214,44
6,210,45
6,210,45
6,210,45
6,210,45
6,210,45
6,210,45
6,210,45
6,205,46
6,205,46
6,205,46
6,206,47
6,206,47
6,206,47
6,206,47
6,206,47
6,206,47
6,211,46
6,210,45
6,210,45
6,210,45
6,210,45
6,210,45
6,210,45
6,210,45
6,210,45
6,214,44
6,214,44
6,210,45
6,210,45
6,210,45
6,210,45
6,210,45
6,210,45
6,210,45
6,210,45
6,211,46
6,211,46
6,211,46
6,205,46
6,211,46
6,211,46
6,210,45
6,210,45
6,210,45
6,210,45
6,210,45
6,210,45
6,211,46
6,211,46
6,215,45
6,215,45
6,215,45
6,215,45
6,215,45
6,215,45
6,215,45
6,215,45
7,221,45
8,226,44
8,227,45
8,227,45
8,221,45
8,222,46
8,222,46
8,222,46
8,222,46
7,221,45
8,222,46
7,216,46
6,211,46
7,212,47
7,212,47
7,215,45
6,214,44
6,219,43
6,219,43
6,219,43
6,220,44
6,220,44
6,220,44
6,220,44
6,220,44
6,220,44
6,220,44
6,220,44
6,215,45
6,215,45
6,215,45
6,215,45
6,215,45
6,215,45
6,221,45
6,215,45
6,214,44
6,214,44
6,215,45
6,215,45
6,215,45
6,215,45
6,215,45
6,215,45
6,215,45
7,222,46
6,222,46
6,222,47
6,217,47
6,218,48
5,213,48
5,208,49
5,208,49
5,208,49
5,208,49
6,213,49
6,213,49
6,219,49
6,219,49
6,219,49
6,219,49
6,219,49
6,219,49
6,219,49
7,218,48
7,218,48
7,218,48
8,213,48
6,202,48
6,203,49
6,194,50
6,194,50
6,194,50
6,199,50
6,198,49
6,198,49
6,198,49
6,198,49
6,198,49
6,198,49
6,191,48
5,186,48
5,186,48
5,190,47
6,195,47
6,201,47
6,201,47
6,201,47
6,202,48
6,197,48
6,198,49
6,198,49
6,198,49
6,198,49
6,198,49
6,198,49
6,198,49
6,198,49
6,198,49
6,198,49
6,198,49
6,198,49
6,198,49
6,198,49
6,198,49
6,194,50
6,194,50
6,194,50
6,194,50
6,193,49
6,198,49
7,202,48
7,202,48
7,202,48
7,202,48
6,197,48
6,197,48
6,197,48
6,186,48
6,184,47
6,184,47
5,186,48
5,186,48
5,186,48
5,186,48
5,182,49
5,182,49
6,187,49
6,191,48
6,191,48
6,197,48
6,197,48
7,213,42
7,213,42
7,219,42
7,219,43
7,219,43
6,214,44
6,214,44
6,214,44
6,214,44
6,214,44
6,210,45
6,210,45
6,210,45
6,210,45
6,210,45
6,210,45
6,210,45
6,211,46
6,205,46
6,205,46
6,205,46
6,205,46
6,205,46
6,205,46
6,205,46
6,211,46
6,211,46
6,210,45
6,210,45
6,210,45
6,210,45
6,210,45
6,210,45
6,210,45
6,210,45
6,210,45
6,210,45
6,210,45
6,210,45
6,210,45
6,210,45
6,210,45
6,210,45
6,210,45
6,210,45
6,211,46
6,211,46
6,211,46
6,205,46
6,211,46
6,210,45
6,210,45
6,210,45
6,210,45
6,210,45
6,210,45
6,210,45
6,211,46
6,211,46
6,215,45
6,215,45
6,215,45
6,215,45
6,215,45
6,215,45
6,215,45
6,215,45
7,214,44
8,226,44
8,227,45
8,221,45
8,221,45
8,221,45
8,222,46
7,216,46
8,222,46
8,222,46
8,222,46
7,216,46
7,216,46
7,215,45
7,215,45
6,214,44
6,214,44
7,220,44
6,219,43
6,219,43
6,220,44
6,220,44
6,220,44
6,220,44
6,220,44
6,220,44
6,220,44
6,220,44
6,215,45
6,215,45
6,215,45
6,215,45
6,215,45
6,215,45
6,215,45
6,215,45
6,215,45
6,215,45
6,215,45
6,215,45
6,215,45
6,215,45
6,215,45
6,215,45
6,215,45
6,216,46
6,216,46
6,222,46
6,217,47
6,218,48
6,218,48
6,213,49
6,213,49
5,208,49
6,213,49
6,213,49
6,213,49
6,213,49
6,219,49
6,219,49
6,219,49
6,219,49
6,219,49
6,219,49
7,218,48
7,218,48
7,218,48
7,213,48
6,203,49
5,199,50
6,194,50
6,194,50
6,194,50
6,198,49
6,198,49
6,198,49
6,198,49
6,198,49
6,198,49
6,198,49
6,191,48
6,191,48
6,191,48
5,190,47
6,201,47
6,201,47
6,201,47
6,201,47
6,201,47
6,197,48
6,197,48
6,198,49
6,198,49
6,198,49
6,198,49
6,198,49
6,198,49
6,198,49
6,198,49
6,198,49
6,198,49
6,198,49
6,198,49
6,199,50
6,194,50
6,194,50
6,194,50
6,194,50
6,194,50
6,193,49
7,197,48
8,202,48
7,202,48
7,202,48
6,197,48
6,197,48
6,197,48
7,191,48
6,186,48
6,184,47
6,184,47
6,184,47
5,186,48
5,186,48
5,186,48
5,186,48
6,187,49
6,187,49
6,191,48
6,191,48
6,191,48
6,191,48
7,210,40
7,211,41
7,218,41
7,219,42
7,219,43
6,219,43
6,219,43
6,214,44
6,214,44
6,214,44
6,214,44
6,210,45
6,210,45
6,210,45
6,210,45
6,210,45
6,210,45
6,211,46
6,205,46
6,205,46
6,205,46
6,205,46
6,205,46
6,205,46
6,205,46
6,205,46
6,211,46
6,211,46
6,211,46
6,211,46
6,211,46
6,211,46
6,211,46
6,211,46
6,210,45
6,210,45
6,210,45
6,210,45
6,210,45
6,210,45
6,210,45
6,210,45
6,210,45
6,210,45
6,204,45
7,204,45
7,204,45
7,204,45
6,205,46
6,210,45
6,210,45
6,210,45
6,210,45
6,210,45
6,210,45
6,210,45
6,211,46
6,211,46
6,211,46
6,211,46
6,215,45
6,215,45
6,215,45
6,215,45
6,214,44
6,214,44
6,215,45
7,215,45
6,215,45
6,215,45
6,215,45
7,215,45
7,216,46
7,216,46
6,211,46
7,216,46
7,216,46
7,221,45
7,221,45
6,215,45
6,215,45
7,215,45
6,214,44
6,214,44
7,220,44
6,220,44
6,220,44
6,220,44
6,220,44
6,215,45
6,215,45
6,215,45
6,220,44
6,220,44
6,220,44
6,215,45
6,215,45
6,215,45
6,215,45
6,215,45
6,215,45
6,215,45
6,215,45
6,215,45
6,215,45
6,215,45
6,215,45
6,215,45
6,215,45
6,215,45
6,215,45
6,215,45
6,216,46
6,216,46
6,216,46
6,217,47
6,218,48
6,218,48
6,219,49
6,213,49
6,213,49
6,213,49
6,213,49
6,213,49
5,208,49
5,208,49
5,208,49
5,208,49
5,208,49
6,219,49
6,219,49
6,219,49
6,219,49
7,219,49
7,213,49
6,204,50
6,204,50
6,199,50
6,199,50
6,198,49
6,198,49
6,198,49
6,198,49
6,198,49
6,198,49
6,198,49
6,197,48
6,197,48
6,197,48
6,197,48
6,202,48
6,201,47
6,201,47
6,201,47
6,201,47
6,201,47
6,202,48
6,197,48
6,198,49
6,198,49
6,198,49
6,198,49
6,198,49
5,200,51
5,200,51
5,200,51
5,200,51
6,200,51
6,200,51
6,199,50
6,199,50
6,194,50
6,194,50
6,194,50
6,194,50
6,193,49
7,198,49
7,197,48
8,202,48
8,202,48
7,197,48
7,197,48
6,197,48
6,197,48
7,191,48
6,184,47
6,184,47
6,184,47
6,184,47
5,184,47
5,186,48
5,186,48
6,186,48
5,182,49
5,182,49
5,186,48
6,191,48
6,191,48
5,186,48
7,210,40
6,210,40
7,218,41
7,219,42
6,219,43
6,219,43
6,219,43
6,214,44
6,214,44
6,214,44
6,214,44
6,210,45
6,210,45
6,210,45
6,210,45
6,210,45
6,205,46
6,206,47
6,201,47
6,201,47
6,205,46
6,205,46
6,205,46
6,205,46
6,205,46
6,205,46
6,211,46
6,211,46
6,211,46
6,211,46
6,211,46
6,211,46
6,211,46
6,211,46
6,211,46
6,211,46
6,210,45
6,210,45
6,210,45
6,210,45
6,210,45
6,204,45
6,204,45
6,204,45
6,204,45
7,204,45
7,204,45
7,204,45
7,204,45
6,204,45
6,210,45
6,210,45
6,210,45
6,210,45
6,210,45
6,210,45
6,210,45
6,210,45
6,211,46
6,211,46
6,211,46
6,215,45
6,215,45
6,214,44
6,220,44
7,220,44
6,214,44
6,215,45
6,215,45
6,215,45
6,215,45
7,215,45
7,216,46
6,211,46
6,211,46
6,211,46
7,216,46
6,215,45
7,221,45
6,214,44
6,214,44
6,214,44
7,215,45
6,214,44
6,220,44
6,220,44
6,220,44
6,220,44
6,220,44
6,215,45
6,220,44
6,220,44
6,220,44
6,220,44
6,220,44
6,215,45
6,215,45
6,215,45
6,215,45
6,216,46
6,216,46
7,222,46
6,215,45
6,215,45
6,215,45
6,215,45
6,215,45
6,215,45
6,215,45
6,215,45
6,215,45
6,215,45
6,215,45
6,216,46
6,216,46
6,217,47
6,218,48
6,218,48
6,219,49
6,219,49
6,213,49
6,213,49
6,213,49
5,208,49
5,208,49
5,208,49
5,208,49
5,208,49
5,208,49
5,208,49
6,213,49
6,219,49
6,219,49
6,219,49
7,213,49
6,209,50
5,204,50
6,199,50
6,199,50
6,198,49
6,197,48
6,197,48
6,197,48
6,197,48
6,198,49
6,197,48
6,197,48
6,197,48
6,197,48
6,202,48
6,202,48
6,202,48
6,202,48
6,201,47
6,201,47
6,202,48
6,202,48
6,202,48
6,198,49
6,198,49
6,198,49
6,198,49
6,200,51
5,200,51
5,200,51
5,200,51
5,200,51
6,200,51
6,200,51
5,195,51
6,194,50
6,194,50
6,194,50
6,194,50
6,189,50
6,189,50
6,193,49
7,197,48
8,202,48
8,202,48
7,197,48
7,197,48
6,197,48
6,197,48
7,191,48
7,190,47
6,184,47
6,184,47
5,184,47
5,184,47
5,184,47
5,186,48
5,182,49
5,182,49
4,177,49
4,177,49
4,181,48
5,186,48
5,186,48
7,210,40
7,209,39
7,216,39
7,218,41
6,219,43
6,219,43
6,219,43
6,214,44
6,214,44
6,214,44
6,214,44
6,210,45
6,210,45
6,210,45
6,211,46
6,205,46
6,206,47
6,201,47
6,201,47
6,201,47
6,201,47
6,205,46
6,205,46
6,210,45
6,210,45
6,211,46
6,211,46
6,211,46
6,211,46
6,211,46
6,211,46
6,211,46
6,211,46
6,211,46
6,211,46
6,211,46
6,210,45
6,210,45
6,210,45
6,210,45
6,205,46
6,204,45
6,204,45
5,198,45
5,198,45
6,198,45
6,198,45
7,204,45
7,204,45
6,204,45
6,204,45
6,204,45
6,210,45
6,210,45
6,210,45
6,210,45
6,210,45
6,210,45
6,210,45
6,211,46
6,211,46
6,215,45
6,215,45
6,220,44
6,220,44
6,220,44
6,214,44
6,215,45
6,215,45
6,215,45
6,215,45
6,215,45
6,215,45
6,211,46
6,211,46
6,211,46
6,215,45
6,215,45
6,214,44
6,214,44
6,214,44
6,214,44
6,210,45
6,210,45
6,220,44
6,220,44
6,220,44
6,220,44
6,215,45
6,220,44
6,220,44
6,220,44
6,220,44
6,220,44
6,220,44
6,220,44
6,215,45
6,215,45
6,215,45
6,217,47
6,217,47
7,222,47
7,222,47
6,215,45
6,215,45
6,215,45
6,215,45
6,215,45
6,215,45
6,215,45
6,215,45
6,215,45
6,215,45
6,216,46
6,216,46
7,222,47
6,223,48
6,223,48
6,219,49
6,219,49
6,219,49
6,213,49
6,213,49
5,208,49
5,208,49
5,208,49
5,208,49
5,208,49
5,208,49
5,208,49
5,208,49
6,219,49
6,219,49
6,219,49
6,213,49
5,204,50
5,204,50
6,199,50
6,198,49
6,198,49
6,197,48
6,197,48
6,197,48
6,197,48
6,197,48
6,197,48
6,197,48
6,202,48
6,202,48
6,202,48
6,202,48
6,202,48
6,197,48
6,197,48
6,202,48
6,202,48
6,202,48
6,198,49
6,198,49
6,198,49
6,198,49
5,200,51
5,200,51
5,200,51
5,200,51
5,200,51
5,200,51
5,200,51
5,200,51
5,195,51
5,195,51
6,194,50
6,194,50
6,194,50
6,194,50
6,194,50
7,198,49
8,202,48
8,202,48
8,202,48
7,197,48
7,197,48
7,197,48
6,191,48
7,191,48
6,190,47
6,190,47
6,190,47
6,188,46
6,190,47
5,184,47
6,186,48
5,182,49
5,177,49
5,173,50
4,168,50
5,172,49
5,175,48
5,181,48
8,209,39
7,209,39
7,216,39
7,218,41
7,219,43
7,219,43
7,213,43
6,214,44
6,214,44
6,214,44
6,214,44
6,210,45
6,211,46
6,205,46
6,205,46
6,206,47
6,206,47
6,201,47
6,201,47
6,201,47
6,201,47
6,205,46
6,205,46
6,210,45
6,210,45
6,205,46
6,211,46
6,211,46
6,211,46
6,211,46
6,211,46
6,211,46
6,211,46
6,211,46
6,211,46
6,211,46
6,211,46
6,211,46
6,211,46
6,211,46
6,211,46
6,204,45
5,198,45
5,198,45
5,198,45
6,198,45
6,198,45
6,198,45
7,203,44
6,203,44
6,204,45
6,204,45
6,210,45
6,210,45
6,210,45
6,210,45
6,210,45
6,210,45
6,211,46
6,211,46
6,211,46
6,215,45
6,214,44
6,220,44
6,219,43
6,219,43
6,220,44
6,214,44
6,215,45
6,215,45
6,215,45
6,215,45
6,215,45
6,211,46
6,211,46
6,210,45
6,215,45
6,215,45
6,214,44
6,214,44
6,214,44
6,214,44
6,205,46
6,205,46
6,214,44
6,214,44
6,220,44
6,220,44
6,220,44
6,220,44
6,220,44
6,220,44
6,220,44
6,220,44
6,220,44
6,220,44
6,215,45
6,215,45
6,215,45
6,217,47
6,223,48
6,223,48
7,222,47
7,222,46
7,221,45
6,215,45
6,215,45
6,215,45
6,215,45
6,215,45
6,215,45
6,215,45
6,215,45
6,216,46
6,216,46
7,222,47
7,222,47
6,223,48
6,223,48
6,219,49
6,219,49
6,213,49
6,213,49
5,208,49
5,208,49
5,208,49
5,208,49
5,208,49
5,208,49
5,208,49
5,208,49
6,219,49
6,219,49
6,219,49
6,213,49
5,203,49
5,204,50
6,203,49
6,198,49
6,198,49
6,197,48
6,197,48
6,197,48
6,197,48
6,197,48
6,197,48
6,197,48
6,202,48
6,202,48
6,202,48
6,197,48
6,197,48
6,197,48
6,197,48
6,197,48
6,197,48
6,198,49
6,198,49
6,198,49
6,198,49
6,198,49
5,200,51
5,200,51
5,200,51
5,200,51
5,200,51
5,200,51
5,200,51
5,200,51
6,200,51
5,195,51
6,194,50
6,194,50
6,194,50
7,199,50
7,198,49
8,202,48
8,202,48
8,207,48
8,202,48
8,202,48
7,197,48
7,197,48
6,191,48
6,191,48
6,190,47
6,190,47
6,188,46
6,188,46
6,188,46
6,190,47
6,184,47
6,177,49
5,170,51
5,167,52
5,162,52
4,167,49
5,172,49
5,175,48
7,209,39
7,209,39
7,209,39
6,211,41
7,213,43
7,213,43
6,214,44
7,214,44
6,214,44
6,214,44
6,210,45
6,205,46
6,205,46
6,205,46
6,205,46
6,205,46
6,211,46
6,206,47
6,201,47
6,201,47
6,205,46
6,205,46
6,210,45
6,210,45
6,210,45
6,210,45
6,211,46
6,211,46
6,211,46
6,211,46
6,211,46
6,211,46
6,211,46
6,211,46
6,211,46
6,211,46
6,211,46
6,211,46
6,211,46
6,211,46
6,211,46
6,210,45
6,204,45
5,198,45
5,198,45
6,198,45
5,193,45
6,197,44
6,197,44
6,203,44
6,204,45
6,204,45
6,204,45
6,210,45
6,210,45
6,210,45
6,210,45
6,210,45
6,211,46
6,211,46
6,211,46
6,211,46
6,215,45
6,214,44
6,219,43
6,219,43
6,220,44
6,214,44
6,215,45
6,215,45
6,215,45
6,215,45
6,215,45
6,211,46
6,211,46
6,210,45
6,215,45
6,215,45
6,214,44
6,214,44
6,214,44
6,215,45
6,205,46
6,205,46
6,215,45
6,214,44
6,220,44
6,220,44
6,220,44
6,220,44
6,220,44
6,220,44
6,220,44
6,220,44
6,220,44
6,215,45
6,215,45
6,215,45
6,216,46
6,218,48
6,223,48
6,223,48
6,223,48
7,222,47
6,215,45
6,215,45
6,215,45
6,215,45
6,215,45
6,215,45
6,215,45
6,215,45
6,215,45
6,216,46
6,216,46
6,217,47
6,223,48
6,223,48
6,223,48
6,219,49
6,219,49
6,219,49
6,213,49
5,208,49
5,208,49
5,208,49
5,208,49
5,208,49
5,208,49
5,208,49
5,208,49
6,213,49
6,219,49
6,219,49
7,213,49
5,203,49
5,203,49
6,203,49
6,203,49
6,197,48
6,197,48
6,197,48
6,197,48
6,197,48
6,197,48
6,202,48
6,202,48
6,202,48
6,202,48
6,202,48
6,197,48
6,197,48
6,198,49
6,198,49
6,198,49
6,198,49
6,198,49
6,198,49
6,198,49
6,198,49
6,199,50
5,200,51
5,200,51
5,200,51
6,205,51
6,210,51
6,210,51
6,210,51
6,210,51
6,210,51
7,210,51
7,209,50
7,204,50
8,204,50
8,203,49
8,203,49
8,202,48
8,207,48
8,207,48
8,202,48
8,202,48
7,197,48
6,197,48
6,197,48
6,191,48
6,190,47
6,188,46
6,188,46
6,188,46
6,188,46
6,188,46
6,184,47
6,177,49
4,164,53
5,162,55
5,162,55
5,162,52
4,167,49
5,175,48
7,204,40
7,209,39
6,210,40
7,213,42
7,208,43
7,208,43
7,209,44
7,209,44
7,209,44
7,209,44
7,209,44
6,205,46
6,205,46
6,205,46
6,205,46
6,211,46
6,211,46
6,205,46
6,205,46
6,205,46
6,205,46
6,210,45
6,210,45
6,210,45
6,210,45
6,210,45
6,210,45
6,211,46
6,211,46
6,211,46
6,211,46
6,211,46
6,211,46
6,211,46
6,211,46
6,211,46
6,211,46
6,211,46
6,211,46
6,210,45
6,211,46
6,210,45
6,204,45
6,198,45
6,198,45
6,198,45
5,193,45
5,193,45
6,197,44
7,203,44
6,204,45
6,204,45
6,204,45
6,210,45
6,210,45
6,210,45
6,210,45
6,211,46
6,211,46
6,211,46
6,211,46
6,211,46
6,215,45
6,214,44
6,214,44
6,214,44
6,214,44
6,214,44
6,215,45
6,215,45
6,215,45
6,215,45
6,215,45
6,211,46
6,211,46
6,210,45
6,215,45
6,215,45
6,214,44
6,214,44
6,214,44
6,214,44
6,215,45
6,215,45
6,215,45
6,215,45
6,220,44
6,220,44
6,220,44
6,220,44
6,220,44
6,220,44
6,215,45
6,215,45
6,215,45
6,215,45
6,215,45
6,216,46
6,216,46
6,218,48
6,218,48
6,223,48
6,223,48
7,222,47
6,215,45
6,215,45
6,215,45
6,215,45
6,215,45
6,215,45
6,215,45
6,215,45
6,215,45
6,216,46
6,217,47
6,218,48
6,218,48
6,223,48
6,219,49
6,219,49
6,219,49
6,219,49
6,213,49
5,208,49
5,208,49
5,208,49
5,208,49
5,208,49
5,208,49
5,208,49
5,208,49
5,208,49
7,213,49
7,213,49
6,208,49
6,203,49
6,203,49
6,198,49
6,198,49
6,198,49
6,197,48
6,197,48
6,197,48
6,197,48
6,201,47
6,201,47
6,202,48
6,202,48
6,202,48
6,202,48
6,198,49
6,198,49
6,198,49
6,198,49
6,198,49
6,198,49
6,198,49
6,198,49
6,198,49
6,198,49
5,200,51
5,200,51
5,200,51
6,210,51
6,210,51
6,210,51
6,210,51
6,210,51
6,210,51
6,210,51
6,210,51
7,210,51
7,209,50
8,208,49
8,208,49
8,208,49
8,207,48
8,207,48
8,207,48
8,207,48
7,202,48
7,202,48
6,197,48
6,197,48
7,195,47
6,190,47
6,188,46
6,188,46
6,188,46
6,188,46
6,184,47
6,184,47
6,181,48
5,159,53
6,149,58
6,149,58
5,153,55
5,168,50
5,177,49
7,204,40
7,204,40
7,210,40
6,205,41
7,206,42
7,208,43
7,208,43
7,208,43
7,209,44
6,203,44
6,203,44
6,204,45
6,204,45
6,204,45
6,210,45
6,210,45
6,210,45
6,211,46
6,211,46
6,210,45
6,210,45
6,210,45
6,210,45
6,210,45
6,210,45
6,210,45
6,210,45
6,210,45
6,211,46
6,211,46
6,211,46
6,211,46
6,211,46
6,211,46
6,211,46
6,211,46
6,211,46
6,211,46
6,211,46
6,211,46
6,211,46
6,211,46
6,205,46
6,205,46
6,198,45
6,198,45
5,193,45
5,193,45
5,193,45
6,198,45
6,205,46
6,205,46
6,205,46
6,205,46
6,205,46
6,205,46
6,205,46
6,205,46
6,205,46
6,211,46
6,211,46
6,211,46
6,215,45
6,215,45
6,214,44
6,214,44
6,214,44
6,214,44
6,215,45
6,215,45
6,215,45
6,215,45
6,215,45
6,215,45
6,211,46
6,215,45
6,210,45
6,210,45
6,215,45
6,215,45
6,215,45
6,215,45
6,215,45
6,215,45
6,215,45
7,221,45
7,220,44
6,220,44
6,220,44
6,220,44
6,221,45
7,221,45
6,217,47
6,216,46
6,216,46
6,216,46
7,216,46
7,216,46
7,216,46
7,218,48
6,218,48
6,218,48
6,218,48
6,217,47
6,215,45
6,215,45
6,215,45
6,215,45
6,215,45
6,215,45
6,215,45
6,216,46
6,211,46
6,211,46
6,218,48
6,219,49
6,219,49
6,223,48
6,223,48
6,219,49
6,219,49
6,219,49
6,219,49
5,208,49
5,208,49
5,208,49
5,208,49
5,208,49
5,208,49
5,208,49
5,208,49
5,208,49
7,213,49
7,213,49
7,208,49
6,203,49
6,203,49
6,203,49
6,198,49
6,198,49
6,198,49
6,197,48
6,197,48
6,197,48
6,201,47
6,201,47
6,202,48
6,202,48
6,198,49
6,198,49
6,198,49
6,198,49
6,198,49
6,198,49
6,198,49
6,198,49
6,198,49
6,198,49
6,198,49
6,199,50
5,200,51
6,210,51
6,210,51
6,210,51
6,210,51
6,210,51
6,210,51
6,210,51
6,210,51
6,210,51
6,210,51
7,210,51
7,209,50
8,208,49
8,208,49
8,208,49
8,207,48
8,207,48
8,207,48
8,207,48
7,202,48
7,202,48
7,202,48
7,195,47
7,195,47
6,190,47
6,190,47
6,188,46
6,184,47
6,184,47
6,184,47
6,184,47
6,184,47
6,170,51
6,149,58
6,149,58
5,162,52
5,168,50
6,177,49
7,204,40
7,204,40
6,205,41
6,200,42
6,202,43
6,202,43
6,202,43
6,202,43
6,203,44
6,203,44
6,203,44
6,210,45
6,210,45
6,210,45
6,210,45
6,210,45
6,210,45
6,210,45
6,210,45
6,210,45
6,210,45
6,210,45
6,210,45
6,210,45
6,210,45
6,210,45
6,211,46
6,211,46
6,211,46
6,211,46
6,211,46
6,211,46
6,211,46
6,211,46
6,211,46
7,216,46
7,216,46
6,211,46
6,211,46
6,211,46
6,211,46
6,205,46
6,205,46
6,205,46
6,200,46
5,194,46
6,194,46
5,194,46
6,200,46
6,205,46
6,205,46
6,205,46
6,205,46
6,205,46
6,205,46
6,205,46
6,206,47
6,206,47
6,211,46
6,211,46
6,211,46
6,215,45
6,215,45
6,215,45
6,215,45
6,215,45
6,214,44
6,215,45
6,215,45
6,215,45
6,215,45
6,210,45
6,211,46
6,211,46
6,211,46
6,211,46
6,211,46
6,215,45
6,215,45
6,215,45
6,215,45
6,215,45
6,215,45
7,221,45
7,221,45
7,221,45
7,221,45
7,221,45
7,221,45
7,222,46
7,222,47
6,218,48
6,217,47
6,216,46
6,216,46
7,216,46
7,216,46
7,216,46
7,217,47
5,213,48
6,218,48
6,217,47
6,215,45
6,215,45
6,215,45
6,215,45
6,215,45
6,215,45
6,215,45
6,215,45
6,216,46
5,213,48
5,213,48
6,213,49
6,213,49
6,213,49
6,219,49
6,219,49
6,219,49
6,219,49
6,219,49
6,219,49
5,208,49
5,208,49
5,208,49
5,208,49
5,208,49
5,208,49
5,208,49
5,208,49
6,208,49
7,213,49
7,213,49
7,208,49
6,203,49
6,203,49
6,203,49
6,198,49
6,198,49
6,198,49
6,198,49
6,197,48
6,197,48
6,197,48
6,197,48
6,198,49
6,198,49
6,198,49
6,198,49
6,198,49
6,198,49
6,198,49
6,198,49
6,198,49
6,198,49
6,198,49
6,198,49
6,198,49
5,200,51
5,200,51
6,210,51
6,210,51
6,210,51
6,210,51
6,210,51
6,210,51
6,210,51
6,210,51
6,210,51
6,210,51
6,210,51
7,210,51
8,208,49
8,208,49
8,208,49
8,208,49
8,208,49
8,208,49
8,202,48
7,202,48
7,202,48
7,202,48
7,195,47
7,195,47
6,190,47
6,190,47
6,184,47
6,184,47
6,184,47
6,184,47
6,184,47
6,181,48
6,177,49
6,170,51
5,165,51
5,170,51
6,173,50
7,199,41
7,199,41
7,199,41
7,199,41
6,200,42
6,200,42
6,202,43
6,196,43
5,197,44
5,197,44
6,203,44
6,204,45
6,210,45
6,210,45
6,210,45
6,210,45
6,210,45
6,210,45
6,210,45
6,210,45
6,210,45
6,210,45
6,210,45
6,210,45
6,210,45
6,211,46
6,211,46
6,211,46
6,211,46
6,211,46
6,211,46
6,211,46
6,211,46
6,211,46
6,211,46
7,216,46
7,216,46
7,216,46
6,211,46
6,211,46
6,211,46
6,205,46
6,205,46
6,205,46
6,200,46
5,194,46
6,194,46
6,194,46
5,194,46
6,200,46
6,205,46
6,205,46
6,205,46
6,205,46
6,206,47
6,206,47
6,206,47
6,206,47
6,206,47
6,211,46
6,211,46
6,211,46
6,215,45
6,215,45
6,215,45
6,215,45
6,214,44
6,214,44
6,215,45
6,215,45
6,210,45
6,211,46
6,211,46
6,211,46
6,211,46
6,211,46
6,211,46
6,211,46
6,215,45
6,215,45
6,215,45
6,215,45
7,221,45
7,221,45
8,227,45
8,227,45
8,227,45
7,221,45
7,221,45
7,222,47
6,223,48
6,223,48
7,222,47
7,222,47
7,222,46
8,222,46
8,222,46
6,216,46
7,216,46
5,212,47
5,212,47
6,211,46
6,215,45
6,215,45
6,215,45
6,215,45
6,215,45
6,215,45
6,216,46
6,216,46
6,218,48
5,213,48
6,213,48
6,213,49
6,214,50
6,214,50
6,219,49
6,219,49
6,219,49
6,219,49
6,219,49
6,213,49
5,208,49
5,208,49
5,208,49
5,208,49
5,208,49
5,208,49
5,208,49
5,208,49
7,213,48
7,213,48
8,213,48
7,207,48
7,202,48
6,202,48
6,202,48
6,198,49
6,198,49
6,198,49
6,198,49
6,198,49
6,197,48
6,197,48
6,197,48
6,198,49
5,199,50
5,199,50
5,199,50
5,199,50
6,198,49
6,198,49
6,198,49
6,198,49
6,198,49
6,198,49
6,198,49
6,198,49
6,210,51
6,210,51
6,210,51
6,210,51
6,210,51
6,210,51
6,210,51
6,210,51
6,210,51
6,210,51
6,210,51
6,210,51
6,210,51
7,210,51
7,209,50
8,208,49
8,208,49
8,208,49
8,208,49
8,208,49
8,203,49
7,202,48
7,202,48
7,201,47
7,201,47
7,195,47
6,190,47
6,184,47
6,184,47
6,184,47
6,184,47
6,184,47
6,184,47
6,181,48
6,177,49
6,177,49
6,173,50
6,177,49
6,177,49
7,199,41
7,199,41
7,199,41
6,200,42
6,200,42
7,194,42
7,194,42
6,196,43
6,197,44
6,197,44
5,197,44
6,203,44
6,210,45
6,210,45
6,210,45
6,210,45
6,210,45
6,210,45
6,210,45
6,210,45
6,210,45
6,210,45
6,210,45
6,210,45
6,210,45
6,211,46
6,211,46
6,211,46
6,206,47
6,206,47
6,211,46
6,211,46
6,211,46
6,211,46
7,216,46
7,216,46
8,222,46
7,216,46
7,216,46
6,211,46
6,211,46
6,211,46
6,205,46
6,205,46
6,205,46
5,194,46
5,194,46
5,194,46
5,194,46
6,200,46
6,205,46
6,205,46
6,205,46
6,205,46
6,206,47
6,206,47
6,206,47
6,206,47
6,206,47
6,206,47
6,211,46
6,211,46
6,211,46
6,215,45
6,215,45
6,215,45
6,214,44
6,214,44
6,214,44
6,214,44
6,215,45
6,210,45
6,211,46
6,211,46
6,211,46
6,211,46
6,211,46
6,211,46
6,215,45
6,215,45
6,215,45
6,215,45
7,221,45
8,227,45
8,227,45
8,227,45
8,227,45
8,227,45
7,227,46
7,222,47
7,222,47
7,222,47
7,222,47
7,228,47
7,227,46
7,227,46
7,222,46
7,222,46
7,216,46
6,211,46
6,211,46
6,211,46
6,215,45
6,215,45
6,215,45
6,215,45
6,215,45
6,216,46
6,217,47
6,218,48
6,218,48
6,218,48
6,219,49
6,213,49
6,214,50
6,214,50
6,219,49
6,219,49
6,219,49
6,219,49
6,219,49
6,213,49
5,208,49
5,208,49
5,208,49
5,208,49
5,208,49
5,208,49
5,208,49
5,208,49
7,213,48
8,213,48
8,212,47
7,207,48
7,202,48
6,202,48
6,202,48
6,198,49
6,198,49
6,198,49
6,198,49
6,198,49
6,197,48
6,197,48
6,198,49
6,198,49
5,199,50
5,200,51
5,200,51
5,199,50
6,198,49
6,198,49
6,198,49
6,198,49
6,198,49
6,198,49
6,198,49
7,208,49
6,210,51
6,210,51
6,210,51
6,210,51
6,210,51
6,210,51
6,210,51
6,210,51
6,210,51
6,210,51
6,210,51
6,210,51
6,210,51
7,210,51
7,205,51
7,209,50
8,208,49
8,208,49
8,208,49
8,208,49
8,203,49
7,202,48
7,202,48
7,201,47
7,201,47
7,195,47
6,190,47
6,184,47
6,184,47
6,184,47
6,184,47
6,184,47
6,184,47
6,181,48
6,181,48
6,177,49
6,177,49
6,177,49
6,177,49
7,199,41
7,199,41
6,193,41
6,193,41
6,193,41
7,194,42
7,194,42
6,196,43
6,196,43
6,197,44
6,197,44
6,198,45
6,204,45
6,210,45
6,210,45
6,210,45
6,210,45
6,210,45
6,210,45
6,210,45
6,210,45
6,210,45
6,210,45
6,210,45
6,211,46
6,211,46
6,211,46
6,211,46
6,206,47
6,206,47
6,211,46
6,211,46
6,211,46
6,211,46
7,216,46
6,216,46
8,222,46
7,216,46
7,216,46
6,211,46
6,211,46
6,211,46
6,211,46
6,205,46
6,205,46
6,201,47
5,195,47
5,195,47
5,194,46
6,200,46
6,205,46
6,205,46
6,205,46
6,206,47
6,206,47
6,201,47
6,202,48
6,206,47
6,206,47
6,206,47
6,206,47
6,211,46
6,211,46
6,211,46
6,215,45
6,215,45
6,214,44
6,214,44
6,214,44
6,214,44
6,215,45
6,215,45
7,216,46
7,216,46
6,211,46
6,211,46
7,216,46
6,211,46
7,216,46
6,216,46
6,215,45
6,215,45
7,221,45
8,227,45
8,227,45
8,227,45
8,227,45
7,227,46
7,228,47
7,228,47
6,228,47
6,228,47
6,228,47
6,228,47
7,227,46
7,227,46
7,222,46
7,222,46
6,216,46
6,211,46
6,211,46
6,211,46
6,215,45
6,215,45
6,215,45
6,215,45
6,216,46
6,217,47
6,218,48
6,218,48
6,218,48
6,218,48
6,219,49
6,219,49
6,219,49
6,219,49
6,219,49
6,219,49
6,219,49
6,219,49
6,219,49
6,219,49
5,208,49
5,208,49
5,208,49
5,208,49
5,208,49
5,208,49
5,208,49
5,207,48
7,213,48
8,213,48
8,212,47
7,207,48
6,202,48
6,202,48
6,202,48
6,198,49
6,198,49
6,198,49
6,198,49
7,203,49
7,203,49
7,203,49
6,203,49
6,198,49
5,199,50
5,199,50
5,200,51
5,199,50
5,199,50
6,198,49
6,198,49
6,198,49
6,198,49
6,203,49
7,208,49
6,210,51
6,210,51
6,210,51
6,210,51
6,210,51
6,210,51
6,210,51
7,209,50
6,210,51
6,210,51
6,210,51
6,210,51
6,210,51
6,210,51
7,205,51
7,204,50
7,204,50
7,204,50
7,203,49
7,203,49
7,203,49
7,203,49
7,202,48
7,202,48
7,201,47
7,201,47
7,201,47
6,190,47
6,184,47
6,184,47
6,184,47
6,184,47
6,184,47
6,184,47
6,186,48
6,181,48
6,181,48
6,181,48
6,181,48
6,181,48
7,193,41
6,193,41
6,187,41
6,187,41
6,187,41
6,188,42
7,194,42
7,194,42
6,196,43
6,197,44
6,197,44
6,198,45
7,204,45
6,210,45
6,210,45
6,210,45
6,210,45
6,210,45
6,210,45
6,210,45
6,210,45
6,210,45
6,205,46
6,205,46
6,205,46
6,205,46
6,205,46
6,205,46
6,206,47
6,206,47
6,206,47
6,212,47
6,212,47
6,211,46
6,216,46
6,216,46
6,216,46
7,216,46
6,211,46
6,211,46
6,211,46
6,211,46
6,211,46
6,211,46
6,205,46
6,200,46
6,201,47
6,201,47
6,201,47
6,200,46
6,205,46
6,206,47
6,206,47
6,206,47
6,201,47
6,202,48
6,202,48
6,202,48
6,206,47
6,206,47
6,206,47
6,206,47
6,206,47
6,211,46
6,215,45
6,215,45
6,220,44
6,220,44
6,214,44
6,214,44
6,215,45
6,215,45
7,216,46
7,216,46
7,216,46
7,216,46
7,216,46
7,216,46
6,217,47
6,216,46
6,215,45
7,221,45
7,221,45
8,227,45
8,227,45
8,227,45
7,227,46
7,227,46
7,228,47
6,228,47
6,228,47
6,228,47
6,228,47
6,228,47
7,227,46
7,227,46
7,221,45
7,221,45
6,215,45
6,215,45
6,216,46
6,216,46
6,216,46
6,215,45
6,216,46
6,216,46
6,216,46
6,218,48
6,218,48
6,218,48
6,223,48
6,223,48
6,223,48
6,224,49
6,224,49
6,219,49
6,219,49
6,219,49
6,219,49
6,219,49
6,219,49
6,219,49
5,208,49
5,208,49
5,208,49
5,208,49
5,208,49
5,208,49
5,208,49
5,207,48
7,213,48
8,213,48
8,212,47
7,207,48
6,202,48
6,202,48
6,202,48
6,202,48
7,203,49
7,203,49
7,203,49
7,203,49
7,203,49
7,203,49
6,203,49
7,203,49
6,198,49
6,198,49
5,199,50
5,199,50
6,198,49
6,198,49
6,198,49
6,198,49
6,198,49
6,203,49
6,210,51
6,210,51
6,210,51
6,210,51
6,210,51
6,210,51
6,210,51
7,209,50
8,208,49
8,208,49
8,208,49
6,210,51
6,210,51
6,210,51
6,210,51
7,204,50
7,204,50
7,204,50
8,204,50
7,203,49
7,203,49
7,202,48
7,202,48
7,202,48
7,202,48
7,202,48
7,195,47
7,195,47
7,195,47
6,184,47
6,184,47
6,184,47
6,184,47
6,184,47
6,186,48
6,186,48
7,186,48
6,186,48
6,186,48
7,186,48
7,186,48
6,187,41
6,187,41
6,187,41
6,187,41
6,188,42
6,188,42
7,194,42
7,194,42
6,197,44
6,197,44
6,198,45
7,204,45
7,204,45
6,210,45
6,210,45
6,210,45
6,210,45
6,210,45
6,210,45
6,205,46
6,205,46
6,205,46
6,205,46
6,211,46
6,211,46
6,211,46
6,205,46
6,206,47
6,206,47
6,206,47
6,206,47
6,206,47
6,212,47
5,212,47
5,212,47
5,212,47
6,211,46
6,211,46
6,211,46
6,211,46
6,211,46
6,210,45
6,211,46
6,211,46
6,205,46
6,206,47
6,201,47
6,202,48
6,207,48
6,206,47
6,206,47
6,206,47
6,206,47
6,202,48
6,202,48
6,202,48
6,202,48
6,206,47
6,206,47
6,205,46
6,206,47
6,206,47
6,206,47
6,206,47
6,215,45
6,214,44
6,220,44
6,214,44
6,214,44
6,215,45
6,215,45
7,216,46
6,211,46
7,216,46
7,216,46
7,216,46
7,216,46
6,216,46
7,222,46
7,222,46
7,222,46
7,221,45
7,221,45
8,227,45
7,227,46
7,227,46
7,228,47
7,228,47
6,228,47
6,228,47
6,223,48
7,222,47
6,222,47
7,222,46
7,221,45
6,215,45
6,215,45
6,215,45
6,215,45
6,215,45
6,216,46
6,216,46
6,216,46
6,217,47
6,217,47
6,218,48
7,218,48
6,219,49
6,219,49
6,224,49
6,224,49
6,224,49
6,223,48
6,223,48
6,224,49
6,219,49
6,219,49
6,219,49
6,219,49
6,219,49
6,219,49
5,208,49
5,208,49
5,208,49
5,208,49
5,208,49
5,208,49
5,208,49
6,207,48
7,207,48
6,202,48
6,202,48
6,202,48
6,202,48
6,202,48
6,202,48
6,202,48
6,202,48
7,203,49
7,203,49
7,203,49
8,208,49
8,208,49
7,203,49
7,203,49
6,198,49
6,198,49
6,198,49
6,198,49
5,199,50
5,199,50
5,200,51
5,200,51
6,205,51
6,210,51
6,210,51
6,210,51
6,210,51
6,210,51
6,210,51
6,210,51
6,210,51
7,209,50
8,208,49
8,208,49
8,208,49
7,210,51
6,200,51
6,200,51
6,199,50
6,199,50
6,199,50
6,199,50
7,199,50
6,198,49
6,198,49
6,197,48
6,197,48
7,202,48
6,197,48
6,197,48
7,195,47
7,195,47
7,195,47
6,184,47
6,184,47
6,184,47
6,184,47
6,184,47
6,186,48
5,186,48
6,186,48
6,186,48
6,186,48
6,186,48
6,187,41
6,187,41
6,187,41
6,187,41
6,187,41
6,187,41
6,188,42
7,194,42
6,197,44
6,197,44
6,198,45
7,204,45
7,204,45
6,210,45
6,210,45
6,210,45
6,210,45
6,210,45
6,205,46
6,205,46
6,205,46
6,205,46
6,211,46
6,211,46
6,211,46
6,211,46
6,211,46
6,211,46
6,206,47
6,212,47
6,212,47
6,212,47
6,212,47
5,212,47
5,213,48
5,213,48
5,212,47
6,211,46
6,210,45
6,210,45
6,210,45
6,210,45
6,211,46
6,205,46
6,206,47
5,207,48
5,207,48
5,207,48
5,207,48
6,207,48
6,206,47
6,206,47
6,206,47
6,201,47
6,202,48
6,202,48
6,202,48
6,206,47
6,205,46
6,205,46
6,205,46
6,206,47
6,206,47
6,206,47
6,215,45
6,215,45
6,215,45
6,215,45
6,215,45
6,215,45
6,215,45
7,216,46
7,216,46
7,216,46
8,222,46
7,222,46
7,222,46
7,222,46
7,222,46
7,222,46
7,222,46
8,227,45
7,221,45
7,222,46
7,222,46
7,222,46
6,223,48
6,223,48
6,223,48
6,223,48
6,223,48
6,223,48
7,222,47
6,216,46
6,215,45
6,215,45
6,215,45
6,215,45
6,215,45
6,215,45
6,216,46
6,216,46
6,217,47
6,218,48
6,218,48
7,218,48
6,219,49
6,219,49
6,219,49
6,219,49
6,219,49
6,224,49
6,223,48
6,223,48
6,223,48
6,219,49
6,219,49
6,219,49
6,219,49
6,219,49
6,213,49
5,208,49
5,208,49
5,208,49
5,208,49
5,208,49
5,208,49
5,208,49
5,203,49
6,202,48
6,202,48
6,202,48
6,202,48
6,202,48
6,202,48
6,202,48
6,202,48
6,202,48
7,203,49
8,208,49
8,208,49
8,208,49
8,208,49
8,208,49
7,203,49
6,198,49
6,198,49
6,198,49
6,198,49
6,198,49
5,200,51
5,200,51
5,200,51
5,200,51
6,210,51
6,210,51
6,210,51
6,210,51
6,210,51
6,210,51
6,210,51
6,210,51
6,210,51
7,209,50
7,209,50
7,210,51
7,210,51
6,200,51
6,198,49
6,198,49
6,198,49
6,198,49
6,198,49
6,198,49
6,197,48
6,197,48
6,197,48
6,197,48
6,197,48
6,197,48
6,197,48
7,195,47
7,195,47
7,195,47
7,190,47
6,184,47
6,184,47
6,184,47
6,186,48
6,186,48
5,186,48
5,186,48
6,186,48
6,186,48
6,186,48
6,187,41
6,185,40
5,185,40
5,185,40
5,187,41
5,187,41
6,187,41
6,188,42
6,190,43
6,197,44
6,198,45
7,204,45
7,204,45
6,210,45
6,210,45
6,210,45
6,210,45
6,205,46
6,205,46
6,205,46
6,205,46
6,205,46
6,205,46
6,205,46
6,205,46
6,211,46
6,211,46
6,211,46
6,211,46
6,211,46
6,211,46
6,212,47
6,212,47
5,212,47
5,213,48
5,213,48
5,212,47
6,211,46
6,210,45
6,210,45
6,210,45
6,210,45
6,205,46
6,206,47
6,207,48
5,207,48
5,207,48
5,208,49
5,208,49
6,207,48
6,206,47
6,206,47
6,206,47
6,206,47
6,202,48
6,202,48
6,201,47
6,205,46
6,205,46
6,211,46
6,211,46
6,211,46
6,211,46
6,211,46
6,211,46
6,215,45
6,215,45
6,215,45
6,215,45
6,215,45
6,215,45
6,215,45
7,216,46
8,222,46
7,222,46
7,222,46
7,222,46
7,222,46
7,222,46
7,222,46
7,222,46
8,227,45
7,222,46
7,222,46
7,222,46
7,222,47
6,223,48
6,223,48
6,223,48
6,223,48
6,218,48
7,218,48
6,218,48
6,216,46
6,215,45
6,215,45
6,215,45
6,215,45
6,215,45
6,215,45
6,216,46
6,217,47
5,213,48
5,213,48
6,213,49
6,213,49
6,219,49
6,219,49
6,219,49
6,219,49
6,219,49
6,219,49
6,218,48
6,223,48
6,223,48
6,219,49
6,219,49
6,219,49
6,219,49
6,213,49
6,213,49
5,208,49
5,208,49
5,208,49
5,208,49
5,208,49
5,208,49
5,203,49
5,203,49
6,203,49
6,202,48
6,202,48
6,202,48
6,202,48
6,202,48
6,202,48
6,202,48
7,203,49
7,203,49
8,208,49
8,208,49
8,208,49
8,208,49
8,208,49
7,203,49
6,198,49
6,198,49
6,198,49
6,198,49
5,200,51
5,200,51
5,200,51
5,200,51
5,200,51
6,210,51
6,210,51
6,210,51
6,210,51
6,210,51
6,210,51
6,210,51
6,210,51
6,210,51
6,210,51
6,210,51
6,210,51
7,205,51
6,200,51
6,198,49
6,198,49
6,198,49
6,198,49
6,198,49
6,198,49
6,197,48
6,197,48
6,197,48
6,197,48
6,191,48
6,197,48
6,197,48
6,197,48
7,195,47
7,195,47
7,190,47
6,184,47
6,184,47
6,184,47
6,186,48
6,186,48
5,186,48
5,186,48
6,186,48
6,186,48
6,186,48
6,187,41
5,185,40
5,185,40
5,185,40
5,187,41
5,187,41
6,187,41
6,188,42
6,190,43
6,197,44
6,197,44
7,204,45
7,204,45
7,210,45
6,210,45
6,210,45
6,210,45
6,205,46
6,205,46
6,205,46
6,205,46
6,211,46
6,211,46
6,211,46
6,211,46
6,211,46
6,211,46
6,211,46
6,211,46
6,211,46
6,211,46
6,211,46
6,211,46
6,211,46
6,211,46
6,211,46
6,211,46
6,211,46
6,210,45
6,210,45
6,210,45
6,210,45
6,205,46
6,206,47
6,207,48
6,208,49
5,208,49
5,208,49
5,208,49
6,207,48
6,206,47
6,206,47
6,206,47
6,201,47
6,202,48
6,202,48
6,201,47
6,205,46
6,205,46
6,211,46
6,211,46
6,205,46
6,205,46
6,211,46
6,211,46
6,211,46
6,215,45
6,215,45
6,215,45
6,215,45
6,215,45
6,215,45
6,215,45
7,221,45
7,221,45
7,222,46
8,222,46
8,222,46
8,222,46
8,222,46
8,227,45
8,227,45
8,227,45
8,227,45
7,222,46
6,223,48
6,223,48
6,223,48
6,223,48
6,223,48
6,223,48
7,218,48
6,218,48
6,216,46
6,216,46
6,215,45
6,215,45
6,215,45
6,215,45
6,215,45
6,211,46
5,213,48
5,213,48
5,208,49
5,208,49
5,208,49
5,208,49
5,208,49
6,213,49
6,219,49
6,219,49
6,219,49
6,219,49
6,218,48
6,219,49
6,219,49
6,219,49
6,219,49
6,214,50
6,213,49
6,213,49
5,208,49
5,208,49
5,208,49
5,208,49
5,208,49
5,204,50
5,204,50
6,203,49
6,203,49
6,203,49
6,202,48
6,202,48
6,202,48
6,202,48
6,202,48
6,202,48
7,203,49
7,203,49
6,198,49
7,203,49
8,208,49
8,208,49
7,203,49
6,198,49
6,198,49
6,198,49
6,198,49
6,198,49
5,200,51
5,200,51
5,200,51
5,200,51
6,210,51
6,210,51
6,210,51
6,210,51
6,210,51
6,211,52
6,211,52
6,211,52
6,211,52
6,211,52
6,210,51
6,210,51
6,210,51
6,210,51
6,210,51
6,200,51
6,199,50
6,198,49
6,198,49
6,198,49
6,198,49
6,197,48
6,197,48
6,197,48
6,191,48
6,193,49
6,193,49
6,197,48
6,197,48
7,195,47
6,190,47
7,190,47
6,184,47
6,184,47
6,184,47
6,181,48
6,181,48
5,181,48
6,186,48
6,186,48
6,184,47
6,186,48
6,187,41
5,187,41
5,187,41
5,187,41
5,187,41
5,187,41
5,187,41
5,188,42
6,190,43
6,197,44
6,197,44
7,204,45
7,210,45
6,210,45
6,210,45
6,210,45
6,210,45
6,205,46
6,210,45
6,210,45
6,210,45
6,211,46
6,211,46
6,211,46
6,211,46
6,211,46
6,211,46
6,211,46
6,211,46
6,211,46
6,211,46
6,211,46
6,211,46
6,211,46
6,211,46
6,211,46
6,211,46
6,210,45
6,210,45
6,210,45
6,210,45
6,210,45
6,205,46
6,202,48
6,203,49
5,203,49
6,208,49
6,207,48
6,207,48
6,207,48
6,206,47
6,206,47
6,206,47
6,206,47
6,202,48
6,202,48
6,201,47
6,201,47
6,205,46
6,205,46
6,205,46
6,205,46
6,205,46
6,205,46
6,205,46
6,211,46
6,211,46
6,215,45
6,215,45
6,215,45
6,215,45
6,215,45
6,215,45
6,215,45
7,221,45
8,227,45
8,222,46
8,222,46
8,222,46
8,222,46
8,227,45
8,227,45
8,227,45
8,227,45
7,222,46
7,222,47
6,223,48
6,223,48
6,223,48
6,223,48
6,223,48
7,223,48
7,222,47
7,222,46
6,216,46
6,215,45
6,215,45
6,215,45
6,215,45
6,211,46
5,212,47
5,213,48
5,208,49
5,204,50
5,204,50
5,208,49
5,208,49
5,208,49
5,208,49
5,208,49
5,208,49
6,213,49
6,219,49
6,219,49
6,219,49
6,219,49
6,219,49
6,214,50
6,214,50
6,214,50
6,213,49
5,208,49
5,208,49
5,208,49
5,208,49
5,204,50
5,204,50
5,204,50
5,199,50
6,198,49
6,198,49
6,202,48
6,202,48
6,202,48
6,202,48
6,202,48
6,202,48
7,203,49
6,198,49
6,198,49
6,198,49
7,203,49
7,203,49
6,198,49
6,198,49
6,198,49
6,198,49
5,199,50
5,200,51
5,200,51
5,200,51
5,200,51
6,205,51
6,210,51
6,210,51
6,210,51
6,210,51
6,210,51
6,211,52
6,211,52
6,211,52
6,211,52
6,211,52
6,211,52
6,211,52
6,211,52
6,211,52
6,211,52
6,210,51
7,205,51
6,198,49
6,198,49
6,198,49
6,198,49
6,197,48
6,197,48
6,197,48
6,197,48
6,193,49
6,187,49
6,191,48
6,191,48
6,190,47
6,190,47
6,190,47
6,184,47
6,184,47
6,184,47
6,181,48
6,181,48
6,181,48
5,181,48
5,181,48
5,181,48
6,181,48
5,187,41
5,187,41
5,187,41
5,187,41
5,187,41
5,187,41
5,188,42
6,197,44
6,197,44
6,197,44
7,203,44
7,209,44
6,210,45
6,210,45
6,210,45
6,210,45
6,210,45
6,210,45
6,210,45
6,211,46
6,211,46
6,211,46
6,211,46
6,211,46
6,211,46
6,211,46
6,211,46
6,211,46
6,211,46
6,211,46
6,211,46
6,211,46
6,211,46
6,211,46
6,211,46
6,210,45
6,210,45
6,210,45
6,210,45
6,210,45
6,205,46
6,201,47
6,198,49
6,198,49
6,198,49
6,203,49
6,207,48
6,207,48
6,207,48
6,206,47
6,206,47
6,206,47
6,206,47
6,201,47
6,201,47
6,201,47
6,201,47
6,201,47
6,205,46
6,205,46
6,206,47
6,206,47
6,206,47
6,206,47
6,205,46
6,211,46
6,210,45
6,210,45
6,215,45
6,215,45
6,215,45
6,215,45
6,215,45
7,221,45
7,221,45
8,222,46
8,222,46
8,222,46
8,222,46
8,227,45
8,227,45
8,227,45
8,227,45
7,222,46
7,222,47
6,223,48
6,223,48
6,223,48
6,223,48
7,223,48
7,223,48
7,222,47
8,222,46
8,222,46
7,216,46
7,216,46
7,216,46
6,211,46
6,211,46
6,206,47
6,203,49
5,199,50
5,200,51
5,204,50
5,204,50
5,208,49
5,208,49
5,208,49
5,208,49
5,208,49
5,208,49
6,213,49
6,219,49
6,219,49
6,219,49
6,214,50
6,214,50
6,214,50
6,214,50
6,209,50
6,209,50
6,209,50
5,208,49
5,204,50
5,204,50
5,204,50
5,204,50
5,199,50
6,198,49
6,198,49
6,198,49
6,202,48
6,202,48
6,202,48
6,202,48
6,202,48
6,198,49
6,198,49
6,198,49
6,198,49
6,198,49
7,203,49
6,198,49
6,198,49
6,198,49
6,198,49
5,200,51
5,200,51
5,200,51
5,200,51
5,205,51
6,210,51
6,215,51
6,215,51
6,215,51
6,210,51
6,211,52
6,211,52
6,211,52
6,211,52
6,211,52
6,211,52
6,211,52
6,211,52
6,211,52
6,211,52
6,211,52
6,210,51
6,210,51
7,210,51
8,208,49
6,198,49
6,198,49
6,198,49
6,197,48
6,198,49
6,193,49
6,185,51
6,185,51
6,187,49
6,186,48
5,184,47
6,190,47
5,184,47
6,184,47
6,184,47
6,184,47
6,181,48
6,181,48
6,181,48
5,181,48
5,181,48
5,181,48
5,187,41
5,187,41
5,187,41
5,187,41
5,187,41
5,187,41
6,194,42
6,196,43
6,197,44
6,197,44
7,209,44
7,209,44
7,209,44
7,209,44
6,210,45
6,210,45
6,210,45
6,210,45
6,210,45
7,211,46
7,211,46
7,211,46
6,211,46
6,211,46
6,211,46
6,211,46
6,211,46
6,211,46
6,211,46
6,211,46
6,211,46
6,211,46
6,211,46
6,211,46
6,210,45
6,210,45
6,210,45
6,210,45
6,210,45
6,210,45
6,205,46
6,193,49
6,189,50
6,189,50
6,194,50
6,203,49
6,202,48
6,206,47
6,206,47
6,206,47
6,206,47
6,206,47
6,206,47
6,201,47
6,201,47
6,201,47
6,201,47
6,201,47
6,205,46
6,205,46
6,206,47
6,206,47
6,206,47
6,206,47
6,205,46
6,211,46
6,211,46
6,210,45
6,215,45
6,215,45
6,215,45
6,215,45
6,215,45
7,221,45
7,221,45
8,222,46
8,222,46
8,222,46
8,222,46
7,221,45
8,227,45
8,227,45
8,227,45
7,222,46
7,222,47
7,222,47
7,222,47
6,223,48
6,223,48
7,222,47
7,222,47
8,222,46
8,222,46
8,222,46
8,222,46
7,216,46
6,211,46
6,211,46
6,206,47
6,207,48
6,203,49
5,199,50
5,204,50
5,204,50
5,208,49
5,208,49
5,208,49
5,208,49
5,208,49
5,208,49
5,208,49
6,213,49
6,213,49
6,213,49
6,214,50
6,214,50
6,214,50
6,214,50
6,214,50
6,209,50
6,209,50
6,209,50
5,204,50
5,204,50
5,204,50
5,204,50
5,204,50
5,199,50
6,198,49
6,198,49
6,198,49
6,202,48
6,202,48
6,202,48
6,202,48
6,202,48
6,202,48
6,202,48
6,198,49
6,198,49
6,198,49
6,198,49
6,198,49
6,198,49
6,198,49
5,199,50
5,200,51
5,200,51
5,204,50
5,204,50
6,209,50
6,214,50
6,214,50
6,215,51
6,215,51
7,215,51
6,211,52
6,211,52
6,211,52
7,216,52
7,216,52
6,211,52
6,211,52
6,211,52
6,211,52
6,211,52
6,211,52
6,211,52
6,210,51
6,210,51
7,210,51
8,208,49
7,203,49
6,198,49
6,198,49
6,198,49
6,198,49
6,185,51
6,185,51
6,187,49
6,186,48
6,186,48
6,184,47
6,184,47
6,184,47
6,184,47
6,184,47
6,181,48
6,181,48
6,181,48
6,181,48
5,181,48
5,181,48
5,187,41
5,187,41
5,187,41
5,187,41
5,187,41
5,187,41
5,196,43
6,197,44
6,197,44
6,197,44
7,209,44
7,209,44
7,209,44
7,214,44
7,214,44
7,215,45
7,215,45
7,215,45
7,215,45
7,216,46
6,211,46
6,211,46
6,211,46
6,211,46
6,211,46
6,211,46
6,211,46
6,211,46
6,215,45
6,215,45
6,215,45
6,215,45
6,210,45
6,210,45
6,215,45
6,215,45
6,210,45
6,210,45
6,210,45
6,210,45
6,205,46
6,202,48
6,194,50
6,194,50
6,198,49
6,202,48
6,206,47
6,206,47
6,206,47
6,206,47
6,206,47
6,206,47
6,206,47
6,206,47
6,201,47
6,201,47
6,201,47
6,201,47
6,201,47
6,201,47
6,201,47
6,201,47
6,201,47
6,201,47
6,201,47
6,205,46
6,211,46
6,210,45
6,210,45
6,215,45
6,215,45
6,215,45
6,215,45
6,215,45
6,215,45
6,215,45
7,221,45
7,221,45
7,221,45
7,221,45
8,227,45
8,227,45
8,222,46
8,222,46
7,222,47
7,222,47
7,222,47
7,222,47
7,222,47
7,228,47
7,222,46
7,222,46
8,222,46
8,222,46
8,222,46
7,216,46
6,211,46
6,211,46
6,206,47
5,207,48
5,207,48
6,203,49
5,204,50
5,204,50
5,208,49
5,208,49
5,208,49
5,208,49
5,208,49
5,208,49
5,208,49
6,213,49
6,213,49
6,213,49
6,219,49
6,214,50
6,214,50
6,214,50
6,214,50
6,214,50
6,209,50
5,204,50
5,204,50
5,204,50
5,204,50
5,204,50
5,204,50
6,204,50
6,198,49
6,198,49
6,198,49
6,202,48
6,202,48
6,202,48
6,202,48
6,202,48
6,202,48
6,202,48
6,202,48
6,198,49
6,198,49
6,198,49
6,198,49
6,198,49
5,199,50
6,204,50
5,204,50
5,204,50
5,204,50
6,214,50
6,214,50
6,214,50
6,214,50
6,215,51
6,215,51
7,216,52
7,216,52
7,216,52
7,216,52
7,216,52
7,216,52
7,216,52
7,216,52
7,216,52
6,211,52
6,211,52
6,211,52
6,211,52
6,211,52
7,210,51
7,210,51
8,208,49
8,208,49
8,208,49
7,203,49
6,198,49
6,198,49
6,193,49
6,193,49
6,193,49
6,186,48
7,190,47
6,190,47
6,190,47
6,184,47
6,184,47
6,184,47
6,184,47
5,179,47
6,181,48
6,181,48
6,181,48
6,181,48
5,187,41
5,187,41
5,187,41
5,187,41
5,187,41
6,194,42
6,196,43
6,197,44
6,197,44
6,197,44
7,209,44
7,209,44
7,214,44
6,214,44
6,214,44
7,214,44
7,215,45
8,221,45
8,221,45
8,222,46
7,216,46
7,211,46
6,211,46
6,211,46
6,211,46
6,211,46
6,211,46
6,215,45
6,215,45
6,215,45
6,215,45
6,215,45
6,215,45
6,215,45
6,214,44
6,214,44
6,214,44
6,210,45
6,210,45
6,210,45
6,205,46
6,206,47
6,197,48
6,197,48
6,206,47
6,206,47
6,206,47
6,206,47
6,206,47
6,206,47
6,206,47
6,206,47
6,206,47
6,206,47
6,206,47
6,201,47
6,201,47
6,201,47
6,201,47
6,201,47
6,201,47
6,201,47
6,201,47
6,202,48
6,202,48
6,201,47
6,205,46
6,210,45
6,210,45
6,215,45
6,215,45
6,215,45
6,215,45
6,215,45
6,215,45
6,215,45
7,221,45
7,221,45
7,221,45
7,221,45
8,227,45
8,222,46
8,222,46
8,222,46
7,222,47
7,222,47
7,222,47
7,222,47
7,222,47
7,227,46
8,222,46
8,222,46
8,222,46
8,222,46
8,222,46
8,222,46
7,216,46
6,211,46
6,212,47
6,213,48
6,213,48
5,208,49
5,208,49
5,208,49
5,208,49
5,208,49
5,208,49
5,208,49
5,208,49
5,208,49
5,208,49
6,213,49
6,213,49
6,219,49
6,219,49
6,219,49
6,214,50
6,214,50
6,214,50
6,214,50
6,209,50
5,204,50
5,204,50
5,204,50
5,204,50
5,204,50
5,204,50
5,199,50
6,198,49
6,198,49
6,198,49
6,202,48
6,202,48
6,202,48
6,202,48
6,202,48
6,202,48
6,202,48
6,202,48
6,198,49
6,198,49
6,198,49
6,198,49
6,203,49
6,204,50
5,204,50
5,204,50
6,209,50
6,214,50
6,214,50
6,214,50
6,215,51
6,215,51
6,215,51
7,216,52
7,216,52
7,216,52
7,216,52
7,216,52
7,216,52
7,216,52
7,216,52
7,216,52
7,216,52
7,216,52
7,216,52
6,211,52
6,211,52
6,211,52
7,211,52
7,210,51
7,210,51
8,208,49
8,208,49
8,208,49
7,203,49
6,197,48
6,197,48
6,197,48
6,197,48
6,190,47
6,190,47
6,190,47
7,190,47
6,184,47
6,184,47
6,184,47
6,184,47
6,184,47
6,179,47
6,181,48
6,181,48
6,181,48
5,187,41
5,187,41
5,187,41
5,188,42
6,188,42
6,196,43
6,197,44
6,197,44
6,197,44
7,209,44
7,209,44
7,214,44
6,214,44
6,214,44
6,214,44
7,215,45
8,221,45
8,222,46
8,222,46
8,217,47
7,212,47
6,206,47
6,206,47
6,206,47
6,211,46
6,211,46
6,215,45
6,215,45
6,215,45
6,215,45
6,215,45
6,215,45
6,214,44
6,214,44
6,214,44
6,214,44
6,210,45
6,210,45
6,210,45
6,205,46
6,205,46
6,202,48
6,206,47
6,206,47
6,206,47
6,206,47
6,206,47
6,206,47
6,206,47
6,206,47
6,206,47
6,206,47
6,206,47
6,201,47
6,201,47
6,201,47
6,201,47
6,201,47
6,201,47
6,201,47
6,201,47
6,202,48
6,202,48
6,202,48
6,202,48
6,201,47
6,205,46
6,210,45
6,215,45
6,215,45
6,215,45
6,215,45
6,215,45
6,215,45
6,215,45
6,215,45
6,215,45
7,216,46
7,216,46
8,222,46
8,222,46
7,216,46
8,217,47
7,218,48
7,218,48
7,223,48
7,222,47
7,222,47
7,222,46
8,222,46
8,222,46
8,222,46
8,222,46
8,222,46
8,222,46
7,216,46
6,211,46
6,213,48
6,213,48
6,213,48
6,213,48
6,213,49
6,213,49
6,213,49
5,208,49
5,208,49
5,208,49
5,208,49
5,208,49
5,208,49
6,213,49
6,213,49
6,218,48
6,223,48
6,223,48
6,219,49
6,219,49
6,219,49
6,213,49
5,208,49
6,209,50
5,204,50
5,204,50
5,204,50
5,204,50
5,204,50
5,199,50
6,198,49
6,198,49
6,198,49
6,202,48
6,202,48
6,202,48
6,202,48
6,202,48
6,202,48
6,202,48
6,202,48
6,202,48
6,202,48
6,202,48
6,203,49
6,203,49
6,209,50
6,209,50
6,209,50
6,209,50
6,214,50
6,214,50
6,215,51
6,215,51
6,215,51
7,216,52
7,216,52
7,216,52
7,216,52
7,216,52
7,216,52
7,216,52
7,216,52
7,216,52
7,216,52
7,216,52
7,216,52
7,216,52
7,216,52
6,211,52
6,211,52
6,211,52
7,210,51
7,210,51
7,210,51
8,208,49
8,208,49
8,208,49
7,203,49
6,197,48
6,197,48
7,195,47
7,195,47
7,195,47
7,195,47
7,190,47
6,184,47
6,184,47
6,184,47
6,183,46
6,183,46
6,179,47
6,179,47
6,181,48
5,187,41
5,187,41
5,187,41
5,188,42
5,188,42
6,196,43
6,197,44
6,197,44
6,197,44
7,209,44
7,214,44
7,214,44
6,214,44
6,214,44
6,214,44
7,221,45
8,221,45
8,222,46
8,222,46
8,222,46
8,217,47
7,212,47
7,212,47
7,212,47
6,211,46
6,211,46
6,215,45
6,215,45
6,215,45
6,215,45
6,215,45
6,214,44
6,214,44
6,214,44
6,214,44
6,214,44
6,214,44
6,210,45
6,210,45
6,211,46
6,205,46
6,202,48
6,206,47
6,206,47
6,206,47
6,206,47
6,206,47
6,206,47
6,206,47
6,206,47
6,206,47
6,206,47
6,206,47
6,202,48
6,202,48
6,201,47
6,201,47
6,201,47
6,201,47
6,206,47
6,202,48
6,202,48
6,202,48
6,202,48
6,202,48
6,202,48
6,202,48
6,206,47
6,211,46
6,215,45
6,215,45
6,215,45
6,215,45
6,215,45
6,215,45
6,215,45
6,215,45
6,211,46
6,211,46
6,211,46
6,211,46
6,211,46
6,211,46
8,217,47
8,217,47
7,222,47
7,222,47
8,222,46
8,222,46
8,222,46
8,222,46
8,222,46
8,222,46
8,222,46
8,222,46
7,216,46
7,216,46
7,213,48
6,213,48
7,218,48
7,218,48
6,219,49
6,219,49
6,213,49
6,213,49
5,208,49
5,208,49
5,208,49
5,208,49
6,213,49
6,213,49
7,218,48
6,223,48
6,223,48
6,223,48
7,218,48
7,218,48
6,219,49
6,213,49
6,213,49
6,208,49
5,203,49
5,204,50
5,204,50
5,204,50
5,199,50
6,198,49
6,198,49
6,198,49
6,198,49
6,198,49
6,198,49
6,202,48
6,202,48
6,202,48
6,202,48
6,202,48
6,202,48
6,197,48
6,197,48
6,197,48
5,203,49
5,203,49
6,209,50
6,209,50
6,209,50
6,215,51
6,215,51
6,215,51
6,215,51
6,215,51
6,215,51
7,216,52
7,216,52
7,216,52
7,216,52
7,216,52
7,216,52
7,216,52
7,216,52
7,216,52
7,216,52
7,216,52
7,216,52
7,216,52
7,216,52
7,216,52
6,211,52
6,211,52
6,211,52
6,210,51
6,210,51
7,210,51
8,208,49
8,208,49
7,203,49
7,202,48
7,201,47
7,201,47
7,201,47
7,201,47
7,194,46
8,194,46
7,188,46
7,188,46
7,181,45
6,183,46
6,183,46
7,177,46
6,179,47
6,181,48
5,187,41
5,187,41
5,187,41
5,188,42
5,188,42
6,196,43
6,197,44
6,197,44
6,197,44
7,209,44
7,214,44
7,213,43
7,213,43
6,214,44
6,214,44
7,221,45
8,221,45
8,222,46
8,222,46
8,222,46
8,222,46
8,217,47
7,212,47
7,212,47
6,211,46
6,211,46
6,215,45
6,215,45
6,215,45
6,215,45
6,215,45
6,215,45
6,214,44
6,214,44
6,214,44
6,214,44
6,214,44
6,215,45
6,210,45
6,211,46
6,206,47
6,202,48
6,206,47
6,206,47
6,206,47
6,206,47
6,206,47
6,207,48
6,208,49
6,207,48
6,202,48
6,202,48
6,202,48
6,202,48
6,202,48
6,202,48
6,202,48
6,202,48
6,201,47
6,201,47
6,202,48
6,202,48
6,202,48
6,202,48
6,202,48
6,202,48
6,202,48
6,202,48
6,206,47
6,211,46
6,211,46
6,211,46
6,215,45
6,215,45
6,215,45
6,211,46
6,211,46
6,211,46
6,211,46
6,211,46
6,211,46
6,211,46
6,211,46
8,217,47
8,217,47
7,222,47
7,222,47
8,222,46
8,222,46
8,222,46
8,222,46
8,222,46
8,222,46
8,222,46
8,222,46
8,222,46
8,222,46
7,217,47
7,218,48
7,218,48
7,218,48
6,219,49
6,219,49
6,219,49
6,213,49
6,213,49
6,213,49
5,208,49
6,213,49
5,213,48
6,223,48
6,223,48
7,222,47
6,223,48
6,223,48
7,218,48
7,218,48
7,218,48
6,213,48
6,213,48
6,207,48
5,203,49
5,203,49
6,204,50
5,199,50
6,198,49
6,198,49
6,198,49
6,198,49
6,198,49
6,198,49
6,198,49
6,198,49
6,198,49
6,198,49
6,198,49
6,198,49
6,198,49
6,198,49
6,198,49
6,197,48
5,203,49
6,208,49
6,209,50
6,209,50
6,210,51
6,210,51
6,215,51
6,215,51
6,215,51
6,215,51
6,215,51
6,215,51
7,216,52
7,216,52
7,216,52
7,217,53
7,217,53
7,216,52
7,216,52
7,216,52
7,216,52
7,216,52
7,216,52
7,216,52
7,216,52
7,216,52
6,211,52
6,211,52
6,211,52
6,210,51
6,210,51
6,210,51
6,210,51
8,208,49
8,208,49
7,202,48
7,201,47
7,201,47
7,200,46
7,200,46
7,200,46
8,194,46
8,194,46
7,188,46
7,181,45
7,181,45
6,183,46
7,177,46
6,179,47
6,179,47
5,187,41
5,187,41
5,188,42
5,188,42
6,194,42
6,197,44
6,197,44
7,203,44
7,209,44
7,213,43
7,213,43
7,213,43
7,213,43
7,214,44
8,221,45
8,222,46
8,222,46
8,222,46
8,222,46
8,222,46
8,222,46
7,216,46
6,211,46
6,211,46
6,211,46
6,211,46
6,211,46
6,215,45
6,215,45
6,215,45
6,215,45
6,214,44
6,214,44
6,214,44
6,214,44
6,214,44
6,215,45
6,211,46
6,211,46
6,202,48
6,198,49
6,202,48
6,202,48
6,206,47
6,206,47
5,207,48
5,203,49
5,203,49
5,203,49
5,203,49
6,202,48
6,202,48
6,202,48
6,202,48
6,202,48
6,202,48
6,202,48
6,202,48
6,202,48
6,203,49
6,202,48
6,202,48
6,202,48
6,202,48
6,202,48
6,202,48
6,202,48
6,206,47
6,206,47
6,211,46
6,211,46
6,211,46
6,211,46
6,211,46
6,211,46
6,211,46
6,211,46
6,211,46
6,211,46
6,211,46
6,211,46
7,216,46
7,216,46
7,216,46
8,222,46
8,222,46
8,222,46
8,222,46
8,222,46
8,217,47
8,217,47
8,222,46
8,222,46
8,222,46
8,222,46
8,222,46
8,217,47
7,218,48
7,218,48
6,219,49
6,219,49
6,219,49
6,219,49
6,219,49
6,219,49
6,213,49
5,208,49
6,213,49
6,218,48
6,223,48
7,222,47
7,222,47
7,222,47
7,218,48
7,218,48
7,218,48
7,213,48
7,213,48
6,207,48
6,207,48
6,202,48
6,203,49
6,198,49
6,198,49
6,198,49
6,198,49
6,198,49
6,198,49
6,198,49
6,202,48
6,202,48
6,198,49
6,198,49
6,198,49
6,198,49
6,198,49
6,193,49
6,193,49
6,193,49
6,198,49
6,203,49
6,203,49
7,209,50
6,210,51
6,210,51
6,210,51
6,210,51
7,215,51
6,215,51
6,215,51
7,220,51
7,220,51
7,221,52
6,216,52
6,217,53
6,217,54
6,217,54
7,216,52
7,216,52
7,216,52
7,216,52
7,216,52
7,216,52
7,216,52
7,216,52
7,216,52
6,211,52
6,211,52
6,211,52
6,211,52
6,210,51
6,210,51
6,210,51
7,209,50
8,208,49
8,207,48
7,201,47
7,201,47
7,200,46
7,200,46
7,200,46
8,200,46
8,194,46
8,193,45
7,187,45
7,181,45
8,181,45
7,177,46
7,177,46
5,187,41
5,187,41
5,187,41
5,188,42
6,194,42
5,196,43
7,203,44
7,209,44
7,209,44
7,213,43
7,213,43
7,213,43
7,213,43
7,214,44
8,221,45
8,222,46
8,222,46
8,222,46
8,222,46
8,222,46
8,222,46
8,222,46
7,216,46
6,211,46
6,211,46
6,211,46
6,211,46
6,211,46
6,210,45
6,211,46
6,210,45
6,214,44
6,214,44
6,214,44
6,214,44
6,214,44
6,215,45
6,211,46
6,205,46
6,202,48
6,198,49
6,198,49
6,202,48
6,202,48
6,207,48
5,207,48
5,203,49
5,203,49
5,203,49
5,204,50
5,203,49
6,202,48
6,202,48
6,202,48
6,202,48
6,202,48
6,198,49
6,202,48
6,203,49
6,203,49
6,202,48
6,202,48
6,202,48
6,202,48
6,202,48
6,202,48
6,202,48
6,202,48
6,206,47
6,206,47
6,206,47
6,206,47
6,212,47
6,212,47
6,212,47
6,212,47
6,212,47
6,211,46
6,211,46
6,211,46
7,216,46
7,216,46
7,216,46
7,216,46
8,222,46
8,222,46
8,222,46
8,222,46
8,217,47
8,217,47
8,217,47
8,217,47
8,222,46
8,222,47
8,222,46
8,217,47
7,218,48
7,219,49
6,219,49
6,219,49
6,219,49
6,219,49
6,223,48
6,219,49
6,219,49
6,219,49
6,219,49
6,219,49
7,218,48
7,223,48
7,222,47
7,222,47
7,218,48
7,218,48
8,213,48
8,213,48
8,213,48
8,213,48
7,207,48
6,202,48
6,202,48
6,203,49
6,198,49
6,198,49
6,198,49
6,198,49
6,198,49
6,198,49
6,202,48
6,202,48
6,202,48
6,198,49
6,198,49
6,198,49
6,198,49
6,194,50
5,185,51
6,181,52
4,177,52
5,187,49
6,198,49
6,204,50
6,210,51
6,210,51
6,210,51
6,211,52
6,211,52
6,215,51
6,215,51
6,215,51
7,220,51
7,220,51
7,221,52
7,221,52
6,217,53
6,217,53
6,217,53
7,216,52
7,216,52
7,215,51
7,215,51
7,215,51
7,216,52
7,216,52
7,216,52
7,216,52
6,211,52
6,211,52
6,211,52
6,211,52
6,210,51
6,210,51
6,210,51
6,210,51
8,208,49
8,207,48
8,206,47
8,212,47
7,200,46
7,200,46
7,200,46
8,200,46
8,194,46
8,193,45
8,193,45
8,187,45
8,181,45
7,177,46
7,177,46
5,187,41
5,187,41
5,187,41
5,187,41
6,200,42
6,202,43
6,202,43
7,208,43
7,208,43
7,213,43
7,213,43
7,213,43
7,213,43
7,214,44
8,221,45
8,221,45
8,222,46
8,222,46
8,222,46
8,222,46
8,222,46
8,222,46
8,222,46
7,216,46
7,216,46
7,216,46
6,211,46
6,211,46
6,212,47
6,206,47
6,206,47
6,210,45
6,214,44
6,214,44
6,214,44
6,214,44
6,215,45
6,210,45
6,211,46
6,202,48
6,198,49
6,202,48
6,207,48
6,207,48
5,207,48
5,207,48
5,208,49
6,208,49
6,208,49
5,203,49
6,202,48
6,202,48
6,202,48
6,202,48
6,202,48
6,202,48
6,202,48
6,202,48
6,202,48
6,203,49
6,203,49
6,202,48
6,202,48
6,202,48
6,202,48
6,202,48
6,202,48
6,202,48
6,202,48
6,206,47
6,206,47
6,206,47
6,212,47
6,212,47
6,212,47
6,212,47
6,212,47
6,211,46
6,216,46
6,216,46
6,216,46
6,216,46
6,216,46
7,222,46
8,222,46
8,222,46
8,222,46
7,222,47
7,218,48
7,218,48
7,218,48
8,217,47
7,217,47
7,217,47
7,222,47
7,218,48
8,213,48
7,213,49
7,219,49
6,219,49
6,219,49
6,219,49
6,223,48
6,219,49
6,219,49
6,219,49
6,219,49
6,223,48
6,223,48
7,223,48
7,222,47
8,217,47
7,212,47
7,212,47
8,213,48
8,213,48
8,213,48
7,207,48
6,202,48
6,202,48
6,202,48
6,198,49
6,198,49
6,198,49
6,198,49
6,198,49
6,198,49
6,202,48
6,202,48
6,202,48
6,202,48
6,198,49
6,198,49
6,198,49
6,194,50
6,186,52
6,181,55
6,176,55
4,175,54
5,183,53
5,195,51
6,205,51
6,210,51
6,210,51
6,210,51
6,211,52
7,216,52
6,215,51
6,215,51
6,215,51
7,220,51
7,220,51
7,221,52
7,221,52
6,216,52
6,217,53
6,216,52
6,215,51
7,215,51
8,220,51
8,220,51
7,215,51
7,215,51
7,216,52
7,216,52
7,216,52
6,211,52
6,211,52
6,211,52
6,211,52
6,210,51
6,210,51
6,210,51
7,209,50
8,208,49
8,213,48
8,212,47
8,212,47
8,212,47
7,200,46
7,200,46
8,200,46
8,194,46
9,194,46
8,193,45
8,187,45
8,188,46
7,183,46
7,177,46
5,187,41
5,187,41
5,187,41
6,200,42
6,200,42
7,208,43
7,208,43
7,208,43
7,213,43
7,213,43
7,213,43
7,214,44
7,214,44
7,215,45
8,221,45
8,221,45
8,222,46
8,222,46
8,222,46
8,222,46
8,222,46
8,222,46
8,222,46
6,216,46
6,216,46
6,211,46
6,212,47
5,207,48
6,202,48
6,202,48
6,211,46
6,215,45
6,214,44
6,214,44
6,214,44
6,215,45
6,210,45
6,211,46
6,206,47
6,202,48
6,207,48
6,212,47
6,213,48
5,207,48
5,207,48
5,207,48
6,208,49
6,208,49
5,203,49
6,202,48
6,207,48
6,202,48
6,202,48
6,202,48
6,202,48
6,202,48
6,202,48
6,202,48
6,202,48
6,202,48
6,202,48
6,203,49
6,203,49
6,203,49
6,203,49
6,202,48
6,202,48
6,202,48
6,207,48
6,207,48
6,206,47
7,212,47
7,213,48
6,212,47
6,212,47
6,212,47
6,217,47
6,217,47
6,216,46
6,216,46
6,216,46
7,222,46
7,222,46
7,222,46
7,222,46
7,222,47
7,223,48
7,218,48
7,218,48
7,218,48
7,218,48
7,218,48
7,218,48
7,218,48
7,219,49
7,214,50
8,210,51
8,210,51
6,219,49
6,223,48
6,223,48
6,223,48
6,223,48
6,223,48
6,223,48
6,223,48
6,223,48
6,223,48
7,223,48
8,217,47
7,212,47
7,212,47
8,212,47
8,213,48
8,213,48
7,207,48
7,207,48
6,202,48
6,202,48
6,198,49
6,198,49
6,198,49
6,198,49
6,198,49
6,198,49
6,198,49
6,202,48
6,202,48
6,202,48
6,202,48
6,202,48
6,198,49
6,198,49
7,191,52
7,188,53
6,181,55
6,176,55
5,175,54
6,183,53
6,200,51
6,205,51
6,210,51
6,210,51
6,210,51
6,211,52
6,211,52
7,216,52
7,216,52
7,216,52
6,215,51
6,215,51
6,215,51
6,215,51
6,215,51
6,216,52
6,215,51
7,215,51
7,214,50
8,219,50
8,219,50
8,219,50
7,215,51
7,215,51
7,215,51
6,211,52
6,211,52
6,211,52
6,211,52
6,210,51
6,210,51
6,210,51
6,210,51
8,208,49
8,208,49
8,213,49
8,212,47
8,212,47
8,212,47
8,212,47
7,200,46
8,200,46
8,194,46
8,194,46
8,194,46
7,188,46
7,188,46
6,183,46
5,182,42
5,188,42
5,187,41
6,194,42
6,200,42
7,206,42
7,208,43
7,213,43
7,213,43
7,213,43
7,214,44
7,214,44
7,214,44
7,215,45
7,215,45
7,215,45
7,215,45
7,215,45
8,222,46
8,222,46
8,222,46
8,222,46
8,222,46
7,216,46
7,216,46
6,211,46
5,207,48
5,208,49
5,208,49
5,207,48
6,211,46
6,210,45
6,214,44
6,214,44
6,214,44
6,215,45
6,210,45
6,211,46
6,211,46
6,212,47
6,212,47
6,212,47
6,213,48
5,207,48
5,207,48
6,207,48
6,207,48
6,207,48
6,202,48
6,202,48
6,202,48
6,202,48
6,202,48
6,202,48
6,202,48
6,202,48
6,202,48
6,202,48
6,202,48
6,202,48
6,203,49
5,203,49
5,203,49
5,203,49
5,203,49
6,202,48
6,202,48
6,202,48
6,202,48
7,207,48
6,207,48
7,213,48
7,213,48
7,213,48
8,217,47
7,218,48
7,217,47
6,217,47
6,217,47
6,217,47
6,217,47
6,217,47
7,222,47
7,223,48
7,223,48
7,223,48
7,218,48
6,219,49
6,219,49
6,219,49
6,219,49
7,218,48
7,218,48
7,218,48
8,219,49
6,210,51
8,210,51
8,210,51
7,209,50
7,223,48
6,223,48
6,223,48
6,223,48
6,223,48
6,223,48
6,223,48
7,223,48
7,218,48
7,218,48
7,212,47
7,212,47
7,206,47
7,206,47
7,206,47
7,207,48
7,207,48
6,202,48
6,202,48
6,198,49
6,198,49
6,198,49
6,198,49
6,198,49
6,198,49
6,198,49
6,203,49
6,202,48
6,202,48
6,202,48
6,202,48
6,202,48
6,202,48
7,199,50
7,191,52
7,188,53
6,185,55
6,185,55
6,183,53
6,196,52
6,205,51
6,210,51
6,215,51
6,215,51
6,215,51
6,215,51
7,216,52
7,216,52
7,216,52
7,216,52
7,216,52
6,215,51
6,215,51
6,215,51
6,215,51
6,215,51
6,214,50
7,214,50
7,214,50
8,219,50
8,219,50
7,214,50
7,215,51
7,215,51
7,215,51
6,210,51
6,210,51
6,210,51
6,210,51
6,210,51
6,210,51
8,208,49
8,208,49
8,208,49
8,208,49
8,208,49
8,213,48
8,212,47
8,212,47
8,206,47
7,201,47
8,200,46
8,194,46
7,190,47
7,190,47
7,190,47
6,184,47
6,184,47
5,182,42
5,182,42
5,188,42
6,200,42
6,200,42
7,208,43
7,213,43
7,213,43
7,214,44
7,214,44
7,214,44
7,214,44
7,215,45
7,215,45
7,215,45
7,215,45
7,215,45
8,216,46
8,216,46
8,222,46
8,222,46
8,222,46
7,216,46
7,216,46
6,212,47
5,208,49
5,208,49
5,207,48
6,213,48
6,211,46
6,210,45
6,215,45
6,214,44
6,214,44
6,214,44
6,215,45
6,210,45
6,210,45
6,211,46
6,211,46
6,212,47
6,213,48
5,207,48
6,207,48
6,207,48
6,207,48
6,206,47
6,207,48
6,207,48
6,206,47
6,207,48
6,202,48
6,202,48
6,202,48
6,202,48
6,202,48
6,202,48
6,201,47
6,201,47
5,203,49
5,203,49
5,203,49
5,203,49
5,203,49
6,203,49
6,202,48
6,202,48
6,202,48
7,207,48
8,213,48
8,213,48
8,213,48
7,213,48
8,217,47
7,218,48
7,218,48
7,217,47
7,218,48
7,218,48
7,218,48
7,218,48
7,218,48
7,218,48
7,218,48
7,218,48
6,219,49
6,219,49
6,219,49
6,219,49
6,219,49
7,218,48
7,218,48
6,219,49
6,219,49
7,214,50
6,210,51
6,210,51
6,219,49
7,218,48
7,223,48
7,223,48
7,223,48
7,223,48
7,223,48
7,223,48
6,219,49
7,218,48
7,213,48
7,206,47
7,206,47
7,206,47
7,206,47
6,206,47
6,206,47
7,207,48
6,202,48
6,198,49
6,198,49
6,198,49
6,198,49
6,198,49
5,200,51
5,200,51
6,198,49
6,203,49
6,202,48
6,202,48
6,202,48
6,202,48
6,202,48
6,202,48
6,198,49
7,199,50
8,196,52
7,192,53
7,197,53
7,201,52
7,209,50
6,215,51
6,215,51
6,215,51
6,215,51
6,215,51
6,215,51
6,215,51
6,215,51
7,216,52
7,216,52
6,215,51
6,215,51
6,215,51
6,214,50
6,214,50
6,214,50
7,214,50
7,214,50
8,214,50
8,214,50
7,214,50
7,214,50
7,214,50
7,214,50
7,215,51
6,210,51
6,210,51
6,210,51
8,208,49
8,208,49
8,208,49
8,208,49
8,208,49
8,208,49
8,208,49
8,208,49
8,213,49
8,212,47
8,206,47
7,201,47
7,201,47
7,195,47
7,195,47
7,190,47
6,184,47
6,184,47
6,184,47
5,174,44
5,178,43
5,184,43
6,202,43
6,202,43
6,202,43
7,213,43
7,213,43
7,214,44
8,220,44
8,220,44
7,214,44
7,215,45
7,215,45
7,215,45
6,210,45
7,215,45
8,215,45
8,216,46
8,216,46
8,222,46
8,216,46
7,217,47
6,212,47
6,213,49
5,208,49
5,208,49
5,208,49
6,213,48
6,211,46
6,211,46
6,215,45
6,215,45
6,214,44
6,214,44
6,215,45
6,210,45
6,210,45
6,210,45
6,211,46
6,211,46
6,212,47
6,212,47
6,206,47
6,206,47
6,206,47
6,206,47
6,206,47
6,206,47
6,206,47
6,202,48
6,202,48
6,202,48
6,202,48
6,202,48
6,202,48
6,201,47
6,201,47
6,201,47
6,202,48
5,203,49
5,203,49
5,203,49
5,203,49
6,203,49
6,203,49
6,202,48
6,202,48
7,207,48
8,213,48
8,213,48
8,213,48
8,217,47
8,217,47
7,218,48
7,218,48
7,218,48
7,218,48
7,218,48
7,218,48
7,218,48
7,218,48
6,219,49
6,219,49
7,218,48
6,219,49
6,219,49
6,219,49
6,219,49
7,218,48
6,218,48
6,218,48
6,219,49
6,219,49
6,213,49
5,208,49
6,208,49
6,213,48
7,218,48
7,217,47
7,222,47
7,222,47
7,218,48
7,218,48
7,218,48
7,218,48
7,213,48
6,207,48
7,206,47
7,206,47
6,206,47
6,206,47
6,206,47
6,206,47
6,206,47
6,202,48
6,198,49
6,198,49
6,198,49
6,198,49
5,199,50
5,200,51
5,200,51
5,199,50
6,203,49
6,202,48
6,202,48
6,202,48
6,202,48
6,202,48
6,202,48
6,198,49
6,198,49
7,199,50
7,205,51
7,210,51
7,209,50
6,214,50
6,214,50
6,214,50
6,215,51
6,215,51
6,215,51
6,215,51
7,216,52
7,216,52
7,216,52
7,216,52
6,215,51
6,215,51
6,214,50
6,214,50
6,214,50
7,214,50
7,214,50
7,214,50
8,215,51
8,215,51
7,215,51
7,215,51
7,214,50
7,214,50
7,209,50
7,209,50
7,209,50
8,208,49
8,208,49
8,208,49
8,208,49
8,208,49
8,208,49
8,208,49
8,208,49
8,208,49
7,203,49
7,202,48
7,201,47
7,201,47
7,195,47
7,195,47
7,190,47
6,184,47
6,184,47
6,184,47
6,181,48
5,166,46
5,174,44
5,178,43
5,196,43
6,202,43
7,208,43
7,213,43
7,213,43
7,214,44
7,214,44
7,214,44
7,214,44
7,215,45
6,210,45
6,210,45
6,210,45
7,215,45
8,215,45
8,216,46
8,216,46
8,216,46
8,217,47
7,217,47
6,213,48
5,208,49
5,208,49
5,208,49
5,208,49
6,213,48
6,213,48
6,211,46
6,211,46
6,210,45
6,215,45
6,215,45
6,210,45
6,210,45
6,210,45
6,210,45
6,210,45
6,211,46
6,211,46
6,212,47
6,206,47
6,206,47
6,206,47
6,206,47
6,206,47
6,202,48
6,202,48
6,202,48
6,202,48
6,202,48
6,206,47
6,201,47
6,201,47
6,201,47
6,201,47
6,201,47
6,201,47
6,202,48
5,203,49
5,203,49
5,203,49
6,203,49
6,202,48
6,202,48
6,202,48
7,207,48
8,213,48
8,213,48
8,213,48
8,213,48
8,217,47
8,213,48
7,218,48
7,218,48
7,213,48
7,213,48
6,213,48
6,213,48
6,219,49
6,219,49
6,219,49
6,219,49
6,219,49
6,219,49
6,219,49
6,219,49
7,218,48
6,218,48
6,218,48
6,219,49
6,219,49
6,213,49
5,208,49
6,208,49
6,206,47
7,212,47
7,212,47
8,217,47
8,217,47
8,217,47
7,212,47
7,213,48
6,207,48
6,207,48
7,207,48
6,202,48
6,201,47
6,201,47
6,201,47
6,206,47
6,206,47
6,206,47
6,202,48
6,198,49
6,198,49
6,198,49
6,198,49
5,199,50
5,199,50
5,200,51
5,199,50
6,198,49
6,198,49
6,198,49
6,202,48
6,202,48
6,202,48
7,203,49
7,203,49
7,203,49
7,204,50
7,209,50
7,209,50
6,214,50
6,214,50
6,214,50
6,214,50
6,214,50
6,215,51
6,215,51
7,216,52
7,216,52
7,216,52
7,216,52
7,216,52
8,220,51
7,219,50
6,214,50
6,214,50
7,214,50
7,213,49
7,213,49
7,214,50
8,215,51
8,215,51
8,215,51
7,215,51
7,214,50
7,214,50
7,209,50
7,209,50
8,208,49
8,208,49
8,208,49
8,208,49
8,208,49
8,208,49
8,208,49
8,208,49
8,208,49
8,208,49
7,203,49
7,203,49
7,201,47
7,201,47
7,195,47
7,195,47
6,184,47
6,184,47
6,184,47
6,184,47
6,181,48
5,166,46
5,174,44
5,190,43
6,202,43
6,202,43
7,213,43
7,213,43
7,214,44
7,214,44
6,214,44
7,214,44
7,215,45
6,210,45
6,210,45
7,210,45
8,215,45
8,216,46
8,216,46
8,216,46
8,216,46
8,217,47
8,217,47
6,213,49
6,213,49
5,208,49
5,208,49
5,208,49
6,213,49
6,213,48
6,212,47
6,211,46
6,211,46
6,211,46
6,210,45
6,210,45
6,210,45
6,210,45
6,210,45
6,210,45
6,210,45
6,211,46
6,205,46
6,206,47
6,206,47
6,206,47
6,206,47
6,206,47
6,206,47
6,206,47
6,202,48
6,202,48
6,206,47
6,206,47
6,206,47
6,206,47
6,206,47
6,206,47
6,206,47
6,206,47
6,201,47
6,202,48
5,203,49
6,202,48
6,202,48
6,202,48
6,202,48
6,202,48
7,207,48
8,213,48
8,213,48
8,213,48
8,213,48
8,213,48
8,213,48
8,213,48
8,213,48
7,207,48
7,207,48
6,207,48
6,208,49
6,208,49
6,208,49
6,203,49
6,203,49
6,203,49
6,203,49
6,203,49
6,203,49
6,207,48
6,213,48
6,213,48
6,213,48
6,213,48
5,208,49
6,208,49
6,207,48
6,206,47
6,206,47
6,206,47
6,206,47
6,206,47
6,206,47
6,207,48
6,207,48
7,207,48
7,207,48
6,202,48
6,202,48
7,202,48
6,201,47
6,201,47
6,201,47
6,206,47
6,202,48
6,202,48
6,198,49
6,198,49
6,198,49
6,198,49
6,198,49
5,199,50
5,199,50
5,199,50
6,198,49
6,198,49
6,198,49
6,202,48
6,202,48
6,202,48
6,202,48
6,202,48
6,203,49
7,208,49
7,214,50
7,214,50
6,214,50
6,214,50
6,214,50
6,214,50
6,214,50
6,215,51
6,215,51
6,215,51
7,216,52
7,216,52
7,216,52
8,220,51
8,220,51
8,219,50
8,219,50
7,214,50
7,214,50
7,213,49
7,213,49
7,214,50
7,215,51
8,215,51
8,215,51
7,215,51
7,214,50
7,214,50
7,209,50
7,209,50
8,208,49
8,208,49
8,208,49
8,208,49
8,208,49
8,208,49
8,208,49
8,208,49
8,208,49
8,204,50
8,204,50
7,203,49
7,201,47
7,201,47
7,195,47
7,190,47
6,184,47
6,184,47
6,184,47
6,181,48
5,166,46
5,178,43
5,190,43
6,202,43
6,202,43
7,208,43
7,213,43
7,213,43
7,214,44
7,214,44
7,214,44
7,215,45
6,210,45
6,210,45
7,211,46
8,216,46
8,216,46
8,216,46
8,216,46
8,217,47
8,217,47
7,219,49
6,213,49
6,213,49
6,213,49
5,208,49
6,213,49
6,213,49
6,213,49
6,213,48
6,212,47
6,211,46
6,211,46
6,211,46
6,210,45
6,210,45
6,210,45
6,210,45
6,210,45
6,210,45
6,210,45
6,211,46
6,206,47
6,206,47
6,206,47
6,206,47
6,206,47
6,206,47
6,206,47
6,206,47
6,206,47
6,206,47
6,206,47
6,206,47
6,206,47
6,206,47
6,206,47
6,201,47
6,201,47
6,201,47
6,202,48
6,202,48
6,202,48
6,202,48
6,202,48
6,202,48
6,202,48
6,202,48
7,207,48
8,213,48
7,207,48
8,213,48
8,213,48
7,207,48
6,202,48
6,202,48
6,202,48
6,202,48
6,202,48
6,202,48
6,203,49
6,203,49
6,199,50
6,199,50
6,199,50
6,199,50
6,190,51
6,199,50
6,203,49
6,202,48
6,207,48
6,207,48
6,207,48
6,207,48
6,207,48
6,207,48
6,206,47
6,206,47
6,206,47
6,206,47
6,206,47
7,207,48
7,207,48
6,202,48
6,202,48
6,202,48
6,202,48
7,203,49
6,198,49
6,198,49
6,197,48
6,202,48
6,202,48
6,202,48
6,202,48
6,198,49
6,198,49
6,198,49
6,198,49
6,198,49
6,198,49
6,198,49
6,198,49
6,198,49
6,198,49
6,198,49
6,198,49
6,198,49
6,198,49
6,198,49
7,203,49
8,208,49
7,208,49
7,213,49
6,214,50
6,214,50
6,214,50
6,214,50
6,214,50
6,215,51
6,215,51
6,215,51
7,216,52
7,216,52
7,216,52
8,220,51
8,220,51
8,220,51
8,219,50
8,219,50
8,219,50
7,213,49
8,213,48
8,213,48
8,213,48
7,214,50
7,215,51
6,210,51
7,215,51
7,215,51
7,214,50
7,209,50
8,208,49
8,208,49
8,208,49
8,208,49
8,208,49
8,208,49
8,208,49
8,208,49
8,208,49
8,208,49
8,204,50
8,204,50
7,203,49
6,197,48
7,195,47
6,190,47
6,184,47
6,184,47
6,181,48
6,181,48
6,181,48
5,184,43
5,188,42
6,194,42
6,202,43
6,202,43
7,208,43
7,213,43
7,214,44
7,214,44
7,214,44
7,215,45
6,210,45
7,210,45
8,216,46
8,216,46
8,216,46
8,222,46
8,222,46
7,217,47
8,217,47
7,219,49
7,213,49
6,213,49
6,213,49
6,213,49
6,213,49
6,213,49
6,213,49
6,213,49
6,212,47
6,212,47
6,211,46
6,211,46
6,211,46
6,210,45
6,210,45
6,210,45
6,210,45
6,210,45
6,210,45
6,211,46
6,205,46
6,205,46
6,205,46
6,206,47
6,206,47
6,206,47
6,206,47
6,206,47
6,206,47
6,206,47
6,206,47
6,206,47
6,206,47
6,206,47
6,206,47
6,206,47
6,201,47
6,201,47
6,202,48
6,202,48
6,202,48
6,202,48
6,202,48
6,202,48
6,202,48
6,202,48
6,202,48
7,207,48
7,203,49
7,199,50
8,204,50
7,203,49
6,202,48
6,202,48
6,202,48
6,202,48
6,202,48
6,202,48
6,202,48
6,198,49
6,194,50
6,194,50
6,190,51
6,186,52
6,190,51
6,190,51
6,198,49
6,198,49
6,202,48
6,202,48
6,202,48
6,202,48
6,202,48
6,207,48
6,206,47
6,206,47
6,206,47
6,206,47
6,206,47
6,201,47
6,202,48
6,202,48
6,202,48
6,202,48
6,197,48
6,198,49
6,198,49
6,198,49
6,198,49
6,198,49
6,202,48
6,202,48
6,202,48
6,202,48
6,198,49
6,198,49
6,198,49
6,198,49
6,198,49
6,198,49
6,198,49
6,198,49
6,198,49
6,198,49
6,198,49
6,198,49
6,198,49
7,203,49
7,203,49
7,208,49
7,208,49
7,213,49
6,214,50
6,214,50
6,214,50
6,214,50
6,214,50
7,215,51
7,215,51
6,215,51
7,216,52
7,216,52
7,220,51
8,220,51
8,220,51
8,219,50
8,219,50
8,219,50
8,219,50
8,219,49
8,213,48
8,213,48
7,213,49
7,214,50
6,210,51
6,210,51
6,210,51
7,209,50
7,209,50
7,209,50
8,208,49
8,208,49
8,208,49
8,208,49
8,208,49
8,208,49
8,208,49
8,208,49
8,208,49
8,208,49
7,203,49
6,198,49
7,203,49
6,197,48
7,195,47
6,190,47
6,184,47
6,184,47
5,179,47
5,179,47
5,182,42
5,187,41
6,193,41
6,200,42
6,202,43
6,202,43
7,213,43
7,213,43
7,214,44
7,209,44
7,215,45
6,210,45
7,210,45
8,216,46
8,216,46
8,216,46
8,216,46
8,222,46
8,222,46
8,217,47
7,218,48
7,213,49
6,213,49
6,213,49
6,213,49
6,213,49
6,213,49
6,213,49
6,213,49
7,213,48
7,212,47
7,212,47
7,212,47
6,211,46
6,210,45
6,210,45
6,210,45
6,210,45
6,210,45
6,210,45
6,210,45
6,205,46
6,205,46
6,205,46
6,205,46
6,206,47
6,206,47
6,206,47
6,206,47
6,206,47
6,205,46
6,211,46
6,211,46
6,205,46
6,206,47
6,206,47
6,206,47
6,206,47
6,206,47
6,202,48
6,202,48
6,202,48
6,202,48
6,202,48
6,202,48
6,202,48
6,202,48
6,202,48
6,202,48
6,198,49
7,199,50
7,199,50
6,198,49
6,198,49
6,202,48
6,202,48
6,202,48
6,202,48
6,202,48
6,202,48
6,198,49
6,194,50
6,194,50
6,190,51
6,186,52
6,190,51
6,190,51
6,198,49
6,198,49
6,202,48
6,202,48
6,202,48
6,202,48
6,202,48
6,202,48
6,202,48
6,206,47
6,206,47
6,206,47
6,201,47
6,201,47
6,202,48
6,202,48
6,202,48
6,197,48
6,198,49
6,198,49
6,198,49
6,198,49
6,198,49
6,198,49
6,198,49
6,202,48
6,202,48
6,202,48
6,202,48
6,198,49
6,198,49
6,198,49
6,203,49
6,203,49
6,198,49
6,198,49
6,198,49
6,198,49
6,202,48
6,202,48
6,198,49
7,203,49
7,203,49
8,208,49
7,208,49
7,209,50
6,214,50
6,214,50
6,214,50
6,214,50
6,210,51
6,211,52
6,211,52
7,216,52
7,216,52
7,220,51
7,220,51
8,220,51
8,220,51
8,219,50
8,219,50
8,219,50
8,219,50
8,219,49
8,219,49
7,213,49
7,213,49
7,214,50
6,210,51
6,210,51
7,209,50
7,209,50
7,209,50
8,208,49
8,208,49
8,208,49
8,208,49
8,208,49
8,208,49
8,208,49
8,208,49
8,208,49
8,208,49
8,208,49
7,203,49
6,198,49
7,203,49
7,195,47
7,195,47
6,190,47
6,184,47
6,184,47
5,179,47
5,179,47
5,187,41
6,193,41
7,199,41
6,200,42
6,202,43
6,202,43
7,208,43
7,208,43
7,209,44
7,214,44
7,215,45
8,215,45
8,216,46
8,216,46
8,216,46
8,216,46
8,222,46
8,222,46
8,222,46
7,217,47
7,219,49
6,213,49
5,208,49
5,208,49
6,213,49
6,213,49
6,213,49
6,219,49
7,213,49
7,213,48
7,212,47
7,212,47
7,211,46
6,211,46
6,210,45
6,210,45
6,210,45
6,210,45
6,210,45
6,210,45
6,205,46
6,205,46
6,205,46
6,205,46
6,205,46
6,205,46
6,205,46
6,205,46
6,205,46
6,205,46
6,211,46
6,205,46
6,205,46
6,206,47
6,206,47
6,206,47
6,206,47
6,206,47
6,202,48
6,202,48
6,202,48
6,202,48
6,202,48
6,202,48
6,202,48
6,202,48
6,202,48
6,202,48
6,198,49
7,199,50
7,199,50
6,198,49
6,198,49
6,203,49
6,202,48
6,202,48
6,202,48
6,202,48
6,202,48
6,202,48
6,198,49
6,194,50
6,190,51
6,190,51
6,190,51
6,198,49
6,202,48
6,198,49
6,202,48
6,202,48
6,202,48
6,202,48
6,202,48
6,202,48
6,202,48
6,202,48
6,201,47
6,201,47
6,201,47
6,201,47
6,201,47
6,202,48
6,202,48
6,197,48
6,198,49
6,198,49
6,198,49
6,198,49
6,198,49
6,198,49
6,198,49
6,202,48
6,202,48
6,202,48
6,202,48
6,198,49
6,198,49
6,198,49
6,202,48
6,202,48
6,202,48
6,202,48
6,202,48
6,202,48
6,202,48
6,202,48
6,202,48
6,202,48
7,203,49
8,208,49
7,208,49
7,209,50
7,209,50
6,214,50
6,214,50
6,210,51
6,211,52
8,211,52
8,211,52
8,211,52
7,216,52
7,216,52
7,216,52
7,216,52
7,215,51
8,220,51
8,219,50
8,219,50
8,219,50
8,219,50
8,213,49
7,213,49
7,214,50
7,208,49
7,209,50
7,209,50
8,208,49
8,208,49
8,208,49
8,208,49
8,208,49
8,208,49
8,208,49
8,208,49
8,208,49
8,208,49
8,208,49
8,208,49
8,208,49
8,208,49
6,198,49
6,198,49
6,198,49
7,195,47
7,195,47
6,190,47
6,184,47
6,184,47
6,184,47
5,187,41
6,193,41
6,193,41
7,199,41
6,202,43
6,202,43
6,202,43
7,208,43
7,209,44
7,214,44
7,214,44
7,215,45
8,215,45
8,215,45
8,215,45
8,222,46
8,222,46
8,222,46
8,222,46
8,222,46
7,218,48
6,213,49
5,208,49
5,208,49
6,213,49
6,213,49
7,218,48
7,218,48
7,213,48
7,213,48
7,213,48
7,212,47
7,212,47
7,212,47
6,211,46
6,211,46
6,210,45
6,211,46
6,211,46
6,211,46
6,205,46
6,205,46
6,205,46
6,205,46
6,205,46
6,205,46
6,205,46
6,205,46
6,205,46
6,205,46
6,205,46
6,205,46
6,206,47
6,206,47
6,206,47
6,206,47
6,206,47
6,206,47
6,202,48
6,202,48
6,202,48
6,202,48
6,202,48
6,202,48
6,202,48
7,207,48
6,202,48
6,202,48
6,202,48
6,198,49
6,198,49
6,198,49
6,198,49
6,198,49
6,202,48
6,202,48
6,202,48
6,202,48
6,202,48
6,202,48
6,202,48
6,198,49
6,198,49
6,198,49
6,198,49
6,198,49
6,202,48
6,198,49
6,198,49
6,202,48
6,202,48
6,202,48
6,202,48
6,202,48
6,202,48
6,202,48
6,201,47
6,201,47
6,201,47
6,201,47
6,201,47
6,201,47
6,202,48
6,197,48
6,198,49
6,198,49
6,198,49
6,198,49
6,198,49
6,198,49
6,198,49
6,198,49
6,198,49
6,198,49
6,198,49
6,198,49
6,202,48
6,202,48
6,202,48
6,202,48
6,202,48
6,202,48
6,202,48
6,202,48
6,202,48
6,202,48
6,198,49
7,203,49
7,203,49
8,208,49
7,208,49
7,209,50
7,209,50
6,210,51
6,210,51
6,211,52
6,211,52
7,204,55
7,204,55
7,204,55
7,216,52
7,216,52
7,216,52
7,216,52
7,216,52
8,220,51
8,220,51
8,219,50
8,219,50
8,219,50
8,214,50
8,214,50
8,214,50
8,208,49
8,208,49
8,208,49
8,208,49
8,208,49
8,208,49
8,208,49
8,208,49
8,208,49
8,208,49
8,208,49
8,208,49
8,208,49
8,208,49
8,208,49
8,208,49
7,203,49
6,198,49
6,198,49
6,198,49
6,197,48
7,195,47
6,190,47
6,184,47
6,184,47
6,184,47
6,193,41
6,193,41
6,193,41
6,200,42
6,202,43
6,202,43
6,202,43
7,208,43
7,214,44
6,214,44
7,214,44
7,215,45
8,221,45
8,221,45
8,221,45
8,222,46
8,222,46
8,222,46
8,222,46
8,217,47
6,208,49
6,208,49
5,208,49
6,213,49
7,218,48
7,218,48
7,217,47
7,218,48
7,213,49
7,213,49
7,213,49
7,213,48
7,212,47
6,212,47
6,211,46
6,211,46
6,205,46
6,205,46
6,205,46
6,205,46
6,205,46
6,205,46
6,205,46
6,205,46
6,205,46
6,205,46
6,205,46
6,205,46
6,205,46
6,205,46
6,205,46
6,205,46
6,206,47
6,206,47
6,206,47
6,202,48
6,206,47
6,206,47
6,206,47
6,202,48
6,206,47
6,206,47
6,206,47
6,206,47
6,206,47
6,206,47
6,202,48
6,202,48
6,198,49
6,199,50
6,199,50
6,199,50
6,198,49
6,203,49
6,202,48
6,202,48
6,202,48
6,202,48
6,202,48
6,202,48
6,203,49
6,198,49
6,198,49
6,198,49
6,198,49
6,198,49
6,198,49
6,198,49
6,202,48
6,202,48
6,202,48
6,202,48
6,202,48
6,202,48
6,202,48
6,201,47
6,201,47
6,201,47
6,201,47
6,201,47
6,201,47
6,202,48
6,197,48
6,198,49
6,198,49
6,198,49
6,198,49
6,198,49
6,198,49
6,198,49
6,202,48
6,202,48
6,198,49
6,198,49
6,198,49
6,202,48
6,202,48
6,202,48
6,202,48
6,202,48
6,202,48
6,202,48
6,202,48
6,202,48
6,202,48
6,202,48
6,203,49
7,203,49
8,208,49
7,208,49
7,209,50
6,210,51
6,210,51
6,210,51
6,211,52
6,211,52
6,211,52
6,211,52
7,216,52
7,216,52
7,216,52
7,216,52
7,216,52
7,216,52
8,220,51
8,220,51
8,219,50
8,220,51
8,215,51
8,215,51
8,215,51
8,215,51
8,213,49
8,208,49
8,208,49
8,208,49
8,208,49
8,208,49
8,208,49
8,208,49
8,208,49
8,208,49
8,208,49
8,208,49
8,208,49
8,208,49
8,208,49
8,208,49
6,198,49
6,198,49
6,198,49
6,198,49
6,197,48
7,195,47
6,190,47
6,184,47
6,184,47
6,193,41
5,191,40
6,193,41
6,193,41
6,202,43
6,202,43
6,202,43
7,208,43
7,214,44
6,214,44
6,214,44
7,214,44
8,221,45
8,221,45
8,221,45
8,221,45
8,222,46
8,222,46
8,222,46
8,217,47
6,206,47
6,208,49
6,208,49
5,207,48
7,217,47
7,217,47
7,217,47
7,218,48
7,213,49
6,214,50
6,214,50
7,213,49
6,208,49
6,206,47
6,206,47
6,206,47
6,206,47
6,206,47
6,205,46
6,205,46
6,205,46
6,205,46
6,205,46
6,205,46
6,205,46
6,205,46
6,210,45
6,210,45
6,205,46
6,205,46
6,205,46
6,205,46
6,206,47
6,206,47
6,206,47
6,202,48
6,206,47
6,206,47
6,206,47
6,206,47
6,206,47
6,206,47
6,206,47
6,206,47
6,206,47
6,206,47
6,202,48
6,202,48
6,203,49
6,199,50
6,200,51
5,195,51
5,196,52
6,199,50
6,198,49
6,203,49
6,202,48
6,202,48
6,202,48
5,203,49
6,203,49
6,198,49
6,198,49
6,198,49
6,198,49
6,198,49
6,198,49
6,203,49
6,202,48
6,202,48
6,202,48
6,202,48
6,202,48
6,202,48
6,202,48
6,201,47
6,201,47
6,201,47
6,201,47
6,201,47
6,201,47
6,201,47
6,197,48
6,198,49
6,198,49
6,198,49
6,198,49
6,198,49
6,198,49
6,202,48
6,202,48
6,202,48
6,198,49
6,198,49
6,198,49
6,202,48
6,202,48
6,202,48
6,202,48
6,202,48
6,202,48
6,202,48
6,202,48
6,202,48
6,202,48
6,202,48
6,203,49
7,203,49
7,208,49
7,209,50
6,210,51
6,210,51
6,210,51
6,211,52
6,211,52
6,211,52
6,211,52
6,211,52
7,216,52
7,216,52
7,216,52
7,216,52
7,216,52
7,216,52
7,216,52
8,220,51
8,220,51
8,220,51
8,215,51
8,215,51
8,215,51
8,215,51
8,213,49
8,208,49
8,208,49
8,208,49
8,208,49
8,208,49
8,208,49
8,208,49
8,208,49
8,208,49
8,208,49
8,208,49
8,208,49
7,203,49
7,203,49
8,208,49
6,198,49
6,198,49
6,198,49
6,198,49
6,197,48
7,195,47
6,184,47
6,184,47
6,184,47
6,193,41
6,193,41
6,194,42
6,194,42
6,202,43
6,202,43
6,202,43
6,209,44
6,214,44
6,214,44
7,214,44
8,220,44
8,221,45
8,221,45
8,221,45
8,221,45
8,222,46
8,222,46
7,217,47
6,206,47
6,207,48
6,207,48
6,206,47
7,217,47
8,217,47
8,217,47
7,218,48
7,213,49
6,214,50
6,214,50
6,214,50
6,209,50
6,209,50
6,207,48
6,207,48
6,206,47
6,206,47
6,206,47
6,206,47
6,205,46
6,205,46
6,205,46
6,205,46
6,205,46
6,205,46
6,205,46
6,205,46
6,205,46
6,205,46
6,205,46
6,205,46
6,206,47
6,206,47
6,206,47
6,202,48
6,206,47
6,206,47
6,206,47
6,206,47
6,206,47
6,206,47
6,202,48
6,202,48
6,207,48
6,202,48
6,202,48
6,202,48
6,203,49
6,204,50
5,200,51
5,196,52
5,196,52
5,195,51
6,200,51
5,199,50
6,204,50
6,204,50
6,204,50
5,204,50
6,204,50
5,199,50
5,199,50
5,200,51
5,200,51
5,200,51
6,198,49
6,198,49
6,202,48
6,202,48
6,202,48
6,202,48
6,202,48
6,202,48
6,201,47
6,201,47
6,201,47
6,201,47
6,201,47
6,201,47
6,201,47
6,202,48
6,202,48
6,197,48
6,198,49
6,198,49
6,198,49
6,198,49
6,202,48
6,202,48
6,202,48
6,202,48
6,202,48
6,198,49
6,202,48
6,202,48
6,202,48
6,202,48
6,202,48
6,202,48
6,202,48
6,202,48
6,202,48
6,202,48
6,198,49
6,198,49
6,198,49
6,203,49
7,208,49
7,209,50
6,210,51
6,210,51
6,210,51
6,211,52
6,211,52
6,211,52
6,211,52
7,216,52
6,216,52
7,216,52
7,216,52
7,216,52
7,216,52
7,216,52
7,216,52
7,215,51
8,220,51
7,215,51
8,215,51
8,215,51
8,215,51
8,215,51
8,213,49
8,213,49
8,208,49
8,208,49
8,208,49
8,208,49
8,208,49
8,208,49
8,208,49
8,208,49
7,203,49
7,203,49
7,203,49
6,198,49
7,203,49
7,203,49
7,203,49
6,198,49
6,198,49
6,198,49
6,197,48
7,195,47
6,184,47
6,184,47
5,187,41
5,187,41
5,188,42
5,196,43
5,196,43
6,202,43
6,202,43
7,209,44
7,214,44
6,214,44
7,214,44
7,214,44
8,220,44
8,221,45
8,221,45
8,221,45
8,222,46
7,216,46
6,211,46
6,206,47
6,206,47
6,206,47
6,206,47
8,217,47
8,217,47
8,217,47
7,218,48
7,213,49
6,214,50
6,214,50
6,214,50
6,209,50
6,209,50
5,204,50
5,204,50
6,202,48
6,206,47
6,206,47
6,206,47
6,206,47
6,205,46
6,205,46
6,205,46
6,205,46
6,205,46
6,205,46
6,205,46
6,205,46
6,205,46
6,205,46
6,205,46
6,206,47
6,206,47
6,206,47
6,206,47
6,206,47
6,206,47
6,206,47
6,206,47
6,206,47
6,206,47
6,202,48
6,202,48
6,202,48
6,202,48
6,203,49
5,203,49
6,204,50
6,204,50
5,200,51
5,196,52
5,196,52
5,196,52
5,195,51
5,200,51
5,200,51
5,200,51
6,204,50
5,204,50
6,204,50
5,199,50
5,199,50
5,200,51
5,200,51
5,200,51
5,199,50
6,198,49
6,203,49
6,202,48
6,202,48
6,198,49
6,197,48
6,202,48
6,201,47
6,201,47
6,201,47
6,201,47
6,201,47
6,202,48
6,202,48
6,202,48
6,202,48
6,202,48
6,197,48
6,198,49
6,198,49
6,202,48
6,202,48
6,202,48
6,202,48
6,202,48
6,202,48
6,202,48
6,202,48
6,202,48
6,202,48
6,202,48
6,202,48
6,202,48
6,202,48
6,202,48
6,202,48
6,198,49
6,198,49
6,198,49
6,198,49
6,203,49
7,209,50
6,210,51
6,210,51
6,210,51
6,210,51
6,211,52
6,211,52
6,211,52
6,211,52
6,216,52
6,216,52
6,217,53
6,217,53
7,216,52
7,216,52
7,216,52
7,216,52
7,216,52
7,215,51
7,215,51
7,215,51
8,215,51
8,215,51
8,214,50
8,213,49
8,213,49
8,208,49
8,208,49
8,208,49
8,208,49
8,208,49
8,208,49
8,208,49
7,203,49
7,203,49
6,198,49
6,198,49
6,198,49
6,198,49
7,203,49
7,203,49
7,203,49
7,203,49
6,197,48
6,197,48
7,195,47
6,184,47
6,184,47
5,188,42
5,182,42
6,190,43
5,190,43
5,196,43
6,202,43
6,202,43
7,208,43
7,213,43
7,213,43
7,214,44
7,214,44
8,221,45
8,221,45
8,221,45
7,215,45
7,216,46
6,211,46
6,206,47
6,206,47
6,206,47
6,206,47
6,206,47
8,217,47
8,217,47
7,219,49
7,213,49
6,214,50
6,214,50
6,209,50
6,209,50
6,209,50
6,209,50
5,204,50
6,202,48
6,207,48
6,206,47
6,206,47
6,205,46
6,205,46
6,205,46
6,205,46
6,205,46
6,205,46
6,205,46
6,205,46
6,205,46
6,205,46
6,205,46
6,205,46
6,206,47
6,206,47
6,206,47
6,206,47
6,206,47
6,206,47
6,206,47
6,206,47
6,206,47
6,206,47
6,202,48
6,202,48
6,202,48
6,202,48
5,203,49
5,203,49
5,204,50
5,204,50
5,204,50
5,204,50
5,195,51
5,195,51
5,196,52
5,196,52
5,200,51
5,200,51
5,200,51
6,204,50
6,204,50
5,199,50
5,199,50
5,200,51
5,200,51
5,200,51
6,204,50
6,203,49
6,203,49
6,203,49
6,198,49
6,198,49
6,198,49
6,198,49
6,203,49
6,201,47
6,201,47
6,202,48
6,197,48
6,197,48
6,197,48
6,197,48
6,202,48
6,202,48
6,203,49
6,203,49
6,203,49
6,203,49
6,202,48
6,202,48
6,202,48
6,202,48
6,202,48
6,202,48
6,202,48
6,202,48
6,202,48
6,202,48
6,202,48
6,202,48
7,203,49
7,203,49
7,203,49
7,203,49
7,203,49
6,198,49
6,203,49
6,204,50
7,209,50
7,209,50
6,210,51
6,210,51
6,210,51
6,211,52
6,211,52
6,211,52
6,216,52
6,216,52
6,216,52
6,216,52
6,216,52
7,216,52
7,216,52
7,216,52
7,216,52
7,216,52
7,216,52
7,215,51
7,215,51
7,215,51
8,215,51
8,214,50
7,213,49
8,208,49
8,208,49
8,208,49
8,208,49
8,208,49
8,208,49
8,208,49
8,208,49
8,208,49
7,203,49
6,198,49
6,198,49
6,198,49
6,198,49
7,203,49
7,203,49
7,203,49
7,202,48
6,197,48
7,195,47
7,195,47
6,184,47
5,182,42
6,184,43
5,184,43
6,190,43
5,196,43
6,202,43
6,202,43
6,202,43
7,208,43
7,208,43
7,209,44
7,214,44
7,214,44
7,215,45
7,215,45
7,215,45
6,211,46
6,211,46
6,211,46
6,206,47
6,206,47
6,206,47
6,207,48
6,207,48
7,219,49
7,213,49
6,214,50
6,214,50
6,214,50
6,209,50
7,209,50
6,209,50
6,209,50
6,208,49
6,202,48
6,207,48
6,207,48
6,206,47
6,205,46
6,205,46
6,205,46
6,205,46
6,205,46
6,205,46
6,205,46
6,205,46
6,205,46
6,205,46
6,206,47
6,206,47
6,206,47
6,206,47
6,206,47
6,205,46
6,205,46
6,205,46
6,206,47
6,206,47
6,206,47
6,206,47
6,202,48
6,202,48
6,202,48
6,202,48
6,202,48
6,207,48
6,208,49
6,208,49
6,208,49
6,208,49
5,204,50
5,200,51
5,195,51
5,191,52
6,195,51
5,195,51
5,200,51
6,204,50
6,203,49
5,203,49
6,204,50
6,204,50
5,199,50
5,199,50
6,204,50
6,203,49
6,203,49
6,203,49
6,198,49
6,198,49
6,198,49
6,198,49
6,198,49
6,202,48
6,202,48
6,197,48
6,197,48
6,197,48
6,198,49
6,198,49
6,203,49
6,203,49
6,203,49
6,203,49
6,203,49
6,203,49
6,203,49
6,203,49
6,202,48
6,202,48
6,202,48
6,202,48
6,202,48
6,202,48
6,202,48
6,202,48
6,202,48
7,202,48
7,203,49
8,208,49
8,208,49
7,203,49
7,203,49
7,203,49
7,204,50
7,209,50
7,209,50
7,209,50
6,215,51
6,215,51
6,210,51
6,210,51
6,210,51
6,215,51
6,215,51
6,215,51
6,216,52
6,216,52
6,216,52
7,216,52
7,216,52
7,216,52
7,216,52
7,216,52
7,216,52
7,216,52
7,215,51
7,215,51
7,215,51
7,214,50
7,208,49
8,208,49
8,208,49
8,208,49
8,208,49
8,208,49
8,208,49
8,208,49
8,208,49
8,208,49
8,208,49
7,203,49
6,198,49
6,198,49
6,197,48
7,202,48
7,201,47
7,201,47
7,195,47
7,195,47
7,195,47
7,190,47
6,184,47
6,184,43
5,184,43
5,184,43
6,190,43
6,196,43
6,196,43
7,202,43
6,196,43
6,196,43
7,203,44
6,203,44
6,210,45
6,210,45
6,210,45
6,210,45
6,211,46
6,211,46
6,205,46
6,206,47
6,206,47
6,206,47
6,207,48
6,208,49
6,208,49
6,209,50
6,214,50
6,214,50
6,214,50
7,209,50
7,209,50
7,208,49
7,208,49
7,208,49
7,207,48
7,207,48
7,207,48
7,207,48
6,206,47
6,206,47
6,206,47
6,206,47
6,206,47
6,205,46
6,206,47
6,206,47
6,206,47
6,206,47
6,206,47
6,206,47
6,206,47
6,206,47
6,205,46
6,205,46
6,205,46
6,205,46
6,205,46
6,205,46
6,206,47
6,206,47
6,202,48
6,202,48
6,202,48
6,202,48
6,202,48
6,207,48
6,207,48
6,206,47
6,206,47
6,206,47
6,207,48
5,204,50
5,195,51
6,190,51
6,190,51
6,190,51
6,199,50
6,198,49
6,203,49
6,203,49
6,203,49
6,204,50
6,204,50
5,199,50
5,199,50
6,198,49
6,198,49
6,198,49
6,198,49
6,198,49
6,198,49
6,198,49
6,203,49
6,203,49
6,203,49
6,198,49
6,198,49
5,200,51
6,200,51
5,199,50
5,199,50
6,204,50
6,204,50
6,204,50
6,204,50
6,204,50
6,204,50
5,204,50
5,203,49
6,202,48
6,202,48
6,202,48
6,202,48
6,202,48
6,202,48
6,197,48
7,202,48
7,203,49
8,208,49
8,208,49
8,208,49
8,208,49
8,208,49
7,209,50
6,210,51
7,209,50
7,209,50
7,209,50
6,214,50
6,214,50
6,214,50
6,215,51
6,215,51
6,215,51
6,216,52
6,211,52
6,216,52
6,216,52
7,216,52
7,216,52
7,216,52
7,216,52
7,216,52
7,216,52
7,216,52
7,216,52
7,216,52
7,216,52
6,210,51
6,210,51
7,208,49
8,208,49
8,208,49
8,208,49
8,208,49
8,208,49
8,208,49
8,208,49
8,208,49
8,208,49
8,208,49
7,203,49
6,197,48
6,197,48
7,195,47
7,195,47
7,195,47
7,195,47
7,195,47
7,195,47
7,195,47
6,184,47
6,184,43
6,184,43
7,190,43
6,184,43
6,185,44
7,190,43
6,197,44
6,197,44
6,197,44
6,197,44
7,204,45
6,210,45
6,210,45
6,211,46
6,211,46
6,211,46
6,206,47
6,206,47
6,206,47
6,207,48
5,203,49
5,204,50
5,204,50
5,204,50
6,209,50
6,209,50
6,214,50
7,213,49
7,213,49
7,213,49
8,213,48
8,213,48
8,213,48
8,213,48
7,207,48
7,207,48
7,207,48
7,207,48
6,201,47
6,201,47
6,206,47
6,206,47
6,206,47
6,206,47
6,206,47
6,206,47
6,206,47
6,206,47
6,206,47
6,206,47
6,205,46
6,205,46
6,205,46
6,205,46
6,205,46
6,205,46
6,206,47
6,201,47
6,202,48
6,202,48
6,202,48
6,202,48
6,202,48
6,202,48
6,206,47
6,206,47
6,206,47
6,206,47
6,206,47
6,206,47
6,203,49
6,195,51
6,195,51
6,199,50
6,203,49
6,203,49
6,202,48
6,202,48
6,203,49
6,203,49
6,204,50
5,199,50
6,198,49
6,198,49
6,198,49
6,198,49
6,198,49
6,198,49
6,199,50
5,199,50
6,204,50
5,204,50
5,204,50
5,199,50
5,199,50
5,200,51
5,200,51
5,200,51
6,204,50
5,204,50
5,204,50
5,204,50
5,204,50
5,204,50
5,204,50
5,204,50
5,204,50
5,203,49
6,202,48
6,202,48
6,202,48
6,202,48
6,202,48
6,197,48
6,197,48
7,203,49
8,208,49
8,208,49
8,208,49
8,208,49
7,209,50
6,210,51
6,210,51
6,210,51
7,209,50
6,214,50
6,214,50
6,214,50
6,214,50
6,214,50
6,215,51
6,215,51
6,210,51
6,211,52
7,216,52
7,216,52
7,216,52
7,216,52
7,216,52
7,216,52
7,216,52
7,216,52
7,216,52
7,216,52
7,216,52
6,211,52
6,211,52
6,210,51
8,208,49
8,208,49
8,208,49
8,208,49
8,208,49
8,208,49
8,208,49
8,213,49
8,213,49
8,208,49
8,208,49
8,207,48
7,202,48
7,195,47
7,195,47
7,195,47
8,194,46
8,194,46
8,194,46
7,195,47
7,190,47
6,184,43
6,184,43
7,185,44
7,181,45
7,181,45
8,185,44
6,191,44
7,197,44
6,197,44
6,198,45
7,204,45
6,204,45
6,210,45
6,211,46
6,211,46
6,205,46
6,206,47
6,206,47
6,202,48
6,202,48
5,203,49
5,204,50
5,204,50
5,204,50
5,204,50
6,209,50
7,208,49
8,208,49
7,213,49
8,213,48
8,213,48
8,213,48
8,213,48
8,213,48
7,207,48
7,207,48
6,202,48
6,202,48
6,202,48
6,202,48
6,202,48
6,206,47
6,206,47
6,206,47
6,206,47
6,206,47
6,206,47
6,206,47
6,205,46
6,205,46
6,205,46
6,205,46
6,205,46
6,205,46
6,205,46
6,205,46
6,206,47
6,201,47
6,202,48
6,202,48
6,202,48
6,202,48
6,201,47
6,201,47
6,206,47
6,206,47
6,206,47
6,205,46
6,205,46
6,206,47
6,206,47
6,202,48
6,202,48
6,202,48
6,202,48
6,202,48
6,202,48
6,202,48
6,202,48
6,202,48
6,194,50
6,194,50
6,198,49
6,198,49
6,198,49
6,198,49
6,198,49
6,195,51
6,199,50
5,199,50
6,204,50
5,204,50
5,204,50
6,204,50
5,199,50
5,200,51
5,200,51
5,200,51
5,204,50
5,204,50
5,204,50
5,204,50
5,204,50
5,204,50
5,204,50
5,204,50
5,204,50
5,204,50
6,203,49
6,203,49
6,202,48
6,202,48
6,197,48
6,197,48
7,202,48
7,203,49
8,208,49
8,208,49
8,208,49
8,208,49
7,209,50
6,210,51
6,210,51
6,210,51
6,214,50
6,214,50
6,214,50
6,214,50
6,214,50
6,214,50
6,214,50
6,215,51
6,210,51
6,211,52
6,211,52
7,216,52
7,216,52
7,216,52
7,216,52
7,216,52
7,216,52
7,216,52
7,216,52
7,216,52
6,211,52
6,211,52
6,211,52
6,210,51
7,208,49
8,208,49
8,208,49
8,208,49
8,208,49
8,208,49
8,208,49
8,208,49
8,208,49
8,208,49
8,207,48
8,207,48
8,201,47
8,201,47
8,201,47
8,200,46
8,193,45
8,193,45
8,193,45
8,194,46
6,184,47
6,184,43
7,190,43
7,181,45
7,181,45
8,185,44
6,191,44
7,197,44
7,197,44
7,204,45
7,204,45
7,204,45
7,204,45
6,205,46
6,205,46
6,201,47
6,201,47
6,202,48
6,202,48
6,202,48
6,198,49
6,203,49
6,204,50
5,199,50
6,204,50
6,204,50
7,209,50
8,208,49
8,208,49
8,213,48
8,213,48
8,213,48
8,213,48
8,208,49
8,208,49
8,208,49
6,202,48
6,202,48
6,202,48
6,202,48
6,206,47
6,206,47
6,206,47
6,206,47
6,206,47
6,206,47
6,206,47
6,206,47
6,205,46
6,205,46
6,205,46
6,205,46
6,205,46
6,205,46
6,205,46
6,205,46
6,205,46
6,206,47
6,201,47
6,201,47
6,201,47
6,201,47
6,201,47
6,201,47
6,206,47
6,206,47
6,206,47
6,205,46
6,205,46
6,206,47
6,206,47
6,206,47
6,202,48
6,202,48
6,202,48
6,202,48
6,202,48
6,202,48
6,202,48
6,198,49
6,194,50
6,194,50
6,198,49
6,198,49
6,198,49
6,198,49
6,199,50
6,195,51
6,199,50
5,199,50
5,204,50
5,204,50
5,204,50
5,204,50
5,204,50
5,200,51
5,200,51
5,200,51
5,204,50
5,204,50
5,204,50
5,204,50
5,204,50
5,204,50
5,204,50
5,204,50
5,204,50
5,204,50
6,203,49
6,203,49
6,202,48
6,202,48
6,202,48
6,197,48
7,202,48
7,202,48
7,203,49
8,208,49
8,208,49
8,208,49
7,208,49
6,210,51
6,210,51
6,210,51
6,214,50
6,214,50
6,214,50
6,214,50
6,214,50
7,214,50
6,214,50
6,210,51
6,210,51
6,211,52
6,211,52
6,211,52
7,216,52
7,216,52
7,216,52
7,216,52
7,216,52
7,216,52
7,216,52
7,216,52
6,211,52
6,210,51
6,210,51
6,210,51
7,208,49
7,208,49
8,208,49
8,208,49
8,208,49
8,208,49
8,208,49
8,208,49
8,208,49
8,207,48
8,207,48
8,207,48
9,206,47
8,201,47
8,194,46
8,193,45
8,193,45
8,193,45
8,193,45
8,193,45
7,190,43
7,181,45
7,181,45
8,190,43
7,197,44
7,197,44
7,204,45
7,204,45
7,204,45
7,204,45
7,204,45
6,205,46
6,201,47
6,201,47
6,201,47
6,202,48
6,202,48
6,197,48
6,197,48
6,197,48
6,198,49
6,198,49
6,198,49
6,199,50
7,203,49
8,208,49
8,208,49
8,213,48
8,213,48
8,213,48
7,207,48
7,208,49
6,203,49
6,203,49
6,203,49
6,202,48
6,202,48
6,202,48
6,202,48
6,202,48
6,206,47
6,206,47
6,206,47
6,206,47
6,206,47
6,206,47
6,205,46
6,205,46
6,205,46
6,205,46
6,205,46
6,205,46
6,205,46
6,205,46
6,205,46
6,205,46
6,205,46
6,205,46
6,205,46
6,206,47
6,201,47
6,201,47
6,206,47
6,205,46
6,205,46
6,205,46
6,205,46
6,206,47
6,206,47
6,206,47
6,206,47
6,206,47
6,206,47
6,202,48
6,206,47
6,206,47
6,202,48
6,202,48
6,198,49
6,198,49
6,198,49
6,198,49
6,198,49
6,198,49
6,198,49
6,194,50
6,199,50
5,203,49
5,203,49
6,207,48
6,202,48
5,203,49
5,204,50
5,204,50
5,204,50
6,204,50
6,204,50
5,204,50
5,204,50
6,204,50
5,204,50
5,204,50
5,204,50
5,204,50
5,204,50
5,204,50
6,203,49
6,203,49
6,202,48
6,202,48
6,202,48
6,202,48
6,202,48
6,202,48
6,202,48
7,202,48
6,203,49
7,208,49
7,208,49
7,208,49
7,209,50
7,209,50
7,209,50
6,210,51
6,214,50
6,214,50
7,214,50
7,214,50
7,214,50
7,214,50
6,210,51
6,211,52
6,211,52
6,211,52
7,216,52
7,216,52
7,216,52
7,216,52
7,216,52
7,216,52
7,216,52
7,216,52
6,210,51
6,210,51
6,210,51
7,209,50
7,208,49
7,208,49
8,208,49
8,208,49
8,208,49
8,208,49
8,208,49
8,208,49
8,207,48
8,207,48
9,206,47
9,206,47
9,205,46
8,200,46
9,198,45
9,198,45
9,197,44
9,197,44
9,198,45
7,190,43
7,190,43
8,190,43
8,196,43
9,202,43
8,203,44
7,204,45
7,204,45
7,204,45
7,204,45
6,205,46
7,205,46
6,201,47
6,201,47
6,201,47
6,197,48
6,197,48
6,197,48
6,197,48
6,197,48
6,197,48
6,198,49
6,198,49
6,198,49
7,203,49
8,208,49
8,208,49
8,213,48
8,213,48
7,207,48
7,207,48
6,203,49
6,203,49
6,203,49
6,203,49
6,203,49
6,203,49
6,202,48
6,202,48
6,202,48
6,202,48
6,206,47
6,206,47
6,206,47
6,206,47
6,206,47
6,205,46
6,205,46
6,205,46
7,205,46
7,204,45
6,205,46
6,205,46
6,205,46
6,205,46
6,205,46
6,205,46
6,210,45
6,210,45
6,205,46
6,205,46
6,205,46
6,205,46
6,205,46
6,205,46
6,205,46
6,206,47
6,206,47
6,206,47
6,206,47
6,206,47
6,206,47
6,206,47
6,202,48
6,206,47
6,206,47
6,202,48
6,202,48
6,198,49
6,198,49
6,198,49
6,198,49
6,198,49
6,198,49
6,198,49
6,194,50
6,198,49
6,202,48
6,202,48
6,206,47
6,206,47
6,207,48
6,202,48
5,204,50
5,204,50
5,204,50
6,204,50
6,204,50
6,204,50
6,204,50
5,199,50
5,199,50
5,204,50
5,200,51
6,204,50
6,204,50
6,203,49
6,203,49
6,202,48
6,202,48
6,202,48
6,201,47
6,201,47
6,202,48
6,202,48
6,202,48
6,202,48
6,203,49
6,203,49
7,208,49
7,209,50
7,209,50
6,210,51
6,210,51
6,210,51
7,214,50
7,214,50
7,214,50
7,214,50
7,214,50
6,210,51
6,210,51
6,211,52
6,211,52
6,210,51
7,215,51
7,215,51
7,215,51
7,216,52
7,216,52
7,216,52
6,210,51
6,210,51
6,210,51
6,210,51
7,209,50
7,208,49
7,213,49
8,208,49
8,208,49
8,208,49
8,213,48
8,207,48
8,207,48
8,213,48
8,212,47
9,211,46
9,211,46
9,204,45
9,204,45
9,197,44
9,197,44
9,197,44
9,197,44
9,197,44
7,190,43
7,196,43
8,202,43
9,202,43
8,203,44
7,204,45
7,204,45
7,204,45
7,205,46
7,205,46
6,201,47
6,201,47
6,201,47
6,201,47
6,197,48
6,197,48
6,197,48
6,197,48
6,197,48
6,197,48
6,197,48
6,197,48
7,202,48
7,203,49
7,203,49
8,208,49
8,208,49
7,207,48
7,207,48
6,202,48
6,202,48
6,203,49
6,203,49
6,204,50
6,204,50
6,204,50
6,204,50
6,204,50
6,202,48
6,202,48
6,207,48
6,206,47
6,206,47
6,206,47
6,206,47
6,205,46
6,205,46
6,205,46
7,204,45
7,204,45
7,204,45
6,205,46
6,205,46
6,205,46
6,211,46
6,210,45
6,210,45
6,210,45
6,205,46
6,205,46
6,205,46
6,205,46
6,205,46
6,205,46
6,205,46
6,206,47
6,207,48
6,202,48
6,202,48
6,202,48
6,202,48
6,202,48
6,202,48
6,202,48
6,202,48
6,202,48
6,202,48
6,198,49
6,198,49
6,198,49
6,198,49
6,198,49
6,198,49
6,198,49
6,202,48
6,202,48
6,202,48
6,202,48
6,206,47
6,206,47
6,206,47
6,202,48
6,202,48
6,203,49
6,203,49
6,203,49
6,203,49
6,203,49
5,199,50
5,200,51
6,200,51
6,200,51
5,200,51
5,200,51
5,199,50
6,204,50
6,202,48
6,202,48
6,202,48
6,202,48
6,202,48
6,202,48
6,202,48
6,202,48
6,202,48
6,202,48
6,202,48
6,203,49
6,203,49
7,208,49
7,209,50
6,210,51
6,210,51
6,210,51
6,210,51
7,214,50
7,213,49
7,213,49
7,214,50
7,214,50
6,210,51
6,211,52
6,211,52
6,211,52
7,215,51
7,215,51
7,215,51
7,215,51
8,215,51
8,215,51
7,210,51
7,210,51
6,210,51
7,209,50
7,209,50
7,208,49
7,213,49
8,213,48
8,207,48
8,207,48
8,213,48
8,212,47
8,206,47
8,212,47
9,211,46
9,211,46
10,210,45
9,203,44
9,203,44
9,197,44
9,197,44
9,197,44
9,197,44
8,194,42
8,194,42
8,196,43
8,197,44
8,198,45
8,198,45
7,200,46
7,200,46
7,200,46
6,201,47
6,201,47
6,201,47
6,201,47
6,197,48
6,197,48
6,197,48
6,197,48
6,197,48
7,202,48
7,202,48
6,202,48
6,202,48
7,202,48
7,202,48
7,207,48
8,213,48
8,213,48
7,207,48
6,202,48
6,202,48
6,202,48
6,204,50
6,204,50
5,200,51
5,200,51
5,200,51
5,200,51
6,204,50
6,202,48
6,202,48
6,207,48
6,206,47
6,206,47
6,201,47
6,201,47
7,205,46
7,205,46
7,205,46
7,204,45
7,204,45
6,205,46
7,210,45
6,210,45
6,210,45
6,210,45
6,210,45
6,210,45
6,205,46
6,205,46
6,205,46
6,205,46
6,205,46
6,205,46
6,205,46
6,207,48
6,207,48
6,202,48
6,202,48
6,202,48
6,198,49
6,198,49
6,202,48
6,202,48
6,202,48
6,202,48
6,202,48
6,198,49
6,198,49
6,198,49
6,198,49
6,203,49
6,202,48
6,202,48
6,202,48
6,206,47
6,206,47
6,206,47
6,206,47
6,206,47
6,206,47
6,202,48
6,202,48
6,203,49
6,203,49
6,203,49
6,203,49
6,203,49
6,203,49
6,199,50
5,195,51
5,196,52
5,195,51
5,200,51
6,204,50
6,204,50
6,202,48
6,202,48
6,202,48
6,202,48
6,202,48
6,202,48
6,202,48
6,202,48
6,202,48
6,202,48
6,202,48
6,203,49
6,203,49
6,203,49
7,208,49
6,210,51
6,210,51
6,210,51
6,210,51
7,213,49
8,213,49
8,213,49
7,213,49
7,214,50
6,210,51
6,210,51
6,211,52
7,211,52
7,211,52
8,215,51
8,215,51
8,215,51
8,215,51
7,210,51
7,210,51
7,210,51
7,209,50
7,209,50
7,208,49
8,208,49
8,213,49
8,213,48
8,213,48
8,213,48
8,212,47
8,212,47
8,206,47
9,211,46
9,211,46
9,210,45
9,204,45
9,203,44
10,203,44
10,197,44
10,197,44
10,197,44
8,194,42
8,196,43
8,196,43
8,197,44
8,198,45
7,200,46
7,200,46
7,200,46
7,201,47
7,195,47
6,197,48
6,201,47
6,201,47
6,201,47
7,195,47
6,197,48
6,197,48
7,195,47
6,201,47
6,201,47
6,201,47
6,201,47
6,201,47
6,201,47
7,207,48
7,207,48
7,207,48
6,202,48
6,202,48
6,202,48
6,202,48
6,203,49
6,204,50
5,200,51
5,200,51
5,200,51
5,200,51
5,199,50
6,204,50
6,202,48
6,202,48
6,206,47
6,206,47
6,201,47
6,201,47
6,201,47
7,200,46
7,200,46
7,205,46
7,205,46
6,205,46
6,210,45
6,210,45
6,210,45
6,211,46
6,211,46
6,206,47
6,206,47
6,206,47
6,206,47
6,205,46
6,205,46
6,205,46
6,205,46
5,207,48
6,207,48
5,203,49
6,203,49
6,203,49
6,198,49
6,198,49
6,202,48
6,202,48
6,202,48
6,207,48
6,202,48
6,203,49
6,204,50
6,204,50
6,203,49
5,203,49
6,207,48
6,207,48
6,207,48
6,207,48
6,207,48
6,207,48
6,206,47
6,206,47
6,206,47
6,202,48
6,202,48
6,202,48
6,202,48
6,202,48
6,202,48
6,202,48
6,202,48
6,198,49
6,194,50
5,196,52
5,195,51
6,200,51
6,204,50
6,204,50
6,202,48
6,202,48
6,202,48
6,202,48
6,202,48
6,202,48
6,202,48
6,202,48
6,197,48
6,202,48
7,203,49
7,203,49
6,203,49
6,203,49
7,208,49
6,210,51
6,210,51
6,210,51
6,210,51
7,208,49
8,213,49
8,213,49
7,213,49
7,214,50
6,210,51
6,210,51
7,210,51
7,210,51
7,210,51
7,210,51
8,215,51
8,214,50
7,209,50
8,208,49
8,208,49
8,208,49
8,208,49
8,208,49
8,208,49
8,208,49
8,213,48
8,213,48
8,212,47
8,212,47
8,212,47
8,206,47
9,206,47
9,205,46
9,204,45
9,204,45
9,203,44
9,197,44
9,197,44
9,197,44
9,197,44
10,197,44
8,190,43
8,190,43
7,191,44
7,193,45
7,200,46
7,200,46
7,194,46
7,195,47
6,197,48
6,197,48
6,197,48
6,197,48
6,201,47
6,195,47
7,195,47
7,195,47
7,200,46
7,198,45
7,198,45
7,206,47
6,201,47
6,201,47
6,201,47
6,202,48
6,202,48
6,202,48
6,202,48
6,202,48
6,202,48
6,202,48
6,202,48
6,203,49
5,199,50
5,200,51
5,200,51
5,200,51
5,200,51
6,204,50
6,203,49
6,202,48
6,207,48
6,206,47
6,201,47
6,201,47
6,201,47
6,201,47
6,201,47
7,205,46
7,205,46
6,205,46
6,205,46
6,211,46
6,205,46
6,206,47
6,206,47
6,206,47
6,206,47
6,206,47
6,206,47
6,206,47
6,205,46
6,205,46
6,205,46
5,207,48
6,208,49
6,203,49
6,203,49
6,203,49
6,198,49
6,202,48
6,202,48
6,202,48
6,206,47
6,202,48
6,202,48
6,204,50
6,204,50
6,204,50
5,204,50
6,208,49
6,207,48
6,207,48
6,207,48
6,207,48
6,202,48
6,202,48
6,206,47
6,206,47
6,202,48
6,202,48
6,202,48
6,198,49
6,198,49
6,202,48
6,202,48
6,202,48
6,202,48
6,198,49
6,198,49
6,199,50
6,200,51
6,200,51
5,199,50
6,204,50
6,204,50
6,202,48
6,202,48
6,202,48
6,202,48
6,202,48
6,202,48
6,197,48
6,197,48
6,202,48
7,203,49
6,203,49
6,203,49
7,208,49
6,210,51
6,210,51
6,210,51
6,210,51
6,210,51
6,210,51
8,208,49
8,213,49
7,208,49
7,209,50
6,210,51
7,210,51
7,210,51
7,210,51
7,210,51
7,209,50
8,214,50
8,213,49
8,208,49
8,208,49
8,208,49
8,208,49
8,208,49
8,208,49
8,208,49
8,207,48
8,213,48
8,212,47
8,212,47
8,212,47
8,206,47
9,206,47
8,201,47
8,200,46
9,198,45
9,197,44
9,197,44
9,197,44
9,197,44
9,197,44
10,197,44
8,190,43
7,185,44
6,187,45
6,188,46
6,188,46
6,188,46
6,191,48
6,191,48
6,197,48
6,197,48
6,197,48
6,195,47
6,195,47
6,195,47
6,194,46
7,198,45
7,204,45
7,204,45
7,204,45
6,201,47
6,201,47
6,201,47
6,202,48
7,202,48
7,202,48
6,197,48
6,202,48
6,202,48
6,202,48
6,202,48
6,202,48
6,203,49
6,198,49
5,199,50
5,200,51
5,200,51
5,199,50
6,204,50
5,203,49
6,207,48
6,206,47
6,201,47
6,201,47
6,202,48
6,201,47
6,201,47
6,205,46
6,205,46
6,211,46
6,211,46
6,211,46
6,212,47
6,206,47
6,207,48
6,207,48
6,207,48
6,207,48
6,206,47
6,206,47
6,206,47
6,212,47
5,207,48
5,208,49
6,208,49
6,208,49
6,208,49
6,208,49
6,207,48
6,206,47
6,206,47
6,206,47
6,206,47
6,206,47
6,207,48
5,203,49
5,203,49
5,203,49
5,208,49
5,207,48
5,207,48
5,207,48
6,207,48
6,207,48
6,207,48
6,202,48
6,202,48
6,202,48
6,202,48
6,202,48
6,202,48
6,202,48
6,202,48
6,202,48
6,202,48
6,202,48
6,202,48
6,202,48
6,198,49
6,198,49
5,199,50
5,199,50
6,204,50
6,204,50
6,204,50
6,202,48
6,202,48
6,202,48
6,202,48
6,198,49
6,198,49
6,198,49
7,203,49
7,203,49
6,203,49
6,203,49
7,208,49
6,210,51
6,210,51
6,210,51
6,210,51
6,210,51
6,210,51
6,210,51
6,210,51
7,208,49
7,209,50
8,208,49
7,209,50
7,210,51
8,208,49
8,208,49
8,208,49
8,208,49
8,208,49
8,213,49
8,213,49
8,213,48
8,207,48
8,207,48
8,207,48
8,207,48
8,207,48
8,207,48
8,207,48
8,206,47
8,212,47
8,206,47
8,201,47
8,201,47
8,194,46
8,193,45
9,198,45
9,197,44
9,197,44
9,197,44
9,197,44
9,197,44
7,185,44
7,185,44
6,187,45
6,188,46
6,188,46
6,191,48
6,191,48
6,191,48
6,191,48
6,197,48
6,195,47
6,195,47
6,195,47
6,193,45
7,198,45
7,204,45
7,204,45
7,204,45
7,204,45
6,201,47
6,201,47
6,202,48
6,202,48
6,197,48
6,197,48
6,197,48
6,202,48
6,202,48
6,202,48
6,202,48
6,202,48
6,198,49
6,198,49
5,199,50
5,199,50
5,199,50
6,204,50
5,204,50
6,208,49
6,206,47
6,202,48
6,202,48
6,202,48
6,202,48
6,202,48
7,206,47
7,211,46
6,211,46
6,211,46
6,211,46
6,213,48
6,207,48
6,207,48
6,207,48
6,207,48
6,207,48
6,207,48
7,213,48
6,213,48
6,213,48
6,213,49
6,213,49
5,208,49
5,208,49
6,208,49
6,207,48
6,206,47
7,212,47
7,212,47
7,212,47
7,212,47
7,212,47
6,206,47
6,207,48
6,208,49
5,208,49
5,208,49
5,207,48
5,207,48
5,208,49
5,208,49
6,208,49
6,208,49
6,208,49
6,202,48
6,202,48
6,202,48
6,202,48
6,202,48
6,202,48
6,202,48
6,202,48
6,202,48
6,202,48
6,202,48
6,202,48
6,202,48
6,203,49
6,203,49
6,204,50
5,204,50
5,204,50
6,204,50
6,202,48
6,202,48
6,202,48
6,198,49
6,198,49
6,198,49
7,203,49
7,203,49
7,203,49
8,208,49
7,208,49
7,208,49
6,210,51
6,210,51
6,210,51
6,210,51
6,210,51
6,210,51
6,210,51
6,210,51
6,210,51
6,210,51
8,208,49
8,208,49
8,208,49
8,208,49
8,208,49
8,208,49
8,208,49
8,208,49
8,208,49
8,213,48
8,213,48
8,213,48
8,207,48
8,207,48
8,207,48
8,207,48
8,207,48
8,207,48
8,206,47
8,206,47
7,201,47
8,201,47
8,194,46
8,194,46
8,193,45
8,193,45
8,191,44
8,191,44
8,191,44
8,191,44
7,185,44
6,187,45
6,188,46
6,188,46
6,191,48
5,186,48
5,186,48
5,186,48
6,191,48
6,195,47
6,195,47
6,194,46
6,193,45
6,193,45
7,204,45
7,204,45
7,204,45
7,204,45
7,200,46
6,201,47
7,201,47
6,197,48
6,197,48
6,197,48
6,197,48
6,197,48
6,202,48
6,202,48
6,202,48
6,202,48
6,198,49
6,198,49
6,198,49
5,199,50
5,199,50
6,204,50
5,204,50
5,204,50
5,203,49
5,203,49
6,203,49
6,203,49
6,198,49
6,202,48
6,202,48
7,212,47
7,217,47
7,217,47
7,218,48
6,213,48
7,213,48
6,208,49
6,209,50
6,214,50
6,214,50
7,213,49
7,213,49
6,213,48
6,213,49
6,213,49
6,213,49
6,213,49
6,213,49
7,218,48
7,217,47
7,217,47
7,216,46
7,216,46
7,216,46
7,216,46
8,217,47
8,217,47
7,218,48
7,218,48
6,219,49
6,213,49
5,208,49
5,208,49
5,208,49
5,208,49
5,208,49
6,208,49
5,203,49
5,204,50
5,203,49
5,203,49
6,202,48
6,202,48
6,202,48
6,202,48
6,206,47
6,202,48
6,202,48
6,202,48
6,202,48
6,202,48
6,202,48
6,203,49
5,203,49
5,204,50
5,204,50
6,204,50
6,203,49
6,203,49
6,198,49
6,198,49
6,198,49
6,198,49
7,203,49
7,203,49
8,208,49
8,208,49
8,208,49
6,210,51
6,210,51
6,210,51
6,210,51
6,210,51
6,210,51
6,210,51
6,210,51
6,210,51
6,210,51
6,210,51
8,208,49
8,208,49
8,208,49
8,208,49
8,208,49
8,208,49
8,208,49
8,208,49
8,207,48
8,213,48
8,213,48
8,212,47
8,212,47
8,212,47
8,207,48
8,207,48
8,207,48
8,206,47
8,206,47
7,200,46
7,200,46
8,194,46
8,194,46
7,187,45
7,187,45
7,187,45
7,187,45
8,193,45
8,193,45
7,185,44
6,188,46
6,188,46
6,191,48
5,186,48
5,186,48
5,186,48
5,186,48
6,191,48
5,190,47
6,194,46
6,194,46
6,193,45
6,193,45
7,204,45
7,204,45
7,204,45
7,200,46
7,200,46
7,201,47
7,201,47
7,201,47
6,197,48
6,202,48
6,201,47
6,201,47
6,201,47
6,201,47
6,202,48
6,198,49
6,198,49
6,198,49
5,199,50
5,199,50
5,199,50
5,204,50
5,204,50
5,204,50
5,204,50
6,204,50
6,198,49
6,198,49
7,203,49
7,207,48
7,213,48
7,218,48
7,218,48
6,219,49
7,213,49
7,213,49
6,214,50
6,214,50
6,214,50
6,214,50
6,214,50
7,213,49
6,219,49
6,219,49
6,219,49
6,219,49
6,219,49
6,219,49
7,218,48
8,217,47
7,217,47
7,216,46
8,217,47
8,217,47
8,217,47
8,217,47
8,217,47
7,218,48
7,218,48
6,219,49
6,219,49
6,213,49
5,208,49
5,208,49
5,208,49
5,204,50
5,204,50
5,204,50
5,204,50
5,204,50
5,203,49
5,203,49
6,202,48
6,202,48
6,202,48
6,202,48
6,202,48
6,202,48
6,202,48
6,202,48
6,202,48
6,202,48
6,202,48
6,203,49
5,204,50
5,204,50
6,204,50
6,203,49
6,203,49
6,198,49
6,198,49
6,198,49
6,198,49
8,208,49
8,208,49
8,208,49
8,208,49
7,210,51
6,210,51
6,210,51
6,210,51
6,210,51
6,210,51
6,210,51
6,210,51
6,210,51
6,210,51
6,210,51
6,210,51
8,208,49
8,208,49
8,208,49
8,208,49
8,208,49
8,208,49
8,208,49
8,208,49
8,207,48
8,213,48
8,212,47
8,212,47
8,212,47
8,212,47
8,212,47
8,212,47
8,206,47
8,206,47
7,200,46
7,200,46
7,194,46
8,194,46
6,183,46
7,181,45
7,181,45
7,181,45
7,181,45
7,187,45
6,193,45
6,187,45
6,188,46
6,188,46
5,186,48
5,186,48
5,186,48
5,186,48
6,190,47
5,190,47
6,194,46
6,194,46
6,193,45
6,193,45
7,204,45
7,204,45
7,200,46
7,200,46
7,201,47
7,201,47
6,201,47
6,201,47
6,201,47
6,201,47
6,201,47
6,201,47
6,201,47
6,201,47
6,202,48
6,203,49
6,198,49
6,198,49
5,199,50
6,204,50
6,204,50
5,204,50
5,204,50
5,204,50
6,204,50
6,199,50
6,200,51
7,200,51
7,200,51
7,208,49
7,213,49
7,219,49
6,219,49
6,219,49
6,214,50
6,214,50
6,214,50
6,214,50
6,214,50
6,214,50
6,214,50
6,214,50
6,219,49
6,219,49
6,219,49
6,219,49
6,219,49
7,218,48
7,218,48
7,217,47
7,217,47
7,216,46
8,217,47
8,217,47
8,217,47
8,217,47
7,217,47
7,218,48
7,218,48
6,219,49
6,219,49
6,213,49
5,208,49
5,208,49
5,204,50
5,204,50
5,204,50
5,204,50
5,204,50
5,204,50
5,203,49
5,203,49
6,202,48
6,207,48
6,207,48
6,207,48
6,202,48
6,202,48
6,202,48
6,202,48
6,202,48
6,202,48
6,202,48
6,204,50
5,204,50
5,204,50
6,204,50
6,203,49
6,203,49
6,203,49
6,198,49
7,203,49
8,208,49
8,208,49
8,208,49
8,208,49
8,208,49
6,210,51
6,210,51
6,210,51
6,210,51
6,210,51
6,210,51
6,210,51
6,210,51
6,210,51
6,210,51
6,210,51
6,210,51
8,208,49
8,208,49
8,208,49
8,208,49
8,208,49
8,208,49
8,208,49
8,208,49
8,207,48
8,212,47
8,212,47
8,212,47
8,212,47
8,212,47
8,212,47
8,212,47
8,205,46
8,205,46
7,200,46
7,200,46
8,194,46
7,188,46
6,183,46
7,181,45
7,181,45
7,181,45
6,183,46
7,190,47
6,188,46
6,188,46
6,188,46
5,184,47
5,186,48
5,186,48
5,184,47
6,190,47
5,188,46
6,194,46
6,194,46
6,193,45
7,198,45
7,198,45
7,200,46
7,194,46
7,201,47
7,201,47
6,201,47
6,201,47
6,201,47
6,201,47
6,201,47
6,201,47
6,201,47
6,201,47
6,201,47
6,203,49
6,203,49
6,198,49
5,200,51
6,204,50
7,209,50
7,209,50
6,209,50
6,208,49
6,208,49
6,204,50
6,199,50
7,195,51
7,195,51
7,195,51
7,210,51
7,214,50
7,213,49
6,214,50
6,214,50
6,214,50
6,214,50
6,214,50
6,214,50
6,214,50
6,214,50
6,214,50
6,213,49
6,213,49
6,219,49
6,218,48
6,218,48
7,218,48
7,218,48
6,213,48
7,217,47
7,216,46
7,216,46
7,216,46
8,217,47
8,217,47
8,217,47
7,217,47
7,218,48
6,219,49
6,219,49
6,213,49
6,209,50
5,204,50
5,204,50
5,204,50
5,204,50
5,203,49
5,203,49
5,203,49
5,203,49
5,203,49
5,203,49
6,202,48
6,207,48
6,207,48
6,202,48
6,202,48
6,203,49
6,203,49
6,203,49
6,198,49
6,203,49
6,204,50
6,204,50
6,204,50
6,209,50
5,204,50
6,204,50
6,203,49
6,203,49
6,203,49
8,208,49
8,208,49
8,208,49
8,208,49
8,208,49
7,210,51
6,210,51
6,210,51
6,210,51
6,210,51
6,210,51
6,210,51
6,210,51
6,210,51
6,210,51
6,210,51
6,210,51
6,210,51
8,208,49
8,208,49
8,208,49
8,208,49
8,208,49
8,204,50
8,204,50
8,203,49
8,207,48
8,213,48
8,212,47
8,212,47
8,212,47
8,212,47
8,212,47
9,211,46
8,205,46
8,205,46
7,200,46
7,200,46
8,194,46
8,194,46
7,188,46
6,183,46
6,183,46
6,183,46
7,188,46
6,188,46
6,188,46
6,188,46
5,184,47
5,184,47
5,184,47
6,188,46
6,188,46
6,194,46
7,198,45
7,198,45
7,198,45
7,200,46
7,200,46
7,201,47
7,201,47
6,201,47
6,201,47
6,201,47
6,201,47
6,201,47
6,201,47
6,201,47
6,201,47
6,201,47
7,207,48
7,208,49
8,208,49
8,208,49
7,209,50
7,209,50
7,209,50
7,209,50
7,208,49
6,208,49
7,208,49
7,208,49
7,208,49
6,200,51
7,200,51
7,205,51
6,210,51
7,209,50
7,209,50
7,214,50
6,214,50
6,214,50
6,214,50
6,214,50
6,214,50
6,214,50
6,214,50
6,213,49
6,213,49
6,213,49
5,213,48
5,213,48
5,213,48
6,213,48
6,213,48
6,213,48
7,212,47
7,217,47
7,216,46
8,222,46
8,222,46
7,222,47
7,217,47
7,218,48
7,218,48
6,219,49
6,219,49
6,214,50
5,204,50
5,204,50
5,204,50
5,204,50
5,204,50
6,208,49
6,208,49
5,203,49
5,203,49
5,203,49
5,203,49
5,203,49
5,203,49
5,203,49
5,203,49
5,203,49
6,203,49
6,203,49
6,204,50
5,200,51
6,205,51
6,205,51
6,210,51
6,210,51
7,209,50
7,209,50
7,209,50
7,209,50
7,209,50
7,209,50
7,209,50
7,208,49
7,208,49
7,208,49
7,210,51
6,210,51
6,210,51
6,210,51
6,210,51
6,210,51
6,210,51
6,210,51
6,210,51
6,210,51
6,210,51
6,210,51
6,210,51
6,210,51
8,208,49
8,208,49
8,208,49
8,208,49
8,208,49
8,204,50
8,204,50
8,204,50
8,207,48
8,207,48
8,212,47
8,212,47
9,211,46
9,211,46
9,211,46
9,211,46
8,205,46
7,200,46
7,200,46
7,200,46
8,194,46
7,195,47
8,194,46
8,194,46
7,195,47
7,195,47
6,188,46
6,188,46
6,188,46
6,188,46
6,188,46
6,188,46
6,188,46
7,194,46
7,204,45
7,204,45
7,204,45
7,205,46
7,200,46
7,200,46
6,201,47
6,201,47
6,201,47
6,201,47
6,201,47
6,201,47
6,201,47
6,201,47
6,201,47
6,202,48
7,207,48
7,208,49
8,208,49
8,208,49
7,209,50
7,209,50
7,209,50
7,208,49
7,208,49
8,213,48
8,213,48
8,213,48
7,208,49
7,208,49
6,210,51
6,210,51
6,210,51
7,209,50
6,210,51
6,210,51
6,214,50
6,214,50
6,210,51
6,214,50
6,214,50
6,214,50
6,214,50
6,213,49
5,208,49
5,208,49
5,208,49
5,208,49
5,207,48
5,208,49
5,207,48
6,207,48
7,212,47
7,212,47
7,216,46
8,222,46
8,222,46
8,222,46
7,222,47
7,218,48
6,219,49
6,219,49
6,214,50
6,214,50
5,204,50
5,204,50
5,204,50
5,204,50
6,207,48
6,206,47
6,206,47
6,202,48
6,202,48
6,202,48
6,202,48
6,202,48
5,204,50
5,204,50
5,204,50
6,204,50
5,199,50
5,200,51
5,200,51
5,200,51
6,205,51
6,210,51
6,210,51
6,210,51
6,210,51
6,210,51
6,210,51
6,210,51
6,210,51
7,209,50
7,209,50
7,209,50
7,209,50
7,209,50
6,210,51
6,210,51
6,210,51
6,210,51
6,210,51
6,210,51
6,210,51
6,210,51
6,210,51
6,210,51
6,210,51
6,210,51
6,210,51
6,210,51
8,208,49
8,208,49
8,208,49
8,208,49
8,208,49
8,208,49
8,203,49
8,208,49
8,207,48
8,207,48
8,206,47
8,205,46
9,211,46
9,211,46
8,204,45
8,205,46
7,200,46
7,200,46
7,200,46
7,200,46
8,194,46
7,195,47
7,195,47
7,195,47
7,195,47
6,188,46
6,188,46
6,188,46
6,188,46
6,188,46
6,188,46
7,200,46
7,204,45
7,204,45
7,204,45
7,205,46
7,205,46
7,200,46
6,201,47
6,201,47
6,201,47
6,201,47
6,201,47
6,201,47
6,201,47
6,201,47
6,202,48
7,202,48
8,207,48
7,208,49
7,208,49
7,208,49
7,208,49
7,208,49
7,208,49
7,208,49
7,208,49
8,213,48
8,213,48
8,213,48
7,208,49
7,208,49
6,210,51
6,210,51
6,210,51
6,210,51
6,210,51
6,210,51
6,214,50
6,214,50
6,210,51
6,214,50
6,214,50
6,214,50
6,214,50
6,213,49
5,208,49
5,208,49
5,208,49
5,208,49
5,208,49
5,208,49
5,208,49
5,207,48
6,212,47
7,217,47
8,222,46
8,222,46
8,222,46
7,222,47
7,222,47
7,223,48
6,219,49
6,219,49
6,214,50
6,214,50
6,214,50
5,204,50
5,204,50
6,207,48
6,206,47
6,206,47
6,206,47
6,206,47
6,206,47
6,206,47
6,202,48
6,202,48
5,204,50
5,204,50
5,204,50
5,204,50
5,200,51
5,200,51
5,200,51
5,200,51
6,205,51
6,210,51
6,210,51
6,210,51
6,210,51
6,210,51
6,210,51
6,210,51
6,210,51
6,210,51
6,210,51
6,210,51
6,210,51
6,210,51
6,210,51
6,210,51
6,210,51
6,210,51
6,210,51
6,210,51
6,210,51
6,210,51
6,210,51
6,210,51
6,210,51
6,210,51
6,210,51
6,210,51
7,208,49
8,208,49
8,208,49
8,208,49
8,207,48
8,207,48
8,202,48
8,202,48
8,202,48
8,202,48
9,206,47
8,200,46
8,200,46
9,197,44
9,197,44
9,198,45
8,198,45
7,200,46
7,200,46
7,200,46
8,194,46
7,195,47
7,195,47
7,195,47
6,188,46
6,188,46
6,188,46
6,188,46
6,188,46
7,194,46
7,204,45
7,204,45
7,204,45
7,204,45
7,205,46
7,205,46
6,205,46
6,205,46
6,205,46
6,205,46
6,201,47
6,201,47
6,201,47
6,201,47
7,202,48
6,197,48
7,202,48
7,203,49
7,208,49
7,208,49
7,208,49
7,208,49
7,208,49
7,208,49
7,208,49
7,207,48
8,213,48
7,207,48
7,208,49
6,204,50
7,209,50
6,205,51
6,210,51
6,210,51
6,210,51
6,210,51
6,210,51
6,210,51
6,214,50
6,214,50
6,214,50
6,214,50
6,214,50
6,213,49
5,208,49
5,208,49
5,208,49
5,208,49
5,208,49
5,208,49
5,208,49
5,207,48
7,217,47
7,222,47
7,222,47
8,222,46
8,222,46
7,222,47
6,223,48
7,223,48
6,219,49
6,219,49
6,214,50
6,214,50
6,214,50
6,214,50
6,208,49
6,207,48
6,207,48
7,212,47
6,206,47
6,206,47
7,212,47
6,206,47
6,207,48
6,207,48
6,209,50
6,209,50
5,204,50
5,204,50
5,200,51
5,200,51
5,200,51
5,200,51
6,210,51
6,210,51
6,210,51
6,210,51
6,210,51
6,210,51
6,210,51
6,210,51
6,210,51
6,210,51
6,210,51
6,210,51
6,210,51
6,210,51
6,210,51
6,210,51
6,210,51
6,210,51
6,210,51
6,210,51
6,210,51
6,210,51
6,210,51
6,210,51
6,210,51
6,210,51
6,210,51
6,210,51
7,208,49
7,208,49
8,213,48
8,213,48
8,213,48
7,207,48
8,207,48
8,202,48
8,202,48
8,201,47
8,201,47
8,200,46
9,197,44
9,197,44
9,197,44
9,197,44
9,197,44
9,198,45
8,198,45
8,200,46
8,200,46
8,194,46
7,195,47
6,187,45
6,188,46
6,188,46
7,193,45
6,193,45
7,204,45
7,204,45
7,204,45
7,204,45
7,205,46
7,205,46
6,205,46
6,205,46
6,205,46
6,205,46
6,201,47
6,201,47
6,201,47
6,197,48
6,197,48
6,197,48
6,197,48
7,202,48
8,207,48
7,207,48
7,207,48
6,202,48
6,202,48
6,202,48
6,202,48
6,202,48
6,202,48
6,202,48
6,203,49
6,204,50
6,204,50
6,204,50
6,205,51
6,205,51
6,210,51
6,210,51
6,210,51
6,210,51
6,210,51
6,214,50
6,214,50
6,214,50
6,214,50
6,214,50
6,213,49
5,208,49
5,208,49
5,208,49
5,208,49
6,213,49
6,219,49
6,219,49
7,218,48
6,223,48
7,222,47
7,222,47
6,223,48
6,223,48
6,223,48
7,223,48
6,219,49
6,219,49
6,219,50
6,214,50
6,214,50
6,214,50
7,213,49
7,213,49
7,213,48
7,213,48
7,212,47
7,212,47
7,212,47
7,212,47
7,213,48
7,213,49
6,214,50
6,214,50
6,209,50
6,205,51
6,205,51
6,201,52
6,206,52
6,206,52
6,210,51
6,210,51
6,210,51
6,210,51
6,210,51
6,210,51
6,210,51
6,210,51
6,210,51
6,210,51
6,210,51
6,210,51
6,210,51
6,210,51
6,210,51
6,210,51
6,210,51
6,210,51
6,210,51
6,210,51
6,210,51
6,210,51
6,210,51
6,210,51
6,210,51
6,210,51
6,210,51
7,208,49
7,208,49
7,207,48
8,213,48
8,213,48
7,207,48
7,207,48
7,202,48
7,202,48
7,202,48
7,201,47
8,201,47
8,200,46
9,197,44
9,197,44
9,197,44
9,197,44
9,197,44
9,197,44
8,198,45
8,198,45
9,198,45
8,194,46
6,187,45
6,187,45
6,193,45
6,193,45
7,204,45
7,204,45
7,204,45
7,204,45
7,204,45
7,205,46
6,205,46
6,205,46
6,205,46
6,205,46
6,201,47
6,201,47
6,201,47
6,197,48
6,197,48
6,197,48
6,197,48
6,197,48
6,202,48
6,202,48
6,202,48
6,202,48
6,202,48
6,202,48
6,202,48
6,203,49
6,203,49
6,203,49
6,204,50
6,204,50
6,204,50
6,205,51
5,200,51
6,201,52
6,206,52
6,210,51
6,210,51
6,210,51
6,210,51
6,210,51
6,214,50
6,214,50
6,214,50
6,214,50
6,214,50
6,209,50
5,208,49
5,208,49
6,209,50
6,213,49
6,219,49
6,219,49
7,218,48
7,223,48
6,223,48
6,223,48
6,223,48
6,223,48
6,223,48
7,224,49
6,219,49
6,219,50
6,219,50
6,214,50
6,214,50
6,213,49
7,213,49
7,213,49
7,213,48
8,213,48
8,213,48
8,213,48
7,212,47
7,212,47
7,213,48
7,213,49
6,214,50
6,214,50
6,214,50
6,210,51
6,210,51
6,205,51
6,206,52
6,206,52
6,210,51
6,210,51
6,210,51
6,210,51
6,210,51
6,210,51
6,210,51
6,210,51
6,210,51
6,210,51
6,210,51
6,210,51
6,210,51
6,210,51
6,210,51
6,210,51
6,210,51
6,210,51
6,210,51
6,210,51
6,210,51
6,210,51
6,210,51
6,210,51
6,210,51
6,210,51
6,210,51
7,208,49
8,208,49
8,207,48
7,207,48
8,207,48
7,207,48
6,202,48
6,202,48
7,202,48
7,201,47
7,201,47
8,200,46
8,200,46
9,197,44
9,197,44
9,197,44
9,197,44
9,197,44
9,197,44
8,193,45
8,193,45
8,193,45
7,185,44
6,191,44
6,193,45
7,198,45
7,204,45
7,204,45
7,204,45
7,204,45
7,205,46
7,205,46
7,205,46
7,200,46
6,201,47
6,201,47
6,201,47
6,201,47
6,201,47
6,197,48
6,197,48
6,197,48
6,197,48
6,202,48
6,201,47
6,201,47
6,202,48
6,202,48
6,202,48
6,202,48
6,202,48
6,203,49
5,203,49
5,204,50
5,204,50
5,204,50
5,200,51
6,200,51
6,201,52
7,205,51
6,210,51
6,210,51
6,210,51
7,214,50
6,214,50
6,214,50
6,214,50
6,214,50
6,214,50
6,214,50
6,208,49
6,208,49
6,208,49
6,214,50
6,214,50
6,219,49
6,219,49
6,219,49
6,219,49
6,223,48
6,219,49
6,219,49
6,219,49
6,219,49
6,219,49
6,219,49
6,219,50
6,219,50
6,219,50
6,219,50
6,219,49
6,219,49
7,213,49
7,213,49
8,213,48
8,213,48
8,213,48
7,213,48
7,218,48
7,218,48
7,219,49
7,219,49
6,214,50
6,214,50
6,214,50
6,210,51
6,210,51
6,210,51
6,210,51
6,210,51
6,210,51
6,210,51
6,210,51
6,210,51
6,210,51
6,210,51
6,210,51
6,210,51
6,210,51
6,210,51
6,210,51
6,210,51
6,210,51
6,210,51
6,210,51
6,210,51
6,210,51
6,210,51
6,210,51
6,210,51
6,210,51
6,210,51
6,210,51
6,210,51
6,210,51
7,208,49
6,203,49
7,202,48
6,202,48
6,202,48
6,202,48
6,202,48
6,202,48
6,201,47
7,201,47
7,201,47
7,201,47
7,200,46
8,200,46
9,198,45
9,197,44
9,197,44
9,197,44
8,191,44
8,191,44
8,185,44
8,185,44
6,191,44
6,191,44
7,198,45
7,204,45
7,204,45
7,204,45
7,204,45
7,200,46
7,200,46
7,200,46
6,201,47
6,201,47
6,201,47
6,201,47
6,201,47
6,201,47
6,197,48
6,197,48
6,197,48
6,197,48
6,202,48
6,201,47
6,201,47
6,201,47
6,202,48
6,202,48
6,202,48
6,202,48
6,203,49
5,203,49
5,204,50
5,204,50
5,204,50
6,204,50
5,200,51
7,205,51
7,204,50
7,209,50
7,209,50
7,209,50
7,214,50
7,213,49
7,213,49
7,213,49
7,213,49
7,213,49
7,213,49
7,213,49
6,208,49
7,213,49
7,213,49
6,214,50
6,219,49
6,219,49
6,219,49
6,219,49
6,219,49
6,219,49
6,219,49
6,219,49
6,219,49
6,219,49
6,219,50
6,219,50
6,219,50
6,219,50
6,219,49
6,219,49
6,219,49
7,213,49
7,213,49
7,213,49
8,213,48
8,213,48
8,213,48
7,213,48
7,219,49
7,219,49
6,219,49
7,213,49
6,214,50
6,214,50
6,210,51
6,210,51
6,210,51
6,210,51
6,210,51
6,210,51
6,210,51
6,214,50
6,214,50
6,214,50
6,210,51
6,210,51
6,210,51
6,210,51
6,210,51
6,210,51
6,210,51
6,210,51
6,210,51
6,210,51
6,210,51
6,210,51
6,210,51
6,210,51
6,210,51
6,210,51
6,210,51
6,210,51
6,210,51
6,199,50
7,203,49
7,203,49
7,202,48
6,202,48
6,202,48
6,202,48
6,201,47
6,201,47
6,201,47
6,201,47
7,201,47
7,200,46
7,200,46
8,200,46
9,198,45
9,198,45
9,197,44
8,191,44
8,185,44
8,185,44
8,185,44
6,191,44
7,198,45
7,198,45
6,193,45
6,193,45
6,193,45
7,198,45
7,200,46
6,201,47
6,201,47
6,201,47
6,201,47
6,201,47
6,201,47
6,201,47
6,197,48
6,197,48
6,197,48
6,197,48
6,201,47
6,201,47
6,201,47
6,201,47
6,202,48
6,202,48
6,202,48
6,202,48
6,203,49
6,203,49
6,204,50
5,204,50
6,204,50
6,204,50
7,203,49
6,203,49
7,208,49
7,208,49
7,208,49
7,213,49
7,213,49
7,213,49
7,219,49
7,218,48
7,218,48
7,213,48
7,213,49
7,213,49
7,213,49
7,213,49
6,214,50
6,219,49
6,219,49
6,219,49
6,219,49
6,219,49
6,214,50
6,219,50
6,219,50
6,219,50
6,219,50
6,219,50
6,219,50
6,219,50
6,219,50
6,219,49
6,219,49
6,219,49
6,219,49
7,213,49
7,213,49
7,213,49
8,213,48
8,213,48
7,213,49
7,219,49
6,219,49
6,219,49
6,219,49
6,214,50
6,214,50
6,210,51
6,210,51
6,210,51
6,210,51
6,210,51
6,210,51
6,210,51
6,214,50
6,214,50
6,210,51
6,210,51
6,210,51
6,210,51
6,210,51
6,210,51
6,210,51
6,210,51
6,210,51
6,210,51
6,210,51
6,210,51
6,210,51
6,210,51
6,210,51
6,210,51
6,210,51
6,210,51
6,205,51
5,199,50
6,198,49
6,198,49
6,197,48
6,197,48
6,197,48
6,201,47
7,201,47
6,201,47
6,201,47
6,201,47
7,200,46
7,200,46
7,200,46
7,200,46
8,200,46
9,198,45
8,193,45
8,193,45
8,193,45
7,187,45
6,191,44
6,193,45
6,193,45
6,193,45
7,193,45
6,193,45
6,194,46
7,200,46
7,200,46
6,201,47
6,201,47
6,201,47
6,201,47
6,201,47
6,197,48
6,197,48
6,197,48
6,197,48
6,201,47
6,201,47
6,201,47
6,201,47
6,202,48
6,197,48
6,197,48
6,203,49
6,203,49
6,202,48
6,203,49
6,203,49
6,203,49
6,203,49
7,203,49
6,203,49
7,208,49
7,213,49
7,213,49
8,213,48
8,213,48
7,213,48
8,217,47
7,217,47
8,217,47
7,218,48
8,213,48
7,213,49
7,213,49
7,213,49
7,213,49
6,219,49
6,219,49
6,219,49
6,219,50
6,214,50
6,214,50
6,215,51
6,214,50
6,219,50
6,219,50
6,219,50
6,219,50
6,219,50
6,219,50
6,219,49
6,219,49
6,219,49
6,219,49
7,213,49
7,213,49
7,213,49
7,213,49
7,213,49
7,219,49
6,219,49
6,219,49
6,219,49
6,219,49
6,214,50
6,214,50
6,214,50
6,210,51
6,210,51
6,210,51
6,210,51
6,210,51
6,214,50
6,214,50
6,214,50
6,210,51
6,210,51
6,210,51
6,210,51
6,210,51
6,210,51
6,210,51
6,210,51
6,210,51
6,210,51
6,210,51
6,210,51
6,210,51
6,210,51
6,210,51
6,210,51
6,205,51
5,200,51
6,199,50
6,198,49
6,198,49
6,198,49
6,197,48
6,197,48
6,197,48
7,201,47
7,201,47
7,201,47
7,201,47
7,200,46
7,200,46
7,200,46
7,200,46
7,200,46
7,200,46
8,193,45
8,193,45
8,193,45
8,193,45
7,185,44
6,187,45
6,187,45
6,187,45
7,193,45
6,193,45
6,194,46
7,200,46
7,200,46
7,200,46
6,201,47
6,201,47
6,201,47
6,201,47
6,201,47
6,197,48
6,201,47
6,201,47
6,201,47
6,201,47
6,201,47
6,202,48
6,197,48
6,202,48
6,202,48
6,202,48
6,202,48
6,202,48
6,202,48
6,202,48
6,203,49
7,203,49
6,202,48
7,207,48
8,213,48
8,213,48
8,213,48
8,213,48
8,213,48
8,217,47
8,217,47
8,217,47
8,217,47
8,213,48
8,213,48
7,213,48
7,213,48
7,219,49
7,224,49
6,219,49
6,219,49
6,219,50
6,214,50
6,215,51
6,215,51
6,215,51
6,215,51
6,219,50
6,219,50
6,219,50
6,219,50
6,219,50
6,219,49
6,219,49
6,219,49
6,219,49
6,219,49
7,213,49
6,214,50
6,214,50
7,213,49
6,219,49
6,219,49
6,219,49
6,219,49
6,219,49
6,214,50
6,214,50
6,210,51
6,210,51
6,210,51
6,210,51
6,210,51
6,214,50
6,214,50
6,214,50
6,214,50
6,214,50
6,210,51
6,210,51
6,210,51
6,210,51
6,210,51
6,210,51
6,210,51
6,210,51
6,210,51
6,210,51
6,210,51
6,210,51
6,210,51
6,210,51
6,205,51
6,199,50
6,198,49
6,198,49
6,198,49
6,198,49
6,197,48
6,197,48
6,197,48
6,197,48
7,201,47
7,201,47
7,201,47
7,200,46
7,200,46
7,200,46
7,200,46
7,200,46
7,200,46
8,200,46
8,193,45
8,193,45
8,193,45
7,185,44
6,187,45
6,187,45
6,187,45
6,193,45
6,193,45
6,194,46
7,200,46
7,200,46
7,200,46
6,201,47
6,201,47
6,201,47
6,197,48
6,197,48
6,197,48
6,201,47
6,201,47
6,201,47
6,201,47
6,197,48
6,197,48
6,197,48
6,202,48
6,202,48
6,202,48
6,202,48
6,202,48
6,202,48
6,202,48
7,203,49
6,202,48
6,202,48
8,213,48
8,213,48
8,213,48
8,213,48
8,213,48
8,217,47
8,217,47
8,217,47
8,217,47
8,217,47
7,213,48
7,218,48
7,218,48
7,218,48
7,223,48
6,219,49
7,219,49
7,219,50
7,219,50
6,215,51
6,215,51
6,215,51
6,215,51
6,214,50
6,214,50
6,214,50
6,219,50
6,219,49
6,219,49
6,219,49
6,219,49
6,219,49
6,219,49
6,214,50
6,214,50
6,214,50
7,213,49
6,219,49
6,219,49
6,219,49
6,219,49
6,214,50
6,214,50
6,210,51
6,210,51
6,210,51
6,210,51
6,210,51
6,210,51
6,214,50
6,214,50
6,214,50
6,214,50
6,210,51
6,210,51
6,210,51
6,210,51
6,210,51
6,210,51
6,210,51
6,210,51
6,210,51
6,210,51
6,210,51
6,210,51
6,210,51
7,210,51
7,209,50
7,204,50
6,198,49
6,198,49
6,198,49
6,198,49
6,197,48
6,197,48
6,197,48
6,197,48
7,197,48
7,195,47
7,201,47
7,200,46
7,200,46
7,200,46
7,200,46
7,200,46
7,200,46
7,200,46
9,198,45
9,198,45
8,193,45
6,180,44
6,180,44
6,187,45
5,187,45
6,193,45
6,193,45
6,194,46
6,194,46
6,194,46
6,194,46
6,195,47
6,195,47
7,195,47
6,197,48
6,201,47
6,201,47
6,201,47
6,201,47
6,201,47
6,201,47
6,201,47
6,202,48
6,202,48
6,201,47
6,201,47
6,201,47
6,202,48
6,202,48
6,202,48
6,198,49
6,202,48
6,202,48
8,213,48
8,213,48
8,213,48
8,213,48
8,213,48
8,217,47
8,217,47
8,217,47
8,217,47
8,217,47
7,218,48
8,218,48
8,218,48
7,218,48
8,223,48
7,219,49
7,219,49
7,219,50
7,219,50
6,215,51
6,215,51
6,215,51
6,215,51
6,215,51
6,214,50
6,214,50
6,219,49
6,219,49
6,219,49
6,219,49
6,219,49
6,219,49
6,214,50
6,214,50
6,214,50
6,214,50
6,214,50
6,214,50
6,219,49
6,219,49
6,214,50
6,214,50
6,214,50
6,210,51
6,210,51
6,210,51
6,210,51
6,210,51
6,210,51
6,214,50
6,214,50
6,210,51
6,210,51
6,210,51
6,210,51
6,210,51
6,210,51
6,210,51
6,210,51
6,210,51
6,210,51
6,210,51
7,208,49
7,208,49
7,208,49
7,209,50
7,209,50
7,203,49
6,198,49
6,198,49
6,198,49
6,197,48
6,197,48
6,197,48
6,197,48
6,197,48
7,191,48
7,191,48
8,197,48
7,195,47
7,200,46
7,200,46
7,200,46
7,200,46
7,200,46
7,200,46
8,200,46
9,198,45
9,198,45
6,180,44
6,185,44
6,191,44
6,193,45
6,193,45
6,193,45
6,194,46
6,194,46
6,195,47
6,195,47
6,195,47
6,195,47
6,201,47
6,201,47
6,201,47
6,201,47
6,201,47
6,201,47
6,201,47
6,201,47
6,201,47
6,201,47
6,201,47
6,201,47
6,201,47
6,202,48
6,202,48
6,197,48
6,202,48
6,202,48
8,213,48
8,213,48
8,213,48
8,213,48
8,213,48
8,213,48
8,217,47
8,217,47
8,217,47
8,217,47
7,218,48
8,213,48
8,218,48
8,218,48
8,219,49
8,219,49
8,219,50
7,219,50
7,219,50
6,215,51
6,215,51
6,215,51
6,215,51
6,215,51
6,214,50
6,214,50
6,219,49
6,219,49
6,219,49
6,219,49
6,219,49
6,219,49
6,214,50
6,214,50
6,214,50
6,214,50
6,214,50
6,214,50
6,214,50
6,214,50
6,214,50
6,214,50
6,210,51
6,210,51
6,210,51
6,210,51
6,210,51
6,214,50
6,214,50
6,214,50
6,214,50
6,210,51
6,210,51
6,210,51
6,210,51
6,210,51
6,210,51
5,200,51
6,210,51
6,210,51
7,208,49
7,208,49
8,208,49
8,208,49
8,208,49
8,208,49
8,208,49
6,198,49
6,198,49
6,198,49
6,197,48
6,197,48
6,197,48
6,197,48
6,197,48
7,197,48
8,197,48
8,197,48
7,195,47
7,195,47
7,200,46
7,200,46
7,200,46
7,200,46
7,200,46
7,200,46
8,200,46
6,185,44
6,191,44
6,191,44
6,193,45
6,193,45
6,193,45
5,187,45
6,194,46
6,195,47
6,195,47
7,195,47
6,201,47
6,201,47
6,201,47
6,201,47
6,201,47
6,201,47
6,201,47
6,201,47
6,201,47
6,201,47
6,201,47
6,201,47
6,201,47
6,202,48
6,202,48
6,202,48
6,202,48
6,202,48
7,207,48
8,213,48
8,213,48
8,213,48
8,213,48
8,213,48
8,217,47
8,217,47
8,217,47
8,217,47
8,213,48
8,213,48
8,213,48
8,219,49
8,219,49
8,219,49
8,219,50
7,219,50
7,219,50
6,215,51
6,215,51
6,215,51
6,215,51
6,214,50
7,219,50
7,219,50
6,219,49
6,219,49
6,219,49
6,219,49
6,219,49
6,219,49
6,214,50
6,214,50
6,214,50
6,214,50
6,214,50
6,214,50
6,214,50
6,214,50
6,214,50
7,209,50
6,210,51
6,210,51
6,210,51
6,210,51
6,214,50
6,214,50
6,214,50
6,214,50
7,209,50
6,210,51
6,210,51
6,210,51
6,210,51
6,210,51
5,200,51
5,200,51
5,200,51
6,203,49
7,208,49
7,208,49
8,208,49
8,208,49
8,208,49
8,208,49
7,203,49
6,198,49
6,198,49
6,197,48
6,197,48
6,197,48
6,197,48
6,197,48
6,197,48
7,197,48
7,197,48
7,195,47
8,201,47
8,200,46
8,200,46
7,200,46
7,200,46
7,200,46
7,200,46
7,200,46
7,190,43
6,191,44
6,191,44
6,193,45
5,187,45
5,187,45
5,188,46
5,190,47
5,190,47
6,195,47
6,195,47
6,195,47
6,195,47
6,201,47
6,201,47
6,201,47
6,201,47
6,201,47
6,201,47
6,201,47
6,201,47
6,201,47
6,202,48
6,202,48
6,202,48
6,202,48
6,202,48
6,202,48
8,213,48
8,213,48
8,213,48
8,213,48
8,213,48
8,213,48
8,213,48
8,213,48
8,213,48
8,213,48
8,213,48
8,213,49
8,213,49
7,213,49
8,219,49
8,219,50
7,219,49
7,219,50
7,219,50
6,215,51
6,215,51
6,214,50
7,219,50
7,219,50
7,219,50
7,219,49
6,219,49
6,219,49
6,219,49
6,219,49
6,219,49
6,214,50
6,214,50
6,214,50
6,214,50
6,214,50
6,214,50
6,214,50
6,214,50
6,214,50
7,209,50
7,209,50
6,210,51
7,209,50
6,214,50
6,214,50
6,214,50
6,214,50
7,214,50
7,209,50
7,209,50
6,210,51
6,210,51
6,210,51
6,205,51
5,200,51
5,200,51
6,203,49
6,203,49
7,207,48
7,207,48
7,207,48
7,207,48
8,207,48
7,203,49
6,198,49
6,198,49
6,197,48
6,197,48
6,197,48
6,197,48
7,195,47
7,195,47
7,195,47
7,195,47
8,201,47
9,205,46
9,205,46
9,205,46
9,205,46
8,205,46
7,200,46
7,200,46
7,190,43
6,191,44
6,191,44
6,185,44
5,180,44
5,183,46
5,183,46
5,183,46
5,188,46
6,194,46
6,194,46
6,194,46
6,201,47
6,201,47
6,201,47
6,201,47
6,201,47
6,201,47
6,201,47
6,201,47
6,201,47
6,201,47
6,202,48
6,202,48
6,202,48
6,202,48
6,202,48
8,213,48
8,213,48
8,213,48
8,213,48
8,213,48
8,213,48
8,213,48
8,213,48
8,213,48
8,213,48
8,208,49
8,208,49
8,208,49
8,208,49
7,213,49
8,219,49
7,219,49
7,219,49
7,219,49
7,219,50
7,219,50
7,219,50
7,219,49
7,219,49
7,219,50
6,214,50
7,219,49
6,219,49
6,219,49
6,219,49
6,219,49
6,214,50
6,214,50
6,214,50
7,214,50
6,214,50
6,214,50
7,213,49
7,213,49
7,213,49
7,213,49
7,208,49
7,209,50
7,209,50
7,214,50
6,214,50
6,214,50
7,214,50
7,213,49
7,208,49
7,208,49
8,208,49
8,208,49
6,198,49
6,198,49
6,198,49
6,198,49
6,202,48
6,202,48
6,202,48
7,206,47
7,206,47
8,206,47
7,202,48
7,202,48
6,197,48
6,197,48
6,197,48
6,197,48
7,195,47
7,195,47
7,195,47
7,200,46
8,200,46
8,200,46
9,198,45
9,204,45
9,204,45
9,204,45
9,205,46
8,200,46
7,200,46
6,185,44
5,180,44
5,180,44
5,181,45
5,183,46
5,183,46
5,183,46
6,188,46
6,188,46
7,194,46
6,195,47
6,201,47
6,201,47
6,201,47
6,201,47
6,201,47
6,201,47
6,201,47
6,201,47
6,201,47
6,202,48
6,202,48
6,202,48
6,202,48
6,202,48
7,207,48
7,207,48
7,207,48
8,213,48
8,213,48
8,213,48
8,213,48
8,213,48
8,213,48
8,208,49
8,208,49
8,208,49
8,208,49
8,208,49
7,213,49
8,219,49
7,219,49
7,219,49
8,224,49
8,224,49
8,224,49
8,224,49
7,219,49
7,219,49
7,219,50
6,214,50
7,219,49
6,219,49
6,219,49
6,219,49
6,219,49
6,214,50
6,214,50
6,214,50
7,214,50
7,214,50
7,213,49
7,213,49
7,213,49
7,213,49
7,213,49
7,213,49
7,213,49
7,208,49
7,214,50
7,214,50
7,213,49
7,213,49
7,213,49
7,208,49
8,208,49
8,208,49
7,203,49
6,198,49
6,198,49
6,198,49
6,202,48
6,202,48
6,202,48
6,201,47
6,201,47
7,200,46
7,200,46
7,200,46
7,201,47
7,201,47
7,201,47
7,195,47
7,195,47
7,195,47
7,195,47
7,200,46
7,200,46
8,200,46
9,198,45
9,197,44
9,197,44
9,198,45
9,204,45
9,198,45
6,180,44
5,180,44
5,181,45
5,181,45
5,183,46
5,183,46
6,188,46
6,188,46
6,188,46
7,194,46
7,195,47
6,201,47
6,201,47
6,201,47
6,201,47
6,201,47
6,201,47
6,201,47
6,201,47
6,202,48
6,202,48
6,202,48
6,202,48
6,202,48
7,207,48
7,207,48
7,207,48
8,213,48
8,213,48
8,213,48
8,213,48
8,213,48
8,213,48
8,213,48
8,208,49
8,208,49
8,208,49
8,208,49
8,213,48
7,218,48
8,217,47
8,222,47
8,224,49
8,224,49
8,224,49
8,224,49
8,224,49
7,219,49
7,219,49
7,219,49
7,219,49
7,219,49
7,219,49
7,219,49
7,213,49
6,214,50
7,214,50
7,214,50
7,213,49
7,213,49
7,213,49
7,213,49
7,213,49
7,213,49
7,213,49
7,208,49
7,213,49
7,208,49
7,208,49
7,213,49
7,213,49
7,213,49
7,213,49
8,208,49
8,208,49
8,208,49
6,198,49
6,198,49
6,198,49
6,197,48
6,202,48
6,202,48
6,201,47
6,201,47
7,200,46
7,200,46
7,200,46
7,200,46
7,200,46
7,200,46
7,201,47
7,201,47
7,201,47
7,195,47
7,195,47
8,200,46
8,200,46
9,197,44
9,197,44
9,197,44
9,203,44
9,203,44
9,203,44
5,181,45
5,181,45
5,181,45
5,188,46
5,188,46
6,188,46
6,188,46
7,195,47
7,195,47
7,195,47
7,195,47
6,201,47
6,201,47
6,201,47
6,201,47
6,201,47
6,201,47
6,202,48
6,202,48
6,202,48
6,202,48
7,207,48
7,207,48
8,213,48
8,213,48
8,213,48
8,208,49
8,208,49
8,213,48
8,213,48
8,213,48
8,217,47
8,213,48
8,208,49
8,208,49
8,208,49
8,213,48
7,218,48
8,217,47
8,222,47
8,223,48
8,224,49
8,224,49
8,224,49
7,224,49
6,219,49
6,219,49
6,219,49
6,219,49
7,219,49
7,219,49
7,219,49
7,213,49
7,213,49
7,214,50
7,213,49
7,213,49
8,213,48
8,213,48
8,213,48
8,213,48
8,213,48
8,213,48
8,213,48
8,213,48
7,208,49
8,208,49
7,208,49
7,213,49
8,213,48
8,213,48
8,213,48
7,207,48
7,203,49
7,203,49
6,197,48
6,197,48
6,202,48
6,201,47
6,201,47
6,201,47
7,200,46
7,200,46
7,200,46
7,200,46
7,200,46
7,200,46
7,200,46
7,200,46
7,200,46
7,195,47
8,195,47
8,195,47
8,200,46
9,197,44
9,197,44
9,197,44
9,197,44
9,197,44
6,185,44
6,193,45
6,188,46
7,194,46
7,194,46
7,194,46
7,195,47
7,195,47
7,197,48
6,197,48
6,201,47
6,201,47
6,201,47
6,201,47
6,201,47
6,202,48
6,202,48
6,202,48
6,202,48
7,207,48
8,213,48
8,213,48
8,213,48
8,213,48
8,208,49
8,208,49
8,208,49
8,217,47
8,217,47
8,217,47
8,217,47
7,207,48
8,208,49
8,208,49
8,213,48
7,218,48
8,217,47
8,217,47
8,222,47
8,223,48
8,223,48
8,223,48
7,224,49
6,219,49
6,219,49
6,219,49
7,219,49
7,219,49
7,213,49
7,218,48
7,213,48
7,213,48
8,213,48
8,213,48
8,213,48
8,213,48
8,213,48
8,213,48
8,213,48
8,213,48
8,213,48
8,213,48
8,213,48
8,213,48
8,213,48
8,213,48
8,213,48
8,213,48
8,213,48
7,207,48
7,207,48
6,202,48
6,202,48
6,197,48
6,197,48
6,201,47
6,201,47
7,200,46
7,200,46
7,200,46
7,200,46
7,200,46
7,200,46
7,200,46
7,200,46
7,200,46
7,200,46
8,200,46
8,200,46
9,194,46
9,194,46
8,200,46
9,197,44
9,197,44
9,197,44
7,194,46
7,194,46
7,194,46
7,194,46
7,195,47
7,195,47
7,197,48
7,197,48
7,195,47
6,201,47
6,201,47
6,201,47
6,202,48
6,202,48
6,202,48
6,202,48
6,202,48
7,207,48
8,212,47
8,212,47
8,213,48
8,213,48
8,199,50
8,200,51
8,204,50
8,213,48
8,217,47
8,217,47
7,212,47
8,213,48
7,207,48
7,207,48
8,213,48
7,218,48
8,217,47
8,217,47
8,222,47
8,222,47
8,222,47
8,223,48
7,223,48
6,219,49
7,219,49
7,219,49
7,213,49
7,213,49
7,213,49
7,218,48
7,213,48
8,213,48
8,213,48
8,213,48
8,213,48
8,213,48
8,207,48
8,207,48
8,207,48
8,213,48
8,213,48
8,213,48
8,213,48
8,213,48
8,213,48
8,213,48
8,213,48
8,213,48
8,213,48
7,206,47
7,206,47
6,201,47
6,201,47
6,201,47
6,201,47
6,201,47
6,205,46
7,205,46
7,200,46
7,200,46
7,200,46
7,200,46
7,200,46
7,200,46
7,200,46
7,200,46
8,198,45
9,198,45
9,198,45
9,197,44
9,198,45
9,197,44
9,197,44
7,200,46
7,200,46
8,194,46
7,195,47
7,197,48
7,197,48
7,201,47
7,201,47
6,201,47
6,201,47
6,202,48
6,197,48
6,202,48
6,202,48
6,202,48
8,212,47
8,217,47
8,217,47
8,213,48
8,207,48
8,196,52
8,191,52
8,191,52
8,204,50
8,213,48
8,213,48
8,213,48
8,213,48
8,213,48
7,207,48
8,213,48
8,217,47
8,217,47
8,217,47
8,217,47
8,217,47
8,222,47
8,217,47
7,218,48
7,218,48
7,213,49
7,213,49
8,208,49
7,213,49
8,213,48
8,217,47
8,217,47
8,213,48
8,213,48
8,213,48
8,207,48
8,207,48
8,207,48
8,207,48
8,207,48
8,213,48
8,213,48
8,212,47
8,212,47
8,212,47
8,212,47
8,212,47
8,212,47
8,212,47
8,212,47
7,206,47
6,201,47
6,201,47
6,201,47
6,201,47
6,201,47
7,200,46
6,205,46
7,200,46
7,200,46
7,200,46
7,200,46
9,198,45
9,197,44
8,197,44
8,197,44
8,197,44
8,197,44
9,197,44
9,197,44
9,197,44
9,197,44
7,200,46
7,200,46
7,200,46
7,200,46
7,201,47
7,201,47
7,201,47
7,201,47
6,197,48
6,197,48
6,197,48
7,202,48
6,201,47
8,217,47
8,217,47
8,216,46
8,217,47
8,207,48
8,196,52
8,191,52
8,191,52
8,196,52
8,213,48
8,213,48
8,213,48
8,213,48
8,213,48
7,207,48
7,212,47
8,217,47
8,217,47
8,217,47
8,217,47
8,217,47
8,217,47
7,218,48
7,218,48
8,213,48
8,213,48
7,213,49
8,208,49
8,208,49
7,213,49
8,217,47
8,217,47
8,212,47
8,213,48
8,207,48
8,208,49
8,208,49
8,207,48
8,207,48
8,213,48
8,212,47
8,212,47
8,212,47
8,212,47
8,212,47
8,212,47
8,212,47
8,212,47
7,206,47
7,206,47
6,201,47
6,201,47
6,201,47
6,201,47
6,201,47
7,200,46
7,200,46
7,200,46
7,200,46
7,200,46
7,200,46
9,197,44
9,197,44
9,197,44
9,197,44
9,197,44
9,197,44
8,197,44
9,197,44
9,197,44
7,200,46
7,200,46
7,200,46
7,200,46
7,201,47
7,201,47
7,195,47
6,197,48
6,197,48
6,197,48
6,201,47
8,212,47
8,212,47
8,216,46
8,212,47
8,213,48
8,204,50
8,196,52
8,196,52
8,204,50
7,203,49
6,202,48
6,202,48
7,207,48
7,207,48
7,206,47
7,212,47
8,217,47
8,216,46
8,217,47
8,217,47
8,217,47
8,217,47
8,213,48
8,213,48
8,213,48
8,213,48
7,207,48
8,208,49
8,208,49
7,207,48
7,207,48
8,213,48
8,213,48
7,207,48
7,202,48
8,203,49
8,203,49
8,202,48
8,207,48
8,206,47
8,212,47
8,211,46
8,211,46
8,211,46
8,212,47
8,212,47
8,212,47
7,206,47
6,201,47
6,201,47
6,201,47
6,201,47
6,201,47
6,201,47
6,201,47
7,200,46
7,200,46
7,200,46
7,200,46
7,200,46
8,198,45
9,197,44
9,197,44
9,197,44
9,197,44
9,197,44
9,197,44
9,197,44
7,200,46
7,200,46
7,201,47
7,195,47
6,197,48
6,197,48
6,201,47
6,201,47
6,201,47
8,212,47
8,212,47
8,212,47
8,213,48
8,208,49
8,204,50
8,204,50
8,204,50
7,203,49
6,202,48
6,202,48
6,202,48
7,206,47
7,206,47
7,212,47
8,217,47
8,216,46
8,216,46
8,217,47
8,217,47
8,217,47
8,213,48
8,213,48
8,213,48
8,213,48
8,213,48
8,208,49
7,207,48
7,207,48
7,207,48
7,207,48
7,207,48
7,203,49
8,199,50
8,198,49
8,198,49
8,202,48
7,201,47
8,206,47
7,206,47
8,211,46
8,211,46
8,211,46
8,212,47
7,206,47
6,201,47
6,201,47
6,201,47
6,201,47
6,201,47
6,201,47
6,201,47
6,201,47
6,201,47
7,200,46
7,200,46
7,200,46
7,200,46
7,200,46
8,197,44
8,197,44
9,197,44
9,197,44
9,197,44
7,200,46
7,201,47
6,201,47
6,201,47
6,201,47
6,201,47
6,201,47
7,206,47
8,212,47
7,207,48
8,207,48
8,208,49
7,203,49
7,203,49
7,203,49
6,203,49
6,202,48
6,202,48
6,202,48
6,201,47
7,206,47
8,212,47
8,217,47
8,216,46
8,217,47
8,217,47
8,217,47
8,217,47
8,212,47
8,213,48
8,213,48
8,213,48
8,213,48
7,207,48
7,207,48
7,207,48
6,202,48
6,202,48
7,202,48
7,194,50
8,199,50
8,199,50
8,198,49
7,202,48
7,201,47
7,201,47
7,206,47
7,206,47
7,206,47
7,206,47
6,201,47
6,201,47
6,201,47
6,201,47
6,201,47
6,201,47
6,201,47
6,201,47
6,201,47
6,201,47
6,201,47
7,200,46
7,200,46
7,200,46
7,200,46
7,200,46
8,198,45
8,197,44
9,197,44
6,201,47
6,201,47
6,201,47
6,201,47
6,201,47
6,201,47
7,207,48
8,207,48
7,202,48
7,203,49
7,203,49
6,202,48
6,202,48
6,202,48
6,202,48
6,201,47
6,201,47
7,206,47
7,206,47
8,212,47
8,212,47
8,217,47
8,212,47
8,212,47
8,217,47
8,217,47
8,217,47
8,213,48
8,213,48
8,213,48
7,207,48
7,207,48
7,207,48
6,202,48
6,202,48
7,194,50
6,190,51
6,189,50
8,198,49
6,197,48
7,201,47
7,201,47
7,201,47
7,201,47
7,201,47
6,201,47
6,201,47
6,201,47
6,201,47
6,201,47
6,201,47
6,201,47
6,201,47
6,201,47
6,201,47
6,201,47
6,201,47
7,200,46
7,200,46
7,200,46
7,200,46
7,200,46
7,200,46
6,201,47
6,201,47
6,202,48
6,202,48
6,202,48
6,202,48
6,202,48
6,202,48
6,203,49
6,203,49
6,202,48
6,202,48
6,201,47
6,201,47
7,206,47
7,206,47
7,206,47
8,212,47
8,212,47
8,212,47
8,212,47
8,212,47
8,217,47
8,217,47
8,217,47
8,213,48
8,213,48
7,207,48
7,207,48
7,207,48
6,202,48
6,197,48
6,189,50
6,190,51
6,189,50
6,197,48
6,201,47
6,201,47
6,201,47
6,201,47
6,201,47
6,201,47
6,201,47
6,201,47
6,201,47
6,201,47
6,201,47
6,201,47
6,201,47
6,201,47
6,201,47
6,201,47
6,201,47
6,201,47
6,201,47
6,201,47
7,200,46
6,203,49
6,203,49
6,203,49
6,202,48
6,203,49
6,203,49
6,202,48
6,202,48
6,201,47
6,201,47
7,206,47
7,206,47
8,206,47
8,212,47
8,212,47
8,212,47
8,212,47
8,212,47
8,212,47
8,217,47
8,213,48
8,213,48
8,213,48
7,207,48
7,207,48
7,207,48
6,202,48
6,198,49
6,189,50
6,189,50
6,193,49
6,197,48
6,201,47
6,201,47
6,201,47
6,201,47
6,197,48
6,197,48
6,201,47
6,201,47
6,201,47
6,201,47
6,201,47
6,201,47
6,205,46
6,205,46
6,205,46
6,201,47
6,201,47
6,203,49
6,203,49
6,203,49
6,201,47
7,206,47
7,206,47
7,206,47
8,206,47
8,212,47
8,212,47
8,212,47
8,212,47
8,212,47
8,213,48
8,213,48
8,213,48
8,213,48
8,213,48
7,207,48
7,207,48
7,207,48
7,203,49
7,203,49
6,198,49
6,198,49
6,198,49
6,197,48
6,197,48
7,202,48
7,202,48
6,197,48
6,197,48
6,197,48
6,197,48
6,197,48
7,202,48
6,201,47
6,201,47
6,201,47
7,206,47
8,206,47
8,206,47
8,212,47
8,212,47
8,213,48
8,207,48
8,207,48
8,208,49
7,207,48
7,208,49
7,208,49
7,208,49
7,208,49
7,208,49
8,208,49
8,208,49
8,208,49
6,198,49
6,198,49
6,198,49
6,198,49
6,198,49
7,202,48
7,202,48
7,202,48
7,202,48
7,202,48
7,202,48
7,208,49
