B,G,R
4,10,84
3,10,85
3,10,86
3,10,86
4,10,86
4,10,87
4,10,87
5,12,88
6,12,89
5,11,87
4,10,87
4,10,85
4,10,84
3,10,84
3,10,84
4,10,84
4,10,84
3,10,83
3,10,82
2,10,82
2,10,82
2,10,82
3,10,83
3,10,83
3,10,83
3,10,83
3,10,83
4,10,84
4,11,84
5,11,84
3,11,88
3,10,87
4,10,87
4,10,85
4,10,85
3,10,85
3,10,85
3,10,86
3,10,86
3,10,87
3,10,87
4,10,87
4,10,87
4,10,87
4,10,87
3,10,85
3,9,84
3,9,84
3,10,84
4,10,84
4,10,84
4,11,84
3,10,83
3,10,82
3,10,82
3,10,83
3,10,83
3,10,83
3,10,83
3,9,83
3,10,83
3,10,84
4,10,84
5,11,84
5,11,84
5,11,84
5,11,84
5,11,84
4,11,84
3,10,89
3,10,89
3,10,89
3,11,88
3,11,88
3,11,88
3,11,88
3,10,87
3,10,87
3,10,85
3,10,85
3,10,85
3,10,86
3,10,86
3,10,86
3,10,87
3,10,87
4,10,87
4,10,87
4,10,87
3,10,86
3,9,85
3,9,84
4,10,84
4,10,84
4,10,84
4,10,84
4,10,84
3,10,83
3,10,83
3,10,83
3,10,83
3,10,83
3,10,83
3,10,84
3,10,84
4,10,84
4,10,84
4,10,84
4,10,84
4,10,84
4,10,84
4,11,84
4,11,84
4,11,84
4,11,84
4,11,84
3,10,83
3,10,83
3,10,89
3,10,89
3,10,89
3,10,89
3,10,89
3,10,89
3,10,89
3,10,88
3,11,88
3,10,88
3,10,87
3,10,87
2,10,87
2,10,87
2,10,85
2,10,85
2,10,86
2,10,86
2,10,86
3,10,87
3,10,87
3,10,87
3,10,87
3,10,87
3,10,87
3,10,86
3,10,85
4,10,85
4,10,85
4,10,85
4,10,85
4,10,85
3,10,84
3,10,84
3,10,84
3,10,84
3,10,84
3,10,84
3,10,84
3,10,84
4,10,84
4,10,84
4,10,84
4,10,84
4,10,84
3,10,84
3,10,83
3,10,83
3,10,84
4,11,84
3,10,83
3,10,83
3,10,83
3,10,83
3,10,83
3,10,83
4,11,84
3,10,89
3,10,89
3,10,89
3,10,89
3,10,89
3,10,89
3,10,89
3,10,89
3,10,89
3,10,89
3,10,89
3,10,88
3,10,88
3,10,88
3,10,87
2,10,87
2,10,87
2,10,87
2,10,86
2,11,86
2,11,86
3,11,87
3,11,87
3,11,88
3,11,88
3,10,87
3,10,87
3,10,87
3,10,87
4,10,86
4,10,86
4,10,85
4,10,85
4,10,85
4,11,85
4,11,85
3,11,85
3,11,85
3,11,85
3,11,85
4,10,85
4,10,85
4,10,85
4,10,85
4,10,85
4,10,85
4,10,84
4,10,84
3,10,84
3,10,83
3,10,83
3,10,84
3,10,84
3,10,83
3,10,83
3,10,83
3,10,83
3,10,83
3,10,83
3,10,83
3,11,83
3,10,83
3,10,82
3,10,89
4,11,90
3,10,90
3,10,90
3,10,90
3,10,90
3,10,89
3,10,89
3,10,89
3,10,89
3,10,89
3,10,89
3,10,89
3,10,89
3,11,89
3,11,88
3,10,88
3,10,88
2,10,87
2,10,87
2,10,87
2,11,87
2,11,87
3,11,87
3,11,88
3,11,88
3,11,88
3,11,88
3,11,88
3,11,88
3,10,87
4,10,87
4,10,87
4,10,87
4,10,87
4,10,87
4,10,86
4,11,86
4,11,85
3,11,85
3,11,85
4,11,85
4,11,85
4,11,86
4,11,86
4,10,85
4,10,85
4,10,85
4,10,85
4,10,85
3,10,85
3,10,84
3,10,84
3,10,84
3,10,84
4,10,84
4,10,84
3,10,83
3,10,83
3,10,83
2,9,82
3,10,83
3,10,83
3,11,83
3,10,82
3,10,82
2,10,81
2,10,81
2,10,82
3,10,89
3,10,89
4,11,90
4,11,90
4,11,90
4,11,90
4,11,90
3,10,90
3,10,90
3,10,90
3,10,90
4,11,90
4,11,90
4,11,90
4,11,90
4,11,90
3,11,89
3,11,89
3,11,88
3,11,88
3,11,88
3,10,88
3,11,88
3,11,87
3,11,88
3,11,88
3,11,88
3,11,88
3,11,88
3,11,88
3,11,88
3,11,88
4,11,88
4,10,88
4,10,87
4,10,88
4,10,88
4,10,88
4,11,88
4,11,88
3,11,87
3,11,86
3,11,86
4,11,86
4,11,87
4,11,88
4,11,88
4,11,88
4,11,88
4,11,87
4,11,86
4,10,86
4,10,85
4,10,85
4,10,85
4,10,84
4,10,84
4,10,84
4,10,84
3,10,83
3,10,83
3,10,83
3,10,83
3,10,83
3,10,83
3,10,82
2,10,82
2,10,81
2,10,81
2,10,80
2,10,80
2,10,82
3,10,83
4,11,90
3,10,89
3,10,89
3,10,89
3,10,89
4,11,90
4,11,90
4,11,90
4,11,90
4,11,90
4,11,90
4,11,90
4,11,90
4,11,90
4,11,91
4,11,91
4,11,91
4,11,90
4,11,90
4,11,90
4,11,90
3,11,90
3,11,89
3,11,89
3,11,89
3,11,89
3,11,88
3,11,88
3,11,88
3,11,88
3,11,88
3,11,88
3,11,88
3,11,88
3,11,89
4,11,90
4,11,90
4,11,89
4,10,89
4,10,89
4,11,89
4,11,89
3,11,89
3,11,89
3,11,88
3,11,87
3,11,89
4,11,89
4,11,89
4,11,89
4,11,89
4,11,88
4,11,88
4,11,88
4,11,88
4,11,87
4,11,86
4,10,85
4,10,85
4,10,85
4,10,85
4,10,85
4,10,84
3,10,83
3,10,83
3,10,83
3,10,83
3,10,83
3,10,82
2,9,82
2,10,81
2,10,80
2,10,80
2,10,80
2,10,80
2,10,82
3,10,83
3,10,83
3,11,83
4,11,90
4,11,90
3,10,89
3,10,89
3,10,89
3,10,89
3,10,89
3,10,89
4,11,90
4,11,90
4,11,90
4,11,90
4,11,90
4,11,90
4,11,91
4,11,91
4,11,91
5,12,91
4,11,91
4,11,91
4,11,91
4,11,90
4,11,90
4,11,90
4,11,90
4,11,90
4,11,90
4,11,90
3,11,90
3,11,89
3,11,89
3,11,88
3,11,88
3,11,88
3,11,89
3,11,90
4,11,90
4,11,90
4,11,90
4,11,90
4,11,90
4,10,89
4,11,89
4,11,89
3,11,89
3,11,89
3,11,90
3,11,90
3,11,90
4,11,90
4,11,90
4,11,90
4,11,89
4,11,89
3,11,89
3,11,88
3,11,88
4,11,88
4,11,88
4,10,87
4,10,87
4,10,85
4,10,85
4,10,85
4,10,85
4,10,85
3,10,84
3,10,83
3,10,83
3,10,83
3,10,83
2,10,82
2,10,82
2,10,81
2,10,80
2,10,80
2,10,81
2,10,82
2,10,82
3,10,82
3,10,82
3,10,81
3,10,81
4,11,90
4,11,90
4,11,90
3,10,90
3,10,89
3,10,89
3,10,89
3,10,89
3,10,89
3,10,89
3,10,89
4,11,90
4,11,90
4,11,90
4,11,90
4,11,91
4,11,91
4,11,91
5,11,92
5,12,92
5,11,92
5,11,92
5,11,91
4,11,91
4,11,91
4,11,91
4,11,91
4,11,91
4,11,91
4,11,91
3,11,90
3,11,90
3,11,90
3,11,90
3,11,89
3,11,90
3,11,90
4,11,90
4,11,90
4,11,91
4,11,91
4,11,90
4,11,90
3,10,90
3,11,90
3,10,90
3,10,90
3,10,90
3,10,90
3,10,90
3,10,90
3,11,90
4,11,90
4,11,90
4,11,90
3,11,90
3,11,89
3,11,89
3,11,89
3,11,89
4,11,88
4,10,88
4,10,88
4,10,87
4,10,87
4,10,87
4,10,85
4,10,85
4,10,85
3,10,84
3,10,84
3,10,83
3,10,83
2,10,82
2,10,82
2,10,82
2,10,81
2,10,82
2,10,82
2,10,82
2,10,82
2,10,82
2,10,81
2,10,80
2,10,80
2,10,80
3,10,81
4,11,91
4,11,91
4,11,91
4,11,90
4,11,90
4,11,90
3,10,90
3,10,89
3,10,89
3,10,89
3,10,89
3,10,89
3,10,89
3,10,89
4,11,90
4,11,90
4,11,90
4,11,91
5,11,92
5,11,92
5,11,92
5,11,92
5,11,92
5,11,92
5,11,92
4,11,91
4,11,91
4,11,91
4,11,91
4,11,91
4,11,91
4,11,91
3,12,91
3,12,91
3,12,91
3,11,91
3,11,90
3,11,90
4,11,91
4,11,91
4,11,91
4,11,91
4,11,91
4,11,91
4,11,91
4,11,90
4,11,90
4,11,90
3,10,91
3,10,91
3,10,92
3,10,92
3,10,91
3,11,91
4,11,91
4,11,91
4,11,91
4,11,90
4,11,90
4,11,90
3,11,89
4,11,89
4,11,89
4,11,89
4,11,88
4,11,88
4,11,88
4,11,88
4,11,88
4,10,87
4,10,85
4,10,85
3,10,85
3,10,84
3,10,84
3,10,83
3,10,83
2,10,82
2,10,82
2,10,82
2,9,82
2,9,82
2,9,82
2,10,82
2,10,81
2,10,80
2,10,80
2,10,80
2,10,80
2,10,81
3,11,82
3,11,93
3,11,93
4,11,92
4,11,92
4,11,91
4,11,91
4,11,91
4,11,90
3,10,90
3,10,89
3,10,89
3,10,89
3,10,89
3,10,89
3,10,89
3,10,89
3,10,89
4,11,90
4,11,90
4,11,91
4,11,92
5,11,93
5,11,93
5,11,93
5,11,94
5,11,94
5,11,94
5,11,93
4,11,92
4,11,92
3,11,92
3,11,92
3,11,91
3,11,91
3,11,91
3,11,91
3,11,91
3,11,91
3,11,91
3,11,91
3,11,91
4,11,91
4,11,91
4,11,91
4,11,91
4,11,91
4,11,91
4,11,91
4,11,91
4,11,91
3,10,91
3,10,92
3,10,92
3,10,93
3,11,93
3,11,93
3,11,93
4,11,92
4,11,91
4,11,91
4,11,91
4,11,90
4,11,90
4,11,90
4,11,90
4,11,90
4,11,89
4,11,89
4,11,89
4,11,89
4,11,88
4,10,88
4,10,88
4,10,87
4,10,86
4,10,85
4,10,85
4,10,84
3,10,83
3,10,83
3,10,83
2,10,82
2,9,82
2,9,82
2,9,82
2,9,82
2,10,80
2,10,80
2,10,80
2,10,80
2,10,80
2,10,80
2,10,81
3,10,82
3,10,83
3,11,93
3,11,93
3,11,93
3,11,93
4,11,93
4,11,94
4,11,93
5,11,92
4,11,91
4,11,91
4,11,90
3,10,90
3,10,89
3,10,89
3,10,89
3,10,89
3,10,89
3,10,89
3,10,89
3,10,89
4,11,90
4,11,91
4,11,93
5,11,93
5,11,94
5,11,94
5,11,94
5,11,94
5,11,94
5,11,94
4,11,94
3,11,93
3,11,92
3,11,92
3,11,92
2,11,92
2,11,92
2,11,92
2,11,92
2,11,92
2,11,92
3,11,92
3,11,92
3,11,92
4,11,92
4,11,92
4,11,92
5,11,92
4,11,91
4,11,91
4,11,91
4,11,91
3,10,91
3,10,91
3,10,92
2,10,93
3,11,93
3,11,94
3,11,94
3,11,94
4,11,94
4,11,92
4,11,92
4,11,91
4,11,91
4,11,91
4,11,91
4,11,90
4,11,90
4,11,90
4,11,90
4,11,89
4,11,89
4,11,89
3,10,88
4,10,88
4,10,87
4,10,86
4,11,86
4,11,85
4,11,84
3,10,83
3,10,83
3,10,83
2,9,82
2,9,82
2,9,82
2,9,82
2,9,82
2,10,80
2,10,80
2,10,80
2,10,80
2,10,80
2,10,81
2,10,82
3,9,83
3,9,84
3,9,84
2,11,93
2,11,93
2,10,93
2,11,93
2,11,93
3,11,93
3,11,93
3,11,94
4,11,93
4,11,93
4,11,92
4,11,91
4,11,91
3,11,90
3,10,90
3,10,89
3,10,89
3,10,89
3,10,89
3,10,89
3,10,89
3,10,90
4,11,90
4,11,91
4,11,93
5,11,93
5,11,94
5,11,94
5,11,94
5,11,94
5,11,94
5,11,94
3,11,94
3,11,93
3,11,93
2,11,93
2,11,92
2,11,92
2,11,92
2,11,92
2,11,92
2,10,92
2,11,92
2,11,92
3,11,92
3,11,92
4,11,93
5,11,92
5,11,92
5,12,92
4,11,91
4,11,91
4,11,91
4,11,91
3,11,91
3,10,91
3,10,92
2,10,93
3,11,93
3,11,94
3,11,94
3,11,94
4,11,94
4,11,92
4,11,92
4,11,92
4,11,91
4,11,91
4,11,91
4,11,91
4,11,91
4,11,91
4,11,90
4,11,90
3,11,89
3,10,89
3,10,89
3,10,88
4,11,88
4,11,87
4,11,86
4,11,86
4,11,85
4,10,84
3,10,84
3,10,83
3,10,83
2,9,82
2,9,82
2,9,82
2,10,82
2,10,80
2,10,80
2,10,80
2,10,80
2,10,80
2,10,80
2,9,82
2,9,83
3,9,83
3,9,84
3,9,84
3,10,84
2,11,93
2,11,93
2,11,93
2,11,93
2,11,93
2,11,93
2,11,93
2,11,93
3,11,93
3,11,93
4,11,93
4,11,93
4,11,92
4,11,91
4,11,91
4,11,90
4,11,90
4,11,90
3,10,89
3,10,89
3,10,89
3,10,89
3,11,90
3,11,90
4,11,92
4,11,92
5,11,93
5,11,93
5,11,93
5,11,94
5,11,94
4,11,94
4,11,94
3,11,94
3,11,94
3,11,93
3,11,93
3,11,93
3,11,93
3,11,93
2,11,93
2,11,92
2,10,92
2,10,92
2,11,92
3,11,92
3,11,92
5,11,93
5,12,92
5,12,92
5,12,92
4,11,91
4,11,91
4,11,91
4,11,91
4,11,91
3,11,91
3,11,91
3,11,91
3,11,92
3,11,93
3,11,94
3,11,94
3,11,93
4,11,92
4,11,92
4,11,92
4,11,91
4,11,91
4,11,91
4,11,91
4,11,91
4,11,91
4,11,91
3,11,91
3,11,90
3,10,89
3,10,89
3,10,89
4,11,88
4,11,88
4,11,88
4,11,86
4,11,86
4,11,85
4,10,85
4,10,84
3,10,83
3,10,83
2,9,82
2,10,82
2,10,81
2,10,80
2,10,80
2,10,80
2,10,80
2,10,80
2,10,81
2,9,82
2,9,83
3,9,83
3,9,84
3,9,84
3,9,84
3,10,83
1,11,92
1,11,93
1,11,93
1,11,93
2,11,93
2,11,93
2,11,93
2,11,93
2,11,93
2,11,93
2,11,93
2,10,93
3,10,93
3,11,93
4,11,93
4,11,92
4,11,91
4,11,91
4,11,91
4,11,90
4,11,90
3,11,90
3,11,90
3,11,90
3,12,90
3,12,91
4,12,92
4,12,92
4,11,92
4,11,92
4,11,92
4,11,92
4,11,94
4,11,94
3,11,94
3,11,94
3,11,94
3,11,94
3,11,94
3,11,94
3,11,93
3,11,93
2,11,93
2,10,93
2,10,93
2,10,93
2,10,93
2,11,93
3,11,93
4,11,93
5,11,92
5,11,92
5,11,92
4,11,91
4,11,91
4,11,91
4,11,91
4,11,91
4,11,91
3,11,91
3,11,90
3,11,90
3,11,91
3,11,91
3,11,91
3,11,91
3,11,91
3,11,91
3,11,91
2,11,91
2,11,91
2,11,91
3,11,91
3,11,91
3,11,91
3,12,92
3,11,92
3,11,91
3,11,90
3,11,89
3,11,89
3,11,89
4,11,89
4,11,88
4,11,88
4,11,86
4,11,86
4,11,85
4,10,85
4,10,84
3,10,83
3,10,83
3,10,82
2,10,82
2,10,81
2,10,80
2,10,80
2,10,80
2,10,81
2,10,82
3,10,82
3,9,83
3,9,83
3,9,83
3,9,83
3,9,83
3,10,83
3,10,83
3,10,83
1,11,92
1,11,93
1,11,93
1,11,94
1,11,94
1,11,94
1,11,94
2,12,94
2,12,94
2,12,94
2,11,93
2,11,93
2,10,93
2,10,93
3,11,93
3,11,93
4,11,92
4,11,92
4,11,91
4,11,91
4,11,91
4,11,91
4,11,90
3,11,90
3,12,90
3,12,91
3,12,91
4,12,92
5,12,92
5,12,92
4,12,92
4,11,92
4,11,92
3,11,92
3,11,94
3,11,94
3,11,94
3,11,94
3,11,94
3,11,94
3,11,94
3,11,94
3,11,93
3,11,93
2,10,93
2,10,93
2,10,93
2,10,93
2,11,92
4,11,92
4,11,92
4,11,92
4,11,92
4,11,91
4,11,91
4,11,91
4,11,91
4,11,91
4,11,91
4,11,91
3,11,90
3,11,90
3,11,90
3,11,91
3,11,91
3,11,91
3,11,91
2,11,91
2,11,91
2,11,91
2,11,91
2,11,91
2,11,91
2,11,91
3,11,91
3,12,92
3,12,92
3,12,93
3,11,92
3,11,91
3,11,91
2,11,90
3,11,90
3,11,89
4,11,89
4,11,89
4,11,88
4,11,88
4,11,87
4,10,86
4,10,85
4,10,85
3,10,83
3,10,83
3,10,82
3,10,81
3,11,81
3,11,81
3,11,81
3,11,81
3,11,82
3,10,82
3,10,83
3,9,83
2,9,83
2,9,83
2,9,83
2,9,83
2,9,83
3,10,83
3,10,83
3,11,93
3,11,94
2,11,94
1,11,94
1,11,94
1,11,94
1,11,95
1,11,95
1,11,95
2,12,95
2,12,95
2,12,94
2,11,93
2,10,93
2,10,93
2,10,93
3,11,93
3,11,93
3,11,92
4,11,92
4,11,92
4,11,91
4,11,91
4,11,91
4,11,91
4,11,91
4,12,91
3,12,91
4,12,91
4,12,92
5,12,92
5,12,92
4,12,92
4,11,92
3,11,92
3,11,93
3,11,93
3,11,94
3,11,94
3,11,94
3,11,94
3,11,94
3,11,94
3,11,94
3,12,94
3,12,94
2,11,93
2,10,93
2,10,93
2,10,93
2,11,92
4,11,92
5,11,92
5,11,92
5,11,92
4,11,91
4,11,91
4,11,91
4,11,91
4,11,91
4,11,91
4,11,91
3,11,91
3,12,90
3,12,90
3,11,91
3,11,91
3,11,91
2,11,91
2,11,91
2,11,91
2,11,91
2,11,91
2,11,91
2,11,91
2,11,91
3,11,92
3,11,92
3,12,94
3,11,94
3,11,94
3,11,94
3,11,92
2,11,91
3,11,91
3,11,91
3,11,91
4,11,90
4,11,90
4,11,89
4,11,89
4,10,88
4,10,87
4,10,86
3,11,85
3,11,84
3,11,83
3,11,83
3,11,81
3,11,81
3,11,81
3,11,82
3,11,82
3,10,83
3,10,83
3,9,83
2,9,83
2,9,83
2,9,83
2,9,83
2,9,82
2,9,82
2,9,82
3,10,82
3,10,83
3,11,93
3,11,94
3,11,94
3,11,94
3,11,94
1,11,95
1,11,95
1,11,95
2,11,95
2,11,95
2,12,95
3,12,95
2,11,95
2,11,94
2,11,93
2,11,93
2,11,93
3,11,93
3,11,92
4,12,92
5,12,92
5,12,92
5,12,92
5,12,91
4,12,91
4,11,91
4,12,91
4,12,91
4,12,91
4,12,92
4,12,92
5,12,92
4,12,92
3,12,92
3,11,92
3,11,93
3,11,93
3,11,93
3,11,94
3,11,94
3,11,94
3,11,94
3,11,94
3,11,95
3,11,95
2,11,94
2,11,94
2,11,93
2,10,93
2,10,93
2,10,93
2,11,93
4,11,93
5,11,92
5,11,92
5,11,92
4,11,91
4,11,91
4,11,91
4,11,91
4,11,91
4,11,91
3,11,91
3,12,91
3,12,91
3,12,91
3,12,91
3,12,91
3,11,91
2,11,91
2,11,91
2,11,91
2,11,91
2,11,91
2,11,91
3,11,91
3,11,91
3,11,92
3,11,94
3,11,94
3,11,95
3,11,95
3,11,95
3,11,94
3,11,94
3,11,92
3,11,92
3,11,91
3,11,91
4,11,91
4,11,91
4,10,90
4,10,89
4,11,88
4,11,88
3,11,86
3,11,85
3,11,84
3,11,84
3,11,83
3,11,82
3,11,82
3,11,82
3,11,82
3,10,83
3,10,83
3,10,83
2,9,83
2,9,83
2,9,83
2,9,83
2,9,83
2,9,82
2,9,82
2,10,82
3,10,82
3,10,83
3,10,92
3,10,93
3,11,94
3,11,94
3,11,94
3,11,94
3,11,95
3,10,95
3,10,95
3,10,95
3,10,95
3,10,95
3,11,95
3,11,95
3,11,95
3,11,94
3,11,93
3,11,93
3,11,92
3,12,92
3,12,92
5,12,92
5,12,92
5,12,92
5,12,92
5,11,92
5,11,92
5,11,92
4,11,92
4,11,92
4,11,92
4,11,92
3,12,92
2,11,93
2,10,93
2,10,93
2,11,93
2,11,93
3,11,93
2,11,94
2,11,94
3,11,94
3,11,94
2,11,94
2,11,94
1,11,95
1,11,95
1,11,95
2,11,94
2,11,94
2,10,93
2,10,93
2,10,93
3,11,93
3,11,93
4,11,94
4,11,94
4,11,94
4,11,94
4,11,92
4,11,92
4,11,91
4,11,91
3,11,91
3,12,91
3,12,92
3,12,92
3,12,92
3,12,92
3,12,92
2,11,92
2,11,91
2,11,91
2,11,91
2,11,91
2,11,91
3,11,91
4,11,92
3,11,92
3,11,93
3,11,94
3,11,95
3,11,95
3,11,95
3,11,95
3,11,95
3,11,94
3,11,94
3,11,94
3,11,94
3,11,93
3,11,93
4,10,93
4,10,91
4,10,91
4,11,89
4,11,89
3,11,88
3,11,88
3,11,85
3,11,85
3,11,84
3,11,84
3,11,83
3,11,83
3,11,83
3,10,83
3,10,83
3,10,83
3,10,83
2,9,83
2,9,83
2,9,83
2,10,83
2,10,82
2,10,82
2,10,82
2,10,82
3,10,82
3,10,81
3,10,81
3,10,90
2,10,91
3,10,92
3,10,93
3,11,94
3,11,94
3,11,94
3,10,95
3,10,95
3,10,95
3,10,95
3,10,95
3,10,95
3,10,95
3,11,95
3,11,94
3,11,94
3,11,93
3,11,92
3,12,92
3,12,92
4,12,92
5,12,92
5,12,92
5,11,92
5,11,92
5,11,92
5,11,93
5,11,92
5,11,92
5,11,92
4,11,93
4,11,93
2,10,93
2,10,93
2,10,93
2,10,93
2,11,93
2,11,93
2,11,94
2,11,94
2,11,94
2,11,94
2,11,94
1,11,95
1,11,95
1,11,95
1,11,95
1,11,95
1,11,95
2,11,95
2,11,94
2,11,94
3,11,94
3,11,94
3,11,94
3,11,94
4,11,94
4,11,94
4,11,94
4,11,94
4,11,93
4,11,92
3,11,92
3,11,92
3,12,92
3,12,92
3,12,93
3,12,93
3,12,93
3,12,93
3,12,93
2,11,92
2,11,92
2,11,92
2,10,92
3,11,92
4,11,92
4,11,92
4,11,93
4,11,94
3,11,94
3,11,95
3,11,95
3,11,95
3,11,95
3,11,95
3,11,95
3,11,95
3,11,94
3,11,94
3,11,94
3,11,94
3,10,93
3,10,93
4,10,93
4,10,91
4,11,90
3,11,89
3,11,88
3,11,88
3,11,86
3,11,85
3,11,85
2,11,84
3,10,83
3,10,83
3,10,83
3,10,83
3,10,83
3,10,83
2,9,83
2,9,82
2,10,82
2,10,82
2,10,82
2,10,82
2,10,82
2,10,81
2,10,80
2,10,80
2,10,80
2,10,80
3,10,90
3,10,90
3,10,91
3,10,91
3,11,92
3,11,94
3,11,94
3,11,94
3,10,95
3,10,95
3,10,95
3,10,95
3,10,95
3,10,95
3,10,95
3,11,94
3,11,94
3,11,93
3,11,92
3,11,92
3,12,92
3,12,92
4,12,92
5,12,92
5,12,92
5,11,93
5,11,94
5,11,94
5,11,94
5,11,94
5,11,93
5,11,93
5,11,93
4,10,93
2,10,93
2,10,93
2,10,93
2,10,93
2,11,94
2,11,94
2,11,94
2,11,95
2,11,95
2,11,95
1,11,95
1,11,95
1,11,95
1,11,95
1,11,95
1,11,95
1,11,95
2,12,95
2,12,95
2,11,94
3,11,94
3,11,94
3,11,94
3,11,94
3,11,94
3,11,94
3,11,94
3,11,94
3,11,94
3,11,93
3,11,93
2,11,93
2,11,93
2,12,93
1,12,93
1,12,93
2,12,93
3,12,93
2,12,93
2,11,93
3,11,93
2,11,93
3,11,93
3,11,93
4,11,93
4,11,93
4,11,93
4,11,94
3,11,94
2,11,95
1,11,95
1,11,95
1,11,95
1,11,95
1,11,95
1,11,95
2,11,94
2,11,94
3,11,94
3,10,95
3,10,95
3,10,95
3,10,94
3,10,93
3,11,92
3,11,90
3,11,89
3,11,88
3,11,88
3,11,87
2,11,85
2,11,85
2,10,84
3,10,84
3,10,83
3,10,83
3,10,83
3,10,83
3,10,83
3,10,83
3,10,83
3,10,82
2,10,82
2,10,82
2,10,80
2,10,80
2,10,80
2,10,80
2,10,80
2,10,80
2,10,80
3,10,89
3,10,89
3,10,90
3,10,91
3,10,91
4,11,91
3,11,92
3,11,94
3,11,94
3,11,94
3,10,94
3,10,94
3,10,94
3,10,94
3,10,94
3,11,94
3,11,94
3,11,94
3,11,92
3,11,92
3,11,92
3,11,91
3,12,92
3,12,92
4,12,92
5,11,93
5,11,94
5,11,94
5,11,94
5,11,94
5,11,94
5,11,94
5,11,94
5,10,94
4,10,94
2,10,94
2,11,94
2,11,94
2,11,94
2,11,94
2,11,94
1,11,95
1,11,95
1,11,95
1,11,95
1,11,95
1,11,95
1,11,95
1,11,95
1,11,95
1,11,96
2,11,96
2,12,96
2,12,96
3,12,96
3,11,95
3,11,95
3,11,94
3,11,94
3,11,94
3,11,94
3,11,94
3,11,94
3,11,94
3,11,94
2,11,93
2,11,93
1,11,93
1,12,93
1,12,94
1,12,94
1,12,94
1,12,94
2,12,94
2,11,94
3,11,94
3,11,94
3,11,93
3,11,93
4,11,94
4,11,94
4,11,94
3,11,94
2,11,94
1,11,94
1,11,95
1,11,95
1,11,95
1,11,95
1,11,95
1,11,94
1,11,94
2,11,94
2,11,94
3,10,95
3,10,95
3,10,95
3,10,95
3,10,94
3,11,93
3,11,91
3,11,90
3,11,90
3,11,88
3,11,88
2,11,87
2,11,85
2,10,85
3,10,85
3,10,84
3,10,84
3,10,83
4,10,84
4,10,83
4,11,83
3,11,83
3,10,82
3,10,82
2,10,81
2,10,80
2,10,80
2,10,80
2,10,80
2,10,80
2,10,80
2,10,80
2,10,80
4,11,90
4,11,90
4,11,90
3,10,90
4,10,90
4,11,91
4,11,91
4,11,91
4,11,92
3,11,93
3,11,93
3,11,93
3,10,93
3,10,94
3,10,94
3,11,93
3,11,93
3,11,93
3,11,92
2,11,91
2,11,91
2,11,92
2,11,92
3,11,92
3,11,92
3,11,93
5,11,94
5,11,94
5,11,94
5,11,94
5,11,94
5,11,94
5,11,94
5,10,94
4,10,94
3,10,94
2,10,94
2,11,94
2,11,94
1,11,94
1,11,94
1,11,95
1,11,95
1,11,95
1,11,95
1,11,95
1,11,95
1,11,95
1,11,95
1,11,96
2,11,97
2,11,96
2,12,96
2,12,96
3,12,96
3,12,96
3,11,95
3,11,95
3,11,95
3,10,95
3,10,95
3,10,95
3,11,94
3,11,94
3,11,94
2,11,94
2,11,94
2,11,94
1,12,94
1,12,94
1,12,94
1,12,94
1,12,94
1,12,94
2,12,94
2,11,94
2,11,94
3,11,94
3,11,94
3,11,94
4,11,94
4,11,94
3,11,94
3,11,94
1,11,94
1,11,94
1,11,94
1,11,94
1,11,94
1,12,94
1,12,94
1,12,94
1,12,94
1,12,94
1,11,94
2,11,95
3,10,95
3,10,95
3,10,95
3,10,94
3,11,94
3,11,92
3,11,91
3,11,91
3,11,90
3,11,88
3,11,88
2,11,87
2,11,85
2,10,85
2,10,85
3,10,85
4,10,84
4,10,84
4,11,84
4,11,83
4,11,83
3,10,83
3,10,82
3,10,81
2,10,80
2,10,80
2,10,80
2,10,80
2,10,80
2,10,80
2,10,80
2,10,80
2,10,80
4,11,91
4,11,91
4,11,91
4,11,91
4,11,90
4,11,91
4,11,91
4,11,91
4,11,91
4,11,91
3,11,91
3,11,92
3,11,92
3,11,92
2,11,93
2,11,93
2,11,93
2,11,92
2,11,92
3,11,92
2,11,92
2,11,91
2,11,91
2,11,92
2,11,92
3,11,92
3,11,93
3,11,94
4,11,94
5,11,94
5,11,94
5,11,94
5,11,94
5,11,94
5,10,94
5,10,95
3,10,95
3,10,94
2,11,94
1,12,94
1,12,94
1,11,94
1,11,94
1,11,95
1,11,95
1,11,95
1,11,95
1,11,95
1,11,95
1,11,95
2,11,96
2,11,98
2,11,98
2,11,98
2,12,98
2,12,97
3,12,97
3,12,96
3,11,96
3,11,95
3,11,95
3,10,95
3,10,95
3,10,95
3,10,95
3,11,95
2,11,95
2,11,94
2,12,94
2,12,94
1,12,94
1,12,94
1,12,94
1,12,94
1,12,94
1,12,94
1,12,94
2,11,94
2,11,94
3,11,94
3,11,94
3,11,94
4,11,94
3,11,94
3,11,94
2,11,94
1,11,94
1,11,93
1,11,93
1,11,93
1,11,94
1,12,94
1,12,94
1,12,94
1,12,94
1,12,94
1,12,94
1,12,94
3,11,95
3,10,95
3,10,94
3,10,94
3,11,94
3,11,93
3,11,92
3,11,92
3,11,91
3,11,90
3,11,89
3,11,88
3,11,87
3,10,86
3,10,85
3,10,85
4,10,85
4,10,84
4,10,84
4,10,83
3,10,83
3,10,82
3,10,82
3,10,82
2,10,81
2,10,81
2,10,81
2,10,80
2,10,80
2,10,80
2,10,80
2,10,80
2,10,80
2,10,80
2,10,80
3,11,93
4,11,92
4,11,92
4,12,92
4,11,91
4,11,91
4,11,91
4,11,91
4,11,91
4,11,91
4,11,91
3,11,91
3,11,91
2,11,92
2,11,92
2,11,92
2,11,92
2,11,92
2,11,92
2,11,92
2,11,91
2,11,91
2,11,91
2,11,91
2,11,92
2,11,93
2,11,93
3,11,94
3,11,94
3,11,94
3,11,94
5,11,94
5,11,94
5,11,94
5,11,94
5,11,94
3,10,95
3,10,95
3,11,94
1,12,94
1,12,94
1,12,94
1,12,94
1,11,95
1,11,95
1,11,95
1,11,95
1,11,95
1,11,95
1,11,95
1,11,96
2,11,97
2,11,98
2,11,98
2,11,98
2,11,98
2,12,98
2,12,97
2,12,97
2,11,96
2,11,96
2,10,95
2,10,95
2,10,95
2,10,95
2,10,95
2,11,95
2,11,95
2,11,95
2,12,95
2,12,96
2,12,96
2,12,96
2,12,96
2,12,96
1,12,95
1,12,95
1,12,95
1,11,95
2,11,95
3,11,95
3,11,95
3,11,95
3,11,95
3,11,94
3,11,94
2,11,94
1,11,94
0,11,93
0,11,93
0,11,93
1,12,93
1,12,93
1,12,94
1,12,94
1,12,94
1,12,94
1,12,94
1,12,94
1,12,94
2,11,94
2,10,94
3,10,94
3,11,94
3,11,94
3,11,93
3,11,92
3,12,92
3,11,91
3,11,90
3,11,89
3,11,88
3,10,87
3,10,85
4,10,85
4,10,85
4,10,84
4,10,84
3,10,83
3,10,83
3,10,83
3,10,82
3,10,83
3,10,82
3,10,82
3,10,82
3,10,81
3,10,81
3,10,81
3,11,81
2,10,80
2,10,80
2,10,80
2,10,80
2,10,81
3,11,93
3,11,93
3,11,93
3,11,93
4,12,92
4,11,92
4,11,92
4,11,91
4,11,91
4,11,91
4,11,91
4,11,91
3,11,91
3,11,91
2,11,92
2,11,92
2,11,93
2,11,93
2,11,92
2,11,92
2,11,92
2,11,91
2,11,91
2,11,91
2,11,92
2,11,93
2,11,93
2,11,93
3,11,94
3,11,94
3,11,94
3,11,94
3,11,94
5,11,94
5,11,94
3,11,94
3,11,94
3,11,94
3,11,94
3,11,94
1,12,94
1,12,94
1,12,94
1,11,94
1,11,94
1,11,95
1,11,95
1,11,95
1,11,95
1,11,95
1,11,95
2,11,96
2,11,98
2,11,98
2,11,98
2,11,98
2,11,98
2,11,98
2,11,98
2,11,98
2,11,97
2,11,97
2,11,96
2,10,95
2,11,95
2,11,95
2,11,95
2,11,95
2,11,95
2,12,96
2,12,96
2,12,96
2,12,96
2,12,96
2,12,96
2,12,96
2,12,96
2,12,96
1,12,95
1,11,95
1,11,95
2,11,95
3,11,96
3,11,96
3,11,95
3,11,95
2,11,94
2,11,94
1,11,94
0,11,94
0,11,93
0,11,93
0,11,93
1,12,93
1,12,93
1,12,94
1,12,94
1,12,94
1,12,94
1,12,94
1,12,94
1,12,94
2,10,94
3,10,94
3,10,94
3,11,94
3,11,94
3,11,94
3,12,92
3,11,92
3,11,91
3,11,90
3,11,89
3,11,88
3,10,87
3,10,85
4,10,85
4,10,85
4,10,84
3,10,83
3,9,83
2,9,83
3,9,83
3,10,83
3,10,83
3,10,83
3,10,83
3,10,82
3,11,82
3,11,81
3,11,81
3,11,81
2,10,80
2,10,80
2,10,80
2,10,80
2,10,82
3,10,94
3,10,94
3,10,94
3,11,94
3,11,94
3,12,93
4,11,92
4,11,92
4,12,92
4,12,92
4,11,91
4,11,91
4,11,91
3,11,92
3,11,92
2,11,92
2,11,93
2,11,93
2,11,93
2,11,93
2,11,92
2,11,92
2,11,91
2,11,92
2,11,93
2,11,93
2,11,93
2,11,94
2,11,94
3,11,94
3,11,94
3,11,94
3,11,94
3,11,94
3,11,94
3,11,94
3,11,94
3,11,94
3,11,94
3,11,94
3,11,94
1,12,94
1,12,94
1,12,94
1,12,94
1,11,94
1,11,94
1,11,95
1,11,95
1,11,95
1,11,95
1,11,95
2,11,96
2,11,98
2,11,98
2,11,98
2,11,98
2,11,98
2,11,98
2,11,98
2,11,98
2,11,98
2,11,98
2,11,97
2,11,97
2,11,97
2,11,96
2,11,96
1,11,96
1,11,96
2,12,96
2,12,96
2,12,96
2,12,96
2,12,98
2,12,98
2,12,96
2,11,96
2,11,96
1,11,95
1,11,95
1,11,95
2,11,96
2,12,96
2,11,96
2,11,96
2,11,95
2,11,95
1,11,95
1,11,94
1,11,94
1,11,93
0,11,93
0,11,93
1,11,93
1,11,93
1,12,94
1,12,94
1,12,94
1,12,94
1,12,94
1,12,94
1,12,94
2,11,94
2,11,94
3,11,94
3,11,94
3,11,94
3,11,94
3,12,94
3,12,92
3,12,92
3,11,91
3,11,90
3,11,89
3,11,88
4,10,87
4,10,85
4,10,85
4,10,84
3,9,84
3,9,83
2,9,83
3,9,83
3,9,83
3,9,83
3,10,83
3,10,83
3,10,83
3,11,83
3,11,83
3,11,82
3,11,81
3,10,81
2,10,81
2,10,81
2,10,82
2,10,82
3,10,82
3,10,94
3,10,94
3,10,94
2,10,94
2,10,94
3,11,94
3,11,93
3,11,92
4,11,92
4,12,92
5,12,92
4,11,92
4,11,92
4,11,92
3,11,92
3,11,93
2,11,93
2,11,93
2,10,93
2,11,93
2,11,93
2,11,93
2,11,93
3,11,92
2,11,93
2,11,93
2,11,93
2,12,94
2,12,94
2,11,94
3,11,94
3,11,94
3,11,94
3,11,94
3,11,94
3,11,94
3,11,94
3,11,94
3,11,94
3,11,94
3,11,94
3,11,94
1,11,94
1,12,94
1,12,94
1,12,94
1,11,95
1,11,95
1,11,95
1,11,95
1,11,95
1,11,95
1,11,95
1,11,95
2,11,96
2,11,98
2,11,98
2,11,98
2,11,98
2,11,98
2,11,98
2,11,98
2,11,98
2,11,98
1,11,97
1,11,97
1,11,97
1,11,97
1,11,97
1,11,96
1,11,96
1,11,96
2,11,96
2,11,98
2,11,98
2,11,98
2,11,98
2,11,97
2,11,96
1,11,96
1,11,95
1,11,95
1,11,95
2,12,96
2,12,96
2,12,96
2,11,95
1,11,95
1,11,95
1,11,95
1,11,94
2,11,94
2,11,94
0,11,94
0,11,93
1,11,94
1,11,94
1,11,94
1,12,94
1,12,94
1,12,94
1,12,94
1,12,94
1,12,94
2,11,94
2,11,94
3,11,94
3,11,95
3,11,95
3,11,94
3,11,94
3,11,94
3,11,92
3,11,92
3,11,91
3,11,90
4,11,89
4,11,88
4,10,87
4,10,85
4,10,85
3,9,84
3,9,83
2,9,83
3,9,83
2,9,83
2,9,83
3,10,83
3,10,83
3,10,83
3,10,83
4,11,84
3,11,82
3,10,82
2,10,82
2,10,81
2,10,82
2,9,82
2,9,82
2,9,82
3,10,83
3,11,94
3,10,94
3,10,94
2,10,94
2,10,94
2,10,94
2,10,94
3,11,94
3,11,93
3,11,92
3,11,92
4,12,92
4,11,92
3,11,92
3,11,94
3,11,94
3,11,94
2,11,94
2,11,94
2,10,94
2,11,94
3,11,94
3,11,94
3,11,94
3,11,94
2,11,94
2,11,94
2,11,95
1,12,95
1,12,95
2,11,95
2,11,95
2,11,94
3,11,94
3,11,94
3,11,94
3,11,94
3,11,94
3,11,94
3,11,94
3,11,94
3,11,94
3,11,94
1,11,94
1,11,94
1,11,94
1,11,94
1,11,95
1,11,95
1,11,95
1,11,95
1,11,95
1,11,95
1,11,95
1,11,96
2,11,96
2,11,97
2,11,98
2,11,98
2,11,98
2,11,98
2,11,98
2,11,98
2,11,98
2,11,98
2,11,98
2,11,98
1,11,97
1,10,97
1,10,97
1,11,97
1,11,97
1,11,97
1,11,97
2,11,98
2,11,98
2,11,98
2,11,98
2,11,97
2,11,97
1,11,96
1,11,95
1,11,96
1,11,96
2,12,96
2,12,96
2,12,96
2,11,96
1,11,95
1,11,95
1,11,95
1,11,95
2,11,95
2,11,95
1,11,94
1,11,94
1,11,94
1,11,94
1,11,94
1,11,94
1,12,94
1,12,94
1,12,94
1,12,94
1,11,94
1,11,94
2,11,94
3,11,95
3,11,95
3,11,95
3,11,95
3,11,95
3,11,94
3,11,94
3,11,92
3,11,92
3,11,91
4,11,90
4,11,89
4,11,89
4,11,88
4,10,86
3,10,85
3,9,84
3,9,84
3,10,84
2,9,83
2,9,83
3,10,83
3,10,83
3,10,83
3,10,83
4,10,84
3,10,83
2,10,82
2,9,82
2,9,82
2,9,82
2,9,82
2,9,82
2,9,82
2,10,82
3,10,83
3,11,94
3,11,94
3,10,94
3,10,94
2,10,95
2,10,94
2,10,94
2,10,94
3,10,94
3,11,94
3,11,93
3,11,93
3,11,92
3,11,94
3,11,94
3,11,94
3,11,94
3,11,94
2,11,94
2,11,94
2,11,94
2,11,95
2,11,95
2,11,95
2,11,95
2,11,95
2,11,95
2,11,95
1,11,95
1,12,95
1,11,95
1,11,95
2,11,95
2,11,95
2,11,95
2,11,94
3,11,94
3,11,94
3,11,94
3,11,94
3,11,95
3,11,94
3,11,95
3,11,94
1,11,95
1,11,94
1,11,95
1,11,95
1,11,95
1,10,95
1,10,96
1,10,95
1,10,95
1,11,95
1,11,96
1,11,96
1,11,97
2,11,97
2,11,97
2,11,97
2,11,98
2,11,98
2,11,98
2,11,98
2,11,98
2,11,98
2,11,98
2,11,98
2,11,97
1,10,97
1,10,97
1,10,97
1,11,97
1,11,97
1,11,97
2,11,98
2,11,98
2,11,98
2,11,97
2,11,97
1,11,96
1,11,96
1,11,96
1,11,96
1,11,96
2,11,96
2,11,96
2,11,96
2,11,96
2,11,96
2,11,95
2,11,95
2,11,95
2,11,95
1,11,95
1,11,95
1,11,94
1,11,94
1,11,94
1,11,94
1,11,94
1,12,94
1,12,94
1,12,94
1,11,94
1,11,94
1,11,94
1,11,95
1,11,95
1,11,95
1,11,95
3,11,95
3,11,95
3,11,95
3,11,95
3,11,94
3,11,94
3,11,92
4,11,92
4,11,91
4,12,90
4,12,89
4,12,89
4,11,87
3,10,86
3,10,86
3,10,86
3,10,85
2,10,84
3,10,84
2,10,84
2,10,84
3,10,84
3,10,84
3,10,83
2,9,82
2,9,82
2,9,82
2,9,82
2,9,82
2,9,82
2,10,82
2,10,82
2,10,82
3,10,83
5,11,94
3,11,94
3,11,94
3,10,94
3,10,95
3,10,95
2,10,94
2,10,94
2,10,94
3,11,94
3,11,94
3,11,93
3,11,94
3,11,94
3,11,94
2,11,94
2,11,94
2,11,94
2,11,94
2,11,94
2,11,94
2,11,95
2,11,95
2,12,95
2,12,95
2,11,95
1,11,95
1,11,95
1,11,95
1,11,95
1,11,95
1,11,95
1,11,95
1,11,95
1,11,95
1,11,95
2,11,95
2,11,95
3,11,95
3,11,95
3,11,96
3,11,97
3,11,96
3,11,97
3,11,96
2,11,96
1,11,95
1,11,97
1,10,97
1,10,97
1,10,97
1,10,97
1,10,97
1,10,97
1,10,97
1,10,97
1,10,97
1,10,97
1,11,97
1,11,97
1,11,97
2,11,97
2,11,97
1,10,97
1,10,97
1,10,97
1,10,97
1,10,97
1,10,97
1,10,97
1,10,97
1,10,97
1,10,97
1,10,97
1,10,97
1,11,98
1,11,98
2,11,98
2,11,97
2,11,96
2,11,96
1,11,97
1,11,97
1,10,97
1,10,97
1,11,97
2,11,97
2,11,97
2,11,98
2,11,98
2,11,98
2,11,96
2,11,96
2,11,95
2,11,95
1,11,95
1,11,95
1,11,95
1,11,95
1,11,94
1,11,94
1,11,94
1,11,94
1,11,94
1,11,95
1,11,95
1,11,95
1,11,95
1,11,95
1,11,95
1,11,95
1,11,95
1,11,95
1,11,95
1,11,95
3,11,95
3,11,95
3,11,94
3,11,94
3,11,92
3,12,92
3,12,91
3,12,90
4,12,90
4,12,89
4,11,88
3,11,87
3,11,87
3,10,87
3,10,87
2,10,85
2,10,85
2,10,84
2,9,84
3,10,83
2,9,83
2,9,82
2,9,82
2,9,82
2,9,82
2,9,82
2,9,82
2,10,80
2,10,80
2,10,82
3,10,83
3,10,83
5,11,94
5,11,94
3,11,94
3,11,94
3,10,94
3,10,95
3,10,95
3,10,94
3,10,94
3,10,94
3,11,94
3,11,94
3,11,94
3,11,94
3,11,94
3,11,94
2,10,94
2,10,94
2,10,94
2,11,94
1,11,94
1,11,94
1,12,94
1,12,95
1,12,95
1,12,95
1,12,95
1,11,95
1,11,95
1,11,95
1,11,95
1,11,95
1,11,95
1,11,95
1,11,95
1,11,95
1,11,95
1,11,95
1,11,95
3,11,95
3,11,97
3,11,97
4,11,98
4,11,98
4,11,98
3,11,98
2,11,97
1,11,97
1,10,97
1,10,97
1,10,97
1,10,97
1,10,97
1,10,97
1,10,97
1,10,97
1,10,97
1,10,97
1,10,97
1,10,97
1,10,97
1,10,97
1,10,97
1,10,97
1,10,97
1,10,97
1,10,97
1,10,97
1,10,97
1,10,97
1,10,97
1,10,97
1,10,97
1,10,97
1,10,97
1,10,97
1,11,98
2,11,98
2,11,97
2,11,96
1,11,96
1,11,96
1,11,96
1,10,97
1,10,97
1,10,97
1,10,97
2,11,97
2,11,98
2,11,98
2,11,98
2,11,98
2,11,98
2,11,98
2,11,96
2,11,95
1,11,95
1,11,95
1,11,95
1,11,95
1,11,94
1,11,94
1,12,94
1,12,94
1,12,94
1,12,94
1,11,95
1,11,95
1,11,95
1,11,95
1,11,95
1,11,95
1,11,95
1,11,95
1,11,95
1,11,95
2,11,95
3,11,95
3,11,95
3,11,94
3,11,94
3,12,92
3,12,92
3,12,91
3,12,91
4,12,90
4,12,89
3,11,89
3,11,88
3,10,88
3,10,87
2,10,87
2,10,85
2,10,84
2,9,84
2,9,83
2,9,83
2,9,82
2,9,82
2,9,82
2,9,81
2,9,80
2,9,80
2,10,80
2,10,80
2,10,80
2,10,82
3,10,83
4,11,84
5,11,94
5,11,94
3,11,94
3,11,94
3,11,94
3,11,94
3,10,94
3,10,95
3,10,94
3,11,94
3,11,94
3,11,94
3,11,94
3,11,94
3,11,94
3,11,94
2,11,94
2,10,94
2,10,94
2,10,94
1,11,94
1,11,94
1,12,94
1,12,94
1,12,94
1,12,94
1,12,94
1,11,95
1,11,95
1,11,95
1,11,95
1,11,95
1,11,95
1,11,95
1,11,95
1,11,95
1,11,95
1,11,95
1,11,95
1,11,95
2,11,95
3,11,97
3,11,97
4,11,98
4,11,98
4,11,98
2,11,98
2,11,97
2,11,97
1,10,97
1,10,97
1,10,97
1,10,97
1,10,97
1,10,97
1,10,97
1,10,97
1,10,97
1,10,97
1,10,97
1,10,97
1,10,97
1,10,97
1,10,97
1,10,97
1,10,97
1,10,97
1,10,97
1,10,97
1,10,97
1,10,97
1,10,97
1,10,97
1,10,97
1,10,97
1,10,97
1,10,97
1,11,97
2,11,97
2,11,96
1,11,96
1,11,95
1,11,96
1,11,96
1,10,97
1,10,97
1,10,97
1,10,97
1,10,98
2,11,98
2,11,98
2,11,98
2,11,98
2,11,98
2,11,98
2,11,98
2,11,96
1,11,95
1,11,95
1,11,95
1,11,95
1,11,95
1,11,94
1,12,94
1,12,94
1,12,94
1,12,94
1,11,95
1,11,95
1,11,95
1,11,95
1,11,95
1,11,95
1,11,95
1,11,95
1,11,95
1,11,95
1,11,95
2,11,95
3,11,95
3,11,95
3,11,94
3,11,94
3,12,92
3,12,92
3,12,91
3,12,91
3,12,90
3,11,89
3,11,89
3,10,88
3,10,88
2,10,87
2,10,87
2,10,86
2,10,84
3,10,84
3,10,83
2,10,82
2,10,82
2,9,81
2,9,80
2,9,80
2,10,80
2,10,80
2,10,80
2,10,80
2,10,80
2,10,81
3,11,83
4,11,84
5,11,94
3,11,94
3,11,94
3,11,94
3,11,94
3,11,94
3,10,94
3,10,94
3,10,94
3,11,94
3,11,94
3,11,94
3,11,93
3,11,92
3,11,92
3,11,92
2,11,93
2,11,93
2,11,94
2,11,94
2,12,94
1,12,94
1,12,94
1,12,94
1,12,94
1,12,94
1,12,94
1,11,94
1,11,94
1,11,95
1,11,95
1,11,95
1,11,95
1,11,95
1,11,95
1,11,95
1,11,95
1,11,95
2,11,95
2,11,95
2,11,95
3,11,96
3,11,97
3,11,97
4,11,98
2,11,98
2,11,98
2,11,97
2,11,97
1,11,97
1,10,97
1,10,97
1,10,97
1,10,97
1,10,97
1,10,97
1,10,97
1,10,97
1,10,97
1,10,97
1,10,97
1,10,97
1,10,97
1,10,97
1,10,97
1,10,97
1,10,97
1,10,97
1,10,97
1,10,97
1,10,97
1,10,97
1,10,97
1,10,97
1,10,97
1,10,97
1,10,97
1,11,97
1,11,97
1,11,96
1,11,95
1,11,95
1,11,96
1,10,97
1,10,97
1,10,97
1,10,97
1,10,97
2,10,98
2,11,98
2,11,98
2,11,98
2,11,98
2,11,98
2,11,98
2,11,98
2,11,98
2,11,96
1,11,96
1,11,95
1,11,95
1,11,95
1,11,95
1,12,95
1,12,95
1,12,95
1,12,95
1,12,95
1,11,95
1,11,95
1,11,94
1,11,94
1,11,94
1,11,95
1,11,95
1,11,95
1,11,95
1,11,95
2,11,95
3,11,95
3,11,95
3,11,94
3,11,94
3,11,94
3,12,92
3,12,92
3,12,91
3,12,91
4,11,90
4,11,89
3,11,89
3,10,88
2,10,88
2,10,87
3,10,87
3,10,86
3,10,85
3,10,84
3,10,83
2,10,82
2,10,80
2,10,80
2,10,79
2,10,79
2,10,79
2,10,80
2,10,80
2,10,80
2,10,80
3,10,82
4,11,84
4,11,94
3,11,94
3,11,94
3,11,94
3,11,94
3,11,94
3,10,94
3,10,94
3,10,94
3,10,94
3,11,94
3,11,93
4,11,92
4,11,91
4,11,91
3,11,91
2,11,92
2,11,93
2,11,93
2,12,93
2,12,94
2,13,94
1,12,94
1,12,94
1,12,94
1,12,94
1,12,94
1,12,94
2,11,94
2,11,94
2,11,94
3,11,95
3,11,95
3,11,95
3,11,95
3,11,95
3,11,95
3,11,95
3,11,95
3,10,95
3,10,95
3,11,95
2,11,95
2,11,95
2,11,96
2,11,96
2,11,96
2,11,96
2,11,96
2,11,96
2,11,96
1,11,96
1,11,96
1,10,97
1,10,97
1,10,97
1,10,97
1,10,97
1,10,97
1,10,97
1,10,97
1,10,97
1,10,97
1,10,97
1,10,97
1,10,97
1,10,97
1,10,97
1,10,98
2,10,98
2,10,98
2,10,98
2,10,99
2,10,98
1,10,97
1,10,98
1,10,97
1,10,97
1,11,97
1,11,97
1,11,96
1,11,95
1,11,95
1,11,96
1,10,97
1,10,97
1,10,97
1,10,97
1,10,98
2,10,98
2,11,98
2,11,99
2,11,99
2,11,99
2,11,99
2,11,98
2,11,98
2,11,98
2,11,98
2,11,98
2,11,98
1,11,95
1,11,95
1,11,95
1,12,95
1,12,95
1,12,95
1,12,95
1,12,95
1,12,95
1,12,94
1,12,94
1,12,94
1,12,94
1,12,94
1,11,95
1,11,95
1,11,95
1,11,95
2,11,95
3,11,95
3,11,95
3,11,95
3,11,94
3,11,94
3,11,94
3,12,92
3,12,92
4,12,91
4,11,91
4,11,91
4,11,90
3,10,89
3,10,88
3,10,88
3,10,87
3,10,87
4,11,86
4,10,84
3,10,83
2,10,82
2,10,80
2,10,80
2,10,79
2,10,79
2,10,79
2,11,79
2,10,80
2,10,80
2,10,80
2,10,80
3,10,81
3,10,83
3,11,93
3,11,94
3,11,94
3,11,94
3,11,94
3,11,94
3,11,94
3,11,94
2,10,94
2,10,93
2,10,93
3,11,93
3,11,93
4,11,91
4,11,91
4,11,91
3,11,91
2,11,91
2,11,93
2,11,93
2,12,94
2,12,95
2,13,95
2,12,95
2,12,95
2,12,95
2,12,95
2,12,94
2,12,94
3,11,94
3,11,94
3,10,95
3,10,95
3,10,95
3,10,95
3,10,95
3,11,95
3,11,95
3,10,95
3,10,95
3,10,95
3,10,95
3,10,95
1,11,95
1,11,95
1,11,95
2,11,96
2,11,96
2,12,96
2,12,96
2,12,96
2,11,96
1,11,96
1,11,96
1,11,95
1,10,97
1,10,97
1,10,97
1,10,97
1,10,97
1,10,97
1,10,97
1,10,97
1,10,97
1,10,97
1,10,97
1,10,97
1,10,98
1,10,98
1,10,98
2,10,98
2,10,98
2,10,99
2,10,99
2,10,99
1,10,98
1,10,98
1,10,98
1,10,97
1,11,97
1,11,97
1,11,96
1,11,95
1,11,95
1,10,97
1,10,97
1,10,97
1,10,97
1,10,98
2,10,99
2,10,99
2,11,99
3,11,100
3,11,100
3,11,100
3,11,99
2,11,99
2,11,99
2,11,98
2,11,98
2,11,98
2,11,98
2,11,98
2,11,98
2,11,97
2,12,96
2,12,96
2,12,95
1,12,95
1,12,95
1,12,94
1,12,94
1,12,94
1,12,94
1,12,94
1,12,94
1,11,94
1,11,95
1,11,95
1,11,95
2,11,95
2,11,95
3,11,95
3,11,95
3,11,94
3,11,94
3,11,94
3,11,93
3,11,92
4,11,92
4,12,91
4,11,91
4,11,90
3,10,90
3,10,89
3,10,89
3,10,89
4,11,88
4,11,87
4,11,85
3,10,84
3,10,83
2,10,80
2,10,80
2,10,80
2,11,79
2,11,79
2,11,79
2,11,79
2,10,80
2,10,80
2,10,80
2,10,80
2,10,82
3,10,83
3,11,93
3,11,93
3,11,94
3,11,94
3,11,95
3,11,94
3,11,94
3,11,94
3,11,94
3,11,93
2,10,93
3,11,93
4,11,91
4,11,91
4,11,91
4,11,91
4,11,91
2,11,91
2,11,91
2,11,93
2,11,94
2,12,95
2,12,95
2,13,95
2,12,95
2,12,95
2,12,96
2,12,95
2,12,95
3,11,95
3,10,95
3,10,95
3,10,95
3,10,95
3,10,95
3,10,95
3,10,95
3,10,95
3,10,95
3,10,95
3,10,95
3,10,95
3,10,95
3,10,95
2,11,95
1,11,95
1,11,95
2,12,96
2,12,96
2,12,96
2,12,96
2,12,96
2,11,96
2,11,95
1,11,95
1,11,95
1,11,95
1,10,97
1,10,97
1,10,97
1,10,97
1,10,97
1,10,97
1,10,97
1,10,97
1,10,97
1,10,97
1,10,97
1,10,97
1,10,97
1,10,98
2,10,98
2,10,99
2,10,99
2,10,99
2,10,99
1,10,98
1,10,98
1,10,97
1,10,97
1,10,97
1,11,97
1,10,97
1,10,96
1,10,97
1,10,97
1,10,97
1,10,97
1,10,97
2,10,99
2,10,99
2,11,99
3,11,100
3,11,100
3,11,100
3,11,100
3,11,100
3,11,100
3,11,100
2,11,99
2,11,99
2,11,99
2,11,99
2,11,99
2,11,99
2,11,98
2,11,98
2,12,96
2,12,96
2,12,95
1,12,95
1,12,94
1,12,94
1,12,94
1,12,94
1,12,94
1,12,94
1,12,94
1,11,95
1,11,95
1,11,95
1,11,95
2,11,95
2,11,95
3,11,95
3,11,95
3,11,94
3,11,94
3,11,94
3,11,94
3,11,92
4,11,92
4,11,92
4,11,91
3,11,91
3,11,90
3,11,90
4,11,89
4,11,89
4,11,88
4,11,87
3,11,85
3,11,84
3,10,83
2,10,80
2,11,80
2,11,79
2,11,79
2,11,79
2,11,79
2,11,79
2,10,80
2,10,80
2,10,80
2,10,80
3,10,81
3,10,82
3,11,92
3,11,93
3,11,94
3,11,94
3,10,95
3,10,95
3,11,95
3,11,94
3,11,94
3,11,94
3,11,93
3,11,93
3,11,92
4,11,91
4,11,91
4,11,91
4,11,91
4,11,91
2,11,91
2,11,93
2,11,94
2,11,95
2,12,95
2,12,95
2,12,95
2,12,96
2,12,96
2,12,96
2,11,96
2,11,96
3,10,96
3,10,95
3,10,95
3,10,95
3,10,95
4,10,95
3,10,95
3,10,95
3,10,95
3,10,95
3,10,95
3,10,95
3,10,95
3,10,95
3,10,95
2,11,95
2,11,95
2,12,96
2,12,96
2,12,96
2,12,96
2,12,96
3,11,96
3,11,96
2,11,95
2,11,95
1,11,95
1,11,95
1,10,96
1,10,97
1,10,97
1,10,97
1,10,97
1,10,97
1,10,97
1,10,97
1,10,97
1,10,97
1,10,97
1,10,97
1,10,97
1,10,98
1,10,98
2,10,98
2,10,99
2,10,99
2,10,99
1,10,98
1,10,98
1,10,97
1,10,97
1,10,97
1,10,97
1,10,97
1,10,97
1,10,97
1,10,97
1,10,97
1,10,97
2,10,98
2,10,99
2,10,99
3,11,100
3,11,100
3,11,100
3,11,100
3,11,100
3,11,100
3,11,100
3,11,100
3,11,100
2,11,99
2,11,99
2,11,99
2,11,99
3,11,99
3,11,99
2,11,98
2,12,97
2,12,96
2,12,95
1,12,95
1,12,94
1,12,94
1,12,94
1,12,94
1,12,94
1,12,94
1,12,94
1,12,95
1,11,95
1,11,95
1,11,95
1,11,95
2,11,95
2,11,95
3,11,95
3,11,95
3,11,95
3,11,94
3,11,94
3,11,94
3,11,93
4,11,92
4,11,92
3,11,91
3,11,91
4,11,90
4,11,90
4,11,89
4,11,89
4,11,88
3,11,85
3,11,84
3,11,84
2,11,83
2,11,80
2,11,80
2,11,80
2,11,79
2,11,79
2,11,80
2,10,80
2,10,80
2,10,80
2,10,80
2,10,81
3,10,82
3,10,83
3,11,93
3,11,93
3,11,94
3,11,94
3,10,95
3,10,95
3,10,95
3,11,95
3,11,94
3,11,94
3,11,94
3,11,93
3,11,91
4,11,91
4,11,91
4,11,91
4,11,91
4,11,91
3,11,92
3,11,93
2,11,94
2,11,95
1,11,95
1,11,96
2,11,97
2,11,97
2,11,97
2,11,97
2,11,97
2,10,97
3,10,97
3,10,97
3,10,97
3,10,97
3,10,97
4,10,95
4,10,95
3,10,95
3,10,95
3,10,95
3,10,95
3,10,95
3,10,95
3,10,95
3,10,95
2,10,95
2,11,95
2,11,95
2,12,96
2,12,96
2,12,96
2,11,96
3,11,96
3,11,96
3,11,96
3,11,95
3,11,95
2,11,95
1,11,95
1,11,95
1,11,97
1,10,97
1,10,97
1,10,97
1,10,97
1,10,97
1,10,97
1,10,97
1,10,97
1,10,97
1,10,97
1,10,97
1,10,97
1,10,98
1,10,98
1,10,98
1,10,98
1,10,98
1,10,97
1,10,97
1,10,97
1,10,97
1,10,97
1,10,97
1,10,97
1,10,97
1,10,97
1,10,97
1,10,97
1,10,97
2,10,99
2,10,99
2,10,99
3,11,100
3,11,100
3,11,100
3,11,100
3,11,100
3,11,100
3,11,100
3,11,100
3,11,100
3,11,100
2,11,99
3,11,99
3,11,100
3,11,100
3,11,99
3,11,99
2,11,98
2,11,96
1,11,95
1,12,95
1,12,94
1,12,94
1,12,94
1,12,94
1,12,94
1,12,94
1,11,95
1,11,95
1,11,95
1,11,95
1,11,95
1,11,95
1,11,95
2,11,95
2,11,95
2,11,95
2,11,95
3,11,95
3,11,94
3,11,94
3,11,94
3,11,94
3,11,94
3,11,93
3,11,92
3,11,91
4,11,90
4,11,90
4,11,89
3,11,88
3,11,87
3,11,85
3,11,84
3,11,84
3,11,83
3,11,82
2,11,80
2,11,80
2,11,80
2,10,80
2,10,80
2,10,80
2,10,80
2,10,80
2,10,80
2,10,81
3,10,82
3,10,83
2,11,94
2,11,94
2,11,94
2,11,94
3,11,95
3,11,95
3,11,95
3,11,94
3,11,94
3,11,94
3,11,94
3,11,93
3,11,91
4,11,91
4,11,91
4,11,91
4,11,91
4,11,91
3,11,92
2,11,93
2,11,95
1,10,95
1,10,97
1,10,97
1,11,97
1,11,98
1,10,98
1,10,98
2,10,98
2,10,98
2,10,98
3,10,98
3,10,98
3,10,98
4,10,97
4,10,97
4,10,97
3,10,97
3,10,95
3,10,95
3,10,95
3,10,95
3,10,95
3,10,95
3,10,95
2,10,95
2,11,95
2,11,95
1,11,95
1,11,95
2,11,95
2,11,95
3,11,95
3,11,95
3,11,95
3,11,95
3,11,95
3,11,95
2,11,95
1,11,95
1,11,96
1,10,97
1,10,97
1,10,97
1,10,97
1,10,97
1,10,97
1,10,97
1,10,97
1,10,97
1,10,97
1,10,97
1,10,97
1,10,98
1,10,98
1,10,98
1,10,98
1,10,97
1,10,97
1,10,97
1,10,97
1,10,97
1,10,97
1,10,97
1,10,97
1,10,97
1,10,97
1,10,97
1,10,97
2,10,98
2,10,99
2,10,99
2,10,99
2,10,99
2,10,99
3,11,100
3,11,100
3,11,100
3,11,100
3,11,100
3,11,100
2,11,99
2,11,99
2,11,99
2,10,99
3,11,100
3,11,100
2,11,99
2,11,99
2,10,98
1,11,97
1,11,95
1,11,95
1,12,94
1,12,94
1,12,94
1,12,94
1,12,94
1,11,94
1,11,95
1,11,95
1,11,95
1,11,95
1,11,95
1,11,95
1,11,95
1,11,95
1,11,95
1,11,95
2,11,95
2,11,95
3,11,95
3,11,95
3,11,94
3,11,94
3,11,94
3,10,94
3,11,94
3,11,93
3,11,91
4,11,91
3,11,90
3,11,89
3,11,88
3,11,85
3,11,85
3,11,84
3,11,84
4,11,84
3,11,82
2,11,81
2,10,80
2,10,80
2,10,80
2,10,80
2,10,80
2,10,80
2,10,80
2,10,80
3,10,81
3,10,83
1,12,94
1,12,94
1,11,94
1,11,94
2,11,94
3,11,94
3,11,95
3,11,95
3,11,94
3,11,94
3,11,94
3,11,92
4,11,91
4,11,91
4,11,91
4,11,91
4,11,91
3,11,91
3,11,92
2,11,92
2,11,94
1,11,95
1,10,97
1,10,97
1,10,97
1,10,97
1,10,98
1,10,98
1,10,98
1,10,98
2,10,98
2,10,98
3,10,98
3,10,98
3,10,98
3,10,98
4,10,98
3,10,97
3,10,97
3,10,97
3,10,97
3,10,97
3,10,97
3,10,97
3,10,97
3,10,96
2,10,96
2,11,96
2,11,96
2,11,96
2,11,96
2,11,96
3,11,95
3,10,95
3,10,95
3,10,95
3,10,95
3,11,95
3,11,95
3,11,95
1,11,95
1,11,95
1,11,96
1,11,97
1,10,97
1,10,97
1,10,97
1,10,97
1,10,97
1,10,97
1,10,97
1,10,97
1,10,97
1,10,98
2,10,98
1,10,98
1,10,97
1,10,97
1,10,97
1,10,97
1,10,97
1,10,97
1,10,97
1,10,97
1,10,97
1,10,97
1,10,97
1,10,97
1,10,97
1,10,97
2,10,98
2,10,99
2,10,99
2,10,99
2,10,99
2,10,99
2,10,99
2,10,99
2,10,99
2,11,99
2,11,99
2,11,99
2,11,99
2,11,99
2,11,99
2,11,99
3,11,100
3,11,100
3,11,100
2,11,99
2,10,98
1,11,97
1,11,95
1,11,95
1,11,95
1,11,95
1,11,94
1,12,94
1,12,94
1,12,95
1,12,95
1,12,95
1,12,95
1,11,95
1,11,95
1,11,95
1,11,95
1,11,95
1,11,95
1,11,95
1,11,95
1,11,95
1,11,95
2,11,95
3,11,95
3,11,95
3,11,95
3,11,95
3,11,95
3,11,95
3,11,94
4,11,93
3,11,91
3,11,90
3,11,88
2,11,88
2,11,86
3,11,85
3,11,85
4,11,85
4,11,84
3,10,83
3,10,82
2,10,80
2,10,80
2,10,80
2,10,80
2,10,80
2,10,80
2,10,80
2,10,80
2,10,82
3,10,83
1,12,94
1,12,94
1,12,94
1,12,94
1,11,94
2,11,94
3,11,94
3,11,94
3,11,94
3,11,94
3,11,94
3,11,93
4,11,91
4,11,91
4,11,91
4,11,91
3,11,91
3,11,91
3,11,91
2,11,92
2,11,93
2,11,94
2,11,95
2,10,97
1,10,97
1,10,97
1,10,97
1,10,97
1,10,98
1,10,98
1,10,98
1,10,98
2,10,98
3,10,99
3,10,99
3,10,99
3,10,98
3,10,98
3,10,98
3,10,97
3,10,97
3,10,97
3,10,97
3,10,97
3,10,97
3,10,97
3,10,97
3,11,97
3,11,97
2,11,96
2,11,96
2,11,96
3,11,96
3,11,95
3,10,95
3,10,95
3,10,95
3,10,95
3,10,95
3,10,95
3,10,95
2,11,95
2,11,95
2,11,96
2,11,97
2,11,97
2,11,97
2,11,97
1,10,97
1,10,97
1,10,97
2,10,97
2,11,97
2,11,97
2,11,98
2,11,98
2,10,98
1,10,97
1,10,97
1,10,97
1,10,97
1,10,97
2,10,97
2,10,97
2,10,97
2,10,97
2,10,97
1,10,97
1,10,97
2,11,97
2,10,98
2,10,98
2,10,99
2,10,99
2,10,99
2,10,99
2,10,99
2,10,99
2,10,99
2,10,99
2,11,99
2,11,99
2,11,99
2,11,98
2,11,99
2,11,99
2,11,99
3,11,100
3,11,100
3,11,100
3,11,99
2,11,99
1,11,97
1,11,97
1,11,95
1,11,95
1,11,95
1,11,95
1,11,95
1,12,95
1,12,96
2,12,96
2,12,96
2,12,96
1,11,95
1,11,95
1,11,95
1,11,95
1,11,95
1,11,95
1,11,95
2,12,96
2,11,95
2,11,95
2,11,95
2,11,95
3,11,95
3,11,95
3,11,95
3,11,95
3,11,95
3,11,95
4,11,95
4,11,94
3,11,91
3,11,90
2,11,89
2,11,88
2,11,86
3,11,85
4,11,85
4,11,85
4,10,84
3,10,83
2,10,82
2,10,80
2,10,80
2,10,80
2,10,80
2,10,80
2,10,80
2,10,80
2,10,80
2,10,82
2,10,83
1,12,95
1,12,95
1,12,95
1,12,95
1,12,95
2,11,95
3,11,94
3,11,94
3,11,94
3,11,94
4,11,92
4,11,92
4,11,91
4,11,91
4,11,91
4,11,91
3,11,91
3,11,91
2,11,92
2,11,93
2,11,94
2,11,95
2,11,95
3,10,96
3,10,97
1,10,97
1,10,97
1,10,97
1,10,97
1,10,97
1,10,98
1,10,98
2,10,98
2,10,99
3,10,99
3,10,99
3,10,99
2,10,98
2,10,98
2,10,97
2,10,97
2,10,97
3,10,97
2,10,97
3,11,98
3,11,98
3,11,98
3,11,97
3,11,97
3,11,97
3,11,97
3,11,97
3,10,97
3,10,96
3,10,96
3,10,95
3,10,95
3,10,95
3,10,95
3,10,95
3,10,95
3,11,95
2,11,95
2,11,96
2,11,96
2,12,96
2,12,96
2,12,97
2,11,96
2,10,96
2,10,96
2,10,97
3,11,97
3,11,97
3,11,97
3,11,98
3,10,97
3,10,97
3,10,97
3,10,97
3,10,97
3,10,97
3,10,97
3,10,96
2,10,96
2,11,96
2,10,97
2,10,97
2,11,97
2,11,97
2,10,98
2,10,98
2,10,99
2,10,99
2,10,99
2,10,99
2,10,99
2,10,99
2,10,99
2,10,99
2,10,99
2,11,98
2,11,98
2,11,98
2,11,98
2,11,98
2,11,99
2,11,99
2,11,99
3,11,100
3,11,99
2,11,99
2,11,98
1,11,97
1,11,95
1,11,95
1,11,95
1,11,95
1,11,95
1,11,96
2,11,97
2,11,97
2,12,96
2,12,96
2,11,96
1,11,95
1,11,95
1,11,95
1,11,95
1,11,95
1,11,95
2,12,96
2,11,95
2,11,95
2,12,96
2,12,96
2,11,96
2,11,96
2,11,96
3,11,96
3,11,97
3,11,96
4,11,95
3,11,95
3,11,94
3,11,91
3,11,90
2,11,89
2,12,88
3,12,87
4,11,85
4,10,85
4,10,85
3,10,84
3,10,83
2,10,80
2,10,80
2,10,80
2,10,80
2,10,80
2,10,80
2,10,80
2,10,80
2,10,82
2,10,82
1,11,96
1,11,96
1,11,95
1,11,95
1,11,95
1,11,95
2,11,95
3,11,94
3,11,94
3,11,94
3,11,93
4,11,92
4,11,92
4,11,91
4,11,91
4,11,91
4,11,91
3,11,91
3,11,92
2,11,92
2,11,93
2,11,94
2,11,95
2,11,95
3,10,95
3,10,96
3,10,97
1,10,97
1,10,97
1,10,97
1,10,97
1,10,97
1,10,97
2,10,98
2,10,99
2,10,99
2,10,99
2,10,98
2,10,98
2,10,98
2,10,98
2,10,98
2,10,98
2,10,98
2,11,98
3,11,98
3,11,98
3,11,98
3,11,98
3,11,98
3,11,97
3,10,97
3,10,97
3,10,97
3,10,97
3,10,96
3,10,96
3,10,95
3,10,95
3,10,95
3,10,95
3,10,95
3,10,95
3,11,95
2,11,96
2,11,96
2,12,96
2,12,96
2,12,96
2,12,96
2,11,96
2,11,96
3,11,96
3,11,96
4,11,96
4,11,97
4,11,98
3,11,97
3,10,97
3,10,97
3,10,97
3,10,97
3,10,97
3,10,96
3,10,96
3,11,96
2,11,96
2,11,96
2,11,97
2,11,97
2,11,97
2,10,98
2,10,98
2,10,98
2,10,99
2,10,99
2,10,99
2,10,99
2,10,99
3,11,100
2,11,99
2,11,99
2,11,98
2,11,98
2,11,98
2,11,98
2,11,98
2,11,99
2,11,99
2,11,99
3,11,100
3,11,100
3,11,99
2,11,99
2,11,98
1,11,95
1,11,95
1,11,95
1,11,95
1,11,96
2,11,98
2,11,98
2,11,98
2,12,97
2,12,96
2,12,96
2,12,96
1,11,95
1,11,95
1,11,95
1,11,95
1,11,95
1,11,95
2,11,95
2,11,95
2,12,96
2,12,96
2,12,96
2,11,96
2,11,98
2,11,98
3,11,98
3,11,98
4,11,96
4,11,96
3,11,95
3,11,94
3,11,92
3,12,90
3,12,89
3,12,88
4,11,87
4,10,85
4,10,85
4,10,84
3,10,83
2,10,82
2,10,80
2,10,80
2,10,80
2,10,80
2,10,80
2,10,80
2,10,80
2,10,80
2,9,82
2,9,82
1,11,96
1,11,96
1,11,96
1,11,96
1,11,95
1,11,95
1,11,95
1,11,94
2,11,94
3,11,94
3,11,94
3,12,94
4,12,92
4,12,92
4,11,92
4,11,91
4,11,91
3,11,91
3,11,92
3,11,93
2,11,94
2,11,94
2,11,94
2,11,95
3,11,95
3,11,95
3,10,96
3,10,96
2,10,95
1,10,95
1,10,96
1,10,96
1,11,97
1,11,97
1,11,97
1,11,97
1,11,97
1,10,97
1,11,98
1,11,98
2,11,98
1,11,98
1,11,98
2,11,98
2,11,98
2,11,98
2,11,98
2,11,98
3,11,98
3,11,98
3,11,98
3,11,98
3,10,97
3,10,97
3,10,97
3,10,97
3,10,97
3,10,97
3,10,96
3,10,96
3,10,95
3,10,95
3,10,95
3,10,95
3,10,95
3,11,95
2,11,96
2,12,96
2,12,96
2,12,96
2,12,96
2,12,96
3,12,96
3,11,96
3,11,96
4,11,96
4,11,96
4,11,97
3,11,97
3,11,97
3,10,97
3,10,97
4,11,97
4,11,97
4,11,96
4,11,96
3,11,96
3,11,96
2,11,96
2,11,97
2,11,97
2,10,97
2,10,97
2,10,97
2,10,98
2,10,98
2,10,99
2,10,99
2,11,99
2,11,99
3,11,100
2,11,99
2,11,99
2,11,98
2,11,98
2,11,98
2,11,98
2,11,98
2,11,99
2,11,99
3,11,100
3,11,100
3,11,100
3,11,99
2,11,98
2,11,98
1,11,97
1,11,95
1,11,95
1,11,97
2,11,98
2,11,98
2,11,98
2,12,98
2,12,98
2,12,97
2,12,96
2,12,96
1,11,95
1,11,95
1,11,95
1,11,95
1,11,95
2,11,96
2,11,96
2,11,96
2,12,96
2,12,96
2,12,97
2,12,98
2,11,98
2,11,98
3,11,98
3,11,98
4,11,98
3,11,97
3,11,96
3,11,95
3,12,94
3,12,92
3,12,90
3,11,89
3,11,88
4,10,87
4,10,85
3,10,84
3,10,84
2,10,82
2,10,80
2,10,80
2,10,80
2,10,80
2,10,80
2,10,80
2,10,80
2,9,80
2,9,82
2,9,82
2,9,82
1,11,96
1,11,96
1,11,96
1,11,96
1,11,95
1,11,95
1,11,95
1,11,94
1,12,94
2,12,94
3,12,94
3,12,94
3,12,92
3,12,92
4,12,92
4,11,92
3,11,92
3,11,92
3,11,94
3,11,94
3,11,94
3,11,94
2,11,95
2,11,95
3,11,95
3,11,96
3,10,95
3,10,95
2,10,95
1,11,95
1,11,95
1,11,95
1,11,96
1,11,96
1,11,96
1,11,97
1,11,97
1,10,97
1,11,97
1,11,97
1,11,98
1,11,98
1,11,98
1,10,98
2,10,98
2,11,98
2,11,98
2,11,98
2,11,98
2,11,98
3,11,98
3,11,98
3,11,98
3,11,98
3,10,97
3,10,97
3,10,97
3,10,97
3,10,97
3,10,96
3,10,96
3,10,96
3,10,95
3,10,95
3,10,95
3,10,95
3,11,95
2,11,95
2,11,95
2,12,96
2,12,96
2,12,96
2,12,96
3,12,96
3,11,96
3,11,96
3,11,96
3,11,97
3,11,97
3,11,97
3,11,97
3,11,97
4,11,97
4,11,97
4,11,96
4,11,96
4,11,96
3,11,96
3,10,97
3,10,97
2,10,97
2,10,97
2,10,97
2,10,97
2,10,97
2,10,98
2,10,99
2,11,99
2,11,99
2,11,99
3,11,100
2,11,99
2,11,98
2,11,98
2,11,98
2,11,98
2,11,98
2,11,99
2,11,99
3,11,99
3,11,100
3,11,100
3,11,100
3,11,99
2,11,98
2,11,98
2,11,98
1,11,97
1,11,97
2,11,98
2,11,98
2,11,98
2,11,98
2,11,98
2,12,98
2,12,96
2,12,96
1,11,95
1,11,95
1,11,95
1,11,95
1,11,95
1,11,95
2,11,96
2,11,96
2,11,96
2,12,97
2,12,97
2,12,98
2,12,98
2,12,98
2,11,98
3,11,98
3,11,98
3,11,98
3,11,98
3,11,98
3,11,96
3,12,95
3,12,94
3,12,91
3,11,90
3,11,89
3,10,88
4,11,87
3,10,85
3,10,84
2,10,83
2,10,81
2,10,80
2,10,80
2,10,80
2,10,80
2,10,80
2,10,80
2,9,80
2,9,81
2,9,82
2,9,82
2,11,96
1,11,97
1,11,97
1,11,97
1,11,95
1,11,95
1,11,95
1,11,94
1,12,94
1,12,94
1,12,94
1,12,94
1,12,94
3,12,94
3,12,94
3,12,94
3,11,94
3,11,94
3,11,94
3,11,94
3,11,94
3,10,94
3,11,94
2,11,95
2,11,95
2,11,95
2,12,95
2,11,95
2,11,95
2,11,95
1,11,95
1,11,95
1,11,95
1,11,95
1,11,95
1,11,95
1,11,95
1,11,95
1,11,95
1,11,95
1,11,97
1,11,97
1,11,97
1,10,98
1,10,98
1,10,98
1,10,98
2,11,98
2,11,98
2,11,98
2,11,98
2,11,98
2,10,97
2,10,97
2,10,97
2,10,97
2,10,97
3,10,97
3,10,97
3,10,97
3,10,97
3,10,97
3,10,97
3,10,96
3,10,95
3,10,95
3,10,95
3,10,95
3,10,95
2,11,95
2,11,95
2,11,95
2,12,96
2,11,96
2,11,96
2,11,96
2,11,96
2,11,96
2,11,96
3,11,97
3,11,97
3,11,97
3,11,97
4,11,97
4,11,97
4,11,97
4,11,97
4,11,97
3,11,97
3,10,97
3,10,97
3,10,97
3,10,97
1,10,97
1,10,97
1,10,97
1,10,97
2,10,98
2,11,98
2,11,98
2,11,98
1,11,98
1,11,98
1,10,98
1,10,98
1,11,98
2,11,98
2,11,98
2,11,99
2,11,99
2,11,99
3,11,99
3,11,99
3,11,99
2,11,98
2,11,98
2,11,98
2,11,98
2,11,98
2,11,98
2,11,98
2,11,98
2,11,98
2,11,98
2,11,98
2,11,98
2,11,96
1,11,95
1,11,95
1,11,95
1,11,95
1,11,95
1,11,95
1,11,95
2,11,96
2,11,98
2,11,98
2,11,98
2,12,98
2,12,100
2,12,100
2,12,100
2,12,100
3,12,100
3,11,100
3,11,100
3,11,100
3,11,100
4,12,100
3,12,98
3,12,96
4,12,94
4,11,91
4,11,90
4,11,89
4,11,88
3,11,86
3,11,85
3,11,84
2,11,82
2,10,80
2,10,80
2,10,80
2,10,80
2,10,80
2,10,80
2,9,80
2,9,80
2,9,81
2,9,82
2,10,81
3,11,95
2,11,96
2,11,96
2,11,97
1,11,96
1,11,95
1,11,95
1,11,95
1,11,94
1,12,94
1,12,94
1,12,94
1,12,94
1,12,94
1,12,94
1,12,94
3,12,94
3,11,94
3,11,94
3,11,94
3,11,94
3,10,94
2,10,94
2,10,94
2,10,95
2,11,95
2,11,95
2,11,95
2,11,95
2,11,95
1,11,95
1,11,95
1,11,95
1,11,95
1,11,95
1,11,95
1,11,95
1,11,95
1,11,95
1,11,95
1,11,95
1,11,95
1,11,97
1,11,97
1,10,97
1,10,97
1,10,97
1,10,97
1,10,97
1,10,97
2,10,97
2,10,97
2,10,97
2,10,97
2,10,97
2,10,97
2,10,97
2,10,97
3,10,97
3,10,97
3,10,97
3,10,97
3,10,97
3,10,97
3,10,96
3,10,95
3,10,95
3,10,95
3,10,95
3,10,95
2,10,95
2,11,95
2,11,95
2,11,96
2,11,96
2,11,96
2,11,96
2,11,96
2,11,96
2,11,96
2,11,96
3,11,97
3,11,97
3,11,97
4,11,97
4,11,97
4,11,97
4,11,97
3,10,97
3,10,97
3,10,97
3,10,97
3,10,97
3,10,97
2,10,97
2,10,97
1,10,97
1,10,97
1,10,98
2,11,98
1,11,98
1,11,98
1,11,98
1,11,98
1,10,97
1,10,98
1,10,98
2,10,98
2,10,98
2,10,99
2,11,99
2,10,99
3,11,99
3,11,99
3,11,99
2,11,98
2,11,98
2,11,98
2,11,98
2,11,98
2,11,98
2,11,98
2,11,98
2,11,98
2,11,98
2,11,98
2,11,97
1,11,95
1,11,95
1,11,95
1,11,95
1,11,95
1,11,95
1,11,95
1,11,95
2,11,98
2,11,98
2,11,98
2,11,98
2,11,100
3,11,100
3,12,100
2,12,100
2,12,100
3,12,100
3,12,100
3,11,100
3,11,100
4,12,100
4,12,100
4,12,100
4,12,99
4,12,96
4,11,93
4,11,91
3,11,90
3,11,88
3,11,87
3,11,86
3,11,85
3,11,84
3,11,81
3,10,81
2,10,80
2,10,80
2,10,80
2,10,80
2,10,80
2,10,80
2,10,80
2,10,81
2,10,81
3,10,81
3,11,95
3,11,96
2,11,96
2,11,96
2,11,96
1,11,95
1,11,95
1,11,95
1,11,94
1,12,94
1,12,94
1,12,94
1,12,94
1,12,94
1,12,94
1,12,94
3,11,94
3,11,94
3,11,94
3,11,94
3,10,94
3,10,94
3,10,94
3,10,95
2,10,95
2,10,95
2,11,95
2,11,95
2,11,95
2,11,95
1,11,95
1,11,95
1,11,95
1,11,95
1,11,95
1,11,95
1,11,95
1,11,95
1,11,95
1,11,95
1,11,95
1,11,95
1,11,96
1,10,97
1,10,97
1,10,97
1,10,97
1,10,97
1,10,97
1,10,97
1,10,97
1,10,97
1,10,97
1,10,97
2,10,97
2,10,97
2,10,97
1,10,97
2,10,97
3,10,97
3,10,97
3,10,97
3,10,97
3,10,97
3,10,97
3,10,95
3,10,95
3,10,95
3,10,95
3,10,95
3,10,95
2,10,95
2,11,95
2,11,95
1,11,95
1,11,95
1,11,95
2,12,96
2,11,96
2,11,96
2,11,96
2,11,97
3,11,97
3,10,97
3,10,97
3,10,97
3,10,97
3,10,97
3,10,97
3,10,97
3,10,97
3,10,97
3,10,97
3,10,97
3,10,97
2,10,97
1,10,97
1,10,97
1,10,97
1,10,97
1,10,97
1,10,97
1,11,97
1,11,97
1,10,97
1,10,97
1,10,98
2,10,98
2,10,98
2,10,99
2,11,99
2,11,99
2,11,99
3,11,99
3,11,99
3,11,99
2,11,98
2,11,98
2,11,98
2,11,98
2,11,98
2,11,98
2,11,98
2,11,99
2,11,98
2,11,98
2,11,96
1,11,95
1,11,95
1,11,95
1,11,95
1,11,95
1,11,95
1,11,95
1,11,96
2,11,98
2,11,98
2,11,98
2,11,100
3,11,100
3,12,100
3,12,100
3,12,100
2,12,100
3,12,100
3,12,100
3,12,100
3,12,100
4,12,100
4,12,101
4,12,100
4,12,100
4,12,98
4,12,96
3,11,92
3,11,90
3,11,88
3,11,88
3,11,86
3,11,85
3,11,84
3,11,83
3,11,81
2,10,80
2,10,80
2,10,80
2,10,80
2,10,80
2,10,80
2,10,80
2,10,80
2,10,80
2,10,81
3,11,94
3,11,95
3,11,96
2,11,96
2,11,96
2,11,96
2,11,95
1,11,95
1,11,95
1,11,94
1,11,94
1,12,94
1,12,94
1,12,94
1,12,94
1,12,94
3,11,94
3,11,94
3,11,94
3,11,94
3,11,94
3,11,94
3,10,94
3,10,94
3,10,94
2,10,95
2,10,95
2,10,95
2,11,95
2,11,95
2,11,95
2,11,95
1,11,95
1,11,95
1,11,95
1,11,95
1,10,95
1,10,95
1,10,95
1,10,95
1,10,95
1,10,95
1,10,95
1,10,97
1,10,97
1,10,97
1,10,97
1,10,97
1,10,97
1,10,97
1,10,97
1,10,97
1,10,97
1,10,97
2,10,97
2,10,97
3,10,95
2,10,97
2,10,97
3,10,97
3,10,97
3,10,97
3,10,97
3,10,97
3,10,97
3,10,96
3,10,95
3,10,95
3,10,95
3,10,95
3,10,95
3,10,95
3,10,95
2,11,95
1,11,95
1,11,95
1,11,95
1,11,95
1,11,95
1,11,95
1,11,95
2,11,96
2,11,96
3,11,96
3,10,97
3,10,97
3,10,97
3,10,97
3,10,97
3,10,97
3,10,97
3,10,97
3,11,98
3,11,98
3,11,98
2,11,98
2,11,98
1,10,97
1,10,97
1,10,97
1,10,97
1,10,97
1,10,97
1,11,97
1,11,97
1,11,97
1,10,97
1,11,98
2,10,98
2,10,98
2,10,98
2,11,98
2,11,98
2,11,98
2,11,99
3,11,99
3,12,99
3,12,99
2,11,99
2,11,99
2,11,98
2,11,98
2,11,98
2,11,98
2,11,98
2,11,98
2,11,98
2,11,96
1,11,95
1,11,95
1,11,95
1,11,94
1,11,95
1,11,95
1,11,95
1,11,95
2,11,97
2,11,98
2,11,98
3,11,100
3,11,100
3,11,100
3,12,100
2,12,100
2,12,100
2,12,100
2,12,100
3,12,100
3,12,100
4,12,101
4,12,101
4,12,101
4,12,100
4,12,99
4,12,96
3,12,92
3,11,91
3,11,90
3,11,88
3,11,88
3,11,86
3,11,85
3,11,84
3,11,82
2,10,81
2,10,80
2,10,80
2,10,80
2,10,80
2,10,80
2,10,80
2,10,80
2,10,80
2,10,80
3,10,81
3,11,94
3,11,95
3,11,95
2,11,96
2,11,96
2,11,96
2,11,95
2,11,95
1,11,94
1,10,94
1,10,93
2,11,93
2,11,94
2,11,94
2,11,94
3,11,94
3,11,94
3,11,94
3,11,94
3,11,94
3,11,94
3,11,94
2,10,94
2,10,94
2,10,94
2,9,94
2,9,94
2,10,95
2,10,95
2,10,95
2,10,95
2,10,95
2,10,95
2,10,95
2,10,95
2,10,95
2,10,95
2,10,94
2,10,94
2,10,94
3,10,95
2,10,95
1,10,95
1,10,97
1,10,97
1,10,97
1,10,97
1,10,97
1,10,97
1,10,97
1,10,97
1,10,97
1,10,97
1,10,97
3,10,95
3,10,95
3,10,95
3,10,95
3,10,95
3,10,95
3,10,97
3,10,97
3,10,97
3,10,97
3,10,96
3,10,96
3,10,95
3,10,95
3,10,95
3,10,95
3,10,95
3,10,95
3,10,95
2,11,95
1,11,95
1,11,95
1,11,95
1,11,95
1,11,95
1,11,95
1,11,95
1,11,95
2,11,95
3,11,95
3,10,95
3,10,96
3,10,95
3,10,95
3,10,95
3,10,96
3,10,97
3,10,97
3,11,98
2,11,98
2,11,98
2,11,97
1,11,97
1,10,97
1,10,97
1,10,97
1,10,97
1,10,97
1,10,97
1,11,97
1,11,96
1,11,97
1,11,97
1,11,98
2,11,98
2,10,98
2,10,98
2,11,98
2,11,98
2,11,98
2,11,99
3,11,99
3,12,99
3,11,99
3,11,99
2,11,99
2,11,99
2,11,99
2,11,98
2,11,98
2,11,98
2,11,98
2,11,98
2,11,96
1,11,95
1,11,95
1,12,94
1,11,94
1,11,95
1,11,95
1,11,95
1,11,95
1,11,95
2,11,98
2,11,98
3,11,100
3,11,100
3,11,100
3,11,100
2,12,100
2,12,100
2,12,100
2,12,100
2,12,100
3,12,101
4,12,101
4,12,101
4,12,101
4,12,100
4,12,99
3,12,96
3,12,94
3,11,92
3,11,90
3,11,89
4,11,88
4,11,88
4,11,86
3,11,84
3,11,83
3,10,81
2,10,81
2,10,80
2,10,80
2,10,80
2,10,80
2,10,80
2,10,80
2,10,80
2,10,80
2,10,81
3,11,94
3,11,94
3,11,95
3,11,95
3,10,95
2,11,95
2,11,95
2,10,95
2,10,95
2,10,94
2,10,93
2,10,93
2,10,93
2,10,93
2,11,94
3,11,94
3,11,94
3,11,94
3,11,94
3,11,94
3,11,94
3,11,94
3,11,94
3,10,94
3,10,94
3,10,94
2,9,94
2,9,94
2,10,95
3,10,95
3,10,95
3,10,95
3,10,95
3,10,95
3,10,95
3,10,95
3,10,95
3,10,95
3,10,94
3,10,94
3,10,94
3,10,94
2,10,95
2,10,95
2,10,97
1,10,97
1,10,97
2,11,98
2,11,98
2,11,98
2,11,97
1,10,97
1,10,97
3,10,97
3,10,95
3,10,95
3,10,95
3,10,95
3,10,95
3,10,95
3,10,95
3,10,95
3,10,97
3,10,97
3,10,96
3,10,95
3,10,95
3,10,95
3,10,95
3,10,95
3,10,95
3,10,95
3,10,95
3,10,95
3,10,95
1,11,95
1,11,94
1,11,94
1,11,95
1,11,95
1,11,95
1,11,95
1,11,95
1,11,95
3,11,95
3,10,95
3,10,95
3,10,95
3,10,95
3,10,95
3,10,95
3,10,97
3,11,97
2,11,98
2,11,98
2,11,97
2,11,97
1,11,97
1,11,97
1,10,97
1,10,97
1,10,97
1,10,97
1,10,95
2,10,95
1,11,95
1,11,95
1,11,97
2,11,98
2,11,98
2,11,98
2,11,98
2,11,98
2,11,98
2,11,98
3,11,99
3,12,99
3,12,100
3,12,100
3,11,99
3,11,99
2,11,99
2,11,99
2,11,99
2,11,98
2,11,98
2,11,98
2,11,96
2,12,96
2,12,96
1,12,95
1,12,94
1,11,94
1,11,95
1,11,95
1,11,95
1,11,95
1,11,95
1,11,96
2,11,98
3,11,100
3,11,100
3,11,100
3,12,100
2,12,100
2,12,100
2,12,100
2,12,100
2,12,100
3,12,101
4,12,101
4,12,101
4,12,100
3,12,100
3,12,99
3,12,96
3,12,95
3,11,94
3,11,92
3,11,90
4,11,89
4,11,88
4,11,86
3,11,86
3,10,83
3,10,82
2,10,81
2,10,80
2,10,80
2,10,80
2,10,80
2,10,80
2,10,80
2,10,80
2,10,80
2,10,80
3,10,83
3,11,94
3,11,94
3,11,94
3,11,95
3,11,95
3,11,95
3,11,95
3,10,95
2,10,94
2,10,94
2,10,93
2,10,93
2,10,93
2,10,93
3,11,94
3,11,94
3,11,94
3,11,94
3,11,94
3,11,94
3,11,94
3,11,94
3,11,94
3,11,94
3,10,94
3,10,95
3,10,95
3,10,95
3,10,95
3,10,95
3,10,95
3,10,95
3,10,95
3,10,95
3,10,95
3,10,95
3,10,95
3,10,95
3,10,95
3,10,94
3,10,94
3,10,94
3,10,95
3,10,95
2,10,97
2,10,97
2,11,98
2,11,98
2,11,98
2,11,98
2,11,97
3,11,97
3,10,97
3,10,96
3,10,95
3,10,95
3,10,95
3,10,95
3,10,95
3,10,95
3,10,95
3,10,95
3,10,95
3,10,95
3,10,95
3,10,95
3,10,95
3,10,95
3,10,95
3,10,95
3,10,95
3,10,95
3,10,95
3,10,95
3,11,95
2,11,94
1,11,94
1,11,94
1,11,94
1,11,95
1,11,95
1,11,95
1,11,95
2,11,95
3,11,95
3,10,95
3,10,95
3,10,95
3,10,95
3,10,95
3,10,95
2,10,96
2,11,96
2,11,97
2,11,97
2,11,97
2,11,96
1,11,96
1,11,96
1,11,96
1,10,96
1,10,95
1,10,95
2,10,95
2,10,95
2,10,95
2,11,95
2,11,96
2,11,97
2,11,98
2,11,98
2,11,98
2,11,98
2,11,98
2,11,98
2,11,98
3,11,99
3,11,100
3,11,100
2,10,99
2,10,99
2,10,99
2,10,99
2,11,98
2,11,98
2,11,98
2,11,98
2,12,96
2,12,96
2,12,96
1,12,95
1,12,95
1,11,95
1,11,95
1,11,95
1,11,95
1,11,95
1,11,95
1,11,95
2,11,96
2,11,98
3,11,100
3,11,100
3,11,100
2,12,100
2,12,100
2,12,100
2,12,100
2,12,100
3,12,101
3,12,101
4,12,101
4,12,100
3,12,100
3,12,99
3,12,96
3,11,95
3,11,94
3,11,94
3,11,91
4,11,90
4,11,89
4,11,88
4,11,86
3,10,85
3,10,83
2,10,82
2,10,80
2,10,80
2,10,80
2,10,80
2,10,80
2,10,80
2,10,80
2,10,80
2,10,80
3,11,82
3,11,94
3,11,94
3,11,94
3,11,94
3,11,94
3,11,95
3,11,95
3,11,95
3,10,94
3,10,94
2,10,94
2,10,93
2,10,93
2,10,93
2,10,93
3,11,94
3,11,94
3,11,94
3,11,94
3,11,94
3,11,94
3,11,94
3,11,94
3,11,94
3,11,94
3,10,94
3,10,95
3,10,95
3,10,95
3,10,95
3,10,95
3,10,95
3,10,95
3,10,95
3,10,95
3,10,95
3,10,95
3,10,95
3,10,95
3,10,95
3,10,94
3,11,94
3,11,94
3,11,94
3,10,95
3,10,97
3,10,97
2,10,97
2,10,97
3,11,98
3,11,98
3,11,97
4,11,97
4,11,96
3,10,96
3,10,95
3,10,95
3,10,94
3,10,94
3,11,94
3,10,95
3,10,95
3,10,95
3,10,95
3,10,95
3,10,95
3,10,95
3,10,95
3,10,95
3,10,95
3,10,95
3,10,95
3,10,95
3,11,95
3,11,95
3,11,94
3,11,94
3,11,94
2,11,94
1,11,94
1,11,94
2,11,95
2,11,95
2,11,95
2,11,95
3,11,95
3,11,95
3,10,95
3,10,95
3,10,95
3,10,95
2,11,96
2,11,96
2,11,96
2,11,96
2,11,97
2,11,96
2,11,96
1,11,96
1,11,96
1,11,95
1,11,95
1,10,95
2,10,95
2,10,95
3,10,95
3,10,95
3,10,95
2,11,96
2,11,97
2,11,98
2,11,98
2,11,98
2,11,98
2,11,98
2,11,98
2,11,98
2,11,98
2,11,99
2,10,99
2,10,99
2,10,99
2,10,99
2,10,99
2,10,98
2,11,98
2,11,98
2,11,98
2,12,97
2,12,96
2,12,96
2,12,96
1,12,95
1,12,95
1,12,95
1,11,95
1,11,95
1,11,95
1,11,95
1,11,95
1,11,96
2,11,97
2,11,99
2,11,100
2,11,100
2,11,100
2,12,100
2,12,100
2,12,100
3,12,101
3,12,101
3,12,101
4,12,101
4,12,100
3,12,100
3,11,99
3,11,98
3,11,96
3,11,95
3,11,94
4,11,92
4,11,91
4,11,90
4,11,89
4,11,87
4,11,86
3,11,84
3,10,83
2,10,81
2,10,80
2,10,80
2,10,80
2,10,80
2,10,80
2,10,80
2,10,80
2,10,80
3,11,81
4,11,84
3,11,94
3,11,94
3,11,94
3,11,94
3,11,94
3,11,94
3,11,94
3,11,94
3,11,94
3,11,94
3,11,94
2,10,93
2,10,93
2,10,93
2,10,93
3,11,94
3,11,94
3,11,94
3,11,94
3,11,94
3,11,94
3,11,94
3,11,94
3,11,94
3,10,94
3,10,95
3,10,95
3,10,95
3,10,95
3,10,95
3,10,96
3,10,95
3,10,95
3,10,95
3,10,95
3,10,95
3,10,95
3,10,95
3,10,95
3,10,95
3,10,94
3,11,94
3,11,94
3,11,94
3,11,94
3,11,95
3,10,97
3,10,97
3,11,97
3,11,98
3,11,98
4,11,97
4,11,96
4,11,96
3,10,95
3,10,95
3,10,95
3,10,94
3,11,94
3,11,94
3,10,94
3,10,95
3,10,95
3,10,95
3,10,95
3,10,95
3,10,95
3,10,95
3,10,95
3,10,95
3,10,95
3,10,95
3,11,95
3,11,94
3,11,94
3,11,94
3,11,94
3,11,94
3,11,94
3,11,94
3,11,94
3,11,94
3,11,95
3,11,95
2,11,95
2,11,95
2,11,96
2,11,95
2,12,96
2,12,96
2,12,96
2,11,96
2,11,96
2,11,96
2,11,96
1,11,97
1,11,96
1,11,96
1,11,96
2,11,96
1,11,95
2,11,95
2,10,95
2,10,95
3,10,95
3,10,95
3,10,95
3,10,95
2,10,96
2,11,98
2,11,98
2,11,98
2,11,98
2,11,98
2,11,98
2,11,98
2,11,98
2,11,98
2,10,98
1,9,98
1,9,98
1,9,98
2,10,99
2,10,98
2,10,98
2,11,98
2,11,98
2,11,98
2,12,97
2,12,96
2,12,96
2,12,96
2,12,96
2,12,96
2,12,96
2,11,96
1,11,96
1,11,95
1,11,95
1,11,95
1,11,96
1,11,97
2,11,98
2,10,99
2,10,99
2,11,99
2,11,100
2,12,100
2,12,100
3,12,101
3,13,101
3,12,101
3,12,101
4,12,101
3,12,100
3,11,100
3,11,99
3,11,96
3,11,95
3,11,94
3,11,94
3,11,92
4,11,91
4,11,90
4,11,89
4,11,87
4,11,85
4,11,84
3,11,81
2,10,80
2,10,80
2,10,80
2,10,80
2,10,80
2,10,80
2,10,80
2,10,80
2,10,80
3,11,83
3,11,94
3,11,94
3,11,94
3,11,94
3,11,94
3,11,94
3,11,94
3,11,94
3,11,94
3,11,94
4,11,94
5,11,94
5,11,94
2,10,94
2,10,94
2,10,94
3,11,94
3,11,94
3,11,94
3,11,94
3,11,94
3,11,94
3,11,94
3,11,94
3,11,94
3,10,95
3,10,95
3,10,95
3,10,95
3,10,95
3,10,96
3,10,96
3,10,96
3,10,96
3,10,95
3,10,95
3,10,95
3,10,95
3,10,95
3,10,95
3,10,95
3,10,95
3,11,94
3,11,94
3,11,94
3,11,94
3,11,94
3,10,95
3,10,97
3,10,97
3,10,97
3,11,97
3,11,96
4,11,96
4,11,96
3,10,95
3,10,95
3,10,95
3,10,94
3,11,94
3,11,94
3,11,94
3,10,94
3,10,95
3,10,95
3,10,95
3,10,95
3,10,95
3,10,95
3,10,95
3,10,95
3,10,95
3,10,94
3,11,94
3,11,94
3,11,94
3,11,94
3,11,94
3,11,94
3,11,94
3,11,94
3,11,94
3,11,94
3,11,95
3,11,95
2,11,95
2,11,96
2,11,96
2,12,96
2,12,96
2,12,96
2,12,96
2,12,96
2,11,96
2,11,96
1,11,97
1,11,97
1,11,97
1,11,96
2,11,96
2,11,96
2,11,96
2,11,95
2,10,95
3,10,95
3,10,95
3,10,95
3,10,95
2,10,95
2,10,95
2,11,97
2,11,98
2,11,98
2,11,98
2,11,98
2,11,98
2,11,98
1,10,98
1,10,98
1,9,98
1,9,98
1,9,98
2,10,99
2,10,99
2,10,99
2,10,99
2,11,99
2,11,98
2,11,98
2,12,98
2,12,98
2,12,97
2,12,96
2,12,96
2,12,96
2,12,96
2,11,96
2,11,96
1,11,96
1,11,95
1,11,95
1,10,96
1,10,97
1,10,97
2,10,98
2,10,99
2,10,99
2,11,99
2,12,100
2,12,100
3,12,101
3,13,101
3,12,101
3,12,101
3,12,101
3,11,100
3,11,100
3,11,99
3,11,98
3,11,96
3,11,95
3,11,94
3,11,93
3,11,91
4,11,91
4,11,90
5,12,88
5,12,87
5,11,85
4,11,84
3,11,81
2,10,80
2,10,80
2,10,80
2,10,80
2,10,80
2,10,80
2,10,80
2,10,80
3,10,81
3,10,83
3,11,94
3,11,94
3,11,94
3,11,94
3,11,94
3,11,94
3,11,94
3,11,94
3,11,94
3,11,94
4,11,94
5,11,94
5,11,94
3,11,94
3,10,94
3,10,94
3,10,94
3,11,94
3,11,94
3,11,94
3,11,94
3,11,94
3,11,94
3,11,94
3,11,95
3,10,95
3,10,95
3,10,95
3,10,95
3,10,96
3,10,96
3,10,96
3,10,96
3,10,96
3,10,96
3,10,96
3,10,96
3,10,96
3,10,95
3,10,95
3,11,95
3,11,95
3,11,95
3,11,95
3,11,94
3,11,94
3,11,94
3,10,95
3,10,95
3,10,95
3,10,95
3,10,96
3,10,96
3,10,96
3,10,95
3,10,95
3,10,95
3,10,95
3,10,94
3,10,94
3,11,94
3,11,94
3,11,94
3,11,94
3,10,94
3,10,94
3,10,94
3,10,94
3,10,93
3,10,93
3,10,94
3,10,94
3,10,94
3,11,94
3,11,94
3,11,94
3,11,94
3,11,94
3,11,94
3,11,94
3,11,94
3,11,94
3,10,94
3,11,94
3,11,95
2,11,95
2,11,95
2,11,96
2,12,96
2,12,96
2,12,96
2,12,96
2,12,96
2,11,96
2,11,96
1,10,97
1,10,97
1,11,97
1,11,96
2,11,96
2,11,96
2,11,96
3,11,96
3,11,95
3,10,95
3,10,95
3,10,95
3,10,95
2,10,95
2,10,95
2,10,97
2,11,98
2,11,98
2,11,98
2,11,98
2,11,98
2,11,98
1,10,98
1,9,98
1,9,98
1,9,98
1,9,98
2,10,99
2,10,99
2,10,99
2,10,99
2,10,99
2,11,99
3,12,99
3,12,99
3,12,99
3,12,99
2,12,98
2,11,98
2,11,97
2,11,97
2,11,97
2,11,97
2,11,97
2,11,96
1,11,97
1,11,97
1,11,97
2,11,98
2,10,98
2,10,99
2,10,99
2,11,99
2,11,100
2,12,100
3,12,101
3,12,101
3,12,101
3,12,101
3,12,101
3,11,100
3,11,100
3,11,99
3,11,98
3,11,96
3,11,96
3,11,94
3,11,93
3,11,91
4,11,91
4,11,90
5,12,89
5,12,87
5,12,86
4,11,85
3,11,82
2,10,80
2,10,80
2,10,80
2,10,80
2,10,80
2,10,80
2,10,80
2,10,80
2,10,80
3,10,82
3,11,94
3,11,94
3,11,94
3,11,94
3,11,94
3,11,94
3,11,94
3,11,94
3,11,94
3,11,94
3,11,94
3,11,94
3,11,94
3,11,94
3,11,94
3,10,94
3,10,94
3,10,94
3,10,94
3,11,94
3,11,94
3,11,94
3,11,94
3,11,94
3,11,94
3,11,95
3,11,95
3,10,95
3,10,95
3,10,95
3,10,96
2,10,97
2,10,97
2,10,97
3,10,97
3,10,97
3,10,96
3,10,96
3,10,96
3,11,96
3,11,96
3,11,96
3,11,95
3,11,95
3,11,95
3,11,95
3,11,94
3,11,94
3,10,95
3,10,95
3,10,95
3,10,95
3,10,95
3,10,95
3,10,95
3,10,95
3,10,95
3,10,95
3,10,95
3,10,94
4,10,94
3,11,94
3,11,94
3,11,94
3,11,94
3,11,94
3,11,94
3,10,94
3,10,93
3,10,93
4,10,93
4,10,93
4,10,93
3,10,93
3,10,93
2,10,93
2,10,93
3,11,94
3,11,94
3,11,94
3,11,94
3,11,94
2,10,94
3,10,94
3,10,94
3,10,95
2,11,95
2,11,95
1,11,95
1,11,95
1,11,95
1,11,95
2,12,96
2,11,96
1,11,96
1,11,97
1,10,97
1,10,97
1,11,97
2,11,97
2,11,97
2,11,96
3,11,96
3,11,96
3,11,95
3,10,95
3,10,95
3,10,95
3,10,95
2,10,95
2,10,95
2,10,97
2,11,98
2,11,98
2,11,98
2,11,98
2,11,98
2,11,98
1,10,98
1,10,98
1,9,98
1,9,98
2,10,99
2,10,99
2,10,99
2,10,99
2,10,99
2,10,99
2,11,99
3,11,99
3,12,99
3,12,100
3,12,100
3,12,99
2,11,99
2,11,98
2,11,98
2,11,98
2,11,98
2,11,97
2,11,97
1,11,97
1,11,97
1,11,97
2,11,98
2,11,98
2,10,99
2,11,99
2,11,99
2,11,100
2,12,100
3,12,101
3,13,101
3,12,101
3,12,101
3,12,101
3,11,100
3,11,100
3,11,99
3,11,98
3,11,98
3,11,96
3,11,95
3,10,94
3,10,93
4,11,91
5,11,90
5,12,90
5,12,89
5,11,87
4,11,85
3,10,83
2,10,80
2,10,80
2,10,80
2,10,80
2,10,80
2,10,80
2,10,80
2,10,80
2,10,80
2,10,80
3,10,83
4,11,94
4,11,94
3,11,94
3,11,94
3,11,94
3,11,94
3,11,94
3,11,94
3,11,94
3,11,94
3,11,94
3,11,94
3,11,94
3,11,94
3,11,94
3,10,94
3,10,94
3,10,95
3,10,95
3,10,95
3,10,94
3,10,94
3,10,94
3,11,95
3,11,95
3,11,95
1,11,95
1,10,95
1,10,95
1,10,96
1,10,97
2,10,97
2,10,97
2,10,97
2,10,97
2,10,97
2,10,97
1,10,97
1,10,96
2,10,96
2,11,96
2,11,96
2,11,96
2,11,95
2,11,95
2,11,95
2,11,95
3,11,94
3,10,95
3,10,95
3,10,95
3,10,95
3,10,95
3,10,95
3,10,95
3,10,95
3,10,95
3,10,95
4,10,94
4,10,94
4,10,94
4,10,94
3,11,94
3,11,94
3,11,94
3,11,94
3,11,94
3,11,94
3,10,93
4,10,93
4,10,93
4,10,93
4,10,93
3,10,93
3,10,93
2,10,93
2,10,93
3,11,94
3,10,94
2,10,94
2,10,94
3,10,94
2,10,94
2,10,94
3,10,95
3,10,95
2,10,95
1,11,95
1,11,95
1,11,95
1,11,95
1,11,95
1,11,95
1,11,96
1,11,96
1,10,97
1,10,97
1,10,97
2,10,97
2,11,97
3,11,97
3,11,97
3,11,96
4,11,96
3,11,96
3,11,95
3,10,95
2,10,95
2,10,95
2,10,95
2,10,95
2,11,97
2,11,98
2,11,98
2,11,98
2,11,98
2,11,98
2,11,98
1,10,98
1,10,98
1,10,98
2,10,99
2,10,99
2,10,99
2,10,99
2,10,99
2,10,99
2,10,99
2,10,99
3,11,99
3,11,99
3,11,100
3,11,100
3,11,100
3,11,99
2,11,99
2,11,98
2,11,98
2,11,98
2,11,98
2,11,98
2,11,98
2,11,98
2,11,98
2,11,98
2,11,98
2,11,99
3,11,99
3,11,100
3,11,100
3,12,100
3,12,101
3,13,101
3,13,101
3,12,101
3,12,100
3,11,100
3,11,100
2,11,99
2,11,98
2,11,98
2,11,96
2,11,95
3,11,94
3,11,93
3,11,92
5,11,90
5,11,90
5,11,89
5,11,87
5,11,85
3,10,83
3,10,83
2,10,80
2,10,80
2,10,80
2,10,80
2,10,80
2,10,80
2,10,80
2,10,80
2,10,80
2,10,82
5,11,94
5,11,94
5,11,94
5,11,94
3,11,94
3,11,94
3,11,94
3,11,94
3,11,94
3,11,94
3,11,94
3,11,94
3,11,94
3,11,94
3,11,94
3,10,94
3,10,94
3,10,95
3,10,95
3,10,95
3,10,95
3,10,95
3,10,95
3,10,95
3,10,95
2,11,95
1,11,95
1,11,95
1,10,95
1,10,96
1,10,97
1,10,97
1,10,97
2,10,97
2,10,97
2,10,97
1,10,97
1,10,97
1,10,97
1,10,97
1,10,96
2,11,96
2,11,96
2,12,96
2,11,96
2,11,95
2,11,95
2,11,95
3,11,95
3,11,94
3,10,94
3,10,95
3,10,95
3,10,95
3,10,95
3,10,95
4,10,95
4,10,95
4,10,95
4,10,95
4,10,94
4,10,94
4,10,94
4,10,94
3,11,94
3,11,94
3,11,94
3,11,94
3,10,93
3,10,93
3,10,93
4,10,93
4,10,93
3,10,93
3,10,93
2,10,93
2,10,93
2,10,93
2,10,93
2,10,93
2,10,93
2,10,94
2,10,94
2,10,94
2,10,94
3,10,95
2,10,95
2,10,95
1,10,95
1,11,95
1,11,95
1,11,95
1,11,95
1,11,95
1,11,95
1,11,96
1,10,97
1,10,97
2,10,97
2,10,97
3,11,97
3,11,97
3,11,97
4,11,96
4,11,96
4,11,96
3,11,95
2,11,95
2,10,95
2,10,95
2,10,95
1,10,95
2,10,97
2,11,97
2,11,98
2,11,98
2,11,98
2,11,98
2,10,98
1,10,98
1,10,98
2,10,99
2,10,99
2,10,99
2,10,99
2,10,99
2,10,99
2,10,99
2,10,99
2,10,99
2,10,99
3,11,99
3,11,100
3,11,100
3,11,100
3,11,100
3,11,100
3,11,100
2,11,99
2,11,98
2,11,98
2,11,98
2,11,98
2,11,98
2,11,98
3,12,99
3,12,99
3,11,99
3,11,100
3,11,100
3,11,100
3,12,100
3,12,101
3,13,101
3,13,101
3,13,101
3,12,100
3,11,100
3,11,100
2,11,99
2,11,98
2,11,98
2,11,96
2,11,95
3,11,95
3,10,94
3,10,93
5,10,91
5,11,90
5,11,89
5,11,88
5,11,86
4,11,84
3,10,83
3,10,82
2,10,80
2,10,80
2,10,80
2,10,80
2,10,80
2,10,80
2,10,80
2,10,80
2,10,81
3,10,83
5,11,94
5,11,94
5,11,94
5,11,94
3,11,94
3,11,94
3,11,94
3,11,94
3,11,94
3,11,94
3,11,94
3,10,94
3,10,94
3,11,94
3,10,94
3,10,94
3,10,95
3,10,95
3,10,95
3,10,95
3,10,95
3,10,95
3,10,95
3,10,95
2,10,95
1,11,95
1,11,95
1,11,95
1,11,95
1,10,97
1,10,97
1,10,97
1,10,97
1,10,97
1,11,97
2,11,97
1,10,97
1,10,97
1,10,97
1,10,97
1,10,96
2,11,96
2,11,96
2,12,96
2,11,96
2,11,95
2,11,95
2,11,94
3,11,94
3,11,94
3,11,94
3,10,94
3,10,95
3,10,95
3,10,95
4,10,95
5,10,95
5,10,95
5,10,95
5,10,95
5,10,94
5,10,94
5,10,94
4,10,94
3,11,94
3,11,94
3,11,94
3,11,94
3,10,93
3,10,93
3,10,93
4,10,93
3,10,93
3,10,93
3,10,93
2,10,93
2,10,93
2,10,93
2,10,93
2,10,93
2,10,93
2,9,94
2,9,94
2,9,94
2,9,94
3,10,94
2,10,94
2,10,94
2,10,94
1,10,95
1,11,95
1,11,95
1,11,95
1,11,95
1,11,95
1,10,95
1,10,95
3,10,97
3,10,97
3,10,97
3,10,97
3,11,97
3,11,97
4,11,97
4,11,96
3,11,96
2,11,95
1,11,95
1,11,95
1,11,95
1,11,95
1,11,95
1,11,96
1,11,97
2,11,98
2,11,98
2,11,98
2,11,98
2,11,98
1,10,98
2,10,98
2,10,99
2,10,99
2,10,99
2,10,99
2,10,99
2,10,99
2,10,99
2,10,99
2,10,99
2,10,99
2,10,99
3,11,100
3,11,100
3,11,100
3,11,100
3,11,100
3,11,100
2,11,100
2,11,99
2,11,98
2,11,98
2,11,98
2,11,98
2,11,99
3,12,99
3,12,99
3,11,99
3,11,100
3,11,100
3,11,100
3,12,100
3,12,101
3,13,101
3,13,101
3,13,101
3,13,101
3,12,101
3,11,100
3,11,100
2,11,99
2,11,98
2,11,98
2,11,96
2,11,95
3,11,94
3,11,94
4,11,93
5,11,90
5,11,89
5,11,88
5,11,86
4,11,85
3,10,84
3,10,83
3,10,82
2,10,80
2,10,80
2,10,80
2,10,80
2,10,80
2,10,80
2,10,80
3,10,81
3,10,83
4,11,94
4,11,94
5,11,94
4,11,94
3,11,94
3,10,94
3,11,94
3,11,94
3,10,94
3,10,94
3,10,94
3,10,94
3,10,94
3,11,94
3,10,94
3,10,94
3,10,95
3,10,95
3,10,95
3,10,95
3,10,95
3,10,95
3,10,95
3,10,95
2,10,95
1,11,95
1,11,95
1,11,95
1,10,97
1,10,97
1,10,97
1,10,97
1,10,97
1,11,97
2,11,97
2,11,97
2,11,97
2,10,97
1,10,97
1,10,97
1,10,96
2,11,96
2,11,96
2,11,96
2,11,96
2,11,95
2,11,95
2,11,94
3,11,94
3,11,94
3,11,94
3,11,94
3,11,94
3,11,94
4,10,95
4,10,95
5,10,95
5,10,95
5,10,95
5,10,95
5,10,95
5,10,95
5,10,95
4,10,94
3,10,94
3,11,94
3,11,94
3,10,93
3,10,93
3,10,93
3,10,93
3,10,93
3,10,92
3,10,92
3,10,93
3,10,93
2,10,93
2,10,93
2,10,93
2,10,93
2,9,93
2,9,94
3,9,94
3,10,94
3,10,94
3,10,94
2,10,94
2,10,94
2,10,94
2,10,94
1,10,94
1,11,95
1,11,95
1,11,95
1,10,95
3,10,95
3,10,95
3,10,95
3,10,97
3,10,97
3,10,97
3,11,98
3,11,97
3,11,97
3,11,96
1,11,96
1,11,95
1,11,95
1,11,95
1,11,95
1,11,95
1,11,95
1,11,95
1,11,96
2,11,97
2,11,97
2,11,98
2,11,98
2,11,98
2,11,98
2,10,98
2,10,99
2,10,99
2,10,99
2,10,99
2,10,99
2,10,99
2,10,99
2,10,99
2,10,99
2,10,99
2,10,99
3,11,100
3,11,100
3,11,100
3,11,100
3,11,100
3,11,100
2,11,100
2,11,100
2,11,100
2,11,99
2,12,99
2,12,99
2,12,99
3,12,99
3,12,99
3,12,99
3,11,100
3,11,100
3,11,100
3,11,100
3,12,100
3,13,101
3,13,101
3,13,101
3,13,101
3,13,101
3,12,101
3,12,100
3,11,100
2,11,98
2,11,98
2,11,98
2,11,96
3,11,95
3,11,94
4,11,94
4,11,91
4,11,90
5,11,89
5,11,88
4,11,86
4,11,84
3,10,83
3,10,83
2,10,81
2,10,80
2,10,80
2,10,80
2,10,80
2,10,80
2,10,80
3,10,83
3,11,83
4,11,92
3,11,94
3,11,94
3,11,94
3,11,94
3,10,95
3,10,95
3,10,95
3,10,95
3,10,95
3,10,95
3,10,94
3,10,94
3,10,94
3,10,94
3,10,94
3,10,94
3,10,95
3,10,95
3,10,95
3,10,95
3,10,95
3,10,95
3,10,95
3,10,95
2,10,95
1,10,95
1,10,95
1,10,95
1,10,97
1,10,97
1,10,97
1,10,97
1,10,97
1,11,97
1,11,96
2,11,96
2,11,96
2,10,96
2,10,96
2,10,95
2,10,96
2,10,96
3,11,96
3,11,96
3,11,96
3,11,95
3,11,95
3,11,94
3,11,94
3,11,94
3,11,94
3,11,94
3,10,94
3,10,94
4,10,94
4,10,94
5,10,94
5,10,94
5,10,94
5,10,95
5,10,95
5,10,95
5,10,95
5,10,95
3,10,95
3,10,94
3,10,93
3,10,93
3,10,93
3,10,93
3,10,93
3,9,92
3,9,92
3,9,92
2,10,92
2,10,93
2,10,93
2,10,93
2,10,93
2,9,93
2,9,94
2,9,94
3,9,94
3,10,94
3,10,94
3,10,94
2,10,94
2,10,94
2,10,93
2,10,93
2,10,94
2,10,95
2,10,95
3,10,95
3,10,95
3,10,95
3,10,95
3,10,95
3,10,96
3,10,97
3,10,97
3,11,97
2,11,97
2,11,97
2,11,97
1,11,97
1,11,95
1,11,95
1,11,95
1,11,95
1,11,95
1,11,95
1,11,95
1,11,95
1,11,96
2,11,96
2,11,97
2,11,98
2,11,98
2,11,98
2,10,98
2,10,99
2,10,99
2,10,99
2,10,99
2,10,99
2,10,99
2,10,99
2,10,99
2,10,99
2,10,99
2,10,99
3,11,100
3,11,100
3,11,100
3,11,100
3,11,100
2,11,100
2,12,100
2,12,100
2,12,100
2,12,100
2,12,100
2,12,100
3,12,99
3,12,100
3,12,100
2,12,100
2,11,100
3,11,100
3,11,100
2,11,100
2,11,100
3,12,100
3,13,101
3,13,101
3,13,101
3,13,101
3,12,101
3,12,101
3,12,100
3,11,100
3,11,99
3,11,99
3,11,98
3,11,96
3,11,95
3,11,94
3,11,93
4,11,91
4,11,89
5,11,88
4,11,86
4,11,84
4,11,84
3,10,83
3,10,83
2,10,82
2,10,80
2,10,80
2,10,80
2,10,80
3,10,81
3,10,83
4,11,84
4,11,84
4,11,92
3,11,94
3,11,94
3,11,94
3,11,94
3,10,95
3,10,95
3,10,95
3,10,95
3,10,95
3,10,95
3,10,95
3,10,94
3,10,94
3,11,94
3,11,94
3,10,95
3,10,95
3,10,95
3,10,95
3,10,95
3,10,95
3,10,95
3,10,95
3,10,95
2,10,95
1,10,95
1,10,95
1,10,95
1,10,97
1,10,97
1,10,97
1,10,97
1,11,97
1,11,96
1,11,96
2,11,96
2,11,96
2,10,96
2,10,95
2,10,95
2,10,95
3,10,96
3,11,96
3,11,96
3,11,96
3,11,95
3,11,94
3,11,94
3,11,94
3,11,94
3,11,94
2,10,93
2,10,93
3,10,93
3,10,93
4,10,93
4,10,93
5,10,94
5,10,94
5,10,95
5,10,95
5,10,95
5,10,95
5,10,95
3,10,95
3,10,94
3,10,93
3,10,93
3,10,93
3,10,93
3,10,92
3,9,92
3,9,90
3,9,90
3,9,92
2,10,92
2,10,93
2,10,93
2,10,93
2,9,93
2,9,93
2,9,94
3,9,94
3,10,94
3,10,94
3,10,94
2,10,94
2,10,93
2,10,93
2,10,93
2,10,94
2,10,94
2,10,95
3,10,95
3,10,95
3,10,95
3,10,95
3,10,95
3,10,95
3,10,95
3,10,97
3,11,97
2,11,97
2,11,97
1,11,97
1,10,97
1,11,96
1,11,95
1,11,95
1,11,95
1,11,95
1,11,95
1,11,95
1,11,95
1,11,95
1,11,96
2,11,96
2,11,97
2,11,97
2,11,97
2,10,98
2,10,99
2,10,99
2,10,99
2,10,99
3,11,100
2,10,99
2,10,99
2,10,99
2,10,99
2,10,99
3,11,100
3,11,100
3,11,100
3,12,100
3,12,100
2,12,100
2,12,100
2,12,100
2,12,100
2,12,100
2,12,100
2,12,100
2,12,100
2,12,100
2,12,100
2,12,100
2,12,100
2,11,100
2,11,100
2,11,100
2,11,99
2,11,100
2,12,100
2,12,100
2,12,100
2,13,101
3,13,101
3,12,101
3,12,101
3,12,101
3,12,101
3,12,100
3,12,99
3,12,99
3,12,98
3,12,96
2,11,95
2,11,93
3,11,91
4,11,90
4,11,89
4,11,87
4,11,86
4,11,84
3,10,83
3,10,83
3,10,82
2,10,81
2,10,80
2,10,80
2,10,81
3,10,82
3,10,83
4,11,84
5,11,85
3,11,92
3,11,92
3,11,94
3,11,94
3,11,94
3,11,94
3,10,95
3,10,95
3,10,95
3,10,95
3,10,95
3,10,95
3,10,95
3,10,94
3,10,94
3,11,94
3,11,94
3,11,94
3,10,95
3,10,95
3,10,95
3,10,95
3,10,95
3,10,95
3,10,95
3,10,95
2,10,94
1,10,95
1,10,95
1,10,95
1,10,97
1,10,97
1,10,97
1,10,97
1,11,95
1,11,95
1,11,95
2,11,95
2,11,95
2,10,95
3,10,95
3,10,95
3,10,95
3,10,95
4,11,96
3,10,95
3,11,95
3,11,95
3,11,94
3,11,94
3,11,94
3,11,94
3,11,94
2,10,93
3,10,93
3,10,93
4,10,93
4,10,93
4,10,93
4,10,93
5,10,94
5,10,94
5,10,95
5,10,95
5,10,95
5,10,95
3,10,95
3,10,94
3,10,94
3,10,93
3,10,93
3,10,93
3,10,92
3,9,92
3,9,90
3,9,90
3,9,92
3,10,92
2,10,92
2,10,93
2,10,93
2,9,93
2,9,94
3,9,94
3,9,94
3,10,94
3,10,94
3,10,94
3,11,94
2,10,93
2,10,93
2,10,93
2,10,93
2,10,93
3,10,94
3,10,94
3,9,94
3,9,94
3,9,94
3,10,95
3,10,95
3,10,95
3,10,95
2,10,97
2,10,97
1,10,97
1,10,97
1,10,97
1,10,97
1,11,97
1,11,95
1,11,95
1,11,95
1,11,95
1,11,95
1,11,95
1,11,95
1,11,95
2,11,96
2,11,96
2,11,97
2,11,97
2,11,98
2,11,98
2,11,99
3,11,100
3,11,100
3,11,100
3,11,100
2,10,99
2,10,99
2,10,99
2,10,99
3,11,100
3,11,100
3,11,100
3,12,101
3,12,100
2,12,100
2,12,100
2,12,100
2,12,100
2,12,100
2,12,100
2,12,100
2,12,100
2,12,100
2,12,100
2,12,100
2,11,100
2,11,100
2,11,100
2,11,99
2,11,99
2,11,99
2,12,100
2,12,100
2,12,100
2,12,100
2,12,100
2,12,100
3,12,100
3,12,101
4,12,101
4,12,101
3,12,100
3,12,99
3,12,99
3,12,96
2,12,96
2,11,94
3,11,91
3,11,91
4,11,89
4,11,88
4,11,86
4,11,84
3,10,83
3,10,83
2,10,82
2,10,82
2,10,82
2,10,82
2,10,82
3,10,82
3,10,83
4,11,84
5,11,85
5,11,86
3,11,92
3,11,92
3,11,94
3,11,94
3,11,94
3,11,94
3,10,95
3,10,95
3,10,95
3,10,95
3,10,95
3,10,95
2,10,94
3,10,94
3,10,94
3,11,94
3,11,94
3,11,94
3,10,95
3,10,95
3,10,95
3,10,95
3,10,95
3,10,95
3,10,95
3,10,95
1,10,95
1,10,95
1,10,95
1,10,95
1,10,97
1,10,97
1,10,97
1,10,97
1,11,95
1,11,95
1,11,95
2,11,95
2,11,95
3,10,95
3,10,95
3,10,95
3,10,95
3,10,95
4,11,96
4,11,96
4,11,95
4,11,95
3,11,95
3,11,94
3,11,94
3,11,94
3,11,94
3,11,94
3,11,94
3,11,94
4,10,93
4,10,93
4,10,93
4,10,93
4,10,94
5,10,94
5,10,95
5,10,95
5,10,95
5,10,95
3,10,95
3,10,94
3,10,94
3,10,93
3,10,93
4,10,93
4,10,93
3,10,92
3,9,92
3,9,92
3,9,92
3,10,92
3,10,93
2,10,93
2,10,93
2,10,94
2,9,94
3,9,94
3,9,94
3,10,94
3,11,94
3,11,94
3,11,94
3,11,94
2,10,93
2,10,93
2,10,93
2,10,93
2,10,94
3,9,94
3,9,94
3,9,94
3,9,94
3,9,94
2,10,95
3,10,95
3,10,95
3,10,96
2,10,97
1,10,97
1,10,97
1,10,97
1,10,97
1,10,97
1,11,97
1,11,95
1,11,95
1,11,95
1,11,95
1,11,95
1,11,95
1,11,95
2,11,96
2,11,96
2,11,97
2,11,97
2,11,98
2,10,98
2,10,99
3,11,100
3,11,100
3,11,100
3,11,100
2,10,99
2,10,99
2,10,99
2,10,99
3,11,100
4,12,101
4,12,101
4,12,101
3,12,100
2,12,100
2,12,100
2,12,100
2,12,100
2,12,100
2,12,100
3,13,101
2,12,100
2,12,100
2,12,100
2,12,100
2,12,100
2,11,100
2,11,100
2,11,99
2,11,99
2,11,100
2,11,100
2,12,100
2,12,100
2,12,100
2,12,100
2,12,100
2,12,100
3,12,100
4,12,101
4,12,101
4,12,101
3,12,99
3,12,99
3,12,97
2,12,96
2,11,94
3,11,91
3,11,91
3,11,89
4,11,88
4,10,86
3,10,85
3,10,83
3,10,83
2,9,82
2,10,82
2,10,82
2,9,82
2,10,82
2,10,82
3,10,83
3,10,83
4,11,84
4,11,86
4,11,92
4,11,92
3,11,94
3,11,94
3,11,94
3,11,94
3,11,94
3,11,94
3,10,95
3,10,95
3,10,95
2,10,94
2,10,94
2,10,94
3,11,94
3,11,94
3,11,94
3,11,94
3,10,95
3,10,95
3,10,95
3,10,95
3,10,95
3,10,95
3,10,95
3,10,95
1,10,95
1,11,95
1,11,95
1,10,95
1,10,97
1,10,97
1,10,97
1,11,97
1,11,95
1,11,95
1,11,95
2,11,95
2,11,95
3,10,95
3,10,95
3,10,95
3,10,95
3,10,95
3,10,95
3,10,95
3,11,95
4,11,95
4,11,95
3,11,94
3,11,94
3,11,94
3,11,94
2,11,93
3,11,93
3,11,93
4,10,93
4,10,93
4,10,93
4,10,93
4,10,93
5,10,94
5,10,95
5,10,95
5,10,95
5,10,95
3,10,95
3,10,95
3,10,94
3,10,94
3,10,93
4,10,93
4,10,93
3,10,93
3,9,92
3,9,92
3,9,92
3,9,92
3,10,93
3,10,93
2,10,93
2,10,94
2,10,94
2,10,94
3,10,94
3,10,94
3,10,94
3,10,94
3,11,94
3,11,94
3,10,94
2,10,94
2,10,94
2,10,93
2,10,93
3,9,94
3,9,94
2,9,94
2,9,94
2,9,94
2,9,94
3,10,95
3,10,95
3,10,96
2,10,97
1,10,97
1,10,97
1,10,97
1,10,97
1,10,97
1,10,97
1,10,97
1,11,97
1,11,96
1,11,95
1,11,95
1,11,95
1,11,95
2,11,96
2,11,96
2,11,97
2,11,97
2,11,98
2,10,98
2,10,98
2,10,99
3,11,100
3,11,100
3,11,100
3,11,100
2,10,99
3,11,100
3,11,100
3,11,100
4,12,101
4,12,101
4,12,101
3,12,100
2,12,100
2,12,100
2,12,100
2,12,100
2,12,100
2,12,100
2,12,100
2,12,100
2,12,100
2,12,100
2,12,100
2,11,100
2,11,100
2,11,100
2,11,100
2,11,100
2,11,100
2,11,100
2,12,100
2,12,100
2,12,100
2,12,100
2,12,100
2,12,100
3,12,100
3,12,100
3,12,100
3,12,100
3,12,99
3,12,99
3,12,97
2,12,96
2,11,94
3,11,91
3,11,91
3,11,89
4,11,88
3,10,86
3,10,85
3,10,84
3,10,83
2,9,82
2,9,82
2,9,82
2,9,82
2,9,82
2,10,82
3,10,83
3,10,83
4,10,84
4,11,86
4,11,90
4,11,91
4,11,92
4,11,94
3,11,94
3,11,94
3,11,94
3,11,94
3,11,94
3,10,94
3,10,94
3,10,94
2,10,94
2,10,94
2,10,94
3,11,94
3,11,94
3,11,94
3,11,94
3,10,95
3,10,95
3,10,95
3,10,95
3,10,95
3,10,95
3,10,95
2,10,95
1,11,95
1,11,95
1,11,95
1,11,95
1,10,97
1,10,97
1,10,97
1,11,97
1,11,95
1,11,95
1,11,95
2,11,95
2,10,95
3,10,95
3,10,95
3,10,95
3,10,95
3,10,95
3,10,95
3,10,95
3,11,95
3,11,95
3,11,95
3,11,94
3,11,94
3,11,94
3,11,93
3,11,93
3,11,93
3,11,93
4,10,93
4,10,93
4,10,93
4,10,93
4,10,93
4,10,94
5,10,95
5,10,95
5,10,95
5,10,95
3,10,95
3,10,95
3,10,94
3,10,94
3,10,93
4,10,93
4,10,93
4,10,93
4,10,93
3,9,92
3,9,92
3,9,92
3,10,93
3,10,93
3,10,93
3,10,94
2,10,94
2,10,94
3,10,94
3,10,94
3,10,94
3,10,94
3,11,94
3,11,94
3,10,94
3,10,94
3,10,94
2,10,93
2,10,93
3,9,93
3,9,93
2,9,93
2,9,94
2,9,94
2,9,94
3,10,95
3,10,95
3,10,95
1,10,97
1,10,97
1,10,97
1,10,97
1,10,97
1,10,97
1,10,97
1,10,97
1,10,97
1,11,97
1,11,96
2,11,96
2,12,96
2,12,96
2,11,96
2,12,96
2,11,97
2,11,97
2,10,98
2,10,98
2,10,98
2,10,99
3,11,100
3,11,100
3,11,100
3,11,100
3,11,100
3,11,100
3,11,100
3,11,100
4,12,101
4,12,101
4,12,101
3,12,100
3,12,100
2,12,100
2,12,100
2,12,100
2,12,100
2,12,100
2,12,100
2,12,100
2,12,100
2,12,100
2,11,100
2,11,99
2,10,99
2,10,99
2,10,99
2,11,100
2,11,100
2,11,100
2,11,100
2,12,100
2,12,100
2,12,100
2,12,100
2,12,100
3,12,100
3,12,100
3,11,100
3,12,100
3,12,100
3,12,99
3,12,98
3,12,96
3,11,94
3,11,92
3,11,91
3,11,89
4,11,88
3,11,87
3,10,86
3,10,85
3,10,83
2,9,82
2,9,82
2,9,82
2,9,82
2,9,82
2,10,82
3,10,83
3,10,83
3,10,83
3,11,85
3,11,86
4,10,90
4,11,90
4,11,92
3,11,92
3,11,94
3,11,94
3,11,94
3,11,94
3,11,94
3,11,94
3,10,94
3,10,94
2,10,94
2,10,94
2,10,94
3,11,94
3,11,94
3,11,94
3,11,94
3,10,95
3,10,95
3,10,95
3,10,95
3,10,95
3,10,95
3,10,95
1,11,95
1,11,95
1,11,95
1,11,95
1,11,96
1,10,97
1,10,97
1,10,97
1,11,97
1,11,95
1,11,95
1,11,95
1,11,95
2,10,95
3,10,95
3,10,95
3,10,95
3,10,95
3,10,95
3,10,95
3,10,95
3,11,95
3,11,95
3,11,94
3,11,94
3,11,94
3,11,94
3,11,93
3,11,93
3,11,93
3,11,93
3,10,93
4,10,93
4,10,93
4,10,93
4,10,93
4,10,94
5,10,94
5,10,95
5,10,95
4,10,95
3,10,95
3,10,95
3,10,94
3,10,94
3,10,94
3,10,94
4,10,93
4,10,93
4,10,93
4,10,93
3,10,93
3,10,93
3,10,93
3,10,93
3,10,94
3,11,94
3,10,94
2,10,94
3,10,94
3,10,94
3,10,94
3,10,94
3,10,94
3,10,94
3,10,94
3,10,94
3,10,94
3,10,94
3,10,93
3,9,93
3,9,93
2,9,93
2,9,93
2,9,93
2,9,94
3,10,95
3,10,95
3,10,95
1,10,97
1,10,97
1,10,97
1,10,97
1,10,97
1,10,97
1,10,97
1,10,97
1,10,97
1,10,97
2,11,96
2,12,96
2,12,96
2,12,96
2,11,96
2,12,96
2,11,97
2,11,97
1,10,98
1,10,98
2,10,98
2,10,99
2,10,99
3,11,100
3,11,100
3,11,100
3,11,100
3,11,100
3,11,100
3,11,100
4,12,101
4,12,101
4,12,101
3,12,101
3,12,100
2,12,100
2,12,100
2,12,100
2,12,100
2,12,100
2,12,100
2,12,100
2,12,100
2,12,100
2,11,99
2,10,99
2,10,99
2,10,99
2,10,99
2,10,99
2,11,100
2,11,100
2,11,100
2,12,100
2,12,100
2,12,100
2,12,100
2,12,100
3,12,100
3,11,100
3,11,100
3,11,100
3,11,100
3,11,99
3,11,98
3,11,97
3,11,95
3,11,93
3,11,91
3,11,89
3,11,88
3,11,87
3,10,86
3,10,85
3,10,83
3,9,83
2,9,82
2,9,82
2,9,82
2,9,82
2,9,82
3,10,83
3,10,83
3,10,83
3,10,85
3,11,86
4,11,90
4,11,90
4,11,90
3,11,91
3,11,92
3,11,94
3,11,94
3,11,94
3,11,94
3,11,94
3,11,94
3,10,94
3,10,94
3,10,94
3,11,94
3,11,94
3,11,94
3,11,94
3,11,94
3,10,95
3,10,95
3,10,95
3,10,95
3,10,95
3,10,95
2,11,95
1,11,95
1,11,95
1,11,95
1,11,96
1,11,97
1,11,97
1,11,97
1,11,97
1,11,97
1,11,96
1,11,95
1,11,95
2,11,95
2,11,95
3,10,95
3,10,95
3,10,95
3,10,95
3,10,95
3,10,95
3,10,95
3,11,94
3,11,94
3,11,94
3,11,94
3,11,93
2,11,93
2,10,93
2,11,93
2,10,93
2,10,92
3,10,92
3,10,93
4,10,93
4,10,93
4,10,93
4,10,93
4,10,94
4,10,94
4,10,95
4,10,95
3,10,95
3,10,95
3,10,95
3,10,94
3,10,94
3,11,94
4,11,94
4,11,94
4,10,93
4,10,93
4,10,93
4,10,93
4,10,93
4,10,93
3,10,93
3,10,94
3,10,94
3,10,94
3,10,94
3,10,94
3,10,94
3,10,94
3,10,94
3,10,94
3,10,95
3,10,95
3,10,95
3,10,94
3,10,94
4,10,93
4,9,93
3,9,93
2,9,93
2,9,93
2,10,93
3,10,95
3,10,95
3,10,95
1,10,97
1,10,97
1,10,97
1,10,97
1,10,97
1,10,97
1,10,97
1,10,97
1,10,97
1,10,97
2,11,96
2,12,96
2,12,96
2,12,96
2,12,96
2,12,97
2,11,97
2,11,98
2,11,98
2,10,98
2,10,98
2,10,99
2,10,99
2,10,99
3,11,100
3,11,100
3,11,100
3,11,100
3,11,100
3,11,100
3,11,100
4,12,101
3,12,101
3,12,100
3,12,100
2,12,100
2,12,100
2,12,100
2,12,100
2,12,100
2,12,100
2,12,100
2,12,100
2,11,100
2,11,99
2,10,99
2,10,99
2,10,99
2,10,99
2,10,99
2,11,100
2,11,100
2,11,100
2,11,100
2,12,100
2,12,100
2,12,100
3,12,100
3,12,100
3,11,100
3,11,100
3,11,100
3,11,100
3,11,99
3,11,99
3,11,98
3,12,96
3,11,94
4,11,92
3,11,90
3,11,88
3,11,87
3,11,86
3,10,86
3,10,84
3,10,83
3,10,83
3,10,83
3,10,83
3,10,83
3,10,83
3,10,83
3,10,83
3,10,83
3,10,84
3,10,86
4,10,89
4,11,90
4,11,90
4,11,91
4,11,91
3,11,91
3,11,91
3,11,94
3,11,94
3,11,94
3,11,94
3,11,94
3,11,94
3,10,94
3,10,94
3,11,94
3,11,94
4,11,94
4,11,94
4,11,94
3,10,94
3,10,95
3,10,95
3,10,95
3,10,95
3,10,95
2,11,95
2,11,95
1,11,95
2,11,96
2,11,96
2,11,97
2,11,97
1,11,98
1,11,97
1,11,97
1,11,96
1,11,95
1,11,95
2,11,95
2,11,95
3,10,95
3,10,95
3,10,95
3,10,95
3,10,95
3,10,95
3,10,94
3,11,94
3,11,94
3,11,94
3,11,94
3,11,93
2,10,93
2,10,93
2,10,93
2,10,92
2,10,92
2,9,92
3,9,92
3,10,92
4,10,93
4,10,93
4,10,93
4,10,93
4,10,94
4,10,94
4,10,95
3,10,95
3,10,95
3,10,95
3,10,95
3,10,94
3,11,94
4,11,94
4,11,94
4,10,93
4,10,93
4,10,93
4,10,93
4,10,93
4,10,93
4,10,93
3,10,93
3,10,93
2,10,93
3,10,94
2,10,94
2,10,94
2,10,94
3,10,95
3,10,95
3,10,95
3,10,95
3,10,95
3,10,95
4,10,94
4,10,93
4,10,93
3,10,93
2,9,93
2,10,93
2,10,93
3,10,95
3,10,95
3,10,95
1,10,97
1,10,97
1,10,97
1,10,97
1,10,97
1,10,97
1,10,97
1,10,97
1,10,97
1,10,97
2,11,96
2,12,96
2,12,96
2,12,96
2,12,96
2,12,97
2,12,97
2,11,98
2,11,98
2,10,98
2,10,98
2,10,99
2,10,99
2,10,99
2,10,99
3,11,100
3,11,100
3,11,100
3,11,100
3,11,100
3,11,100
3,11,100
3,12,100
3,12,100
3,12,100
2,12,100
2,12,100
2,12,100
2,12,100
2,12,100
2,12,100
2,12,100
2,12,100
2,11,100
2,10,99
2,10,99
2,10,99
2,10,99
2,10,99
2,10,99
2,11,100
3,11,100
3,11,100
3,11,100
2,12,100
3,12,100
3,12,101
3,12,101
3,12,101
3,12,100
3,11,100
3,11,100
3,11,100
3,11,100
3,11,99
3,12,98
3,12,96
3,12,95
4,11,92
3,11,91
3,11,89
3,11,88
3,11,87
3,11,86
3,10,84
3,10,83
3,10,83
3,10,83
3,10,83
3,10,83
3,10,83
3,10,83
3,10,83
3,10,83
3,10,84
3,10,85
3,10,88
4,11,90
4,11,90
4,11,90
4,11,90
3,11,91
3,11,91
3,11,91
3,11,91
3,11,93
3,11,94
3,11,94
3,11,94
3,10,94
3,10,94
3,10,94
3,10,94
3,11,94
4,11,94
4,11,94
4,10,94
3,10,94
3,10,94
3,10,95
3,10,95
3,10,95
3,10,95
3,10,95
2,11,95
1,11,95
2,11,96
2,11,97
2,11,97
2,11,98
2,11,98
2,11,98
1,11,97
1,11,96
1,11,95
1,11,95
2,11,95
3,10,95
3,10,95
3,10,95
3,10,95
3,10,95
3,10,95
3,10,95
3,10,94
3,11,94
3,11,94
3,11,94
3,11,94
3,11,94
3,11,93
2,10,93
2,10,93
2,10,93
2,9,92
2,9,92
2,9,92
3,9,92
3,9,92
4,10,93
4,10,93
4,10,93
4,10,93
4,10,94
4,10,95
3,10,95
3,10,95
3,10,95
3,10,95
3,10,94
3,11,94
4,11,94
4,10,93
4,10,93
4,10,93
4,10,93
4,10,93
4,10,93
4,10,93
4,10,93
4,10,93
3,10,93
3,10,93
3,10,94
2,10,94
3,10,94
3,10,94
3,10,95
3,10,95
3,10,95
3,10,95
3,10,95
3,10,95
4,10,94
4,10,93
4,10,93
4,10,93
2,10,93
2,10,93
2,10,93
3,10,95
3,10,95
3,10,95
1,10,95
1,10,97
1,10,97
1,10,97
1,10,97
1,10,97
1,10,97
3,10,97
3,10,97
1,10,96
2,11,95
2,11,96
2,12,96
2,12,96
2,12,96
2,12,97
2,11,97
2,11,98
2,11,98
2,10,98
2,10,98
2,10,98
2,10,99
2,10,99
2,10,99
2,10,99
3,11,100
3,11,100
3,11,100
3,11,100
3,11,100
3,11,100
3,11,100
3,11,100
3,12,100
2,12,100
2,12,100
2,12,100
2,12,100
2,12,100
2,12,100
2,12,100
3,12,100
3,11,100
2,11,100
2,10,99
2,10,99
2,10,99
2,10,99
2,10,99
2,11,99
3,11,100
3,11,100
3,12,100
3,12,101
3,13,101
3,13,101
3,13,101
3,12,101
4,12,101
4,12,101
4,12,101
3,12,100
3,11,100
3,11,99
3,12,99
3,12,97
3,12,96
4,12,94
3,11,92
3,11,90
3,11,88
3,11,87
3,10,86
3,10,84
3,10,83
3,10,83
3,10,83
3,10,83
2,9,82
2,9,82
2,9,82
2,9,83
3,9,83
3,10,84
3,10,85
3,10,88
4,11,90
4,11,90
4,11,91
4,11,90
3,10,90
3,10,90
3,10,90
3,10,90
2,10,91
2,10,93
2,10,93
2,10,93
2,10,93
2,10,93
2,10,93
3,10,93
3,10,93
4,10,93
4,10,93
4,10,94
3,10,94
3,10,94
3,10,94
3,10,95
3,10,95
3,10,95
3,10,95
2,11,95
1,11,95
1,11,96
2,11,97
2,11,98
2,11,98
2,11,98
2,11,98
2,11,97
1,11,96
1,11,96
2,11,95
2,11,95
3,10,95
3,10,95
3,10,95
3,10,95
3,10,95
3,10,95
3,10,95
3,10,94
3,11,94
3,11,94
3,11,94
3,11,94
3,11,94
3,10,94
2,10,93
2,10,93
2,10,93
2,10,93
2,9,92
2,9,91
3,9,91
3,10,91
3,10,92
4,10,93
4,10,93
4,10,93
4,10,94
4,10,94
3,10,95
3,10,95
3,10,95
3,10,95
3,10,94
3,10,94
4,11,94
4,10,93
4,10,93
4,10,93
4,10,93
4,10,93
4,10,93
4,10,93
4,10,93
4,10,93
3,10,93
2,10,93
2,10,93
2,10,93
2,10,94
2,10,94
3,10,95
3,10,95
3,10,95
3,10,95
3,10,95
3,10,95
4,10,94
4,10,93
4,10,93
4,10,93
3,10,93
2,10,93
2,10,94
3,10,95
3,10,95
3,10,95
1,10,95
1,10,95
1,10,97
1,10,97
1,10,97
1,10,97
3,10,97
3,10,97
3,10,95
2,10,95
2,11,95
2,11,95
2,12,96
2,12,96
2,12,96
2,12,96
2,11,97
2,11,98
2,11,98
2,10,98
2,10,98
2,10,99
2,10,99
1,9,98
2,10,99
2,10,99
3,11,100
3,11,100
3,11,100
3,11,100
3,11,100
3,11,100
3,11,100
3,11,100
2,12,100
2,12,100
2,12,100
2,12,100
2,12,100
2,12,100
2,12,100
3,12,100
3,12,100
3,11,100
3,11,100
2,10,99
2,10,99
2,10,99
2,10,99
2,10,99
2,10,99
3,11,100
3,12,101
3,12,101
3,12,101
3,13,101
3,13,101
3,13,101
3,12,101
4,12,101
4,12,101
4,12,101
4,12,101
3,12,100
3,12,99
3,12,99
3,12,97
3,12,96
4,12,95
3,12,92
3,11,90
3,11,89
3,10,87
3,10,86
3,10,85
3,10,84
3,10,83
3,10,83
3,10,83
3,10,83
2,9,82
2,9,82
2,9,83
3,9,83
3,9,84
3,10,84
3,10,88
4,11,91
4,11,91
4,11,91
4,11,91
4,11,91
3,11,90
3,11,90
3,10,90
2,10,91
2,10,91
2,10,93
2,10,93
2,10,93
2,10,93
3,10,93
3,10,93
4,10,93
4,10,93
4,10,93
4,10,94
3,10,94
3,10,94
3,10,94
3,10,94
3,10,95
3,10,95
3,10,95
3,10,95
2,11,95
2,11,96
2,11,97
2,11,98
2,11,98
2,11,98
2,11,98
2,11,98
1,11,96
1,11,96
2,11,95
2,11,95
3,10,95
3,10,95
3,10,95
3,10,95
3,10,95
3,10,95
3,10,95
3,11,94
3,11,94
3,11,94
3,11,94
3,11,94
3,11,94
3,10,94
3,10,94
3,10,94
3,10,93
2,10,93
2,10,92
3,9,91
3,10,91
3,10,91
3,10,90
3,10,92
3,10,92
4,10,93
4,10,93
3,10,94
3,10,95
3,10,95
3,10,95
3,10,94
3,10,94
3,10,94
4,10,93
4,10,93
4,10,93
4,10,92
4,10,92
4,10,92
4,10,93
4,10,93
4,10,93
4,10,93
3,10,93
2,10,93
2,10,93
2,10,93
2,10,94
2,10,94
3,10,95
3,10,95
3,10,95
3,10,95
3,10,95
4,10,95
4,10,94
4,10,93
4,10,93
4,10,93
3,10,93
3,10,94
3,10,94
3,10,95
3,10,95
3,10,95
1,10,95
1,10,95
1,10,95
1,10,97
1,10,97
3,10,97
3,10,97
3,10,95
3,10,95
2,10,95
1,11,95
1,11,95
1,11,95
2,12,96
2,12,96
2,12,96
2,11,98
2,11,98
2,11,98
2,11,98
2,11,98
2,10,99
2,10,99
2,10,99
2,10,99
2,10,99
3,11,100
3,11,100
3,11,100
3,11,100
3,11,100
3,11,100
3,11,100
3,11,100
2,12,100
2,12,100
2,12,100
2,12,100
2,12,100
2,12,100
2,11,100
3,11,100
3,11,100
3,11,100
3,11,100
2,10,99
2,10,99
2,10,99
2,10,99
2,10,99
3,11,100
3,11,100
3,12,101
3,12,101
3,12,101
3,12,101
3,13,101
3,12,101
4,12,101
4,12,102
4,12,102
4,12,102
4,12,101
4,12,101
3,12,100
3,12,99
3,12,98
3,12,97
4,12,95
3,12,94
3,11,92
3,11,90
3,11,88
3,10,86
3,10,85
3,10,84
3,10,83
3,10,83
3,10,83
3,10,83
3,10,83
2,9,82
2,9,83
3,9,83
3,9,84
3,10,85
3,10,88
4,11,90
4,11,91
4,11,91
4,11,91
4,11,91
4,11,91
4,11,90
4,11,90
3,11,90
2,10,91
2,11,91
2,11,93
2,10,93
2,10,93
2,10,93
3,10,93
3,10,93
4,10,93
4,10,93
4,10,93
4,10,94
3,10,94
3,10,94
3,10,94
3,10,94
3,10,95
3,10,95
3,10,95
3,10,95
2,10,95
2,11,95
2,11,97
2,11,98
2,11,98
2,11,98
2,11,98
2,11,98
1,11,96
1,11,95
1,11,95
1,11,95
3,10,95
3,10,95
3,10,95
3,10,95
3,10,95
3,10,95
3,10,94
3,11,94
3,11,94
3,11,94
3,11,94
3,11,94
3,10,94
3,10,94
3,10,94
3,10,94
3,10,94
3,10,93
3,10,93
3,10,91
3,10,91
3,10,90
3,10,90
3,10,90
3,10,90
3,10,91
3,10,93
3,10,93
3,11,94
3,11,94
3,11,94
3,11,94
3,10,94
3,10,93
4,10,93
4,10,93
4,10,92
4,10,92
3,10,92
3,9,92
3,10,92
4,10,93
4,10,93
4,10,93
3,10,93
2,10,93
2,10,93
2,10,93
2,10,94
2,10,94
3,10,95
3,10,95
3,10,95
3,10,95
3,10,95
4,10,94
4,10,94
4,10,93
4,10,93
4,10,93
3,10,94
3,10,94
3,10,95
3,10,95
3,10,95
3,10,95
1,10,95
1,11,95
1,11,95
1,10,95
3,10,95
3,10,95
3,10,95
3,10,95
3,10,95
2,10,95
1,11,95
1,11,95
1,11,95
2,12,96
2,12,96
2,12,96
2,11,97
2,11,98
2,11,98
2,11,98
2,11,98
2,10,99
2,10,99
2,10,99
2,10,99
3,11,100
3,11,100
3,11,100
3,11,100
3,11,100
3,11,100
3,11,100
3,11,100
3,11,100
2,12,100
2,12,100
2,12,100
2,12,100
2,12,100
2,12,100
2,11,100
3,11,100
3,11,100
3,11,100
3,11,100
3,11,100
2,10,99
2,10,99
2,10,99
2,10,99
3,11,100
4,12,101
4,12,101
3,12,101
3,12,100
3,12,100
3,12,101
3,12,101
3,12,101
4,12,102
4,12,102
4,12,102
4,12,102
4,12,101
4,12,101
3,12,99
3,12,99
3,12,97
3,12,96
4,12,95
4,12,92
3,11,90
3,11,89
3,10,87
4,10,85
3,10,84
3,10,83
3,10,83
3,10,83
2,9,82
2,9,82
2,9,82
2,9,83
2,9,83
3,10,84
3,10,85
3,11,88
3,11,88
4,11,91
4,11,91
4,11,91
4,11,91
4,11,91
4,11,91
4,11,91
4,11,91
3,11,90
2,11,91
2,11,91
2,11,92
2,11,93
2,10,93
2,10,93
3,10,93
3,10,93
4,10,93
4,10,93
4,10,93
4,10,94
4,11,94
3,11,94
3,11,94
3,11,94
3,10,94
3,10,95
3,10,95
3,10,95
2,10,95
2,10,95
1,11,97
2,11,97
2,10,98
2,11,98
2,11,98
1,11,97
1,11,96
1,11,95
1,11,95
1,11,95
3,10,95
3,10,95
3,10,95
3,10,95
3,10,95
3,10,95
3,11,94
3,11,94
3,11,94
3,11,94
3,11,94
2,10,94
2,10,94
2,10,94
3,10,94
3,10,94
3,10,94
3,10,93
3,10,93
3,10,93
3,10,91
3,10,90
3,10,90
3,10,90
3,10,90
3,10,90
3,10,91
3,10,93
3,11,93
3,11,94
3,11,94
3,11,94
3,11,94
3,11,93
4,11,93
4,10,92
4,10,91
4,10,91
3,10,91
3,9,91
3,9,92
4,10,93
4,10,93
3,10,93
3,10,93
2,10,93
2,10,93
2,10,94
2,10,94
2,10,94
2,9,95
3,10,95
3,10,95
3,10,95
4,10,95
4,10,94
4,10,94
4,10,93
4,10,93
4,10,93
3,10,94
3,10,94
3,10,95
3,10,95
3,10,95
3,10,95
1,10,95
1,11,95
1,11,95
3,10,95
3,10,95
3,10,95
3,10,95
3,10,95
2,10,94
2,10,95
1,10,95
1,11,95
1,11,95
1,11,95
2,11,96
2,11,96
2,11,97
2,11,98
2,11,98
2,11,98
2,11,99
2,11,99
3,11,100
2,10,99
3,11,100
3,11,100
3,11,100
3,11,100
3,11,100
3,11,100
3,11,100
3,11,100
3,11,100
2,11,100
2,11,100
2,12,100
2,12,100
2,12,100
2,12,100
2,12,100
2,12,100
3,11,100
3,12,100
3,11,100
3,11,100
3,11,100
3,11,100
2,10,99
2,10,99
3,11,100
3,11,100
3,11,100
3,11,100
3,11,100
2,11,100
2,12,100
2,12,100
3,12,101
3,12,101
4,12,102
4,12,102
4,12,102
4,12,102
4,12,101
4,12,101
3,12,100
3,12,99
4,12,98
4,12,97
4,12,95
4,12,93
4,12,91
4,11,89
4,11,88
4,11,85
4,10,84
3,10,84
3,10,83
3,10,83
3,10,83
3,10,83
3,10,83
2,9,83
3,9,83
3,9,84
3,10,85
3,11,88
3,11,88
4,11,91
4,11,91
5,11,92
5,11,92
5,11,91
4,11,91
4,11,91
4,11,91
3,11,91
2,11,91
2,11,91
2,11,92
2,11,93
2,11,93
2,11,93
3,10,93
3,10,93
3,11,94
4,11,94
4,11,94
4,11,94
3,11,94
3,11,94
3,11,94
3,11,94
3,11,94
3,10,95
3,10,95
3,10,95
2,10,95
2,10,95
2,11,97
2,11,97
2,10,98
2,10,98
2,11,98
1,11,97
1,11,96
1,11,95
1,11,95
1,11,95
3,11,95
3,11,95
3,10,95
3,10,95
3,10,95
3,11,94
3,11,94
3,11,94
3,11,94
3,11,94
3,10,94
2,10,94
2,10,94
2,10,94
3,10,94
3,10,94
3,10,94
3,10,93
3,10,93
3,10,93
3,10,93
3,10,91
3,10,90
3,10,90
3,10,90
3,10,90
3,10,91
3,10,92
3,11,93
3,11,94
3,11,94
3,11,94
3,11,94
3,11,93
4,11,93
4,11,93
4,10,92
4,10,91
3,10,91
3,9,92
3,9,92
3,9,92
3,10,93
4,10,93
3,10,93
3,10,93
2,10,93
2,10,93
2,10,94
3,10,94
3,10,94
3,10,95
3,10,95
4,10,95
4,10,94
4,10,94
4,10,93
4,10,93
4,10,93
4,10,94
3,10,94
3,10,94
3,10,95
3,10,95
3,10,95
3,10,95
1,11,95
1,11,95
1,11,95
3,10,95
3,10,95
3,10,95
3,10,94
2,10,94
2,10,94
2,10,94
1,10,94
1,11,95
1,11,95
1,11,95
1,11,96
2,11,97
2,11,97
2,11,97
2,11,98
2,11,98
2,11,99
3,11,100
3,11,100
3,11,100
3,11,100
3,11,100
3,11,100
3,11,100
3,11,100
3,11,100
3,11,100
3,11,100
3,11,100
3,11,100
2,11,100
2,12,100
2,12,100
2,12,100
2,12,100
2,12,100
3,12,100
3,12,100
3,12,100
3,12,100
3,11,100
3,11,100
3,11,100
2,10,99
2,10,99
2,10,99
3,11,100
3,11,100
3,11,100
2,11,99
2,11,99
2,11,99
2,11,99
2,12,100
3,12,101
3,12,101
4,12,102
4,12,102
4,12,102
4,12,101
4,12,101
3,12,101
4,12,99
4,12,98
4,12,97
4,12,96
4,12,94
4,12,93
4,11,91
4,11,89
4,11,86
4,11,84
4,11,84
3,10,83
3,10,83
3,10,83
3,10,83
3,10,83
3,9,83
3,9,83
3,10,84
3,10,85
3,10,87
3,11,88
4,11,91
4,11,92
5,11,92
5,11,92
5,11,92
4,11,92
4,11,91
4,11,91
3,11,91
2,11,91
2,11,92
2,11,92
2,11,93
2,11,93
3,11,94
3,11,94
3,11,94
3,11,94
3,11,94
4,11,94
3,11,94
3,11,94
3,11,94
3,11,94
3,11,94
3,11,94
3,11,94
3,10,94
3,10,94
2,10,95
2,10,95
2,11,96
2,11,97
2,11,97
2,11,98
2,11,98
1,11,97
1,11,97
1,11,96
1,11,95
1,11,95
2,11,95
3,11,95
3,11,95
3,11,95
3,11,95
3,11,94
3,11,94
3,11,94
3,11,94
3,11,94
3,10,93
3,10,93
2,10,93
3,10,94
3,10,94
3,10,94
3,10,94
3,10,93
3,10,93
3,10,93
3,10,93
3,10,93
3,10,91
3,10,90
3,10,90
3,10,90
3,10,92
3,10,92
3,11,93
3,11,94
3,11,94
3,11,94
3,11,94
3,11,93
4,11,93
4,11,93
4,10,92
4,10,92
3,10,92
3,9,92
3,9,92
3,9,92
3,10,92
3,10,93
4,10,93
3,10,93
3,10,93
3,10,93
3,10,94
3,10,94
3,10,94
3,10,94
3,10,94
4,10,94
4,10,94
4,10,93
4,10,93
4,10,93
4,10,93
4,10,94
3,10,94
3,10,94
3,10,95
3,10,95
3,10,95
1,11,95
1,11,95
1,11,95
2,10,95
3,10,95
3,10,95
3,10,95
3,10,93
2,10,93
2,10,93
2,10,94
1,10,94
1,10,95
1,11,95
1,11,96
1,11,97
1,11,97
1,10,97
1,10,97
1,10,97
2,11,98
3,11,100
3,11,100
3,11,100
3,11,100
3,11,100
3,11,100
3,11,100
3,11,100
3,11,100
3,11,100
3,11,100
3,11,100
3,11,100
3,11,100
3,11,100
2,12,100
2,12,100
2,12,100
2,12,100
3,13,101
3,12,100
3,12,100
3,12,100
3,12,100
3,11,100
3,11,100
3,11,100
3,11,100
2,10,99
2,10,99
3,11,99
3,11,99
3,11,99
2,11,99
2,11,99
2,11,99
2,11,99
2,11,99
2,12,100
3,12,101
3,12,101
3,12,101
3,12,101
3,12,101
3,12,101
3,12,101
4,12,100
4,12,99
4,12,97
4,12,96
4,12,95
4,12,94
4,11,92
4,11,89
4,11,86
4,11,85
4,10,84
3,10,83
3,10,83
3,10,83
2,10,82
3,10,83
3,10,83
3,9,83
3,10,84
3,10,85
3,10,87
3,10,88
4,11,92
4,11,92
5,11,92
5,11,93
4,11,93
4,11,94
4,11,93
3,11,93
3,11,92
3,11,92
2,11,92
2,11,93
2,10,93
2,10,93
2,11,93
3,11,94
3,11,94
3,11,94
3,11,94
3,11,94
3,11,94
3,11,94
3,11,94
3,11,94
3,11,94
3,11,94
3,11,94
3,11,94
3,11,94
3,10,94
2,10,95
2,11,95
1,11,97
1,10,97
1,10,97
1,11,98
1,11,98
1,11,97
1,11,96
1,11,96
1,11,95
2,11,95
3,11,95
3,11,95
4,11,95
4,11,94
4,11,94
4,11,94
4,11,94
4,11,94
4,11,94
4,10,93
3,10,93
3,10,93
3,10,93
2,10,93
2,10,93
2,10,93
3,10,93
3,10,93
3,10,94
3,10,94
3,10,94
3,10,93
3,10,92
3,10,92
3,10,92
3,10,92
3,10,93
3,10,93
3,11,93
3,11,94
3,11,94
3,11,94
3,11,93
4,11,93
4,11,93
4,10,92
4,10,92
3,10,92
3,9,91
3,9,92
3,9,92
3,9,92
3,10,92
3,10,93
3,10,93
3,10,93
3,10,93
3,10,94
3,10,94
3,10,94
3,9,94
3,10,94
3,10,94
4,10,93
4,10,93
4,10,93
4,10,93
4,10,93
3,10,93
3,10,94
3,10,94
3,10,95
3,10,95
3,10,95
3,10,95
3,10,95
3,10,95
3,10,95
3,10,95
3,10,95
2,10,94
2,10,93
2,10,93
2,10,93
2,10,93
1,10,94
1,10,95
1,10,95
1,10,97
1,10,97
1,10,97
1,10,97
1,10,97
1,10,97
2,10,98
2,11,99
3,11,100
3,11,100
3,11,100
3,11,100
3,11,100
3,11,100
3,11,100
3,11,100
3,11,100
3,11,100
3,11,100
3,11,100
3,11,100
3,11,100
3,12,100
3,12,100
3,13,101
3,13,101
3,13,101
3,13,101
3,12,100
3,12,100
3,12,101
3,11,100
3,11,100
3,11,100
3,11,100
3,11,100
3,11,100
3,11,100
3,11,99
3,11,99
2,11,99
2,11,99
2,11,98
2,11,98
2,11,99
2,12,99
2,12,100
2,12,100
3,12,101
3,12,101
3,12,101
3,12,101
3,12,101
3,13,100
3,12,99
4,12,98
4,12,96
4,12,96
4,12,94
4,11,93
4,11,91
4,11,88
4,11,85
4,10,84
3,10,83
3,10,83
2,10,82
2,10,81
2,10,82
2,10,83
3,9,83
3,9,83
3,10,85
3,10,86
3,10,88
4,11,91
4,11,92
5,11,92
5,11,93
4,10,94
4,11,94
4,11,94
4,11,94
3,11,94
3,11,94
3,11,94
2,11,93
2,10,93
2,10,93
2,10,93
2,10,93
2,10,93
3,11,94
3,11,94
3,11,94
3,10,94
3,10,94
3,10,94
3,10,95
3,10,95
3,11,94
3,11,94
3,11,94
3,11,94
3,11,94
3,11,94
2,11,94
2,11,95
1,11,96
1,11,97
1,10,97
1,11,98
1,11,98
2,11,98
2,11,96
2,11,96
1,11,96
2,11,95
2,11,95
3,11,95
4,11,94
4,11,94
4,11,94
4,11,94
4,11,94
4,10,93
4,10,93
4,10,93
4,10,93
3,10,93
3,10,92
2,10,92
2,10,93
2,10,93
2,10,93
2,10,93
3,10,94
3,10,95
3,10,95
3,10,95
3,10,94
3,10,93
3,10,93
3,10,93
3,10,93
3,10,93
3,11,93
3,11,94
3,11,94
3,11,94
3,11,94
3,11,93
4,11,93
4,10,93
4,10,93
3,9,92
3,9,91
3,9,92
3,9,92
3,9,92
3,10,92
3,10,93
3,10,93
3,10,93
3,10,94
3,10,94
3,10,94
3,10,94
3,9,94
2,9,94
3,10,93
3,10,93
4,10,93
4,10,93
4,10,93
2,10,93
2,10,93
2,10,94
2,10,94
2,10,95
3,10,95
3,10,95
3,10,95
3,10,95
3,10,95
3,10,95
3,10,95
3,10,95
2,10,93
2,10,93
2,10,93
2,10,93
2,10,93
2,10,94
1,10,95
1,10,97
1,10,97
1,10,97
1,10,97
1,10,97
1,10,97
1,10,97
2,10,98
2,11,99
3,11,100
3,11,100
4,12,101
4,12,101
4,12,101
4,12,101
3,11,100
3,11,100
3,11,100
3,11,100
3,11,100
3,11,100
3,11,100
3,11,100
3,12,100
3,13,101
3,13,101
3,13,101
3,13,101
3,13,101
3,12,101
3,12,101
4,12,101
4,12,101
4,12,101
4,12,101
3,11,100
3,11,100
3,11,100
3,11,100
3,11,99
3,11,99
2,11,99
2,11,98
2,11,98
2,11,98
2,11,98
2,11,99
2,12,99
2,12,100
2,12,100
2,12,100
2,12,100
3,12,100
3,13,100
3,13,100
3,12,99
4,12,99
3,12,97
3,11,96
3,11,95
3,11,94
3,11,92
4,11,89
4,11,86
3,10,85
3,10,83
3,10,82
2,10,80
2,10,80
2,10,80
2,10,82
2,9,83
2,9,83
3,9,84
3,9,86
3,10,88
3,10,88
4,11,92
5,11,92
5,11,93
5,10,94
5,10,94
4,10,94
4,11,94
3,11,94
3,11,94
3,11,94
3,11,94
3,11,94
2,10,93
2,10,93
2,10,93
3,11,94
3,11,94
3,11,94
3,11,94
3,11,94
3,10,94
3,10,94
3,10,95
3,10,95
3,10,95
3,10,95
3,11,95
3,11,94
3,11,94
3,11,94
3,11,94
2,11,95
1,11,95
1,11,95
1,11,97
1,11,97
2,11,98
2,11,98
2,11,98
2,11,96
1,11,96
1,11,95
2,11,95
2,11,95
3,11,95
4,11,94
4,11,94
4,11,94
5,11,94
5,11,94
4,10,93
4,10,93
4,10,93
4,10,92
3,10,92
3,10,91
3,10,92
2,10,92
2,9,93
2,10,93
2,10,94
3,10,95
3,10,95
3,10,95
3,10,95
3,10,94
3,10,94
3,10,93
3,10,93
3,10,93
3,10,93
3,10,93
3,11,94
3,11,94
3,11,94
3,11,94
3,11,94
4,10,93
4,10,93
4,10,93
3,9,92
3,9,92
3,9,92
3,9,92
3,9,92
3,10,93
3,10,93
3,10,93
3,10,93
3,10,94
3,10,94
3,10,94
3,10,94
3,10,94
3,10,94
2,10,93
2,10,93
2,10,93
2,10,93
2,10,93
2,10,93
2,9,94
2,9,94
2,9,94
2,10,95
3,10,95
3,10,95
3,10,95
3,10,95
3,10,95
3,10,95
3,10,95
3,10,95
2,10,93
2,10,93
2,10,93
2,10,93
2,10,93
2,10,94
1,10,97
1,10,97
1,10,97
1,10,97
1,10,97
1,10,97
1,10,97
1,10,97
2,10,98
2,10,99
3,11,100
3,11,100
3,11,100
3,11,100
3,11,100
3,11,100
3,11,100
3,11,100
3,11,100
3,11,100
3,11,100
3,12,100
3,12,100
3,12,100
3,12,101
3,13,101
3,13,101
3,13,101
3,13,101
3,13,101
3,12,100
3,12,100
4,12,101
4,12,101
4,12,101
4,12,101
4,12,101
3,11,100
3,11,100
3,11,100
3,11,99
3,11,99
2,11,99
2,11,98
2,11,98
2,11,98
2,11,98
2,11,98
2,12,99
2,12,100
2,12,100
2,12,100
2,12,100
3,13,100
3,13,100
3,13,100
3,12,99
3,12,99
3,12,97
3,11,96
3,11,95
3,11,94
3,11,92
3,11,90
3,11,86
3,10,85
3,10,83
2,10,80
2,10,80
2,10,80
2,10,80
2,10,81
2,9,82
3,9,83
3,9,84
3,9,86
4,10,87
4,10,89
4,11,92
5,11,92
5,11,93
5,10,94
5,10,94
5,10,94
4,11,95
3,11,94
3,11,94
3,11,94
3,11,94
3,11,94
3,11,94
3,11,94
3,11,94
3,11,94
3,11,94
3,11,94
3,11,94
3,11,94
3,11,94
3,11,94
3,10,95
3,10,95
3,10,95
3,10,95
3,11,95
3,11,95
3,11,95
3,11,94
3,11,95
1,11,95
1,11,95
1,11,95
1,11,97
1,11,97
2,11,98
2,11,98
2,11,98
2,11,96
1,11,95
1,11,95
2,11,95
2,11,95
3,11,94
3,11,94
4,11,94
4,11,94
5,11,94
5,11,94
4,10,93
4,10,93
4,10,93
3,10,92
3,10,91
3,9,91
2,10,91
2,10,92
2,9,93
2,10,93
2,10,94
3,10,95
3,10,95
3,10,95
3,10,95
3,10,94
3,10,94
3,10,93
3,10,93
3,10,93
3,10,93
3,10,93
2,10,93
2,10,93
3,11,94
3,11,94
3,11,94
3,11,94
4,10,93
4,10,93
4,10,93
3,9,92
3,9,92
3,9,92
3,9,92
3,10,93
3,10,93
3,10,93
3,10,94
3,10,94
3,10,94
3,10,94
3,10,94
3,10,94
3,10,94
2,10,94
2,10,94
2,10,93
2,10,93
2,10,93
2,9,94
2,9,94
2,9,94
2,9,94
2,10,95
3,10,95
3,10,95
3,10,95
3,10,95
3,10,95
3,10,95
3,10,95
3,10,95
3,10,94
3,10,93
2,10,93
2,10,93
2,10,94
2,10,95
1,10,97
1,10,97
1,10,97
1,10,97
1,10,97
1,10,97
1,10,97
1,10,97
2,10,98
2,10,99
2,10,99
3,11,100
3,11,100
4,12,101
4,12,101
4,12,101
3,11,100
3,11,100
3,11,100
3,11,100
4,12,101
3,12,100
3,12,100
3,12,100
3,12,101
3,13,101
3,13,101
3,13,101
3,13,101
3,13,101
3,12,100
3,12,100
3,12,100
4,12,101
4,12,101
4,12,101
4,12,101
4,12,101
3,11,100
3,11,100
3,11,100
3,11,99
2,11,99
2,11,98
2,11,98
2,11,98
2,11,98
2,11,98
2,12,99
2,12,100
2,12,100
2,12,100
2,12,100
3,13,100
3,12,100
3,12,100
3,12,99
3,12,99
3,12,99
3,12,96
3,11,96
3,11,94
3,11,92
3,11,90
3,11,86
3,10,85
3,10,83
2,10,80
2,10,80
2,10,80
1,10,79
1,10,79
2,9,82
3,9,83
3,9,84
3,9,86
4,10,87
4,10,88
4,11,92
5,11,92
5,11,94
5,10,94
5,10,94
5,10,94
4,10,95
3,11,94
3,11,94
3,11,94
3,11,94
3,11,94
3,11,94
3,11,94
3,11,94
3,11,94
3,11,94
3,11,94
3,11,94
3,11,94
3,11,94
3,10,95
3,10,95
3,10,95
3,10,95
3,10,95
3,11,95
3,11,95
3,11,95
3,11,95
2,11,95
1,11,95
1,11,95
1,11,95
1,11,97
1,11,97
2,11,98
2,11,98
1,11,97
1,11,96
1,11,95
1,11,95
2,11,95
2,11,95
3,11,94
3,11,94
3,11,94
4,11,94
5,11,94
4,11,94
4,11,94
4,10,93
3,10,93
3,10,92
3,10,91
2,10,91
2,10,91
2,10,92
2,9,93
2,10,93
2,10,94
3,10,95
3,10,95
3,10,95
3,10,95
3,10,94
3,10,94
3,10,94
3,10,93
2,10,93
2,10,93
2,10,93
2,10,93
2,10,93
3,11,94
3,11,94
3,11,94
3,11,94
3,11,94
4,10,93
4,10,93
3,9,92
3,9,92
3,9,92
3,9,92
2,9,93
3,10,93
3,10,93
3,10,94
3,10,94
3,10,95
3,10,95
3,10,95
3,10,95
2,10,94
2,10,94
2,10,94
2,10,94
2,10,94
2,10,94
2,9,94
2,9,94
2,9,94
2,9,94
3,10,95
3,10,95
3,10,95
3,10,95
3,10,95
3,10,95
3,10,95
3,10,95
3,10,95
3,10,95
3,10,94
3,10,94
2,10,94
2,10,95
2,10,96
1,10,97
1,10,97
1,10,97
1,10,97
1,10,97
1,10,97
1,10,97
1,10,97
2,10,98
2,10,98
2,10,99
2,10,99
3,11,100
3,11,100
4,12,101
4,12,101
4,12,101
4,12,101
4,12,101
4,12,101
4,12,101
4,12,101
3,12,100
3,12,100
3,12,101
3,13,101
3,13,101
3,13,101
3,13,101
3,12,100
3,12,100
3,12,100
3,12,100
4,12,101
4,12,101
4,12,101
4,12,101
4,12,101
3,11,101
3,11,100
3,11,100
2,11,99
2,11,99
2,11,98
2,11,98
2,11,98
2,11,98
2,11,98
2,11,99
2,12,100
2,12,100
2,12,100
2,12,100
2,12,100
2,12,100
3,12,100
3,12,100
3,12,99
3,12,99
3,12,98
3,12,96
3,11,95
3,11,94
4,11,90
3,11,86
3,11,85
3,10,83
2,10,80
2,10,80
1,10,80
1,10,79
1,10,79
2,9,81
2,9,83
3,9,84
3,9,85
4,10,87
4,10,88
4,11,92
5,11,93
5,10,94
5,10,95
5,10,95
5,10,94
3,10,94
3,10,94
3,11,94
3,11,94
3,11,94
3,11,94
3,10,94
3,11,94
3,11,94
3,11,94
3,11,94
3,11,94
3,11,94
3,11,94
3,11,95
3,10,95
3,10,95
3,10,95
3,10,95
3,10,95
3,11,95
3,11,95
3,11,95
3,11,95
1,11,95
1,11,95
1,11,95
1,11,97
1,11,97
1,11,97
2,11,97
2,11,97
1,11,97
1,11,95
1,11,95
2,11,95
2,11,95
2,10,95
3,10,94
3,10,94
3,11,94
4,11,94
4,11,94
4,11,94
4,11,94
3,11,94
3,10,93
3,10,92
3,10,92
2,10,92
2,10,92
2,10,92
2,10,93
2,10,93
2,10,94
3,10,94
3,10,95
3,10,95
3,10,95
3,10,94
2,10,94
2,10,94
2,10,93
2,10,93
2,10,93
2,10,93
2,10,93
2,10,93
3,11,94
3,11,94
3,11,94
3,11,94
3,11,94
4,10,93
4,10,93
4,10,93
3,9,92
3,9,92
3,9,92
3,9,93
3,10,93
3,10,94
3,10,94
3,10,95
3,10,95
3,10,95
3,10,95
3,10,95
3,10,95
3,10,95
3,10,95
2,10,94
2,10,94
2,10,94
2,9,94
2,9,94
2,9,94
2,10,94
3,10,95
3,10,95
3,10,95
3,10,95
3,10,95
3,10,95
3,10,95
3,10,95
3,10,95
3,10,95
3,10,95
3,10,95
3,10,95
2,10,95
2,10,96
1,10,97
1,10,97
1,10,97
1,10,97
1,10,97
1,10,97
1,10,97
1,10,97
2,10,98
1,10,98
1,10,98
2,10,99
2,11,99
3,11,100
3,11,100
3,11,100
4,12,101
4,12,101
4,12,101
4,12,101
4,12,101
4,12,101
3,12,100
3,12,100
3,12,101
3,13,101
3,13,101
3,13,101
3,13,101
3,12,100
3,12,100
3,12,100
3,12,101
4,12,101
4,12,101
4,12,101
4,12,101
4,12,101
3,11,101
3,11,100
2,11,99
2,11,99
2,11,99
2,11,99
2,11,98
2,11,98
2,11,98
2,11,99
2,11,100
2,12,100
2,12,100
2,12,101
2,12,101
2,12,101
2,12,100
3,12,100
3,12,100
3,12,100
3,12,99
3,12,99
3,12,96
3,11,95
4,11,94
4,11,90
4,11,89
3,11,86
3,10,83
2,10,80
2,10,80
2,10,79
1,10,79
1,10,79
2,9,81
2,9,83
3,9,84
3,9,85
4,10,86
4,10,87
4,10,90
4,10,92
5,11,93
5,10,94
5,10,95
5,10,95
5,10,95
3,10,94
3,10,94
2,10,94
2,10,94
2,10,94
3,10,94
3,10,94
3,10,95
3,10,95
3,10,95
3,10,95
3,10,95
3,10,94
3,10,95
3,10,95
3,10,95
3,10,95
3,10,95
3,10,95
3,10,95
3,10,95
3,11,96
3,11,96
1,11,95
1,11,95
1,11,95
1,11,96
1,11,97
1,10,97
1,10,97
1,11,97
1,11,97
1,11,96
1,11,95
1,11,95
2,11,95
2,10,95
2,10,94
3,10,94
3,11,94
3,11,94
3,11,94
3,11,94
3,11,94
3,11,94
3,11,94
3,11,94
3,10,93
3,10,92
2,10,92
2,10,93
2,10,93
2,10,93
2,10,93
2,10,94
3,10,94
3,10,95
3,10,95
3,10,95
2,10,94
2,10,94
2,10,93
2,10,93
2,10,93
2,10,94
2,10,94
2,10,94
2,10,94
3,10,94
3,11,94
3,11,94
3,11,94
3,11,94
3,10,93
4,10,93
3,10,93
3,9,92
3,9,92
3,9,92
3,9,93
3,9,93
3,10,94
3,10,95
3,10,95
3,10,95
3,10,95
3,10,95
3,10,95
3,10,95
3,10,95
3,10,95
3,10,95
3,10,95
3,10,95
3,10,95
2,9,94
2,9,94
3,10,95
3,10,95
3,10,95
3,10,95
3,10,95
3,10,95
3,10,95
3,10,95
3,10,95
3,10,95
3,10,95
3,10,95
3,10,95
3,10,95
2,10,95
1,10,96
1,10,97
1,10,97
1,10,97
1,10,97
1,10,97
1,10,97
1,10,97
1,10,97
1,10,97
1,10,97
1,10,98
2,10,98
2,10,99
2,10,99
3,11,100
3,11,100
3,11,101
4,12,101
4,12,101
4,12,101
4,12,101
3,12,101
3,12,101
3,12,101
3,12,101
3,12,101
3,13,101
3,13,101
3,12,101
2,12,101
2,12,100
3,12,101
3,12,101
3,12,101
4,12,101
4,12,101
4,12,101
4,12,101
3,11,101
3,11,100
3,11,100
2,11,99
2,11,99
2,11,99
2,11,98
2,11,98
2,11,99
2,11,99
2,12,100
2,12,101
3,12,101
3,12,101
3,12,101
3,12,101
3,12,101
3,12,101
3,12,100
3,12,100
3,12,100
3,12,99
3,12,98
4,11,96
4,11,95
4,11,91
4,11,89
3,11,86
3,10,83
2,10,81
2,10,80
2,10,80
2,10,79
1,10,79
2,9,81
2,9,83
3,9,83
3,9,84
4,10,85
4,10,86
4,10,88
4,10,90
4,10,92
5,10,94
5,10,95
5,10,95
5,10,95
3,10,95
3,10,95
2,10,94
2,10,94
2,10,94
2,10,94
2,10,95
3,10,95
3,10,95
3,10,95
3,10,95
3,10,95
3,10,95
3,10,95
3,10,95
3,10,95
3,10,95
3,10,95
3,10,95
3,10,95
3,10,95
3,10,95
3,10,95
2,11,96
1,11,96
1,11,96
1,10,96
1,10,97
1,10,97
1,10,97
1,10,97
1,11,97
2,11,97
2,11,96
2,11,95
2,11,95
2,10,95
2,10,95
2,10,94
3,10,94
3,11,94
3,11,94
3,11,94
3,11,94
3,11,94
3,11,94
3,11,94
3,11,94
3,11,94
3,10,93
2,10,93
2,10,93
2,10,93
2,10,93
2,10,93
2,10,94
3,10,94
3,10,95
3,10,95
3,10,95
3,10,94
2,10,93
2,10,93
2,10,93
2,10,93
2,10,94
2,9,94
2,9,94
2,10,94
3,10,94
3,11,94
3,11,94
3,11,94
3,11,94
3,11,94
3,10,93
3,10,93
3,10,93
3,10,93
3,9,93
3,9,93
3,9,93
2,9,94
2,10,94
3,10,95
3,10,95
3,10,95
3,10,95
3,10,96
3,10,97
3,10,97
3,10,97
3,10,96
3,10,95
3,10,95
3,10,95
3,10,95
3,10,95
3,10,95
3,10,95
3,10,95
3,10,95
3,10,95
3,10,95
3,10,95
3,10,95
3,10,95
3,10,95
3,10,95
3,10,95
3,10,95
3,10,95
2,10,95
1,10,96
1,10,97
1,10,97
1,10,97
1,10,97
1,10,97
1,10,97
1,10,97
1,10,97
1,10,97
1,10,97
1,10,98
2,10,98
2,10,98
2,10,99
2,10,100
2,11,100
3,11,101
3,12,101
3,12,101
3,12,101
3,12,101
3,12,101
2,12,101
2,12,101
3,12,101
3,12,101
3,12,101
3,13,101
3,12,101
2,12,101
3,12,101
3,12,101
3,12,101
3,12,102
3,12,102
4,12,102
4,12,102
3,12,101
3,12,101
3,11,101
3,11,100
2,11,99
2,11,99
2,11,99
2,11,99
2,11,99
2,11,99
2,11,99
2,11,100
2,12,101
3,12,102
3,12,102
3,12,102
3,12,102
3,12,102
3,12,101
3,12,101
3,12,100
3,12,100
3,12,99
3,12,99
4,12,96
4,11,95
4,11,91
3,11,89
3,11,87
3,10,84
2,10,82
2,10,80
2,10,80
2,10,80
2,10,80
2,10,81
2,9,83
2,9,83
3,9,84
3,9,85
3,10,85
3,10,86
4,10,91
4,10,93
5,10,94
5,10,95
5,10,95
5,10,95
3,10,95
2,10,95
2,10,95
1,10,94
1,10,94
2,10,95
2,11,95
3,10,95
3,10,95
3,10,95
3,10,95
3,10,95
3,10,95
3,10,95
3,10,95
3,10,95
3,10,95
3,10,95
3,10,95
3,10,95
3,10,95
3,10,95
3,10,96
1,10,96
1,10,96
1,10,97
1,10,97
1,10,97
1,10,97
1,10,97
1,10,97
2,10,97
2,11,97
2,11,96
2,11,95
2,11,95
2,10,95
2,10,94
2,10,94
2,10,94
3,10,94
3,11,94
3,11,94
3,11,94
3,11,94
3,11,94
3,11,94
3,11,94
3,11,94
3,11,94
2,11,93
2,10,93
2,10,93
2,10,93
2,10,93
2,10,93
3,10,94
3,10,95
3,10,95
3,10,95
2,10,94
2,10,93
2,10,93
2,10,93
2,10,94
2,10,94
2,9,94
2,9,94
2,10,94
3,10,94
3,10,94
3,11,94
3,11,94
3,11,94
3,10,93
3,10,93
2,10,93
2,10,93
3,10,93
3,10,93
2,9,93
2,9,94
2,9,94
2,9,94
3,10,95
3,10,95
3,10,95
3,10,96
3,10,97
3,10,97
3,10,97
3,10,97
3,10,97
3,10,97
3,10,97
3,10,96
3,10,95
3,10,95
3,10,95
3,10,95
3,10,95
3,10,95
3,10,95
3,10,95
3,10,97
3,10,97
3,10,97
3,10,97
3,10,95
3,10,95
3,10,95
3,10,95
2,10,96
1,10,97
1,10,97
1,10,97
1,10,97
1,10,97
1,10,97
1,10,97
1,10,97
1,10,97
1,10,97
1,10,97
1,10,97
1,10,98
2,10,98
2,11,99
2,11,100
2,11,100
3,11,101
3,12,101
3,12,101
3,12,101
2,12,101
2,12,101
2,12,101
2,12,101
3,12,101
3,12,101
3,12,101
3,12,101
3,12,101
2,12,101
3,12,101
3,12,102
3,12,102
3,12,102
3,12,102
3,12,102
3,12,102
3,12,102
3,12,102
3,11,101
3,11,100
3,11,99
3,11,99
3,11,99
3,11,99
3,11,99
2,11,100
2,11,100
2,11,101
3,12,102
3,12,102
3,12,102
3,12,102
3,12,102
3,12,102
3,12,102
3,12,101
3,12,100
3,12,100
3,12,99
3,12,99
3,11,98
4,11,96
4,11,91
3,11,89
3,11,87
3,11,84
2,11,83
2,10,81
2,10,80
2,10,80
2,10,81
2,10,82
2,9,83
2,8,83
2,8,83
3,9,84
3,10,85
3,10,85
4,11,91
5,11,94
5,11,94
5,10,94
5,10,95
5,10,95
3,10,95
3,10,95
1,10,95
1,11,95
1,11,95
1,11,95
1,11,95
2,11,95
3,10,95
3,10,95
3,10,95
3,10,95
3,10,95
3,10,95
3,10,95
3,10,95
3,10,95
3,10,95
3,10,95
3,10,95
3,10,95
3,10,95
2,10,96
1,10,97
1,10,97
1,10,97
1,10,97
1,10,97
1,10,97
1,10,97
2,10,97
2,11,97
2,11,97
3,11,96
3,10,95
2,10,95
2,10,95
2,10,94
2,10,94
2,10,93
2,10,93
3,11,94
3,11,94
3,11,94
3,11,94
3,11,94
3,11,94
3,11,94
3,11,94
3,11,94
3,11,94
2,10,93
2,10,93
2,10,93
2,10,93
2,10,93
3,10,94
3,10,94
3,10,94
3,10,94
2,10,94
2,10,94
2,10,94
2,10,94
2,10,94
2,10,94
2,10,94
2,10,94
3,10,95
3,10,95
3,10,95
3,10,94
3,10,94
3,10,94
2,10,93
2,10,93
2,10,93
2,10,93
2,10,93
2,10,93
2,10,93
2,9,94
2,9,94
2,9,94
3,10,95
3,10,95
3,10,95
3,10,97
3,10,97
3,10,97
3,10,97
3,10,97
3,10,97
3,10,97
3,10,97
3,10,97
3,10,96
3,10,95
3,10,95
3,10,95
3,10,95
2,10,95
3,10,95
3,10,97
3,10,97
3,10,97
3,10,97
3,10,97
3,10,97
3,10,97
3,10,95
3,10,96
2,10,97
1,10,97
1,10,97
1,10,97
1,10,97
1,10,97
1,10,97
1,10,97
1,10,97
1,10,97
1,10,97
1,10,97
1,10,97
2,10,98
2,11,98
2,11,99
2,11,99
2,11,100
3,11,101
3,12,101
3,12,101
3,12,101
3,12,101
2,11,101
2,11,101
2,12,101
3,12,101
3,12,102
3,12,102
3,12,102
3,12,102
3,12,102
3,12,102
3,12,102
3,12,102
3,12,102
3,12,102
3,12,102
3,12,102
3,12,102
3,12,102
3,12,102
3,11,101
3,11,100
3,11,99
3,11,99
3,11,99
3,11,100
3,11,100
3,12,101
3,12,102
3,12,102
3,12,102
3,12,102
3,12,102
3,12,102
3,12,102
3,12,102
3,12,101
3,12,101
3,12,100
3,11,99
3,12,98
3,11,98
3,11,96
3,11,91
3,11,90
3,11,88
3,10,84
3,11,83
3,11,81
3,10,81
3,11,81
2,10,81
2,10,83
2,8,83
2,8,83
2,8,83
3,9,84
3,10,85
3,10,85
4,11,91
5,11,94
5,11,94
5,11,94
5,11,94
5,10,95
3,10,95
3,10,95
2,11,95
1,11,95
1,11,95
1,11,95
1,11,95
1,11,95
3,11,95
3,10,95
3,10,95
3,10,95
3,10,95
3,10,95
3,10,95
3,10,95
3,10,95
3,10,95
3,10,95
3,10,95
3,10,95
3,10,95
1,10,97
1,10,97
1,10,97
1,10,97
1,10,97
1,10,97
1,10,97
2,10,97
3,11,98
3,11,98
3,11,97
3,10,96
3,10,95
3,10,95
3,10,95
3,10,94
2,10,94
2,10,93
2,10,94
3,11,94
3,11,94
3,11,94
3,11,94
3,11,94
3,11,94
3,11,94
3,11,94
3,11,94
3,11,94
2,10,93
2,10,93
2,10,93
2,10,93
2,10,93
3,10,94
3,10,94
3,10,94
3,10,94
2,10,94
2,10,94
2,10,94
2,10,94
2,10,94
3,10,95
3,10,95
3,10,95
3,10,95
3,10,95
3,10,95
3,10,95
3,10,94
3,10,94
2,10,93
2,10,93
2,10,93
2,10,93
2,10,93
2,10,93
2,10,94
3,10,94
3,10,94
3,10,94
3,10,95
3,10,95
3,10,95
3,10,97
3,10,97
3,10,97
3,10,97
3,10,97
3,10,97
3,10,97
3,10,97
3,10,97
3,10,97
3,10,95
3,10,95
3,10,95
2,10,95
2,10,95
2,10,97
2,10,97
2,10,97
2,10,97
2,10,97
2,10,97
3,10,97
3,10,97
3,10,97
2,10,97
1,10,97
1,10,97
1,10,97
1,10,97
1,10,97
1,10,97
1,10,97
1,10,97
1,10,97
1,10,97
1,10,97
1,10,97
2,11,98
2,11,98
2,11,98
2,11,98
2,11,99
2,11,100
3,11,101
3,12,102
3,12,102
3,12,102
2,11,101
2,11,101
2,11,101
2,11,101
3,12,102
3,12,102
3,12,102
3,12,102
3,12,102
3,12,102
3,12,102
3,12,102
3,12,102
3,12,102
3,12,102
3,12,102
3,12,102
3,12,102
4,12,102
4,12,102
3,12,102
3,11,100
3,11,100
3,11,100
2,11,99
3,11,100
3,11,100
3,12,101
3,12,102
3,12,102
3,12,102
3,12,102
3,12,102
3,12,102
3,12,102
3,12,102
3,12,102
3,12,101
3,12,100
3,12,99
3,12,98
3,11,98
3,11,96
3,11,93
3,11,90
3,11,88
3,11,85
3,11,83
3,11,81
3,11,81
3,11,81
2,10,81
2,9,83
2,8,83
2,8,83
2,8,83
3,9,84
3,10,85
3,10,85
5,11,92
5,11,94
5,11,94
5,11,94
5,11,94
5,10,95
3,11,95
3,11,95
2,11,95
1,11,95
1,11,95
1,11,95
1,11,95
1,11,95
2,11,95
3,10,95
3,10,95
3,10,95
3,10,95
3,10,95
3,10,95
3,10,95
3,10,95
3,10,95
3,10,95
3,10,95
3,10,95
1,10,97
1,10,97
1,10,97
1,10,97
1,10,98
1,10,98
2,10,98
2,10,98
3,11,98
3,11,98
3,11,98
3,10,97
3,10,95
3,10,95
3,10,95
3,10,95
3,10,94
3,10,94
2,10,94
2,10,94
3,11,94
3,11,94
3,11,94
3,11,94
3,11,94
2,11,95
2,11,95
2,11,94
2,11,94
2,11,94
2,10,93
2,10,93
2,10,93
2,10,93
3,10,93
4,10,94
4,10,94
3,10,94
2,10,94
2,10,94
2,10,94
2,10,94
3,10,95
3,10,95
3,10,95
3,10,95
3,10,95
3,10,95
3,10,95
3,10,95
3,10,95
3,10,95
3,10,94
2,10,93
2,10,93
2,10,93
2,10,93
2,10,93
2,10,93
3,10,94
3,10,94
3,10,94
3,10,95
3,10,95
3,10,95
3,10,95
3,10,97
3,10,97
3,10,97
3,10,97
3,10,97
3,10,97
3,10,97
3,10,97
3,10,97
3,10,97
3,10,95
3,10,95
3,10,95
3,10,95
2,10,96
2,10,97
1,10,97
1,10,97
1,10,97
1,10,97
1,10,97
1,10,97
1,10,97
2,10,97
2,10,97
1,10,97
1,10,97
1,10,97
1,10,97
1,10,97
1,10,97
1,10,97
1,10,97
1,10,97
1,10,97
1,10,97
1,10,97
2,11,98
2,11,98
2,11,98
2,11,98
2,11,99
3,11,100
3,12,101
3,12,102
3,12,102
3,12,102
3,12,102
2,11,101
2,11,101
2,11,101
2,11,101
3,12,102
3,12,102
3,12,102
3,12,102
3,12,102
3,12,102
3,12,102
3,12,102
3,12,102
3,12,102
3,12,102
3,12,102
3,12,102
3,12,102
4,12,102
3,12,102
3,11,101
3,11,100
3,11,100
2,10,99
3,11,100
3,11,100
3,11,101
3,12,102
3,12,102
3,12,102
3,12,102
3,12,102
3,12,102
3,12,102
3,12,102
3,12,102
3,12,101
3,12,100
3,12,99
2,12,98
2,11,98
3,11,96
3,11,94
3,11,91
3,11,89
3,11,86
3,11,84
3,11,83
3,11,81
3,11,81
3,10,82
2,9,83
2,9,83
2,8,83
2,8,83
3,9,84
3,9,84
3,10,85
5,11,92
5,11,94
5,11,94
5,11,94
5,11,94
5,11,94
3,11,95
3,11,95
2,11,95
1,11,95
1,11,95
1,11,95
1,11,95
1,11,95
1,11,95
3,10,95
3,10,95
3,10,95
3,10,95
3,10,95
3,10,95
3,10,95
3,10,95
3,10,95
3,10,95
3,10,95
3,10,95
1,10,97
1,10,97
1,10,97
1,10,98
1,10,98
2,10,98
2,10,99
2,11,98
3,11,98
3,11,98
3,11,98
3,10,97
3,10,95
3,10,95
3,10,95
3,10,95
3,10,94
3,11,94
3,11,94
3,11,94
3,11,94
3,11,94
3,11,94
3,11,94
2,11,94
1,11,95
1,11,95
2,11,94
2,11,94
2,11,94
2,10,93
2,10,93
2,10,93
2,10,93
4,10,93
4,10,93
4,10,93
4,10,93
3,10,94
2,10,94
2,10,94
2,10,94
3,10,95
3,10,95
3,10,95
3,10,95
3,10,95
3,10,95
3,10,95
3,10,95
3,10,95
3,10,94
3,10,94
2,10,94
2,10,93
2,10,93
2,10,93
3,11,94
3,11,94
3,11,94
3,11,94
3,11,95
3,10,95
3,10,95
3,10,95
3,10,95
3,10,96
3,10,97
3,10,97
3,10,97
3,10,97
3,10,97
3,10,97
3,10,97
3,10,97
3,10,97
3,10,95
3,10,95
3,10,95
3,10,95
2,10,97
1,10,97
1,10,97
1,10,97
1,10,97
1,10,97
1,10,97
1,10,97
1,10,97
1,10,97
1,10,97
1,10,97
1,10,97
1,10,97
1,10,97
1,10,97
1,10,97
1,10,97
1,10,97
1,10,97
1,10,97
1,10,97
1,10,97
2,11,98
2,11,98
2,11,98
2,11,99
2,11,99
3,12,101
3,12,102
3,12,102
3,12,102
3,12,102
3,12,102
3,12,102
2,11,101
2,11,101
2,11,101
2,11,101
2,11,101
2,11,101
3,12,102
3,12,102
3,12,102
3,12,102
3,12,102
3,12,102
3,12,102
3,12,102
3,12,102
3,12,102
3,12,102
3,12,102
3,12,102
3,11,101
3,11,100
3,11,100
2,10,100
3,11,100
3,11,100
3,11,101
3,12,102
3,12,102
3,12,102
3,12,102
4,13,103
3,12,102
3,12,102
3,12,102
3,12,102
3,12,101
3,12,100
3,12,100
2,12,98
2,12,96
3,11,96
4,11,94
4,11,91
4,11,90
3,11,86
3,11,85
3,11,83
3,11,83
3,10,82
3,10,82
3,9,83
2,9,83
3,9,83
3,9,84
3,9,84
3,9,84
3,10,85
5,11,92
5,11,94
5,11,94
5,11,94
5,11,94
5,11,94
3,11,94
3,11,95
2,11,95
1,11,95
1,11,95
1,11,95
1,11,95
1,11,95
1,11,95
1,10,95
3,10,95
3,10,95
3,10,95
3,10,95
3,10,95
3,10,95
3,10,95
3,10,95
3,10,95
3,10,95
3,10,95
1,10,97
1,10,97
1,10,98
1,10,98
1,10,98
2,10,99
2,11,99
3,11,99
3,11,99
4,11,98
4,11,98
3,10,97
3,10,95
3,10,95
3,10,95
3,10,95
3,11,94
3,11,94
3,11,94
3,11,94
3,11,94
3,11,94
2,11,94
2,11,94
2,11,95
1,11,95
1,11,95
1,11,95
2,11,94
2,11,94
2,10,93
2,10,93
2,10,93
4,10,93
4,10,93
4,10,93
4,10,93
4,10,93
4,10,94
2,10,94
2,10,94
3,10,94
3,10,95
3,10,95
3,10,95
3,10,95
3,10,95
3,10,95
3,10,95
3,10,95
2,10,94
2,10,94
2,10,94
2,10,94
2,10,93
2,10,93
2,10,93
3,11,94
3,11,94
3,11,94
3,11,94
3,11,95
3,10,95
3,10,95
3,10,95
3,10,95
3,10,95
3,10,96
2,9,96
3,10,97
3,10,97
3,10,97
3,10,97
3,10,97
3,10,97
3,10,97
3,10,95
3,10,95
3,10,95
3,10,95
1,10,97
1,10,97
1,10,97
1,10,97
1,10,97
1,10,97
1,10,97
1,10,97
1,10,97
1,10,97
1,10,97
1,10,97
1,10,97
1,10,97
1,10,97
1,10,97
1,10,97
1,10,97
1,10,97
1,10,97
1,10,97
1,10,97
1,10,97
2,11,98
2,11,98
2,11,98
2,11,99
3,12,99
3,12,101
3,12,101
3,12,102
3,12,102
3,12,102
3,12,102
3,12,102
2,11,101
2,11,101
2,11,101
2,11,101
2,11,101
2,11,101
2,11,101
2,11,101
3,12,102
3,12,102
3,12,102
3,12,102
3,12,102
3,12,102
3,12,102
3,12,102
3,12,102
3,12,102
3,12,102
3,12,102
3,11,100
3,11,100
3,11,100
3,11,100
3,11,100
3,12,102
3,12,102
3,12,102
3,12,102
3,12,102
4,13,103
4,13,103
3,12,102
3,12,102
3,12,102
3,12,101
3,12,101
3,12,100
3,12,99
3,12,97
3,12,96
4,11,94
4,11,91
4,11,90
3,11,88
3,11,85
3,11,83
2,10,83
3,10,82
3,9,82
2,9,83
2,9,83
3,9,84
3,9,84
3,9,84
3,9,84
3,10,85
4,11,92
5,11,94
5,11,94
5,11,94
5,11,94
5,11,94
3,11,94
3,11,94
2,11,95
2,11,95
1,11,95
1,11,95
1,11,95
1,11,95
1,11,95
3,10,95
3,10,95
3,10,95
3,10,95
3,10,95
3,10,95
3,10,95
3,10,95
3,10,95
3,10,95
3,10,95
3,10,95
1,10,97
1,10,97
1,10,97
1,10,98
1,10,98
2,10,99
2,10,99
3,11,99
3,11,99
3,11,98
3,11,98
3,10,97
3,10,95
3,10,95
3,10,95
3,11,95
3,11,94
3,11,94
3,11,94
3,11,94
3,11,94
3,11,94
2,10,94
2,11,94
1,11,95
1,11,95
1,11,95
1,11,95
2,11,95
2,11,94
2,10,93
2,10,93
2,10,93
4,10,93
4,10,93
4,10,93
4,10,93
4,10,93
4,10,93
3,10,93
3,10,94
3,10,94
3,10,95
3,10,95
3,10,95
3,10,95
3,10,95
3,10,95
3,10,95
3,10,94
3,10,94
3,10,94
3,10,94
2,10,94
2,10,93
2,10,93
2,11,93
3,11,94
3,11,94
3,11,94
3,11,94
3,11,95
3,10,95
3,10,95
3,10,95
3,10,95
3,10,95
2,9,95
2,9,96
2,9,96
2,9,96
3,10,97
3,10,97
3,10,97
3,10,97
3,10,95
3,10,95
3,10,95
3,10,95
3,10,95
2,10,95
1,10,97
1,10,97
1,10,97
1,10,97
1,10,97
1,10,97
1,10,97
1,10,97
1,10,97
1,10,97
2,10,97
2,11,98
2,10,97
1,10,97
1,10,97
1,10,97
1,10,97
1,10,97
1,10,97
1,10,97
1,10,97
1,10,97
1,10,98
2,11,98
2,11,98
2,11,99
2,11,99
2,11,100
2,12,101
2,12,101
3,12,102
3,12,102
3,12,102
3,12,101
2,11,101
2,11,101
2,11,101
2,11,101
2,11,101
2,11,101
2,11,101
2,11,101
3,12,102
3,12,102
3,12,102
3,12,102
3,12,102
3,12,102
3,12,102
3,12,102
3,12,102
3,12,102
3,12,102
3,12,102
3,11,101
3,11,100
3,11,100
3,11,100
3,11,100
3,12,102
3,12,102
3,12,102
3,13,102
4,13,102
4,13,103
4,13,103
4,12,102
3,12,102
3,12,102
3,12,101
3,12,101
3,12,101
3,12,99
3,12,99
3,12,96
4,11,94
3,11,91
3,11,90
3,11,88
3,11,85
3,11,84
2,11,83
3,10,83
3,9,83
2,9,83
2,9,83
3,9,84
3,9,84
3,9,84
3,9,84
3,10,85
4,11,92
5,11,94
5,11,94
5,11,94
5,11,94
5,11,94
3,11,94
2,11,94
2,11,95
1,11,95
1,11,95
1,11,95
1,11,95
1,11,95
1,11,95
3,10,95
3,10,95
3,10,95
3,10,95
3,10,95
3,10,95
3,10,95
3,10,94
3,10,94
3,10,94
3,10,94
3,10,95
3,10,95
1,10,97
1,10,97
1,10,98
1,10,98
2,10,98
2,11,99
2,11,99
3,11,99
3,11,98
3,11,98
3,10,97
3,10,95
3,10,95
3,11,95
3,11,95
3,11,94
3,11,94
3,11,94
3,11,94
3,11,94
3,10,94
3,10,94
3,10,94
2,10,95
1,11,95
1,11,95
1,11,95
1,11,95
1,10,94
2,10,94
2,10,93
2,10,93
4,10,93
4,10,93
4,10,93
4,10,93
4,10,93
4,10,93
3,10,93
3,10,93
3,10,94
3,10,94
3,10,94
3,10,95
3,10,95
3,10,95
3,10,94
3,10,94
3,10,94
3,10,94
3,10,94
3,10,94
2,10,93
2,10,93
2,10,93
2,10,93
2,11,93
3,11,94
3,11,94
3,10,94
3,10,95
3,10,95
3,10,95
3,10,95
3,10,95
3,10,95
2,9,95
2,9,95
2,9,95
2,9,95
2,10,95
3,10,96
3,10,95
3,10,95
3,10,95
3,10,95
3,10,95
3,10,95
3,10,95
3,10,95
2,10,95
1,10,97
1,10,97
1,10,97
1,10,96
1,10,96
1,10,96
1,10,97
2,10,97
2,10,97
2,10,97
2,11,98
2,11,98
1,10,97
1,10,97
1,10,97
1,10,97
1,10,97
1,10,97
1,10,97
1,10,97
1,10,97
1,10,98
1,10,98
2,11,98
2,11,99
2,11,99
2,11,100
2,12,101
2,12,101
2,12,101
3,12,101
2,12,101
2,11,101
2,11,101
2,11,101
2,11,101
2,11,101
2,11,101
2,11,101
2,11,101
2,11,101
2,12,101
3,12,102
3,12,102
3,12,102
3,12,102
3,12,102
3,12,102
3,12,102
3,12,102
3,12,102
3,12,102
3,12,102
3,12,101
3,12,101
3,11,100
3,11,100
3,12,100
3,12,101
3,12,102
3,12,102
3,13,102
4,13,102
4,13,103
4,13,102
4,13,102
4,12,102
4,12,101
4,12,101
4,12,101
4,12,101
3,12,100
3,12,99
3,12,96
3,12,94
3,11,92
3,11,91
2,11,88
3,11,85
3,11,84
3,11,83
3,10,83
3,9,83
3,9,83
3,9,83
3,9,84
3,9,84
3,9,84
3,9,84
3,10,85
4,11,93
5,11,94
5,11,94
5,11,94
5,11,94
5,11,94
3,11,94
2,11,94
2,11,94
1,12,95
1,12,95
1,12,95
2,11,95
2,11,95
2,11,95
3,10,95
3,10,95
3,10,95
3,10,95
3,10,95
3,10,95
3,10,94
3,10,94
3,10,94
3,10,94
3,10,94
3,10,95
3,10,95
2,10,97
1,10,97
1,10,97
1,10,98
2,10,98
2,11,98
2,11,98
2,11,98
2,11,98
2,11,97
2,11,97
2,10,96
2,11,95
3,11,95
3,11,95
3,11,94
3,11,94
3,11,94
3,11,94
4,10,94
3,10,94
3,10,94
3,10,94
2,10,95
1,10,95
1,10,95
1,11,95
1,11,95
1,10,94
2,10,94
2,10,94
3,10,93
4,10,93
4,10,93
4,10,93
4,10,93
4,10,93
4,10,93
3,10,93
2,10,93
3,10,94
3,10,94
3,10,94
3,11,94
3,11,94
3,11,94
3,11,94
3,11,94
3,11,94
4,10,94
4,10,94
3,10,93
2,9,93
2,9,92
2,10,91
2,10,91
2,10,93
2,10,93
2,10,94
3,10,94
3,10,95
3,10,95
3,10,95
3,10,95
3,10,95
3,10,95
2,9,94
2,9,93
2,9,93
2,9,93
2,10,93
2,10,94
3,10,95
3,10,95
3,10,95
3,10,95
3,10,95
3,10,95
3,10,95
3,10,95
3,10,95
2,10,95
2,10,95
2,10,95
2,10,94
2,9,94
2,9,94
2,9,96
2,10,97
2,10,97
2,10,97
2,11,98
2,11,98
1,10,97
1,10,97
1,10,97
1,10,97
1,10,97
1,10,97
1,10,97
1,10,97
1,10,98
1,10,98
1,9,98
1,9,98
2,11,99
2,11,99
2,11,100
2,12,101
2,12,101
3,12,101
3,12,101
2,12,101
2,11,101
2,11,101
2,11,101
2,11,101
2,11,101
2,11,101
2,11,101
2,12,101
2,12,101
2,12,101
2,12,101
3,12,102
3,12,102
3,12,102
3,12,102
3,12,102
3,12,102
3,12,102
3,12,102
3,12,102
3,12,102
3,12,101
3,12,101
3,12,100
3,12,100
3,12,100
3,12,101
3,12,101
3,12,102
3,13,102
4,13,102
4,13,102
4,13,102
4,12,102
4,12,102
4,12,101
4,12,101
4,12,101
4,12,101
3,12,100
3,12,99
3,12,97
3,12,95
3,11,92
2,11,91
2,11,89
3,11,86
3,11,85
3,11,84
3,10,83
3,9,83
2,8,83
2,8,83
2,8,83
2,9,84
2,9,84
3,10,85
3,10,86
4,11,93
5,11,94
5,11,94
5,11,94
5,11,94
5,11,94
3,11,94
2,11,94
2,11,94
1,12,94
1,12,95
2,12,95
2,11,95
2,11,95
3,10,95
3,10,95
3,10,95
3,10,95
3,10,95
3,10,95
3,10,94
3,11,94
3,10,94
3,11,94
3,11,94
3,11,94
3,10,94
3,10,95
3,10,95
1,10,97
1,10,97
1,10,98
2,11,98
2,11,98
2,11,98
2,11,98
2,11,98
2,11,97
2,11,97
2,11,96
1,11,95
2,11,95
3,11,95
3,11,94
3,11,94
3,11,94
4,11,94
4,11,94
4,10,94
4,10,94
3,10,94
3,10,95
2,10,95
1,10,95
1,10,95
1,11,95
1,11,95
1,10,94
2,11,94
2,10,94
4,11,94
4,10,93
4,10,93
4,10,93
4,10,93
4,10,93
2,10,93
2,10,93
2,10,93
2,10,94
3,10,94
3,11,94
3,11,94
3,11,94
3,11,94
3,11,94
4,11,94
5,11,94
4,10,93
3,10,93
3,10,92
2,9,91
2,10,90
2,10,90
2,10,91
2,10,92
2,10,93
2,10,94
3,10,96
3,10,96
3,10,95
3,10,95
3,10,95
3,10,94
2,10,94
2,9,93
2,10,93
2,10,93
2,10,93
2,10,93
2,10,94
3,10,94
3,10,95
3,10,95
3,10,95
3,10,96
3,10,95
3,10,95
3,10,95
3,10,95
3,10,95
2,10,94
2,9,94
2,9,94
2,9,94
2,9,94
2,10,96
2,10,97
2,10,97
2,10,97
2,10,97
1,10,97
1,10,97
1,10,97
1,10,97
1,10,97
1,10,97
1,10,97
1,10,98
1,10,98
1,9,98
1,9,98
1,9,98
2,10,99
2,11,99
2,12,100
2,12,101
2,12,101
3,13,101
3,12,101
2,12,101
2,12,101
2,11,101
2,11,101
2,11,101
2,11,101
2,11,101
3,12,101
2,12,101
2,12,101
2,12,101
2,12,101
2,12,101
3,12,102
3,12,102
3,12,102
3,12,102
3,12,102
3,12,102
3,12,102
3,11,101
3,12,101
3,12,101
3,12,101
3,12,100
3,12,100
3,12,101
3,12,101
3,13,101
3,13,101
3,13,101
3,13,101
3,13,101
4,13,101
4,12,101
4,12,101
4,12,101
4,12,101
4,12,101
4,12,101
4,12,101
3,12,99
3,12,99
3,12,96
2,12,94
2,11,91
2,11,89
3,11,88
3,11,85
3,11,84
2,9,83
2,8,83
2,8,83
2,8,83
2,8,83
2,8,84
2,9,85
2,10,85
3,11,86
4,11,93
5,11,94
5,11,94
5,11,94
5,11,94
5,11,94
3,11,94
2,11,94
2,11,94
1,11,94
1,11,94
2,11,95
3,11,95
3,10,95
3,10,95
3,10,95
3,10,95
3,10,95
3,10,95
3,10,94
3,11,94
3,11,94
3,11,93
3,11,94
3,11,94
3,11,94
3,10,94
3,10,95
3,10,95
1,10,97
1,10,97
1,10,97
2,11,98
2,11,98
2,11,98
2,11,98
2,11,98
2,11,97
1,11,97
1,11,96
1,11,95
1,11,95
2,11,95
3,11,94
3,11,94
4,11,94
5,11,94
5,11,94
4,10,94
4,9,94
3,9,94
3,9,95
2,10,95
2,10,95
1,10,95
1,11,95
1,11,95
1,11,94
2,11,94
3,11,94
3,11,94
4,11,94
4,11,94
4,10,93
4,10,93
2,10,93
2,10,93
2,10,93
2,10,93
2,10,94
3,10,94
3,11,94
3,11,94
3,11,94
3,11,94
4,11,94
4,11,94
5,11,94
4,10,93
4,10,93
4,10,92
3,10,91
3,10,90
2,10,90
2,10,91
2,10,91
2,10,93
2,10,94
2,10,96
3,10,96
3,10,95
3,10,95
3,10,95
3,10,94
3,10,94
2,10,93
2,10,93
2,10,93
2,10,93
2,10,93
2,10,94
2,10,94
3,10,95
3,10,96
3,10,97
3,10,97
3,10,95
3,10,95
3,10,95
3,10,95
3,10,95
3,10,94
2,9,94
2,9,94
2,9,94
2,9,94
3,10,95
3,10,97
3,10,97
2,10,97
2,10,97
1,10,97
1,10,97
1,10,97
1,10,97
1,10,97
1,10,97
1,10,98
1,10,98
1,9,98
1,9,98
1,9,98
1,9,98
2,10,99
2,10,99
2,12,100
2,12,100
3,13,101
3,13,101
3,13,101
3,12,101
2,12,101
2,11,101
2,11,101
2,11,101
2,11,101
2,11,101
3,12,101
2,12,101
3,12,101
2,12,101
2,12,101
2,12,101
3,12,102
3,12,102
3,12,102
3,12,102
3,12,102
3,12,102
3,11,101
2,11,101
2,11,101
3,12,101
3,12,101
3,12,101
3,12,100
3,12,101
3,13,101
3,13,101
3,13,101
3,13,101
3,13,101
3,13,101
3,13,101
4,12,101
4,12,101
4,12,101
4,12,101
4,12,101
4,12,101
4,12,101
3,12,100
3,12,99
2,12,98
2,12,96
2,12,93
3,12,91
3,11,88
3,11,85
3,11,84
3,9,83
3,8,83
2,8,83
2,8,83
2,8,84
2,8,85
2,9,85
2,10,85
3,11,86
4,11,93
5,11,94
5,11,94
5,11,94
5,11,94
5,11,94
3,11,94
3,11,94
2,11,94
2,11,94
1,11,94
3,11,95
3,10,95
3,10,95
3,10,95
3,10,95
3,10,95
3,10,95
3,10,95
3,10,94
3,10,94
3,11,93
3,11,93
3,11,94
3,11,94
3,11,94
3,10,95
3,10,95
2,10,97
1,10,97
2,10,97
2,11,98
2,11,98
2,11,98
2,11,98
2,11,98
2,11,97
2,11,97
1,11,96
1,11,96
1,11,95
1,11,95
2,11,95
3,11,94
3,11,94
4,11,94
5,11,94
5,11,94
4,10,94
4,9,94
3,9,94
3,9,95
3,10,95
2,10,95
1,10,95
1,11,95
1,11,94
1,11,94
2,11,94
3,10,94
3,11,95
4,10,95
4,10,94
4,10,94
3,10,94
2,10,93
2,10,93
2,10,93
2,10,94
2,10,94
3,10,94
3,10,94
3,10,94
3,10,94
3,11,94
3,11,94
4,11,94
5,11,94
4,10,94
4,10,93
4,10,93
4,10,92
4,10,91
3,10,91
2,10,91
2,10,92
2,9,93
2,9,94
2,9,94
3,10,95
3,10,95
3,10,95
3,10,95
3,10,94
3,10,94
2,10,93
2,10,93
2,10,93
2,10,93
2,10,94
2,10,94
2,10,94
2,10,94
2,10,97
3,10,97
3,10,97
3,10,97
3,10,95
3,10,95
3,10,95
3,10,95
3,10,95
3,10,95
3,10,94
3,10,95
3,10,95
3,10,95
3,10,95
2,10,97
2,10,97
1,10,97
1,10,97
1,10,97
1,10,97
1,10,97
1,10,98
1,10,98
1,10,98
1,10,98
1,9,98
1,9,98
1,9,98
2,10,99
2,10,99
2,11,100
3,12,100
3,13,101
3,13,101
3,13,101
3,13,101
3,12,101
3,12,101
3,12,101
2,11,101
2,11,101
2,11,101
2,11,101
2,12,101
2,12,101
3,12,102
3,12,101
2,12,101
2,12,101
3,12,102
3,12,102
3,12,102
3,12,102
3,12,102
3,12,102
2,11,101
2,11,101
2,11,101
3,11,100
3,11,100
3,12,100
3,12,100
3,12,101
3,12,101
3,13,101
3,13,101
3,13,101
3,13,101
3,13,101
3,13,102
4,13,102
4,12,102
4,12,101
4,12,101
4,12,101
3,12,101
3,12,100
3,12,100
3,12,99
2,12,99
2,12,98
3,13,95
4,13,93
4,11,89
3,11,86
3,10,84
3,9,83
2,8,83
2,8,83
2,8,83
2,8,85
2,8,85
2,10,85
2,11,85
3,11,87
4,11,91
4,11,93
5,11,94
5,11,94
5,11,94
5,11,94
4,11,94
3,11,94
2,11,94
2,11,94
2,11,94
2,11,94
2,10,94
3,10,95
3,10,95
3,10,95
3,10,95
3,10,95
3,10,95
3,10,95
4,10,94
4,10,94
4,10,93
3,10,93
3,10,94
3,10,94
3,10,94
3,10,95
3,10,95
2,10,97
2,10,97
2,11,98
2,11,98
2,11,98
2,11,98
2,11,98
2,11,98
2,11,97
1,11,96
1,11,96
1,11,96
1,11,95
1,11,95
2,11,95
3,11,95
3,11,94
4,11,94
5,11,94
5,11,94
4,10,94
4,9,94
3,9,94
3,9,94
3,10,95
2,10,95
2,10,95
2,10,95
2,11,94
2,10,94
2,10,94
3,10,94
3,10,95
3,10,95
3,10,95
3,10,95
3,10,94
3,10,94
2,10,94
2,10,94
3,10,94
3,10,94
3,10,94
3,10,94
3,10,94
3,10,95
3,10,95
3,10,94
3,10,94
4,10,94
4,10,94
4,10,93
4,10,93
4,10,93
4,10,93
4,10,92
3,10,92
2,10,92
2,9,92
2,9,93
2,9,94
2,10,94
3,10,95
3,10,95
3,10,94
3,10,94
3,10,94
3,10,94
2,10,94
2,10,94
2,10,94
2,10,94
2,10,94
2,10,94
2,10,97
2,10,97
2,10,97
1,10,97
1,10,97
2,10,95
3,10,95
3,10,95
3,10,95
3,10,95
3,10,95
3,10,95
3,10,95
3,10,95
3,10,95
3,10,95
2,10,97
1,10,97
1,10,97
1,10,97
1,10,97
2,11,98
2,11,98
2,10,98
1,10,98
1,10,98
1,9,98
1,9,98
1,9,98
2,10,99
2,10,99
3,11,100
3,11,100
3,12,100
3,13,101
3,13,101
3,13,101
3,13,101
3,12,101
3,12,101
3,12,102
3,12,102
2,11,101
3,12,102
3,12,102
3,12,101
3,12,101
3,12,102
3,12,101
2,12,101
2,12,101
3,12,102
3,12,102
3,12,102
3,12,102
3,12,102
3,11,101
3,11,101
2,11,101
2,11,101
2,11,100
3,11,100
3,11,100
3,12,100
3,12,100
3,12,100
3,13,101
3,13,101
3,13,101
3,13,101
3,13,102
4,13,102
4,13,102
4,13,102
4,12,101
4,12,101
3,12,101
3,12,101
3,12,100
3,12,100
3,12,100
3,12,99
3,13,98
5,14,97
5,13,94
4,13,90
3,11,87
3,9,84
2,9,84
2,8,83
2,8,83
2,8,83
2,8,85
2,8,85
2,10,85
2,10,86
3,11,87
3,11,88
4,11,91
4,11,94
5,11,94
5,11,94
5,11,94
3,11,94
3,11,94
3,11,94
2,11,93
2,10,93
2,10,94
3,10,94
3,10,95
3,10,95
3,10,95
3,10,95
3,10,95
3,10,95
5,10,95
5,10,94
5,10,94
4,10,94
3,10,94
3,10,94
3,10,94
3,10,94
3,10,95
3,10,97
2,10,97
2,11,98
2,11,98
2,11,98
2,11,98
2,11,98
2,11,98
2,11,98
2,11,97
1,11,96
1,11,95
1,11,95
1,11,95
1,11,95
3,11,95
3,11,95
4,11,95
4,11,94
5,11,94
5,11,94
4,10,94
3,9,94
3,9,94
2,9,94
2,9,94
2,10,95
2,10,95
2,10,94
2,11,94
2,10,94
2,10,94
3,10,95
3,10,95
3,10,95
3,10,95
3,10,95
3,10,95
3,10,95
3,10,95
3,10,95
3,10,95
3,10,95
3,10,95
3,10,95
3,10,95
3,10,95
3,10,95
3,10,95
3,10,95
3,10,95
4,10,94
4,10,93
4,10,93
4,10,93
4,10,93
4,10,93
4,10,92
3,9,92
2,9,92
2,9,92
2,9,94
2,9,94
3,10,94
3,10,94
3,10,94
3,10,94
3,10,94
3,10,94
3,10,94
3,10,95
3,10,95
3,10,95
2,10,94
2,10,97
2,10,97
2,10,97
1,10,97
1,10,97
1,10,97
1,10,97
3,10,95
3,10,95
3,10,95
3,10,95
3,10,95
3,10,95
3,10,95
3,10,95
3,10,95
3,10,95
2,10,95
1,10,97
1,10,97
1,10,97
2,11,98
2,11,98
2,11,98
2,11,98
2,10,98
1,10,98
1,9,98
1,9,98
2,10,99
2,10,99
3,11,100
3,11,100
3,11,100
3,12,100
3,13,101
3,13,101
3,13,101
3,12,101
3,12,101
3,12,102
3,12,102
3,12,102
3,12,102
3,12,102
3,12,102
3,12,102
3,12,102
3,12,102
3,12,102
3,12,102
3,12,102
3,12,102
3,12,102
3,12,102
3,12,102
3,12,102
3,12,102
3,11,101
3,11,101
2,11,100
2,11,100
3,11,100
3,11,100
3,12,100
3,12,100
3,12,100
3,12,101
3,13,101
3,13,101
3,13,101
3,13,102
4,13,103
4,13,103
4,13,103
4,12,102
3,12,101
3,12,101
2,12,101
2,12,100
2,12,100
3,13,100
3,13,100
5,15,99
6,15,98
6,15,96
5,13,92
4,12,87
3,10,85
3,9,84
3,9,84
2,8,84
2,8,85
2,8,85
2,9,85
2,10,86
3,10,87
3,10,87
4,11,91
4,11,93
4,11,94
4,11,94
4,11,94
3,11,94
3,11,94
3,10,94
3,11,94
2,10,94
3,10,94
3,10,94
3,10,95
3,10,95
3,10,95
3,10,95
3,10,95
5,10,95
5,10,95
5,10,94
5,11,94
4,11,94
4,10,94
3,10,94
3,10,94
2,10,95
2,10,95
2,10,97
2,11,98
2,11,98
2,11,98
2,11,98
2,11,98
2,11,98
2,11,98
2,11,97
2,11,96
1,11,95
1,11,95
1,11,95
1,11,95
1,11,95
3,11,95
3,11,95
4,11,95
4,11,95
4,11,95
4,11,95
4,11,94
3,10,94
2,10,94
2,9,94
2,9,94
2,10,94
2,10,94
2,10,94
2,10,93
2,10,93
2,10,94
3,10,94
3,10,94
3,10,95
3,10,95
3,10,95
3,10,95
3,10,95
3,10,95
3,10,95
3,10,95
3,10,95
3,10,95
3,10,95
3,10,95
3,10,95
3,10,95
3,10,95
3,10,95
3,10,95
4,10,95
4,10,94
4,10,94
4,10,93
4,10,93
4,10,93
4,9,93
3,9,93
2,9,92
2,9,92
2,9,93
2,9,94
3,10,94
3,10,94
3,10,94
3,10,94
3,10,94
3,10,94
3,10,95
3,10,95
3,10,95
3,10,95
3,10,96
2,10,97
2,10,97
1,10,97
1,10,97
1,10,97
1,10,97
1,10,97
1,10,96
3,10,95
3,10,95
3,10,95
3,10,95
3,10,95
3,10,95
3,10,95
3,10,95
3,10,95
2,10,95
1,10,97
1,10,97
1,10,97
1,10,98
2,11,98
2,11,98
2,11,99
2,11,99
2,10,98
1,9,98
1,9,98
2,10,99
3,11,100
3,11,100
3,11,100
3,12,100
3,12,100
3,12,100
3,12,101
2,12,101
3,12,101
3,12,101
3,12,102
3,12,102
3,12,102
3,12,102
3,12,102
3,12,102
3,12,102
3,12,102
3,12,102
3,12,102
3,12,102
3,12,102
3,12,102
3,12,102
3,12,102
3,12,102
3,12,102
3,12,102
3,12,102
3,11,101
3,11,100
3,11,100
3,11,100
3,11,99
3,12,100
2,12,100
2,12,100
2,12,100
2,12,101
2,13,101
3,13,102
4,13,103
4,13,103
4,13,103
4,13,103
4,12,103
3,12,102
3,12,101
2,12,101
2,12,101
3,12,101
3,13,101
5,14,101
6,16,100
7,15,98
6,15,96
5,13,92
4,11,88
3,10,85
3,9,84
3,9,84
3,9,84
2,8,85
3,9,85
2,9,86
2,10,86
3,10,87
3,10,87
4,11,91
4,11,91
4,11,93
4,11,94
3,11,94
3,10,94
3,11,94
3,10,94
3,10,94
3,10,94
3,10,94
3,10,94
3,10,95
3,10,95
3,10,95
3,10,95
3,10,95
5,10,95
5,10,95
5,10,94
5,10,94
4,11,94
4,10,94
3,10,94
3,10,94
2,10,95
2,10,95
2,11,98
2,11,98
2,11,98
2,11,98
2,11,98
2,11,98
2,11,98
2,11,98
1,11,96
1,11,96
1,11,95
1,11,95
1,11,95
1,11,95
3,11,95
3,11,95
3,11,95
4,11,95
4,11,95
4,11,95
4,11,95
4,11,95
3,10,94
3,10,94
2,10,94
2,10,94
2,10,94
2,10,94
2,10,94
2,10,93
2,10,93
2,10,94
3,10,94
3,10,94
3,10,95
3,10,95
3,10,95
3,10,95
3,10,95
3,10,95
3,10,95
3,10,95
3,10,95
3,10,95
3,10,95
3,10,95
3,10,95
3,10,95
3,10,95
3,10,95
3,10,95
3,10,95
3,10,95
4,10,95
4,10,94
4,10,93
4,10,93
4,9,93
3,9,93
2,9,92
1,9,92
2,9,92
2,9,93
2,10,94
3,10,94
3,10,94
3,10,94
3,10,94
3,10,95
3,10,95
3,10,95
3,10,95
3,10,97
3,10,97
3,10,97
2,10,97
1,10,97
1,10,97
1,10,97
1,10,97
1,10,97
1,10,97
3,10,96
3,10,96
3,10,96
3,10,96
3,10,96
3,10,95
3,10,95
3,10,95
3,10,95
2,10,95
1,10,97
1,10,97
1,10,97
1,10,98
2,11,98
2,11,99
3,11,99
3,11,99
2,10,99
2,10,98
2,10,99
2,10,99
3,11,100
3,11,100
3,12,101
3,12,101
3,12,100
3,12,101
3,12,101
3,12,101
3,12,101
3,12,102
3,12,102
3,12,102
3,12,102
3,12,102
3,12,102
3,12,102
3,12,102
3,12,102
3,12,102
3,12,102
3,12,102
3,12,102
3,12,102
3,12,102
3,12,102
3,12,102
3,12,102
3,12,102
3,12,102
3,11,101
3,11,100
2,11,100
2,11,99
2,11,99
2,11,99
2,12,100
2,12,100
1,12,100
1,13,101
1,13,101
2,13,103
4,13,103
4,13,103
4,13,103
4,13,103
4,13,103
3,12,103
3,12,102
3,12,101
3,12,101
3,13,101
4,14,102
6,15,101
6,16,101
6,15,98
6,13,95
4,12,91
3,11,88
3,10,85
3,9,84
3,9,84
3,9,85
3,9,85
3,9,86
3,9,86
3,10,87
3,10,87
3,10,88
4,10,90
4,11,91
3,11,93
3,11,94
3,10,94
3,10,94
3,10,94
3,10,94
3,10,94
3,11,94
3,10,94
3,10,94
3,10,95
3,10,95
3,10,95
3,10,95
4,10,95
5,10,95
5,10,95
5,10,94
5,10,94
4,11,94
4,10,94
3,10,94
3,10,94
2,10,95
2,11,95
2,11,98
2,11,98
2,11,98
2,11,98
2,11,98
2,11,98
2,11,98
1,11,97
1,11,96
1,11,95
1,11,95
1,11,95
1,11,95
2,11,94
3,11,94
3,11,95
3,11,95
3,11,95
4,11,95
4,11,95
4,11,95
4,11,95
3,11,94
3,11,94
3,10,94
2,10,94
2,10,94
2,10,94
2,10,93
2,10,93
2,10,93
2,10,94
2,10,94
2,10,94
2,9,94
2,9,94
3,10,95
3,10,95
3,10,95
3,10,95
3,10,95
3,10,95
3,10,95
3,10,95
3,10,95
3,10,95
3,10,95
3,10,95
3,10,95
3,10,95
3,10,95
3,10,95
3,10,95
3,10,95
4,10,95
4,10,94
4,10,94
4,9,93
3,9,93
3,9,92
1,9,92
1,9,92
1,9,92
2,10,93
2,10,94
3,10,94
3,10,94
3,10,95
3,10,95
3,10,95
3,10,97
3,10,97
3,10,97
3,10,97
3,10,97
3,10,97
2,10,97
1,10,97
1,10,97
1,10,97
1,10,97
3,10,97
3,10,97
3,10,97
3,10,97
3,10,97
3,10,97
3,10,96
3,10,95
3,10,95
3,10,95
3,10,97
1,10,97
1,10,97
1,10,98
1,10,98
2,10,99
3,11,99
3,11,100
3,11,100
2,10,99
2,10,99
2,10,99
2,10,99
3,11,100
3,11,100
3,12,101
3,12,101
3,12,101
3,12,101
3,12,101
3,12,101
3,12,102
3,12,102
3,12,102
3,12,102
3,12,102
3,12,102
3,12,102
3,12,102
3,12,102
3,12,102
3,12,102
3,12,102
3,12,102
3,12,102
3,12,102
3,12,102
3,12,102
3,12,102
3,12,102
3,12,102
3,12,102
3,11,101
3,11,100
2,10,99
2,10,99
2,10,99
2,11,99
2,12,99
1,12,100
1,12,100
1,12,101
1,13,101
2,13,103
4,13,103
4,13,103
4,13,104
4,12,104
4,12,104
4,12,103
3,12,103
3,12,102
3,13,102
4,13,102
4,14,102
6,15,102
6,16,101
6,15,98
5,12,92
3,11,91
3,10,87
3,10,85
3,10,84
3,9,84
3,9,85
3,9,85
3,9,86
3,9,86
3,10,87
3,10,88
3,10,89
3,10,89
3,10,91
3,10,91
3,10,93
3,10,94
3,10,95
3,11,95
3,10,94
3,11,94
3,11,94
3,11,94
3,10,95
3,10,95
3,10,95
3,10,95
3,10,95
4,10,95
4,10,95
4,10,95
5,10,94
5,10,94
4,11,94
4,11,94
3,11,94
3,11,94
2,11,95
2,11,95
2,11,97
2,11,98
2,11,98
2,11,98
2,11,98
2,11,98
2,11,98
2,11,98
1,11,97
1,11,95
1,11,95
1,11,95
1,11,94
2,11,94
3,11,94
3,11,94
3,10,94
3,11,95
3,10,95
4,11,95
4,11,95
4,11,95
3,11,95
3,11,94
3,11,94
3,11,94
3,10,94
3,10,94
3,10,93
2,10,93
2,10,93
2,10,94
2,10,94
2,9,94
2,9,94
2,9,94
2,9,94
2,9,94
3,10,95
3,10,95
3,10,95
3,10,95
3,10,95
3,10,95
3,10,95
3,10,95
3,10,95
3,10,95
3,10,95
3,10,95
3,10,95
3,10,95
3,10,95
3,10,95
3,10,95
3,10,95
4,10,94
4,9,94
4,9,93
3,9,93
1,9,92
1,9,92
1,9,92
1,9,93
2,9,93
2,9,94
2,10,94
3,10,94
3,10,95
3,10,95
3,10,97
3,10,97
3,10,97
3,10,97
3,10,97
3,10,97
2,10,97
2,10,97
1,10,96
1,10,96
2,10,97
3,10,97
3,10,97
3,10,97
3,10,97
3,10,97
3,10,97
3,10,97
3,10,97
3,10,96
3,10,97
3,10,97
1,10,97
1,10,97
1,10,98
1,10,98
2,10,99
2,10,99
3,11,100
3,11,100
2,10,99
2,10,99
2,10,99
2,10,99
2,10,99
3,11,100
3,12,101
3,12,101
3,12,101
3,12,101
3,12,101
3,12,101
3,12,102
3,12,102
3,12,102
3,12,102
3,12,102
3,12,102
2,11,101
2,11,101
3,12,102
3,12,102
3,12,102
3,12,102
3,12,102
3,12,102
3,12,102
3,12,102
3,12,102
3,12,102
3,12,102
3,12,102
3,12,102
3,11,101
3,11,100
2,10,99
2,10,99
2,10,99
2,11,99
1,11,99
1,12,100
1,12,100
1,12,101
1,13,101
2,13,103
2,13,103
4,12,104
4,12,105
4,12,105
4,12,104
4,12,103
4,12,103
3,13,102
4,13,102
4,14,102
4,14,102
5,14,102
6,14,101
5,13,98
4,12,92
3,11,89
3,10,87
3,10,85
3,10,84
3,9,84
3,9,85
3,9,85
3,9,86
3,10,87
3,10,87
3,10,89
3,10,89
3,10,89
3,10,90
3,10,91
3,10,93
3,10,94
3,10,94
3,11,94
3,10,94
3,11,94
3,11,94
3,11,94
3,11,95
3,11,95
3,10,95
3,10,95
3,10,95
4,10,95
4,10,95
4,10,94
4,10,94
4,10,94
4,11,94
4,11,94
3,11,94
3,11,94
2,11,95
2,11,95
2,11,97
2,11,98
2,11,98
2,11,98
2,11,98
2,11,98
2,11,98
2,11,98
2,11,97
1,11,96
1,11,95
1,11,95
2,11,94
2,11,94
3,11,94
3,10,94
3,10,94
3,10,94
3,10,95
3,10,95
4,11,95
3,11,95
3,11,95
3,11,94
3,11,94
3,11,94
3,11,94
3,11,94
3,11,93
3,10,93
3,10,94
2,10,94
2,10,94
2,10,94
2,9,94
2,9,94
2,9,94
2,9,94
2,9,94
2,10,94
3,10,95
3,10,95
3,10,95
3,10,95
3,10,95
3,10,95
3,10,95
3,10,95
3,10,95
3,10,95
3,10,95
3,10,95
3,10,95
3,10,95
3,10,95
3,10,95
3,9,94
4,9,94
4,9,94
3,9,93
2,9,92
1,9,92
1,9,92
1,9,93
2,9,93
2,9,94
2,9,94
3,10,94
3,10,95
3,10,97
3,10,97
3,10,97
3,10,97
3,10,97
3,10,97
3,10,97
2,10,97
2,10,96
2,10,95
2,10,96
2,10,96
3,10,97
3,10,97
3,10,97
3,10,97
3,10,97
3,10,97
3,10,97
3,10,97
3,10,97
3,10,97
2,10,97
1,10,97
1,10,98
1,9,98
1,10,98
2,10,99
2,10,99
3,11,100
3,11,100
3,11,100
2,10,99
2,10,99
2,10,99
3,11,100
3,11,100
3,12,101
3,12,101
3,12,101
2,12,101
3,12,101
3,12,101
3,12,102
3,12,102
3,12,102
3,12,102
3,12,102
3,12,102
2,11,101
2,11,101
3,12,102
3,12,102
3,12,102
3,12,102
3,12,102
3,12,102
3,12,102
3,12,102
3,12,102
3,12,102
3,12,102
3,12,102
3,12,102
3,12,102
3,11,100
2,11,100
2,10,99
2,10,99
1,11,99
1,11,99
1,11,99
1,12,100
1,12,101
1,12,101
2,12,103
2,12,103
4,12,105
4,12,105
4,12,105
4,12,105
4,12,104
4,12,103
4,13,103
4,13,102
4,13,102
4,14,102
4,14,102
4,13,99
4,12,96
3,11,91
3,11,89
3,10,87
3,10,84
3,10,84
3,9,84
3,9,85
3,9,85
3,10,86
3,10,87
3,10,89
3,10,89
3,11,90
3,10,87
2,10,89
3,10,91
3,10,93
3,10,94
2,10,94
2,11,94
1,11,94
1,11,94
2,11,94
2,11,94
3,11,95
3,11,95
3,10,95
3,10,95
3,10,95
3,10,95
3,10,95
4,10,94
4,10,94
4,10,94
4,11,94
4,11,94
3,11,94
3,11,94
2,11,95
2,11,95
1,11,96
2,11,97
2,11,98
2,11,98
2,11,98
2,11,98
2,11,98
2,11,98
2,11,98
2,11,97
2,11,95
3,11,95
3,11,94
3,11,94
3,11,94
3,10,94
3,10,94
3,10,94
3,10,95
3,10,95
3,10,95
3,11,95
3,11,94
3,11,94
3,11,94
3,11,94
3,11,94
3,11,94
4,11,94
4,11,94
3,10,94
3,10,94
3,10,94
3,10,94
2,10,94
2,10,94
2,10,94
2,10,94
2,10,94
3,10,95
3,10,95
3,10,96
3,10,96
3,10,95
3,10,95
3,10,95
3,10,95
3,10,95
3,10,95
3,10,95
3,10,95
3,10,95
3,10,95
3,10,95
3,10,95
3,10,95
3,10,95
4,9,94
4,9,94
4,10,94
3,9,93
2,9,93
2,9,93
1,9,93
1,9,93
2,9,94
2,9,94
2,9,94
3,10,97
3,10,97
3,10,97
3,10,97
3,10,97
3,10,97
3,10,97
3,10,97
3,10,96
2,10,95
2,10,94
2,10,94
2,10,96
3,10,96
3,10,97
3,10,97
3,10,97
3,10,97
3,10,97
3,10,97
3,10,97
3,10,97
3,10,97
2,10,98
2,10,98
1,10,98
1,9,98
2,10,99
2,10,99
2,10,99
3,11,100
3,11,100
3,11,100
3,11,100
3,11,100
3,11,100
3,11,100
3,11,100
3,12,101
3,12,101
3,12,101
2,12,101
3,12,101
3,12,101
3,12,102
3,12,102
3,12,102
3,12,102
3,12,102
3,12,102
3,12,102
3,12,102
3,12,102
3,12,102
3,12,102
3,12,102
3,12,102
3,12,102
3,12,102
3,12,102
3,12,102
3,12,102
3,12,102
3,12,102
3,12,102
3,12,102
3,12,101
3,11,100
2,11,99
1,11,99
1,11,99
1,11,99
1,11,99
1,11,100
1,11,101
1,12,101
2,12,103
3,12,104
4,12,105
4,12,105
4,12,105
4,12,105
4,12,104
4,12,104
3,12,103
4,13,103
4,13,102
4,13,102
4,13,101
3,13,98
3,12,94
3,11,91
2,11,89
3,10,86
3,10,84
3,10,84
3,10,84
3,10,85
3,10,85
3,10,86
3,10,88
3,10,89
3,10,89
3,11,90
2,9,86
2,9,88
3,10,91
2,10,92
2,10,94
2,10,94
1,11,94
1,11,94
1,11,94
1,11,94
1,11,94
2,11,95
3,11,95
3,11,95
3,10,95
3,10,95
3,10,95
3,10,95
3,10,95
4,10,94
4,10,94
4,11,94
3,11,94
3,11,94
2,11,94
1,11,94
1,11,95
1,11,95
1,11,97
2,11,97
2,11,98
2,11,98
3,11,99
3,12,99
3,11,99
3,11,98
2,11,98
3,11,97
3,11,95
3,11,94
3,11,94
3,11,94
3,11,94
3,10,94
3,10,94
3,10,95
3,10,95
3,10,95
3,10,94
3,11,94
3,11,94
3,11,94
3,11,94
3,11,93
4,11,93
4,11,93
4,11,93
4,10,94
3,10,94
3,10,94
2,10,94
2,10,94
2,10,94
2,10,94
2,10,94
2,10,95
2,10,95
3,10,97
3,10,97
3,10,97
3,10,96
3,10,95
2,9,95
2,9,94
3,10,95
3,10,95
3,10,95
3,10,95
3,10,95
2,10,95
2,10,95
2,10,95
3,10,95
3,10,95
4,10,95
4,10,95
4,10,95
3,10,94
2,10,93
2,10,93
2,9,93
1,9,93
1,9,94
2,9,94
2,9,94
3,10,97
3,10,97
3,10,97
3,10,97
3,10,97
3,10,97
3,10,97
3,10,96
3,10,95
3,10,94
3,10,94
2,10,94
3,10,95
3,10,96
3,10,97
3,10,97
3,10,97
3,10,97
3,10,98
3,10,98
3,10,98
3,10,98
3,10,98
2,10,98
2,10,98
2,10,99
2,10,99
2,10,99
2,10,99
3,11,100
3,11,100
3,11,100
3,11,100
3,11,100
3,11,100
3,11,100
3,11,100
3,11,100
3,11,100
3,12,100
3,12,101
2,12,101
3,12,101
3,12,101
3,12,102
3,12,102
3,12,102
3,12,102
3,12,102
3,12,102
3,12,102
3,12,102
3,12,102
3,12,102
3,12,102
3,12,102
3,12,102
3,12,103
3,12,104
3,12,104
3,12,104
3,12,104
3,12,104
3,12,103
3,12,103
3,12,102
3,12,102
3,12,101
2,11,100
2,11,99
1,11,99
1,11,99
1,11,100
1,11,100
1,11,101
2,11,101
2,12,103
3,12,104
4,12,105
4,12,105
4,12,105
4,12,105
4,12,104
4,12,104
3,12,103
3,12,102
3,13,102
3,13,102
3,12,100
2,12,97
3,12,94
2,12,91
2,11,89
2,11,86
3,10,84
3,10,84
3,10,84
3,10,85
3,10,85
3,10,87
3,10,89
3,10,89
3,10,90
3,10,90
2,9,84
2,9,87
2,10,89
2,10,92
2,10,94
2,11,94
1,11,94
1,11,94
1,11,94
1,11,94
1,11,94
1,11,95
3,11,95
3,10,95
3,10,95
3,10,95
3,10,95
3,10,95
3,10,95
4,11,94
4,11,94
3,11,94
3,11,94
3,11,94
2,11,94
1,11,94
1,11,95
1,11,95
1,11,96
2,11,97
2,11,98
2,11,98
3,11,99
3,12,99
3,11,99
3,11,98
3,11,98
3,11,98
3,11,95
3,11,95
3,11,94
3,11,94
3,11,94
3,10,94
3,10,94
3,10,95
3,10,95
3,10,94
2,10,94
3,10,94
2,11,94
3,11,93
3,11,93
4,11,93
4,11,93
4,11,93
5,11,94
5,11,94
4,10,94
3,10,94
3,10,95
2,10,95
2,10,95
1,10,95
1,10,95
2,10,95
2,10,97
3,10,97
3,10,97
3,10,97
3,10,96
2,9,95
2,9,94
2,9,94
3,10,95
3,10,95
3,10,95
3,11,95
1,11,95
1,10,95
2,10,95
2,10,95
2,10,95
3,10,95
3,10,95
3,10,95
3,10,95
3,10,95
3,10,94
2,10,94
2,10,93
2,9,94
1,8,94
1,8,94
1,8,94
2,9,95
3,10,97
3,10,97
4,11,98
4,11,98
4,11,97
3,11,97
3,10,95
3,10,94
3,10,94
3,10,94
2,10,94
3,10,95
3,10,96
3,10,97
3,9,97
3,10,97
3,10,97
3,10,98
3,10,99
3,10,99
3,10,99
3,10,99
2,10,99
2,10,99
2,10,98
1,9,98
2,10,99
2,10,99
3,11,100
3,11,100
3,11,100
3,11,100
3,11,100
3,11,100
3,11,100
3,11,100
3,11,100
3,11,100
3,12,100
2,11,101
2,12,101
3,12,101
3,12,101
3,12,102
3,12,102
3,12,102
3,12,102
3,12,102
3,12,102
3,12,102
3,12,102
3,12,102
3,12,102
3,12,102
3,12,102
3,12,103
3,12,104
4,12,105
4,12,105
3,12,104
3,12,104
3,12,104
3,12,104
3,12,103
3,12,103
3,12,102
3,12,102
3,12,100
2,12,100
2,12,100
1,11,99
1,11,100
2,12,100
2,11,101
2,11,102
3,12,104
4,12,105
4,12,105
4,12,105
4,12,105
4,12,105
4,12,105
4,12,104
3,12,103
3,12,102
3,12,102
3,12,101
2,12,99
2,12,97
2,13,93
2,12,91
2,11,89
2,11,86
2,11,84
2,10,84
3,10,84
3,10,85
3,10,86
4,10,87
3,10,89
3,10,89
3,10,90
3,10,92
2,9,84
2,9,87
2,10,89
2,10,92
2,10,94
2,11,95
1,11,95
1,11,94
1,11,94
1,11,94
1,11,95
1,11,95
1,10,95
2,10,95
3,10,95
3,10,95
3,10,95
3,10,95
3,11,95
4,11,95
4,11,94
3,11,94
3,11,94
3,11,94
2,11,94
1,11,94
1,11,95
1,11,95
2,11,96
2,11,97
2,11,98
3,11,99
3,11,99
3,12,99
3,11,99
3,11,99
3,11,98
3,11,98
3,11,96
3,11,95
3,11,95
3,11,95
3,11,95
3,11,96
3,11,96
3,11,95
3,10,95
3,10,94
2,10,94
3,10,94
2,10,94
2,11,93
3,11,93
4,11,93
4,11,93
5,11,93
5,11,94
5,11,94
4,10,94
3,10,95
3,10,95
3,10,95
1,10,95
1,10,95
1,10,95
2,10,97
3,10,97
3,10,97
3,10,97
3,10,97
3,9,94
2,9,94
2,9,94
2,9,94
3,10,94
3,11,95
3,11,95
3,11,95
1,11,95
1,11,95
2,10,94
2,9,94
2,9,94
2,9,95
3,10,95
3,10,95
3,10,95
3,10,95
3,10,95
3,10,95
3,10,94
2,10,94
2,9,94
2,9,94
1,8,94
2,9,94
3,10,96
3,10,97
3,10,97
4,11,98
4,11,97
3,11,97
3,11,95
3,10,95
3,10,94
2,10,94
2,10,94
3,10,95
3,10,96
2,9,97
2,9,97
2,9,97
2,9,97
2,9,98
2,10,99
2,10,99
2,10,99
2,10,99
2,10,99
2,10,99
2,10,98
2,10,98
2,10,98
2,10,99
2,11,99
3,11,100
3,11,100
3,11,100
3,11,100
3,11,100
3,11,100
3,11,100
3,11,100
3,11,100
3,12,100
3,12,101
3,12,101
3,12,101
3,12,102
3,12,102
3,12,102
3,12,102
3,12,102
3,12,102
3,12,102
3,12,102
3,12,102
3,12,102
2,11,101
3,11,102
3,11,102
3,12,102
3,12,104
4,12,105
4,12,105
3,12,104
3,12,104
3,12,104
3,12,104
3,12,103
3,12,103
3,12,102
3,12,101
2,12,100
2,12,100
2,12,100
2,12,100
2,12,100
2,12,101
3,11,101
3,11,102
3,11,104
4,12,105
4,12,105
4,12,105
4,12,105
4,12,105
4,12,104
4,12,104
3,12,103
3,12,102
3,12,102
3,12,100
3,12,98
2,12,96
3,13,93
2,13,91
2,12,89
2,11,86
2,11,85
2,10,84
3,10,84
3,10,85
4,10,87
4,10,88
3,10,89
4,10,90
3,10,92
3,11,93
1,9,84
1,9,87
2,10,89
2,11,93
2,12,95
2,12,95
2,12,95
1,11,95
1,11,95
1,11,95
1,11,95
1,10,95
1,10,95
1,10,95
1,10,95
3,10,95
3,10,95
3,10,95
3,10,95
3,11,95
3,11,95
3,11,95
3,11,94
3,11,94
2,11,94
2,11,95
2,11,95
2,11,96
2,11,97
2,11,97
3,11,98
3,11,99
3,11,99
3,11,99
3,11,99
3,11,99
2,10,98
2,10,98
2,11,98
3,11,96
3,11,96
3,11,96
4,12,98
4,13,97
4,13,97
4,11,96
3,11,95
3,11,94
2,10,94
3,10,94
2,10,94
2,10,93
2,10,93
3,10,93
4,11,93
4,11,93
4,11,93
4,11,94
4,10,94
3,10,95
3,10,95
2,10,95
1,10,95
1,10,97
1,10,97
2,10,97
3,10,97
3,10,97
3,10,97
4,10,95
3,9,94
3,9,94
3,9,94
3,9,94
4,10,94
4,11,94
4,11,94
3,11,95
2,11,95
2,10,94
2,10,94
2,9,94
2,9,94
2,9,95
2,10,95
3,10,95
3,10,95
3,10,95
3,10,95
3,10,95
3,10,94
3,10,94
3,9,94
2,9,94
2,9,94
2,9,94
2,9,95
3,10,97
3,10,97
3,10,97
3,10,97
3,11,97
3,11,95
2,10,95
2,10,95
2,10,94
2,10,95
3,10,97
3,10,97
2,10,97
2,9,97
2,9,97
2,9,97
2,9,98
2,10,99
2,10,99
2,10,99
2,10,99
2,10,99
1,10,98
1,10,98
2,10,98
2,10,98
2,10,99
2,11,99
3,11,100
3,11,100
3,11,100
3,11,100
3,11,100
3,11,100
3,11,100
3,11,100
3,11,101
3,11,101
3,12,101
3,12,101
3,12,102
3,12,102
3,12,102
3,12,102
3,12,102
3,12,102
3,12,102
3,12,102
3,12,102
2,11,101
2,11,101
2,11,101
3,11,102
3,12,102
3,12,102
3,12,102
3,12,104
3,12,104
3,12,104
3,12,104
3,12,103
3,12,102
3,12,102
3,12,102
3,13,102
3,12,101
2,12,100
2,12,100
2,12,100
2,12,100
2,12,100
3,12,101
3,12,102
3,12,104
3,12,104
3,12,104
4,12,105
4,12,105
4,12,105
4,12,105
4,12,104
3,12,103
3,12,103
3,12,102
3,12,101
3,12,100
3,12,97
2,13,96
3,13,93
2,13,91
2,12,90
2,11,87
2,10,86
2,10,85
3,10,85
4,10,87
4,10,87
4,10,88
4,10,89
4,10,90
3,10,92
3,10,93
0,9,84
0,10,88
1,10,90
2,11,93
3,12,95
3,12,95
3,12,96
1,11,96
1,11,95
1,11,95
1,11,95
1,10,96
1,10,96
1,10,96
1,10,96
3,10,96
3,10,96
3,10,96
3,10,96
3,10,95
3,10,95
3,10,95
3,10,95
3,10,95
3,10,95
3,10,96
3,10,96
3,10,97
3,10,97
3,11,97
3,11,98
3,11,99
3,11,99
3,11,99
2,11,99
2,11,99
2,10,98
2,10,98
2,10,98
2,11,98
3,11,98
3,11,98
5,13,98
5,13,98
5,13,98
4,12,96
3,11,95
3,11,94
3,11,94
3,11,94
3,11,94
3,10,93
3,10,93
4,10,93
4,11,93
4,11,93
4,11,93
4,11,94
4,10,94
3,10,95
3,10,95
2,10,97
1,10,97
1,10,97
1,10,97
2,10,97
3,10,97
3,10,97
4,10,95
4,10,94
4,9,94
4,9,94
4,9,94
4,10,94
4,10,94
4,11,94
5,11,94
4,11,94
2,11,94
2,10,94
2,9,94
2,9,94
2,9,94
2,9,95
2,10,95
3,10,95
3,10,95
3,10,95
3,10,95
3,10,95
3,10,95
3,10,95
3,10,94
2,9,93
2,9,93
2,9,94
2,9,94
2,10,95
2,10,97
3,10,97
3,10,97
1,10,97
1,10,95
2,10,95
2,10,95
2,11,95
2,11,96
3,10,97
3,10,97
2,10,97
2,9,97
2,9,97
2,9,97
2,9,98
2,10,99
2,10,99
3,11,100
2,10,99
2,10,99
1,10,98
1,10,97
1,10,98
2,10,98
2,10,98
2,11,98
2,11,99
3,11,100
3,11,100
3,11,100
3,11,100
3,11,100
3,11,100
3,11,100
3,11,100
3,11,100
3,11,101
3,12,101
3,12,102
3,12,102
3,12,102
3,12,102
3,12,102
3,12,102
3,12,102
3,12,102
2,11,101
2,11,101
2,11,101
2,11,101
3,11,102
3,12,102
3,12,102
3,12,102
3,12,102
3,12,102
3,12,102
3,12,102
3,12,102
3,12,102
3,12,101
3,12,101
3,12,101
3,12,101
2,12,100
2,12,100
2,12,100
2,12,100
3,12,101
3,12,102
3,12,104
3,12,104
3,12,104
3,12,104
3,11,104
4,12,105
4,12,105
3,12,104
3,12,104
3,12,103
4,12,102
3,12,102
3,12,101
3,12,99
3,12,97
2,12,95
2,13,93
2,13,91
2,11,89
2,11,87
2,10,87
2,10,86
3,10,87
3,10,87
4,10,88
4,10,88
4,10,90
4,10,92
4,11,93
3,11,94
0,9,86
0,10,89
1,11,90
1,11,93
2,12,95
2,12,95
2,11,95
1,11,95
1,11,95
1,10,95
1,10,96
1,10,96
1,10,96
1,10,96
1,10,96
1,10,97
3,10,97
3,10,96
3,10,96
3,10,95
3,10,95
3,10,95
3,10,95
3,10,95
3,10,96
3,10,97
3,10,97
3,10,97
3,10,97
3,11,97
3,11,98
3,11,99
3,11,99
3,11,99
3,11,99
2,10,99
2,10,99
2,10,98
2,10,98
2,10,98
2,11,98
3,12,98
5,13,99
5,15,99
5,15,98
4,12,96
3,11,95
3,11,94
3,11,94
3,11,94
3,11,94
3,11,94
3,10,94
4,10,94
4,11,94
4,11,94
4,11,94
4,11,94
3,10,94
3,10,95
3,10,97
2,10,97
1,10,97
1,10,97
2,10,97
3,10,97
3,10,97
3,10,96
4,10,94
4,10,94
4,9,94
4,9,94
4,9,94
4,10,94
4,10,94
5,10,94
5,11,94
5,10,94
3,10,94
2,10,94
2,9,94
2,9,94
2,9,94
2,10,95
2,10,95
3,10,95
3,10,95
3,10,95
3,10,95
3,10,95
3,10,95
3,10,94
3,10,93
2,9,93
2,9,93
2,9,93
2,9,94
2,9,94
2,10,96
2,10,97
1,10,97
1,10,97
1,10,96
1,10,95
1,11,95
1,11,95
2,11,96
2,11,97
2,10,96
2,9,96
2,9,96
2,9,96
2,9,97
2,9,98
2,10,99
2,10,99
2,10,99
2,10,99
1,10,98
1,10,97
1,10,97
1,10,97
1,10,97
1,10,98
2,10,98
2,11,98
2,11,99
3,11,100
3,11,100
3,11,100
3,11,100
3,11,100
3,11,100
3,11,101
3,11,101
3,11,101
3,12,101
3,12,102
3,12,102
3,12,102
3,12,102
3,12,102
3,12,102
3,12,102
3,12,102
3,12,102
3,12,102
3,12,102
3,12,102
3,12,102
3,12,102
3,12,102
3,12,102
3,12,102
3,12,102
3,12,102
3,12,102
3,12,101
3,12,101
3,12,101
3,12,101
2,12,100
2,12,100
2,12,100
2,12,100
2,12,100
2,12,101
3,12,102
3,12,104
3,12,104
3,12,104
3,12,104
3,11,104
3,11,104
3,11,104
3,11,104
3,12,104
3,12,103
4,12,103
4,12,103
4,12,102
3,12,101
3,12,99
3,12,96
2,12,95
2,12,93
2,12,91
2,11,89
2,11,87
2,10,87
2,10,87
3,10,87
3,10,87
4,10,88
4,10,88
4,10,91
5,10,92
4,11,94
4,11,94
0,9,86
0,10,89
1,11,90
1,11,93
2,11,94
2,11,94
2,11,95
2,11,95
1,11,95
1,10,95
1,10,96
1,10,96
1,10,96
1,10,96
1,10,97
1,10,97
2,10,97
3,10,97
3,10,97
3,10,95
3,10,95
3,10,95
3,10,95
3,10,95
3,10,96
3,10,97
3,10,97
3,10,97
3,10,97
3,10,97
3,11,98
3,12,99
3,12,99
3,12,100
3,11,100
3,11,100
2,10,99
2,10,99
1,10,98
1,11,98
2,11,99
3,12,99
3,13,99
4,15,99
4,15,99
3,12,96
3,11,95
3,11,94
3,11,94
3,11,94
3,11,94
3,11,94
3,11,94
4,10,94
4,11,94
4,11,94
4,10,94
4,10,94
3,10,95
3,10,97
3,10,97
3,10,97
2,10,98
2,10,98
3,10,98
3,10,97
3,10,97
3,10,95
4,10,94
4,9,94
4,9,94
4,9,94
4,10,94
4,10,94
4,10,94
5,10,94
5,11,94
4,10,94
4,10,94
2,10,94
2,9,94
2,9,94
2,9,94
2,10,95
2,10,95
3,10,95
3,10,95
3,10,95
3,10,95
3,10,95
3,10,95
3,10,95
3,10,94
3,10,93
2,9,93
2,9,93
2,9,94
1,9,94
1,10,95
1,10,97
1,10,97
1,10,97
1,10,96
1,10,95
1,11,95
1,11,95
1,11,96
2,10,97
2,10,97
2,9,96
2,9,96
2,9,96
2,9,96
2,9,97
2,10,98
2,10,99
2,10,99
2,10,99
1,10,98
1,10,97
1,10,97
1,10,97
1,10,97
1,10,97
1,10,97
2,10,98
2,11,99
3,11,100
3,11,100
3,11,100
3,11,100
3,11,100
3,11,101
3,11,101
3,11,101
3,12,101
3,12,101
3,12,102
3,12,102
3,12,102
3,12,102
3,12,102
3,12,102
3,12,102
3,12,102
3,12,102
3,12,102
3,12,102
3,12,102
3,12,102
3,12,102
3,12,102
3,12,102
3,12,102
3,12,102
3,12,102
3,12,101
3,12,101
3,12,101
2,12,100
2,12,100
2,12,100
2,12,100
2,12,100
2,12,100
2,12,101
3,12,102
3,12,104
3,12,104
3,12,104
3,11,104
3,11,104
3,11,104
3,11,104
3,11,104
3,11,104
3,12,103
3,12,103
3,13,103
4,13,102
4,12,102
4,12,101
3,12,99
3,12,96
2,12,95
2,12,92
2,11,91
2,10,89
2,10,87
2,10,87
2,10,87
2,10,87
2,10,87
3,10,88
3,10,88
3,10,90
4,10,92
4,11,94
5,11,94
1,10,89
1,10,90
1,11,93
2,10,93
2,10,94
2,10,94
2,10,94
1,11,94
1,11,95
1,11,95
1,11,95
1,10,96
1,10,96
1,10,97
2,10,97
2,10,97
3,10,97
3,10,97
3,10,95
3,10,95
3,10,95
3,10,95
3,10,95
3,10,96
3,10,97
3,10,97
3,10,97
3,10,97
3,10,97
3,11,98
4,11,98
4,12,100
4,12,100
3,12,100
3,11,100
3,11,100
2,10,99
2,10,99
2,11,99
2,11,99
3,12,99
3,13,101
4,14,101
4,14,99
3,12,96
3,11,95
3,11,94
3,11,94
3,11,94
3,11,94
3,11,94
4,11,94
4,10,94
5,11,94
4,11,94
4,10,94
3,10,94
3,10,95
3,10,97
3,10,97
3,10,98
2,11,98
2,10,98
3,10,98
3,10,97
3,10,97
3,10,95
3,10,94
4,10,94
4,10,94
4,10,94
4,10,94
4,10,94
4,10,94
4,10,94
5,10,94
4,10,94
4,10,94
2,10,94
2,9,94
2,9,94
2,10,94
2,10,95
2,10,95
3,10,95
3,10,95
3,10,95
3,10,95
3,10,95
3,10,95
3,10,95
3,10,94
3,10,93
2,9,93
2,9,93
2,9,94
1,10,94
1,10,95
1,10,97
1,10,97
1,10,97
1,10,97
1,10,96
1,11,95
1,11,95
1,11,96
1,11,96
2,10,97
2,10,97
2,9,96
2,9,97
2,9,97
2,10,97
2,10,98
2,10,98
2,10,99
1,10,98
1,10,98
1,10,97
1,10,97
1,10,97
1,10,97
1,10,97
1,10,97
1,10,97
2,11,98
3,11,99
3,11,100
3,11,100
3,11,100
3,11,101
4,12,101
3,11,101
3,12,101
3,12,101
3,12,101
2,11,101
3,12,102
3,12,102
3,12,102
3,12,102
3,12,102
3,12,102
3,12,102
3,12,102
3,12,102
3,12,102
3,12,102
3,12,102
3,12,102
3,12,102
3,12,102
3,12,102
3,12,102
3,12,101
3,12,101
3,12,101
2,12,101
2,12,100
2,12,100
2,12,100
2,12,100
2,12,101
2,12,101
3,12,102
3,12,104
4,12,104
4,12,105
4,12,105
4,12,105
3,11,104
3,11,104
3,11,104
3,11,104
3,11,104
3,12,103
3,13,103
3,13,103
4,13,102
4,13,101
3,13,101
3,12,99
3,12,96
2,12,93
2,12,92
2,11,89
2,11,87
2,10,87
2,10,87
2,10,87
2,10,87
2,10,87
3,10,88
3,10,89
3,10,90
4,10,92
5,11,94
1,10,89
1,10,90
1,10,90
1,10,93
2,10,93
2,10,94
2,11,94
2,11,94
2,11,94
1,11,94
1,11,95
1,11,95
1,11,96
1,11,97
1,10,97
2,10,97
3,10,97
3,10,97
3,10,97
3,10,95
3,10,95
3,10,95
3,10,95
3,10,95
3,10,95
3,10,95
3,10,97
3,10,97
3,10,97
3,10,97
3,11,98
3,11,99
3,12,100
3,11,100
3,11,100
3,11,100
2,11,100
1,10,99
1,11,99
2,11,99
2,12,100
3,12,100
3,12,100
2,12,99
3,11,96
3,11,95
3,11,95
3,11,94
3,11,94
3,11,94
4,11,94
4,11,94
5,11,94
5,11,94
4,11,94
4,10,94
3,10,94
3,10,95
3,10,97
3,10,97
3,11,98
2,11,98
2,11,98
3,10,98
3,10,97
3,10,97
3,10,95
3,10,95
3,10,94
4,10,94
4,10,94
4,10,95
4,10,95
4,10,95
4,10,95
4,10,95
4,10,94
3,10,94
3,10,94
2,10,93
2,10,94
2,10,94
2,10,94
2,10,95
3,10,95
3,10,95
3,10,95
3,10,95
3,10,95
3,10,95
3,10,95
3,10,95
3,10,94
2,10,94
2,9,94
1,10,94
1,10,94
1,10,95
1,10,97
1,10,97
1,10,97
1,10,97
1,11,96
1,11,95
1,11,95
1,11,96
1,11,96
2,10,97
2,10,97
2,10,97
2,10,97
2,10,97
2,10,97
2,10,97
1,10,98
1,10,98
1,10,97
1,10,97
1,10,97
1,10,97
1,10,97
1,10,97
1,10,97
1,10,97
1,10,97
1,10,97
2,11,98
3,11,99
3,11,100
3,11,100
3,12,100
4,12,101
4,12,101
3,12,101
3,12,101
3,12,101
2,11,101
3,12,102
3,12,102
3,12,102
3,12,102
3,12,102
3,12,102
3,12,102
3,12,102
3,12,102
3,12,102
3,12,102
3,12,102
3,12,102
3,12,102
3,12,102
3,12,102
3,12,102
3,12,102
3,12,102
3,12,101
2,12,101
2,11,101
2,11,101
2,12,101
2,12,101
2,12,101
3,12,101
3,12,103
4,12,104
4,12,105
4,12,105
4,12,105
3,12,104
3,12,104
3,11,104
3,11,104
3,11,104
3,12,103
3,12,103
3,12,103
3,13,102
4,12,102
4,12,101
4,12,101
3,12,99
3,12,95
2,12,92
2,12,91
2,11,89
2,11,87
2,10,87
2,10,87
2,10,86
2,10,86
2,10,87
3,10,88
3,10,89
3,10,90
4,11,91
5,11,94
1,10,88
1,10,89
1,10,90
1,10,92
2,10,93
2,11,93
3,11,93
3,11,94
3,11,94
2,11,94
2,11,95
1,11,95
1,11,95
1,11,96
1,10,97
1,10,97
2,10,97
3,10,97
3,10,97
3,10,97
3,10,96
3,10,95
3,10,95
3,10,95
3,10,95
3,10,95
3,10,95
3,10,96
3,10,97
3,10,97
3,11,98
3,11,99
3,12,100
3,12,101
3,11,101
3,11,100
3,11,100
2,11,100
2,11,100
2,11,100
2,12,100
2,12,100
2,12,99
2,11,98
2,11,97
3,11,95
3,11,95
3,11,94
3,11,94
3,11,94
4,11,94
5,11,94
5,11,94
5,11,93
4,10,93
3,10,94
3,10,94
3,10,95
3,10,97
3,10,97
3,11,98
2,11,98
2,11,98
3,10,97
3,10,97
3,10,97
3,10,95
3,10,95
3,10,95
3,10,95
4,10,95
3,10,95
3,10,95
3,10,95
3,10,95
4,10,95
4,10,94
3,10,94
3,10,94
2,10,93
2,10,94
2,10,94
2,10,94
3,10,94
3,10,95
3,10,95
3,10,95
3,10,95
3,10,95
3,10,95
3,10,95
3,10,95
3,10,95
3,10,95
2,10,95
2,10,95
1,10,95
1,10,97
1,10,97
1,10,97
1,10,97
1,11,97
1,11,96
1,11,95
1,11,95
1,11,96
1,11,96
2,10,97
2,10,97
3,10,97
3,10,97
2,10,97
2,10,97
2,10,97
1,10,97
1,10,97
1,10,97
1,10,97
1,10,97
1,10,97
1,10,97
1,10,97
1,10,97
1,10,97
1,10,97
1,10,97
1,10,97
2,11,98
3,11,100
3,11,100
3,12,100
4,12,101
4,12,101
3,12,101
3,12,101
3,12,101
2,11,101
3,12,102
3,12,102
2,11,101
3,12,102
3,12,102
3,12,102
3,12,102
3,12,102
3,12,102
3,12,102
3,12,102
3,12,102
3,12,102
3,12,102
3,11,102
3,11,102
3,12,102
3,12,102
3,12,102
3,12,101
2,12,101
2,11,101
2,11,101
2,11,101
2,12,101
2,12,101
3,12,102
4,13,104
5,13,104
4,13,104
4,12,104
4,12,104
3,12,104
3,12,104
3,12,104
3,12,104
3,12,103
3,12,103
3,12,102
3,12,102
3,12,102
4,12,101
4,12,101
4,12,101
3,12,99
3,12,95
2,12,92
2,12,90
2,11,89
2,11,87
2,10,87
2,10,86
2,10,86
2,10,86
2,10,87
3,10,88
3,10,89
3,10,90
4,11,92
5,11,94
1,10,87
1,10,89
1,10,90
2,10,90
3,10,92
3,11,92
3,11,93
3,11,93
3,11,93
3,11,94
2,11,94
2,11,95
1,11,95
1,11,95
1,10,96
1,10,97
1,10,97
3,10,97
3,10,97
3,10,97
3,10,97
3,10,95
3,10,95
3,10,95
3,10,95
3,10,94
3,10,95
3,10,95
3,10,97
3,10,97
3,11,98
3,11,99
3,12,100
3,12,101
3,11,101
3,11,101
3,11,100
2,11,100
2,11,100
2,11,100
2,12,100
2,12,100
2,12,100
2,11,99
2,11,98
2,11,96
3,11,95
3,11,94
3,11,94
3,11,94
4,11,94
4,11,94
4,11,93
4,11,93
4,10,93
3,10,94
3,10,94
3,10,95
3,10,97
2,10,97
2,10,97
2,11,98
2,10,97
2,10,97
3,10,97
3,10,96
3,10,95
3,10,95
3,10,95
3,10,95
3,10,96
3,10,96
2,10,96
2,10,96
3,10,95
3,10,95
3,10,95
3,10,94
3,10,94
3,10,94
3,10,94
3,10,94
3,10,94
3,10,94
3,10,94
3,10,95
3,10,95
3,10,95
3,10,95
3,10,95
3,10,95
3,10,95
3,10,95
3,10,95
2,10,95
1,10,95
1,10,97
1,10,97
1,10,97
1,10,97
1,10,97
1,11,97
1,11,97
1,11,96
1,11,96
1,11,97
2,11,97
2,10,97
2,10,97
3,10,97
3,10,97
2,10,97
2,10,97
2,10,97
1,10,97
1,10,97
1,10,97
1,10,97
1,10,97
1,10,97
1,10,97
1,10,97
1,10,97
1,10,97
1,10,97
1,10,97
1,10,97
2,11,98
2,11,98
3,11,99
3,11,100
3,12,100
3,12,100
3,12,101
3,12,101
3,12,101
3,12,101
3,12,101
3,12,102
3,12,101
3,12,102
3,12,102
3,12,102
3,12,102
3,12,102
3,12,102
3,12,102
3,12,102
3,12,102
3,12,102
3,12,102
3,11,102
3,11,102
3,12,102
3,12,102
3,12,102
3,12,102
2,12,101
2,11,101
2,11,101
2,11,101
2,11,101
3,12,102
3,12,102
4,13,103
5,13,104
4,13,104
4,13,104
4,12,104
3,12,103
3,12,103
3,12,103
3,12,102
3,12,102
3,12,102
3,12,102
3,12,102
3,12,102
3,12,101
3,12,101
4,12,101
3,12,99
3,12,95
2,12,92
2,12,90
2,11,89
2,11,87
2,10,87
2,10,87
2,10,86
2,10,86
2,10,87
3,10,89
3,10,89
4,11,90
4,11,92
5,11,94
1,10,87
1,10,89
2,10,90
2,10,90
3,10,91
3,11,92
3,11,92
3,11,93
3,11,93
3,11,94
3,11,94
3,11,94
2,11,95
1,10,95
1,10,96
1,10,97
1,10,97
1,10,97
3,10,97
3,10,97
3,10,97
3,10,95
3,10,95
3,10,94
3,10,94
2,10,94
2,10,94
2,10,95
2,10,96
2,10,97
3,11,98
3,11,99
3,11,100
3,11,100
3,11,101
3,11,101
3,11,101
2,11,101
2,11,100
2,11,100
2,12,100
2,12,100
2,12,100
2,11,99
2,11,98
2,11,97
3,11,96
3,11,95
3,11,94
4,11,94
4,11,94
4,11,94
4,11,93
4,11,93
3,10,93
3,10,94
2,10,94
3,10,95
3,10,97
2,10,97
2,10,97
1,10,97
1,10,97
2,10,97
3,10,97
3,10,97
3,10,96
3,10,95
3,10,95
3,10,96
3,10,96
2,10,96
2,10,96
2,10,96
3,10,95
3,10,95
3,10,95
3,10,95
3,10,95
3,10,94
3,10,94
3,10,94
3,10,94
3,10,94
3,10,94
3,10,94
2,10,94
3,10,95
3,10,95
3,10,95
3,10,95
3,10,95
3,10,95
3,10,95
2,10,96
1,10,97
1,10,97
1,10,97
1,10,97
1,10,97
1,10,97
1,10,97
2,11,97
2,11,97
1,11,97
1,11,97
2,11,97
2,10,97
3,10,97
3,10,97
3,10,97
3,10,97
2,10,97
2,10,97
1,10,97
1,10,97
1,10,97
1,10,97
1,10,97
1,10,97
1,10,97
1,10,97
1,10,97
1,10,97
1,10,97
1,10,97
1,10,97
1,10,97
2,11,98
2,11,98
3,11,99
3,11,99
3,11,100
3,12,100
3,12,101
3,12,101
3,12,101
3,12,101
3,12,102
3,12,102
3,12,102
3,12,102
3,12,102
2,11,101
2,11,101
3,12,102
3,12,102
3,12,102
3,12,102
3,12,102
3,12,102
3,12,102
3,12,102
3,12,102
3,12,102
3,12,102
3,12,102
3,12,102
2,11,101
2,11,101
2,12,101
3,12,102
3,12,102
3,12,102
4,13,103
5,13,104
4,13,103
4,13,103
4,13,103
4,13,103
3,12,103
3,12,102
3,12,102
3,12,102
3,12,102
3,12,102
3,12,102
3,12,102
4,12,101
3,12,101
4,12,100
3,12,99
3,12,95
2,12,92
2,12,90
2,11,89
2,10,87
2,10,87
2,10,87
2,10,87
2,10,87
2,10,87
3,10,89
3,11,90
4,11,91
4,11,92
5,11,94
2,10,88
2,10,90
3,10,90
4,11,90
4,11,91
4,11,92
3,11,92
3,11,93
3,11,94
3,11,94
3,11,94
3,11,95
1,10,96
1,10,97
1,10,97
1,10,97
1,10,97
1,10,97
3,10,97
3,10,97
3,10,95
3,10,95
3,10,94
2,10,94
2,9,94
2,9,94
2,9,94
2,9,96
2,10,97
3,11,98
3,11,99
3,11,99
3,11,100
3,11,100
3,11,100
2,11,100
2,11,101
2,11,100
2,11,100
2,12,100
2,12,100
2,12,100
2,11,99
2,11,98
3,11,98
3,11,96
3,11,95
3,11,95
3,11,94
4,11,94
4,11,94
4,11,93
3,11,93
3,10,93
2,10,94
2,10,95
3,10,95
3,10,97
3,10,97
2,10,97
1,10,97
1,10,97
2,10,97
3,10,97
3,10,97
3,10,97
3,10,96
3,10,96
3,10,97
3,10,97
3,10,97
2,10,97
2,10,97
3,10,95
3,10,95
3,10,95
3,10,95
3,10,95
3,10,95
3,10,95
3,10,95
3,10,95
3,10,94
2,10,94
2,10,94
2,9,94
2,10,94
3,10,95
3,10,95
3,10,95
3,10,95
3,10,95
3,10,97
1,10,97
1,10,97
1,10,97
1,10,97
1,10,97
1,10,97
1,10,97
2,11,97
2,11,97
2,11,97
1,11,97
1,10,97
1,10,97
2,10,97
3,10,97
3,10,97
3,10,97
3,10,97
2,10,97
1,10,97
1,10,97
1,10,97
1,10,97
1,10,97
1,10,97
1,10,97
1,10,97
1,10,97
1,10,97
1,10,97
1,10,97
1,10,97
1,10,97
1,10,97
1,10,97
1,10,97
2,11,98
2,11,99
3,11,99
3,11,100
3,11,100
3,12,101
3,12,101
3,12,101
3,12,101
3,12,102
3,12,102
3,12,102
2,11,101
2,11,101
2,11,101
2,11,101
3,12,102
3,12,102
3,12,102
3,12,102
3,12,102
3,12,102
3,12,102
3,12,102
3,12,102
3,12,102
3,12,102
3,12,102
3,12,101
2,11,101
3,12,101
3,12,102
3,12,102
3,12,102
3,12,102
4,13,103
4,13,103
4,13,103
4,13,103
4,13,103
4,13,103
3,12,102
3,12,102
3,12,102
3,12,102
3,12,102
3,12,101
3,12,101
3,12,101
3,12,100
3,12,100
3,12,99
3,12,93
3,12,91
2,12,90
2,11,89
2,10,87
2,10,87
2,10,87
2,10,87
2,10,87
2,10,88
3,10,89
4,11,90
4,11,91
4,11,92
2,10,87
2,10,89
3,10,90
4,10,90
5,11,91
5,11,92
5,11,93
3,11,93
3,11,94
3,10,94
3,10,94
3,10,95
2,10,96
1,10,97
1,10,97
1,10,97
1,10,97
1,10,97
1,10,97
3,10,97
3,10,97
3,10,95
2,10,94
2,10,94
2,9,94
2,9,94
2,9,95
2,9,96
2,10,97
2,10,98
2,11,98
2,11,99
3,11,99
3,11,100
3,11,100
2,11,100
2,11,101
2,11,100
2,12,100
2,12,100
2,12,100
2,12,100
2,12,100
2,11,99
3,11,98
3,11,97
3,11,96
3,11,95
3,11,94
3,11,94
3,11,94
3,11,94
3,11,94
3,10,94
3,10,94
3,10,95
3,10,96
3,10,97
3,10,97
3,10,97
2,10,97
2,10,97
2,10,97
3,10,97
3,10,97
3,10,97
3,10,97
3,10,97
3,10,97
3,10,97
3,10,97
2,10,97
3,10,97
3,10,96
3,10,95
3,10,95
3,10,95
3,10,95
3,10,95
3,10,95
3,10,95
3,10,95
3,10,95
2,10,95
2,10,94
2,9,94
2,9,94
2,9,94
3,10,95
3,10,95
3,10,95
3,10,97
1,10,97
1,10,97
1,10,97
1,10,97
1,10,97
1,10,97
1,10,97
1,10,97
1,10,97
2,11,97
2,11,97
2,11,97
1,10,97
2,10,97
2,10,97
3,10,97
3,10,97
3,10,97
3,10,97
2,10,97
1,10,97
1,10,97
1,10,97
1,10,97
1,10,97
1,10,97
1,10,97
2,11,98
2,11,98
2,11,98
2,11,98
2,11,98
2,11,98
1,10,97
1,10,97
1,10,97
1,10,97
1,10,97
2,11,98
3,11,99
3,11,99
3,11,100
3,11,100
3,11,101
3,12,101
4,12,101
4,12,101
3,12,102
3,12,101
2,11,101
2,11,101
2,11,101
2,11,101
2,11,101
3,12,102
3,12,102
3,12,102
3,12,102
3,12,102
3,12,102
3,12,102
3,12,102
3,12,102
3,12,102
3,12,102
3,12,102
3,12,101
3,12,101
2,12,101
3,12,102
3,12,102
3,12,102
3,12,102
3,12,102
3,12,102
4,13,103
4,13,103
4,13,103
3,12,102
3,12,102
3,12,102
3,12,102
3,12,101
3,12,101
3,12,101
3,12,100
3,12,100
3,12,99
3,12,98
3,12,92
2,12,90
2,11,90
2,11,89
2,10,87
2,10,87
2,10,87
2,10,87
2,10,87
2,10,88
3,10,88
3,11,90
4,11,91
4,11,92
2,10,87
3,10,89
3,10,89
4,10,90
5,11,91
5,11,92
5,11,93
5,11,93
3,10,94
3,10,94
3,10,94
3,10,95
3,10,97
1,10,97
1,10,97
1,10,97
1,10,97
1,10,97
1,10,97
3,10,97
3,10,97
2,10,95
2,10,94
2,10,94
2,9,94
2,9,94
2,9,95
2,9,96
2,10,96
2,10,97
2,10,98
2,10,98
2,10,99
2,10,99
2,10,99
2,11,100
2,11,100
2,11,100
2,12,100
2,12,100
2,12,100
2,12,100
2,12,100
2,11,100
3,11,99
3,11,98
3,11,97
3,11,95
3,11,95
3,11,94
3,11,94
3,11,94
3,11,94
3,11,94
3,10,95
3,10,95
3,10,96
3,10,97
3,10,97
3,10,97
3,10,97
3,10,97
3,10,97
3,10,97
3,10,97
3,10,97
3,10,97
3,10,97
3,10,97
3,10,97
3,10,97
3,10,97
3,10,97
3,10,96
3,10,96
3,10,95
3,10,95
3,10,95
3,10,95
3,10,95
3,10,95
3,10,95
3,10,96
2,10,95
2,10,95
2,9,94
2,9,94
2,9,94
3,10,95
3,10,95
2,10,97
1,10,97
1,10,97
1,10,97
1,10,97
1,10,97
1,10,97
1,10,97
1,10,97
1,10,97
1,10,97
1,10,97
2,10,98
2,10,98
2,10,98
2,10,97
2,10,97
3,10,97
3,10,97
3,10,97
3,10,97
2,10,97
1,10,97
1,10,97
1,10,97
1,10,97
1,10,97
1,10,97
2,10,99
3,11,99
3,11,99
3,11,99
3,11,99
2,11,98
2,11,98
2,11,98
2,10,98
1,10,97
1,10,97
2,10,98
2,11,98
2,11,99
3,11,99
3,11,100
3,11,100
3,11,100
3,11,100
4,12,101
4,12,101
3,12,101
3,11,101
2,11,101
2,11,101
2,11,101
2,11,101
3,12,102
3,12,102
3,12,102
3,12,102
3,12,102
3,12,102
3,12,102
3,12,102
3,12,102
3,12,102
3,12,102
3,12,102
3,12,101
3,12,101
3,12,101
2,12,101
2,12,101
3,12,101
3,12,101
3,12,102
3,12,102
3,12,102
4,12,102
4,13,103
4,13,103
3,12,102
3,12,102
3,12,102
3,12,102
3,12,101
3,12,101
3,12,101
3,12,100
3,12,100
3,12,99
3,12,98
3,12,92
2,12,90
2,11,90
2,11,89
2,10,88
2,10,87
2,10,87
2,10,87
2,10,87
3,10,88
3,10,89
3,11,90
3,11,91
3,11,92
2,10,87
2,10,88
3,10,89
5,10,90
5,11,90
5,11,92
5,11,94
5,11,94
4,10,94
3,10,94
4,10,94
3,10,96
3,10,97
1,10,97
1,10,97
1,10,97
1,10,97
1,10,97
1,10,97
1,10,97
2,10,97
2,10,95
2,10,95
3,10,95
2,10,94
2,10,95
3,10,95
2,10,96
2,10,97
2,10,97
2,10,97
1,10,98
2,10,98
2,10,98
2,10,99
2,10,99
2,11,100
2,11,100
2,12,100
2,12,100
2,12,100
3,12,100
3,12,100
3,11,100
3,11,99
3,11,99
3,11,98
3,11,96
3,11,95
3,11,95
3,11,94
2,11,94
2,11,94
2,11,95
2,11,95
3,10,95
3,10,96
3,10,97
3,10,97
3,10,97
3,10,97
3,10,97
3,10,97
3,10,97
3,10,97
3,11,98
3,11,98
3,10,97
3,10,97
3,10,97
3,10,97
3,10,97
3,10,97
3,10,97
3,10,96
3,10,96
3,10,96
3,10,95
3,10,95
3,10,95
3,10,95
3,11,96
3,11,97
3,10,97
2,10,95
2,10,95
2,10,95
3,10,95
3,10,95
2,10,97
1,10,97
1,10,97
1,10,97
1,10,97
1,10,97
1,10,97
1,10,97
1,10,97
1,10,97
1,10,97
1,10,97
2,10,98
2,10,98
2,10,98
2,10,98
2,10,98
3,11,98
3,11,98
4,11,98
4,10,98
3,10,98
2,10,97
1,10,97
1,10,97
1,10,97
1,10,97
1,10,98
2,10,99
2,11,99
3,11,99
3,11,99
3,11,99
3,11,100
3,11,99
2,11,99
2,11,99
2,11,98
2,10,98
2,10,98
2,10,98
2,11,98
3,11,99
3,11,100
3,11,100
3,11,100
3,11,100
3,11,100
3,11,100
3,11,101
3,11,101
3,11,101
3,11,101
2,11,101
2,11,101
2,11,101
3,12,102
3,12,102
3,12,102
3,12,102
3,12,102
3,12,102
3,12,102
3,12,102
3,12,102
3,12,102
3,12,102
3,12,102
3,12,101
3,12,101
3,12,101
2,12,101
2,12,101
2,12,101
2,11,101
3,12,101
3,12,102
3,12,102
4,12,102
4,12,102
4,13,103
4,13,103
3,12,102
3,12,102
3,12,102
3,12,101
3,12,101
3,12,100
3,12,100
3,12,99
3,12,99
3,12,97
3,12,92
3,12,90
2,11,90
2,11,89
2,10,88
2,10,87
2,10,87
2,10,87
3,10,88
3,10,88
3,10,89
3,10,90
3,10,91
3,11,92
2,10,86
2,10,88
3,10,89
5,10,90
5,10,90
5,10,93
5,10,94
5,10,94
5,10,94
4,10,95
4,10,95
3,10,96
3,10,97
1,10,97
1,10,97
1,10,97
1,10,97
1,10,97
1,10,97
1,10,97
1,10,97
2,10,95
2,10,95
3,10,95
3,10,95
3,10,95
3,10,95
2,10,96
2,10,97
2,10,97
2,10,97
1,10,98
1,10,98
1,10,98
1,10,98
2,10,98
2,11,99
2,12,99
3,12,100
3,12,100
3,12,100
3,12,100
3,11,100
3,11,100
3,11,100
3,11,99
3,11,98
3,11,98
3,11,95
2,11,95
1,11,95
1,11,95
1,11,95
2,11,95
2,11,95
2,11,96
3,10,96
3,10,97
3,10,97
3,10,97
3,10,97
3,10,97
3,10,97
3,10,97
3,10,97
3,11,98
3,11,98
3,11,98
3,10,97
3,10,97
3,10,97
3,10,97
3,10,97
3,10,97
3,10,97
3,10,97
3,10,96
3,10,96
3,10,96
3,10,97
3,10,97
3,11,98
3,11,98
3,11,98
3,10,97
2,10,95
3,10,95
3,10,95
3,10,95
2,10,97
1,10,97
1,10,97
1,10,97
1,9,98
1,9,98
1,10,98
1,10,98
1,10,97
1,10,97
1,10,97
1,10,98
1,10,98
2,10,98
2,10,98
2,10,99
2,11,99
3,11,100
4,11,100
4,11,99
4,11,99
4,10,99
3,10,98
2,10,98
1,10,98
1,10,98
1,10,98
2,10,98
2,10,99
2,10,99
3,11,99
3,11,99
3,11,100
3,11,100
3,11,100
3,11,100
3,11,99
2,11,99
2,11,99
2,11,99
2,11,99
3,11,99
3,11,100
3,11,100
3,11,100
3,11,100
3,11,100
3,11,100
3,11,100
3,11,101
3,11,101
3,11,101
3,11,101
3,11,101
2,11,101
3,12,102
3,12,102
3,12,102
3,12,102
3,12,102
3,12,102
3,12,102
3,12,102
3,12,102
3,12,102
3,12,102
3,13,102
3,13,101
3,12,101
3,12,101
3,12,101
2,12,101
2,12,101
2,12,101
2,11,101
2,11,101
3,12,101
3,12,102
3,12,102
3,12,102
3,12,102
3,12,102
3,12,102
3,12,102
3,12,101
3,12,101
3,12,101
3,12,100
3,12,100
3,12,99
3,12,98
3,12,97
3,12,92
3,12,90
3,11,90
2,11,89
2,10,88
2,10,88
2,10,88
3,10,88
3,10,88
3,10,89
3,10,90
3,10,90
3,10,92
3,11,93
2,10,87
3,10,89
5,10,89
5,10,90
5,10,93
5,10,93
5,10,94
5,10,94
4,10,95
4,10,95
3,10,96
3,10,97
3,10,97
1,10,97
1,10,97
1,10,97
1,10,97
1,10,97
1,10,97
1,10,97
2,10,95
2,10,95
3,10,95
3,10,95
3,10,95
3,10,95
3,10,96
2,10,97
2,10,97
2,10,97
1,10,98
1,10,98
1,10,98
1,10,98
1,10,98
2,11,99
3,12,99
3,12,100
3,12,100
3,12,100
3,11,100
3,11,100
3,11,100
3,11,100
3,11,99
2,11,98
2,11,98
2,11,96
1,11,95
1,11,95
1,11,95
1,11,95
1,11,95
1,11,95
2,11,96
2,10,97
3,10,97
3,10,97
3,10,97
3,10,97
3,10,97
3,10,97
3,10,97
3,10,97
3,11,98
2,11,98
2,11,98
3,10,97
3,10,97
3,10,97
3,10,97
3,10,97
3,10,97
3,10,97
3,10,97
3,10,97
3,10,97
3,10,97
3,10,97
3,10,98
3,11,99
3,11,99
3,11,98
3,11,98
3,10,97
3,10,95
3,10,95
3,10,95
1,10,97
1,10,97
1,10,97
1,9,98
1,9,98
1,9,98
1,9,98
1,10,98
1,10,97
1,10,97
1,10,97
1,10,98
1,10,98
1,10,98
2,10,98
2,10,99
3,11,99
3,11,100
4,11,100
4,11,100
4,11,100
4,11,100
3,11,99
3,10,99
2,10,99
2,10,99
2,10,99
2,10,99
2,10,99
2,10,99
2,10,99
3,11,100
3,11,100
3,11,100
3,11,100
3,11,100
3,11,100
3,11,100
2,11,99
3,11,100
3,11,100
3,11,100
3,11,100
3,11,100
3,11,100
3,11,100
3,11,100
3,11,100
3,11,100
3,11,101
3,11,101
3,11,101
3,11,101
3,11,101
3,12,102
3,12,102
3,12,102
3,12,102
3,12,102
3,12,102
3,12,102
3,12,102
3,12,102
3,12,102
3,12,102
3,12,102
3,13,102
3,13,101
3,13,101
3,13,101
3,13,101
2,12,101
2,12,101
2,12,101
2,12,101
2,12,100
3,12,101
3,12,102
3,12,102
3,12,102
3,12,102
3,12,102
3,12,102
3,12,102
3,12,101
3,12,101
3,12,101
3,12,100
3,12,99
3,12,99
3,12,98
3,12,97
3,12,92
3,12,91
3,11,90
2,10,89
2,10,88
2,10,88
2,10,88
3,10,88
3,10,89
3,10,89
3,10,90
3,10,91
3,10,92
2,10,87
2,10,88
4,10,89
5,10,90
5,10,91
5,10,93
5,10,93
5,10,94
4,10,95
4,10,95
3,10,95
3,10,97
3,10,97
2,10,97
1,10,97
1,10,97
1,10,97
1,10,97
1,10,97
1,10,97
2,10,95
2,10,95
3,10,95
2,10,94
3,10,95
3,10,95
3,10,97
3,10,97
3,10,97
2,10,98
2,10,98
2,10,98
2,10,98
2,10,98
2,10,98
3,11,99
3,11,99
3,12,100
3,12,100
3,11,100
3,11,100
3,11,100
3,11,100
3,11,100
3,11,99
2,11,98
2,11,98
2,11,96
1,11,95
1,11,95
1,11,95
1,11,95
1,11,95
1,11,96
2,11,97
2,10,97
3,10,97
3,10,97
3,10,97
3,10,97
3,10,97
3,10,97
3,10,97
3,10,97
3,10,97
2,11,98
2,10,97
3,10,97
3,10,97
3,10,97
3,10,97
3,10,97
3,10,97
3,10,97
3,10,97
3,10,97
3,10,97
3,10,97
3,10,97
3,10,98
3,11,99
2,11,99
3,11,98
3,10,98
3,10,97
3,10,95
3,10,95
2,10,97
1,10,97
1,10,97
1,10,97
1,9,98
1,9,98
1,9,98
1,10,98
1,10,98
1,10,97
1,10,97
1,10,97
1,10,97
1,10,98
2,10,98
2,10,99
3,10,99
3,11,100
3,11,100
3,11,100
4,11,100
4,11,100
4,11,100
3,11,100
3,11,100
3,11,100
3,11,100
2,10,99
2,10,99
2,10,99
2,10,99
2,10,99
3,11,100
3,11,100
3,11,100
3,11,100
3,11,100
3,11,100
3,11,100
3,11,100
3,11,100
3,11,100
3,11,100
3,11,100
3,11,100
3,11,100
3,11,101
3,11,101
3,11,101
3,11,101
3,11,101
3,11,101
2,11,101
2,11,101
3,11,102
3,12,102
3,12,102
3,12,102
3,12,102
3,12,102
3,12,102
3,12,102
3,12,102
3,12,102
3,12,102
3,12,102
3,12,102
3,13,102
3,13,102
3,13,101
3,13,101
3,13,101
3,12,101
2,12,101
3,12,101
2,12,101
2,12,101
3,12,101
3,12,102
3,12,102
3,12,102
3,12,102
3,12,102
3,13,102
3,13,102
3,12,101
3,12,101
3,12,101
3,12,100
3,11,99
3,11,98
3,12,98
3,12,95
3,12,92
3,12,91
3,11,89
3,10,88
2,10,88
2,10,88
2,10,88
3,10,89
3,10,89
3,10,90
3,10,91
3,10,92
3,11,93
2,10,86
2,10,87
3,10,89
4,10,90
5,10,90
5,10,92
5,10,93
4,10,94
4,10,94
4,10,95
3,10,95
3,10,95
3,10,97
2,10,97
1,10,97
1,10,97
1,10,97
1,10,97
1,10,97
1,10,97
2,10,95
2,10,95
3,10,94
2,9,94
2,10,94
3,10,95
3,10,97
3,10,97
3,10,98
3,10,98
2,10,98
2,10,98
2,10,98
2,10,98
2,11,99
3,11,100
3,11,100
3,11,100
3,11,100
3,11,100
3,11,100
3,11,100
3,11,100
3,11,99
3,11,99
3,11,98
2,11,97
2,11,96
2,11,95
1,11,95
1,11,95
1,11,95
2,11,95
2,11,97
2,10,97
3,10,97
3,10,97
3,10,97
3,10,97
4,11,98
3,10,97
3,10,97
3,10,97
3,10,97
3,10,97
3,10,97
3,10,97
3,10,97
3,10,97
3,10,97
3,10,97
3,10,97
3,10,97
3,10,97
3,10,96
3,10,96
3,10,96
3,10,97
3,10,97
3,10,97
3,10,98
3,10,98
3,10,98
3,10,97
3,10,97
3,10,97
3,10,97
2,10,97
1,10,97
1,10,97
1,10,97
1,10,98
1,10,98
1,10,97
1,10,97
2,10,97
2,10,97
2,10,97
2,10,97
2,10,97
2,9,97
2,10,98
2,10,98
3,11,99
3,11,100
3,11,100
3,11,100
3,11,100
3,11,100
3,11,100
4,11,100
3,11,100
3,11,100
3,11,100
3,11,100
2,10,99
2,10,99
2,10,99
2,10,99
2,10,99
3,11,100
3,11,100
3,11,100
4,12,101
4,12,101
3,11,100
3,11,100
3,11,100
3,11,100
3,11,100
3,11,100
3,11,101
3,11,101
3,11,101
3,11,101
3,11,101
3,11,101
3,11,101
3,11,101
2,11,101
2,11,101
2,11,102
3,11,102
3,11,102
3,11,102
3,11,104
3,12,104
3,12,104
3,12,104
3,12,103
3,12,102
3,12,102
3,12,102
3,12,102
4,13,102
4,13,102
4,13,102
3,13,101
3,13,101
3,12,101
2,12,101
2,12,101
2,12,101
2,11,100
3,11,101
3,12,101
3,12,102
3,12,102
3,12,102
3,12,102
3,12,102
3,12,102
3,12,102
3,12,101
3,12,101
3,12,100
3,11,99
3,11,98
3,12,96
3,12,94
3,12,92
3,12,91
3,11,89
2,10,88
2,10,88
2,10,88
2,10,88
3,10,89
3,10,89
4,11,90
4,11,92
4,11,93
4,11,93
2,10,84
2,10,87
3,10,89
4,10,90
4,10,90
4,10,91
4,10,93
4,10,93
4,10,94
4,10,94
3,10,95
3,10,95
3,10,95
3,10,96
3,10,97
2,10,97
1,10,97
1,10,97
1,10,97
2,10,96
2,10,95
2,10,94
2,10,94
2,9,94
2,9,94
2,9,94
2,9,97
3,10,97
3,10,98
3,10,98
2,10,99
2,10,99
2,10,99
2,11,99
3,11,100
3,11,100
3,11,100
3,11,100
3,11,100
3,11,99
3,11,99
2,11,99
2,11,99
2,11,98
2,11,98
2,11,98
2,11,96
3,11,96
3,11,95
3,11,95
3,10,95
2,10,95
2,11,97
2,10,97
2,10,97
3,10,97
3,10,97
3,10,97
3,10,97
3,11,98
3,10,97
3,10,97
3,10,97
3,10,97
3,10,97
2,10,97
3,10,97
3,10,97
3,10,97
3,10,97
3,10,97
3,10,97
3,10,97
3,10,97
3,10,96
3,10,95
3,10,95
3,10,95
3,10,96
2,10,97
2,10,97
2,10,97
2,10,97
2,10,97
2,10,97
2,10,97
2,10,97
1,10,97
1,10,97
1,10,97
1,10,97
1,10,97
3,10,97
3,10,97
3,10,97
3,10,97
3,10,97
3,10,97
2,10,97
2,10,97
2,9,97
2,10,98
3,10,98
3,11,99
3,11,100
3,11,100
3,11,100
3,11,100
3,11,100
3,11,100
4,12,101
4,12,101
4,12,101
3,11,101
3,11,101
3,11,100
2,10,99
2,10,99
2,10,99
2,10,99
3,11,100
3,11,100
4,12,101
4,12,101
4,12,101
4,12,101
3,11,100
3,11,100
3,11,100
2,11,101
2,11,101
2,11,101
2,11,101
3,11,101
3,11,101
3,12,101
3,12,101
3,12,101
3,11,101
3,11,102
3,11,102
3,11,102
3,11,103
3,11,103
3,11,104
3,11,104
3,11,104
3,11,104
3,12,104
3,12,104
3,12,103
3,12,102
3,12,102
3,12,103
3,12,102
4,13,103
4,13,102
3,13,102
3,12,102
3,12,101
2,12,101
2,12,101
2,11,100
2,11,100
3,11,100
3,12,101
3,12,102
3,12,102
3,12,102
3,12,102
3,12,102
3,12,102
4,12,102
3,12,101
3,12,101
3,12,100
3,11,98
3,11,96
3,11,96
3,11,94
3,11,92
3,11,91
3,11,89
2,10,88
2,9,87
2,9,87
2,10,88
3,10,89
3,10,89
4,11,91
4,11,92
5,11,93
5,11,94
2,10,87
2,10,89
3,10,89
4,10,90
4,10,91
4,10,93
4,10,93
4,10,93
3,10,94
3,10,94
3,10,95
3,10,95
3,10,96
3,10,97
3,10,97
2,10,97
1,10,97
2,11,97
2,11,96
2,11,95
2,10,94
2,10,94
2,9,94
2,9,94
2,9,94
2,9,96
3,10,97
3,10,98
3,10,99
3,10,99
3,10,99
3,10,99
3,11,99
3,11,100
3,11,100
3,11,100
3,11,100
3,11,100
3,11,99
2,11,99
2,11,99
2,11,98
2,11,98
2,11,98
2,11,98
2,11,96
3,11,96
3,11,95
3,11,95
3,10,95
3,10,96
3,11,97
2,11,97
2,10,97
2,10,97
3,11,98
3,11,98
3,10,97
3,11,98
3,11,98
3,10,97
3,10,97
3,10,97
2,10,97
2,10,97
3,10,97
3,10,97
3,10,97
3,10,97
3,10,97
3,10,97
3,10,97
3,10,97
3,10,95
3,10,95
3,10,95
3,10,95
2,10,95
2,9,95
2,10,96
2,10,97
2,10,97
2,10,97
2,10,97
2,10,97
1,10,97
1,10,97
1,10,97
1,10,97
2,10,97
3,10,97
3,10,97
3,10,97
3,10,97
3,10,97
3,10,97
3,10,97
3,10,97
3,10,97
3,10,97
3,10,98
3,10,98
3,11,98
3,11,99
3,11,100
3,11,100
3,11,100
3,11,100
3,12,101
4,12,101
4,12,101
4,12,102
4,12,101
3,11,101
3,11,100
2,10,99
2,10,99
2,10,99
2,10,99
2,10,99
3,11,100
3,11,100
4,12,101
4,12,101
3,11,100
3,11,100
3,11,100
2,11,101
2,11,101
2,11,101
2,11,101
2,11,101
3,11,101
3,12,101
3,12,101
3,12,102
3,12,102
3,12,102
3,11,102
3,11,102
3,11,103
3,11,104
3,11,104
3,11,104
3,11,104
3,11,104
3,11,104
3,11,104
3,11,104
3,11,104
3,11,104
3,11,104
3,11,104
3,12,103
3,12,103
3,12,102
3,12,102
3,12,102
3,12,101
2,11,101
2,11,101
2,11,101
2,11,100
3,11,100
3,12,101
3,12,102
3,12,102
3,12,102
3,12,102
3,12,102
4,12,102
4,12,102
4,12,101
4,12,101
4,12,99
3,11,98
3,11,96
3,11,95
3,11,93
3,11,91
3,11,90
3,10,88
2,10,87
2,9,87
2,9,87
2,10,87
3,10,89
3,10,90
4,11,91
5,11,93
5,11,94
2,10,86
2,10,88
3,10,89
3,10,90
4,11,91
4,11,93
4,11,93
4,10,93
3,10,94
3,10,94
3,10,95
3,10,95
3,10,95
3,10,96
3,10,97
3,10,97
2,10,97
3,11,96
3,11,95
2,11,95
2,11,94
2,10,94
2,9,94
2,9,94
2,9,94
2,9,96
3,10,97
3,10,98
3,10,99
3,10,99
3,10,99
3,10,99
3,10,99
3,11,100
3,11,100
3,11,100
3,11,100
3,11,100
2,10,99
2,10,99
2,10,99
2,11,98
2,11,98
2,11,98
2,11,98
3,11,96
3,11,96
3,11,96
3,11,95
3,10,96
3,10,97
3,11,97
3,11,98
2,11,98
2,11,98
2,11,98
2,11,98
2,10,97
2,11,98
2,11,98
2,11,98
2,10,97
2,10,97
2,10,97
2,10,97
2,10,97
3,10,97
3,10,98
3,10,97
3,10,97
3,10,97
3,10,97
3,10,96
3,10,95
3,10,95
3,10,95
3,10,95
3,10,95
2,9,95
2,9,95
2,9,95
2,9,96
2,10,97
2,10,97
2,10,97
2,10,97
2,11,98
2,10,97
2,10,97
2,10,97
3,10,97
3,10,97
3,10,97
3,10,97
3,10,97
3,10,97
4,10,98
3,10,97
3,10,97
3,10,97
3,11,98
3,11,98
3,11,98
3,11,99
3,11,99
2,11,100
3,11,100
3,12,100
3,12,101
4,13,101
4,12,102
4,12,102
4,12,102
4,12,101
3,11,101
3,11,100
2,10,99
2,10,99
2,10,99
3,11,100
3,11,100
3,11,100
3,11,100
3,11,100
3,11,100
3,11,100
3,11,101
2,11,101
2,11,101
2,11,101
2,11,101
2,11,101
3,12,102
3,12,102
3,12,102
3,12,102
3,12,102
3,12,102
3,12,102
3,11,103
3,11,104
3,11,104
3,11,104
3,11,104
3,11,104
3,11,104
3,11,104
3,11,104
3,11,104
3,11,104
3,11,104
3,11,104
3,11,104
3,12,102
3,12,102
3,12,102
2,12,101
3,12,102
3,12,101
2,11,101
2,11,101
2,11,100
2,11,100
3,11,100
3,11,100
3,12,102
3,12,102
3,12,102
3,12,102
3,12,102
3,12,102
3,12,102
3,12,101
3,12,100
3,12,99
3,11,96
3,11,95
3,11,94
3,11,92
3,11,91
3,11,89
2,10,87
2,10,87
2,10,87
2,10,87
2,10,87
3,10,89
3,10,90
4,11,91
5,11,94
5,11,94
2,10,84
2,10,87
2,10,89
3,10,90
4,11,92
4,11,93
4,11,94
4,11,94
3,10,94
3,10,95
3,10,95
3,10,95
3,10,95
3,10,96
3,10,96
3,10,97
3,10,96
3,11,95
3,11,95
3,11,95
3,11,94
2,10,94
2,9,94
2,9,94
2,9,94
2,9,96
3,9,97
3,10,97
3,10,98
2,10,98
2,10,99
2,10,99
2,10,99
2,10,99
3,11,100
3,11,100
2,10,99
2,10,99
2,10,99
2,10,99
2,10,99
2,10,98
2,11,98
2,11,98
2,11,98
2,11,98
2,11,97
3,11,96
3,11,96
3,11,97
3,11,97
3,11,98
2,11,98
2,11,98
2,11,98
2,11,98
2,11,98
2,11,98
2,11,98
2,11,98
2,11,98
2,11,98
2,10,97
2,10,97
2,10,97
2,10,97
2,10,98
3,10,98
3,10,98
3,10,98
3,10,97
3,10,97
3,10,96
3,10,95
3,10,95
3,10,95
2,9,94
2,9,94
2,9,94
2,9,94
2,9,94
2,9,95
2,10,97
2,10,97
2,11,98
2,11,98
2,11,98
2,11,98
2,10,97
2,10,97
2,10,97
3,10,97
3,10,97
3,10,98
4,10,98
4,10,98
4,10,98
4,10,98
4,10,98
4,10,98
4,11,98
3,11,98
3,11,98
3,11,99
2,11,99
2,11,100
2,11,100
3,12,100
4,12,101
4,13,101
4,12,102
4,12,102
4,12,102
4,12,101
3,11,101
3,11,100
3,11,100
2,10,99
2,10,99
3,11,100
3,11,100
3,11,100
3,11,100
3,11,100
3,11,100
3,11,100
3,11,101
2,11,101
2,11,101
2,11,101
2,11,101
3,12,102
3,12,102
3,12,102
3,12,102
3,12,102
3,12,102
3,12,102
3,12,102
3,11,104
3,11,104
3,11,104
3,11,104
3,11,104
3,11,104
3,11,104
3,11,103
3,11,103
3,11,104
3,11,104
3,11,104
3,11,104
3,11,102
3,11,102
3,12,102
3,12,102
2,12,101
3,12,101
3,12,101
2,12,101
2,11,100
2,11,100
2,11,100
3,11,100
3,11,100
3,12,101
3,12,102
3,12,102
3,12,102
3,12,102
3,12,102
3,12,101
3,12,100
3,12,99
3,12,98
3,11,96
3,11,94
3,11,94
3,11,91
3,11,90
2,10,88
2,10,87
1,10,86
1,10,86
1,10,86
2,10,87
3,10,89
3,10,90
4,11,91
5,11,94
5,11,94
2,9,86
2,9,88
3,10,91
4,11,94
4,11,95
4,11,95
4,10,95
3,10,95
3,10,95
3,10,95
3,10,95
3,10,95
3,10,96
3,10,95
3,10,95
3,10,95
3,10,95
3,11,95
3,10,95
3,10,94
2,10,94
2,9,94
2,9,94
2,9,94
2,9,96
2,9,96
2,9,97
2,10,97
2,10,98
2,10,98
2,10,99
2,10,99
2,10,99
2,10,99
2,10,99
2,10,99
2,10,99
2,10,99
2,10,99
2,10,99
2,10,99
2,11,98
2,11,98
2,11,98
2,11,98
2,11,98
2,11,97
2,11,97
2,11,97
2,11,98
2,11,98
2,11,98
2,11,98
2,11,98
2,11,98
2,11,98
2,11,98
2,11,98
2,11,98
2,11,98
2,11,98
2,11,98
2,11,98
2,11,98
2,10,98
2,11,98
3,11,98
3,11,98
3,10,98
3,10,98
3,10,97
3,10,97
2,10,95
2,10,95
2,9,94
2,9,94
2,9,94
2,9,94
2,9,94
2,9,94
2,9,94
2,9,95
2,10,97
2,10,98
2,11,98
2,11,98
2,11,98
2,10,98
2,10,98
2,10,98
2,10,98
3,10,98
3,10,99
4,10,99
4,10,99
4,11,99
4,11,99
4,11,98
4,11,98
3,11,98
3,11,99
3,11,99
2,11,99
2,10,99
2,10,99
2,10,99
3,11,100
4,12,101
4,12,101
4,12,101
4,12,102
4,12,102
4,12,101
3,11,101
3,11,100
3,11,100
3,11,100
3,11,100
3,11,100
3,11,100
3,11,100
3,11,100
3,11,100
3,11,100
3,11,100
3,11,101
3,11,101
3,11,101
2,11,101
3,12,102
3,12,102
3,12,102
3,12,102
3,12,102
3,12,102
3,12,102
3,12,102
3,12,102
3,12,104
3,11,104
3,11,104
3,11,104
3,11,104
3,11,104
2,11,103
2,11,103
3,11,103
3,11,103
3,11,102
3,11,102
3,11,102
3,11,102
3,11,101
3,12,102
3,12,101
2,12,101
3,12,101
3,12,101
2,12,101
2,11,100
2,11,100
2,11,100
3,11,100
3,11,100
3,11,101
3,12,101
3,12,102
3,11,101
3,11,101
3,11,101
3,11,100
3,11,99
3,11,99
3,11,97
3,11,95
3,11,94
3,11,94
3,11,91
2,11,89
2,10,88
2,10,87
1,10,86
1,10,86
1,10,86
2,10,87
3,10,89
3,11,90
4,11,91
5,11,94
2,9,84
2,10,88
2,10,92
5,12,95
5,12,96
5,12,96
4,11,96
3,10,95
3,10,95
3,10,96
3,10,96
3,10,96
3,10,95
3,10,95
3,10,95
3,10,95
3,10,95
3,10,95
3,10,95
3,10,95
3,10,94
2,9,94
2,9,94
2,9,95
2,9,96
2,9,96
2,10,97
2,10,97
2,10,98
2,10,98
2,10,98
2,10,98
2,10,99
2,10,99
2,10,99
2,10,99
2,10,99
2,10,99
2,10,99
2,10,99
2,10,99
2,10,99
2,11,99
2,11,99
2,11,98
2,11,98
2,11,98
2,11,98
2,11,98
2,11,98
3,11,98
3,12,99
2,11,98
2,11,98
2,11,98
2,11,98
2,11,98
2,11,98
2,11,98
2,11,98
2,11,98
2,11,98
2,11,98
2,11,98
2,11,98
2,11,98
3,11,99
3,11,99
3,11,98
3,10,98
2,10,97
2,10,97
2,10,96
2,10,95
2,10,95
2,10,95
2,9,94
2,9,94
2,9,94
2,9,94
2,9,94
2,9,94
2,9,97
2,10,98
2,10,98
2,10,98
2,10,98
2,10,98
2,10,98
2,10,99
2,10,99
2,10,99
3,10,99
3,10,99
4,11,99
4,11,99
4,11,99
4,11,99
3,11,99
3,11,99
3,11,99
2,10,99
2,10,99
2,10,98
2,10,99
2,10,99
3,11,100
4,12,101
4,12,101
4,12,101
4,12,101
4,12,101
3,11,101
3,11,101
3,11,100
3,11,100
3,11,100
3,11,100
3,11,100
3,11,100
3,11,100
3,11,100
3,11,100
3,11,100
3,11,101
3,12,101
3,12,101
3,12,101
3,12,102
3,12,102
3,12,102
3,12,102
3,12,102
3,12,102
3,12,102
3,12,102
3,12,102
3,12,102
3,12,102
3,11,104
3,11,104
3,11,104
3,11,104
3,11,104
3,11,103
3,11,103
3,11,102
3,11,102
3,11,102
3,11,102
3,11,102
2,11,101
2,12,101
3,12,101
2,12,101
2,12,101
3,12,101
3,12,101
2,12,100
2,12,100
2,11,100
2,11,100
3,11,100
3,11,100
3,11,100
3,11,100
3,11,101
3,11,100
3,11,100
3,11,100
3,11,99
3,11,99
3,11,98
3,11,95
3,11,94
3,11,94
3,11,91
3,11,89
2,10,88
2,10,87
2,10,86
2,10,86
2,10,86
2,10,86
3,10,89
3,10,90
4,11,90
4,11,91
5,11,94
1,9,83
2,10,87
2,10,92
5,13,98
5,13,98
5,13,98
4,11,96
3,10,95
3,10,95
3,10,96
3,10,95
3,10,95
3,10,95
3,10,95
3,10,95
3,10,95
3,10,95
3,10,95
3,10,95
3,10,95
3,10,95
3,10,95
3,10,95
2,9,95
2,9,96
3,10,97
2,10,97
2,10,97
2,9,98
2,10,98
1,9,98
1,9,98
2,10,99
2,10,99
2,10,99
2,10,99
2,10,99
2,10,99
2,10,99
2,10,99
2,10,99
2,11,99
2,11,99
2,11,99
2,11,99
2,11,98
2,11,98
2,11,98
2,11,98
2,11,98
2,11,98
3,12,99
2,11,98
2,11,98
2,11,98
3,11,99
3,11,99
3,11,100
3,11,100
3,11,99
2,11,98
2,11,98
2,11,98
2,11,98
2,11,98
2,11,98
3,11,99
3,11,99
2,11,99
2,11,98
2,10,98
2,10,97
2,10,97
2,10,96
2,10,95
3,10,95
3,10,95
3,9,94
3,9,94
3,9,94
3,9,94
2,9,95
2,9,97
2,10,98
2,10,98
2,10,98
2,10,99
2,10,98
2,10,99
2,10,99
2,10,99
2,10,99
3,10,99
3,10,99
4,11,100
4,11,100
4,11,100
4,11,100
3,11,100
3,11,100
3,11,99
2,11,99
2,10,99
2,10,98
2,10,99
2,10,99
3,11,100
3,11,100
3,11,101
3,11,101
3,11,101
4,12,101
3,11,101
3,11,101
3,11,100
3,12,100
3,11,100
3,11,100
3,11,100
3,11,100
3,11,100
3,11,100
3,11,100
3,11,100
3,11,101
3,12,101
3,12,101
3,12,102
3,12,102
3,12,102
3,12,102
3,12,102
3,12,102
3,12,102
3,12,102
3,12,102
3,12,102
3,12,102
3,12,102
3,12,102
3,11,104
3,11,104
3,11,104
3,11,103
3,11,103
3,12,102
3,12,102
3,12,102
3,12,101
3,12,101
3,12,101
2,12,101
2,12,101
2,12,101
2,12,101
2,12,100
3,12,101
3,12,101
3,12,100
2,12,100
3,11,100
3,11,100
3,11,100
3,11,100
3,11,100
3,11,100
3,11,100
3,11,100
3,11,100
3,11,99
3,11,99
2,11,98
3,11,96
3,11,95
3,11,94
3,11,93
3,10,91
2,10,89
2,10,88
2,10,87
2,10,87
2,10,86
2,10,86
2,10,87
3,10,89
3,10,90
4,11,90
4,11,91
5,11,94
2,10,84
3,11,92
5,13,98
5,13,98
5,13,98
3,10,95
2,9,95
2,9,95
3,10,95
3,10,95
3,10,95
3,10,95
3,10,95
3,10,95
3,10,95
3,10,95
3,10,95
3,10,95
3,10,95
3,10,95
3,10,95
3,10,95
3,10,96
2,9,96
3,10,97
3,10,97
2,10,97
2,10,98
2,10,98
1,9,98
1,9,98
2,10,99
2,10,99
2,10,99
2,10,99
3,11,100
3,11,100
3,11,100
3,11,100
3,11,100
3,11,100
3,11,100
2,11,99
2,11,99
2,11,99
2,11,99
2,11,99
2,11,98
2,11,98
2,11,99
2,11,99
2,11,98
2,11,98
3,11,99
3,11,99
3,11,100
3,11,100
3,11,100
3,11,100
3,11,99
2,11,98
2,11,98
2,11,98
2,11,98
2,11,99
2,11,99
2,11,99
2,11,99
2,11,99
2,11,98
2,10,98
2,10,97
2,10,97
2,10,97
3,10,96
4,10,95
4,10,95
4,10,95
3,9,94
3,9,95
3,9,95
2,9,97
2,9,98
2,10,98
2,10,99
2,10,99
2,10,99
2,10,99
2,10,99
2,10,99
3,10,99
3,11,100
3,11,100
4,11,100
4,11,100
4,11,101
4,12,100
3,11,100
3,11,100
3,11,100
3,11,99
2,10,99
2,10,99
2,10,99
2,10,99
3,11,100
3,11,100
3,11,100
3,11,100
3,11,101
3,11,101
3,11,101
3,11,101
3,12,100
3,12,100
3,12,100
3,12,100
3,12,100
3,12,100
3,11,100
3,11,100
3,11,100
3,11,100
3,12,100
3,12,101
3,12,102
3,12,102
3,12,102
3,12,102
3,12,102
3,12,102
3,12,102
3,12,102
3,12,102
3,12,102
3,12,102
3,12,102
3,12,102
3,12,102
3,12,102
3,11,103
3,11,103
3,11,103
3,12,102
3,12,102
3,12,102
3,12,102
3,12,101
3,12,101
2,12,101
2,12,101
2,12,100
2,12,100
2,12,100
2,12,100
3,12,101
3,12,101
3,12,101
3,12,101
3,12,100
3,12,100
3,11,100
3,11,100
3,11,101
3,11,101
3,11,100
3,11,100
3,11,100
3,11,99
3,11,98
3,11,97
3,11,95
3,11,94
3,11,93
3,11,91
3,10,89
2,10,88
2,10,88
2,10,87
2,10,87
2,10,87
2,10,87
3,10,88
3,10,89
3,11,90
4,11,91
4,11,91
2,10,83
3,12,92
5,13,93
5,13,94
4,13,94
2,10,94
2,9,94
2,9,94
2,10,95
3,10,95
3,10,95
3,10,95
3,10,95
3,10,95
3,10,95
3,10,95
3,10,95
3,10,95
3,10,95
3,10,97
3,10,96
3,10,96
3,10,96
3,10,96
3,10,97
3,10,97
2,10,97
2,10,98
2,10,98
1,10,98
1,10,98
2,10,99
2,10,99
2,10,99
2,10,99
3,11,100
3,11,100
3,11,100
3,11,100
3,11,100
3,11,100
3,11,100
3,11,100
3,11,100
3,11,100
3,11,100
3,11,99
2,11,99
2,11,99
2,11,98
2,11,98
2,11,98
2,11,98
3,11,99
3,11,99
3,11,100
3,11,100
3,11,100
3,11,100
3,11,99
2,11,99
2,11,98
2,11,98
2,11,98
2,11,99
2,11,99
2,11,99
2,11,99
2,11,99
2,11,98
2,11,98
3,11,98
3,11,98
3,11,98
3,11,97
4,11,96
4,11,96
4,10,95
4,10,95
3,10,95
3,9,96
2,9,97
2,9,98
1,9,98
2,10,99
2,10,99
2,10,99
2,10,99
3,11,100
3,11,100
3,11,100
3,11,100
3,11,101
3,12,101
3,12,101
3,12,101
3,12,101
3,12,101
3,11,100
3,11,100
3,11,100
3,11,100
2,10,99
2,10,99
2,10,99
3,11,100
3,11,100
3,11,100
3,11,100
3,11,100
3,11,100
3,11,100
3,12,100
3,12,100
3,12,100
3,12,100
3,12,100
3,12,100
3,12,100
3,12,100
3,11,100
3,11,100
2,11,100
3,12,100
3,12,101
3,12,101
3,12,102
3,12,102
3,12,102
3,12,102
3,12,102
3,12,102
3,12,102
3,12,102
3,12,102
3,12,102
3,12,102
3,12,102
3,12,102
3,12,102
3,12,102
3,12,102
3,12,102
3,12,102
3,12,102
3,12,102
3,12,101
3,12,101
2,12,101
2,12,101
2,12,100
2,12,100
2,12,100
2,12,100
3,12,100
3,12,100
3,12,100
3,12,100
3,12,101
3,12,101
3,12,100
4,12,101
4,12,101
4,12,101
3,11,100
3,11,100
3,11,100
3,11,99
3,11,99
3,11,98
3,11,96
3,11,95
3,11,94
3,11,92
3,10,91
3,10,89
2,10,88
2,10,87
2,10,87
2,10,87
2,10,87
2,10,87
3,10,88
3,10,89
3,11,89
4,11,91
4,11,91
2,11,88
3,12,92
3,12,93
2,11,94
2,10,93
2,9,93
2,10,94
2,10,94
3,10,95
3,10,95
3,10,95
3,10,95
3,10,95
3,10,95
3,10,95
3,10,95
3,10,96
3,10,97
3,10,97
3,10,97
3,10,97
3,10,97
3,10,97
3,10,97
3,11,98
3,11,98
2,10,98
2,10,98
1,10,98
1,10,98
2,10,99
2,10,99
2,10,99
2,10,99
2,10,99
3,11,100
3,11,100
3,11,100
3,11,100
3,11,100
3,11,100
3,11,100
3,11,100
3,11,100
3,11,100
3,11,100
3,11,99
2,11,99
2,11,98
2,11,98
2,11,98
2,11,98
2,11,99
3,11,99
3,11,100
3,11,100
3,11,100
3,11,99
3,11,99
2,11,99
2,11,98
2,11,98
2,11,98
2,11,98
2,11,98
1,11,98
1,11,98
2,11,99
2,11,99
2,11,99
3,11,99
3,11,99
3,11,99
3,11,99
4,11,98
4,11,97
4,11,96
4,11,96
3,10,97
3,10,97
2,9,98
1,9,98
1,9,98
2,10,99
2,10,99
2,10,99
3,11,100
3,11,100
3,11,100
3,11,100
3,11,101
3,12,101
3,12,101
3,12,101
3,12,101
3,12,101
3,12,101
3,12,101
3,12,100
3,11,100
3,11,100
3,11,100
2,10,99
3,11,100
3,11,100
3,11,100
3,11,100
3,11,100
3,11,100
3,11,100
3,11,100
3,12,100
3,12,100
2,12,100
3,12,100
2,12,100
2,12,100
3,12,100
3,12,100
2,12,100
2,12,100
2,12,100
2,12,100
3,12,100
3,12,101
3,12,101
3,12,102
3,12,102
3,12,102
3,12,102
3,12,102
3,12,102
3,12,102
3,12,102
3,12,102
3,12,102
3,12,102
3,12,102
3,12,102
3,12,102
3,12,102
3,12,102
3,12,102
3,12,102
3,12,102
3,12,101
3,12,101
2,12,101
2,12,100
2,12,100
2,12,100
2,12,100
3,11,100
3,11,100
3,11,100
3,11,100
3,11,100
3,12,100
3,12,100
3,11,100
3,11,100
3,11,100
3,11,100
3,11,100
3,11,100
3,11,100
3,11,99
3,11,98
3,11,96
3,11,95
4,11,94
3,11,93
3,10,91
3,10,89
3,10,88
2,10,87
2,10,87
2,10,87
2,10,87
2,10,87
2,10,87
3,10,88
3,10,89
3,10,89
4,11,91
1,10,83
2,11,88
1,11,91
2,10,91
2,10,91
2,10,93
2,10,93
3,10,94
3,10,94
3,10,94
3,10,94
3,10,95
3,10,95
3,10,95
3,10,95
3,10,96
4,11,98
3,11,98
3,11,98
3,10,98
2,10,97
2,10,97
3,11,98
4,11,98
4,11,98
4,11,98
2,11,98
2,10,98
1,9,98
1,9,98
2,10,98
2,10,99
2,10,99
2,10,99
2,10,99
2,10,99
3,11,100
3,11,100
3,11,100
3,11,100
3,11,100
3,11,100
3,11,100
3,11,100
3,11,100
3,11,100
3,11,100
2,11,99
2,11,98
2,11,98
2,11,98
2,11,98
3,11,99
3,11,99
3,11,100
3,11,100
3,11,100
3,11,99
2,11,99
2,11,99
2,11,98
2,11,98
2,11,98
2,11,98
1,11,98
1,11,98
1,11,98
2,11,98
2,11,99
3,11,99
3,11,99
3,11,99
3,11,99
3,12,99
4,11,99
4,11,99
4,11,98
3,11,98
3,10,97
2,10,98
1,10,98
1,9,98
1,9,98
1,10,98
2,10,99
2,11,100
3,11,100
3,11,100
3,11,100
3,12,100
3,12,101
3,12,101
3,12,102
3,12,102
3,12,102
3,12,101
3,12,101
3,13,101
3,12,101
3,12,100
3,12,100
3,12,100
3,11,100
3,11,100
3,11,100
3,11,100
3,11,100
3,11,100
3,11,100
3,11,100
3,11,100
2,12,100
2,12,100
2,12,100
2,12,100
2,12,100
2,12,100
3,13,101
3,13,101
3,13,101
2,12,100
2,12,100
2,12,100
3,12,101
3,12,101
3,11,101
3,11,101
3,11,101
3,11,101
3,12,102
3,12,102
3,12,102
3,12,102
3,12,102
3,12,102
3,12,102
3,12,102
3,12,102
3,12,102
3,12,102
3,12,102
3,12,102
3,12,102
3,12,102
3,12,102
3,13,101
3,13,101
2,12,100
2,12,100
2,12,100
2,12,100
2,12,100
3,11,100
3,11,100
3,11,100
3,11,100
4,12,101
4,12,101
4,12,101
4,12,101
4,12,101
3,11,100
3,11,100
3,11,100
3,11,100
3,11,99
3,11,99
3,11,98
3,11,96
3,11,94
4,11,94
3,11,91
4,10,91
3,10,89
3,10,88
2,10,87
2,10,87
2,10,87
2,10,87
2,10,87
3,10,88
3,10,88
3,10,89
3,11,90
4,11,91
1,10,82
1,9,84
1,9,88
1,10,89
2,10,89
2,10,90
2,10,91
3,10,93
3,10,93
3,10,93
3,10,94
3,10,94
3,10,95
3,10,95
3,10,95
3,11,96
4,12,99
4,12,99
3,12,99
2,11,98
2,10,97
2,10,97
2,10,97
3,11,98
3,11,98
3,11,98
2,10,98
2,10,98
1,9,98
1,10,98
2,10,98
2,10,99
2,10,99
2,10,99
2,10,99
2,10,99
3,11,100
3,11,100
3,11,100
3,11,100
3,11,100
3,11,100
3,11,100
3,11,100
3,11,100
3,11,100
3,11,100
2,11,99
2,11,98
2,11,98
2,11,98
2,11,98
3,11,99
3,11,100
3,11,100
3,11,100
3,11,100
3,11,99
2,11,99
2,11,99
2,11,98
2,11,98
2,11,98
2,11,98
2,11,98
2,11,98
2,11,98
2,11,99
2,11,99
3,11,99
3,11,99
3,11,100
3,11,100
3,12,100
3,11,99
3,11,99
3,11,99
3,11,98
3,11,98
2,10,98
1,10,98
1,10,98
2,10,98
2,10,99
2,11,100
2,11,100
3,11,100
3,11,100
2,11,100
3,11,100
3,12,101
3,12,101
3,12,102
3,12,102
3,12,102
3,13,102
3,13,101
3,13,101
3,12,101
3,12,101
3,12,100
3,12,101
3,12,100
3,11,100
3,11,100
3,11,100
3,11,100
3,11,100
3,11,100
3,11,100
3,11,100
2,12,100
2,12,100
2,12,100
2,12,100
2,12,100
2,12,100
3,13,101
3,13,101
3,13,101
3,13,101
2,12,100
2,12,100
3,12,101
3,12,101
3,11,101
3,11,101
3,11,101
2,11,101
2,11,101
3,12,102
3,12,102
3,12,102
3,12,102
3,12,102
3,12,102
3,12,102
3,12,102
3,12,102
3,12,102
3,12,102
3,12,102
3,12,102
3,12,102
3,12,101
3,12,101
2,12,100
2,12,100
2,12,100
2,12,100
2,12,100
2,12,100
3,12,100
3,12,100
3,12,100
4,12,101
4,12,101
4,12,101
4,12,101
4,12,101
3,11,100
3,11,100
3,11,100
3,11,100
3,11,99
3,11,99
3,11,98
3,11,97
3,11,95
3,11,94
4,11,91
3,11,91
4,10,89
4,10,88
3,10,88
2,10,87
2,10,87
2,10,87
2,10,87
2,10,87
2,10,87
3,10,88
3,11,89
4,11,90
4,11,91
1,9,82
1,9,84
1,10,86
2,10,87
2,10,89
3,10,90
3,10,91
3,10,91
3,10,93
3,10,94
2,10,94
3,10,95
3,10,95
3,10,95
4,11,96
4,12,99
4,12,99
2,11,99
1,10,98
1,10,97
1,10,97
2,10,97
3,10,97
3,10,97
3,10,97
2,10,97
2,10,97
1,10,97
1,10,98
2,10,98
2,10,99
2,10,99
2,10,99
2,10,99
2,10,99
3,11,100
3,11,100
3,11,100
3,11,100
3,11,100
3,11,100
3,11,100
3,11,100
3,11,101
3,11,100
2,11,100
2,11,99
2,11,98
2,11,98
2,11,98
2,11,98
3,11,99
3,11,100
3,11,100
3,11,100
3,11,100
3,11,100
2,11,99
2,11,99
2,11,98
2,11,98
2,11,98
2,11,98
2,11,98
2,11,98
2,11,98
2,10,98
2,10,99
2,10,99
2,10,100
3,11,100
3,11,100
3,12,100
3,12,100
3,12,100
3,11,99
3,11,99
2,11,98
2,11,98
1,10,98
1,10,98
2,10,98
2,10,99
2,11,100
2,11,100
2,11,100
2,11,100
2,11,100
2,11,100
2,11,101
3,12,101
3,12,102
3,12,102
3,12,102
3,12,101
3,12,101
3,13,101
3,13,101
3,12,101
3,12,101
3,12,101
3,12,101
3,12,101
3,11,100
3,11,100
3,11,100
3,11,100
3,11,100
2,11,100
2,11,100
2,11,100
1,11,99
2,12,100
2,12,100
2,12,100
2,12,100
3,13,101
3,13,101
2,12,100
3,13,101
3,13,101
3,12,101
3,12,101
3,11,101
3,11,101
3,11,101
2,11,101
2,11,101
2,11,101
2,11,101
3,12,102
3,12,102
3,12,102
3,12,102
3,12,102
3,12,102
3,12,102
3,12,102
3,12,102
3,12,102
3,12,102
3,12,102
3,12,102
3,12,101
3,12,101
2,12,100
2,12,100
2,12,100
2,12,100
2,12,100
3,12,100
3,12,100
3,12,101
4,12,101
4,12,101
4,12,101
4,12,101
3,11,100
3,11,100
3,11,100
3,11,100
3,11,100
3,11,100
3,11,99
3,11,99
3,11,98
3,11,96
3,11,94
3,11,94
4,11,91
4,11,91
4,10,89
4,10,88
3,10,88
2,9,87
2,10,87
2,10,87
2,10,87
2,10,88
3,10,88
3,11,89
4,11,90
4,11,90
0,9,80
1,9,83
1,10,84
2,10,86
2,10,87
3,10,89
3,10,90
2,10,90
2,10,92
2,10,93
2,9,94
2,10,94
3,10,95
3,10,95
3,10,96
4,11,98
3,11,98
2,11,98
1,10,98
1,10,97
2,10,97
2,10,97
3,10,97
3,10,97
3,10,97
2,10,97
1,10,97
1,10,97
1,10,98
2,10,98
2,10,99
2,10,99
2,10,99
2,10,99
2,10,99
2,10,99
3,11,100
3,11,100
3,11,100
3,11,100
3,11,100
3,12,100
3,12,101
3,12,101
3,12,101
2,11,101
2,11,100
2,11,99
2,11,98
2,11,98
2,11,98
3,11,99
3,11,100
3,11,100
3,11,100
3,11,100
3,11,100
3,12,100
2,11,99
2,11,98
2,11,98
2,11,98
2,11,98
2,11,98
2,11,98
2,11,98
2,10,98
2,10,98
2,10,99
2,10,99
2,10,100
3,11,100
3,11,100
3,11,100
3,11,100
3,12,100
3,11,99
3,11,99
2,11,98
2,11,98
2,11,98
2,11,98
2,11,99
2,11,99
2,11,99
2,11,100
2,11,100
2,11,100
2,11,100
2,12,101
3,12,101
3,12,102
3,12,102
3,12,102
3,12,101
3,12,101
3,12,101
3,13,101
3,13,101
3,12,101
3,12,101
4,12,101
4,12,101
4,12,101
3,11,100
3,11,100
3,11,100
3,11,100
2,11,100
2,11,100
2,11,99
1,11,99
2,12,100
2,12,100
2,12,100
2,12,100
2,12,100
2,12,101
2,12,100
3,12,101
3,13,101
3,12,101
3,12,101
3,12,101
3,11,101
3,11,101
3,11,101
2,11,101
3,11,101
3,12,102
3,12,102
3,12,102
3,12,102
3,12,102
3,12,102
3,12,102
3,12,102
3,12,102
3,12,102
3,12,102
3,12,102
3,12,102
3,12,102
3,12,101
3,12,101
3,13,101
2,12,100
2,12,100
2,12,100
3,12,100
3,12,101
4,12,101
4,12,101
4,12,101
4,12,101
4,12,101
4,12,101
4,12,101
3,11,101
3,11,100
3,11,100
3,11,100
3,11,100
3,11,99
3,12,98
3,12,97
3,11,96
3,11,94
3,11,91
3,11,91
3,11,90
4,10,89
4,10,88
3,10,87
2,9,87
2,9,87
2,10,87
2,10,88
2,10,88
3,11,89
4,11,90
4,11,90
4,11,90
1,9,80
2,10,82
2,10,84
3,10,86
3,10,87
3,10,89
3,10,90
3,10,91
3,10,92
3,10,94
3,10,94
3,10,95
3,10,95
3,10,96
3,11,97
2,10,98
2,10,98
1,10,98
1,10,97
1,10,97
2,10,97
2,10,97
2,10,97
1,10,97
2,10,97
1,10,97
1,10,97
2,10,97
2,10,98
2,10,98
2,10,99
2,10,99
2,10,99
2,10,99
2,10,99
2,10,99
3,11,100
3,11,100
3,11,100
3,11,100
3,12,101
3,12,101
3,12,101
3,12,101
3,12,101
2,11,101
2,11,99
2,11,99
2,11,99
3,11,99
3,11,100
3,11,100
3,11,100
3,12,100
3,12,100
3,12,100
3,12,100
3,12,99
2,11,99
2,11,98
2,11,98
2,11,98
2,11,98
2,11,98
1,11,98
1,10,98
1,10,98
1,10,98
1,10,99
2,10,99
2,10,100
3,11,100
3,11,100
3,11,101
3,11,101
3,11,100
3,11,100
2,11,99
2,11,98
2,11,98
2,11,99
2,11,99
2,11,99
2,11,100
2,11,100
2,11,100
2,11,100
2,12,101
3,12,101
3,12,102
3,12,102
3,12,102
3,12,102
3,12,102
3,12,101
3,12,101
3,12,101
3,12,101
3,12,101
3,12,101
3,12,101
4,12,101
4,12,101
3,11,101
3,11,100
3,11,100
3,11,100
2,11,100
2,11,100
2,11,100
2,12,100
2,12,100
2,12,100
2,12,101
2,12,101
2,12,101
2,12,101
2,12,101
2,12,101
3,12,101
3,12,101
3,12,101
3,11,101
3,11,101
3,11,101
3,11,101
3,11,101
3,12,102
3,12,102
3,12,102
3,12,102
3,12,102
3,12,102
3,12,102
3,12,102
3,12,102
3,12,102
3,12,102
3,12,102
3,12,102
3,12,102
3,12,102
3,12,101
3,12,101
3,12,101
3,12,101
3,12,101
3,12,101
3,12,101
3,12,101
4,12,101
4,12,101
4,12,101
4,12,101
4,12,101
4,12,101
4,12,101
3,11,101
3,11,100
3,11,100
3,11,100
3,11,100
3,12,99
3,12,98
3,12,96
3,11,95
3,11,93
3,11,91
3,11,90
3,10,89
3,10,88
3,10,87
3,9,87
2,9,87
2,9,87
2,9,88
2,9,88
2,10,88
3,11,89
4,11,90
4,11,90
1,9,79
2,10,80
2,10,83
2,10,84
3,10,87
3,10,87
3,10,90
3,10,90
3,10,92
3,10,94
3,10,94
3,10,95
3,10,95
2,10,96
2,10,97
2,10,98
2,10,98
1,10,98
1,10,98
1,10,97
2,10,97
2,10,97
1,10,97
1,10,97
1,10,97
1,10,97
1,10,97
2,10,97
2,10,97
2,10,97
2,10,97
2,10,99
1,10,98
1,10,97
1,10,98
2,10,99
2,10,99
3,11,100
3,11,100
3,11,100
3,12,100
3,12,101
3,12,101
4,12,101
4,12,101
3,12,101
3,11,100
3,11,99
3,11,99
3,11,100
3,11,100
3,11,100
3,11,100
3,11,100
3,12,100
3,12,100
3,12,100
3,12,99
3,11,99
2,11,99
2,11,99
2,11,99
2,11,98
2,11,98
2,11,98
1,10,98
1,10,98
1,10,98
1,10,98
2,10,98
2,10,99
3,11,100
3,11,100
3,11,101
4,12,101
3,12,101
3,11,100
3,11,99
2,11,99
2,11,99
2,11,99
2,11,99
2,11,100
2,12,100
2,12,100
2,12,100
2,12,100
3,12,101
3,12,102
3,12,102
3,12,102
3,12,102
3,12,102
3,12,102
3,12,101
3,12,101
3,12,101
3,12,101
4,12,101
4,12,101
4,12,101
4,12,101
4,12,101
4,12,101
3,11,100
3,11,100
3,11,100
2,11,100
2,11,100
2,11,100
2,12,100
2,12,101
3,12,101
3,12,101
3,12,101
3,12,101
2,12,101
2,12,101
2,12,101
3,12,101
3,11,102
3,11,102
3,11,102
3,11,102
3,11,102
3,11,102
3,12,102
3,12,102
3,12,102
3,12,102
3,12,102
3,12,102
3,12,102
3,12,102
3,12,102
3,12,102
3,12,102
3,12,102
3,12,102
3,12,102
3,12,102
3,12,102
3,13,102
3,13,102
3,13,101
3,13,101
3,12,101
3,12,101
3,12,101
3,12,101
4,12,101
4,12,101
4,12,101
4,12,101
4,12,101
4,12,101
4,12,101
3,11,101
3,11,100
3,11,100
3,12,100
3,12,100
3,12,99
3,12,97
3,12,96
3,11,94
3,11,91
3,11,90
3,11,89
3,10,89
3,10,87
3,9,86
3,9,86
2,9,87
2,9,87
2,9,88
2,9,88
3,10,88
3,10,89
4,11,90
4,11,90
2,9,80
2,10,81
3,10,84
3,10,86
3,9,87
2,9,89
3,10,90
3,10,93
3,10,94
3,10,95
3,11,95
3,10,95
2,10,96
2,10,97
2,10,98
2,10,98
2,10,98
2,11,98
2,11,98
2,10,97
2,10,97
1,10,97
1,10,97
2,10,97
2,10,97
2,10,97
2,10,97
2,10,97
2,10,97
2,10,97
1,10,97
1,10,97
1,10,97
1,10,97
2,10,98
2,10,99
3,11,100
3,11,100
3,11,100
3,12,100
3,12,101
4,12,101
4,12,101
4,12,102
4,12,102
3,11,101
3,11,100
3,11,100
3,11,100
3,11,100
3,11,100
3,11,100
3,11,100
3,12,100
3,12,100
3,12,100
3,12,99
3,11,99
2,11,99
2,11,99
2,11,99
2,11,98
2,11,98
2,11,98
1,10,98
1,10,97
1,10,98
1,10,98
1,10,98
1,10,98
2,11,100
3,11,100
4,12,101
4,12,101
4,12,101
3,12,100
3,11,100
2,11,99
2,11,99
2,11,99
2,11,99
2,11,100
3,12,100
3,12,100
3,12,101
3,12,102
3,12,102
3,12,102
3,12,102
3,12,102
3,12,102
3,12,102
3,12,101
3,12,101
3,12,101
3,12,101
3,12,101
4,12,102
4,12,102
4,12,102
4,12,102
4,12,102
4,12,101
4,12,101
3,11,100
3,11,100
2,11,100
2,11,100
2,11,100
2,12,101
3,12,101
3,12,101
3,12,101
3,12,101
3,12,101
3,12,101
2,11,101
3,11,102
3,11,103
3,11,103
3,11,103
3,11,103
3,11,104
3,11,104
3,11,104
4,12,104
3,12,104
3,12,104
3,12,104
3,12,104
3,12,104
3,12,102
3,12,102
3,12,102
3,12,102
3,12,102
3,12,102
3,12,102
3,12,102
3,13,102
3,13,102
3,13,102
3,13,102
3,13,102
3,13,102
3,13,102
3,12,101
3,12,101
4,12,101
4,12,101
4,12,101
4,12,101
4,12,101
4,12,101
4,12,101
3,12,101
3,11,100
3,11,100
3,12,100
3,12,100
3,12,99
3,12,99
3,12,97
3,11,95
3,11,92
3,11,91
3,11,90
3,10,89
3,10,88
3,10,87
3,9,86
2,9,86
2,8,86
2,9,87
2,9,88
2,9,88
3,10,89
3,10,89
4,11,90
2,9,78
2,9,80
2,9,82
2,9,84
2,9,86
2,9,87
2,10,90
3,10,93
3,10,94
3,10,95
3,11,95
3,10,96
2,10,96
2,11,98
2,11,99
2,11,99
2,11,99
3,12,99
3,12,99
2,11,98
2,11,98
1,10,97
1,10,97
1,10,97
1,10,97
2,10,97
2,10,97
2,10,97
2,10,97
2,10,97
1,10,97
1,10,97
1,10,97
1,10,97
1,10,97
2,10,99
3,11,100
3,11,100
3,11,100
3,12,101
4,12,101
4,12,102
4,12,102
4,12,102
4,12,102
3,11,101
3,11,100
3,11,100
3,11,100
3,11,100
3,11,100
3,11,100
3,11,100
3,11,100
3,12,100
3,12,100
3,11,99
3,11,99
2,10,99
2,10,99
2,10,98
2,10,98
2,11,98
2,11,98
1,10,97
1,10,97
1,10,98
1,10,98
1,10,98
1,10,98
2,11,99
3,11,100
3,11,100
3,11,101
3,12,101
3,11,100
3,11,100
2,11,99
2,11,99
2,11,99
2,11,99
2,12,100
3,12,100
3,12,101
3,12,102
3,13,102
4,13,102
3,12,102
3,12,102
3,12,102
3,12,102
3,12,102
3,12,101
3,11,101
3,12,101
3,12,101
4,12,102
4,12,102
4,12,102
4,12,102
4,12,102
4,12,102
4,12,102
4,12,102
4,12,101
3,12,101
3,12,101
3,11,101
3,12,101
3,12,101
3,12,101
2,12,101
3,12,101
3,12,102
3,11,102
3,11,102
3,11,104
3,11,104
3,11,104
3,11,104
3,11,104
3,11,104
3,11,104
3,11,104
4,12,104
4,12,105
4,12,104
3,11,104
3,11,104
3,11,104
3,11,104
3,12,103
3,12,103
3,12,102
3,12,102
3,12,102
3,12,102
3,12,102
3,12,102
3,13,101
3,13,102
3,13,102
3,13,102
3,13,102
3,12,102
3,12,102
3,12,102
3,12,101
4,13,101
4,12,101
4,12,101
4,12,101
4,12,101
3,11,100
3,11,100
3,11,100
3,11,100
3,11,100
2,11,100
2,12,99
2,12,99
3,12,97
3,12,95
3,11,92
3,11,91
3,11,90
3,10,89
3,10,88
3,10,87
3,9,86
3,9,85
2,8,85
2,8,86
2,9,87
2,9,87
2,9,88
3,10,89
3,10,89
3,11,89
2,9,79
2,9,82
2,9,83
2,9,86
2,9,87
2,10,89
2,10,93
3,10,94
3,10,95
3,11,95
3,10,96
2,11,96
2,11,98
2,11,99
3,11,99
3,11,99
3,12,100
3,12,99
3,11,99
2,11,98
2,11,98
1,10,97
1,10,97
1,10,97
2,10,97
3,10,97
3,10,97
2,10,97
2,10,97
1,10,97
1,10,97
1,10,97
1,10,97
2,10,98
2,11,99
3,11,100
3,11,100
3,11,100
3,11,101
4,12,101
4,12,101
4,12,101
4,12,102
3,11,101
3,11,101
3,11,101
3,11,100
3,11,100
3,11,100
3,11,100
3,11,100
3,11,100
3,11,100
3,11,100
3,11,100
3,11,99
3,11,99
2,10,99
2,10,99
2,10,99
2,10,98
1,10,98
2,11,97
2,11,97
1,11,98
1,11,98
1,11,98
1,11,98
1,11,98
2,11,99
3,11,100
3,11,100
3,11,101
3,11,101
3,11,100
3,11,100
2,10,99
2,10,99
2,11,99
2,11,100
3,11,100
3,12,100
3,12,101
3,12,102
3,12,102
4,13,102
3,12,102
3,12,102
3,12,102
3,12,102
3,12,102
3,12,102
3,11,101
3,12,102
4,12,102
4,12,102
4,12,102
4,12,102
4,12,102
4,12,102
4,12,102
4,12,102
4,12,102
4,12,101
4,12,101
4,12,101
3,12,101
3,12,101
3,12,101
3,12,101
2,11,101
3,12,102
3,11,102
3,11,102
3,11,104
3,11,104
3,11,104
3,11,104
3,11,104
3,11,104
3,11,104
3,11,104
3,11,104
3,12,104
4,12,105
3,12,104
3,11,104
3,11,104
3,11,104
3,11,104
3,12,103
3,12,103
3,12,102
3,12,102
3,12,102
3,12,102
3,12,102
3,12,102
3,13,102
3,13,102
3,13,102
3,13,102
3,12,102
3,12,102
3,12,102
3,12,102
3,12,102
3,12,101
3,12,101
3,12,101
3,12,101
3,11,100
3,11,100
3,11,100
3,11,100
3,11,100
2,11,100
2,11,99
2,12,99
2,11,97
3,11,95
2,11,94
3,11,91
3,11,90
3,10,89
3,10,88
3,10,87
3,9,86
3,9,84
2,9,84
2,8,84
2,8,85
2,9,87
2,9,87
2,10,88
3,10,88
3,10,89
2,9,78
2,9,80
2,9,83
2,9,84
2,9,87
2,10,88
2,10,90
2,10,93
2,10,94
2,10,95
2,10,95
2,11,96
2,11,99
3,11,99
3,11,100
3,12,100
4,12,100
3,12,100
3,12,99
2,11,98
2,11,98
2,11,98
2,11,98
2,10,97
2,10,97
2,10,97
2,10,97
2,10,97
2,10,97
2,10,97
1,10,97
1,10,97
2,11,98
2,11,98
2,11,99
3,11,100
3,11,100
3,11,100
3,11,101
3,11,101
3,12,102
3,11,101
3,11,102
3,11,102
3,11,101
3,11,101
3,11,100
2,10,100
2,10,100
2,10,100
3,11,100
3,11,100
3,11,100
3,11,100
3,11,100
3,11,100
3,11,100
2,10,99
2,10,99
2,10,99
2,10,98
2,10,98
2,11,98
2,11,98
2,11,98
2,11,98
2,11,98
1,11,98
2,11,99
2,11,100
3,12,100
4,12,101
4,12,101
3,11,101
3,11,100
2,10,99
2,10,99
2,10,99
2,10,99
2,11,100
3,11,100
3,12,100
3,12,101
3,12,102
3,12,102
4,12,102
3,12,102
3,12,102
3,12,102
3,12,102
3,12,102
3,11,101
3,11,101
3,12,102
4,12,102
4,12,102
4,12,102
4,12,102
4,12,102
4,12,102
4,12,102
4,12,102
4,12,102
4,12,101
4,12,101
4,12,101
3,12,101
3,12,101
3,12,101
3,12,101
3,12,102
3,12,102
3,11,102
3,11,103
3,11,104
3,11,104
3,11,104
3,11,104
3,11,104
3,11,104
3,11,104
3,11,104
3,11,104
3,12,104
3,12,104
3,12,104
3,11,104
3,11,104
3,11,104
3,11,102
3,11,102
3,12,102
3,12,102
3,12,102
3,12,102
3,12,102
3,12,102
3,12,102
3,13,102
3,13,102
3,13,102
3,13,102
3,12,102
3,12,102
3,12,102
3,12,101
3,12,101
3,12,101
3,12,101
3,12,101
3,11,100
3,11,100
3,11,100
3,11,100
3,11,100
3,11,100
3,11,100
2,11,99
2,12,97
2,12,95
3,11,94
3,11,92
3,11,91
2,10,89
3,10,88
3,10,87
3,9,86
3,9,84
3,9,84
3,9,83
2,9,84
2,9,84
2,9,87
3,10,87
3,10,88
3,10,88
3,11,89
2,9,79
2,9,82
2,9,83
2,9,86
2,10,88
2,10,90
2,10,93
2,10,94
2,10,95
2,10,95
2,11,96
2,11,99
3,11,100
3,11,100
4,12,100
4,12,101
4,12,100
3,12,100
3,11,100
2,11,98
2,11,98
2,11,98
2,11,98
2,11,98
2,11,98
2,11,97
2,11,97
2,11,97
2,11,97
1,10,97
2,11,98
2,11,98
2,11,98
2,11,99
3,11,100
3,11,100
3,11,100
3,11,101
3,11,102
3,11,102
3,11,102
3,11,102
3,11,102
3,11,102
3,11,101
3,11,101
2,10,100
2,10,100
2,10,100
3,11,100
3,11,100
3,11,100
3,11,100
3,11,100
3,11,100
3,11,100
3,11,100
2,10,99
2,10,99
2,10,99
2,11,98
2,11,98
2,11,98
2,11,99
2,11,99
2,12,100
2,11,100
2,12,100
3,12,100
3,12,101
4,12,101
4,12,101
3,11,101
3,11,101
2,10,100
2,10,99
2,10,99
2,10,99
3,11,100
3,11,100
3,11,100
3,11,101
3,12,101
3,12,102
4,12,102
4,12,102
4,12,102
3,12,102
3,12,102
3,12,102
3,12,102
3,12,102
4,12,102
4,12,102
4,12,102
4,12,102
4,12,102
4,12,102
4,12,102
4,12,102
4,12,102
4,12,102
3,11,101
3,11,101
4,12,101
4,12,101
3,12,101
3,12,101
3,12,101
2,11,101
3,11,102
3,11,102
3,11,103
3,11,104
3,11,104
3,11,104
3,11,104
3,11,104
3,11,104
3,11,104
3,11,104
3,12,104
3,12,102
3,12,102
3,12,102
3,11,102
3,11,102
3,11,102
3,11,102
3,12,102
3,12,102
3,12,102
3,12,102
3,12,102
3,12,102
3,12,102
3,12,102
3,12,102
3,13,102
3,13,102
3,12,102
3,12,102
3,12,102
3,12,101
2,11,101
3,11,101
3,12,101
3,12,101
3,12,101
3,11,100
3,11,100
3,11,100
3,11,100
3,11,100
3,11,100
3,11,99
3,11,97
3,11,95
3,11,94
3,11,92
3,11,91
3,11,89
2,10,88
3,10,87
3,9,86
3,9,84
2,9,83
3,9,83
3,9,83
2,9,83
2,9,84
3,10,86
3,10,87
3,11,88
3,11,88
2,9,78
2,9,79
2,9,82
2,9,83
2,10,87
2,10,88
2,10,90
2,10,93
2,10,95
2,10,95
2,11,96
2,11,99
3,11,100
3,11,100
4,12,101
4,12,101
4,12,101
3,12,100
3,11,100
2,11,99
2,11,98
2,11,98
2,11,98
2,11,97
2,11,97
2,11,97
2,11,97
2,11,97
2,11,97
2,11,97
2,11,98
2,11,98
2,11,98
2,11,99
3,11,100
3,11,100
3,11,101
3,11,101
3,11,102
3,11,102
2,11,103
3,11,103
3,11,103
3,11,102
3,11,102
3,11,101
3,11,101
3,11,100
3,11,100
3,11,100
3,11,100
3,11,100
3,11,100
3,11,100
3,11,100
3,11,100
3,11,100
3,11,100
2,11,100
2,10,99
2,10,99
2,11,99
2,11,99
3,12,100
3,12,100
3,12,100
3,12,100
3,12,101
3,12,101
3,12,102
4,12,102
4,12,102
3,11,101
3,11,101
3,11,100
2,10,100
3,11,100
2,10,99
3,11,100
3,11,100
3,11,100
3,11,100
3,11,101
3,12,101
4,12,102
4,12,102
4,12,102
4,12,102
3,12,102
3,12,102
3,12,102
3,12,102
4,12,102
4,12,102
4,12,102
4,12,102
4,12,102
4,12,102
4,12,102
4,12,102
4,12,102
4,12,102
3,11,101
3,11,101
4,12,101
3,12,101
3,12,101
3,12,101
3,12,101
3,12,102
3,12,102
3,11,103
3,11,104
3,11,104
3,11,104
3,11,104
3,11,104
3,11,104
3,11,104
3,11,104
3,12,104
3,12,102
3,12,102
3,12,102
3,12,101
3,12,101
3,12,101
3,12,101
3,12,101
3,12,101
3,12,101
3,12,102
3,12,102
3,12,102
3,12,102
3,12,102
3,12,102
3,12,102
3,12,102
3,12,102
3,12,102
3,12,102
3,12,102
3,11,101
2,11,101
3,11,101
3,11,101
3,12,101
3,12,101
4,12,100
3,12,100
3,12,100
3,11,100
3,11,100
3,11,99
3,11,98
3,11,95
3,11,94
3,11,92
3,11,91
3,11,90
2,10,89
2,9,87
2,9,86
2,9,84
2,9,83
2,9,83
2,9,83
3,9,83
3,10,83
3,10,84
3,10,86
3,11,86
3,11,87
3,11,88
2,9,78
2,9,80
2,10,83
2,10,84
2,10,88
2,10,90
2,10,92
2,10,94
2,10,95
2,11,95
2,11,98
3,11,100
3,11,100
4,12,101
4,12,101
4,12,101
3,11,100
3,11,100
2,11,99
2,11,98
2,11,98
2,11,98
2,11,98
2,11,98
2,11,97
2,11,97
2,11,97
2,11,97
2,11,97
2,11,98
2,11,98
2,11,98
2,11,99
3,11,100
3,11,100
3,11,101
3,11,102
3,11,102
2,11,103
2,11,103
3,11,103
3,11,103
3,11,103
3,12,102
3,12,102
3,11,101
3,11,101
3,11,101
3,11,101
3,11,101
3,11,101
4,12,101
4,12,101
4,12,101
3,12,102
3,12,102
3,12,101
3,12,101
3,11,100
3,11,100
3,11,100
3,11,100
3,12,100
3,12,101
3,12,101
3,12,101
3,12,101
3,12,102
3,12,102
4,12,102
4,12,102
4,12,102
3,11,101
3,11,101
3,11,100
3,11,100
3,11,100
3,11,100
3,11,100
3,11,100
3,11,100
3,11,100
3,11,101
4,12,102
4,12,102
4,12,102
4,12,102
3,12,102
3,12,102
3,12,102
3,12,102
4,12,102
4,12,102
4,12,102
4,12,102
4,12,102
4,12,102
4,12,102
4,11,102
4,11,102
3,11,101
3,11,101
3,11,101
3,11,101
3,11,101
3,11,101
3,12,101
3,12,102
3,12,102
3,12,102
3,12,103
3,11,104
3,11,104
3,11,104
3,11,104
3,11,104
3,11,104
3,11,104
3,11,104
3,12,102
3,12,102
3,12,102
3,12,102
3,12,101
2,12,101
2,12,101
2,12,101
2,12,101
2,12,101
2,12,101
2,12,101
2,12,101
3,12,102
3,12,102
3,12,102
3,12,102
3,12,102
3,12,102
3,12,102
3,12,102
3,12,102
3,12,102
3,11,101
2,11,101
3,11,101
3,11,101
3,11,101
3,11,100
3,11,100
3,12,100
3,12,100
3,11,100
3,11,99
3,11,97
3,11,95
3,11,94
3,11,94
3,11,92
3,11,90
3,10,89
2,9,87
2,9,86
2,8,84
2,9,83
2,9,83
2,9,83
2,9,83
2,9,83
3,10,83
3,10,84
3,10,85
3,11,86
3,11,86
1,9,77
2,10,78
2,10,80
2,10,83
2,10,85
2,10,88
1,10,90
1,10,93
1,10,95
2,10,95
2,11,97
3,11,99
3,11,100
3,11,100
4,12,101
4,12,100
3,11,100
3,11,100
2,11,99
2,11,98
2,11,98
2,11,98
2,11,98
2,11,98
2,11,98
2,11,98
2,11,98
2,11,98
2,11,98
2,11,98
2,11,98
2,11,98
2,11,99
3,11,100
3,11,100
3,12,102
3,12,102
3,12,103
3,11,103
3,11,103
3,11,103
3,11,103
3,12,103
3,12,102
4,12,102
3,12,102
3,11,101
3,11,101
3,11,101
3,11,101
4,12,101
4,12,101
4,12,101
4,12,102
4,12,102
3,12,102
4,12,102
3,12,101
3,12,101
3,11,100
3,11,100
3,11,100
3,11,101
3,12,101
3,12,101
3,12,101
3,12,102
3,12,102
3,12,102
4,12,102
4,12,102
4,12,102
4,12,102
3,11,101
3,11,101
3,11,100
3,11,100
3,11,100
3,11,100
3,11,100
3,11,100
3,11,101
3,11,101
3,12,101
4,12,102
4,12,102
4,12,102
4,12,102
3,12,102
3,12,102
3,12,102
3,12,102
4,12,102
4,12,102
4,12,103
4,11,103
4,11,103
4,11,103
3,11,102
3,11,102
3,11,101
3,11,101
3,11,101
3,11,101
3,11,101
3,11,101
3,12,101
3,12,102
3,12,102
3,12,102
3,12,104
3,11,104
3,11,104
3,11,104
3,11,104
3,11,104
3,11,104
3,11,104
3,12,102
3,12,102
3,12,102
3,12,102
3,12,102
3,12,101
3,12,101
2,12,101
2,12,100
2,12,100
2,12,100
2,12,101
2,12,101
2,12,101
3,12,101
3,12,102
3,12,102
3,12,102
3,12,102
3,12,102
3,12,102
3,12,102
3,12,102
3,12,102
3,11,101
2,11,101
2,11,101
3,11,101
3,11,101
3,11,100
3,12,100
3,12,100
3,12,99
3,12,99
3,11,98
4,12,96
4,12,95
4,12,94
3,11,92
3,11,91
3,10,89
2,10,88
2,9,86
2,8,85
2,8,83
2,9,82
2,9,82
2,9,82
2,9,82
2,9,83
3,10,83
3,10,84
4,10,85
4,11,85
3,11,86
2,10,78
2,10,80
2,10,82
2,10,83
2,9,86
1,10,89
1,10,91
2,10,94
2,10,95
3,11,97
3,11,98
3,11,99
3,11,100
3,11,100
3,11,100
3,11,100
2,10,99
2,11,99
2,11,99
2,11,98
2,11,98
2,11,98
2,11,98
2,11,98
2,11,97
2,11,97
2,11,97
2,11,98
2,11,98
2,11,98
2,11,98
2,11,99
3,11,100
3,11,100
3,12,102
3,12,102
3,12,103
3,11,103
3,11,103
3,11,103
3,11,103
3,12,102
3,12,102
3,12,102
3,12,102
3,12,101
3,11,101
3,11,101
3,11,101
3,11,101
3,11,101
4,12,101
4,12,102
4,12,102
4,12,102
4,12,102
4,12,102
3,12,102
3,12,101
3,11,101
3,11,101
3,11,101
3,12,101
3,12,101
3,12,101
3,12,102
3,12,102
3,12,102
3,12,102
4,12,102
4,12,102
4,12,102
4,12,101
3,11,101
3,11,101
3,11,100
3,11,100
4,12,101
4,12,101
3,11,101
3,11,101
3,11,101
3,11,101
3,12,102
4,12,102
4,12,102
3,12,102
3,12,102
3,12,102
3,12,102
3,12,102
3,12,102
3,11,103
3,11,103
3,11,104
3,11,104
3,11,104
3,11,104
3,11,103
3,11,102
3,11,101
2,11,101
3,11,101
2,11,101
2,11,101
3,11,101
3,12,102
3,11,102
3,11,103
3,11,104
3,11,104
3,11,104
3,11,104
3,11,104
3,11,104
3,11,104
3,11,104
3,12,102
3,12,102
3,12,102
3,12,102
3,12,101
3,12,101
2,12,100
2,12,100
2,12,100
2,12,100
2,12,100
2,12,100
2,12,101
2,12,101
3,12,101
3,12,102
3,12,102
3,12,102
3,12,102
3,12,102
3,12,102
3,12,102
3,12,102
3,12,101
3,11,101
2,11,101
3,11,101
3,11,101
3,11,100
3,12,100
3,12,100
3,12,99
3,12,99
3,12,98
4,11,96
4,11,95
4,11,94
4,11,92
3,11,91
3,11,90
3,10,88
2,9,86
2,8,85
2,8,83
2,8,83
2,9,82
2,9,82
2,9,82
2,9,82
3,10,83
3,10,83
4,10,84
4,10,85
4,10,85
2,10,78
2,10,80
2,10,83
2,9,84
2,10,87
2,10,90
2,10,92
3,10,95
3,11,96
3,11,98
3,11,99
3,11,99
2,11,99
2,10,99
2,10,99
2,10,99
2,11,99
2,11,99
2,11,99
2,11,98
2,11,98
2,11,98
2,11,98
2,11,98
2,11,98
2,11,98
2,11,98
2,10,98
2,10,98
2,10,98
2,11,99
3,11,100
3,11,100
3,12,102
3,12,102
3,12,102
3,11,103
3,11,103
2,11,102
2,11,102
3,11,102
3,12,102
3,12,102
3,12,102
3,12,101
3,11,101
3,11,101
3,11,101
3,11,101
3,11,101
3,11,101
3,12,102
3,12,102
3,12,102
4,12,102
4,12,102
3,12,102
3,12,102
3,12,101
3,11,101
3,11,101
2,11,101
2,11,101
2,11,101
2,11,101
2,11,101
2,11,101
3,12,102
4,12,102
4,12,102
4,12,102
4,12,101
3,11,101
3,11,101
3,11,100
3,11,100
4,12,101
4,12,101
3,11,101
3,11,101
3,11,101
3,11,101
3,11,101
3,12,102
3,12,102
3,12,102
3,12,102
3,12,102
3,12,102
3,12,102
3,11,104
3,11,103
3,11,104
3,11,104
3,11,104
3,11,104
3,11,104
3,11,104
3,11,102
2,11,101
2,11,101
2,11,101
2,11,101
2,11,101
3,11,101
3,12,102
3,11,102
3,11,104
3,11,104
3,11,104
3,11,104
3,11,104
3,11,104
3,11,104
3,11,104
3,12,102
3,12,102
3,12,102
3,12,102
3,12,102
3,12,101
2,12,100
2,12,100
2,12,100
2,12,100
2,12,100
2,12,100
2,12,100
2,12,101
2,12,101
3,12,101
3,12,102
4,13,103
4,13,103
3,13,102
3,13,102
3,13,102
3,12,102
3,12,102
3,12,101
3,12,101
3,11,101
3,11,100
3,11,100
3,11,100
3,12,100
3,12,100
3,12,99
3,11,98
3,11,96
4,11,95
4,11,94
4,11,92
4,11,92
3,11,90
3,10,89
2,9,87
2,8,85
2,8,83
2,8,83
2,8,82
2,9,82
2,9,82
2,9,82
3,9,83
3,10,83
3,10,84
4,10,84
4,10,84
2,10,77
2,10,79
2,10,82
2,10,83
2,10,86
2,10,89
3,10,91
3,11,94
3,11,95
3,11,97
3,11,98
2,11,99
2,11,99
2,11,99
2,10,99
2,10,99
2,11,99
3,11,100
3,11,100
3,11,100
3,11,99
2,11,98
2,11,98
2,11,98
2,11,98
2,11,98
2,10,98
1,10,98
2,10,98
2,10,98
2,10,99
2,11,99
3,11,100
3,11,100
3,11,102
3,11,102
3,11,102
3,11,102
2,11,101
2,11,101
3,11,101
3,12,102
3,12,101
3,11,101
3,11,101
3,11,101
3,11,101
3,11,101
3,11,101
3,11,101
3,11,101
3,11,101
3,12,102
3,12,102
3,12,102
4,12,102
3,12,102
3,12,102
3,12,102
3,12,101
3,11,101
2,11,101
2,11,101
2,11,101
2,11,101
2,11,101
2,11,101
2,11,101
3,12,102
4,12,102
4,12,102
4,12,102
3,11,101
3,11,101
3,11,101
4,12,101
4,12,101
4,12,101
3,12,101
3,11,101
3,11,101
3,11,101
3,11,101
3,12,101
3,12,101
3,12,102
3,12,102
3,12,102
3,12,102
3,11,104
3,11,104
3,11,104
3,11,104
3,11,104
3,11,104
3,11,104
3,11,104
3,11,104
3,11,104
2,11,102
2,11,101
2,11,101
2,11,101
2,11,101
3,11,102
3,11,102
3,11,104
3,11,104
3,11,104
3,11,104
3,11,104
3,11,104
3,11,104
3,11,104
3,11,104
3,12,102
3,12,102
3,12,102
3,12,102
3,12,102
3,12,101
2,12,100
2,12,100
2,12,100
2,12,100
2,12,100
2,12,100
2,12,100
2,12,101
3,12,101
3,12,102
4,13,103
4,13,103
4,13,103
3,13,102
3,13,102
3,12,102
3,12,102
3,12,101
2,12,101
2,12,100
2,11,100
3,11,100
3,11,100
3,11,100
3,12,100
3,11,99
3,11,98
3,11,97
3,11,96
3,11,95
4,11,94
4,11,92
4,11,91
4,11,90
3,10,88
2,9,86
2,8,85
2,8,83
2,8,83
2,8,82
2,9,82
2,9,82
2,9,82
3,10,83
3,10,83
4,10,84
4,10,84
4,10,85
2,10,77
2,10,80
2,10,82
2,10,83
2,10,87
3,10,89
3,11,92
3,11,94
3,11,96
2,11,98
2,11,98
2,11,99
2,11,99
2,10,99
2,11,99
3,11,100
3,11,100
3,11,100
3,11,100
3,11,100
3,11,99
2,11,98
2,11,98
2,11,98
2,10,98
2,10,98
1,10,98
1,10,98
1,10,98
2,10,99
2,10,99
2,10,99
3,11,100
3,11,100
3,11,101
3,11,101
3,11,101
2,11,101
2,11,101
2,11,101
3,12,101
3,11,101
3,11,101
3,11,101
3,11,101
3,11,100
3,11,100
3,11,100
3,11,101
3,11,101
3,12,102
3,12,102
3,12,102
3,12,102
3,12,102
3,12,102
3,12,102
3,12,102
3,12,102
3,11,101
2,11,101
2,11,101
2,11,101
2,11,101
2,11,101
2,11,101
2,11,101
3,12,102
3,12,102
4,12,102
4,12,102
4,12,101
4,12,101
4,12,101
4,12,101
4,12,101
4,12,101
3,12,101
3,12,101
3,12,101
3,12,101
2,12,101
2,12,101
2,12,101
2,12,101
3,12,102
3,12,102
3,12,104
3,11,104
3,11,104
3,11,104
3,11,104
3,11,104
3,11,104
3,11,104
3,11,104
3,11,104
3,11,104
3,11,103
2,11,102
2,11,102
3,11,102
3,11,102
3,11,102
3,11,102
3,11,104
3,11,104
3,11,104
3,11,104
3,11,104
3,11,104
3,11,104
3,12,104
3,12,102
3,12,102
3,12,102
3,12,102
3,12,102
3,12,102
3,12,101
2,12,100
2,12,100
2,12,100
2,12,100
2,12,100
2,12,100
2,12,101
3,12,101
3,12,102
3,12,102
4,13,103
4,13,103
3,13,102
3,13,102
3,13,102
3,13,102
3,12,101
3,12,101
2,12,100
2,12,100
2,11,100
2,11,100
3,11,100
3,11,100
3,12,99
3,12,99
3,11,97
3,11,96
3,11,95
3,11,94
3,11,92
3,11,92
3,11,90
3,11,89
3,10,87
2,9,86
2,8,85
2,8,83
2,8,83
2,8,83
2,9,83
2,9,83
3,9,83
3,10,83
4,10,84
4,10,85
4,10,85
2,10,79
2,9,81
2,9,83
2,9,86
3,10,88
3,10,90
3,11,94
3,11,94
2,11,96
2,11,98
2,11,98
2,11,99
2,11,99
3,11,100
3,11,100
3,11,100
3,11,100
3,12,100
3,12,100
3,11,100
3,11,99
2,11,99
2,10,98
2,10,98
2,10,98
1,10,98
1,9,98
1,9,98
1,9,98
2,10,99
2,10,99
2,10,99
2,11,100
3,11,100
3,11,100
3,11,101
2,11,101
2,11,101
2,11,101
3,12,101
3,11,101
3,11,101
3,11,101
3,11,100
3,11,100
3,11,100
3,11,100
3,11,100
3,11,101
3,12,102
3,12,102
3,12,102
3,12,102
3,12,102
3,12,102
3,12,102
3,12,102
3,12,102
2,11,101
2,11,101
2,11,101
2,11,101
2,11,101
2,11,101
2,11,101
2,11,101
3,12,102
3,12,102
3,12,102
3,12,102
3,12,101
3,12,101
3,12,101
4,12,102
3,12,102
3,12,102
3,12,101
3,12,101
3,12,101
2,12,101
2,12,101
2,12,101
2,12,101
2,12,101
3,12,101
3,12,102
3,11,104
3,11,104
3,11,104
3,11,104
3,11,104
3,11,104
3,11,104
3,11,104
3,11,104
3,11,104
3,11,104
3,11,104
3,11,102
3,11,102
3,11,102
3,11,102
3,11,102
3,11,104
3,11,104
3,11,104
3,11,104
3,11,104
3,11,104
3,11,104
3,11,104
3,12,104
3,12,102
3,12,102
3,12,102
3,12,102
3,12,102
3,12,102
3,12,102
2,12,101
2,12,100
2,12,100
2,12,100
2,12,100
2,12,101
2,12,101
2,12,101
3,12,102
3,12,102
3,12,102
3,12,102
3,12,102
3,12,102
3,13,101
3,13,101
3,13,101
2,12,100
2,12,100
2,12,100
2,11,100
2,11,100
3,11,100
3,11,100
3,12,99
4,12,99
3,11,97
3,11,96
3,11,94
3,11,94
3,11,92
3,11,91
3,11,90
3,10,88
3,10,87
2,9,86
2,8,85
2,8,84
2,8,83
2,8,83
2,9,83
3,9,83
3,10,84
3,10,84
4,10,85
4,10,85
2,9,77
2,9,79
2,9,82
2,9,83
3,9,87
3,10,89
3,10,91
3,11,94
2,11,95
2,11,96
2,11,98
2,11,98
2,11,99
3,11,100
3,11,100
3,11,100
3,11,100
4,12,100
3,12,100
3,11,100
3,11,99
2,11,99
2,10,99
2,10,98
2,10,98
1,10,98
1,9,98
1,9,98
1,9,98
1,9,98
2,10,99
2,10,99
2,10,99
2,11,100
3,11,100
3,11,100
2,11,100
2,11,100
3,11,101
3,12,101
3,12,101
3,12,101
3,12,101
3,11,100
3,11,100
3,11,100
3,11,100
3,11,101
3,12,101
3,12,102
3,12,102
3,12,102
3,12,102
3,12,102
3,12,102
3,12,102
3,11,101
2,11,101
2,11,101
2,11,101
2,11,101
2,11,101
2,11,101
2,11,101
2,11,101
2,11,101
3,12,102
3,12,102
3,12,102
3,12,102
3,12,102
3,12,102
3,12,102
3,12,102
3,12,102
3,12,102
3,12,102
3,12,102
3,12,101
3,12,101
2,12,101
2,12,101
2,12,101
2,12,101
3,12,101
3,12,102
3,11,103
3,11,104
3,11,104
3,11,104
3,11,104
3,11,104
3,11,104
3,11,104
3,11,104
3,11,104
3,11,104
3,11,104
3,11,103
3,12,102
3,12,102
3,12,102
3,11,103
3,11,104
3,11,104
3,11,104
3,11,104
3,11,104
3,11,104
3,11,104
3,11,104
3,12,104
3,12,103
3,12,102
3,12,102
3,12,102
3,12,102
3,12,102
3,12,102
3,12,101
2,12,101
2,12,101
2,12,101
2,12,101
2,11,101
2,11,101
2,11,101
3,12,102
3,12,102
3,12,102
3,12,102
3,12,102
3,12,102
3,13,101
3,12,101
2,12,100
2,12,100
2,12,100
2,12,100
2,11,100
2,11,100
3,12,100
3,12,99
4,12,99
4,12,97
3,11,96
3,11,94
3,11,94
3,11,92
3,11,92
3,11,91
3,11,89
3,10,87
2,10,87
2,9,86
2,9,85
2,8,85
2,8,84
2,9,83
3,9,84
3,10,84
4,10,85
4,10,85
4,10,86
4,10,85
2,9,77
2,9,79
2,9,82
2,9,84
3,9,87
3,10,89
2,11,91
2,11,94
2,11,95
2,11,96
2,11,98
2,11,98
2,11,99
3,11,100
3,11,100
3,11,100
3,11,100
3,11,100
3,11,100
3,11,99
2,11,99
2,11,99
2,10,99
2,10,99
2,10,99
2,10,99
2,10,99
2,10,99
2,10,99
2,10,99
2,10,99
2,10,99
2,10,99
3,11,100
3,11,100
3,11,100
3,11,100
3,12,101
3,12,101
3,12,101
3,12,101
3,12,101
3,12,101
3,11,100
3,11,100
3,11,101
3,12,101
3,12,102
3,12,102
3,12,102
3,12,102
3,12,102
3,12,102
3,11,101
3,11,101
3,11,101
3,11,101
3,11,101
3,11,101
2,11,101
2,11,101
2,11,101
2,11,101
2,11,101
2,11,101
3,12,102
3,12,102
3,12,102
3,12,102
3,12,102
3,12,102
3,12,102
3,12,102
3,12,102
3,12,102
3,12,102
3,12,102
3,12,102
3,12,101
3,12,101
2,12,101
2,12,101
3,12,101
3,12,101
3,12,102
3,11,103
3,11,104
3,11,104
3,11,104
3,11,104
3,11,104
3,11,104
3,11,104
3,11,104
3,11,104
3,11,104
3,11,104
3,11,104
3,12,102
3,12,102
3,12,102
3,11,103
3,11,104
3,11,104
3,11,104
3,11,104
3,11,104
3,11,104
3,11,104
3,11,104
3,12,103
3,12,103
3,12,102
3,12,102
3,12,102
4,13,102
3,13,102
3,13,102
3,12,101
3,12,101
2,12,101
2,12,101
2,11,101
2,11,101
2,11,101
3,12,102
3,12,102
3,12,102
3,12,102
3,12,102
3,12,102
3,12,101
3,12,101
3,12,101
3,12,100
2,12,100
2,12,100
2,12,99
2,12,99
2,12,99
3,12,99
3,12,99
3,12,97
4,12,96
3,11,96
3,11,94
3,11,93
3,11,92
3,11,91
3,11,90
2,10,88
2,10,87
2,10,87
2,10,86
2,9,86
2,9,85
2,9,85
3,9,84
3,10,85
4,10,85
4,10,85
4,10,85
4,10,86
2,9,78
2,9,79
2,9,82
2,9,85
2,10,88
2,10,89
2,11,91
2,11,94
2,11,96
2,11,96
2,11,98
2,11,99
2,11,99
3,11,100
3,11,100
3,11,100
3,11,100
3,11,99
3,11,99
2,11,99
2,11,99
2,11,99
2,11,100
2,11,100
2,10,99
2,10,99
2,10,99
2,10,99
2,10,99
2,10,99
2,10,99
2,10,99
2,10,99
3,11,100
3,11,100
3,12,100
3,12,100
3,12,101
3,12,101
3,12,101
3,12,101
3,12,101
3,12,101
3,12,101
3,12,102
3,12,102
3,12,102
3,12,102
3,12,102
3,12,102
3,12,102
3,12,102
3,11,101
3,11,101
3,11,101
3,11,101
3,11,101
3,11,101
2,11,101
2,11,101
2,11,101
2,11,101
2,11,101
2,11,101
3,12,101
3,12,101
3,12,101
3,12,101
3,12,102
3,12,102
3,12,102
3,12,102
3,12,102
3,12,102
3,12,102
3,12,102
3,12,102
3,12,102
3,12,101
3,12,101
3,12,101
3,12,101
3,12,102
3,12,102
3,11,103
3,11,104
3,11,104
3,11,104
3,11,104
3,11,104
3,11,104
3,11,104
3,11,104
3,11,104
3,11,104
3,11,104
3,11,104
3,12,102
3,12,102
3,12,102
3,12,103
3,11,104
3,11,104
3,11,104
3,12,104
3,12,104
3,11,104
3,11,104
3,12,103
3,12,103
3,12,103
4,13,103
4,13,103
4,13,103
4,13,103
3,13,102
3,13,102
3,13,102
3,13,101
3,12,101
3,12,101
2,12,101
2,11,101
2,11,101
2,12,101
2,12,101
2,12,101
2,12,101
2,12,101
2,12,101
2,12,101
3,12,101
3,12,100
3,12,100
3,12,100
2,12,99
3,12,99
3,12,99
3,12,99
3,12,99
3,12,97
3,12,96
3,11,96
3,11,94
3,11,93
3,11,92
3,11,92
3,11,91
3,11,89
2,10,87
2,10,87
2,10,87
2,10,87
2,10,87
3,10,86
3,10,86
4,10,85
4,10,85
4,10,85
5,11,86
4,11,86
0,8,75
2,9,78
2,9,80
2,9,82
2,9,86
2,9,88
2,10,90
2,10,91
2,11,94
2,11,96
2,11,97
2,11,99
2,11,99
2,11,99
3,11,100
3,12,100
3,12,100
3,12,100
3,12,100
3,12,100
3,12,100
3,12,100
2,12,100
2,12,100
2,12,100
2,12,100
2,12,100
2,11,100
2,10,99
2,10,99
2,10,99
2,10,99
2,10,99
3,11,100
3,11,100
2,12,100
2,12,100
2,12,100
2,12,100
3,12,101
3,12,101
3,12,101
3,12,101
3,12,101
3,12,102
3,12,102
3,12,102
3,12,102
3,12,102
3,12,102
3,12,102
3,12,102
3,11,101
3,11,101
3,11,101
3,11,101
3,11,101
3,11,101
3,11,101
3,11,101
3,12,102
3,12,102
3,12,102
3,12,102
3,12,102
3,12,101
2,11,101
2,11,101
3,12,101
3,12,102
3,12,102
3,12,102
3,12,102
3,12,102
3,12,102
3,12,102
3,12,104
3,12,104
3,12,102
3,12,102
3,12,102
3,12,102
3,12,102
3,12,102
3,11,103
3,11,104
3,11,104
3,11,104
3,11,104
3,11,105
3,11,105
3,11,105
3,11,105
3,11,104
3,11,104
3,11,104
3,11,104
3,12,102
3,12,102
3,12,102
3,12,103
3,12,103
4,12,104
4,12,104
4,12,104
4,12,104
3,12,103
3,12,103
3,12,103
3,12,103
4,13,103
4,13,103
4,13,103
4,13,103
4,13,103
3,13,102
3,13,102
3,13,102
3,12,101
3,12,101
3,12,102
3,12,102
3,12,102
3,12,102
3,12,102
3,12,101
2,12,101
2,12,101
2,12,100
2,12,100
2,12,100
3,12,100
3,12,100
3,12,100
3,12,100
3,12,99
3,12,99
3,12,99
3,12,99
3,12,98
3,12,97
2,12,96
2,11,94
3,11,94
3,11,93
3,11,92
3,11,91
3,11,91
3,11,89
2,10,87
2,10,87
2,10,87
2,10,87
2,10,87
3,10,87
3,10,86
4,11,86
5,11,86
5,11,86
5,11,86
5,11,86
1,9,75
1,9,78
2,9,80
2,9,84
2,9,86
2,10,88
2,10,90
2,11,93
2,11,94
2,11,96
2,11,98
2,11,99
2,11,99
3,11,99
3,11,100
3,11,100
3,12,100
3,12,100
3,12,100
3,12,100
3,12,100
3,12,100
2,12,100
2,12,100
2,12,100
2,12,100
2,12,100
2,11,99
2,10,99
2,10,99
2,10,99
2,10,99
2,10,99
2,11,100
2,12,100
2,12,100
2,12,100
2,12,100
2,12,101
3,12,101
3,12,101
3,12,102
3,12,102
3,12,102
3,12,102
3,12,102
3,12,102
3,12,102
3,12,102
3,12,102
3,12,102
3,12,101
3,11,101
3,11,101
3,11,101
3,11,101
3,12,101
3,12,102
3,12,102
3,12,102
3,12,102
3,12,102
3,12,102
3,12,102
3,12,101
2,11,101
2,11,101
3,12,101
3,12,102
3,12,102
3,12,102
3,12,102
3,12,102
3,12,102
3,11,104
3,11,104
3,12,104
3,12,104
3,12,102
3,12,102
3,12,102
3,12,102
3,12,102
3,11,103
3,11,104
3,11,104
3,11,104
3,11,104
3,11,105
3,11,105
3,11,105
3,11,105
3,11,104
3,11,104
3,11,104
3,12,102
3,12,102
3,12,102
3,12,102
3,12,103
3,12,103
4,12,103
4,12,103
4,12,103
4,12,103
4,12,103
3,12,103
3,12,103
3,12,103
3,12,103
4,13,103
3,12,102
3,12,102
3,12,102
3,12,102
3,12,102
3,12,101
3,12,101
3,12,102
3,12,102
3,12,102
3,12,102
3,12,102
3,12,102
3,12,102
3,12,101
2,12,101
2,12,100
2,12,100
2,12,100
3,12,100
3,12,100
3,12,100
3,12,100
3,12,99
3,12,99
3,12,99
3,12,98
2,12,97
2,12,96
2,12,94
2,11,94
2,11,93
3,11,92
3,11,92
4,11,91
4,11,91
4,11,88
2,10,87
2,10,87
2,10,87
2,10,87
2,10,87
2,10,87
3,11,87
5,11,86
5,11,86
5,11,86
5,11,86
1,9,75
1,10,78
1,10,80
2,10,84
2,10,87
2,10,88
2,10,90
2,11,94
2,11,96
2,11,97
2,11,99
2,11,99
2,11,99
3,11,100
3,11,100
3,12,100
3,12,100
3,12,100
3,12,100
3,12,100
2,12,100
2,12,100
2,12,100
2,12,100
2,12,100
2,12,100
2,12,99
2,11,99
2,11,99
2,11,99
2,10,99
2,10,99
2,11,99
2,11,100
2,12,100
2,12,100
2,12,100
2,12,100
3,12,101
3,12,101
3,12,102
3,12,102
3,12,102
3,12,102
3,12,102
3,12,102
3,12,102
3,12,102
3,12,102
3,12,102
3,12,101
3,12,100
3,12,100
3,12,100
3,12,101
3,12,101
3,12,102
3,12,102
3,12,102
3,12,102
3,12,102
3,12,102
3,12,102
2,11,101
2,11,101
2,11,101
2,11,101
3,12,102
3,12,102
3,12,102
3,12,102
3,12,102
3,11,104
3,11,104
3,11,104
3,11,104
3,12,104
3,12,104
3,12,102
3,12,102
3,12,102
3,12,102
3,11,104
3,11,104
3,11,104
3,11,104
3,11,105
3,11,105
3,11,105
3,11,105
3,11,105
3,11,105
3,11,104
3,12,104
3,12,102
3,12,102
3,12,102
3,12,102
3,13,102
4,13,103
4,13,103
4,13,103
4,13,103
4,13,103
3,12,102
3,12,102
3,12,102
3,12,102
3,13,102
3,13,102
3,12,102
3,12,102
3,12,101
3,12,101
3,12,101
3,12,101
3,12,101
3,12,102
3,12,102
3,12,102
3,12,102
3,12,102
3,12,102
3,12,102
3,12,101
2,12,100
2,12,100
2,12,100
2,12,100
3,12,100
3,12,100
3,12,100
3,12,100
3,12,99
3,12,99
3,12,98
2,12,97
2,12,96
2,12,95
2,12,94
2,11,93
2,11,92
3,11,91
4,11,92
4,11,91
5,12,91
5,12,90
4,11,88
3,10,87
2,10,87
2,10,87
2,10,87
2,10,86
2,11,86
4,11,86
5,11,86
5,11,86
1,9,76
1,9,78
1,9,81
2,10,84
2,10,87
2,10,89
2,11,91
2,11,94
2,11,96
2,11,98
2,11,99
3,11,100
3,11,100
3,12,100
3,12,100
3,12,100
3,12,100
3,12,100
2,12,100
2,12,100
2,12,100
2,12,100
2,12,100
2,12,100
2,12,100
2,11,99
2,11,99
2,11,99
2,11,99
2,11,99
2,10,99
2,11,99
2,10,99
2,11,99
2,11,100
2,11,100
2,11,100
3,11,101
3,12,101
3,11,101
3,11,101
3,12,102
3,12,102
3,12,102
3,12,102
3,12,102
3,12,102
3,12,102
3,12,102
3,12,101
3,12,100
3,12,100
3,12,100
3,12,101
3,11,101
3,11,101
3,12,102
3,12,102
3,12,102
3,12,102
3,12,102
3,12,102
2,11,101
2,11,101
2,11,101
2,11,101
3,12,102
3,12,102
3,12,102
3,12,102
3,12,102
3,11,104
3,11,104
3,11,104
3,11,104
3,12,104
3,12,104
3,12,102
3,12,102
3,12,102
3,12,102
3,11,104
3,11,104
3,11,104
3,11,104
3,11,104
3,11,105
3,11,105
3,11,105
3,11,105
3,11,105
3,12,105
3,12,104
3,12,102
3,12,102
3,12,102
3,13,101
3,13,101
3,13,102
4,12,103
4,12,103
4,12,103
3,12,102
3,12,102
3,12,102
3,12,102
3,12,102
3,12,102
3,12,102
3,12,102
3,12,101
2,12,101
2,12,101
2,12,101
2,12,101
3,12,101
3,12,101
3,12,102
3,12,102
3,12,102
3,12,102
3,12,102
3,13,102
3,12,101
3,12,101
2,12,100
2,12,100
2,12,100
3,12,100
3,12,100
3,12,100
3,11,100
3,11,99
2,11,98
2,12,97
2,12,97
2,12,95
2,12,94
2,12,93
2,11,92
2,11,91
3,10,91
3,11,91
4,11,91
5,12,90
5,12,89
5,12,88
4,11,87
3,10,87
2,10,87
2,10,85
2,10,85
3,11,86
4,11,86
4,11,86
1,9,76
1,10,78
1,10,81
2,10,84
2,10,87
2,10,90
2,10,93
2,10,96
2,10,97
2,10,99
2,11,99
2,11,100
3,12,100
2,12,100
2,12,100
2,12,100
2,12,100
2,12,100
2,12,100
2,12,100
2,12,100
2,12,100
2,12,100
2,12,99
2,11,99
2,11,99
2,11,99
2,11,99
2,11,98
2,10,98
1,10,98
1,10,98
1,10,98
2,11,99
2,11,100
2,11,100
3,11,101
3,11,101
3,11,101
3,11,101
3,11,101
3,12,102
3,12,102
3,12,102
3,12,102
3,12,102
3,12,102
3,12,101
3,12,101
3,12,100
3,12,100
2,12,100
2,12,101
2,11,101
2,11,101
3,12,102
3,12,102
3,12,102
3,12,102
3,12,102
3,12,102
3,12,102
2,11,101
3,12,102
3,12,102
3,12,102
3,12,102
3,12,102
3,12,102
3,12,102
3,11,104
3,11,104
3,11,104
3,11,104
3,11,104
3,12,104
3,12,102
3,12,102
3,12,102
3,12,102
3,11,104
3,11,104
3,11,104
3,11,104
3,11,104
3,11,105
3,11,105
3,11,105
4,12,105
4,12,105
4,12,105
3,12,104
3,12,102
3,12,102
3,12,102
3,13,101
3,13,101
3,13,102
3,13,102
3,12,102
3,12,102
3,12,102
3,12,102
3,12,102
3,12,102
3,12,102
3,12,101
3,12,101
3,12,101
2,12,100
2,12,100
2,12,101
2,12,101
2,12,101
2,11,101
2,11,101
2,11,101
2,11,101
2,11,101
3,12,102
3,12,102
3,13,101
3,13,101
3,13,101
3,13,101
2,12,100
2,12,100
3,12,100
3,12,100
3,12,100
3,11,100
2,11,99
2,11,98
2,11,97
2,11,96
2,12,95
2,12,94
2,12,92
2,11,91
2,11,90
2,10,90
3,11,90
4,11,89
5,11,89
5,11,88
5,11,88
4,11,87
4,10,86
4,10,85
4,10,85
4,10,85
4,11,85
3,11,85
1,10,76
1,10,78
2,10,81
2,10,84
2,10,87
2,10,91
2,10,94
3,10,96
2,10,98
2,10,99
2,11,100
2,11,100
2,12,100
2,12,100
2,12,100
2,12,100
2,12,100
2,12,100
2,12,100
2,12,100
2,12,100
2,12,100
2,12,99
2,11,99
2,11,99
2,11,98
2,11,98
2,11,98
2,11,97
1,11,97
1,10,97
1,10,97
1,10,98
2,11,99
3,11,100
3,11,100
3,11,101
3,11,101
3,12,101
3,12,102
3,12,102
3,12,102
3,12,102
3,12,102
3,12,102
3,12,101
3,12,101
3,12,101
2,12,100
2,12,100
2,12,100
2,12,101
2,11,101
2,11,101
3,12,102
3,12,102
3,12,102
3,12,102
3,12,102
3,12,102
3,12,102
3,12,102
3,12,102
3,12,102
3,12,102
3,12,102
3,12,102
3,12,102
3,12,102
3,11,103
3,11,104
3,11,104
3,11,104
3,11,104
3,12,104
3,12,102
3,12,102
3,12,102
3,12,102
3,11,103
3,11,104
3,11,104
3,11,104
3,11,104
3,11,104
3,11,105
4,12,105
4,12,105
4,12,105
4,12,105
3,12,104
3,12,102
3,12,102
3,12,102
3,12,102
3,13,101
3,13,101
3,12,102
3,12,102
3,12,102
3,12,102
3,12,102
3,12,101
3,12,101
2,12,101
2,12,101
2,12,101
2,12,100
2,12,100
2,12,101
2,12,101
2,12,101
2,12,101
2,11,101
2,12,101
3,12,102
3,12,102
2,11,101
2,11,101
3,12,101
3,13,101
3,13,101
3,13,101
3,13,101
2,12,100
2,12,100
2,12,100
3,12,100
3,12,100
2,11,99
2,11,98
2,11,97
2,11,96
2,11,95
2,11,94
2,11,92
2,11,91
2,11,91
2,11,90
3,10,89
3,11,89
3,10,88
3,11,88
4,11,88
4,11,87
4,10,86
4,10,86
4,10,85
4,10,85
4,10,85
4,10,85
1,9,73
1,9,76
1,10,78
2,9,81
2,10,84
2,10,88
2,10,93
2,10,94
2,10,97
2,10,98
2,11,99
2,12,100
2,12,100
2,12,100
2,12,100
2,12,100
2,12,100
2,12,100
2,12,100
2,12,100
2,12,100
2,12,99
2,12,99
2,11,98
2,11,98
2,11,98
2,11,98
2,11,97
2,11,97
1,11,97
1,10,97
1,10,97
1,10,97
2,10,99
3,11,100
3,11,100
3,11,101
4,12,101
4,12,101
3,11,101
3,11,101
4,12,102
4,12,102
4,12,102
4,12,102
3,12,101
3,12,101
2,12,100
2,12,100
2,12,100
2,12,100
2,12,101
2,11,101
2,11,101
2,11,101
3,12,102
3,12,102
3,12,102
3,12,102
3,12,102
3,12,102
3,12,102
3,12,102
3,12,102
3,12,102
3,12,102
3,12,102
3,12,102
3,12,102
3,11,103
3,11,104
3,11,104
3,11,104
3,11,104
3,11,104
3,12,102
3,12,102
3,12,102
3,12,102
3,11,103
3,11,104
3,11,104
3,11,104
3,11,104
3,11,104
3,11,104
3,11,105
4,12,105
4,12,105
4,12,104
3,12,104
3,12,103
3,12,102
3,12,102
3,13,102
3,13,101
3,13,101
3,13,101
3,12,101
3,12,101
3,12,101
3,12,101
2,12,101
2,12,100
2,12,100
2,12,100
2,12,100
2,12,100
2,12,100
2,12,101
2,12,101
2,12,101
2,12,101
3,12,102
3,12,102
3,12,102
3,12,102
2,11,101
2,11,101
3,12,101
3,12,101
3,12,101
3,13,101
3,13,101
2,12,100
2,12,100
2,12,100
2,12,100
2,12,99
2,11,98
2,11,98
2,11,96
2,11,95
2,11,94
2,11,93
2,11,91
2,11,91
2,11,90
2,10,89
2,10,88
2,10,88
2,10,88
3,10,87
4,10,87
4,10,86
4,10,85
4,10,85
4,10,85
4,10,85
4,10,85
4,10,85
0,9,73
1,9,76
1,9,78
1,9,81
2,9,86
2,10,89
2,10,93
2,10,95
2,10,97
2,11,98
2,12,99
2,12,100
2,12,100
2,12,100
2,12,100
2,12,100
2,12,100
2,12,100
2,12,100
2,12,100
2,12,99
2,11,99
2,11,98
2,11,98
2,11,98
2,11,98
2,11,97
2,12,96
2,11,96
1,11,96
1,10,97
1,10,97
2,10,98
2,11,99
3,11,100
3,11,101
4,12,101
4,12,101
3,11,101
3,11,101
3,11,101
4,12,102
3,11,101
3,11,101
3,11,101
3,12,100
2,12,100
2,12,100
2,12,100
2,12,100
2,12,101
2,11,101
2,11,101
2,11,101
2,11,101
3,12,102
3,12,102
3,12,102
3,12,102
3,12,102
3,12,102
3,12,102
3,12,102
3,12,102
3,12,102
3,12,102
3,12,102
3,12,102
3,11,103
3,11,104
3,11,104
3,11,104
3,11,104
3,11,104
3,12,102
3,12,102
3,12,102
3,12,102
3,12,102
3,11,103
3,11,104
3,11,104
3,11,104
3,11,104
3,11,104
3,11,104
3,12,104
4,12,104
3,12,104
3,12,103
3,12,103
3,13,103
3,13,102
3,13,102
3,13,101
3,13,101
3,13,101
3,13,101
3,12,101
2,12,101
2,12,100
2,12,100
2,12,100
2,12,100
2,12,100
2,12,100
2,12,100
3,13,101
3,13,101
3,13,101
3,13,102
3,13,102
3,12,102
3,12,102
3,12,102
3,12,102
2,12,101
2,12,101
3,12,101
3,12,101
3,12,101
3,13,101
3,12,101
3,12,100
2,12,100
2,12,99
2,12,99
2,12,98
2,11,98
2,11,97
2,11,95
2,11,94
2,11,94
2,11,92
2,11,91
2,11,90
3,11,89
2,10,88
2,10,87
2,10,87
2,10,87
2,10,85
3,10,85
4,10,85
4,10,85
4,10,85
4,10,85
4,10,85
4,10,85
0,9,73
0,9,76
1,9,78
1,8,83
2,9,87
2,10,90
2,10,93
2,10,95
2,11,96
2,11,98
2,12,99
2,12,99
2,12,100
2,12,100
2,11,100
2,11,100
2,11,100
2,11,100
2,11,99
2,11,99
2,11,99
2,11,98
2,11,98
2,11,98
2,11,98
2,11,97
2,12,96
2,12,96
2,11,96
1,11,97
1,10,97
2,10,98
2,10,99
2,11,99
3,11,100
4,12,101
4,12,101
3,11,101
3,11,101
3,11,101
3,11,101
3,11,101
3,11,101
3,11,101
3,11,100
3,12,100
2,12,100
2,12,100
2,12,101
2,12,101
2,11,101
2,11,101
2,11,101
3,12,102
3,12,102
3,12,102
3,12,102
3,12,102
3,12,102
3,12,102
3,12,102
3,12,102
3,12,102
3,12,102
3,12,102
3,12,102
3,12,102
3,11,104
3,11,104
3,11,104
3,11,104
3,11,104
3,11,104
3,12,102
3,12,102
3,12,102
3,12,102
3,12,102
3,12,103
3,11,103
3,11,103
3,11,104
3,11,104
3,11,104
3,11,104
3,12,104
3,12,104
3,12,103
3,12,103
4,12,103
4,13,103
4,13,102
3,13,102
3,13,101
3,13,101
3,13,101
3,13,101
3,13,101
2,12,100
2,12,100
2,12,100
2,12,100
2,12,100
2,12,100
2,12,100
3,13,101
3,13,101
3,13,102
3,13,102
3,13,102
4,13,102
4,13,102
4,13,102
3,13,102
3,12,102
3,12,101
3,12,101
3,12,101
3,12,101
3,12,101
3,12,101
3,12,100
3,12,99
3,12,99
3,12,99
2,12,98
2,12,98
2,11,97
2,11,96
2,11,94
2,11,94
2,11,92
3,11,91
3,11,91
3,11,89
3,11,88
3,10,87
2,10,87
2,11,86
2,10,85
2,10,84
3,10,84
3,10,85
4,10,85
4,10,85
4,10,85
4,11,85
0,9,75
0,9,76
1,8,79
1,9,83
2,9,87
2,10,90
2,10,94
2,11,96
2,11,96
2,12,98
2,12,99
2,12,99
2,11,100
2,11,100
3,11,100
3,11,100
3,11,100
3,11,99
3,11,99
2,11,99
2,11,98
2,11,98
2,11,98
2,11,98
2,12,98
2,12,98
2,12,97
2,11,97
2,11,97
2,10,97
2,10,98
2,10,98
2,11,99
3,11,100
3,11,100
4,12,101
3,11,101
3,11,101
4,12,101
3,11,101
3,11,101
3,11,101
3,11,100
3,11,100
3,12,100
2,12,100
2,12,100
2,12,101
2,12,101
2,11,101
2,11,101
2,11,101
2,11,101
3,12,102
3,12,102
3,12,102
3,12,102
3,12,102
3,12,102
3,12,102
3,12,102
3,12,102
3,12,102
3,12,102
3,12,102
3,12,102
3,11,104
3,11,104
3,11,104
3,11,104
3,11,104
3,11,104
3,12,102
3,12,102
3,12,102
3,12,102
3,12,102
3,12,102
3,12,102
3,11,103
3,11,103
3,11,103
3,11,103
3,11,104
3,12,104
3,12,103
3,12,103
4,13,103
4,13,103
4,13,103
4,13,103
3,13,102
3,13,101
3,13,101
3,13,101
3,13,101
3,13,101
2,12,100
2,12,100
2,12,100
2,12,100
2,12,100
2,12,100
3,13,101
3,13,101
3,13,101
3,13,102
3,13,102
3,13,102
4,13,102
4,13,102
4,13,102
3,13,102
3,13,102
3,12,101
3,12,101
3,12,101
3,12,101
3,12,100
3,12,100
3,12,99
3,12,99
3,12,98
3,12,98
3,12,97
2,11,97
2,11,96
2,11,95
2,11,94
2,11,92
3,11,91
3,11,90
3,10,89
3,10,88
3,10,87
3,10,87
3,10,86
3,11,85
2,10,84
2,10,84
3,10,84
3,10,84
4,10,84
4,10,84
4,10,85
0,9,75
0,9,77
1,9,80
1,10,83
2,10,87
2,10,91
2,11,94
2,11,96
2,11,96
2,11,98
2,11,99
2,11,99
3,11,100
3,11,100
3,11,100
3,11,100
3,11,99
2,11,99
2,11,98
2,11,98
2,11,98
2,11,98
2,11,98
2,12,98
2,12,98
2,12,98
2,11,98
2,11,97
2,11,97
2,10,98
2,10,98
2,11,99
3,11,99
3,11,100
3,11,100
3,11,101
3,11,101
4,12,101
4,12,101
3,11,101
3,11,100
3,11,100
3,11,100
3,11,100
3,12,100
3,12,100
3,12,101
2,11,101
2,11,101
2,11,101
2,11,101
2,11,101
2,11,101
3,12,102
3,12,102
3,12,102
3,12,102
3,12,102
3,12,102
3,12,102
3,12,102
3,12,102
3,12,102
3,12,102
3,12,102
3,11,104
3,11,104
3,11,104
3,11,104
3,11,104
3,11,104
3,12,102
3,12,102
3,12,102
3,12,102
3,12,102
3,12,102
3,12,102
3,12,102
3,12,102
3,12,102
3,12,103
3,12,103
3,12,103
4,13,103
4,13,103
4,13,103
4,13,103
4,13,103
4,13,103
3,13,103
3,13,101
3,13,101
3,13,101
3,13,101
2,12,100
2,12,100
2,12,100
2,12,100
2,12,100
2,12,100
2,12,100
3,13,101
3,13,101
3,13,102
3,13,102
3,13,101
3,13,101
3,13,101
3,13,101
3,13,101
3,13,101
3,13,101
3,12,101
3,12,101
3,12,101
3,12,100
3,12,100
3,12,99
3,12,99
3,12,98
3,12,98
3,12,97
3,12,97
3,11,96
3,11,95
3,11,94
3,11,93
2,10,91
3,10,90
3,10,89
3,10,88
3,10,87
3,10,86
3,10,85
3,10,85
3,11,84
3,10,84
3,10,84
3,10,84
3,10,84
4,10,84
4,10,84
0,9,76
1,9,78
1,10,81
1,10,84
1,10,87
2,11,91
2,11,94
2,11,95
2,11,96
2,11,98
2,11,99
2,11,99
3,11,99
3,11,99
3,11,99
2,11,99
2,11,98
2,11,98
2,11,98
2,11,98
2,11,98
2,12,98
2,12,98
2,12,98
2,12,98
2,11,98
2,11,98
2,11,98
2,11,98
2,11,98
2,11,99
2,11,99
3,11,100
3,11,100
3,11,100
3,11,101
3,11,101
3,11,100
3,11,100
3,11,100
3,11,100
3,11,100
3,11,100
3,12,100
3,12,100
3,12,101
3,11,101
3,11,101
2,11,101
2,11,101
2,11,101
2,11,101
3,12,102
3,12,102
3,12,102
3,12,102
3,12,102
3,12,102
3,12,102
3,12,102
3,12,102
3,12,102
3,12,102
3,12,102
3,11,104
3,11,104
3,11,104
3,11,104
3,11,104
3,11,104
3,12,102
3,12,102
3,12,102
3,12,102
3,12,102
3,12,102
3,12,102
3,12,102
3,12,102
3,12,102
3,12,103
3,12,103
4,12,103
4,13,103
4,13,103
4,13,103
4,13,103
4,13,103
4,13,103
3,13,103
3,13,101
3,13,101
3,13,101
2,12,100
2,12,100
2,12,100
2,12,100
2,12,100
2,12,100
2,12,100
2,12,100
3,12,101
3,13,101
3,13,101
3,13,101
3,12,101
3,13,101
3,13,101
3,13,101
3,13,101
3,13,101
3,12,101
3,12,100
3,12,100
3,12,100
3,12,100
3,12,99
3,12,99
3,12,99
3,12,98
3,12,98
3,12,97
3,12,96
3,12,95
3,11,94
3,11,92
3,11,91
3,10,89
3,10,89
3,10,88
3,10,87
3,10,86
3,10,85
3,10,84
3,10,84
4,11,84
4,11,84
3,11,84
3,10,84
4,10,84
4,10,84
0,9,76
1,9,78
1,10,81
1,10,84
1,10,88
2,11,91
2,11,94
2,11,95
2,11,98
2,11,98
2,11,99
3,11,99
3,11,99
3,11,99
2,11,98
2,11,98
2,11,98
2,11,98
2,11,98
2,11,98
3,11,99
3,11,99
2,11,99
2,11,99
2,11,98
2,11,98
2,11,98
2,11,98
2,11,98
2,11,98
2,11,99
2,11,99
2,11,99
3,11,100
3,11,100
3,11,100
3,11,100
3,11,100
3,11,100
3,11,100
3,11,100
3,11,100
3,11,100
3,11,100
3,11,101
3,11,101
3,12,101
3,11,101
2,11,101
2,11,101
2,11,101
2,11,101
3,12,102
3,12,102
3,12,102
3,12,102
3,12,102
3,12,102
3,12,102
3,12,102
3,12,102
3,12,102
3,11,102
3,11,104
3,11,104
3,11,104
3,11,104
3,11,104
3,11,104
3,12,102
3,12,102
3,12,102
3,12,102
3,12,102
3,12,102
3,12,102
3,12,102
3,12,102
3,12,102
4,13,103
4,13,103
4,13,103
4,13,103
4,13,103
4,13,103
4,13,103
4,13,103
4,13,103
3,13,103
3,13,101
3,13,101
2,12,100
2,12,100
2,12,100
2,12,100
2,12,100
2,12,100
2,12,100
2,12,100
2,12,101
3,12,102
3,13,102
3,13,101
3,12,101
2,12,101
2,12,101
3,13,101
3,13,101
3,13,101
2,12,100
2,12,100
2,12,100
2,12,100
3,12,100
3,12,100
3,12,99
3,12,99
3,13,98
3,12,98
3,12,97
3,12,96
3,12,94
2,11,93
3,11,92
3,11,91
3,10,89
3,10,89
3,9,87
3,9,86
3,9,86
3,9,84
3,10,84
4,10,84
4,10,84
4,11,84
4,11,84
4,11,84
4,11,84
4,11,84
0,9,76
0,9,78
0,9,82
1,10,84
1,10,89
2,10,91
2,11,94
2,11,95
2,11,98
2,11,98
2,11,98
2,11,98
2,11,98
2,11,98
2,11,98
2,11,98
2,11,98
2,11,98
3,11,99
3,12,99
3,12,99
3,11,99
2,11,99
2,11,98
2,11,98
2,11,98
2,11,98
2,11,98
2,11,98
2,11,98
2,10,99
2,10,99
2,10,99
3,11,100
3,11,100
3,11,100
3,11,100
3,11,100
3,11,100
3,11,100
3,11,100
3,11,100
3,11,100
3,11,100
3,11,101
3,11,101
3,11,101
3,11,101
2,11,101
2,11,101
2,11,101
2,11,101
2,11,101
2,11,101
3,12,102
3,12,102
3,12,102
3,12,102
3,12,102
3,12,102
3,12,102
3,11,102
3,11,103
3,11,104
3,11,104
3,11,104
3,11,104
3,11,103
3,12,102
3,12,102
3,12,102
3,12,102
3,12,102
3,12,102
3,12,102
3,12,102
3,12,102
3,12,102
4,13,103
4,13,103
4,13,103
4,13,103
4,13,103
4,13,103
4,13,103
4,13,103
4,13,103
3,12,102
3,12,101
2,12,101
2,12,100
2,12,100
2,12,100
2,12,100
2,12,100
2,12,100
2,12,100
2,12,101
2,12,101
3,12,102
3,12,102
3,12,101
2,12,101
2,12,101
2,12,101
2,12,101
2,12,100
2,12,100
2,12,100
2,12,100
2,12,100
2,12,100
2,12,100
3,12,99
3,12,99
3,13,98
3,13,98
2,13,97
2,12,96
2,11,94
2,11,93
2,11,91
2,11,90
3,10,89
3,10,88
3,9,87
3,9,86
3,9,85
3,9,84
3,9,83
3,10,84
4,10,84
4,10,84
4,11,84
4,11,84
4,11,84
4,11,84
0,9,77
0,9,78
0,9,82
1,10,84
1,10,88
2,10,91
2,11,94
2,11,95
2,11,96
2,11,98
2,11,98
2,11,98
2,11,98
2,11,98
2,11,98
2,11,98
2,11,100
3,12,100
3,12,100
3,12,99
2,11,99
2,11,99
2,11,98
2,11,98
2,11,98
2,11,98
2,11,98
2,11,98
1,11,98
2,10,98
2,10,98
2,10,99
2,10,99
2,10,99
2,11,99
3,11,100
3,11,100
3,11,100
3,11,100
3,11,100
3,11,100
3,11,100
3,11,100
3,11,101
3,11,101
3,11,101
3,11,101
3,11,101
2,11,101
2,11,101
2,11,101
3,11,101
3,11,101
3,12,101
3,12,102
3,12,102
3,12,102
3,12,102
3,12,102
2,12,102
2,11,101
2,11,101
3,11,103
3,11,104
3,11,104
3,11,103
3,11,102
3,12,102
3,12,102
3,12,102
3,12,102
3,12,102
3,12,102
3,12,102
4,13,103
4,13,103
4,13,103
4,13,103
4,13,103
4,13,103
4,13,103
4,13,103
4,13,103
4,13,103
4,13,103
3,13,103
3,12,101
3,12,101
3,12,101
2,12,100
2,12,100
2,12,100
2,12,100
2,12,100
2,12,100
2,12,100
2,12,100
2,12,101
3,12,102
3,12,102
3,12,102
2,12,101
2,12,101
2,12,101
2,12,100
2,12,100
2,12,100
2,12,100
2,12,100
2,12,100
2,12,99
2,12,99
3,12,98
3,12,98
3,13,97
3,13,97
3,13,95
2,11,94
2,11,92
2,11,91
2,10,89
2,10,88
2,9,87
3,9,86
3,9,86
3,9,85
3,9,83
3,9,83
3,10,83
3,10,83
4,10,84
4,11,84
4,11,84
4,11,84
4,11,84
0,9,77
0,9,78
0,9,82
1,9,84
2,10,88
2,10,90
2,10,93
2,11,94
2,11,96
2,11,97
2,11,98
2,11,98
2,11,98
2,11,98
2,11,100
2,12,100
3,12,100
3,12,100
3,12,99
2,11,99
2,11,98
2,11,98
2,11,98
2,11,97
2,11,97
1,11,97
1,11,97
1,11,97
1,11,98
2,11,98
2,10,98
2,10,98
2,10,99
2,10,99
2,10,99
3,11,100
3,11,100
3,11,100
3,11,100
3,11,100
3,11,100
3,11,100
3,11,101
3,12,101
3,11,101
3,11,101
3,11,101
3,11,101
3,11,101
3,11,101
3,11,101
3,11,101
3,11,101
3,11,101
3,12,101
3,12,102
3,12,101
3,12,101
2,12,101
2,11,101
2,11,101
2,11,101
3,11,102
3,11,102
3,11,102
3,12,102
3,12,102
3,12,102
3,12,102
3,12,102
3,12,102
3,12,102
3,12,102
4,13,103
4,13,103
4,13,103
4,13,103
4,13,103
4,13,103
4,13,103
4,13,103
4,13,103
4,13,103
4,13,103
3,13,101
3,12,101
3,12,101
3,12,101
3,12,101
2,12,100
2,12,100
2,12,100
2,12,100
2,12,100
2,12,100
2,12,100
2,12,101
3,12,102
3,12,102
3,12,102
3,12,102
2,12,101
2,12,101
2,12,100
2,12,100
2,12,100
2,12,100
2,12,100
2,12,99
2,12,99
2,12,98
2,12,96
3,12,96
3,12,96
3,12,95
2,12,92
2,11,90
2,11,89
2,10,88
2,10,87
2,10,86
3,9,86
3,9,85
3,9,84
3,9,84
3,9,83
3,10,83
3,10,83
4,10,83
4,11,84
4,11,84
5,11,85
4,11,85
0,8,78
1,9,82
2,9,84
2,9,87
2,10,89
2,10,91
2,11,94
2,11,95
2,11,96
2,11,98
2,11,98
2,11,98
2,11,100
2,12,100
3,12,100
2,12,100
2,11,99
2,11,99
2,11,98
2,11,98
2,11,96
2,11,96
1,11,95
1,11,95
1,11,97
1,11,97
2,11,98
2,11,98
2,10,98
2,10,98
2,10,98
2,10,99
2,10,99
2,10,99
3,11,100
3,11,100
3,11,100
3,11,100
3,11,100
3,11,100
3,11,100
3,11,101
3,11,101
3,11,101
3,11,101
3,11,100
3,11,100
2,11,100
2,11,100
2,11,100
2,11,100
3,11,100
3,11,100
3,12,100
3,12,100
3,12,101
2,12,101
2,12,101
2,12,101
2,12,101
2,12,101
3,12,101
3,12,101
3,12,101
2,12,101
2,12,101
2,12,101
3,12,101
3,12,102
3,12,102
3,12,102
3,12,102
4,13,103
4,13,103
4,13,103
4,13,103
4,13,103
4,13,103
4,13,103
4,13,103
4,13,102
3,13,102
3,12,101
3,12,101
3,12,101
3,12,101
3,12,101
3,12,101
2,12,100
2,12,100
2,12,100
2,12,100
2,12,100
2,12,100
2,12,100
2,12,101
2,12,101
3,12,102
3,12,102
3,12,102
2,12,101
2,12,101
2,12,100
2,12,100
2,12,100
2,12,99
2,12,99
2,12,98
2,12,96
2,12,93
2,12,92
3,12,92
3,12,90
2,11,89
2,11,89
2,10,87
2,10,85
2,10,84
3,10,84
3,10,84
3,9,84
3,10,84
3,10,83
3,10,83
3,10,83
4,10,83
4,10,84
4,11,84
4,11,85
1,8,78
1,9,81
2,9,83
2,9,86
2,9,88
2,10,90
2,10,93
2,11,94
2,11,96
2,11,98
2,11,98
2,11,99
2,11,100
2,11,100
2,11,99
2,11,99
2,11,98
2,11,98
2,11,97
2,11,96
2,12,96
1,11,95
1,11,95
1,11,97
1,11,97
2,11,98
2,11,98
2,11,98
2,10,98
2,10,98
2,10,98
2,10,99
2,10,99
2,10,99
3,11,100
3,11,100
3,11,100
3,11,100
3,11,100
3,11,100
3,11,100
3,11,100
3,11,100
3,11,100
3,11,100
3,11,100
3,11,100
2,11,100
2,11,100
2,11,100
3,11,100
3,11,100
3,11,100
3,11,100
3,12,100
2,12,100
2,12,101
2,12,101
2,12,101
2,12,101
2,12,101
2,12,100
2,12,100
2,12,100
2,12,100
2,12,100
2,12,101
3,12,101
3,12,102
3,12,102
3,12,102
3,12,102
4,13,103
4,13,103
4,13,103
4,13,103
4,13,103
4,13,103
4,13,103
4,13,102
3,13,102
3,12,101
3,12,101
3,12,101
3,12,101
3,12,101
3,12,101
3,12,101
2,12,100
2,12,100
2,12,100
2,12,100
2,12,100
2,12,100
2,12,100
2,12,101
3,12,101
3,12,102
3,12,102
3,12,101
3,12,101
3,12,100
2,12,100
2,12,99
2,12,99
2,12,98
2,12,95
2,12,93
2,12,92
2,12,90
2,12,89
3,11,88
2,11,88
2,10,86
2,10,85
3,10,84
3,10,84
3,10,84
3,10,84
3,10,84
3,10,84
3,10,84
4,10,84
4,10,84
4,10,84
4,10,84
4,11,84
1,9,78
1,9,81
2,9,83
2,9,86
2,9,88
2,10,89
2,10,92
2,11,94
2,11,96
2,11,98
2,11,98
2,11,99
2,11,99
2,11,98
2,11,98
2,11,98
2,11,97
2,11,97
2,11,96
2,11,96
1,11,95
1,11,95
1,11,97
1,11,97
2,11,98
2,11,98
2,10,98
2,10,99
2,10,99
2,10,99
2,10,99
2,10,99
2,10,99
2,10,99
3,11,100
3,11,100
3,11,100
3,11,100
3,11,100
3,11,100
3,11,100
3,11,100
3,11,100
3,11,100
3,11,100
3,11,100
3,11,100
3,11,100
3,11,100
3,11,100
3,11,100
3,11,100
3,11,100
3,11,100
3,12,100
3,12,100
2,12,100
2,12,100
2,12,100
2,12,100
2,12,100
2,12,100
2,12,100
2,12,100
2,12,100
2,12,101
3,12,101
3,12,102
3,12,102
3,12,102
3,12,102
4,13,103
4,13,103
4,13,103
4,13,103
4,13,103
4,13,103
4,13,103
4,13,102
3,13,102
3,12,101
3,12,101
3,12,101
3,12,101
3,12,101
3,12,101
3,12,101
2,12,100
2,12,100
2,12,100
2,12,100
2,12,100
2,12,100
2,12,100
2,12,100
2,12,100
3,12,101
3,12,102
3,12,101
3,12,101
3,11,100
3,11,99
3,11,99
2,11,96
2,11,95
2,11,93
2,11,92
2,11,90
2,11,89
2,11,88
3,11,88
2,10,86
2,10,84
3,10,84
3,10,84
3,10,84
3,10,84
3,11,84
3,11,84
3,11,84
3,11,84
3,11,84
4,11,84
4,11,84
4,11,84
1,9,77
1,9,80
1,9,83
1,9,86
1,9,88
2,9,89
2,10,91
2,11,94
2,11,96
2,11,97
2,11,98
2,11,98
2,11,98
2,11,98
2,11,98
2,11,97
2,11,97
2,11,97
2,11,96
2,11,96
2,11,97
2,11,98
2,11,98
2,11,98
2,11,98
2,10,99
2,10,99
2,10,99
2,10,99
2,10,99
2,10,99
2,10,99
2,10,99
2,10,99
2,10,99
2,10,99
2,10,99
3,11,100
3,11,100
3,11,100
3,11,100
4,12,101
3,11,100
3,11,100
3,11,100
3,11,100
3,11,100
3,11,100
3,11,100
3,11,100
3,11,100
3,11,100
3,12,100
3,12,100
3,12,100
2,12,100
2,12,100
2,12,100
2,12,100
2,12,100
2,12,100
2,12,100
2,12,100
2,12,100
2,12,100
2,12,101
3,12,102
3,12,102
3,12,102
3,12,102
3,12,102
4,13,103
3,12,102
4,13,103
4,13,103
4,13,103
4,13,103
4,13,102
3,13,102
3,12,102
3,12,102
3,12,101
3,12,101
3,12,101
3,12,101
3,12,101
2,12,100
2,12,100
2,12,100
2,12,100
2,12,100
2,12,100
2,12,100
2,12,100
2,12,100
3,12,100
3,12,101
3,12,101
3,12,100
3,12,99
3,12,98
3,11,96
3,12,95
3,11,94
2,11,92
2,11,90
2,11,89
2,10,88
2,10,87
2,10,86
2,10,85
3,10,84
3,10,84
3,10,84
3,10,84
3,11,84
3,11,84
3,11,84
3,11,84
3,11,84
3,11,84
4,11,84
4,11,84
1,9,77
1,9,79
1,9,82
1,9,83
1,9,86
1,10,88
1,10,90
2,10,94
2,11,96
2,11,96
2,11,98
2,11,98
2,11,98
2,11,98
2,11,97
2,11,97
2,11,97
2,11,98
2,11,98
2,11,98
2,11,98
2,11,98
2,11,99
2,10,99
2,10,99
2,10,99
2,10,99
2,10,99
2,10,99
2,10,99
2,10,99
2,10,99
2,10,99
2,10,99
2,10,99
2,10,99
2,10,99
2,10,99
3,11,100
3,11,100
3,11,100
3,11,100
3,11,100
3,11,100
3,11,100
3,11,100
3,11,100
3,11,100
3,11,100
3,11,100
3,11,100
3,11,100
3,12,100
3,12,100
3,12,100
2,12,100
2,12,100
2,12,100
2,12,100
2,12,100
2,12,100
2,12,100
2,12,100
2,12,100
3,12,101
3,12,102
3,12,102
3,12,102
3,12,102
3,12,102
3,12,102
3,12,102
3,12,102
3,12,102
4,13,103
4,13,103
4,13,103
4,13,103
4,12,102
4,12,102
3,12,102
3,12,102
3,12,101
3,12,101
2,12,100
2,12,100
2,12,100
2,12,100
2,12,100
2,12,100
2,12,100
2,12,100
2,12,100
2,12,100
2,12,100
3,12,100
3,11,100
3,11,99
3,11,98
3,11,96
3,11,95
3,11,94
3,11,92
3,11,91
2,11,90
2,10,89
2,10,88
2,10,86
3,10,86
3,10,85
3,10,84
2,10,84
2,10,84
2,10,84
2,11,84
3,11,84
3,11,85
3,11,85
3,11,85
3,11,85
3,11,85
1,9,79
1,9,82
1,9,83
1,9,86
1,9,88
1,10,90
2,10,93
2,11,95
2,11,96
2,11,97
2,11,97
2,11,98
2,11,97
2,11,97
2,11,98
2,11,98
2,12,98
2,12,98
3,11,99
3,11,99
2,11,99
2,10,99
2,10,99
2,10,99
2,10,99
2,10,99
2,10,99
1,10,99
1,10,99
1,10,99
2,10,99
1,10,99
2,10,99
2,10,99
2,10,99
2,10,99
2,10,99
2,10,99
3,11,100
3,11,100
3,11,100
3,11,100
3,11,100
3,11,100
3,11,100
3,11,100
3,11,100
3,11,100
3,11,100
3,11,100
3,12,100
3,12,100
3,12,100
2,12,100
2,12,100
2,12,100
2,12,100
2,12,100
2,12,100
2,12,100
2,12,100
2,12,101
3,12,101
3,12,102
3,12,102
3,12,102
3,12,102
3,12,102
3,12,102
3,12,102
3,12,102
3,12,102
3,12,102
4,13,103
4,13,103
4,13,103
4,13,103
4,12,102
3,12,102
3,12,102
3,12,101
3,12,101
2,12,100
2,12,100
2,12,100
2,12,100
2,12,100
2,12,100
2,12,100
2,12,100
2,11,100
2,11,100
2,11,99
2,11,98
3,11,98
3,11,96
3,11,95
3,11,95
3,11,94
3,11,92
3,11,91
2,11,90
2,11,89
2,10,88
2,10,87
2,10,86
2,10,85
2,10,85
2,10,84
2,10,84
2,10,84
2,11,84
2,11,84
3,11,85
3,11,85
3,12,85
3,12,85
1,9,79
1,9,81
1,9,83
1,9,86
1,9,88
1,10,90
2,10,93
2,11,95
2,10,96
2,10,97
2,10,97
2,10,97
2,11,98
2,11,98
2,11,98
2,11,98
3,12,99
3,11,99
3,11,99
3,11,99
2,10,99
2,10,99
2,10,99
2,10,99
2,10,99
2,10,99
1,10,99
1,10,99
2,10,99
2,10,99
2,10,99
2,10,99
2,10,99
2,10,99
2,10,99
2,10,99
2,10,99
3,11,100
3,11,100
3,11,100
3,11,100
3,11,100
3,11,100
3,11,100
3,11,100
3,11,100
3,11,100
3,11,100
3,11,100
3,11,100
3,11,100
3,12,100
2,12,100
2,12,100
2,12,100
2,12,100
2,12,100
2,12,100
2,12,100
2,12,100
2,12,101
3,12,101
3,12,102
3,12,102
3,12,102
3,12,102
3,12,102
3,12,102
3,12,102
3,12,102
3,12,102
3,12,102
3,12,102
3,12,102
3,13,102
4,12,102
4,12,102
3,12,102
3,12,102
3,12,101
3,12,101
2,12,100
2,12,100
2,12,100
2,12,100
2,12,100
2,12,99
2,11,98
2,11,98
2,11,98
2,11,98
2,11,98
2,11,98
2,11,96
2,11,95
2,11,95
3,11,94
3,11,92
3,11,91
3,11,90
3,11,89
3,10,88
2,10,87
2,10,87
2,10,86
2,10,85
3,10,85
3,10,85
2,10,85
2,10,85
2,11,85
2,11,85
2,11,85
2,11,85
3,12,85
1,9,81
1,9,83
1,9,86
1,9,88
1,10,90
2,10,93
2,10,95
2,10,95
2,10,96
2,10,97
2,11,98
2,11,98
2,11,98
2,11,98
3,12,99
3,11,99
3,11,99
3,11,99
2,10,99
2,10,99
2,10,99
2,10,99
2,10,99
1,10,99
1,11,99
1,10,99
2,10,99
2,11,99
2,11,99
3,11,100
3,11,100
3,11,100
2,10,99
2,10,99
2,10,99
2,10,99
2,10,99
3,11,100
3,11,100
3,11,100
3,11,100
3,11,100
3,11,100
3,11,100
3,11,100
3,11,100
3,11,100
3,11,100
3,11,100
3,11,100
2,11,100
2,12,100
2,12,100
2,12,100
2,12,100
2,12,100
2,12,100
2,12,100
3,12,101
3,12,102
3,12,102
3,12,102
3,12,102
3,12,102
3,12,102
3,12,102
3,12,102
3,12,102
3,12,102
3,12,102
3,12,102
3,12,101
3,12,101
3,12,101
3,12,101
3,12,101
3,11,101
3,12,101
3,12,100
3,12,100
2,12,100
2,12,100
2,12,100
2,12,99
1,11,98
1,11,98
1,11,98
2,11,98
2,11,98
2,11,96
2,11,95
2,11,95
2,11,94
3,11,94
3,11,92
3,11,91
3,11,90
3,11,90
3,11,89
3,10,88
2,10,87
2,10,87
2,10,86
3,10,86
3,10,86
3,11,85
3,11,85
3,11,85
2,11,85
2,11,85
3,12,85
1,9,81
1,9,83
1,9,86
1,9,87
1,9,89
2,9,93
2,10,94
2,10,95
2,10,96
2,11,97
2,11,98
3,11,98
3,11,98
3,11,98
3,11,99
3,11,99
2,11,99
2,10,99
2,10,99
2,10,99
2,11,99
2,11,99
1,11,99
1,11,99
2,11,99
2,11,99
2,11,100
3,11,100
3,11,100
3,11,100
3,11,100
3,11,100
2,10,99
2,10,99
2,10,99
2,10,99
2,10,99
2,10,99
3,11,100
3,11,100
3,11,100
3,11,100
3,11,100
3,11,100
3,11,100
3,11,100
3,11,100
3,11,100
3,11,100
2,11,100
2,11,100
2,12,100
2,12,100
2,12,100
2,12,100
2,12,100
2,12,101
3,12,101
3,12,101
3,12,102
3,12,102
3,12,102
3,12,102
3,12,102
3,12,102
3,12,102
3,12,102
3,12,102
3,12,102
3,12,101
3,12,101
2,12,100
2,12,100
3,12,100
3,11,100
3,11,100
3,11,100
3,12,100
3,12,100
3,12,100
2,12,100
2,12,100
2,12,98
1,11,98
1,11,98
1,11,96
2,11,95
2,11,95
2,11,95
2,11,94
2,11,93
3,11,92
3,11,91
3,10,90
3,10,90
3,10,89
3,10,89
3,10,88
2,10,87
2,10,87
2,10,87
2,11,87
3,11,86
3,11,86
3,11,86
3,11,86
3,11,86
3,12,86
3,12,86
1,9,83
1,9,86
1,9,87
1,9,89
2,9,92
2,10,94
2,10,95
2,11,95
3,11,96
3,11,98
3,11,98
3,11,98
2,11,98
2,11,98
2,11,99
2,10,99
2,10,99
2,10,99
2,11,99
2,11,100
2,11,100
2,12,100
2,11,100
2,11,100
3,12,100
3,12,100
3,11,100
3,11,100
3,11,100
3,11,100
3,11,100
2,10,99
2,10,99
2,10,99
2,10,99
2,10,99
3,11,100
3,11,100
3,11,100
3,11,100
3,11,100
3,11,100
3,11,100
3,11,100
3,11,100
2,10,99
2,11,99
2,11,100
2,11,100
2,12,100
2,12,100
2,12,100
3,13,101
3,13,101
3,12,101
3,12,101
3,12,101
3,12,101
3,12,101
3,12,101
3,12,102
3,12,102
3,12,102
3,12,102
3,12,102
3,12,101
3,12,101
3,12,101
2,12,100
2,12,100
2,12,100
2,12,100
2,11,100
2,11,100
2,11,100
2,11,100
3,12,100
3,12,100
3,13,100
3,13,100
3,12,98
2,11,98
2,11,96
1,11,95
2,11,95
2,11,93
2,11,93
2,11,92
2,10,91
3,10,90
3,10,90
3,10,89
3,10,89
3,10,89
3,10,88
2,10,88
2,10,87
2,10,87
2,11,87
3,11,87
3,11,87
3,11,86
3,11,86
3,11,86
3,11,86
1,9,83
1,9,86
2,9,87
2,9,89
2,9,92
2,10,93
2,10,94
2,10,95
3,11,95
3,11,96
2,11,98
2,11,98
2,11,98
2,11,98
2,11,98
2,10,99
2,10,99
2,11,99
2,11,99
2,11,100
3,12,100
2,11,100
3,11,100
3,12,100
3,12,100
4,12,100
4,12,100
4,12,100
3,11,100
3,11,100
3,11,100
3,11,99
2,10,99
3,11,99
3,11,99
3,11,99
3,11,100
3,11,100
2,11,99
2,10,99
2,10,99
2,10,99
2,10,99
2,10,99
2,10,99
2,10,99
2,11,100
2,11,100
3,11,100
2,12,100
2,12,100
3,12,100
3,13,101
3,13,101
3,13,101
3,13,101
3,12,101
3,12,101
3,12,101
3,12,101
3,12,100
3,12,101
3,12,101
3,12,101
3,12,101
3,12,101
3,12,100
2,12,100
2,12,100
2,12,100
2,12,100
2,12,100
3,11,99
3,11,98
3,11,98
3,12,99
3,13,100
3,13,100
3,13,99
4,13,98
3,12,97
2,11,95
2,11,95
2,10,93
2,10,93
2,10,92
2,10,91
3,10,90
3,10,90
3,10,89
3,10,89
3,10,89
3,10,89
3,10,89
3,10,88
3,10,88
3,10,88
3,11,88
3,11,88
3,11,88
3,11,88
3,11,88
4,11,88
2,9,86
2,9,87
2,9,89
2,9,90
2,10,92
2,10,93
2,10,94
2,10,95
2,10,95
2,11,96
2,11,97
2,11,98
2,11,98
2,10,99
2,10,99
2,10,99
2,11,99
2,11,99
3,11,100
3,11,100
3,11,100
3,12,100
3,12,100
3,12,100
4,12,100
4,12,100
3,12,100
3,11,100
3,11,100
3,11,99
3,11,99
3,11,99
3,11,99
2,11,99
2,11,99
2,11,99
2,10,99
2,10,99
2,10,99
2,10,99
2,10,99
2,10,99
2,10,99
2,10,99
2,11,100
2,11,100
3,11,100
2,12,100
2,12,100
2,12,100
3,12,100
3,13,100
3,13,101
3,13,101
3,12,100
3,12,100
3,12,100
3,12,100
3,12,100
3,12,100
3,12,100
3,12,100
3,12,100
3,12,100
2,12,100
2,12,100
2,12,100
2,12,99
2,12,99
2,12,98
3,11,98
2,11,97
2,11,97
3,11,97
3,12,98
3,13,99
4,13,98
4,13,97
4,12,96
3,12,95
3,11,93
2,11,92
2,11,91
3,11,91
3,11,90
3,10,90
3,10,90
3,10,89
3,10,89
3,10,89
3,10,89
3,10,89
3,10,88
3,10,88
3,10,88
3,11,89
3,11,89
4,11,89
4,11,90
2,9,87
2,9,88
2,9,89
2,10,90
2,10,93
2,10,94
2,10,95
2,10,95
3,10,95
2,10,97
2,11,98
2,11,98
2,11,99
2,11,99
2,11,99
2,10,99
2,11,100
2,11,100
2,11,100
3,11,100
3,12,100
3,12,100
4,12,100
4,12,100
4,12,100
3,12,100
3,12,100
3,11,99
3,11,99
3,11,99
2,11,99
2,11,99
2,11,98
2,11,98
2,10,99
2,10,99
2,10,99
2,10,99
2,10,99
2,10,99
2,10,99
2,10,99
2,10,99
3,11,100
3,11,100
2,11,100
2,11,100
2,12,100
2,12,100
2,12,100
2,12,100
3,12,100
3,12,100
2,12,100
2,12,99
2,12,99
2,12,99
2,12,99
2,12,99
3,12,99
2,12,99
2,12,99
2,12,99
2,12,99
2,12,99
2,12,99
2,12,98
2,11,96
2,11,95
2,11,95
2,11,95
2,11,95
2,11,95
3,13,97
4,13,97
4,13,97
4,12,95
4,11,93
3,11,92
3,11,91
3,11,91
4,11,90
3,11,90
3,10,90
3,10,89
3,10,89
3,10,89
3,10,89
3,10,89
3,10,89
3,10,89
3,10,89
3,11,89
3,11,89
3,11,90
2,9,88
1,9,89
1,9,89
1,10,92
2,10,93
2,10,94
3,10,95
3,10,95
2,11,96
2,11,98
2,11,98
2,10,98
2,10,99
2,10,99
2,10,99
2,10,99
2,11,99
2,11,99
3,11,99
3,12,99
3,12,99
4,12,100
4,12,100
3,12,100
3,12,99
3,12,99
3,11,99
2,11,99
2,11,98
2,11,98
2,11,98
2,11,98
2,10,98
2,10,99
2,10,99
2,10,99
2,10,99
2,10,99
2,10,99
2,10,99
3,11,100
3,11,100
2,11,100
2,11,100
2,11,100
2,11,100
2,12,100
2,12,100
2,12,100
2,12,100
2,12,99
2,12,99
2,11,98
2,11,98
2,11,98
2,11,98
2,11,98
2,11,98
2,11,98
2,11,98
2,11,98
2,11,98
2,11,98
2,11,96
2,11,95
2,11,95
2,11,95
2,11,94
2,11,93
2,11,93
2,11,94
2,11,95
3,12,95
4,12,95
3,12,94
4,11,92
3,11,91
3,11,90
3,11,90
4,11,90
4,11,90
3,10,90
3,10,89
3,10,89
3,10,89
3,10,89
3,10,89
3,10,89
3,10,89
3,10,89
3,11,90
1,10,88
1,10,89
2,10,90
3,10,92
3,10,94
3,10,95
3,11,95
3,11,95
2,11,96
2,10,98
2,10,98
2,10,98
2,10,98
2,10,98
2,10,98
2,11,98
2,11,98
2,11,98
2,11,98
3,12,99
3,12,99
3,12,99
3,12,99
3,12,99
3,12,99
2,11,98
2,11,98
2,11,98
2,11,98
2,11,98
2,11,98
2,11,99
2,11,99
2,11,99
2,11,99
2,11,99
2,11,99
2,11,99
2,11,99
2,11,99
2,11,99
2,11,99
2,11,99
2,11,99
2,11,99
2,11,99
2,11,99
3,11,98
3,11,98
3,11,97
2,11,97
2,11,97
2,11,97
2,11,97
2,11,97
2,11,95
2,11,95
2,11,95
2,11,95
2,11,95
2,11,95
2,11,95
2,11,95
2,11,93
2,10,92
2,10,91
2,10,91
2,10,91
2,10,91
2,11,92
2,11,93
3,11,92
3,11,91
3,11,91
3,11,90
3,11,90
4,11,90
4,11,90
4,11,90
4,11,90
3,11,90
3,10,90
3,10,89
3,10,89
3,10,89
3,10,89
3,10,89
2,10,89
3,10,90
3,10,90
3,10,92
3,10,93
3,10,94
2,11,95
2,10,95
2,10,95
2,10,97
2,10,97
2,10,97
2,10,97
2,11,97
2,11,97
2,11,97
2,11,98
2,12,98
2,12,98
2,12,98
2,12,98
2,12,98
2,11,98
2,11,98
1,11,98
1,11,98
1,11,98
1,11,98
2,11,98
2,11,98
2,11,99
2,11,99
2,11,99
2,11,99
2,11,99
2,11,99
2,11,99
2,11,99
2,11,98
2,11,98
2,11,98
2,11,98
2,11,98
2,11,98
2,11,97
2,11,95
2,11,95
2,11,95
2,11,95
2,10,95
2,10,95
2,10,95
1,11,93
2,11,93
1,11,93
2,11,93
2,11,93
2,11,93
2,11,93
2,11,93
2,10,91
2,10,89
2,10,88
2,9,88
2,9,88
2,9,89
2,10,89
2,10,90
2,10,90
3,10,90
3,11,90
3,10,90
3,10,90
3,11,90
3,11,90
4,11,90
3,11,90
3,11,90
3,10,90
3,10,90
3,10,90
3,10,91
3,11,91
3,10,89
3,10,90
3,10,90
3,10,91
3,10,91
2,10,93
2,10,94
2,10,95
2,10,95
2,10,95
2,10,95
2,11,95
2,11,95
2,11,95
2,11,96
2,11,96
2,12,96
2,12,96
2,11,98
2,11,97
1,11,97
1,11,97
1,10,97
1,11,97
1,11,98
1,11,98
1,11,98
2,11,98
2,11,98
2,11,99
2,11,98
2,11,98
2,11,98
2,11,98
2,11,98
2,11,96
2,11,96
2,11,96
2,11,95
2,11,94
2,11,94
2,11,94
2,11,94
3,11,94
2,11,94
2,10,91
2,10,91
2,10,89
1,10,89
1,10,88
1,10,87
1,10,87
1,10,87
1,11,87
2,11,87
2,11,87
2,10,88
2,10,88
2,10,88
2,9,87
2,9,87
2,9,86
2,9,87
2,9,87
2,10,88
2,10,89
2,10,89
3,10,90
3,10,90
3,10,90
3,10,90
3,10,90
3,10,90
3,11,90
3,11,91
3,11,91
3,11,91
3,11,91
3,11,93
2,10,89
3,10,89
2,10,91
2,10,91
2,10,93
2,10,94
2,10,94
2,10,94
2,10,94
2,11,95
2,11,95
2,11,95
2,11,95
2,11,96
2,11,96
2,11,96
1,11,96
1,11,96
1,11,97
1,10,97
1,10,97
1,10,97
1,11,97
1,11,98
2,11,98
2,11,98
2,11,98
2,11,98
2,11,97
2,11,96
2,11,96
2,11,96
2,11,95
2,11,94
2,11,94
2,11,94
2,10,93
2,11,91
2,11,91
3,11,91
3,11,91
3,10,90
3,10,89
2,10,89
2,10,88
1,10,87
1,10,86
1,10,86
1,10,85
1,10,85
2,10,85
2,11,87
2,10,87
2,10,87
2,10,87
2,10,87
2,9,86
2,9,86
2,9,86
2,9,86
2,10,87
3,10,88
3,10,89
3,10,89
3,10,89
3,10,89
3,10,90
3,10,90
2,10,90
3,10,90
3,11,91
3,11,91
3,11,92
3,10,89
3,10,89
3,10,91
3,10,92
3,10,93
3,10,94
3,11,94
3,11,94
3,11,94
3,11,95
3,11,95
2,11,95
2,11,95
2,11,95
2,11,95
1,11,95
1,11,95
1,10,97
1,10,97
1,10,97
1,10,97
1,11,97
2,11,97
2,11,96
2,11,96
2,11,96
2,11,96
2,11,95
2,11,95
2,11,94
2,11,94
2,11,94
2,10,93
2,10,91
2,10,90
2,10,90
2,10,90
3,11,89
3,10,89
3,10,89
3,10,88
2,10,87
2,10,87
2,10,87
1,10,86
1,10,86
2,10,85
2,10,85
2,10,85
2,10,87
2,10,87
2,10,87
2,10,87
2,9,87
2,9,86
2,9,86
3,9,86
3,9,86
3,10,87
3,10,88
3,10,89
3,10,89
3,10,89
3,10,90
2,10,90
2,10,90
2,10,90
2,10,91
3,11,92
3,10,91
3,10,92
3,11,92
3,11,93
3,11,93
3,11,94
3,11,94
3,11,94
3,11,95
3,11,95
2,11,95
2,11,95
2,11,95
1,11,95
1,11,95
1,10,95
2,10,96
2,10,96
2,10,96
2,11,96
2,11,95
2,11,95
2,12,95
2,11,95
3,11,94
2,11,94
2,11,93
2,11,93
2,10,91
2,10,90
1,10,89
1,10,89
2,10,88
2,10,88
2,10,88
3,10,88
3,10,88
3,10,88
2,10,87
2,10,87
2,10,87
2,10,86
2,10,86
2,10,85
2,11,85
2,10,85
2,11,87
2,10,87
2,10,87
2,10,87
2,10,87
2,9,87
3,9,87
3,10,87
3,10,88
3,10,88
3,11,89
3,11,89
3,10,90
3,10,90
3,10,90
2,10,90
2,10,90
3,11,92
3,11,92
3,11,93
3,11,93
3,11,93
3,11,94
3,11,94
3,11,94
3,11,94
3,11,94
3,11,94
3,11,95
3,11,95
3,10,95
3,10,95
3,10,95
3,11,95
3,11,95
3,11,95
3,12,95
3,12,94
3,11,93
3,11,92
3,11,91
3,10,90
2,10,89
2,10,88
1,10,88
1,10,87
2,10,87
2,10,87
3,10,88
3,10,88
3,10,88
3,10,88
2,10,87
2,10,87
2,10,87
2,10,87
2,10,87
2,10,87
2,11,87
2,10,87
2,11,87
2,11,88
2,10,88
2,10,88
3,10,88
3,10,88
3,10,88
3,11,89
3,11,90
3,11,91
3,11,91
3,11,91
3,11,91
3,11,91
3,10,93
3,11,93
3,11,93
3,11,94
3,11,94
3,11,94
3,11,94
3,11,94
3,11,94
3,10,94
3,10,95
3,10,94
3,11,94
3,11,93
4,11,93
4,12,92
4,11,92
4,11,91
4,11,91
3,11,90
3,11,90
2,10,88
2,10,88
2,10,87
2,10,87
2,10,87
2,10,87
3,10,87
3,10,87
3,10,88
3,11,88
3,11,88
3,11,88
3,11,88
2,10,88
2,10,88
3,11,88
3,11,88
2,10,88
3,11,89
3,11,89
3,11,89
3,10,89
3,11,90
3,11,90
3,11,90
4,12,91
4,12,92
3,11,92
3,11,93
3,11,94
3,11,94
3,11,94
3,11,94
3,10,94
3,10,93
3,11,93
3,11,92
4,11,90
4,11,91
4,11,91
4,11,90
4,11,90
3,11,90
3,11,89
3,10,88
2,10,88
2,10,87
2,10,87
2,10,87
2,10,87
2,10,87
2,10,87
3,10,88
3,11,88
3,11,88
3,11,88
3,11,88
3,11,88
3,11,88
3,11,88
3,11,88
3,11,89
3,11,90
3,11,90
3,11,91
3,11,91
3,11,92
3,11,92
3,11,92
3,11,92
3,11,90
3,11,90
4,11,90
4,11,90
4,11,90
4,11,90
4,11,90
4,11,89
3,11,89
3,10,88
3,10,87
3,10,87
3,10,87
3,10,87
3,10,87
3,10,87
3,11,88
3,11,88
3,11,88
3,11,88
3,11,88
3,11,88
3,11,89
3,11,89
3,11,90
3,11,91
3,10,88
