L,A,B
41,159,151
38,160,150
38,159,150
38,159,150
38,159,150
38,159,150
38,159,150
38,159,150
39,159,151
41,159,151
43,160,152
43,160,152
43,160,152
43,161,152
43,161,152
43,162,153
43,162,153
45,162,154
43,162,153
43,162,153
43,161,152
43,161,152
42,161,152
42,161,152
42,161,152
42,161,152
42,160,152
40,159,150
39,159,151
38,158,151
38,160,150
39,160,151
38,160,150
40,160,151
39,160,151
39,160,151
38,160,150
38,160,150
38,160,150
38,160,150
40,159,150
40,159,150
42,160,152
43,160,152
43,161,152
43,162,153
43,162,153
45,162,154
43,162,153
45,162,154
45,162,154
45,162,154
45,162,154
45,162,154
43,162,153
43,162,153
43,162,153
43,162,153
43,161,152
43,161,152
43,160,152
42,160,152
40,159,151
40,159,151
39,159,151
38,158,150
36,159,149
36,157,150
36,158,150
40,159,150
40,159,150
39,160,151
39,160,151
40,160,151
40,160,151
40,160,151
40,160,151
40,160,151
40,160,151
41,160,151
41,160,151
41,160,151
41,160,151
41,160,151
42,160,152
42,161,152
43,160,152
43,162,153
45,162,154
45,162,154
45,162,153
45,162,153
45,162,153
45,162,153
45,162,153
45,162,154
45,162,154
45,162,154
44,162,153
43,162,153
43,162,153
43,162,153
43,162,153
43,162,153
45,162,154
44,161,153
43,161,152
42,160,152
40,159,151
39,159,151
38,158,151
36,159,149
36,158,150
35,157,149
34,157,149
33,157,148
33,157,148
33,157,148
43,160,152
42,161,152
42,160,152
41,159,151
40,159,151
40,160,151
40,160,151
40,160,151
40,160,151
40,160,151
40,160,151
41,160,151
41,160,151
41,160,151
42,161,152
42,161,152
42,161,152
42,161,152
42,161,152
43,160,152
43,161,152
43,162,153
45,162,154
45,162,154
45,162,154
46,162,154
46,162,154
46,163,155
46,163,155
46,163,154
45,163,154
45,162,154
45,162,154
44,162,153
44,162,153
44,162,153
44,162,154
44,162,154
44,162,153
45,163,154
45,163,154
45,162,154
44,161,153
43,161,152
42,160,152
40,159,151
38,158,151
36,159,149
36,158,149
35,157,149
34,157,149
33,157,148
33,157,148
33,157,148
34,157,148
35,156,148
36,157,149
40,160,151
42,161,152
43,160,152
43,160,152
43,161,152
43,161,152
42,161,152
41,160,151
40,160,151
40,160,151
40,160,151
40,160,151
40,160,151
41,160,151
41,160,151
42,161,152
42,161,152
42,161,152
43,161,152
43,161,152
43,161,152
43,161,152
43,162,153
43,162,153
45,162,154
46,162,154
46,162,154
46,163,154
46,163,154
46,163,154
46,163,154
47,163,154
47,163,154
47,163,154
46,163,154
45,163,154
45,163,154
45,162,154
45,162,154
45,163,155
45,163,155
47,163,155
47,163,155
47,163,155
46,163,154
46,162,154
45,162,154
43,161,153
42,159,152
40,159,151
39,159,151
38,159,150
36,159,149
36,158,149
36,158,149
35,157,148
35,157,148
36,156,149
36,156,149
38,158,150
38,158,150
38,158,150
38,158,150
36,157,149
36,159,149
38,159,150
40,160,151
43,160,152
43,161,152
43,162,153
45,162,154
45,162,154
43,162,153
43,161,152
42,161,152
41,160,152
41,160,152
41,160,152
42,161,152
43,161,152
43,161,152
43,162,153
43,162,153
43,162,153
45,162,154
44,162,154
44,162,154
45,163,154
45,163,154
46,163,155
46,163,154
47,163,154
47,163,154
47,163,155
48,163,155
48,163,155
48,163,155
48,164,154
48,164,154
48,163,155
48,163,155
47,163,155
46,163,155
46,163,155
45,163,154
46,164,155
47,163,155
48,163,156
48,164,156
49,163,157
48,163,156
47,163,155
46,162,154
45,162,155
44,161,154
42,161,152
42,159,152
40,159,151
38,160,151
38,160,151
39,160,151
38,160,150
38,160,150
39,159,151
39,159,151
39,159,151
39,159,151
39,159,151
39,159,151
40,159,150
40,159,150
40,159,150
35,157,148
36,158,149
36,157,149
36,159,149
38,159,150
40,160,151
43,161,152
43,162,153
45,162,154
45,162,154
45,162,154
45,162,154
45,162,154
45,162,154
43,162,154
43,162,154
43,162,154
43,162,154
44,162,153
45,162,154
45,163,154
45,163,154
46,163,155
46,163,154
47,163,155
47,163,155
48,163,155
48,164,155
48,164,155
49,163,156
50,164,156
50,164,156
49,163,156
50,164,156
50,164,156
50,164,156
50,164,156
50,164,156
50,164,156
49,163,156
49,163,156
48,163,155
48,163,155
47,163,155
48,164,155
48,164,155
50,165,156
51,165,157
51,165,157
50,164,157
49,163,156
48,163,155
46,163,154
45,162,154
45,162,154
43,162,153
42,161,152
42,161,152
42,161,152
42,161,152
42,161,152
42,161,152
42,161,152
42,161,152
42,160,152
42,160,152
42,160,152
42,160,152
42,160,152
42,160,152
42,160,152
40,159,151
40,159,151
37,159,150
36,157,149
36,158,149
35,157,148
36,158,149
36,159,149
37,159,150
40,160,151
42,161,153
43,162,153
45,162,154
45,162,154
46,163,155
46,163,155
46,162,154
46,162,154
45,163,154
45,163,154
45,163,155
45,163,155
45,163,155
47,163,155
48,163,155
48,164,155
48,164,155
48,164,155
48,164,156
49,165,157
50,165,157
50,166,156
51,166,157
51,165,157
51,165,157
51,165,157
51,165,157
51,165,157
51,165,157
51,165,157
51,165,157
51,165,157
51,165,157
51,165,157
51,165,157
51,165,157
51,165,157
50,164,156
50,164,156
51,165,157
51,165,157
51,165,157
51,165,157
51,165,158
51,165,158
50,164,157
50,164,157
48,163,155
47,163,155
46,163,154
45,162,154
45,162,154
45,162,154
45,162,154
45,162,154
43,162,153
43,162,153
43,162,153
44,161,153
43,161,153
43,161,153
43,161,153
43,161,153
43,161,153
43,161,153
43,161,153
43,161,152
42,160,151
42,160,152
42,160,152
40,159,150
42,160,152
40,159,151
39,159,151
37,159,150
36,157,149
36,158,149
36,157,149
37,159,150
38,159,151
40,160,151
43,161,153
44,162,153
46,163,155
47,163,155
49,163,156
49,163,156
49,163,156
48,163,155
48,163,155
48,163,155
48,163,155
48,163,155
48,163,155
50,165,156
50,165,156
50,166,156
51,165,157
51,165,157
51,165,158
51,165,158
51,165,158
52,165,157
52,166,158
52,166,158
52,166,158
53,166,158
52,166,158
52,166,158
52,166,158
52,166,158
52,165,157
52,166,158
52,165,157
52,166,158
52,165,157
52,165,157
52,165,157
52,165,157
52,165,157
52,165,157
52,165,157
52,165,157
51,165,157
51,165,157
51,165,157
51,165,157
51,165,157
50,164,156
50,164,156
48,163,155
47,163,155
46,163,154
46,163,155
46,163,155
46,163,155
46,163,155
46,163,155
45,162,154
45,162,154
45,162,154
46,162,154
46,162,154
46,162,154
46,162,154
45,162,154
45,162,153
45,162,153
44,161,152
44,161,153
43,161,153
43,160,152
42,161,152
42,160,152
42,161,152
43,160,152
42,161,152
42,160,152
42,159,152
40,159,151
38,158,151
38,159,150
38,159,150
40,160,151
40,160,151
43,161,153
44,162,154
46,163,155
49,163,156
49,163,156
51,165,157
51,165,157
51,165,157
51,165,157
51,165,157
51,165,157
51,165,157
51,165,157
51,165,157
51,165,157
51,165,157
51,165,157
52,165,157
52,166,158
52,166,158
52,166,158
54,166,159
54,166,159
54,167,158
54,167,158
54,167,158
54,167,158
54,167,158
54,167,158
53,166,158
54,167,158
53,166,158
54,167,158
53,166,158
54,167,158
53,166,158
53,166,158
53,166,158
53,166,158
53,166,158
53,166,158
53,166,158
52,166,158
52,166,158
52,166,158
52,165,158
51,165,157
51,165,157
51,165,157
51,165,157
51,165,157
50,164,156
49,163,156
49,163,156
49,163,156
49,163,156
48,163,155
48,163,155
47,163,155
47,163,154
46,163,154
46,163,154
46,163,154
46,163,154
46,163,154
46,163,154
47,163,154
47,163,154
47,163,154
47,163,154
46,163,154
46,162,154
46,162,154
45,162,154
43,161,152
42,161,152
43,161,153
43,161,153
43,160,154
43,162,153
43,162,153
43,162,153
44,161,153
43,161,152
42,160,152
41,160,152
40,160,151
42,161,153
44,162,154
45,162,154
46,163,155
48,163,155
50,164,156
51,165,157
51,165,157
52,165,157
52,165,157
52,166,158
52,166,158
52,166,158
52,166,158
52,166,158
52,166,158
53,166,158
53,166,158
53,166,158
53,166,158
54,166,159
54,166,159
54,167,159
54,167,159
54,167,159
54,167,159
54,167,159
54,167,158
54,167,158
54,167,159
54,167,159
54,167,159
54,167,159
54,167,159
54,167,159
54,167,159
54,167,159
54,167,159
54,167,159
54,167,159
54,167,158
54,167,158
54,166,158
53,166,158
53,166,158
53,166,158
53,166,158
53,166,158
53,166,158
52,166,158
52,166,158
52,166,158
52,165,157
52,165,157
51,165,157
51,165,157
51,165,157
51,165,157
51,165,157
50,164,156
50,164,156
48,163,155
48,163,155
48,163,155
48,163,155
48,163,155
48,163,155
48,163,155
48,163,155
48,163,155
48,163,155
48,163,155
48,163,155
48,163,155
48,163,155
47,163,155
46,163,154
45,162,154
45,162,154
43,161,152
44,162,154
44,162,154
44,162,154
45,162,154
45,162,154
45,162,154
45,162,154
45,162,154
45,162,154
45,162,154
44,161,153
44,161,153
45,162,154
44,162,153
45,163,154
46,163,154
47,164,155
48,164,155
51,165,157
51,165,157
52,165,157
52,165,157
52,166,158
53,166,158
53,166,158
53,166,158
53,166,158
53,166,158
53,166,158
53,166,158
54,167,158
54,167,158
54,167,159
54,167,159
54,167,159
54,167,159
54,167,159
54,167,159
55,167,160
54,167,159
54,167,159
54,167,159
54,167,159
54,167,159
54,167,159
54,167,159
54,167,159
54,167,159
54,167,159
54,167,159
54,167,159
54,167,159
54,167,159
54,167,159
54,167,158
54,167,158
54,167,158
54,167,158
54,166,159
54,166,159
53,166,158
53,166,158
53,166,158
53,166,158
53,166,158
52,166,158
52,166,158
52,165,157
52,165,157
52,165,157
52,165,157
52,165,157
51,165,157
51,165,157
50,164,156
50,164,156
49,163,156
49,163,156
49,163,157
49,163,157
49,163,157
49,163,157
49,163,156
49,163,156
49,163,156
50,164,156
50,164,156
50,164,156
50,164,156
49,163,156
48,163,155
47,163,154
46,163,154
45,162,154
43,161,153
45,162,154
45,162,154
45,162,154
45,162,154
45,162,154
45,162,155
45,162,154
46,162,154
46,162,154
46,163,154
46,163,154
46,163,154
46,163,154
46,163,154
46,163,154
46,163,155
46,163,155
47,164,155
47,164,155
47,164,155
49,165,156
51,165,157
52,165,157
52,166,158
53,166,158
53,166,158
53,166,158
53,166,158
53,166,158
53,166,158
54,167,158
54,167,158
54,167,159
54,167,159
54,167,159
54,167,159
54,167,159
54,167,159
55,167,160
55,167,160
55,167,160
55,167,160
55,167,160
54,167,159
54,167,159
54,167,159
54,167,159
54,167,159
54,167,159
54,167,159
54,167,159
54,167,159
54,167,159
54,167,159
54,167,159
54,167,159
54,167,159
54,167,159
54,167,159
54,167,159
54,167,159
54,167,159
54,167,159
54,167,159
54,166,158
54,167,158
54,166,158
54,166,158
53,166,158
53,166,158
52,166,158
52,166,158
52,165,157
52,165,157
52,165,157
52,165,157
51,165,157
51,165,157
50,164,156
50,164,156
50,164,157
50,164,157
50,164,157
50,164,157
50,164,157
50,164,156
50,164,156
51,165,157
51,165,157
51,165,157
51,165,157
50,164,156
50,164,156
50,164,156
48,164,154
47,163,154
46,162,154
45,162,154
43,161,153
43,162,153
45,162,154
45,162,154
45,162,154
45,163,154
45,163,155
46,163,154
47,163,155
47,163,155
47,163,154
48,163,155
48,163,155
49,163,156
49,163,155
49,163,155
48,164,154
47,163,155
47,163,155
47,163,155
47,163,155
47,164,155
47,164,155
48,165,155
50,166,156
52,165,157
52,165,157
53,166,158
53,166,158
53,166,158
54,166,158
54,167,158
54,167,158
54,167,159
54,167,159
54,167,159
54,167,159
54,167,159
54,167,159
55,167,160
55,167,160
55,167,161
56,167,161
56,167,161
55,167,160
55,167,160
54,167,159
54,167,159
54,167,159
54,167,159
54,167,159
54,167,159
54,167,159
54,167,159
54,167,159
55,167,160
56,167,160
56,167,160
55,167,160
54,167,159
54,167,159
54,167,159
54,167,159
54,167,159
54,167,159
54,167,159
54,167,159
54,167,159
54,167,159
54,167,159
54,167,159
54,167,159
54,167,159
54,167,159
54,167,159
53,166,158
53,166,158
52,166,158
52,166,158
52,166,158
52,165,157
51,165,158
51,165,158
51,165,158
51,165,158
51,165,158
51,165,158
51,165,158
51,165,158
51,165,157
52,165,157
52,165,157
52,165,157
52,165,157
52,165,157
51,165,157
51,165,157
50,164,156
49,163,156
48,163,155
46,162,154
45,162,154
43,161,152
42,161,152
42,161,152
43,161,152
45,162,154
45,162,154
46,163,155
47,163,155
48,163,155
48,163,155
49,163,156
49,163,156
49,163,156
49,163,156
50,164,156
50,164,156
50,164,156
50,164,155
49,163,155
48,163,155
48,163,155
47,163,155
47,163,155
47,164,155
47,164,155
48,165,156
48,165,156
50,165,157
52,165,157
52,166,158
53,166,158
54,166,158
54,167,158
54,167,158
54,167,159
54,167,159
54,167,159
54,167,159
54,167,159
54,167,159
55,167,160
56,167,160
56,167,161
56,167,161
56,167,161
56,167,161
56,167,160
55,167,160
54,167,159
54,167,159
54,167,159
54,167,159
54,167,159
54,167,159
54,167,159
54,167,160
56,167,161
56,167,160
56,167,160
56,168,161
56,168,161
56,167,160
56,167,160
55,167,160
54,167,160
54,167,160
54,167,160
54,167,160
54,167,160
54,167,159
54,167,159
54,167,159
54,167,159
54,167,159
54,167,159
54,167,159
54,167,159
54,167,159
54,167,159
54,167,159
53,166,158
53,166,158
52,166,158
52,166,158
52,166,158
52,166,158
52,166,158
52,166,158
52,166,158
52,166,158
52,166,158
52,166,158
53,166,158
53,166,158
53,166,158
52,166,158
53,166,158
52,166,158
52,166,158
51,165,157
51,165,157
50,164,156
48,163,155
46,162,154
45,162,154
43,161,152
42,161,152
38,159,150
40,160,151
40,160,151
43,161,152
45,162,154
46,163,154
47,164,155
48,163,155
50,165,156
50,165,156
51,165,157
51,165,157
51,165,157
51,165,157
51,165,157
51,165,157
51,165,157
50,164,156
50,164,156
49,163,157
48,163,156
48,163,156
47,163,155
47,164,155
47,164,155
47,164,155
48,165,156
48,165,156
50,165,157
52,165,157
52,166,158
54,166,158
54,167,158
54,167,158
54,167,159
54,167,159
54,167,159
54,167,159
55,167,160
55,167,160
56,167,160
56,167,160
56,167,161
56,167,161
56,167,161
56,167,161
56,167,161
56,167,160
54,167,159
54,167,159
54,167,159
54,167,159
54,167,159
54,167,159
55,167,161
56,167,161
56,167,161
56,168,161
56,168,161
57,167,161
56,168,161
56,168,161
56,167,160
56,167,160
56,167,161
56,167,161
56,167,161
56,167,161
56,167,161
56,167,161
56,167,160
56,167,160
56,167,160
56,167,160
56,167,160
55,167,160
55,167,160
54,167,159
54,167,159
54,167,159
54,167,159
54,167,159
54,167,159
54,167,159
54,167,159
54,167,159
54,167,159
54,167,159
54,167,159
54,167,159
54,167,159
54,167,159
54,167,159
54,167,159
54,167,159
54,167,159
54,167,159
54,167,159
53,166,158
52,166,158
52,166,158
51,165,157
50,164,156
48,163,155
46,162,154
45,162,154
43,160,152
42,161,152
42,160,151
36,158,150
37,158,151
38,159,151
40,160,151
43,161,153
45,162,154
47,164,155
48,164,155
50,165,156
51,166,157
52,165,157
52,166,158
52,166,158
52,166,158
52,166,158
52,166,158
52,165,157
51,165,157
51,165,157
51,165,158
49,165,157
48,164,156
48,163,156
47,163,155
47,163,155
47,164,155
47,164,155
48,165,156
48,165,156
49,165,157
50,165,157
51,166,158
52,166,159
53,167,158
54,167,159
54,167,159
54,167,159
54,167,159
54,167,159
55,167,160
55,167,160
56,167,160
56,167,160
56,167,161
56,168,161
56,168,161
56,168,161
56,168,161
56,167,160
55,167,160
54,167,159
54,167,159
54,167,159
54,167,159
54,167,159
56,167,160
56,167,160
56,168,161
57,168,161
57,168,161
57,168,161
57,168,161
56,168,161
56,168,161
56,167,161
56,167,161
56,167,161
56,167,161
56,167,161
56,167,161
56,167,161
56,167,160
56,167,160
56,167,160
56,168,161
56,168,161
56,168,161
56,168,161
56,168,161
56,167,161
56,167,161
54,167,159
54,167,159
54,167,159
54,167,159
54,167,159
54,167,159
54,167,159
54,167,159
54,167,159
54,167,159
54,167,159
54,167,159
54,167,159
54,167,159
54,167,159
54,167,159
54,167,159
54,167,159
54,167,159
53,166,158
53,166,158
52,165,157
51,165,157
49,163,156
47,163,154
45,162,154
43,161,152
43,160,152
42,160,152
40,160,151
31,156,147
33,156,148
35,158,149
36,158,150
37,158,151
40,160,152
44,162,154
46,163,155
48,164,155
50,166,156
51,165,157
52,166,158
53,166,158
53,166,158
53,166,158
53,166,158
53,166,158
52,166,158
52,166,158
52,165,157
51,165,158
51,165,158
50,165,157
49,165,157
48,164,156
48,163,156
47,163,155
48,163,156
49,163,157
49,165,157
49,165,157
49,165,157
49,165,157
50,165,157
51,166,158
52,166,159
53,167,158
54,167,159
54,167,159
54,167,159
54,167,159
55,167,160
55,167,160
56,167,160
56,167,160
56,167,161
56,168,161
57,168,161
57,168,161
56,168,161
56,168,161
56,167,160
55,167,160
54,167,159
54,167,159
56,167,160
56,167,160
56,167,160
56,168,161
56,168,161
57,168,161
57,168,161
57,168,161
57,168,161
57,168,161
56,168,161
56,168,161
56,167,161
56,167,161
56,167,161
56,167,161
56,167,160
56,167,160
56,168,161
56,168,161
56,168,161
56,168,161
57,168,161
57,168,161
58,168,162
58,168,162
56,168,161
56,168,161
56,167,161
56,167,160
56,167,160
56,167,160
56,167,160
56,168,161
56,168,161
57,168,161
56,168,161
56,167,160
56,167,160
55,167,160
55,167,160
55,167,161
56,167,161
56,167,161
54,167,160
54,167,160
54,167,160
54,167,159
53,166,158
52,166,158
51,165,157
50,164,156
48,163,155
46,163,154
45,162,154
43,161,152
42,160,152
40,160,151
39,159,151
38,159,150
29,155,145
31,155,147
31,156,147
33,156,148
36,158,150
39,159,151
42,161,153
45,162,154
48,163,155
51,165,157
51,165,157
52,166,158
53,166,158
53,166,158
53,166,158
53,166,158
53,166,158
53,166,158
52,166,158
52,166,158
52,165,157
51,165,158
51,165,158
51,166,158
50,164,157
50,164,157
49,163,157
48,163,156
49,163,157
49,163,157
50,164,157
50,164,157
50,165,157
50,165,157
50,165,157
50,165,157
51,166,158
52,166,159
53,166,158
53,167,158
54,167,159
54,167,159
54,167,159
55,167,160
55,167,160
56,167,160
56,167,160
56,168,161
57,168,161
57,168,161
57,168,161
56,168,161
56,167,160
56,167,160
56,167,160
55,167,160
56,167,160
56,167,160
56,167,161
56,168,161
56,168,161
57,168,161
57,168,161
57,168,161
57,168,161
57,167,161
56,168,161
56,168,161
56,167,161
56,167,161
56,167,161
56,167,160
56,168,161
56,168,161
56,168,161
56,168,161
57,168,161
57,168,161
57,168,161
58,168,161
58,168,161
58,168,162
58,168,162
57,168,161
56,168,161
56,168,161
56,168,161
56,168,161
57,168,161
57,168,161
57,168,161
57,168,161
57,168,161
57,168,161
57,168,161
56,168,161
56,167,160
56,167,161
56,167,161
56,167,161
56,167,161
54,167,160
54,167,160
54,167,160
54,167,159
53,166,158
52,165,158
51,165,157
49,163,156
47,163,154
46,162,154
45,162,154
43,161,152
40,160,151
40,160,151
38,160,151
38,158,151
29,154,145
29,154,146
29,155,145
29,155,145
31,156,147
34,158,149
37,159,151
40,160,152
44,162,154
46,163,154
49,163,156
51,165,157
52,165,157
53,166,158
53,166,158
53,166,158
53,166,158
53,166,158
53,166,158
53,166,158
52,166,158
52,166,158
52,165,158
51,165,158
51,165,158
51,165,158
51,165,158
51,165,158
50,164,156
50,164,156
50,164,156
50,164,156
50,164,156
50,164,156
51,165,157
50,165,157
50,165,157
50,165,157
50,165,157
51,165,158
51,166,158
52,167,159
53,166,158
53,167,158
54,167,159
54,167,159
55,167,160
55,167,160
56,167,160
56,168,161
57,168,161
57,168,161
56,168,161
56,168,161
56,167,160
56,167,160
56,167,160
56,167,161
56,167,161
56,167,161
56,167,161
56,168,161
56,168,161
56,168,161
57,168,161
57,168,161
56,168,161
56,168,161
56,168,161
56,168,161
56,167,160
55,167,160
55,167,160
56,167,160
56,168,161
56,168,161
56,168,161
57,168,161
57,168,161
57,168,161
58,168,161
58,168,161
58,168,161
58,168,161
58,168,161
58,168,162
57,168,161
57,168,161
57,168,161
57,168,161
57,168,161
57,168,161
58,168,161
58,168,161
58,168,161
58,168,161
57,168,161
57,168,161
57,168,161
56,168,161
56,167,161
56,167,161
56,167,161
56,167,161
54,167,160
54,167,160
54,167,159
53,166,158
52,166,158
52,165,158
50,164,156
49,163,156
47,163,154
46,162,154
45,162,154
42,161,152
41,160,151
40,160,151
39,159,151
38,158,151
38,158,151
29,154,145
27,155,145
27,155,145
28,154,146
28,156,146
32,156,147
36,157,150
39,159,151
43,161,154
46,163,154
48,163,156
51,165,157
52,165,157
52,166,158
53,166,158
53,166,158
53,166,158
53,166,158
53,166,158
53,166,158
52,166,158
52,166,158
52,166,158
52,165,158
51,165,158
51,165,158
51,165,158
51,165,158
51,165,157
51,165,157
51,165,157
51,165,157
51,165,157
51,165,157
51,165,157
51,165,157
51,165,157
50,165,157
50,165,157
50,165,157
50,165,157
50,165,157
50,165,157
51,166,158
52,166,158
53,166,158
54,166,159
54,167,159
54,167,159
55,167,160
56,167,160
56,168,161
56,168,161
56,168,161
56,168,161
56,168,161
56,167,160
56,167,160
56,167,161
56,167,161
56,167,161
56,167,161
56,167,161
56,168,161
56,168,161
56,168,161
56,168,161
56,168,161
56,168,161
56,167,160
55,167,160
54,167,159
54,167,159
54,167,159
55,167,160
55,167,160
56,168,161
56,168,161
56,168,161
57,168,161
57,168,161
57,168,161
58,168,161
58,168,161
58,168,161
58,168,161
58,168,161
57,168,161
57,168,161
57,168,161
57,168,161
58,168,161
58,168,161
58,169,161
58,169,161
58,169,161
58,169,161
58,168,161
57,168,161
57,168,161
57,168,161
56,168,161
56,168,161
56,167,161
56,167,161
56,167,161
54,167,159
54,167,159
54,167,159
53,166,158
52,166,158
52,165,157
50,164,156
49,163,156
47,163,155
46,163,154
45,162,154
43,161,152
42,160,152
40,159,151
39,159,151
38,158,151
38,158,151
28,152,144
27,154,144
27,155,144
27,155,145
29,155,145
33,155,148
36,157,150
38,159,151
42,161,153
45,163,155
48,163,156
50,164,157
51,165,157
52,165,157
52,166,158
52,166,158
53,166,158
53,166,158
53,166,158
53,166,158
52,166,158
52,166,158
52,166,158
52,166,158
52,165,157
52,165,158
51,165,158
51,165,158
51,165,157
52,165,157
52,165,157
52,165,157
52,165,157
52,165,157
52,166,158
52,166,158
52,165,157
52,165,157
51,165,157
51,165,158
50,165,157
50,165,157
49,165,157
49,165,157
50,165,157
51,165,158
52,166,158
53,166,158
53,167,158
54,167,159
55,167,160
55,167,160
56,167,160
56,168,161
56,168,161
56,168,161
56,168,161
56,168,161
56,167,160
56,167,161
56,167,161
56,167,161
56,167,161
56,167,161
56,167,161
56,167,160
56,167,160
55,167,160
54,167,159
54,167,159
54,167,159
54,167,159
54,167,159
54,167,159
54,167,159
54,167,159
54,167,159
55,167,160
56,167,160
56,168,161
56,168,161
57,168,161
57,168,161
57,168,161
58,168,161
58,168,161
58,168,161
57,168,161
57,168,161
57,168,161
57,168,161
58,168,161
58,168,161
58,169,161
58,169,161
58,169,161
58,169,161
58,169,161
58,169,161
57,168,161
57,168,161
57,168,161
57,168,161
56,168,161
56,168,161
56,168,161
56,168,161
56,167,160
54,167,159
54,167,159
54,167,159
53,166,158
52,166,158
52,165,157
51,165,157
50,164,156
50,164,156
47,163,155
46,162,154
43,161,153
42,160,152
40,159,151
39,159,151
38,158,151
38,158,151
27,153,143
28,152,145
27,154,144
27,155,144
29,155,145
33,156,147
36,157,150
38,160,151
42,161,152
45,161,155
47,163,155
49,163,157
51,165,158
51,165,157
52,166,158
52,166,158
52,166,158
52,166,158
52,166,158
52,166,158
52,166,158
52,166,158
52,166,158
52,166,158
52,166,158
52,166,158
52,165,158
51,165,158
52,165,157
52,165,157
52,165,157
53,166,158
53,166,158
53,166,158
53,166,158
53,166,158
52,166,158
52,166,158
52,166,158
52,165,157
51,165,157
51,165,158
50,165,157
50,165,157
49,165,157
50,165,157
50,165,157
51,165,158
52,166,158
53,166,158
53,167,158
54,167,159
55,168,160
56,167,160
56,168,161
56,168,161
56,168,161
56,168,161
56,167,160
56,167,161
56,167,161
56,167,161
56,167,161
56,167,161
56,167,161
56,167,161
56,167,161
54,167,159
54,167,159
54,167,159
54,167,159
54,167,159
54,167,159
54,167,159
54,166,159
54,167,159
54,167,159
54,167,159
54,167,159
54,167,159
55,167,160
56,167,160
56,168,161
57,168,161
57,168,161
57,168,161
57,168,161
57,168,161
57,168,161
57,168,161
57,168,161
57,168,161
58,168,161
58,168,161
58,169,161
58,169,161
58,169,161
58,169,161
58,169,161
58,169,161
58,169,161
58,168,161
57,168,161
57,168,161
57,168,161
57,168,161
56,168,161
56,168,161
56,168,161
56,168,161
55,167,160
54,167,159
54,167,159
54,167,159
53,166,158
52,166,158
52,165,157
51,165,157
50,165,156
47,163,154
46,162,154
44,161,153
42,161,152
40,159,151
39,159,151
38,158,151
38,158,151
27,153,144
27,153,144
27,155,144
27,154,144
29,155,145
33,156,147
36,157,149
38,159,150
42,159,152
45,161,155
47,163,155
49,163,157
50,164,157
51,165,158
52,165,157
52,166,158
52,166,158
52,166,158
52,166,158
52,166,158
52,166,158
52,166,158
52,166,158
52,166,158
52,166,158
52,166,158
52,166,158
52,166,158
52,165,158
52,165,158
52,166,158
53,166,158
54,166,158
54,166,158
54,166,158
54,166,158
53,166,158
53,166,158
53,166,158
52,166,158
52,166,158
52,165,157
51,165,157
51,165,157
50,165,156
50,165,156
50,165,157
50,165,157
51,165,158
51,166,158
52,166,159
53,166,158
53,167,158
54,167,159
55,167,160
56,167,160
56,168,161
56,168,161
56,168,161
56,168,161
56,167,161
56,167,161
56,167,161
56,167,161
56,167,161
56,167,161
55,167,161
54,167,160
54,167,159
54,167,159
54,167,159
54,167,159
54,167,159
54,167,159
54,166,159
54,166,159
54,166,159
54,166,159
54,166,159
54,166,159
54,166,159
53,166,158
53,167,158
54,167,159
56,167,160
56,168,161
56,168,161
56,168,161
56,168,161
56,168,161
56,168,161
57,168,161
57,168,161
58,168,161
58,168,161
58,169,161
58,169,161
58,169,161
58,169,161
58,169,161
58,169,161
58,169,161
58,169,161
58,168,161
57,168,161
57,168,161
58,168,161
58,168,161
58,168,161
58,168,161
57,168,161
56,168,161
56,168,161
55,167,160
54,167,159
54,167,158
53,166,158
52,166,158
52,166,158
52,165,157
51,164,156
50,164,155
46,163,154
45,162,154
42,160,152
40,159,151
38,160,151
38,158,150
38,158,150
30,154,145
28,152,145
28,152,145
27,153,144
27,154,144
29,154,145
33,156,147
36,157,149
38,159,150
42,159,152
45,161,155
47,163,155
48,163,156
50,164,157
51,165,158
51,165,158
52,166,158
52,166,158
52,166,158
52,166,158
52,166,158
52,166,158
52,166,158
52,166,158
52,166,158
52,166,158
52,166,158
52,166,158
52,166,158
52,166,158
52,166,158
52,166,158
53,166,158
54,166,159
54,166,158
54,166,158
54,166,158
54,166,158
54,166,158
54,166,158
54,166,158
53,166,158
53,166,158
52,166,158
52,166,158
51,165,157
51,165,157
51,165,157
51,165,157
51,166,157
51,166,158
51,166,158
52,166,159
52,166,159
53,166,158
53,167,158
54,167,159
55,167,159
56,167,160
56,168,161
56,168,161
56,168,161
56,168,161
56,167,161
56,167,161
56,167,161
56,167,161
55,167,161
54,167,160
54,167,160
54,167,159
54,167,159
54,167,159
54,167,159
54,167,159
54,166,159
54,166,159
53,166,158
52,166,158
52,166,158
52,166,158
52,166,158
51,166,158
51,166,158
51,166,158
52,166,159
53,166,158
53,167,158
54,167,159
54,167,159
54,167,159
54,167,159
54,167,159
56,167,160
56,167,160
56,168,161
58,168,161
58,168,161
58,169,161
58,169,161
58,169,161
58,169,161
58,169,161
58,169,161
58,169,161
58,169,161
58,168,161
58,168,161
58,169,161
58,169,161
58,169,161
58,168,161
58,168,161
58,168,161
57,168,161
56,168,161
55,167,160
54,167,158
54,167,158
53,166,158
53,166,158
52,166,158
52,165,157
51,165,157
50,164,156
47,163,154
45,162,154
42,161,152
40,159,150
39,159,151
38,158,151
38,158,150
38,158,150
32,155,146
31,154,146
29,153,145
28,152,145
28,152,145
30,154,145
32,155,146
36,158,149
38,159,150
40,159,151
43,161,153
45,163,155
47,163,155
49,163,157
50,164,157
51,165,158
52,166,158
52,166,158
52,166,158
52,166,158
53,166,158
53,166,158
52,166,158
52,166,158
52,166,158
52,166,158
52,166,158
53,166,158
53,166,158
53,166,158
53,166,158
53,166,158
53,166,158
54,166,159
53,167,158
54,167,159
54,167,158
54,167,158
54,167,158
54,167,158
54,167,158
54,167,158
54,167,158
54,166,158
53,166,158
53,166,158
52,166,158
52,166,158
52,165,157
52,165,157
52,165,157
52,165,157
52,166,158
52,166,158
52,166,158
53,166,158
53,167,158
54,167,159
54,167,158
55,167,160
56,167,160
56,168,161
56,168,161
56,168,161
56,167,161
56,167,161
56,167,161
56,167,161
55,167,161
54,167,160
54,167,159
54,167,159
54,167,159
54,167,159
54,167,159
54,167,159
54,167,159
54,166,159
53,166,158
52,166,158
52,166,158
52,166,158
52,165,157
51,166,158
50,165,157
50,165,157
50,165,157
50,165,157
50,165,157
50,165,157
50,165,157
51,166,158
54,166,159
54,167,159
54,167,159
56,167,160
56,167,160
57,168,161
58,168,161
58,169,161
58,169,161
58,169,161
58,169,161
58,169,161
58,169,161
59,169,162
59,169,162
59,169,162
58,169,161
58,169,161
58,169,161
58,169,161
58,169,161
58,169,161
58,168,161
58,168,161
57,168,161
56,168,160
56,167,160
54,167,158
54,167,158
53,166,158
53,166,158
52,166,158
52,165,157
51,165,157
50,164,156
46,163,154
45,162,154
42,161,152
40,159,150
39,159,151
38,158,151
38,158,150
38,158,150
36,158,148
34,156,147
31,156,146
31,154,146
29,154,145
31,156,146
32,155,146
35,157,148
37,159,150
39,159,151
42,161,152
45,161,155
46,164,155
48,163,156
50,164,157
51,165,158
52,165,157
52,166,158
52,166,158
52,166,158
53,166,158
53,166,158
53,166,158
53,166,158
53,166,158
53,166,158
53,166,158
53,166,158
53,166,158
54,166,158
54,167,158
54,167,158
54,167,159
54,166,159
54,167,159
53,167,158
54,167,159
54,167,158
54,167,158
54,167,158
54,167,159
54,167,158
54,167,159
54,167,158
54,167,158
54,167,158
54,167,158
53,166,158
53,166,158
52,166,158
52,166,158
52,166,158
52,166,158
52,166,158
52,166,158
53,166,158
54,166,159
54,166,159
54,167,159
54,167,159
54,167,159
55,167,160
56,167,160
56,167,160
56,167,161
56,167,161
56,167,161
56,167,161
56,167,161
55,167,161
54,167,160
54,167,160
54,167,159
54,167,159
54,167,159
54,167,159
54,167,159
54,167,159
54,167,159
53,166,158
53,166,158
52,166,158
52,166,158
52,165,157
52,165,157
50,165,157
50,165,157
50,165,157
50,165,157
50,165,157
50,165,157
50,165,157
51,166,158
51,166,158
54,166,159
54,167,159
55,167,160
56,167,160
56,168,161
57,168,161
58,168,161
58,169,161
58,169,161
59,169,163
59,169,163
59,169,163
59,169,162
60,170,162
60,170,162
59,169,162
59,169,162
59,169,162
58,169,161
58,169,161
58,169,161
58,169,161
58,168,161
58,168,161
58,168,161
56,168,160
56,167,160
54,167,158
54,167,158
54,166,158
53,166,158
52,166,158
52,165,157
51,165,157
49,163,156
46,163,154
45,162,154
42,161,152
40,159,151
39,159,151
38,158,150
38,158,150
38,158,150
38,159,150
36,157,149
36,158,148
33,157,147
32,155,146
32,155,146
34,157,148
35,157,148
37,159,150
38,159,150
40,160,151
42,161,153
45,161,155
46,164,155
48,163,156
50,165,157
51,165,158
52,165,157
52,166,158
52,166,158
52,166,158
53,166,158
53,166,158
54,167,158
54,167,158
54,167,158
54,167,159
54,167,159
54,167,159
54,167,159
54,167,159
55,167,160
55,167,160
55,167,160
54,167,159
54,167,159
54,167,159
54,167,159
56,167,160
56,167,160
56,167,160
56,168,160
56,167,160
56,167,160
56,167,160
55,167,159
54,167,159
54,167,159
54,167,158
54,167,158
54,166,158
54,166,158
53,166,158
53,166,158
53,166,158
54,167,158
54,167,158
54,167,159
54,167,159
54,167,159
54,167,159
54,167,159
55,167,160
56,167,160
56,167,160
56,167,161
56,167,161
56,167,161
56,167,161
56,167,161
56,167,161
54,167,160
54,167,160
54,167,159
54,167,159
54,167,159
54,167,159
54,167,159
54,167,159
54,167,159
54,167,158
53,166,158
53,166,158
53,166,158
52,166,158
52,165,157
51,166,157
50,165,157
50,165,157
50,165,157
50,165,157
50,165,157
50,165,157
51,166,158
51,166,158
54,166,159
54,167,159
55,167,160
56,167,160
56,168,161
57,168,161
58,168,161
58,169,161
59,169,163
59,169,163
59,169,163
59,169,163
60,170,162
60,170,162
60,170,162
60,170,162
60,170,162
60,170,162
60,170,162
59,169,162
59,169,162
58,169,161
58,169,160
58,169,160
58,168,161
58,168,160
56,167,160
54,167,159
54,167,159
54,167,159
54,166,159
53,166,158
52,166,158
52,165,157
51,165,157
49,163,156
46,163,154
45,162,154
42,161,152
41,159,151
39,159,151
38,158,150
38,158,150
38,158,150
38,160,150
38,160,150
38,159,150
37,159,149
36,157,149
35,157,148
35,157,148
36,158,148
38,159,150
38,159,150
38,160,151
40,160,151
42,161,153
44,162,154
45,163,155
47,163,155
49,165,157
50,165,157
51,165,157
52,166,158
52,166,158
52,166,158
53,166,158
54,167,158
54,167,158
54,167,158
54,167,158
54,167,159
54,167,159
54,167,159
55,167,160
55,167,160
56,167,160
56,167,160
55,168,160
56,167,160
55,168,160
56,168,161
57,168,161
58,168,161
58,168,161
58,168,161
58,169,160
58,168,161
58,168,161
58,168,161
57,168,160
56,167,160
55,167,159
54,167,159
54,167,159
54,167,158
54,167,158
54,167,158
54,167,158
54,167,158
54,167,158
54,167,159
54,167,159
54,167,159
54,167,159
54,167,159
55,167,160
56,167,160
56,167,160
56,168,161
56,168,161
56,168,161
56,167,161
56,167,161
56,167,161
56,167,161
56,167,161
55,167,160
54,167,159
54,167,159
55,167,160
55,167,160
55,167,160
55,167,159
55,167,159
55,167,159
54,167,159
54,167,159
54,167,159
54,167,158
54,166,158
52,166,158
52,166,158
52,166,158
52,166,158
52,165,157
52,165,157
51,166,158
51,166,158
54,166,159
54,167,159
54,167,159
55,167,160
56,168,161
56,168,161
58,168,161
58,169,161
58,169,161
59,169,162
59,169,162
60,170,162
60,170,162
60,170,162
61,170,163
61,170,163
61,170,163
61,170,163
61,170,163
60,170,162
60,170,162
59,169,162
59,169,162
59,169,161
59,169,161
58,168,161
58,168,161
57,168,161
56,167,160
54,167,159
54,167,159
54,167,159
54,167,159
53,166,158
52,166,158
52,165,157
50,164,156
47,163,155
46,163,154
45,162,154
42,161,152
41,159,151
39,159,151
38,158,151
38,158,150
36,158,149
40,160,151
40,160,151
40,160,151
40,160,151
40,160,151
40,160,151
40,160,151
39,160,151
38,159,150
38,159,150
38,160,150
40,160,151
40,160,151
41,160,152
44,162,154
45,163,155
46,163,155
47,163,155
50,165,157
51,166,158
52,165,157
52,166,158
52,166,158
54,167,158
54,167,158
54,167,158
54,167,159
54,167,159
54,167,159
55,167,160
56,167,160
56,167,160
56,167,160
56,167,160
56,168,161
56,168,160
56,168,161
57,168,161
58,168,161
58,169,161
58,169,161
59,169,161
59,169,161
59,169,161
59,169,161
59,169,161
59,169,161
58,169,160
57,168,160
56,168,161
55,167,160
54,167,159
54,167,159
54,167,159
54,167,159
54,167,159
54,167,159
54,167,159
54,167,159
54,167,159
54,167,159
54,167,159
56,167,160
56,168,161
56,168,161
56,168,161
56,168,161
56,168,161
56,168,161
56,168,161
56,168,161
56,167,161
56,167,161
56,167,160
56,167,160
56,167,160
56,167,160
56,167,160
56,167,160
56,167,160
56,167,160
56,167,160
56,167,160
56,168,160
55,167,159
55,167,159
55,167,159
54,167,159
54,167,158
54,167,158
54,167,158
54,167,158
54,167,158
54,167,158
54,167,158
54,167,159
54,167,159
54,167,159
55,167,160
56,167,160
56,168,161
58,168,161
58,168,161
58,169,161
59,169,162
59,169,162
60,170,162
60,170,162
60,170,162
60,171,163
61,170,163
61,170,163
61,170,163
61,170,163
61,170,163
60,171,163
60,170,162
60,170,162
60,170,162
59,169,161
59,169,161
59,169,161
58,168,161
58,168,161
57,168,161
56,167,160
54,167,159
54,167,159
54,167,159
54,167,158
53,166,158
52,166,158
52,165,158
51,164,157
48,163,155
46,163,154
45,162,154
43,160,152
42,160,152
39,159,151
38,158,151
38,158,150
36,156,149
40,160,151
40,160,151
40,160,151
42,161,152
42,161,152
43,162,153
45,162,154
45,162,153
42,161,152
42,160,152
40,159,150
40,160,151
40,160,151
41,160,152
42,161,152
43,162,154
45,162,154
46,163,155
46,163,155
47,164,155
50,165,157
51,166,157
52,165,157
52,166,158
53,166,158
54,167,158
54,167,159
54,167,159
55,167,159
56,167,160
56,167,160
56,168,161
56,167,160
56,168,161
56,168,161
56,168,161
57,168,162
58,169,161
58,169,161
58,169,161
59,169,162
59,169,162
59,169,162
59,169,162
60,169,161
60,169,161
59,169,161
59,169,161
59,169,161
58,169,161
58,168,161
56,168,161
56,167,160
55,167,160
54,167,159
54,167,159
54,167,159
54,167,159
54,167,159
54,167,159
54,167,159
54,167,159
56,167,160
56,168,161
56,168,161
56,168,161
57,168,161
57,168,161
57,168,161
57,168,161
57,168,161
57,168,161
57,168,161
57,168,161
57,168,161
56,168,161
56,168,161
56,168,161
56,167,160
56,167,160
56,167,160
56,168,161
56,168,160
57,168,160
57,168,160
57,168,160
57,168,160
56,168,160
56,167,160
55,167,159
55,167,159
54,167,159
54,167,159
54,167,159
54,167,159
54,167,159
54,167,159
54,167,159
55,167,160
56,167,160
56,168,161
57,168,161
58,168,161
58,169,161
59,169,162
59,169,162
60,170,162
60,170,162
60,171,163
60,171,163
60,171,163
61,170,163
61,170,163
61,170,163
61,170,163
61,170,163
60,171,163
60,171,163
60,170,162
60,170,162
59,169,162
59,169,162
59,169,161
58,169,161
58,169,161
58,168,161
57,168,161
56,168,161
54,167,159
54,167,159
54,167,159
54,167,159
53,166,158
52,166,158
52,165,158
51,164,157
50,164,156
47,163,154
46,162,154
43,162,153
42,160,152
39,159,151
38,158,150
36,156,149
36,156,149
39,159,151
40,160,151
40,160,151
42,161,152
43,161,153
45,162,154
45,162,154
46,163,154
46,163,154
45,162,153
45,162,154
43,160,152
42,161,152
41,160,151
42,161,152
42,161,152
43,161,153
45,162,154
46,163,155
46,163,155
47,164,155
48,165,156
50,165,157
51,166,157
52,166,158
53,166,158
54,167,158
54,167,159
55,167,159
56,167,160
56,167,160
56,168,161
56,168,161
57,168,161
57,168,161
58,168,162
58,169,162
58,169,162
59,169,163
59,169,162
59,169,162
59,169,162
59,169,162
60,170,162
60,170,162
60,170,162
60,170,162
60,170,162
60,170,162
59,169,162
59,169,162
58,168,161
57,168,161
56,168,161
56,167,160
56,167,160
54,167,159
54,167,159
54,167,159
54,167,159
54,167,159
54,167,159
56,167,160
56,168,161
56,168,161
56,168,161
56,168,161
57,168,161
57,168,161
58,168,161
58,168,161
58,168,161
58,168,161
58,168,161
58,168,161
58,168,161
57,168,161
57,168,161
57,168,161
57,168,161
57,168,161
57,168,161
58,168,161
58,168,161
58,168,161
58,168,161
58,168,161
58,168,161
57,168,160
57,168,160
56,168,160
56,168,160
56,167,160
56,167,160
56,167,160
56,167,160
56,167,160
56,167,160
56,167,160
56,167,160
56,168,161
57,168,161
58,168,161
58,169,161
59,169,162
59,169,162
60,170,162
60,170,162
60,171,163
60,171,163
60,171,163
61,171,163
61,170,163
61,170,163
61,170,163
61,170,163
61,170,163
61,170,163
60,171,163
60,171,163
60,170,162
60,170,162
60,170,162
59,169,162
58,169,161
58,169,161
58,169,161
58,168,161
57,168,161
56,168,161
56,167,160
54,167,159
54,167,159
54,167,159
53,166,158
52,166,158
53,165,157
51,164,157
50,164,156
47,163,155
46,163,154
43,162,153
42,159,152
38,158,151
37,158,150
36,158,149
36,156,149
38,160,151
40,160,151
40,160,151
42,161,152
43,161,153
44,162,154
45,163,155
48,163,155
49,163,155
49,163,155
48,164,154
46,163,154
45,162,154
43,160,152
42,161,152
42,161,152
42,161,153
43,162,154
45,162,154
46,163,155
46,163,155
46,163,155
47,164,155
48,165,156
50,165,157
52,165,157
52,166,158
54,167,158
54,167,159
55,167,159
56,167,160
56,168,161
56,168,161
57,168,161
58,168,161
58,168,161
58,169,161
58,169,161
59,169,163
59,169,163
59,169,163
59,169,162
59,169,162
60,170,162
60,170,162
60,170,162
60,170,162
60,170,162
60,170,162
60,170,162
59,169,162
59,169,162
58,169,161
57,168,161
57,168,161
56,168,161
56,167,160
56,167,160
54,167,159
54,167,159
54,167,159
54,167,159
54,167,159
56,167,160
56,167,160
56,168,161
56,168,161
57,168,161
57,168,161
58,168,161
58,169,161
58,169,161
58,169,161
58,169,161
58,168,161
58,168,161
58,168,161
58,168,161
58,168,161
58,168,161
58,168,161
58,168,161
58,168,161
58,169,161
58,169,161
58,169,161
58,169,161
58,169,161
58,169,161
58,168,161
58,168,161
57,168,160
56,168,160
56,168,160
56,167,160
56,167,160
56,167,160
56,167,160
56,167,160
56,167,160
56,168,161
57,168,161
57,168,161
58,168,161
58,169,161
59,169,162
60,170,162
60,170,162
60,171,163
60,171,163
61,171,163
61,171,163
61,171,163
61,170,163
62,170,164
62,170,164
62,170,164
62,170,164
61,170,163
60,171,163
60,171,163
60,171,163
60,171,163
60,170,162
60,170,162
60,170,162
59,169,162
58,169,161
58,169,161
58,168,161
58,168,161
56,168,161
56,167,160
55,167,160
54,167,159
54,167,159
54,167,159
53,166,158
53,165,157
52,165,158
51,164,157
49,163,156
46,163,154
43,161,152
40,159,151
39,158,151
37,158,150
37,158,150
37,158,150
38,159,150
39,159,151
40,160,151
42,161,152
43,161,153
44,162,154
45,163,155
48,163,155
50,164,156
51,165,157
51,165,156
50,164,155
48,163,155
46,163,154
45,162,154
43,161,152
43,161,153
43,161,153
44,162,154
45,162,154
46,163,155
46,163,155
46,163,155
47,164,155
47,164,155
49,165,157
51,166,158
52,166,158
53,166,158
54,167,159
54,167,159
56,168,161
56,168,161
57,168,161
58,168,161
58,168,161
58,169,161
59,169,162
59,169,162
59,169,162
59,169,163
59,169,163
59,169,163
60,170,162
60,170,162
60,170,162
60,170,162
60,170,162
60,170,162
60,170,162
60,170,162
60,170,162
59,169,162
58,169,161
58,168,161
57,168,161
57,168,161
56,168,161
56,167,160
56,167,160
55,167,160
54,167,159
55,167,160
55,167,160
56,167,160
56,167,160
56,168,161
56,168,161
57,168,161
58,168,161
58,169,161
58,169,161
58,169,161
58,169,161
58,169,161
58,169,161
58,169,162
58,169,162
58,169,162
58,169,161
58,169,161
58,169,161
58,169,161
58,169,161
58,169,161
58,169,161
58,169,161
58,169,161
58,169,161
58,169,161
58,169,161
58,168,161
58,168,161
57,168,161
56,168,161
56,168,161
56,168,161
56,167,160
56,167,160
56,167,160
56,168,161
57,168,161
57,168,161
58,169,161
58,169,161
59,169,162
59,169,162
60,170,162
60,171,163
60,171,163
61,171,163
61,171,163
61,171,163
61,171,164
61,171,163
62,170,164
62,170,164
62,170,164
62,170,164
61,171,163
61,171,163
60,171,163
60,171,163
60,171,163
61,171,163
61,171,163
61,171,163
61,170,163
61,170,163
60,170,162
59,169,162
58,169,161
58,168,161
56,168,161
56,167,161
56,167,161
54,167,160
54,167,159
54,167,159
54,167,158
54,166,158
53,165,157
52,165,157
49,163,156
45,162,154
43,161,152
40,159,151
38,158,151
38,158,150
38,158,150
38,158,150
39,159,151
40,160,151
42,161,152
43,161,153
44,162,154
45,163,155
47,163,155
49,163,156
51,165,157
51,165,157
51,165,157
52,165,157
50,164,156
48,163,155
46,163,154
45,162,154
44,162,154
44,162,154
45,162,154
46,163,155
46,163,155
46,163,155
47,164,155
47,164,155
48,164,156
50,165,157
51,166,158
52,166,158
53,166,158
54,167,159
55,167,160
56,168,161
56,168,161
57,168,161
58,168,161
58,169,161
58,169,161
59,169,162
59,169,162
59,169,162
59,169,162
59,169,162
60,170,162
60,170,162
60,170,162
60,170,162
60,170,162
60,170,162
60,170,162
60,170,162
60,170,162
60,170,162
59,169,162
59,169,162
58,169,161
58,168,161
57,168,160
57,168,160
57,168,160
56,168,160
56,167,160
55,167,159
55,167,159
56,167,160
56,167,160
56,168,161
56,168,161
57,168,161
58,168,161
58,169,161
58,169,161
58,169,161
58,169,161
58,169,161
58,169,161
58,169,162
58,169,162
58,169,162
58,169,162
58,169,162
58,169,161
58,169,161
58,169,161
59,169,162
59,169,162
59,169,162
59,169,162
59,169,162
58,169,161
58,169,161
58,169,161
58,169,161
58,168,161
58,168,161
57,168,161
57,168,161
56,168,161
56,168,161
56,168,161
57,168,161
57,168,161
58,168,161
58,168,161
58,169,161
59,169,162
59,169,162
60,170,162
60,170,162
60,171,163
60,171,163
61,171,163
62,171,164
62,171,164
62,171,164
62,171,163
62,170,164
62,170,164
62,170,164
62,170,164
62,170,164
61,171,163
61,171,163
61,171,163
61,171,163
61,171,163
61,170,163
61,170,163
61,170,163
61,170,163
61,170,163
60,170,162
59,169,162
59,169,162
58,168,161
57,168,161
56,168,161
56,167,161
56,167,161
56,167,161
55,167,160
54,167,159
54,167,158
54,165,157
52,165,157
49,163,156
45,162,154
43,161,152
40,159,151
38,158,151
38,158,151
38,158,151
39,159,151
40,160,151
42,161,152
43,161,153
44,162,154
45,163,155
47,163,155
49,163,157
51,165,157
51,165,157
52,165,157
52,165,157
52,165,157
52,165,157
50,164,156
48,163,155
47,163,155
46,163,155
46,163,155
47,163,155
47,164,155
47,163,155
47,163,155
47,163,155
48,164,156
49,165,157
50,165,157
51,166,158
52,166,158
54,166,159
54,167,159
56,167,160
56,168,161
57,168,161
58,168,161
58,169,161
58,169,161
59,169,162
59,169,162
60,170,162
60,170,162
60,170,162
60,170,163
60,170,163
60,170,162
60,170,162
60,170,162
60,170,162
60,170,162
60,170,162
60,170,162
60,170,162
60,170,162
60,170,162
59,169,162
59,169,162
58,169,161
58,168,161
58,168,161
57,168,160
57,168,160
57,168,160
57,168,160
57,168,160
57,168,160
56,168,160
56,168,160
57,168,161
57,168,161
58,169,161
58,169,161
58,169,161
59,169,162
60,170,162
60,170,162
60,170,162
60,170,163
60,170,163
59,169,163
59,169,163
59,169,163
59,169,163
60,170,162
60,170,162
60,170,162
60,170,162
60,170,162
60,170,162
59,169,162
59,169,162
59,169,162
59,169,162
58,169,161
58,169,161
58,168,161
58,168,161
57,168,161
57,168,161
57,168,161
58,168,162
58,168,162
58,168,161
58,169,161
58,169,161
59,169,162
59,169,162
60,170,162
60,170,162
60,171,163
61,171,163
61,171,163
62,171,164
62,171,164
62,171,163
62,171,163
62,171,163
62,171,163
62,171,163
62,171,163
62,171,163
62,170,164
62,171,163
62,171,164
62,171,164
62,171,164
62,171,163
62,170,164
62,170,164
62,170,164
61,170,163
61,170,163
61,170,163
61,170,163
59,169,162
59,169,162
58,168,162
58,168,162
57,168,161
57,168,161
57,168,161
57,168,161
56,168,161
55,167,159
54,167,159
54,165,157
51,165,156
47,163,155
45,162,154
43,161,152
41,160,151
39,159,151
38,159,150
38,159,150
39,159,151
40,160,151
41,160,152
43,161,153
43,162,154
45,163,155
47,163,155
49,163,157
50,164,156
51,165,157
51,165,157
52,165,157
52,165,157
52,166,158
52,166,158
52,165,157
51,165,157
50,164,156
48,163,155
48,163,155
48,163,155
48,164,155
48,164,155
48,164,155
49,163,157
50,164,157
50,165,157
51,166,158
51,166,158
53,166,158
54,167,159
55,167,160
56,168,161
57,168,161
58,168,161
58,169,161
59,169,162
59,169,162
59,169,162
60,170,162
60,170,162
60,170,162
60,170,163
60,170,163
60,170,163
60,171,163
60,171,163
60,171,163
60,171,163
60,170,162
60,170,162
60,170,162
60,170,162
60,170,162
60,170,162
60,170,162
60,170,162
59,169,162
58,169,161
59,169,161
58,168,161
58,168,161
57,168,160
57,168,160
57,168,160
57,168,160
57,168,160
57,168,160
58,168,161
58,169,161
58,169,161
58,169,161
59,169,162
60,170,162
60,170,162
60,171,163
60,171,163
61,170,163
61,170,163
61,170,163
60,170,163
60,170,163
60,170,162
60,171,163
60,171,163
61,170,163
61,170,163
61,170,163
61,170,163
61,170,163
61,170,163
61,170,163
60,169,163
59,169,162
58,169,161
58,169,161
58,169,161
58,168,161
58,168,162
58,168,162
58,168,162
58,168,162
58,169,161
59,169,162
59,169,162
59,169,162
59,169,162
60,170,162
60,171,163
61,171,163
61,171,163
62,171,164
63,171,163
63,171,164
63,171,164
63,171,164
63,171,164
63,171,164
63,171,164
63,171,164
63,171,164
62,171,163
63,171,164
63,171,164
63,171,164
62,171,164
62,171,164
62,171,164
62,171,163
62,170,164
62,170,164
62,170,164
62,170,164
61,170,163
61,170,163
60,170,162
59,169,162
58,169,161
58,168,162
58,168,162
58,168,162
58,168,162
57,168,161
57,168,161
55,167,159
55,167,159
53,166,158
51,165,157
47,163,155
45,162,154
43,161,152
41,160,151
38,160,151
38,159,150
38,158,151
39,159,151
40,160,151
41,160,152
42,161,153
43,162,154
45,163,155
47,163,155
48,163,156
49,165,156
50,166,156
51,165,157
51,165,157
52,165,157
52,165,157
52,166,158
52,166,158
52,166,158
52,166,158
52,166,158
52,165,157
51,165,157
51,165,157
51,166,157
51,165,157
51,165,157
51,165,157
51,165,157
52,165,158
52,166,158
53,166,158
54,167,159
54,167,159
56,168,161
56,168,161
58,168,161
58,169,161
59,169,162
59,169,162
59,169,162
60,170,162
60,170,162
60,170,163
60,170,163
60,170,163
60,170,163
60,170,163
60,170,163
60,170,163
60,171,163
60,171,163
60,171,163
60,171,163
60,171,163
60,170,162
60,170,162
60,170,162
60,171,163
60,171,163
60,171,163
60,171,163
60,170,162
59,169,162
59,169,161
59,169,161
59,169,161
58,169,160
59,169,161
59,169,161
58,169,161
58,169,161
58,169,161
58,169,161
59,169,162
60,170,162
60,171,163
60,171,163
61,171,163
61,170,163
62,170,164
62,170,164
62,170,164
62,170,164
61,170,163
61,170,163
61,170,163
62,170,164
63,170,163
63,170,163
63,170,163
62,170,163
62,170,164
61,170,163
61,170,163
61,170,163
60,171,163
60,170,162
59,169,162
58,169,161
58,169,162
58,169,162
58,169,162
58,169,162
58,169,162
59,169,162
59,169,162
59,169,162
60,170,162
60,170,162
60,171,163
61,171,163
61,171,163
62,171,164
63,171,163
63,171,164
63,171,164
63,172,164
63,172,164
63,172,164
63,172,164
63,171,164
63,171,164
63,171,164
63,171,164
63,171,164
63,171,164
63,171,164
63,171,164
62,171,163
62,171,163
62,171,163
62,171,163
62,170,164
62,170,164
62,170,164
62,170,164
61,170,163
61,170,163
60,170,162
59,169,162
58,169,162
58,169,162
58,169,162
58,169,162
58,168,162
57,168,161
57,168,160
55,167,159
54,166,158
52,165,157
50,163,156
47,163,154
45,162,154
42,160,152
39,159,151
38,160,151
38,159,150
38,158,151
39,159,151
40,160,151
40,160,151
42,161,152
43,162,154
45,161,155
47,163,155
48,164,156
48,164,155
50,166,156
51,166,157
51,166,157
51,165,157
52,165,157
52,166,158
52,166,158
52,166,158
53,166,158
53,166,158
54,167,158
54,167,158
54,167,158
54,167,158
54,166,158
52,166,158
52,166,158
52,166,158
53,166,158
53,166,158
54,166,159
54,167,159
54,167,159
56,168,161
56,168,161
57,168,161
58,169,161
58,169,161
59,169,162
59,169,162
59,169,163
60,170,163
60,170,163
60,170,163
60,170,163
60,170,163
60,170,163
60,170,163
60,170,163
60,170,163
60,170,163
60,170,163
61,170,164
61,170,164
61,171,163
61,171,163
61,171,163
61,171,163
61,171,163
61,171,163
61,170,163
61,171,163
61,171,163
60,170,162
60,170,162
59,169,162
59,169,161
59,169,161
59,169,161
59,169,162
59,169,162
58,169,161
59,169,162
59,169,162
60,170,162
60,171,163
60,171,163
61,170,163
62,170,164
62,170,164
62,170,164
62,170,164
62,170,164
62,170,164
62,170,164
62,170,164
63,171,164
63,170,164
63,170,164
63,170,164
63,170,164
63,170,163
62,171,163
62,170,164
61,170,163
61,170,163
61,170,163
60,170,162
60,170,162
59,169,162
58,169,162
58,169,162
58,169,162
58,169,162
58,169,162
59,169,162
59,169,162
59,169,162
60,170,162
60,171,163
61,171,163
61,171,163
61,171,163
62,171,164
63,171,164
63,171,164
63,172,164
63,172,164
63,172,164
63,172,164
63,172,164
63,170,164
63,170,164
63,171,164
63,170,164
63,170,164
64,171,164
63,171,164
63,171,164
63,171,164
63,171,164
63,171,164
63,171,164
63,171,164
62,171,163
62,170,164
62,170,164
62,170,164
61,170,163
61,170,163
60,169,163
59,169,163
59,169,163
58,169,162
58,169,162
58,169,162
58,168,162
57,168,161
56,168,160
55,167,159
53,166,158
51,165,156
49,163,155
46,163,154
44,161,153
41,160,151
39,159,151
39,159,151
38,158,151
38,158,150
38,160,151
39,159,151
40,160,151
41,160,152
43,161,153
45,161,155
46,164,155
48,164,156
48,164,156
50,166,156
51,166,157
51,166,157
51,165,157
51,165,157
52,165,157
52,166,158
52,166,158
53,166,158
54,167,159
54,167,159
54,167,159
54,167,159
54,167,159
54,167,159
54,167,159
54,167,159
54,167,159
55,167,159
55,167,159
54,167,159
54,167,159
56,167,160
56,168,161
56,168,161
56,168,161
56,168,161
58,168,161
58,169,161
59,169,162
59,169,162
59,169,163
60,170,163
60,170,163
60,170,163
60,170,163
60,170,163
60,170,163
60,170,163
60,170,163
60,170,163
60,170,163
61,170,164
61,171,164
61,171,164
61,171,164
61,171,164
62,170,164
62,170,164
62,170,164
62,170,164
62,170,164
62,170,164
61,170,163
61,171,163
60,171,163
60,171,163
60,171,163
61,170,163
61,170,163
59,169,162
59,169,162
59,169,162
60,170,162
60,170,162
60,171,163
61,171,163
61,171,163
62,170,164
62,170,164
62,171,163
62,171,163
62,171,163
62,171,163
62,171,163
63,171,164
63,171,164
63,170,164
63,170,164
63,170,164
63,170,164
63,170,164
63,171,164
63,171,164
62,171,163
62,170,164
61,170,163
61,171,163
60,171,163
60,170,162
59,169,163
58,169,162
58,169,162
58,169,162
58,169,162
58,169,162
59,169,162
59,169,162
59,169,162
60,170,162
60,171,163
61,170,163
61,171,162
61,171,163
62,171,164
63,171,163
63,171,164
63,172,164
63,172,164
63,172,164
63,172,164
63,171,164
63,171,164
63,171,164
63,171,164
64,171,164
63,172,164
63,172,164
63,172,164
63,172,164
63,171,164
63,171,164
63,171,164
63,171,164
63,171,164
63,171,164
62,170,164
62,170,164
62,170,164
61,170,163
61,170,163
61,170,163
61,170,163
61,170,164
60,169,163
59,169,163
58,169,162
58,169,162
58,168,162
57,168,161
55,167,159
54,166,158
52,166,158
51,165,157
48,163,155
45,162,154
43,161,153
41,159,151
39,159,151
38,158,151
38,158,150
38,158,150
38,159,150
39,159,151
40,160,151
42,161,152
43,162,154
45,161,155
48,163,156
48,164,156
50,164,157
51,165,157
51,165,157
52,165,157
52,165,157
52,165,157
52,165,157
52,166,158
53,166,158
54,167,159
54,167,159
54,167,159
54,167,159
55,167,160
55,167,160
55,167,160
55,167,159
56,167,160
56,167,160
56,167,160
56,167,160
56,167,161
56,168,161
56,168,161
56,168,161
56,168,161
56,168,161
56,168,161
56,168,161
58,168,162
58,169,162
58,169,162
59,169,163
59,169,163
59,169,163
59,169,163
59,169,163
59,169,163
60,170,163
60,170,163
60,171,163
60,171,163
60,171,163
61,171,163
62,170,164
62,170,164
62,170,164
62,170,164
62,171,163
62,171,163
63,171,164
63,171,164
63,171,164
62,170,164
62,170,164
62,170,164
62,170,164
61,170,163
61,170,163
61,170,163
61,170,163
61,170,163
61,170,163
60,171,163
60,170,163
60,171,163
61,171,163
62,170,164
62,170,164
63,171,164
63,171,164
62,171,163
63,171,164
63,171,164
63,171,164
63,171,164
63,171,164
64,171,164
64,171,164
64,171,164
64,171,164
64,171,164
63,170,164
63,171,164
63,171,164
62,171,163
61,171,163
61,171,163
60,171,163
60,170,162
59,169,163
58,169,162
58,169,162
58,169,162
58,169,162
58,169,162
58,169,162
58,169,162
58,169,161
59,169,162
59,169,162
60,170,162
61,170,162
61,171,162
61,171,163
61,171,163
62,171,164
63,171,163
63,171,163
63,171,163
63,171,164
63,171,164
63,171,164
63,171,164
63,171,164
63,172,164
63,172,164
63,172,164
63,172,164
63,172,164
63,172,164
63,172,164
63,171,164
63,171,164
63,171,164
63,171,164
63,171,164
62,170,164
62,170,164
62,170,164
61,170,163
61,170,163
61,170,163
61,170,163
61,170,163
61,170,164
60,170,163
59,169,163
58,169,162
58,169,162
57,168,161
56,168,160
54,167,159
53,166,158
52,165,157
50,164,156
47,163,154
44,161,153
41,159,151
40,159,151
38,158,151
38,158,150
38,158,150
36,157,149
37,159,150
38,159,150
40,160,151
42,161,152
45,162,154
46,164,155
48,164,156
50,164,157
51,165,158
52,165,157
52,165,157
52,165,157
52,165,157
52,165,157
52,166,158
52,166,158
54,167,159
54,167,159
54,167,159
56,167,160
56,168,161
56,168,161
56,168,161
56,168,161
56,168,161
56,168,161
57,168,161
57,168,161
57,168,161
57,168,161
56,168,161
56,168,161
56,168,161
56,168,161
56,168,161
56,168,161
56,168,161
56,168,161
57,168,161
57,168,161
58,168,162
58,168,162
57,169,161
57,169,161
58,169,162
58,169,162
59,169,163
59,169,163
60,170,162
60,171,163
60,171,163
61,171,163
62,170,164
62,171,163
62,171,163
62,171,163
63,171,164
63,171,164
63,171,164
63,171,164
63,171,164
63,171,164
63,171,164
62,170,164
62,170,164
62,170,164
62,170,164
62,170,164
62,170,164
62,170,164
61,170,163
61,170,163
61,170,163
62,170,164
62,170,164
63,171,164
63,171,164
63,171,164
63,171,164
63,171,164
63,171,164
63,171,164
63,171,164
63,171,164
63,170,164
64,171,164
64,171,164
63,170,164
63,170,164
63,170,164
63,171,164
63,171,164
63,171,163
62,171,164
61,171,163
61,171,163
60,171,163
59,169,162
58,169,161
58,169,162
57,168,161
57,168,161
56,167,161
55,167,161
55,168,161
55,168,161
56,167,160
57,168,161
57,168,161
58,169,161
59,169,162
60,171,163
60,171,163
60,171,163
60,171,163
60,171,163
60,171,163
60,170,163
61,170,164
61,170,164
62,171,164
62,171,164
62,171,164
63,171,164
63,172,164
63,172,164
64,172,164
64,172,164
64,172,164
64,172,164
64,172,164
63,172,164
63,171,164
63,171,164
63,171,164
62,171,163
61,171,163
62,170,164
61,170,163
61,170,163
61,170,163
61,170,163
61,170,163
61,170,164
60,170,163
60,170,163
59,169,163
58,169,161
58,168,161
56,168,161
55,167,159
54,167,158
53,166,158
51,165,157
48,163,155
46,162,154
43,162,153
41,159,152
39,159,151
38,158,151
38,158,151
38,158,151
33,156,148
33,158,148
36,159,150
37,159,151
40,160,151
42,161,153
45,162,154
47,164,155
49,165,157
50,164,157
51,165,158
52,165,157
52,165,157
52,166,158
52,166,158
52,166,158
52,166,158
54,167,159
54,167,159
54,167,159
56,168,161
57,168,161
57,168,161
57,168,161
57,168,161
57,168,161
57,168,161
57,168,161
57,168,161
57,168,161
57,168,161
57,168,161
57,168,161
57,168,161
56,168,161
56,168,161
56,168,161
56,168,161
56,168,161
56,168,161
57,168,161
57,168,161
57,168,161
57,168,161
57,168,162
57,168,162
57,168,162
57,169,161
58,169,162
58,169,161
59,169,162
59,169,162
60,170,162
60,171,163
61,171,163
62,170,164
62,171,163
63,171,164
64,171,164
64,171,164
64,171,164
63,172,164
63,172,164
63,171,164
63,171,164
63,171,164
63,171,164
62,171,163
63,171,164
62,170,164
62,170,164
62,170,164
62,170,164
62,170,164
62,170,164
63,171,164
63,171,164
63,171,164
63,171,164
63,171,164
63,171,164
62,171,164
62,171,164
63,171,164
63,171,164
63,171,164
63,171,164
63,170,164
63,170,164
63,171,164
63,171,164
62,171,163
62,171,163
62,171,163
62,170,163
61,171,162
61,171,163
60,171,163
59,169,162
58,169,161
58,169,161
57,168,161
57,168,161
56,167,161
54,167,160
54,167,160
53,167,159
53,167,158
53,167,158
54,167,159
55,168,160
55,168,160
56,168,160
57,168,161
58,169,161
58,169,161
59,169,162
59,169,162
59,169,162
59,169,163
59,169,163
59,169,163
60,170,163
60,170,163
62,171,164
63,171,163
63,172,164
63,172,164
64,172,164
64,172,164
64,172,164
65,172,165
65,172,165
64,172,164
64,172,164
63,172,164
63,171,164
62,171,163
61,171,163
61,171,163
62,170,164
62,170,164
62,170,164
62,170,164
62,170,164
61,170,163
61,170,163
60,171,163
60,170,162
59,169,162
58,169,161
57,168,161
56,168,161
54,167,159
54,167,158
52,166,158
50,164,156
48,163,155
45,162,154
43,161,152
40,159,151
39,159,151
38,158,151
38,158,151
38,159,150
33,157,148
33,156,148
35,158,149
38,159,150
41,160,152
44,162,154
46,163,155
48,165,156
49,165,157
51,166,158
52,165,158
52,166,158
52,166,158
53,166,158
53,166,158
54,167,159
54,167,159
54,167,159
55,167,160
56,168,161
57,168,161
57,168,161
58,168,161
58,168,161
58,168,161
58,168,161
58,168,161
58,168,161
58,168,161
57,168,161
57,168,161
57,168,161
57,168,161
57,168,161
57,168,161
56,168,161
56,168,161
56,168,161
56,168,161
57,168,161
57,168,161
57,168,161
57,168,161
57,168,161
57,168,162
57,168,162
57,168,162
57,169,161
58,169,162
58,169,161
58,169,161
59,170,162
59,169,162
60,170,162
61,171,163
62,170,164
63,171,164
63,172,164
64,171,164
64,171,164
63,172,164
63,172,164
63,172,164
63,172,164
63,172,164
63,171,164
63,172,164
63,171,164
63,172,164
63,171,164
63,171,163
63,171,164
63,171,164
63,171,164
63,171,164
63,171,164
63,171,164
63,171,164
63,171,164
63,171,164
62,171,164
62,171,164
62,171,164
62,171,164
62,171,163
62,171,163
62,170,164
63,171,164
62,171,163
62,170,164
62,170,164
62,170,164
62,170,163
61,171,162
61,171,162
61,170,162
60,171,163
60,170,162
59,169,162
58,169,161
58,168,161
57,168,161
56,167,160
54,167,159
54,167,159
54,167,159
53,167,158
53,166,158
52,166,159
52,166,158
53,166,158
53,167,158
55,168,160
55,168,161
56,168,161
57,168,161
58,169,161
58,169,161
58,169,161
58,169,162
58,169,162
58,169,162
58,169,162
59,169,162
60,170,163
62,171,164
63,171,163
64,172,164
64,172,164
64,172,164
65,172,165
66,173,166
66,173,166
65,172,165
65,172,165
64,172,164
63,172,164
63,171,164
61,171,163
61,171,163
62,170,164
62,170,164
62,170,164
62,170,164
62,170,164
62,170,164
62,170,164
61,170,163
60,171,163
59,169,162
58,169,161
58,168,161
57,168,161
55,167,160
54,167,158
53,166,158
52,165,157
50,164,156
47,163,154
45,162,154
42,161,152
40,159,151
39,159,151
39,159,151
38,160,151
33,156,148
33,156,148
33,158,148
36,159,150
40,160,151
42,161,153
45,162,154
47,164,155
48,165,156
50,165,157
51,166,158
53,166,158
53,166,158
53,166,158
54,166,159
54,167,159
54,167,159
55,167,160
56,168,161
57,168,161
58,168,161
58,168,161
58,169,161
58,169,161
58,169,161
58,169,161
58,169,161
58,169,161
58,169,161
58,169,161
58,168,161
58,168,161
58,168,161
58,168,161
58,168,161
58,168,161
57,168,161
57,168,161
57,168,161
58,168,161
58,169,161
58,169,161
58,169,161
58,168,161
57,168,161
57,168,161
57,168,161
57,168,162
57,169,161
58,169,162
58,169,161
58,169,161
58,169,161
59,169,162
60,170,163
60,171,163
62,170,164
63,171,164
64,171,164
64,171,164
64,171,164
65,171,165
64,172,164
64,172,164
64,172,164
64,172,164
64,172,164
64,172,164
64,172,164
63,172,164
63,171,164
63,171,164
63,171,164
63,171,164
63,172,164
63,171,164
63,171,164
63,171,164
63,171,164
62,171,164
62,171,164
62,171,164
62,171,164
61,171,164
61,171,164
61,171,163
62,170,164
62,170,164
62,170,164
62,170,164
62,170,164
61,171,163
61,171,163
61,170,162
61,170,162
61,170,162
61,170,162
60,170,161
59,169,162
59,169,162
58,169,161
58,168,161
57,168,161
56,167,160
54,167,159
54,167,159
54,167,159
53,166,158
52,166,159
52,166,159
52,166,158
53,166,158
53,167,158
53,167,158
54,167,160
54,167,159
56,167,160
56,168,161
56,168,161
57,168,161
57,168,161
57,168,161
57,168,161
57,169,161
58,169,162
59,169,163
60,170,163
62,171,164
63,171,164
64,172,164
65,172,165
66,173,166
66,173,166
66,173,166
66,173,166
66,173,166
65,172,165
64,172,164
63,172,164
63,171,164
62,170,164
62,170,164
62,170,164
62,170,164
62,170,164
62,170,164
62,170,164
62,170,164
62,170,164
61,171,163
60,169,163
59,169,162
58,168,161
57,168,161
57,168,161
55,167,160
54,167,158
52,166,158
51,165,157
49,163,156
46,163,154
45,162,154
42,161,152
40,159,151
39,159,151
38,160,151
38,160,151
33,157,148
33,157,148
33,158,148
36,159,150
39,159,151
42,161,153
44,162,154
47,164,155
48,165,156
50,165,157
51,166,158
53,166,158
53,166,158
54,166,159
54,167,159
54,167,159
55,167,160
56,168,161
56,168,161
57,168,161
58,168,161
58,169,161
58,169,161
59,169,162
59,169,162
60,170,162
60,170,162
60,170,162
59,169,162
58,169,161
58,169,161
58,169,161
58,169,161
58,169,161
58,169,161
58,169,161
58,169,161
58,169,161
58,169,161
58,169,161
58,169,161
59,169,162
59,169,162
59,169,162
60,169,163
59,169,162
59,169,162
58,169,161
58,169,162
58,169,162
58,169,162
58,169,162
58,169,161
59,169,162
59,169,162
60,170,163
60,170,163
61,171,163
63,171,164
63,172,164
64,171,164
65,171,165
64,172,164
65,172,165
65,172,165
65,172,165
65,172,165
65,172,165
65,172,165
65,172,165
65,173,165
65,173,165
64,172,164
63,171,164
63,171,164
63,172,164
63,172,164
63,171,164
63,171,163
62,171,164
61,171,163
60,171,163
60,170,163
60,170,163
60,170,163
60,170,163
60,171,163
61,171,163
61,171,163
61,171,163
61,171,163
61,171,163
60,171,163
60,170,162
60,170,162
61,170,162
61,170,162
61,170,162
60,170,161
60,170,162
59,169,162
58,169,161
58,169,161
58,168,161
56,168,161
56,167,160
54,167,159
54,167,159
54,167,158
53,166,158
52,166,158
52,166,158
53,166,158
54,166,159
53,167,158
54,167,159
54,167,159
56,167,160
56,167,160
56,167,160
55,168,160
55,168,160
55,168,160
55,168,160
56,168,160
57,168,161
58,169,162
58,169,162
60,170,163
62,171,164
63,171,165
65,172,165
66,173,166
66,173,166
67,173,166
67,173,166
66,173,166
66,173,166
65,172,165
65,172,166
63,172,165
63,171,164
63,171,164
62,171,164
62,170,164
62,171,163
63,171,164
62,171,163
62,171,163
62,170,164
62,170,164
61,170,163
60,169,163
59,169,162
58,168,161
57,168,161
56,168,161
55,167,160
54,167,158
52,166,158
51,165,157
48,163,155
46,162,154
43,161,153
40,159,151
39,159,151
38,160,151
38,160,151
38,160,151
35,157,148
36,158,150
36,159,150
39,159,151
42,161,153
44,162,154
47,164,155
48,165,156
51,166,157
51,166,158
53,166,158
53,167,158
54,166,159
54,167,159
54,167,159
55,167,160
56,168,161
56,168,161
57,168,161
58,168,161
58,169,161
59,169,162
59,169,162
59,169,162
60,170,162
60,170,162
60,170,162
60,170,162
60,170,162
59,169,162
59,169,162
59,169,162
59,169,163
58,169,161
58,169,161
59,169,162
59,169,162
59,169,162
59,169,162
59,169,162
59,169,162
60,169,163
60,169,163
60,169,163
60,169,163
60,169,163
60,169,163
59,169,162
59,169,163
59,169,163
58,169,162
58,169,162
59,169,162
59,169,162
60,170,162
60,170,162
60,170,162
60,171,163
62,171,164
63,171,164
63,172,164
64,172,164
65,172,165
65,172,165
65,172,165
65,172,165
65,172,165
65,172,165
65,172,165
65,172,165
65,173,165
65,173,165
65,172,165
64,172,164
63,171,164
63,171,164
63,171,164
63,171,163
62,171,164
61,171,163
60,171,163
60,171,163
60,170,163
59,170,163
59,170,163
59,170,163
60,170,163
60,171,163
60,171,163
60,171,163
60,171,163
60,171,163
60,170,162
60,170,162
60,170,162
60,170,162
60,171,163
60,170,162
60,170,162
60,170,162
59,169,162
59,169,162
58,169,161
58,168,161
58,168,161
56,168,161
56,167,160
54,167,159
54,167,158
54,167,158
54,167,158
53,166,158
53,166,158
54,166,159
54,167,159
54,167,159
55,167,160
56,167,160
56,167,160
56,167,160
56,167,160
56,167,160
56,167,160
55,167,160
56,167,160
56,167,160
56,168,161
58,169,162
58,169,162
60,170,163
62,171,164
64,172,164
66,173,166
66,173,166
67,173,166
68,173,166
68,173,166
67,173,166
66,173,166
65,172,166
64,172,165
63,172,165
63,171,164
63,171,164
63,171,164
63,171,164
63,171,164
63,171,164
63,171,164
62,171,163
62,170,164
62,170,164
61,170,163
60,169,163
59,169,162
58,169,161
57,168,161
56,168,161
54,167,159
54,167,158
52,166,158
50,164,156
48,163,155
46,162,154
42,160,152
40,159,151
38,160,151
38,160,151
38,160,151
38,158,150
36,158,149
38,158,151
40,159,151
43,160,152
45,162,154
47,163,155
49,165,156
51,166,157
52,165,157
53,166,158
53,167,158
54,166,159
54,167,159
54,167,159
54,167,159
56,167,160
56,168,161
57,168,161
58,168,161
58,169,161
58,169,161
59,169,162
59,169,162
60,170,162
60,170,162
60,171,163
60,170,162
60,170,162
60,170,162
60,170,163
60,170,163
59,169,163
59,169,163
59,169,163
59,169,162
59,169,162
60,170,162
60,170,162
60,170,162
60,170,162
60,170,162
61,170,163
61,170,163
61,170,163
61,170,163
61,170,163
61,170,163
61,170,163
60,170,162
60,170,162
59,169,162
59,169,162
60,170,162
60,170,162
60,170,162
60,170,162
60,170,162
60,171,163
61,171,163
63,171,163
63,172,164
64,172,164
65,172,165
65,172,165
65,172,165
65,172,165
65,172,165
65,172,165
65,172,165
65,172,165
65,172,165
65,173,165
65,173,165
64,172,164
64,172,164
63,171,164
63,171,164
63,171,163
61,171,163
60,171,163
60,171,163
60,171,163
60,170,162
59,170,163
59,170,163
59,170,163
60,171,163
60,171,163
60,171,163
60,171,163
60,171,163
60,171,163
59,170,163
59,170,163
59,170,163
60,170,162
60,171,163
60,171,163
60,171,163
60,171,163
60,170,162
59,169,162
58,169,161
58,169,161
58,168,161
58,168,161
56,168,160
56,168,160
55,167,159
55,167,159
55,167,159
55,167,159
55,167,159
55,167,159
55,167,159
56,167,160
56,167,160
56,167,160
56,167,160
56,167,160
56,167,160
56,167,160
55,167,160
54,167,159
54,167,159
54,167,159
55,167,161
56,168,161
58,169,162
59,169,162
61,170,164
63,171,164
65,172,165
66,173,166
67,173,166
67,173,166
68,172,166
67,173,166
66,172,166
66,172,166
65,172,166
64,172,165
63,172,165
63,172,165
63,171,164
63,171,164
63,171,164
63,171,164
63,171,164
63,171,164
63,171,164
62,170,164
61,170,163
61,170,163
60,170,162
59,169,162
58,169,161
57,168,161
56,168,161
54,167,159
53,166,158
52,165,157
50,164,156
47,163,154
44,161,153
42,160,153
39,159,151
38,160,150
38,160,150
39,160,151
38,158,150
39,159,151
40,159,151
42,159,152
43,162,153
45,163,154
48,163,155
49,165,156
51,166,157
52,165,157
53,167,158
54,166,159
54,166,159
54,166,159
54,167,159
54,167,159
56,167,160
56,168,161
56,168,161
57,168,161
58,169,161
58,169,161
59,169,162
59,169,162
59,169,162
60,170,162
60,171,163
60,171,163
60,171,163
60,170,162
60,170,163
60,170,163
60,170,163
60,170,162
60,170,162
60,170,162
60,171,163
60,171,163
60,171,163
60,171,163
61,170,163
61,170,163
61,170,163
61,170,163
61,170,163
61,170,163
61,170,163
62,170,164
62,170,164
61,170,163
61,170,163
61,170,163
60,170,162
60,170,162
60,170,162
60,170,162
60,170,162
60,170,162
60,170,162
60,171,163
60,171,163
62,171,164
63,171,164
63,172,164
64,172,164
64,172,164
65,172,165
65,172,165
65,172,165
65,172,165
65,172,165
65,172,165
65,172,165
65,172,165
65,172,165
64,172,164
64,172,164
63,172,164
63,171,163
63,171,163
61,171,163
60,171,163
60,171,163
60,170,162
60,170,162
60,170,162
60,170,162
60,170,162
60,171,163
60,171,163
60,171,163
60,171,163
60,171,163
60,171,163
60,170,163
60,170,163
60,170,163
60,170,163
60,171,163
60,171,163
60,171,163
60,171,163
60,171,163
60,170,162
59,169,162
59,169,162
59,169,162
58,169,161
58,169,161
58,169,160
58,169,160
58,169,160
58,168,161
58,168,161
58,168,161
58,168,161
58,168,161
58,169,160
58,168,161
57,168,161
57,168,161
56,168,161
56,168,161
56,167,160
55,167,160
54,167,159
54,167,159
54,167,159
54,167,160
55,168,161
56,168,161
58,169,162
59,169,162
61,171,164
63,171,163
65,172,165
66,173,166
67,172,165
68,172,166
67,172,165
66,172,166
66,172,166
65,172,166
64,172,165
63,172,165
63,172,165
63,172,164
63,172,164
63,172,164
63,172,164
63,172,164
63,171,164
63,171,164
63,171,164
62,170,164
61,170,163
60,171,163
60,170,162
59,169,162
58,169,161
57,168,161
56,167,160
54,167,158
53,166,158
51,165,157
49,163,156
46,162,154
43,161,153
42,160,152
40,159,150
39,160,151
40,160,151
40,160,151
39,159,151
40,159,151
42,159,152
43,162,153
45,163,154
48,164,155
51,165,157
51,165,157
52,166,158
54,166,158
54,167,158
54,167,159
54,167,159
54,167,159
54,167,159
54,167,159
56,167,160
56,168,161
56,168,161
57,168,161
58,169,161
59,169,162
59,169,162
59,169,162
60,170,162
60,171,163
60,171,163
60,171,163
60,171,163
60,170,163
60,170,163
60,170,163
60,170,163
60,171,163
60,171,163
60,171,163
60,171,163
61,170,163
61,171,163
61,170,163
62,170,164
62,170,164
62,170,164
62,171,163
63,171,164
62,171,163
62,171,163
62,170,164
62,170,164
62,170,164
62,170,164
61,170,163
61,170,163
60,170,162
60,170,162
60,170,162
60,170,162
60,170,162
60,170,162
60,170,162
60,171,163
61,171,163
62,171,164
63,171,164
63,172,164
64,172,164
64,172,164
64,172,164
64,172,164
65,172,165
65,172,165
65,172,165
65,172,165
65,172,165
64,172,164
64,172,164
63,172,164
63,171,164
63,171,163
62,171,164
61,171,163
60,171,163
60,171,163
60,170,162
60,170,162
60,170,162
60,170,162
60,170,162
60,171,163
61,171,163
61,171,163
61,171,163
61,171,163
61,171,163
61,171,163
61,171,163
61,171,164
61,171,164
61,171,163
61,171,163
61,171,163
61,171,163
61,171,163
61,171,163
61,171,163
60,170,162
60,170,162
60,170,162
60,170,162
60,170,162
60,170,161
60,170,161
60,170,162
61,170,162
61,170,163
61,170,163
61,170,163
61,170,163
61,170,163
61,170,163
59,169,162
58,169,161
58,168,161
56,168,161
56,168,161
55,167,160
54,167,160
54,167,160
54,167,160
55,168,161
56,168,161
57,168,162
58,169,162
60,170,162
61,171,163
63,171,163
65,172,165
65,173,165
66,172,166
66,172,166
65,172,165
65,172,166
65,172,166
64,172,165
64,172,165
64,172,165
64,172,164
64,172,164
64,172,164
64,172,164
64,172,164
63,172,164
63,171,164
63,171,164
62,170,164
62,170,164
61,171,163
60,170,162
60,170,162
59,169,162
58,168,161
56,168,161
54,167,159
54,167,158
52,165,157
50,164,156
47,163,154
45,162,154
43,161,152
42,160,152
40,160,151
40,160,151
40,160,151
39,159,151
40,159,151
42,159,152
43,162,154
45,163,154
48,164,155
50,166,156
52,165,157
52,166,158
54,166,158
54,167,158
54,167,159
54,167,159
54,167,159
54,167,159
54,167,159
55,167,160
56,167,160
56,168,161
57,168,161
58,169,161
58,169,161
59,169,162
59,169,162
59,169,162
60,170,162
60,171,163
60,171,163
60,171,163
60,171,163
60,170,163
60,170,163
60,170,163
60,170,163
60,171,163
60,171,163
61,171,163
62,170,164
62,171,163
62,171,163
62,171,163
63,171,164
63,171,164
63,171,164
63,171,164
63,171,164
63,171,164
63,171,164
63,171,164
63,171,164
62,171,163
62,170,164
62,170,164
61,170,163
60,171,163
60,170,162
60,170,162
60,170,162
59,169,162
59,170,162
59,170,162
60,170,162
60,170,162
60,171,163
61,171,163
61,171,163
63,171,164
63,171,164
63,172,164
64,172,164
64,172,164
64,172,164
65,172,165
65,172,165
64,172,164
64,172,164
63,172,164
63,171,164
63,171,163
63,171,163
62,171,164
61,171,163
60,171,163
60,170,162
60,170,162
60,170,162
60,170,162
60,170,162
60,171,163
61,171,163
61,171,163
61,171,163
62,170,163
62,170,163
61,171,163
62,170,164
62,171,163
62,171,163
62,171,164
62,171,164
63,171,164
63,171,164
63,172,164
63,172,164
63,171,164
62,171,164
61,171,163
60,171,163
60,171,163
60,170,162
60,170,162
60,170,162
60,170,162
61,171,163
63,170,163
63,171,163
63,171,163
63,171,163
63,171,163
63,171,164
62,171,163
62,170,164
61,170,163
59,169,162
58,169,161
58,168,162
56,168,161
56,167,161
55,167,161
55,168,161
55,168,161
56,168,160
56,169,161
58,169,162
58,169,161
60,170,163
62,171,164
63,171,163
64,172,164
65,172,165
65,172,165
65,172,166
64,172,165
64,172,165
64,172,165
64,172,165
64,172,164
64,172,164
64,172,164
64,172,164
64,172,164
64,172,164
64,172,164
63,172,164
63,171,164
63,171,164
62,170,164
61,170,163
61,171,163
60,170,162
60,170,162
59,169,162
57,168,161
56,167,160
54,167,159
53,166,158
51,165,157
49,163,156
47,162,154
45,162,154
43,161,152
40,159,151
40,160,151
40,160,151
40,160,151
39,159,151
40,160,151
42,161,152
44,162,154
47,163,155
50,165,156
52,165,157
52,166,158
54,166,158
54,167,158
54,167,158
54,167,159
54,167,159
54,167,159
54,167,159
54,167,159
56,167,160
56,168,161
57,168,161
57,168,161
58,169,161
59,169,162
59,169,162
59,169,162
60,170,162
60,170,162
60,171,163
60,171,163
60,171,163
60,171,163
60,170,162
60,170,163
60,170,163
60,170,163
60,170,163
61,171,163
62,171,164
63,171,164
63,171,164
63,172,164
63,172,164
63,172,164
63,172,164
64,172,164
64,172,164
64,172,164
64,172,164
64,172,164
64,172,164
64,172,164
63,172,164
62,171,163
62,170,164
62,170,164
60,171,163
60,170,162
60,170,162
59,169,162
58,169,162
57,169,161
58,169,161
58,169,161
59,170,162
60,170,162
60,170,162
60,171,163
61,170,164
62,171,164
63,171,164
63,171,164
63,172,164
64,172,164
64,172,164
64,172,164
64,172,164
64,172,164
63,172,164
63,171,164
63,171,164
63,171,163
62,171,164
60,171,163
60,171,163
60,170,162
60,170,162
60,170,162
60,170,162
60,170,163
60,171,163
61,171,163
61,171,163
61,171,163
62,170,164
62,170,164
62,170,164
62,171,163
62,171,163
62,171,163
63,171,164
63,171,164
63,172,164
64,171,164
64,171,164
64,171,164
64,171,164
63,171,164
62,171,164
61,171,163
61,170,164
60,170,163
60,171,163
60,171,163
61,171,163
61,171,163
63,171,163
63,171,164
64,172,164
64,172,164
64,172,164
64,172,164
63,172,164
63,171,164
62,171,163
62,170,164
61,170,163
60,170,163
58,169,162
58,168,162
56,168,161
56,167,160
56,168,160
56,168,160
57,169,161
58,169,161
58,169,161
60,170,162
60,170,163
62,171,164
63,171,163
63,171,163
63,171,165
63,171,165
63,171,165
63,171,165
64,172,165
64,172,165
65,172,165
65,172,165
65,172,165
64,172,164
64,172,164
64,172,164
64,172,164
64,172,164
63,172,164
63,171,164
62,170,164
62,170,164
61,170,163
61,170,163
60,170,162
59,169,162
58,168,161
56,168,161
54,167,159
54,167,158
52,166,158
50,164,156
48,163,155
47,162,154
43,161,153
42,160,152
40,159,151
40,160,151
40,160,151
37,159,150
38,159,150
40,160,151
43,162,154
46,163,155
48,164,156
51,166,157
52,166,158
54,166,158
54,167,158
54,167,159
54,167,159
54,167,159
54,167,159
54,167,159
55,167,159
55,167,160
56,168,161
57,168,161
57,168,161
58,169,161
59,169,162
59,169,162
59,169,162
60,170,162
60,170,162
60,171,163
60,171,163
60,171,163
60,171,163
60,171,163
60,171,163
60,170,162
60,170,163
60,170,163
61,170,164
62,171,164
63,171,164
63,171,164
63,172,164
63,172,164
64,172,164
64,172,164
64,172,164
64,172,164
64,172,164
64,172,164
64,172,164
64,172,164
64,172,164
64,172,164
64,172,164
63,172,164
62,171,163
62,170,164
61,170,163
60,170,162
59,169,162
58,169,161
57,169,161
57,169,161
57,169,161
57,169,161
58,169,161
58,169,161
58,169,161
59,170,163
59,170,163
60,170,163
61,171,164
62,171,164
63,172,164
64,172,164
64,172,164
64,172,164
64,172,164
64,172,164
63,172,164
63,171,164
63,171,164
63,171,163
62,171,164
60,171,163
60,171,163
60,170,162
59,170,163
59,170,163
59,170,163
59,170,163
60,170,163
61,171,163
61,171,163
61,171,163
62,170,164
62,171,163
62,171,163
62,171,163
62,171,163
63,171,164
63,171,164
63,171,164
63,172,164
64,171,164
64,171,164
64,171,164
64,171,164
63,171,164
62,171,163
61,171,164
61,171,164
61,170,164
61,170,164
61,171,164
61,171,164
61,171,163
63,171,163
63,171,164
64,172,164
64,172,164
64,172,164
64,172,164
64,172,164
64,172,164
63,172,164
63,172,164
62,171,163
62,170,164
60,171,163
60,170,162
59,169,162
58,169,161
57,168,161
57,169,161
58,169,161
58,169,161
58,169,161
59,170,162
60,170,162
61,171,163
62,171,164
62,171,164
63,171,164
63,171,165
63,171,165
63,171,165
64,172,165
65,172,165
65,172,165
65,172,165
65,172,165
65,172,165
64,172,164
64,172,164
64,172,164
64,172,164
63,172,164
63,172,164
63,171,164
62,170,164
62,170,164
61,170,163
60,169,163
59,169,162
58,169,161
58,168,161
56,168,161
54,167,159
53,166,158
51,165,157
49,163,156
47,163,154
45,162,153
43,161,152
41,159,151
40,160,151
39,159,151
40,160,151
36,158,150
37,158,151
40,161,151
43,162,154
47,164,155
50,165,157
52,165,157
53,167,158
54,167,158
54,167,159
54,167,159
54,167,159
55,167,160
55,167,160
55,167,159
56,168,160
56,168,160
57,168,160
58,169,161
58,169,161
59,169,162
59,169,162
60,170,162
60,170,162
60,170,162
60,171,163
60,171,163
60,171,163
60,171,163
61,170,163
61,171,163
60,171,163
60,171,163
60,170,163
60,170,163
62,171,164
63,171,163
63,171,164
63,171,164
63,172,164
64,172,164
64,172,164
64,172,164
65,172,165
65,172,165
64,172,164
64,172,164
64,172,164
64,172,164
64,172,164
64,172,164
64,172,164
64,172,164
63,172,164
62,171,163
62,170,164
61,170,163
59,169,162
58,169,161
58,168,162
57,168,161
57,168,161
57,168,161
57,169,161
58,169,161
58,169,161
58,169,161
59,169,162
59,170,163
61,170,164
62,171,164
63,171,164
63,172,164
64,172,164
64,172,164
65,172,165
65,172,165
64,172,164
63,171,164
63,171,164
63,171,163
62,171,164
61,171,163
60,171,163
60,170,163
59,170,163
59,170,163
59,170,163
60,170,163
60,170,163
61,171,164
61,171,163
61,171,163
62,171,164
62,171,163
62,171,163
62,171,163
62,171,163
63,171,164
63,171,164
63,171,164
63,171,164
63,172,164
63,172,164
63,172,164
63,172,164
63,171,164
63,171,163
62,171,164
61,171,164
61,170,164
61,171,164
61,171,164
61,171,164
61,170,164
63,171,163
63,171,164
64,172,164
64,172,164
64,172,164
64,172,164
64,172,164
64,172,164
64,172,164
64,172,164
63,172,164
63,172,164
63,171,164
62,171,164
62,171,164
60,171,163
59,169,162
58,169,161
58,169,161
58,169,162
59,169,162
59,169,162
60,170,163
60,170,163
61,171,164
62,171,164
63,171,164
63,171,164
63,171,164
64,172,164
65,172,165
65,172,165
65,172,165
66,173,166
66,173,166
65,172,165
65,172,165
64,172,164
64,172,164
64,172,164
64,172,164
63,172,164
63,172,164
62,170,164
62,170,164
62,170,164
61,170,163
59,169,162
58,168,161
58,168,161
56,168,161
56,167,160
54,167,158
52,166,158
50,164,156
48,163,155
46,163,154
43,161,153
42,159,152
39,159,151
38,160,151
38,160,151
33,156,147
34,159,149
36,158,150
40,162,151
45,162,154
47,164,155
50,166,156
52,165,157
53,167,158
54,167,158
54,167,159
54,167,159
55,167,160
55,167,160
55,167,160
56,168,160
56,168,160
57,168,160
58,169,160
58,169,161
59,169,162
59,169,162
60,170,161
60,170,161
61,170,162
60,171,163
60,171,163
61,171,163
61,171,163
62,170,163
61,171,162
61,171,163
61,171,163
61,171,163
61,171,163
61,171,163
62,171,164
63,171,164
63,171,164
63,172,164
64,172,164
64,172,164
64,172,164
65,172,165
65,172,165
65,172,165
65,172,166
64,172,164
64,172,164
64,172,164
64,172,164
64,172,164
64,172,164
64,172,164
64,172,164
63,172,164
62,170,163
61,170,163
60,169,163
58,169,161
58,168,161
57,168,161
57,168,161
57,168,161
57,169,161
58,169,161
58,169,161
58,169,161
59,170,162
59,170,163
60,170,163
61,171,164
62,171,164
63,171,164
64,172,164
65,172,165
65,172,165
65,173,165
65,173,165
65,173,165
64,172,164
63,171,164
63,171,164
62,171,164
61,171,163
60,171,163
60,170,163
60,170,163
60,170,163
60,170,163
61,171,163
61,171,163
61,171,163
62,171,164
62,171,164
62,171,163
62,171,163
62,171,163
62,171,164
62,171,164
62,171,164
63,171,164
63,171,164
63,171,164
63,171,164
63,171,164
63,171,164
63,171,164
63,171,163
62,171,164
61,171,164
61,170,164
61,171,164
61,171,164
61,171,164
61,170,164
61,171,163
62,171,164
63,171,163
63,171,164
64,172,164
65,172,165
65,172,165
65,172,165
65,172,165
65,172,165
65,172,165
65,172,165
65,172,165
64,172,164
63,172,164
63,171,164
62,171,164
60,171,163
60,170,162
59,169,163
59,169,163
60,170,163
60,170,163
60,170,163
61,170,164
61,171,164
62,171,164
63,171,164
63,172,164
65,172,165
65,172,165
66,173,166
66,173,166
66,173,166
66,172,166
66,172,166
65,172,165
64,172,164
64,172,164
64,172,164
64,172,164
63,172,164
63,172,164
62,170,164
62,170,164
62,170,164
61,170,163
59,169,162
58,168,161
58,168,161
58,168,161
56,168,160
54,167,159
53,166,158
51,165,157
49,163,156
47,163,154
43,161,153
42,159,152
39,159,151
38,160,151
38,160,151
39,159,151
32,157,147
33,158,148
36,159,150
42,162,152
45,162,154
47,164,155
50,165,157
52,165,157
53,166,158
53,167,158
54,167,159
54,167,159
55,167,160
55,167,160
56,168,160
56,168,160
57,168,160
58,169,160
58,169,161
59,170,162
59,169,162
60,170,162
60,170,162
60,171,163
60,171,163
60,171,163
60,171,163
61,171,163
61,171,163
62,170,163
62,170,163
61,171,163
61,171,163
61,171,163
61,171,163
61,171,163
62,171,164
63,171,164
63,171,164
63,172,164
64,172,164
64,172,164
65,172,165
65,172,165
65,173,165
65,173,165
65,172,166
65,172,165
64,172,164
64,172,164
64,172,165
64,172,164
65,172,165
65,172,165
64,172,164
63,172,164
63,170,163
62,170,164
61,170,163
61,170,163
59,169,162
58,169,161
57,168,161
58,168,161
58,169,161
58,169,161
58,169,161
59,170,162
60,170,162
60,170,162
60,170,163
61,171,164
62,171,164
63,171,164
65,172,165
65,172,165
66,173,166
66,173,166
65,173,165
65,173,165
65,172,165
64,172,164
64,172,164
63,172,164
62,171,164
61,171,163
61,171,163
61,171,163
61,170,164
61,170,164
61,171,164
62,171,164
62,171,164
63,171,163
63,171,164
63,171,164
63,171,164
63,171,164
62,171,164
62,171,164
62,171,164
60,171,163
60,170,163
61,171,163
61,171,163
63,171,164
63,171,164
63,171,164
63,171,164
63,171,164
62,171,164
61,171,163
61,171,163
61,171,163
61,170,164
61,171,163
61,171,163
62,171,164
63,171,164
63,172,164
63,172,164
64,172,164
65,172,165
65,173,165
65,172,165
65,172,165
65,172,165
65,172,165
65,172,165
65,172,165
64,172,164
64,172,164
63,172,164
62,171,163
61,171,163
60,170,163
60,170,163
60,170,163
60,170,163
60,170,163
61,170,164
62,171,164
63,171,163
63,172,164
64,172,164
65,172,165
66,173,166
66,173,166
66,173,166
67,172,165
67,172,165
66,172,166
66,172,166
65,172,165
64,172,164
64,172,164
64,172,164
63,172,164
63,172,164
62,170,163
62,170,164
62,170,164
61,170,163
60,169,163
58,168,161
58,168,161
58,168,161
57,168,160
56,167,160
54,167,158
52,165,157
50,164,156
47,163,154
45,162,154
42,159,152
40,159,151
38,160,151
38,160,151
39,159,151
29,155,145
30,156,146
33,158,148
36,159,149
42,161,153
45,162,154
47,164,155
49,165,157
51,166,158
52,166,159
53,167,158
54,167,159
54,167,159
55,167,160
56,167,160
56,168,161
57,168,160
58,169,160
59,169,161
59,170,162
59,170,162
60,170,162
60,170,162
60,171,163
60,171,163
60,171,163
60,171,163
61,171,163
61,171,163
62,170,163
62,170,163
62,170,163
61,171,163
61,171,163
61,171,163
61,171,163
61,171,163
62,171,163
63,171,164
63,171,164
63,172,164
64,172,164
65,172,165
65,172,165
65,172,165
65,173,165
65,173,165
65,172,166
65,172,165
65,172,165
64,172,165
64,172,165
64,172,165
65,172,165
65,172,165
65,172,165
64,172,164
63,172,164
63,171,164
62,170,164
62,170,164
61,170,163
61,170,163
59,169,162
59,169,162
58,169,161
59,169,162
59,169,162
60,170,162
60,171,163
60,171,163
60,170,163
61,170,164
62,171,164
63,171,163
65,172,165
65,172,165
66,173,166
66,173,166
66,173,166
66,173,166
65,172,165
65,172,165
64,172,164
64,172,164
63,172,164
63,171,163
62,171,164
62,171,164
62,171,164
63,171,163
63,171,163
63,171,163
63,171,163
63,171,164
63,171,164
63,171,164
63,171,164
62,171,164
62,171,164
62,171,164
60,170,163
60,170,163
60,170,163
60,170,163
61,171,164
61,171,163
62,171,164
63,171,164
63,171,164
63,171,164
63,171,164
63,171,164
61,171,163
61,171,163
61,171,163
61,171,163
61,171,163
62,171,164
63,171,164
63,171,164
63,171,164
65,172,165
65,173,165
65,173,165
65,173,165
66,173,166
66,173,166
66,173,166
66,173,166
65,172,165
65,172,165
64,172,164
64,172,164
64,172,164
63,172,164
62,171,164
61,170,164
60,170,163
60,170,163
61,170,164
62,171,164
63,171,164
63,172,164
64,172,164
65,172,165
65,172,165
66,173,166
66,173,166
66,173,166
67,172,165
67,172,165
67,172,165
66,172,166
65,172,165
64,172,164
64,172,164
64,172,164
63,172,164
64,171,164
62,170,163
62,170,163
62,170,163
62,170,163
61,169,163
61,169,163
58,168,161
58,168,161
58,168,161
56,168,160
54,167,159
52,166,158
51,165,157
48,163,155
46,162,154
42,161,152
40,159,151
38,160,151
38,160,151
38,160,151
40,160,151
28,155,145
29,157,145
33,158,148
36,159,149
42,161,153
45,162,154
46,163,155
48,165,156
50,165,157
51,166,158
52,166,159
53,167,158
54,167,159
55,167,160
56,167,160
56,168,161
58,168,161
59,169,161
59,169,161
59,169,162
60,170,162
60,170,162
60,170,162
60,171,163
60,171,163
60,171,163
60,171,163
61,171,163
61,171,163
62,170,163
62,170,163
61,171,163
61,171,163
61,171,163
61,171,163
61,171,163
61,171,163
62,171,164
63,171,164
63,171,164
63,172,164
64,172,164
65,172,165
65,172,165
65,172,165
66,173,166
66,173,166
65,172,165
65,172,165
65,172,165
65,172,166
64,172,165
64,172,165
65,172,166
65,172,165
65,172,165
64,172,164
63,172,164
63,172,164
63,171,164
63,171,164
62,171,163
62,171,163
62,171,163
61,170,163
61,170,163
61,170,163
61,171,163
61,171,163
61,171,163
61,171,163
61,170,164
61,171,164
61,171,163
62,171,164
64,172,164
65,173,165
66,173,166
66,173,166
66,173,166
66,173,166
66,173,166
65,172,165
65,172,165
64,172,164
64,172,164
64,172,164
64,172,164
63,171,164
63,171,164
63,171,164
63,171,164
63,171,164
63,171,164
63,172,164
63,171,163
63,171,163
63,171,164
62,171,164
62,171,164
62,171,164
60,170,163
60,170,163
60,170,163
60,170,163
61,171,164
61,171,163
63,171,163
63,171,164
63,171,164
63,171,164
63,171,164
63,172,164
63,172,164
63,171,164
63,171,164
63,171,164
63,171,164
63,171,164
63,171,163
63,171,164
64,172,164
65,172,165
65,173,165
66,173,166
66,173,166
66,173,166
66,173,166
66,173,166
66,173,166
66,173,166
65,172,165
65,172,165
65,172,165
64,172,164
64,172,164
64,172,164
63,171,164
63,171,163
63,171,164
63,171,164
63,171,164
64,172,164
64,172,164
65,172,165
65,172,165
65,172,165
66,173,166
66,173,166
66,173,166
67,173,166
67,173,166
67,173,166
66,173,166
65,172,165
64,172,164
64,172,164
64,172,164
64,171,164
64,171,164
63,170,164
62,170,163
62,170,164
62,170,164
61,170,163
61,170,163
59,169,162
58,168,161
58,168,161
56,168,160
54,167,159
53,166,158
51,165,157
49,163,156
46,163,154
43,162,153
42,159,152
39,159,151
38,160,151
38,160,151
40,160,151
27,156,144
27,155,144
29,156,146
33,156,148
36,159,150
41,160,152
43,162,154
45,163,155
47,164,155
48,165,156
50,165,157
51,165,158
53,166,158
53,167,158
54,167,159
55,167,160
56,168,161
58,168,161
59,169,161
59,169,162
59,169,162
60,170,162
60,170,162
60,170,162
60,170,162
60,171,163
60,171,163
60,171,163
60,171,163
61,171,163
61,171,163
61,171,163
61,171,163
61,171,163
60,171,163
60,171,163
60,171,163
61,171,163
61,171,163
63,171,163
63,171,164
63,172,164
64,172,164
65,172,165
65,172,165
66,173,166
66,173,166
66,173,166
66,173,166
65,172,165
65,172,165
65,172,165
64,172,165
64,172,165
65,172,166
65,172,166
65,172,165
64,172,164
63,171,164
63,171,164
63,171,164
63,171,164
63,171,164
63,171,164
63,171,164
63,171,163
63,171,164
63,171,164
63,171,164
62,171,164
61,171,163
61,171,163
61,170,164
61,171,164
61,171,164
62,171,164
63,171,164
65,172,165
66,173,166
66,173,166
66,173,166
66,173,166
66,173,166
66,173,166
65,172,165
64,172,164
64,172,164
64,172,164
64,172,164
64,172,164
64,172,164
64,172,164
63,171,164
63,171,164
63,171,164
63,172,164
63,172,164
63,172,164
63,172,164
63,171,164
63,171,164
62,171,164
62,171,164
61,170,164
61,170,164
61,171,164
61,171,164
63,171,164
63,171,164
63,171,164
63,172,164
63,172,164
63,172,164
63,172,164
63,172,164
63,172,164
63,172,164
63,172,164
63,172,164
63,172,164
64,172,164
64,172,164
65,173,165
65,173,165
66,173,166
66,173,166
66,173,166
66,173,166
66,173,166
66,173,166
66,173,166
66,173,166
66,173,166
65,172,165
65,172,165
64,172,164
64,172,164
64,172,164
64,172,164
63,172,164
63,172,164
63,172,164
63,172,164
64,172,164
64,172,164
65,172,165
65,172,165
66,173,166
66,173,166
66,173,166
66,173,166
67,173,166
67,173,166
67,172,165
66,173,166
65,172,165
65,172,165
64,172,164
64,172,164
64,171,164
64,171,164
64,171,164
63,170,164
62,170,164
62,170,164
62,170,164
61,170,164
60,169,163
59,169,162
58,168,161
57,168,160
55,167,159
54,167,158
52,165,157
51,165,157
47,163,155
45,162,154
42,159,152
40,159,151
38,160,151
38,160,151
40,160,151
40,160,151
27,153,144
27,155,145
30,156,146
33,158,148
37,159,151
41,160,153
43,161,153
45,162,154
47,164,155
48,165,156
49,165,157
51,165,158
52,166,158
53,166,158
54,167,159
54,167,159
56,168,161
58,168,161
58,169,161
59,169,162
59,169,162
60,170,162
60,170,162
60,170,162
60,170,162
60,170,162
60,171,163
60,171,163
60,171,163
60,171,163
60,171,163
61,171,163
60,171,163
60,171,163
60,170,162
60,170,162
60,170,162
60,170,162
61,171,163
61,171,163
63,171,164
63,172,164
64,172,164
65,172,165
65,172,165
66,173,166
66,173,166
66,173,166
66,173,166
65,172,165
65,172,165
65,172,165
64,172,164
64,172,164
65,172,166
65,172,166
65,172,165
65,172,165
63,171,164
63,171,164
63,171,164
63,172,164
63,172,164
64,171,164
64,171,164
64,171,164
63,172,164
63,172,164
63,172,164
63,172,164
63,171,164
62,171,164
61,171,164
61,171,164
61,171,164
62,171,164
63,171,163
65,172,165
65,173,165
66,173,166
66,173,166
66,173,166
66,173,166
65,172,165
65,172,165
64,172,164
64,172,164
64,172,164
64,172,164
64,172,164
65,172,165
65,172,165
65,172,165
65,172,165
64,172,164
64,172,164
64,172,164
64,172,164
64,172,164
64,172,164
65,171,165
64,171,164
63,172,164
63,171,164
63,171,164
63,171,164
63,171,164
63,171,164
63,171,164
63,171,164
64,172,164
64,172,164
64,172,164
64,172,164
64,172,164
64,172,164
64,172,164
64,172,164
64,172,164
64,172,164
65,172,165
65,172,165
66,173,166
66,173,166
66,173,166
66,173,166
66,173,166
66,173,166
66,173,166
66,173,166
66,173,166
66,173,166
66,173,166
65,172,165
65,172,165
65,172,165
65,172,165
64,172,164
64,172,164
64,172,164
63,172,164
63,172,164
64,172,164
64,172,164
64,172,164
65,172,165
65,172,165
66,173,166
66,173,166
66,173,166
66,173,166
66,173,166
66,173,166
66,173,166
66,173,166
65,172,165
65,172,165
64,172,164
64,172,164
64,172,164
64,171,164
64,171,164
63,170,165
63,170,165
63,171,164
62,170,164
62,170,164
61,170,163
60,169,163
58,168,161
57,168,160
56,167,160
54,167,158
52,166,158
51,165,157
50,164,156
46,163,154
43,160,152
41,159,151
39,159,151
39,159,151
39,159,151
40,160,151
27,152,144
26,154,143
27,155,145
32,156,147
36,157,150
38,159,151
41,160,152
43,162,154
45,162,154
46,163,155
48,165,156
49,165,157
51,165,158
52,166,159
53,166,158
54,166,159
54,167,159
56,167,160
57,168,161
58,169,161
58,169,161
59,169,162
59,169,162
59,169,162
59,169,162
59,169,162
59,169,162
60,170,162
60,170,162
60,170,162
60,171,163
60,171,163
60,170,162
60,170,162
59,169,162
58,169,162
58,169,162
58,169,162
59,169,163
60,170,162
61,171,163
61,171,163
63,171,164
64,172,164
65,172,165
65,172,165
65,172,165
66,173,166
66,173,166
66,173,166
65,172,165
65,172,165
65,172,165
65,172,165
65,172,165
65,172,166
65,172,166
65,172,166
65,172,165
63,171,165
63,171,164
63,171,164
63,172,164
63,172,164
65,171,165
65,172,164
66,172,165
66,172,166
65,172,165
64,172,164
64,172,164
64,172,164
63,171,164
62,171,164
61,171,164
62,171,164
62,171,164
63,171,163
64,172,164
65,172,165
65,173,165
65,173,165
66,173,166
65,173,165
65,172,165
65,172,165
64,172,164
64,172,164
64,172,164
64,172,164
65,172,165
65,172,165
65,173,165
65,173,165
65,173,165
65,173,165
65,172,165
65,172,165
65,172,165
65,172,165
66,172,166
65,172,165
65,171,165
65,171,165
64,172,164
63,172,164
63,172,164
63,172,164
63,172,164
64,172,164
64,172,164
64,172,164
64,172,164
64,172,164
64,172,164
64,172,164
64,172,164
64,172,164
65,172,165
65,172,165
65,172,165
66,173,166
66,173,166
66,173,166
67,173,166
67,173,166
66,173,166
66,173,166
66,173,166
66,173,166
66,173,166
66,173,166
66,173,166
66,173,166
66,173,166
65,172,165
65,172,165
65,172,165
65,172,165
64,172,164
64,172,164
64,172,164
64,172,164
64,172,164
64,172,164
65,172,165
65,172,165
66,173,166
66,173,166
66,173,166
66,173,166
66,173,166
66,173,166
66,173,166
66,173,166
65,172,165
65,172,165
65,172,165
65,172,165
64,172,164
64,172,164
64,172,164
63,172,164
63,172,164
63,171,164
63,171,164
63,171,164
62,170,164
62,170,164
61,170,163
60,169,163
58,169,161
57,168,160
55,167,159
54,167,158
52,165,157
50,164,156
47,163,155
45,162,154
42,160,152
40,159,150
39,159,151
39,159,151
40,160,151
40,160,151
27,155,144
28,154,145
30,155,146
33,158,148
36,159,150
40,160,152
42,161,153
44,162,154
45,163,155
47,164,155
48,165,156
50,165,157
51,166,158
52,166,159
53,166,158
54,167,159
54,167,159
56,168,161
57,168,161
58,168,161
58,169,161
58,169,161
58,169,161
58,169,161
58,169,161
58,169,161
58,169,161
58,169,161
59,169,162
60,170,162
60,170,162
60,170,162
59,169,162
58,169,161
58,169,161
58,169,162
58,169,162
58,169,162
58,169,162
59,169,163
60,170,162
60,171,163
63,171,163
63,172,164
64,172,164
65,172,165
65,172,165
65,172,165
65,172,165
65,172,165
65,172,165
65,172,165
65,172,165
65,172,165
65,172,165
65,172,166
65,172,166
65,172,166
63,171,165
63,171,165
63,171,164
63,171,163
63,171,164
63,172,164
65,172,164
66,172,165
66,172,165
66,172,165
65,172,164
65,172,165
65,172,165
65,172,165
64,172,164
63,171,164
63,171,163
62,171,164
63,171,163
64,172,164
65,172,165
65,172,165
65,173,165
65,173,165
65,173,165
65,173,165
65,172,165
65,172,165
64,172,164
64,172,164
65,172,165
65,172,165
65,172,165
65,172,165
65,172,165
65,172,165
65,173,165
65,173,165
65,173,165
65,173,165
66,173,166
66,173,166
66,172,166
66,172,165
66,172,165
65,172,165
64,172,164
64,172,164
64,172,164
64,172,164
64,172,164
64,172,164
64,172,164
65,172,165
65,172,165
65,172,165
65,172,165
65,172,165
65,172,165
65,172,165
65,172,165
66,173,166
66,173,166
66,173,166
66,173,166
67,172,165
67,172,165
67,172,165
66,173,166
66,173,166
66,173,166
66,173,166
66,173,166
66,173,166
66,173,166
66,173,166
66,173,166
66,173,166
66,173,166
65,172,165
65,172,165
65,172,165
64,172,164
64,172,164
64,172,164
64,172,164
65,172,165
65,172,165
66,173,166
66,173,166
66,173,166
66,173,166
66,173,166
66,173,166
66,173,166
65,172,165
65,172,165
65,172,165
65,172,165
65,172,165
65,172,165
64,172,164
64,172,164
64,172,164
64,172,164
63,172,164
63,172,164
63,172,165
63,171,164
63,171,164
62,170,164
61,170,163
60,169,163
58,169,161
57,168,160
56,167,160
54,167,158
52,166,158
52,165,157
50,164,156
46,163,154
43,161,152
41,159,151
40,159,150
39,159,151
40,160,151
40,160,151
27,154,144
29,154,145
32,156,147
36,157,150
38,159,151
40,160,152
43,161,153
45,161,155
46,164,155
48,163,156
49,165,157
51,166,158
52,166,159
53,166,158
54,166,159
54,167,159
54,167,159
56,168,161
57,168,161
58,168,161
58,169,161
58,169,161
58,169,161
58,169,161
58,169,161
58,169,161
58,169,161
58,169,161
58,169,161
58,169,161
58,169,161
58,169,161
58,169,161
58,169,161
58,169,161
58,169,161
58,169,162
58,169,162
58,169,162
58,169,162
59,169,163
60,170,163
61,171,163
63,171,164
63,172,164
64,172,164
65,172,165
65,172,165
65,172,165
65,172,165
65,172,165
65,173,165
65,173,165
65,173,165
65,173,165
65,172,166
65,172,166
65,172,166
63,171,165
63,171,165
63,171,164
63,171,164
63,171,164
63,172,164
66,172,165
67,172,165
68,173,164
68,173,164
66,172,165
65,172,165
65,172,165
65,172,165
65,172,165
64,172,164
64,172,164
63,171,163
64,172,164
64,172,164
65,172,165
65,173,165
65,173,165
65,173,165
65,173,165
65,173,165
65,172,165
65,172,165
64,172,164
64,172,164
65,172,165
65,172,165
65,172,165
65,172,165
65,172,165
65,172,165
65,173,165
66,173,166
66,173,166
66,173,166
66,173,166
66,173,166
66,173,166
67,172,165
66,172,166
66,172,166
65,172,165
64,172,164
64,172,164
64,172,164
64,172,164
65,172,165
65,172,165
66,173,166
66,173,166
66,173,166
66,173,166
66,173,166
66,173,166
66,173,166
66,173,166
66,173,166
66,173,166
67,172,165
67,172,165
67,172,165
67,173,166
67,172,165
66,173,166
66,173,166
66,173,166
66,173,166
66,173,166
66,173,166
66,173,166
66,173,166
66,173,166
66,173,166
66,173,166
66,173,166
65,172,165
65,172,165
65,172,165
65,172,165
65,172,165
65,172,165
65,172,165
65,172,165
66,173,166
66,173,166
66,173,166
66,173,166
66,173,166
65,172,165
65,172,165
65,172,165
65,172,165
65,172,165
65,172,165
65,172,165
65,172,165
65,172,165
65,172,165
64,172,164
64,172,164
64,172,164
64,172,164
63,172,164
63,171,164
63,171,164
62,170,164
62,170,164
61,170,163
59,169,162
58,169,160
57,168,161
55,167,159
54,166,158
52,165,157
50,164,156
47,163,155
45,162,154
42,160,152
40,159,151
39,159,151
39,159,151
40,160,151
28,154,145
28,154,145
30,155,146
33,158,148
36,159,150
40,160,151
43,161,153
45,161,155
46,163,155
48,163,156
49,165,157
51,165,158
52,166,158
53,166,158
54,166,159
54,167,159
54,167,159
56,168,161
56,168,161
58,168,161
58,168,161
58,169,161
58,169,161
58,169,161
58,168,161
58,168,161
58,168,161
58,169,161
58,169,161
58,169,161
58,169,161
58,169,161
58,169,161
58,169,161
58,169,161
58,169,161
58,169,161
58,169,161
58,169,161
58,169,162
58,169,162
58,169,162
59,169,162
60,170,163
61,171,163
63,171,163
63,172,164
64,172,164
65,172,165
65,173,165
65,173,165
65,173,165
65,173,165
65,173,165
65,173,165
65,173,165
65,172,166
65,172,166
65,172,166
63,171,165
63,171,165
63,171,164
63,171,164
63,171,164
63,171,164
65,171,164
66,172,164
66,172,164
66,172,164
66,173,165
65,172,165
65,172,165
65,172,165
65,172,165
65,172,165
65,172,165
65,172,165
65,172,165
65,172,165
65,173,165
65,173,165
65,173,165
65,173,165
65,173,165
65,173,165
65,172,165
65,172,165
64,172,164
64,172,164
65,172,165
65,172,165
65,172,165
65,172,165
65,172,165
65,172,165
65,172,165
66,173,166
66,173,166
66,173,166
66,173,166
66,173,166
66,173,166
66,173,166
66,173,166
66,173,166
65,172,165
65,172,165
65,172,165
65,172,165
65,172,165
66,173,166
66,173,166
66,173,166
66,173,166
66,173,166
66,173,166
66,173,166
66,173,166
66,173,166
67,173,166
67,173,166
67,173,166
67,173,166
67,172,165
67,172,165
67,172,165
67,172,165
66,173,166
66,173,166
66,173,166
66,173,166
66,173,166
66,173,166
66,173,166
66,173,166
66,173,166
66,173,166
66,173,166
66,173,166
66,173,166
66,173,166
65,172,165
65,172,165
65,172,165
65,172,165
65,172,165
66,173,166
66,173,166
66,173,166
66,173,166
66,173,166
65,172,166
65,172,165
65,172,165
65,172,165
65,172,165
65,172,165
65,172,165
65,172,165
65,172,165
65,172,165
65,172,165
65,172,165
64,172,164
64,172,164
64,172,164
64,172,164
63,172,164
63,171,164
62,170,164
62,170,164
61,170,163
60,169,163
59,169,161
58,168,161
56,168,161
54,167,159
52,166,158
52,165,158
50,164,156
46,162,154
43,161,152
41,159,151
40,159,150
39,159,151
39,159,151
40,160,151
29,155,145
30,155,146
33,157,147
36,159,149
40,160,151
42,161,153
45,162,155
46,163,155
47,163,155
50,164,157
51,165,158
52,166,158
54,166,158
54,167,158
54,167,159
55,167,160
56,168,161
57,168,161
58,168,161
58,168,161
58,169,161
58,169,161
58,169,161
58,168,161
58,168,161
58,168,161
58,168,161
57,169,161
58,169,161
58,169,161
58,169,161
58,169,161
58,169,161
58,169,161
58,169,161
58,169,161
58,169,161
58,169,161
58,169,161
58,169,161
58,169,162
58,169,162
59,169,162
59,170,163
60,170,163
61,171,164
63,171,163
63,171,164
63,171,164
65,172,165
65,172,165
65,172,165
65,172,165
65,172,165
65,173,165
65,173,165
65,172,166
65,172,166
65,172,166
63,171,165
63,172,164
63,171,164
63,171,164
63,171,164
63,171,164
63,171,164
65,171,164
66,172,165
66,172,165
66,173,165
65,172,165
65,172,165
65,172,165
65,172,165
65,172,165
65,172,165
65,172,165
65,172,165
65,172,165
65,173,165
66,173,166
66,173,166
66,173,166
66,173,166
65,173,165
65,173,165
65,172,165
64,172,164
64,172,164
64,172,164
64,172,164
65,172,165
65,172,165
65,172,165
65,172,165
65,173,165
66,173,166
66,173,166
66,173,166
66,173,166
66,173,166
66,173,166
66,173,166
66,173,166
66,173,166
66,173,166
65,172,165
65,172,165
66,173,166
66,173,166
66,173,166
66,173,166
66,173,166
66,173,166
66,173,166
66,173,166
66,173,166
66,173,166
66,173,166
67,173,166
67,173,166
66,173,166
66,173,166
66,173,166
66,173,166
66,173,166
66,173,166
66,173,166
65,172,166
65,172,166
66,173,166
66,173,166
66,173,166
66,173,166
66,173,166
66,173,166
66,173,166
66,173,166
66,173,166
66,173,166
66,172,166
65,172,165
65,172,165
65,172,165
65,172,165
65,172,165
65,172,165
66,173,166
66,173,166
66,173,166
65,172,165
65,172,166
64,172,164
64,172,164
64,172,164
65,172,165
65,172,165
65,172,165
65,172,165
65,172,165
65,172,165
65,172,165
65,172,165
65,172,165
65,172,165
64,172,164
64,172,164
63,172,164
62,171,163
62,170,164
62,170,164
61,170,163
61,170,163
59,169,162
58,169,161
58,168,161
55,167,160
53,166,158
52,165,158
50,164,156
47,163,155
45,162,154
42,160,152
40,159,150
39,159,151
39,159,151
40,160,151
31,157,146
31,157,146
33,157,147
36,159,149
38,160,151
43,161,153
45,162,155
46,163,155
48,163,156
50,164,157
51,165,158
52,166,158
54,166,158
54,167,159
55,167,159
56,168,161
56,168,161
58,168,161
58,168,161
58,168,161
58,169,161
58,169,161
58,169,161
58,169,161
58,169,161
58,168,161
58,168,161
58,168,161
57,169,161
57,169,161
58,169,161
58,169,161
58,169,161
58,169,161
58,169,161
59,169,162
59,169,162
59,169,162
58,169,161
58,169,161
58,169,161
58,169,161
59,169,163
59,169,162
59,170,163
59,170,163
61,171,164
62,171,164
63,171,164
63,171,164
63,171,164
65,172,165
65,172,165
65,172,165
65,172,165
65,173,165
65,173,165
65,173,165
65,173,165
65,172,166
64,172,164
63,172,164
63,172,164
63,171,164
63,171,164
63,171,164
63,171,164
63,172,164
65,171,164
64,172,164
65,172,165
65,172,165
65,172,165
65,172,165
65,172,165
65,172,165
65,172,165
65,172,165
65,172,165
65,173,165
66,173,166
66,173,166
66,173,166
66,173,166
66,173,166
66,173,166
65,173,165
65,173,165
65,172,165
64,172,164
63,171,164
63,171,164
63,171,164
65,173,165
65,173,165
65,173,165
65,173,165
65,173,165
66,173,166
66,173,166
66,173,166
66,173,166
66,173,166
66,173,166
66,173,166
66,173,166
66,173,166
65,172,165
66,173,166
66,173,166
66,173,166
66,173,166
66,173,166
66,173,166
66,173,166
66,173,166
66,173,166
66,173,166
66,173,166
66,173,166
67,173,166
67,173,166
66,173,166
66,173,166
66,173,166
66,173,166
66,173,166
66,173,166
65,172,166
65,172,166
65,172,166
65,172,165
66,173,166
66,173,166
66,173,166
66,173,166
66,173,166
66,173,166
66,173,166
66,173,166
66,173,165
66,173,165
65,172,164
65,172,165
65,172,165
65,172,165
65,172,165
65,172,165
66,173,166
66,173,166
65,172,165
65,172,165
64,172,164
63,172,164
63,172,164
63,172,164
64,172,164
65,172,165
65,172,165
65,172,165
65,172,165
65,172,165
65,172,165
65,172,165
65,172,165
65,172,165
65,172,165
64,172,164
63,172,164
62,171,163
62,170,164
61,170,163
61,170,163
61,170,163
59,169,162
58,168,161
58,168,161
56,167,161
54,166,159
52,165,158
51,164,157
48,163,155
46,162,154
43,161,152
40,159,150
39,159,151
38,160,151
38,160,151
41,160,151
33,155,147
34,157,148
36,159,149
38,160,151
42,160,153
45,162,155
47,163,155
48,163,156
50,164,157
51,165,158
52,166,158
54,166,158
54,167,159
56,168,160
56,168,160
58,168,161
58,168,161
58,168,161
58,169,161
58,169,161
59,169,162
60,170,162
59,169,162
59,169,162
58,169,161
58,168,161
58,168,161
57,169,161
57,169,161
58,169,161
58,169,161
58,169,161
59,170,162
59,169,162
59,169,162
59,169,162
59,169,162
59,169,162
59,169,162
59,169,162
59,169,162
59,169,162
59,169,162
59,170,163
59,170,163
59,170,163
61,171,164
61,171,164
62,171,164
63,171,164
63,171,164
64,172,164
65,172,165
65,172,165
65,173,165
65,173,165
65,173,165
65,173,165
65,173,165
65,172,165
64,172,164
64,172,164
63,172,164
63,171,164
63,171,164
63,171,164
62,171,164
62,171,164
63,171,163
63,171,163
63,171,164
63,171,164
63,171,164
64,172,164
64,172,164
64,172,164
65,172,165
65,172,165
65,172,165
65,173,165
66,173,166
66,173,166
66,173,166
66,173,166
66,173,166
66,173,166
65,173,165
65,173,165
64,172,164
63,171,164
63,171,165
63,171,165
63,171,165
63,171,164
63,171,164
65,172,165
65,173,165
65,173,165
66,173,166
66,173,166
66,173,166
66,173,166
66,173,166
66,173,166
66,173,166
66,173,166
66,173,166
66,173,166
66,173,166
66,173,166
66,173,166
66,173,166
66,173,166
66,173,166
66,173,166
66,173,166
66,173,166
66,173,166
66,173,166
66,173,166
66,173,166
66,173,166
66,173,166
66,173,166
66,173,166
66,173,166
66,173,166
66,173,166
65,172,166
65,172,166
65,172,166
65,172,165
65,172,165
65,172,165
66,173,166
66,173,166
66,173,166
66,173,166
66,173,166
65,172,165
65,172,165
65,172,165
65,172,165
64,172,164
63,171,164
63,171,164
63,171,164
64,172,164
65,172,165
65,172,165
64,172,164
64,172,164
63,172,164
63,172,164
63,172,164
63,172,164
64,172,164
64,172,164
65,172,165
65,172,165
65,172,165
66,173,166
66,173,166
66,173,166
65,172,165
65,172,165
65,172,165
64,172,164
63,172,164
62,170,164
61,170,163
61,170,163
61,170,163
60,169,163
60,170,162
59,169,162
58,169,161
56,167,160
55,167,160
53,165,158
51,164,157
48,163,155
46,163,154
43,161,152
40,159,150
39,159,151
38,160,151
39,160,151
41,160,151
36,157,149
37,159,150
40,160,151
42,161,153
45,162,155
47,163,155
49,163,157
50,164,157
52,165,158
53,166,158
54,167,159
54,167,159
56,168,160
57,168,160
58,168,161
58,169,161
58,169,161
59,169,162
60,170,162
60,170,162
60,170,162
60,171,163
60,170,162
59,169,162
58,169,161
58,169,161
58,169,161
57,169,161
58,169,161
58,169,161
58,169,161
59,170,162
59,169,162
60,170,162
60,170,162
60,170,161
60,170,162
60,170,162
59,169,162
59,169,162
59,169,162
60,170,162
60,170,162
60,170,162
60,170,163
60,170,163
61,171,164
61,171,164
62,171,164
63,171,164
63,171,165
63,171,164
65,172,165
65,172,165
65,172,165
65,173,165
65,173,165
65,173,165
65,172,165
65,172,165
64,172,164
64,172,164
64,172,164
63,172,164
63,171,164
63,171,163
62,171,164
61,171,163
60,171,163
60,170,163
60,170,163
61,171,164
61,171,164
61,170,164
62,171,164
63,171,164
63,171,164
64,172,164
65,172,165
65,172,165
66,173,166
66,173,166
66,173,166
66,173,166
66,173,166
66,173,166
66,173,166
65,173,165
63,171,164
63,171,164
63,171,165
63,171,164
63,171,164
63,171,163
63,171,164
63,171,164
64,172,164
65,172,165
65,172,165
65,172,165
66,173,166
66,173,166
66,173,166
66,173,166
66,173,166
66,173,166
66,173,166
66,173,166
66,173,166
66,173,166
66,173,166
66,173,166
66,173,166
66,173,166
66,173,166
66,173,166
66,173,166
66,173,166
66,173,166
66,173,166
66,173,166
66,173,166
66,173,166
66,173,166
66,173,166
66,173,166
66,173,166
66,173,166
65,172,166
65,172,166
65,172,166
65,172,165
65,172,165
65,172,165
65,172,165
65,173,165
65,172,165
65,172,165
64,172,164
64,172,164
63,171,164
63,171,164
63,171,164
62,171,164
62,171,164
62,171,164
62,171,164
63,171,163
63,171,164
63,172,164
63,172,164
63,172,164
63,171,164
63,171,164
63,172,164
63,172,164
63,172,164
64,172,164
65,172,165
65,172,165
66,173,166
66,173,166
66,173,166
66,173,166
66,173,166
65,172,165
65,172,165
64,172,164
63,171,164
62,170,164
61,170,164
61,170,164
61,170,163
60,171,163
60,170,163
59,169,163
58,169,161
57,168,161
55,167,160
54,166,159
52,165,158
51,164,157
47,163,154
45,162,154
40,159,151
40,159,150
39,160,151
40,160,151
41,160,151
37,159,150
37,159,150
40,159,151
42,161,153
45,162,155
48,163,156
50,164,157
51,165,158
52,165,157
53,166,158
54,167,159
54,167,159
56,168,161
57,168,161
58,168,161
58,169,161
59,169,162
59,169,162
60,170,162
60,170,162
60,171,163
60,171,163
61,171,163
61,171,163
60,171,163
59,169,162
58,169,161
58,169,161
58,169,161
58,169,161
58,169,161
59,170,162
60,170,162
60,170,162
60,170,162
60,171,163
60,171,163
60,171,163
60,171,163
60,170,162
60,170,162
60,170,162
60,170,162
60,171,163
60,171,163
60,171,163
61,171,164
61,171,164
62,171,164
62,171,164
63,171,164
63,171,164
64,172,164
65,172,165
65,172,165
65,173,165
65,173,165
65,173,165
65,172,165
65,172,165
65,172,165
65,172,165
64,172,164
64,172,164
64,172,164
63,171,164
62,171,164
61,171,163
60,171,163
59,170,162
58,170,161
58,169,162
58,169,162
58,169,162
58,170,162
59,169,162
59,169,163
60,171,163
62,171,164
63,171,163
65,172,165
65,173,165
66,173,166
66,173,166
66,173,166
66,173,166
66,173,166
66,173,166
65,173,165
64,172,164
63,172,164
63,171,164
63,171,164
63,171,164
63,171,164
63,171,163
63,171,163
63,171,164
63,171,164
65,172,165
65,172,165
66,173,166
66,173,166
66,173,166
66,173,166
66,173,166
65,172,165
65,172,165
65,173,165
65,173,165
65,173,165
65,173,165
65,173,165
65,173,165
66,173,166
66,173,166
66,173,166
66,173,166
66,173,166
66,173,166
66,173,166
66,173,166
66,173,166
66,173,166
66,173,166
66,173,166
66,172,166
66,173,166
66,173,166
65,172,166
65,172,166
65,172,165
65,172,165
65,172,165
65,172,165
64,172,164
63,171,164
61,171,163
61,171,163
61,171,163
61,171,163
61,171,163
60,171,163
60,171,163
60,170,162
60,170,162
60,170,162
60,171,163
61,171,163
61,171,163
61,171,163
61,171,163
62,170,164
62,171,163
63,171,164
63,172,164
63,172,164
64,172,164
64,172,164
65,172,165
65,172,165
66,173,166
66,173,166
66,173,166
66,173,166
66,173,166
65,172,165
65,172,165
64,172,164
63,171,164
62,170,164
61,170,164
61,170,164
61,170,163
61,170,163
60,170,163
60,170,163
59,169,162
58,168,161
55,167,160
54,166,159
53,165,157
51,164,157
47,163,155
45,162,154
41,159,151
40,159,151
39,160,151
40,160,151
41,160,151
42,161,152
38,159,150
40,159,151
42,161,152
46,162,154
48,163,156
51,165,158
51,165,158
52,165,157
54,166,158
54,167,158
54,167,159
55,167,160
57,168,161
58,168,161
58,169,161
58,169,161
59,169,162
60,170,162
61,170,163
61,170,163
61,170,163
61,170,163
61,170,163
61,171,163
61,171,163
60,171,163
59,169,162
58,169,161
58,169,161
59,170,162
59,170,162
60,170,162
60,170,162
60,171,163
60,171,163
61,171,163
61,171,163
61,171,163
61,171,163
61,171,163
60,171,163
60,171,163
60,171,163
60,171,163
60,171,163
61,171,163
61,171,164
61,171,164
62,171,164
63,171,164
63,171,164
64,172,164
65,172,165
65,172,165
65,173,165
65,173,165
65,173,165
65,172,165
65,172,165
65,172,165
65,172,165
65,172,165
64,172,164
64,172,164
64,172,164
63,171,164
62,171,164
60,171,163
59,169,162
58,169,161
57,169,161
56,168,160
54,168,160
54,168,160
54,168,160
54,168,160
56,168,161
58,169,162
59,169,163
60,171,163
63,171,163
65,172,165
65,173,165
66,173,166
66,173,166
66,173,166
66,173,166
66,173,166
65,172,165
64,172,164
63,172,164
63,171,164
63,171,163
63,171,163
62,171,164
62,171,164
62,171,164
63,171,163
63,171,164
63,171,164
64,172,164
65,172,165
66,173,166
66,173,166
66,173,166
65,172,165
65,172,165
65,172,165
65,172,165
65,173,165
65,172,166
65,172,166
65,172,166
65,173,165
65,173,165
66,173,166
66,173,166
66,173,166
66,173,166
66,173,166
66,173,166
66,173,166
66,173,166
66,173,166
66,173,166
66,173,166
66,173,166
66,172,166
66,173,166
66,173,166
65,172,165
65,172,165
65,172,165
65,171,165
64,172,164
62,171,164
61,171,163
60,170,163
59,170,162
58,169,161
58,169,161
58,169,161
58,169,161
58,169,161
58,169,161
58,169,161
58,169,161
58,169,161
58,169,161
58,169,161
58,169,161
59,169,162
61,171,163
61,171,163
62,171,163
63,171,164
63,172,164
64,172,164
65,172,165
65,172,165
66,173,166
66,173,166
66,173,166
66,173,166
66,173,166
66,173,166
65,172,165
65,172,165
64,172,164
63,172,164
62,171,163
62,170,164
61,170,163
61,170,163
61,170,163
61,170,164
60,170,163
60,169,163
59,169,162
57,168,161
55,167,160
53,166,158
51,165,157
49,163,156
45,162,154
42,160,152
40,159,151
40,160,151
40,160,151
41,160,151
41,160,151
40,160,151
42,161,152
45,162,155
47,163,155
50,164,157
51,165,158
52,165,157
53,166,158
54,167,158
54,167,159
55,167,160
57,168,161
57,168,161
58,169,161
58,169,161
59,169,162
60,170,162
61,170,163
61,170,163
61,170,163
61,170,163
61,170,163
62,170,164
62,170,164
61,171,163
61,171,163
60,171,163
59,169,162
59,169,162
59,170,162
60,170,162
60,170,163
60,171,163
61,171,163
61,171,163
63,171,163
63,171,163
63,171,163
63,171,163
62,171,164
62,171,164
61,171,163
61,171,163
61,171,163
61,171,163
61,171,163
62,171,164
62,171,164
63,171,163
63,171,164
63,172,164
64,172,164
65,172,165
65,172,165
65,172,165
65,172,165
65,172,165
65,172,165
65,172,165
65,172,165
65,172,165
65,172,165
65,172,165
64,172,164
64,172,164
63,171,163
63,170,163
61,171,162
60,170,161
58,169,161
57,168,161
54,168,159
54,168,159
54,167,159
52,167,159
52,167,159
54,168,160
54,168,160
57,169,162
58,170,162
60,170,163
63,171,163
65,172,165
65,173,165
66,173,166
66,173,166
66,173,166
65,172,165
65,172,165
64,172,164
63,172,164
63,172,164
63,171,164
63,171,163
62,171,164
62,171,164
61,171,164
61,171,164
62,171,164
63,171,163
63,171,164
64,172,164
65,172,165
65,172,165
65,172,165
65,172,165
65,172,165
65,172,165
65,172,165
65,172,166
65,172,166
65,172,166
65,172,166
65,172,165
65,173,165
65,173,165
66,173,166
66,173,166
66,173,166
66,173,166
66,173,166
66,173,166
66,173,166
66,173,166
66,173,166
66,173,166
66,173,166
66,173,166
66,173,166
65,172,165
65,172,165
65,172,165
65,172,165
65,171,165
63,172,164
61,171,163
60,170,163
59,170,162
58,169,161
57,169,161
57,168,161
56,168,160
56,168,160
56,168,160
55,168,160
55,168,160
55,168,160
55,168,160
55,168,160
56,167,160
56,167,160
58,168,161
58,169,161
60,170,162
61,171,163
62,171,163
63,172,164
64,172,164
65,172,165
65,172,165
66,173,166
66,173,166
66,173,166
66,173,166
66,173,166
66,173,166
65,172,165
66,172,166
64,172,164
63,172,164
63,171,164
63,170,164
62,170,164
62,171,163
62,171,163
62,170,164
61,170,163
60,169,163
60,169,163
58,168,161
55,167,160
54,166,158
52,165,158
50,164,156
47,163,154
43,160,152
41,160,151
40,160,151
41,160,151
41,160,151
41,160,151
40,160,151
41,160,152
44,162,154
46,162,154
49,163,157
51,165,158
52,165,158
52,166,158
54,166,158
54,167,158
54,167,159
56,168,161
57,168,161
58,169,161
58,169,161
59,169,162
60,170,162
60,170,162
61,170,163
61,170,163
61,170,163
61,170,163
62,170,164
62,170,164
62,170,164
62,170,164
61,171,163
61,171,163
60,171,163
60,171,163
60,171,163
60,171,163
60,171,163
61,171,163
62,171,164
63,171,163
63,171,163
63,171,163
63,171,164
63,171,164
63,171,163
63,171,163
62,171,164
62,171,164
62,171,164
62,171,164
62,171,164
62,171,164
63,171,164
63,171,163
63,171,164
64,172,164
64,172,164
65,172,165
65,172,165
65,172,165
65,172,165
65,172,165
65,172,165
65,172,165
65,172,165
65,172,165
65,172,165
65,172,165
64,172,164
64,172,164
64,171,163
63,170,163
62,170,163
61,170,162
59,169,161
57,168,160
55,168,159
54,167,159
54,167,158
53,166,158
52,167,159
53,167,158
54,167,159
54,168,160
57,169,162
58,169,162
61,171,163
63,171,163
65,172,165
65,173,165
65,173,165
65,172,165
65,172,165
65,172,165
64,172,164
64,172,164
63,172,164
63,172,164
63,171,164
63,171,164
62,171,163
61,171,163
61,171,164
61,171,164
62,171,164
63,171,163
63,171,164
64,172,164
65,172,165
65,172,165
65,172,165
65,172,165
64,172,164
64,172,164
64,172,165
64,172,165
65,172,166
65,172,166
65,172,165
65,172,165
65,173,165
65,172,165
66,173,166
66,173,165
66,173,165
66,173,165
66,173,166
66,173,166
66,173,166
66,173,166
66,173,166
66,173,166
65,173,165
65,172,165
65,172,165
65,172,165
65,172,165
65,171,165
65,171,165
63,171,164
61,171,163
59,169,162
59,170,162
58,169,161
57,169,161
57,168,161
56,168,160
56,168,160
55,168,160
55,168,160
55,168,160
54,167,159
54,167,159
54,167,159
54,167,159
54,167,159
56,167,160
57,168,161
58,169,162
60,170,163
61,171,164
63,171,164
64,172,164
65,172,165
65,172,165
66,173,166
66,173,166
66,173,166
66,173,166
66,173,166
66,173,166
65,172,165
66,172,166
65,171,165
63,172,164
63,172,164
63,170,164
63,171,164
63,171,164
63,170,163
62,170,164
62,170,164
61,170,163
60,169,163
59,169,162
57,168,161
55,167,159
53,166,158
51,165,157
49,163,156
45,162,154
41,160,151
41,160,151
41,160,151
41,160,152
41,160,151
43,161,152
40,160,151
42,161,153
45,161,155
47,163,155
49,163,157
51,165,158
52,165,158
52,166,158
54,166,159
54,167,159
55,167,160
57,168,161
58,169,161
58,169,161
59,169,162
60,170,162
60,170,162
61,170,163
61,170,163
61,170,163
61,170,163
61,170,163
62,170,164
62,170,164
62,171,163
62,170,164
62,170,164
61,171,163
61,171,163
60,171,163
61,171,163
61,171,163
62,171,164
63,171,163
63,171,163
63,171,164
63,171,164
63,171,164
63,172,164
63,172,164
63,172,164
63,172,164
63,171,164
63,171,163
62,171,164
62,171,164
62,171,164
63,171,164
63,171,164
63,171,164
63,171,164
64,172,164
64,172,164
65,172,165
65,172,165
65,172,165
65,173,165
65,173,165
65,172,165
65,172,165
65,172,165
65,172,165
65,172,165
64,172,164
64,172,164
63,172,164
63,172,164
63,171,163
62,170,163
61,170,163
60,170,162
59,169,161
56,168,160
55,167,159
54,167,158
53,166,158
53,166,158
53,167,158
54,167,159
54,167,159
55,169,161
57,169,162
59,170,162
61,171,163
63,171,163
64,172,164
65,172,165
65,172,165
65,172,165
65,172,165
64,172,164
64,172,164
64,172,164
63,172,164
63,172,164
63,171,164
62,171,163
61,171,163
60,170,163
60,170,163
61,171,164
62,171,164
63,171,163
63,171,164
64,172,164
64,172,164
64,172,164
63,171,164
63,171,164
63,171,164
63,171,164
63,171,164
63,171,164
63,171,164
63,171,164
64,172,164
65,172,165
65,172,165
65,172,164
66,173,165
66,173,165
65,172,165
65,172,165
65,172,165
65,172,165
65,172,165
65,173,165
65,173,165
65,173,165
65,172,165
65,172,165
65,172,165
65,172,165
65,171,165
64,172,164
63,172,164
61,171,163
61,171,163
59,169,162
58,169,161
57,169,161
57,168,161
56,168,161
56,168,161
56,167,160
56,167,160
56,167,160
54,167,159
54,167,159
54,167,159
54,167,159
54,167,159
54,167,159
55,168,161
57,168,162
58,169,162
60,170,163
62,171,164
63,171,164
64,172,164
65,172,165
66,173,166
66,173,166
66,173,166
66,173,166
66,173,166
66,173,166
65,172,165
65,172,165
65,171,165
64,171,164
64,171,164
63,170,164
63,170,164
63,170,164
63,170,164
62,170,163
62,170,163
62,170,164
61,170,163
60,169,163
57,168,161
55,167,160
54,166,158
52,165,157
50,164,156
47,163,154
43,161,152
41,160,151
41,160,151
41,160,152
41,160,152
43,161,152
40,160,151
42,161,153
45,162,154
46,164,155
48,164,156
51,166,158
51,166,158
52,166,158
54,166,159
54,167,159
56,168,161
58,168,161
58,169,161
59,169,162
60,170,162
60,170,162
60,170,162
61,170,163
61,170,163
61,170,163
61,170,163
62,170,164
62,170,164
62,171,163
62,171,163
62,171,163
62,171,163
62,170,164
61,171,163
61,171,163
62,171,164
62,171,164
63,171,163
63,171,163
63,171,164
63,171,164
63,172,164
64,172,164
65,172,165
65,172,165
65,172,165
65,172,165
65,172,165
64,172,164
64,172,164
63,171,164
63,171,164
63,171,165
63,171,165
63,171,165
63,171,164
64,172,164
65,172,165
65,172,165
65,173,165
66,173,166
66,173,166
66,173,166
66,173,166
65,172,165
65,172,165
65,172,165
65,172,165
64,172,164
63,171,164
63,172,164
63,171,164
63,171,163
63,170,163
62,170,163
61,170,163
60,170,161
60,170,161
58,169,160
56,168,160
56,167,160
54,167,158
54,167,158
54,167,159
55,168,160
55,169,160
57,169,162
58,169,161
61,171,163
63,171,163
63,171,164
65,172,165
65,172,165
65,173,165
65,173,165
65,172,165
65,172,165
65,172,165
64,172,164
64,172,164
63,172,164
63,171,164
61,171,163
60,171,163
60,170,163
61,170,164
61,171,163
62,171,164
63,171,163
63,172,164
64,172,164
63,171,164
63,171,164
63,171,163
63,171,164
62,171,164
61,171,164
59,170,163
59,170,163
61,171,164
62,171,164
63,171,163
64,172,164
64,172,163
65,173,164
65,173,164
65,172,165
65,172,165
65,172,165
65,172,165
64,172,164
64,172,164
64,172,164
64,172,164
65,172,165
65,172,165
65,172,165
65,172,165
65,172,165
64,172,164
64,172,164
63,171,164
61,171,163
61,171,163
59,169,162
59,169,162
58,169,161
58,168,161
56,168,160
56,168,160
56,168,160
56,167,160
54,167,159
54,167,159
54,167,158
54,167,158
54,167,158
54,167,159
55,168,160
56,168,161
58,169,162
59,169,162
61,171,163
62,171,164
63,172,164
65,172,165
66,173,166
66,173,166
66,173,166
66,173,166
66,173,166
65,172,165
65,172,165
65,172,165
65,171,165
65,171,165
64,171,164
64,171,164
63,170,164
63,170,165
63,170,165
62,170,163
62,170,164
62,170,164
61,170,163
60,169,163
58,168,161
56,167,161
54,166,159
53,165,157
51,165,157
47,163,154
46,162,154
42,161,152
41,160,151
41,160,152
41,160,152
42,161,152
42,161,153
42,161,153
45,162,154
46,163,155
48,164,156
50,165,157
51,166,158
52,165,158
54,166,159
54,167,159
56,168,161
58,169,161
58,169,161
59,169,162
60,170,162
60,170,162
60,170,162
61,170,163
61,170,163
61,170,163
61,170,163
62,170,164
62,171,163
62,171,163
63,171,164
63,171,164
63,171,164
63,171,164
62,171,163
63,171,164
63,171,163
63,171,163
63,171,163
63,171,164
63,171,164
63,172,164
64,172,164
65,172,165
65,172,165
65,172,165
65,172,165
65,172,165
65,172,165
65,172,165
65,172,165
64,172,164
63,171,164
63,171,164
63,171,164
63,171,164
63,171,164
63,171,164
65,172,165
65,172,165
65,173,165
66,173,166
66,173,166
66,173,166
66,173,166
65,172,165
65,172,165
65,172,165
64,172,164
63,171,164
63,171,163
62,171,164
62,171,164
62,171,163
63,170,163
63,170,163
62,170,163
62,170,163
61,171,162
60,170,161
60,170,161
58,169,160
58,168,161
57,168,160
56,167,160
56,167,160
57,168,161
57,169,161
59,170,162
60,171,163
63,171,163
63,171,164
65,172,165
65,172,165
65,173,165
65,173,165
65,173,165
65,173,165
65,173,165
65,172,165
64,172,164
64,172,164
64,172,164
63,171,164
62,171,164
61,171,163
61,171,163
61,171,163
62,171,164
63,171,163
63,171,164
63,172,164
63,171,164
63,171,164
63,171,163
62,171,164
61,171,164
60,170,163
59,170,163
59,170,163
59,170,163
61,171,164
62,171,164
63,171,163
63,171,164
64,172,164
64,172,164
64,172,164
63,172,164
63,171,164
63,171,164
62,171,164
62,171,164
62,171,164
63,171,165
63,171,164
64,172,164
65,172,165
65,172,165
65,172,165
65,172,165
64,172,164
64,172,164
63,172,164
62,171,163
62,170,164
62,170,164
61,170,163
61,170,163
60,170,162
60,170,162
58,168,161
58,168,161
57,168,160
57,168,160
55,167,159
54,167,159
54,167,158
55,167,159
55,168,160
57,168,161
58,169,161
59,170,162
60,170,162
61,171,163
63,171,163
64,172,164
65,173,165
65,172,165
66,173,166
66,173,166
66,173,166
65,172,165
66,172,166
65,172,165
65,171,165
65,171,165
64,171,164
63,172,164
63,171,164
63,170,165
63,170,165
62,170,163
62,170,164
62,170,164
61,170,163
60,169,163
58,168,161
57,168,161
55,167,159
54,166,158
52,165,158
50,164,155
47,163,154
43,162,153
42,161,152
41,160,151
41,160,152
41,160,152
42,161,153
42,161,153
43,162,154
45,163,155
46,163,155
48,165,156
49,165,157
51,166,158
51,166,158
52,166,158
54,166,159
56,168,161
58,169,161
59,169,162
59,169,162
60,170,162
60,170,162
60,170,162
60,171,163
61,170,163
61,170,163
62,170,164
62,170,164
62,171,163
63,171,164
63,171,164
63,171,164
63,171,164
63,171,164
63,171,164
63,171,164
63,171,164
63,171,163
63,171,164
63,171,164
63,171,164
64,172,164
65,172,165
65,172,165
65,172,165
65,172,165
65,172,165
65,172,165
65,172,165
65,172,165
65,172,165
64,172,164
64,172,164
63,171,164
63,171,164
63,171,164
63,171,164
63,171,164
65,172,165
65,173,165
66,173,166
66,173,166
66,173,166
66,173,166
66,173,166
65,173,165
65,173,165
64,172,164
63,171,164
63,171,163
62,171,164
62,171,164
61,171,163
62,171,164
62,171,163
63,172,163
63,172,163
62,171,163
62,170,163
61,171,162
61,170,162
60,170,161
60,170,161
59,169,161
58,168,161
58,168,161
58,168,161
58,169,161
60,170,162
61,171,163
63,171,163
64,172,164
65,172,164
65,173,165
65,172,165
65,172,165
66,173,166
66,173,166
65,173,165
65,173,165
65,172,165
64,172,164
64,172,164
64,172,164
63,171,164
61,171,163
61,171,163
61,171,164
62,171,164
63,171,163
63,171,163
63,171,164
63,171,164
63,171,164
63,171,164
62,171,164
61,171,163
60,170,163
59,170,163
59,170,163
59,170,163
61,171,164
62,171,164
63,171,163
63,171,163
63,171,163
63,171,163
62,171,164
61,171,164
61,171,164
59,170,163
58,170,162
58,170,162
60,170,163
61,171,164
62,171,164
63,171,164
64,172,164
65,172,165
65,172,165
65,172,165
65,172,165
64,172,164
64,172,164
64,172,164
64,172,164
63,172,164
63,172,164
63,171,164
63,171,164
63,170,163
61,170,163
61,170,163
61,169,162
61,169,162
59,169,161
58,168,160
57,168,161
56,168,160
57,168,160
58,169,161
58,169,161
60,170,162
60,171,163
60,171,163
61,171,163
63,171,163
64,172,164
65,173,165
65,172,165
65,172,165
65,172,165
65,172,165
66,172,166
66,172,166
65,171,165
65,171,165
64,172,164
63,172,164
63,172,164
63,170,165
63,170,165
62,170,163
62,170,164
62,170,164
61,170,163
60,169,163
58,168,161
57,168,161
55,167,159
54,166,159
52,166,158
50,164,156
47,163,155
46,162,154
42,161,152
41,160,151
41,160,152
41,160,152
43,161,153
43,161,153
43,162,154
45,162,154
46,163,155
47,164,155
48,165,156
50,165,157
50,165,157
51,166,158
52,166,159
53,167,158
56,167,160
58,168,161
58,169,161
59,169,162
60,170,162
60,170,162
60,171,163
60,171,163
61,171,163
62,170,164
62,170,164
62,171,163
62,171,163
63,171,164
63,171,164
63,171,164
63,171,164
63,171,164
63,171,164
63,171,164
63,171,164
63,171,164
63,171,164
63,171,164
64,172,164
65,172,165
65,172,165
65,172,165
65,172,165
65,172,165
65,172,165
65,172,165
65,172,165
65,172,165
65,172,165
65,172,165
64,172,164
63,171,164
63,171,164
63,171,164
63,171,164
65,172,165
65,172,165
65,173,165
66,173,166
66,173,166
66,173,166
66,173,166
66,173,166
65,173,165
65,172,165
63,171,164
63,171,163
62,171,164
61,171,163
61,171,163
61,171,163
61,171,163
61,171,163
62,171,163
63,172,163
62,171,163
62,170,163
62,170,163
61,171,162
61,171,162
61,170,162
60,170,161
59,169,161
59,169,162
59,169,162
60,170,162
60,171,163
63,171,163
65,172,165
65,173,165
66,173,166
66,173,165
66,173,165
66,173,166
66,173,166
66,173,166
66,173,166
65,173,165
65,172,165
65,172,165
64,172,164
64,172,164
63,171,164
62,171,164
61,171,164
61,171,164
62,171,164
63,171,163
63,171,164
63,171,164
64,172,164
64,172,164
64,172,164
64,172,164
63,171,164
62,171,164
61,171,164
60,170,163
61,170,164
61,171,164
62,171,164
63,171,163
63,171,163
63,171,164
62,171,164
62,171,164
61,171,164
59,170,163
59,169,162
58,170,162
58,170,162
58,170,162
59,169,162
61,171,164
63,171,163
64,172,164
65,172,165
65,173,165
65,173,165
65,173,165
65,172,165
65,172,165
66,173,166
66,173,166
65,172,165
66,172,166
65,172,165
65,171,165
65,171,165
64,171,163
63,170,163
63,170,163
61,170,163
61,170,163
61,170,162
61,170,162
59,168,161
59,169,161
58,169,161
60,170,162
60,171,163
60,171,163
61,171,163
61,171,163
62,171,164
63,171,163
63,171,164
64,172,164
65,172,165
65,172,165
65,172,165
66,172,166
66,172,166
65,172,165
64,172,164
64,172,164
64,172,164
63,172,164
64,171,164
64,171,164
63,170,164
63,170,163
62,170,164
61,170,163
60,169,163
59,169,162
58,168,161
56,167,160
55,167,159
53,166,158
51,165,157
47,163,155
46,162,154
43,162,153
41,160,151
41,160,152
41,160,152
42,161,153
45,162,155
46,162,154
46,163,154
47,164,155
48,165,156
49,165,157
50,165,157
51,165,158
51,166,158
51,166,158
53,167,158
54,167,159
56,168,161
58,168,161
58,169,161
59,169,162
60,170,162
60,170,162
60,171,163
61,171,163
61,171,163
62,171,164
63,171,164
63,171,164
63,171,164
63,171,164
63,171,164
63,171,164
63,171,164
63,171,164
63,171,164
63,171,164
63,172,164
63,171,164
64,172,164
65,172,165
65,172,165
65,172,165
65,172,165
65,172,165
66,173,166
65,172,165
65,172,165
66,173,166
66,173,166
65,172,165
65,172,165
65,172,165
64,172,164
63,171,164
63,171,164
64,172,164
65,172,165
65,172,165
65,173,165
66,173,166
66,173,166
66,173,166
66,173,166
66,173,166
65,173,165
64,172,163
63,172,163
63,172,163
61,171,163
61,171,163
58,170,161
58,170,161
58,170,161
60,170,163
61,171,163
62,170,163
62,170,163
62,170,163
62,170,163
61,171,162
61,171,162
61,170,162
60,170,161
60,170,162
59,169,162
60,170,162
60,170,162
61,171,163
63,171,163
65,172,165
66,173,166
66,173,166
67,173,165
67,173,166
66,173,166
66,173,166
66,173,166
66,173,166
65,172,165
65,172,165
65,172,165
64,172,164
64,172,164
63,171,164
62,171,164
62,171,164
62,171,164
62,171,164
63,171,164
63,171,164
64,172,164
64,172,164
64,172,164
65,173,165
65,173,165
65,172,165
64,172,164
63,171,164
62,171,164
62,171,164
62,171,164
63,171,163
63,171,164
63,171,164
63,170,164
62,171,163
61,171,163
61,171,163
59,170,163
59,169,162
58,170,162
58,170,162
58,170,162
59,169,162
60,170,163
62,171,164
63,171,164
65,173,165
65,173,165
65,173,165
66,173,166
66,173,166
66,173,166
66,173,166
66,173,166
66,173,166
67,172,165
67,172,165
67,172,165
67,172,165
66,172,166
65,172,165
65,172,165
64,171,163
64,171,163
63,170,163
63,170,163
62,170,163
61,170,163
61,170,163
61,170,163
60,171,163
60,171,163
61,171,163
61,170,164
61,170,164
61,171,164
63,171,164
63,171,164
64,172,164
65,172,165
66,172,166
66,172,166
66,172,166
65,172,165
64,172,164
64,172,164
64,172,164
64,172,164
63,172,164
64,171,164
64,171,164
63,170,164
62,171,163
61,170,163
61,170,163
59,169,162
58,169,161
56,167,160
55,167,159
53,166,158
51,165,157
49,163,156
46,163,154
43,162,153
41,160,152
41,160,152
41,160,152
42,161,153
47,163,155
47,163,155
48,163,155
50,164,156
50,164,156
51,166,157
51,165,158
51,165,158
51,166,158
51,166,158
53,166,158
54,166,159
55,167,160
56,168,161
58,168,161
58,169,161
59,169,162
60,170,162
60,171,163
61,171,163
61,171,163
62,171,164
63,172,164
63,172,164
63,172,164
63,171,164
63,171,164
63,171,164
63,171,164
63,171,164
63,171,164
63,171,164
63,171,164
63,171,164
64,172,164
65,172,165
65,172,165
65,172,165
66,173,166
66,173,166
66,173,166
66,173,166
66,173,166
66,173,166
66,173,166
65,172,165
65,172,165
65,172,165
65,172,165
64,172,164
64,172,165
65,172,165
65,172,165
65,172,165
65,173,165
66,173,166
66,173,166
66,173,166
66,173,166
66,173,166
65,173,165
65,172,164
63,172,163
63,172,163
61,171,162
60,170,161
58,170,161
58,169,162
58,169,162
58,169,161
59,170,162
60,170,162
61,171,163
61,171,163
61,171,163
61,171,163
61,170,162
60,170,161
59,169,162
60,170,162
60,170,162
60,170,163
60,170,163
62,171,164
65,172,165
66,173,166
66,173,166
67,173,166
67,173,166
67,173,166
67,173,166
66,173,166
66,173,166
66,173,166
65,172,165
65,172,165
64,172,164
64,172,164
64,172,164
63,171,164
63,171,164
62,171,164
62,171,164
62,171,164
63,171,163
63,171,164
63,171,164
64,172,164
65,172,165
65,172,165
65,172,165
65,173,165
65,173,165
65,173,165
64,172,164
64,172,164
63,171,164
63,172,164
63,172,164
64,171,164
64,171,164
63,170,164
63,170,163
61,170,163
60,171,163
60,170,162
58,169,161
58,169,162
59,169,162
59,170,163
61,171,164
63,171,163
64,172,164
65,173,165
65,173,164
66,173,165
66,173,165
66,173,166
66,173,166
66,173,166
67,173,166
68,173,167
68,173,167
68,173,166
67,173,166
67,173,166
67,173,166
67,172,165
67,172,165
66,172,166
65,172,165
65,172,164
65,171,164
65,171,164
63,170,163
63,170,163
62,170,163
62,170,164
61,171,163
61,171,163
61,170,164
61,170,164
61,170,164
62,171,164
63,171,164
63,172,164
64,172,164
65,172,165
66,172,166
66,172,166
65,172,165
65,172,165
64,172,164
64,172,164
64,172,164
64,172,164
64,171,164
64,171,164
63,172,164
63,171,164
62,170,164
61,170,163
60,169,163
58,169,161
57,168,161
55,167,159
54,166,158
51,165,157
50,164,156
47,163,154
45,162,154
42,161,152
42,161,152
42,161,152
42,161,153
48,163,155
48,163,155
50,164,156
50,164,156
51,165,157
52,165,157
52,166,158
52,165,157
52,166,159
53,166,158
53,166,158
54,166,159
54,167,159
56,167,160
56,168,161
58,168,161
59,169,162
60,170,162
60,171,163
61,171,163
62,171,164
62,171,164
63,172,164
64,171,164
64,171,164
63,172,164
63,171,164
63,171,164
63,171,164
63,171,163
63,171,163
63,171,164
63,171,164
64,172,164
65,172,165
65,172,165
65,172,165
66,173,166
66,173,166
66,173,166
66,173,166
66,173,166
66,173,166
66,173,166
66,173,166
65,172,165
65,172,165
65,172,165
65,172,165
65,172,166
65,172,166
65,172,166
65,172,166
65,172,165
65,173,165
66,173,166
66,173,166
66,173,166
66,173,166
66,173,166
65,173,165
65,172,165
64,172,164
63,172,163
61,171,162
59,169,161
58,169,161
57,169,161
56,169,161
56,168,160
57,168,161
58,169,161
59,170,162
60,170,162
60,170,162
60,170,162
60,170,162
59,170,162
59,170,162
60,170,162
59,170,163
59,170,163
61,171,164
62,171,164
65,172,165
65,173,165
66,173,166
67,173,166
67,173,166
67,173,166
67,173,166
66,173,166
66,173,166
65,172,165
65,172,165
65,172,165
64,172,164
64,172,164
63,172,164
63,171,164
63,171,164
62,171,164
62,171,164
62,171,164
62,171,164
63,171,163
63,171,164
64,172,164
65,173,165
65,172,165
65,172,165
65,173,165
66,173,166
66,173,166
66,173,166
65,173,165
65,173,165
65,172,165
65,172,165
65,171,165
65,171,165
65,171,165
63,170,164
63,170,163
62,170,163
61,170,162
60,170,162
60,170,162
60,170,162
61,171,163
62,171,164
63,171,163
65,172,165
66,173,166
66,173,165
66,173,165
67,173,166
67,173,166
67,173,166
68,173,166
68,174,166
69,174,168
69,174,168
69,174,167
69,174,167
68,173,166
67,173,166
67,173,166
67,173,166
67,172,165
67,172,165
66,172,166
65,172,164
65,172,164
65,171,164
65,171,164
64,171,163
62,171,163
62,170,164
61,171,163
61,170,164
60,170,163
60,170,163
61,170,164
61,171,164
63,171,164
63,172,164
64,172,164
65,172,165
65,172,165
65,172,165
65,172,165
65,172,165
64,172,164
64,172,164
64,172,164
64,172,164
63,172,164
63,172,164
63,171,164
63,171,164
61,170,163
60,169,163
59,169,162
57,168,161
55,167,159
54,167,158
52,165,157
50,164,156
48,163,155
45,162,154
43,161,153
42,161,153
42,161,153
42,161,153
48,163,156
48,163,156
50,164,156
50,164,156
51,165,157
52,166,158
52,166,158
54,166,158
53,166,158
53,166,158
53,166,158
53,166,158
53,166,158
54,166,159
54,167,159
56,167,160
57,168,161
58,169,161
59,169,162
60,170,162
60,171,163
62,171,164
62,171,164
63,171,164
63,172,164
63,172,164
63,172,164
63,171,164
63,171,164
63,171,163
63,171,163
63,171,163
63,171,164
63,171,164
64,172,164
65,172,165
65,172,165
65,172,165
66,173,166
66,173,166
66,173,166
66,173,166
66,173,166
66,173,166
66,173,166
66,173,166
65,172,165
65,172,165
65,172,165
65,172,165
65,172,166
65,172,166
65,172,166
65,172,166
65,172,165
66,173,166
66,173,166
66,173,166
66,173,166
66,173,166
66,173,166
66,173,166
65,172,165
64,172,164
64,171,163
63,170,163
60,170,161
58,169,160
57,168,160
55,168,160
55,168,160
55,168,160
55,168,160
56,168,160
58,169,161
58,169,161
58,169,161
58,169,161
58,169,161
58,169,161
59,170,162
58,170,162
60,171,163
61,171,164
62,171,164
64,172,165
65,173,165
65,173,165
66,173,166
66,173,166
67,173,166
66,173,165
66,173,166
65,172,165
65,172,165
65,172,165
64,172,164
64,172,164
63,172,164
63,171,164
63,171,164
62,171,164
62,171,164
61,171,163
61,171,163
62,171,164
62,171,164
63,171,163
63,171,164
64,172,164
65,173,165
65,172,165
65,173,165
66,173,166
66,173,166
66,173,166
66,173,166
66,173,166
66,173,166
66,173,166
65,172,165
66,172,166
65,172,165
65,171,164
64,172,164
63,171,163
63,170,163
61,171,163
61,171,163
61,171,163
63,171,163
63,171,164
65,172,165
66,173,166
66,173,166
67,173,166
67,173,166
67,173,166
67,173,166
68,173,166
68,173,166
69,174,167
70,174,167
70,174,167
70,174,167
70,174,167
69,174,167
68,173,166
67,173,166
67,173,166
67,173,166
67,173,166
67,172,165
67,172,165
66,172,165
65,172,164
65,171,164
65,171,164
64,171,163
63,172,164
62,170,164
61,170,164
60,170,163
60,170,163
60,170,163
60,170,163
62,171,164
63,171,164
63,172,164
64,172,164
65,172,164
65,172,165
65,172,165
65,172,165
64,172,164
64,172,164
64,172,164
64,172,164
63,172,164
63,172,164
63,172,164
63,171,164
61,170,163
61,170,163
59,169,161
57,168,160
56,168,160
54,167,159
52,165,157
50,164,156
48,163,155
45,162,154
43,161,153
42,161,153
42,161,153
42,161,153
44,162,154
48,163,156
48,163,156
50,164,157
50,164,156
52,166,158
52,166,158
54,166,158
54,167,158
54,167,158
54,166,158
53,166,158
53,166,158
53,166,158
54,166,159
54,166,159
54,167,159
56,167,160
57,168,161
58,169,161
59,169,162
60,170,162
60,171,163
62,171,164
63,171,163
63,171,164
63,171,164
63,171,164
63,171,164
63,172,164
63,171,163
63,171,164
63,171,164
63,171,164
63,171,164
64,172,164
65,172,165
65,172,165
66,173,166
66,173,166
66,173,166
66,173,166
66,173,166
66,173,166
66,173,166
66,173,166
66,173,166
66,173,166
65,172,165
65,172,165
65,172,165
65,172,166
65,172,166
65,172,166
65,172,166
65,172,166
66,173,166
66,173,166
66,173,166
66,173,166
66,173,166
66,173,166
66,173,166
66,173,166
66,172,166
65,171,164
63,170,163
61,170,163
59,169,161
56,167,160
55,168,159
54,167,159
53,167,158
53,167,158
53,167,158
55,168,160
55,168,160
55,168,160
57,168,161
58,169,161
58,169,161
59,170,162
59,170,162
60,170,163
61,171,164
63,171,164
63,171,164
65,172,165
65,173,165
65,173,165
66,173,166
66,173,166
66,173,166
65,172,165
65,172,165
65,172,165
64,172,164
64,172,164
63,172,164
63,172,164
63,171,164
63,171,164
62,171,164
61,171,163
61,171,163
61,171,163
61,171,163
61,171,163
62,171,164
63,171,164
63,171,165
64,172,165
65,172,165
65,173,165
66,173,166
66,173,166
66,173,166
66,173,166
66,173,166
66,173,166
66,173,166
66,173,166
66,173,166
66,173,166
66,173,165
65,172,164
65,172,164
64,172,164
63,172,164
63,171,164
63,172,164
64,172,164
65,172,165
66,173,166
66,173,166
67,173,166
67,173,166
67,173,166
67,173,166
67,173,166
67,173,166
68,173,166
69,174,167
70,174,167
70,174,167
70,174,167
70,174,167
69,174,167
68,174,167
67,173,166
67,173,166
67,173,166
67,173,166
67,173,166
67,172,165
67,172,165
67,172,165
65,172,164
65,172,164
65,171,164
63,172,164
62,170,164
61,170,164
60,170,163
60,170,163
60,170,163
60,170,163
60,170,163
62,170,164
63,171,164
64,171,163
64,172,164
64,172,164
64,172,164
64,172,164
64,172,164
64,172,164
64,172,164
64,172,164
64,172,164
63,172,164
63,172,164
63,171,164
62,170,163
61,170,163
59,169,161
57,168,160
56,168,160
54,167,159
52,165,157
51,165,157
49,163,156
45,162,154
43,162,154
42,161,153
42,161,153
42,161,153
44,162,154
47,164,155
47,164,155
48,165,156
50,165,157
52,166,158
54,166,158
54,167,158
54,167,158
54,167,158
54,167,158
54,167,158
53,166,158
53,166,158
53,166,158
54,166,159
54,166,159
54,167,159
56,167,160
57,168,161
58,169,161
59,169,162
60,171,163
61,171,163
62,171,164
63,171,163
63,171,164
63,171,164
63,171,164
63,172,164
63,171,164
63,171,164
63,171,164
63,171,164
64,172,164
65,172,165
65,172,165
65,172,165
66,173,166
66,173,166
66,173,166
66,173,166
66,173,166
66,173,166
66,173,166
66,173,166
66,173,166
66,173,166
65,172,165
65,172,165
65,172,165
65,172,165
65,172,166
65,172,166
65,172,166
65,173,165
66,173,166
66,173,166
66,173,166
66,173,166
67,173,166
67,173,166
66,173,166
67,172,166
67,172,165
66,172,165
65,171,164
62,170,163
60,169,161
55,167,159
54,167,159
53,167,158
53,166,158
51,165,158
51,165,158
52,167,159
53,167,158
55,168,160
55,168,160
57,168,161
58,169,161
58,169,161
59,170,162
61,171,163
62,171,164
63,171,163
64,172,164
64,172,164
65,172,165
65,173,165
65,173,165
65,173,165
65,173,165
65,173,165
65,172,165
64,172,164
64,172,164
64,172,164
63,172,164
63,172,164
63,171,164
62,171,164
62,171,164
61,171,163
61,171,163
61,171,163
60,171,163
60,171,163
60,170,163
61,171,164
62,171,164
63,171,164
63,171,164
64,172,164
65,173,165
66,173,166
66,173,166
66,173,166
66,173,166
66,173,166
67,173,166
67,173,166
67,173,166
67,173,166
67,173,165
67,173,165
66,173,165
66,173,165
65,172,165
65,172,165
65,172,165
65,172,165
66,173,166
66,173,166
67,173,166
67,173,166
67,173,166
67,173,166
67,173,166
67,173,166
67,173,166
67,173,166
68,173,166
69,174,167
70,174,167
70,174,167
70,174,167
68,174,166
68,173,167
67,173,166
67,173,166
67,173,166
67,173,166
67,173,165
67,173,165
67,173,165
67,172,165
66,172,165
65,172,164
65,171,165
65,171,165
63,172,164
61,171,164
60,170,163
60,170,163
60,170,163
60,170,163
60,170,163
60,171,163
61,171,163
62,171,163
63,171,163
63,171,163
63,171,164
63,172,164
63,172,164
64,171,164
64,171,164
64,171,164
64,171,164
64,171,164
63,172,164
63,170,164
62,170,163
61,170,163
59,169,161
57,168,160
57,168,160
54,167,159
52,165,157
51,165,157
49,163,156
45,162,154
43,162,153
42,161,152
42,161,152
42,161,152
44,162,154
46,163,155
46,163,155
47,164,155
49,165,157
52,166,159
54,167,158
54,167,159
54,167,159
55,167,159
54,167,159
54,167,158
53,166,158
53,166,158
52,166,158
52,166,158
53,166,158
53,167,158
54,167,159
56,167,160
57,168,161
58,169,161
59,169,162
60,171,163
61,171,163
62,171,164
63,171,163
63,171,164
63,171,164
63,172,164
63,171,164
63,171,164
63,171,164
63,171,164
64,172,164
65,172,165
65,172,165
65,172,165
65,172,165
66,173,166
66,173,166
66,173,166
66,173,166
66,173,166
66,173,166
66,173,166
66,173,166
66,173,166
66,173,166
65,172,165
65,172,165
65,172,165
65,172,166
65,172,166
65,173,165
66,173,166
66,173,166
66,173,166
66,173,166
67,173,166
67,173,166
67,173,166
67,173,166
67,173,166
67,172,166
67,172,165
65,172,164
63,170,163
61,170,163
57,167,160
54,167,158
53,166,158
51,165,158
50,165,157
50,165,157
51,165,158
52,166,158
53,167,158
55,168,160
55,168,160
57,168,161
58,169,161
60,170,163
61,171,163
63,171,163
63,171,164
64,172,164
64,172,164
65,172,165
65,173,165
65,173,165
65,173,165
65,173,165
65,173,165
65,172,165
64,172,164
64,172,164
64,172,164
63,172,164
63,171,164
63,171,163
62,171,164
62,171,164
61,171,163
61,171,163
61,171,163
60,171,163
60,171,163
60,171,163
60,170,163
61,171,164
62,171,164
62,171,164
63,171,164
64,172,164
65,172,165
65,173,165
66,173,166
66,173,166
67,173,166
67,173,166
67,173,166
67,174,166
67,174,166
67,173,165
67,173,165
67,173,165
66,173,166
66,173,166
66,173,166
66,173,166
66,173,166
66,173,166
66,173,166
67,173,166
68,173,166
68,173,166
67,173,166
67,173,166
67,173,166
66,173,166
66,173,166
66,173,166
67,173,166
68,173,166
68,173,166
68,174,166
68,173,166
67,173,166
67,173,166
67,173,166
67,173,166
67,173,166
67,173,166
67,173,165
67,173,165
67,172,165
66,172,165
66,172,166
65,172,165
64,172,164
63,172,164
62,170,164
61,170,164
60,170,163
60,170,163
59,169,163
59,169,163
59,169,163
60,170,162
60,171,163
60,171,163
61,171,163
62,171,164
63,171,163
63,172,164
64,171,164
64,171,164
64,171,164
64,171,164
64,171,164
64,171,164
63,170,164
62,170,163
61,170,163
60,170,161
58,168,161
57,168,160
54,167,159
53,166,158
52,165,157
49,163,156
45,162,154
43,162,153
42,161,152
42,161,152
42,161,152
43,162,154
44,162,154
46,163,155
47,164,155
49,165,157
52,166,159
54,167,159
55,167,159
55,167,159
55,167,159
55,167,159
54,167,159
54,167,158
53,166,158
52,166,158
52,166,159
52,166,159
53,166,158
53,167,158
54,167,159
55,168,160
56,168,161
58,169,161
59,169,162
60,171,163
61,171,163
62,171,164
63,171,163
63,171,164
63,171,164
63,172,164
63,172,164
63,172,164
64,172,164
64,172,164
64,172,164
65,172,165
65,172,165
65,172,165
66,172,166
67,172,165
67,172,165
66,173,166
66,173,166
66,173,166
66,173,166
66,173,166
66,173,166
66,173,166
65,172,165
65,172,165
65,172,165
65,173,165
65,173,165
65,173,165
66,173,166
66,173,166
66,173,166
66,173,166
67,173,166
67,173,166
67,173,166
67,173,166
67,173,166
67,173,166
67,173,166
67,172,165
65,171,164
62,170,163
59,168,161
55,167,159
52,166,158
51,166,158
50,165,157
50,165,157
51,165,158
51,166,158
52,167,159
54,167,159
55,168,160
57,168,161
59,170,162
61,171,163
63,171,163
63,171,164
64,172,164
65,172,165
65,172,165
65,172,165
65,172,165
65,173,165
65,173,165
65,173,165
65,173,165
65,172,165
65,172,165
64,172,164
64,172,164
64,172,164
63,171,164
63,171,164
63,171,163
62,171,164
62,171,164
61,171,163
61,171,163
61,171,163
60,171,163
60,171,163
60,171,163
60,170,163
60,170,163
61,171,164
61,171,164
62,171,164
63,171,163
64,172,164
65,172,165
66,173,166
67,173,166
67,173,166
67,173,166
67,174,166
67,174,166
67,174,166
67,173,165
67,173,166
66,173,166
66,173,166
66,173,166
66,173,166
66,173,166
66,173,166
67,173,166
68,173,166
68,173,166
68,173,166
68,173,166
67,173,166
67,173,166
66,173,166
66,173,166
66,173,166
66,173,166
66,173,166
67,173,166
68,173,166
67,173,166
67,173,166
67,173,166
67,173,166
67,173,166
67,173,166
66,173,166
66,173,166
66,173,166
67,172,165
66,172,166
66,172,166
66,172,166
65,172,165
64,172,164
63,172,164
61,171,163
60,170,163
60,170,163
59,169,163
59,169,163
59,169,162
59,169,162
59,169,162
59,169,162
59,170,162
60,170,163
61,171,163
62,171,163
63,170,164
64,171,164
64,171,164
64,171,164
64,171,164
64,171,164
64,171,164
62,170,163
61,170,163
61,170,162
59,169,161
57,168,160
54,167,159
53,166,158
52,165,157
49,163,156
45,162,154
43,162,153
41,160,151
41,160,151
41,160,152
43,161,153
42,161,153
43,161,153
44,162,154
46,163,155
49,165,157
53,166,158
54,167,159
55,167,159
56,168,160
56,168,160
55,167,159
55,167,159
54,167,159
53,166,158
52,166,158
52,166,158
51,166,158
51,166,158
53,166,158
53,167,158
54,167,159
55,168,160
56,168,160
58,169,161
59,169,162
60,171,163
62,171,164
62,171,164
63,171,164
63,171,164
63,171,164
63,172,164
63,172,164
63,172,164
64,172,164
64,172,164
65,172,165
65,172,165
65,172,165
66,173,166
66,173,166
66,173,166
66,173,166
66,173,166
66,173,166
66,173,166
66,173,166
66,173,166
66,173,166
65,172,165
65,172,165
65,172,165
65,173,165
65,173,165
66,173,166
66,173,166
66,173,166
66,173,166
67,173,166
67,173,166
67,173,166
67,173,166
68,173,166
68,173,166
68,173,166
67,173,166
67,173,166
66,172,165
63,170,163
61,170,163
57,167,161
54,167,159
52,165,158
51,165,157
50,165,157
51,165,158
51,166,158
52,167,159
54,167,159
55,168,160
58,169,161
60,170,162
63,172,163
64,172,164
65,172,165
65,172,165
65,172,165
65,172,165
65,172,165
65,172,165
66,173,166
66,173,166
66,173,166
66,173,166
65,173,165
65,173,165
65,173,165
65,173,165
65,172,165
65,172,165
64,172,164
64,172,164
63,171,164
63,171,164
63,171,164
63,171,164
62,171,164
61,171,163
60,171,163
60,171,163
60,171,163
60,170,163
60,170,163
60,170,163
61,171,164
61,171,164
62,171,164
63,171,164
65,172,165
65,173,165
66,173,166
67,173,166
67,174,166
67,174,166
67,174,166
67,173,165
67,173,166
66,173,166
66,173,166
66,173,166
66,173,166
66,173,166
66,173,166
68,173,166
68,173,166
68,173,166
68,173,166
68,173,166
68,173,167
67,173,166
66,173,166
66,173,166
66,173,166
65,173,165
66,173,166
66,173,166
66,173,166
67,173,166
67,173,166
67,173,166
67,173,166
66,173,166
66,173,166
66,173,166
66,173,166
66,173,166
66,173,166
66,173,166
66,172,166
66,173,166
66,173,166
65,172,165
64,172,164
63,171,164
61,171,163
60,170,163
59,169,163
59,169,162
59,169,162
58,169,161
58,169,161
58,169,161
58,169,162
59,169,162
60,171,163
61,171,163
62,170,163
63,170,163
64,171,164
64,171,164
64,171,164
64,171,164
64,171,163
63,170,163
61,170,163
61,170,162
59,169,161
57,168,160
56,167,160
53,166,158
52,165,157
49,163,156
45,162,154
43,162,153
41,160,151
41,160,151
41,160,152
43,161,153
44,162,154
40,161,151
42,162,152
43,162,153
46,163,155
49,165,157
53,166,158
54,167,159
56,168,160
56,168,160
56,168,160
56,168,160
55,167,159
55,167,159
54,167,159
53,166,158
52,166,158
52,166,158
51,166,158
52,166,158
53,166,158
53,167,158
54,167,160
55,168,160
56,168,161
58,169,161
60,170,162
61,171,163
62,171,164
63,171,163
63,171,164
63,171,164
63,171,164
63,172,164
63,172,164
63,172,164
64,172,164
64,172,164
65,172,165
65,172,165
65,172,165
66,173,166
66,173,166
66,173,166
66,173,166
66,173,166
66,173,166
66,173,166
66,173,166
66,173,166
66,173,166
65,172,165
65,172,165
65,173,165
65,173,165
66,173,166
66,173,166
66,173,166
66,173,166
67,173,166
67,173,166
67,173,166
68,173,166
68,173,166
68,173,166
68,173,166
68,173,166
68,173,166
67,172,165
64,171,163
62,170,163
59,168,161
57,167,161
54,167,159
52,166,158
51,166,157
51,166,157
52,167,159
53,167,158
54,168,159
55,168,160
58,169,161
60,171,163
63,172,163
65,173,165
66,173,166
66,173,166
66,173,166
66,173,166
66,173,166
66,173,166
66,173,166
66,173,166
66,173,166
66,172,166
66,172,166
66,172,166
66,173,166
65,172,165
65,172,166
65,173,165
65,173,165
65,172,165
64,172,164
64,172,164
64,172,164
63,171,164
63,171,164
63,171,163
62,171,164
60,171,163
60,171,163
60,171,163
60,171,163
60,170,163
59,170,163
59,170,163
59,170,163
61,171,164
62,171,164
63,171,163
65,172,165
66,173,166
67,173,166
67,173,165
67,173,165
67,173,166
67,173,166
66,173,166
66,173,166
66,173,166
66,173,166
66,173,166
67,173,166
68,173,166
68,173,166
68,173,166
68,173,166
68,173,166
68,173,166
67,173,166
66,173,166
66,173,166
65,172,165
65,173,165
65,173,165
65,172,166
66,172,166
66,173,166
66,173,166
66,173,166
66,173,166
66,173,166
66,173,166
66,173,166
66,173,166
66,173,166
66,173,166
66,173,166
66,173,166
66,173,166
66,173,166
65,172,165
64,172,164
63,172,164
62,171,163
62,170,164
60,171,163
59,169,162
58,169,161
58,169,161
58,168,161
57,169,161
57,169,161
58,169,162
59,169,162
60,171,163
61,170,163
62,170,163
63,170,163
64,171,164
64,171,164
64,171,164
63,170,164
63,170,163
62,170,163
61,170,163
60,170,162
58,168,161
56,168,160
53,166,158
52,165,157
49,163,156
45,162,154
43,162,153
41,160,151
41,160,151
41,160,152
42,161,153
43,162,154
38,161,151
40,161,151
42,162,153
46,163,155
50,165,157
53,167,158
54,167,159
56,168,161
56,168,161
57,168,160
57,168,160
56,167,160
55,167,159
54,167,159
54,167,159
53,166,158
52,166,158
52,166,158
53,166,158
53,166,158
53,167,158
53,167,159
54,167,160
55,168,161
58,169,162
59,169,162
60,171,163
61,171,163
62,171,164
63,171,164
63,171,164
63,171,164
63,171,164
63,171,164
63,172,164
63,171,164
64,172,164
64,172,164
65,172,165
65,172,165
66,173,166
66,173,166
66,173,166
66,173,166
66,173,166
66,173,166
66,173,166
66,173,166
66,173,166
66,173,166
65,173,165
65,173,165
65,173,165
65,173,165
66,173,166
66,173,166
66,173,166
67,173,166
68,173,166
68,173,166
68,173,166
68,173,166
68,173,166
68,173,166
68,173,166
68,173,166
67,173,166
67,173,166
66,172,166
64,171,164
62,170,163
59,168,162
57,167,160
55,167,159
54,167,158
54,167,158
54,167,159
54,168,159
55,169,160
56,168,160
59,169,162
62,171,164
65,172,165
66,173,166
66,173,166
67,173,166
67,173,166
67,173,166
67,173,166
67,173,166
66,173,166
66,173,166
66,173,166
66,173,166
66,173,166
66,172,166
66,173,166
66,173,166
66,173,166
66,173,166
66,173,166
66,173,166
65,172,165
65,172,165
64,172,164
64,172,164
63,172,164
63,171,164
63,171,163
62,171,164
60,171,163
60,171,163
60,171,163
59,170,163
59,170,163
59,170,163
59,169,162
59,169,162
59,170,163
61,171,164
62,171,164
64,172,164
66,173,166
66,173,165
66,173,165
66,173,166
66,173,166
66,173,166
66,173,166
66,173,166
66,173,166
66,173,166
66,173,166
67,173,166
68,173,166
68,173,166
68,174,166
69,174,167
68,174,166
68,173,166
66,173,166
66,173,166
65,173,165
65,172,166
65,172,166
65,172,166
65,172,166
66,172,166
66,173,166
66,173,166
66,173,166
66,173,166
66,173,166
66,173,166
66,173,166
66,173,166
66,173,166
66,173,166
66,173,166
66,173,166
66,173,166
66,173,166
65,172,165
64,172,164
64,171,164
63,170,164
62,170,164
61,170,163
59,169,162
58,169,161
58,168,161
58,168,162
57,169,161
58,169,162
59,169,163
60,170,163
61,170,163
62,170,164
62,170,163
63,170,164
64,171,164
64,171,164
64,171,164
63,170,163
62,170,163
61,170,163
60,170,162
58,168,161
57,168,161
53,166,158
52,165,157
49,163,156
45,162,154
43,160,152
41,160,151
41,160,151
41,160,152
42,161,153
43,162,154
38,159,150
38,161,151
42,162,153
47,164,155
50,165,157
53,167,158
55,168,160
56,168,160
57,168,161
57,168,160
57,168,160
57,168,160
56,167,160
55,167,159
54,167,159
54,167,159
54,166,158
53,166,158
53,166,158
53,166,158
53,166,158
53,167,158
54,167,159
55,168,161
56,168,161
58,169,162
60,170,162
60,171,163
61,171,163
62,171,164
62,171,163
63,171,164
63,171,164
63,171,164
63,171,163
63,171,164
63,171,164
63,171,164
64,172,164
65,172,165
65,172,165
66,173,166
66,173,166
66,173,166
66,173,166
66,173,166
66,173,166
66,173,166
66,173,166
65,172,165
65,173,165
65,173,165
65,173,165
65,173,165
66,173,166
66,173,166
66,173,166
67,173,166
68,173,166
68,174,165
68,174,165
68,174,165
68,174,165
68,174,165
68,173,166
68,173,166
67,173,166
67,173,166
66,173,166
65,172,165
64,171,164
62,170,163
60,169,161
58,168,161
56,167,160
55,168,159
55,168,159
55,168,160
55,168,160
56,168,160
59,169,162
62,171,164
65,173,165
66,173,166
67,173,166
68,173,166
68,173,166
67,173,166
67,173,166
67,173,166
67,173,166
66,173,166
66,173,166
66,173,166
66,173,166
66,173,167
66,173,166
66,173,166
66,173,166
66,173,166
66,173,166
66,173,166
66,173,166
66,173,166
65,172,165
65,172,165
64,172,164
64,172,164
63,171,164
63,171,163
62,171,164
61,171,163
60,170,163
59,170,163
59,170,163
59,169,162
59,169,162
59,169,162
59,169,162
59,169,162
61,171,164
62,171,164
64,172,164
66,173,166
66,173,166
66,173,166
66,173,166
66,173,166
66,173,166
66,173,166
66,173,166
66,173,166
66,173,166
67,173,166
68,173,166
68,173,166
68,174,166
69,174,167
69,174,167
68,174,166
67,173,166
66,173,166
65,172,165
65,173,165
65,172,166
65,172,166
64,172,165
64,172,165
65,172,166
65,172,166
65,172,165
66,173,166
66,173,166
66,173,166
66,173,166
66,173,166
66,173,166
66,173,166
66,173,166
66,173,166
66,172,166
66,172,166
66,172,166
65,172,165
65,172,165
65,171,165
64,171,164
62,170,163
61,170,163
60,170,162
58,169,161
58,168,161
58,169,162
58,169,162
59,169,163
60,170,163
61,170,163
61,170,163
62,170,163
63,170,164
64,171,164
64,171,164
64,171,164
63,170,163
62,170,163
61,170,163
60,170,162
60,169,161
57,168,161
53,166,158
52,165,157
47,163,155
45,162,154
42,161,152
40,160,151
40,160,151
40,160,151
42,161,153
43,162,154
36,159,149
38,159,151
42,162,153
47,164,155
50,165,157
53,167,158
54,167,159
56,167,160
56,168,161
57,168,161
57,168,160
57,168,160
57,168,160
56,168,160
56,167,160
54,167,159
54,167,159
54,167,158
54,166,158
53,166,158
53,166,158
53,167,158
53,167,158
54,167,159
55,168,161
58,169,162
59,169,162
60,171,163
61,171,163
61,171,163
61,171,163
62,170,164
61,171,163
61,171,163
61,171,163
61,171,163
62,171,164
63,171,164
63,171,164
64,172,164
65,173,165
65,172,165
66,173,166
66,173,166
66,173,166
66,173,166
66,173,166
65,172,165
65,172,165
65,172,165
64,172,164
64,172,164
64,172,164
65,172,165
65,173,165
66,173,166
66,173,166
67,173,166
68,174,165
68,174,165
68,174,165
68,174,165
68,174,165
68,174,165
68,173,166
68,173,166
68,173,166
67,173,166
67,173,166
66,173,166
65,172,165
64,171,163
62,170,163
61,170,162
59,169,161
56,168,160
55,168,159
55,168,160
55,168,160
56,168,161
59,169,163
60,171,163
63,171,164
66,173,166
67,173,166
67,174,166
67,174,166
67,173,166
67,173,166
67,173,166
67,173,166
66,173,166
66,173,167
66,173,166
66,173,166
66,173,166
67,173,166
67,173,166
67,173,166
68,173,166
67,173,166
67,173,166
67,173,166
66,173,166
66,173,166
65,172,165
65,172,165
65,172,165
64,172,164
63,171,164
63,171,163
62,171,164
61,171,163
61,171,163
60,171,163
59,169,162
59,169,162
59,169,162
59,169,162
59,169,162
59,170,163
61,171,164
63,171,163
65,172,165
66,173,166
66,173,166
66,173,166
66,173,166
66,173,166
66,173,166
65,172,165
65,172,165
65,172,165
66,173,166
67,173,166
68,173,166
68,174,166
69,174,167
69,174,167
68,174,166
68,173,166
67,173,166
66,173,166
65,172,165
65,172,165
64,172,165
64,172,165
63,171,165
63,171,164
63,171,165
64,172,165
65,172,166
65,173,165
66,173,166
66,173,166
66,173,166
66,173,166
66,173,166
66,173,166
67,172,165
67,172,165
67,172,165
67,172,165
66,172,166
65,172,164
65,172,164
65,171,164
64,171,163
63,170,163
61,170,163
60,170,162
59,169,162
59,169,163
59,169,163
60,170,163
60,170,163
61,171,163
62,170,164
62,171,163
63,170,164
64,171,164
64,171,164
64,171,164
63,170,164
62,170,163
61,170,163
61,170,162
60,169,161
57,168,161
53,166,158
50,164,156
47,163,154
43,161,153
41,159,151
40,160,151
40,160,151
40,160,151
42,161,152
43,162,154
35,159,148
38,159,151
42,162,153
47,164,155
50,165,157
53,167,158
54,167,159
55,167,159
56,167,160
56,168,160
57,168,160
57,168,160
57,168,160
57,168,160
56,168,160
56,167,160
55,167,159
54,167,159
54,167,158
54,166,158
54,166,159
54,166,159
54,167,159
54,167,159
55,168,160
57,168,162
58,169,162
59,169,162
60,171,163
61,171,163
61,171,163
61,171,163
61,171,163
60,171,163
60,170,163
60,170,163
61,171,164
62,171,164
63,171,163
63,171,164
64,172,164
65,173,165
65,172,165
65,172,165
65,172,165
65,172,165
65,172,165
64,172,164
64,172,164
63,171,164
63,171,163
63,171,163
63,171,163
63,171,164
64,172,164
65,172,165
66,173,166
66,173,166
67,173,166
68,174,165
68,174,165
68,174,165
68,174,165
68,173,166
68,173,166
68,173,166
68,173,166
68,173,166
67,173,166
66,173,166
66,173,166
65,172,164
64,171,163
63,170,163
61,170,163
60,170,162
56,168,160
55,168,160
55,168,160
55,168,161
58,169,162
60,171,163
63,171,163
65,173,165
66,173,166
67,173,166
67,174,166
67,173,166
67,173,166
67,173,166
66,173,166
66,173,166
66,173,166
66,173,166
67,173,166
67,173,166
67,173,166
67,173,166
68,173,166
68,173,166
68,173,166
67,173,166
67,173,166
66,173,166
66,173,166
66,173,166
65,172,165
65,172,165
65,172,165
64,172,164
64,172,164
63,171,164
63,171,163
63,171,163
61,171,163
60,171,163
59,169,162
59,170,162
59,169,162
59,169,162
59,170,163
61,171,164
62,171,164
64,172,164
66,173,166
66,173,165
66,173,165
66,173,165
66,173,166
65,172,165
65,173,165
65,173,165
65,172,166
65,172,166
66,173,166
66,173,166
68,173,166
68,174,166
69,174,167
69,174,167
68,174,166
68,173,166
67,173,166
66,173,166
65,172,165
64,172,164
63,171,164
63,171,164
62,171,164
62,171,164
63,171,165
64,172,165
65,172,165
65,173,165
66,173,166
66,173,166
66,173,166
66,173,166
66,173,166
67,172,165
67,172,165
67,172,165
67,172,165
67,172,165
67,172,165
67,172,165
65,172,165
65,172,164
65,171,165
64,171,164
63,170,163
61,170,163
61,171,163
60,171,163
60,171,163
61,171,163
61,171,163
62,171,163
63,171,163
64,171,164
64,171,164
64,171,164
64,171,164
63,171,164
62,170,164
62,170,163
61,170,162
60,169,161
57,168,160
53,166,158
50,164,156
46,163,154
43,161,152
40,159,151
40,160,151
40,160,151
40,160,151
42,161,153
44,162,154
33,158,148
38,159,151
42,162,153
47,164,155
50,165,157
52,166,159
54,167,158
54,167,159
55,167,159
56,167,160
56,168,160
56,168,160
56,168,160
57,168,160
56,168,160
56,168,160
56,167,160
55,167,159
54,167,159
54,167,158
54,166,158
54,166,159
54,167,159
54,167,159
55,168,160
56,168,160
58,169,162
59,169,162
59,170,163
60,171,163
60,171,163
60,171,163
60,171,163
60,171,163
59,170,163
59,170,163
60,170,163
61,171,164
62,171,164
63,171,163
63,171,164
64,172,165
65,172,166
65,172,165
65,172,165
65,172,165
64,172,164
64,172,164
63,172,164
63,171,164
63,171,163
63,171,163
62,171,164
63,171,164
63,171,165
64,172,165
65,172,165
65,173,165
66,173,166
66,173,166
66,173,166
67,173,166
67,173,166
67,173,166
67,173,166
67,173,166
67,173,166
67,173,166
67,173,166
67,173,166
66,173,166
66,173,165
65,172,164
64,172,164
63,170,163
61,170,163
59,169,161
56,168,161
55,168,160
55,168,161
56,168,161
58,169,161
60,171,163
63,171,164
65,173,165
66,173,166
66,173,166
67,173,166
66,173,166
66,173,166
66,173,166
66,173,166
66,173,166
66,173,167
66,173,166
67,173,166
67,173,166
68,173,166
68,173,166
68,174,166
68,174,166
68,173,166
67,173,166
67,173,166
66,173,166
66,173,166
66,173,166
65,172,165
65,172,165
64,172,164
64,172,164
64,172,164
64,172,164
63,172,164
63,171,163
61,171,163
61,171,163
60,171,163
60,170,162
60,170,163
60,170,163
62,171,164
63,171,165
65,172,165
66,173,166
66,173,166
66,173,165
66,173,165
66,173,166
65,172,165
65,173,165
65,172,166
65,172,166
65,172,166
65,172,166
66,173,166
67,173,166
68,174,166
68,174,166
68,174,166
68,174,166
68,174,166
67,173,166
66,173,165
66,173,166
65,172,165
63,171,164
63,171,163
62,171,164
62,171,164
63,171,164
63,171,165
64,172,164
65,173,165
66,173,166
66,173,166
66,173,166
66,173,166
67,173,166
67,172,165
67,172,165
67,172,165
67,172,165
67,173,166
67,172,165
67,172,165
67,172,165
66,172,166
65,172,165
65,172,165
65,171,165
64,171,164
64,171,164
62,171,164
62,171,164
62,171,164
62,171,163
63,171,164
63,172,164
63,172,164
63,172,164
63,172,164
63,172,164
63,171,164
62,170,164
62,170,163
61,170,162
59,169,161
56,168,160
53,166,158
50,164,156
46,163,154
43,161,152
40,159,151
39,159,151
39,159,151
41,160,152
43,162,154
44,162,154
33,158,148
38,160,151
42,161,153
46,163,155
48,165,156
51,166,158
53,166,158
54,167,159
54,167,159
54,167,159
55,167,159
56,167,160
56,168,160
57,168,160
56,168,160
56,168,160
56,168,160
55,167,159
54,167,159
54,167,159
54,167,158
54,167,159
54,167,159
54,167,159
55,168,160
56,168,160
58,169,161
59,169,162
60,170,162
60,170,163
60,171,163
60,171,163
60,171,163
60,171,163
59,170,163
59,170,163
59,170,163
61,171,164
62,171,164
63,171,164
63,171,164
64,172,165
65,172,166
65,172,165
65,172,165
64,172,164
64,172,164
64,172,164
63,172,164
63,172,164
63,171,163
63,171,163
62,171,164
63,171,164
63,171,165
63,172,164
63,171,165
64,172,164
65,172,165
66,173,166
66,173,166
66,173,166
66,173,166
66,173,166
67,173,166
67,173,166
68,173,166
68,173,167
67,173,166
67,173,166
66,173,166
66,173,166
66,173,165
65,172,164
65,171,164
63,170,163
61,170,162
58,168,161
56,168,160
55,168,160
55,168,161
57,168,161
58,169,161
60,171,163
63,171,164
65,172,165
65,173,165
66,173,166
66,173,166
66,173,166
66,173,166
66,173,166
66,173,166
66,173,166
67,173,166
67,173,166
67,173,166
67,174,166
68,174,166
68,174,166
68,174,166
68,174,166
67,173,166
67,173,166
66,173,166
66,173,166
66,173,166
66,173,166
65,172,165
65,172,165
64,172,164
64,172,164
64,172,164
64,172,164
64,172,164
63,171,163
63,171,164
61,171,163
61,171,163
61,171,163
62,171,164
63,171,164
63,171,165
65,172,165
66,173,166
66,173,166
66,173,165
66,173,165
66,173,166
65,172,165
65,172,165
65,172,166
65,172,166
65,172,166
65,172,166
65,172,166
66,173,166
68,173,166
68,174,166
68,174,166
69,173,166
69,173,166
68,173,165
67,173,165
67,172,165
66,173,166
64,172,164
63,171,164
62,171,164
62,171,164
63,171,164
63,171,165
64,172,165
65,173,165
66,173,166
66,173,166
66,173,166
67,173,166
67,173,166
67,173,166
67,173,166
67,173,166
67,173,166
67,173,166
67,173,166
67,173,166
67,172,165
67,172,165
67,172,165
66,172,166
65,172,165
65,172,164
65,171,165
64,171,164
63,172,164
63,172,164
63,172,164
63,172,164
63,172,164
63,172,164
63,172,164
63,172,164
63,172,164
63,171,164
62,170,164
62,170,164
61,170,162
59,169,161
56,168,160
53,166,158
50,164,156
46,162,154
42,161,152
42,159,152
40,160,151
40,160,151
42,161,152
44,162,154
46,162,154
33,158,148
38,160,151
42,161,153
45,163,155
48,165,156
50,165,157
52,166,158
54,166,159
54,166,159
54,167,159
54,167,159
55,167,160
56,168,160
56,168,160
56,168,160
56,168,160
56,168,160
55,167,159
55,167,159
54,167,159
54,167,158
54,167,159
54,167,159
54,167,159
55,168,160
56,168,160
58,169,161
58,169,161
60,170,162
60,170,162
60,171,163
60,171,163
60,171,163
60,171,163
59,170,163
59,170,163
60,170,163
61,171,164
61,171,164
63,171,164
63,171,164
64,172,165
65,172,165
65,172,165
65,172,165
65,172,165
64,172,164
64,172,164
64,172,164
63,172,164
63,172,164
63,171,164
63,171,164
63,171,165
63,171,165
63,171,165
63,171,165
63,171,165
63,171,165
64,172,165
65,172,166
66,173,166
66,173,166
66,173,166
66,173,166
67,173,166
68,173,166
68,173,167
68,173,166
68,173,166
67,173,166
67,173,166
66,173,165
66,173,165
65,172,164
65,171,164
63,170,163
60,170,162
57,168,160
56,168,160
56,168,160
56,168,160
57,169,161
58,169,161
60,171,163
62,171,164
63,171,164
65,172,165
65,173,165
66,173,166
66,173,166
66,173,166
66,173,166
66,173,166
67,173,166
67,173,166
67,173,166
67,173,166
68,174,166
68,174,166
68,174,166
68,174,166
67,173,166
66,173,166
66,173,166
66,173,166
66,173,166
65,172,165
65,172,165
65,172,165
64,172,164
64,172,164
64,172,164
65,172,165
64,172,164
64,172,164
63,172,164
63,171,164
63,171,164
63,171,164
63,171,164
63,171,164
65,172,165
66,173,166
66,173,166
66,173,166
66,173,166
66,173,166
66,173,166
66,173,166
65,173,165
65,172,166
65,172,166
65,172,166
65,172,166
65,172,166
66,173,166
67,173,166
68,174,166
69,173,166
69,173,166
69,173,166
69,173,166
68,173,165
67,173,165
66,172,165
65,172,165
64,172,164
63,171,164
63,171,165
63,171,165
64,172,165
64,172,165
65,172,166
66,173,166
66,173,166
67,173,166
67,173,166
67,173,166
67,173,166
67,173,166
67,173,166
67,173,166
67,173,166
67,173,166
67,173,166
67,173,166
67,173,166
67,172,165
67,172,165
67,172,165
66,172,165
66,172,166
65,172,165
65,171,165
64,172,164
64,172,164
64,172,164
64,172,164
64,172,164
64,172,164
64,172,164
63,172,164
63,171,164
62,170,164
62,170,164
61,170,162
59,169,161
56,168,160
53,166,158
50,164,156
46,162,154
42,161,152
42,161,152
42,159,152
41,160,151
43,162,153
46,162,154
47,163,155
35,158,149
39,159,151
42,161,153
45,163,155
48,164,156
50,165,157
52,165,158
52,166,158
54,166,159
54,167,159
54,167,159
54,167,159
56,167,160
56,168,160
56,168,160
57,168,160
56,168,160
56,168,160
55,167,159
55,167,159
54,167,159
54,167,159
54,167,159
54,167,159
54,167,159
56,168,160
58,169,161
58,169,161
59,170,162
60,170,162
60,171,163
60,171,163
60,171,163
60,171,163
60,171,163
60,170,163
61,171,164
61,171,164
62,171,164
63,171,164
63,171,165
65,172,165
65,172,165
65,172,165
65,172,165
65,172,165
65,172,165
64,172,164
64,172,164
65,171,165
65,171,165
65,171,165
65,171,165
64,171,164
63,172,164
63,171,164
63,171,165
63,171,165
63,171,165
64,172,165
65,172,166
65,172,165
66,173,166
66,173,166
66,173,166
66,173,166
67,173,166
68,173,167
68,173,167
68,173,166
68,173,166
67,173,166
67,173,165
66,173,165
66,172,165
65,172,164
64,171,163
61,170,163
60,169,161
58,168,161
57,168,161
56,168,160
56,169,161
57,169,161
58,169,161
60,170,162
60,171,163
62,171,164
63,171,164
65,172,165
65,173,165
66,173,166
66,173,166
66,173,166
66,173,166
67,173,166
67,173,166
67,173,166
67,173,166
68,174,166
68,174,166
67,173,166
66,173,166
66,173,166
66,173,166
66,173,166
66,173,166
65,173,165
64,172,164
64,172,164
64,172,164
64,172,164
65,172,165
65,172,165
65,172,165
65,172,165
64,172,164
64,172,164
64,172,164
64,172,164
64,172,164
65,172,165
66,173,166
66,173,166
66,173,166
66,173,166
66,173,166
66,173,166
66,173,166
66,173,166
65,172,165
65,172,166
65,172,166
65,172,166
65,172,166
65,172,166
65,172,166
66,173,166
67,173,166
69,173,166
69,173,166
69,173,166
69,173,166
69,173,166
68,173,165
67,173,165
66,173,165
65,172,165
65,172,165
64,172,164
64,172,165
64,172,165
65,172,166
65,172,166
66,173,166
66,173,166
67,173,166
67,173,166
67,173,166
67,173,166
67,173,166
68,174,166
68,174,166
68,174,167
68,174,167
68,173,166
68,173,166
68,173,166
68,173,166
67,173,166
67,173,166
67,172,165
67,172,165
66,172,166
66,172,166
65,172,165
64,172,164
64,172,164
64,172,164
64,172,164
64,172,164
64,172,164
64,172,164
63,171,164
62,170,164
62,170,164
61,170,163
59,169,161
56,168,160
54,166,158
51,165,157
46,162,154
42,161,152
42,161,152
42,161,152
42,161,152
45,162,154
46,162,154
47,163,155
37,159,151
40,160,151
43,161,153
45,163,155
48,164,156
51,165,158
52,165,158
52,166,158
54,166,159
54,166,159
54,167,159
54,167,159
56,167,160
56,168,160
57,168,160
57,168,160
57,168,160
56,168,160
56,168,160
55,167,159
54,167,159
54,167,159
54,167,159
54,167,159
54,167,159
56,168,160
58,169,161
58,169,161
59,170,162
60,170,162
60,170,162
60,171,163
60,171,163
60,171,163
60,171,163
61,171,163
61,171,163
61,171,164
63,171,164
63,171,164
63,171,165
65,172,165
65,172,165
65,172,165
65,172,165
65,172,165
65,172,165
66,173,166
66,173,166
66,172,166
65,172,165
65,172,165
65,172,165
65,172,165
65,172,165
64,172,164
63,172,164
63,171,164
63,171,164
64,172,165
65,172,166
65,172,165
66,173,166
66,173,166
66,172,166
66,173,167
67,173,166
68,173,167
68,174,167
68,174,166
69,174,167
68,174,166
68,173,166
67,173,166
67,173,165
66,172,165
65,172,164
64,171,163
61,170,163
59,169,162
58,168,161
57,168,161
56,169,161
57,168,161
57,168,161
58,169,161
58,169,161
60,171,163
61,171,163
63,171,163
63,171,164
65,172,165
65,172,165
66,173,166
66,173,166
66,173,166
66,173,166
66,173,166
67,173,166
67,173,166
67,173,166
66,173,166
66,173,166
66,173,166
66,173,166
66,173,166
65,173,165
64,172,164
64,172,164
64,172,164
64,172,165
65,172,166
65,172,165
65,172,165
65,172,165
65,172,165
65,172,165
64,172,164
64,172,164
65,172,165
65,172,165
66,173,166
66,173,166
66,173,166
67,173,166
66,173,166
66,173,166
66,173,166
66,173,166
66,173,166
66,173,166
65,172,166
65,172,166
65,172,166
65,172,166
65,172,166
65,172,166
66,173,166
66,173,166
67,173,165
69,173,166
69,173,166
69,173,166
69,173,166
69,173,166
67,173,165
67,173,165
66,173,165
65,173,165
65,172,165
64,172,165
65,172,166
65,172,166
65,172,166
66,173,166
66,173,166
67,173,166
67,173,166
67,173,166
68,173,166
68,173,166
68,174,166
68,174,166
68,174,166
68,174,166
68,174,166
68,173,166
68,173,166
68,173,166
68,173,166
68,173,166
67,173,166
67,172,165
67,172,165
66,172,166
65,172,165
65,172,165
65,172,165
65,172,165
65,172,165
65,172,165
64,172,164
64,172,164
63,172,165
62,171,164
62,170,164
61,170,163
59,169,162
56,168,160
54,167,158
51,165,157
47,163,154
43,162,153
43,160,152
43,160,152
43,160,152
45,162,154
46,163,154
47,163,155
38,159,150
40,160,151
44,162,154
47,164,155
49,165,157
51,165,158
52,165,158
53,166,158
54,166,159
54,167,159
54,167,159
56,167,160
56,168,161
57,168,160
57,168,160
57,168,160
58,168,161
57,168,160
56,168,160
56,167,160
54,167,159
54,167,159
54,167,159
54,167,159
54,167,159
56,168,160
57,168,161
58,169,161
59,170,162
59,169,162
60,170,162
60,171,163
60,171,163
60,171,163
61,171,163
61,171,163
61,171,163
63,171,163
63,171,164
63,171,164
64,172,164
65,172,165
65,172,165
65,172,165
65,172,165
65,172,165
66,173,166
66,173,166
66,173,166
66,172,166
66,172,166
66,172,166
66,172,166
65,172,165
65,172,165
65,172,165
65,172,165
64,172,164
64,172,164
64,172,164
65,172,165
65,173,165
66,173,166
66,173,166
66,173,166
66,173,166
67,173,166
68,173,167
69,174,167
69,174,167
69,174,167
69,174,167
69,174,167
68,173,166
68,173,166
67,173,166
67,172,165
65,172,165
64,171,164
61,170,163
61,170,163
58,169,161
57,169,161
57,168,161
57,168,161
57,168,161
58,169,161
58,169,161
59,170,162
60,170,163
61,171,163
62,171,164
63,171,163
64,172,164
64,172,164
65,173,165
65,173,165
65,173,165
66,173,166
66,173,166
66,173,166
66,173,166
66,173,166
66,173,166
65,173,165
65,173,165
64,172,164
63,171,165
63,171,165
63,171,165
64,172,165
65,172,166
65,172,166
65,173,165
65,173,165
65,173,165
65,173,165
65,173,165
65,172,165
65,172,165
66,173,166
66,173,166
66,173,166
67,173,166
68,173,166
67,173,166
67,173,166
66,173,166
66,173,166
66,173,166
66,173,166
66,173,166
66,173,166
65,173,165
65,172,166
65,172,166
65,172,166
65,172,166
66,173,166
67,173,166
69,173,166
69,173,166
69,173,166
69,173,166
69,173,166
68,173,165
67,173,165
66,173,165
66,173,166
65,173,165
65,172,166
65,172,166
65,172,166
65,172,166
66,173,166
66,173,166
67,173,166
67,173,166
68,173,165
68,174,165
68,174,166
68,174,166
68,174,166
68,174,166
68,174,166
68,174,166
68,174,166
68,173,166
68,173,166
68,173,166
68,173,166
67,173,166
67,173,166
67,172,165
67,172,165
66,173,166
65,172,165
65,172,165
65,172,165
65,172,165
65,172,165
65,172,165
64,172,164
63,172,165
63,171,164
62,170,164
61,170,163
59,169,162
56,168,161
54,167,159
52,165,157
48,163,155
45,162,154
43,160,152
43,160,152
43,161,152
43,162,153
45,163,154
46,164,155
40,160,151
42,161,153
45,162,154
48,163,156
51,165,158
52,165,158
53,166,158
54,166,159
54,167,159
54,167,159
56,167,160
56,167,160
57,168,161
57,168,161
58,168,161
58,168,161
58,168,161
58,168,161
57,168,160
57,168,160
56,167,160
54,167,159
54,167,159
54,167,159
55,168,160
56,168,160
57,168,161
58,169,161
58,169,161
59,169,162
60,170,162
60,170,162
60,171,163
61,171,163
61,171,163
62,171,164
63,171,164
63,171,164
63,171,164
64,172,164
64,172,164
65,172,165
65,172,165
65,172,165
66,173,166
66,173,166
66,173,166
66,173,166
67,173,166
67,173,166
67,173,166
67,173,166
66,172,166
66,172,165
66,172,165
66,172,165
66,173,165
66,173,165
66,173,166
66,173,166
66,173,166
66,173,166
66,173,166
66,173,166
66,173,166
67,173,166
68,173,166
68,174,166
69,174,167
69,174,167
69,174,167
69,174,167
69,174,167
69,174,167
68,173,166
68,173,166
67,173,166
67,172,165
65,172,165
64,171,164
62,170,164
61,170,163
59,169,162
58,169,161
58,168,161
58,168,161
58,169,160
58,169,161
58,169,161
58,169,161
58,170,161
60,171,162
60,171,162
61,171,163
61,171,163
63,171,164
64,172,164
65,172,165
65,172,165
65,172,165
65,172,165
65,172,165
65,173,165
65,173,165
64,172,164
63,171,164
63,171,164
62,171,164
62,171,164
63,171,164
63,171,165
65,172,166
65,172,166
65,172,166
65,173,165
65,173,165
66,173,166
66,173,166
66,173,166
66,173,166
66,173,166
66,173,166
67,173,166
68,173,166
68,173,166
68,173,166
68,173,166
67,173,166
66,173,166
66,173,166
66,173,166
66,173,166
66,173,166
66,173,166
65,172,165
65,172,166
65,172,166
65,172,166
66,173,166
66,173,166
67,173,166
68,174,166
69,173,166
68,174,166
68,174,166
68,173,165
67,173,165
67,173,165
66,173,165
66,173,166
65,173,165
65,173,165
65,172,166
66,173,166
66,173,166
66,173,166
67,173,166
68,174,165
68,173,165
69,173,166
69,173,166
68,174,166
68,174,166
68,174,166
68,174,166
68,174,166
68,174,166
68,174,166
68,173,166
68,173,166
68,173,166
68,173,166
67,173,166
66,173,166
67,172,165
66,173,166
66,173,166
65,172,165
65,172,165
65,172,165
65,172,165
65,172,165
65,172,165
64,172,164
63,171,164
62,170,164
61,170,163
59,169,162
57,168,161
54,167,159
52,165,157
49,163,156
46,162,154
43,161,152
43,161,152
43,161,152
43,161,152
45,162,154
46,163,155
40,160,151
43,162,154
46,164,155
50,164,157
52,165,158
53,166,158
54,167,159
54,167,159
54,167,159
56,167,160
56,168,161
57,168,161
57,168,161
58,168,161
58,169,161
58,169,161
58,169,160
58,169,160
58,169,160
57,168,160
57,168,161
56,167,160
56,167,160
55,168,160
55,168,161
56,168,160
56,168,160
58,169,161
58,169,161
59,170,162
59,169,162
60,170,162
60,171,163
61,171,163
62,171,163
63,172,164
63,172,164
64,172,164
64,172,164
64,172,164
65,172,165
65,172,165
65,172,165
65,172,165
66,173,166
66,173,166
66,173,166
67,173,166
67,173,166
67,173,166
67,173,166
67,173,166
67,173,166
67,173,165
67,173,165
67,173,165
67,172,165
67,172,165
66,172,165
66,173,166
66,173,166
66,173,166
66,173,166
66,173,166
66,173,166
68,173,166
68,173,166
69,174,167
69,174,167
69,174,167
70,174,167
69,174,167
69,174,167
69,174,167
68,174,166
68,173,166
68,173,166
67,173,166
67,172,165
66,172,166
64,172,164
62,171,163
61,170,163
60,170,162
58,169,161
58,169,160
58,169,160
58,169,161
58,169,161
58,169,161
58,169,162
58,169,162
58,169,162
58,169,162
58,170,162
60,170,163
61,171,163
63,171,164
64,172,164
64,172,164
64,172,164
64,172,164
63,172,164
63,171,164
63,171,163
62,171,164
61,171,164
61,171,164
61,171,164
62,171,164
63,171,164
65,172,166
65,172,166
65,172,166
66,173,166
66,173,166
66,173,166
66,173,166
66,173,166
66,173,166
67,173,166
67,173,166
68,173,166
68,173,166
68,173,166
68,173,166
68,173,166
67,173,166
67,173,166
67,173,166
67,173,166
67,173,166
67,173,166
67,173,166
66,173,166
66,173,166
66,173,166
66,173,166
66,173,166
66,173,166
67,173,166
68,174,166
68,174,166
68,174,166
68,174,166
68,174,165
68,174,165
67,173,166
66,173,165
66,173,166
66,173,166
66,173,166
66,173,166
66,173,166
66,173,166
66,173,166
68,174,165
68,173,165
69,173,166
69,173,166
69,173,166
68,174,166
68,174,166
68,174,166
68,173,166
68,173,166
68,173,166
68,173,166
68,173,166
68,173,166
68,173,166
67,173,166
67,173,166
66,173,166
67,172,165
67,172,165
66,172,166
65,172,165
65,172,165
65,172,165
65,172,165
65,172,165
65,172,165
64,172,164
63,172,164
62,171,163
61,170,163
59,169,162
57,168,161
54,167,159
52,165,157
50,164,156
46,162,154
43,161,153
43,161,152
43,161,152
43,161,152
44,162,154
46,163,155
38,159,150
40,160,151
43,162,154
47,163,155
51,166,158
52,166,158
54,167,159
54,167,159
56,167,160
56,168,161
57,168,161
57,168,161
57,168,161
58,168,161
58,169,161
58,169,161
59,169,162
59,169,162
59,169,161
59,169,161
58,169,161
58,168,161
56,168,161
56,167,160
56,167,161
56,167,161
56,168,160
57,168,161
58,169,161
58,169,161
59,170,162
59,169,162
60,170,162
61,171,163
62,171,163
63,172,164
63,172,164
64,172,164
64,172,164
64,172,164
65,172,165
65,172,165
65,172,165
65,172,165
65,172,165
66,173,166
66,173,166
66,173,166
67,173,166
67,173,166
67,173,166
67,173,166
67,173,166
68,173,165
68,173,165
68,173,165
68,173,165
67,173,165
67,173,165
67,173,165
66,173,165
66,173,166
66,173,166
66,173,166
67,173,166
67,173,166
68,173,166
68,174,166
69,174,167
69,174,167
69,174,167
69,174,167
69,174,167
69,174,167
69,174,167
68,173,166
68,173,166
68,173,166
68,173,166
67,173,166
66,173,166
66,173,166
64,172,164
63,172,164
62,170,164
61,171,163
60,170,161
59,169,161
59,169,161
59,169,161
58,169,161
58,169,162
58,169,162
58,169,162
58,169,162
58,169,162
58,169,162
58,169,161
60,171,163
61,171,163
63,171,163
63,171,164
63,171,164
63,171,163
63,171,163
62,171,164
61,171,164
61,171,164
61,171,164
61,171,164
61,171,164
62,171,164
64,172,165
65,172,166
65,173,165
66,173,166
66,173,166
66,173,166
67,173,166
67,173,166
67,173,166
67,173,166
67,173,166
68,173,166
68,173,166
68,173,166
68,173,166
68,173,166
67,173,166
67,173,166
67,173,166
67,173,166
67,173,166
67,173,166
67,173,166
67,173,166
66,173,166
66,173,166
66,173,166
66,173,166
67,173,166
67,173,166
68,174,165
68,174,166
68,174,166
68,174,165
68,174,165
68,174,165
67,173,166
66,173,166
66,173,166
66,173,166
66,173,166
66,173,166
66,173,166
66,173,166
67,173,166
68,174,165
68,174,166
69,173,166
69,173,166
69,173,166
68,174,166
68,174,166
68,173,166
68,173,166
68,173,166
68,173,166
68,173,166
68,173,166
68,173,166
68,173,166
67,173,166
67,173,166
66,173,166
67,172,165
67,172,165
66,172,166
66,172,166
65,172,165
65,172,165
65,172,165
65,172,165
65,172,165
64,172,164
63,172,164
62,171,163
61,170,163
59,169,162
57,168,161
54,167,159
52,165,157
50,164,156
46,163,154
43,161,153
43,161,152
43,161,152
43,161,152
44,162,153
46,163,155
47,163,155
40,160,151
43,162,154
47,163,155
51,166,158
53,166,158
54,167,159
56,167,160
56,168,161
57,168,161
58,168,161
58,169,161
58,169,161
58,169,161
58,169,161
59,169,162
59,169,162
60,170,162
60,170,161
60,170,162
60,170,162
58,169,161
58,168,161
57,168,161
56,168,161
56,168,161
57,168,161
57,168,161
58,169,161
58,169,161
59,170,162
60,170,162
60,170,162
61,171,163
63,172,164
63,172,164
65,171,165
64,172,164
64,172,164
65,172,165
65,172,165
65,172,165
65,172,165
65,172,165
66,173,166
66,173,166
66,173,166
66,173,166
67,173,166
67,173,166
67,173,166
67,173,166
68,173,166
68,173,166
68,173,165
68,173,165
69,173,166
68,173,165
68,173,165
68,174,165
67,173,166
67,173,166
67,173,166
67,173,166
67,173,166
68,173,166
68,173,166
68,174,166
69,174,167
69,174,167
69,174,167
69,174,167
69,174,167
69,174,167
68,173,166
68,173,166
68,173,166
68,173,166
68,173,166
68,173,166
68,173,166
66,173,166
66,173,166
65,172,165
64,172,164
63,171,164
61,171,163
61,171,162
60,170,161
60,170,161
59,169,161
58,169,161
58,169,161
57,169,161
56,169,161
56,169,161
56,169,161
57,169,161
58,170,161
58,170,161
61,171,163
61,171,163
62,171,164
62,171,164
62,171,164
62,171,164
61,171,164
61,171,164
61,171,164
61,171,164
62,171,164
62,171,164
64,172,165
65,172,166
65,173,165
66,173,166
66,173,166
67,173,166
68,174,165
67,173,166
67,173,166
67,173,166
68,173,166
68,173,166
68,173,166
68,173,166
68,173,166
67,173,166
67,173,166
67,173,166
67,173,166
68,173,166
68,173,166
68,173,166
67,173,166
67,173,166
67,173,166
67,173,166
66,173,166
67,173,166
67,173,166
68,174,165
68,174,165
68,174,165
68,174,165
68,174,165
68,174,165
68,174,165
67,173,166
66,173,166
66,173,166
66,173,166
66,173,166
66,173,166
66,173,166
66,173,166
67,173,166
68,174,165
68,174,166
68,174,166
69,173,166
69,173,166
68,174,166
68,174,166
68,174,166
68,173,166
68,173,166
68,173,166
68,173,166
68,173,166
68,173,166
68,173,166
67,173,166
67,173,166
67,173,166
67,172,165
67,172,165
66,172,166
66,172,166
66,172,166
65,172,165
65,172,165
65,172,165
65,172,165
64,172,164
63,172,164
62,171,163
61,170,163
59,169,162
57,168,161
54,167,159
52,165,157
50,164,156
46,163,154
43,161,153
43,161,152
43,161,152
43,161,152
44,162,153
46,163,155
40,160,151
43,162,154
47,164,155
51,166,158
54,167,159
55,167,160
56,168,161
58,168,161
58,168,161
58,169,161
58,169,161
58,169,161
58,169,161
58,169,161
59,169,162
60,170,162
60,170,162
60,171,163
60,171,163
60,171,163
60,170,162
58,169,161
58,168,161
57,168,161
57,168,161
57,168,161
57,168,161
58,169,161
58,169,161
59,170,162
60,170,162
61,171,163
63,171,163
63,172,164
64,172,164
64,172,164
64,172,164
65,172,165
66,173,166
66,173,166
66,173,166
66,173,166
65,172,165
66,173,166
66,173,166
66,173,166
66,173,166
66,173,166
67,173,166
67,173,166
67,173,166
67,173,166
68,173,166
68,173,166
68,173,166
69,173,166
68,173,165
68,174,165
68,174,165
68,174,165
67,173,166
67,173,166
67,173,166
67,173,166
68,173,166
68,173,166
68,174,166
68,174,166
69,174,167
69,174,167
69,174,167
69,174,167
68,173,166
68,173,166
68,173,166
68,173,166
68,173,166
68,173,166
68,173,166
68,173,166
67,173,166
66,173,166
66,173,166
65,172,165
65,172,165
64,172,164
63,171,164
63,171,163
61,171,162
61,171,162
60,170,161
58,169,161
58,168,161
57,168,161
56,169,161
56,169,161
56,169,161
58,169,162
58,170,161
58,170,161
60,170,163
61,171,163
61,171,163
61,171,163
62,171,164
62,171,164
62,171,164
61,171,164
62,171,164
62,171,164
63,171,165
64,172,165
65,172,165
66,173,166
66,173,166
67,173,166
67,173,166
68,174,165
67,173,166
67,173,166
67,173,165
68,174,165
67,173,166
68,173,166
67,173,166
67,173,166
67,173,166
67,173,166
67,173,166
68,173,166
68,173,166
68,173,166
68,173,166
68,173,166
67,173,166
67,173,166
67,173,166
67,173,166
67,173,166
68,173,166
68,174,165
68,174,165
68,174,165
68,174,165
68,174,165
68,173,165
67,173,166
67,173,166
67,173,166
66,173,166
66,173,166
66,173,166
66,173,166
66,173,166
67,173,166
67,173,166
68,174,165
68,174,166
68,174,166
69,174,166
69,173,166
68,174,166
68,174,166
68,174,166
68,173,166
68,173,166
68,173,166
68,173,166
68,173,166
68,173,166
68,173,166
67,173,166
67,173,166
67,173,166
67,172,165
66,172,166
66,172,166
66,172,166
66,172,166
66,172,166
65,172,165
65,172,165
65,172,165
64,172,164
63,172,164
62,171,163
61,170,163
59,169,162
58,168,161
54,167,159
52,165,157
50,164,156
46,163,154
43,161,153
43,161,152
43,161,152
43,161,152
44,162,153
46,163,155
38,159,151
42,162,152
46,163,155
51,166,158
54,167,159
56,167,160
57,168,161
58,169,161
58,169,161
58,169,161
58,169,161
58,169,161
58,169,161
59,169,162
60,170,162
60,170,162
60,171,163
60,171,163
60,171,163
60,171,163
60,171,163
60,170,162
58,169,161
58,168,161
57,168,161
57,168,161
57,169,161
58,169,161
58,169,161
59,170,162
60,170,162
61,171,163
63,171,163
63,172,164
64,172,164
64,172,164
65,172,165
66,173,166
66,173,166
66,173,166
66,173,166
66,173,166
65,172,165
65,173,165
65,173,165
65,172,165
66,173,166
66,173,166
66,173,166
66,173,166
67,173,166
67,173,166
68,173,166
68,173,166
68,173,166
68,173,166
68,173,166
68,173,166
68,174,165
68,174,165
68,174,165
67,173,166
67,173,166
67,173,166
67,173,166
68,173,166
68,173,166
68,174,166
68,174,166
69,174,167
68,173,166
67,173,166
67,173,166
67,173,166
68,173,166
68,173,166
68,173,166
68,173,166
67,173,166
67,173,166
67,173,166
67,173,166
67,173,166
67,173,166
66,173,166
66,173,166
65,173,165
64,172,164
63,171,164
63,171,163
62,170,164
61,170,162
59,169,162
58,168,161
57,168,161
57,168,161
57,168,161
58,169,162
58,170,161
58,170,161
60,170,163
61,171,163
61,171,163
61,171,163
62,171,164
62,171,164
62,171,164
62,171,164
62,171,164
63,171,164
64,172,165
64,172,165
65,172,165
65,173,165
66,173,166
66,173,166
67,173,166
67,173,166
67,173,166
67,173,165
67,173,165
67,173,165
67,173,166
67,173,166
67,173,166
66,173,166
66,173,166
66,173,166
66,173,166
67,173,166
68,173,166
68,173,166
68,173,166
67,173,166
67,173,166
67,173,166
67,173,166
68,173,166
68,173,166
68,173,166
68,174,165
68,174,165
68,174,165
68,174,165
68,173,166
68,173,166
67,173,166
67,173,166
67,173,166
66,173,166
66,173,166
66,173,166
66,173,166
66,173,166
67,173,166
67,173,166
68,174,165
68,174,166
69,174,166
69,174,166
70,174,167
70,174,167
70,174,167
68,174,166
68,174,166
68,173,166
68,173,166
68,173,166
68,173,166
68,173,166
68,173,166
67,173,166
67,173,166
67,173,166
66,173,166
66,172,166
66,172,166
66,172,166
66,172,166
66,172,166
65,172,165
65,172,165
65,172,165
64,172,164
63,172,164
63,171,164
61,170,163
60,169,163
58,168,161
54,167,159
52,165,157
50,164,156
46,162,154
43,161,152
42,161,152
42,161,152
43,161,152
45,162,154
46,163,155
38,160,150
41,163,152
46,164,155
51,166,158
55,168,160
56,168,160
58,168,161
58,169,161
58,169,161
58,169,161
58,169,161
58,169,161
58,169,161
60,170,162
60,170,162
60,171,163
60,171,163
60,171,163
60,171,163
60,171,163
60,171,163
60,170,162
59,169,162
58,168,161
58,168,161
57,169,161
57,169,161
58,169,161
58,169,161
59,170,162
59,170,163
61,171,164
62,171,164
63,171,164
64,172,164
64,172,164
65,172,165
65,172,165
66,173,166
66,173,166
66,173,166
66,173,166
65,172,165
65,173,165
65,173,165
65,173,165
65,173,165
66,173,166
66,173,166
66,173,166
67,173,166
67,173,166
68,173,166
68,173,166
68,173,166
68,173,166
68,173,166
68,173,166
68,173,166
68,173,166
68,173,166
67,173,166
67,173,166
67,173,166
67,173,166
67,173,166
68,173,166
68,173,166
68,173,166
67,173,166
67,173,166
66,173,167
66,173,167
66,173,166
66,173,166
66,173,166
66,173,166
66,173,166
67,173,166
67,173,166
68,174,165
68,174,165
67,173,166
67,173,166
67,173,166
66,173,166
66,173,166
65,172,165
65,172,165
64,172,164
63,171,164
62,170,164
62,170,164
61,170,163
59,169,162
57,168,161
58,169,161
58,169,161
59,170,162
60,170,163
60,170,163
61,171,163
61,171,163
62,171,164
62,171,164
62,171,164
63,171,164
63,171,164
63,171,164
64,172,164
64,172,164
64,172,164
64,172,164
65,172,165
65,173,165
66,173,166
66,173,166
67,173,166
67,173,166
67,173,166
67,173,165
67,173,165
67,173,166
67,173,166
66,173,166
66,173,166
66,172,166
66,172,166
66,173,166
66,173,166
67,173,166
68,173,166
68,173,166
68,173,166
68,173,166
68,173,166
68,173,166
68,173,166
68,173,166
68,173,166
68,173,166
68,173,166
68,173,166
68,173,166
68,173,166
68,173,166
67,173,166
67,173,166
67,173,166
66,173,166
66,173,166
66,173,166
66,173,166
66,173,166
67,173,166
67,173,166
67,174,166
69,174,166
69,174,166
69,174,166
69,174,167
70,174,167
70,174,167
70,174,167
70,174,167
69,174,167
68,173,166
68,173,166
68,173,166
68,173,166
68,173,166
68,173,166
67,173,166
67,173,166
66,173,166
66,173,166
66,173,166
66,172,166
66,172,166
66,172,166
66,172,166
65,172,165
65,172,165
64,172,164
63,172,164
63,171,164
61,170,163
60,169,163
58,168,161
54,167,159
52,165,157
50,164,156
46,162,154
43,160,152
42,161,152
42,161,152
43,162,153
45,162,154
47,163,155
36,160,149
41,163,152
46,164,155
52,166,158
55,168,160
56,168,160
57,168,161
58,168,161
58,169,161
58,169,162
58,169,161
58,169,161
59,170,162
60,170,162
60,171,163
60,171,163
60,171,163
61,171,163
61,171,163
61,171,163
61,170,163
61,170,163
60,169,163
58,169,161
58,168,161
57,169,161
57,169,161
57,169,161
58,169,162
58,169,162
59,170,163
60,170,163
62,171,164
63,171,163
64,172,164
64,172,164
65,172,165
65,172,165
66,173,166
66,173,166
66,173,166
66,173,166
65,173,165
65,173,165
65,172,165
65,172,165
65,172,165
65,173,165
66,173,166
66,173,166
66,173,166
68,173,166
68,173,166
68,173,166
68,173,166
68,173,166
67,173,166
67,173,166
67,173,166
66,173,166
66,173,166
66,173,166
66,173,167
66,173,167
66,173,167
66,173,166
67,173,166
67,173,166
66,173,166
65,172,165
65,172,165
65,172,166
65,172,166
65,172,166
65,172,166
65,172,165
65,172,165
66,173,166
66,173,166
67,173,166
68,174,165
68,174,165
68,174,165
68,174,165
67,173,166
66,173,166
66,173,166
66,173,166
65,172,165
65,172,165
64,172,164
63,172,164
63,171,164
62,170,164
61,170,163
61,170,163
61,170,163
60,171,163
60,171,163
61,171,163
61,171,163
61,171,163
62,171,164
63,171,163
64,172,164
65,172,165
65,172,165
65,172,165
64,172,164
64,172,164
64,172,164
64,172,164
64,172,164
65,172,165
65,172,165
65,173,165
66,173,166
66,173,166
66,173,166
67,173,166
67,173,166
67,173,165
67,173,166
66,173,165
66,173,166
66,173,166
66,173,166
65,172,166
65,172,166
66,173,166
66,173,166
67,173,166
67,173,166
68,173,166
68,173,166
68,173,166
68,174,166
68,174,166
69,173,167
69,173,167
68,174,166
68,173,166
68,173,166
68,173,166
68,173,166
68,173,166
67,173,166
67,173,166
67,173,166
66,173,166
66,173,166
66,173,166
66,173,166
66,173,166
66,173,166
66,173,166
67,173,165
68,174,165
69,174,166
69,174,167
69,174,167
70,174,167
70,174,167
70,174,167
70,174,168
70,174,168
70,174,167
69,174,166
68,174,166
68,174,165
68,173,166
68,173,166
68,173,166
67,173,166
67,173,166
66,173,166
66,173,166
67,172,165
67,172,165
67,172,165
66,173,166
66,173,166
65,172,165
64,172,164
63,172,164
63,171,164
61,170,163
60,169,163
58,168,160
54,167,158
52,165,157
49,163,156
45,162,155
42,161,153
42,161,153
42,161,152
43,162,153
44,162,153
47,163,155
35,159,148
40,162,151
45,164,155
52,166,158
55,168,160
56,168,160
57,168,161
58,168,161
58,169,162
58,169,162
58,169,162
58,169,161
59,170,162
60,170,162
60,171,163
60,171,163
60,171,163
61,171,163
61,171,163
61,171,163
61,170,163
61,170,163
60,169,163
60,170,162
58,169,161
58,169,162
57,169,161
58,169,162
58,169,162
58,169,162
59,170,163
60,170,163
61,171,164
62,171,164
63,172,164
64,172,164
65,172,165
65,172,165
65,172,165
66,173,166
65,172,165
65,173,165
65,172,166
64,172,165
63,171,165
63,171,165
63,171,164
65,172,165
65,173,165
66,173,166
66,173,166
68,173,166
68,174,165
68,174,165
68,173,166
67,173,166
67,173,166
67,173,166
66,173,166
66,173,166
66,173,166
66,173,166
66,172,166
66,172,166
66,172,166
66,172,166
66,173,166
65,172,165
65,172,165
63,171,163
61,171,163
59,170,162
59,169,163
60,170,163
61,171,164
63,171,165
65,172,166
65,173,165
66,173,166
66,173,166
68,174,165
68,174,165
68,174,165
68,174,165
68,174,165
67,173,166
66,173,166
66,173,166
65,172,165
65,172,165
65,172,165
65,172,165
64,172,164
63,172,164
63,172,164
63,172,164
63,172,164
64,172,164
64,172,164
64,172,164
65,172,165
65,172,165
66,173,166
66,173,166
66,173,166
66,173,166
66,173,166
66,173,166
65,172,165
65,172,165
64,172,164
64,172,164
64,172,164
65,172,165
65,172,165
65,172,165
64,172,164
65,172,165
65,172,165
66,173,166
66,173,165
66,172,165
66,172,165
66,172,165
66,173,166
65,172,165
64,172,164
63,171,164
63,171,164
64,172,165
66,173,166
66,173,166
67,173,166
68,173,166
68,174,165
68,174,166
68,174,166
68,174,166
69,173,167
69,173,167
68,174,166
68,174,166
68,174,166
69,174,167
68,173,166
67,173,166
67,173,166
67,173,166
66,173,166
66,173,166
65,172,166
65,172,166
65,172,166
65,172,165
65,172,165
65,173,165
66,173,166
67,174,166
69,174,167
69,174,167
70,174,167
70,174,167
70,174,167
70,174,168
70,174,168
71,174,168
71,174,168
70,174,167
70,174,167
69,174,166
68,174,166
68,173,166
68,173,166
67,173,166
67,173,166
67,173,166
66,173,166
67,172,165
67,172,165
66,173,166
66,173,166
66,173,166
65,172,165
64,172,164
63,172,164
63,171,164
61,170,163
60,170,162
57,168,161
54,166,158
52,165,157
48,163,155
45,161,155
42,161,153
42,161,153
42,161,153
43,161,153
44,162,153
47,163,155
35,158,148
39,160,151
45,163,154
52,166,158
55,168,160
56,168,160
57,168,161
57,168,161
58,168,162
58,168,162
58,169,161
58,169,161
60,170,162
60,170,162
60,171,163
60,171,163
60,171,163
61,171,163
61,171,163
61,170,163
61,170,163
61,170,163
61,170,163
60,169,163
59,170,162
58,170,161
58,169,162
58,170,162
58,169,162
59,169,162
59,169,162
60,170,163
60,170,163
62,171,164
63,171,163
63,171,164
64,172,164
65,172,165
65,172,165
65,172,165
65,172,165
65,172,165
63,171,165
63,171,164
63,171,164
63,171,164
63,171,165
63,171,164
65,172,165
66,173,166
66,173,166
68,174,165
68,174,165
68,174,165
68,174,165
68,174,165
67,173,166
67,173,166
66,173,166
66,173,166
66,173,166
66,173,166
65,172,166
65,172,166
65,172,166
65,172,166
65,173,165
65,173,165
63,171,163
61,171,163
59,170,162
58,169,161
58,169,161
58,169,161
59,169,162
61,170,164
63,171,164
65,172,166
65,173,165
66,173,166
68,173,166
68,174,165
68,174,165
68,174,165
68,174,165
67,173,166
66,173,166
66,173,166
65,172,165
65,172,165
65,172,165
65,172,165
65,172,165
65,172,165
65,172,165
66,173,166
66,173,166
66,172,166
67,172,165
67,172,165
67,172,165
67,173,166
67,173,166
67,173,166
67,173,166
67,173,166
67,173,166
67,173,166
66,173,166
66,173,166
65,172,165
65,172,165
65,172,165
65,172,165
65,172,165
65,172,166
64,172,165
65,172,166
65,172,166
65,172,165
65,172,165
66,173,165
66,173,165
66,173,166
65,172,165
64,172,164
63,171,163
63,171,164
62,171,164
62,171,164
64,172,165
66,173,166
67,173,166
67,173,166
68,174,165
69,174,166
69,174,167
69,174,167
69,174,167
69,174,167
69,174,167
69,174,167
69,174,167
69,174,167
69,174,167
68,173,166
67,173,166
66,173,166
66,173,166
65,172,166
65,172,166
63,171,165
63,171,165
62,171,164
62,171,164
63,171,163
65,172,165
66,173,166
67,174,166
69,174,167
69,174,167
70,174,167
70,174,167
70,174,168
70,174,168
71,174,168
71,174,168
70,174,168
70,174,167
69,174,167
68,174,166
68,173,166
67,173,166
67,173,166
67,173,166
67,173,166
66,173,166
67,172,165
67,172,165
66,173,166
66,173,166
66,173,166
65,172,165
64,172,164
63,172,164
62,170,164
61,170,163
59,169,161
57,168,161
53,165,157
51,164,157
47,163,155
44,162,154
42,161,153
42,161,153
42,161,152
43,161,153
44,162,153
47,163,155
35,158,148
39,160,151
45,163,154
51,165,158
55,168,160
56,168,160
56,168,161
57,168,161
57,168,161
58,168,162
58,169,161
58,169,161
60,170,162
60,170,162
60,171,163
60,171,163
60,171,163
61,171,163
61,171,162
61,170,163
61,170,163
61,170,163
61,170,163
61,170,163
59,169,162
59,170,162
58,170,161
58,169,162
59,169,162
59,169,162
59,169,163
60,170,163
60,170,163
62,171,164
63,171,163
63,171,164
63,172,164
64,172,164
65,172,165
65,172,165
64,172,164
63,171,164
63,171,164
63,171,164
62,171,164
62,171,164
63,171,164
63,171,164
65,172,165
66,173,166
66,173,166
68,174,165
68,174,165
68,174,166
68,174,166
68,174,166
68,173,166
67,173,166
67,173,166
66,173,165
66,172,165
65,172,165
65,172,166
65,172,166
65,172,166
65,172,166
65,172,165
63,171,164
61,171,163
60,170,162
58,169,161
58,169,161
57,168,161
56,168,160
57,169,161
59,169,162
61,170,164
63,171,164
65,173,165
66,173,166
68,174,165
68,174,165
68,174,165
68,174,165
68,174,165
67,173,166
66,173,166
66,173,166
65,172,165
65,172,165
65,173,165
65,173,165
66,173,166
66,173,166
66,173,166
67,173,166
67,173,166
68,173,166
68,173,166
68,173,166
68,174,166
68,174,166
68,174,166
68,174,166
68,174,166
68,173,166
68,173,166
68,173,166
68,173,166
67,173,166
66,173,166
66,173,166
66,173,166
66,173,166
65,172,165
65,172,166
64,172,165
65,172,166
65,172,166
65,172,165
65,173,165
66,173,166
66,173,166
66,173,166
65,172,165
63,172,164
63,171,164
61,171,164
61,171,164
61,171,164
62,171,164
65,172,165
66,173,166
68,174,165
69,174,166
69,174,166
69,174,166
69,174,167
69,174,167
70,174,168
70,174,168
70,174,168
70,174,168
70,174,168
69,174,167
69,174,167
67,173,166
66,173,166
65,172,166
65,172,166
63,171,165
63,171,165
62,171,164
61,171,164
60,170,163
61,171,164
61,171,163
64,172,164
66,173,166
67,173,166
68,174,166
70,174,167
70,174,167
70,174,167
70,174,168
71,174,168
70,174,168
70,174,167
70,174,167
69,174,167
68,174,166
68,173,166
67,173,166
67,173,166
67,173,166
67,173,166
66,173,166
67,172,165
67,172,165
66,173,166
66,173,166
66,173,166
65,172,166
64,172,165
63,171,164
61,170,163
60,169,163
58,168,161
55,167,160
53,165,157
49,163,156
46,163,154
45,162,154
42,161,152
42,161,153
42,161,152
43,161,153
44,162,153
47,163,155
35,159,148
39,161,151
45,163,154
51,165,157
54,167,159
56,168,160
56,168,161
56,168,161
57,168,161
57,168,161
57,169,161
58,169,161
59,170,162
60,170,162
60,170,162
60,171,163
61,171,163
61,171,163
61,171,162
61,170,163
61,170,163
61,170,163
61,170,163
60,171,163
60,170,162
59,169,162
59,170,162
59,170,162
59,169,162
59,169,163
60,170,162
60,170,163
61,171,163
62,171,164
63,171,163
63,172,164
63,172,164
64,172,164
64,172,164
64,172,164
64,172,164
63,172,164
63,171,164
63,171,164
62,171,164
62,171,164
63,171,164
63,171,165
65,172,165
66,173,166
66,173,166
68,174,165
69,174,166
69,174,166
69,174,166
69,174,166
68,174,165
68,174,165
67,173,166
67,173,165
67,172,165
66,172,165
65,172,165
65,172,165
65,172,166
65,172,166
65,172,165
64,172,164
63,171,163
61,171,163
58,169,161
57,169,161
56,168,160
55,168,160
56,168,160
57,169,161
59,169,162
61,171,164
64,172,165
65,172,165
67,173,166
68,174,165
68,174,165
68,174,165
68,174,165
67,173,166
66,173,166
66,173,166
65,173,165
65,173,165
65,173,165
65,173,165
66,173,166
66,173,166
67,173,165
68,174,165
68,174,166
69,174,167
69,174,167
69,174,167
70,174,167
70,174,167
70,174,167
70,174,167
68,174,166
68,174,166
68,173,166
68,173,166
68,173,166
68,173,166
67,173,166
67,173,166
67,173,166
66,173,165
66,173,166
66,173,166
65,173,165
65,172,165
65,172,165
65,172,165
66,173,166
66,173,166
66,173,166
66,173,166
65,172,165
64,172,164
63,171,164
62,170,164
61,170,164
61,171,164
61,171,164
63,171,164
65,173,165
66,173,165
68,174,166
69,174,166
70,174,167
70,174,168
70,174,168
70,174,168
70,175,168
70,174,168
70,174,168
70,174,168
69,174,167
69,174,167
67,173,166
66,173,166
66,173,166
65,172,166
63,172,165
63,171,164
61,171,164
60,170,163
59,169,162
58,169,162
59,169,162
61,171,164
63,172,165
66,173,166
67,173,166
68,174,166
69,174,167
70,174,167
70,174,167
70,174,167
70,174,167
70,174,167
69,174,167
68,173,166
68,173,166
67,173,166
67,173,166
66,173,166
67,173,166
67,173,166
67,172,165
67,172,165
67,172,165
67,172,165
66,172,166
66,172,166
65,172,166
64,171,165
62,170,163
61,170,163
59,169,162
57,168,161
55,167,160
52,165,158
49,163,157
46,163,154
43,162,154
42,161,152
42,161,152
42,161,153
42,161,153
44,162,154
47,163,155
36,158,149
40,161,151
45,163,154
51,165,157
54,167,159
55,168,160
56,168,161
56,168,161
56,168,161
56,168,161
57,168,161
58,169,161
58,169,161
60,170,162
60,170,162
60,171,163
61,171,163
61,171,162
61,171,162
61,171,163
61,170,163
61,170,163
61,171,163
60,171,163
60,171,163
60,170,162
60,170,162
59,169,162
59,169,162
60,170,162
60,171,163
61,171,163
62,171,164
63,171,163
63,171,164
63,172,164
64,172,164
64,172,164
64,172,164
64,172,164
64,172,164
63,172,164
63,171,163
63,171,164
62,171,164
62,171,164
63,171,164
65,172,165
65,173,165
66,173,166
66,173,166
68,173,166
69,174,166
69,174,166
70,174,167
70,174,167
68,174,166
68,173,165
68,173,165
68,173,165
67,173,165
67,172,165
65,172,165
65,172,165
65,172,165
65,173,165
65,172,165
65,172,165
63,172,164
62,170,163
60,170,161
57,169,161
56,168,160
55,168,160
55,168,160
55,168,160
57,169,161
59,169,162
62,171,164
65,172,165
66,173,166
68,174,165
68,174,165
68,174,165
68,174,165
67,173,166
66,173,166
65,172,165
65,173,165
65,172,165
65,172,165
65,172,165
65,173,165
66,173,165
67,173,165
68,174,165
69,174,166
69,174,166
69,174,167
69,174,167
70,174,168
70,174,168
70,174,168
70,174,168
70,174,167
70,174,167
68,174,166
68,174,166
68,173,166
68,173,166
68,173,165
68,174,165
67,173,165
67,173,165
67,173,165
67,173,166
66,173,166
66,173,166
66,173,166
66,173,166
66,173,166
66,173,166
66,173,166
66,173,166
66,173,166
65,172,165
63,172,164
62,170,164
61,171,164
61,171,164
61,171,164
61,171,164
65,172,166
66,173,166
68,174,165
69,174,166
70,174,167
70,174,168
70,174,168
71,175,168
71,175,168
70,175,168
70,174,168
70,174,168
69,174,167
69,174,167
68,173,166
66,173,166
66,173,166
65,172,165
63,172,164
62,171,164
60,170,163
59,169,163
58,169,162
58,169,162
58,169,162
59,169,162
61,171,164
64,172,164
65,172,165
66,173,166
68,173,166
69,174,167
69,174,167
69,174,167
69,174,167
69,174,167
68,173,166
67,173,166
66,173,166
66,173,166
66,173,166
66,173,166
67,172,165
67,172,165
67,172,165
67,172,165
67,172,165
66,172,166
66,172,166
66,172,166
65,172,166
64,171,165
61,170,163
61,169,163
58,168,161
56,167,160
53,166,158
52,165,157
47,163,154
45,162,154
43,162,154
42,161,152
42,161,152
42,161,152
42,161,153
43,162,154
46,164,155
36,158,149
40,161,151
45,162,154
50,165,156
54,168,159
55,168,160
56,167,161
56,168,161
56,168,161
56,168,161
56,168,161
57,169,161
58,169,161
59,170,162
60,170,161
60,171,163
60,171,163
61,171,163
61,171,163
61,171,163
61,171,163
61,171,163
61,171,163
60,171,163
60,171,163
60,171,163
60,170,162
60,170,162
60,171,163
61,171,163
61,171,163
62,171,164
63,171,164
63,172,164
63,172,164
64,172,164
64,172,164
64,172,164
64,172,164
64,172,164
64,172,164
64,172,164
63,172,164
63,172,164
63,171,163
63,171,165
64,172,164
65,173,165
66,173,166
66,173,166
67,173,166
68,174,166
69,174,167
70,174,167
70,174,167
70,174,167
69,174,167
69,173,166
68,173,165
68,173,165
67,173,165
67,172,165
65,172,165
65,172,165
65,172,165
65,172,165
65,172,165
65,172,165
64,172,164
63,171,163
61,170,163
60,169,161
58,168,161
55,168,160
55,168,160
55,168,160
56,168,161
58,169,162
61,171,164
63,171,164
65,172,165
67,173,166
68,174,165
68,174,165
68,174,165
67,173,166
66,173,166
66,173,166
65,172,165
64,172,164
63,171,164
63,171,164
64,172,164
65,173,165
67,173,165
68,174,165
69,174,166
69,174,167
69,174,167
70,174,168
70,174,168
70,174,168
70,174,168
70,174,168
70,174,168
70,174,168
70,174,167
70,174,167
70,174,167
69,174,167
69,174,166
69,174,166
69,174,166
68,174,166
68,174,166
68,174,166
68,174,166
68,174,166
68,174,166
68,173,166
68,173,166
68,173,166
68,173,166
67,173,166
66,173,166
66,173,166
66,172,166
63,172,164
62,170,164
61,171,164
61,171,164
61,171,164
63,171,164
65,173,165
67,173,166
69,174,166
69,174,167
70,174,168
70,174,168
71,175,168
71,175,168
70,174,168
70,174,168
69,174,167
69,174,167
69,174,167
67,173,166
66,173,166
66,173,166
65,172,165
63,172,164
62,171,163
60,170,163
58,169,162
58,169,162
58,168,162
57,169,161
58,169,162
58,169,162
61,171,163
63,171,164
65,172,165
66,173,166
67,173,166
68,173,166
69,174,167
68,173,166
67,173,166
67,173,166
66,173,166
66,173,166
66,173,166
66,173,166
66,173,166
66,172,166
67,172,165
67,172,165
67,172,165
67,172,165
66,172,166
66,172,166
66,172,166
65,171,166
64,171,165
61,170,163
61,169,163
58,168,161
55,167,159
53,165,157
51,164,157
47,163,154
45,162,154
42,161,152
42,161,152
41,160,152
42,161,152
42,161,153
43,161,153
46,164,155
36,157,149
40,160,151
45,162,154
50,165,157
53,167,158
55,168,160
56,167,161
56,167,161
56,168,161
56,168,161
56,168,161
57,169,161
58,169,161
59,170,161
59,170,161
60,170,161
60,171,163
61,171,163
61,171,163
61,171,163
61,171,163
61,171,163
61,171,163
60,171,163
60,171,163
60,171,163
60,171,163
60,171,163
61,171,163
61,171,163
62,171,164
63,171,163
63,171,164
64,172,164
64,172,164
64,172,164
65,172,165
65,172,165
65,172,165
65,172,165
65,172,165
64,172,164
64,172,164
64,172,164
64,172,164
65,173,165
65,173,165
66,173,166
66,173,166
66,173,166
67,173,166
69,174,167
69,174,167
70,174,167
70,174,167
70,174,167
70,174,167
69,174,167
68,173,165
68,173,165
67,173,165
67,172,165
66,173,166
65,172,165
65,172,165
65,172,165
65,172,165
65,172,165
65,172,165
65,171,164
63,170,163
62,170,163
60,170,162
58,168,161
55,168,160
55,168,160
57,168,161
58,169,162
58,170,162
62,171,164
65,172,165
67,173,166
68,174,165
68,174,165
68,173,166
67,173,166
66,173,166
66,173,166
65,172,165
63,171,164
63,171,163
62,171,164
63,171,164
63,172,164
65,173,165
67,173,166
69,174,167
69,175,167
69,174,167
69,174,167
70,174,168
70,175,168
70,175,168
70,175,168
71,174,168
71,174,168
70,174,168
70,174,168
69,174,167
69,174,167
69,174,167
69,174,167
69,174,167
69,174,167
69,174,167
69,174,167
69,174,167
69,174,167
69,174,167
69,174,167
70,174,167
70,174,167
69,174,167
68,174,166
68,173,166
67,173,166
67,172,165
66,172,165
64,171,164
63,171,164
62,171,164
63,171,164
64,172,165
65,172,165
66,173,166
68,173,166
69,174,167
70,174,168
70,174,168
70,175,168
70,174,168
70,174,168
69,174,167
69,174,167
69,174,167
68,173,166
67,173,166
66,173,166
66,173,166
64,172,164
63,172,164
62,171,163
61,170,163
59,169,162
58,168,161
58,168,161
57,168,161
57,168,161
57,169,161
58,169,162
60,170,163
63,171,163
65,172,165
66,173,166
66,173,166
67,173,166
67,173,166
66,173,166
66,173,166
66,173,166
66,173,166
66,173,166
66,173,166
66,173,166
66,172,166
66,172,166
66,172,166
66,172,166
66,172,166
66,172,166
66,172,166
66,172,166
65,171,166
64,171,165
61,170,163
59,168,162
57,167,161
55,167,160
53,165,157
50,164,156
45,162,155
43,162,154
41,160,152
40,160,151
40,160,151
41,160,152
42,161,152
43,161,153
46,163,155
36,157,149
39,159,151
43,161,153
48,165,156
52,167,159
55,168,160
55,168,161
56,167,161
56,168,161
56,168,161
56,168,161
57,169,161
58,169,161
59,170,162
59,170,161
60,170,161
60,171,163
60,171,163
61,171,163
61,171,163
61,171,163
61,171,163
61,171,163
60,171,163
60,171,163
60,171,163
60,171,163
60,171,163
61,171,163
61,171,163
62,171,164
63,171,163
63,172,164
64,172,164
64,172,164
65,172,165
66,173,166
66,173,166
66,173,166
66,173,166
66,173,166
66,173,166
65,172,165
66,173,166
66,173,166
66,173,166
66,173,166
66,173,166
66,173,166
67,173,166
68,174,166
69,174,167
69,174,167
70,174,167
70,174,167
70,174,167
70,174,167
70,174,167
68,174,166
68,173,165
67,173,166
67,172,165
66,173,166
66,173,166
65,172,165
66,173,166
66,173,166
66,173,166
66,172,166
66,172,166
65,171,164
63,170,163
61,170,163
60,169,161
58,168,161
57,169,161
57,169,161
58,169,162
58,169,162
60,171,163
63,171,164
66,173,166
67,173,166
67,173,166
67,173,166
67,173,166
66,173,166
66,173,166
64,172,164
63,171,163
61,171,163
61,171,163
61,171,163
61,171,163
63,171,164
65,173,165
66,173,166
68,173,166
69,174,167
69,174,167
70,174,168
70,175,168
70,175,168
70,175,168
70,175,168
70,175,168
70,175,168
70,175,168
70,174,168
70,175,167
70,175,167
70,175,167
70,174,168
70,174,168
70,174,168
70,174,168
70,174,167
70,174,167
70,174,167
70,174,167
70,174,167
70,174,167
70,174,167
69,174,167
70,174,167
69,173,166
68,173,165
67,172,165
66,172,165
65,172,165
63,172,164
64,172,165
64,172,165
65,172,165
66,173,166
67,173,166
68,173,166
69,174,167
69,174,167
70,174,168
69,174,167
69,174,167
69,174,167
68,174,166
68,173,166
67,173,166
66,173,166
66,173,166
65,172,165
63,171,164
63,172,164
62,171,164
60,171,163
60,170,162
58,169,161
58,168,161
57,168,161
56,168,161
56,168,160
57,168,161
58,169,162
60,170,163
62,171,164
64,172,164
66,173,166
66,173,166
66,173,166
66,173,166
66,173,166
66,172,166
66,172,166
65,172,166
65,172,166
65,172,165
65,172,165
65,172,165
66,172,166
66,172,166
66,172,166
66,172,166
66,173,166
65,172,165
65,171,166
64,171,165
61,170,163
59,168,162
57,167,161
55,167,159
52,165,158
47,163,155
45,162,154
42,161,152
40,159,151
40,160,151
40,160,151
40,160,151
41,160,152
43,161,153
46,163,155
36,157,149
38,159,150
42,161,153
47,164,155
51,166,158
54,167,160
55,168,161
56,167,161
56,168,161
56,168,161
57,169,161
57,169,161
58,169,161
59,170,161
60,170,161
60,170,161
60,170,161
60,171,163
61,171,163
61,171,163
61,171,163
61,171,163
61,171,163
60,171,163
60,171,163
60,171,163
60,171,163
60,170,163
61,170,164
61,171,164
62,171,164
63,171,164
64,172,164
64,172,164
65,172,165
65,172,165
66,173,166
66,173,166
66,173,166
66,173,166
66,173,166
66,173,166
66,173,166
66,173,166
66,173,166
66,173,166
66,173,166
66,173,166
67,173,166
67,174,166
69,174,167
69,174,167
69,174,167
69,174,167
70,174,167
70,174,167
70,174,167
70,174,167
69,174,167
68,173,166
67,173,166
67,172,165
66,172,166
66,173,166
66,173,166
66,173,166
66,173,166
66,173,166
66,172,166
66,172,166
65,172,165
65,171,164
63,170,163
61,170,163
59,169,162
58,169,161
58,169,161
58,169,162
58,169,162
58,170,162
62,171,164
65,173,165
67,173,166
67,173,166
67,173,166
67,173,166
66,173,166
66,173,166
64,172,164
63,171,163
61,171,163
61,171,163
60,170,162
59,170,162
59,170,162
61,171,163
64,172,164
65,172,165
66,173,166
68,173,166
69,174,167
70,174,168
70,174,168
70,175,168
70,175,168
70,175,168
70,176,168
70,176,168
70,176,168
70,176,168
70,175,167
70,175,167
70,174,168
70,174,168
70,174,168
70,174,168
70,174,167
70,174,167
70,174,167
70,174,167
70,174,167
70,174,167
70,174,168
70,174,168
70,174,168
70,174,168
70,174,167
69,173,166
67,173,165
66,172,165
66,172,166
65,172,165
65,172,166
65,173,165
66,173,166
66,173,166
68,173,166
68,173,166
69,174,167
69,174,167
68,174,166
68,174,166
67,173,166
67,173,166
66,173,166
66,173,166
65,173,165
65,172,165
63,171,164
63,171,164
62,171,164
61,171,163
60,171,163
60,170,162
59,169,162
58,168,161
57,168,161
56,168,161
56,168,161
55,168,160
56,168,161
58,169,162
60,170,162
62,171,164
64,172,164
65,173,165
66,173,166
66,173,166
66,173,166
66,173,166
65,172,166
65,172,166
65,172,166
64,172,164
64,172,164
65,173,165
65,172,165
65,172,165
66,173,166
65,172,165
65,172,165
65,172,165
64,172,164
63,172,164
61,170,163
59,169,162
56,167,161
54,166,159
51,165,157
46,163,154
43,162,154
42,159,152
40,159,151
39,159,151
40,160,151
40,160,151
41,160,152
43,161,153
46,163,155
37,159,150
42,161,152
46,163,155
51,165,158
54,167,160
56,167,161
56,168,161
56,168,161
57,168,161
58,168,162
58,169,162
59,170,162
59,169,161
60,170,161
60,170,161
60,170,161
60,171,163
61,171,163
61,171,163
61,171,163
61,171,163
61,171,163
60,171,163
60,170,163
60,170,162
60,170,163
59,169,162
59,169,162
60,170,163
61,171,164
63,171,164
63,171,165
64,172,165
65,172,165
66,173,166
66,173,166
66,173,166
66,173,166
67,173,166
67,173,166
67,173,166
67,173,166
67,173,166
67,173,166
67,173,166
67,173,166
67,173,166
68,173,166
68,174,166
69,174,167
69,174,167
69,174,167
69,174,167
69,174,167
70,174,167
70,174,167
70,174,167
70,174,167
68,174,166
68,173,166
67,172,165
66,172,166
66,173,166
66,173,166
66,173,166
66,173,166
66,173,166
66,173,166
66,172,166
66,172,166
65,172,165
65,171,165
63,170,163
61,170,163
60,170,162
58,169,161
58,169,162
58,170,162
59,170,163
62,171,164
65,173,165
67,173,166
67,173,166
67,173,166
67,173,166
66,173,166
66,172,166
65,172,165
63,172,164
61,171,163
60,171,163
59,170,162
59,170,162
58,169,162
59,169,162
60,170,163
63,171,164
64,172,164
66,173,166
67,173,166
68,173,166
69,174,167
69,174,167
70,174,168
70,174,168
70,175,167
70,176,168
70,176,168
70,175,167
70,175,167
70,175,167
70,174,168
70,174,168
70,174,168
70,174,168
70,174,167
70,174,167
70,174,167
70,174,167
70,174,167
70,174,168
70,174,168
70,174,168
70,174,168
70,174,168
70,174,167
70,174,167
69,173,166
67,173,165
67,172,165
66,172,166
65,172,165
66,173,166
66,173,166
66,173,166
66,173,166
67,173,166
67,173,166
67,173,166
67,173,166
66,173,166
66,173,166
66,173,166
66,173,166
65,173,165
64,172,165
63,171,165
63,171,164
62,171,164
61,171,163
61,171,163
60,170,162
60,170,162
59,169,162
59,169,162
58,168,161
56,168,161
56,167,160
56,167,160
55,168,161
57,168,162
58,169,162
60,170,163
62,171,164
63,171,164
64,172,164
65,173,165
65,173,165
65,173,165
65,172,165
64,172,164
64,172,164
64,172,164
64,172,164
64,172,164
64,172,164
65,173,165
65,173,165
65,172,165
65,172,165
65,172,165
64,172,164
64,171,164
61,169,163
58,168,161
55,167,160
54,166,158
51,165,157
45,162,155
42,161,152
40,159,151
39,159,151
38,160,151
38,160,151
40,160,151
42,161,152
43,162,154
36,159,150
40,160,152
45,163,155
49,165,157
54,167,159
56,167,161
56,168,161
57,168,161
58,168,162
58,168,162
58,169,162
59,169,161
60,170,161
60,170,161
60,170,161
60,170,161
61,170,162
61,171,163
61,171,163
62,171,164
62,171,163
61,171,163
61,171,163
60,171,163
60,170,162
59,169,162
59,169,162
58,169,162
59,169,162
59,170,163
61,171,164
62,171,164
64,172,165
65,172,166
66,173,166
66,173,166
66,173,166
67,173,166
68,173,166
68,173,166
68,173,166
68,173,166
67,173,166
67,173,166
68,173,166
68,173,166
68,173,166
68,174,166
69,174,167
69,174,167
69,174,167
69,174,167
69,174,167
70,174,168
69,174,167
70,174,168
70,174,167
70,174,167
69,174,167
68,173,166
66,173,166
66,173,166
66,173,166
65,172,165
65,173,165
65,173,165
66,173,166
66,173,166
66,173,166
66,172,166
66,172,166
65,172,165
64,171,164
63,170,163
61,171,163
60,170,162
59,170,162
59,170,163
61,171,164
63,171,164
66,173,166
67,173,166
67,173,166
68,173,166
67,173,166
67,172,165
66,172,166
66,172,166
64,172,164
63,171,163
61,171,163
59,169,162
58,169,161
58,169,162
57,169,161
57,169,161
59,169,162
60,170,163
63,171,164
64,172,165
66,173,166
67,173,166
68,174,166
69,174,167
69,174,167
70,175,167
70,175,167
70,175,167
70,175,167
70,175,167
70,174,168
70,174,168
70,174,168
70,174,168
69,174,167
70,174,167
70,174,167
70,174,167
70,174,167
70,174,168
70,174,168
70,174,168
70,174,168
70,174,168
70,174,168
70,174,168
70,174,168
68,174,166
68,173,166
67,173,166
67,172,165
66,173,166
66,173,166
66,173,166
66,173,166
66,173,166
67,173,166
67,173,166
67,173,166
67,173,166
66,173,166
66,173,166
66,173,166
65,172,165
64,172,165
63,171,165
62,171,164
62,171,164
61,171,163
61,171,163
60,170,162
60,170,162
60,170,162
60,170,162
59,169,162
59,169,162
58,168,161
56,167,160
56,167,161
55,168,161
56,169,161
57,169,162
58,169,162
59,170,163
62,171,164
63,171,163
63,171,164
64,172,164
65,172,165
64,172,164
63,171,164
63,171,164
63,171,164
63,171,163
63,171,163
64,172,164
64,172,164
64,172,164
65,172,165
65,172,165
64,172,164
64,172,164
64,171,164
61,170,163
58,168,161
55,167,160
52,166,158
50,164,156
45,162,154
42,159,152
40,159,151
38,160,151
38,160,151
38,160,151
40,160,151
41,160,152
43,162,154
36,158,150
38,161,151
45,163,155
49,165,157
54,167,159
56,168,161
56,168,161
57,168,161
58,168,162
58,169,162
58,169,161
59,169,161
60,170,161
60,170,161
60,170,161
60,170,161
60,171,163
61,171,163
62,171,163
62,171,163
62,171,163
62,170,164
62,170,164
60,171,163
59,169,162
58,169,161
58,169,162
58,170,162
58,170,162
59,169,162
59,169,162
61,171,164
62,171,164
64,172,165
65,173,165
66,173,166
66,173,166
67,173,166
68,173,166
68,174,166
69,174,167
69,174,167
68,174,166
68,174,166
68,173,166
68,173,166
68,174,166
69,174,167
69,174,167
69,174,167
69,174,167
70,174,168
70,174,168
70,174,168
70,174,168
70,174,168
69,174,167
70,174,167
69,174,167
68,173,166
66,173,166
66,173,166
65,172,165
65,172,165
63,171,164
63,171,164
65,172,165
65,173,165
65,172,166
66,173,166
66,172,166
66,172,166
65,172,165
63,172,164
63,171,164
62,171,164
61,171,163
61,171,163
63,171,164
65,173,165
66,173,166
68,173,166
68,173,166
68,173,166
68,173,166
67,173,166
67,172,165
66,172,165
65,172,164
64,172,164
63,170,163
60,170,162
58,169,161
57,169,161
57,168,161
57,168,162
57,169,161
58,169,161
59,170,162
61,171,163
63,171,164
65,172,165
66,173,166
68,173,166
69,174,167
69,175,167
69,175,167
69,175,167
70,174,168
69,174,167
70,174,168
70,174,168
69,174,167
69,174,167
69,174,167
70,174,167
70,174,167
70,174,167
70,174,167
70,174,168
70,174,168
70,174,168
70,174,168
70,174,168
70,174,168
70,174,168
70,174,168
69,174,167
68,174,166
68,173,166
67,173,166
66,173,166
66,173,166
66,173,166
66,173,166
67,173,166
67,173,166
67,173,166
67,173,166
67,173,166
67,172,165
66,173,166
66,173,166
65,172,165
63,171,165
63,171,164
62,171,164
61,171,164
61,171,163
60,170,162
59,170,162
60,170,162
60,170,162
60,170,162
60,170,162
59,169,162
59,169,162
57,168,161
56,167,160
57,168,161
57,168,162
57,169,162
57,169,162
58,169,162
59,169,162
60,170,162
62,171,164
63,171,163
63,171,164
63,171,164
63,171,163
62,171,164
61,171,163
60,171,163
60,171,163
62,171,164
63,171,163
64,172,164
64,172,164
64,172,164
64,172,164
63,172,164
62,170,164
60,169,163
58,168,161
55,167,159
52,166,158
50,164,156
45,162,154
42,159,152
39,159,151
38,160,151
38,160,151
38,160,151
40,160,151
41,160,152
43,162,154
34,158,149
38,160,151
44,162,155
49,165,157
54,167,159
56,168,161
57,168,161
58,168,162
58,168,162
58,169,162
59,169,162
60,170,161
60,170,161
60,170,161
60,170,162
60,170,162
60,171,163
61,171,163
62,171,163
62,171,163
62,171,163
62,170,164
62,170,164
61,170,163
59,169,162
58,169,161
58,169,161
58,169,161
57,169,161
58,169,162
58,170,162
59,169,162
61,171,163
62,171,164
65,172,165
65,173,165
66,173,166
67,173,166
68,174,166
68,174,166
69,174,167
69,174,167
69,174,167
69,174,167
69,174,167
69,174,167
69,174,167
69,174,167
69,174,167
69,174,167
69,174,167
70,174,168
70,174,168
70,174,168
70,174,168
70,174,168
70,174,168
69,174,167
69,174,167
68,173,166
66,173,166
66,173,166
65,172,165
63,171,164
63,171,163
61,171,163
63,171,164
63,171,164
65,172,165
65,172,166
66,173,166
66,172,166
65,172,165
65,172,165
64,172,164
63,172,164
63,171,164
63,171,164
65,173,165
66,173,166
67,174,166
69,174,167
69,174,167
69,174,167
69,174,167
68,173,166
67,173,165
67,172,165
67,172,165
65,172,164
64,172,164
61,170,163
59,169,162
58,168,161
57,168,161
56,168,160
56,169,161
57,169,161
58,169,162
58,169,161
61,171,163
62,171,164
65,173,165
66,173,166
68,173,166
69,174,167
69,174,167
69,174,167
69,174,167
69,174,167
69,174,167
69,174,167
69,174,167
69,174,167
69,174,167
69,174,167
70,174,167
70,174,167
70,174,167
70,174,168
70,174,168
70,174,168
70,174,168
70,174,168
70,174,168
70,174,168
70,174,168
69,174,167
68,174,166
68,173,166
68,173,166
67,173,166
67,173,166
67,173,166
67,173,166
67,173,166
67,173,166
67,173,166
67,173,166
67,173,166
67,172,165
67,172,165
66,173,166
66,173,166
63,171,164
62,171,164
61,171,164
61,171,163
60,170,162
59,170,162
58,170,161
58,170,161
59,170,162
60,170,162
60,170,162
60,170,162
60,170,162
59,169,162
58,168,161
58,168,161
58,168,162
57,169,161
57,169,162
57,169,162
57,169,161
58,169,161
59,170,162
60,170,162
60,170,163
60,171,163
60,171,163
60,170,162
60,170,162
59,169,162
59,169,162
60,170,162
60,171,163
63,171,163
63,171,164
63,172,164
64,171,164
63,170,163
61,170,163
59,168,162
56,167,161
54,166,158
52,165,157
49,163,156
44,161,153
42,159,152
38,160,151
38,159,150
38,159,150
38,160,151
40,160,151
41,160,152
43,162,154
34,158,149
38,159,151
44,162,154
49,165,157
54,167,159
56,168,161
57,168,161
58,168,162
58,169,162
58,169,162
59,169,162
59,169,162
60,170,161
60,170,162
60,170,162
60,170,162
60,171,163
62,170,164
62,171,163
62,171,163
62,171,163
62,170,164
62,170,164
61,170,163
60,170,161
59,169,162
58,169,161
57,169,161
57,169,161
57,169,161
57,169,161
58,170,161
60,170,162
61,171,163
63,171,164
65,173,165
66,173,166
66,173,166
67,173,166
68,174,166
69,174,167
69,174,167
69,174,167
69,174,167
69,174,167
69,174,167
69,174,167
69,174,167
69,174,167
70,174,168
70,174,168
70,174,168
70,174,168
70,174,168
70,174,168
70,174,168
70,174,168
70,174,168
69,174,167
68,173,166
66,173,166
65,172,165
63,172,164
63,171,163
61,171,163
61,171,163
61,171,163
62,171,164
63,172,164
65,172,165
65,172,165
65,172,165
65,172,165
65,172,165
65,172,165
64,172,164
65,173,165
66,173,166
66,173,166
67,173,165
69,174,166
69,175,167
70,174,168
69,174,167
69,174,167
69,174,167
69,173,166
68,173,165
67,173,165
67,172,165
65,172,164
63,171,163
61,170,162
58,169,161
57,168,161
56,168,160
56,168,160
56,169,161
57,169,161
58,169,162
58,170,161
61,171,164
62,171,164
65,172,166
66,173,166
68,174,167
69,174,167
69,174,167
70,174,167
69,174,167
69,174,167
68,174,166
68,174,166
68,174,166
68,174,166
69,174,167
69,174,167
69,174,167
69,174,167
69,174,167
70,174,168
70,174,168
70,174,168
70,174,168
70,174,168
70,174,168
70,174,167
68,174,166
68,174,166
68,173,166
68,173,166
68,173,166
67,174,166
67,173,166
68,174,166
68,174,166
68,174,166
68,173,166
68,173,166
68,173,166
67,173,166
67,173,166
66,173,166
66,173,166
65,172,165
63,171,164
61,171,163
60,171,163
60,170,162
59,170,162
58,170,161
58,170,161
59,170,162
60,170,162
60,170,162
60,170,162
60,171,163
60,171,163
60,170,162
59,169,162
58,169,161
58,169,162
57,169,161
57,169,161
57,169,161
57,169,161
57,169,161
58,169,161
58,169,161
59,170,162
59,170,162
58,169,161
58,169,161
58,168,161
58,168,161
58,169,161
59,169,163
60,170,163
61,171,163
62,170,164
62,170,164
61,170,163
61,170,163
59,168,162
56,167,161
54,166,158
52,165,157
47,163,155
43,161,152
39,159,151
38,159,150
38,159,150
38,159,150
38,160,151
40,160,151
41,160,152
43,162,154
36,158,150
43,162,154
48,165,156
54,166,159
55,167,160
56,168,161
57,168,161
58,169,162
58,169,162
59,169,162
59,169,162
59,169,162
59,170,162
59,170,162
59,170,163
60,170,163
61,171,163
62,171,163
62,171,163
62,171,163
62,171,163
62,170,164
62,170,163
61,170,163
60,170,162
59,169,161
58,168,161
58,168,161
57,169,161
57,169,161
58,170,161
58,170,161
60,170,162
61,171,163
63,171,164
65,173,165
66,173,166
66,173,166
67,173,166
68,174,166
69,174,167
69,174,167
69,174,167
69,174,167
69,174,167
69,174,167
69,174,167
69,174,167
70,174,168
70,174,168
70,174,168
70,174,168
70,174,168
70,174,168
70,174,168
70,174,168
70,174,168
69,174,167
69,174,167
67,173,166
66,172,166
64,172,164
62,171,164
61,171,163
61,171,163
61,171,163
61,171,163
61,171,163
63,172,164
65,172,165
65,173,165
65,173,165
65,172,165
65,172,165
66,173,166
66,173,166
66,173,166
67,173,165
69,174,166
69,175,166
70,175,167
70,175,167
70,174,168
70,174,168
70,174,168
69,174,166
69,173,166
68,174,165
67,173,165
66,173,165
65,172,164
63,171,163
60,170,162
58,169,161
57,168,161
57,168,161
57,169,161
57,169,161
58,169,162
58,170,161
61,171,164
61,171,164
63,172,165
65,172,166
67,173,166
68,174,167
69,174,167
69,174,167
68,174,166
68,174,166
68,174,166
68,173,166
67,174,166
67,174,166
67,173,166
68,174,166
69,174,167
69,174,167
69,174,167
69,174,167
70,174,168
70,174,168
70,174,168
69,174,167
69,174,167
69,174,167
68,174,166
68,174,166
68,174,166
68,174,166
68,174,166
68,174,166
69,174,167
69,174,167
69,174,167
68,174,166
68,174,166
68,174,166
68,174,166
68,173,166
67,173,166
67,173,166
66,173,166
65,172,165
64,172,164
63,171,164
61,170,163
60,171,163
59,169,162
59,170,162
59,170,162
60,170,162
60,170,162
60,171,163
61,171,163
63,172,163
63,172,163
63,172,163
62,170,163
60,171,163
59,169,162
58,169,161
58,169,161
57,169,161
57,169,161
57,168,161
57,168,161
57,169,161
57,168,161
57,168,161
57,168,161
56,167,160
56,167,160
56,167,161
56,168,161
57,169,161
58,169,162
60,170,163
61,171,163
61,170,163
61,170,163
60,169,163
58,168,161
55,167,160
53,165,157
51,164,157
47,163,154
42,161,152
39,159,151
38,159,150
38,159,150
38,159,150
38,160,151
40,160,151
41,160,152
36,158,150
42,161,153
47,164,155
51,166,158
54,167,159
56,168,161
57,168,161
58,168,162
58,169,161
58,169,161
59,169,162
59,169,162
59,170,162
59,169,162
59,169,162
59,170,163
61,171,164
61,171,164
62,171,163
62,171,163
62,171,163
62,170,164
62,170,164
62,170,163
61,170,163
60,170,162
60,170,161
58,168,161
58,168,161
58,169,161
58,170,161
58,170,161
59,170,162
61,171,163
62,171,164
64,172,164
65,173,165
66,173,166
66,173,166
67,173,166
67,174,166
69,174,167
69,174,167
69,174,167
69,174,167
69,174,167
69,174,167
69,174,167
70,174,168
70,174,168
70,174,168
70,174,168
70,174,168
70,174,168
70,174,168
70,174,168
70,174,168
70,174,167
69,174,167
68,173,166
67,173,166
66,172,166
64,172,164
62,171,164
61,171,163
61,171,163
61,171,163
61,171,164
62,171,164
63,172,164
65,172,165
65,173,165
66,173,166
66,173,166
66,173,166
67,173,166
68,174,165
68,174,165
69,175,166
70,175,167
71,175,167
71,175,168
71,175,168
70,175,168
70,174,168
70,174,168
70,174,167
69,174,166
69,173,166
68,173,165
66,173,166
65,172,165
63,171,164
61,170,163
59,169,161
58,168,161
58,169,161
58,169,161
58,169,161
60,171,162
61,171,163
61,171,163
64,172,165
65,172,166
66,173,166
68,173,166
68,174,166
68,174,166
68,174,166
68,174,166
68,173,166
68,173,166
67,174,166
67,173,166
67,173,166
67,173,166
67,173,166
68,173,166
68,174,166
69,174,167
69,174,167
69,174,167
69,174,167
69,174,167
68,173,167
68,173,167
68,174,166
68,174,166
68,174,166
68,174,166
69,174,167
69,174,167
69,174,167
69,174,167
69,174,167
69,174,167
69,174,167
69,174,167
68,174,166
68,174,166
68,173,166
67,173,166
66,173,166
66,173,166
65,172,165
64,172,164
63,171,164
62,170,164
60,171,163
60,171,163
60,171,163
60,171,163
61,171,163
63,171,164
64,172,163
65,172,164
65,172,164
65,172,164
65,172,164
64,172,164
63,170,163
61,170,163
59,169,162
58,169,161
57,169,161
57,168,161
57,168,161
56,168,160
56,168,160
55,168,160
55,167,160
54,167,159
54,167,159
54,167,160
54,167,160
55,168,161
56,168,160
58,169,162
60,170,162
60,171,163
60,169,163
60,169,163
58,168,161
55,167,160
52,165,157
48,163,155
45,162,154
40,159,151
38,160,151
38,159,150
38,159,150
38,159,150
40,160,151
40,160,151
41,160,152
36,158,150
41,160,152
45,162,154
50,165,157
54,167,159
56,167,160
56,168,161
57,168,161
58,168,161
58,169,161
58,169,161
59,169,162
59,170,162
59,169,162
59,169,162
59,170,163
60,170,163
61,171,164
61,171,164
62,171,163
62,171,163
62,170,164
62,170,164
63,170,163
62,170,163
62,170,163
61,171,162
60,170,161
60,170,162
59,169,162
59,170,162
59,170,162
59,170,163
60,170,163
61,171,164
63,171,164
65,172,165
65,173,165
66,173,166
67,173,166
67,174,166
68,174,166
69,174,167
69,174,167
69,174,167
69,174,167
69,174,167
69,174,167
69,175,167
70,175,167
70,175,167
70,175,168
70,174,168
70,174,168
70,174,168
70,174,168
70,174,168
70,174,167
70,174,167
68,174,166
68,173,166
67,172,165
66,172,166
64,172,164
62,171,164
61,171,163
61,171,163
61,171,163
61,171,163
62,171,164
64,172,164
65,173,165
66,173,166
66,173,166
67,173,166
68,174,165
69,174,166
69,174,166
69,175,166
70,175,167
71,175,167
71,175,168
71,175,168
70,175,168
70,174,168
70,174,168
70,174,168
70,174,167
69,174,167
68,174,166
67,173,166
66,173,166
65,172,165
64,171,163
62,170,163
62,170,163
62,170,163
62,170,163
62,170,163
62,170,163
61,171,163
64,172,164
64,172,164
66,172,166
66,173,166
67,173,166
68,173,166
68,174,166
68,174,166
68,174,166
68,173,166
68,173,166
68,173,166
67,173,166
67,173,166
67,173,166
67,173,166
67,173,166
67,173,166
67,173,166
67,173,166
67,173,166
67,173,166
68,173,167
68,173,167
68,173,167
68,174,167
68,174,166
68,174,166
69,174,167
69,174,167
69,174,167
69,175,167
69,175,167
69,175,167
69,174,167
69,174,167
69,174,167
69,174,167
69,174,167
68,174,166
68,173,166
67,173,166
66,173,166
66,172,166
65,172,165
64,172,164
63,172,164
63,171,164
63,171,163
63,171,164
64,172,164
65,172,165
66,173,166
66,173,165
67,173,165
67,173,165
67,173,165
67,173,165
67,172,165
66,172,165
64,172,164
63,171,164
61,170,163
58,169,161
58,169,161
57,168,161
56,168,160
56,167,160
55,167,160
54,167,159
54,166,159
54,166,160
52,166,159
52,166,159
53,166,158
54,167,159
56,168,160
58,169,161
60,170,162
59,169,162
58,168,161
58,168,161
55,167,160
52,165,157
48,163,155
45,162,154
40,159,151
38,160,151
38,159,150
38,159,150
38,160,151
40,160,151
41,160,151
43,162,153
36,158,150
40,160,151
43,162,154
48,164,156
52,165,158
54,167,159
56,168,161
57,168,161
58,168,161
58,169,161
58,169,161
58,169,161
58,169,161
59,170,162
59,169,162
59,170,163
60,170,163
61,171,164
61,171,164
61,171,163
61,171,163
62,171,163
62,171,163
63,171,164
63,171,164
63,171,164
62,171,163
61,171,163
61,171,163
60,171,163
60,170,162
60,170,162
59,170,163
60,170,163
61,171,164
62,171,164
65,172,165
65,173,165
66,173,166
66,173,166
67,173,166
67,174,166
68,174,166
68,174,166
68,174,166
69,174,167
69,174,167
69,175,167
69,175,167
70,175,167
70,176,168
70,176,168
70,175,168
70,174,168
70,174,168
70,174,168
69,174,167
70,174,167
70,174,167
70,174,167
68,174,166
68,172,166
67,172,166
66,172,166
65,171,165
62,171,164
61,171,163
61,171,163
61,171,163
61,171,163
63,171,163
65,173,165
66,173,166
67,173,166
68,173,166
69,174,166
69,174,166
69,175,166
69,175,166
70,175,167
70,174,167
71,175,168
70,175,168
70,175,168
70,175,168
70,174,168
70,174,168
70,174,168
70,174,167
68,174,166
68,174,166
67,172,165
66,173,166
65,172,165
64,172,164
64,172,164
65,171,163
65,171,163
65,171,163
65,171,163
64,172,164
65,172,165
66,173,166
66,173,166
66,173,166
67,173,166
68,173,166
68,174,166
68,174,166
68,174,166
68,174,166
68,174,166
68,174,166
68,173,166
67,173,166
67,173,166
67,173,166
67,173,166
67,173,166
67,173,166
67,173,166
67,173,166
67,173,166
68,173,166
68,173,167
68,173,167
68,174,166
69,174,167
69,174,167
69,174,167
69,174,167
69,174,167
69,174,167
69,174,167
69,174,167
69,174,167
69,174,167
69,174,167
69,174,167
69,174,167
68,174,166
68,173,166
68,173,166
67,173,166
67,172,165
66,173,166
65,172,165
65,172,165
65,172,165
65,172,165
66,173,166
66,173,166
66,173,166
67,173,166
68,173,166
68,174,166
68,174,166
68,174,166
68,174,166
68,173,165
68,173,165
67,172,165
66,172,165
64,172,164
63,171,164
60,171,163
58,169,161
57,168,161
56,167,160
55,167,160
54,167,159
54,166,159
54,166,159
52,166,159
51,166,158
51,166,158
51,166,158
53,167,158
55,168,160
57,169,161
58,168,162
58,168,161
56,167,161
54,166,159
52,165,157
48,163,155
45,162,154
40,160,151
38,160,151
38,160,151
38,160,151
40,160,151
40,160,151
42,161,152
43,162,153
36,158,150
40,160,151
43,161,153
48,163,156
51,165,158
54,167,159
56,167,160
56,168,161
57,168,161
58,168,161
58,169,161
58,169,161
58,169,161
59,169,162
60,170,162
59,170,163
60,170,163
60,170,163
61,171,164
61,170,164
61,171,163
61,171,163
62,171,163
63,171,164
63,171,164
63,171,164
63,171,164
61,171,163
61,171,163
61,171,163
60,171,163
60,170,163
61,171,164
61,171,164
61,171,164
63,171,164
65,172,165
65,173,165
66,173,166
66,173,166
67,173,166
67,174,166
68,173,166
68,174,166
68,174,166
68,174,166
69,174,167
69,175,167
69,175,167
70,175,167
70,175,167
70,176,168
70,175,167
70,174,168
70,174,168
70,174,168
70,174,168
70,174,167
70,174,167
70,174,167
68,174,166
69,173,167
68,172,166
67,172,166
66,172,166
65,171,165
62,171,164
61,171,163
61,171,163
61,171,163
63,171,163
65,173,165
66,173,166
68,173,166
69,174,166
69,174,166
69,174,166
69,174,166
69,174,166
70,174,167
70,174,168
70,174,168
70,174,168
70,175,168
70,175,168
70,174,168
70,174,168
70,174,168
70,174,167
69,174,167
68,174,166
68,173,166
67,172,165
66,173,166
66,172,165
66,172,165
66,173,164
67,172,165
67,173,165
67,173,165
67,172,165
67,172,165
66,173,166
66,173,166
67,173,166
67,173,166
68,173,166
68,174,166
68,174,166
69,174,167
70,174,167
70,174,167
70,174,167
69,174,167
69,174,167
69,174,167
67,174,166
67,173,166
67,173,166
67,173,166
67,173,166
67,173,166
67,173,166
68,173,166
68,174,166
68,174,166
69,174,167
69,174,167
69,174,167
69,174,167
69,174,167
70,174,168
70,174,168
70,174,168
69,174,167
69,174,167
69,174,167
69,174,167
69,174,167
69,174,167
68,174,166
68,173,166
68,173,166
68,173,166
67,173,166
66,173,166
66,173,166
66,173,166
66,173,166
66,173,166
67,173,166
68,173,166
68,173,166
69,174,167
69,174,167
70,174,167
70,174,167
70,174,167
70,174,167
70,174,167
68,174,166
68,173,165
68,173,165
67,172,165
66,172,165
64,171,164
61,170,163
60,169,163
58,169,161
56,168,161
54,167,159
54,166,159
54,166,159
52,166,158
51,166,158
51,166,158
51,166,158
51,166,158
53,166,158
55,168,160
56,167,161
56,167,161
54,167,159
54,166,158
52,165,158
48,163,155
45,162,154
41,160,151
40,160,151
40,160,151
40,160,151
40,160,151
42,161,152
43,162,153
45,162,154
40,160,151
42,161,153
47,164,155
50,165,158
53,166,159
54,167,160
56,168,161
57,168,161
58,168,161
58,169,161
58,169,161
58,169,161
60,170,162
60,170,162
60,170,162
60,170,162
60,170,163
60,170,163
60,170,163
60,171,163
60,171,163
61,171,163
63,171,164
63,171,164
63,171,164
63,171,164
62,171,164
61,171,163
61,171,163
61,171,163
61,170,164
61,170,164
61,171,164
62,171,164
63,171,164
65,172,165
65,173,165
66,173,166
66,173,166
67,173,166
68,173,166
68,173,166
68,173,166
67,174,166
68,174,166
68,174,166
69,174,167
69,175,167
70,175,167
70,175,167
70,175,167
70,174,168
70,174,168
70,174,168
70,174,168
70,174,168
70,174,168
70,174,167
70,174,167
70,174,167
69,173,167
69,173,167
68,172,166
66,172,165
65,172,165
63,172,164
61,171,163
61,171,163
61,171,163
63,171,163
65,173,165
67,173,166
68,174,166
69,174,166
69,174,166
69,174,167
69,174,166
69,174,167
69,174,167
70,174,168
70,174,168
70,174,168
70,174,168
70,174,168
70,174,168
70,174,168
70,174,167
70,174,167
70,174,167
68,174,166
68,173,166
68,173,166
67,173,166
67,173,165
67,173,165
68,173,165
68,173,165
68,173,165
68,173,165
68,173,165
68,173,165
67,173,166
67,173,166
67,173,166
68,173,166
68,173,166
68,174,166
69,174,167
69,174,167
69,174,167
69,174,167
70,174,167
69,174,167
69,174,167
69,174,167
69,174,167
69,174,167
69,174,167
68,173,166
68,174,166
68,174,166
68,174,166
68,174,166
69,174,167
70,174,167
69,174,167
69,174,167
69,174,167
69,174,167
69,174,167
69,174,167
70,174,168
69,174,167
69,174,167
69,174,167
69,174,167
69,174,167
69,174,167
69,174,167
68,173,166
68,173,166
68,173,166
68,173,166
68,173,166
68,173,166
67,173,166
68,173,166
68,173,166
68,173,166
68,173,166
69,174,167
69,174,167
69,174,167
70,174,167
70,174,167
70,174,167
70,174,167
70,174,167
70,174,167
70,174,167
70,174,167
69,173,166
68,173,165
67,173,165
66,172,165
65,172,164
63,170,163
61,170,163
59,169,162
58,169,161
56,168,161
54,167,159
54,166,159
52,165,157
51,165,158
51,166,158
51,166,158
51,166,158
53,167,158
54,167,160
54,167,160
54,166,159
53,166,158
52,166,157
49,163,155
46,162,154
42,161,152
41,160,151
40,160,151
41,160,151
42,161,152
43,162,153
45,162,154
39,159,151
42,161,153
45,162,154
49,164,157
51,166,159
54,167,160
56,167,160
57,168,161
58,169,161
58,169,161
58,169,161
59,169,162
60,170,162
60,170,162
60,170,162
60,170,162
60,170,162
60,170,162
60,170,162
60,170,162
60,170,162
60,171,163
61,171,163
63,171,163
63,171,164
63,171,164
63,171,163
61,171,163
61,171,163
61,171,163
61,171,163
61,171,163
63,171,163
63,171,164
65,172,165
65,173,165
66,173,166
66,173,166
67,173,166
67,174,166
67,174,166
68,173,166
67,174,166
67,173,166
67,173,166
67,174,166
68,174,166
69,175,167
69,175,167
70,175,167
70,174,168
70,174,168
70,175,168
70,175,168
70,175,168
70,175,167
71,175,167
70,174,168
70,174,167
70,174,167
70,174,167
69,173,167
68,172,166
68,172,166
66,172,166
65,171,165
61,171,163
61,171,163
61,171,163
63,171,163
65,173,165
67,173,166
68,174,166
69,174,167
70,174,167
70,174,167
70,174,167
70,174,167
70,174,167
70,174,167
70,174,167
70,174,167
70,174,167
70,174,167
70,174,167
70,174,167
70,174,167
70,174,167
70,174,167
68,174,166
68,174,166
68,173,166
68,173,166
68,173,165
68,173,165
68,173,165
69,173,166
69,173,166
69,173,166
69,173,166
69,173,166
68,174,166
68,173,166
68,173,166
68,173,166
68,174,166
68,174,167
69,174,167
69,174,168
69,174,168
69,174,168
70,174,168
70,174,168
70,174,168
70,174,168
70,174,168
69,174,167
69,174,167
69,174,167
69,174,167
69,174,167
69,174,167
70,174,167
70,174,167
70,174,167
69,174,167
69,174,167
69,175,167
69,175,167
69,175,167
69,174,167
69,174,167
69,174,167
69,174,167
69,174,167
69,174,167
69,174,167
69,174,167
68,174,166
68,173,166
68,173,166
68,173,166
68,173,166
68,173,166
68,174,165
68,174,165
69,174,166
69,174,166
69,174,167
69,174,167
69,174,167
70,174,168
70,174,168
70,174,168
70,174,168
70,174,168
70,174,168
70,174,168
70,174,168
70,174,168
70,174,167
70,174,167
70,174,167
69,173,166
68,173,165
67,172,165
65,172,164
65,171,164
63,170,163
61,170,163
60,169,161
56,168,160
54,167,159
54,166,158
52,165,157
52,165,158
52,165,158
52,165,158
52,166,158
53,166,158
54,166,159
53,166,158
52,166,158
52,166,157
50,164,155
46,163,154
43,161,152
42,161,152
42,161,152
42,161,152
43,161,152
45,162,154
45,163,154
38,159,150
41,160,152
43,162,154
47,164,156
50,165,158
53,166,159
56,167,161
57,168,161
58,169,161
58,169,161
59,169,162
59,169,162
60,170,161
60,170,161
60,170,162
60,170,162
59,170,162
59,170,162
59,170,162
58,169,161
59,169,162
60,170,162
60,171,163
61,171,163
62,171,164
62,171,163
63,171,163
63,171,164
62,171,163
63,171,164
63,171,164
63,171,164
64,172,164
65,172,165
65,172,165
66,173,166
66,173,166
67,173,166
68,173,166
68,174,166
68,174,166
68,173,166
67,173,166
66,173,166
66,173,166
67,173,166
68,174,166
69,174,167
69,175,167
70,174,168
70,174,168
70,174,168
70,175,168
71,175,168
71,175,168
70,175,167
71,175,167
71,175,167
71,175,167
70,174,168
70,174,167
70,174,167
69,173,167
68,172,166
66,172,165
65,171,165
61,171,163
61,171,163
61,171,163
62,171,164
65,173,165
67,173,166
68,174,166
70,174,167
70,174,167
70,174,167
70,174,167
70,174,167
70,174,167
70,174,167
70,174,167
70,174,167
70,174,167
70,174,167
70,174,167
70,174,167
70,174,167
70,174,167
69,174,167
69,174,167
68,174,166
68,174,166
68,173,166
68,173,165
68,174,166
69,174,166
69,174,166
69,174,166
69,174,166
70,174,167
70,174,167
68,174,166
68,174,166
68,174,166
68,174,166
68,174,167
68,174,167
69,174,167
69,174,168
69,174,168
70,174,168
70,174,168
70,174,168
70,174,168
70,174,168
70,174,168
70,174,168
70,174,168
69,174,167
69,174,167
70,174,168
70,174,168
70,174,168
70,174,168
70,174,168
69,174,167
69,174,167
69,174,167
69,175,167
69,175,167
69,174,167
69,174,167
69,174,167
69,174,167
69,174,167
69,174,167
69,174,167
69,174,167
67,173,166
67,173,166
67,173,166
67,173,166
67,173,166
67,174,166
67,174,166
69,174,166
69,175,166
69,174,166
69,174,166
70,174,168
70,174,168
70,174,168
70,174,168
70,174,168
71,174,168
71,174,168
70,175,168
71,175,168
71,175,168
71,175,168
70,175,167
70,174,167
70,174,167
70,174,167
69,173,166
68,173,165
67,172,165
66,172,165
65,171,164
63,170,163
62,170,163
60,169,161
57,167,160
55,167,159
53,166,158
52,165,157
52,165,158
52,165,158
52,166,158
52,166,158
53,166,158
52,166,158
53,165,157
52,166,157
51,165,156
47,163,155
43,161,152
42,161,152
42,161,152
42,161,152
43,162,153
45,162,154
46,163,155
37,159,150
40,160,151
42,161,153
45,162,155
48,165,157
51,166,159
54,167,160
57,168,161
58,169,161
58,169,161
59,169,162
59,169,161
60,170,161
60,170,161
60,170,161
59,170,162
59,170,162
58,169,161
58,169,161
58,169,161
58,169,162
59,169,162
60,170,162
61,171,163
61,171,163
62,171,164
63,171,163
63,171,164
63,171,164
63,171,164
63,172,164
64,172,164
65,172,165
65,172,165
66,173,166
66,173,166
67,173,166
67,173,166
68,173,166
68,174,166
68,174,166
68,173,166
67,173,166
66,173,166
66,173,166
66,173,166
67,173,166
68,174,166
69,174,167
70,174,168
70,174,168
70,174,168
71,175,168
72,175,167
72,175,167
72,175,167
72,175,167
72,175,167
71,175,168
70,175,167
70,174,168
70,174,167
68,174,166
68,172,166
66,172,166
65,171,165
61,171,163
61,171,163
61,171,163
62,171,164
65,173,165
67,173,166
68,174,166
70,174,167
70,174,167
70,174,167
70,174,167
70,174,167
70,174,167
70,174,167
70,174,167
70,174,167
70,174,167
70,174,167
70,174,167
70,174,167
70,174,167
70,174,167
70,174,167
69,174,167
69,174,167
69,174,167
69,174,167
69,174,167
69,174,167
69,174,166
69,174,166
70,174,167
70,174,167
70,174,167
69,174,166
70,174,167
70,174,167
68,174,166
68,174,166
68,174,167
68,174,167
68,174,167
69,174,167
69,174,168
70,174,168
70,174,168
70,174,168
70,174,168
70,174,168
70,174,168
70,174,168
70,174,168
69,174,167
69,174,167
70,174,168
70,174,168
70,174,168
70,174,168
70,174,168
70,174,168
69,174,167
69,174,167
69,175,167
69,175,167
69,175,167
69,174,167
69,174,167
69,174,167
69,174,167
69,174,167
69,174,167
67,173,166
67,173,166
66,173,166
66,173,166
66,173,166
67,173,166
67,174,166
69,174,166
69,174,166
69,175,166
69,174,166
69,174,167
70,174,168
70,174,168
70,174,168
70,174,168
70,174,168
71,174,168
70,175,168
70,175,168
71,175,168
71,175,168
71,175,168
71,175,168
70,175,167
70,174,168
70,174,167
70,174,167
69,173,166
68,173,165
67,173,165
66,172,165
65,171,164
63,170,163
62,170,163
60,169,161
57,168,161
55,167,159
53,166,158
52,166,158
52,166,158
53,166,158
53,166,158
53,166,158
52,166,158
52,166,158
52,166,157
51,165,156
47,163,155
43,162,153
43,161,152
43,161,152
43,161,152
45,162,154
45,162,154
46,163,155
38,159,150
40,160,152
43,162,154
47,164,156
50,165,158
53,166,159
56,168,161
58,168,162
58,169,161
59,169,162
59,169,162
60,170,161
60,170,161
60,170,161
59,170,162
59,170,162
58,169,161
58,169,161
58,169,161
58,169,161
58,169,161
59,170,162
60,170,162
61,171,163
61,171,163
62,171,164
63,171,164
63,171,164
63,172,164
63,172,164
64,172,164
65,172,165
65,172,165
66,173,166
66,173,166
67,173,166
68,173,166
68,173,166
68,174,166
68,174,166
68,173,166
67,172,165
66,173,166
66,173,166
66,173,166
66,173,166
67,173,166
69,174,167
69,174,167
70,174,168
70,174,167
72,175,167
72,175,167
72,175,167
72,175,167
72,175,167
72,175,167
72,175,167
71,175,168
70,174,168
70,174,168
69,174,167
68,173,166
67,172,165
65,172,165
62,171,164
62,171,164
62,171,164
62,171,164
65,173,165
67,173,166
68,174,166
70,174,167
70,174,167
70,174,167
70,174,168
70,174,167
70,174,167
70,174,167
70,174,167
70,174,167
70,174,167
70,174,167
70,174,167
70,174,167
70,174,167
70,174,167
69,174,168
70,174,168
70,174,167
70,174,167
69,174,167
69,174,167
70,174,168
70,174,168
71,175,168
71,175,168
72,175,167
71,175,168
70,174,168
69,174,167
70,174,167
70,174,167
68,174,166
68,174,167
68,174,167
68,174,167
68,174,167
69,174,167
69,174,168
70,174,168
70,174,168
70,174,168
70,174,167
70,174,167
69,174,167
69,174,167
69,175,167
69,174,167
69,174,167
70,174,168
70,174,168
70,174,168
70,174,168
69,174,167
69,174,167
69,174,167
69,175,167
69,175,167
69,174,167
69,174,167
69,174,167
69,174,167
69,174,167
68,174,166
68,173,166
67,173,166
66,173,166
66,173,166
66,173,166
66,173,166
66,173,166
67,173,166
69,174,166
69,174,166
69,175,166
70,175,167
70,175,167
70,174,168
70,174,168
70,174,168
70,174,168
70,174,168
71,174,168
71,174,168
70,175,167
71,175,168
71,175,168
71,175,168
71,175,168
70,175,168
70,174,168
70,174,168
70,174,167
70,174,167
70,174,167
69,173,166
67,173,165
66,172,165
65,171,164
63,171,163
62,170,163
60,169,161
57,168,161
55,167,160
54,167,159
54,167,159
54,166,159
54,166,159
53,166,158
52,166,158
52,166,158
52,165,157
51,165,156
48,163,155
43,162,153
43,161,152
43,161,152
43,161,152
44,162,153
45,163,154
36,159,149
38,159,150
41,160,153
43,162,154
47,164,156
51,166,159
54,167,160
57,168,161
58,169,161
59,169,162
59,169,162
60,170,161
60,170,161
60,170,161
60,170,161
59,169,162
58,169,161
58,169,161
58,169,161
58,169,161
58,169,161
58,169,161
59,170,162
60,170,163
61,171,163
62,171,164
63,171,164
63,171,164
63,172,164
63,172,164
65,172,165
65,172,165
66,173,166
66,173,166
66,173,166
67,173,166
68,173,166
68,173,166
68,173,166
68,173,166
68,173,166
67,172,165
66,173,166
65,172,166
65,172,166
65,172,166
66,173,166
67,173,166
69,174,167
69,174,167
70,174,167
72,175,167
72,175,167
72,175,167
72,175,167
72,175,167
72,175,167
72,175,167
72,175,167
71,175,168
70,174,168
70,174,167
68,173,166
67,172,165
66,172,166
62,171,164
62,171,164
62,171,164
62,171,164
65,173,165
67,173,166
68,174,166
70,174,167
70,174,167
70,174,168
70,174,168
70,174,167
70,174,167
70,174,167
70,174,167
70,174,167
70,174,167
70,174,167
70,174,167
70,174,167
70,174,167
69,174,167
69,174,168
69,174,168
69,174,167
69,174,167
69,174,167
70,174,168
70,174,168
71,175,168
71,175,168
72,175,167
72,175,167
72,175,167
71,175,168
70,174,168
70,174,167
70,174,167
70,174,167
68,174,166
68,174,167
68,173,167
68,173,167
68,174,167
69,174,167
69,174,167
69,174,167
69,174,166
69,174,166
69,174,166
69,174,166
69,174,166
69,174,167
69,174,167
69,174,167
69,175,167
70,174,168
70,174,167
70,174,167
69,174,166
69,174,166
69,174,166
69,174,167
69,174,167
68,174,166
68,174,166
67,174,166
68,174,166
68,173,166
68,173,166
67,173,166
66,173,166
66,173,166
66,173,166
65,173,165
65,173,165
66,173,166
66,173,166
67,173,166
69,174,166
69,175,166
70,174,167
69,174,167
70,174,168
69,174,167
69,174,167
70,174,167
70,174,168
71,174,168
71,174,168
70,175,167
70,175,167
71,175,168
71,175,168
71,175,168
70,174,168
70,174,168
69,174,167
70,174,167
70,174,167
70,174,167
70,174,167
69,173,166
68,172,165
66,172,165
64,171,164
63,170,163
61,170,163
60,169,162
57,168,161
56,168,161
55,167,160
55,167,160
55,167,160
54,167,159
53,166,158
52,166,158
51,165,157
51,165,157
48,163,155
45,162,154
43,162,153
43,162,153
44,162,153
45,162,154
45,163,154
36,158,149
36,159,149
38,159,151
41,160,153
45,163,155
49,165,157
53,167,159
56,168,161
58,169,161
59,169,162
59,169,162
60,170,161
60,170,161
60,170,161
60,170,161
60,170,161
59,169,161
58,169,161
58,169,161
58,169,162
58,169,162
58,169,162
58,170,162
59,170,163
61,171,164
61,171,164
62,171,164
63,171,164
63,171,163
63,172,164
64,172,164
65,172,165
65,172,165
66,173,166
66,173,166
67,173,166
67,173,166
68,173,166
68,173,166
68,173,166
68,173,166
67,172,165
66,173,166
65,172,166
65,172,166
65,172,166
66,173,166
67,173,166
69,174,167
69,174,167
70,174,168
70,175,167
72,175,167
72,175,167
72,175,167
72,175,167
72,175,167
72,175,167
72,175,167
71,175,168
70,174,168
70,174,167
68,173,166
67,173,166
66,172,166
63,171,163
62,171,164
62,171,164
62,171,164
65,173,165
67,173,166
69,174,167
70,174,167
70,174,168
70,174,168
70,174,168
70,174,168
70,174,167
70,174,167
70,174,167
70,174,167
70,174,167
70,174,167
70,174,167
70,174,167
69,174,167
69,174,167
69,174,167
69,174,167
69,174,167
69,174,167
70,174,168
70,174,168
71,175,168
71,175,168
72,175,167
72,176,167
72,176,167
72,175,167
72,175,167
71,175,168
70,174,168
70,174,167
70,174,167
68,174,166
68,174,166
68,173,166
68,173,167
67,173,166
67,174,166
69,174,167
69,174,167
69,174,166
69,174,166
69,174,166
69,174,166
68,174,165
68,174,165
68,174,166
68,174,166
68,174,166
69,174,166
69,175,166
69,174,166
69,174,166
69,174,166
69,174,166
69,174,166
68,174,166
67,174,166
67,174,166
67,174,166
67,174,166
68,173,166
68,173,166
67,173,166
67,173,166
66,173,166
66,173,166
65,172,166
65,173,165
66,173,166
66,173,166
66,173,166
68,174,165
69,174,166
69,174,166
69,174,167
69,174,167
69,174,167
69,174,167
69,174,167
70,174,167
70,174,168
71,174,168
70,175,167
70,175,167
70,175,168
70,175,168
70,174,168
70,174,168
70,174,168
69,174,167
69,174,167
70,174,167
70,174,167
70,174,167
70,173,166
69,173,166
67,172,165
65,171,164
63,171,163
63,170,163
61,169,163
59,169,162
58,169,161
57,168,161
57,168,161
55,167,160
55,167,159
54,167,158
53,166,158
51,165,157
51,165,157
49,163,156
46,162,154
44,162,153
44,162,153
44,162,153
45,162,154
46,163,155
34,158,148
36,159,149
38,160,151
42,162,153
47,164,156
51,165,158
54,167,159
57,168,161
58,169,161
59,169,162
61,170,162
61,170,162
61,170,162
61,170,162
60,170,161
60,170,161
59,169,162
59,169,162
58,169,162
58,169,162
58,170,162
58,170,162
58,170,162
59,170,163
61,171,164
61,171,164
62,171,164
63,171,164
63,171,164
64,172,164
65,172,165
66,173,166
66,173,166
66,173,166
66,173,166
67,173,166
67,173,166
68,173,166
68,173,166
67,173,166
67,172,165
65,172,165
65,172,165
65,172,166
65,172,166
65,172,166
66,173,166
67,174,166
69,174,167
70,174,168
70,174,167
72,175,167
72,175,167
72,175,167
72,175,167
72,175,167
72,175,167
71,175,168
71,175,168
70,174,168
70,174,167
68,173,166
67,173,166
66,172,166
63,171,163
62,171,164
62,171,164
62,171,164
65,172,165
66,173,166
69,174,167
69,174,167
70,174,168
70,174,168
70,174,168
70,174,168
70,174,167
70,174,167
70,174,167
68,174,166
69,173,166
68,174,166
68,174,166
69,174,167
69,174,167
69,174,167
69,174,167
70,174,167
70,174,167
69,174,167
70,174,168
70,174,168
70,174,168
71,175,168
72,175,167
72,175,167
72,175,167
72,175,167
71,175,168
70,175,168
70,174,168
69,174,167
70,174,167
70,174,167
68,174,166
68,173,166
67,174,166
67,173,166
67,174,166
68,174,166
69,174,166
69,174,166
69,174,166
69,174,166
68,174,166
68,174,165
68,174,165
67,174,166
67,173,166
68,174,166
68,174,165
69,174,166
69,174,166
69,174,166
69,174,166
68,174,166
68,174,165
67,174,166
67,173,166
67,173,166
67,173,166
67,173,166
67,173,166
68,174,165
67,173,166
67,173,166
66,173,166
66,173,166
66,173,166
66,173,166
66,173,166
66,173,166
66,173,166
67,173,166
68,174,166
69,174,166
69,174,166
69,174,167
69,174,167
69,174,167
69,174,167
69,174,167
70,174,168
70,174,167
70,174,167
70,174,167
70,174,168
70,174,168
70,174,168
70,174,168
69,174,167
69,174,167
69,174,167
69,174,167
69,174,167
69,173,166
70,173,166
69,172,166
67,172,165
66,172,165
64,171,164
63,170,163
61,170,163
60,169,163
59,169,162
58,169,161
58,168,161
57,168,160
55,167,159
54,167,159
53,166,158
51,165,157
51,165,157
49,163,156
46,163,154
45,162,154
45,162,154
45,162,154
45,163,154
33,157,147
34,157,148
36,158,150
40,161,152
45,163,155
49,165,157
53,167,159
56,168,160
58,169,161
59,169,162
60,171,163
61,170,162
61,170,162
61,170,162
61,170,162
61,170,162
60,170,162
60,170,162
59,169,162
59,169,163
59,169,162
58,170,162
58,170,162
59,170,163
60,170,163
61,171,164
61,171,164
62,171,164
63,171,164
64,172,164
65,172,165
65,172,165
66,173,166
66,173,166
66,173,166
67,173,166
67,173,166
67,173,166
67,173,166
67,172,165
66,173,166
65,173,165
65,172,165
65,172,166
65,172,166
65,172,166
66,173,166
67,173,166
69,174,167
69,174,167
70,174,167
70,175,167
72,175,167
72,175,167
72,175,167
72,175,167
72,175,167
71,175,168
70,174,168
70,174,168
70,174,167
68,173,166
67,173,166
65,172,165
63,171,164
62,171,164
62,171,164
62,171,164
65,172,166
66,173,166
69,174,167
69,174,167
70,174,168
70,174,168
70,174,168
70,174,167
70,174,167
68,174,166
68,174,166
68,173,166
68,173,165
68,173,166
68,173,166
68,173,166
68,173,166
69,174,167
69,174,167
70,174,167
70,174,167
70,174,167
69,174,167
70,174,168
70,174,168
70,175,168
71,175,168
72,175,167
72,175,167
71,175,168
71,175,168
70,175,167
70,174,168
70,174,168
69,174,167
70,174,167
69,174,167
68,174,166
68,173,166
67,174,166
67,174,166
68,174,166
68,174,166
69,174,166
69,174,166
69,174,166
68,174,166
68,174,166
67,174,166
67,173,165
67,173,166
67,173,166
67,173,166
67,174,166
68,174,165
68,174,165
68,174,165
68,174,165
67,173,166
67,173,166
66,173,166
66,173,166
66,173,166
66,173,166
67,173,166
67,173,166
67,173,166
67,173,166
67,173,166
67,173,166
67,173,166
67,173,166
66,173,166
66,173,166
66,173,166
66,173,166
67,173,166
68,173,166
69,174,167
69,174,167
69,174,167
69,174,167
69,174,167
69,174,167
70,174,168
70,174,167
70,174,167
70,174,168
70,174,168
70,174,168
70,174,168
70,174,168
69,174,167
69,174,167
69,174,167
68,174,166
68,173,166
68,173,165
68,172,165
68,172,165
66,172,165
66,172,166
64,171,164
63,170,164
62,170,163
60,171,163
59,169,162
58,169,161
58,168,161
57,168,160
56,168,160
54,167,158
52,166,158
51,165,157
51,165,157
49,163,156
47,163,154
46,162,154
45,163,154
45,163,154
45,163,155
31,157,146
32,156,146
34,157,148
38,160,151
42,162,153
47,164,156
51,165,158
54,167,160
57,169,161
58,169,161
60,170,162
60,171,163
60,171,163
60,171,163
60,171,163
60,171,163
60,171,163
60,171,163
60,170,162
60,170,162
59,169,162
59,169,162
59,170,163
59,170,163
60,170,163
60,170,163
61,171,164
61,171,163
63,171,164
64,172,164
65,172,165
65,172,165
66,173,166
66,173,166
66,173,166
66,173,166
67,173,166
66,173,166
66,173,166
66,173,166
65,173,165
65,173,165
65,172,165
65,172,166
65,172,166
65,172,166
66,173,166
67,173,166
69,174,167
69,174,167
70,174,167
70,175,167
72,175,167
72,175,167
72,175,167
72,175,167
71,175,168
71,175,168
70,174,168
70,174,168
70,174,167
68,173,166
66,172,166
65,172,165
63,171,164
62,171,164
62,171,164
63,171,164
65,172,166
66,173,166
69,174,167
69,174,167
69,174,167
70,174,167
70,174,167
70,174,167
68,174,166
67,173,166
67,173,166
66,173,166
66,173,165
66,173,166
66,173,166
66,173,166
67,173,166
68,173,166
68,174,166
69,174,167
70,174,167
70,174,167
70,174,167
69,174,167
70,174,168
70,174,168
70,175,168
70,175,167
70,175,167
70,175,167
70,175,167
70,174,167
70,174,167
70,174,167
70,174,167
69,174,166
69,174,166
69,174,167
69,174,167
68,174,166
68,174,166
68,174,166
68,174,166
69,174,166
69,174,166
69,173,166
69,173,166
69,173,166
68,174,165
67,173,166
67,173,166
66,173,166
66,173,166
66,173,166
67,173,166
67,173,166
67,173,166
67,173,166
67,173,166
66,173,166
66,173,166
66,173,166
66,173,166
66,173,166
67,173,166
67,173,166
67,173,166
68,173,166
68,173,166
68,173,166
68,174,166
68,173,166
68,173,166
67,173,166
66,173,166
66,173,166
67,173,166
67,173,166
68,173,166
69,174,167
69,174,167
69,174,167
69,174,167
69,174,166
70,174,167
70,174,167
70,174,167
70,174,168
70,174,168
70,174,168
70,174,168
69,174,167
69,174,167
69,174,167
68,174,166
68,173,166
67,173,166
67,173,166
67,173,166
67,172,165
66,172,166
66,172,166
64,171,164
64,171,164
62,170,164
60,171,163
59,169,162
58,169,161
58,168,161
57,168,160
55,167,159
54,167,158
52,166,158
51,165,157
51,165,157
50,164,156
47,163,155
46,163,154
45,163,154
45,163,154
46,163,154
31,155,146
32,156,146
36,158,150
41,161,153
46,163,155
49,165,157
53,167,159
56,168,161
58,169,162
60,170,162
60,171,163
60,171,163
60,171,163
61,171,163
61,171,163
61,171,163
61,171,163
60,171,163
60,171,163
60,170,162
60,170,163
59,170,163
59,170,163
60,170,163
60,170,163
61,170,164
61,171,163
63,171,163
63,171,164
65,172,165
65,172,165
66,173,166
66,173,166
66,173,166
66,173,166
67,173,166
66,173,166
66,173,166
66,173,166
66,173,166
65,173,165
65,172,165
65,172,165
65,172,166
65,172,166
66,173,166
66,173,166
69,174,167
69,174,167
70,174,167
70,175,167
72,175,167
72,175,167
72,175,167
72,175,167
71,175,168
71,175,168
70,174,168
70,174,167
70,174,167
68,173,166
67,172,165
65,172,165
63,171,164
63,171,164
63,171,164
64,172,164
66,173,166
66,173,166
69,174,167
69,174,167
70,174,167
70,174,167
70,174,167
68,174,166
67,173,166
67,173,166
66,173,166
65,173,165
64,172,165
64,172,165
64,172,165
65,172,166
66,173,166
66,173,166
67,173,166
68,174,166
69,174,167
70,174,167
70,174,167
70,174,167
70,174,167
70,174,168
70,174,168
70,174,168
71,175,167
70,175,167
70,174,167
70,174,167
70,174,167
70,174,167
70,174,167
70,174,167
70,174,167
69,174,167
69,174,167
69,174,167
69,174,167
69,174,167
69,174,167
69,174,167
69,174,166
69,174,166
69,173,166
69,173,166
68,174,166
67,173,166
66,173,166
66,173,166
66,173,166
66,173,166
66,173,166
66,173,166
66,173,165
67,172,165
67,172,165
66,173,166
66,173,166
66,173,166
66,173,166
66,173,166
66,173,166
67,173,166
67,173,166
67,174,166
68,174,166
68,174,166
69,174,167
68,174,166
68,174,166
68,173,166
67,173,166
66,173,166
66,173,166
66,173,166
67,173,166
68,174,166
69,174,167
69,174,167
69,174,166
69,174,166
70,174,167
70,174,167
70,174,167
70,174,168
70,174,168
70,174,168
70,174,168
69,174,167
69,174,167
70,174,167
68,174,166
68,173,166
67,173,166
66,173,166
66,173,166
66,173,166
65,172,165
65,171,165
63,172,164
63,171,164
62,170,164
60,171,163
59,169,162
58,169,161
58,168,161
55,167,159
54,167,158
52,166,158
52,165,157
51,165,157
51,165,157
50,164,156
47,163,155
46,163,154
46,163,154
46,163,154
29,155,145
29,157,145
33,156,148
39,161,151
44,162,155
47,164,156
51,165,158
54,167,160
57,168,162
58,169,162
60,170,162
60,171,163
61,171,163
61,171,163
61,171,163
61,171,163
61,171,163
61,171,163
62,170,164
61,171,163
61,171,163
60,171,163
60,171,163
60,170,163
60,170,163
60,171,163
61,171,163
61,171,163
63,171,163
63,171,164
65,172,165
65,173,165
66,173,166
66,173,166
66,173,166
66,173,166
66,173,166
66,173,166
66,173,166
66,173,166
65,173,165
65,173,165
65,172,165
65,172,165
65,173,165
66,173,166
66,173,166
69,174,167
69,174,167
70,174,167
70,174,167
72,175,167
72,175,167
72,175,167
72,175,167
71,175,168
70,174,168
70,174,168
70,174,167
70,174,167
68,173,166
67,173,166
66,172,166
64,172,164
63,171,164
64,172,164
65,173,165
66,173,166
68,174,166
69,174,167
69,174,167
70,174,167
70,174,167
68,174,166
68,173,166
67,173,166
66,173,166
64,172,164
63,171,165
61,171,164
61,171,164
62,171,164
64,172,165
64,172,165
65,173,165
66,173,166
67,173,166
68,174,166
69,174,167
70,174,167
70,174,167
70,174,167
70,174,167
70,174,168
70,174,167
70,174,167
70,174,167
70,174,167
70,175,167
70,174,167
70,174,167
70,174,167
70,174,168
70,174,168
70,174,168
70,174,168
70,174,168
69,174,167
69,174,167
69,174,167
69,174,167
69,174,167
70,174,167
69,174,167
68,174,166
68,174,166
67,173,166
66,173,166
66,173,166
66,173,166
66,173,166
66,173,166
66,173,166
66,173,166
67,172,165
66,172,166
66,172,166
66,173,166
66,173,166
66,173,166
66,173,166
66,173,166
67,173,166
67,173,166
67,174,166
69,174,167
69,174,167
70,174,167
70,174,167
68,174,166
68,174,166
68,173,166
67,173,166
66,173,166
66,173,166
66,173,166
67,173,166
68,174,166
69,174,167
69,174,166
69,174,166
70,174,167
70,174,167
70,174,167
70,174,168
70,174,168
70,174,168
70,174,168
69,174,167
70,174,167
69,174,167
68,174,166
68,173,166
67,173,166
66,173,166
66,173,166
66,173,166
65,172,165
63,172,164
63,172,164
62,171,163
62,170,164
60,170,162
58,169,161
58,168,161
55,167,160
54,167,158
52,166,158
52,166,158
51,165,157
51,165,157
51,165,157
49,163,156
47,163,155
46,163,155
46,163,154
46,163,154
28,156,146
31,158,147
37,158,151
42,161,153
46,163,155
49,165,157
53,167,159
56,168,161
58,169,162
60,170,162
60,171,163
60,171,163
61,171,163
62,171,164
62,171,164
62,171,163
62,171,163
63,170,163
63,170,163
63,170,163
62,171,163
61,171,163
60,171,163
60,171,163
60,171,163
60,171,163
61,171,163
62,171,164
63,171,164
63,171,164
65,172,165
65,172,165
66,173,166
66,173,166
66,173,166
66,173,166
66,173,166
66,173,166
66,173,166
65,173,165
65,173,165
65,173,165
65,173,165
65,173,165
66,173,166
66,173,166
68,174,166
69,174,167
70,174,168
70,174,167
72,175,167
72,175,167
72,175,167
72,175,167
71,175,168
70,174,168
70,174,168
70,174,167
70,174,167
68,173,166
68,173,166
67,173,166
66,172,166
65,172,165
66,173,166
66,173,166
68,173,166
69,174,167
69,174,167
69,174,167
69,174,167
70,174,167
68,174,166
67,173,166
67,172,165
65,172,165
63,171,164
61,171,164
60,170,163
60,170,163
60,171,163
61,171,164
62,171,164
64,172,165
65,173,165
66,173,166
67,173,166
68,174,166
69,174,167
70,174,167
70,174,167
70,174,167
70,174,167
70,174,167
70,174,167
70,174,167
70,175,167
71,175,167
71,175,167
71,175,167
70,174,168
70,174,168
70,174,168
70,174,168
70,174,168
70,174,168
70,174,168
70,174,168
70,174,168
69,174,167
69,174,167
69,174,167
70,174,167
68,174,166
68,174,166
67,173,166
67,172,165
66,173,166
65,173,165
65,173,165
65,173,165
66,173,166
66,173,166
66,172,166
66,172,166
66,172,166
66,173,166
66,173,166
66,173,166
66,173,166
66,173,166
67,173,166
67,173,166
68,174,166
69,174,167
69,174,167
69,174,167
70,174,167
70,174,167
68,174,166
68,174,166
68,173,166
66,173,166
66,173,166
66,173,166
66,173,166
67,173,166
68,174,166
68,174,166
69,174,166
69,174,166
70,174,167
70,174,167
70,174,168
70,174,168
70,174,168
69,174,167
69,174,167
70,174,167
69,174,167
68,174,166
68,173,166
67,173,166
67,172,165
66,172,166
65,172,165
65,172,165
63,172,164
63,171,164
62,171,163
61,171,163
60,170,162
58,168,161
56,168,161
54,167,159
52,166,158
52,165,157
51,165,157
51,165,157
51,165,157
49,163,156
48,163,155
46,163,154
46,163,154
46,163,154
29,155,145
29,156,146
34,158,149
40,160,152
44,162,155
48,165,157
51,166,159
54,167,160
56,168,161
58,169,162
60,170,162
60,171,163
62,171,164
62,171,164
62,171,163
62,171,163
62,171,163
63,170,163
63,171,163
64,171,163
64,171,163
62,171,164
62,171,164
60,171,163
60,170,163
60,170,163
60,170,163
61,170,164
62,171,164
63,171,163
63,171,164
65,172,165
65,173,165
66,173,166
66,173,166
66,173,166
66,173,166
66,173,166
66,173,166
66,173,166
65,173,165
65,173,165
65,173,165
65,173,165
66,173,166
67,173,166
68,174,166
69,174,167
69,175,167
70,174,168
72,175,167
72,175,167
72,175,167
72,175,167
72,175,167
70,174,168
70,174,168
70,174,167
70,174,167
70,174,167
68,173,166
68,173,166
67,173,166
67,173,166
68,173,166
68,173,166
69,174,167
69,174,167
70,174,168
69,174,167
69,174,167
70,174,167
68,174,166
67,173,166
67,172,165
64,172,164
62,170,164
61,171,164
60,170,163
59,170,163
59,170,163
60,170,163
61,171,164
62,171,164
64,172,165
65,172,165
66,173,166
67,173,166
68,174,166
69,174,167
70,174,167
70,174,167
70,174,167
70,174,167
70,174,167
70,174,167
70,174,167
71,175,168
71,175,168
71,175,168
70,174,168
70,174,168
70,174,168
70,174,168
70,174,168
70,174,168
70,174,168
70,174,168
70,174,168
70,174,168
70,174,168
70,174,168
70,174,167
69,174,167
68,174,166
67,173,166
67,172,165
66,173,166
65,173,165
65,173,165
65,173,165
65,173,165
66,173,166
66,173,166
66,172,166
66,173,166
66,173,166
66,173,166
66,173,166
66,173,166
66,173,166
66,173,166
67,173,166
68,174,166
69,174,167
69,174,167
69,174,167
69,174,167
69,174,167
68,174,166
68,173,166
67,173,166
66,173,166
66,173,166
66,173,166
66,173,166
66,173,166
67,173,166
67,174,166
68,174,166
69,174,167
69,175,166
70,174,167
70,174,168
70,174,168
69,174,167
69,174,167
70,174,167
69,174,167
68,174,166
68,174,166
68,173,166
67,173,166
67,172,165
66,172,166
65,172,165
64,172,164
63,171,164
62,171,163
62,170,164
61,171,163
59,169,162
56,168,161
54,167,159
53,166,158
52,165,158
48,163,156
46,163,155
46,163,155
48,163,155
48,163,155
46,163,154
46,163,155
46,163,154
46,163,154
29,155,145
28,156,146
33,158,148
37,158,151
43,161,154
46,163,155
50,165,158
53,167,159
55,168,161
58,169,161
60,170,162
60,171,163
62,171,164
62,171,164
62,171,163
62,171,163
63,170,164
63,170,164
63,172,164
64,172,164
64,172,164
64,172,164
63,171,163
62,171,164
60,170,163
60,170,163
60,170,163
60,170,163
61,171,163
62,171,164
63,171,163
63,171,164
65,172,165
66,173,166
66,173,166
66,173,166
66,173,166
66,173,165
66,173,166
66,173,166
65,173,165
65,173,165
65,173,165
65,173,165
66,173,166
67,173,166
68,174,166
68,174,166
69,175,167
70,174,168
72,175,167
72,175,167
72,175,167
72,175,167
72,175,167
70,174,168
70,174,168
70,174,168
70,174,167
70,174,167
70,174,167
68,173,166
68,173,166
68,174,166
70,174,167
70,174,167
69,174,167
70,174,168
70,174,168
70,174,168
69,174,167
69,174,167
68,174,166
68,173,166
67,172,165
65,171,165
63,171,164
62,170,164
60,171,163
60,170,162
59,170,163
60,170,163
61,171,164
62,171,164
63,171,164
63,171,165
65,172,165
66,173,166
67,173,166
68,174,166
69,174,166
70,174,167
69,174,166
70,174,167
70,174,167
70,174,167
70,174,168
70,174,168
70,174,168
70,174,168
70,174,168
70,174,168
70,174,168
70,174,168
70,174,168
70,174,168
70,174,168
70,174,168
70,174,168
70,174,168
70,174,168
70,174,168
70,174,168
70,174,167
69,173,166
67,173,165
67,172,165
66,172,166
65,173,165
65,172,165
65,172,165
65,172,165
65,173,165
66,173,166
66,173,166
66,173,166
66,173,166
66,173,166
66,173,166
66,173,166
66,173,166
66,173,167
67,173,166
68,173,166
69,174,167
69,174,167
69,174,167
69,174,167
69,174,167
68,174,166
68,173,166
67,173,166
66,173,166
66,173,166
66,173,166
66,173,166
66,173,166
66,173,166
67,173,166
67,173,166
67,174,166
68,173,166
69,174,167
69,174,167
69,174,167
70,174,167
69,174,167
69,174,167
68,174,166
68,174,166
68,173,166
67,173,166
67,173,166
67,172,165
66,172,166
65,172,165
64,172,164
63,171,164
61,171,164
61,170,164
60,171,163
59,169,162
56,167,160
54,167,158
52,165,158
48,163,156
45,163,155
44,162,154
44,162,154
44,162,153
45,163,154
45,163,154
45,163,154
45,163,155
46,163,154
28,156,146
32,157,147
36,158,150
40,160,152
45,162,155
47,164,156
51,165,158
54,167,160
56,168,160
58,169,161
60,170,163
61,171,163
62,171,164
62,171,163
63,171,164
63,172,164
63,172,164
64,172,164
64,172,164
64,172,164
64,172,164
64,172,164
63,171,163
62,171,164
61,170,164
60,170,163
60,170,163
61,171,163
61,171,163
62,171,164
63,171,163
63,171,164
65,172,165
65,173,165
66,173,166
66,173,166
66,173,166
66,173,166
65,172,165
65,173,165
65,172,165
65,173,165
65,173,165
66,173,166
67,173,166
67,173,166
68,174,166
69,175,167
70,174,168
72,175,167
72,175,167
72,175,167
72,175,167
72,175,167
70,175,168
70,174,168
70,174,168
70,174,167
70,174,167
70,174,167
70,174,167
70,174,167
70,174,167
70,174,167
70,174,167
70,174,168
70,174,168
70,174,168
70,174,168
70,174,168
69,174,167
69,174,167
68,173,166
67,172,165
66,172,166
64,171,164
62,171,163
62,170,164
61,170,163
60,170,162
61,171,163
62,171,164
63,171,164
63,171,164
63,171,164
63,171,165
65,172,166
65,173,165
67,173,166
68,174,165
69,174,166
69,174,166
69,174,166
70,174,167
70,174,167
70,174,168
70,174,168
70,174,168
70,174,168
70,174,168
70,174,168
70,174,168
70,174,168
70,174,168
69,174,167
69,174,167
70,174,168
70,174,168
70,174,168
70,174,168
70,174,168
70,174,168
70,174,168
69,174,166
68,173,165
67,173,165
66,172,166
65,172,165
64,172,164
64,172,164
65,172,165
65,172,165
65,173,165
66,173,166
66,173,166
66,173,166
66,173,166
66,173,166
66,173,166
66,173,167
66,173,166
67,173,166
68,173,166
69,174,167
69,174,167
70,174,167
69,174,167
69,174,167
68,173,166
67,173,166
66,173,166
66,173,166
66,173,166
66,173,166
66,173,166
66,173,166
66,173,166
66,173,166
66,173,166
66,173,166
67,173,166
67,173,166
68,173,166
68,173,166
68,174,166
68,174,166
68,174,166
68,173,166
68,173,166
68,173,166
67,173,166
67,172,165
67,172,165
66,172,166
65,171,165
63,172,164
62,171,164
61,170,164
61,170,164
60,170,162
58,169,160
55,167,159
52,166,158
48,163,156
45,161,155
43,161,153
42,161,153
42,161,153
43,161,153
43,162,153
44,162,154
45,163,155
45,163,155
30,155,146
32,156,147
35,158,149
38,159,151
43,161,154
46,163,155
50,165,157
53,166,158
55,168,160
58,169,161
60,170,162
61,171,163
62,171,164
62,171,163
63,171,164
63,172,164
64,172,164
64,172,164
64,172,164
65,172,165
65,172,165
65,172,165
64,172,164
62,171,164
62,171,164
61,170,164
61,170,164
61,171,163
61,171,163
61,171,163
62,171,164
63,171,164
64,172,164
65,172,165
65,172,165
66,173,166
66,173,166
65,172,165
65,172,165
65,172,165
65,172,165
65,172,165
65,173,165
66,173,166
66,173,166
67,173,166
68,174,166
69,175,167
70,174,168
72,175,167
72,175,167
72,175,167
72,175,167
72,175,167
70,175,168
70,174,168
70,174,168
70,174,168
70,174,168
70,174,167
70,174,167
70,174,167
70,174,167
70,174,168
70,174,168
70,174,168
70,174,168
70,174,168
70,174,168
69,174,167
69,174,167
70,174,167
68,173,166
67,173,166
67,172,165
65,172,165
64,172,164
63,172,164
63,171,164
63,171,164
63,171,164
63,171,164
63,171,163
63,171,164
63,171,164
63,171,165
63,171,165
64,172,165
65,172,166
66,173,166
68,174,165
68,174,166
69,174,166
69,174,166
70,174,167
70,174,168
70,174,168
70,174,168
70,174,168
70,174,168
70,174,168
70,174,168
69,174,167
70,174,167
69,174,167
69,174,167
69,174,167
69,174,167
70,174,168
70,174,168
70,174,168
70,174,168
70,174,168
70,174,167
68,173,165
67,173,165
67,172,165
66,173,166
65,172,165
65,172,166
65,172,166
65,172,166
65,172,166
65,173,165
66,173,166
66,173,166
66,173,166
66,173,166
66,173,166
66,173,166
66,173,166
67,173,166
68,173,166
69,174,167
69,174,167
69,174,167
69,174,167
68,173,166
68,173,166
67,173,166
66,173,166
66,173,166
66,173,166
66,173,166
66,173,166
65,173,165
65,173,165
65,173,165
65,173,165
65,173,165
65,173,165
66,173,166
66,173,166
66,173,166
67,173,166
68,173,166
68,173,166
68,173,166
67,173,166
67,173,166
67,172,165
67,172,165
66,172,166
66,172,166
65,171,165
63,172,164
62,170,164
61,170,163
61,170,163
59,169,161
57,168,160
54,167,158
51,165,157
46,163,155
42,161,153
41,160,152
40,160,151
40,160,151
42,161,152
43,161,153
43,162,154
44,162,154
45,161,155
32,156,147
33,158,148
37,159,151
40,160,152
44,162,155
47,164,156
50,165,158
54,167,159
56,168,160
59,170,162
60,171,163
62,171,164
63,171,163
63,172,164
64,172,164
64,172,164
64,172,164
65,172,165
65,172,165
65,172,165
65,172,165
65,172,165
64,172,164
63,171,163
62,171,164
61,171,163
61,171,163
61,171,163
62,171,164
62,171,164
62,171,164
63,171,164
64,172,164
64,172,164
65,172,165
65,172,165
65,172,165
64,172,164
64,172,164
64,172,164
65,172,165
65,172,165
65,173,165
66,173,166
67,173,166
68,174,166
69,174,167
70,174,168
70,174,167
72,175,167
72,175,167
72,175,167
71,175,168
71,175,168
70,175,168
70,174,168
70,174,168
70,174,168
70,174,168
70,174,168
70,174,168
70,174,168
70,174,168
70,174,168
70,174,168
70,174,168
70,174,168
70,174,168
69,174,167
70,174,167
70,174,167
69,174,167
68,173,166
67,172,165
66,172,166
66,172,166
65,172,165
65,172,165
65,172,165
65,172,165
65,172,165
65,172,165
65,172,165
63,171,165
63,171,165
63,171,165
63,171,165
63,171,165
65,172,166
66,173,166
67,174,166
69,174,166
69,174,166
69,174,166
70,174,168
70,174,168
70,174,168
70,174,168
70,174,168
70,174,168
70,174,168
70,174,167
70,174,167
70,174,167
69,174,167
69,174,167
69,174,167
70,174,168
70,174,168
70,174,168
70,174,168
70,174,168
70,174,167
68,174,166
68,173,165
67,173,165
67,172,165
66,173,166
65,172,165
65,172,166
65,172,166
65,172,166
66,173,166
66,173,166
66,173,166
66,173,166
66,173,166
66,173,166
66,173,166
66,173,166
66,173,166
67,173,166
69,174,167
69,174,167
69,174,167
69,174,167
68,173,166
67,173,166
67,173,166
66,173,166
66,173,166
65,173,165
65,173,165
63,171,164
63,171,164
63,171,164
63,171,163
63,171,164
63,171,165
64,172,165
64,172,165
65,173,165
65,172,165
66,173,166
66,173,166
66,173,166
66,173,166
66,173,166
66,173,166
66,173,166
66,173,166
66,173,166
65,172,165
64,172,164
63,172,164
62,170,164
61,170,163
60,169,163
58,168,161
56,167,160
53,165,157
49,163,156
45,162,154
42,159,152
40,159,151
40,160,151
40,160,151
40,160,151
42,161,152
43,161,153
43,162,154
31,155,147
33,157,148
36,158,150
38,159,151
42,161,153
45,162,155
48,165,157
53,166,158
55,168,160
58,169,161
60,170,163
61,171,163
63,171,163
63,172,164
64,172,164
64,172,164
65,172,165
65,172,165
65,172,165
65,172,165
66,173,166
66,172,166
65,172,165
65,172,165
63,171,164
63,171,163
61,171,163
62,171,164
62,171,164
62,171,164
62,171,164
63,171,163
63,171,164
64,172,164
64,172,164
64,172,164
64,172,164
63,172,164
63,172,164
63,171,164
64,172,164
65,172,165
65,173,165
66,173,166
66,173,166
67,173,166
69,174,167
69,174,167
70,174,168
71,175,168
71,175,168
71,175,168
71,175,168
71,175,168
71,175,168
70,175,168
70,174,168
70,174,168
70,174,168
70,174,168
70,174,168
70,174,168
70,174,168
70,174,168
70,174,168
70,174,168
70,174,168
70,174,168
70,174,167
70,174,167
70,174,167
70,174,167
68,174,166
68,173,166
67,173,166
67,172,165
66,173,166
67,172,165
67,172,165
67,172,165
67,172,165
67,172,165
66,172,166
66,172,166
63,172,164
63,171,165
63,171,165
63,172,164
63,172,165
65,172,166
66,173,166
67,174,166
69,174,166
69,174,166
70,174,167
70,174,168
70,174,168
70,174,168
70,174,168
70,174,168
70,174,167
70,174,167
70,174,167
69,174,167
69,174,167
69,174,167
69,174,167
69,174,167
70,174,168
70,174,168
70,174,168
70,174,168
70,174,167
70,174,167
68,174,166
68,173,165
68,173,165
67,173,165
66,173,166
66,173,166
65,173,165
65,173,165
66,173,166
66,173,166
66,173,166
66,173,166
66,173,166
66,173,166
66,173,166
66,173,166
67,173,166
67,173,166
68,174,166
69,174,167
69,174,167
68,174,166
68,173,166
67,173,166
66,173,166
66,173,166
65,173,165
65,173,165
63,171,164
63,171,163
62,171,164
61,171,164
61,171,164
61,171,164
61,171,164
61,171,164
62,171,164
63,171,165
64,172,164
65,172,165
65,172,165
65,172,165
66,173,166
66,173,166
66,173,166
66,173,166
66,173,166
65,172,165
64,172,164
64,172,164
63,172,164
62,170,164
61,170,163
60,169,163
58,168,160
55,167,159
52,165,158
47,163,154
44,161,154
40,159,151
40,159,151
39,159,151
40,160,151
40,160,151
42,161,152
43,161,153
43,162,154
32,156,147
34,157,149
37,159,151
40,160,152
43,161,154
47,164,156
50,165,157
54,167,159
58,169,161
60,170,162
61,171,163
63,171,163
64,172,164
64,172,164
64,172,164
65,172,165
65,172,165
66,173,166
66,173,166
66,173,166
66,172,166
66,172,166
66,172,166
65,172,165
63,171,164
63,171,164
62,171,164
62,171,164
62,171,164
62,171,164
62,171,164
63,171,163
63,172,164
63,172,164
63,172,164
63,172,164
63,172,164
63,172,164
63,172,164
63,171,164
64,172,164
65,172,166
65,173,165
66,173,166
67,173,166
68,174,166
69,174,167
70,174,168
70,175,167
71,175,168
71,175,168
71,175,168
71,175,168
71,175,168
71,175,168
71,175,168
70,175,168
70,174,168
70,174,168
70,174,168
70,174,168
70,174,168
70,174,168
70,174,168
70,174,168
70,174,168
70,174,168
70,174,167
70,174,167
70,174,167
70,174,167
70,174,167
69,174,167
68,174,166
68,174,166
68,173,166
67,173,166
67,173,166
67,173,166
67,173,166
67,173,166
67,172,165
67,172,165
66,172,166
65,172,165
63,171,164
63,171,165
63,172,165
65,173,166
66,173,167
67,173,166
69,174,167
69,174,167
69,174,167
70,174,168
70,174,168
70,174,168
70,174,168
70,174,168
70,174,167
70,174,167
70,174,167
68,174,166
68,174,166
68,174,166
69,174,167
69,174,167
69,174,167
70,174,168
70,174,168
70,174,168
69,174,167
70,174,167
69,174,167
69,173,166
69,173,166
69,173,166
68,174,165
67,173,166
66,173,166
66,173,166
66,173,166
66,173,166
66,173,166
66,173,166
66,173,166
66,173,166
66,173,166
67,173,166
67,173,166
68,173,166
68,173,166
68,174,166
68,174,166
68,173,166
68,173,166
67,173,166
66,173,166
65,173,165
65,173,165
63,171,164
63,171,163
62,171,164
61,171,163
61,170,164
60,171,163
60,170,162
59,170,163
59,170,163
59,170,163
61,171,164
62,171,164
63,171,164
63,171,164
64,172,164
65,172,165
65,172,165
65,172,165
65,172,165
65,172,165
65,172,165
64,172,164
63,172,164
63,172,164
62,170,164
61,170,163
59,169,162
57,168,161
54,166,159
51,164,157
46,163,154
43,161,152
40,159,151
40,159,151
39,159,151
39,160,151
40,160,151
42,161,152
43,161,153
32,155,147
33,155,148
34,157,149
37,159,151
41,160,153
45,162,155
48,165,156
52,167,159
55,168,160
58,169,161
60,170,163
62,171,164
63,172,164
64,172,164
64,172,164
65,172,165
65,172,165
66,173,166
66,173,166
66,173,166
67,172,165
67,173,166
67,172,165
67,172,165
66,173,165
64,172,164
63,171,164
62,171,164
62,171,164
62,171,164
62,171,164
62,171,164
63,171,163
63,171,164
63,172,164
63,172,164
63,172,164
63,172,164
63,172,164
63,172,164
64,172,164
65,172,166
65,173,165
66,173,166
67,173,166
68,173,166
69,174,167
69,174,167
70,174,168
70,175,168
71,175,168
71,175,168
71,175,168
72,175,167
71,175,168
71,175,168
71,175,168
70,174,168
70,174,168
70,174,168
70,174,168
70,174,168
70,174,168
70,174,168
70,174,168
70,174,168
70,174,168
70,174,168
70,174,167
70,174,167
70,174,167
69,174,167
69,174,167
69,174,167
69,174,167
69,174,167
69,174,167
68,174,166
68,173,166
68,173,166
68,173,166
68,173,166
68,172,166
67,172,166
66,172,165
66,172,166
65,173,165
65,173,166
65,173,166
66,173,166
67,174,166
69,174,167
69,174,167
69,174,167
70,174,168
70,174,168
70,175,168
70,174,168
70,174,168
70,174,167
70,174,167
69,174,167
68,174,166
68,174,166
68,173,167
67,173,166
68,174,167
69,174,167
69,174,167
70,174,168
70,174,168
69,174,167
70,174,167
70,174,167
69,174,166
69,174,166
68,174,166
68,174,166
68,174,166
68,174,165
68,173,166
67,173,166
67,173,166
67,173,166
66,173,166
66,173,166
66,173,166
66,173,166
67,173,166
67,173,166
67,173,166
68,173,166
68,173,166
68,173,166
68,173,166
68,173,166
67,173,166
66,173,166
65,173,165
65,173,165
63,171,164
62,171,164
61,171,163
61,171,163
60,171,163
60,170,162
60,170,162
60,170,162
60,170,162
58,169,161
59,170,163
60,171,163
62,171,164
63,171,163
63,171,164
64,172,164
64,172,164
65,172,165
65,172,165
64,172,164
64,172,164
63,172,164
63,172,164
62,171,163
62,170,164
60,169,163
58,168,160
55,167,159
53,166,158
50,164,156
45,162,154
43,161,152
40,159,150
40,159,150
40,159,150
40,160,151
40,160,151
42,161,152
43,161,152
33,155,148
33,157,148
36,157,150
40,160,152
43,161,154
47,164,156
51,166,158
54,168,159
58,169,161
60,170,162
61,171,163
63,171,164
64,172,164
64,172,164
65,172,165
65,172,165
66,173,166
66,173,166
66,173,166
68,173,166
68,173,166
68,173,165
68,172,166
68,172,165
66,173,165
64,172,164
63,171,164
62,171,164
62,171,164
62,171,164
62,171,164
62,171,164
63,171,163
63,171,164
63,171,164
63,172,164
63,172,164
63,172,164
63,172,164
64,172,164
65,172,165
65,173,165
65,173,165
66,173,166
67,173,166
68,174,166
69,174,167
70,174,168
70,174,168
70,175,167
71,175,168
71,175,168
72,175,167
71,175,168
71,175,168
71,175,168
70,175,168
70,174,168
70,174,168
70,174,168
70,174,168
70,174,168
70,174,168
70,174,168
70,174,168
70,174,168
70,174,168
70,174,168
70,174,167
70,174,168
70,174,168
70,174,168
70,174,168
70,174,168
69,174,167
69,174,167
69,174,167
69,174,167
68,174,167
68,174,167
68,173,166
68,172,166
68,172,166
68,172,165
67,173,165
67,173,166
66,173,166
66,173,166
67,173,166
68,174,166
69,174,167
69,175,167
70,175,167
70,175,168
70,175,168
70,175,168
70,175,168
70,174,168
70,174,167
70,174,167
68,174,166
68,173,166
67,173,166
66,173,167
66,173,167
67,173,166
68,174,167
69,175,167
69,174,167
69,174,167
70,174,167
70,174,167
70,174,167
70,174,167
70,174,167
69,174,166
69,174,166
69,174,166
69,174,166
68,174,166
68,173,166
68,173,166
68,173,166
67,173,166
67,173,166
67,173,166
67,173,166
67,173,166
67,173,166
67,173,166
68,173,166
68,173,166
68,173,166
68,173,166
68,173,166
68,173,166
66,173,166
66,173,166
65,172,165
63,171,164
63,171,163
61,171,163
61,171,163
60,171,163
60,170,162
60,170,162
60,170,162
58,169,161
58,169,161
58,169,161
59,169,162
60,170,162
61,171,163
62,171,164
63,171,164
63,172,164
63,172,164
63,172,164
63,172,164
63,172,164
63,172,164
62,171,163
62,170,164
60,171,163
59,169,162
57,168,160
54,167,158
51,165,157
47,163,154
45,162,154
42,160,152
40,159,151
40,159,150
39,160,151
40,160,151
41,160,151
43,161,152
32,155,147
33,155,148
34,157,149
37,159,151
41,160,153
45,162,154
49,165,157
52,167,159
55,168,160
58,169,161
60,171,163
61,171,163
63,171,164
64,172,164
64,172,164
65,172,165
66,173,166
66,173,166
68,173,166
68,173,166
68,173,166
68,173,165
68,172,166
68,172,166
67,173,165
66,173,166
65,172,165
63,171,164
62,171,164
62,171,164
62,171,164
63,171,163
63,171,163
63,171,163
63,171,163
63,172,164
63,172,164
63,172,164
64,172,164
64,172,164
65,172,165
65,173,165
65,173,165
66,173,166
66,173,166
67,174,166
69,174,167
69,174,167
70,174,168
70,175,167
70,175,167
71,175,168
71,175,168
71,175,168
71,175,168
70,175,168
70,174,168
70,174,168
70,174,168
70,174,168
70,174,168
70,174,168
70,174,168
70,174,168
70,174,168
70,174,168
70,174,168
70,174,168
70,174,168
70,174,168
70,174,168
70,174,168
70,174,168
70,174,168
70,174,168
70,174,168
69,174,168
69,174,167
69,174,167
69,174,167
68,174,167
68,174,166
69,173,166
68,173,165
68,173,165
68,174,165
68,174,165
67,174,166
68,174,166
69,174,167
69,175,167
69,175,167
70,175,167
70,176,168
71,175,168
71,175,168
70,175,168
70,175,168
70,174,167
70,174,167
68,174,166
68,173,166
67,173,166
66,173,167
66,172,166
66,173,167
67,174,166
68,174,167
69,175,167
69,174,167
69,174,167
70,174,167
70,174,167
70,174,167
69,174,167
69,174,167
69,174,166
69,174,166
69,174,167
69,174,167
69,174,167
68,174,166
68,174,166
68,174,166
68,173,166
67,173,166
67,173,166
67,173,166
67,173,166
67,173,166
68,173,166
68,173,166
68,173,166
68,173,166
68,173,166
68,173,166
67,173,166
66,173,166
65,172,165
65,172,165
63,171,164
62,171,163
62,170,164
61,171,163
60,171,163
60,170,162
58,169,161
58,169,161
58,169,161
58,169,161
58,169,161
59,169,162
60,170,162
60,171,163
61,171,163
62,171,163
62,171,163
62,171,163
63,171,164
62,171,163
62,171,163
62,170,164
61,170,163
59,169,162
58,168,161
55,167,159
53,166,158
50,164,156
46,162,154
43,160,152
41,159,151
40,160,151
40,160,151
40,160,151
41,160,151
43,161,152
43,162,153
33,155,148
33,157,148
36,157,150
40,160,152
43,162,154
48,165,156
51,166,158
54,168,159
56,168,161
58,169,162
60,170,163
62,170,164
63,172,164
64,172,164
65,172,165
66,173,166
66,173,166
68,173,166
68,173,166
68,173,166
68,173,166
69,173,166
68,172,166
68,172,166
67,173,166
66,173,166
63,171,164
63,171,164
63,171,163
63,171,163
63,171,163
63,171,163
63,171,163
63,171,163
63,172,164
63,172,164
64,172,164
64,172,164
64,172,164
65,172,165
65,172,165
65,173,165
66,173,166
66,173,166
67,173,166
67,174,166
69,174,166
69,174,166
69,174,166
70,174,167
70,175,167
70,175,167
70,175,168
70,175,168
70,174,168
70,174,168
70,174,168
70,174,168
70,174,168
70,174,168
70,174,168
70,174,168
70,174,168
70,174,168
70,174,168
70,174,168
70,174,168
70,174,168
70,174,168
70,174,168
70,174,168
70,175,168
70,174,168
70,174,168
70,174,168
70,174,168
69,174,168
69,174,167
69,174,167
69,174,167
69,174,167
68,174,166
69,173,166
68,174,166
69,174,166
69,174,166
69,174,166
69,174,166
69,175,167
69,175,167
70,175,167
70,175,167
70,176,168
71,175,168
71,175,168
70,175,168
70,174,168
69,174,167
69,174,167
68,174,166
68,173,166
66,173,166
66,172,166
66,172,166
66,172,166
66,172,166
67,174,166
69,174,167
69,174,167
70,174,168
70,174,167
70,174,168
69,174,167
69,174,167
69,174,167
70,174,168
70,174,168
69,174,167
69,174,167
70,174,167
70,174,167
70,174,167
68,174,166
68,174,166
68,173,166
68,173,166
68,173,166
68,173,166
68,173,166
68,173,166
68,173,166
68,173,166
68,173,166
68,173,166
68,173,166
67,173,166
67,173,166
66,173,165
65,172,164
66,172,165
65,171,165
62,171,163
62,170,164
60,171,163
60,170,162
58,169,161
58,169,161
58,169,161
57,169,161
58,169,161
58,169,161
59,169,162
60,170,162
60,171,163
61,170,163
61,170,163
61,170,163
62,170,164
61,170,163
61,170,163
61,170,163
59,169,161
58,168,161
56,167,160
54,166,158
51,165,157
47,163,154
45,162,154
42,161,152
40,160,151
40,160,151
40,160,151
41,160,151
42,161,152
43,161,152
33,155,148
33,157,148
36,157,150
39,159,151
43,161,154
47,164,155
50,165,157
53,167,158
55,168,161
57,168,161
59,169,163
60,170,163
62,171,164
63,172,164
64,172,164
66,173,166
66,173,166
67,173,166
68,173,166
68,173,166
68,173,166
68,173,166
68,172,166
68,172,166
68,172,166
67,172,165
65,172,165
65,172,165
63,171,164
63,171,164
63,171,164
63,171,164
63,171,164
63,172,164
63,172,164
64,172,164
64,172,164
64,172,164
65,172,165
65,172,165
65,172,165
65,173,165
65,173,165
66,173,166
66,173,166
67,173,166
67,174,166
68,174,166
69,174,167
69,174,166
69,174,167
70,174,168
70,174,168
70,174,168
70,174,168
70,174,168
70,174,168
70,174,168
70,174,168
70,174,168
70,174,168
70,174,168
70,174,168
70,174,168
70,174,168
70,174,168
70,174,168
70,175,168
70,174,168
70,175,168
70,175,168
70,175,168
70,174,168
70,174,168
70,174,168
70,174,168
69,174,168
69,174,167
69,174,167
69,174,167
69,174,167
69,174,167
69,174,167
69,174,166
69,174,166
69,174,166
69,174,166
70,174,167
70,174,167
70,174,167
70,174,168
70,175,168
70,176,168
70,175,168
70,175,168
70,174,168
70,174,168
70,174,168
69,174,167
68,174,166
68,173,166
66,173,166
66,173,166
66,172,166
66,172,166
65,173,166
66,174,167
67,174,166
69,174,167
69,174,167
69,174,167
70,174,168
70,174,168
70,174,168
70,174,168
70,174,168
70,174,168
70,174,168
70,174,168
69,174,167
70,174,167
70,174,167
70,174,167
70,174,167
68,174,166
68,174,166
68,173,166
68,173,166
68,173,166
68,173,166
68,173,166
68,173,166
68,173,166
68,173,166
68,173,165
68,174,165
68,174,165
67,173,165
67,173,165
66,172,165
66,172,165
65,171,165
63,171,164
62,170,164
60,171,163
58,169,161
58,168,161
58,168,161
58,168,161
58,169,161
58,169,161
58,169,161
59,169,162
60,170,162
60,169,163
61,170,163
61,170,163
61,170,163
61,170,163
59,169,162
59,169,162
58,168,161
56,167,160
54,166,158
52,165,157
49,163,156
45,163,155
42,161,153
41,160,152
40,160,151
40,160,151
40,160,151
41,160,152
43,161,153
43,162,154
33,157,148
34,157,149
37,159,151
42,161,153
46,163,155
48,165,156
52,166,159
54,167,160
56,167,161
57,168,161
59,169,163
61,170,164
63,171,164
64,172,164
65,172,165
66,173,166
67,173,166
68,173,166
68,173,166
68,173,166
68,173,166
68,173,166
68,173,166
68,173,166
67,173,166
67,172,165
66,173,166
65,172,165
65,173,165
64,172,164
64,172,164
64,172,164
64,172,164
64,172,164
64,172,164
64,172,164
65,172,165
66,172,166
66,172,166
66,173,166
66,173,166
66,173,166
66,173,166
66,173,166
66,173,166
67,173,166
67,174,166
68,173,166
69,174,167
69,174,167
69,174,167
69,174,167
69,174,167
70,174,168
70,174,168
70,174,168
70,174,168
70,174,168
70,174,168
70,174,168
70,174,168
70,174,168
70,174,168
70,174,168
70,174,168
70,175,168
71,175,168
71,175,168
70,175,168
70,175,168
70,175,168
70,174,168
70,174,168
70,174,168
70,174,168
69,174,167
69,174,167
69,174,167
69,174,167
69,174,167
69,174,167
69,174,167
69,174,167
70,174,168
70,174,167
70,174,167
70,174,167
71,175,167
71,175,167
71,175,167
70,174,168
70,174,168
70,174,168
70,174,168
70,174,168
70,174,168
69,174,167
69,174,167
68,174,166
68,173,166
67,173,166
66,173,166
66,173,166
66,172,166
65,173,166
66,173,167
67,174,166
68,174,166
69,175,167
69,174,167
70,174,168
70,174,168
70,174,168
70,174,168
70,174,168
70,174,168
70,174,168
70,174,168
70,174,168
70,174,168
70,174,167
70,174,167
70,174,167
70,174,167
70,174,167
70,174,167
68,174,166
68,173,166
68,173,166
68,173,166
68,173,166
68,173,166
68,173,166
68,173,166
68,174,165
68,174,165
68,173,165
68,173,165
68,172,165
67,172,165
66,172,165
65,171,165
63,171,164
61,170,163
58,169,161
58,168,161
58,168,161
57,169,161
57,169,161
58,169,161
58,169,161
59,169,162
60,170,162
60,170,162
60,170,162
60,170,162
59,169,162
58,169,161
58,168,161
57,168,161
56,167,160
54,167,158
52,165,157
49,163,156
46,164,155
43,162,154
42,161,152
40,160,151
40,160,151
40,160,151
41,160,152
42,161,153
43,161,153
33,157,148
34,157,149
36,159,150
40,160,151
45,162,154
48,165,156
51,166,158
53,167,158
54,167,160
56,167,161
58,169,162
60,170,163
61,171,164
63,171,164
65,172,165
66,173,166
67,173,166
67,173,166
68,173,166
68,173,166
68,173,166
68,173,166
68,173,166
68,173,166
67,173,166
67,173,166
67,172,165
66,173,166
66,173,166
65,172,165
65,172,165
65,172,165
65,172,165
65,172,165
65,172,165
65,172,165
66,172,166
66,172,166
66,172,166
66,172,166
66,172,166
66,173,166
66,173,166
66,173,166
66,173,166
67,173,166
67,173,166
67,173,166
67,173,166
67,173,166
68,174,166
69,174,167
69,174,167
69,174,167
69,174,167
70,174,168
70,174,168
70,174,168
70,174,168
70,174,168
70,174,168
70,174,168
70,174,168
70,174,168
70,175,168
71,175,168
71,175,168
70,175,167
70,175,168
70,174,168
70,174,168
70,174,168
70,174,168
70,174,168
70,174,167
70,174,167
70,174,167
69,174,167
69,174,167
69,174,167
69,174,167
70,174,168
70,174,168
70,175,168
70,175,168
71,175,167
71,175,167
71,175,167
71,175,167
70,174,167
70,174,168
70,174,168
70,174,168
70,174,168
70,174,168
70,174,168
69,174,167
69,174,167
69,174,167
68,174,166
68,174,165
67,173,166
66,173,166
66,173,166
66,173,166
67,173,166
67,174,166
69,174,167
69,174,167
69,174,167
69,174,167
70,174,168
70,174,168
70,174,168
70,174,168
70,174,168
70,174,168
70,174,168
70,174,168
70,174,168
70,174,168
70,174,167
70,174,167
70,174,167
70,174,167
70,174,167
70,174,167
68,174,166
68,174,166
68,173,166
68,173,166
68,173,166
68,174,166
68,174,166
68,174,166
68,173,166
68,174,165
68,173,165
68,173,165
68,172,165
67,173,165
66,172,165
65,171,165
62,171,163
60,170,162
58,169,161
58,168,161
58,168,161
58,169,161
58,169,161
58,169,161
58,169,161
60,170,162
60,170,162
60,170,162
60,169,161
59,169,162
58,168,161
57,168,161
56,167,160
54,166,159
52,165,157
50,164,156
47,163,155
44,162,154
42,161,153
41,160,152
40,160,151
40,160,151
40,160,151
41,160,152
43,161,153
43,162,154
36,158,149
36,159,149
40,160,151
43,162,154
47,164,155
50,165,157
52,166,159
54,167,160
56,167,161
57,168,161
58,169,162
60,170,163
63,171,163
65,172,165
66,173,166
66,173,166
67,173,166
67,173,166
68,173,166
68,173,166
68,173,166
68,173,166
67,173,166
67,173,166
67,173,166
67,172,165
66,173,166
66,173,166
66,173,166
66,173,166
65,172,165
65,172,165
65,172,165
65,172,165
65,172,165
66,172,166
66,172,166
66,172,166
66,172,166
66,172,166
66,173,166
66,173,166
66,173,166
66,173,166
67,173,166
67,173,166
67,173,166
67,173,166
67,173,166
67,173,166
67,173,166
69,174,167
69,174,167
69,174,167
69,174,167
70,174,168
70,174,168
70,174,168
70,174,168
70,174,168
69,174,167
70,175,167
70,175,167
70,174,168
71,175,168
71,175,168
70,175,167
70,175,167
70,174,168
70,174,168
70,174,168
70,174,168
70,174,168
70,174,168
70,174,167
70,174,167
70,174,167
70,174,167
70,174,168
70,175,168
70,175,168
70,175,168
70,175,168
70,175,168
71,174,168
71,175,167
71,175,167
71,175,167
70,174,167
70,174,167
70,174,167
70,174,168
70,174,168
70,174,168
70,174,168
69,174,167
69,174,167
69,174,167
69,174,166
69,173,166
68,173,165
67,173,166
67,173,166
67,173,166
67,174,166
68,174,166
69,174,167
69,174,167
69,174,167
69,174,167
70,174,168
70,174,168
70,174,168
70,174,168
70,174,168
70,174,168
70,174,168
70,174,168
70,174,168
70,174,168
70,174,168
70,174,168
70,174,168
70,174,167
70,174,167
70,174,167
69,174,167
68,174,166
68,174,166
68,173,166
68,173,166
68,174,166
68,174,166
68,174,166
68,174,166
68,174,166
68,173,165
68,173,165
68,173,165
68,173,165
67,172,165
65,172,164
63,172,164
61,170,163
59,169,162
58,169,161
58,169,161
58,169,161
58,169,161
58,169,161
58,169,161
60,170,162
60,170,162
60,170,162
60,169,161
58,168,161
57,168,161
56,168,161
54,167,159
53,165,158
50,164,157
47,163,155
46,162,154
43,162,154
42,161,153
41,160,152
40,160,151
40,160,151
40,160,151
42,161,153
43,161,153
37,159,150
40,160,151
43,161,153
46,163,155
50,165,157
51,166,158
54,166,159
54,167,160
56,168,161
58,169,162
60,170,163
62,171,164
63,171,164
65,173,165
66,173,166
66,173,166
67,173,166
67,173,166
67,173,166
67,173,166
67,173,166
67,173,166
67,173,166
67,172,165
67,172,165
67,172,165
66,173,166
66,173,166
66,173,166
66,173,166
65,172,165
65,172,165
65,172,165
65,172,165
65,172,165
66,172,166
66,172,166
66,172,166
66,173,166
66,173,166
66,173,166
66,173,166
66,173,166
66,173,166
67,173,166
67,173,166
67,173,166
67,173,166
66,173,166
66,173,166
67,173,166
67,173,166
68,174,166
69,174,167
69,174,167
69,174,167
70,174,168
69,174,167
69,174,167
69,174,167
69,175,167
69,174,167
69,174,167
70,175,168
70,175,167
70,175,167
70,174,168
70,174,168
70,174,168
70,174,168
70,174,168
70,174,168
70,174,168
70,174,168
70,174,167
70,174,167
71,175,167
70,175,167
70,175,168
70,175,168
70,175,168
70,175,168
70,174,168
70,175,168
70,174,168
70,174,168
70,174,168
70,174,168
70,174,168
70,174,167
70,174,167
70,174,167
70,174,168
70,174,168
70,174,168
70,174,168
69,174,167
69,174,166
70,174,167
68,174,166
68,174,166
68,174,166
68,174,166
69,174,167
69,174,167
69,174,167
69,174,167
69,174,167
69,174,167
69,174,167
70,174,168
70,174,168
70,175,168
71,175,168
71,175,168
70,174,168
70,174,168
70,174,168
70,174,168
70,174,168
70,174,168
70,174,168
70,174,168
69,174,167
70,174,167
69,174,167
68,174,166
68,173,166
68,173,166
67,173,166
68,173,166
68,173,166
68,173,166
68,173,166
68,173,166
68,174,165
68,173,165
68,173,165
68,173,165
67,173,165
67,172,165
65,172,164
63,171,163
61,170,162
59,169,162
58,169,161
58,169,161
58,169,161
58,169,161
60,170,162
60,170,162
60,170,162
60,170,162
59,169,162
58,168,161
57,167,161
55,167,160
54,166,159
52,165,158
49,163,156
47,163,154
44,162,154
43,161,153
42,161,152
41,160,152
40,160,151
40,160,151
41,160,152
43,161,153
38,159,150
38,160,151
41,160,152
45,162,154
48,163,156
50,165,157
51,166,158
54,167,160
56,168,161
58,169,162
59,169,162
60,170,163
62,171,164
65,172,165
66,173,166
66,173,166
66,173,166
66,173,166
67,172,165
67,172,165
67,172,165
67,172,165
67,172,166
67,172,165
67,173,166
67,172,165
67,172,165
66,173,166
66,173,166
66,173,166
66,173,166
65,172,165
65,172,165
65,172,165
65,172,165
65,172,165
64,172,164
64,172,164
65,172,165
65,172,165
66,173,166
66,173,166
66,173,166
66,173,166
67,173,166
67,173,166
67,173,166
66,173,166
66,173,166
66,172,166
66,173,167
66,173,167
66,173,166
67,173,166
67,174,166
69,174,167
69,174,167
69,174,167
69,174,167
69,175,167
69,175,167
69,175,167
69,174,167
69,174,167
70,174,168
70,174,168
70,174,168
70,174,168
70,174,168
70,174,168
70,174,168
70,174,168
70,174,168
70,174,168
70,175,167
71,175,167
71,175,167
70,175,167
70,175,167
70,175,168
70,175,168
70,174,168
70,174,168
70,174,168
70,174,168
70,174,168
70,174,168
70,174,167
70,174,167
70,174,167
69,174,167
70,174,167
70,174,168
70,174,168
70,174,168
70,174,168
70,174,168
70,174,168
70,174,167
69,174,167
69,174,167
69,174,167
69,174,167
69,174,167
69,174,167
69,174,167
69,174,167
69,174,167
69,174,167
69,174,167
70,174,168
70,174,168
70,175,168
71,175,168
71,175,168
70,175,168
70,174,168
70,174,168
70,174,168
70,174,168
70,174,168
70,174,168
70,174,168
70,174,168
70,174,167
69,174,167
68,173,166
68,173,166
67,173,166
67,173,166
67,173,166
68,173,166
68,173,167
68,173,167
68,173,166
68,173,166
68,173,166
68,173,165
68,173,165
67,173,165
67,172,165
66,172,165
64,171,163
63,170,163
61,170,163
59,169,162
59,169,162
59,169,162
59,169,162
60,170,162
60,171,163
61,170,162
61,170,162
60,169,161
58,168,161
57,167,161
55,167,160
53,165,158
50,164,156
47,163,155
46,162,154
44,162,153
43,161,153
42,161,152
41,160,152
41,160,152
41,160,152
42,161,153
43,161,153
38,160,151
41,160,152
43,162,154
46,163,155
50,165,157
51,166,158
53,167,158
55,168,161
56,168,161
58,169,162
59,169,162
62,171,164
63,171,164
65,172,165
65,172,165
66,173,166
66,173,166
66,173,166
67,172,165
67,172,165
67,172,166
67,172,166
67,172,166
67,173,166
67,173,166
67,173,166
67,172,165
66,173,166
66,173,166
65,172,165
65,172,165
65,172,165
65,172,165
65,172,165
64,172,164
64,172,164
64,172,164
64,172,164
65,172,165
65,172,165
66,173,166
66,173,166
66,173,166
67,173,166
67,173,166
67,173,166
66,173,166
66,173,166
65,172,166
65,172,166
65,172,166
65,172,166
66,172,166
66,173,166
67,173,166
67,174,166
67,174,166
68,174,166
69,174,167
69,174,167
69,174,167
69,174,167
69,174,167
69,174,167
69,174,167
70,174,168
70,174,168
70,174,168
70,174,168
70,174,168
70,174,168
70,174,168
70,175,167
72,175,167
72,175,167
72,175,167
70,175,167
70,175,167
70,174,168
70,174,168
70,174,168
70,174,168
70,174,168
69,175,167
69,175,167
69,175,167
69,174,167
69,174,167
70,174,167
70,174,167
70,174,168
70,174,168
70,174,168
70,174,168
70,174,168
70,174,168
70,174,168
70,174,168
70,174,168
70,174,168
70,174,168
69,174,167
69,174,167
69,174,167
69,174,167
69,174,167
70,174,167
70,174,167
70,174,167
70,174,167
70,174,168
70,174,168
70,174,168
70,174,168
70,174,168
70,174,168
70,174,168
70,174,168
70,174,168
70,174,168
70,174,168
70,174,168
70,174,167
70,174,167
70,174,167
68,174,166
68,173,166
68,173,166
67,173,166
67,173,166
67,173,166
67,173,166
67,173,166
67,173,166
67,173,166
67,173,166
67,173,166
67,173,165
67,173,165
67,172,165
66,172,165
65,172,164
64,171,163
63,170,163
61,169,163
60,170,162
60,170,162
60,170,162
60,170,162
60,171,163
60,171,163
61,170,162
60,169,161
58,168,160
55,167,160
53,166,158
52,164,158
49,163,157
46,163,155
44,162,154
43,162,154
43,161,153
42,161,153
41,160,152
41,160,152
41,160,152
43,161,153
41,160,152
43,161,153
45,163,155
48,163,156
50,165,157
51,166,158
54,167,159
56,168,161
56,168,161
58,169,162
59,170,163
62,171,164
63,171,164
65,173,165
65,172,165
65,172,165
66,173,166
66,173,166
66,172,166
67,172,166
67,172,166
67,172,166
67,172,166
67,172,165
67,172,165
67,172,165
66,173,166
66,173,166
66,173,166
65,172,165
65,172,165
65,172,165
64,172,164
64,172,164
64,172,164
64,172,164
64,172,164
64,172,164
65,172,165
65,172,165
66,173,166
66,173,166
67,173,166
67,173,166
67,173,166
66,173,166
65,173,165
65,172,166
64,172,165
64,172,165
64,172,165
65,172,166
65,172,166
65,173,165
66,173,166
66,173,166
66,173,166
67,173,166
67,173,166
68,174,166
69,174,167
69,174,167
69,174,167
69,174,167
69,174,167
70,174,168
70,174,168
70,174,168
70,174,168
70,174,168
70,174,168
71,175,168
72,175,167
72,175,167
72,175,167
71,175,168
70,175,167
70,174,168
70,174,168
69,174,167
69,174,167
68,174,166
68,174,167
68,174,167
68,174,167
68,174,167
69,174,167
70,174,167
70,174,167
70,174,168
70,174,168
70,174,168
70,174,168
70,174,168
70,174,168
70,174,168
70,174,168
70,174,168
70,174,168
70,174,168
70,174,168
69,174,167
69,174,167
69,174,167
69,174,167
69,174,167
69,174,167
70,174,167
70,174,167
69,174,167
70,174,168
70,174,168
70,174,168
70,174,168
70,174,168
70,174,168
70,174,168
70,174,168
70,174,168
70,174,168
70,174,167
70,174,167
70,174,167
70,174,167
68,174,166
68,173,166
68,173,166
67,173,166
67,173,166
67,173,166
67,173,166
67,173,166
66,173,166
66,173,166
66,173,166
66,173,165
67,172,165
67,172,165
66,172,165
66,172,165
65,172,164
65,171,164
63,170,163
62,170,163
60,169,163
60,170,162
60,170,162
60,170,162
60,170,162
60,170,162
60,170,161
59,169,161
57,167,160
55,167,160
53,165,158
50,164,157
47,163,155
45,161,155
44,162,154
43,162,154
43,161,153
43,161,153
43,161,153
42,161,152
43,161,152
41,160,152
42,161,153
43,162,154
46,163,155
49,165,157
51,166,158
53,167,158
54,167,159
56,168,160
56,168,161
58,169,162
60,170,163
62,171,164
63,171,164
64,172,164
65,172,165
65,172,165
66,173,166
66,173,166
67,172,165
67,172,165
67,173,166
67,173,166
67,173,166
67,173,166
67,172,165
67,172,165
67,172,165
66,173,166
65,172,165
65,172,165
65,172,165
64,172,164
64,172,164
64,172,164
64,172,164
64,172,164
64,172,164
65,172,165
65,172,165
66,173,166
66,173,166
66,173,166
66,173,166
66,173,166
65,172,165
65,173,165
65,172,166
64,172,165
64,172,165
63,171,165
64,172,165
64,172,165
65,172,166
65,173,165
65,173,165
65,173,165
66,173,166
66,173,166
67,173,166
67,173,166
68,174,166
69,174,167
69,174,167
69,174,167
69,174,167
69,174,167
69,174,167
70,174,168
70,174,168
70,174,168
71,175,168
72,175,167
72,175,167
71,175,168
71,175,168
70,174,168
70,174,168
69,174,167
69,174,167
68,174,166
68,174,166
67,174,166
67,174,166
67,174,166
67,174,166
68,173,167
68,174,166
69,174,167
70,174,167
70,174,167
69,174,167
70,174,168
70,174,168
70,174,168
70,174,168
70,174,168
70,174,168
70,174,168
70,174,168
70,174,168
70,174,167
69,174,167
69,174,167
69,174,167
68,173,166
68,173,166
68,173,166
68,173,166
69,174,167
69,174,167
69,174,167
70,174,168
70,174,168
70,174,168
70,174,168
70,174,168
70,174,168
70,174,167
70,174,167
70,174,167
70,174,167
70,174,167
68,174,166
68,174,166
68,173,166
68,173,166
68,173,166
67,173,166
67,173,166
67,173,166
66,173,166
66,173,166
66,173,166
66,173,166
66,173,166
67,172,165
67,172,165
66,172,166
66,172,166
66,172,166
65,172,165
65,171,165
63,170,163
61,169,163
60,169,163
60,170,162
60,170,162
60,170,162
59,169,162
59,169,161
58,168,161
55,167,159
53,166,158
51,165,158
49,163,157
45,163,155
44,162,154
43,162,154
43,162,154
43,161,153
43,161,153
43,161,152
43,161,152
43,161,152
41,161,153
43,162,154
45,163,155
48,163,156
50,165,157
52,165,158
54,167,159
54,167,159
56,167,161
56,168,161
58,169,162
60,170,163
62,171,164
63,171,164
64,172,164
65,172,165
65,172,165
66,173,166
66,173,166
67,173,166
67,173,166
67,173,166
67,173,166
67,173,166
67,172,165
67,172,165
67,172,165
66,172,166
65,172,165
65,172,165
65,172,165
64,172,164
64,172,164
64,172,164
63,172,165
63,171,165
64,172,165
64,172,165
65,172,165
65,172,165
66,173,166
66,173,166
66,173,166
66,173,166
65,172,165
65,172,165
65,172,166
64,172,165
64,172,165
63,171,165
63,171,165
64,172,165
64,172,165
64,172,165
65,172,165
65,172,165
65,172,165
65,173,165
66,173,166
66,173,166
66,173,166
67,173,166
67,173,166
68,173,166
69,174,167
69,174,167
69,174,167
69,174,167
70,174,168
70,174,168
71,175,168
71,175,168
71,175,168
71,175,168
70,175,168
70,174,168
70,174,168
70,174,167
69,174,167
68,174,166
68,173,166
68,173,167
68,173,167
67,174,166
68,173,167
68,173,167
68,173,167
68,173,166
68,174,166
69,174,167
70,174,167
70,174,167
70,174,167
70,174,167
70,174,167
70,174,168
70,174,168
70,174,168
70,174,168
70,174,167
70,174,167
69,174,167
68,174,166
68,173,166
67,173,166
66,173,166
66,173,166
67,173,166
68,173,166
68,173,166
68,174,166
69,174,167
69,174,167
69,174,167
69,174,167
69,174,167
69,174,167
70,174,167
69,174,167
69,174,167
68,174,166
68,174,166
68,174,166
68,173,166
68,173,166
68,173,166
68,173,166
67,173,166
67,173,166
66,173,166
66,173,166
66,173,166
66,173,166
66,173,166
66,173,166
66,172,166
66,172,166
66,172,166
66,172,166
66,172,166
66,172,166
65,171,165
63,170,163
62,170,163
60,169,163
60,170,162
59,169,162
59,169,162
59,169,161
58,168,161
55,167,159
53,166,158
51,165,157
49,163,157
45,163,155
44,162,154
43,162,154
43,162,154
43,162,154
43,161,153
43,161,153
43,161,152
43,162,153
42,161,153
44,162,154
46,163,155
48,164,156
51,165,158
52,165,158
54,167,159
54,167,159
56,167,161
56,168,161
58,169,162
60,170,163
62,171,164
63,171,164
64,172,164
65,172,165
66,173,166
66,173,166
66,173,166
67,173,166
67,173,166
67,173,166
67,173,166
67,173,166
67,172,165
67,172,165
66,172,166
66,172,166
65,172,165
65,172,165
64,172,164
64,172,164
64,172,164
63,171,165
63,171,165
63,171,165
64,172,165
65,172,165
65,172,165
65,172,165
66,173,166
66,172,166
66,173,166
65,172,165
65,172,165
65,172,165
65,172,166
64,172,165
64,172,165
63,171,165
64,172,165
63,171,165
63,171,165
63,171,164
63,171,164
64,172,164
64,172,164
65,172,165
65,172,165
66,173,166
66,173,166
66,173,166
66,173,166
67,173,166
68,173,167
69,174,167
69,174,167
69,174,167
69,174,167
70,174,168
71,175,168
71,175,168
70,175,168
70,174,168
70,174,168
70,174,167
70,174,167
70,174,167
68,174,166
68,173,166
68,173,166
68,173,167
68,173,167
67,173,166
67,173,166
67,173,166
67,173,166
68,173,166
68,173,166
69,174,167
70,174,167
70,174,167
70,174,167
70,174,167
70,174,167
70,174,167
70,174,167
70,174,167
69,174,166
69,173,166
68,174,166
68,173,166
67,173,166
66,173,166
66,173,166
65,173,165
65,173,165
65,172,166
66,172,166
66,173,166
68,173,166
68,173,166
68,173,166
68,173,166
68,173,166
68,173,166
68,173,166
68,173,166
68,173,166
68,173,166
68,173,166
68,173,166
68,173,166
68,173,166
68,173,166
67,173,166
67,173,166
66,173,166
66,173,166
66,173,166
66,173,166
66,173,166
65,172,165
66,172,166
65,172,165
66,172,166
66,172,166
66,172,166
65,172,165
65,172,165
65,172,165
65,171,165
62,170,164
61,170,163
59,169,162
58,169,161
58,169,161
57,168,160
55,167,159
53,166,158
51,165,157
49,163,157
45,163,155
45,161,155
43,162,154
43,162,154
43,162,154
43,162,154
43,162,154
43,162,153
43,162,153
42,161,153
43,161,153
45,163,155
47,163,155
49,163,157
51,165,158
52,166,158
54,167,159
54,167,159
56,167,161
57,168,161
58,169,162
60,170,163
62,171,164
63,171,164
65,172,165
66,173,166
66,173,166
66,173,166
67,173,166
67,173,166
67,173,166
66,173,166
67,172,166
67,172,166
67,172,165
66,172,166
66,172,166
66,172,166
65,172,165
65,172,165
64,172,164
64,172,164
64,172,164
64,172,165
64,172,165
64,172,165
64,172,164
65,172,165
65,172,165
65,172,165
66,173,166
66,173,166
66,173,166
66,173,166
65,172,165
65,172,165
65,172,165
65,172,165
64,172,165
64,172,164
63,171,164
63,171,164
63,171,164
63,171,164
63,171,164
63,171,164
63,171,165
64,172,165
65,172,166
65,172,166
65,172,166
65,172,166
66,173,166
66,173,166
68,173,167
68,173,166
69,174,167
69,174,167
69,174,167
69,174,167
70,174,168
70,174,168
70,174,168
70,174,167
70,174,167
70,174,167
70,174,167
68,174,166
68,173,166
68,173,166
68,173,166
68,173,166
67,173,166
67,173,166
67,173,166
67,173,166
68,173,167
68,173,166
68,174,166
69,174,167
70,174,167
70,174,167
70,174,167
70,174,167
70,174,167
70,174,167
68,174,166
69,173,166
69,173,166
68,173,165
67,173,166
66,173,166
66,173,166
65,173,165
65,173,165
65,172,166
65,172,166
64,172,165
65,172,166
65,172,166
66,173,166
66,173,166
66,173,166
66,173,166
66,173,166
66,173,166
66,173,166
66,173,166
66,173,166
66,173,166
67,172,165
67,172,165
67,172,165
66,173,166
66,173,166
66,173,166
66,173,166
66,173,166
65,172,165
65,172,165
65,172,165
65,172,165
65,172,165
65,172,165
65,172,165
66,172,166
65,172,165
65,172,165
65,172,165
65,172,165
64,172,164
62,170,164
61,170,163
59,169,162
58,169,161
57,168,160
55,167,159
53,166,158
51,165,157
48,164,155
46,164,155
45,161,155
43,162,154
43,162,154
43,162,154
43,162,154
43,162,154
43,162,154
43,162,153
43,162,153
42,161,153
43,162,154
45,163,155
47,163,155
50,164,156
52,165,157
52,166,158
54,167,159
54,167,159
56,167,161
57,168,161
58,169,162
60,170,162
62,171,164
63,171,164
65,173,165
66,173,166
66,173,166
66,173,166
66,173,166
66,173,166
66,173,166
66,173,166
67,172,166
67,172,166
67,172,165
67,172,165
66,172,166
66,173,166
65,172,165
64,172,164
64,172,164
64,172,164
64,172,164
64,172,164
64,172,164
64,172,164
64,172,164
65,172,165
65,172,165
65,172,165
66,173,166
66,173,166
66,173,166
66,173,166
66,173,166
66,173,166
66,173,166
65,172,165
65,173,165
64,172,164
63,171,164
63,171,164
63,171,164
63,171,164
63,171,163
63,171,164
63,171,164
63,171,165
63,171,165
63,171,165
63,171,165
65,172,166
65,172,166
66,172,166
66,173,166
68,173,166
68,173,166
68,174,166
68,174,166
70,174,167
70,174,167
70,174,167
70,174,167
70,174,167
70,174,167
69,174,167
68,174,166
68,173,166
68,173,166
68,173,166
68,173,166
68,173,166
68,173,167
67,173,166
67,173,166
68,173,167
68,174,166
69,174,167
69,174,167
69,174,167
70,174,167
70,174,167
70,174,167
70,174,167
70,174,167
68,174,166
69,173,166
68,173,165
67,173,165
66,173,166
66,173,166
65,173,165
65,173,165
65,173,165
65,172,166
63,171,165
63,171,164
62,171,164
62,171,164
63,171,165
63,171,164
63,171,164
64,172,164
64,172,164
65,172,165
64,172,164
65,172,165
65,172,165
65,172,165
65,172,165
66,173,166
66,173,166
66,173,166
66,173,166
66,173,166
65,172,165
65,172,165
65,172,165
65,172,165
65,172,165
65,172,165
65,172,165
65,172,165
65,172,166
65,172,166
65,172,166
65,172,165
65,172,165
65,172,165
63,172,164
62,170,164
61,170,163
59,169,161
57,168,160
55,167,159
53,166,158
51,165,157
49,165,156
47,163,155
45,161,155
43,162,154
43,161,154
43,161,154
43,161,154
43,161,153
43,162,154
43,162,154
43,162,153
42,161,153
44,162,154
46,164,155
48,164,156
50,166,156
52,165,157
52,166,158
54,167,159
54,167,159
56,167,160
57,168,161
58,169,161
60,170,162
62,171,164
64,172,164
65,173,165
66,173,166
66,173,166
66,173,166
66,173,166
66,173,166
66,173,166
67,172,165
67,172,166
67,172,165
67,172,165
67,172,165
66,172,166
66,173,166
66,173,166
64,172,164
64,172,164
64,172,164
64,172,164
64,172,164
64,172,164
64,172,164
65,172,165
65,172,165
65,172,165
66,173,166
66,173,166
66,173,166
66,173,166
66,173,166
67,172,165
66,173,166
66,173,166
66,173,166
65,172,165
65,173,165
64,172,164
63,171,164
63,171,164
63,171,163
63,171,164
63,171,164
63,171,164
62,171,164
62,171,164
63,171,164
63,171,164
63,171,164
64,172,164
65,172,165
66,173,166
66,173,166
66,173,166
67,173,166
68,174,166
68,174,166
68,174,166
70,174,167
70,174,167
69,174,167
68,174,166
68,174,166
68,173,166
68,173,166
68,173,166
68,173,166
68,173,166
68,173,166
68,173,166
68,174,167
68,174,166
69,174,167
69,174,167
69,174,167
70,174,167
70,174,167
70,174,167
70,174,167
70,174,167
68,174,166
68,174,166
68,174,166
68,173,165
67,173,165
66,173,166
66,173,166
65,172,165
65,173,165
65,172,165
64,172,164
63,171,164
63,171,164
62,171,164
62,171,164
62,171,164
62,171,164
62,171,164
62,171,164
62,171,164
62,171,164
62,171,164
63,171,163
63,171,164
63,171,164
63,171,164
64,172,164
64,172,164
64,172,164
65,172,165
65,172,165
65,172,165
65,172,165
65,172,165
65,172,165
65,172,165
65,172,165
65,172,165
65,172,165
65,172,166
65,172,166
65,172,166
65,172,165
65,172,165
64,172,164
63,172,164
61,170,163
61,169,162
58,168,160
55,167,159
54,166,158
52,166,158
51,165,157
47,163,155
45,162,154
44,162,154
43,162,154
43,161,153
43,161,154
43,161,153
43,162,154
43,162,154
43,162,154
42,161,153
45,162,154
47,164,155
49,165,156
51,166,157
52,165,157
52,166,158
54,167,159
54,167,159
56,167,160
57,168,161
58,169,161
60,171,163
62,171,164
64,172,164
65,172,165
66,173,166
66,173,166
66,173,166
66,173,166
66,173,166
67,172,165
67,172,165
67,172,165
67,172,165
67,172,165
67,172,165
66,172,166
66,172,166
66,172,166
65,172,165
64,172,164
64,172,164
64,172,164
64,172,164
64,172,164
64,172,164
65,172,165
65,172,165
66,173,166
66,173,166
66,173,166
66,173,166
66,173,166
67,173,165
67,173,165
67,173,166
66,173,165
66,173,165
66,173,165
66,173,166
65,173,165
64,172,164
63,171,164
63,171,163
63,171,163
63,171,164
62,171,164
62,171,164
62,171,164
62,171,164
62,171,164
63,171,163
63,171,163
63,171,163
65,172,165
65,172,165
65,173,165
66,173,166
66,173,166
67,173,166
67,173,166
68,173,166
68,173,166
68,173,166
68,173,166
68,173,166
68,173,166
68,173,166
68,173,166
68,173,166
68,174,166
68,174,166
69,174,167
69,174,167
69,174,167
69,174,167
69,174,167
70,174,167
70,174,167
70,174,167
70,174,167
70,174,167
70,174,167
68,174,166
68,174,166
68,174,166
68,173,165
67,173,166
66,173,166
66,173,166
65,172,165
65,173,165
65,172,165
63,171,164
63,171,163
62,171,164
62,171,164
62,171,164
62,171,164
62,171,164
61,171,164
61,171,164
61,171,163
62,171,164
62,171,164
62,171,164
63,171,163
63,171,163
63,171,164
64,172,164
64,172,164
64,172,164
65,172,165
65,172,165
65,172,165
65,172,165
65,172,165
65,172,165
65,172,165
65,172,165
65,172,165
65,172,165
65,172,165
65,172,165
65,172,165
65,172,165
63,172,164
62,170,163
61,170,162
59,168,161
56,167,160
54,166,158
52,166,158
51,165,157
48,163,155
45,163,154
44,162,153
44,162,153
43,162,154
43,161,153
43,161,154
43,161,153
43,162,154
43,162,154
43,161,153
45,162,154
47,164,155
50,166,156
51,166,158
51,166,158
52,166,158
54,167,159
54,167,159
56,167,160
57,168,161
58,169,161
60,171,163
62,171,164
64,172,164
65,172,165
66,173,166
66,173,166
66,173,166
66,173,166
66,173,166
67,173,166
67,173,166
67,173,166
67,173,166
67,172,165
67,172,165
66,172,166
66,172,166
65,172,165
65,172,165
64,172,164
64,172,164
64,172,164
64,172,164
64,172,164
64,172,164
65,172,165
65,172,165
66,173,166
66,173,166
66,173,166
66,173,166
67,173,165
68,173,165
68,173,165
67,173,166
67,173,166
67,173,166
66,173,165
66,173,165
65,172,165
65,173,165
63,171,164
63,171,164
63,171,163
62,171,164
62,171,164
62,171,164
62,171,164
62,171,164
62,171,164
62,171,164
62,171,164
62,171,164
62,171,164
63,171,163
63,171,163
65,172,165
65,173,165
66,173,166
66,173,166
66,173,166
66,173,166
66,173,166
66,173,166
67,173,166
68,173,166
68,173,166
68,173,166
68,174,166
68,174,166
70,174,167
70,174,167
69,174,167
69,174,167
69,174,167
69,174,167
70,174,167
70,174,167
70,174,167
70,174,167
70,174,167
69,174,167
68,174,166
68,174,166
68,174,166
68,173,166
67,173,166
66,173,166
66,173,166
65,172,165
65,172,165
65,172,165
64,172,164
64,172,164
64,172,164
63,172,164
62,171,164
62,171,164
61,171,163
61,171,163
61,171,163
62,171,164
62,171,164
62,171,164
63,171,163
63,171,163
63,171,164
64,172,164
64,172,164
64,172,164
65,172,165
65,172,165
65,172,165
65,172,165
65,172,165
65,172,165
65,172,165
65,172,165
65,172,165
65,172,165
65,172,165
65,172,165
65,172,165
63,172,164
63,170,163
61,170,163
61,169,162
58,168,160
55,167,159
53,166,158
51,165,157
49,163,156
46,163,154
45,162,154
45,162,154
45,162,154
43,162,153
43,161,153
43,161,153
43,162,154
43,162,154
43,161,153
46,163,155
47,164,155
50,165,157
51,166,158
51,166,158
52,166,158
54,166,159
54,167,159
56,167,160
57,168,161
59,169,162
60,171,163
62,171,164
64,172,164
65,172,165
66,173,166
66,173,166
66,173,166
67,173,166
67,173,166
67,173,166
67,173,166
67,173,166
67,173,166
66,173,166
67,172,165
66,172,166
66,172,166
65,172,165
65,172,165
64,172,164
64,172,164
64,172,164
64,172,164
64,172,164
64,172,164
65,172,165
66,173,166
66,173,166
66,173,166
67,173,166
67,173,165
68,173,165
68,174,165
68,174,165
68,174,165
67,173,166
67,173,166
66,173,165
66,173,165
66,173,165
65,172,164
65,172,165
64,172,164
63,172,163
63,171,163
63,171,163
63,171,163
62,171,164
61,171,164
61,171,164
61,171,164
61,171,164
61,171,164
61,171,164
61,171,164
62,171,164
63,171,163
63,171,164
65,172,165
65,172,165
65,172,165
65,173,165
66,173,166
66,173,166
66,173,166
68,173,166
68,173,166
68,174,166
70,174,167
70,174,167
70,174,167
70,174,167
69,174,167
69,174,167
69,174,167
70,174,167
70,174,167
70,174,167
70,174,167
70,174,167
70,174,167
70,174,167
68,174,166
68,174,166
68,174,166
68,174,166
67,173,166
67,173,166
66,173,166
66,173,166
66,173,166
66,172,165
65,172,164
65,172,164
65,172,165
64,172,164
63,172,164
62,171,164
61,171,163
62,171,164
62,171,164
62,171,164
62,171,164
63,171,163
63,171,164
64,172,164
64,172,164
64,172,164
65,172,165
66,172,166
66,172,166
66,172,166
66,172,166
65,172,165
65,172,165
65,172,165
65,172,165
65,172,165
65,172,165
65,172,165
64,172,164
63,172,164
62,171,163
61,170,163
60,170,162
58,168,161
56,167,160
54,166,158
52,165,157
49,163,156
47,163,154
45,162,154
45,162,154
45,162,154
45,162,154
45,162,154
43,162,153
44,162,154
44,162,154
42,161,153
44,162,154
46,163,155
48,165,156
50,165,157
51,166,158
52,165,158
52,166,158
54,166,159
54,167,159
56,167,160
57,168,161
59,169,163
60,170,163
63,171,163
64,172,164
65,172,165
66,173,166
66,173,166
67,173,166
67,173,166
67,173,166
67,173,166
67,173,166
67,173,166
67,173,166
66,173,166
67,172,165
66,173,166
66,173,166
65,172,165
65,172,165
64,172,164
64,172,164
64,172,164
64,172,164
64,172,164
64,172,164
65,172,165
66,173,166
66,173,166
66,173,166
67,173,166
68,174,165
68,174,165
68,174,165
68,174,165
67,173,166
67,173,166
67,173,166
66,173,165
66,173,165
66,173,165
66,173,166
65,172,164
65,172,164
64,172,164
63,172,164
63,171,164
63,171,163
61,171,163
61,171,163
61,171,164
61,171,164
61,171,164
61,171,164
61,171,164
61,171,163
61,171,163
61,171,163
62,171,164
63,171,163
63,171,163
63,171,164
65,172,165
65,173,165
66,173,166
66,173,166
68,173,166
68,174,166
70,174,167
70,174,167
70,174,168
70,174,167
70,174,167
69,174,167
70,174,167
70,174,167
70,174,167
70,174,167
70,174,167
70,174,167
70,174,167
70,174,167
70,174,167
70,174,167
70,174,167
70,174,167
69,174,167
68,174,166
68,173,166
68,173,166
67,172,165
67,172,165
66,172,165
66,172,165
66,172,166
65,172,165
65,172,165
64,172,164
63,172,164
63,171,164
63,171,164
63,171,164
64,172,164
64,172,164
64,172,164
66,173,166
66,173,166
66,172,166
66,172,166
67,172,165
66,172,165
66,172,166
66,172,166
66,172,166
65,172,165
65,172,165
65,172,165
65,172,165
64,172,164
64,172,164
63,172,164
62,170,164
61,170,163
60,170,162
58,168,161
57,167,160
54,166,158
52,166,158
50,164,156
47,163,154
46,162,154
45,162,154
45,162,154
45,162,154
45,162,154
45,162,154
45,162,154
45,162,154
44,162,154
43,161,153
45,162,154
46,163,155
49,165,157
50,165,157
51,166,158
52,165,158
52,166,158
54,166,159
54,167,159
56,168,161
58,169,162
59,169,163
61,170,164
63,171,163
64,172,164
65,172,165
66,173,166
66,173,166
67,173,166
67,173,166
67,173,166
67,173,166
67,173,166
67,173,166
67,173,166
66,173,166
66,173,166
66,173,166
65,172,165
65,172,165
65,172,165
64,172,164
64,172,164
64,172,164
64,172,164
64,172,164
64,172,164
65,172,165
65,172,165
66,173,166
66,173,166
66,173,166
67,173,166
67,173,166
67,173,166
67,173,166
67,173,166
67,173,166
66,173,166
66,173,166
66,173,166
66,173,166
66,173,166
66,173,166
65,172,165
65,172,165
64,172,164
64,172,164
63,171,164
63,171,163
63,171,163
61,171,164
61,171,164
61,171,163
61,171,163
61,171,163
61,171,163
60,170,163
60,170,163
60,170,163
61,171,163
61,171,164
63,171,164
63,171,165
65,173,165
66,173,166
66,173,166
68,173,166
68,174,166
70,174,167
69,174,167
69,174,167
69,174,167
69,174,167
70,174,167
70,174,167
70,174,167
70,174,167
70,174,167
70,174,167
70,174,167
70,174,167
70,174,167
70,174,167
70,174,167
70,174,167
70,174,167
70,174,167
69,174,167
68,174,166
68,173,166
67,173,166
67,173,166
67,172,165
67,172,165
67,172,165
66,172,166
66,172,166
65,172,165
64,172,164
64,172,164
64,172,164
65,172,165
65,172,165
66,173,166
66,173,166
67,172,165
67,172,165
67,172,165
67,172,165
67,172,165
66,172,166
66,172,166
65,172,165
65,172,165
64,172,164
64,172,164
64,172,164
63,172,164
63,171,164
61,170,163
61,170,163
59,169,162
58,168,161
57,167,160
54,166,159
52,166,158
51,165,157
48,163,155
45,163,154
45,162,154
45,162,154
45,162,154
45,162,154
45,162,154
45,162,154
44,162,153
45,162,154
43,161,153
45,162,154
48,163,156
49,165,157
51,165,158
51,165,158
52,166,158
54,166,159
54,167,159
56,167,160
57,168,161
58,169,162
60,170,163
62,171,164
63,171,164
65,172,165
65,173,165
66,173,166
67,173,166
67,173,166
67,173,166
67,173,166
67,173,166
67,173,166
66,173,166
66,173,166
66,173,166
66,173,166
66,173,166
65,172,165
65,172,165
64,172,164
64,172,164
64,172,164
63,172,164
63,171,164
63,171,164
63,171,164
64,172,164
65,172,165
66,173,166
66,173,166
66,173,166
66,173,166
66,173,166
67,173,166
67,173,166
66,173,166
66,173,166
66,173,166
66,173,166
66,173,166
66,173,166
67,172,165
66,172,166
66,172,166
66,173,166
66,173,166
65,172,165
64,172,164
64,172,164
63,171,164
63,171,164
61,171,163
61,171,163
61,171,163
61,171,163
60,170,163
60,170,163
60,170,163
60,170,163
60,170,163
61,170,164
61,171,164
63,171,164
65,172,165
66,173,166
66,173,166
68,173,166
68,174,166
69,174,167
69,174,167
69,174,167
69,174,167
70,174,167
70,174,167
70,174,167
70,174,167
70,174,167
70,174,167
69,174,167
70,174,168
70,174,168
70,174,168
70,174,168
69,174,167
69,174,167
70,174,167
70,174,167
69,174,167
68,173,166
68,173,166
67,173,166
67,173,166
67,172,165
67,172,165
67,172,165
67,172,165
66,172,166
65,172,165
65,172,165
65,172,165
65,172,165
66,173,166
66,173,166
67,172,165
67,172,165
67,172,165
67,172,165
67,172,165
67,172,165
66,172,166
65,172,165
65,171,165
64,172,164
64,172,164
63,172,164
63,171,164
62,170,164
61,170,163
60,170,162
59,169,162
58,168,161
56,168,160
54,167,158
53,166,158
51,165,158
48,163,156
45,163,155
44,162,154
45,162,154
43,162,153
43,162,153
45,162,154
45,162,154
44,162,154
45,162,154
43,162,154
45,163,155
48,163,156
50,164,157
51,165,158
52,165,158
52,166,158
54,166,159
54,167,159
56,167,160
58,168,161
58,169,161
60,170,162
62,171,164
63,171,164
65,172,165
65,173,165
66,173,166
66,173,166
67,173,166
67,173,166
67,173,166
66,173,166
66,173,166
66,173,166
66,173,166
66,173,166
66,173,166
65,172,165
65,172,165
64,172,164
64,172,164
63,172,164
63,171,164
63,171,164
62,171,164
63,171,163
63,171,164
63,171,164
65,172,165
65,173,165
65,173,165
66,173,166
66,173,166
66,173,166
66,173,166
66,173,166
66,173,166
66,173,166
66,173,166
66,173,166
66,173,166
66,173,166
67,172,165
67,172,165
66,172,166
66,173,166
66,173,166
66,173,166
65,172,165
65,172,165
65,172,165
63,172,164
63,171,163
62,171,164
61,171,163
60,171,163
60,171,163
60,171,163
60,171,163
60,170,163
60,170,163
60,170,163
61,170,164
63,171,164
65,172,165
65,173,165
66,173,166
68,173,166
68,174,166
69,174,167
69,174,167
69,174,167
69,174,167
70,174,167
70,174,167
70,174,167
70,174,167
70,174,167
69,174,167
70,174,168
70,174,168
70,174,168
70,174,168
70,174,167
69,174,167
70,174,167
70,174,167
68,174,166
68,173,166
67,173,166
67,173,166
67,173,166
66,173,166
67,172,165
67,172,165
67,172,165
67,172,165
66,173,166
66,173,166
66,173,166
66,173,166
66,173,166
66,173,166
66,173,166
67,172,165
67,172,165
67,172,165
67,172,165
66,172,165
65,172,165
65,171,165
64,172,164
63,172,164
63,171,164
62,171,163
61,171,163
60,171,163
60,170,162
59,169,162
57,168,161
55,167,160
54,167,158
53,166,158
51,165,157
49,163,157
46,164,155
44,162,154
43,162,154
43,161,153
43,161,152
43,162,153
43,162,154
43,162,154
44,162,154
43,162,154
46,163,155
48,164,156
50,164,157
51,165,158
52,165,158
52,166,158
54,166,159
54,167,159
56,168,161
58,169,161
58,169,161
60,170,162
62,171,164
63,171,164
65,172,165
65,172,165
66,173,166
66,173,166
66,173,166
66,173,166
66,173,166
66,173,166
66,173,166
66,173,166
66,173,166
65,172,165
65,172,165
65,172,165
64,172,164
64,172,164
63,171,164
63,171,164
62,171,164
61,171,164
61,171,164
62,171,164
63,171,164
63,171,164
64,172,164
65,172,165
65,172,165
65,173,165
65,173,165
66,173,166
66,173,166
66,173,166
66,173,166
66,173,166
66,173,166
66,173,166
66,173,166
66,173,166
66,173,166
66,173,166
66,173,166
66,173,166
66,173,166
66,173,166
66,173,166
66,173,166
66,173,166
65,172,165
65,172,165
64,172,164
63,171,164
61,171,163
61,171,163
60,171,163
60,171,163
60,170,163
60,170,163
60,170,163
61,171,164
62,171,164
63,171,164
65,172,165
66,173,166
67,173,166
68,173,166
68,174,166
68,174,166
68,174,166
69,174,167
70,174,167
70,174,167
70,174,167
69,174,167
69,174,167
70,174,168
70,174,168
70,174,168
70,174,168
69,174,167
69,174,167
69,174,167
68,174,166
68,173,166
67,173,166
67,173,166
66,173,166
66,173,166
66,173,166
66,173,166
66,173,166
67,172,165
67,172,165
66,173,166
66,173,166
66,173,166
66,173,166
66,173,166
66,173,166
66,173,166
66,173,166
66,173,166
66,172,165
66,173,165
65,171,164
64,172,164
63,172,164
63,172,164
62,171,163
61,171,163
61,171,163
60,170,162
59,169,162
58,168,161
56,168,161
54,167,159
54,166,159
51,165,157
51,165,157
49,163,156
47,163,155
45,162,154
43,162,153
43,161,152
42,161,152
42,161,152
43,161,153
43,162,154
43,162,154
45,162,154
46,163,154
49,163,157
50,164,157
51,165,158
52,165,158
53,166,158
54,167,159
55,168,160
56,168,160
58,169,161
58,169,161
60,170,162
61,171,163
63,171,163
63,171,164
64,172,164
64,172,164
65,172,166
66,173,166
66,173,166
66,173,166
66,173,166
66,173,166
65,172,165
65,172,165
65,172,165
65,172,165
64,172,164
64,172,164
63,171,164
62,171,164
61,171,164
61,170,164
61,171,164
61,171,164
62,171,164
63,171,163
63,171,164
64,172,164
64,172,164
65,172,165
65,172,165
65,173,165
66,173,166
66,173,166
66,173,166
66,173,166
66,173,166
66,173,166
66,173,166
66,173,166
66,173,166
66,173,166
66,173,166
66,173,166
66,173,166
66,173,166
67,172,165
67,172,165
67,172,165
66,173,166
66,173,166
65,172,165
65,172,164
64,172,164
64,171,163
62,170,163
61,171,163
61,171,163
60,170,163
60,170,163
61,170,164
61,171,164
62,171,164
62,171,164
64,172,164
65,172,165
66,173,166
66,173,166
67,173,166
67,173,166
68,173,166
68,173,166
68,173,166
68,173,166
69,174,167
69,174,167
69,174,167
69,174,167
69,174,167
69,174,167
68,173,166
68,173,166
68,173,166
67,173,166
67,173,166
66,173,166
66,173,166
66,173,166
66,173,166
66,173,166
66,173,166
66,173,166
66,173,166
66,173,166
66,173,166
66,173,166
66,173,166
66,173,166
66,173,166
66,173,166
66,173,166
65,172,165
65,172,165
64,172,164
64,172,164
63,172,164
63,171,164
62,171,163
62,171,163
61,171,163
61,171,163
60,170,162
58,169,161
56,168,161
56,167,160
54,166,159
53,166,158
51,165,158
50,164,156
48,163,155
47,163,155
45,163,154
45,162,154
43,161,152
42,161,152
42,161,152
42,161,152
42,161,152
43,162,154
45,162,154
47,163,155
49,163,157
50,164,157
51,165,158
52,165,158
53,166,158
54,167,159
55,168,160
56,168,160
57,169,161
58,169,161
59,169,163
61,171,163
63,171,163
63,171,164
64,172,164
64,172,165
65,172,166
65,172,166
65,172,165
65,172,165
65,172,165
65,172,165
65,172,165
65,172,165
65,172,165
64,172,164
64,172,164
63,172,164
63,171,164
61,171,164
61,170,164
61,171,164
61,171,164
62,171,164
62,171,164
63,171,163
63,171,164
63,171,164
63,171,164
64,172,164
65,172,165
65,173,165
65,172,165
66,173,166
66,173,166
66,173,166
66,173,166
66,173,166
66,173,166
66,173,166
66,173,166
66,173,166
66,173,166
66,173,166
66,173,166
67,172,165
67,172,165
67,173,166
67,173,166
67,173,166
67,173,166
66,173,165
66,172,165
65,172,164
65,171,164
63,172,164
63,171,164
61,171,163
61,171,163
61,171,163
61,171,163
61,171,163
62,171,164
62,171,164
62,171,164
63,172,164
64,172,164
65,172,165
65,172,165
65,173,165
65,173,165
66,173,166
66,173,166
66,173,166
66,173,166
66,173,166
66,173,166
66,173,166
66,173,166
66,173,166
66,173,166
67,172,165
67,172,165
67,172,165
66,173,166
66,173,166
65,172,165
65,172,165
65,172,165
65,172,165
65,172,165
65,172,165
66,173,166
66,173,166
65,172,165
65,172,165
65,172,165
65,172,165
65,172,165
65,172,165
64,172,164
64,172,164
63,171,164
63,171,164
62,171,163
62,170,164
61,170,163
61,171,163
60,171,163
59,169,162
58,168,161
56,168,161
54,167,159
54,166,159
51,165,158
51,165,158
50,164,156
47,163,155
47,163,154
46,162,154
45,162,154
43,162,153
42,161,152
41,160,151
41,160,151
41,160,152
43,161,153
45,162,155
46,163,155
48,163,156
50,165,157
51,166,158
51,166,158
52,166,159
53,167,158
55,168,160
56,168,160
57,169,161
58,169,162
59,169,163
61,170,164
62,171,164
63,171,164
63,172,165
63,171,164
65,172,165
65,173,165
65,173,165
65,173,165
65,172,165
65,172,165
65,172,165
64,172,164
64,172,164
64,172,164
63,172,164
63,172,164
63,171,164
61,171,163
61,171,163
62,171,164
63,171,163
63,171,164
63,171,163
63,171,163
63,171,164
63,171,164
63,171,164
63,171,164
64,172,165
65,172,165
65,172,165
65,172,165
65,172,165
65,172,165
66,173,166
66,173,166
66,173,166
66,173,166
66,173,166
66,173,166
66,173,166
66,173,166
67,173,166
67,173,165
67,173,166
67,173,166
67,173,166
67,173,165
67,173,165
67,173,165
67,173,165
66,172,165
65,172,165
64,172,164
63,172,164
63,171,164
62,171,164
62,171,164
61,171,163
61,171,163
61,171,163
61,171,164
61,171,164
61,171,164
61,171,164
61,171,164
61,171,164
61,171,164
62,171,164
62,171,164
63,171,163
64,172,164
64,172,164
64,172,164
64,172,164
64,172,164
64,172,164
64,172,164
64,172,164
65,172,165
65,172,165
65,172,165
65,172,165
65,172,165
65,172,165
64,172,164
65,172,165
64,172,164
65,172,165
65,172,165
65,172,165
65,172,165
65,172,165
65,172,165
65,172,165
64,172,164
64,172,164
63,172,164
63,171,164
62,171,163
61,171,163
61,171,163
61,171,163
60,171,163
60,170,162
59,169,162
58,168,161
56,167,160
54,167,159
52,166,158
51,165,158
49,163,157
47,163,155
47,163,154
46,163,154
46,162,154
45,162,154
43,162,153
43,160,152
42,161,152
41,160,151
41,160,151
42,161,152
45,162,154
46,163,155
48,163,156
50,165,157
51,166,158
51,166,158
52,166,159
54,166,159
54,167,159
56,168,161
57,168,161
58,169,162
59,169,163
60,170,163
61,170,164
63,171,163
63,171,164
63,171,164
64,172,164
65,173,165
65,173,165
65,172,165
65,172,165
64,172,164
64,172,164
64,172,164
64,172,164
63,172,164
63,172,164
63,172,164
63,172,164
63,171,163
63,171,163
63,171,164
63,171,164
63,171,164
63,172,164
63,172,164
63,171,164
63,171,164
63,171,164
63,171,165
63,171,165
64,172,165
65,172,166
65,173,165
65,173,165
65,173,165
65,173,165
65,173,165
66,173,166
66,173,166
66,173,166
66,173,166
66,173,166
67,173,166
67,173,166
67,173,166
67,173,166
67,173,166
68,173,165
68,173,165
68,173,165
67,173,165
67,173,165
66,173,166
66,173,166
65,172,165
64,172,164
63,172,164
62,171,163
62,171,164
61,171,163
61,170,164
61,171,164
60,170,163
59,170,163
59,169,162
59,169,162
58,169,162
58,169,162
59,169,162
59,169,162
61,171,164
62,171,164
63,171,163
63,171,163
63,171,163
63,171,164
63,171,164
63,172,164
63,172,164
63,172,164
63,172,164
63,172,164
63,172,164
63,172,164
64,172,164
63,172,164
64,172,164
63,172,164
64,172,164
64,172,164
64,172,164
64,172,164
64,172,164
64,172,164
64,172,164
63,172,165
63,171,164
63,171,164
62,171,164
61,171,163
61,171,163
60,171,163
60,170,162
59,169,162
58,168,161
58,168,161
56,167,161
54,166,159
52,166,158
50,164,157
47,163,155
46,163,155
46,163,155
45,163,154
45,162,154
45,162,154
43,162,153
43,160,152
42,161,152
41,160,151
41,160,151
41,160,152
44,162,154
46,163,155
48,163,156
50,165,157
50,165,157
52,165,158
52,166,158
54,166,159
54,167,160
56,167,161
57,168,161
58,169,162
59,169,163
60,170,163
61,170,164
62,171,164
63,171,163
63,171,164
64,172,164
65,172,165
65,172,165
64,172,164
64,172,164
64,172,164
64,172,164
64,172,164
64,172,164
63,172,164
63,172,164
63,172,164
63,172,164
63,172,164
63,171,164
63,171,164
63,172,164
63,172,164
63,172,164
63,172,164
64,172,164
64,172,164
63,171,165
63,171,165
63,171,165
64,172,165
65,172,166
65,173,165
65,173,165
65,172,165
65,172,165
66,173,166
66,173,166
66,173,166
66,173,166
66,173,166
67,173,166
67,173,166
67,173,166
67,173,166
67,173,166
68,173,165
68,173,165
69,173,166
69,173,166
68,173,166
67,173,166
67,173,166
66,173,166
66,173,166
65,172,165
65,171,165
63,171,164
62,170,164
61,170,164
61,170,164
60,170,163
59,170,163
59,169,162
59,169,162
58,169,162
58,169,162
59,169,162
59,169,162
59,169,162
60,170,163
60,171,163
61,171,163
61,171,163
61,171,163
61,171,163
61,171,163
62,171,164
63,171,164
63,171,164
63,171,164
63,171,164
63,171,164
63,171,164
63,171,164
63,171,164
63,171,164
63,171,164
63,171,164
63,172,164
63,172,164
63,172,165
63,172,165
63,172,165
63,171,164
63,171,164
62,171,164
61,170,164
60,170,163
60,170,162
59,169,162
59,169,162
58,168,161
57,168,161
56,167,160
54,166,159
52,165,158
50,164,157
46,163,155
45,162,155
44,162,154
45,162,154
45,162,154
45,162,154
43,161,152
43,161,152
42,161,152
42,161,152
41,160,151
41,160,151
45,162,154
46,164,155
49,165,157
51,165,158
52,165,158
52,166,158
54,166,160
54,167,160
56,167,161
57,168,161
58,169,162
59,169,163
60,171,163
61,171,163
62,171,164
63,171,163
63,171,164
63,171,164
64,172,164
64,172,164
64,172,164
64,172,164
64,172,164
64,172,164
64,172,164
64,172,164
65,171,165
64,172,164
63,172,164
64,172,164
64,172,164
63,172,164
64,172,164
64,172,164
64,172,164
64,172,164
64,172,164
64,172,164
64,172,164
63,171,165
63,171,165
64,172,165
65,172,166
65,172,165
65,172,165
65,172,165
65,172,165
65,172,165
66,173,166
66,173,166
66,173,166
66,173,166
66,173,166
67,173,166
67,173,166
67,173,166
67,173,166
68,173,166
69,173,166
68,174,166
69,174,167
69,174,167
68,174,166
68,173,166
67,173,166
66,173,166
66,172,165
65,172,165
65,171,165
64,171,164
63,170,163
61,170,164
60,170,163
60,170,163
59,169,163
59,169,163
58,169,162
58,169,162
59,169,162
59,169,162
59,169,163
60,170,163
60,171,163
61,171,163
61,171,163
61,171,163
61,171,163
61,171,163
62,171,164
62,171,164
63,171,163
63,171,164
63,171,164
63,171,164
63,171,164
62,171,164
61,171,164
62,170,164
62,170,164
63,171,164
63,171,164
63,171,164
63,171,164
63,171,164
63,171,164
63,171,164
63,171,164
61,170,164
61,170,164
60,170,163
59,169,162
58,169,161
58,168,161
57,168,161
56,167,160
54,166,159
53,165,158
50,164,157
46,163,155
44,162,154
42,161,153
43,160,152
43,160,152
43,161,152
43,161,152
42,160,151
42,160,152
42,161,152
42,161,152
45,162,154
46,164,155
48,164,156
51,165,158
52,165,158
52,166,158
54,167,159
54,167,160
56,167,161
57,168,161
58,169,162
59,169,162
60,171,163
61,171,163
62,171,164
63,171,163
63,171,164
63,171,164
64,172,164
64,172,164
64,172,164
64,172,164
64,172,164
64,172,164
64,172,164
64,172,164
64,172,164
65,172,165
65,172,165
65,172,165
65,172,165
65,172,165
65,172,165
65,172,165
65,172,165
65,172,165
64,172,164
64,172,164
64,172,164
64,172,164
65,172,166
65,172,165
65,172,165
65,172,165
65,172,165
65,172,165
65,172,165
66,173,166
66,173,166
66,173,166
66,173,166
66,173,166
66,173,166
66,173,166
67,173,166
67,173,166
68,173,166
68,174,166
69,174,167
69,174,167
69,174,167
69,174,167
68,174,166
68,173,166
67,173,166
67,173,165
67,172,165
66,172,165
65,172,165
65,171,164
63,170,164
62,170,163
62,170,164
61,170,163
60,169,163
60,169,163
60,170,162
60,170,163
59,169,163
60,170,163
60,170,163
60,171,163
61,171,163
61,171,163
61,171,163
61,171,163
61,171,163
62,171,164
62,171,164
63,171,163
63,171,164
63,171,164
63,171,164
62,171,164
62,171,164
61,170,164
61,170,164
61,171,164
62,170,164
62,170,164
63,171,164
63,171,164
63,171,164
63,171,164
63,171,164
62,171,164
61,170,164
61,170,163
59,169,162
58,169,161
58,168,161
57,168,160
56,167,160
54,167,158
52,166,158
50,164,157
47,163,155
44,162,154
42,161,153
42,159,152
42,160,152
42,160,152
42,161,152
42,161,152
42,161,152
42,161,152
42,161,152
44,162,154
46,164,155
48,164,156
51,165,158
52,165,158
53,166,158
54,167,159
54,167,159
56,167,160
57,168,161
58,169,161
58,169,161
59,169,162
60,171,163
61,171,163
63,171,163
63,171,165
63,171,165
63,172,164
64,172,164
64,172,164
65,172,165
65,172,165
65,172,165
65,172,165
65,172,165
66,173,166
66,173,166
66,173,166
65,172,165
65,172,165
65,172,165
66,173,166
66,173,166
66,173,166
66,173,166
65,172,165
65,172,165
65,172,165
65,172,165
65,172,165
65,172,165
65,172,165
65,172,165
65,172,165
66,173,166
66,173,166
66,173,166
66,173,166
66,173,166
66,173,166
66,173,166
66,173,166
66,173,166
67,173,166
67,173,166
68,173,166
69,174,167
69,174,167
69,174,167
69,174,167
68,174,166
68,173,166
67,173,166
67,173,166
67,173,166
67,172,165
67,172,165
66,172,165
65,172,164
65,171,164
64,171,164
63,170,164
62,170,163
62,170,163
62,170,163
62,170,164
62,170,164
62,170,164
62,170,164
62,171,164
62,171,163
63,171,164
62,171,164
63,171,163
63,171,163
63,171,163
63,171,163
63,171,163
63,172,164
63,171,164
63,171,164
62,171,164
61,170,164
61,170,164
61,170,164
60,170,163
61,170,164
61,171,164
61,171,164
62,171,164
63,171,164
63,171,164
62,171,164
62,170,164
61,170,163
60,169,163
58,169,161
58,168,161
57,168,160
55,167,159
54,166,158
52,165,157
50,164,156
47,163,155
45,163,155
43,161,153
41,160,152
41,160,151
41,160,151
42,160,152
42,160,152
42,161,152
42,161,152
42,161,152
44,162,154
46,163,155
48,164,156
50,165,157
52,165,158
53,166,158
54,167,159
54,167,159
56,167,160
56,167,160
57,168,161
58,168,161
58,169,161
60,170,162
61,170,164
62,171,164
63,171,165
63,171,165
63,171,165
65,172,165
65,172,165
65,172,165
65,172,165
65,172,165
66,173,166
66,173,166
66,173,166
66,173,166
66,173,166
66,173,166
66,173,166
66,173,166
66,173,166
66,173,166
66,173,166
66,173,166
66,173,166
65,172,165
65,172,165
65,172,165
65,172,165
65,172,165
65,172,165
66,173,166
66,172,166
66,173,166
66,173,166
66,173,166
66,173,166
66,173,166
66,173,166
66,173,166
66,173,166
66,173,166
66,173,166
67,173,166
67,173,166
68,174,167
68,174,167
68,174,167
68,174,167
67,173,166
67,173,166
67,173,166
67,173,166
67,173,166
67,173,166
67,173,165
67,172,165
66,172,165
65,172,164
65,172,165
65,171,165
65,171,165
65,171,165
64,171,164
64,171,164
64,171,164
64,171,164
64,171,164
65,171,165
65,172,165
64,172,164
64,172,164
64,172,164
64,172,164
64,172,164
64,172,164
64,172,164
63,172,164
63,171,164
63,171,164
61,171,163
61,170,164
60,170,163
60,170,163
60,170,163
61,170,164
61,170,164
61,171,164
61,171,164
62,170,164
62,170,164
61,170,163
61,170,163
59,169,162
58,168,161
56,167,160
54,167,158
54,166,158
52,165,157
49,165,156
47,163,155
45,163,155
44,162,154
42,161,153
40,160,151
40,160,151
40,160,151
42,160,152
42,160,152
42,160,152
42,160,152
43,162,154
45,163,155
47,164,155
48,164,156
50,165,157
52,165,158
54,166,159
54,167,159
54,167,159
54,167,159
56,167,160
57,168,161
58,169,162
59,169,163
60,170,163
62,171,164
63,171,164
63,171,165
65,172,165
65,172,165
65,172,165
65,172,165
65,173,165
66,173,166
66,173,166
66,173,166
66,173,166
66,173,166
66,173,166
66,173,166
66,173,166
67,172,165
67,172,165
67,172,165
66,173,166
66,173,166
66,173,166
66,173,166
65,172,165
66,173,166
66,173,166
66,173,166
66,173,166
66,173,166
66,173,166
66,173,166
66,173,166
66,173,166
66,173,166
66,173,166
66,173,166
66,173,166
66,173,166
66,173,166
66,173,166
67,173,166
67,173,166
67,173,166
67,173,166
67,173,166
67,173,166
67,173,166
67,173,166
67,173,166
67,173,166
67,173,166
67,173,166
67,173,165
67,173,165
67,172,165
66,172,166
66,172,166
66,172,166
66,172,166
65,172,165
65,172,165
66,172,166
65,172,165
65,172,165
66,172,166
66,172,166
66,172,166
66,173,166
66,173,166
65,172,165
65,172,165
64,172,164
64,172,164
64,172,164
63,172,164
63,171,164
62,171,163
61,171,163
60,170,163
60,171,163
60,170,163
60,170,163
60,170,163
61,170,164
61,170,164
61,170,163
61,170,163
61,170,163
59,169,162
57,168,161
55,167,160
54,167,159
52,165,157
51,166,157
48,164,156
46,164,155
45,163,155
44,162,154
43,161,153
42,161,152
42,161,152
41,160,151
41,160,151
42,160,152
42,161,152
43,161,152
44,162,154
45,163,155
47,164,155
48,163,156
51,165,158
51,165,158
52,166,158
53,166,158
54,166,159
54,167,159
56,167,161
57,168,161
59,169,162
60,170,163
61,170,164
62,171,164
63,171,164
64,172,164
65,173,165
65,173,165
65,173,165
65,173,165
66,173,166
66,173,166
66,173,166
66,173,166
66,173,166
66,173,166
66,173,166
66,173,166
67,172,165
67,172,165
67,172,165
67,172,165
67,172,165
66,173,166
66,173,166
66,173,166
66,173,166
66,173,166
66,173,166
66,173,166
66,173,166
66,173,166
66,173,166
66,173,166
65,173,165
65,173,165
65,173,165
65,172,165
66,173,166
66,173,166
66,173,166
66,173,166
66,173,166
66,173,166
67,173,166
66,173,166
66,173,166
66,173,166
67,173,166
67,173,166
67,173,166
67,173,166
67,173,166
67,173,166
67,173,166
67,173,166
67,173,166
67,172,165
67,172,165
66,172,166
66,172,166
66,172,166
66,172,166
66,172,166
66,172,166
67,172,165
67,172,165
67,172,165
67,172,165
67,172,165
66,173,166
66,173,166
65,172,165
64,172,164
64,172,164
64,172,164
63,171,164
62,170,164
61,170,163
60,171,163
60,170,162
60,170,162
59,169,163
60,170,163
60,170,163
60,171,163
60,171,163
61,170,163
59,169,162
57,168,161
55,167,159
53,166,158
51,165,157
48,164,155
47,163,155
45,163,155
45,161,155
44,162,154
43,161,153
42,161,153
42,161,152
42,161,152
42,161,152
42,161,152
42,161,152
43,161,153
43,162,154
44,162,154
47,163,155
47,163,155
49,163,157
51,165,158
51,165,158
53,166,159
54,166,160
55,167,161
57,168,161
58,169,161
60,170,163
61,171,163
62,171,164
63,171,163
63,171,164
64,172,164
65,173,165
65,173,165
65,173,165
65,172,165
65,172,165
65,172,165
65,172,165
66,173,166
66,173,166
66,173,166
66,173,166
66,173,166
66,173,166
67,172,166
67,172,165
67,172,165
66,173,166
66,173,166
66,173,166
66,173,166
66,173,166
66,173,166
66,173,166
66,173,166
66,173,166
66,173,166
65,172,165
65,172,165
65,172,165
65,172,165
65,172,165
66,173,166
66,173,166
66,173,166
66,173,166
66,173,166
66,173,166
66,173,166
66,173,166
66,173,166
66,173,166
66,172,166
66,173,167
67,173,166
67,173,166
67,173,166
67,173,166
68,173,166
68,173,166
68,173,166
67,172,165
67,172,165
67,172,165
66,172,166
66,173,166
66,173,166
66,172,166
67,172,165
67,172,165
67,172,165
67,172,165
67,172,165
67,172,165
66,173,166
66,173,166
65,172,165
64,172,164
64,172,164
63,171,164
62,170,164
61,170,163
60,170,162
60,170,162
59,169,162
59,169,162
59,169,162
59,169,162
59,169,162
59,169,162
58,169,161
57,168,161
55,167,160
53,166,158
51,165,157
49,163,156
46,164,155
45,161,155
43,162,154
43,161,153
43,161,153
42,161,152
42,161,152
42,161,152
42,161,152
42,161,152
42,161,152
43,161,153
43,162,154
43,162,154
45,162,154
46,163,155
47,164,155
48,165,156
51,165,158
53,167,158
54,167,159
57,168,161
58,169,161
60,170,162
61,171,163
61,171,163
63,171,163
63,171,163
63,171,164
64,172,164
65,172,165
65,172,165
65,172,165
65,172,165
65,172,165
65,172,165
65,172,165
66,173,166
66,172,166
66,172,166
67,172,166
67,172,166
67,172,165
67,172,165
66,172,166
66,173,166
66,173,166
66,173,166
66,173,166
66,173,166
66,173,166
66,173,166
66,173,166
66,173,166
65,172,165
65,172,165
65,172,165
65,172,165
66,173,166
66,173,166
66,173,166
66,173,166
66,173,166
66,173,166
66,173,166
65,172,165
65,172,165
65,172,165
65,172,166
65,172,166
66,173,166
66,173,166
66,173,166
67,173,166
67,173,166
68,173,166
68,173,166
68,173,166
67,173,166
67,173,166
67,172,166
67,172,166
66,173,166
66,172,166
67,172,166
67,172,166
67,172,165
67,172,165
67,173,165
67,173,165
67,172,165
67,172,165
66,173,166
65,172,165
64,172,164
63,172,164
62,171,163
62,170,164
61,170,163
60,170,162
59,169,162
59,169,162
58,169,161
58,169,161
58,169,161
58,169,161
58,168,161
57,168,161
55,167,160
53,166,158
51,165,157
49,163,156
47,163,155
45,161,155
43,161,153
41,160,152
41,160,152
41,160,152
41,160,152
42,161,152
42,161,152
42,161,152
41,160,151
41,160,152
42,161,153
43,162,154
44,162,154
45,163,155
47,164,156
48,165,157
52,166,158
54,167,159
57,168,161
58,169,161
59,169,162
60,171,163
61,171,163
63,171,163
63,171,163
63,171,164
64,172,164
64,172,164
64,172,164
64,172,164
64,172,164
64,172,164
64,172,164
65,172,166
66,172,166
66,172,166
66,172,166
66,172,166
66,172,166
66,172,166
66,173,166
66,173,166
66,173,166
66,173,166
66,173,166
66,173,166
66,173,166
66,173,166
66,173,166
66,173,166
66,173,166
66,173,166
65,172,165
65,172,165
66,173,166
66,173,166
66,173,166
66,173,166
66,173,166
65,172,165
65,172,165
64,172,164
64,172,164
64,172,164
64,172,165
65,172,166
65,172,166
66,173,166
66,173,166
66,173,166
67,173,166
67,173,166
68,173,166
68,173,166
67,173,166
67,173,166
66,173,166
66,173,166
66,173,166
67,172,166
67,172,166
67,172,166
67,172,165
67,172,165
67,173,165
67,172,165
67,172,165
67,172,165
66,173,166
65,172,165
64,172,164
63,172,164
62,170,164
61,170,163
60,170,161
59,169,161
59,169,161
58,169,161
57,168,161
57,168,161
57,168,161
57,168,161
57,168,161
55,167,160
54,167,158
52,166,158
50,164,156
48,163,155
45,163,154
43,161,153
41,160,152
40,160,151
40,160,151
40,160,151
41,160,152
41,160,152
42,161,152
40,160,151
41,160,152
42,161,153
42,161,153
43,162,154
45,163,155
47,164,156
51,165,158
54,167,159
56,168,160
58,169,161
59,169,162
60,171,163
61,171,163
61,171,163
63,171,164
63,171,164
63,171,164
64,172,164
64,172,164
64,172,164
64,172,164
64,172,165
64,172,165
64,172,165
65,172,166
65,172,166
65,172,166
65,172,165
66,173,166
66,173,166
66,173,166
66,173,166
66,173,166
66,173,166
66,173,166
66,173,166
66,173,166
66,173,166
66,173,166
66,173,166
66,173,166
66,173,166
66,173,166
66,173,166
66,173,166
66,173,166
65,172,165
65,172,165
64,172,164
64,172,164
63,172,164
63,172,165
63,172,165
63,172,165
64,172,165
65,172,166
65,172,166
66,173,166
66,173,166
67,173,166
67,173,166
67,173,166
67,173,166
67,173,166
67,173,166
66,173,166
67,172,166
67,172,166
66,172,166
66,172,166
67,172,165
66,173,166
67,172,165
67,172,165
66,173,166
66,173,166
66,173,166
66,173,166
65,172,165
65,171,165
63,172,164
62,170,164
61,170,163
59,169,161
58,168,161
56,168,161
56,168,161
56,168,161
56,168,161
56,168,161
56,168,161
55,167,160
54,167,158
53,166,158
51,165,157
49,163,156
46,163,154
43,162,153
42,159,152
40,160,151
40,160,151
40,160,151
40,160,151
40,160,151
40,160,151
40,160,151
39,159,151
40,160,152
42,161,153
43,162,154
45,163,155
48,165,157
51,166,158
54,167,159
58,168,161
59,169,162
60,171,163
61,171,163
61,171,163
62,171,163
63,171,164
63,171,164
63,171,164
63,172,164
63,172,164
64,172,164
64,172,164
64,172,165
64,172,165
64,172,165
65,172,166
65,172,165
65,172,165
66,173,166
66,173,166
66,173,166
66,173,166
66,173,166
66,173,166
66,173,166
66,173,166
66,173,166
66,173,166
66,173,166
66,172,166
66,172,166
66,173,166
66,173,166
66,173,166
66,173,166
65,172,165
64,172,164
64,172,164
63,172,165
63,172,165
63,171,164
63,171,164
63,171,164
63,172,165
64,172,165
65,172,166
65,172,165
66,173,166
66,173,166
66,173,166
67,173,166
67,173,166
66,173,166
66,173,166
66,173,166
67,172,166
66,172,166
66,172,166
66,172,166
66,172,166
66,173,166
66,173,166
66,173,166
66,173,166
66,173,166
66,173,166
66,173,166
64,172,164
63,172,164
62,171,163
61,170,163
59,169,162
56,168,160
55,167,160
53,167,158
51,166,158
51,166,158
52,166,158
54,166,159
54,167,159
54,166,159
52,166,158
51,165,157
49,163,156
47,163,154
45,162,154
42,161,153
40,160,151
40,160,151
40,160,151
40,160,151
40,160,151
38,160,151
39,159,151
39,159,151
40,160,152
42,161,153
45,163,155
48,165,157
51,165,158
54,167,159
58,168,161
59,169,162
60,171,163
61,171,163
61,171,163
62,171,164
63,171,164
63,171,164
63,171,164
63,171,164
63,172,164
63,172,164
64,172,164
64,172,164
64,172,164
64,172,164
64,172,164
65,172,165
65,172,165
65,172,165
65,172,165
66,173,166
66,173,166
66,173,166
66,173,166
66,173,166
66,173,166
66,173,166
66,173,166
66,172,166
66,172,166
66,173,166
66,173,166
66,172,166
66,173,166
64,172,164
64,172,164
64,172,164
63,172,165
63,171,164
63,171,164
63,171,164
63,171,164
63,171,165
63,171,165
65,173,165
65,172,165
65,172,165
66,173,166
66,173,166
66,173,166
66,173,166
66,173,166
66,173,166
66,173,166
66,173,166
66,173,166
66,172,166
66,172,166
66,173,166
66,173,166
66,173,166
66,173,166
66,173,166
66,173,166
66,173,166
65,172,165
65,171,165
63,172,164
61,170,163
60,169,161
56,168,160
54,167,159
51,166,158
48,165,156
48,165,156
48,165,156
49,165,157
50,165,157
52,165,158
52,166,158
51,165,157
49,163,156
47,163,154
45,162,154
42,161,153
40,160,151
40,160,151
40,160,151
40,160,151
38,160,151
39,159,151
40,161,152
42,161,153
45,163,155
48,165,157
51,165,158
54,167,159
58,168,161
59,169,162
60,171,163
61,171,163
61,171,163
62,171,164
63,171,163
63,171,163
63,171,163
63,171,164
63,172,164
63,172,164
64,172,164
64,172,164
64,172,164
64,172,164
64,172,164
65,172,165
65,172,165
65,172,165
66,173,166
66,173,166
66,173,166
66,173,166
66,173,166
66,173,166
66,173,166
65,172,165
65,172,165
65,172,165
66,173,166
66,173,166
66,173,166
65,172,165
64,172,164
64,172,164
64,172,164
63,172,164
63,171,164
63,171,164
63,171,164
63,172,165
63,171,165
63,171,164
64,172,164
65,172,165
65,172,165
65,172,165
65,172,165
66,173,166
66,173,166
66,173,166
65,172,166
65,172,165
65,172,165
65,172,165
65,172,165
66,172,166
64,172,164
64,172,164
65,172,165
65,172,165
65,172,165
65,172,165
65,172,165
64,172,164
64,171,164
63,170,163
60,170,162
57,168,160
54,167,159
50,166,156
48,165,156
46,163,155
45,162,154
45,162,154
45,162,154
46,164,155
48,163,156
48,163,156
48,163,156
46,163,155
44,162,154
42,161,153
41,160,152
40,160,151
40,160,151
39,161,151
41,161,153
42,162,153
45,163,155
47,166,156
51,165,158
54,167,159
58,168,161
59,169,162
60,171,163
61,171,163
62,171,164
63,171,163
63,171,163
63,171,163
63,171,163
63,171,164
63,171,164
63,171,164
64,172,164
64,172,164
64,172,164
64,172,164
64,172,164
65,172,165
65,172,165
66,173,166
66,173,166
66,173,166
66,173,166
66,173,166
66,173,166
65,172,165
65,172,165
66,172,166
66,172,166
65,172,165
65,172,165
65,172,165
64,172,164
64,172,164
64,172,164
64,172,164
63,172,164
63,172,164
63,171,164
63,172,164
63,172,164
63,172,164
63,172,164
63,172,164
64,172,164
65,172,165
65,172,165
65,172,165
65,172,165
65,172,165
65,172,165
65,172,165
65,172,165
65,172,165
64,172,164
64,172,164
64,172,164
64,172,164
64,172,164
64,172,164
64,172,164
64,172,164
64,172,164
63,172,164
63,172,164
63,170,163
61,170,163
59,168,161
55,167,159
52,165,157
48,165,156
45,163,155
44,162,154
42,161,153
42,161,153
43,161,153
43,162,154
44,162,154
44,162,154
44,162,154
43,161,153
42,159,152
41,160,152
40,160,151
42,161,153
43,162,154
45,163,155
48,165,156
52,166,159
54,167,159
58,168,161
59,169,162
60,171,163
61,171,163
62,171,164
63,171,163
63,171,163
63,171,163
63,171,163
63,171,163
63,171,163
63,171,163
63,171,163
63,171,164
63,171,164
64,172,164
64,172,164
65,172,165
66,173,166
66,173,166
66,173,166
66,173,166
66,173,166
65,172,165
65,172,165
65,171,165
65,171,165
65,171,165
65,172,165
65,172,165
64,172,164
64,172,164
64,172,164
64,172,164
64,172,164
63,172,164
63,172,164
63,171,164
63,171,164
64,171,164
64,171,164
63,172,164
63,172,164
63,172,164
64,172,164
64,172,164
65,172,165
65,172,165
65,172,165
65,172,165
65,172,165
64,172,164
64,172,164
64,172,164
63,172,164
63,172,164
63,172,164
63,172,164
63,172,164
63,172,164
63,172,164
63,172,164
63,171,164
62,171,163
61,170,163
61,169,162
58,168,160
54,166,159
50,164,156
47,163,155
44,162,154
42,161,153
41,160,152
41,160,151
42,161,152
42,161,153
43,161,153
43,161,153
43,161,153
42,161,153
42,159,152
44,162,154
46,163,155
48,165,156
52,166,159
54,167,159
57,168,161
59,169,162
60,170,161
61,170,162
61,171,162
62,171,163
63,171,163
62,171,164
62,171,164
62,171,164
62,171,164
62,171,164
62,171,164
63,171,164
63,171,165
64,172,164
65,172,165
66,173,166
66,173,166
66,173,166
66,173,166
65,172,165
65,172,165
65,171,165
65,171,165
65,171,166
65,171,166
64,172,165
64,172,165
64,172,164
64,172,164
64,172,164
64,172,164
63,172,164
63,172,164
63,171,164
63,171,164
63,171,164
64,171,164
64,171,164
64,171,164
64,171,164
63,172,164
63,172,164
64,172,164
64,172,164
64,172,164
64,172,164
64,172,164
64,172,164
64,172,164
63,172,164
63,172,164
63,172,164
63,171,164
62,171,164
62,171,164
62,171,163
62,171,163
62,171,163
62,170,164
62,170,164
61,170,163
61,170,162
60,170,162
57,168,161
54,166,159
50,164,156
46,163,154
43,162,153
42,161,152
41,160,151
41,160,151
42,161,152
42,161,152
43,161,152
43,161,152
42,161,153
46,163,155
49,165,157
52,166,159
54,167,159
56,168,161
58,168,161
59,169,161
60,170,161
61,170,162
61,171,162
61,171,163
61,171,163
61,171,163
61,171,163
61,171,163
62,171,164
62,171,164
63,171,164
63,171,165
64,172,164
65,172,165
66,173,166
66,173,166
65,172,165
65,172,165
64,172,164
63,172,164
64,171,165
64,171,165
64,171,165
64,172,165
64,172,165
64,172,164
64,172,164
64,172,164
63,172,164
63,172,164
63,171,164
63,171,164
63,171,164
63,171,164
63,171,164
64,171,164
64,171,164
63,172,164
63,172,164
63,172,164
63,172,164
64,172,164
64,172,164
64,172,164
64,172,164
63,172,164
63,172,164
63,172,164
63,171,164
62,171,163
61,171,164
60,170,163
60,170,163
60,171,163
60,171,163
60,171,163
60,171,163
60,171,163
60,171,163
60,170,161
60,169,161
57,168,161
54,166,158
51,164,156
46,163,154
45,162,154
43,160,152
41,160,151
41,160,151
42,161,152
42,161,152
43,161,152
50,165,157
52,166,159
54,167,159
56,168,160
57,168,160
59,169,161
60,170,161
60,170,162
60,171,163
60,171,163
60,171,163
60,171,163
60,170,163
61,170,164
62,171,164
63,171,164
63,171,164
64,172,164
65,172,164
65,172,165
64,172,164
64,172,164
63,171,164
63,171,165
63,171,165
63,171,164
63,171,164
63,171,164
63,171,164
63,172,164
63,172,164
63,171,164
63,171,164
62,171,164
62,171,164
62,171,164
62,171,164
63,171,164
63,171,164
63,171,164
63,171,164
63,171,164
63,172,164
63,171,164
63,171,164
63,171,164
63,172,164
63,172,164
63,171,164
63,171,164
63,171,164
62,170,164
61,170,163
61,171,163
60,170,163
59,169,163
59,169,162
59,170,162
59,169,162
59,169,162
59,169,162
60,171,163
60,170,162
59,169,162
59,169,161
57,168,161
54,166,158
52,165,157
47,163,155
46,162,154
44,161,153
43,160,152
42,161,152
49,165,157
51,165,158
54,167,158
56,168,160
57,168,160
58,168,161
58,169,161
58,169,161
59,169,162
59,169,163
59,169,163
59,169,163
60,170,163
61,170,164
63,171,163
63,172,163
64,172,164
64,172,164
64,172,164
63,171,164
63,171,164
62,171,164
62,171,164
61,171,164
62,170,164
62,170,164
63,171,164
63,171,164
63,171,163
61,171,163
61,171,163
61,171,163
62,171,164
62,171,164
62,171,164
62,171,164
62,171,163
63,171,164
63,171,164
63,171,164
63,171,164
63,171,164
63,171,164
63,171,163
62,171,164
62,171,164
62,171,164
61,171,163
61,171,163
61,171,163
60,171,163
60,170,162
59,169,162
58,169,161
58,169,161
58,169,161
58,169,161
58,169,161
59,169,162
59,169,162
59,169,162
59,169,162
58,168,161
56,167,160
54,166,159
52,165,158
48,163,155
46,162,154
45,162,154
51,165,158
54,167,159
54,167,159
56,168,161
57,168,161
58,168,161
58,168,162
58,168,162
58,169,162
59,169,163
59,169,162
61,171,163
61,171,162
62,171,163
62,171,163
62,171,164
62,171,164
61,171,163
60,171,163
60,170,162
60,170,163
60,170,162
60,171,163
61,171,163
61,171,163
61,171,163
60,170,162
60,170,162
60,170,162
60,171,163
60,170,163
60,170,163
61,170,164
61,171,163
61,171,163
62,170,164
62,170,164
61,171,163
61,171,163
61,171,163
61,171,163
60,171,163
60,171,163
60,171,163
60,170,162
60,170,162
60,170,162
59,169,162
58,169,161
58,169,161
58,169,161
58,169,161
58,169,161
58,169,161
58,169,161
58,169,161
58,169,161
58,169,161
58,168,161
57,168,161
54,167,159
53,165,157
51,164,157
52,166,159
54,166,160
54,167,160
55,167,161
56,167,161
56,167,161
57,168,161
58,169,161
59,169,162
59,169,161
61,170,162
61,170,162
61,170,162
59,169,162
59,169,162
58,169,162
58,169,161
58,169,162
58,169,161
58,169,161
58,169,161
58,169,161
58,169,161
58,169,161
58,169,161
58,169,161
58,169,161
59,169,162
59,169,162
60,170,162
61,170,162
61,170,162
61,170,162
60,171,163
60,171,163
60,170,162
59,169,162
59,169,162
59,170,162
59,170,162
59,170,162
58,169,161
58,169,161
58,168,161
58,168,161
58,168,161
58,168,161
57,168,161
56,168,161
56,168,160
56,168,160
56,168,160
56,168,160
57,168,161
57,168,161
56,167,160
54,167,159
53,166,158
53,167,158
54,167,159
55,168,160
56,168,160
57,168,160
59,169,161
59,169,161
59,169,161
57,168,161
57,168,161
56,168,161
55,168,161
55,168,161
55,168,160
56,168,161
56,168,161
56,168,161
56,167,160
56,167,160
55,168,160
55,168,160
56,168,160
56,168,160
57,168,161
57,168,160
59,169,161
59,169,161
59,169,161
59,169,161
58,169,161
58,169,161
57,168,161
56,168,160
56,168,160
56,168,160
56,168,160
56,168,160
56,168,160
56,167,160
56,167,160
56,167,160
55,167,159
54,167,159
54,167,159
54,167,159
54,167,159
54,167,159
54,167,159
53,167,158
54,167,159
54,167,159
54,167,159
54,167,159
53,167,158
52,166,159
52,166,159
52,166,159
53,166,158
54,166,158
54,167,158
54,167,158
54,167,158
53,166,158
53,166,158
52,167,159
53,167,158
54,167,159
55,168,160
56,168,160
57,168,160
57,168,160
57,168,160
57,168,160
56,168,161
56,168,161
55,168,160
55,168,160
54,167,159
53,167,158
53,167,158
53,167,158
53,167,158
54,167,159
54,167,159
54,167,159
54,167,159
54,167,158
51,166,158
50,165,157
50,165,157
50,165,157
51,166,158
52,166,158
52,166,158
52,166,158
52,165,157
51,166,158
50,165,157
50,165,157
51,165,158
51,166,158
53,167,158
54,167,158
54,167,158
54,167,159
54,167,159
54,167,159
54,167,159
54,167,159
53,167,158
53,167,158
52,167,159
51,166,158
51,165,158
51,165,158
51,166,158
51,165,158
