L,A,B
70,174,167
60,170,163
61,171,164
61,171,164
62,171,164
63,172,165
65,172,166
66,173,167
67,174,166
69,174,167
70,174,168
71,175,168
71,175,168
71,175,168
71,175,168
71,174,168
70,174,168
70,174,167
68,174,166
68,173,165
67,173,165
66,172,165
66,172,166
65,171,165
63,172,164
65,172,165
65,172,165
66,173,166
66,173,166
67,173,166
61,171,163
61,171,163
61,171,163
60,171,163
60,171,163
60,170,163
61,171,164
61,171,164
62,171,164
63,172,165
66,173,166
68,173,167
69,174,168
70,174,168
72,175,168
72,176,168
74,176,169
74,176,169
73,176,168
73,175,168
71,175,168
71,175,168
70,174,168
70,174,167
69,173,166
68,173,165
67,173,165
67,172,165
67,172,165
66,173,166
66,173,166
66,173,165
68,174,165
68,174,166
68,174,166
68,174,166
68,173,166
67,174,166
66,173,167
60,171,163
61,171,163
63,171,164
63,171,164
64,172,164
65,172,164
65,172,164
65,172,164
65,172,164
65,172,165
65,172,165
65,173,165
66,173,166
66,173,166
68,173,166
68,173,166
70,174,168
70,175,168
72,176,168
73,176,169
74,177,170
75,176,169
75,176,169
74,176,169
74,176,169
73,176,168
73,176,168
71,175,168
71,175,167
70,174,167
70,174,167
69,174,166
69,173,166
69,173,166
69,173,166
69,174,166
69,174,166
70,174,167
71,175,167
71,175,167
71,175,167
70,174,167
69,174,167
67,173,166
66,173,167
66,173,167
67,173,166
67,174,166
68,174,167
63,172,163
63,172,163
63,172,163
64,171,163
64,172,164
66,173,165
67,173,166
68,173,165
69,173,166
69,173,166
69,174,166
69,174,166
69,174,166
69,174,166
69,174,167
69,174,167
69,174,167
70,174,168
70,175,168
71,174,168
72,175,168
73,176,169
73,176,169
75,177,169
75,177,170
76,177,169
76,177,169
76,177,169
75,176,169
74,176,169
74,176,169
73,176,169
73,176,169
72,175,167
71,175,167
71,175,167
71,175,167
71,175,167
71,175,167
72,175,167
72,175,167
72,176,168
73,176,168
73,176,168
72,175,167
72,175,167
71,174,168
70,174,167
69,173,167
68,173,166
68,173,167
68,173,166
68,174,166
69,174,167
69,174,167
69,174,167
70,175,167
65,172,164
65,172,164
65,172,164
65,172,164
66,173,165
66,173,165
67,173,166
68,174,165
68,174,166
71,175,167
71,175,167
71,175,167
71,175,167
71,175,167
71,175,167
71,175,167
71,175,167
71,175,168
71,175,168
72,175,168
72,175,168
73,176,169
73,176,169
73,176,169
75,177,169
75,177,170
76,178,170
77,178,171
77,177,170
77,177,170
77,177,170
77,177,170
77,177,170
76,177,170
74,177,170
73,176,169
73,176,169
73,176,169
72,176,168
72,176,168
72,176,168
72,176,167
73,176,168
73,176,168
73,176,168
73,176,168
74,176,169
73,176,168
73,176,168
72,175,167
71,174,168
71,174,168
69,173,166
69,173,167
69,174,167
69,174,167
70,174,167
69,174,167
69,174,167
70,175,167
70,176,168
71,175,168
71,176,168
67,172,165
68,173,165
68,173,165
68,173,165
68,174,165
68,174,165
68,174,165
68,174,166
69,174,166
70,174,167
70,175,167
72,176,168
73,176,168
73,176,168
73,176,169
74,176,169
74,176,169
74,176,169
74,176,169
74,176,169
73,176,169
73,176,169
75,177,169
75,177,170
76,178,170
76,178,170
77,178,171
77,178,171
78,178,172
78,178,172
79,179,171
79,178,171
79,178,171
79,178,171
79,178,171
78,178,171
78,178,171
76,178,170
76,177,170
75,177,170
75,177,170
73,176,169
73,176,169
73,176,169
73,176,169
74,177,170
74,177,170
74,177,169
75,177,169
75,176,169
74,176,169
74,176,169
73,176,168
73,176,168
72,175,167
71,174,168
71,174,168
71,175,167
70,174,167
70,174,167
70,174,167
70,174,168
70,174,168
71,175,168
72,175,168
72,175,168
72,175,168
72,175,168
72,175,168
66,173,166
69,173,166
70,174,167
70,174,167
70,174,167
70,174,167
70,174,167
70,174,167
70,174,167
71,175,167
72,175,167
72,176,168
73,176,168
74,177,169
75,177,169
75,177,169
75,177,170
75,177,170
75,177,170
75,177,170
76,177,170
76,177,170
77,177,171
76,178,170
77,178,171
78,178,171
79,179,172
80,179,172
80,179,172
80,179,172
80,179,172
80,179,172
80,179,172
80,179,172
80,179,171
80,179,171
80,179,171
80,179,171
79,179,172
78,178,171
78,178,171
76,178,170
76,177,170
75,177,170
75,177,170
75,177,170
75,177,170
75,177,169
75,177,169
75,177,170
76,177,169
75,177,169
75,177,169
75,176,169
74,176,169
74,176,169
73,176,168
73,176,168
73,176,168
73,176,168
73,176,168
73,176,168
73,176,168
73,176,169
73,176,169
73,176,169
73,176,169
73,175,169
72,175,168
72,175,168
71,175,168
70,174,168
68,174,166
58,169,162
62,171,164
66,173,166
70,174,167
71,175,167
72,176,168
72,176,168
73,176,168
73,176,169
73,176,169
73,176,169
73,176,169
73,176,169
73,176,168
75,177,169
76,177,169
76,177,170
76,178,170
77,177,171
77,177,171
77,177,171
78,178,171
78,178,171
78,178,171
79,179,171
79,179,172
79,179,172
80,179,172
80,179,172
80,179,172
81,180,173
81,180,173
81,180,173
82,180,172
82,180,172
82,180,172
82,180,172
81,180,172
81,180,172
80,179,172
80,179,172
80,179,172
80,179,172
79,179,172
79,179,171
79,179,171
78,178,171
78,178,171
78,178,171
78,178,171
78,178,171
78,178,171
78,178,171
78,178,171
78,178,171
77,177,171
76,177,170
75,177,170
75,176,169
74,176,169
74,176,169
74,176,169
74,177,169
74,176,169
74,176,169
74,176,170
74,176,170
74,176,170
74,176,170
74,176,169
73,176,169
73,175,169
72,175,168
71,174,168
69,174,167
68,173,166
66,173,166
64,172,164
63,171,164
54,167,160
56,168,161
61,171,164
66,173,166
70,174,168
72,175,168
73,176,169
73,176,168
73,176,169
73,176,169
73,176,169
73,176,169
73,176,169
73,176,169
75,177,170
76,177,170
76,178,170
78,178,171
78,178,171
79,179,171
79,179,172
80,179,172
80,179,172
80,179,172
80,179,172
80,179,172
80,179,172
82,180,172
82,180,172
82,180,173
82,180,173
83,180,173
83,180,173
83,180,173
83,180,173
83,180,173
82,180,172
82,180,172
82,180,172
82,180,172
82,180,172
82,180,172
82,180,173
81,180,173
80,179,172
80,179,172
80,179,172
80,179,172
79,179,172
79,179,172
79,179,172
79,179,172
79,179,172
79,179,172
79,179,172
79,179,172
79,179,172
79,179,171
78,178,171
77,177,171
77,177,171
77,177,170
77,177,170
77,177,170
76,178,170
77,177,170
77,177,170
77,177,171
77,177,171
77,177,171
75,176,169
74,176,170
74,176,170
74,176,169
72,176,168
71,174,168
68,174,166
66,173,166
65,172,165
63,171,164
61,171,163
60,171,163
60,170,163
52,166,159
55,168,161
57,168,161
61,171,163
66,173,166
70,174,168
72,175,168
73,176,169
73,176,169
73,176,169
74,177,170
75,177,169
75,177,170
75,177,170
75,177,170
76,177,170
77,177,171
78,178,171
79,179,171
79,179,172
79,179,172
80,179,172
80,179,172
80,179,172
81,180,173
82,180,173
82,180,173
82,180,173
82,180,173
83,180,173
83,180,173
83,181,174
83,181,174
84,181,174
84,181,174
84,181,174
84,181,174
84,181,174
84,181,174
84,181,173
84,181,173
84,181,173
83,181,173
83,181,174
83,181,174
83,180,173
83,180,173
83,180,173
82,180,173
82,180,173
81,179,173
81,179,173
81,179,173
81,179,173
81,179,173
80,179,172
80,179,172
80,179,172
80,179,172
80,179,172
79,179,172
79,179,172
79,179,172
79,179,172
79,179,171
79,179,171
79,179,171
79,179,171
79,179,171
79,179,171
77,177,171
77,177,171
77,177,171
77,177,171
75,176,169
74,176,170
73,176,169
72,175,168
70,174,168
68,173,165
66,172,165
63,172,164
61,171,163
60,171,163
60,170,163
59,169,163
59,169,163
56,167,161
56,167,160
57,168,161
60,170,162
63,171,164
66,173,166
70,174,168
72,176,168
73,176,169
73,176,169
75,176,169
75,177,170
75,177,170
76,177,170
77,177,171
77,177,171
78,178,171
79,179,172
79,179,172
80,179,172
80,179,172
80,179,172
80,179,172
83,180,173
83,180,173
83,180,173
83,180,173
83,181,174
84,181,174
84,181,174
84,181,174
84,181,174
85,182,174
85,182,174
86,182,174
86,182,174
86,182,174
86,182,174
86,182,174
86,182,174
85,182,174
85,182,174
85,182,174
85,182,174
85,181,174
85,181,174
84,181,174
84,181,174
84,181,174
84,181,174
84,181,174
84,181,174
83,181,174
83,181,174
83,180,173
82,180,173
82,180,173
82,180,173
82,180,173
82,180,173
82,180,173
82,180,173
82,180,173
82,180,173
82,180,172
82,180,172
82,180,172
82,180,172
82,180,172
81,180,173
80,179,172
80,179,172
79,179,172
79,179,171
78,178,171
78,178,171
77,177,171
75,177,170
74,177,170
73,176,169
71,175,167
69,174,166
67,173,165
65,172,164
62,171,164
60,171,163
60,170,163
59,169,163
59,169,163
60,170,163
60,171,163
61,170,163
61,170,163
61,170,163
62,170,164
63,171,164
65,172,165
68,173,166
70,174,168
73,176,169
73,176,169
75,176,169
75,177,170
77,177,171
78,178,171
78,178,171
79,179,171
79,179,172
79,179,172
80,179,172
80,179,172
80,179,172
80,179,172
82,180,172
83,180,173
83,180,173
84,181,174
84,181,174
85,182,174
85,182,174
85,182,174
86,182,174
86,182,174
86,182,174
86,182,176
87,182,176
87,182,175
87,182,175
87,182,175
87,182,175
87,182,175
86,182,175
86,182,175
86,182,175
85,182,174
86,182,174
86,182,174
85,182,174
85,182,174
85,182,174
85,182,174
85,182,174
85,182,174
85,182,174
85,182,174
85,182,174
85,182,174
85,182,174
84,181,174
83,181,174
83,181,174
83,181,174
84,181,174
84,181,174
84,181,174
84,181,174
83,181,174
83,180,173
83,180,173
83,180,173
83,180,173
83,180,173
82,180,173
82,180,173
81,180,173
80,179,172
80,179,172
80,179,172
79,179,172
78,178,171
77,178,171
75,177,170
74,177,170
73,176,168
71,175,167
69,173,166
68,172,165
65,172,164
62,171,163
60,171,163
60,170,162
59,169,163
60,170,163
60,171,163
61,171,163
61,170,164
64,172,164
65,172,164
66,172,165
66,172,165
67,172,166
67,173,166
68,173,166
70,174,168
72,175,168
73,176,169
75,177,169
76,177,170
77,177,171
78,178,171
79,179,171
80,179,172
80,179,172
81,180,172
81,180,172
81,180,172
81,180,173
82,180,173
82,180,173
83,180,173
84,181,174
85,182,174
85,182,174
85,182,174
85,182,174
85,182,174
85,182,174
86,182,175
86,182,175
87,182,175
87,182,175
88,183,176
88,183,176
88,183,176
88,183,176
88,183,176
88,183,176
88,183,176
88,183,176
88,183,176
87,182,175
86,182,175
86,182,175
86,182,175
86,182,174
86,182,174
86,182,174
86,182,175
86,182,175
86,182,175
86,182,174
86,182,174
86,182,174
86,182,174
86,182,174
86,182,174
86,182,174
86,182,174
86,182,174
85,182,174
86,182,174
86,182,174
85,182,174
85,182,174
85,181,174
84,181,174
84,181,174
84,181,174
84,181,174
84,181,174
83,180,173
82,180,173
82,180,172
81,180,173
80,179,172
80,179,172
79,179,172
79,179,171
77,178,171
75,177,170
74,177,169
73,176,168
71,174,168
69,173,166
68,172,165
66,172,165
63,171,164
62,171,163
61,170,163
61,170,163
60,171,163
61,171,163
61,170,164
61,171,164
61,171,164
64,172,164
65,173,165
66,173,166
67,173,166
69,173,166
70,174,167
71,174,168
71,175,168
72,176,168
73,176,169
75,176,169
76,177,170
77,177,171
79,179,171
79,179,172
80,179,172
80,179,172
82,180,172
82,180,172
83,180,172
83,180,172
84,181,173
84,181,174
84,181,174
84,181,174
85,182,174
85,182,174
85,182,174
86,182,175
86,182,175
86,182,175
86,182,175
87,182,175
87,183,175
88,183,176
88,183,176
88,183,176
88,183,176
88,183,176
88,183,176
88,183,176
88,183,176
88,183,176
88,183,176
88,183,176
88,183,176
88,183,176
87,183,175
87,183,175
86,182,175
86,182,175
86,182,175
86,182,175
86,182,175
86,182,175
86,182,175
86,182,175
86,182,175
86,182,175
86,182,175
86,182,175
86,182,175
86,182,175
86,182,175
86,182,175
86,182,175
86,182,175
86,182,175
86,182,175
86,182,174
86,182,174
85,182,174
85,182,174
85,182,174
85,182,174
85,182,174
85,181,174
83,181,174
83,180,173
82,180,173
82,180,173
82,180,172
80,179,172
80,179,172
79,179,172
78,178,171
77,177,170
75,177,169
74,176,169
72,175,167
69,173,166
68,172,166
66,172,165
65,171,165
63,170,163
63,170,163
62,170,164
62,170,164
61,171,163
61,171,163
63,171,163
63,171,165
63,171,165
65,172,165
66,173,166
67,174,166
68,174,166
69,174,167
70,175,168
71,175,168
73,175,169
74,176,169
75,176,169
76,177,170
77,177,171
78,178,171
79,179,171
80,179,172
80,179,172
82,180,173
82,180,172
83,180,172
84,181,173
84,181,173
84,181,173
84,181,174
84,181,174
85,182,174
85,182,174
86,182,175
86,182,175
87,182,175
87,182,175
87,182,175
87,183,175
87,183,175
88,183,176
88,183,176
88,183,176
88,183,176
88,183,176
88,183,176
88,183,176
88,183,176
88,183,176
88,183,176
88,183,176
88,183,176
88,183,176
88,183,176
88,183,176
88,183,176
87,183,175
87,182,175
86,182,175
86,182,175
86,182,175
86,182,175
86,182,175
86,182,175
86,182,175
87,183,175
87,183,175
87,183,175
87,182,175
87,182,175
87,182,175
87,182,175
87,183,175
87,183,175
87,183,175
87,183,175
87,182,175
86,182,175
86,182,175
86,182,175
86,182,175
86,182,175
86,182,175
86,182,174
86,182,174
85,182,174
83,181,174
83,180,173
83,180,173
83,180,173
82,180,173
82,180,172
80,179,172
80,179,172
79,179,171
78,178,171
77,177,170
75,177,169
74,176,169
72,175,167
69,173,166
67,172,165
66,172,165
65,171,164
65,171,164
65,171,165
63,172,164
63,172,164
64,172,164
64,172,164
64,172,165
64,172,165
68,173,165
68,173,166
68,173,166
68,174,166
69,174,167
69,175,167
70,176,168
72,175,168
73,176,169
74,177,170
75,177,170
77,177,171
78,178,171
79,179,172
80,179,172
80,179,172
80,179,172
82,180,173
82,180,173
83,180,173
84,181,174
84,181,174
85,182,174
85,182,174
85,182,174
85,182,174
86,182,175
86,182,175
87,182,175
87,182,175
87,182,175
87,183,175
87,183,175
88,183,176
88,183,176
88,183,176
88,183,176
88,183,176
88,183,176
89,183,177
89,183,177
89,183,177
89,183,176
89,183,176
89,183,176
89,183,176
88,183,176
88,183,176
88,183,176
88,183,176
88,183,176
87,183,175
87,183,175
87,183,175
86,182,175
86,182,175
86,182,175
86,182,175
86,182,175
87,183,175
87,183,175
87,183,176
87,183,176
87,183,176
87,183,175
87,183,175
87,183,175
88,183,176
88,183,176
88,183,176
88,183,176
88,183,176
87,183,175
87,183,175
87,182,175
87,182,175
87,182,175
87,182,175
87,182,175
86,182,175
86,182,174
85,182,174
85,181,174
84,181,174
83,181,174
83,180,173
83,180,173
82,180,173
82,180,172
81,179,172
80,179,171
80,179,171
78,178,170
77,177,170
75,177,169
73,176,168
71,175,167
69,173,166
67,173,165
67,173,165
67,172,165
66,172,166
65,172,165
65,171,165
64,172,164
64,172,164
64,172,165
64,172,165
64,172,165
70,174,167
69,174,166
70,174,167
70,174,167
69,174,167
69,174,167
70,176,168
71,176,168
73,176,169
75,177,169
75,177,170
78,178,171
79,179,171
79,179,172
80,179,172
80,179,172
82,180,172
82,180,174
83,180,174
83,180,173
84,181,174
85,181,174
86,182,174
86,182,174
85,182,174
86,182,175
86,182,175
87,182,175
87,182,175
87,182,175
87,182,175
87,182,175
87,183,175
88,183,176
88,183,176
88,183,176
88,183,176
88,183,176
88,183,176
88,183,176
89,183,177
89,183,176
89,183,176
89,183,176
89,183,176
89,183,176
89,183,176
88,183,176
88,183,176
88,183,176
88,183,176
88,183,176
87,183,175
87,183,175
87,183,175
87,182,175
86,182,175
86,182,175
87,182,175
87,183,175
87,183,175
87,183,175
87,183,175
87,183,176
87,183,176
87,183,175
87,183,175
88,183,176
88,183,176
88,183,176
88,183,176
88,183,176
88,183,175
88,183,175
88,183,175
88,183,175
88,183,176
88,183,175
88,183,175
87,182,176
87,182,175
87,182,175
86,182,175
86,182,174
85,182,174
85,182,174
84,181,174
84,181,174
83,181,174
83,181,173
83,180,173
82,180,173
81,179,172
81,179,172
80,179,171
77,177,170
76,177,169
73,176,168
71,175,167
70,174,167
68,174,166
68,174,166
68,173,166
68,173,165
68,173,166
67,173,166
65,172,165
65,172,165
64,172,165
64,172,165
64,172,165
72,175,167
72,175,167
71,175,168
70,174,168
70,174,168
69,174,167
70,174,168
71,175,168
72,175,168
73,176,169
75,177,169
76,178,170
78,178,171
79,179,172
80,179,172
81,180,173
82,180,172
82,180,172
82,180,174
83,180,174
83,181,174
84,181,175
85,181,174
85,182,174
86,182,174
86,182,174
86,182,175
87,182,175
86,183,176
86,183,176
86,183,176
87,182,176
87,182,175
87,182,175
87,182,176
88,183,176
88,183,176
88,183,176
88,183,176
88,183,176
88,183,176
89,183,177
89,183,177
90,183,176
90,183,176
90,183,176
90,183,176
89,183,176
89,183,176
88,183,176
88,183,176
88,183,176
88,183,176
88,183,176
87,183,175
87,183,175
87,183,175
87,182,175
87,182,175
87,182,175
87,182,175
87,183,175
88,183,176
88,183,176
88,183,176
87,183,175
87,183,175
87,183,175
88,183,176
88,183,176
88,183,176
88,183,176
88,183,176
88,183,176
88,183,176
88,183,176
88,183,176
88,183,176
88,183,176
88,183,176
88,183,176
88,183,176
88,183,175
87,183,175
87,182,175
87,182,175
86,182,175
86,182,175
86,182,174
85,182,174
85,182,174
85,181,174
84,181,174
83,181,173
83,180,173
82,180,173
81,179,172
80,179,171
77,177,170
76,177,169
73,176,168
71,175,167
70,174,168
70,174,167
70,174,167
70,174,167
69,173,166
69,173,166
68,173,165
67,173,165
66,173,166
66,173,166
66,173,166
66,173,166
66,173,167
72,176,168
72,175,168
72,175,168
72,175,168
71,175,168
71,175,168
71,175,168
72,175,168
73,176,169
73,176,169
75,177,170
76,178,170
79,179,171
79,179,172
81,180,173
82,180,172
82,180,172
82,180,173
82,180,173
83,180,174
83,181,174
84,181,175
84,181,175
85,181,174
85,182,174
86,182,174
86,182,175
87,182,175
87,182,175
87,183,176
87,183,176
87,183,176
87,183,176
87,183,176
87,182,176
88,183,176
88,183,176
89,183,176
89,183,176
88,183,176
88,183,176
89,183,177
89,183,177
90,183,176
90,183,176
90,183,176
90,183,176
90,183,176
90,183,176
89,183,176
89,183,176
88,183,176
88,183,176
88,183,176
88,183,176
87,183,175
87,183,175
87,183,175
87,182,175
87,182,175
87,182,175
87,183,175
88,183,176
88,183,176
88,183,176
88,183,176
88,183,176
88,183,176
88,183,176
88,183,176
88,183,176
88,183,176
88,183,176
88,183,176
88,183,176
88,183,176
88,183,176
88,183,176
89,183,176
89,183,176
89,183,176
89,183,176
89,183,176
88,183,176
88,183,176
88,183,176
87,183,175
87,182,175
87,182,175
87,182,175
86,182,175
86,182,174
86,182,174
85,182,174
85,182,174
84,181,173
83,181,173
82,180,173
81,179,172
80,179,171
77,177,170
75,177,169
73,176,168
72,176,168
71,175,168
71,174,168
71,174,168
71,174,167
71,174,167
71,174,167
70,174,167
69,174,166
68,174,166
66,173,166
66,173,166
67,174,166
67,174,166
73,176,168
72,176,168
72,176,168
72,176,168
72,175,168
72,175,168
71,176,168
72,175,168
72,176,168
73,176,169
75,177,170
76,178,170
78,178,171
79,179,172
80,179,172
82,180,172
82,180,172
82,180,173
82,180,173
83,180,173
84,181,174
84,181,175
84,181,175
84,181,175
84,181,175
85,182,175
86,182,175
86,182,174
87,182,175
87,183,175
87,183,175
87,183,175
87,183,176
87,183,176
87,183,176
87,183,176
88,183,176
89,183,176
89,183,176
89,183,176
89,183,176
89,183,176
89,183,177
89,183,177
90,183,176
90,183,176
90,183,176
90,183,176
90,183,176
90,183,176
90,183,176
89,183,176
89,183,176
88,183,176
88,183,176
88,183,176
88,183,176
88,183,176
87,183,175
87,183,175
87,182,175
87,182,175
87,182,175
87,183,175
88,183,176
88,183,176
88,183,176
88,183,176
88,183,176
88,183,176
88,183,176
88,183,176
88,183,176
88,183,176
88,183,176
88,183,176
89,183,177
89,183,177
89,183,177
89,183,177
90,183,177
90,183,176
90,183,176
90,183,176
89,184,176
89,183,176
89,183,176
88,183,176
88,183,176
88,183,176
88,183,176
88,183,176
88,183,176
87,182,175
87,182,175
86,182,174
86,182,174
85,182,174
85,182,174
83,181,173
82,180,173
81,179,172
79,178,171
77,177,170
75,177,169
73,176,169
73,176,169
73,175,169
73,175,168
73,175,167
73,175,167
72,175,167
72,175,167
71,175,167
71,175,167
70,174,167
68,174,166
68,173,166
68,173,166
68,173,166
68,173,166
73,176,168
72,176,168
72,176,168
72,176,168
72,176,168
72,175,168
72,176,168
72,176,168
73,176,169
75,177,169
76,177,170
77,178,171
79,179,171
79,179,172
80,179,172
82,180,172
82,180,172
82,180,173
83,180,173
84,181,174
84,181,174
84,181,174
84,181,175
84,181,175
84,181,175
84,181,175
85,182,175
85,182,175
86,182,175
87,182,175
87,183,175
88,183,176
88,183,176
88,183,176
88,183,176
88,183,176
88,183,176
88,183,176
89,183,176
89,183,176
90,183,176
90,183,176
90,183,176
90,183,176
90,183,176
90,183,176
90,183,176
90,183,176
90,183,176
90,183,176
90,183,176
90,183,176
90,183,176
89,183,176
88,183,176
88,183,176
88,183,176
88,183,176
88,183,176
87,183,175
87,183,175
87,182,175
87,182,175
87,182,175
87,183,175
88,183,176
88,183,176
88,183,176
88,183,176
88,183,176
88,183,176
88,183,176
88,183,176
89,183,177
89,183,177
89,183,177
89,183,177
89,183,177
89,183,177
89,183,177
90,183,177
90,183,177
90,183,176
90,183,176
90,183,176
89,184,176
89,184,176
89,184,176
89,184,176
89,184,176
89,184,176
89,184,176
89,184,176
89,183,176
88,183,176
88,183,176
87,182,175
86,182,175
86,182,174
86,182,174
85,182,174
83,181,173
82,180,173
80,179,171
79,178,171
77,177,170
75,177,170
74,177,170
73,176,169
74,176,169
74,176,169
74,176,169
73,175,168
73,176,168
73,176,168
72,175,167
71,175,167
70,174,167
70,174,167
68,173,166
68,173,166
68,173,166
68,173,166
73,176,168
72,176,168
72,176,168
72,176,168
72,176,168
72,176,168
72,176,168
73,176,169
74,177,170
76,177,170
77,178,171
78,178,172
79,179,172
80,179,172
80,179,172
82,180,172
82,180,173
82,180,173
83,180,173
83,181,174
84,181,174
84,181,174
84,181,175
84,181,175
84,181,175
84,181,175
84,181,175
85,182,175
85,182,175
86,182,176
87,182,175
87,183,175
88,183,176
88,183,176
88,183,176
88,183,176
88,183,176
88,183,176
89,183,177
90,183,176
90,183,176
90,183,176
90,183,176
90,183,176
90,183,176
90,183,176
90,183,176
90,183,176
90,183,176
90,183,176
90,183,176
90,183,176
90,183,176
89,183,176
89,183,176
88,183,176
88,183,176
88,183,176
88,183,176
88,183,176
87,183,175
87,182,175
87,182,175
87,182,175
87,182,175
87,183,175
88,183,176
88,183,176
88,183,176
88,183,176
88,183,176
88,183,176
89,183,176
89,183,176
89,183,177
89,183,177
89,183,177
89,183,177
89,184,177
89,184,177
90,183,177
90,183,177
90,183,177
90,184,178
91,184,176
91,184,176
91,184,177
91,184,177
91,184,177
91,184,177
91,184,177
91,184,177
91,184,177
90,184,177
89,184,176
89,184,176
89,183,176
88,183,176
88,183,176
87,182,175
86,182,175
86,182,174
85,182,174
83,181,173
81,180,172
80,179,171
78,178,171
77,177,171
75,177,170
75,177,169
74,177,170
73,176,169
73,176,168
73,176,168
74,176,169
74,176,169
73,176,168
73,175,168
71,175,167
70,174,168
70,174,167
68,173,166
68,173,166
68,173,166
68,173,166
71,175,167
72,176,168
72,176,167
72,176,167
72,176,168
72,176,168
72,176,168
74,176,170
76,177,170
77,178,171
78,178,171
79,179,172
80,179,172
80,179,172
81,180,173
82,180,173
82,180,173
83,180,173
83,180,173
83,181,174
84,181,174
84,181,174
84,181,174
84,181,175
84,181,175
84,181,175
84,181,175
84,181,175
85,182,175
85,182,175
86,182,175
86,182,176
87,183,175
88,183,176
88,183,176
88,183,176
89,183,177
89,183,177
89,183,177
89,183,177
90,183,176
90,183,176
90,183,176
90,183,176
90,183,176
90,183,176
90,183,176
90,183,176
90,183,176
90,183,176
90,183,176
90,183,176
90,183,176
90,183,176
89,183,176
88,183,176
88,183,176
88,183,176
88,183,176
88,183,176
88,183,176
87,182,175
87,182,175
87,182,175
87,182,175
87,182,175
87,183,175
88,183,176
88,183,176
88,183,176
88,183,176
88,183,176
89,183,176
89,183,176
89,183,176
89,183,177
89,183,176
89,183,177
89,184,177
89,184,177
90,183,177
90,183,177
90,184,178
91,184,177
91,184,177
91,184,177
91,184,177
91,184,177
91,184,177
91,184,177
91,184,177
91,184,176
91,184,176
91,184,176
91,184,176
91,184,176
90,184,177
90,183,176
89,183,176
88,183,176
88,183,175
87,182,175
86,182,175
86,181,175
85,182,174
83,180,173
80,179,172
80,179,172
78,178,171
77,177,171
76,177,170
75,177,170
75,177,170
75,177,170
75,177,169
75,177,169
74,176,169
74,176,169
73,176,168
73,175,169
71,175,168
70,174,168
70,174,167
68,174,166
68,173,166
68,173,166
68,174,166
69,174,166
70,174,167
71,175,168
72,175,167
72,176,167
72,176,168
72,176,168
74,176,170
76,177,170
78,179,171
79,179,172
80,179,172
80,179,172
80,179,172
81,180,173
82,180,173
82,180,173
83,180,173
83,180,173
83,180,173
83,181,174
83,181,174
84,181,174
84,181,175
84,181,175
84,181,175
84,181,175
84,181,175
84,181,175
85,182,175
85,182,175
85,182,175
86,182,175
87,183,175
88,183,176
88,183,176
88,183,176
89,183,177
89,183,177
89,183,177
89,183,177
90,183,176
90,183,176
90,183,176
90,183,176
90,183,176
90,183,176
90,183,176
90,183,176
90,183,176
90,183,176
90,183,176
90,183,176
90,183,176
90,183,176
89,183,176
88,183,176
88,183,176
88,183,176
88,183,176
88,183,176
87,182,175
87,182,175
87,182,175
87,182,175
87,182,175
87,182,175
87,183,175
87,183,175
88,183,176
88,183,176
88,183,176
88,183,176
89,183,176
89,183,176
89,184,176
89,184,177
89,184,176
89,184,177
90,184,177
90,184,177
90,184,178
90,184,178
91,184,177
91,184,177
91,184,177
91,184,177
91,184,177
90,184,177
90,184,177
90,184,177
91,184,177
91,184,177
91,184,177
91,184,177
91,184,177
91,184,177
91,184,176
90,184,177
89,183,176
89,183,176
88,183,176
87,182,176
87,182,175
86,182,175
86,181,175
83,181,174
82,180,173
80,179,172
79,179,172
78,178,171
77,177,171
76,177,170
76,177,170
76,177,170
76,177,169
76,177,169
75,177,170
74,176,170
74,176,170
74,176,169
73,175,169
72,175,168
71,175,167
70,174,167
68,173,166
68,173,166
68,173,166
68,174,166
68,174,165
68,174,166
68,174,166
69,174,166
70,174,168
71,175,168
72,176,168
72,176,168
74,176,170
76,177,170
78,179,171
79,179,172
80,179,172
81,180,173
81,180,173
82,180,172
82,180,173
82,180,173
83,180,173
83,181,174
83,180,173
83,180,173
83,180,173
83,180,173
83,180,174
83,181,174
83,181,174
83,181,174
84,181,175
84,181,175
84,181,175
84,181,175
85,182,175
85,182,175
86,182,175
87,182,175
87,183,175
88,183,176
88,183,176
89,183,177
89,183,177
89,183,177
89,183,177
90,183,176
90,183,176
90,183,176
90,183,176
90,183,176
90,183,176
90,183,176
89,183,177
89,183,177
89,183,177
90,183,176
90,183,176
90,183,176
90,183,176
88,183,176
88,183,176
88,183,176
88,183,176
88,183,176
87,182,175
87,182,175
87,182,175
86,182,175
86,182,175
86,183,176
86,183,176
87,183,176
87,183,176
88,183,176
88,183,176
88,183,176
89,183,176
89,183,176
89,184,176
89,184,176
89,184,177
90,184,177
90,184,177
90,184,177
90,184,177
91,184,177
91,184,177
91,184,177
91,184,177
91,184,177
91,184,177
91,184,177
91,184,177
91,184,177
91,184,177
91,184,177
91,184,177
91,184,177
91,184,177
91,184,177
91,184,177
91,184,176
90,184,177
90,183,176
89,183,176
89,183,176
88,183,175
87,182,176
87,182,175
86,182,175
85,181,174
83,180,173
82,180,173
80,179,172
79,179,172
78,178,171
78,178,171
77,177,171
77,177,171
77,177,170
77,177,170
77,177,170
76,177,170
75,176,169
74,176,170
74,176,170
73,176,168
72,175,167
71,175,167
70,174,167
70,174,167
69,174,167
68,174,166
69,174,167
69,174,167
68,174,166
68,174,166
68,174,166
68,174,166
69,175,167
70,174,168
71,175,168
72,176,168
73,176,169
76,177,170
78,179,171
80,179,171
81,180,173
82,180,172
82,180,172
82,180,173
82,180,173
83,180,173
83,181,174
83,181,174
83,181,174
83,180,173
83,180,173
83,180,173
83,180,174
83,180,174
83,180,174
82,180,174
82,180,174
83,180,174
84,181,175
84,181,175
84,181,175
84,181,175
85,182,175
86,182,174
86,182,175
87,182,175
87,183,175
88,183,176
88,183,176
89,183,177
89,183,177
89,183,177
89,183,177
89,183,176
89,183,176
90,183,176
90,183,176
89,183,177
89,183,177
89,183,177
89,183,177
89,183,177
89,183,176
89,183,176
89,183,176
89,183,176
88,183,176
88,183,176
88,183,176
88,183,176
87,183,175
87,182,175
87,182,175
87,182,175
86,182,175
86,182,175
86,183,176
86,183,176
87,183,176
87,183,176
88,183,176
88,183,176
88,183,176
89,183,177
89,184,176
89,184,176
89,184,176
90,184,177
91,184,177
91,184,177
91,184,177
90,184,177
91,184,177
91,184,177
91,184,177
91,184,177
91,184,177
91,184,177
91,184,177
91,184,177
91,184,177
91,184,177
91,184,177
91,184,177
91,184,177
91,184,177
91,184,177
91,184,177
91,184,177
90,184,177
90,183,176
90,183,177
89,183,176
89,183,176
88,182,175
87,182,176
87,182,175
86,181,175
84,181,174
83,180,173
82,180,173
80,179,172
79,179,172
79,179,172
79,179,171
79,179,171
79,178,171
78,178,171
77,177,170
77,177,170
77,177,171
76,177,170
74,176,169
74,176,169
74,176,169
73,175,168
72,175,167
71,175,168
70,174,167
69,174,167
69,174,167
69,174,167
69,174,167
71,175,167
70,175,167
69,174,166
68,174,166
68,174,166
69,175,167
71,175,168
72,176,168
73,176,169
76,177,170
78,178,172
80,179,172
82,180,172
82,180,173
83,180,173
83,180,173
83,180,173
83,180,173
83,181,174
83,181,174
83,181,174
83,181,174
83,180,173
83,180,173
83,180,174
82,180,174
82,180,174
82,180,174
82,180,174
82,180,174
82,180,174
83,180,174
83,180,174
84,181,175
84,181,175
84,181,175
85,182,175
86,182,174
86,182,174
86,182,175
87,182,176
88,183,176
88,183,176
89,183,177
89,183,177
89,183,177
89,183,176
89,183,176
90,183,176
90,183,176
89,183,177
89,183,177
89,183,177
89,183,177
89,183,177
89,183,177
89,183,176
89,183,176
88,183,176
88,183,176
88,183,176
88,183,176
87,183,175
87,182,175
87,182,175
87,182,175
87,182,175
86,182,175
86,182,175
86,182,175
86,183,176
87,183,176
88,183,176
88,183,176
88,183,176
89,183,177
89,183,177
89,184,177
89,184,177
90,184,177
90,184,177
91,184,177
91,184,177
91,184,177
90,184,177
91,184,177
91,184,177
91,184,177
91,184,177
91,184,177
91,184,177
91,184,177
91,184,177
91,184,177
91,184,177
91,184,177
91,184,177
91,184,177
91,184,177
91,184,177
91,184,177
91,184,177
91,184,176
90,183,176
90,183,176
89,183,176
89,183,176
89,183,176
88,183,175
87,182,176
86,182,175
85,182,174
84,181,174
83,180,173
82,180,173
80,179,172
80,179,172
79,179,172
79,179,171
79,179,171
79,178,171
79,178,171
78,178,171
77,177,170
77,177,170
77,177,170
77,177,170
75,176,169
74,176,169
74,176,169
72,175,167
71,175,167
70,174,168
69,174,167
69,174,167
69,174,167
69,174,167
72,175,167
72,175,167
72,175,167
71,175,168
71,175,168
71,175,168
72,175,168
72,176,168
75,177,169
76,177,170
78,178,172
80,179,172
82,180,172
83,180,173
84,181,174
84,181,174
84,181,174
84,181,174
84,181,174
84,181,174
84,181,174
84,181,174
83,181,174
83,181,174
83,180,173
83,180,173
82,180,174
82,180,174
82,180,174
82,180,174
82,180,174
82,180,173
82,180,173
82,180,174
82,180,174
83,180,174
84,181,175
84,181,175
85,182,175
85,182,175
85,182,175
86,183,176
87,183,176
88,183,176
88,183,176
89,183,177
89,183,176
89,183,176
89,183,176
90,183,176
90,183,176
89,183,177
89,183,177
89,183,177
89,183,177
89,183,177
89,183,177
89,183,176
88,183,176
88,183,176
88,183,176
88,183,176
87,183,175
87,182,175
87,182,175
87,182,175
87,182,175
86,182,175
86,182,175
86,182,175
86,183,176
87,183,175
88,183,176
88,183,176
88,183,176
88,183,176
89,183,177
89,183,177
89,184,177
90,184,177
90,184,177
90,184,177
91,184,177
91,184,177
90,184,177
90,184,177
90,184,177
91,184,177
91,184,177
91,184,177
91,184,177
91,184,177
91,184,177
91,184,177
91,184,177
91,184,177
91,184,177
91,184,177
91,184,177
91,184,177
91,184,177
91,184,177
90,184,177
91,184,177
91,184,176
90,183,176
90,183,176
89,183,176
89,183,176
89,183,176
88,183,175
87,182,176
86,182,175
85,182,174
84,181,174
83,181,174
82,180,173
82,180,173
80,179,172
80,179,172
80,179,171
80,179,171
79,178,171
79,178,171
78,178,171
78,178,171
78,178,171
78,178,171
78,178,171
77,177,170
75,176,169
74,176,169
73,175,168
71,175,167
70,174,167
69,174,167
69,174,167
69,174,167
69,174,167
73,176,168
73,176,168
73,176,168
73,176,168
73,176,168
74,177,170
74,177,170
75,176,169
76,177,170
78,178,171
79,179,172
80,179,172
82,180,172
83,181,174
84,181,174
84,181,174
84,181,174
84,181,174
85,182,174
85,182,174
85,182,174
84,181,174
84,181,174
84,181,174
84,181,174
83,180,173
83,180,173
82,180,174
82,180,174
82,180,173
82,180,173
82,180,173
82,180,173
82,180,173
82,180,173
82,180,173
82,180,174
82,180,174
83,181,174
84,181,175
85,182,175
85,182,175
85,182,175
86,183,176
87,183,176
88,183,176
89,183,176
89,183,176
89,183,176
89,183,176
89,183,177
89,183,177
89,183,177
89,183,177
89,183,177
89,183,177
89,183,177
89,183,177
88,183,176
88,183,176
88,183,176
88,183,176
88,183,176
87,183,175
87,182,175
87,182,175
87,182,175
87,182,175
86,182,175
86,182,175
86,182,175
87,182,175
88,183,176
88,183,176
88,183,176
88,183,176
89,183,177
89,183,177
89,183,177
89,183,177
89,184,177
90,184,177
90,184,177
91,184,177
91,184,177
90,184,177
90,184,177
90,184,177
90,184,177
90,184,177
90,184,177
91,184,177
91,184,177
90,184,177
91,184,177
91,184,177
91,184,177
91,184,177
91,184,177
91,184,177
91,184,177
91,184,177
91,184,177
91,184,177
91,184,177
91,184,177
90,183,176
90,183,176
90,183,176
90,183,176
89,183,175
88,183,176
88,183,175
87,182,175
86,182,175
85,182,174
84,181,174
83,181,173
83,180,172
82,180,172
82,180,172
80,179,172
80,179,172
80,179,171
79,178,171
78,178,171
78,178,171
78,178,171
78,178,171
78,178,171
78,178,171
76,177,170
75,176,169
74,176,169
73,175,168
70,174,167
70,174,167
69,174,167
69,174,167
69,174,167
70,174,168
73,176,168
73,176,168
73,176,169
73,176,169
74,176,170
76,177,169
77,177,170
79,179,171
79,179,171
79,179,172
79,179,172
82,180,172
82,180,173
83,181,174
84,181,174
85,182,174
85,182,174
86,182,174
86,182,174
86,182,174
86,182,174
85,182,173
85,182,174
85,182,174
84,181,174
84,181,174
84,181,174
83,180,173
83,180,173
83,180,174
83,180,173
82,180,173
82,180,173
82,180,173
82,180,173
82,180,174
82,180,174
82,180,174
82,180,174
83,180,174
84,181,175
84,181,175
85,182,175
85,182,175
86,182,175
87,183,176
89,183,176
89,183,176
89,184,176
90,183,176
90,183,176
90,183,176
90,183,176
89,183,177
89,183,177
89,183,177
89,183,177
89,183,177
88,183,176
88,183,176
88,183,176
88,183,176
88,183,176
87,183,175
87,182,175
87,182,175
87,182,175
87,182,175
87,182,175
86,182,175
86,182,175
87,182,175
88,183,176
88,183,176
88,183,176
89,183,176
89,183,176
89,183,177
89,183,177
89,183,177
89,183,177
89,183,177
89,184,177
90,184,177
91,184,177
91,184,177
90,184,177
90,184,177
90,184,177
90,184,177
90,184,177
90,184,177
91,184,177
90,184,177
90,184,177
90,184,177
90,184,177
90,184,177
91,184,177
91,184,177
91,184,177
92,185,178
92,185,178
91,184,177
91,184,177
91,184,177
91,184,177
91,184,177
90,183,176
90,183,176
90,183,176
89,183,175
89,183,176
88,183,176
88,183,176
87,182,175
86,182,175
86,182,174
85,181,174
83,181,173
83,180,172
82,180,172
82,180,172
80,179,172
80,179,172
80,179,171
79,179,171
78,178,171
78,178,171
78,178,171
78,178,171
78,178,170
77,177,170
76,176,169
74,176,168
73,175,167
71,175,167
70,174,167
70,174,167
70,174,167
70,174,168
70,174,168
71,175,168
73,176,168
73,176,169
73,176,169
74,177,170
75,177,169
77,177,171
78,178,171
79,178,171
80,179,172
80,179,172
82,180,173
82,180,173
83,180,173
84,181,174
85,182,174
85,181,175
85,182,174
85,182,174
86,182,174
86,182,174
86,182,174
86,182,174
85,182,174
85,182,174
85,182,174
85,182,174
84,181,174
84,181,174
84,181,174
84,181,174
83,181,174
83,180,173
83,180,173
83,180,173
82,180,173
82,180,173
82,180,173
82,180,173
82,180,174
82,180,174
83,181,174
84,181,175
84,181,175
85,182,175
85,182,175
86,183,176
88,183,176
89,183,176
89,184,176
89,184,175
90,183,176
90,183,176
90,183,176
90,183,176
90,183,176
90,183,177
89,183,177
89,183,177
89,183,177
88,183,176
88,183,176
88,183,176
88,183,176
88,183,176
87,182,175
87,182,175
87,182,175
87,182,175
87,182,175
87,182,175
87,182,175
87,182,175
88,183,176
88,183,176
89,183,176
89,183,176
89,183,176
89,183,176
89,183,177
89,183,177
88,183,176
88,183,176
89,183,177
89,183,177
89,184,177
90,184,177
90,184,177
90,184,177
90,184,177
90,184,177
90,184,177
90,184,177
90,184,177
90,184,177
90,184,177
90,184,177
90,184,177
91,184,177
91,184,177
91,184,177
92,184,178
92,185,178
92,185,178
92,185,178
92,185,178
91,184,177
91,184,177
91,184,177
91,184,177
90,183,176
90,183,176
90,183,176
89,183,176
89,183,176
88,183,176
88,183,176
87,183,175
86,182,175
86,182,174
85,182,174
84,181,173
83,181,174
82,180,172
82,180,172
81,180,172
80,179,172
80,179,171
79,179,171
78,178,172
78,178,172
78,178,172
78,178,171
78,178,171
77,177,170
76,176,169
74,176,168
72,174,167
70,174,167
70,174,167
70,174,167
70,174,168
70,174,168
70,175,168
71,175,168
72,176,168
73,176,169
73,176,169
73,176,169
73,176,169
75,177,170
76,178,170
78,178,171
79,179,172
80,179,172
82,180,172
82,180,173
83,181,174
84,181,174
85,182,174
85,182,174
85,182,175
85,181,175
85,181,175
85,182,174
86,182,174
86,182,174
86,182,174
85,182,174
85,182,174
85,182,174
85,182,174
85,182,174
85,182,174
86,182,174
86,182,174
85,182,174
85,181,174
83,181,174
83,181,174
83,180,173
83,180,173
82,180,173
82,180,173
82,180,173
83,180,173
83,180,174
83,181,174
84,181,175
85,182,175
85,182,175
86,182,176
87,183,175
88,183,176
89,183,176
90,184,177
91,184,176
91,184,177
90,184,177
90,184,177
89,184,176
89,184,177
89,184,177
89,183,177
89,183,177
89,183,177
89,183,177
88,183,176
88,183,176
88,183,176
88,183,176
87,182,175
87,182,175
87,182,175
87,182,175
87,182,175
87,182,175
87,182,175
88,183,176
88,183,176
89,183,176
89,183,176
89,183,176
89,183,176
89,183,176
89,183,177
88,183,176
88,183,176
88,183,176
88,183,176
88,183,176
89,183,177
89,183,177
89,184,177
89,184,177
90,184,177
90,184,177
90,184,177
90,184,177
90,184,177
91,184,177
91,184,177
91,184,177
91,184,177
91,184,177
91,184,177
92,184,178
92,184,178
92,185,178
92,184,178
92,185,178
92,185,178
91,184,177
91,184,177
91,184,177
91,184,177
90,183,176
90,183,176
90,183,176
89,183,176
88,183,176
88,183,176
88,183,176
88,183,176
87,182,175
86,182,175
86,182,174
85,182,174
83,181,173
83,180,172
82,180,172
81,180,172
80,179,172
79,179,172
78,178,171
78,178,172
77,178,171
77,178,171
77,177,172
77,177,171
76,177,169
75,176,169
73,175,168
70,174,167
70,174,167
70,174,167
70,174,167
70,174,167
70,174,168
71,175,168
72,175,167
72,176,167
73,176,168
73,176,169
73,176,169
73,176,169
73,176,169
75,177,170
77,178,171
79,179,171
80,179,172
80,179,172
82,180,173
83,181,174
84,181,174
85,182,174
86,182,174
85,182,174
85,182,175
85,181,175
85,181,175
85,181,175
85,181,175
86,182,175
86,182,174
85,182,174
85,182,175
85,182,174
85,182,174
86,182,175
86,182,175
87,182,175
87,182,175
86,182,175
86,182,174
85,182,174
85,182,174
85,181,174
83,181,174
83,181,174
83,180,173
83,180,173
83,180,173
83,180,173
83,181,174
84,181,174
84,181,174
85,182,175
86,182,174
86,182,175
88,183,176
89,183,176
89,184,176
91,184,177
91,184,177
91,184,177
91,184,177
91,184,177
91,184,177
89,184,177
89,184,177
89,184,177
89,183,177
89,183,177
89,183,177
89,183,176
89,183,176
88,183,176
88,183,176
88,183,176
87,182,175
87,182,175
87,182,175
87,182,175
88,183,176
88,183,176
88,183,176
89,183,176
89,183,176
89,183,176
89,183,176
89,183,176
89,183,176
89,183,177
88,183,176
88,183,176
88,183,176
88,183,176
88,183,176
89,183,177
89,183,177
89,183,177
89,184,177
90,184,177
90,184,177
90,184,177
90,184,177
91,184,177
91,184,177
91,184,177
91,184,177
91,184,177
91,184,177
92,184,178
92,184,178
92,184,178
92,184,178
92,184,178
92,184,178
92,185,178
92,185,177
91,184,177
91,184,177
91,184,177
90,183,176
90,183,176
90,183,176
89,183,176
88,183,176
88,183,176
88,183,176
88,183,176
87,182,175
86,182,175
86,182,174
85,182,174
84,181,174
83,180,173
82,180,172
81,180,172
80,179,171
79,179,171
78,178,171
78,178,172
77,178,171
77,177,171
77,177,171
77,177,171
75,177,170
73,176,169
71,175,167
70,174,167
69,173,166
69,174,167
69,174,167
70,174,168
70,175,167
71,175,168
72,176,167
73,176,168
73,176,168
73,176,168
75,177,169
73,176,169
73,176,169
75,177,169
75,177,170
77,178,171
79,179,171
80,179,172
81,180,173
82,180,173
84,181,174
84,181,174
86,182,174
86,182,175
86,182,175
86,182,175
86,182,176
85,182,175
85,182,175
85,182,175
86,182,175
86,182,175
85,182,175
85,182,175
85,182,175
85,182,175
85,182,174
87,182,175
87,183,175
87,183,175
87,183,175
87,182,175
86,182,175
86,182,174
85,182,174
85,182,174
85,181,174
83,181,174
83,181,174
83,181,174
83,181,174
83,181,174
84,181,174
84,181,174
84,181,174
85,182,175
86,182,174
87,183,175
88,183,176
89,183,176
89,184,176
91,184,177
91,184,177
91,184,177
91,184,177
91,184,177
91,184,177
91,184,177
91,184,177
91,184,177
91,184,177
91,184,177
90,183,177
90,183,176
90,183,176
89,184,176
88,183,176
88,183,175
88,183,176
88,183,176
88,183,176
88,183,176
88,183,176
89,183,176
89,183,176
89,183,176
89,183,176
89,183,176
89,183,176
89,183,176
89,183,176
88,183,176
88,183,176
88,183,176
88,183,176
88,183,176
88,183,176
89,183,177
89,183,177
89,183,177
89,184,177
90,184,177
91,184,177
91,184,177
91,184,177
91,184,177
91,184,177
91,184,177
91,184,177
92,185,178
92,184,178
92,184,178
92,184,178
92,184,178
92,184,178
92,184,178
92,184,178
92,184,177
92,184,177
91,184,177
91,184,177
91,184,177
90,183,176
90,183,176
90,183,176
89,183,176
88,183,176
88,183,176
88,183,176
88,183,176
87,182,175
86,182,175
86,182,174
85,182,174
84,181,174
83,180,173
82,180,172
80,179,172
80,179,171
79,179,171
78,178,171
78,178,171
78,178,171
77,177,171
77,177,171
76,177,170
74,176,169
72,175,168
70,174,168
68,174,166
67,174,166
67,174,166
69,174,167
69,174,167
70,175,167
72,176,167
72,176,167
73,176,168
73,176,168
73,176,168
74,176,170
75,177,170
75,177,170
75,177,170
77,178,171
77,178,171
80,179,172
81,180,173
82,181,173
83,181,174
84,181,174
85,182,174
86,182,175
87,182,175
87,182,175
87,182,175
86,182,175
86,182,176
86,182,176
86,182,175
85,182,175
85,182,175
85,182,175
85,182,175
85,182,175
85,182,175
85,182,175
87,183,175
88,183,176
88,183,176
88,183,176
88,183,176
87,183,175
87,182,175
86,182,175
85,182,174
85,182,174
85,182,174
85,181,174
85,181,174
83,181,174
83,181,174
84,181,174
84,181,174
84,181,174
84,181,175
85,182,175
85,182,175
87,183,176
88,183,176
89,183,176
89,184,176
91,184,177
91,184,177
91,184,177
91,184,177
91,184,177
92,185,177
92,185,178
92,184,178
92,184,178
91,184,177
91,184,177
91,184,177
91,184,176
90,184,177
89,184,175
89,184,175
89,184,175
89,183,175
89,183,175
89,183,175
89,183,175
89,183,175
89,183,175
89,183,176
89,183,176
89,183,176
89,183,176
89,183,176
89,183,176
88,183,176
88,183,176
88,183,176
88,183,176
89,183,176
89,183,176
89,183,176
89,183,176
89,183,177
89,184,177
90,184,177
91,184,177
91,184,177
91,184,177
91,184,177
91,184,177
91,184,177
91,184,177
91,184,177
92,184,178
92,184,178
92,184,178
92,184,178
92,185,178
92,184,178
92,184,178
92,184,178
92,184,177
92,185,177
91,184,177
91,184,177
91,184,177
91,184,177
90,183,176
90,183,176
89,183,176
89,183,176
88,183,176
88,183,176
88,183,175
87,182,175
86,182,175
86,182,174
85,182,174
84,181,174
83,180,172
82,180,172
80,179,172
80,179,171
79,179,171
78,178,171
78,178,171
78,178,171
77,177,171
77,177,171
76,177,170
73,176,169
71,175,168
69,174,167
68,174,166
67,174,166
67,174,166
69,174,167
70,175,167
71,175,168
72,176,167
73,176,168
73,176,168
73,176,168
74,176,169
74,176,169
78,178,171
77,178,171
77,178,171
77,178,171
80,179,172
80,180,172
82,180,173
83,180,173
84,181,174
85,182,174
86,182,175
87,182,175
87,183,175
88,183,176
88,183,176
88,183,176
87,183,175
87,182,175
86,182,175
86,182,175
86,182,175
85,182,175
85,182,175
85,182,175
85,182,175
85,182,175
88,183,176
88,183,176
89,183,175
89,183,175
89,183,175
88,183,175
88,183,176
87,183,175
87,182,175
86,182,175
86,182,174
86,182,174
85,182,174
85,181,174
85,181,174
84,181,174
84,181,174
84,181,175
84,181,175
85,182,175
85,182,175
86,182,175
87,183,176
88,183,176
89,183,176
89,184,176
91,184,177
91,184,177
91,184,177
91,184,177
92,185,177
92,185,177
92,185,177
92,185,178
92,185,178
92,184,178
92,184,178
91,184,177
91,184,177
91,184,176
91,184,177
90,184,177
90,184,176
89,184,175
90,183,176
90,183,176
90,183,176
90,183,176
89,183,175
89,183,175
89,183,176
89,183,176
88,183,176
88,183,176
88,183,176
88,183,176
88,183,176
88,183,176
89,183,176
89,183,176
89,183,176
89,183,176
90,183,176
90,183,176
90,184,177
91,184,177
91,184,177
91,184,177
91,184,177
91,184,177
91,184,177
91,184,177
91,184,177
91,184,177
92,184,177
92,184,177
92,184,177
92,184,178
92,185,178
92,185,177
92,185,177
92,185,177
92,185,177
91,184,177
91,184,177
91,184,177
91,184,177
91,184,177
90,183,176
90,183,176
90,183,176
89,183,176
88,183,176
88,183,176
87,182,176
87,182,175
86,182,175
86,182,174
85,181,174
83,181,174
83,180,172
82,180,172
80,179,172
80,179,172
79,179,171
79,178,171
78,178,171
78,178,171
78,178,171
77,177,170
77,177,170
74,177,169
73,176,168
70,174,168
69,174,167
68,174,166
69,174,167
69,175,167
70,176,168
72,176,168
73,176,168
74,176,168
74,176,168
74,176,168
74,176,169
74,176,169
74,176,169
80,179,172
80,179,172
80,179,172
80,180,172
80,179,172
82,180,172
82,180,173
84,181,174
84,181,174
86,182,175
87,182,175
87,183,175
88,183,176
88,183,175
88,183,176
88,183,176
88,183,176
88,183,176
88,183,176
87,182,175
86,182,175
86,182,175
86,182,175
86,182,175
85,182,175
86,183,176
88,183,176
88,183,176
89,183,176
90,183,176
90,183,176
89,184,175
89,183,175
88,183,176
88,183,176
87,183,175
87,182,175
86,182,175
86,182,175
86,182,174
85,182,174
85,182,174
85,182,174
84,181,174
84,181,175
85,182,175
85,182,175
85,182,175
86,182,175
87,183,176
88,183,176
89,183,176
89,184,176
89,184,176
91,184,177
91,184,177
91,184,177
92,185,177
92,185,177
92,185,177
92,185,177
92,185,178
92,185,178
92,184,178
92,184,178
92,184,178
91,184,177
91,184,177
91,184,177
91,184,176
91,184,176
90,184,176
90,183,176
90,183,176
90,183,176
90,183,176
89,183,175
88,183,176
88,183,175
88,183,176
87,183,175
88,183,176
88,183,176
88,183,176
89,183,176
89,183,176
89,183,176
89,183,176
90,183,176
89,184,176
89,184,176
91,184,177
91,184,177
91,184,177
91,184,177
91,184,177
91,184,177
91,184,177
91,184,177
91,184,177
91,184,177
92,185,177
92,185,177
92,185,177
92,185,177
92,185,177
92,185,177
92,185,177
92,185,177
91,184,177
91,184,177
91,184,177
91,184,177
91,184,177
90,184,177
89,184,176
90,183,176
90,183,176
89,183,176
88,183,176
88,183,176
87,182,175
86,182,175
86,182,175
86,182,174
84,181,174
83,181,174
83,180,173
82,180,173
82,180,172
80,179,172
80,179,172
79,179,171
79,179,171
79,178,171
78,178,171
78,178,171
77,177,170
76,177,169
73,176,168
72,176,168
70,175,168
70,174,168
70,175,167
71,175,168
72,176,168
73,176,169
74,176,169
75,176,169
74,176,168
74,176,168
74,176,169
74,176,169
74,177,169
74,177,169
82,180,172
82,180,172
81,180,173
81,180,173
82,180,172
82,180,173
83,180,173
84,181,174
85,182,174
86,182,175
87,183,175
88,183,176
88,183,176
88,183,176
88,183,175
88,183,176
88,183,176
88,183,176
88,183,176
88,183,176
87,182,175
86,182,175
86,182,175
86,182,175
86,182,175
87,183,175
88,183,176
89,183,176
89,184,176
90,183,176
90,183,176
90,183,176
89,184,175
89,184,176
89,184,176
89,183,176
88,183,176
88,183,176
87,182,176
87,182,175
86,182,175
86,182,174
85,182,174
85,182,174
85,182,175
85,182,175
85,182,175
85,182,175
86,182,175
87,183,176
88,183,176
88,183,176
89,183,176
89,184,176
89,184,176
91,184,177
91,184,177
91,184,177
92,185,177
92,185,177
92,185,177
92,185,177
92,185,178
92,185,178
92,185,178
92,184,178
92,184,178
92,185,178
91,184,177
91,184,177
91,184,177
91,184,177
91,184,176
90,183,176
90,183,176
90,183,176
89,183,176
88,183,176
88,183,175
87,183,175
87,183,176
87,183,176
87,183,176
88,183,176
88,183,176
89,183,176
89,183,176
89,183,176
89,184,176
89,184,176
90,184,177
90,184,177
91,184,177
91,184,177
91,184,177
92,184,177
92,184,177
92,184,177
92,184,177
92,184,177
92,184,177
92,184,177
92,185,177
92,185,177
91,184,177
91,184,177
91,184,177
91,184,177
91,184,177
91,184,177
91,184,177
91,184,177
91,184,177
91,184,177
90,184,177
89,184,176
89,184,176
89,184,176
89,183,176
89,183,176
88,183,176
88,183,176
87,182,175
86,182,175
86,182,175
85,182,174
84,181,174
84,181,174
83,180,173
82,180,173
82,180,173
82,180,172
80,179,172
80,179,172
80,179,172
80,179,171
79,179,171
79,178,171
78,178,171
77,177,170
77,177,170
74,176,169
73,176,168
73,176,169
73,176,169
73,176,169
74,176,170
75,177,170
77,177,170
77,178,169
76,176,169
74,176,168
74,176,169
74,176,169
73,176,168
73,176,168
73,176,169
82,180,172
82,180,173
82,180,172
82,180,172
82,180,173
83,180,173
83,180,173
84,181,174
85,182,174
86,182,175
87,182,175
87,183,175
88,183,176
88,183,176
88,183,176
88,183,176
88,183,176
88,183,176
88,183,176
88,183,176
88,183,176
87,182,175
87,182,175
87,182,175
87,182,175
87,183,175
88,183,176
89,183,176
89,184,176
89,184,176
91,184,176
91,184,176
91,184,176
91,184,176
91,184,177
91,184,177
89,184,176
89,184,176
89,183,176
88,183,175
88,183,176
87,182,176
86,182,175
86,182,175
85,182,174
85,182,175
86,182,175
86,183,176
86,183,176
87,183,176
88,183,176
88,183,176
88,183,176
89,183,176
89,184,176
89,184,176
90,184,177
91,184,177
91,184,177
91,184,177
91,184,177
92,185,177
92,185,177
92,185,178
92,185,178
92,185,178
92,184,178
92,184,178
92,184,178
92,184,177
92,184,177
91,184,177
91,184,177
91,184,176
90,184,177
90,183,176
90,183,176
88,183,176
88,183,176
88,183,176
87,183,176
87,182,176
87,182,176
87,183,176
87,183,176
88,183,176
88,183,176
89,183,176
89,183,176
89,183,176
89,184,176
90,184,177
91,184,177
91,184,176
91,184,177
92,184,177
92,184,177
92,184,177
92,184,177
92,184,177
92,184,177
92,184,177
92,184,177
92,185,177
91,184,177
91,184,177
91,184,177
91,184,177
91,184,177
91,184,177
91,184,177
90,184,177
90,184,177
90,184,177
90,184,177
89,184,177
89,184,177
89,184,177
89,183,177
89,183,177
89,183,176
88,183,176
88,183,176
87,183,175
87,182,175
86,182,175
85,182,174
85,182,174
84,181,174
84,181,174
83,180,173
82,180,173
82,180,173
82,180,172
82,180,172
82,180,172
82,180,172
80,179,172
80,179,171
80,179,171
79,178,171
77,177,170
77,177,170
77,177,170
76,177,170
76,177,170
76,177,170
77,177,171
78,178,171
78,178,171
78,178,171
77,177,170
75,177,169
74,176,169
74,176,169
72,176,168
72,176,168
72,176,168
73,176,169
82,180,172
82,180,172
82,180,173
82,180,172
82,180,173
82,180,173
83,180,173
84,181,174
84,181,174
85,182,174
86,182,175
86,182,175
87,183,175
88,183,176
88,183,176
88,183,176
88,183,176
88,183,176
88,183,176
88,183,176
88,183,176
88,183,176
87,182,175
87,182,175
87,183,175
88,183,176
88,183,176
89,183,176
89,184,176
90,184,177
91,184,177
91,184,177
91,184,177
91,184,177
91,184,177
91,184,177
91,184,177
91,184,177
91,184,177
90,183,176
90,183,176
89,183,176
89,183,176
88,183,176
87,183,175
87,183,175
87,183,175
87,183,175
87,183,175
87,183,175
88,183,176
88,183,176
88,183,176
90,183,176
90,183,176
90,183,176
89,184,176
89,184,176
90,184,177
91,184,177
91,184,177
91,184,177
91,184,177
91,184,177
91,184,177
92,185,178
92,185,178
92,185,178
92,184,178
92,184,178
92,184,178
92,184,177
92,184,177
91,184,177
91,184,177
91,184,176
90,183,176
89,183,176
88,183,176
88,183,176
88,183,176
87,183,176
87,182,176
87,182,176
87,182,176
88,183,176
88,183,176
88,183,176
89,183,176
89,183,176
89,183,177
90,184,177
90,184,177
91,184,177
91,184,177
92,184,177
92,185,177
92,185,177
92,185,177
92,184,177
92,184,177
92,184,177
92,185,177
91,184,177
91,184,177
91,184,177
91,184,177
91,184,177
91,184,177
91,184,177
91,184,177
90,184,177
89,184,176
89,184,177
89,184,177
89,184,177
89,184,177
89,183,177
89,183,177
89,183,177
89,183,177
89,183,177
88,183,176
88,183,176
88,183,176
87,182,175
86,182,175
86,182,175
85,182,174
85,182,174
84,181,174
84,181,174
84,181,174
84,181,174
83,181,173
83,181,173
83,181,173
83,180,173
83,180,173
82,180,173
81,180,172
81,179,172
81,179,172
81,179,172
80,179,171
80,179,171
80,179,172
80,179,172
81,179,173
81,179,173
81,179,173
80,179,171
78,178,171
77,177,170
74,176,169
73,176,169
72,175,168
71,175,168
71,175,168
72,176,168
73,176,169
82,180,172
82,180,173
82,180,172
82,180,172
82,180,173
82,180,173
83,180,173
84,181,174
84,181,174
85,182,174
85,182,174
86,182,175
86,182,175
86,182,175
87,183,176
87,183,176
87,183,176
87,183,176
86,183,176
87,182,175
87,182,175
87,182,175
87,182,175
88,183,176
88,183,176
88,183,176
89,183,176
89,184,176
90,184,177
90,184,177
91,184,177
91,184,177
91,184,177
91,184,177
91,184,177
91,184,177
91,184,177
91,184,177
91,184,177
91,184,177
91,184,177
89,184,176
89,184,176
89,183,176
89,183,176
89,183,176
89,183,176
89,183,176
89,183,176
89,183,176
89,183,176
89,183,176
89,184,176
90,184,177
90,183,176
90,183,176
90,183,176
89,184,176
89,184,176
89,184,176
91,184,177
91,184,177
91,184,177
91,184,177
91,184,177
91,184,177
91,184,177
92,185,178
92,184,178
92,184,178
92,184,178
92,184,177
92,184,177
92,184,177
91,184,177
91,184,176
90,184,177
89,184,176
88,183,176
88,183,176
88,183,176
88,183,176
87,182,176
87,182,176
88,183,175
88,183,176
88,183,176
89,183,176
89,183,176
89,183,177
90,184,177
90,184,177
90,184,177
91,184,177
92,184,178
92,184,177
92,185,177
92,185,177
92,185,177
92,185,177
92,184,177
92,185,177
92,185,177
91,184,177
91,184,177
91,184,177
91,184,177
91,184,177
91,184,177
91,184,177
90,184,177
90,183,176
90,183,176
89,184,177
89,184,177
89,184,177
89,183,177
89,183,177
89,183,177
89,183,177
89,183,177
89,183,177
89,183,176
88,183,176
88,183,176
88,183,176
88,183,176
87,183,175
87,182,175
86,182,175
86,182,175
86,182,175
86,182,175
86,182,174
86,182,174
86,182,174
86,182,174
85,182,174
85,181,174
85,181,174
83,181,174
83,181,173
84,180,173
84,180,173
84,180,173
84,180,173
84,180,174
83,181,174
83,180,173
83,180,173
82,180,173
81,179,173
80,179,171
78,178,171
74,176,170
73,176,169
72,175,168
71,175,168
71,175,168
72,176,168
72,176,168
80,180,172
80,179,172
80,179,172
80,179,172
80,180,172
81,180,173
82,180,172
83,180,173
83,181,174
84,181,175
84,181,175
85,182,175
85,182,175
85,182,175
85,182,175
85,182,175
85,182,175
85,182,175
85,182,175
85,182,175
86,182,175
87,182,175
87,182,175
87,182,175
88,183,176
88,183,176
89,183,176
89,184,176
90,184,177
91,184,177
91,184,177
91,184,177
91,184,177
91,184,177
91,184,177
91,184,177
91,184,177
91,184,177
91,184,177
91,184,177
91,184,177
91,184,177
91,184,177
91,184,177
91,184,177
91,184,177
90,184,177
91,184,176
90,184,177
90,184,177
90,184,177
90,184,177
90,184,177
91,184,176
91,184,176
91,184,176
90,184,177
90,183,176
90,183,176
90,183,176
90,183,176
91,184,177
91,184,177
91,184,177
91,184,177
91,184,177
91,184,177
91,184,177
91,184,177
92,184,178
92,184,178
92,184,178
92,185,178
93,185,178
93,185,178
92,184,177
91,184,177
91,184,176
90,183,177
89,183,177
88,183,176
88,183,176
88,183,176
88,183,176
88,183,176
89,183,176
88,183,176
89,183,176
89,183,176
89,183,176
89,184,177
90,184,177
90,184,177
91,184,177
92,185,178
92,185,178
92,185,178
92,185,178
92,185,178
92,185,177
92,185,177
92,185,177
92,185,177
92,184,177
92,184,177
92,184,177
91,184,177
91,184,177
91,184,177
91,184,177
91,184,177
90,184,177
89,184,176
89,184,176
89,184,177
89,184,177
89,184,177
89,183,177
89,183,177
89,183,177
89,183,177
89,183,177
89,183,177
89,183,177
89,183,177
89,183,176
89,183,176
89,183,176
89,183,176
89,183,176
89,183,176
88,183,176
87,182,176
87,182,176
87,182,176
87,182,175
87,182,176
87,182,175
87,182,175
87,182,175
87,182,175
87,182,175
87,182,175
87,182,175
87,182,175
87,182,175
87,182,175
87,182,175
86,182,175
86,182,174
85,182,174
83,181,174
83,180,173
81,179,172
80,179,171
77,177,171
74,176,170
72,176,168
71,175,168
71,176,169
72,176,168
72,176,168
73,176,169
79,179,171
79,179,171
79,179,171
79,179,171
79,179,171
79,179,171
80,179,172
80,180,173
81,180,173
82,180,174
83,181,174
84,181,175
84,181,175
84,181,175
84,181,175
84,181,175
84,181,175
84,181,175
84,181,175
85,182,175
85,182,175
85,182,175
86,182,175
87,182,175
88,183,176
88,183,176
89,183,176
89,184,176
90,184,177
91,184,177
91,184,177
91,184,177
92,184,177
92,184,177
92,184,177
92,184,177
91,184,177
91,184,177
91,184,177
91,184,177
91,184,177
91,184,177
91,184,177
91,184,177
91,184,177
91,184,177
91,184,177
91,184,177
91,184,177
91,184,177
91,184,177
91,184,177
91,184,177
91,184,177
91,184,177
91,184,177
91,184,176
91,184,176
91,184,176
90,183,176
90,183,176
90,183,176
90,183,176
91,184,177
91,184,177
91,184,177
91,184,177
91,184,177
91,184,177
91,184,177
92,185,178
92,185,178
92,185,178
92,185,178
93,185,178
93,185,178
92,185,177
92,184,177
91,184,177
91,184,177
90,183,177
90,183,177
90,183,177
90,183,177
90,183,176
90,183,176
90,183,176
90,183,176
89,183,176
89,183,176
90,183,176
90,184,178
90,184,177
91,184,177
91,184,177
92,185,178
92,185,178
92,185,178
92,185,178
92,185,178
92,185,178
92,185,178
92,185,178
92,185,177
92,185,177
92,184,177
92,184,177
91,184,177
91,184,177
91,184,177
91,184,177
91,184,177
91,184,177
90,184,177
89,184,176
89,184,176
89,184,176
89,184,176
89,184,176
89,184,176
90,184,177
91,184,177
91,184,177
91,184,177
90,184,177
89,184,177
89,184,177
90,183,177
90,184,177
91,184,176
91,184,176
90,184,176
90,183,176
90,183,176
90,183,176
90,183,176
90,183,176
90,183,176
90,183,176
90,183,176
89,183,176
89,183,176
89,183,176
89,183,175
89,183,175
89,183,175
89,183,175
89,183,176
89,183,176
87,182,176
87,182,175
86,182,175
86,181,175
84,180,174
83,180,174
81,179,172
78,178,171
75,177,170
74,176,170
73,176,169
72,176,168
72,176,168
73,176,169
73,176,169
73,176,169
77,178,171
77,178,171
77,178,171
78,179,171
78,179,171
78,179,171
78,179,172
78,179,172
80,180,173
81,180,173
82,181,173
82,180,174
83,181,174
83,181,174
84,181,175
84,181,175
84,181,175
84,181,175
84,181,175
84,181,175
85,182,175
85,182,175
87,182,175
88,183,176
88,183,176
89,183,176
90,184,177
91,184,177
91,184,177
91,184,177
92,184,177
92,184,177
92,184,177
92,184,177
92,184,178
92,184,178
92,185,178
91,184,177
91,184,177
91,184,177
91,184,177
92,185,177
91,185,177
92,185,177
92,185,177
92,185,177
92,184,177
92,184,177
92,184,177
92,184,177
92,185,177
92,185,177
92,185,177
92,185,177
92,184,177
92,184,177
91,184,177
91,184,177
91,184,177
91,184,176
90,183,176
90,183,176
90,183,176
91,184,177
91,184,177
91,184,177
91,184,177
91,184,177
91,184,177
91,184,177
92,185,178
92,185,178
92,185,178
92,185,178
92,185,178
92,185,177
92,185,177
92,185,177
92,184,177
92,184,177
91,184,177
91,184,177
91,184,177
91,184,177
91,184,177
91,184,176
91,184,176
91,184,176
90,183,176
90,183,176
91,184,176
91,184,177
91,184,177
91,184,177
92,185,178
92,185,178
92,185,178
92,185,178
92,185,178
92,185,178
92,185,178
92,185,178
92,185,178
92,185,178
92,185,178
92,185,178
92,184,178
92,184,177
91,184,177
91,184,177
91,184,177
91,184,177
91,184,177
91,184,177
90,184,177
90,184,177
90,184,177
90,184,177
90,184,177
90,184,177
91,184,177
92,184,177
92,184,177
91,184,177
91,184,177
90,184,177
90,184,177
90,184,177
91,184,177
91,184,177
92,184,176
92,184,176
92,184,177
91,184,177
91,184,177
91,184,177
91,184,177
91,184,177
91,184,177
91,184,177
91,184,177
91,184,176
91,184,176
90,184,176
90,184,176
90,183,176
90,183,177
90,183,176
90,183,176
89,183,176
88,183,175
87,182,175
86,181,175
86,181,175
84,180,173
82,180,172
80,179,171
78,178,171
77,177,171
75,176,169
74,177,170
74,177,170
73,176,169
73,176,169
73,176,169
74,176,170
74,176,170
75,177,169
76,177,170
76,178,170
77,178,171
77,178,171
78,179,171
78,179,172
80,179,173
80,180,173
81,180,173
82,180,174
83,180,174
83,181,174
83,181,174
84,181,174
84,181,174
84,181,174
84,181,174
84,181,175
85,182,174
86,182,175
88,183,176
88,183,175
89,184,176
90,184,177
91,184,177
91,184,177
91,184,177
91,184,177
91,184,177
92,184,177
92,184,178
92,184,178
92,184,178
92,184,178
92,184,178
92,185,178
92,185,178
92,185,177
92,185,177
91,185,177
91,185,177
92,185,177
92,185,177
92,185,177
93,185,178
93,185,178
93,185,178
92,185,177
92,185,177
92,185,177
92,185,177
92,184,177
92,184,177
92,184,177
91,184,177
91,184,177
91,184,177
91,184,177
91,184,176
90,183,176
91,184,177
91,184,177
91,184,177
91,184,177
91,184,177
91,184,177
92,185,177
92,185,177
92,185,178
92,185,178
92,185,178
92,185,178
92,185,178
92,185,178
93,185,178
92,185,177
92,185,177
92,185,177
92,185,177
92,185,177
93,185,178
92,185,177
92,185,177
92,184,177
92,184,177
91,184,177
91,184,176
91,184,176
91,184,176
91,184,177
91,184,177
92,184,178
92,185,178
92,185,178
92,185,178
92,185,178
92,185,178
92,185,178
92,185,178
92,185,178
92,185,178
92,185,178
92,184,178
92,184,178
92,184,178
92,184,177
92,185,177
92,185,177
92,185,177
91,184,177
91,184,177
91,184,177
91,184,177
91,184,177
91,184,177
91,184,177
91,184,177
92,184,177
92,184,177
92,185,177
92,185,177
92,184,177
92,184,177
92,184,178
91,184,177
91,184,177
92,185,178
92,185,178
92,184,177
92,184,177
92,184,177
92,184,177
92,184,177
92,184,177
92,184,177
92,185,177
92,185,177
92,185,177
93,185,178
92,184,177
92,184,177
92,184,177
92,184,177
91,184,177
91,184,177
91,184,176
91,184,177
90,183,176
89,183,176
87,182,176
86,182,175
86,181,175
84,180,173
82,180,172
80,179,171
78,178,171
78,178,171
77,177,170
77,177,170
76,177,169
75,176,169
74,177,169
74,177,170
74,176,170
73,176,169
73,176,169
74,176,170
74,177,170
76,177,170
76,178,170
77,178,171
77,178,171
78,178,172
79,179,171
80,179,172
81,180,173
81,180,173
82,180,174
83,180,173
83,181,174
83,181,174
84,181,174
84,181,174
84,181,174
84,181,174
85,182,174
85,182,174
87,182,175
88,183,175
89,184,176
90,184,177
91,184,177
91,184,177
91,184,177
91,184,177
91,184,177
91,184,177
91,184,177
91,184,177
91,184,177
91,184,177
91,184,177
91,184,177
91,184,177
92,185,178
92,185,178
91,185,177
91,185,177
91,185,177
92,185,177
93,185,178
93,185,178
94,185,179
94,185,179
94,185,178
94,185,178
94,185,178
93,185,178
93,185,178
93,185,178
92,185,177
92,184,177
92,184,178
92,184,178
91,184,177
91,184,177
91,184,176
91,184,176
91,184,177
91,184,177
91,184,177
91,184,177
92,184,177
92,184,177
92,184,177
92,184,177
92,185,178
92,185,178
92,185,178
92,185,178
92,185,178
92,185,178
92,185,178
93,185,178
93,185,178
93,185,178
93,185,178
93,185,179
94,185,178
94,185,178
93,185,178
93,185,178
92,185,177
92,184,177
92,184,177
91,184,177
92,184,177
92,184,177
92,185,177
92,185,178
93,185,179
93,185,179
93,185,179
92,185,178
92,185,178
92,185,178
92,185,178
92,185,178
92,185,178
92,185,178
92,184,178
92,184,178
92,184,177
92,185,177
92,185,177
92,185,177
92,185,177
92,185,177
92,185,177
92,185,177
92,185,177
92,184,177
92,184,177
92,184,177
92,184,177
92,185,177
93,185,178
93,185,178
92,185,177
92,185,177
92,185,177
92,184,178
92,185,178
92,185,178
92,185,178
92,185,178
92,185,178
92,185,178
92,185,178
92,185,178
92,185,178
92,185,177
92,185,177
93,185,178
93,185,178
92,185,177
93,185,178
93,185,178
93,185,178
93,185,178
93,185,178
92,184,177
92,184,177
91,184,177
91,184,177
91,184,176
90,183,176
89,183,176
87,182,176
86,181,175
84,180,173
82,180,173
80,179,172
79,179,171
79,178,171
78,178,171
78,178,171
78,178,171
77,177,170
76,177,169
74,177,169
74,177,170
74,177,170
72,176,168
73,176,169
74,176,170
74,177,170
75,177,169
76,178,170
77,178,171
77,178,171
79,179,171
79,179,172
80,180,172
81,180,173
82,180,173
83,180,173
83,181,174
83,181,174
84,181,174
84,181,174
84,181,174
84,181,174
85,182,174
85,182,174
87,182,175
88,183,175
89,184,176
90,184,177
90,184,177
91,184,177
91,184,177
91,184,177
91,184,177
91,184,177
91,184,177
90,184,177
90,184,178
90,184,177
90,184,177
90,184,177
91,184,177
91,184,177
91,184,177
91,185,177
91,185,177
91,185,177
92,185,177
93,185,178
94,185,178
94,185,178
94,185,179
95,186,179
95,186,179
95,186,179
94,185,179
94,185,178
94,185,177
93,185,178
93,185,178
93,185,178
93,185,178
92,184,178
92,184,178
91,184,177
91,184,177
91,184,177
91,184,177
91,184,177
92,184,177
92,184,177
92,184,177
92,184,177
92,185,177
92,185,177
93,185,179
92,185,178
92,185,178
93,185,179
93,185,179
93,185,179
93,186,178
94,185,178
94,185,177
94,185,177
94,185,179
94,185,179
94,185,178
94,185,178
94,185,178
94,185,178
94,185,178
93,185,178
93,185,178
92,185,177
92,185,177
92,185,177
93,185,178
93,185,179
93,185,179
93,185,178
93,185,178
93,185,178
93,185,178
93,185,178
93,185,178
93,185,178
93,185,178
93,185,178
93,185,178
93,185,178
93,185,178
93,185,178
93,185,178
93,185,178
93,185,178
93,185,178
93,185,178
93,185,178
93,185,178
93,185,178
93,185,178
93,185,178
93,185,178
93,185,178
93,185,178
93,185,178
93,185,178
93,185,178
92,185,177
92,185,177
92,185,178
92,185,178
92,185,178
92,185,178
92,185,178
92,185,178
92,185,178
92,185,178
93,185,179
93,185,179
93,185,178
93,185,178
93,185,178
93,185,178
93,185,178
93,185,178
93,185,178
93,185,178
93,185,178
92,185,177
92,184,177
91,184,177
91,184,177
91,184,177
90,183,176
89,183,176
87,182,176
86,181,175
84,181,174
82,180,173
79,179,172
79,179,172
79,179,172
79,178,171
79,179,171
80,179,171
78,178,171
77,177,170
76,177,169
74,176,170
74,176,170
70,174,168
72,175,168
73,176,169
73,176,169
75,177,169
76,177,170
77,178,171
79,179,171
79,179,171
80,179,172
80,179,172
82,180,172
83,180,173
84,181,174
84,181,174
84,181,174
84,181,174
85,182,174
85,182,174
85,182,174
85,182,174
85,182,174
87,182,175
88,183,175
89,183,175
90,184,177
91,184,177
91,184,177
91,184,177
91,184,177
91,184,177
91,184,177
91,184,177
90,184,177
90,184,177
90,184,177
89,184,177
89,184,177
89,184,177
90,184,177
90,184,177
91,185,177
91,185,177
91,185,177
92,185,177
92,185,177
94,185,178
94,185,178
95,186,178
95,186,179
95,186,179
95,186,179
95,186,179
95,186,179
95,186,179
94,185,179
94,185,177
93,185,178
93,185,178
93,185,178
93,185,178
92,184,177
92,184,177
92,184,177
92,184,177
92,185,177
92,185,177
92,185,177
92,184,177
92,184,177
92,184,177
92,185,177
92,185,177
93,185,179
93,185,179
93,185,179
93,185,179
93,185,179
93,185,178
94,185,177
94,185,177
94,185,177
94,185,178
95,186,179
95,186,179
95,186,179
94,185,178
94,185,178
94,185,178
94,185,178
94,185,177
93,185,178
93,185,178
93,185,178
93,185,178
93,185,179
93,186,178
94,185,178
94,185,178
94,185,177
94,185,177
94,185,177
93,185,178
94,185,177
94,185,177
94,185,178
94,185,178
94,185,178
94,185,178
93,185,178
93,185,178
93,185,178
93,185,178
93,185,178
94,185,178
94,185,178
94,185,178
94,185,178
94,185,178
94,185,178
95,186,178
95,186,178
95,186,178
94,185,178
94,185,178
94,185,178
93,185,178
93,185,178
92,185,177
92,185,178
92,185,178
92,185,178
92,185,178
92,185,178
92,185,178
93,185,179
93,185,179
93,185,179
93,185,179
93,185,179
94,185,178
94,185,178
94,185,177
93,185,178
93,185,178
93,185,178
93,185,178
93,185,178
93,185,178
92,185,177
92,184,177
91,184,177
91,184,177
90,183,176
89,183,176
87,182,175
85,182,174
84,181,174
82,180,173
80,179,172
79,179,172
79,179,172
79,179,171
80,179,172
80,179,171
80,179,171
78,178,171
77,177,171
76,177,170
74,176,170
74,176,170
65,172,165
69,174,167
71,175,168
73,176,169
74,177,170
76,178,170
78,178,172
79,179,172
80,179,172
81,180,173
82,180,172
82,180,172
83,180,172
84,181,174
85,182,174
85,182,174
85,182,174
85,182,174
85,182,174
85,182,174
86,182,175
86,182,175
87,183,175
88,183,176
90,184,176
91,184,177
91,184,177
91,184,177
91,184,177
91,184,177
91,184,177
91,184,177
91,184,177
90,184,178
90,184,177
89,184,177
89,184,177
89,184,177
89,184,177
89,184,177
89,184,177
89,184,177
90,184,178
91,185,177
91,184,177
92,185,177
93,185,178
94,185,178
94,185,178
95,186,178
95,186,179
95,186,179
95,186,179
95,186,179
95,186,179
95,186,179
95,186,179
95,186,178
94,185,177
94,185,177
93,185,178
93,185,178
93,185,178
93,185,178
92,185,177
92,185,177
92,184,177
92,185,178
92,185,178
92,185,178
92,184,178
92,184,177
92,184,178
92,185,178
92,185,178
93,185,179
93,185,179
93,185,179
93,185,179
93,185,178
94,185,177
94,185,177
94,185,177
94,185,178
95,186,179
95,186,179
95,186,179
95,186,178
95,186,178
95,186,178
94,185,178
94,185,177
94,185,177
93,185,178
93,185,178
93,185,179
93,186,178
93,186,178
94,185,178
94,185,178
94,185,177
94,185,177
94,185,177
94,185,177
94,185,177
94,185,177
94,185,178
94,185,178
94,185,178
94,185,178
94,185,178
94,185,178
94,185,178
94,185,178
94,185,178
94,185,178
95,186,178
95,186,178
95,186,178
95,186,178
95,186,178
95,186,178
95,186,178
95,186,178
95,186,178
94,185,178
94,185,177
93,185,178
93,185,178
92,185,177
92,185,178
92,185,178
92,185,178
92,185,178
92,185,178
93,185,179
93,185,179
93,185,179
94,186,178
94,186,178
93,186,178
94,185,178
94,185,178
94,185,178
93,185,178
93,185,178
93,185,178
93,185,178
93,185,178
93,185,178
93,185,178
92,184,177
91,184,177
91,184,177
89,183,176
88,183,176
86,182,175
85,182,174
84,181,174
83,180,173
82,180,172
80,179,172
80,179,172
81,180,172
81,180,172
81,179,172
81,179,172
79,179,172
78,178,171
77,177,171
76,177,170
74,176,170
74,176,170
63,172,164
66,173,166
70,174,168
73,176,169
75,177,170
77,178,171
79,179,172
80,179,172
82,180,172
82,180,172
83,180,172
84,181,173
84,181,173
85,182,174
86,182,175
86,182,175
87,182,175
87,183,175
88,183,176
87,183,176
87,183,175
88,183,176
89,184,176
91,184,177
92,185,177
92,185,177
92,185,177
92,185,177
92,185,177
91,184,177
91,184,177
90,184,177
90,184,177
90,184,177
89,184,177
89,184,177
89,184,176
89,184,176
89,183,177
89,183,177
89,184,177
89,184,177
89,184,177
90,184,177
91,184,177
92,185,177
93,185,178
94,185,178
94,185,178
95,186,178
95,186,178
95,186,179
95,186,179
95,186,179
95,186,179
95,186,179
95,186,179
95,186,179
95,186,179
94,185,177
94,185,177
94,185,177
94,185,177
94,185,177
93,185,178
93,185,178
92,185,178
92,185,178
92,185,178
92,185,178
92,185,178
92,185,178
92,184,178
92,184,178
92,184,178
92,185,178
92,185,178
92,185,178
93,185,179
93,185,179
94,185,178
94,185,177
94,185,177
95,186,179
95,186,179
95,186,179
95,186,179
95,186,179
95,186,178
95,186,178
95,186,178
94,185,178
94,185,177
93,185,178
93,185,178
93,185,179
93,186,178
93,186,178
94,185,179
94,185,179
94,185,177
94,185,177
94,185,177
94,185,177
94,185,177
94,185,177
94,185,177
94,185,178
94,185,178
94,185,178
94,185,178
94,185,177
94,185,177
94,185,177
94,185,177
94,185,178
95,186,178
95,186,178
95,186,178
95,186,178
95,186,178
95,186,178
95,186,178
95,186,178
95,186,178
94,185,177
94,185,177
93,185,178
93,185,178
92,185,177
92,185,177
92,184,177
92,184,177
92,185,177
93,185,178
93,185,178
94,186,178
94,186,178
95,186,178
95,186,178
94,185,179
94,185,179
94,185,177
94,185,177
93,185,178
93,185,178
93,185,178
93,185,178
93,185,178
93,185,178
92,185,177
92,184,177
91,184,177
91,184,177
89,183,176
87,182,175
87,182,175
86,182,174
85,182,174
84,181,174
82,180,173
82,180,173
82,180,172
82,180,172
82,180,172
82,180,172
81,180,173
80,179,172
79,179,172
78,178,171
77,177,171
76,177,170
74,176,170
58,170,162
61,171,163
65,172,165
69,174,167
73,176,169
76,178,170
79,179,172
80,179,172
82,180,173
82,180,173
83,180,173
84,181,173
84,181,173
86,183,174
87,182,174
87,182,175
88,183,176
88,183,176
88,183,176
88,183,175
88,183,176
89,184,176
90,184,177
91,185,177
92,185,177
94,185,178
94,185,178
93,185,178
92,185,177
92,184,177
91,184,177
91,184,177
90,184,177
90,184,177
89,184,177
89,184,177
89,184,176
89,184,176
89,184,176
89,183,177
89,183,177
89,183,177
89,184,177
89,184,177
90,184,177
91,184,177
92,185,177
92,185,177
94,185,178
94,185,178
95,186,178
95,186,178
95,186,179
95,186,179
95,186,179
95,186,179
95,186,179
95,186,179
95,186,179
95,186,179
95,186,179
95,186,178
95,186,178
94,185,177
94,185,177
94,185,177
93,185,178
93,185,178
92,185,178
92,185,178
92,185,178
91,184,177
91,184,177
91,184,177
91,184,177
91,184,177
91,184,177
92,185,178
92,185,178
92,185,178
93,185,179
93,185,178
94,185,178
94,185,177
94,185,178
95,186,179
95,186,179
95,186,179
95,186,179
95,186,179
95,186,178
95,186,178
95,186,178
93,185,178
93,185,178
93,185,179
93,185,179
93,185,179
93,185,179
93,186,178
94,185,179
93,186,178
94,185,178
94,185,177
94,185,177
94,185,177
94,185,178
94,185,178
94,185,178
94,185,178
94,185,178
94,185,177
94,185,177
94,185,177
94,185,177
94,185,177
94,185,177
94,185,178
94,185,178
95,186,178
95,186,178
95,186,178
95,186,178
95,186,178
95,186,178
94,185,177
94,185,177
94,185,177
93,185,178
92,185,177
92,185,177
92,185,177
92,184,177
92,185,177
93,185,178
94,185,178
94,185,178
95,186,178
95,186,178
95,186,178
96,186,179
95,186,179
95,186,179
94,185,179
93,186,178
93,185,179
93,185,178
92,185,177
92,185,177
92,185,177
92,184,177
92,185,177
91,184,177
91,184,177
89,183,176
88,183,176
87,182,175
87,182,175
86,182,175
86,181,174
85,181,174
84,180,173
83,180,173
82,180,173
82,180,173
82,180,173
82,180,172
82,180,172
81,180,173
80,179,172
79,179,172
78,178,170
77,177,170
75,177,169
74,176,169
55,169,161
58,170,162
64,173,165
69,175,168
73,176,169
77,178,171
80,179,172
82,180,173
83,180,173
84,181,174
84,181,174
86,182,174
86,182,174
87,182,174
87,183,175
88,183,176
88,183,176
88,183,176
89,183,176
89,184,176
90,184,177
90,184,177
93,185,178
95,187,179
96,187,179
96,187,179
95,186,179
95,186,178
94,185,178
92,185,177
91,184,177
90,184,177
90,184,177
89,184,177
89,184,177
89,184,177
89,184,177
89,184,176
89,184,176
89,183,177
89,183,177
89,183,177
89,184,176
89,184,176
91,184,177
90,184,177
91,184,177
92,185,177
94,185,178
94,185,178
95,186,178
95,186,178
95,186,179
95,186,179
95,186,179
95,186,179
95,186,179
95,186,179
95,186,179
95,186,179
95,186,179
95,186,179
95,186,178
95,186,178
94,185,178
94,185,177
94,185,177
93,185,178
92,185,178
92,185,178
91,184,177
91,184,177
91,185,177
90,184,178
90,184,178
91,185,177
91,184,177
91,184,177
91,184,177
91,184,177
92,185,178
92,185,178
93,185,178
94,185,177
94,185,177
95,186,179
95,186,179
95,186,179
95,186,179
95,186,179
95,186,178
95,186,178
95,186,178
93,185,178
93,185,178
92,185,178
92,185,178
92,185,178
93,185,179
93,185,179
93,186,178
93,186,178
93,186,178
93,186,178
93,185,178
93,185,178
93,185,178
93,185,178
93,185,178
93,185,178
93,185,178
93,185,178
93,185,178
94,185,177
94,185,177
94,185,177
93,185,178
93,185,178
93,185,178
94,185,179
94,185,179
94,185,179
94,185,179
94,185,178
94,185,178
94,185,178
94,185,178
94,185,177
93,185,178
92,185,177
92,184,177
92,184,177
92,184,177
92,185,177
93,185,178
94,185,178
95,186,178
95,186,178
95,186,179
98,187,180
98,187,180
97,187,180
96,186,179
95,186,179
93,186,178
93,185,179
92,185,178
92,185,177
92,185,177
91,184,177
91,184,177
91,184,177
91,184,177
89,183,176
88,183,176
86,183,176
86,183,176
87,182,175
87,182,175
86,182,174
86,181,174
85,181,173
84,181,173
83,181,174
83,180,173
82,180,173
82,180,173
82,180,172
82,180,172
80,179,172
80,179,171
80,179,171
78,178,171
77,177,170
75,176,169
51,165,158
52,167,159
58,170,162
64,173,165
69,175,168
73,176,170
78,178,171
80,179,173
83,180,173
84,181,175
85,182,174
86,182,174
87,182,174
87,182,175
88,183,175
88,183,175
89,183,176
89,183,176
89,184,176
89,184,176
90,184,177
90,184,177
93,186,178
96,187,180
97,187,179
98,187,180
97,187,179
97,187,179
97,186,178
95,186,178
92,185,177
91,184,177
90,184,177
90,184,177
89,184,177
89,184,177
89,184,177
89,184,177
89,184,177
89,183,177
89,183,177
89,184,177
90,183,176
89,184,176
90,184,177
90,184,177
90,184,177
91,184,177
92,185,178
92,185,177
94,185,178
95,186,178
95,186,178
95,186,179
95,186,179
95,186,179
95,186,179
95,186,179
95,186,179
95,186,179
95,186,179
95,186,179
95,186,179
95,186,179
95,186,179
95,186,178
94,185,177
94,185,177
94,185,177
93,185,179
92,185,178
92,185,178
91,184,177
91,185,177
90,184,178
90,184,178
91,185,177
91,184,177
91,184,177
91,184,177
91,184,177
91,184,177
92,185,178
92,185,178
93,185,178
94,185,177
94,185,178
95,186,179
95,186,179
95,186,179
95,186,179
95,186,179
95,186,178
95,186,178
93,185,178
93,185,178
92,185,178
92,185,178
92,185,178
92,185,178
93,185,179
93,185,179
93,185,179
92,185,178
92,185,178
92,185,177
92,185,177
92,185,177
92,185,177
92,185,177
92,185,177
93,185,178
93,185,178
93,185,178
93,185,178
93,185,178
93,185,178
93,185,178
93,185,178
92,185,178
92,185,178
92,185,178
92,185,178
93,185,179
93,185,179
93,185,178
93,185,178
93,185,178
93,185,178
92,185,178
92,184,178
92,184,178
92,184,177
92,184,177
92,184,177
93,185,178
94,185,178
95,186,178
95,186,178
97,187,179
98,187,180
98,187,180
98,187,180
97,187,180
95,186,179
94,185,179
93,185,179
92,185,177
92,185,177
91,184,177
91,184,177
91,184,177
91,184,177
89,183,176
88,183,176
86,183,176
86,183,176
86,183,176
87,182,175
87,182,175
87,182,175
87,182,175
86,181,174
85,181,173
84,181,174
83,181,174
83,181,174
83,180,173
82,180,173
82,180,172
82,180,172
80,179,172
80,179,171
80,179,171
78,178,171
77,177,170
75,176,169
50,165,158
52,166,159
58,170,162
65,173,166
70,175,168
73,176,170
79,179,172
82,180,174
84,181,175
85,182,175
86,183,176
87,183,175
88,183,176
89,183,176
89,183,175
89,183,176
89,183,176
89,184,176
90,184,177
90,184,177
91,185,177
93,186,178
97,187,179
99,188,180
100,188,181
100,188,181
100,188,180
98,187,180
98,187,180
95,186,179
94,185,178
91,184,177
90,184,177
89,184,176
89,184,176
89,184,177
90,184,177
90,184,177
90,184,177
89,184,177
89,184,177
89,184,176
90,183,176
90,184,177
90,184,177
90,184,177
90,184,177
90,184,177
91,184,177
92,185,178
93,185,178
94,185,178
95,186,178
95,186,178
95,186,179
95,186,179
95,186,179
95,186,179
95,186,179
95,186,179
95,186,179
95,186,179
95,186,179
95,186,179
95,186,179
95,186,179
94,185,178
94,185,177
94,185,177
93,185,179
92,185,178
92,185,178
91,185,178
91,185,177
90,184,178
90,184,178
91,185,177
91,184,177
91,184,177
91,184,177
91,184,177
91,184,177
91,184,177
92,185,178
93,185,179
93,185,178
94,185,177
95,186,179
95,186,179
95,186,179
95,186,179
95,186,179
95,186,178
95,186,178
93,185,178
93,185,178
92,185,178
92,185,178
92,185,178
92,185,178
92,185,178
92,185,178
92,185,178
92,185,178
92,185,178
91,184,177
91,184,177
91,184,177
91,184,177
91,184,177
91,184,177
92,184,177
92,185,178
93,185,178
93,185,178
93,185,178
93,185,178
92,184,178
91,184,177
91,184,177
91,184,177
91,184,177
91,184,177
92,185,178
92,185,178
92,184,178
92,184,178
92,184,178
92,184,178
91,184,177
90,184,177
90,184,177
91,184,177
91,184,177
92,184,177
92,184,177
93,185,178
95,186,178
95,186,178
97,187,179
98,187,180
98,187,180
97,187,179
97,187,180
96,187,179
95,186,179
92,185,178
92,185,178
91,184,177
91,184,177
91,184,177
90,184,177
89,184,176
88,183,176
88,183,176
87,183,176
87,182,175
87,182,175
88,183,176
88,183,175
88,183,175
88,183,175
86,182,174
86,181,175
85,182,174
85,181,174
84,181,174
83,181,174
83,181,174
82,181,173
82,180,173
81,180,173
80,179,172
80,179,171
78,178,171
77,177,170
75,176,169
51,166,158
51,166,159
53,167,159
61,171,164
66,174,167
71,175,168
75,177,170
80,179,173
83,181,174
85,182,175
86,182,175
87,183,176
88,183,176
89,183,176
89,183,176
89,183,176
90,183,176
90,184,177
91,184,177
91,184,177
91,184,177
93,185,178
96,187,179
99,188,180
100,188,181
101,189,181
101,189,181
101,189,181
99,187,179
98,187,179
97,186,178
94,185,178
91,184,177
90,184,177
90,184,177
90,184,177
90,184,177
91,184,177
91,184,177
90,184,177
90,184,177
90,184,177
90,184,177
90,184,177
90,184,177
90,184,177
90,184,177
90,184,177
90,184,177
91,184,177
92,185,178
92,185,177
93,185,178
94,185,178
95,186,178
95,186,178
95,186,178
95,186,179
95,186,179
95,186,179
95,186,179
95,186,179
95,186,179
95,186,179
95,186,179
95,186,179
95,186,179
94,185,178
94,185,178
93,185,178
93,185,178
93,185,179
92,185,178
92,185,178
91,185,178
91,185,177
91,185,177
91,185,177
91,184,177
91,184,177
91,184,177
91,184,177
91,184,177
91,184,177
92,185,178
92,185,178
93,185,178
94,185,177
94,185,178
95,186,179
95,186,179
95,186,179
95,186,179
95,186,178
95,186,178
94,185,178
93,185,178
92,185,178
92,185,178
92,185,178
92,185,178
92,185,178
92,185,178
92,185,178
91,184,177
91,184,177
91,184,177
91,184,177
90,184,177
90,184,177
90,184,177
90,184,177
90,184,177
91,184,177
91,184,177
91,184,178
91,184,178
91,184,177
91,184,177
90,184,177
90,184,178
90,184,178
91,184,177
91,184,177
91,184,177
91,184,177
90,184,177
90,184,177
90,184,177
90,184,177
90,184,177
89,184,176
89,184,176
89,184,176
89,184,176
90,184,177
91,184,177
92,185,177
93,185,178
95,186,178
96,187,179
97,187,179
97,187,179
97,187,179
97,187,179
97,187,180
95,186,179
92,185,178
91,184,177
91,184,177
91,184,177
89,184,176
89,184,176
89,183,176
88,183,176
88,183,176
88,183,176
88,183,176
88,183,176
88,183,175
89,183,175
89,183,175
88,183,175
87,182,175
86,181,175
86,182,174
85,182,174
85,181,174
84,181,174
83,181,174
83,181,173
82,180,173
82,180,173
81,180,173
80,179,171
79,179,171
78,178,171
77,177,171
74,176,170
52,166,158
53,167,159
58,169,162
62,172,164
68,174,167
73,176,170
77,178,171
82,180,173
84,181,175
86,182,175
86,183,176
88,183,176
88,183,176
89,183,176
90,183,176
90,183,176
91,184,176
91,184,177
91,184,177
92,185,178
92,185,178
95,186,178
97,187,179
100,188,181
102,189,181
103,189,181
103,189,181
101,189,181
100,188,180
98,187,180
95,186,179
93,185,178
91,184,177
90,184,177
90,184,177
90,184,177
90,184,177
91,184,177
91,184,177
90,184,177
90,184,177
90,184,177
90,184,177
91,184,177
91,184,177
90,184,177
90,184,177
90,184,177
90,184,177
92,185,178
92,185,178
92,185,177
92,185,177
93,185,178
93,185,178
94,185,178
95,186,178
95,186,179
95,186,179
95,186,179
95,186,179
95,186,179
95,186,179
95,186,179
95,186,179
95,186,179
94,185,179
94,185,178
94,185,178
93,185,178
93,185,178
93,185,179
93,185,179
92,185,178
92,185,178
92,185,178
92,185,178
92,185,177
92,185,177
91,184,177
91,184,177
91,184,177
91,184,177
91,184,177
92,185,178
92,185,177
93,185,178
94,185,177
94,185,177
95,186,179
95,186,179
95,186,179
95,186,179
95,186,178
95,186,178
94,185,177
93,185,178
92,185,177
92,185,178
92,185,178
92,185,178
92,185,177
91,184,177
91,184,177
91,184,177
91,184,177
90,184,177
89,183,176
89,183,176
89,184,176
89,184,176
89,183,176
89,184,176
89,184,176
89,183,177
89,183,177
89,183,177
90,184,177
90,184,177
90,184,177
90,184,178
90,184,178
90,184,177
90,184,177
90,184,177
90,184,177
90,184,177
90,184,177
90,184,177
89,184,177
89,184,176
88,183,176
88,183,176
89,184,176
89,184,176
89,184,176
90,184,177
90,184,178
91,185,178
93,186,178
96,186,179
96,187,179
97,187,179
97,187,179
97,187,179
96,187,179
95,186,179
93,185,178
91,184,177
91,184,177
90,184,177
89,184,176
89,184,176
89,183,176
89,183,176
88,183,176
88,183,176
88,183,176
89,183,175
89,183,175
89,183,175
89,183,175
89,183,175
88,183,175
86,182,175
86,182,174
85,182,174
85,182,174
84,181,174
84,181,174
83,181,173
82,181,173
82,180,173
82,180,172
80,179,172
80,179,171
78,178,171
77,177,171
75,177,169
58,168,161
54,167,159
58,169,162
61,171,164
67,173,166
71,175,168
75,177,170
80,179,173
82,180,174
84,181,175
86,183,176
88,183,176
88,183,176
88,183,176
89,183,176
90,183,176
90,184,177
91,184,177
91,184,177
92,185,178
92,185,178
93,185,179
96,187,179
99,188,180
101,189,181
102,189,181
103,189,181
103,189,181
101,189,181
100,188,180
97,187,179
95,186,178
93,185,178
91,184,177
90,184,177
90,184,177
90,184,177
90,184,177
91,184,177
91,184,177
90,184,177
90,184,177
90,184,177
91,184,177
91,184,177
90,184,177
90,184,177
90,184,177
91,184,177
91,184,177
92,184,178
92,185,178
92,185,178
92,185,178
92,185,177
93,185,178
93,185,178
93,185,179
93,186,178
94,185,179
95,186,179
95,186,179
95,186,179
95,186,179
95,186,179
95,186,179
94,185,178
94,185,178
93,185,178
93,185,178
93,185,178
93,185,178
93,185,178
94,185,178
94,185,178
94,185,178
93,185,178
93,185,178
92,185,177
92,185,177
92,185,177
92,185,177
92,185,177
92,185,177
92,185,177
92,185,177
92,185,177
93,185,178
94,185,177
94,185,177
95,186,179
95,186,179
95,186,179
95,186,179
95,186,179
95,186,178
95,186,178
93,185,178
92,185,177
92,185,177
92,185,177
92,185,177
91,184,177
91,184,177
91,184,177
90,184,177
90,184,177
89,184,176
89,183,176
89,183,176
89,183,176
89,184,176
89,183,176
89,184,176
89,184,176
89,184,176
89,184,176
89,184,176
90,184,177
90,184,177
90,184,177
90,184,177
90,184,177
91,184,177
91,184,177
91,184,177
91,184,177
91,184,177
90,184,177
90,184,177
89,184,176
88,183,176
88,183,176
88,183,176
89,184,176
89,184,176
89,184,176
90,184,177
90,184,177
91,185,177
93,186,178
95,187,178
95,187,179
96,187,179
96,187,179
96,187,179
96,187,179
95,186,178
93,185,178
91,184,177
90,184,177
90,184,177
89,184,176
89,184,176
89,183,176
89,183,176
89,183,176
89,183,175
89,183,175
89,183,175
89,184,175
89,184,175
89,184,175
90,183,176
89,183,175
87,182,176
86,182,175
86,181,175
85,182,174
85,181,174
84,181,174
83,181,173
82,181,173
82,181,173
82,180,172
82,180,172
80,179,171
79,179,171
77,177,171
75,177,170
74,177,170
62,170,164
58,169,161
61,171,164
65,172,166
70,175,168
73,176,169
77,177,172
81,180,174
83,181,174
84,181,175
86,183,176
88,183,176
88,183,176
88,183,176
89,183,176
89,184,176
91,184,176
91,184,177
91,184,177
92,185,178
92,185,178
94,186,178
97,187,180
99,188,180
101,189,181
102,189,181
102,190,181
102,189,181
100,188,181
98,187,180
95,186,179
93,185,179
92,185,177
91,184,177
91,184,177
90,184,177
90,184,177
90,184,177
89,184,176
89,184,177
90,184,177
90,184,177
90,184,178
91,184,177
91,184,177
90,184,177
91,184,177
91,184,177
91,184,177
92,184,178
92,185,178
92,185,178
92,185,178
92,185,178
93,185,179
93,185,179
93,185,179
93,185,179
93,185,179
93,185,179
93,185,179
93,185,179
92,185,178
93,185,179
94,185,178
94,185,178
93,185,178
93,185,178
93,185,178
93,185,178
93,185,178
93,185,178
94,185,178
94,185,178
94,185,178
95,186,178
95,186,178
95,186,178
95,186,178
93,185,178
93,185,178
92,185,177
92,185,177
92,185,177
92,185,178
92,185,177
92,185,177
93,185,178
94,185,177
94,185,177
95,186,179
95,186,179
95,186,179
95,186,179
95,186,179
95,186,178
95,186,178
94,185,178
92,185,177
92,185,177
92,185,177
92,185,177
91,184,177
91,184,177
91,184,177
90,184,177
90,184,177
89,184,176
89,183,176
89,183,176
89,183,176
89,183,176
89,183,176
89,183,176
89,183,176
89,184,176
89,184,176
89,184,176
90,184,177
90,184,177
90,184,177
90,184,177
91,184,177
91,184,177
91,184,177
91,184,177
91,184,177
91,184,177
91,184,177
90,184,177
89,184,176
88,183,175
88,183,175
88,183,175
89,184,176
89,184,176
90,184,177
90,184,177
91,185,177
91,185,178
93,186,178
95,187,178
95,187,179
95,187,179
96,187,179
96,187,179
95,186,179
95,186,178
92,185,177
91,184,177
90,184,177
90,184,177
89,184,177
89,184,176
89,184,176
89,184,176
90,183,176
90,183,176
90,183,176
90,183,176
91,184,176
90,184,176
89,184,175
90,183,176
89,183,176
88,183,175
86,182,175
86,181,175
85,182,174
85,181,174
83,181,174
82,181,173
82,181,173
82,181,173
82,180,172
82,180,172
80,179,172
79,179,171
78,178,171
76,178,170
75,177,170
66,172,166
63,172,164
63,171,164
65,173,165
70,175,168
73,176,169
76,178,170
80,179,173
82,180,174
84,181,175
85,182,175
86,183,176
88,183,176
88,183,176
88,183,176
88,183,175
89,184,176
91,184,177
91,184,177
92,185,178
92,185,178
93,185,179
95,186,179
97,187,180
99,188,180
99,188,180
100,188,181
101,189,181
100,188,180
98,187,180
96,187,179
95,186,178
93,185,179
92,185,177
92,184,177
91,184,177
91,184,177
90,184,177
89,184,177
89,184,177
89,184,177
90,184,177
90,184,177
90,184,177
91,184,177
91,184,177
91,184,177
91,184,177
91,184,177
92,184,178
92,185,178
92,185,178
92,185,178
92,185,178
92,185,178
93,185,179
93,185,179
93,185,179
93,185,179
93,185,179
93,185,179
93,185,179
92,185,178
92,185,178
92,185,178
92,185,178
93,185,178
93,185,179
93,185,178
93,185,178
93,185,178
93,185,179
94,185,178
94,185,178
95,186,178
95,186,178
95,186,178
95,186,179
95,186,178
95,186,178
95,186,179
95,186,179
94,185,179
93,185,178
92,185,178
92,185,178
92,185,178
92,185,177
92,185,177
93,185,178
94,185,177
94,185,179
95,186,179
95,186,179
95,186,179
95,186,179
95,186,179
95,186,178
95,186,178
93,185,178
92,185,177
92,185,177
92,184,177
91,184,177
91,184,177
91,184,177
91,184,177
90,184,177
90,184,177
89,184,176
90,183,176
90,183,176
90,183,176
90,184,177
90,183,177
90,184,177
90,184,177
90,184,177
90,184,177
90,184,177
91,184,177
91,184,177
91,184,177
91,184,177
91,184,177
91,184,177
91,184,177
91,184,177
91,184,177
91,184,177
91,184,177
91,184,177
90,184,177
90,184,177
91,184,177
91,184,177
91,184,177
91,184,177
91,184,177
92,185,177
93,185,178
95,186,178
95,187,179
95,187,179
96,187,179
96,187,179
96,186,179
95,186,179
95,186,179
93,185,178
92,185,178
91,184,177
90,184,177
90,184,177
89,184,177
89,184,176
89,184,176
90,183,176
90,183,176
91,184,176
91,184,176
91,184,176
91,184,176
91,184,176
90,184,177
90,183,176
89,183,176
87,182,176
86,181,175
85,181,174
84,180,174
83,180,173
82,181,173
82,181,173
82,181,173
82,180,172
82,180,172
82,180,172
80,179,171
79,178,171
77,178,171
76,178,170
76,177,170
66,173,166
66,173,166
67,173,166
70,174,168
73,176,169
76,178,170
80,179,172
81,180,173
83,181,174
84,181,175
86,182,175
86,183,176
88,183,176
88,183,176
88,183,176
88,183,175
89,184,176
91,184,177
91,184,177
92,185,178
92,185,178
94,186,178
95,186,179
97,187,180
99,188,180
99,188,180
99,188,180
99,188,180
98,187,180
97,187,179
95,186,179
93,185,178
92,185,178
92,184,178
92,184,178
91,184,177
90,184,177
90,184,177
89,184,177
89,184,177
89,184,177
89,184,177
90,184,177
90,184,178
91,184,177
91,184,177
91,184,177
91,184,177
92,185,178
92,185,178
92,185,178
92,185,178
93,185,178
93,185,179
93,185,179
93,186,178
93,186,178
93,186,178
93,185,179
93,185,179
93,185,179
93,185,179
92,185,178
92,185,178
92,185,178
92,185,178
92,185,178
93,185,179
93,185,178
93,185,178
93,185,178
93,186,178
94,185,179
94,185,179
95,186,179
95,186,179
95,186,179
95,186,179
95,186,179
95,186,179
95,186,179
95,186,179
95,186,179
95,186,179
94,185,178
92,185,178
92,185,178
92,185,177
92,185,178
93,185,179
93,186,178
94,185,179
95,186,179
95,186,179
95,186,179
95,186,179
95,186,179
95,186,179
95,186,178
95,186,178
93,185,178
92,185,177
92,185,177
92,184,177
92,184,177
91,184,177
91,184,177
91,184,177
91,184,176
91,184,177
91,184,177
91,184,177
91,184,177
92,184,177
92,184,177
92,184,177
92,184,177
92,184,177
92,184,177
92,184,177
92,184,177
92,184,177
92,185,177
92,185,177
93,185,178
93,185,178
92,185,177
92,184,177
92,184,177
91,184,177
91,184,177
91,184,177
91,184,177
91,184,177
91,184,177
92,184,177
92,184,177
92,184,177
93,185,178
94,185,178
95,186,178
95,186,178
95,187,179
96,187,179
96,187,179
95,187,179
96,186,179
95,186,179
95,186,179
93,185,179
92,184,178
91,184,177
91,184,177
90,184,177
90,184,178
90,184,177
91,184,177
91,184,177
91,184,177
91,184,176
91,184,176
91,184,176
91,184,177
91,184,176
91,184,176
90,183,176
89,183,176
87,182,176
86,182,175
85,181,174
83,180,174
82,180,173
81,180,173
82,180,173
82,181,173
83,180,172
83,180,172
83,180,172
80,179,172
79,179,171
78,178,171
78,178,171
77,177,171
69,174,167
68,174,167
69,174,167
70,174,168
73,176,169
76,177,170
79,179,172
81,180,173
83,181,174
84,181,174
85,182,174
86,183,176
88,183,176
88,183,176
88,183,176
88,183,176
88,183,175
89,184,176
90,184,177
91,184,177
92,185,178
93,185,179
95,186,179
95,186,179
98,188,180
99,188,180
99,188,180
99,188,180
98,188,180
97,187,179
96,186,179
94,185,178
93,185,178
92,185,178
92,184,178
92,184,178
91,184,177
91,184,177
90,184,177
89,184,177
89,184,177
89,184,177
90,184,177
91,184,177
91,184,177
91,184,177
91,184,177
92,185,177
92,185,177
92,185,178
93,185,179
93,185,179
93,185,178
94,185,178
94,185,179
94,185,179
95,186,179
95,186,179
94,185,179
94,185,179
94,185,179
94,185,179
93,185,179
93,185,179
93,185,179
93,185,179
92,185,178
92,185,177
93,185,178
93,185,178
93,185,178
93,185,178
93,186,178
93,186,178
94,185,179
94,185,179
95,186,179
95,186,179
95,186,179
95,186,179
95,186,179
95,186,179
95,186,179
95,186,179
95,186,179
94,185,179
93,185,178
92,185,178
92,185,178
92,185,178
93,185,179
93,185,179
93,185,179
94,185,179
95,186,179
95,186,179
95,186,179
95,186,179
95,186,179
95,186,178
95,186,178
94,185,178
93,185,178
93,185,178
92,185,178
92,185,178
92,184,178
92,184,178
92,184,178
92,184,177
92,184,177
92,184,177
92,184,177
92,184,177
92,185,177
93,185,178
92,185,177
92,185,177
92,185,177
92,185,178
92,185,178
92,185,178
93,185,178
93,185,178
94,185,177
94,185,177
94,185,177
93,185,178
93,185,179
92,185,178
92,185,178
92,185,178
92,185,178
92,185,177
92,185,177
93,185,178
94,185,178
93,185,178
94,185,178
94,185,178
95,186,178
95,186,178
96,187,179
96,187,179
96,187,179
96,187,179
96,187,180
96,186,179
95,186,179
95,186,179
93,186,178
92,185,178
92,185,178
91,184,177
91,184,177
91,185,177
91,185,177
91,185,177
92,185,177
92,185,177
92,184,177
92,184,177
92,184,177
91,184,177
91,184,176
91,184,176
90,184,177
89,183,176
87,182,176
86,181,175
84,180,174
83,180,174
81,180,174
81,180,173
81,180,173
82,180,173
83,180,172
83,181,172
83,181,172
82,180,172
80,179,171
79,179,171
78,178,171
78,178,171
78,178,171
70,174,168
70,174,168
71,175,168
73,176,169
76,178,170
79,179,171
81,180,173
83,181,174
85,181,174
85,182,174
86,182,175
87,183,175
88,183,176
88,183,176
88,183,176
88,183,176
88,183,175
90,184,177
90,184,177
92,185,178
92,185,178
94,186,178
95,186,179
96,186,180
98,187,180
99,188,180
99,188,180
98,188,180
97,187,179
95,187,179
94,185,178
92,185,177
92,185,178
92,184,178
92,184,178
91,184,177
91,184,177
91,184,177
91,184,177
91,184,177
90,184,177
90,184,177
91,184,177
91,184,177
91,184,177
91,184,177
92,185,177
92,185,177
93,185,178
93,185,179
94,185,178
94,185,179
95,186,179
95,186,179
95,186,179
95,186,179
95,186,179
95,186,179
95,186,179
95,186,179
95,186,179
95,186,179
94,185,179
94,185,179
93,185,179
93,185,179
93,185,179
93,185,178
93,185,178
93,185,178
93,185,178
93,185,178
93,185,178
93,186,178
94,186,178
94,186,178
95,186,179
95,186,179
95,186,179
95,186,179
96,187,179
96,187,179
96,186,180
95,186,179
95,186,179
95,186,179
94,185,178
93,185,178
93,185,179
92,185,178
93,185,179
93,185,179
93,185,179
94,186,178
94,185,179
95,186,179
95,186,179
95,186,179
95,186,179
95,186,178
95,186,178
95,186,178
94,185,178
93,185,178
93,185,178
93,185,178
92,185,178
92,185,178
92,184,178
92,184,178
92,184,178
92,185,178
92,185,178
92,184,178
92,185,178
92,185,178
92,185,178
92,185,178
92,185,178
92,185,178
92,185,178
93,185,179
93,185,178
93,185,178
94,185,177
94,185,177
94,185,177
94,185,178
94,185,178
94,185,178
94,185,179
93,186,178
94,185,179
94,185,179
94,185,179
94,185,178
95,186,178
95,186,179
95,186,179
95,186,178
95,186,179
96,187,179
96,187,179
96,187,179
96,187,180
96,187,180
96,187,179
96,187,179
95,186,179
95,186,179
94,185,179
93,185,179
92,185,178
92,184,178
92,185,178
92,185,177
92,185,177
92,185,177
92,185,177
92,185,177
92,185,177
92,184,177
92,184,177
91,184,177
91,184,177
91,184,176
89,184,176
88,183,176
87,182,175
86,181,175
83,181,174
82,180,173
80,179,173
80,179,173
80,179,173
80,179,172
82,180,172
83,181,172
83,181,172
81,180,171
80,179,172
79,179,171
79,179,171
79,178,171
79,178,171
71,175,168
72,176,169
73,176,170
76,177,171
79,179,172
82,180,173
83,181,174
85,181,174
86,182,174
86,182,175
87,182,175
88,183,176
88,183,175
88,183,175
88,183,175
88,183,175
90,184,177
90,184,177
91,184,177
92,185,178
92,185,178
94,186,178
95,186,179
96,186,179
98,187,180
98,187,180
98,187,180
97,187,179
95,187,179
94,186,178
92,185,178
92,185,178
92,184,178
91,184,177
91,184,177
91,184,177
91,184,177
91,184,177
92,185,177
92,184,177
92,185,177
93,185,178
93,185,178
93,185,178
92,185,177
92,185,177
93,185,178
94,185,178
93,186,178
94,185,179
95,186,179
95,186,179
95,186,179
95,186,179
95,186,179
95,186,179
95,186,179
95,186,179
95,186,179
95,186,179
95,186,179
95,186,179
95,186,179
95,186,179
95,186,179
94,185,179
93,186,178
94,185,177
94,185,177
93,185,178
93,185,178
93,185,178
93,185,178
93,185,179
93,185,179
93,186,179
94,186,178
94,186,179
95,186,179
96,187,179
96,187,179
96,187,179
96,187,179
96,186,180
95,186,179
95,186,179
95,186,178
94,185,177
94,185,177
93,185,179
93,185,179
93,185,179
93,185,179
93,185,179
94,185,179
94,185,179
95,186,179
95,186,179
95,186,179
95,186,178
95,186,178
95,186,178
95,186,178
95,186,178
93,185,178
93,185,178
93,185,179
92,185,178
92,185,178
92,184,178
92,184,178
92,184,178
92,185,178
92,185,178
92,185,178
92,185,178
92,185,178
92,185,178
92,185,178
92,185,178
92,185,178
93,185,179
93,185,179
93,185,178
94,185,177
94,185,177
94,185,178
94,185,179
95,186,179
95,186,179
95,186,179
95,186,179
95,186,179
95,186,179
95,186,179
95,186,179
95,186,179
95,186,179
95,186,179
95,186,179
96,187,179
96,187,179
96,187,179
96,187,179
96,187,179
96,187,179
96,187,179
96,187,179
96,186,180
95,186,179
95,186,179
94,185,178
94,185,177
93,185,178
93,185,178
92,185,177
92,185,177
92,185,177
92,185,177
92,185,177
92,185,177
92,185,177
91,184,177
91,184,177
90,184,177
89,183,177
88,183,176
88,183,176
87,182,175
85,182,174
83,181,174
82,180,173
80,179,173
80,179,173
80,179,173
80,179,172
80,179,172
82,180,172
81,180,171
81,180,171
80,179,172
80,179,171
79,179,171
79,178,171
79,178,171
73,176,170
73,176,169
74,176,170
76,177,171
79,179,172
82,180,173
83,181,173
84,181,173
86,182,174
86,182,175
87,182,175
87,183,175
88,183,176
88,183,176
88,183,175
89,184,176
90,184,177
91,184,177
91,184,177
92,185,178
92,185,178
93,185,179
94,185,179
95,186,179
96,186,179
96,187,179
97,187,179
97,187,179
96,186,179
94,186,178
93,185,179
92,185,178
92,185,178
92,185,178
91,184,177
91,184,177
91,184,177
91,184,177
92,185,178
92,185,177
93,185,178
94,185,178
94,185,177
94,185,177
94,185,177
94,185,177
94,185,178
94,185,178
94,185,178
95,186,179
95,186,179
95,186,179
95,186,179
95,186,179
95,186,179
95,186,179
95,186,179
95,186,179
95,186,179
95,186,179
95,186,179
95,186,179
95,186,179
95,186,179
95,186,179
95,186,179
95,186,179
95,186,178
95,186,178
95,186,178
94,185,177
94,185,177
93,185,178
93,185,178
92,185,178
91,185,178
91,185,178
93,185,178
93,186,179
94,186,179
96,187,179
96,187,179
96,187,179
96,187,179
96,187,179
96,186,179
95,186,179
95,186,178
95,186,178
94,185,177
94,185,178
93,186,178
93,185,179
93,185,179
93,185,179
93,185,179
93,186,178
94,185,179
95,186,179
95,186,179
95,186,179
95,186,178
95,186,178
95,186,178
95,186,178
94,185,177
94,185,177
93,185,178
93,185,178
93,185,179
93,185,179
92,185,178
92,185,178
92,185,178
92,185,178
92,185,178
92,185,178
92,184,178
91,184,177
91,184,177
91,185,177
92,185,178
92,185,178
93,185,179
93,185,179
93,185,178
94,185,177
94,185,179
95,186,179
95,186,179
95,186,179
95,186,179
95,186,179
95,186,179
95,186,179
95,186,179
95,186,179
96,187,179
96,187,179
96,187,179
96,187,179
96,187,179
96,187,179
96,187,179
96,187,179
96,187,179
96,187,179
96,187,179
96,187,179
96,186,180
95,186,179
95,186,178
95,186,178
95,186,178
95,186,178
94,185,178
93,185,178
93,185,178
92,185,177
92,185,177
92,185,177
92,185,177
91,184,177
90,184,177
90,184,177
88,183,176
88,183,176
88,183,176
87,183,175
85,182,174
84,181,175
83,181,174
82,180,174
81,180,174
80,179,173
80,179,172
80,179,172
80,179,172
80,179,172
80,179,172
80,179,172
80,179,171
80,179,171
79,179,171
79,179,171
79,178,171
79,178,171
74,176,170
74,176,170
76,177,171
78,178,172
80,179,172
83,180,173
84,181,173
85,182,174
85,182,174
86,182,175
87,182,175
88,183,176
88,183,176
88,183,176
89,184,176
90,184,177
91,184,177
91,184,177
92,185,178
92,184,178
92,185,178
93,185,179
94,185,179
95,186,179
95,186,179
95,186,179
96,186,180
95,186,179
94,185,179
93,185,179
92,185,178
92,185,178
92,185,178
92,185,178
92,185,178
92,185,178
92,185,178
92,185,178
92,185,177
93,185,178
94,185,178
94,185,178
94,185,178
95,186,178
95,186,178
95,186,178
95,186,178
95,186,179
95,186,179
95,186,179
95,186,179
95,186,179
95,186,179
95,186,179
95,186,179
95,186,179
95,186,179
95,186,179
95,186,179
95,186,179
95,186,179
95,186,179
95,186,179
95,186,179
95,186,179
95,186,179
95,186,179
95,186,179
95,186,179
95,186,179
95,186,178
94,185,177
93,185,178
92,185,177
91,185,177
90,184,178
90,184,177
90,184,178
92,185,178
93,186,179
94,186,178
96,187,179
96,187,179
96,187,179
96,186,180
95,186,179
95,186,179
95,186,179
95,186,179
95,186,178
95,186,179
94,185,179
93,185,179
93,185,179
93,185,179
93,185,179
93,185,179
93,185,179
94,185,179
95,186,179
95,186,178
95,186,178
95,186,178
95,186,178
94,185,177
94,185,177
94,185,177
94,185,177
94,185,178
93,185,178
93,185,178
93,185,178
93,185,178
93,185,178
92,185,178
92,185,178
92,184,178
92,185,178
91,184,177
91,185,177
91,185,177
91,185,177
92,185,178
92,185,178
93,185,178
93,185,178
94,185,177
94,185,177
94,185,179
95,186,179
95,186,179
95,186,179
95,186,179
95,186,179
95,186,179
96,186,180
96,187,179
96,187,179
96,187,179
96,187,179
96,187,179
96,187,179
96,187,179
96,187,179
96,187,179
96,187,179
96,187,179
96,187,179
96,187,179
96,187,179
95,186,179
95,186,179
95,186,178
95,186,178
95,186,178
95,186,178
94,185,177
93,185,178
92,185,177
92,184,177
92,185,177
91,184,177
91,184,177
90,184,177
88,183,176
88,183,175
88,183,176
87,183,175
87,183,175
86,182,175
85,182,174
84,181,175
83,181,174
82,180,173
82,180,172
80,179,172
80,179,172
80,179,172
80,179,172
80,179,172
80,179,171
80,179,171
80,179,171
79,179,171
79,179,171
79,178,171
79,178,171
75,177,169
75,177,169
76,177,170
77,178,171
79,179,172
82,180,173
84,181,174
85,182,173
85,182,174
86,182,175
87,182,175
87,183,175
88,183,176
88,183,176
89,184,176
90,184,177
90,184,177
91,184,177
91,184,177
92,185,178
92,184,178
92,185,178
93,185,179
94,185,179
94,185,178
95,186,178
95,186,179
95,186,179
94,185,179
93,185,179
93,185,179
92,185,178
92,185,178
92,185,178
92,185,178
92,185,178
92,185,178
92,185,178
92,185,178
93,185,178
94,185,178
94,185,178
95,186,178
95,186,178
95,186,178
95,186,178
95,186,178
95,186,179
95,186,179
95,186,179
95,186,179
95,186,179
95,186,179
95,186,179
95,186,179
95,186,179
95,186,179
95,186,179
95,186,179
95,186,179
95,186,179
95,186,179
95,186,179
96,187,179
96,187,179
96,187,179
96,187,179
95,186,179
95,186,179
95,186,179
95,186,179
95,186,179
95,186,178
94,185,178
92,185,177
90,184,178
90,184,177
89,184,177
89,184,177
90,184,177
91,185,177
93,186,178
94,186,178
95,187,179
95,186,178
95,186,179
95,186,179
95,186,179
95,186,179
95,186,179
95,186,179
95,186,179
95,186,179
94,185,179
93,185,179
93,185,179
93,185,179
92,185,178
92,184,178
93,185,179
93,185,178
93,185,178
93,185,178
93,185,179
94,185,178
94,185,178
94,185,177
94,185,177
94,185,177
94,185,177
94,185,177
94,185,177
94,185,177
94,185,177
94,185,177
94,185,178
92,185,178
92,184,178
92,184,178
91,184,177
91,185,177
91,185,177
91,185,177
92,185,178
92,185,177
93,185,178
93,185,178
94,185,177
94,185,177
94,185,177
95,186,179
95,186,179
95,186,179
95,186,179
95,186,179
95,186,179
96,186,180
96,187,179
96,187,179
96,187,179
96,187,179
96,187,179
96,187,179
95,186,179
95,186,179
95,186,179
95,186,179
95,186,179
96,187,179
96,187,179
96,187,179
95,186,179
95,186,179
95,186,179
95,186,178
95,186,178
95,186,178
95,186,178
94,185,177
93,185,178
92,185,177
91,184,177
91,184,177
90,184,177
89,183,176
88,183,176
88,183,176
88,183,176
87,183,175
87,183,175
87,182,175
86,182,175
85,182,174
84,181,174
83,181,174
82,180,173
82,180,172
80,179,172
80,179,172
80,179,172
80,179,172
80,179,171
80,179,171
80,179,171
79,179,171
79,179,171
79,178,171
79,178,171
79,178,171
75,177,170
75,177,170
76,177,170
78,178,171
80,179,172
83,180,173
84,181,174
85,182,173
86,182,175
86,182,175
87,182,175
87,183,175
88,183,176
88,183,175
89,184,177
90,184,177
90,184,177
91,184,177
91,184,177
92,185,178
92,184,178
92,185,178
93,185,179
93,186,178
94,185,179
94,185,179
94,185,179
93,185,179
93,185,179
93,185,179
92,185,178
92,185,178
92,185,178
93,185,178
93,185,178
92,185,178
92,185,178
93,185,179
93,185,179
94,185,178
95,186,178
95,186,178
95,186,178
95,186,178
95,186,178
95,186,179
95,186,179
95,186,179
95,186,179
95,186,179
95,186,179
95,186,179
95,186,179
95,186,179
95,186,179
95,186,179
95,186,179
95,186,179
95,186,179
95,186,179
95,186,179
96,187,179
96,187,179
96,187,179
96,187,179
96,187,179
96,187,179
96,186,180
95,186,179
95,186,179
95,186,179
95,186,179
95,186,179
93,185,178
92,185,177
91,184,177
89,184,177
89,184,177
89,184,176
89,184,176
90,184,177
91,185,177
93,185,178
94,186,178
95,186,178
95,186,179
95,186,179
95,186,179
95,186,179
95,186,179
95,186,179
95,186,179
95,186,179
95,186,179
94,185,179
93,185,179
92,185,178
92,185,178
91,184,177
91,184,177
91,185,177
91,185,177
91,185,177
91,185,177
92,185,177
93,185,178
94,185,178
94,185,177
94,185,177
94,185,177
94,185,177
94,185,177
94,185,177
94,185,177
94,185,177
94,185,178
94,185,178
93,185,178
92,185,178
92,184,178
91,184,177
91,185,177
92,185,178
92,185,177
93,185,178
93,185,178
94,185,177
94,185,177
94,185,178
94,185,178
94,185,179
95,186,179
95,186,179
95,186,179
95,186,179
95,186,179
95,186,179
95,186,179
96,187,179
96,187,179
96,187,179
95,186,179
95,186,179
95,186,179
95,186,179
95,186,179
95,186,179
95,186,179
96,187,179
96,187,179
96,187,179
96,187,179
95,186,179
95,186,179
95,186,178
95,186,178
95,186,178
95,186,178
94,185,177
93,185,178
92,185,177
92,184,177
91,184,177
89,183,176
88,183,176
88,183,176
88,183,176
87,183,175
87,183,175
87,183,175
87,183,175
87,182,175
86,182,175
86,182,174
85,182,174
84,181,174
83,180,173
82,180,173
82,180,172
80,179,172
80,179,172
80,179,171
80,179,171
80,179,171
79,179,171
79,178,171
78,178,171
78,178,171
79,178,171
75,177,170
76,177,170
77,177,171
79,179,172
80,179,172
83,180,173
84,181,174
85,182,174
86,182,175
87,182,175
87,182,175
87,183,175
88,183,176
88,183,176
89,184,177
90,184,177
90,184,177
91,184,177
91,184,177
92,185,178
92,184,178
92,184,178
92,185,178
93,185,179
93,186,178
93,186,178
93,185,179
93,185,179
93,185,179
93,185,179
93,185,179
93,185,178
93,185,178
93,185,178
93,185,178
93,185,178
93,185,179
94,185,178
94,185,179
95,186,179
95,186,179
95,186,179
95,186,179
95,186,179
95,186,179
95,186,179
95,186,179
95,186,179
95,186,179
95,186,179
95,186,179
95,186,179
95,186,179
95,186,179
95,186,179
95,186,179
95,186,179
95,186,179
96,187,179
96,187,179
96,187,179
96,187,179
96,187,179
96,187,179
96,187,179
96,187,179
96,187,179
95,186,179
95,186,179
95,186,179
95,186,179
95,186,179
95,186,179
95,186,178
93,185,178
92,185,178
90,184,177
89,184,177
89,184,176
89,184,177
90,184,177
90,184,178
91,185,177
92,185,177
94,186,178
95,186,178
95,186,178
95,186,179
95,186,179
95,186,179
95,186,179
95,186,179
95,186,179
95,186,179
94,185,179
93,185,179
92,185,178
91,184,177
91,184,177
90,184,177
90,184,177
90,184,177
90,184,177
90,184,178
91,185,177
92,185,177
93,185,178
94,185,177
94,185,177
94,185,177
94,185,177
94,185,177
94,185,178
95,186,179
95,186,179
94,185,178
94,185,178
94,185,178
94,185,178
93,186,178
94,185,179
94,185,179
94,185,179
93,186,178
94,185,177
94,185,177
94,185,177
95,186,178
95,186,178
95,186,178
94,185,179
95,186,179
95,186,179
95,186,179
95,186,179
95,186,179
95,186,179
95,186,179
96,187,179
96,187,179
96,187,179
95,186,179
95,186,179
95,186,179
95,186,179
95,186,179
96,186,180
96,187,179
96,187,179
97,187,180
96,187,179
96,187,179
95,186,179
95,186,179
95,186,179
95,186,178
95,186,178
95,186,178
94,185,177
93,185,178
92,185,177
92,184,177
91,184,176
89,183,176
88,183,176
88,183,176
88,183,176
87,183,175
87,183,176
87,183,176
87,183,175
87,183,175
87,183,175
87,182,175
86,182,174
86,181,174
85,181,174
83,180,173
82,180,173
82,180,172
80,179,172
80,179,172
80,179,171
80,179,171
79,179,171
78,178,171
78,178,171
78,178,171
78,178,171
75,177,170
75,177,170
76,177,170
78,178,171
79,179,172
82,180,173
83,180,173
84,181,174
85,182,174
86,182,175
87,182,175
87,183,175
87,183,175
88,183,176
88,183,176
89,184,177
90,184,177
90,184,177
91,184,177
91,184,177
91,184,177
92,185,178
92,185,178
92,185,178
92,185,178
92,185,178
93,185,178
93,185,179
93,185,179
93,185,179
93,185,179
93,185,178
93,185,178
93,185,178
93,185,178
93,185,178
94,185,177
94,185,178
95,186,179
95,186,179
95,186,179
95,186,179
95,186,179
95,186,179
95,186,179
95,186,179
95,186,179
95,186,179
95,186,179
95,186,179
95,186,179
95,186,179
95,186,179
95,186,179
95,186,179
95,186,179
95,186,179
95,186,179
96,187,179
96,187,179
96,187,179
96,187,179
96,187,179
96,187,179
96,187,179
96,187,179
96,187,179
95,186,179
95,186,179
95,186,179
95,186,179
95,186,179
95,186,179
95,186,178
95,186,178
94,185,178
92,185,177
92,185,178
91,184,177
90,184,177
89,184,177
90,184,178
91,185,177
91,184,177
91,184,177
92,185,177
93,185,178
94,185,178
95,186,178
95,186,179
95,186,179
95,186,179
95,186,179
95,186,179
95,186,179
94,185,178
93,185,178
92,185,177
91,184,177
90,184,177
89,184,177
89,184,176
89,184,176
90,184,177
90,184,177
91,184,177
92,185,177
93,185,178
94,185,177
94,185,177
94,185,177
95,186,178
95,186,178
95,186,179
95,186,179
95,186,179
95,186,179
95,186,179
95,186,179
95,186,179
95,186,179
95,186,179
95,186,179
95,186,179
95,186,179
95,186,179
95,186,178
95,186,178
95,186,178
95,186,178
95,186,178
95,186,179
95,186,178
95,186,178
95,186,178
95,186,179
95,186,179
95,186,179
95,186,179
96,187,179
96,187,179
96,187,179
96,187,179
96,186,180
96,186,180
96,187,179
96,187,179
96,187,179
97,187,180
97,187,180
97,187,180
97,187,180
97,187,180
96,186,180
95,186,179
95,186,179
95,186,178
95,186,178
95,186,178
94,185,177
93,185,178
92,185,177
92,185,177
91,184,177
89,184,176
88,183,176
88,183,176
88,183,176
87,183,175
87,183,176
87,183,176
87,183,175
88,183,176
88,183,176
88,183,175
88,183,175
87,182,175
86,182,174
84,181,174
83,180,173
82,180,173
82,180,172
80,179,172
80,179,171
80,179,171
79,179,171
78,178,171
77,178,171
77,178,171
77,178,171
78,178,171
75,177,169
75,177,170
76,177,170
78,178,171
80,179,172
82,180,173
83,180,173
84,181,174
85,182,174
87,182,175
87,183,175
87,183,175
88,183,176
88,183,176
89,184,176
89,184,177
90,184,177
90,184,177
90,184,177
91,184,177
91,184,177
91,184,177
91,184,177
92,185,178
92,185,178
92,185,177
92,185,177
92,185,177
92,185,177
92,185,177
92,185,177
93,185,178
93,185,178
93,185,178
93,185,178
93,185,178
94,185,177
95,186,179
95,186,179
95,186,179
95,186,179
95,186,179
95,186,179
95,186,179
95,186,179
95,186,179
95,186,179
95,186,179
95,186,179
95,186,179
95,186,179
95,186,179
95,186,179
95,186,179
95,186,179
95,186,179
95,186,179
95,186,179
96,187,179
96,187,179
96,187,179
96,187,179
95,186,179
95,186,179
95,186,179
95,186,179
95,186,179
95,186,179
95,186,178
95,186,178
95,186,178
95,186,178
95,186,178
95,186,178
95,186,178
94,185,178
94,185,178
93,185,178
92,185,177
91,184,177
91,184,177
91,184,177
91,184,177
91,184,177
91,184,177
91,184,177
91,184,177
92,185,177
93,185,179
94,185,179
95,186,179
95,186,179
95,186,179
95,186,178
95,186,178
94,185,177
93,185,178
92,184,177
91,184,177
90,184,177
89,184,176
89,184,176
89,184,176
90,184,177
90,184,177
92,185,177
93,185,178
94,185,177
94,185,177
94,185,178
95,186,178
95,186,178
95,186,179
95,186,179
95,186,179
95,186,179
95,186,179
95,186,179
95,186,179
95,186,179
95,186,179
95,186,179
95,186,179
95,186,179
95,186,179
95,186,179
95,186,179
95,186,179
95,186,179
95,186,178
95,186,179
95,186,179
95,186,179
95,186,178
95,186,179
95,186,179
95,186,179
95,186,179
96,187,179
96,187,179
96,187,179
97,187,180
97,187,180
97,187,180
97,187,180
97,187,180
97,187,180
97,187,180
98,187,180
98,187,181
98,187,181
97,187,180
97,187,180
96,186,179
95,186,179
95,186,179
95,186,179
95,186,179
95,186,178
94,185,178
93,185,178
92,185,177
92,184,177
91,184,177
91,184,176
89,183,176
88,183,176
88,183,176
87,183,176
87,183,176
87,183,176
88,183,176
88,183,176
88,183,176
88,183,175
88,183,175
88,183,175
87,182,175
85,182,174
84,181,174
83,180,173
82,180,173
81,180,173
80,179,172
80,179,172
79,179,172
77,177,171
77,178,171
77,178,171
77,178,171
78,178,171
74,177,170
75,177,170
76,177,170
78,178,172
80,179,172
82,180,173
83,180,173
84,181,174
85,182,174
87,182,175
87,183,175
87,183,175
88,183,176
88,183,176
89,183,176
89,184,176
90,184,177
91,184,177
91,184,177
91,184,177
90,184,177
91,184,177
91,184,177
91,184,177
91,184,177
92,185,177
92,185,177
92,185,177
92,185,177
92,185,177
92,185,177
92,185,177
93,185,178
93,185,178
93,185,178
94,185,178
94,185,178
95,186,179
95,186,179
95,186,179
95,186,179
95,186,179
95,186,179
95,186,179
95,186,179
95,186,179
95,186,179
95,186,179
95,186,179
95,186,179
95,186,179
95,186,179
95,186,179
95,186,179
95,186,179
95,186,179
95,186,179
95,186,179
95,186,179
95,186,179
95,186,179
95,186,179
95,186,179
95,186,179
95,186,179
95,186,179
95,186,179
94,185,178
94,185,178
94,185,178
94,185,178
94,185,178
94,185,179
95,186,179
95,186,178
95,186,178
94,185,178
94,185,178
93,185,178
93,185,178
93,185,178
93,185,178
91,184,177
91,184,177
91,184,177
91,184,177
91,184,177
91,184,177
91,184,177
92,185,178
93,185,179
93,186,178
94,185,179
95,186,178
94,185,177
94,185,177
93,185,178
93,185,178
92,184,177
91,184,177
90,184,177
89,184,176
90,184,177
91,184,177
92,184,177
94,185,177
94,185,177
94,185,178
95,186,178
95,186,178
95,186,178
95,186,179
95,186,179
95,186,179
95,186,179
95,186,179
96,186,180
96,187,179
96,186,179
96,186,179
95,186,179
95,186,179
95,186,179
95,186,179
95,186,179
95,186,179
95,186,179
95,186,179
95,186,179
95,186,179
95,186,179
95,186,179
95,186,179
95,186,179
95,186,179
95,186,179
96,187,179
96,187,179
97,187,180
97,187,180
97,187,180
97,187,180
97,187,180
97,187,180
97,187,180
98,187,180
98,187,180
98,187,180
98,187,181
98,187,181
98,187,181
98,187,181
97,187,180
97,187,180
95,186,179
95,186,179
95,186,179
95,186,179
94,185,179
93,186,178
93,185,179
92,185,177
92,185,177
92,184,177
91,184,177
90,183,176
89,183,176
88,183,176
88,183,176
88,183,176
88,183,176
88,183,175
89,183,176
89,183,176
89,183,176
89,183,175
88,183,175
87,183,175
86,182,175
84,181,174
83,181,174
83,180,173
82,180,172
81,179,173
80,179,172
78,178,171
77,178,171
76,177,170
76,177,170
76,177,170
76,178,170
73,177,170
74,177,170
74,177,170
76,177,171
78,178,172
80,179,172
81,180,173
83,180,173
84,181,174
85,182,174
87,183,175
87,183,175
88,183,176
88,183,176
88,183,176
89,183,176
89,184,176
89,184,176
91,184,177
91,184,177
91,184,177
91,184,177
91,184,177
91,184,177
91,184,177
91,184,177
91,184,177
91,184,177
92,185,177
92,184,177
92,184,177
92,184,177
92,185,177
92,185,177
93,185,179
93,185,179
93,185,179
94,185,179
95,186,179
95,186,179
95,186,179
95,186,179
95,186,179
95,186,179
95,186,179
95,186,179
95,186,179
95,186,179
95,186,179
95,186,179
95,186,179
95,186,179
95,186,179
95,186,179
95,186,179
95,186,179
95,186,179
95,186,179
95,186,179
95,186,179
95,186,179
95,186,179
95,186,179
95,186,179
95,186,179
95,186,179
94,185,179
93,186,178
92,185,178
92,185,178
91,184,177
91,184,177
92,185,178
93,185,179
94,185,178
94,185,178
95,186,178
95,186,178
95,186,178
95,186,178
95,186,178
94,185,177
93,185,177
93,185,177
91,184,177
91,184,177
91,184,177
90,184,177
90,184,177
89,184,176
90,184,177
91,184,177
92,185,178
93,185,178
93,185,178
94,185,177
94,185,177
93,185,177
93,185,178
93,185,178
93,185,178
91,184,177
91,184,177
92,184,177
93,185,178
94,185,177
94,185,177
95,186,178
95,186,178
95,186,178
95,186,178
95,186,179
95,186,179
95,186,179
96,187,179
96,187,179
96,187,179
96,187,179
97,187,180
97,187,180
97,187,180
96,187,179
96,186,180
95,186,179
95,186,179
95,186,179
95,186,179
95,186,179
95,186,179
95,186,179
95,186,179
95,186,179
95,186,179
95,186,179
95,186,179
96,187,179
97,187,179
97,187,179
97,187,180
97,187,180
97,187,180
98,187,180
98,187,180
98,187,180
98,188,181
98,188,181
98,188,181
98,188,181
98,188,181
99,188,180
99,188,180
98,187,181
98,187,181
98,187,181
97,187,180
95,186,179
95,186,179
95,186,179
95,186,179
93,185,179
93,186,178
93,185,179
93,185,178
92,185,177
92,185,177
92,184,177
91,184,177
91,184,176
90,183,176
89,183,176
89,184,176
90,184,177
90,184,177
91,184,177
91,184,176
91,184,176
90,183,176
89,183,176
88,183,176
87,182,175
85,182,174
84,181,174
83,181,174
83,180,173
82,180,173
80,179,172
78,178,171
76,178,170
76,177,170
75,177,169
75,177,169
76,177,170
77,177,170
72,176,169
73,177,170
74,177,170
76,177,171
79,179,172
80,179,172
81,180,174
83,180,174
84,181,175
85,182,174
87,183,175
87,183,175
88,183,176
88,183,176
88,183,176
89,183,176
89,183,176
89,183,176
89,184,176
91,184,177
91,184,177
91,184,177
91,184,177
91,184,177
91,184,177
91,184,177
91,184,177
91,184,177
91,184,177
91,184,177
91,184,177
91,184,177
92,184,177
92,184,178
92,184,178
92,185,178
93,185,179
93,185,179
94,185,179
95,186,179
95,186,179
95,186,179
95,186,179
95,186,179
95,186,179
95,186,179
95,186,179
95,186,179
95,186,179
95,186,179
95,186,179
95,186,179
95,186,179
95,186,179
95,186,179
95,186,179
95,186,179
95,186,179
95,186,179
95,186,179
95,186,179
95,186,179
95,186,179
95,186,179
95,186,179
95,186,179
93,186,178
92,185,178
91,184,177
91,185,177
90,184,178
90,184,178
91,184,177
92,185,178
93,185,178
94,185,177
95,186,178
95,186,178
95,186,178
95,186,179
95,186,178
95,186,178
94,185,177
93,185,177
93,185,177
91,184,177
90,184,177
89,184,176
88,183,176
88,183,176
89,184,176
90,184,177
90,184,178
92,185,177
93,185,178
93,185,177
93,185,177
93,185,177
93,185,177
93,185,178
93,185,178
93,185,178
93,185,178
94,185,177
94,185,177
95,186,178
95,186,178
95,186,178
95,186,178
95,186,178
95,186,179
95,186,179
95,186,179
96,187,179
96,187,179
96,187,179
97,187,180
97,187,180
97,187,180
97,187,180
97,187,180
96,187,179
96,187,179
95,186,179
95,186,179
95,186,179
95,186,179
95,186,179
95,186,179
95,186,179
95,186,179
95,186,179
96,186,180
96,187,179
97,187,179
97,187,179
97,187,179
97,187,179
97,187,180
98,187,180
98,187,180
98,188,181
98,188,181
98,188,181
98,188,181
98,188,181
99,188,181
99,188,181
99,188,181
99,188,181
99,188,180
99,188,180
98,187,181
98,187,180
97,187,179
95,186,179
95,186,179
95,186,179
94,186,178
93,185,179
93,185,179
93,185,179
94,185,178
93,185,178
93,185,178
93,185,178
93,185,178
93,185,178
92,184,177
92,184,177
91,184,177
91,184,177
91,184,177
91,184,177
91,184,177
91,184,177
91,184,176
90,183,176
89,183,176
88,183,176
86,182,175
85,181,174
83,181,174
83,180,173
82,180,173
81,179,173
78,178,171
77,177,171
76,177,170
75,177,169
75,177,169
76,177,170
76,178,170
72,176,169
72,176,169
74,177,170
76,177,171
79,179,172
80,179,173
81,180,174
82,180,174
84,181,175
85,182,175
85,182,175
87,183,175
88,183,176
88,183,176
88,183,176
88,183,176
88,183,176
88,183,176
88,183,176
88,183,176
88,183,175
88,183,175
88,183,175
89,183,176
90,184,177
91,184,177
91,184,177
91,184,177
91,184,177
91,184,177
91,184,177
91,184,177
91,184,177
91,184,177
91,184,177
92,185,178
92,185,178
92,185,178
93,185,179
93,186,178
95,186,179
95,186,179
95,186,179
95,186,179
95,186,179
95,186,179
95,186,179
95,186,179
95,186,179
95,186,179
95,186,179
95,186,179
95,186,179
95,186,179
95,186,179
95,186,179
95,186,179
96,187,179
96,187,179
96,186,180
95,186,179
95,186,179
95,186,179
95,186,179
95,186,179
94,185,178
92,185,178
92,185,178
91,185,177
90,184,178
90,184,178
90,184,178
90,184,177
91,184,177
92,185,177
93,185,178
94,185,178
95,186,178
95,186,178
95,186,179
95,186,179
95,186,178
94,185,177
94,185,177
93,185,177
91,184,177
89,184,176
88,183,176
88,183,176
88,183,176
89,184,176
89,184,177
90,184,177
91,185,177
92,185,177
93,185,177
94,185,177
94,185,177
94,185,177
94,185,177
94,185,177
94,185,177
94,185,177
95,186,178
95,186,178
95,186,178
95,186,178
95,186,178
95,186,178
95,186,178
95,186,179
95,186,179
96,186,180
96,187,179
96,187,179
96,187,179
97,187,180
97,187,180
97,187,180
97,187,180
97,187,180
96,187,179
96,187,179
96,187,179
95,186,179
95,186,179
95,186,179
95,186,179
95,186,179
95,186,179
95,186,179
96,187,179
96,187,179
97,187,180
97,187,179
97,187,179
98,187,180
98,187,180
98,187,180
98,188,181
98,188,181
98,188,181
98,188,181
98,188,181
99,188,181
99,188,181
99,188,181
99,188,181
99,188,181
99,188,181
99,188,180
98,188,181
99,188,180
98,187,180
96,186,179
95,186,179
95,186,178
94,185,179
93,185,179
93,185,179
93,185,179
93,186,178
94,185,178
94,185,177
94,185,178
94,185,177
94,185,177
93,185,178
93,185,178
93,185,178
92,185,177
92,184,177
92,184,177
92,184,177
92,184,177
91,184,177
91,184,177
91,184,176
90,183,176
88,183,176
87,182,175
85,182,174
83,181,174
83,180,173
83,180,173
81,179,173
79,179,172
78,178,171
76,178,170
75,177,169
76,177,170
76,177,170
76,178,170
71,175,169
72,176,169
74,177,170
77,178,171
79,179,172
80,179,173
81,180,174
82,180,174
84,181,175
85,182,175
85,182,175
87,183,175
88,183,176
88,183,176
88,183,176
88,183,176
88,183,176
88,183,176
88,183,176
88,183,175
88,183,176
88,183,176
88,183,176
88,183,175
89,183,176
89,184,176
91,184,177
91,184,177
91,184,177
91,184,177
91,184,177
91,184,177
91,184,177
91,184,177
91,184,177
91,184,177
92,185,178
92,185,178
92,185,178
93,185,179
94,185,179
95,186,179
95,186,179
95,186,179
95,186,179
95,186,179
95,186,179
95,186,179
95,186,179
95,186,179
95,186,179
95,186,179
95,186,179
95,186,179
95,186,179
95,186,179
96,187,179
96,187,179
96,187,179
96,187,179
96,187,179
96,186,179
95,186,179
95,186,179
95,186,179
94,185,178
92,185,178
92,185,178
91,184,177
90,184,178
90,184,178
90,184,178
90,184,177
91,184,177
91,184,177
93,185,178
94,185,177
94,185,178
95,186,178
95,186,179
95,186,179
95,186,178
94,185,177
93,185,177
92,184,176
90,184,177
88,183,175
88,183,176
88,183,176
88,183,176
89,184,176
89,184,177
90,184,177
91,185,177
92,185,177
94,185,178
94,185,178
94,185,177
94,185,177
94,185,177
94,185,177
95,186,178
95,186,179
95,186,179
95,186,179
95,186,179
95,186,178
95,186,178
95,186,178
95,186,178
95,186,179
95,186,179
95,186,179
96,187,179
96,187,179
96,187,179
97,187,180
97,187,180
97,187,180
97,187,180
96,187,179
96,187,179
96,187,179
96,187,179
95,186,179
95,186,179
95,186,179
95,186,179
96,186,180
96,187,179
96,187,179
96,187,179
97,187,180
97,187,180
97,187,180
98,187,180
98,187,180
98,188,181
98,188,181
98,188,181
98,188,181
98,188,181
98,188,181
99,188,181
99,188,181
100,188,181
100,188,181
100,189,180
99,188,181
99,188,181
99,188,180
98,188,181
98,187,181
97,187,179
96,186,179
95,186,178
94,185,178
93,185,179
93,185,179
93,185,179
93,185,179
94,185,178
95,186,178
95,186,178
95,186,178
95,186,178
95,186,178
95,186,178
94,185,178
94,185,177
93,185,178
93,185,178
92,185,177
92,184,177
92,184,177
91,184,177
91,184,177
91,184,176
90,183,176
88,183,176
87,182,175
86,182,174
84,181,174
83,180,173
83,180,173
82,180,173
80,179,172
79,179,171
78,178,171
77,178,171
76,178,170
76,178,170
77,178,171
70,176,168
71,176,168
72,176,169
74,177,170
77,178,171
79,179,172
80,179,172
82,180,173
83,180,174
84,181,175
85,182,175
85,182,175
87,182,175
87,183,175
88,183,176
88,183,176
88,183,176
88,183,176
88,183,176
88,183,176
88,183,176
88,183,176
88,183,176
87,183,175
88,183,176
88,183,175
89,183,176
90,184,177
91,184,177
91,184,177
91,184,177
91,184,177
90,184,177
90,184,177
90,184,177
91,184,177
91,184,177
91,184,177
92,185,178
92,185,178
93,185,179
93,186,178
94,185,179
95,186,178
95,186,178
95,186,178
95,186,178
95,186,178
95,186,179
95,186,179
95,186,179
95,186,179
95,186,179
95,186,179
95,186,179
95,186,179
96,187,179
96,187,179
96,187,179
97,187,179
97,187,179
97,187,179
97,187,179
96,186,179
95,186,179
95,186,178
94,185,178
93,186,178
92,185,178
91,184,177
90,184,178
90,184,178
90,184,178
90,184,178
91,184,177
91,184,177
92,184,177
93,185,178
94,185,178
94,185,178
95,186,178
94,185,178
94,185,178
93,185,178
92,185,177
91,184,176
88,183,176
88,183,175
88,183,176
88,183,176
88,183,176
89,184,177
90,184,177
91,185,177
92,185,177
94,185,178
94,185,178
95,186,178
95,186,178
95,186,178
95,186,178
95,186,178
95,186,178
95,186,179
95,186,179
95,186,179
95,186,179
95,186,179
95,186,179
95,186,179
95,186,179
95,186,179
95,186,179
95,186,179
95,186,179
96,186,180
96,187,179
96,187,179
96,187,179
96,187,179
96,187,179
96,187,179
96,187,179
96,187,179
95,186,179
95,186,179
95,186,179
96,187,179
96,187,179
96,187,179
96,187,179
96,187,179
97,187,180
97,187,180
97,187,180
98,187,180
98,187,180
98,188,181
98,188,181
98,188,181
98,188,181
98,188,181
98,188,181
98,188,181
99,188,181
99,188,180
100,188,181
100,188,181
99,188,180
99,188,181
99,188,180
98,188,181
98,188,181
98,187,181
97,187,179
95,186,179
95,186,178
94,185,178
93,185,178
93,185,179
93,185,179
94,185,178
95,186,178
96,186,179
96,186,179
96,186,179
96,186,179
95,186,179
95,186,179
95,186,179
95,186,178
95,186,178
94,185,177
93,185,178
92,185,177
92,184,177
92,184,177
91,184,177
91,184,176
90,183,176
88,183,176
87,182,175
86,182,175
84,181,175
83,180,174
83,180,174
82,180,172
81,180,172
80,179,172
79,179,171
78,178,171
78,178,172
77,178,171
78,178,171
79,178,171
70,176,168
71,176,168
72,176,168
74,177,170
77,178,171
80,179,172
81,180,173
82,180,173
83,181,174
84,181,175
85,182,175
85,182,175
85,182,175
87,183,175
88,183,176
88,183,176
88,183,176
88,183,176
88,183,176
88,183,176
88,183,176
88,183,176
87,183,176
87,183,175
87,183,175
88,183,176
88,183,175
89,184,176
90,184,177
91,184,177
91,184,177
90,184,177
90,184,177
90,184,177
90,184,177
90,184,177
91,184,177
91,184,177
92,185,178
92,185,178
92,185,178
93,185,179
94,185,177
94,185,177
95,186,178
95,186,178
95,186,178
95,186,178
95,186,178
95,186,179
95,186,179
95,186,179
95,186,179
95,186,179
95,186,179
96,187,179
96,187,179
96,187,179
97,187,179
97,187,179
97,187,179
97,187,179
97,187,179
97,187,179
96,186,179
95,186,179
95,186,178
94,185,178
93,185,178
92,185,178
91,184,177
90,184,178
90,184,178
90,184,177
90,184,177
91,184,177
91,184,177
92,184,177
92,185,177
93,185,178
93,185,178
93,185,178
93,185,178
92,184,177
91,184,176
88,183,176
88,183,176
88,183,176
88,183,176
88,183,176
89,184,177
90,184,177
91,185,177
92,185,177
94,185,178
95,186,178
95,186,178
95,186,178
95,186,178
95,186,178
95,186,178
95,186,178
95,186,178
95,186,179
95,186,179
95,186,179
95,186,179
95,186,179
94,185,179
94,185,178
94,185,179
94,185,179
94,185,179
94,185,179
95,186,179
95,186,179
95,186,179
95,186,179
95,186,179
95,186,179
95,186,179
95,186,179
95,186,179
95,186,179
95,186,179
95,186,179
96,187,179
96,187,179
96,187,179
96,187,179
96,187,179
97,187,180
97,187,180
97,187,180
98,187,180
98,188,181
98,188,181
98,188,181
98,188,181
98,188,181
98,188,181
98,188,181
98,188,181
98,188,181
99,188,180
99,188,181
100,188,180
100,188,180
99,188,180
98,188,181
98,188,181
98,187,180
98,187,180
97,187,180
96,187,179
95,186,178
94,185,178
94,185,178
93,185,178
94,186,178
94,185,178
95,186,179
96,186,179
96,186,179
97,187,179
97,187,179
97,187,179
97,187,179
97,187,179
95,186,179
95,186,179
95,186,178
95,186,178
94,185,177
93,185,178
92,184,177
92,184,177
91,184,177
90,184,177
90,183,176
88,183,176
87,182,176
85,182,175
84,181,175
83,180,174
83,180,174
82,180,172
81,180,172
80,179,172
80,179,172
80,179,171
80,179,171
80,179,171
80,179,171
80,179,171
70,176,168
72,175,168
74,176,170
76,178,170
79,179,171
80,179,172
82,180,172
83,180,173
84,181,174
84,181,175
85,182,175
85,182,175
85,182,174
87,182,175
88,183,176
88,183,176
88,183,176
88,183,176
88,183,176
88,183,176
88,183,176
87,183,175
87,183,175
87,182,175
87,182,175
87,183,175
88,183,175
89,183,176
89,184,177
90,184,177
91,184,177
90,184,177
90,184,177
90,184,177
90,184,177
90,184,177
91,184,177
91,184,177
91,184,177
92,184,178
92,185,177
92,185,177
92,185,177
94,185,178
94,185,178
94,185,178
95,186,178
95,186,178
95,186,178
95,186,178
95,186,179
95,186,179
95,186,179
95,186,179
95,186,179
96,187,179
96,187,179
96,187,179
97,187,180
97,187,179
98,187,180
98,187,180
98,187,180
97,187,179
96,187,179
96,186,179
95,186,179
95,186,178
94,185,178
92,185,177
92,185,177
90,184,178
90,184,178
90,184,177
90,184,177
90,184,177
90,184,177
90,184,177
91,184,177
92,184,177
92,184,177
92,184,177
91,184,177
90,183,176
88,183,176
88,183,176
88,183,176
88,183,176
88,183,176
89,184,176
90,184,177
92,185,177
93,185,178
94,185,179
95,186,178
95,186,179
95,186,179
95,186,179
95,186,179
95,186,178
95,186,178
95,186,178
95,186,178
95,186,178
95,186,178
95,186,178
94,185,179
94,185,178
94,185,178
94,185,178
93,186,178
93,186,178
94,185,179
94,185,179
95,186,179
95,186,179
95,186,178
95,186,178
95,186,178
95,186,178
95,186,179
95,186,179
95,186,179
95,186,179
95,186,179
95,186,179
96,187,179
96,187,179
96,187,179
96,187,179
97,187,180
97,187,180
97,187,180
97,187,180
97,187,180
98,188,181
98,188,181
98,188,181
98,188,181
98,188,181
98,187,180
98,187,180
98,188,181
98,188,181
98,188,181
98,188,181
99,188,180
99,188,180
99,188,180
99,188,180
99,188,180
98,187,180
97,187,180
97,187,180
96,187,179
95,186,179
94,185,178
94,186,178
94,185,178
95,186,178
95,186,179
96,186,179
96,187,179
97,187,179
97,187,179
97,187,179
97,187,179
98,187,180
97,187,179
97,187,179
95,186,179
95,186,179
95,186,178
94,185,178
93,185,178
92,184,177
91,184,177
91,184,176
90,183,176
89,183,176
87,183,175
86,182,176
85,182,175
84,181,175
83,180,174
82,180,173
82,180,172
81,180,172
81,180,172
80,179,172
80,179,172
80,179,171
80,179,171
80,179,171
80,179,171
71,176,168
72,176,168
75,177,169
77,178,171
80,179,172
81,180,173
83,180,173
84,181,174
84,181,174
85,182,174
85,182,174
85,182,174
85,182,174
86,182,175
87,182,175
88,183,176
88,183,176
88,183,176
88,183,176
88,183,176
88,183,176
87,183,175
87,182,175
87,182,175
87,182,175
87,182,175
88,183,176
88,183,176
89,183,177
90,184,177
90,184,177
90,184,177
90,184,177
90,184,177
90,184,177
90,184,177
90,184,177
91,184,177
91,184,177
91,184,177
92,184,177
92,185,177
92,185,177
92,185,177
92,185,177
93,185,178
94,185,178
94,185,178
94,185,178
94,185,178
94,185,178
94,186,178
94,186,178
95,186,179
95,186,179
95,186,179
96,187,179
96,187,179
97,187,179
97,187,179
98,187,180
98,187,180
98,187,180
98,187,180
97,187,179
96,187,179
96,186,179
95,186,178
94,185,178
93,185,178
92,185,177
90,184,178
90,184,177
90,184,177
89,184,177
89,184,176
89,184,176
89,184,176
89,184,176
89,184,176
89,184,176
89,183,176
88,183,176
88,183,176
88,183,176
88,183,176
88,183,176
88,183,176
89,184,176
90,184,177
92,184,177
93,185,178
94,185,179
95,186,179
95,186,179
95,186,179
95,186,179
95,186,179
95,186,179
95,186,179
95,186,179
95,186,178
95,186,178
95,186,178
95,186,178
95,186,178
94,185,177
94,185,177
93,185,178
93,185,178
93,185,179
93,186,178
93,186,178
94,185,179
94,185,178
95,186,178
95,186,178
95,186,178
95,186,178
95,186,178
95,186,178
94,185,178
94,186,178
94,186,178
94,186,178
95,186,179
95,186,179
96,187,179
96,187,179
96,187,179
97,187,180
97,187,180
97,187,180
97,187,180
97,187,180
98,188,180
98,187,180
98,188,181
98,187,180
98,187,180
97,187,180
97,187,180
98,187,180
98,187,180
98,188,181
98,188,181
98,188,181
99,188,180
99,188,180
99,188,180
98,187,181
97,187,180
97,187,180
96,187,179
96,186,180
95,186,179
95,186,178
95,186,178
95,186,178
95,186,179
96,186,179
97,187,179
97,187,179
97,187,179
97,187,179
98,187,180
98,187,180
98,187,180
97,187,179
97,187,179
97,187,179
95,186,179
95,186,178
93,185,178
92,185,177
91,184,177
91,184,177
89,184,176
89,183,176
88,183,176
87,183,175
86,182,175
85,182,175
84,181,175
83,181,174
82,181,173
82,180,173
82,180,172
81,180,172
80,179,172
80,179,172
80,179,172
80,179,171
80,179,171
80,179,171
72,175,168
74,176,170
76,178,170
79,179,171
81,180,173
82,180,173
84,181,174
84,181,174
84,181,174
85,182,174
85,182,174
85,182,174
86,182,175
87,182,175
87,183,175
88,183,176
88,183,176
88,183,176
88,183,176
88,183,176
88,183,176
87,183,175
87,183,175
87,182,175
87,182,175
87,183,175
88,183,176
88,183,176
89,183,177
89,184,177
90,184,177
90,184,177
90,184,177
90,184,177
90,184,177
90,184,177
91,184,177
91,184,177
91,184,177
91,184,177
92,185,177
92,185,178
91,184,177
92,185,178
92,185,178
92,185,178
92,184,177
92,185,177
92,185,177
92,185,177
92,185,177
92,185,178
93,185,179
94,186,178
94,185,179
95,186,179
96,187,179
96,187,179
97,187,180
98,187,180
98,187,180
98,188,180
99,188,180
98,187,180
97,187,179
97,187,179
96,186,179
95,186,179
94,185,178
94,185,177
92,184,177
90,184,177
90,184,177
89,184,176
87,183,176
86,182,176
86,182,176
86,182,175
86,182,176
86,182,175
87,182,175
87,182,175
87,183,176
87,183,175
87,183,176
88,183,176
88,183,176
89,184,176
91,184,177
92,185,177
93,185,178
95,186,179
95,186,179
95,186,179
96,187,179
96,187,179
96,187,179
96,187,179
96,187,179
95,186,179
95,186,179
95,186,178
95,186,178
95,186,178
95,186,178
94,185,178
94,185,177
93,185,178
93,185,179
93,185,179
93,185,179
93,185,179
93,186,178
94,185,178
94,185,178
95,186,178
95,186,178
95,186,178
94,185,178
94,185,178
93,185,178
92,185,177
92,185,177
93,185,178
93,185,178
94,186,178
95,186,178
96,187,179
96,187,179
97,187,180
97,187,180
97,187,180
97,187,180
97,187,180
97,187,180
97,187,180
97,187,180
97,187,180
97,187,180
97,187,180
97,187,180
97,187,180
97,187,180
97,187,180
97,187,180
98,187,180
98,188,181
99,188,180
98,187,180
98,187,180
97,187,179
97,187,180
97,187,180
96,187,179
95,186,179
95,186,178
95,186,178
95,186,178
95,186,179
96,187,179
97,187,179
97,187,179
97,187,179
97,187,179
97,187,179
98,187,180
98,187,180
98,187,180
97,187,179
97,187,179
96,187,179
95,186,178
95,186,178
92,185,177
92,184,177
91,184,177
89,184,176
89,183,176
88,183,176
87,183,175
87,183,175
86,182,175
85,182,174
84,181,174
83,181,173
82,181,173
82,180,173
82,180,172
81,180,172
81,180,172
80,179,172
80,179,172
79,178,171
78,178,171
80,179,172
72,175,168
74,177,170
76,178,170
79,179,172
80,180,173
82,180,174
83,180,174
84,181,175
84,181,174
84,181,174
85,182,174
85,182,174
85,182,174
86,182,175
87,182,175
87,183,175
88,183,176
88,183,176
88,183,176
88,183,176
88,183,176
88,183,176
88,183,176
87,183,175
87,183,175
87,183,175
88,183,176
88,183,175
88,183,176
89,184,176
89,184,177
90,184,177
90,184,177
90,184,177
90,184,177
90,184,177
91,184,177
91,184,177
91,184,177
91,184,177
92,185,177
92,185,177
92,185,178
91,184,177
92,185,178
91,184,177
92,185,178
92,185,178
92,185,177
91,184,177
91,185,177
91,185,177
91,185,177
91,185,178
92,185,178
93,185,179
94,185,178
95,186,179
96,187,179
97,187,180
97,187,180
98,187,180
98,187,180
98,187,181
98,187,180
98,187,180
97,187,179
96,187,179
95,186,179
95,186,178
94,185,177
92,184,177
90,184,177
89,184,176
87,183,176
86,182,176
86,182,176
86,182,176
86,182,176
86,182,176
86,182,175
86,182,176
86,183,176
87,183,176
87,183,176
88,183,176
89,183,176
90,184,177
92,184,177
93,185,178
94,185,178
95,186,179
95,186,179
96,187,179
96,187,179
96,187,179
96,187,179
96,187,179
96,187,179
96,187,179
96,187,179
95,186,179
95,186,179
95,186,178
95,186,178
94,185,178
94,185,178
93,185,178
93,185,179
92,185,178
93,185,179
93,185,179
93,185,179
94,185,178
94,185,178
94,185,178
95,186,178
94,185,178
94,185,178
93,185,178
92,185,177
92,185,177
91,184,177
91,184,177
92,185,177
93,185,178
94,186,178
95,186,178
96,187,179
96,187,179
97,187,179
97,187,180
97,187,180
97,187,180
97,187,180
97,187,180
97,187,180
97,187,180
97,187,180
97,187,180
97,187,180
96,187,179
96,187,179
96,187,179
96,187,179
96,187,179
97,187,180
97,187,180
97,187,180
97,187,180
97,187,179
97,187,179
97,187,179
96,187,179
96,187,179
95,186,178
95,186,178
95,186,178
96,187,179
96,187,179
97,187,179
97,187,179
97,187,179
97,187,179
97,187,179
97,187,179
98,187,180
98,187,180
98,187,180
97,187,179
96,187,179
95,186,179
95,186,178
93,185,178
92,185,177
91,184,177
89,184,176
89,183,176
88,183,176
88,183,176
87,183,175
87,183,175
86,182,175
85,182,174
85,182,174
83,181,174
83,180,173
82,180,173
82,180,172
82,180,172
80,179,172
80,179,172
79,178,171
77,177,171
77,178,171
77,178,171
78,179,172
74,177,170
76,178,170
79,179,171
80,179,173
82,180,174
83,180,174
84,181,175
84,181,175
84,181,175
84,181,174
85,182,174
85,182,174
86,182,175
86,182,175
87,183,175
87,183,175
88,183,176
88,183,176
88,183,176
88,183,176
88,183,176
88,183,176
88,183,176
88,183,176
88,183,176
88,183,176
88,183,175
88,183,176
89,183,176
89,184,177
90,184,177
90,184,177
90,184,177
90,184,177
90,184,177
91,184,177
91,184,177
91,184,177
92,185,177
92,185,177
92,185,177
92,184,177
92,184,177
91,184,177
92,185,178
91,184,177
91,184,177
91,184,177
91,184,177
91,184,177
91,185,177
91,185,177
91,185,177
91,185,177
91,185,177
92,185,178
93,185,179
94,185,179
95,186,179
96,187,179
97,187,180
98,187,180
98,187,181
98,187,181
98,187,180
97,187,179
97,187,179
96,187,179
95,186,179
95,186,178
94,185,177
92,184,177
90,184,177
88,183,175
87,183,176
86,182,176
86,182,176
86,182,176
86,182,176
86,182,176
86,182,175
86,182,176
86,182,176
87,183,176
89,184,176
91,184,177
92,184,177
93,185,178
94,185,177
95,186,178
95,186,179
95,186,179
96,187,179
96,187,179
96,187,179
96,187,179
96,187,179
97,187,179
96,187,179
96,187,179
96,187,179
96,187,179
95,186,179
95,186,178
94,186,178
93,185,178
93,185,179
93,185,179
92,185,178
92,185,178
92,185,178
93,185,179
94,185,178
94,185,178
94,185,178
94,185,178
94,185,178
94,185,178
94,185,178
92,185,177
92,185,177
92,185,177
91,184,177
91,184,177
92,185,177
92,185,177
94,186,178
95,186,178
96,187,179
97,187,179
97,187,179
97,187,179
97,187,180
97,187,180
97,187,180
97,187,180
97,187,180
97,187,180
97,187,180
96,187,179
96,186,180
95,186,179
95,186,179
95,186,179
96,186,180
96,186,180
96,187,179
96,187,179
97,187,179
97,187,179
97,187,179
97,187,179
96,187,179
96,186,179
95,186,179
95,186,178
95,187,179
96,187,179
96,187,179
96,187,179
97,187,179
97,187,179
97,187,179
97,187,180
97,187,179
97,187,179
97,187,179
97,187,179
97,187,179
96,187,179
95,186,178
95,186,178
93,185,178
92,185,177
91,184,177
89,184,176
89,183,176
88,183,176
88,183,176
88,183,176
87,183,175
87,183,175
87,182,175
85,182,174
85,182,174
84,181,174
83,181,174
83,180,173
82,180,173
82,180,172
80,179,172
79,178,171
77,177,171
76,178,170
76,177,171
77,178,171
78,179,171
76,178,170
79,179,171
80,179,172
82,180,173
83,180,174
83,180,174
84,181,175
84,181,175
84,181,175
85,182,175
85,182,174
85,182,174
86,182,175
87,183,175
88,183,176
88,183,175
88,183,176
89,183,176
89,183,176
89,183,176
89,183,176
89,184,176
88,183,175
88,183,175
88,183,175
88,183,175
89,183,176
89,183,176
89,184,176
90,184,177
90,184,177
90,184,177
90,184,177
91,184,177
91,184,177
91,184,177
92,185,177
92,185,177
92,185,177
93,185,178
93,185,178
93,185,178
93,185,178
93,185,178
93,185,179
92,184,178
92,184,178
91,184,177
91,184,177
91,184,177
91,185,177
91,185,177
91,185,177
91,185,177
91,185,177
91,185,178
92,185,178
93,185,179
94,185,179
95,186,179
96,187,179
97,187,180
98,187,181
98,187,181
97,187,179
97,187,180
97,187,179
95,186,179
95,186,178
95,186,178
94,185,177
93,185,178
91,184,177
90,184,177
88,183,175
87,183,176
86,182,176
86,182,175
86,182,175
86,182,176
86,182,176
87,183,176
89,184,176
90,184,177
92,185,177
92,185,177
94,185,178
95,186,179
95,186,179
95,186,179
96,187,179
96,187,179
96,187,179
96,187,179
96,187,179
96,187,179
97,187,179
97,187,179
96,187,179
96,187,179
96,187,179
95,187,180
95,186,179
94,186,178
94,186,178
93,185,179
93,185,179
93,185,179
92,185,178
92,185,178
92,185,178
93,185,178
94,185,178
94,185,177
94,185,178
95,186,178
95,186,178
94,185,178
93,185,178
92,185,177
92,185,177
92,185,177
92,185,177
92,185,177
92,184,177
93,185,178
94,185,178
95,186,178
96,187,179
96,187,179
97,187,179
97,187,180
96,187,179
96,187,179
96,187,179
96,186,179
95,186,179
95,186,179
95,186,179
95,186,179
95,186,179
95,186,179
95,186,179
95,186,179
95,186,179
95,186,179
95,186,179
95,186,179
96,187,179
96,186,179
96,186,179
95,186,179
95,186,179
95,186,178
95,186,178
95,186,178
95,186,178
96,187,179
96,187,179
96,187,179
97,187,179
97,187,179
97,187,179
97,187,179
97,187,179
97,187,179
97,187,179
96,186,179
96,186,179
95,186,178
95,186,179
92,185,178
92,185,177
91,184,177
91,184,177
89,184,176
89,183,176
88,183,176
88,183,176
88,183,176
88,183,176
87,183,175
87,183,175
87,182,174
86,182,174
85,182,174
84,181,174
83,181,174
82,180,173
82,180,173
80,179,172
79,179,171
77,177,171
76,177,170
76,177,171
76,177,171
77,178,171
79,179,171
80,179,171
82,180,172
82,180,174
83,180,174
83,180,174
84,181,175
84,181,175
84,181,175
85,182,175
85,182,175
86,182,175
87,183,175
88,183,176
88,183,175
89,184,176
89,184,176
89,184,175
89,184,175
89,184,175
89,184,176
90,184,177
90,184,177
90,184,177
90,184,177
90,184,177
90,184,177
90,184,177
91,184,177
91,184,177
90,184,177
91,184,177
91,184,177
91,184,177
92,185,178
92,185,178
93,185,179
93,185,179
95,186,179
95,186,178
95,186,178
95,186,178
95,186,178
94,185,179
93,186,178
93,186,178
93,185,179
92,185,178
92,184,178
91,184,177
91,184,177
91,184,177
91,184,177
91,185,177
91,185,177
91,185,178
92,185,178
92,185,178
93,185,179
94,185,179
95,186,179
96,187,179
96,187,179
97,187,180
97,187,180
97,187,180
95,186,179
95,186,179
95,186,178
95,186,178
94,185,177
93,185,178
92,184,177
91,184,177
89,184,176
88,183,175
88,183,175
88,183,175
88,183,175
88,183,175
89,184,176
89,184,177
91,185,177
92,185,177
93,185,178
95,186,178
95,186,179
96,186,179
97,187,180
97,187,180
97,187,180
97,187,180
97,187,179
97,187,179
97,187,179
97,187,179
97,187,179
97,187,179
96,187,179
96,187,179
96,187,179
95,187,180
95,186,179
94,186,178
94,186,178
93,185,179
93,185,179
93,185,179
92,185,178
92,185,178
93,185,178
93,185,178
94,185,177
94,185,178
95,186,178
95,186,178
95,186,178
94,185,179
94,185,179
93,185,179
92,185,178
92,185,178
92,185,177
92,185,177
93,185,178
94,185,178
95,186,178
95,186,178
96,187,179
96,187,179
96,187,179
96,187,179
96,187,179
95,186,179
95,186,179
95,186,178
94,185,178
93,185,179
93,185,179
93,185,179
93,185,179
94,185,179
95,186,179
95,186,179
95,186,178
95,186,178
95,186,178
95,186,178
95,186,178
94,185,178
94,185,178
94,185,178
93,185,178
93,186,178
93,186,178
94,186,178
95,186,178
95,186,178
96,187,179
96,187,179
96,187,179
96,187,179
95,186,179
95,186,179
95,186,179
95,186,179
95,186,179
95,186,179
95,186,179
93,185,179
92,185,178
92,185,178
92,185,178
91,184,177
91,184,177
91,184,177
89,184,176
89,183,176
88,183,176
88,183,176
88,183,176
88,183,176
87,182,175
87,182,175
86,182,174
86,182,174
84,181,174
84,181,174
83,180,173
82,180,173
80,179,172
79,179,171
77,177,171
76,177,170
76,177,170
76,177,170
77,178,171
80,179,171
81,180,172
82,180,172
82,180,173
83,180,174
83,180,174
84,181,175
84,181,175
84,181,175
85,182,175
85,182,175
87,182,175
87,183,175
88,183,175
89,184,176
89,184,176
90,184,176
89,184,175
89,184,175
91,184,176
91,184,176
91,184,177
91,184,177
90,184,177
90,184,177
90,184,177
91,184,177
91,184,176
91,184,176
91,184,177
91,184,177
92,184,178
92,184,178
92,185,178
93,185,179
93,186,178
95,186,179
95,186,179
95,186,179
95,186,178
95,186,178
95,186,178
95,186,178
95,186,178
95,186,179
95,186,179
94,185,179
93,186,178
93,185,178
92,185,177
92,185,177
92,185,177
92,185,177
92,184,177
92,185,177
92,185,178
92,185,178
92,185,178
93,185,179
93,185,179
94,185,179
94,185,179
95,186,179
96,187,179
96,187,179
95,186,179
95,186,179
95,186,179
95,186,178
95,186,178
95,186,178
94,185,177
93,185,178
92,184,177
91,184,176
90,183,176
89,183,176
89,183,176
89,184,176
89,184,176
89,184,176
90,184,177
92,185,177
93,185,178
95,186,179
96,186,179
97,187,179
97,187,180
97,187,180
98,187,181
98,187,181
97,187,180
97,187,179
97,187,179
97,187,179
97,187,179
97,187,179
96,187,179
96,187,179
96,187,179
96,187,179
95,187,180
95,186,179
95,186,179
94,186,178
94,185,179
93,186,178
93,186,178
93,185,178
93,185,178
93,185,178
94,185,177
94,185,178
95,186,178
95,186,178
95,186,178
95,186,179
95,186,179
95,186,179
94,185,179
93,185,179
93,185,179
93,185,179
93,185,179
93,186,178
94,185,178
95,186,178
95,186,179
96,187,179
96,187,179
96,187,179
96,187,179
95,186,179
95,186,178
94,185,178
93,185,178
93,185,179
91,185,178
91,185,177
91,185,178
93,185,178
93,185,179
94,185,178
94,185,178
94,185,178
94,185,178
94,185,178
94,185,178
94,185,178
93,185,179
93,185,178
91,185,177
91,185,177
91,185,177
91,185,178
93,186,178
94,186,178
95,186,178
95,186,178
95,186,179
95,186,179
95,186,179
95,186,178
95,186,178
95,186,178
95,186,178
94,185,179
93,185,179
92,185,178
92,185,178
92,185,178
92,185,178
92,185,178
92,185,178
91,184,177
91,184,177
91,184,177
90,183,176
89,183,176
89,183,176
88,183,176
88,183,176
88,183,175
87,182,175
87,182,175
86,181,175
86,182,174
85,181,174
83,181,174
83,180,173
81,180,173
79,179,172
77,177,171
77,177,171
77,177,171
77,177,171
77,177,171
79,179,171
80,179,171
81,180,172
82,180,172
82,180,173
82,180,173
83,180,174
84,181,175
84,181,175
84,181,175
85,182,175
86,182,175
88,183,176
88,183,175
89,184,176
89,184,176
89,184,176
90,184,176
89,184,175
89,184,175
91,184,176
91,184,177
91,184,177
91,184,177
90,184,177
90,184,177
91,184,177
91,184,177
90,184,177
91,184,177
91,184,177
92,184,178
92,185,178
93,185,179
93,185,179
93,186,178
95,186,179
95,186,179
95,186,179
95,186,179
95,186,179
95,186,179
95,186,179
95,186,179
95,186,179
95,186,179
95,186,179
95,186,179
95,186,179
95,186,178
94,185,177
94,185,178
94,185,177
93,185,178
93,185,178
93,185,178
92,185,177
92,185,177
92,185,178
93,185,179
93,185,179
93,185,179
94,186,178
94,186,178
95,186,179
95,186,179
95,186,179
95,186,179
95,186,179
95,186,179
95,186,178
95,186,178
95,186,178
94,185,177
93,185,177
92,184,177
91,184,176
90,183,176
90,183,176
89,184,176
89,184,176
90,184,177
91,184,177
92,185,177
95,186,178
96,186,179
96,187,179
97,187,179
97,187,180
98,187,181
98,187,181
98,187,181
98,187,181
98,187,180
97,187,179
97,187,179
97,187,179
96,187,179
96,187,179
96,187,179
96,187,179
96,187,179
95,187,180
95,187,180
95,186,179
95,186,179
95,186,179
95,186,179
95,186,178
95,186,178
94,185,178
94,185,178
95,186,178
95,186,178
95,186,178
95,186,179
95,186,179
95,186,179
95,186,179
95,186,179
95,186,179
95,186,179
95,186,179
94,185,179
93,186,178
94,185,179
94,185,179
95,186,179
95,186,179
95,186,179
95,186,179
95,186,179
95,186,179
95,186,179
95,186,178
93,185,178
92,185,178
91,185,177
90,184,178
91,185,177
91,185,177
91,185,178
93,186,178
94,185,178
94,185,177
94,185,177
94,185,177
94,185,178
94,185,178
93,185,178
92,185,178
91,185,178
91,185,177
90,184,178
90,184,178
90,184,178
91,185,178
92,185,177
93,185,178
94,186,178
95,186,178
95,186,178
95,186,178
94,185,178
94,185,178
94,185,179
93,186,178
93,185,179
92,185,178
92,185,178
92,185,178
92,185,178
92,185,178
92,185,177
93,185,178
93,185,178
93,185,178
93,185,178
92,184,177
91,184,177
91,184,176
90,183,176
90,183,176
89,183,176
88,183,176
87,182,176
86,182,175
86,182,174
85,182,174
84,181,174
83,180,173
82,180,173
80,179,172
79,179,171
77,177,171
77,177,171
77,177,171
77,177,171
78,178,171
78,178,171
80,179,171
80,179,172
82,180,173
82,181,173
82,180,173
83,181,174
84,181,175
84,181,175
85,182,174
86,182,175
88,183,176
88,183,175
88,183,175
89,184,176
89,184,176
89,184,176
89,184,176
89,184,175
89,184,175
89,184,176
89,184,176
90,184,177
91,184,177
90,184,177
90,184,177
90,184,177
90,184,177
90,184,177
91,184,177
92,184,177
92,185,178
93,185,178
94,185,178
94,185,179
95,186,179
95,186,179
95,186,179
95,186,179
95,186,179
96,187,179
96,187,179
96,187,179
96,187,179
96,187,179
96,187,179
96,186,180
96,186,180
95,186,179
95,186,179
95,186,178
95,186,178
94,185,178
94,185,178
94,185,178
94,185,178
94,185,178
94,185,178
93,185,178
93,185,179
93,185,179
93,185,179
94,186,178
94,186,178
95,186,179
95,186,179
95,186,179
95,186,179
95,186,179
95,186,179
95,186,179
95,186,178
95,186,178
94,185,178
94,185,177
93,185,177
91,184,176
90,183,176
90,183,176
89,184,176
89,184,176
90,184,177
92,185,177
93,185,178
95,186,178
96,187,179
97,187,179
97,187,180
97,187,180
98,187,180
98,187,180
98,187,181
98,187,181
97,187,179
97,187,179
97,187,179
96,187,179
96,187,179
96,187,179
96,187,179
96,187,179
96,187,179
96,187,179
96,186,180
95,186,179
95,186,179
95,186,179
95,186,179
95,186,179
95,186,179
95,186,178
95,186,178
95,186,178
95,186,178
95,186,178
95,186,179
95,186,179
95,186,179
95,186,179
95,186,179
95,186,179
95,186,179
95,186,179
95,186,179
95,186,179
95,186,179
95,186,179
95,186,179
95,186,179
95,186,179
95,186,179
95,186,179
95,186,179
95,186,179
93,186,178
92,185,177
91,185,177
90,184,178
90,184,177
90,184,178
91,185,177
91,185,177
92,185,177
93,185,178
94,185,177
94,185,177
94,185,177
94,185,178
94,185,178
93,185,178
92,185,178
91,185,178
91,185,177
90,184,178
90,184,178
90,184,178
91,185,178
92,185,178
92,185,177
93,185,178
94,185,178
94,185,178
94,185,178
94,185,178
94,185,178
94,185,178
93,185,178
93,185,179
92,185,178
93,185,178
93,185,178
94,185,178
94,185,178
94,185,178
94,185,177
94,185,177
93,185,178
93,185,178
93,185,178
93,185,178
93,185,178
92,184,177
91,184,176
91,184,176
89,183,176
88,183,176
87,183,175
86,182,174
85,182,174
85,181,174
83,181,174
82,180,173
81,179,173
79,179,172
77,177,171
77,177,171
77,177,171
77,177,171
78,178,171
77,177,171
78,179,172
80,180,172
82,180,173
82,180,173
82,181,173
84,181,174
84,181,174
85,182,174
87,182,175
88,183,176
88,183,175
88,183,175
89,184,176
89,184,176
89,183,176
89,183,176
89,183,176
89,183,176
89,183,176
89,183,176
89,183,177
89,183,177
89,183,177
89,184,176
89,184,177
90,184,177
90,184,177
90,184,178
91,184,177
92,184,177
93,185,179
93,185,178
94,185,177
95,186,178
95,186,179
95,186,179
95,186,179
95,186,179
95,186,179
96,187,179
96,187,179
96,187,179
96,187,179
96,187,179
96,187,179
96,187,179
96,187,179
96,187,179
96,187,179
96,186,179
95,186,179
95,186,179
95,186,179
95,186,179
95,186,179
95,186,179
95,186,178
94,185,179
94,185,179
94,186,178
94,186,178
94,186,178
94,186,178
95,186,179
95,186,179
95,186,179
96,186,180
96,186,180
96,186,180
95,186,179
95,186,179
95,186,178
95,186,178
94,185,177
94,185,177
92,184,177
90,183,176
90,183,176
89,184,176
89,184,176
89,184,176
91,185,177
93,185,178
95,186,178
95,187,179
96,187,179
97,187,180
97,187,180
98,187,180
98,187,180
98,187,180
97,187,180
97,187,179
97,187,179
97,187,179
96,187,179
96,187,179
96,187,179
96,187,179
96,187,179
96,187,179
96,187,179
96,187,179
96,187,179
96,187,179
95,186,179
95,186,179
95,186,179
95,186,179
95,186,179
95,186,179
95,186,179
95,186,179
95,186,179
95,186,179
95,186,179
95,186,179
95,186,179
95,186,179
95,186,179
95,186,179
95,186,179
95,186,179
95,186,179
95,186,179
95,186,179
95,186,179
95,186,179
95,186,179
95,186,179
95,186,179
95,186,179
95,186,179
92,185,178
92,185,178
91,184,177
90,184,178
90,184,177
90,184,178
91,185,177
91,185,177
93,185,178
94,185,177
94,185,177
94,185,177
94,185,177
94,185,177
94,185,178
93,185,178
93,185,178
91,185,177
91,185,177
91,185,177
90,184,178
91,185,178
92,184,178
92,185,178
92,185,178
92,185,178
92,185,177
93,185,178
93,185,178
93,185,178
93,185,178
93,185,178
93,185,178
93,185,179
94,185,178
94,185,178
95,186,178
95,186,178
95,186,178
95,186,178
95,186,178
95,186,178
94,185,177
94,185,177
94,185,177
93,185,178
93,185,178
92,185,177
92,184,177
91,184,176
91,184,176
89,183,176
88,183,176
86,182,175
86,182,174
85,181,174
83,180,173
82,180,173
81,179,173
79,179,171
77,177,171
77,177,171
77,177,171
76,178,170
77,178,171
75,178,170
76,178,171
78,179,172
81,180,173
82,180,173
83,180,173
84,181,174
85,182,174
87,182,175
88,183,176
88,183,175
88,183,175
89,184,176
89,184,176
89,184,176
89,183,176
89,183,176
88,183,176
88,183,176
88,183,176
88,183,176
88,183,176
88,183,176
88,183,176
89,184,176
89,184,176
89,184,177
90,184,177
90,184,178
92,185,178
92,185,178
93,185,179
94,185,178
94,185,178
94,185,178
95,186,179
95,186,179
95,186,179
95,186,179
95,186,179
95,186,179
96,187,179
96,187,179
96,187,179
96,187,179
96,187,179
96,187,179
97,187,180
97,187,180
96,187,179
96,187,179
96,187,179
96,186,179
95,186,179
95,186,179
95,186,179
95,186,179
95,186,179
95,186,179
95,186,179
94,185,179
94,185,179
94,185,178
95,186,179
95,186,179
96,186,179
96,187,179
96,187,179
96,187,179
96,187,179
96,187,179
95,186,179
95,186,179
95,186,178
95,186,178
94,185,178
92,184,177
90,184,177
89,184,176
89,184,176
89,184,176
89,184,176
90,184,177
92,185,177
94,186,178
95,186,178
96,187,179
97,187,179
97,187,180
97,187,180
97,187,180
98,187,180
97,187,180
97,187,180
97,187,180
96,187,179
96,187,179
96,187,179
96,187,179
96,187,179
96,187,179
96,187,179
96,187,179
96,187,179
96,187,179
96,187,179
96,187,179
96,187,179
96,187,179
95,186,179
95,186,179
95,186,179
95,186,179
95,186,179
95,186,179
95,186,179
95,186,179
95,186,179
95,186,179
95,186,179
95,186,179
95,186,179
95,186,179
95,186,179
95,186,179
95,186,179
95,186,179
95,186,179
95,186,179
95,186,179
95,186,179
95,186,179
95,186,179
95,186,179
92,185,178
92,185,178
91,184,177
90,184,178
90,184,178
91,185,177
91,185,177
92,185,177
93,185,178
94,185,177
94,185,177
94,185,177
95,186,178
95,186,178
95,186,178
95,186,178
95,186,178
94,185,177
94,185,177
93,185,177
93,185,178
92,185,177
92,185,177
92,185,177
92,185,178
92,185,178
92,185,178
92,185,178
92,185,178
93,185,179
93,185,179
93,185,178
94,185,178
94,185,178
95,186,178
95,186,178
95,186,179
95,186,179
95,186,179
95,186,179
95,186,179
95,186,179
95,186,178
95,186,178
94,185,177
94,185,177
94,185,177
93,185,178
92,185,177
91,184,177
91,184,176
89,184,176
88,183,176
86,182,175
85,182,174
84,181,174
83,180,173
81,180,173
81,179,173
79,179,171
78,178,171
77,177,171
76,178,170
76,178,170
77,178,171
72,177,169
74,178,171
76,178,171
79,179,171
82,181,173
84,181,174
85,182,174
86,182,175
88,183,176
88,183,175
88,183,175
89,184,176
89,184,176
89,184,176
89,183,176
89,183,176
88,183,176
88,183,176
88,183,176
88,183,176
88,183,176
88,183,176
88,183,176
88,183,176
89,184,176
89,184,176
89,184,177
90,184,177
91,185,177
92,185,178
92,185,178
92,185,178
93,185,179
94,185,179
94,185,179
95,186,179
95,186,179
95,186,179
95,186,179
95,186,179
95,186,179
95,186,179
95,186,179
96,187,179
96,187,179
96,187,179
96,187,179
97,187,180
97,187,180
97,187,180
97,187,180
97,187,179
96,187,179
96,187,179
96,187,179
96,187,179
96,187,179
96,187,179
96,187,179
96,187,179
95,186,179
95,186,179
95,186,179
96,187,179
97,187,179
97,187,179
97,187,179
97,187,180
97,187,180
97,187,180
96,187,179
96,187,179
96,186,179
95,186,179
95,186,178
94,185,178
92,185,177
91,184,177
89,184,176
89,184,176
89,184,176
90,184,177
90,184,177
91,185,177
93,185,178
95,186,178
95,187,179
96,187,179
97,187,179
97,187,179
97,187,180
97,187,179
97,187,179
97,187,180
97,187,180
96,187,179
96,187,179
96,187,179
96,187,179
96,187,179
96,187,179
96,187,179
97,187,180
97,187,180
97,187,179
97,187,179
97,187,179
97,187,179
97,187,179
96,187,179
96,187,179
96,187,179
96,187,179
96,187,179
95,186,179
95,186,179
95,186,179
95,186,179
95,186,179
95,186,179
95,186,179
95,186,179
95,186,179
95,186,178
95,186,178
95,186,178
95,186,178
95,186,179
95,186,179
95,186,179
95,186,179
95,186,179
95,186,179
95,186,179
94,185,179
92,185,178
92,185,178
92,185,178
92,185,178
92,185,178
93,185,178
94,185,178
95,186,178
95,186,178
95,186,178
95,186,178
95,186,179
96,186,179
96,186,179
96,186,179
96,186,178
96,186,178
96,186,178
95,186,178
94,185,178
94,185,177
93,185,178
93,185,178
92,185,178
92,185,178
92,185,178
92,185,178
92,185,178
93,185,179
93,185,179
93,185,178
94,185,178
95,186,178
95,186,179
95,186,179
95,186,179
96,187,179
96,187,179
96,187,179
96,187,179
95,186,179
95,186,179
95,186,179
95,186,179
95,186,178
94,185,177
94,185,177
93,185,178
92,184,177
91,184,176
89,184,176
88,183,176
87,182,175
85,182,174
83,180,173
82,180,172
81,180,173
80,179,172
80,179,171
79,179,171
77,178,171
76,178,170
76,178,170
77,178,171
70,176,169
73,177,169
76,178,171
79,179,172
83,180,173
85,182,174
86,182,175
87,183,175
88,183,175
88,183,175
89,184,176
89,184,176
89,184,176
89,184,176
89,183,176
88,183,176
88,183,176
88,183,176
88,183,176
88,183,176
88,183,176
88,183,176
88,183,176
88,183,176
89,183,177
89,184,177
90,184,177
90,184,177
91,184,177
92,185,178
92,185,178
92,185,178
93,185,179
93,186,178
94,185,178
94,185,178
95,186,178
95,186,178
95,186,179
95,186,179
95,186,179
95,186,179
95,186,179
95,186,179
96,187,179
96,187,179
96,187,179
96,187,179
96,187,179
97,187,180
97,187,180
97,187,180
97,187,180
97,187,180
96,187,179
96,187,179
96,187,179
96,187,179
96,187,179
96,187,179
96,187,179
97,187,179
97,187,179
97,187,179
97,187,179
97,187,179
97,187,179
97,187,180
97,187,180
97,187,180
97,187,179
97,187,179
97,187,179
96,186,179
95,186,179
95,186,178
93,185,178
92,185,177
90,184,177
89,184,176
90,184,177
90,184,177
91,185,177
91,185,177
92,185,177
94,186,178
95,186,178
95,187,179
96,187,179
97,187,179
97,187,179
97,187,179
97,187,179
97,187,180
97,187,180
96,187,179
96,187,179
96,187,179
96,187,179
96,187,179
97,187,180
97,187,180
97,187,180
97,187,180
97,187,179
98,187,180
98,187,180
97,187,179
97,187,179
97,187,180
96,187,179
96,187,179
96,187,179
96,187,179
95,186,179
95,186,179
95,186,179
95,186,179
95,186,179
95,186,179
95,186,179
95,186,178
95,186,178
94,185,178
94,185,178
95,186,178
95,186,178
95,186,178
95,186,179
95,186,179
95,186,179
95,186,179
95,186,179
95,186,179
94,185,179
94,185,179
93,185,179
93,185,179
94,185,179
95,186,179
95,186,179
95,186,178
95,186,178
95,186,179
95,186,179
96,186,179
97,187,179
97,187,179
97,187,179
97,187,179
98,187,180
98,187,180
98,187,179
97,187,178
96,186,179
95,186,179
95,186,178
94,185,178
94,185,178
93,185,179
92,185,178
93,185,179
93,185,179
93,185,179
93,185,179
94,185,178
95,186,178
95,186,179
95,186,179
96,187,179
96,187,179
97,187,179
97,187,179
97,187,179
96,187,179
96,187,179
95,186,179
95,186,179
95,186,179
95,186,179
95,186,178
94,185,177
93,185,178
91,184,177
91,184,176
89,184,176
88,183,176
86,182,175
84,181,174
82,180,174
81,180,173
80,179,172
80,179,172
80,179,171
79,179,171
78,178,172
77,178,171
77,178,171
77,178,171
70,175,168
72,176,169
76,178,170
82,180,172
83,181,174
85,182,174
86,182,175
88,183,176
88,183,175
89,184,176
90,184,177
90,184,177
90,184,177
89,184,176
89,184,176
89,183,176
88,183,176
88,183,176
88,183,176
88,183,176
88,183,176
88,183,176
89,183,176
89,183,176
89,184,176
89,184,176
90,184,177
91,184,177
92,185,178
92,185,178
92,185,178
93,185,179
93,185,179
93,185,178
94,185,178
94,185,178
94,185,178
95,186,178
95,186,178
95,186,178
95,186,178
95,186,178
95,186,178
95,186,179
95,186,179
95,186,179
96,187,179
96,187,179
96,187,179
96,187,179
97,187,180
97,187,180
97,187,180
97,187,180
97,187,180
97,187,180
97,187,180
97,187,180
97,187,180
97,187,180
97,187,179
97,187,179
97,187,179
97,187,179
98,187,180
98,187,180
98,187,180
98,187,180
98,187,180
98,187,180
98,187,180
97,187,179
97,187,179
97,187,179
96,186,179
95,186,179
94,185,178
92,185,177
91,185,177
90,184,178
90,184,178
91,185,177
91,185,178
91,185,177
92,185,177
93,185,178
95,186,178
95,186,178
96,187,179
96,187,179
97,187,179
97,187,179
97,187,179
97,187,180
97,187,180
97,187,180
97,187,180
97,187,180
97,187,180
97,187,180
97,187,180
97,187,179
97,187,179
97,187,179
98,187,180
98,187,180
98,187,180
98,188,180
98,188,180
97,187,180
96,187,179
96,187,179
96,187,179
96,187,179
95,186,179
95,186,179
95,186,179
95,186,179
95,186,179
95,186,179
94,185,178
94,185,178
93,185,178
92,185,177
92,185,177
93,185,178
94,186,178
95,186,178
95,186,179
95,186,179
95,186,179
95,186,179
95,186,179
95,186,179
95,186,179
95,186,178
95,186,179
95,186,179
95,186,179
95,186,179
95,186,179
95,186,179
95,186,179
96,187,179
97,187,179
97,187,179
98,187,180
98,187,180
99,188,180
99,187,180
99,187,180
99,187,180
99,187,180
99,188,180
98,187,180
97,187,179
96,187,179
95,186,179
95,186,179
95,186,179
94,185,179
94,185,179
94,186,178
95,186,179
95,186,178
95,186,179
95,186,179
95,186,179
96,187,179
96,187,179
97,187,179
97,187,179
97,187,179
97,187,179
97,187,179
96,187,179
95,186,179
95,186,179
95,186,179
95,186,179
95,186,179
94,185,177
93,185,178
91,184,177
91,184,176
89,183,176
87,183,175
85,182,174
83,181,174
82,180,173
80,179,173
80,179,172
80,179,172
80,179,171
80,179,171
79,179,171
77,178,171
77,178,171
78,179,171
69,175,168
74,177,170
78,178,172
82,180,173
85,182,174
86,182,175
87,183,176
88,183,176
88,183,175
89,184,176
90,184,177
90,184,177
90,184,177
90,184,177
89,184,176
89,184,176
89,183,176
88,183,176
88,183,175
88,183,175
88,183,176
89,183,176
89,184,176
89,184,176
91,184,177
91,184,177
91,184,177
92,184,177
92,185,177
93,185,178
93,185,178
93,185,178
93,185,179
93,185,178
94,185,178
94,185,178
94,185,178
94,185,178
94,185,178
95,186,178
95,186,178
95,186,178
95,186,178
95,186,178
95,186,179
95,186,179
95,186,179
96,187,179
96,187,179
96,187,179
96,187,179
97,187,180
97,187,180
97,187,180
97,187,180
97,187,180
97,187,180
97,187,180
97,187,180
97,187,180
97,187,180
97,187,179
98,187,180
98,188,180
98,188,180
98,188,180
98,188,180
98,188,180
98,188,181
98,188,180
98,187,180
98,187,180
97,187,179
97,187,179
97,187,179
96,186,179
95,186,179
95,186,178
92,185,177
92,185,177
92,185,177
91,185,178
91,185,178
92,185,178
92,185,177
93,185,178
94,186,178
95,186,179
96,186,179
96,187,179
97,187,179
97,187,179
97,187,179
97,187,179
97,187,180
97,187,180
97,187,180
97,187,180
97,187,180
97,187,180
97,187,179
97,187,179
97,187,179
98,187,180
98,187,180
98,187,180
98,187,180
98,188,180
98,187,180
97,187,180
96,187,179
96,187,179
95,186,179
95,186,179
95,186,179
95,186,179
95,186,179
95,186,179
93,186,178
93,185,178
92,185,177
92,185,177
92,185,177
91,184,177
91,185,177
92,185,177
93,185,178
94,186,178
95,186,179
95,186,179
95,186,179
95,186,179
95,186,179
95,186,179
95,186,179
96,186,179
96,186,179
96,186,180
96,186,180
96,187,179
96,187,179
96,187,179
97,187,180
97,187,179
97,187,179
98,187,180
99,188,180
99,188,180
99,188,180
99,188,180
100,188,180
100,188,180
100,188,180
100,188,180
99,188,180
98,188,180
98,187,180
97,187,179
97,187,180
96,187,179
96,187,179
95,186,179
95,186,179
95,186,179
95,186,179
95,186,179
96,187,179
96,187,179
96,187,179
96,187,179
97,187,180
97,187,179
97,187,179
97,187,179
97,187,180
96,187,179
95,186,179
95,186,179
95,186,179
95,186,179
94,185,179
94,185,177
93,185,178
91,184,177
90,183,176
88,183,176
86,182,175
85,181,174
83,180,174
80,179,173
80,179,173
80,179,172
80,179,172
80,179,171
80,179,171
79,179,171
78,179,172
78,179,171
78,179,171
70,175,168
75,178,170
80,179,172
82,180,173
85,182,174
86,182,175
87,183,176
88,183,176
88,183,176
89,183,176
89,184,176
90,184,177
91,184,177
91,184,177
90,184,177
89,184,176
89,184,176
89,184,176
88,183,175
88,183,175
89,183,176
89,184,176
89,184,176
91,184,177
91,184,177
91,184,177
92,184,177
93,185,178
93,185,178
93,185,178
93,185,178
93,185,178
93,185,178
94,185,178
94,185,178
94,185,178
94,185,178
94,185,178
93,185,178
93,185,178
93,185,178
93,185,178
93,185,178
94,185,178
95,186,179
95,186,179
95,186,179
95,186,179
96,186,180
96,187,179
96,187,179
97,187,180
97,187,180
97,187,180
97,187,180
97,187,180
97,187,180
97,187,180
97,187,180
97,187,180
97,187,180
97,187,180
98,188,181
99,188,180
99,188,181
99,188,180
99,188,180
99,188,180
99,188,180
98,188,181
98,188,181
98,188,181
98,187,180
97,187,179
97,187,179
97,187,179
95,186,179
95,186,179
95,186,178
93,185,178
92,185,178
92,185,178
92,185,178
92,185,178
93,185,179
93,185,178
95,186,178
95,186,179
95,186,179
96,186,179
96,187,179
97,187,179
97,187,179
97,187,179
97,187,180
97,187,180
97,187,180
97,187,180
97,187,180
97,187,180
97,187,179
97,187,179
98,187,180
98,187,180
98,187,180
98,187,180
98,187,180
98,188,180
97,187,179
96,187,179
96,187,179
95,186,179
95,186,179
95,186,179
95,186,179
95,186,179
95,186,179
94,185,177
93,185,178
92,185,177
92,185,177
92,185,177
91,184,177
91,185,177
91,185,177
91,185,177
92,185,177
93,185,178
95,186,178
95,186,179
95,186,179
96,186,179
96,186,179
96,186,179
96,186,179
96,187,179
96,187,179
97,187,180
97,187,180
97,187,180
97,187,180
97,187,180
97,187,180
97,187,180
98,187,180
99,188,180
99,188,180
100,188,180
100,188,181
100,188,181
100,188,181
100,188,181
100,188,181
100,188,181
100,188,180
99,188,181
98,188,181
98,188,180
98,187,180
97,187,180
97,187,180
97,187,179
97,187,179
97,187,179
96,187,179
96,187,179
96,187,179
96,187,179
96,187,179
96,187,179
97,187,180
97,187,180
97,187,180
97,187,180
97,187,180
96,187,179
95,186,179
95,186,179
95,186,179
95,186,179
94,185,178
93,185,178
91,184,177
91,184,176
89,183,176
87,182,176
86,182,175
84,181,174
82,180,174
80,179,173
80,179,173
80,179,172
80,179,172
80,179,171
80,179,171
79,179,171
78,179,172
78,179,172
78,179,172
72,176,168
76,178,170
80,179,172
83,180,173
84,181,174
85,182,175
87,183,176
88,183,176
88,183,176
88,183,176
89,183,177
90,184,177
91,184,177
91,184,177
91,184,177
91,184,177
90,184,177
90,184,177
89,184,176
89,184,176
89,184,176
91,184,177
91,184,177
91,184,177
91,184,177
92,184,177
93,185,178
94,185,177
94,185,177
94,185,178
94,185,178
94,185,178
94,185,178
94,185,178
94,185,178
94,185,178
94,185,178
93,185,178
93,185,178
92,185,177
92,185,177
92,185,177
92,185,178
93,185,179
93,186,178
95,186,179
95,186,179
95,186,179
96,186,180
96,187,179
96,187,179
97,187,180
97,187,180
97,187,180
97,187,180
97,187,180
97,187,180
97,187,180
97,187,180
97,187,180
97,187,180
98,187,180
98,188,181
99,188,180
99,188,181
99,188,180
99,188,180
99,188,180
99,188,180
98,188,181
98,188,181
98,188,181
98,187,180
98,187,180
97,187,179
97,187,179
96,187,179
95,186,179
95,186,179
95,186,178
94,186,178
93,185,179
93,185,179
93,185,179
93,185,179
95,186,179
95,186,178
95,186,179
95,186,179
95,186,179
95,186,179
96,187,179
96,187,179
96,187,179
96,187,179
96,187,179
97,187,180
97,187,180
97,187,180
97,187,180
97,187,179
97,187,179
97,187,179
98,187,180
98,187,180
98,187,180
98,187,180
97,187,179
96,187,179
96,187,179
95,186,179
95,186,179
95,186,179
95,186,179
95,186,179
95,186,178
95,186,178
94,185,178
93,185,178
92,185,177
92,185,177
92,185,177
91,184,177
90,184,177
90,184,178
91,185,177
93,185,178
94,186,178
95,186,179
96,186,179
97,187,179
97,187,179
97,187,179
97,187,180
97,187,180
97,187,179
97,187,180
97,187,180
97,187,180
97,187,180
97,187,180
97,187,180
98,187,180
98,187,180
99,188,180
100,188,180
100,188,181
100,188,181
100,188,181
100,188,181
100,188,181
100,188,181
100,189,181
100,189,181
100,189,180
99,188,181
99,188,181
99,188,181
98,188,181
98,188,181
98,187,180
98,187,180
98,187,180
98,187,180
97,187,179
97,187,179
97,187,179
97,187,179
96,187,179
96,187,179
97,187,180
97,187,180
97,187,180
97,187,180
96,187,179
95,186,179
95,186,179
95,186,179
95,186,179
94,185,179
94,185,178
92,185,177
91,184,177
90,184,177
89,183,176
87,182,176
86,182,175
84,181,174
82,180,173
82,180,173
80,179,172
80,179,172
80,179,172
80,179,171
80,179,171
78,179,171
78,179,172
78,179,172
78,179,172
75,177,170
78,178,171
80,179,172
83,180,173
84,181,174
85,182,175
86,182,175
88,183,176
88,183,176
88,183,176
89,183,177
89,183,177
91,184,177
91,184,177
91,184,177
91,184,177
91,184,177
91,184,177
90,184,177
91,184,177
91,184,177
91,184,177
91,184,177
91,184,177
92,185,177
92,185,177
94,185,178
94,185,178
95,186,178
95,186,178
95,186,179
95,186,178
95,186,178
95,186,178
94,185,177
94,185,178
93,185,178
93,185,178
92,184,178
92,184,178
91,184,177
90,184,177
91,185,177
92,185,178
93,185,179
93,186,178
95,186,179
95,186,179
95,186,179
96,187,179
97,187,180
97,187,180
97,187,180
97,187,180
97,187,180
97,187,180
97,187,180
97,187,180
97,187,180
97,187,180
97,187,180
98,187,180
98,188,181
99,188,180
99,188,181
99,188,180
99,188,180
99,188,180
99,188,180
98,188,181
98,187,180
98,187,180
98,187,180
98,187,180
98,187,180
97,187,179
97,187,179
97,187,179
96,186,179
95,186,179
95,186,179
95,186,179
95,186,179
95,186,179
95,186,179
95,186,179
95,186,179
95,186,179
95,186,179
95,186,179
95,186,179
95,186,179
95,186,179
95,186,179
95,186,179
96,187,179
96,187,179
97,187,180
97,187,179
97,187,179
97,187,179
97,187,179
97,187,179
97,187,179
97,187,179
97,187,179
97,187,179
96,187,179
95,186,179
95,186,179
95,186,178
93,185,178
94,185,178
94,185,178
95,186,178
95,186,178
95,186,178
94,185,178
94,185,178
92,185,177
92,185,177
92,185,177
91,184,177
90,184,178
90,184,178
91,185,178
93,185,178
95,186,178
96,186,179
97,187,179
97,187,179
97,187,179
97,187,179
97,187,180
97,187,180
98,187,180
98,187,180
98,187,180
98,187,180
98,187,180
98,187,180
98,187,180
98,188,181
99,188,180
99,188,180
100,188,180
100,188,181
100,188,181
101,189,181
101,189,181
100,188,181
100,188,181
100,189,181
100,189,181
100,189,181
99,188,181
99,188,181
99,188,181
99,188,180
98,188,181
98,188,181
98,188,180
98,188,180
98,188,180
98,188,180
98,187,180
97,187,179
97,187,179
97,187,179
96,187,179
97,187,180
97,187,180
96,187,179
96,187,179
96,187,179
95,186,179
95,186,179
95,186,179
95,186,179
94,185,178
93,185,178
92,184,177
91,184,177
90,184,177
89,183,176
87,183,175
86,182,175
84,181,174
83,180,173
82,180,173
82,180,172
81,180,173
80,179,172
80,179,172
80,179,171
79,179,171
78,179,172
78,179,172
79,179,171
76,178,170
79,179,172
80,179,172
83,180,173
84,181,174
85,182,175
86,182,175
87,183,176
88,183,176
88,183,176
88,183,176
89,183,177
90,184,177
91,184,177
91,184,177
91,184,177
91,184,177
91,184,177
91,184,177
91,184,177
91,184,177
91,184,177
91,184,177
92,185,177
92,185,177
94,185,178
94,185,178
95,186,178
95,186,179
95,186,179
95,186,179
95,186,179
95,186,179
95,186,179
95,186,178
94,185,177
94,185,177
92,185,177
92,184,178
91,184,177
90,184,177
90,184,178
90,184,178
91,185,177
92,185,178
93,185,179
95,186,179
95,186,179
96,186,179
97,187,179
97,187,179
97,187,180
97,187,180
97,187,180
97,187,180
97,187,180
97,187,180
97,187,180
97,187,180
97,187,180
97,187,180
97,187,180
98,187,180
98,188,181
98,188,181
98,188,181
99,188,180
98,187,181
98,187,181
98,187,180
98,187,180
98,187,180
98,187,180
98,188,181
98,188,181
98,187,180
97,187,179
97,187,179
97,187,179
97,187,179
96,187,179
96,187,179
96,187,179
96,187,179
96,187,179
95,186,179
95,186,179
95,186,179
95,186,179
95,186,178
95,186,178
94,185,179
94,185,179
95,186,179
95,186,179
95,186,179
95,186,179
96,187,179
96,187,179
97,187,179
97,187,179
97,187,179
97,187,179
97,187,179
97,187,179
96,187,179
96,186,179
95,186,179
94,185,178
93,185,178
92,185,177
92,185,177
93,185,178
93,185,178
94,185,178
94,186,177
95,186,178
95,186,178
94,185,178
94,185,178
93,185,178
92,185,177
92,185,177
92,185,178
91,185,178
93,185,178
94,186,178
95,186,179
97,187,179
97,187,179
97,187,179
98,187,180
98,187,181
98,187,181
98,187,180
98,187,180
98,187,180
98,188,180
98,187,180
98,187,180
98,187,180
98,187,180
98,188,181
99,188,180
99,188,180
100,188,181
100,188,181
100,188,181
100,188,181
100,188,181
100,188,181
100,188,181
100,189,181
100,189,181
100,189,181
99,188,181
99,188,181
99,188,181
99,188,180
99,188,180
99,188,180
99,188,180
98,188,181
98,188,180
98,188,180
98,188,180
98,187,180
98,187,180
97,187,179
97,187,179
97,187,180
96,187,179
96,187,179
96,187,179
96,187,179
95,186,179
95,186,179
95,186,179
95,186,179
94,185,178
93,185,179
92,184,178
91,184,177
90,184,177
89,183,176
88,183,176
86,182,175
85,182,174
84,181,174
83,180,173
82,180,173
81,180,173
81,180,172
80,179,172
80,179,171
79,179,171
78,179,172
78,179,172
78,179,172
78,178,171
80,179,172
81,180,173
83,180,173
84,181,174
85,182,175
85,182,175
86,183,176
88,183,176
88,183,176
88,183,176
89,183,176
90,184,177
91,184,177
91,184,177
91,184,177
91,184,177
91,184,177
91,184,177
91,184,177
91,184,177
90,184,178
91,184,177
92,185,178
92,185,178
92,185,178
94,185,179
95,186,179
95,186,179
95,186,179
95,186,179
95,186,179
95,186,179
95,186,179
95,186,179
95,186,178
94,185,177
92,184,177
91,184,177
91,184,177
90,184,178
90,184,178
90,184,178
91,185,177
93,185,178
93,185,179
95,186,179
96,186,179
97,187,179
97,187,179
97,187,179
98,187,181
98,187,181
98,187,181
97,187,180
97,187,180
97,187,180
97,187,180
97,187,180
97,187,180
97,187,180
97,187,180
97,187,180
97,187,180
97,187,180
97,187,180
97,187,180
97,187,180
97,187,180
97,187,180
97,187,180
97,187,180
97,187,179
98,187,180
98,187,180
98,187,180
97,187,179
97,187,179
97,187,179
97,187,179
97,187,179
97,187,179
96,187,179
96,187,179
96,187,179
96,187,179
96,186,180
95,186,179
95,186,179
95,186,178
94,185,178
94,185,178
94,185,179
95,186,178
95,186,179
95,186,179
95,186,179
95,186,179
95,186,179
96,187,179
96,187,179
96,187,179
96,187,179
96,187,179
95,186,179
95,186,179
95,186,178
94,185,178
92,185,178
92,185,177
92,185,177
92,185,177
92,185,177
93,185,178
94,185,178
95,186,178
95,186,178
95,186,178
95,186,178
95,186,178
94,185,178
93,185,178
93,185,178
93,185,178
93,185,179
94,185,179
95,186,179
96,187,179
97,187,179
97,187,179
98,187,180
98,187,181
98,187,181
98,187,180
98,187,180
98,187,180
98,187,180
98,187,180
98,187,180
98,187,180
98,187,180
98,187,180
98,188,181
98,188,181
99,188,180
100,188,180
100,188,181
100,188,181
100,188,181
100,188,181
100,188,181
100,188,181
100,188,180
100,188,180
99,188,180
99,188,181
99,188,181
99,188,181
99,188,180
99,188,180
99,188,180
99,188,180
98,188,181
98,188,180
98,188,180
98,188,180
98,187,180
98,187,180
98,187,180
97,187,179
97,187,179
97,187,180
96,187,179
96,187,179
96,187,179
95,186,179
95,186,179
95,186,179
95,186,179
94,185,178
93,185,179
92,184,177
91,184,177
90,184,177
89,183,176
88,183,176
86,182,175
85,182,174
84,181,174
84,181,174
83,180,173
82,180,172
81,180,172
81,180,172
80,179,171
79,178,171
78,179,171
78,179,171
79,179,171
79,179,172
80,179,172
82,180,172
83,180,173
84,181,174
85,182,175
85,182,175
86,183,176
88,183,176
88,183,175
89,184,176
90,184,177
91,184,177
91,184,177
91,184,177
91,184,177
91,184,177
91,184,177
91,184,177
91,184,177
90,184,178
90,184,178
91,185,177
91,184,177
92,185,178
92,185,178
93,185,179
94,185,179
95,186,179
95,186,179
95,186,179
95,186,179
95,186,179
95,186,179
95,186,179
95,186,179
94,185,178
92,185,177
92,185,178
91,184,177
91,185,177
90,184,178
91,185,177
91,185,178
93,185,179
95,186,179
96,186,179
97,187,179
97,187,179
97,187,179
98,187,180
98,187,180
98,187,181
98,187,181
97,187,180
97,187,180
97,187,180
97,187,180
97,187,180
96,187,180
96,187,179
96,187,179
96,187,179
96,187,179
96,187,179
96,187,179
96,186,180
96,187,179
96,187,179
96,187,179
97,187,179
97,187,179
97,187,179
97,187,179
97,187,179
97,187,179
97,187,179
97,187,179
97,187,179
97,187,179
97,187,179
97,187,179
97,187,179
97,187,180
96,187,179
96,187,179
96,187,179
96,186,179
95,186,179
95,186,178
94,185,178
94,185,178
94,186,178
94,185,178
95,186,178
95,186,178
95,186,178
95,186,179
95,186,178
95,186,178
95,186,178
95,186,178
95,186,178
95,186,178
94,185,178
94,185,178
92,185,178
92,185,178
91,185,177
91,185,177
91,185,178
91,185,177
92,185,177
93,185,178
94,185,178
95,186,178
95,186,178
95,186,178
95,186,178
95,186,178
95,186,178
95,186,178
94,185,178
94,185,178
94,185,179
95,186,179
96,186,180
96,187,179
97,187,180
97,187,180
98,187,181
98,187,181
99,188,180
98,188,181
98,188,181
98,187,180
98,187,180
98,187,180
97,187,180
97,187,180
97,187,180
98,187,180
98,187,180
98,188,180
98,188,180
99,188,180
100,188,180
100,188,181
100,188,181
100,188,181
100,188,181
100,188,180
100,188,180
99,188,180
99,188,180
99,188,180
98,188,181
98,188,181
98,188,181
99,188,180
99,188,180
99,188,180
98,188,181
98,188,180
98,188,180
98,188,180
98,187,180
98,187,180
98,187,180
97,187,179
97,187,179
97,187,180
96,187,179
96,187,179
96,187,179
95,186,179
95,186,179
95,186,179
95,186,179
94,185,178
94,185,178
93,185,178
91,184,177
91,184,177
89,184,176
89,183,176
87,183,175
86,182,175
85,182,174
84,181,174
83,181,174
83,180,172
82,180,172
81,180,172
80,179,171
79,178,171
78,178,171
78,178,172
78,178,172
79,179,172
80,179,172
81,180,173
82,180,172
83,180,173
84,181,175
85,182,175
85,182,175
86,183,176
88,183,176
88,183,175
90,184,177
90,184,177
91,184,177
91,184,177
91,184,177
92,184,177
91,184,177
91,184,177
91,184,177
91,184,177
91,184,177
90,184,178
91,185,177
91,184,177
91,184,177
92,185,178
92,185,178
93,185,179
94,185,179
95,186,179
95,186,179
95,186,179
95,186,179
95,186,179
95,186,179
95,186,178
94,185,177
93,185,178
92,185,178
92,185,178
91,184,177
91,185,177
91,185,177
93,185,178
94,186,178
95,186,179
96,187,179
97,187,179
97,187,179
97,187,179
98,187,180
98,187,180
98,187,181
98,187,181
97,187,180
97,187,180
97,187,180
96,187,180
96,187,180
95,187,180
95,187,180
95,186,179
95,186,179
95,186,179
95,186,179
95,186,179
95,186,179
95,186,179
95,186,179
95,186,179
95,186,179
97,187,179
97,187,179
97,187,179
97,187,179
97,187,179
97,187,179
97,187,179
97,187,179
97,187,180
97,187,179
97,187,179
97,187,180
97,187,180
97,187,180
97,187,180
96,187,179
96,187,179
95,186,179
95,186,179
95,186,178
94,185,178
94,186,178
94,186,178
94,186,178
94,186,178
95,186,178
95,186,178
93,185,178
93,185,178
93,185,178
93,185,178
93,185,178
93,185,178
92,185,177
91,184,177
90,184,178
90,184,178
90,184,178
91,185,177
91,185,178
91,185,177
93,185,178
94,185,178
95,186,178
95,186,178
95,186,178
95,186,179
95,186,178
95,186,178
95,186,178
95,186,178
95,186,178
95,186,178
95,186,179
95,186,179
96,187,179
96,187,179
97,187,180
97,187,180
98,187,181
98,187,181
98,188,181
98,188,181
98,188,181
98,187,180
98,187,180
97,187,180
97,187,180
97,187,180
97,187,180
97,187,180
98,187,180
98,187,180
98,188,180
98,188,180
98,188,180
99,188,180
99,188,180
99,188,180
99,188,180
99,188,180
99,188,180
99,188,180
98,188,180
98,188,181
98,188,181
98,188,181
98,188,181
98,188,180
99,188,180
98,188,180
98,188,180
98,188,180
98,188,180
98,187,180
98,187,180
98,187,180
98,187,180
97,187,179
97,187,179
97,187,179
96,187,179
96,187,179
96,187,179
95,186,179
95,186,179
95,186,179
95,186,179
94,185,178
94,185,178
93,185,179
92,184,177
91,184,177
90,184,177
89,183,176
87,183,175
87,182,175
86,182,175
85,182,174
85,181,174
83,180,173
83,180,173
81,180,172
80,179,171
79,179,171
78,178,171
78,178,171
78,178,171
79,179,172
80,179,172
81,180,173
82,180,172
82,180,173
84,181,175
85,182,175
85,182,175
87,183,176
88,183,175
89,184,176
90,184,177
90,184,177
91,184,177
91,184,177
92,184,177
92,184,177
92,184,177
92,184,177
91,184,177
91,184,177
91,184,177
91,185,177
91,184,177
91,184,177
91,184,177
92,185,178
92,185,178
93,185,179
93,185,178
94,185,179
95,186,179
95,186,179
95,186,179
95,186,179
95,186,179
95,186,178
95,186,178
94,185,177
93,185,178
92,185,178
92,185,178
92,185,177
93,185,178
94,186,178
95,186,179
96,187,179
97,187,179
97,187,179
97,187,179
98,187,180
98,187,180
98,187,180
98,187,181
98,187,181
97,187,180
97,187,180
96,187,180
95,187,180
95,187,180
95,187,180
95,186,179
95,186,179
94,185,178
94,185,178
94,185,178
93,185,178
93,185,178
93,185,179
93,185,179
93,185,179
95,186,178
95,186,179
96,187,179
97,187,179
97,187,179
97,187,179
97,187,179
97,187,179
97,187,180
97,187,180
97,187,180
97,187,180
97,187,180
97,187,180
97,187,180
97,187,180
97,187,180
96,187,179
96,186,179
95,186,179
95,186,178
95,186,178
94,186,178
94,186,178
94,186,178
93,186,178
93,186,178
93,186,178
91,185,177
91,185,177
91,185,177
91,184,177
91,184,177
91,184,177
90,184,178
90,184,178
90,184,178
90,184,178
90,184,178
91,185,177
91,185,178
93,185,178
94,185,178
95,186,178
95,186,178
95,186,179
95,186,179
95,186,179
95,186,179
95,186,179
95,186,179
95,186,179
95,186,179
95,186,179
95,186,179
96,187,179
96,187,179
97,187,180
97,187,180
97,187,180
98,187,180
98,188,181
98,188,181
98,188,181
98,188,181
98,187,180
97,187,180
97,187,180
97,187,180
97,187,180
97,187,180
97,187,180
97,187,180
97,187,179
98,187,180
98,187,180
98,188,181
98,188,181
98,188,181
98,188,181
98,187,180
98,187,180
98,187,180
98,187,180
98,187,180
98,187,180
98,187,180
97,187,180
97,187,180
98,187,180
98,188,181
98,188,180
98,187,180
98,187,180
98,188,180
98,188,180
98,187,180
98,187,180
97,187,179
97,187,179
97,187,179
97,187,179
97,187,180
96,187,179
96,187,179
95,186,179
95,186,179
95,186,179
95,186,179
94,185,178
94,185,178
93,185,179
92,185,177
91,184,177
91,184,177
89,183,176
88,183,176
87,182,175
86,182,175
86,182,174
85,182,174
84,181,173
83,180,173
81,179,172
79,179,172
79,179,171
77,177,171
77,177,171
78,178,171
80,179,172
81,180,173
81,180,173
82,180,174
84,181,175
84,181,175
85,182,174
87,183,175
88,183,176
89,184,176
90,184,177
90,184,177
91,184,177
91,184,177
92,184,177
92,184,177
92,184,177
92,184,177
92,184,177
91,184,177
91,184,177
91,184,177
91,184,177
91,184,177
91,184,177
91,184,177
92,185,178
92,185,178
93,185,178
93,185,178
95,186,179
95,186,179
95,186,179
95,186,179
95,186,179
95,186,179
95,186,178
94,185,178
93,186,178
93,185,179
93,185,179
93,185,178
94,186,178
95,186,178
95,186,178
96,187,179
97,187,179
97,187,179
97,187,179
97,187,179
98,187,180
98,187,181
98,187,181
98,187,181
97,187,180
97,187,180
96,187,180
95,187,180
95,187,180
95,186,179
95,186,179
95,186,179
94,185,178
94,185,178
93,185,178
92,185,177
92,185,178
91,184,177
91,184,177
93,186,179
93,185,178
95,186,178
95,186,179
96,187,179
97,187,179
97,187,179
97,187,179
97,187,179
97,187,180
97,187,180
97,187,180
97,187,180
97,187,180
97,187,180
97,187,180
97,187,180
97,187,179
97,187,179
96,186,179
96,186,179
95,186,179
95,186,178
95,186,178
94,186,178
93,186,178
93,186,178
91,185,177
91,185,177
90,184,178
90,184,178
90,184,177
90,184,177
90,184,177
90,184,177
90,184,178
90,184,178
90,184,178
90,184,178
91,185,177
92,185,178
93,185,179
94,185,179
95,186,178
95,186,179
95,186,179
95,186,179
96,186,179
96,186,179
96,187,179
96,187,179
96,187,179
96,187,179
96,187,179
96,187,179
96,187,179
96,187,179
96,187,179
97,187,180
97,187,180
98,187,180
98,188,181
98,188,181
98,188,181
98,188,181
98,187,180
97,187,180
97,187,180
97,187,180
97,187,180
97,187,180
97,187,180
97,187,180
97,187,179
97,187,179
97,187,179
97,187,179
97,187,180
98,187,180
98,187,180
98,187,180
98,187,180
98,187,180
98,187,180
98,187,180
98,187,180
97,187,179
97,187,179
97,187,179
97,187,180
97,187,180
97,187,180
97,187,180
97,187,180
97,187,180
97,187,180
97,187,180
97,187,179
97,187,179
97,187,179
97,187,179
97,187,179
97,187,179
97,187,179
96,187,179
96,186,180
95,186,179
95,186,179
95,186,179
95,185,179
94,185,178
94,185,178
93,185,179
92,185,177
91,184,177
91,184,176
90,184,177
89,183,176
87,183,175
87,182,175
86,182,175
86,182,174
85,181,174
83,180,173
81,180,173
79,179,171
77,177,171
77,177,171
77,177,171
77,177,171
80,179,172
80,180,173
81,180,173
82,180,173
83,180,174
84,181,175
85,182,174
87,183,175
88,183,176
89,183,176
90,184,177
90,184,177
91,184,177
91,184,177
91,184,177
92,184,177
92,184,177
92,184,177
92,184,177
92,184,177
91,184,177
91,184,177
91,184,177
91,184,177
91,184,177
91,184,177
92,185,178
92,185,178
93,185,178
93,185,178
94,185,178
95,186,179
95,186,179
95,186,179
95,186,179
95,186,179
95,186,179
95,186,179
94,185,179
94,185,179
94,185,178
95,186,178
95,186,178
95,186,179
96,187,179
97,187,179
97,187,180
97,187,180
97,187,179
97,187,179
97,187,179
98,187,181
98,187,181
98,187,181
97,187,180
97,187,180
96,187,179
95,187,180
95,187,180
95,186,179
95,186,179
95,186,179
94,185,179
94,185,178
92,185,177
92,185,178
91,184,177
91,184,177
91,185,177
91,185,177
93,185,179
94,186,178
95,186,178
96,187,179
97,187,179
97,187,179
97,187,179
97,187,180
97,187,180
97,187,180
97,187,180
98,188,180
98,188,180
98,188,180
98,187,180
98,187,181
97,187,179
97,187,179
97,187,179
96,186,179
95,186,179
95,186,179
95,186,179
94,186,178
93,186,178
91,185,177
90,184,178
90,184,178
90,184,178
90,184,177
90,184,177
90,184,177
90,184,177
90,184,177
90,184,178
90,184,178
91,184,177
92,184,177
93,185,179
94,185,179
94,185,179
95,186,178
95,186,179
95,186,179
95,186,179
96,186,179
96,187,179
96,187,179
96,187,179
96,187,179
96,187,179
96,187,179
96,187,179
96,187,179
97,187,180
97,187,180
97,187,180
97,187,180
98,187,180
98,188,181
98,188,181
98,188,181
98,188,181
98,188,181
98,187,180
97,187,180
97,187,180
97,187,180
96,187,179
96,187,179
97,187,180
97,187,180
97,187,180
97,187,179
97,187,179
97,187,179
97,187,179
97,187,180
97,187,180
97,187,180
97,187,180
97,187,179
97,187,179
97,187,179
97,187,179
97,187,179
97,187,179
97,187,179
97,187,180
97,187,180
97,187,180
97,187,180
97,187,180
97,187,180
97,187,180
97,187,180
97,187,180
97,187,179
97,187,179
97,187,179
97,187,179
97,187,179
97,187,179
96,187,179
95,186,179
95,186,179
95,186,179
95,186,179
94,185,178
94,185,178
93,185,178
93,185,179
92,185,178
92,184,177
91,184,177
91,184,176
89,183,176
88,183,176
87,182,175
86,182,175
86,182,174
85,181,174
83,180,173
81,180,173
79,179,171
77,177,171
77,177,171
77,177,171
77,177,171
80,179,172
80,180,173
80,180,173
81,180,173
82,180,174
84,181,174
86,182,174
87,182,175
88,183,176
89,183,176
89,183,176
90,184,177
91,184,177
91,184,177
91,184,177
91,184,177
91,184,177
92,184,177
92,184,177
91,184,177
91,184,177
91,184,177
91,184,177
91,184,177
91,184,177
91,184,177
92,185,178
92,185,178
93,185,178
93,185,178
93,185,178
94,185,179
95,186,179
95,186,179
95,186,179
95,186,179
95,186,179
95,186,179
95,186,179
95,186,178
95,186,178
95,186,178
95,186,179
96,187,179
96,187,179
97,187,180
97,187,180
97,187,180
97,187,180
97,187,180
97,187,180
97,187,180
98,187,181
97,187,180
97,187,180
97,187,180
96,187,179
96,187,179
95,187,180
95,187,180
95,186,179
95,186,179
94,185,179
94,185,178
92,185,177
92,185,178
91,184,177
91,184,177
91,185,177
91,185,177
91,185,178
94,186,178
95,186,179
96,187,179
96,187,179
97,187,180
97,187,180
97,187,180
97,187,180
98,188,180
98,188,180
98,188,180
98,188,180
98,188,180
98,187,180
98,187,181
97,187,180
97,187,179
97,187,179
96,186,179
95,186,179
95,186,179
95,186,179
93,185,179
91,185,178
91,185,177
90,184,178
90,184,178
90,184,178
90,184,177
90,184,177
90,184,177
90,184,177
90,184,178
91,184,177
92,184,177
93,185,178
94,185,178
94,185,178
95,186,178
95,186,179
95,186,179
95,186,179
95,186,179
96,186,179
96,187,179
96,187,179
97,187,180
97,187,180
97,187,180
97,187,180
97,187,180
97,187,180
97,187,180
97,187,180
97,187,180
97,187,180
98,187,180
98,187,180
98,188,181
98,188,181
98,188,181
98,188,181
98,187,180
97,187,180
97,187,180
97,187,180
96,187,179
96,187,179
96,187,179
96,187,179
97,187,180
97,187,179
97,187,179
97,187,179
97,187,179
97,187,179
97,187,179
97,187,179
97,187,179
97,187,179
97,187,179
97,187,179
97,187,179
97,187,179
97,187,179
97,187,179
97,187,179
97,187,180
96,187,179
96,187,179
97,187,180
97,187,180
97,187,180
97,187,180
97,187,180
97,187,180
97,187,179
97,187,179
97,187,179
97,187,179
97,187,179
96,187,179
96,187,179
95,186,179
95,186,179
95,186,178
95,186,179
94,185,178
93,185,178
93,185,179
92,185,178
92,185,178
92,184,177
91,184,177
91,184,176
89,183,176
88,183,176
86,182,175
86,182,175
85,182,174
84,181,174
83,180,173
80,179,172
78,178,171
76,178,171
76,177,171
76,177,170
77,177,171
79,179,171
79,179,172
80,180,173
81,180,173
82,180,174
84,181,174
85,182,174
87,182,175
87,183,175
88,183,176
89,183,176
89,184,176
90,184,177
91,184,177
91,184,177
91,184,177
91,184,177
91,184,177
91,184,177
91,184,177
91,184,177
91,184,177
91,184,177
91,184,177
91,184,177
91,184,177
92,185,178
92,185,178
93,185,178
93,185,178
93,185,178
94,185,179
95,186,179
95,186,179
95,186,179
95,186,179
95,186,179
95,186,179
95,186,179
95,186,179
95,186,179
95,186,179
96,187,179
96,187,179
97,187,180
97,187,180
97,187,180
97,187,180
97,187,180
97,187,180
97,187,180
97,187,180
97,187,180
97,187,180
97,187,180
97,187,180
97,187,180
96,187,179
96,187,179
96,186,180
95,186,179
95,186,179
95,186,179
94,185,179
94,185,178
92,185,178
92,185,178
91,184,177
91,184,177
92,185,178
92,185,178
94,186,178
95,186,179
96,187,179
96,187,179
97,187,180
97,187,180
97,187,180
97,187,180
98,188,180
98,188,180
98,188,180
98,188,180
98,188,180
98,187,180
98,187,180
97,187,180
97,187,180
97,187,180
95,186,179
95,186,179
95,186,179
95,186,179
93,185,179
92,185,178
91,185,178
91,185,177
90,184,178
90,184,178
91,184,177
92,184,177
92,185,177
92,185,177
93,185,178
93,185,178
95,186,178
95,186,178
95,186,178
95,186,178
95,186,179
95,186,179
95,186,179
96,186,180
96,186,180
96,187,179
96,187,179
96,187,179
97,187,180
97,187,180
97,187,180
97,187,180
97,187,180
97,187,180
97,187,180
97,187,180
97,187,180
98,187,180
98,187,180
98,188,181
98,188,181
98,188,181
98,188,181
98,187,180
97,187,180
97,187,180
97,187,180
97,187,180
96,187,179
96,187,179
96,187,179
96,187,179
97,187,179
97,187,179
97,187,179
97,187,179
97,187,179
97,187,179
97,187,179
97,187,179
97,187,179
97,187,179
97,187,179
97,187,179
97,187,179
97,187,179
97,187,179
97,187,179
97,187,180
96,187,179
96,187,179
96,187,179
96,187,179
97,187,180
97,187,180
97,187,180
97,187,180
97,187,179
97,187,179
97,187,179
97,187,179
97,187,180
96,187,179
96,187,179
96,186,179
95,186,179
95,186,179
95,186,178
94,185,179
94,185,178
93,185,178
92,185,178
92,185,178
92,185,178
91,184,177
91,184,177
91,184,176
89,183,176
88,183,176
86,182,175
85,182,174
84,181,174
84,181,174
82,180,173
80,179,172
78,178,172
76,178,171
76,178,171
77,177,171
77,177,171
78,178,172
79,179,172
79,179,172
81,180,173
82,180,174
84,181,174
85,182,174
87,182,175
87,183,175
88,183,175
88,183,175
89,184,176
90,184,177
91,184,177
91,184,177
91,184,177
91,184,177
91,184,177
91,184,177
91,184,177
91,184,177
91,184,177
91,184,177
91,184,177
91,184,177
92,185,178
92,185,178
92,185,178
92,185,178
93,185,178
94,185,178
94,185,179
95,186,179
95,186,179
95,186,179
95,186,179
95,186,179
95,186,179
95,186,179
95,186,179
95,186,179
96,186,179
96,187,179
97,187,179
97,187,180
97,187,180
97,187,180
97,187,180
97,187,180
97,187,180
97,187,180
97,187,180
97,187,180
97,187,180
97,187,180
97,187,180
97,187,179
97,187,179
96,187,179
96,187,179
96,186,180
95,186,179
95,186,179
95,186,179
94,185,179
94,185,178
93,185,178
92,185,178
92,185,178
92,185,178
92,185,178
93,185,179
95,186,179
95,186,179
96,187,179
97,187,180
97,187,180
97,187,180
97,187,180
98,188,180
98,188,180
98,188,180
98,188,180
98,188,180
98,187,180
97,187,180
97,187,180
97,187,180
97,187,180
96,186,180
95,186,179
95,186,179
95,186,179
95,186,179
93,185,179
92,185,178
92,185,178
92,185,178
93,185,178
94,185,177
94,185,177
94,185,178
94,185,178
95,186,178
95,186,178
95,186,178
95,186,179
95,186,179
96,186,179
96,186,180
96,187,179
96,187,179
96,187,179
96,187,179
96,187,179
96,187,179
97,187,180
97,187,180
97,187,180
97,187,180
97,187,180
97,187,180
97,187,180
97,187,180
97,187,180
98,187,180
98,188,181
98,188,181
98,188,181
98,188,181
98,188,181
98,188,181
98,187,180
97,187,180
97,187,180
97,187,180
96,187,179
96,187,179
96,186,180
96,186,180
95,187,180
97,187,179
97,187,179
97,187,179
98,187,180
98,187,180
98,187,180
97,187,179
97,187,179
97,187,179
97,187,179
97,187,179
97,187,179
97,187,179
97,187,179
97,187,179
97,187,179
96,187,179
96,187,179
96,187,179
96,187,179
96,187,179
96,187,179
97,187,180
97,187,180
97,187,179
97,187,179
97,187,179
97,187,179
97,187,180
96,187,179
96,187,179
96,187,179
96,186,179
95,186,179
95,186,178
95,186,178
94,185,178
93,185,179
92,185,178
92,185,178
92,185,178
92,185,178
91,184,177
91,184,177
91,184,176
89,183,176
88,183,176
86,182,175
85,182,175
84,181,175
83,180,173
82,180,173
80,179,172
78,178,171
77,178,172
76,178,171
77,177,171
78,178,171
77,178,171
78,178,172
79,179,171
81,180,173
83,180,173
84,181,174
86,182,175
87,182,175
88,183,176
88,183,175
88,183,176
89,184,176
89,184,176
90,184,177
91,184,177
91,184,177
91,184,177
91,184,177
91,184,177
91,184,177
91,184,177
91,184,177
91,184,177
91,184,177
91,184,177
92,185,178
92,185,178
92,185,178
93,185,179
93,185,178
94,185,178
94,185,179
95,186,179
95,186,179
95,186,179
96,186,180
96,186,180
96,186,180
96,186,180
96,186,180
96,186,179
96,187,179
96,187,179
97,187,180
97,187,180
97,187,180
97,187,180
97,187,180
97,187,180
97,187,180
97,187,180
97,187,180
97,187,180
97,187,180
97,187,180
97,187,179
97,187,179
97,187,179
97,187,179
96,187,179
96,187,179
95,186,179
95,186,179
95,186,179
95,186,179
94,185,177
93,185,178
92,185,177
92,185,178
92,185,178
92,185,178
92,185,178
94,186,178
95,186,179
96,186,180
96,187,179
97,187,180
97,187,180
97,187,180
97,187,180
97,187,180
97,187,180
98,188,180
97,187,180
97,187,180
97,187,180
97,187,180
97,187,180
97,187,180
96,187,179
95,186,179
95,186,179
95,186,179
95,186,179
95,186,179
93,185,178
94,185,177
95,186,178
95,186,178
95,186,179
95,186,179
95,186,179
95,186,179
95,186,179
96,187,179
96,187,179
96,187,179
96,187,179
96,187,179
96,187,179
96,187,179
96,187,179
96,187,179
96,187,179
96,187,179
97,187,180
97,187,180
97,187,180
97,187,180
97,187,180
97,187,180
97,187,180
97,187,180
97,187,180
98,187,180
98,188,181
98,188,181
98,188,181
98,188,181
98,188,181
98,188,181
98,188,181
98,187,180
97,187,180
97,187,180
97,187,180
96,187,179
96,186,180
95,186,179
95,186,179
95,187,179
97,187,179
97,187,179
98,187,180
98,187,180
98,187,180
98,187,180
98,187,180
97,187,179
97,187,180
97,187,180
97,187,179
97,187,179
97,187,179
97,187,179
97,187,179
97,187,180
96,187,179
96,187,179
96,187,179
96,187,179
96,187,179
96,187,179
97,187,180
97,187,179
97,187,179
97,187,179
97,187,180
96,187,179
96,187,179
96,187,179
96,187,179
96,187,179
95,186,179
95,186,179
95,186,178
94,185,178
93,186,178
93,185,179
92,185,178
92,185,178
92,185,178
92,185,177
91,184,177
91,184,177
90,183,176
88,183,176
87,182,175
85,182,175
84,181,175
83,181,174
82,180,173
82,180,173
80,179,172
79,179,172
78,178,171
78,178,171
78,178,171
79,179,171
77,178,171
78,178,172
79,179,172
82,180,173
84,181,174
85,182,174
86,182,175
87,182,175
88,183,176
88,183,175
88,183,176
89,184,176
89,183,176
89,184,176
90,184,177
90,184,177
90,184,177
90,184,177
90,184,177
91,184,177
91,184,177
91,184,177
91,184,177
91,184,177
92,185,178
92,185,178
92,185,178
92,185,178
93,185,178
94,185,178
93,186,178
94,185,179
95,186,179
95,186,179
96,187,179
96,187,179
96,187,179
96,187,179
96,186,180
96,186,180
96,187,179
96,187,179
96,187,179
96,187,179
96,187,179
97,187,180
97,187,180
97,187,180
97,187,179
97,187,180
97,187,180
97,187,180
97,187,180
97,187,180
97,187,180
97,187,180
97,187,179
97,187,179
97,187,179
96,187,179
96,187,179
96,186,179
95,186,179
95,186,179
95,186,179
94,185,177
93,185,178
93,185,178
92,185,177
92,185,178
91,185,178
91,185,178
92,185,178
94,186,178
95,186,179
96,187,180
97,187,180
97,187,180
97,187,180
97,187,180
97,187,180
97,187,180
97,187,180
97,187,180
97,187,180
97,187,180
97,187,179
97,187,179
96,187,179
96,187,179
96,186,180
95,186,179
95,186,179
95,186,179
95,186,178
95,186,178
95,186,179
96,186,179
96,186,179
97,187,179
97,187,179
97,187,179
97,187,179
97,187,179
97,187,179
96,187,179
96,187,179
96,187,179
96,187,179
96,187,179
96,187,179
97,187,180
97,187,180
97,187,180
97,187,180
97,187,180
97,187,180
97,187,180
97,187,180
97,187,180
97,187,180
97,187,180
97,187,180
98,187,180
98,187,180
99,188,180
99,188,180
99,188,181
99,188,181
98,188,181
98,188,181
98,188,181
98,187,180
97,187,180
97,187,180
97,187,180
96,187,179
95,186,179
95,186,179
95,186,179
95,186,178
97,187,179
97,187,179
98,187,180
98,187,180
99,188,180
98,188,180
98,187,180
98,187,180
97,187,180
97,187,180
97,187,180
97,187,179
97,187,179
97,187,179
97,187,179
97,187,179
96,187,179
96,187,179
96,187,179
96,187,179
96,187,179
96,187,179
97,187,180
97,187,179
97,187,179
97,187,179
96,187,179
96,187,179
96,187,179
96,187,179
96,187,179
96,186,180
95,186,179
95,186,179
95,186,178
94,185,178
94,185,179
93,185,179
93,185,179
92,185,178
92,185,177
92,185,177
91,184,177
91,184,176
90,183,176
88,183,176
87,182,175
85,182,175
84,181,175
82,180,174
82,180,173
82,180,172
80,179,172
79,179,171
79,179,172
79,179,171
79,179,171
79,179,172
77,178,171
78,178,172
81,180,173
82,181,173
84,181,174
85,182,174
86,182,175
87,183,175
88,183,176
88,183,175
89,183,176
89,183,176
89,183,176
89,183,176
89,184,176
90,184,177
90,184,177
90,184,177
91,184,177
91,184,177
91,184,177
91,184,177
91,184,177
91,184,177
92,185,178
92,185,178
92,185,178
93,185,179
94,185,178
94,185,178
94,185,179
95,186,179
95,186,179
96,187,179
96,187,179
96,187,179
96,187,179
96,187,179
96,186,180
96,186,180
96,187,179
96,187,179
96,187,179
96,187,179
96,187,179
97,187,180
97,187,180
97,187,179
97,187,179
97,187,179
97,187,180
97,187,180
97,187,180
97,187,180
97,187,180
97,187,180
97,187,180
97,187,179
97,187,180
96,187,179
96,187,179
96,186,180
95,186,179
95,186,179
95,186,178
94,185,177
93,185,178
93,185,178
91,184,177
90,184,177
90,184,177
90,184,177
90,184,178
91,185,177
93,185,178
95,186,179
96,187,180
97,187,180
97,187,180
97,187,180
97,187,180
97,187,180
97,187,180
97,187,180
97,187,180
97,187,180
97,187,179
97,187,179
96,187,179
96,187,179
96,187,179
96,186,180
96,186,180
95,186,179
96,187,179
97,187,179
97,187,179
98,187,180
98,187,180
99,188,180
99,188,180
99,188,180
98,188,180
97,187,179
97,187,179
97,187,179
97,187,179
97,187,180
97,187,180
97,187,180
97,187,180
97,187,180
97,187,180
97,187,180
97,187,180
97,187,180
97,187,180
97,187,180
97,187,180
97,187,180
97,187,180
97,187,180
98,187,180
98,187,181
99,188,180
99,188,180
100,188,180
100,188,181
100,188,181
99,188,181
98,188,181
98,188,181
98,187,180
97,187,180
97,187,180
96,187,179
96,187,179
95,186,179
95,186,179
95,186,179
95,186,179
97,187,179
98,188,180
98,187,180
98,188,180
98,188,180
98,188,180
98,188,180
98,188,181
98,188,181
98,187,180
98,187,180
97,187,180
97,187,179
97,187,179
97,187,179
97,187,179
97,187,180
96,187,179
96,187,179
96,187,179
96,187,179
96,187,179
96,187,179
96,187,179
96,187,179
96,187,179
96,187,179
96,187,179
96,187,179
96,187,179
96,187,179
96,187,179
96,186,180
95,186,179
95,186,179
95,186,179
94,185,179
93,186,178
93,185,178
93,185,178
92,185,177
92,185,177
91,184,176
90,184,176
90,183,176
88,183,175
86,182,175
85,182,175
83,181,174
82,180,174
82,180,173
82,180,172
80,179,172
79,179,171
79,179,171
79,179,171
79,179,172
79,179,171
77,178,171
78,179,171
81,180,173
82,181,173
84,181,174
85,182,174
86,182,175
87,183,175
88,183,175
88,183,176
89,183,176
89,183,176
89,183,176
89,183,176
89,184,176
89,184,176
90,184,177
90,184,177
91,184,177
91,184,177
91,184,177
91,184,177
91,184,177
92,185,178
92,185,178
93,185,179
93,185,179
93,186,178
94,185,178
95,186,179
95,186,179
95,186,179
96,187,179
96,187,179
96,187,179
96,187,179
96,187,179
96,187,179
96,186,180
96,186,180
96,186,180
96,186,180
96,187,179
96,187,179
96,187,179
97,187,179
97,187,179
97,187,179
97,187,179
97,187,179
97,187,179
97,187,180
97,187,180
97,187,180
97,187,180
97,187,180
97,187,180
97,187,179
96,187,179
96,187,179
96,187,179
95,186,179
95,186,179
95,186,179
94,185,178
93,185,178
93,185,178
91,184,177
90,184,177
90,184,177
89,184,176
89,184,176
89,184,177
90,184,178
91,185,177
93,185,178
95,186,179
96,187,179
97,187,179
97,187,179
97,187,180
97,187,180
97,187,180
97,187,180
97,187,180
97,187,180
97,187,179
97,187,180
96,187,179
96,187,179
96,187,179
96,187,179
96,187,179
96,187,179
97,187,180
98,187,181
98,187,180
99,188,180
99,188,180
99,188,180
99,188,180
99,188,180
99,188,180
98,187,180
97,187,179
97,187,180
97,187,180
97,187,180
97,187,180
97,187,180
97,187,180
97,187,180
97,187,180
97,187,180
97,187,180
97,187,180
97,187,180
97,187,180
97,187,179
97,187,179
97,187,180
98,187,180
98,187,181
99,188,180
99,188,180
100,188,181
100,188,181
100,188,181
100,188,181
100,188,181
98,188,181
98,188,181
98,187,180
97,187,180
97,187,180
96,187,179
95,186,179
95,186,179
95,186,178
95,186,178
95,186,179
97,187,179
98,187,180
98,187,180
98,188,180
99,188,180
99,188,180
98,188,181
98,188,181
98,188,181
98,188,181
98,188,181
98,187,180
98,187,180
98,187,180
98,187,180
97,187,179
97,187,179
96,187,179
96,187,179
96,187,179
96,187,179
96,187,179
96,187,179
96,187,179
96,187,179
96,187,179
96,187,179
96,187,179
96,187,179
96,187,179
96,187,179
96,187,179
96,187,179
96,186,180
95,186,179
95,186,179
94,185,179
94,185,178
94,185,177
93,185,178
92,185,177
92,185,177
91,184,176
90,184,176
89,183,176
87,183,175
86,182,175
84,181,175
83,180,173
82,180,173
82,180,172
82,180,172
80,179,172
79,179,171
79,179,171
79,179,171
79,179,171
80,179,171
76,177,170
77,178,171
80,179,172
82,180,173
83,181,174
84,181,174
85,182,174
87,182,175
88,183,176
88,183,176
88,183,176
89,183,176
89,183,176
89,183,176
89,183,176
89,183,176
89,184,176
90,184,177
91,184,177
91,184,177
91,184,177
91,184,177
92,185,177
92,185,177
93,185,179
93,186,178
94,185,179
94,185,179
95,186,179
95,186,179
95,186,179
96,187,179
96,187,179
96,187,179
96,187,179
96,187,179
96,187,179
96,187,179
95,186,179
95,186,179
95,186,179
95,186,179
96,187,179
96,187,179
96,187,179
97,187,179
97,187,179
98,187,180
98,187,180
98,187,180
97,187,179
97,187,179
97,187,180
97,187,180
97,187,180
97,187,180
96,187,180
95,187,179
96,186,179
96,186,180
95,186,179
95,186,179
95,186,179
94,185,178
92,185,177
92,185,177
92,184,177
91,185,177
90,184,177
89,184,176
88,184,176
88,184,176
88,184,176
89,184,177
90,184,178
92,185,178
94,186,178
96,187,179
96,187,179
97,187,179
97,187,179
97,187,179
97,187,179
97,187,180
97,187,180
97,187,180
97,187,180
96,187,179
96,187,179
96,186,180
96,186,180
96,187,179
96,187,179
97,187,180
98,187,180
98,187,180
99,188,180
99,188,180
99,188,180
99,188,180
99,188,180
99,188,180
99,188,180
98,188,180
97,187,179
97,187,179
97,187,179
97,187,180
97,187,179
97,187,179
97,187,179
97,187,179
97,187,180
97,187,180
97,187,180
97,187,180
97,187,180
97,187,180
97,187,179
97,187,179
97,187,180
98,187,180
98,188,181
98,188,181
98,188,181
100,188,181
100,188,181
100,188,181
100,188,181
99,188,181
98,188,181
98,188,181
98,187,180
97,187,180
96,187,179
96,186,179
95,186,179
95,186,179
95,186,178
95,186,178
95,186,179
97,187,179
97,187,179
98,187,180
99,188,180
99,188,180
99,188,180
99,188,180
98,188,181
98,188,181
98,188,181
98,188,181
98,188,181
98,187,180
98,187,180
98,187,180
97,187,179
97,187,179
96,187,179
96,187,179
96,187,179
96,187,179
96,187,179
96,187,179
96,187,179
96,187,179
96,187,179
96,187,179
96,187,179
96,187,179
96,187,179
96,187,179
96,187,179
96,187,179
96,187,179
96,187,179
95,186,179
95,186,179
94,185,178
94,185,177
93,185,178
92,185,177
92,184,177
91,184,176
90,184,176
89,183,176
87,183,175
86,182,174
84,181,175
83,180,173
82,180,173
82,180,172
81,180,172
80,179,171
79,179,171
79,178,171
79,179,171
79,179,171
80,179,172
75,177,169
77,178,171
78,179,172
81,180,173
83,181,174
84,181,175
85,182,175
86,182,175
87,183,175
88,183,176
88,183,176
88,183,176
88,183,176
88,183,176
88,183,176
88,183,176
89,183,176
89,184,176
91,184,177
91,184,177
91,184,177
91,184,177
92,185,177
92,185,177
94,185,178
94,185,179
95,186,179
95,186,179
95,186,179
95,186,179
95,186,179
96,187,179
96,187,179
97,187,180
96,187,179
96,187,179
96,187,179
96,187,179
95,186,179
95,186,179
95,186,179
95,186,179
96,186,180
96,187,179
96,187,179
97,187,179
98,187,180
98,187,180
98,187,180
98,187,180
97,187,179
97,187,179
97,187,180
97,187,180
97,187,180
96,187,180
95,187,180
95,186,179
95,186,179
94,185,179
93,185,179
93,185,179
92,185,178
92,185,177
92,184,177
92,184,177
91,184,177
90,184,177
90,184,177
89,184,176
88,184,176
88,184,176
88,184,176
89,184,177
90,184,178
92,185,178
95,186,178
96,187,179
96,187,179
97,187,179
97,187,179
97,187,179
97,187,179
97,187,180
97,187,180
97,187,180
96,187,180
95,187,180
95,187,180
95,187,180
96,186,180
96,187,179
96,187,179
98,187,180
98,187,180
98,188,181
99,188,180
99,188,180
99,188,180
99,188,180
99,188,180
99,188,180
99,188,180
98,187,180
97,187,180
97,187,180
97,187,180
97,187,180
97,187,179
97,187,179
97,187,179
97,187,179
97,187,179
97,187,180
97,187,180
96,187,179
96,187,179
97,187,180
97,187,179
97,187,179
98,187,180
98,187,181
99,188,180
98,188,181
98,188,181
98,188,181
99,188,181
99,188,181
99,188,181
98,188,181
98,188,181
98,187,180
97,187,179
97,187,179
96,187,179
95,186,179
95,186,178
95,186,178
95,186,178
95,186,178
95,186,178
97,187,179
97,187,179
98,187,180
99,188,180
99,188,180
99,188,180
99,188,180
99,188,180
98,188,181
98,188,181
98,188,181
98,188,181
98,187,180
98,187,180
98,187,180
97,187,179
97,187,179
96,187,179
96,187,179
96,187,179
96,187,179
96,187,179
96,187,179
96,187,179
96,187,179
96,187,179
96,187,179
96,187,179
96,187,179
96,187,179
97,187,180
97,187,180
97,187,180
96,187,179
96,187,179
95,186,179
95,186,179
95,186,179
94,185,177
93,185,178
92,185,177
91,184,176
91,184,176
90,184,176
88,183,175
87,182,175
86,182,174
85,181,174
83,181,174
82,180,172
82,180,172
80,179,172
79,179,171
79,178,171
78,178,172
79,179,171
79,179,171
80,179,172
74,176,170
76,177,171
78,179,172
81,180,173
83,181,174
84,181,175
85,182,175
85,182,175
86,183,176
87,183,175
88,183,176
88,183,176
88,183,176
88,183,176
88,183,176
88,183,176
88,183,175
89,184,176
91,184,177
91,184,177
91,184,177
92,185,177
92,185,177
93,185,178
94,185,178
95,186,179
95,186,179
95,186,179
95,186,179
95,186,179
96,187,179
97,187,180
97,187,180
97,187,180
97,187,180
96,187,179
96,187,179
95,186,179
95,186,179
95,186,179
95,186,179
95,186,179
95,186,179
96,187,179
97,187,179
97,187,179
98,187,180
98,187,180
98,187,180
98,187,180
98,187,180
97,187,179
97,187,179
97,187,179
96,187,179
96,186,179
95,186,179
95,186,178
94,186,178
92,185,178
92,185,178
91,184,177
92,184,178
92,184,177
92,184,177
92,184,177
91,184,177
90,184,177
90,184,177
90,184,177
89,184,176
89,184,176
89,184,177
90,184,178
92,185,178
94,186,178
95,186,178
96,187,179
97,187,179
97,187,179
97,187,179
97,187,179
97,187,179
97,187,180
97,187,180
96,187,180
95,187,180
95,187,180
95,187,180
95,187,180
96,186,180
96,187,179
96,187,179
98,187,180
98,188,181
99,188,180
99,188,180
99,188,180
99,188,180
99,188,180
99,188,180
99,188,180
98,187,180
98,187,180
97,187,180
97,187,180
97,187,180
97,187,179
97,187,179
97,187,179
97,187,179
97,187,179
97,187,179
97,187,179
96,187,179
96,187,179
96,187,179
96,187,179
97,187,180
97,187,180
98,187,180
98,187,180
98,188,181
98,188,181
98,188,181
98,188,181
98,188,181
98,188,181
98,188,181
98,188,181
98,187,181
97,187,179
97,187,179
96,187,179
95,186,179
95,186,178
95,186,178
95,186,178
95,186,178
95,186,178
96,186,179
97,187,179
97,187,179
98,187,180
98,187,180
99,188,180
99,188,180
99,188,180
98,188,181
98,188,181
98,188,181
98,188,181
98,187,180
98,187,180
98,187,180
97,187,180
97,187,179
96,187,179
96,187,179
96,187,179
96,187,179
96,187,179
96,187,179
96,187,179
96,187,179
96,187,179
96,187,179
97,187,180
97,187,180
97,187,180
97,187,179
97,187,180
97,187,180
97,187,180
97,187,180
96,187,179
95,186,179
95,186,179
95,186,179
94,185,177
93,185,178
92,184,177
91,184,177
91,184,177
90,183,176
88,183,176
86,182,175
86,182,174
85,181,174
83,181,174
82,180,172
80,179,172
79,179,171
78,178,171
77,178,171
76,178,170
77,178,171
77,178,171
79,179,172
73,176,169
75,178,170
77,178,172
80,180,173
82,181,174
84,181,175
85,182,175
85,182,175
86,183,176
87,183,175
88,183,176
88,183,176
88,183,176
88,183,176
88,183,176
88,183,176
88,183,175
90,184,177
91,184,177
91,184,177
92,185,177
92,185,177
93,185,178
94,185,178
95,186,179
95,186,179
95,186,179
95,186,179
95,186,179
96,187,179
97,187,180
97,187,180
97,187,180
97,187,180
97,187,180
96,187,179
96,187,179
95,186,179
95,186,179
95,186,179
95,186,179
95,186,179
95,186,178
95,187,179
96,187,179
97,187,179
98,187,180
98,187,180
98,187,180
98,187,180
97,187,179
97,187,179
97,187,179
97,187,179
96,187,179
95,186,179
95,186,178
94,186,178
92,185,177
92,185,178
91,185,177
90,184,178
90,184,177
91,184,177
92,185,177
92,185,177
91,184,177
91,185,177
90,184,177
90,184,178
90,184,178
90,184,178
91,184,177
92,185,177
94,185,178
95,186,178
96,187,179
97,187,179
97,187,179
97,187,179
97,187,179
97,187,179
97,187,179
97,187,180
97,187,180
96,187,180
95,187,180
95,187,180
95,187,180
95,187,180
96,187,180
96,187,179
97,187,180
98,187,180
98,188,181
98,188,181
99,188,180
99,188,180
99,188,180
98,188,180
98,188,181
98,187,181
98,187,180
97,187,180
97,187,180
97,187,180
97,187,180
97,187,180
97,187,179
97,187,179
97,187,179
97,187,179
97,187,180
97,187,180
96,187,179
96,187,179
96,187,179
96,187,179
97,187,180
97,187,180
97,187,180
98,187,180
98,187,180
98,188,181
98,188,181
98,188,181
98,188,181
98,188,181
98,188,181
98,187,180
97,187,180
97,187,179
96,187,179
95,186,179
95,186,178
95,186,178
95,186,178
95,186,178
95,186,178
95,186,179
97,187,179
97,187,179
98,187,180
98,187,180
99,188,180
99,188,180
99,188,180
99,188,180
98,188,181
98,188,181
98,187,180
98,187,180
98,187,180
98,187,180
97,187,180
97,187,180
96,187,179
96,187,179
96,187,179
96,187,179
96,187,179
96,187,179
96,187,179
96,187,179
96,187,179
96,187,179
97,187,180
97,187,180
98,187,181
98,187,180
98,187,180
98,187,180
98,187,180
97,187,180
97,187,180
97,187,180
95,186,179
95,186,179
95,186,179
94,185,178
93,185,178
92,184,177
91,184,177
91,184,177
90,183,176
88,183,176
86,182,174
85,182,174
85,181,174
83,181,173
81,180,172
80,179,171
78,178,171
76,177,170
74,177,170
74,177,170
74,177,170
77,178,171
78,179,172
75,178,170
77,178,172
80,180,173
82,181,174
84,181,175
85,182,175
85,182,175
86,183,176
87,183,175
88,183,176
88,183,176
88,183,176
88,183,176
88,183,176
88,183,176
89,184,176
91,184,177
91,184,177
92,184,177
92,185,177
93,185,178
94,185,178
94,185,178
95,186,179
95,186,179
95,186,179
95,186,179
96,187,179
97,187,180
97,187,180
97,187,180
97,187,180
97,187,180
97,187,180
96,187,179
95,186,179
95,186,179
95,186,179
95,186,179
95,186,179
95,186,179
95,186,178
95,187,179
96,187,179
97,187,179
98,187,180
98,187,180
98,187,180
98,187,180
98,187,180
97,187,179
97,187,179
97,187,179
97,187,179
95,186,179
95,186,178
94,185,178
92,185,177
91,184,177
90,184,178
90,184,177
90,184,177
90,184,178
91,185,177
92,185,177
92,185,177
92,185,177
92,185,177
92,185,177
93,185,178
93,185,178
94,185,178
95,186,178
96,186,179
97,187,179
97,187,179
98,187,180
98,187,180
98,187,180
98,187,180
97,187,179
97,187,179
97,187,179
97,187,180
97,187,180
96,187,180
95,187,180
96,187,180
96,187,180
96,187,180
97,187,180
97,187,180
97,187,180
98,188,180
98,188,180
99,188,180
99,188,180
99,188,180
98,187,180
98,187,180
98,187,180
97,187,180
97,187,180
97,187,180
97,187,180
97,187,180
97,187,180
97,187,180
97,187,180
97,187,179
97,187,180
97,187,180
97,187,180
96,187,179
96,187,179
96,187,179
97,187,180
97,187,180
97,187,180
97,187,179
97,187,179
98,187,180
98,187,180
98,187,180
98,187,180
98,187,180
98,187,180
98,187,180
97,187,180
97,187,180
96,187,179
95,186,179
95,186,178
95,186,178
95,186,178
95,186,178
95,186,178
96,186,179
97,187,179
97,187,179
98,187,180
98,187,180
99,188,180
99,188,180
99,188,180
99,188,180
98,188,180
98,188,181
98,187,180
98,187,180
97,187,180
97,187,180
97,187,180
96,187,179
96,187,179
96,187,179
96,187,179
96,187,179
96,187,179
96,187,179
96,187,179
96,187,179
96,187,179
97,187,180
97,187,180
97,187,180
98,187,181
98,187,180
98,187,180
98,187,180
98,187,180
98,187,180
98,187,180
97,187,180
97,187,180
96,187,179
95,186,179
95,186,179
95,186,178
93,185,178
92,184,177
92,184,177
91,184,177
90,183,176
88,183,176
86,182,174
85,182,174
84,181,174
82,180,172
80,179,171
78,178,171
76,177,169
73,176,169
72,176,169
72,176,169
73,177,170
74,177,170
75,178,170
78,179,172
80,180,173
82,181,174
84,181,175
85,182,175
86,182,175
87,183,176
88,183,176
88,183,176
88,183,176
88,183,176
88,183,176
88,183,176
89,183,176
91,184,176
92,184,176
92,185,177
93,185,178
93,185,178
93,185,178
94,185,178
95,186,179
95,186,179
95,186,179
95,186,179
96,187,179
96,187,179
97,187,180
97,187,180
97,187,180
97,187,180
97,187,180
97,187,180
96,187,179
95,186,179
95,186,179
95,186,179
95,186,179
94,185,179
95,186,179
95,186,178
95,186,179
96,187,179
97,187,179
97,187,179
98,187,180
98,187,180
98,187,180
98,187,180
98,187,180
98,187,180
97,187,179
97,187,179
96,186,179
95,186,178
94,185,178
92,185,177
91,184,177
90,184,177
90,184,177
90,184,177
90,184,178
91,185,177
92,185,177
92,185,177
92,185,177
93,185,178
94,185,178
95,186,178
95,186,179
96,186,179
97,187,179
97,187,179
98,187,180
98,187,180
99,188,180
99,188,180
99,188,180
98,187,180
98,187,180
98,187,180
97,187,179
97,187,180
97,187,180
97,187,180
96,187,180
96,187,180
96,187,180
96,187,179
97,187,179
97,187,179
97,187,179
97,187,179
98,188,180
98,188,180
98,187,180
98,187,180
97,187,180
97,187,180
97,187,180
97,187,180
97,187,180
97,187,180
97,187,180
97,187,180
97,187,180
97,187,180
97,187,180
97,187,180
97,187,180
97,187,180
97,187,180
97,187,180
97,187,180
97,187,180
97,187,180
97,187,180
97,187,179
97,187,179
97,187,179
97,187,179
97,187,179
97,187,180
97,187,180
97,187,180
97,187,180
97,187,180
96,187,179
96,187,179
95,186,179
94,186,179
94,186,179
94,186,179
95,186,178
95,186,178
96,186,179
97,187,179
97,187,179
98,187,180
98,187,180
99,188,180
99,188,180
99,189,179
99,188,180
99,188,180
98,188,180
98,188,181
98,187,180
97,187,180
97,187,180
97,187,180
97,187,180
96,187,179
96,187,179
96,187,179
96,187,179
97,187,180
97,187,180
97,187,180
97,187,180
97,187,180
97,187,180
97,187,180
97,187,180
98,187,180
98,187,181
99,188,180
99,188,180
99,188,180
98,188,180
98,187,180
98,187,180
98,187,180
97,187,180
96,187,179
95,186,179
95,186,179
95,186,178
94,185,178
92,185,177
92,184,177
91,184,177
89,184,176
88,183,176
86,182,174
85,182,174
83,181,174
81,179,172
80,179,171
77,177,170
75,177,169
71,175,169
71,175,169
71,175,169
72,176,169
74,176,170
75,178,170
78,179,171
80,180,172
83,180,173
84,181,174
85,182,174
86,182,175
87,183,175
88,183,176
88,183,176
88,183,176
88,183,176
88,183,176
89,183,176
91,184,176
93,184,177
93,185,177
93,185,177
93,185,178
93,185,178
94,185,178
94,185,178
95,186,179
95,186,179
95,186,179
95,186,179
96,187,179
96,187,179
97,187,180
97,187,180
97,187,179
97,187,180
97,187,180
97,187,180
96,187,179
95,186,179
95,186,179
94,185,179
94,185,178
93,186,178
94,185,179
95,186,178
95,186,179
96,186,179
97,187,179
97,187,179
98,187,181
98,187,181
98,187,181
98,187,181
99,188,180
99,188,180
99,188,180
97,187,179
97,187,179
95,186,179
95,186,178
93,185,178
92,185,177
90,184,177
90,184,177
90,184,177
90,184,178
91,185,177
91,185,177
92,185,177
94,186,178
95,186,178
95,186,179
96,187,179
97,187,179
97,187,179
99,188,180
99,188,180
99,188,180
99,188,180
99,188,180
99,188,180
99,188,180
99,188,180
99,188,180
99,188,180
98,187,180
97,187,180
97,187,180
97,187,180
96,187,180
96,187,180
96,187,179
96,187,179
96,187,179
97,187,179
97,187,179
97,187,179
97,187,179
97,187,179
97,187,179
97,187,180
97,187,180
97,187,180
97,187,180
97,187,180
97,187,180
97,187,180
97,187,180
97,187,180
97,187,180
98,187,181
98,187,181
98,187,181
98,187,180
97,187,180
97,187,180
97,187,180
97,187,180
97,187,180
97,187,180
97,187,180
97,187,179
97,187,179
97,187,179
97,187,179
97,187,179
97,187,180
97,187,179
96,187,179
96,187,179
96,187,179
96,186,179
95,186,179
95,186,179
94,186,179
94,186,179
94,186,179
95,186,178
96,187,179
97,187,179
97,187,179
98,187,180
98,187,180
98,188,180
99,188,180
99,188,180
99,189,179
99,188,180
99,188,180
99,188,180
98,188,181
98,188,181
97,187,180
97,187,180
97,187,180
97,187,180
96,187,179
96,187,179
97,187,180
97,187,180
97,187,180
97,187,180
97,187,180
97,187,180
97,187,180
97,187,180
97,187,180
98,187,180
98,187,180
98,187,180
99,188,180
99,188,180
98,188,181
98,188,181
98,187,180
98,187,180
97,187,180
97,187,180
96,187,179
95,186,179
95,186,179
95,186,178
94,185,178
92,185,177
92,185,177
91,184,177
89,183,176
88,183,176
85,182,174
85,182,174
82,180,173
80,179,171
78,178,171
76,177,169
72,176,168
71,175,168
71,175,168
71,175,168
72,176,169
74,176,170
74,177,170
77,178,171
80,179,172
82,180,172
84,181,174
85,182,174
87,182,175
87,183,175
88,183,176
88,183,176
88,183,176
88,183,176
88,183,176
91,184,176
92,184,177
94,185,177
94,185,177
94,185,177
94,185,177
94,185,177
94,185,179
95,186,179
95,186,179
95,186,179
95,186,179
96,187,179
96,187,179
97,187,180
97,187,180
97,187,179
97,187,179
97,187,179
97,187,180
96,187,179
96,187,179
95,186,179
94,185,179
93,185,179
93,185,179
93,185,179
93,186,178
94,185,179
95,186,179
96,186,179
97,187,179
97,187,180
98,187,181
98,187,181
99,188,180
99,188,180
99,188,180
99,188,180
99,188,180
99,188,179
97,187,179
96,186,178
95,186,178
93,185,177
92,185,177
91,184,177
90,184,177
90,184,177
90,184,178
91,185,177
92,185,177
94,186,178
95,186,179
96,187,179
97,187,179
98,187,180
99,187,180
99,188,180
100,188,180
100,188,181
100,188,181
100,188,181
100,188,181
100,188,181
100,188,180
99,188,180
99,188,180
99,188,180
99,188,180
97,187,179
97,187,180
97,187,180
96,187,180
96,187,179
96,187,179
95,187,179
95,187,179
95,187,179
95,187,179
96,187,179
96,187,179
96,187,179
96,187,179
96,187,180
96,187,180
96,187,180
96,187,180
97,187,180
97,187,180
97,187,180
97,187,180
97,187,180
98,187,180
98,187,181
98,187,181
99,188,180
98,188,181
98,187,180
98,187,180
97,187,180
97,187,180
97,187,180
97,187,180
97,187,179
97,187,179
97,187,179
97,187,179
97,187,179
97,187,180
97,187,180
96,187,179
96,187,179
96,186,179
95,186,179
95,186,179
95,186,178
95,186,179
94,186,179
94,186,179
95,186,178
96,187,179
97,187,179
97,187,179
98,187,180
98,187,180
98,188,180
98,188,180
99,188,180
99,188,180
99,189,179
100,189,180
99,188,180
99,188,180
99,188,180
98,188,181
98,188,181
97,187,180
97,187,180
97,187,180
97,187,180
97,187,180
97,187,179
97,187,179
97,187,179
97,187,179
98,187,180
98,187,180
98,187,180
98,187,180
98,187,180
98,187,180
98,187,180
98,187,180
98,188,181
98,188,181
98,188,181
98,188,181
98,187,180
97,187,180
97,187,180
97,187,180
96,187,179
95,186,179
95,186,179
94,185,179
94,185,178
92,185,177
92,185,177
91,184,177
89,183,176
88,183,176
85,182,174
85,182,174
82,180,173
80,179,171
78,178,171
76,177,169
72,176,168
71,175,168
71,175,168
71,175,168
72,176,169
74,177,170
72,176,169
75,177,170
78,178,172
81,180,173
83,180,173
84,181,174
85,182,174
87,183,175
88,183,176
88,183,176
88,183,176
88,183,176
89,183,176
91,184,176
93,184,178
94,185,177
94,185,177
94,185,178
94,185,178
94,185,178
94,185,179
95,186,179
95,186,179
95,186,179
96,187,179
96,187,179
96,187,179
97,187,180
97,187,179
97,187,179
97,187,179
97,187,179
96,187,179
96,187,179
95,186,179
95,186,179
94,185,179
93,185,179
93,185,179
93,185,179
93,186,178
94,185,179
95,186,179
96,186,180
97,187,180
97,187,180
98,187,181
99,188,180
99,188,180
100,188,180
100,188,180
99,188,180
99,188,180
99,188,179
98,187,179
96,186,178
95,186,178
93,185,177
92,184,177
90,184,177
90,184,177
90,184,178
90,184,178
91,185,178
94,186,178
95,186,179
97,187,179
97,187,179
98,187,180
99,188,180
100,188,180
100,188,181
100,188,181
101,189,181
101,189,181
101,189,181
101,189,182
101,189,182
100,188,181
100,188,181
100,188,180
99,188,180
99,188,180
99,188,180
97,187,179
97,187,179
96,187,179
95,187,179
95,187,179
94,186,178
94,186,178
93,186,178
93,185,178
93,185,178
93,185,178
94,186,178
94,186,178
95,186,179
95,186,179
95,187,180
96,187,180
97,187,180
97,187,180
97,187,180
97,187,180
97,187,180
98,187,180
98,188,181
99,188,180
98,188,181
98,188,181
98,188,181
98,188,181
98,187,180
98,187,180
98,187,180
98,187,180
98,187,180
97,187,179
97,187,179
97,187,179
97,187,179
97,187,180
97,187,180
96,187,179
96,186,179
95,186,179
95,186,179
95,186,178
95,186,178
95,186,178
95,186,179
95,186,178
96,187,179
97,187,179
97,187,179
97,187,179
98,187,180
98,188,180
98,188,180
98,188,180
99,188,180
99,188,180
99,188,180
99,188,181
99,188,181
99,188,181
99,188,181
99,188,181
99,188,180
99,188,180
97,187,180
97,187,180
97,187,180
97,187,180
97,187,179
97,187,179
97,187,179
98,187,180
98,187,180
98,187,180
98,187,180
98,187,180
98,187,180
98,187,180
98,187,180
98,188,181
98,188,181
98,188,181
98,188,181
98,188,181
98,187,180
97,187,180
97,187,180
96,187,179
95,186,179
95,186,179
95,186,179
94,185,179
94,185,178
92,185,177
92,185,177
91,184,177
89,183,176
88,183,176
86,182,174
84,181,174
82,180,172
80,179,171
78,178,171
75,177,169
73,176,169
72,175,168
72,175,168
72,175,168
73,176,169
75,176,169
74,176,170
77,178,171
79,179,172
82,180,173
84,181,174
85,182,174
87,183,175
88,183,176
88,183,176
88,183,176
88,183,176
90,184,177
91,184,177
92,184,177
93,185,177
94,185,178
94,185,178
94,185,178
94,185,178
94,185,179
95,186,179
95,186,179
95,186,179
96,187,179
96,187,179
96,187,179
97,187,179
97,187,179
97,187,179
97,187,179
97,187,179
96,187,179
96,187,179
95,186,179
94,185,179
93,186,178
93,185,179
93,185,179
93,185,179
93,185,179
94,185,179
95,186,179
96,187,179
97,187,180
98,187,181
98,187,181
99,188,180
100,188,180
100,188,181
100,188,181
100,188,180
99,188,180
99,188,179
98,187,179
96,186,178
95,186,178
93,185,177
91,184,177
90,184,177
90,184,177
90,184,178
91,185,177
93,185,178
95,186,178
97,187,179
98,187,180
99,188,180
99,188,180
100,188,181
100,188,181
100,188,181
101,189,181
101,190,181
102,190,181
102,190,181
102,190,181
102,190,181
101,189,181
100,188,181
100,188,181
100,188,180
99,188,180
99,188,180
97,187,179
96,187,179
96,186,179
95,186,178
94,186,178
93,185,178
93,185,178
92,185,177
92,185,177
91,184,177
91,184,177
91,184,177
91,185,177
91,185,178
93,186,179
94,186,178
95,187,180
96,187,180
97,187,180
97,187,180
97,187,180
98,187,180
98,188,180
98,188,181
98,188,181
98,188,181
98,188,181
98,188,181
98,188,181
98,188,181
98,188,181
99,188,180
99,188,180
98,187,180
98,187,180
98,187,180
97,187,179
97,187,179
97,187,179
97,187,179
96,187,179
95,186,179
95,186,179
95,186,179
95,186,178
95,186,178
95,186,178
95,186,179
96,186,179
96,187,179
97,187,179
97,187,179
98,187,180
98,188,180
98,188,181
98,188,181
98,188,181
98,188,181
99,188,181
99,188,181
99,188,181
99,188,181
100,188,181
100,188,181
100,188,181
100,188,181
99,188,180
99,188,180
98,187,180
97,187,180
97,187,179
97,187,179
97,187,179
97,187,179
98,187,180
98,187,180
98,187,180
98,187,180
98,187,180
98,187,180
98,187,180
98,187,180
98,187,180
98,188,181
98,188,181
98,188,181
98,187,180
97,187,180
97,187,180
97,187,180
95,186,179
95,186,179
95,186,179
94,185,179
93,186,178
94,185,178
92,185,177
92,185,177
91,184,177
89,183,176
87,183,175
86,182,174
85,181,174
82,180,172
80,179,171
78,178,171
75,177,169
73,176,169
72,175,168
72,175,168
72,175,168
74,176,169
71,176,169
74,177,170
77,178,172
80,179,172
82,180,173
85,182,174
87,182,175
87,183,175
88,183,176
88,183,176
89,183,176
90,184,178
91,184,177
91,184,177
92,184,178
93,185,178
94,185,178
94,185,178
94,185,178
94,185,179
95,186,179
95,186,179
95,186,179
96,187,179
96,187,179
97,187,180
97,187,179
97,187,179
97,187,179
97,187,179
96,187,179
96,187,179
95,186,179
95,186,178
94,185,178
93,185,179
92,185,178
92,185,178
93,185,179
93,185,179
95,186,179
95,186,179
96,187,179
97,187,180
98,187,180
98,188,181
99,188,180
100,188,180
100,188,181
100,188,181
99,188,180
99,188,180
99,188,179
97,187,179
96,186,178
94,185,177
92,185,177
90,184,177
90,184,177
90,184,177
90,184,178
91,185,177
95,186,178
97,187,179
98,187,180
99,188,180
99,188,180
100,188,181
100,188,181
100,188,181
101,189,181
101,189,181
101,189,181
102,190,181
102,190,181
102,190,181
102,190,181
102,190,181
101,189,181
100,188,181
100,188,181
99,188,180
99,188,180
97,187,179
96,187,179
96,186,179
95,186,178
93,185,178
93,185,178
92,185,178
91,184,177
91,184,177
91,184,177
90,184,177
90,184,177
91,185,177
91,185,178
93,186,179
93,186,179
94,186,178
95,187,180
97,187,180
97,187,179
98,188,180
98,187,180
98,188,180
98,188,180
98,188,180
98,188,181
98,188,181
98,188,181
98,188,181
98,188,181
99,188,180
99,188,180
99,188,180
99,188,180
99,188,180
98,187,180
98,187,180
97,187,179
97,187,179
97,187,179
96,187,179
96,186,179
95,186,179
95,186,179
95,186,178
95,186,178
95,186,178
96,186,180
96,187,179
96,187,179
97,187,179
97,187,179
98,188,180
98,188,180
98,188,181
98,188,181
98,188,181
98,188,181
98,188,181
99,188,181
100,188,181
99,188,181
100,188,181
100,188,181
100,188,181
100,188,180
99,188,180
99,188,180
98,187,180
97,187,180
97,187,180
97,187,180
97,187,180
97,187,179
97,187,179
98,187,180
98,187,180
98,187,180
98,187,180
98,187,180
98,187,180
98,187,180
98,187,180
98,187,180
98,187,180
98,187,180
97,187,180
97,187,180
97,187,180
96,187,179
95,186,179
95,186,179
95,186,179
93,186,178
94,185,178
93,185,179
92,185,177
92,184,177
90,184,177
88,183,176
87,183,175
86,182,174
83,181,173
82,180,172
80,179,171
77,177,170
75,177,169
72,176,168
72,175,168
72,176,168
72,176,168
74,176,170
70,174,168
71,175,169
74,177,170
77,178,172
81,180,173
84,181,174
86,182,175
87,183,175
88,183,176
88,183,176
89,183,176
90,184,177
90,184,177
91,184,177
91,184,177
92,184,178
93,185,178
94,185,178
94,185,178
94,185,179
95,186,179
95,186,179
95,186,179
96,187,179
96,187,179
96,187,179
97,187,179
97,187,179
96,187,179
96,187,179
96,187,179
95,186,179
95,186,179
95,186,178
94,185,178
92,185,178
92,185,178
92,185,178
92,185,178
93,185,179
95,186,179
95,187,180
97,187,180
97,187,180
98,187,180
98,188,181
99,188,180
100,188,180
100,188,181
100,188,180
99,188,180
99,188,179
98,187,179
96,187,179
95,186,178
92,185,177
90,184,177
89,184,176
89,184,176
90,184,177
91,185,177
94,186,178
96,186,179
97,187,179
99,188,180
99,188,180
100,188,181
101,189,181
101,189,181
101,189,181
101,189,181
100,189,180
101,189,181
102,190,181
102,190,181
102,190,181
102,190,181
102,189,181
101,189,181
101,189,181
100,188,181
99,188,180
99,188,180
97,187,179
96,186,179
95,186,178
94,185,178
93,185,178
92,185,177
91,184,177
91,184,177
91,184,177
90,184,177
90,184,178
90,184,178
91,185,177
91,185,178
91,185,178
93,186,179
94,186,178
95,187,180
97,187,180
97,187,179
98,188,180
98,188,180
98,188,180
98,188,180
98,188,181
98,188,181
98,188,181
98,188,181
99,188,180
100,188,180
100,188,180
100,188,180
99,188,180
99,188,180
99,188,180
99,188,180
98,187,180
98,187,180
97,187,179
97,187,179
97,187,179
96,187,179
96,187,179
95,186,179
95,186,178
95,186,179
95,187,179
96,187,179
96,187,179
97,187,179
97,187,180
98,187,180
98,188,180
99,188,180
99,188,180
99,188,180
99,188,180
99,188,180
98,188,181
99,188,180
99,188,180
100,188,181
100,188,181
100,188,181
100,188,181
100,188,180
99,188,180
99,188,180
98,187,180
97,187,179
97,187,180
97,187,179
97,187,179
97,187,179
97,187,179
97,187,180
97,187,180
97,187,180
97,187,180
97,187,180
97,187,180
97,187,180
97,187,180
98,187,180
97,187,180
97,187,180
97,187,180
97,187,180
96,187,179
95,186,179
95,186,179
95,186,179
94,185,179
94,185,178
93,185,178
93,185,179
92,184,177
91,184,177
90,184,177
88,183,176
87,182,175
85,181,174
83,181,173
81,180,172
79,178,171
76,177,169
73,176,169
71,176,168
71,176,168
72,176,168
73,176,169
77,177,171
68,174,167
70,175,168
71,175,169
75,178,170
79,179,171
82,181,173
85,182,174
87,183,175
88,183,176
88,183,175
89,183,176
90,184,177
90,184,177
90,184,177
91,184,177
91,184,177
92,184,178
93,185,179
93,185,179
94,185,179
94,185,179
95,186,179
95,186,179
96,187,179
96,187,179
96,187,179
96,187,179
96,187,179
96,187,179
96,187,179
95,186,179
95,186,179
95,186,178
94,185,178
93,185,178
92,185,178
92,185,178
92,185,178
93,185,179
94,186,178
95,186,179
96,187,179
97,187,180
97,187,180
98,187,180
98,188,181
98,188,181
99,188,180
99,188,180
99,188,180
99,188,180
98,187,180
96,187,179
95,186,178
92,185,177
90,184,177
89,184,176
89,184,176
89,184,176
90,184,177
92,185,177
95,186,179
97,187,179
98,187,179
99,188,180
100,188,181
101,189,181
101,189,181
101,189,181
101,189,181
100,189,180
100,189,180
100,189,180
101,189,181
101,189,181
102,189,181
102,189,181
102,189,181
101,189,181
100,188,181
100,188,180
99,188,180
98,187,180
97,187,179
96,186,179
95,186,178
94,185,178
92,185,177
92,185,177
91,184,177
91,184,177
91,184,177
90,184,177
90,184,178
90,184,178
91,185,177
91,185,178
93,186,179
94,186,178
95,187,180
97,187,180
97,187,180
97,187,180
98,188,180
98,188,180
98,188,181
98,188,181
98,188,181
98,188,181
98,188,181
98,188,181
99,188,180
100,188,180
100,188,181
100,188,181
100,188,180
100,188,180
99,188,180
99,188,180
99,188,180
98,187,180
98,187,180
97,187,179
97,187,179
97,187,179
96,187,179
96,187,179
96,187,180
96,187,179
96,187,180
96,187,179
96,187,179
97,187,180
97,187,180
98,188,180
99,188,180
99,188,180
99,188,180
99,188,180
99,188,180
99,188,180
99,188,180
99,188,180
99,188,180
99,188,180
100,188,181
100,188,181
99,188,180
99,188,180
99,188,180
98,187,180
97,187,179
97,187,179
97,187,179
96,187,179
95,186,179
95,186,179
95,186,179
96,187,179
96,187,179
96,187,179
97,187,180
97,187,180
97,187,180
97,187,180
97,187,180
97,187,180
97,187,180
97,187,180
97,187,180
96,187,179
95,186,179
95,186,179
95,186,179
94,185,179
93,186,178
93,185,178
93,185,178
92,185,178
92,184,178
91,184,176
90,183,176
88,183,176
86,182,174
84,180,173
83,180,173
80,179,171
77,177,171
75,177,169
72,176,168
71,175,169
71,175,169
72,176,168
73,176,169
77,177,171
67,173,166
68,174,167
70,175,168
73,177,170
77,178,171
81,180,173
84,181,174
86,182,175
88,183,176
88,183,175
89,184,176
90,184,177
90,184,178
90,184,178
90,184,177
91,184,177
91,184,177
92,184,178
93,185,178
94,185,178
94,185,179
94,185,179
95,186,179
95,186,179
96,187,179
96,187,179
96,187,179
96,187,179
96,187,179
95,186,179
95,186,179
95,186,178
95,186,178
94,185,178
93,185,178
92,185,177
92,185,178
92,185,178
93,185,179
95,186,179
96,186,180
96,187,179
97,187,180
98,187,180
98,187,180
98,188,181
98,188,181
99,188,180
98,187,181
98,187,180
97,187,179
96,187,179
95,186,178
92,185,177
90,184,178
89,184,176
88,183,176
89,184,176
89,184,176
91,184,177
94,185,178
96,186,179
97,187,179
99,188,180
99,188,180
100,188,181
101,189,181
101,189,181
101,189,181
101,189,181
100,189,180
100,189,180
100,189,180
100,189,180
100,189,180
101,189,181
101,189,181
101,189,181
100,188,181
100,188,181
99,188,180
99,188,180
97,187,179
96,187,179
95,186,179
94,185,178
93,186,178
92,185,178
92,185,177
91,184,177
91,184,177
91,184,177
91,184,177
91,185,177
91,185,178
93,186,179
94,186,178
95,186,178
96,186,179
97,187,180
97,187,180
97,187,180
98,187,180
98,187,180
98,187,180
98,188,180
98,188,180
98,188,181
98,188,181
98,188,181
98,188,180
99,188,180
100,188,181
100,188,181
100,188,181
100,188,181
100,188,180
100,188,180
99,188,180
99,188,180
99,188,180
99,188,180
98,187,180
97,187,180
97,187,180
97,187,180
97,187,180
96,187,180
96,187,180
96,187,180
96,187,179
97,187,180
97,187,180
98,187,180
98,188,180
99,188,180
99,188,180
99,188,180
99,188,180
100,188,181
99,188,180
99,188,180
99,188,180
99,188,180
98,188,181
98,188,181
99,188,180
99,188,180
98,187,180
97,187,179
97,187,179
96,186,179
96,186,179
95,186,179
95,186,179
94,185,179
94,186,178
94,186,178
95,186,179
95,186,179
96,187,179
96,187,179
97,187,180
97,187,180
97,187,180
97,187,180
97,187,180
97,187,180
97,187,180
96,187,179
96,187,179
95,186,179
95,186,179
94,185,179
93,185,179
92,185,178
92,185,178
92,184,178
92,184,178
91,184,177
91,184,177
90,183,176
87,182,176
86,181,174
84,180,173
82,180,172
80,179,172
77,177,171
72,176,168
70,175,168
70,175,168
71,175,168
72,175,168
74,177,170
77,177,171
66,173,167
68,174,167
71,175,168
75,178,170
79,179,171
83,181,174
85,182,174
87,183,175
88,183,176
88,183,175
89,184,177
90,184,177
90,184,178
90,184,177
91,184,177
91,184,177
92,184,177
93,185,178
93,185,178
94,185,178
94,185,179
95,186,179
95,186,179
96,187,179
96,187,179
96,187,179
96,187,179
95,186,179
95,186,179
95,186,178
95,186,178
94,185,178
93,185,178
93,185,178
93,185,178
93,185,178
93,185,179
94,185,179
95,186,179
96,187,179
97,187,180
97,187,180
98,187,180
98,187,180
98,187,180
98,187,180
98,187,181
97,187,180
97,187,180
96,187,179
95,186,178
92,185,178
90,184,178
89,184,176
87,183,176
87,183,176
87,183,175
89,183,176
92,184,177
95,186,178
97,187,179
98,187,180
99,188,180
100,188,181
101,189,181
101,189,181
101,189,181
101,189,181
101,189,181
100,189,180
100,189,180
100,189,180
99,188,180
99,188,180
100,189,180
100,189,180
100,189,180
99,188,180
98,188,180
98,187,180
97,187,179
97,187,179
96,186,179
95,186,178
93,186,178
93,185,179
93,185,179
92,185,178
92,185,178
92,185,178
92,185,177
93,185,179
94,186,178
94,186,178
95,186,178
96,186,179
96,187,179
97,187,179
97,187,179
97,187,180
98,187,181
98,187,181
98,187,180
98,187,180
98,187,180
98,188,181
98,188,181
98,188,181
98,188,181
98,188,180
99,188,180
99,188,180
99,188,180
100,188,180
100,188,180
100,188,180
99,188,180
99,188,180
99,188,180
99,188,180
99,188,180
98,187,180
98,187,180
98,187,180
97,187,180
97,187,180
97,187,180
97,187,180
97,187,180
97,187,180
97,187,180
97,187,180
98,187,180
98,188,180
99,188,180
99,188,180
99,188,180
100,188,180
100,188,181
99,188,180
99,188,180
99,188,180
99,188,180
98,188,181
98,188,181
99,188,180
97,187,179
97,187,179
96,186,179
95,186,178
93,185,178
92,185,177
92,185,178
92,185,178
91,185,178
92,185,178
93,185,179
94,186,178
95,186,179
95,186,179
96,187,179
96,187,179
97,187,180
97,187,180
97,187,180
97,187,180
96,187,179
96,187,179
96,187,179
95,186,179
95,186,178
94,185,178
93,185,179
92,185,178
92,185,178
92,184,178
92,184,178
91,184,177
91,184,177
91,184,177
90,183,176
87,182,176
86,181,175
83,181,174
82,180,173
79,179,172
74,176,169
71,174,168
69,174,168
69,175,168
70,175,168
71,175,168
73,176,169
66,173,166
66,173,167
70,175,168
74,177,170
78,179,172
82,181,173
84,181,174
87,182,175
88,183,176
88,183,176
89,184,176
90,184,177
90,184,177
91,184,177
91,184,177
91,184,177
92,184,177
93,185,178
93,185,178
94,185,178
95,186,178
95,186,178
95,186,179
95,186,179
95,186,179
95,186,179
95,186,179
95,186,179
95,186,178
95,186,178
94,185,178
94,185,178
93,185,178
93,185,178
93,185,178
93,185,178
93,185,178
95,186,179
95,186,179
96,187,179
97,187,180
97,187,180
98,187,180
98,187,180
98,187,180
98,187,181
98,187,181
97,187,180
96,187,179
96,186,179
93,185,178
91,185,177
89,184,176
88,183,176
87,183,176
87,183,176
88,183,176
89,184,176
93,185,178
95,186,178
97,187,179
98,187,180
99,188,180
100,188,181
101,189,181
101,189,181
101,189,181
101,189,181
101,189,181
101,189,181
100,189,180
99,188,180
99,188,180
99,188,180
99,188,180
99,188,180
98,188,180
98,188,181
98,187,180
97,187,180
97,187,180
96,186,180
95,186,179
94,185,179
93,185,179
93,185,179
93,185,179
93,185,179
93,185,179
93,185,179
94,186,178
95,186,179
96,187,180
96,187,179
97,187,179
97,187,179
97,187,179
97,187,179
99,188,180
99,188,180
99,188,180
98,187,181
98,187,181
99,188,180
98,188,181
98,188,181
98,188,181
98,188,181
98,188,181
98,188,180
99,188,180
99,188,181
99,188,181
99,188,181
99,188,181
99,188,180
99,188,180
99,188,180
98,188,180
98,188,181
98,188,181
98,187,180
98,187,180
98,187,180
97,187,180
97,187,180
97,187,180
97,187,180
97,187,180
97,187,180
97,187,180
97,187,180
98,187,180
98,188,181
98,188,181
99,188,180
99,188,180
100,188,181
100,188,181
100,188,181
99,188,180
99,188,180
99,188,180
98,187,180
98,187,180
97,187,179
96,187,179
95,186,178
93,185,178
92,185,177
91,184,177
90,184,177
89,184,176
89,184,176
90,184,177
90,184,178
91,185,178
93,185,179
94,185,179
95,186,179
95,186,179
96,187,179
96,187,179
96,187,179
97,187,180
96,187,179
96,187,179
96,187,179
95,186,179
95,186,178
94,185,178
94,185,178
93,185,179
92,185,178
92,184,178
92,184,178
91,184,177
91,184,177
91,184,177
90,183,177
88,183,176
87,182,175
85,181,174
83,180,173
81,179,172
78,178,171
72,175,168
70,174,168
68,174,167
68,174,167
69,174,168
71,175,168
73,176,169
66,173,166
66,173,167
68,174,167
72,176,169
77,178,172
80,180,173
83,181,174
85,182,175
87,183,176
88,183,176
89,184,176
90,184,177
91,184,177
91,184,177
91,184,177
92,184,177
92,185,177
93,185,178
93,185,178
94,185,178
95,186,178
95,186,178
95,186,179
95,186,179
95,186,179
95,186,179
95,186,179
95,186,178
95,186,178
94,185,178
94,185,178
93,185,178
93,185,178
93,185,178
93,185,178
93,185,178
94,185,178
95,186,179
96,187,179
97,187,180
97,187,180
98,188,180
98,187,180
98,187,180
98,187,181
98,187,181
98,187,180
97,187,179
96,186,179
95,186,178
92,184,178
90,184,177
89,184,177
88,183,176
87,183,176
88,183,176
89,184,176
91,184,177
93,185,178
95,186,178
97,187,179
98,187,180
99,188,180
100,188,181
101,189,181
101,189,181
101,189,181
101,189,181
101,189,181
101,189,181
100,188,181
100,189,180
99,188,180
99,188,180
99,188,180
98,188,180
98,187,180
98,187,180
97,187,180
97,187,180
96,187,179
95,186,179
94,186,178
94,185,179
94,186,178
93,185,179
93,185,179
94,186,178
95,186,179
96,186,180
96,187,179
97,187,180
97,187,180
98,187,180
98,187,180
98,187,180
99,188,180
99,188,180
99,188,180
99,188,180
99,188,180
99,188,180
99,188,180
99,188,180
99,188,180
98,188,181
98,188,181
98,188,181
98,188,181
98,188,180
98,188,181
98,188,181
99,188,181
99,188,180
99,188,180
98,188,180
98,188,180
98,188,180
98,188,180
98,188,180
98,187,180
98,187,180
98,187,180
97,187,180
97,187,180
97,187,180
97,187,180
97,187,180
97,187,180
97,187,180
97,187,180
98,187,180
98,187,180
98,188,181
98,188,181
98,188,181
99,188,180
99,188,181
100,188,181
100,188,181
99,188,180
99,188,180
99,188,180
98,187,180
97,187,179
95,186,179
95,186,178
92,185,177
91,184,177
90,184,177
88,183,176
88,183,176
88,183,176
87,183,176
88,184,176
89,184,177
90,184,178
91,185,178
93,186,178
95,186,178
95,186,179
95,186,179
96,187,179
96,187,179
96,187,179
96,187,179
95,186,179
95,186,179
95,186,178
94,185,178
94,185,178
94,185,178
93,185,179
92,185,178
92,184,178
92,184,178
91,184,177
91,184,177
90,184,178
90,183,177
87,182,176
86,182,175
84,181,174
82,180,172
80,179,172
78,178,171
72,175,168
69,173,167
68,173,167
68,173,167
68,174,167
71,175,168
73,176,169
66,173,166
66,173,167
68,174,167
71,175,169
74,177,170
78,179,172
82,181,173
84,182,175
86,182,175
87,183,176
88,183,175
89,184,176
91,184,177
91,184,177
91,184,177
92,184,177
93,185,178
93,185,178
94,185,178
94,185,178
95,186,178
95,186,178
95,186,179
95,186,179
95,186,179
95,186,179
95,186,178
95,186,178
94,185,178
94,185,178
93,185,178
92,185,178
92,185,178
93,185,178
93,185,178
94,185,178
95,186,178
95,186,179
96,187,180
97,187,180
97,187,180
98,188,180
98,187,180
98,187,181
98,187,181
99,187,180
98,187,180
98,187,180
96,186,179
95,186,178
92,185,177
91,184,177
89,184,177
89,184,176
88,183,176
89,184,177
90,184,177
92,185,177
93,185,178
95,186,178
96,187,179
97,187,179
98,187,180
99,188,180
100,189,181
101,189,181
101,189,181
101,189,181
101,189,181
101,189,181
101,189,181
100,188,181
100,188,180
99,188,180
98,188,180
98,188,180
98,187,180
97,187,180
97,187,180
96,187,179
96,186,180
95,186,179
95,186,179
94,185,179
94,185,179
95,186,179
95,186,179
95,186,179
96,187,179
97,187,179
97,187,179
98,187,180
98,187,180
98,187,181
99,188,180
99,188,180
100,188,180
100,188,181
100,188,181
100,188,181
100,188,181
100,188,181
100,188,181
100,188,180
100,188,181
100,188,180
99,188,180
98,188,181
98,188,181
98,188,181
98,188,180
98,188,180
98,188,180
97,187,180
97,187,180
97,187,180
97,187,179
97,187,179
97,187,179
97,187,180
97,187,180
97,187,180
97,187,180
97,187,180
97,187,180
97,187,180
97,187,180
97,187,180
97,187,180
97,187,180
97,187,180
98,188,180
98,187,180
98,187,180
98,188,181
98,188,181
98,188,181
99,188,181
99,188,181
99,188,181
99,188,180
99,188,180
98,187,180
97,187,179
95,186,179
95,186,178
92,185,177
91,184,177
89,184,176
88,183,176
88,183,176
88,183,176
88,183,176
87,183,176
88,184,176
89,184,177
90,184,177
90,184,178
93,185,178
95,186,178
95,186,178
95,186,179
95,186,179
95,186,179
96,187,179
95,186,179
95,186,179
95,186,179
95,186,178
94,185,178
94,185,178
94,185,178
93,185,178
92,185,177
92,184,177
91,184,177
91,184,177
91,184,177
90,183,176
88,183,176
87,182,175
85,182,174
83,180,173
82,180,172
80,179,172
78,178,171
72,175,167
68,172,166
67,173,166
67,173,166
68,174,167
70,174,168
72,176,169
66,173,167
68,174,167
70,175,168
73,177,170
77,178,172
80,180,173
83,181,174
85,182,175
87,183,176
88,183,176
89,183,176
91,184,177
91,184,177
92,185,177
92,185,177
93,185,178
94,185,178
94,185,178
95,186,178
95,186,178
95,186,178
95,186,179
95,186,179
95,186,179
95,186,179
95,186,178
95,186,178
94,185,178
94,185,178
93,185,178
92,185,178
92,185,178
93,185,178
93,185,178
94,185,178
95,186,179
95,186,179
96,187,180
97,187,180
97,187,180
98,187,180
98,188,180
99,188,180
99,188,180
99,187,180
99,187,180
97,187,179
96,187,179
95,186,179
93,185,178
92,184,178
91,184,177
90,184,177
90,184,177
90,184,177
92,185,177
93,185,178
95,186,178
95,186,178
96,187,179
97,187,179
98,187,180
99,188,180
100,189,181
101,189,181
101,189,181
101,189,181
101,189,181
101,189,181
101,189,181
100,188,181
100,188,180
99,188,180
98,188,180
98,187,180
97,187,180
97,187,180
96,187,179
96,187,179
96,186,180
95,186,179
95,186,179
95,186,179
95,186,179
95,186,179
96,187,179
96,187,179
97,187,180
97,187,179
98,187,180
98,187,181
98,187,181
99,188,180
99,188,180
100,188,181
100,188,181
100,188,181
101,189,181
101,189,181
101,189,181
100,188,181
100,188,181
100,188,181
100,188,181
100,188,180
100,188,180
99,188,180
98,188,181
98,187,180
98,187,180
98,187,180
97,187,180
97,187,180
97,187,180
97,187,180
97,187,180
97,187,180
97,187,180
97,187,180
97,187,180
97,187,180
97,187,180
97,187,180
97,187,180
97,187,180
97,187,180
97,187,180
97,187,180
97,187,180
97,187,180
97,187,180
98,187,180
98,187,180
98,187,180
98,188,181
98,188,181
98,188,181
99,188,180
99,188,180
99,188,180
98,187,180
97,187,179
95,186,179
95,186,178
93,185,178
91,184,177
89,184,176
88,183,176
88,183,176
87,183,176
88,183,176
88,183,176
88,183,176
89,184,176
90,184,177
90,184,178
91,185,178
93,185,178
94,186,178
95,186,178
95,186,179
95,186,179
95,186,179
95,186,179
95,186,179
95,186,179
95,186,178
94,185,178
94,185,178
94,185,178
94,185,178
93,185,178
92,184,177
92,184,177
91,184,177
91,184,176
90,183,176
88,183,176
88,183,176
87,182,175
84,181,174
83,180,173
80,179,172
80,179,171
78,178,171
72,175,167
69,173,167
68,173,167
68,173,167
68,174,167
70,174,168
67,173,166
67,174,166
68,174,167
71,175,169
74,177,170
78,179,172
82,181,173
84,182,175
85,182,175
87,183,175
89,184,176
91,184,177
91,184,177
92,185,177
92,185,177
93,185,178
94,185,178
94,185,178
94,185,178
95,186,178
95,186,178
95,186,179
95,186,179
95,186,179
95,186,179
95,186,178
95,186,178
94,185,178
93,185,178
92,185,178
92,185,178
92,185,178
93,185,179
93,185,179
95,186,179
95,186,179
95,186,179
96,187,180
97,187,180
98,187,180
98,187,180
99,188,180
99,188,180
99,188,180
99,188,180
99,188,180
98,187,180
97,187,179
96,186,179
95,186,179
93,185,178
92,185,177
92,184,177
92,184,177
92,185,177
93,185,178
95,186,178
95,186,178
95,186,179
96,187,180
97,187,180
98,187,180
98,188,181
99,188,181
100,189,181
101,189,181
101,189,181
101,189,181
101,189,181
101,189,181
100,189,180
100,188,180
99,188,180
98,187,180
98,188,180
97,187,179
96,187,179
96,187,179
96,187,179
96,187,179
96,186,180
95,186,179
95,186,179
96,186,180
96,187,179
97,187,180
97,187,180
97,187,180
98,187,181
98,187,180
99,188,180
99,188,180
99,188,180
100,188,181
100,188,181
101,189,181
101,189,181
101,189,181
101,189,181
101,189,181
100,188,181
100,188,181
100,188,181
100,188,181
100,188,180
100,188,180
99,188,180
99,188,180
98,187,180
97,187,180
97,187,180
97,187,180
97,187,180
97,187,180
97,187,180
97,187,180
97,187,180
97,187,180
97,187,180
97,187,180
97,187,180
97,187,180
97,187,180
97,187,180
97,187,180
97,187,180
97,187,180
97,187,180
97,187,180
97,187,180
97,187,180
97,187,179
98,187,180
98,187,180
98,187,180
98,187,180
98,187,180
98,187,180
98,187,180
98,187,180
97,187,179
96,186,179
95,186,178
93,185,178
91,184,177
89,184,176
89,184,176
88,183,176
88,183,176
88,183,176
88,183,176
88,183,175
89,184,176
90,184,177
90,184,177
91,185,177
92,185,178
93,185,179
94,186,178
94,186,178
95,186,179
95,186,179
95,186,179
95,186,179
95,186,179
95,186,178
94,185,178
94,185,178
94,185,178
94,185,178
94,185,178
92,185,177
92,184,177
91,184,177
91,184,176
90,183,176
89,183,176
88,183,176
87,183,175
86,182,175
84,181,174
83,180,173
80,179,172
80,179,171
78,178,171
74,176,169
70,174,167
68,174,166
68,174,167
69,174,168
72,175,169
67,173,166
67,173,166
68,174,167
70,175,168
73,177,170
77,178,172
80,180,173
83,181,174
85,182,175
87,183,175
88,183,175
89,184,176
91,184,177
92,185,177
92,185,177
93,185,178
94,186,178
94,185,178
94,185,178
94,185,178
95,186,178
95,186,179
95,186,179
95,186,179
95,186,179
95,186,178
94,185,178
94,185,178
93,185,178
93,185,178
93,185,179
93,185,179
94,185,178
94,185,178
95,186,179
95,186,179
95,187,180
97,187,180
97,187,180
98,187,180
98,188,180
98,188,180
99,188,180
99,188,180
99,188,180
99,188,180
99,188,180
98,187,180
97,187,179
96,186,179
95,186,179
95,186,178
94,185,178
94,185,178
95,186,178
95,186,178
95,186,178
95,186,179
96,187,179
96,187,179
97,187,180
97,187,180
98,187,180
99,188,180
99,188,181
100,189,181
101,189,181
101,189,182
101,189,182
100,188,181
100,188,181
100,188,180
98,188,180
98,187,180
97,187,179
96,187,179
96,187,179
96,187,179
96,187,179
96,187,179
96,187,179
97,187,180
97,187,180
97,187,180
97,187,180
97,187,180
98,187,180
98,187,180
98,188,181
99,188,180
99,188,180
100,188,180
100,188,181
100,188,181
101,189,181
101,189,181
101,189,181
101,189,181
101,189,181
101,189,181
100,188,181
100,188,181
100,188,181
100,188,181
100,188,180
99,188,180
99,188,180
98,187,180
97,187,180
97,187,180
97,187,180
97,187,180
97,187,180
97,187,180
96,187,179
97,187,179
97,187,180
97,187,180
97,187,180
97,187,180
97,187,180
97,187,180
97,187,180
97,187,180
97,187,180
97,187,180
97,187,180
97,187,180
97,187,180
97,187,180
97,187,179
97,187,179
97,187,179
97,187,179
97,187,180
97,187,180
97,187,180
97,187,180
97,187,179
97,187,179
96,186,179
95,186,178
93,185,178
91,184,177
90,184,177
89,184,176
89,184,176
89,184,176
88,183,176
89,184,176
89,184,176
90,184,177
91,184,176
92,184,176
92,184,176
92,185,177
93,185,178
93,185,178
94,186,178
94,186,178
95,186,179
95,186,179
95,186,179
95,186,179
95,186,179
94,185,178
94,185,178
94,185,178
94,185,178
94,185,177
92,185,177
92,184,177
91,184,177
91,184,176
90,183,176
89,183,176
88,183,176
87,183,175
86,183,176
85,182,174
84,181,174
83,180,173
80,179,172
80,179,171
78,178,171
74,176,169
72,175,167
70,174,168
70,174,167
70,174,168
72,175,169
67,173,166
67,173,166
68,174,167
71,175,168
74,177,170
78,179,172
81,180,173
84,182,175
87,183,175
88,183,176
89,184,176
90,184,177
91,185,177
91,185,177
93,185,178
93,185,178
94,186,178
94,185,178
94,185,178
95,186,178
95,186,178
95,186,179
95,186,179
95,186,179
95,186,178
95,186,178
94,185,178
94,185,178
94,185,178
93,185,178
94,185,178
94,185,178
95,186,178
95,186,179
95,186,179
96,187,179
97,187,180
97,187,180
98,187,180
98,188,180
99,188,180
100,189,180
100,188,181
100,188,181
100,188,181
99,188,180
99,188,180
98,187,180
97,187,179
96,187,179
96,186,179
96,186,179
96,186,179
96,187,179
96,187,179
96,187,179
97,187,180
96,187,179
97,187,180
97,187,180
97,187,180
98,187,180
98,187,180
99,188,180
99,188,181
100,188,181
100,188,181
100,188,181
100,188,180
98,188,180
98,187,180
97,187,179
97,187,179
96,187,179
96,187,179
96,187,179
96,187,179
96,187,179
97,187,180
97,187,180
97,187,179
97,187,180
97,187,180
97,187,180
98,188,180
98,187,180
98,188,181
99,188,180
99,188,180
100,188,180
100,188,181
100,188,181
100,188,181
101,189,181
101,189,181
101,189,181
101,189,181
101,189,181
100,189,180
100,188,181
100,188,181
100,188,180
99,188,180
99,188,180
98,187,180
97,187,179
97,187,179
97,187,180
97,187,180
97,187,180
97,187,180
97,187,180
96,187,179
96,187,179
97,187,180
97,187,180
97,187,180
97,187,180
97,187,180
97,187,180
97,187,180
97,187,180
97,187,180
97,187,180
97,187,180
97,187,180
97,187,180
97,187,180
97,187,179
97,187,179
97,187,179
97,187,179
97,187,179
97,187,179
97,187,179
96,187,179
96,187,179
96,187,179
95,187,179
95,186,178
93,185,178
92,185,177
90,184,177
90,184,177
89,184,176
89,184,177
89,184,176
89,184,176
90,184,177
91,184,176
92,184,176
92,185,177
93,185,177
94,185,177
94,185,178
94,185,178
94,186,178
94,186,178
95,186,179
95,186,179
95,186,179
95,186,179
95,186,179
95,186,178
94,185,178
93,185,178
93,185,178
92,185,177
92,184,177
92,184,177
91,184,177
91,184,176
89,184,176
89,183,176
88,183,176
88,183,176
87,182,175
85,182,175
84,181,174
83,180,173
82,180,172
80,179,172
80,179,171
78,178,171
74,176,169
72,175,167
71,175,168
71,174,168
72,175,168
67,173,166
67,173,166
67,173,166
70,175,168
73,177,170
77,178,172
81,180,173
83,181,174
85,182,174
87,183,175
89,184,176
90,184,177
91,184,177
92,185,177
92,185,177
93,185,178
93,185,178
94,185,178
94,185,178
95,186,178
95,186,178
95,186,178
95,186,178
95,186,178
95,186,178
95,186,178
95,186,178
94,185,178
94,185,178
94,185,178
95,186,178
95,186,178
95,186,178
95,186,179
96,186,180
96,187,179
97,187,180
97,187,180
98,187,180
98,188,180
100,189,180
101,189,181
101,189,181
101,189,181
100,188,181
100,188,181
99,188,180
99,188,180
98,187,180
97,187,179
97,187,179
97,187,179
98,187,180
98,187,180
98,187,180
97,187,179
97,187,179
97,187,180
97,187,180
97,187,180
97,187,180
97,187,180
98,187,180
98,187,180
99,188,180
99,188,180
99,188,180
99,188,180
98,187,180
97,187,179
97,187,180
96,186,179
95,186,178
95,186,179
96,186,179
96,187,179
96,187,179
97,187,179
97,187,179
97,187,179
97,187,179
97,187,179
98,188,180
98,188,180
98,187,180
98,188,181
99,188,180
100,188,180
100,188,180
100,188,181
100,188,181
100,188,181
100,188,181
100,188,181
101,189,181
101,189,181
100,188,181
100,188,181
100,188,181
100,188,181
100,188,180
99,188,180
99,188,180
98,187,181
97,187,180
97,187,180
97,187,180
97,187,180
97,187,180
96,187,179
97,187,180
97,187,180
97,187,180
97,187,180
97,187,180
97,187,180
97,187,180
97,187,180
98,187,180
98,187,180
98,187,180
97,187,180
97,187,180
97,187,180
97,187,180
97,187,180
97,187,180
97,187,180
97,187,179
97,187,179
97,187,179
97,187,179
97,187,179
97,187,179
96,187,179
96,187,179
96,187,179
95,186,178
94,186,178
93,185,178
91,185,177
90,184,178
90,184,177
89,184,177
89,184,177
89,184,176
90,184,177
91,184,177
91,184,177
92,184,176
92,185,177
93,185,177
94,185,177
95,186,178
95,186,178
95,186,178
95,186,178
95,186,178
95,186,178
95,186,178
95,186,178
95,186,178
95,186,178
94,185,178
93,185,178
93,185,178
92,185,177
92,184,177
92,184,177
91,184,177
91,184,177
89,184,176
89,183,176
88,183,176
88,183,176
86,183,176
85,182,175
84,181,175
84,181,174
83,180,173
82,180,172
80,179,172
79,179,171
77,177,170
74,176,169
72,175,167
72,175,168
72,175,168
72,176,168
67,173,166
67,173,166
67,173,166
68,174,167
71,175,168
75,178,170
79,179,172
82,181,173
84,181,174
87,183,175
88,183,175
90,184,177
91,184,177
92,185,177
92,185,177
93,185,178
93,185,178
93,185,178
94,185,178
94,185,178
95,186,178
95,186,178
95,186,178
95,186,178
95,186,178
95,186,178
95,186,178
95,186,178
95,186,178
95,186,178
95,186,178
95,186,178
95,186,179
95,186,179
96,187,179
96,187,179
97,187,180
97,187,180
98,187,180
99,188,180
100,188,181
101,189,181
101,189,181
101,189,181
101,189,181
100,188,181
100,188,181
99,188,180
99,188,180
98,187,180
98,187,181
98,187,180
99,188,180
99,188,180
99,188,180
99,188,180
99,188,180
99,188,180
98,187,180
97,187,180
97,187,180
97,187,180
97,187,180
97,187,180
97,187,180
97,187,179
97,187,179
97,187,179
96,186,179
95,186,178
94,186,178
94,186,178
94,186,178
94,186,178
95,186,179
96,186,179
96,187,179
97,187,179
97,187,179
97,187,179
97,187,179
98,188,180
99,188,180
99,188,180
99,188,180
99,188,180
99,188,181
99,188,181
100,188,181
100,188,181
100,188,181
100,188,181
100,188,181
100,188,181
100,188,181
100,188,181
100,188,181
100,188,181
100,188,180
99,188,180
99,188,180
98,187,180
98,187,180
97,187,180
97,187,180
97,187,180
97,187,180
97,187,180
97,187,180
96,187,179
97,187,180
97,187,180
97,187,180
97,187,179
97,187,179
97,187,179
97,187,179
98,187,180
98,187,180
98,187,180
98,187,180
98,188,180
98,188,180
98,188,180
98,188,180
98,187,180
97,187,180
97,187,180
97,187,179
97,187,179
97,187,179
97,187,179
97,187,179
96,187,179
96,187,179
96,187,179
95,186,178
95,186,178
93,186,178
91,185,177
91,185,177
90,184,178
90,184,177
90,184,177
90,184,177
90,184,177
91,184,177
92,185,177
92,184,177
93,185,178
94,185,178
95,186,178
95,186,178
95,186,178
95,186,179
95,186,179
95,186,179
95,186,179
95,186,178
95,186,178
95,186,178
95,186,178
94,185,178
93,185,178
92,185,177
92,185,177
92,185,177
91,184,177
91,184,177
91,184,177
89,184,176
88,183,175
88,183,175
87,183,175
86,183,176
85,182,175
85,182,175
84,181,175
83,181,174
82,180,173
80,179,172
80,179,172
78,178,171
75,177,169
73,176,168
72,175,168
72,175,168
72,175,168
73,176,169
67,173,166
67,173,166
67,174,166
70,175,168
74,177,170
77,179,172
81,180,173
83,181,174
86,182,175
88,183,176
89,184,176
91,184,177
91,184,177
92,185,177
92,185,177
93,185,178
93,185,179
93,185,179
94,185,178
95,186,178
95,186,178
95,186,178
95,186,178
95,186,179
95,186,178
95,186,179
95,186,178
95,186,178
95,186,178
95,186,178
95,186,179
95,186,179
96,186,180
96,187,179
97,187,180
97,187,180
97,187,180
98,188,181
99,188,180
100,188,181
101,189,181
101,189,181
101,189,181
101,189,181
101,189,181
100,188,181
99,188,180
99,188,180
99,188,180
98,188,181
99,188,180
99,188,180
99,188,181
100,188,180
100,188,180
100,188,180
99,188,180
99,188,180
99,188,180
97,187,180
97,187,180
97,187,180
97,187,180
96,187,179
96,186,179
96,186,179
95,186,178
94,185,178
92,185,178
92,185,178
92,185,178
93,185,179
93,185,179
94,186,178
95,186,179
96,187,179
97,187,179
97,187,179
97,187,179
98,188,180
99,188,180
99,188,180
100,189,180
100,188,181
100,188,181
100,188,181
100,188,181
100,188,181
100,188,180
99,188,180
100,189,180
100,188,181
100,188,181
99,188,180
100,188,181
99,188,180
99,188,180
99,188,180
99,188,180
98,187,181
97,187,180
97,187,180
97,187,180
97,187,180
96,187,179
96,187,179
97,187,180
97,187,180
97,187,180
97,187,180
97,187,180
97,187,179
97,187,179
97,187,179
98,187,180
98,187,180
98,187,180
98,188,180
98,187,180
98,187,180
98,188,180
98,188,180
98,187,180
98,187,180
98,187,180
98,187,180
97,187,180
97,187,179
97,187,179
97,187,179
97,187,179
97,187,179
96,187,179
96,187,179
96,187,179
95,186,178
93,185,178
93,186,178
91,185,177
91,185,177
91,185,177
90,184,178
90,184,178
91,185,177
92,185,177
92,185,177
93,185,178
93,185,178
94,185,178
95,186,178
95,186,179
95,186,179
96,186,179
95,186,179
95,186,179
95,186,179
95,186,179
95,186,179
95,186,178
95,186,178
95,186,178
93,185,178
92,185,177
92,185,177
91,184,177
91,184,177
90,184,177
90,184,177
89,184,176
89,184,176
88,183,175
87,183,175
86,183,176
85,182,175
85,182,175
84,181,175
84,181,175
83,180,173
82,180,172
80,179,172
79,179,172
77,177,170
75,176,169
71,175,168
71,175,168
72,175,168
72,176,168
68,174,165
68,173,166
68,174,167
70,175,168
74,177,170
76,178,171
80,180,172
82,181,173
85,182,174
87,183,175
88,183,175
90,184,177
91,184,177
92,185,177
92,185,177
92,185,178
93,185,179
93,185,179
94,185,178
95,186,178
95,186,178
95,186,178
95,186,179
95,186,179
95,186,179
95,186,179
95,186,179
95,186,179
95,186,179
95,186,179
95,186,179
95,186,179
96,187,179
97,187,180
97,187,180
97,187,180
97,187,180
98,188,181
99,188,180
100,188,180
101,189,181
101,189,181
101,189,181
101,189,181
101,189,181
100,188,181
99,188,180
99,188,180
98,188,181
98,188,181
98,188,181
99,188,180
99,188,181
100,188,181
100,188,181
100,188,181
100,188,180
99,188,180
99,188,180
98,187,180
97,187,180
97,187,180
96,187,179
96,186,180
95,186,178
94,185,178
92,185,177
91,184,177
90,184,177
90,184,177
91,185,177
91,185,177
93,185,179
93,185,179
94,185,178
96,187,179
97,187,179
97,187,179
97,187,179
99,188,180
99,188,180
99,188,180
100,188,181
100,188,181
100,188,181
100,188,181
100,188,181
100,188,181
100,188,180
99,188,180
99,188,180
98,188,181
98,188,181
99,188,180
98,188,181
98,187,181
98,187,181
98,187,180
97,187,180
97,187,180
96,187,179
96,187,179
96,187,179
96,187,179
96,187,179
96,187,179
97,187,180
97,187,180
97,187,180
97,187,179
97,187,179
97,187,179
97,187,179
98,187,180
98,187,180
98,187,180
98,187,180
98,188,180
98,188,180
98,187,180
98,187,180
98,187,180
98,187,180
98,187,180
98,187,180
98,187,180
97,187,180
97,187,179
97,187,179
97,187,179
97,187,179
96,187,179
96,187,179
96,187,179
95,186,178
95,186,178
93,185,178
93,186,178
92,185,177
91,185,177
91,185,177
91,185,178
91,185,177
92,185,177
94,185,178
94,185,178
94,185,178
95,186,178
95,186,179
96,186,179
96,186,179
96,186,179
96,187,179
96,186,180
95,186,179
95,186,179
95,186,179
95,186,179
95,186,178
95,186,178
94,185,178
93,185,178
92,185,177
91,184,177
91,184,177
90,184,177
90,184,177
90,184,177
89,184,176
88,183,175
88,183,176
87,183,175
85,182,174
85,182,175
84,181,175
84,181,175
83,181,174
82,180,173
80,179,172
80,179,172
78,178,171
75,177,170
72,176,168
71,175,168
71,175,168
71,175,168
72,176,168
69,174,167
70,175,168
72,176,169
74,177,170
76,178,170
78,179,172
82,180,173
84,181,174
86,182,175
88,183,175
89,184,176
91,184,177
91,185,177
91,185,178
91,185,178
92,185,178
93,185,179
94,185,178
94,185,178
95,186,178
95,186,178
95,186,179
95,186,179
95,186,179
95,186,179
95,186,179
95,186,179
95,186,179
95,186,179
95,187,180
95,187,180
96,187,180
97,187,180
97,187,180
97,187,180
98,188,180
98,187,180
99,188,180
99,188,180
100,188,180
101,189,181
101,189,181
100,188,181
100,188,181
100,188,180
99,188,180
99,188,180
98,188,181
98,188,181
99,188,180
98,188,181
100,189,181
100,189,181
100,189,180
100,189,180
100,188,181
100,188,180
99,188,180
98,188,180
97,187,179
96,187,179
96,186,179
95,186,178
94,185,178
92,185,177
90,184,177
89,184,177
89,184,176
89,184,177
90,184,177
91,185,177
91,185,178
93,185,179
94,186,178
95,186,179
96,187,179
97,187,179
97,187,179
98,188,180
99,188,180
99,188,180
100,189,180
100,188,181
100,188,181
100,188,181
100,188,181
100,188,180
99,188,180
98,188,181
98,188,181
98,188,181
98,188,181
98,187,180
98,187,180
97,187,180
97,187,180
97,187,180
96,187,179
96,187,179
96,187,179
96,187,179
96,187,179
96,187,179
96,187,179
97,187,180
97,187,180
97,187,179
97,187,179
98,187,180
98,187,180
98,187,180
98,187,180
98,187,180
98,187,180
98,187,180
98,187,180
98,187,180
98,187,180
98,187,180
98,187,180
98,187,180
98,187,180
98,187,180
98,187,180
97,187,180
97,187,180
97,187,179
97,187,179
97,187,179
97,187,179
96,187,179
96,187,179
95,187,179
95,186,179
95,186,178
95,186,178
94,185,178
93,185,178
93,185,178
93,185,178
94,186,178
95,186,178
95,186,178
95,186,179
96,186,179
96,186,179
97,187,179
97,187,179
97,187,179
96,187,179
96,187,180
96,187,179
96,187,179
96,186,180
95,186,179
95,186,179
95,186,178
95,186,178
94,185,178
93,185,178
92,185,177
92,184,177
91,184,177
91,184,177
90,184,177
90,184,177
89,184,176
88,183,176
88,183,176
87,183,176
86,182,175
85,182,175
85,182,175
84,181,175
83,181,174
83,180,173
82,180,172
80,179,172
78,178,171
75,177,170
73,176,169
70,175,168
70,175,168
71,175,168
71,175,168
71,175,167
71,175,168
72,176,168
74,176,170
76,177,170
78,179,171
80,180,172
82,181,173
84,181,174
86,182,175
88,183,175
90,184,177
90,184,178
91,185,177
91,185,178
91,185,178
92,185,178
94,185,178
94,185,178
95,186,178
95,186,178
95,186,179
95,186,179
95,186,179
95,186,179
95,186,179
95,186,179
95,187,180
95,187,180
95,187,180
96,187,180
97,187,180
97,187,180
97,187,180
97,187,180
98,188,180
98,188,180
98,188,181
99,188,180
99,188,180
100,188,180
100,188,180
100,188,180
99,188,180
99,188,180
99,188,180
99,188,180
98,188,181
98,188,181
99,188,180
98,188,181
99,188,181
100,189,181
100,189,181
101,189,181
100,189,180
100,189,180
99,188,180
99,188,180
97,187,179
96,187,179
95,186,179
94,185,178
92,185,178
92,185,178
90,184,177
89,184,177
89,184,176
89,184,177
90,184,177
91,185,177
92,185,178
93,185,179
94,185,178
95,186,179
96,187,179
97,187,179
97,187,179
98,187,180
99,188,180
99,188,180
100,189,180
100,189,180
100,188,181
100,188,180
99,188,181
99,188,180
98,188,181
98,188,181
98,188,181
98,188,181
98,187,180
98,187,180
97,187,180
97,187,180
97,187,180
96,187,179
96,187,179
96,187,179
96,187,179
96,187,179
96,187,179
96,187,179
97,187,180
97,187,180
97,187,180
97,187,179
98,187,180
98,187,180
98,187,180
98,187,180
98,187,180
98,187,180
98,187,180
98,187,180
97,187,180
97,187,180
97,187,180
97,187,180
97,187,180
97,187,180
97,187,180
97,187,179
97,187,179
97,187,180
97,187,179
97,187,179
97,187,179
97,187,179
96,187,179
96,187,179
95,187,179
95,186,178
95,186,178
95,186,178
95,186,178
95,186,178
95,186,178
95,186,178
96,186,179
96,186,179
96,186,179
96,187,179
97,187,179
97,187,179
97,187,179
97,187,179
97,187,179
97,187,180
97,187,180
97,187,180
96,187,180
96,187,179
96,187,179
95,186,179
95,186,179
95,186,178
94,185,178
94,185,178
93,185,178
92,184,177
91,184,177
91,184,177
90,184,177
90,184,177
89,184,177
89,184,176
88,183,176
88,183,176
87,183,176
86,182,175
85,182,175
84,181,175
84,181,175
83,180,173
82,180,172
81,179,173
78,178,171
76,176,170
73,176,169
70,174,168
68,174,167
68,174,167
70,175,168
71,175,168
71,175,167
72,176,168
73,176,169
75,177,169
76,177,170
77,178,171
79,179,171
82,180,173
83,181,173
85,182,174
87,182,175
89,184,176
90,184,177
90,184,178
91,185,178
92,185,178
92,185,178
93,185,178
94,185,178
95,186,178
95,186,179
95,186,179
95,186,179
95,186,179
95,186,179
96,186,180
96,186,180
95,187,180
96,187,180
96,187,180
97,187,180
97,187,180
97,187,180
97,187,180
97,187,180
98,188,180
98,187,180
98,187,180
99,188,180
99,188,180
99,188,180
99,188,180
99,188,180
99,188,180
98,188,180
98,188,181
98,187,180
98,187,180
98,187,180
99,188,180
98,188,181
99,188,181
100,189,181
100,189,181
100,189,180
100,189,180
100,189,180
99,188,180
99,188,180
97,187,179
97,187,179
95,186,179
95,186,178
94,186,178
92,185,177
91,185,177
90,184,177
89,184,176
89,184,176
91,184,177
92,185,178
93,185,179
94,185,178
95,186,178
95,186,179
95,186,179
96,187,179
97,187,179
97,187,179
98,187,180
98,188,180
99,188,180
99,188,180
99,188,181
99,188,181
99,188,181
99,188,181
99,188,180
98,188,181
98,188,181
98,188,181
98,187,180
98,187,180
97,187,180
97,187,180
97,187,180
96,187,179
96,187,179
96,187,179
96,187,179
96,187,179
96,187,179
97,187,180
97,187,180
97,187,180
97,187,180
97,187,179
98,187,180
98,187,180
98,187,180
98,187,180
98,187,180
98,187,180
97,187,179
97,187,179
97,187,180
97,187,180
97,187,180
97,187,180
97,187,180
97,187,179
97,187,179
97,187,179
97,187,179
97,187,179
97,187,179
97,187,179
96,187,179
96,187,179
96,187,179
96,186,179
95,186,179
95,186,178
95,186,178
95,186,178
95,186,178
95,186,178
96,186,179
96,186,179
97,187,179
97,187,179
98,187,180
98,187,180
98,187,180
98,187,180
98,187,180
97,187,179
97,187,180
97,187,180
97,187,180
97,187,180
97,187,180
96,187,180
96,187,179
96,186,180
95,186,179
95,186,179
94,185,178
93,185,178
92,184,177
92,184,177
91,184,177
91,184,177
91,184,177
91,184,177
90,184,177
89,183,177
88,183,176
88,183,176
87,182,175
86,182,175
85,182,174
84,181,174
83,181,174
82,180,173
80,179,172
80,179,172
77,177,170
75,176,169
71,175,168
68,174,166
68,174,167
68,174,167
68,174,167
71,176,169
73,176,169
74,177,170
75,177,170
76,177,170
77,178,171
78,178,172
80,179,172
82,181,173
84,181,175
85,182,175
88,183,176
90,184,177
90,184,178
91,185,177
91,185,178
92,185,178
93,185,179
94,185,178
95,186,178
95,186,178
95,186,179
95,186,179
95,186,179
96,187,179
96,187,179
96,187,179
96,187,179
97,187,180
97,187,180
97,187,180
97,187,180
97,187,180
97,187,180
98,188,180
98,188,180
98,187,180
98,187,180
99,188,180
99,188,180
99,188,180
98,188,181
98,188,180
98,188,180
98,188,180
98,187,180
98,187,180
98,187,180
98,187,181
98,187,181
99,188,180
99,188,180
100,189,181
100,189,181
100,189,181
100,189,180
100,188,181
99,188,180
99,188,180
98,187,180
97,187,179
96,186,179
95,186,179
95,186,178
94,186,178
92,185,177
91,184,177
91,184,177
91,184,177
92,185,177
94,186,178
94,185,179
95,186,179
95,186,179
95,186,179
95,186,179
96,187,179
96,187,179
97,187,179
97,187,179
98,187,180
98,187,180
98,188,181
99,188,181
99,188,181
99,188,181
99,188,181
99,188,180
98,188,181
98,188,181
98,188,181
98,188,181
98,187,181
97,187,180
97,187,180
97,187,180
97,187,180
96,187,179
96,187,179
96,187,179
96,187,179
97,187,180
97,187,180
97,187,180
97,187,180
97,187,180
97,187,179
98,187,180
98,187,180
98,187,180
98,187,180
97,187,179
97,187,179
97,187,179
96,187,179
96,187,179
96,187,179
95,186,179
96,187,179
95,186,179
96,187,179
96,186,179
96,187,179
96,186,179
96,187,179
96,186,179
96,186,179
95,186,179
95,186,179
95,186,179
95,186,178
95,186,178
95,186,178
95,186,178
95,186,178
95,186,179
96,186,179
96,187,179
97,187,179
98,187,180
99,188,180
99,188,180
99,188,180
99,188,180
99,188,180
99,188,180
99,188,180
99,188,180
98,188,181
98,188,180
98,188,180
97,187,180
97,187,180
96,187,179
96,186,180
95,186,179
94,185,179
94,185,178
93,185,178
92,184,177
92,184,177
92,184,177
91,184,177
91,184,177
91,184,177
90,184,177
89,184,177
88,183,176
88,183,176
87,182,175
86,182,175
84,181,175
84,181,174
83,180,173
82,180,172
80,179,172
78,178,171
75,176,169
73,175,169
69,174,167
67,173,166
67,173,166
67,174,166
69,174,167
73,176,169
74,177,170
75,177,170
76,177,170
77,178,171
77,178,172
79,179,172
81,180,173
83,181,174
85,182,175
86,183,176
89,184,176
90,184,178
91,185,177
92,185,178
92,185,178
93,185,179
94,186,178
94,185,178
95,186,178
95,186,179
95,186,179
96,187,179
96,187,179
96,187,179
97,187,180
97,187,180
97,187,180
97,187,180
97,187,180
97,187,180
97,187,180
98,188,180
98,187,180
98,187,180
98,187,180
98,187,180
98,188,181
98,188,181
98,188,181
98,188,181
98,188,180
98,188,180
98,187,180
98,187,180
98,187,180
98,187,180
98,187,180
98,187,181
99,188,180
99,188,180
100,189,181
100,189,181
100,189,181
100,188,181
100,188,181
99,188,180
99,188,180
99,188,180
98,187,180
97,187,179
95,186,179
95,186,179
95,186,179
95,186,178
95,186,178
95,186,178
95,186,178
95,186,178
95,186,178
95,186,178
95,186,179
95,186,179
95,186,179
95,186,179
95,186,179
96,187,179
96,187,179
97,187,180
97,187,180
98,188,180
98,188,180
98,188,180
99,188,180
99,188,181
99,188,181
99,188,181
99,188,180
99,188,180
98,188,181
99,188,180
99,188,180
98,187,180
97,187,180
97,187,180
97,187,179
97,187,179
97,187,179
97,187,179
97,187,179
97,187,180
97,187,180
97,187,180
97,187,180
97,187,180
97,187,180
97,187,180
97,187,179
97,187,179
97,187,179
97,187,179
96,187,179
95,186,179
95,186,179
95,186,179
95,186,179
95,186,179
95,186,179
95,186,179
95,186,179
94,186,178
95,186,178
94,186,178
95,186,178
95,186,178
95,186,178
95,186,178
95,186,178
95,186,178
94,185,178
94,185,178
94,185,178
95,186,179
95,186,179
96,186,180
96,187,179
97,187,179
98,187,180
99,188,180
99,188,180
100,188,181
100,188,181
100,188,181
100,189,180
100,189,180
99,188,181
99,188,181
99,188,181
99,188,180
98,188,181
98,187,180
97,187,180
97,187,180
96,186,180
95,186,179
94,185,179
93,186,178
93,185,178
92,184,177
92,184,177
92,184,177
92,184,177
92,184,177
91,184,177
90,184,177
90,184,177
89,183,176
88,183,176
87,182,175
86,182,175
84,181,175
83,181,174
82,180,173
80,179,172
79,179,172
77,177,171
74,176,170
70,174,168
66,173,166
66,173,166
66,173,167
67,173,166
69,174,168
74,177,170
75,177,170
76,177,170
77,178,171
77,178,172
79,179,172
80,179,173
83,181,174
84,182,175
85,182,175
88,183,176
90,184,177
91,185,177
92,185,178
92,185,178
93,185,179
94,186,178
94,185,178
95,186,178
95,186,179
96,187,179
96,187,179
97,187,180
97,187,180
97,187,179
97,187,179
97,187,180
97,187,180
97,187,180
98,187,180
98,188,181
98,188,181
98,188,181
98,188,181
98,188,181
98,188,181
98,188,181
98,188,181
98,188,181
98,188,181
98,188,181
98,187,180
98,188,180
98,188,180
98,187,180
98,187,180
98,187,180
99,188,180
99,188,180
100,188,180
100,189,181
100,189,181
100,189,181
100,188,181
100,188,181
99,188,180
99,188,180
99,188,180
99,188,180
98,187,180
97,187,179
96,186,179
96,186,179
96,186,179
96,186,179
96,186,179
96,186,179
96,186,179
95,186,179
95,186,179
95,186,179
95,186,179
95,186,179
95,186,179
95,186,179
95,186,179
96,187,179
96,187,180
97,187,180
97,187,180
98,188,180
98,188,180
98,188,180
98,188,181
99,188,181
99,188,181
99,188,180
99,188,180
98,188,181
98,188,181
98,188,181
98,188,181
98,187,180
98,187,180
97,187,179
97,187,179
98,187,180
98,187,180
98,187,180
98,187,181
98,187,180
97,187,180
97,187,180
97,187,180
97,187,180
97,187,180
97,187,180
97,187,180
96,187,179
95,186,179
95,186,179
95,186,179
94,185,179
93,185,179
93,185,179
93,185,179
93,185,178
92,185,177
92,185,177
92,185,177
93,185,178
92,185,178
93,185,179
92,185,178
93,185,179
92,185,178
93,185,179
93,185,179
94,185,178
94,185,179
94,185,179
95,186,179
96,186,180
96,187,179
97,187,180
98,188,181
99,188,180
100,188,180
101,189,181
101,189,181
101,189,181
101,189,181
100,189,180
100,189,181
100,189,181
100,189,181
100,189,181
100,189,181
99,188,181
99,188,180
98,187,181
97,187,180
96,187,179
96,186,179
95,186,179
94,185,179
94,185,178
92,184,177
92,184,177
92,184,177
92,184,177
92,184,177
92,184,177
91,184,177
90,184,177
90,183,176
89,183,176
87,182,175
86,182,175
84,181,174
83,181,174
82,180,172
80,179,172
78,178,171
75,176,169
72,175,168
68,174,166
66,173,166
66,173,166
66,173,166
67,173,166
75,177,170
76,177,171
76,178,171
77,178,172
78,178,172
79,179,172
80,179,173
82,181,173
84,182,175
85,182,175
86,183,176
89,184,176
90,184,177
92,185,178
92,185,177
92,185,177
94,186,178
94,186,178
95,186,178
95,186,179
96,187,180
97,187,180
97,187,180
97,187,179
97,187,179
97,187,179
98,187,180
98,188,180
98,188,181
98,188,181
98,188,181
98,188,181
98,188,181
98,188,181
98,188,181
98,188,181
98,187,180
98,187,180
98,187,180
98,187,180
98,187,180
98,188,180
98,188,180
98,188,180
98,187,180
98,187,180
98,187,180
98,188,180
99,188,180
99,188,181
99,188,181
100,189,181
100,189,181
100,188,181
100,188,181
99,188,180
99,188,180
99,188,180
99,187,180
99,188,180
99,188,180
99,188,180
99,188,180
99,188,180
99,188,180
98,187,180
97,187,179
97,187,179
97,187,179
96,187,179
95,186,179
95,186,179
95,186,179
95,186,179
95,186,179
95,186,179
95,186,179
95,187,180
96,187,180
97,187,180
97,187,180
98,188,180
98,188,180
98,188,181
98,188,181
98,188,181
98,188,181
98,188,181
98,188,181
98,188,181
98,188,181
98,188,181
98,188,180
98,187,180
98,187,180
98,187,180
98,187,180
98,187,180
98,187,180
98,187,181
98,187,181
98,187,180
97,187,180
97,187,180
97,187,180
97,187,180
97,187,180
96,187,179
95,186,179
95,186,179
94,185,179
93,185,179
92,185,178
92,185,177
92,185,177
92,185,177
92,185,177
92,184,177
92,185,177
92,185,177
92,185,177
92,185,178
92,185,178
91,185,178
91,185,178
91,185,178
92,185,178
92,185,178
93,185,179
93,186,178
94,185,179
95,186,179
96,187,179
97,187,180
98,187,180
99,188,180
100,189,180
101,189,181
101,189,181
101,189,181
101,189,181
101,189,181
101,189,181
100,189,180
100,189,181
100,189,181
100,189,181
101,189,181
101,189,181
101,189,181
100,188,180
98,187,180
97,187,179
96,187,179
95,186,179
95,186,179
94,185,178
93,185,178
93,185,178
92,184,177
92,184,177
92,184,177
92,184,177
92,184,177
91,184,177
90,184,177
89,183,176
88,183,176
86,182,175
84,181,174
83,181,174
82,180,172
80,179,172
77,177,171
74,176,169
69,173,167
66,172,166
65,172,165
65,172,165
66,173,166
69,174,167
76,177,171
77,178,171
77,178,171
79,179,171
79,179,172
80,179,173
82,181,173
83,181,174
85,182,175
86,182,175
88,183,176
90,184,178
91,184,177
92,185,177
92,185,177
93,185,178
94,186,178
95,186,179
96,187,180
96,187,180
97,187,180
97,187,180
98,187,180
99,188,180
99,188,180
99,188,180
98,188,181
98,188,181
98,188,181
98,188,181
98,188,181
98,188,181
98,188,181
98,187,180
98,187,180
98,187,180
98,187,180
97,187,180
97,187,180
97,187,180
97,187,179
97,187,179
97,187,179
98,187,180
98,187,180
98,188,180
98,188,180
99,188,180
99,188,181
99,188,181
99,188,181
99,188,181
99,188,181
99,188,180
99,188,180
99,188,180
99,188,180
99,188,180
99,188,180
99,188,180
99,188,180
99,188,180
99,188,180
99,188,180
99,188,180
99,188,180
98,188,180
98,187,180
97,187,180
96,187,179
96,187,179
95,186,179
95,186,179
95,186,179
95,186,179
95,186,179
95,186,179
96,187,180
96,187,180
97,187,180
97,187,180
98,188,180
98,188,180
98,188,181
98,188,181
98,188,181
98,188,181
98,188,181
98,188,181
98,188,181
98,188,181
98,188,181
98,188,181
98,188,181
98,188,181
98,188,181
98,188,181
98,188,181
98,188,181
98,188,181
98,187,180
97,187,180
97,187,180
97,187,180
96,187,179
95,186,179
95,186,179
95,186,179
93,185,179
92,185,178
92,185,178
92,184,177
92,184,177
92,184,177
92,184,177
92,184,177
92,184,177
92,185,177
92,185,177
92,185,178
92,185,178
92,185,178
91,185,178
91,185,178
91,185,178
92,185,178
92,185,178
93,185,179
94,185,179
95,186,179
96,186,179
97,187,180
98,187,180
99,188,180
100,189,180
101,189,181
101,189,181
101,189,181
101,189,181
101,189,181
101,189,181
100,189,180
100,189,180
100,189,181
100,189,181
101,189,181
101,189,181
101,189,181
101,189,181
101,189,181
100,188,180
97,187,179
97,187,179
96,187,179
95,186,179
95,186,178
95,186,178
94,185,178
93,185,178
92,185,177
92,185,177
92,184,177
92,184,177
92,184,177
90,184,177
89,183,176
88,183,176
86,182,175
84,181,174
83,180,173
80,179,172
79,179,172
75,176,169
71,175,168
67,173,166
65,172,165
64,172,164
65,172,165
66,173,166
76,178,170
78,178,171
78,178,171
79,179,171
80,179,172
81,180,173
82,181,173
83,181,174
84,182,175
85,182,175
86,182,176
89,184,176
91,184,177
91,184,177
92,185,177
93,185,178
94,186,178
95,186,179
96,187,180
97,187,180
97,187,180
98,187,180
99,188,180
99,188,180
100,189,180
99,188,181
99,188,180
99,188,180
99,188,180
98,188,181
98,188,181
98,188,181
98,187,180
98,188,180
98,187,180
98,187,180
97,187,180
97,187,180
97,187,180
97,187,180
97,187,180
97,187,179
97,187,179
97,187,179
98,187,180
98,188,180
98,188,180
99,188,180
99,188,180
99,188,181
99,188,181
99,188,181
99,188,180
99,188,180
99,188,180
100,188,181
100,188,180
100,188,180
100,188,180
100,188,180
100,188,180
99,188,180
99,188,180
99,188,180
99,188,180
99,188,180
99,188,180
99,188,180
98,187,180
97,187,180
97,187,180
96,187,179
95,186,179
95,186,179
95,186,179
95,186,179
95,186,179
96,187,180
96,187,180
97,187,180
97,187,180
97,187,180
98,188,180
98,188,180
98,188,181
98,188,181
98,188,181
98,188,181
98,188,181
98,188,181
98,188,181
98,188,181
98,188,181
98,188,181
98,188,181
98,188,181
98,188,181
98,188,181
98,188,181
98,188,181
98,187,180
97,187,180
97,187,180
96,187,179
95,186,179
95,186,179
94,185,179
93,185,179
92,185,178
92,185,177
92,185,177
92,184,177
92,184,177
92,184,177
92,184,177
92,184,177
92,184,177
92,185,177
92,185,177
92,185,177
92,185,177
92,185,178
92,185,178
91,185,178
91,185,178
93,185,178
93,185,179
94,185,179
95,186,179
96,186,179
97,187,179
98,187,180
99,188,180
99,188,180
100,189,180
101,189,181
101,189,181
101,189,181
101,189,181
101,189,181
101,189,181
100,189,180
100,189,180
100,189,181
100,189,181
101,189,181
101,189,181
101,189,181
101,189,181
101,189,181
100,188,180
98,188,180
97,187,179
97,187,179
96,186,180
95,186,179
95,186,179
95,186,178
94,185,178
93,185,178
92,185,177
92,185,177
92,184,177
92,184,177
91,184,177
89,183,176
88,183,176
86,182,174
83,181,174
82,180,173
80,179,171
77,177,170
74,176,169
69,173,167
66,172,166
65,172,165
64,172,164
65,173,165
68,173,166
78,178,171
79,179,171
79,179,172
80,179,172
82,180,172
82,181,173
83,181,174
83,181,174
85,182,175
86,182,175
88,183,176
89,184,177
91,184,177
92,185,177
93,185,178
94,186,178
95,186,179
96,187,180
97,187,180
97,187,180
99,188,180
100,188,181
100,188,181
100,188,181
100,189,181
99,188,181
99,188,180
99,188,180
98,188,181
98,188,181
98,188,180
98,188,180
98,188,180
98,188,180
97,187,180
97,187,180
97,187,180
96,187,179
97,187,180
97,187,180
97,187,180
97,187,179
97,187,179
98,187,180
98,188,180
98,188,180
99,188,180
99,188,180
99,188,181
99,188,180
99,188,180
99,188,180
99,188,180
99,188,180
99,188,181
100,188,180
100,188,180
99,188,181
99,188,181
99,188,181
99,188,180
99,188,180
99,188,180
99,188,180
99,188,180
99,188,180
99,188,180
98,188,180
98,187,180
97,187,180
97,187,180
96,187,179
95,186,179
95,186,179
95,186,179
96,186,180
96,187,180
96,187,180
97,187,180
97,187,180
97,187,180
98,188,180
98,188,180
98,188,181
98,188,181
98,188,181
98,188,181
98,188,181
98,188,181
98,188,181
98,188,181
98,188,181
98,188,181
98,188,181
98,188,181
98,188,181
98,187,180
98,187,180
98,187,180
97,187,180
97,187,180
96,187,179
95,186,179
95,186,179
94,185,179
94,185,178
93,185,178
92,185,177
92,185,177
92,185,177
92,184,177
92,184,177
92,185,177
92,185,177
92,185,177
92,185,177
92,185,177
92,185,177
92,185,177
92,185,177
92,185,177
92,185,178
93,185,179
93,185,179
94,186,178
95,186,179
95,186,179
96,186,179
97,187,179
97,187,179
98,187,180
99,188,180
100,189,180
100,189,180
101,189,181
101,189,181
101,189,181
101,189,181
101,190,181
100,189,180
100,189,180
100,189,180
100,189,181
100,189,181
101,189,181
101,189,181
101,189,182
101,189,182
101,189,182
100,189,181
99,188,180
97,187,179
97,187,179
96,187,179
96,186,179
95,186,179
95,186,179
95,186,178
94,185,177
93,185,178
92,185,177
92,184,177
92,184,177
91,184,176
89,183,176
87,182,175
85,182,174
83,180,173
80,179,172
79,178,171
75,177,169
71,175,167
68,172,166
65,172,166
65,172,166
65,172,165
66,173,166
78,178,171
79,179,171
80,179,172
80,179,172
82,180,172
82,181,173
83,181,174
83,181,174
84,182,175
85,182,175
86,182,175
88,183,176
90,184,177
91,185,178
92,185,178
94,186,178
95,186,179
96,187,180
97,187,180
98,187,180
99,188,181
100,188,181
102,189,180
102,189,180
100,189,181
99,188,181
99,188,180
99,188,180
98,188,181
98,188,180
98,188,180
98,188,180
97,187,180
97,187,180
97,187,180
97,187,180
96,187,179
96,187,179
96,187,179
97,187,180
97,187,180
97,187,179
97,187,179
97,187,179
98,187,180
98,188,180
98,188,180
99,188,180
99,188,180
99,188,180
99,188,180
98,188,181
98,188,181
99,188,180
99,188,180
99,188,180
99,188,181
99,188,181
99,188,181
99,188,181
99,188,180
99,188,180
99,188,180
99,188,180
99,188,180
99,188,180
99,188,180
98,188,181
98,188,181
98,187,180
97,187,180
97,187,180
96,187,179
96,187,179
96,187,179
96,187,179
97,187,180
97,187,180
97,187,180
97,187,180
97,187,180
98,188,180
98,187,180
98,188,181
98,188,181
98,188,181
98,188,180
98,188,180
98,187,180
98,187,180
98,188,181
98,188,181
98,188,181
98,187,180
98,187,180
98,187,180
98,187,180
97,187,180
97,187,180
97,187,180
96,187,179
95,186,179
95,186,179
93,186,178
94,185,178
94,185,177
93,185,178
93,185,178
93,185,178
93,185,178
93,185,178
93,185,178
93,185,178
93,185,178
94,185,178
94,185,178
94,185,178
94,185,178
94,185,178
94,185,178
94,185,178
95,186,178
95,186,178
95,186,179
95,186,179
96,186,179
96,186,179
97,187,179
97,187,179
98,187,180
98,187,180
99,188,180
100,189,180
100,189,180
101,189,181
101,189,181
101,189,181
101,189,181
101,189,181
100,189,180
100,189,180
100,189,181
100,189,181
100,189,181
100,189,181
101,189,181
101,189,181
101,189,181
100,189,181
99,188,181
98,187,180
97,187,179
97,187,179
97,187,180
96,187,179
95,186,179
95,186,179
95,186,178
95,186,178
94,185,177
92,185,177
92,184,177
91,184,177
90,183,176
88,183,176
86,182,174
83,181,174
81,179,173
79,179,171
77,177,170
74,176,169
70,174,167
67,172,165
66,173,166
66,173,166
66,173,166
68,173,166
79,179,171
80,179,172
80,179,172
82,180,172
82,181,173
82,181,173
83,181,174
83,181,174
85,182,175
86,182,175
87,183,176
89,184,177
90,184,178
92,185,178
93,185,179
95,186,179
96,187,180
97,187,180
98,188,180
99,188,180
100,189,180
102,189,180
102,189,180
101,189,181
100,189,181
99,188,181
99,188,180
98,188,180
98,188,180
98,188,180
97,187,180
97,187,180
97,187,180
97,187,180
96,187,179
96,187,179
96,187,179
96,187,179
96,187,179
96,187,179
97,187,180
97,187,179
97,187,179
97,187,179
98,187,180
98,188,180
98,188,180
98,188,181
98,188,181
98,188,181
98,188,181
98,188,181
98,188,181
98,188,181
98,188,181
99,188,180
99,188,180
99,188,180
99,188,180
99,188,180
99,188,180
98,188,181
98,188,181
98,188,181
98,188,181
98,188,181
98,188,181
98,188,181
98,188,181
98,188,181
97,187,180
97,187,180
97,187,180
97,187,180
97,187,180
97,187,180
97,187,180
97,187,180
97,187,180
97,187,180
98,187,180
98,187,180
98,187,180
98,187,180
98,187,180
98,188,180
98,188,180
97,187,180
98,187,180
98,187,180
98,187,180
98,187,180
98,187,180
98,187,180
97,187,180
97,187,180
97,187,180
97,187,180
95,186,179
95,186,179
95,186,179
94,185,178
94,185,178
94,185,178
94,185,177
94,185,177
94,185,177
94,185,177
94,185,177
94,185,177
94,185,177
94,185,177
94,185,178
95,186,178
95,186,178
95,186,178
95,186,178
95,186,178
95,186,178
95,186,179
95,186,179
96,186,179
96,187,179
97,187,180
97,187,179
97,187,179
97,187,179
98,187,180
98,187,180
98,187,180
99,188,180
99,188,180
100,189,181
101,189,181
101,189,181
101,189,181
101,189,181
100,189,180
100,189,180
100,189,180
100,189,181
99,188,181
99,188,181
100,189,181
100,189,181
100,189,181
100,189,181
99,188,181
99,188,180
98,187,180
97,187,180
97,187,180
97,187,180
96,187,179
96,186,180
95,186,179
95,186,179
95,186,178
94,185,177
93,185,178
92,184,177
91,184,176
89,183,176
87,182,175
85,182,174
82,180,173
80,179,172
78,178,171
75,177,169
74,176,169
70,174,167
67,173,166
66,173,166
66,173,166
66,173,166
79,179,171
80,179,172
80,179,172
82,180,172
82,181,173
82,181,173
83,181,174
83,181,174
84,182,175
85,182,175
86,182,175
88,183,176
90,184,177
91,185,178
93,185,179
95,186,179
95,187,180
97,187,180
97,187,180
98,188,180
99,188,181
101,189,181
101,189,181
101,189,181
100,189,180
99,188,181
99,188,180
98,188,181
98,188,180
98,188,180
97,187,180
97,187,180
97,187,180
97,187,180
96,187,179
96,187,179
96,187,179
96,187,179
96,187,179
96,187,179
96,187,179
97,187,180
97,187,179
97,187,179
97,187,179
98,187,180
98,187,180
98,187,180
98,187,180
98,188,181
98,188,181
98,188,181
98,188,181
98,188,181
98,188,181
98,188,181
99,188,180
99,188,180
99,188,180
98,188,181
98,188,181
98,188,181
98,188,181
98,188,181
98,188,181
98,188,181
98,188,181
98,188,181
99,188,180
99,188,180
99,188,180
98,188,181
98,187,180
97,187,180
97,187,180
97,187,180
97,187,180
97,187,180
97,187,180
98,187,180
98,187,180
98,187,180
98,187,180
98,187,180
97,187,180
97,187,180
97,187,180
97,187,180
97,187,180
97,187,179
97,187,179
97,187,179
97,187,179
97,187,180
97,187,180
96,187,180
96,186,180
95,186,179
95,186,179
95,186,179
95,186,178
94,185,178
94,185,178
94,185,178
94,185,178
94,185,177
94,185,177
94,185,178
94,185,177
94,185,178
95,186,178
95,186,178
95,186,178
95,186,179
95,186,179
95,186,179
95,186,179
95,186,179
95,186,179
96,186,179
97,187,179
97,187,179
97,187,179
97,187,180
97,187,180
97,187,180
98,187,180
98,187,180
98,187,180
99,188,180
99,188,180
99,188,180
100,189,181
101,189,181
101,189,181
101,189,181
101,189,181
100,189,180
100,189,180
99,188,181
99,188,181
99,188,181
99,188,181
100,189,181
100,189,181
100,189,181
100,189,181
99,188,181
98,188,181
98,187,180
97,187,180
97,187,180
97,187,180
96,187,179
96,186,180
95,186,179
95,186,179
95,186,179
94,185,178
93,185,178
91,184,177
90,183,176
87,182,176
86,182,174
83,180,173
80,179,172
78,178,170
76,177,169
74,176,169
73,176,168
70,174,167
69,174,167
67,173,166
67,173,166
69,174,167
80,179,172
82,180,172
82,180,173
82,181,173
82,181,173
82,181,173
83,181,174
84,181,175
85,182,175
86,182,175
87,183,176
89,184,177
91,184,177
93,185,179
94,186,178
95,187,180
96,187,180
97,187,180
98,188,180
99,188,180
99,188,181
100,189,181
100,189,180
99,188,181
99,188,181
99,188,180
98,188,181
98,187,180
98,188,180
97,187,179
97,187,180
97,187,180
96,187,179
96,187,179
96,187,179
96,186,180
96,187,179
96,187,179
96,187,179
96,187,179
97,187,180
97,187,180
97,187,180
97,187,179
97,187,179
97,187,179
97,187,179
97,187,180
98,187,180
98,187,180
99,188,180
99,188,180
99,188,180
98,188,181
98,188,181
98,188,181
98,188,181
98,188,181
98,188,181
98,188,181
98,188,181
98,188,181
98,188,181
98,188,181
98,188,181
98,188,181
98,188,181
99,188,180
99,188,180
99,188,180
100,188,181
99,188,180
98,188,181
98,187,180
98,188,180
97,187,180
98,187,180
98,187,180
98,187,180
98,187,180
98,187,180
98,187,180
97,187,179
97,187,180
97,187,180
97,187,180
96,187,179
96,187,179
97,187,180
96,187,179
96,187,179
96,187,179
96,186,179
96,186,180
95,186,179
95,186,179
95,186,179
95,186,179
95,186,179
95,186,178
95,186,178
95,186,178
95,186,178
95,186,178
95,186,178
95,186,178
95,186,178
95,186,178
95,186,178
95,186,179
95,186,179
95,186,179
96,187,179
96,187,179
96,187,179
96,187,179
96,187,179
97,187,179
97,187,180
97,187,180
97,187,180
97,187,180
97,187,180
97,187,180
97,187,180
98,187,180
98,187,180
98,187,180
98,187,180
98,188,180
99,188,180
100,189,181
101,189,181
101,189,181
101,189,181
101,189,181
100,189,181
100,189,181
99,188,181
99,188,181
99,188,181
99,188,181
99,188,181
99,188,181
100,189,181
99,188,180
99,188,180
98,188,180
98,187,180
97,187,180
97,187,180
96,187,179
96,187,179
95,186,179
95,186,179
95,186,179
94,185,179
93,185,178
92,184,177
91,184,176
88,183,176
87,182,175
84,181,174
81,179,173
79,179,171
77,177,171
75,176,169
74,176,169
71,175,167
69,174,166
69,174,167
69,174,167
69,174,167
80,179,172
82,180,172
82,180,172
82,181,173
82,181,173
82,181,173
82,181,173
83,181,174
84,181,175
85,182,175
86,182,175
88,183,176
90,184,177
92,185,178
94,186,178
95,186,179
95,187,180
97,187,180
97,187,180
98,188,180
99,188,180
99,188,181
99,188,181
99,188,181
99,188,180
98,188,181
98,188,180
98,187,180
98,187,180
98,187,180
97,187,179
97,187,180
97,187,180
96,187,179
96,187,179
95,186,179
96,186,180
96,187,179
96,187,179
96,187,179
96,187,179
96,187,179
97,187,180
97,187,180
97,187,179
97,187,179
97,187,180
97,187,180
98,187,180
98,187,180
98,187,180
98,187,181
99,188,180
98,188,181
98,188,181
99,188,180
99,188,180
99,188,180
98,188,181
98,188,181
98,188,181
98,188,181
98,188,181
98,188,181
98,188,181
98,188,181
98,188,181
99,188,180
99,188,180
100,188,180
100,188,181
100,188,181
100,188,180
99,188,180
99,188,180
98,188,181
98,187,180
98,187,180
98,187,180
98,187,180
97,187,180
97,187,180
97,187,180
96,187,179
96,187,179
96,187,179
96,187,179
96,186,180
95,186,179
95,186,179
95,186,179
95,186,179
95,186,179
95,186,179
95,186,179
95,186,179
95,186,179
95,186,179
95,186,178
95,186,178
95,186,178
95,186,178
95,186,179
95,186,179
95,186,179
95,186,179
95,186,179
96,186,179
96,187,179
96,187,179
96,187,179
96,187,179
97,187,180
97,187,180
97,187,180
97,187,180
97,187,180
97,187,179
97,187,180
97,187,180
98,187,181
98,187,180
98,187,180
98,187,180
98,188,180
98,188,180
98,187,180
98,187,180
98,187,180
98,187,180
99,188,180
100,189,181
101,189,181
101,189,182
101,189,182
101,189,181
100,189,181
99,188,181
99,188,181
99,188,180
99,188,180
99,188,181
99,188,181
99,188,181
99,188,180
99,188,180
98,187,180
97,187,179
97,187,179
97,187,180
96,187,179
96,187,179
96,187,179
95,186,179
95,186,179
95,186,179
94,185,177
92,185,177
91,184,177
90,183,176
87,182,176
86,182,174
83,180,173
80,179,172
77,177,171
75,176,169
74,176,169
72,175,167
70,174,167
69,174,166
69,174,167
69,174,168
70,174,168
82,180,173
82,180,173
82,181,173
82,181,173
82,181,173
82,181,173
83,180,174
84,181,175
84,181,175
86,182,175
87,183,176
89,184,176
91,184,177
93,185,179
94,186,178
95,186,179
96,187,180
97,187,180
97,187,180
98,188,180
99,188,180
99,188,180
99,188,180
98,188,181
98,187,180
98,187,180
98,187,180
98,187,180
98,187,180
97,187,179
97,187,179
97,187,180
97,187,180
96,187,179
95,186,179
96,186,180
96,187,179
96,187,179
96,187,179
96,187,179
96,187,179
96,187,179
97,187,180
97,187,180
97,187,179
97,187,179
97,187,180
98,187,180
98,187,181
98,187,180
98,187,181
98,187,181
98,188,181
98,188,181
99,188,180
99,188,180
99,188,180
98,188,181
98,188,181
98,188,181
98,188,181
98,188,181
98,188,181
98,188,181
98,188,181
98,188,181
98,188,181
99,188,180
100,188,180
100,188,181
100,188,181
100,188,180
99,188,180
99,188,180
99,188,180
98,188,181
98,187,180
98,187,181
97,187,180
97,187,180
97,187,180
96,187,179
96,186,180
95,186,179
95,186,179
95,186,179
95,186,179
95,186,179
95,186,179
95,186,179
95,186,179
95,186,179
95,186,179
95,186,179
95,186,179
95,186,179
95,186,179
95,186,179
95,186,179
95,186,179
95,186,179
95,186,179
96,186,180
96,186,180
96,187,179
97,187,180
97,187,180
97,187,180
97,187,180
97,187,180
97,187,180
97,187,180
97,187,180
97,187,180
97,187,180
98,187,181
98,187,181
98,187,181
98,187,181
98,187,181
98,187,180
98,187,180
98,188,180
98,188,180
98,188,180
98,188,180
97,187,180
98,188,180
98,188,180
99,188,180
101,189,181
102,190,181
102,190,181
102,190,181
101,189,182
100,189,181
99,188,181
99,188,181
99,188,180
99,188,180
99,188,181
99,188,181
99,188,180
99,188,180
98,188,180
97,187,179
97,187,179
97,187,179
97,187,180
96,187,179
96,187,179
95,186,179
95,186,179
95,186,179
95,186,178
93,185,178
92,184,177
91,184,176
88,183,176
87,182,175
84,181,174
81,179,173
77,177,171
75,176,169
74,176,169
72,175,167
71,175,167
70,174,167
69,174,167
69,174,167
70,174,168
82,180,173
82,181,173
82,181,173
82,181,173
82,181,173
82,180,174
83,181,174
84,181,175
84,181,175
86,182,175
88,183,176
90,184,177
91,185,177
93,185,179
94,186,178
95,186,179
96,187,180
97,187,180
97,187,180
98,188,180
98,188,180
98,188,180
98,187,180
98,187,180
98,187,180
98,187,180
98,187,180
98,187,180
98,187,180
97,187,179
97,187,179
97,187,180
97,187,180
96,187,179
96,187,179
96,187,179
96,187,179
96,187,179
96,187,179
96,187,179
96,187,179
96,187,179
97,187,179
97,187,179
97,187,179
97,187,179
98,187,181
98,187,181
98,187,180
98,187,181
98,187,181
98,188,181
99,188,180
99,188,180
99,188,180
99,188,180
98,188,181
98,188,181
98,188,181
98,188,181
98,188,181
98,188,181
98,188,181
98,188,181
98,188,181
98,188,181
98,188,181
99,188,180
100,188,180
100,188,181
100,188,180
99,188,180
99,188,180
99,188,180
99,188,180
99,188,180
98,187,180
97,187,180
97,187,180
96,187,179
95,186,179
95,186,179
95,186,179
95,186,179
95,186,179
95,186,179
95,186,179
95,186,179
95,186,179
95,186,179
95,186,179
95,186,179
95,186,179
95,186,179
95,186,179
96,186,179
96,187,179
96,187,179
96,187,179
96,187,179
96,187,179
96,187,179
97,187,180
97,187,180
97,187,180
97,187,180
98,187,180
98,187,180
98,187,180
98,187,180
98,187,180
98,188,181
98,188,181
98,188,181
98,187,180
98,187,181
98,187,181
97,187,180
97,187,180
97,187,180
97,187,180
97,187,180
97,187,180
97,187,180
97,187,180
97,187,180
97,187,180
98,188,180
99,188,180
101,189,182
102,190,182
103,190,182
102,190,181
101,189,182
100,189,181
99,188,181
99,188,180
98,188,181
98,188,181
99,188,180
99,188,180
99,188,180
98,188,180
98,187,180
97,187,179
97,187,179
97,187,180
96,187,179
96,186,180
95,186,179
95,186,179
95,186,179
95,186,178
94,185,178
93,185,178
91,184,177
90,183,176
87,182,176
86,182,175
83,180,173
79,179,172
76,177,170
74,176,169
71,175,168
70,174,168
70,175,167
70,175,167
70,175,167
70,174,168
82,180,172
82,180,173
82,180,173
82,180,173
82,181,173
82,180,174
82,180,174
83,181,174
84,181,175
84,181,175
86,182,175
88,183,176
90,184,177
91,185,178
93,185,178
94,186,178
95,186,179
96,187,179
97,187,180
97,187,180
97,187,180
98,188,180
98,187,180
98,187,180
98,187,180
98,187,180
98,187,180
98,187,180
98,187,180
98,187,180
98,187,180
97,187,179
97,187,179
97,187,179
97,187,179
96,187,179
96,187,179
96,187,179
96,187,179
96,187,179
96,187,179
96,187,179
97,187,179
97,187,179
97,187,179
97,187,180
97,187,180
97,187,180
97,187,180
98,187,181
98,187,180
98,187,180
98,188,181
99,188,180
99,188,180
99,188,180
98,188,181
98,188,181
98,188,181
98,188,181
98,188,181
98,188,181
98,188,181
98,188,181
98,188,181
98,188,181
98,188,181
98,188,181
98,188,180
99,188,180
98,188,180
99,188,180
98,188,180
99,188,180
99,188,180
98,187,180
98,187,180
97,187,180
96,187,179
96,187,179
95,186,179
95,186,179
95,186,179
95,186,179
95,186,179
95,186,179
95,186,179
95,186,179
95,186,179
95,186,179
95,186,179
95,186,179
95,186,179
96,186,180
97,187,179
97,187,179
97,187,179
97,187,179
97,187,180
97,187,180
97,187,180
97,187,180
97,187,180
98,187,180
98,187,180
98,187,180
98,188,181
98,188,181
98,188,181
98,188,181
98,188,181
98,188,181
98,188,181
98,188,181
98,188,181
98,187,180
98,187,180
97,187,180
97,187,180
97,187,180
97,187,180
97,187,180
97,187,180
97,187,180
97,187,180
97,187,180
97,187,180
97,187,180
99,188,180
101,190,181
103,190,182
103,190,182
103,190,182
102,190,182
100,189,181
99,188,181
98,188,181
98,188,181
98,188,180
98,188,181
99,188,180
98,188,180
97,187,180
97,187,180
97,187,179
96,187,179
96,187,179
95,186,179
95,186,179
95,186,179
95,186,179
95,186,179
95,186,178
93,185,178
92,184,177
90,183,176
88,183,176
86,182,175
83,181,174
81,179,173
77,177,171
74,176,170
72,176,168
70,174,168
69,175,167
69,175,167
70,175,167
70,175,167
71,176,168
82,180,172
82,180,173
82,181,173
82,181,173
82,180,174
82,180,174
83,180,174
83,181,174
84,181,175
84,181,175
86,182,175
88,183,176
90,184,177
92,185,177
93,185,178
95,186,178
95,186,179
96,187,179
97,187,179
97,187,180
97,187,180
97,187,180
97,187,180
97,187,180
97,187,180
98,187,180
98,187,180
98,187,180
98,187,180
98,187,180
98,187,180
98,187,180
98,187,180
97,187,179
97,187,179
97,187,179
96,187,179
96,187,179
96,187,179
96,187,179
96,187,179
97,187,179
97,187,179
97,187,179
97,187,179
97,187,180
97,187,180
97,187,180
98,187,180
98,187,180
98,187,180
98,188,181
99,188,180
98,188,181
99,188,180
98,188,181
98,188,181
98,188,181
98,188,181
98,188,181
98,188,181
98,188,181
98,188,181
98,188,181
98,187,180
98,188,181
98,188,181
98,187,180
98,187,180
98,187,180
98,187,180
98,187,180
98,187,180
98,187,180
98,187,180
97,187,179
97,187,179
97,187,180
96,187,179
95,186,179
95,186,179
95,186,179
95,186,179
95,186,179
95,186,179
95,186,179
95,186,179
95,186,179
95,186,179
95,186,179
96,187,179
97,187,180
97,187,180
97,187,179
97,187,179
97,187,179
98,187,180
98,187,180
98,187,180
98,188,181
98,188,181
98,188,181
98,188,181
98,188,181
98,188,181
98,188,181
98,188,181
98,188,181
98,188,181
98,188,181
98,188,181
98,188,181
98,188,181
98,188,181
98,187,180
97,187,180
97,187,180
97,187,180
97,187,180
97,187,180
97,187,180
97,187,180
97,187,180
97,187,180
97,187,180
97,187,180
97,187,180
99,188,180
102,190,181
103,190,181
104,190,181
104,190,181
103,190,182
100,189,180
98,188,181
98,187,180
97,187,180
97,187,180
97,187,180
97,187,180
97,187,180
97,187,180
97,187,180
96,187,179
95,186,179
95,186,179
95,186,179
95,186,179
95,186,179
95,186,178
95,186,178
94,185,177
93,185,178
90,184,176
90,183,176
87,182,176
86,182,175
82,180,173
79,179,172
76,177,170
73,176,169
70,174,168
69,174,167
69,175,167
69,175,167
70,175,167
71,175,168
82,181,173
82,181,173
82,181,173
82,180,173
82,180,174
82,181,173
82,181,174
83,181,174
83,181,174
84,181,175
86,182,175
88,183,176
91,184,177
92,185,177
93,185,178
95,186,178
96,187,179
96,187,179
97,187,179
97,187,180
97,187,180
97,187,180
97,187,180
97,187,180
97,187,180
98,187,180
98,187,180
98,188,181
98,188,181
98,188,181
99,188,180
99,188,180
98,187,180
97,187,179
97,187,179
97,187,180
96,187,179
96,187,179
96,187,179
96,187,179
97,187,179
97,187,179
97,187,179
97,187,180
97,187,180
97,187,180
97,187,180
97,187,180
98,187,180
98,188,181
98,188,181
98,188,181
98,188,181
98,188,181
98,188,181
98,188,181
98,188,181
98,188,181
98,188,181
98,188,181
98,188,181
98,188,181
98,187,180
98,187,180
98,187,180
98,187,180
98,187,180
98,187,180
97,187,180
97,187,180
97,187,180
97,187,179
97,187,179
97,187,179
97,187,179
97,187,179
97,187,179
97,187,179
96,187,179
95,186,179
95,186,179
95,186,179
95,186,179
95,186,179
95,186,179
95,186,179
95,186,179
96,187,179
97,187,180
97,187,180
97,187,180
97,187,180
97,187,179
98,187,180
98,187,180
98,188,181
98,188,181
98,188,181
98,188,181
98,188,181
98,188,181
98,188,181
98,188,181
98,188,181
98,188,181
98,188,181
98,188,181
98,188,181
98,188,181
98,188,181
98,188,181
98,188,181
98,187,180
97,187,180
97,187,180
97,187,180
96,187,179
96,187,179
96,187,179
96,187,179
96,187,179
96,187,179
96,187,179
96,187,179
97,187,179
97,187,179
99,188,180
102,189,181
105,191,182
105,191,182
105,191,182
104,190,181
100,189,180
98,187,180
97,187,179
97,187,179
97,187,179
97,187,180
97,187,180
97,187,180
96,187,179
96,187,179
95,186,179
95,186,179
95,186,179
95,186,179
95,186,179
95,186,179
95,186,178
95,186,178
93,185,178
92,184,177
90,183,176
89,183,175
86,182,175
83,181,174
81,180,173
78,178,171
75,176,169
73,175,169
70,174,168
69,174,167
69,175,167
69,175,167
71,175,168
82,181,173
82,181,173
82,181,173
82,181,173
82,181,173
82,181,173
82,181,173
82,181,173
83,181,174
83,181,174
84,181,175
86,183,176
90,184,177
91,184,177
92,185,177
94,185,178
95,186,179
96,187,179
96,187,179
97,187,180
97,187,180
97,187,180
97,187,180
97,187,180
98,187,180
98,187,180
98,188,181
98,188,181
98,188,181
98,188,181
98,188,181
99,188,180
99,188,180
98,187,180
97,187,179
97,187,179
97,187,179
96,187,179
96,187,179
96,187,179
96,187,179
96,187,179
97,187,180
97,187,180
97,187,180
97,187,180
97,187,180
97,187,180
98,187,180
98,188,181
98,188,181
98,188,181
98,188,181
99,188,180
99,188,180
99,188,180
98,188,181
98,188,181
98,188,181
98,188,181
98,188,181
98,187,180
98,188,180
97,187,180
97,187,180
97,187,180
97,187,180
97,187,180
97,187,180
97,187,180
97,187,180
97,187,180
97,187,179
97,187,179
97,187,179
97,187,179
97,187,179
97,187,179
97,187,179
97,187,179
97,187,179
96,187,179
96,186,180
96,186,180
96,186,179
96,187,179
97,187,180
97,187,180
97,187,179
97,187,179
97,187,180
98,187,180
98,188,181
98,188,181
98,188,181
99,188,180
98,188,181
98,188,181
98,188,181
98,188,181
98,188,181
98,188,181
98,188,181
98,188,181
98,188,181
98,188,181
98,188,181
98,188,181
98,188,181
98,188,181
98,188,181
98,188,181
97,187,180
97,187,180
97,187,180
96,187,179
96,187,179
96,187,179
95,186,179
95,186,179
95,186,179
95,186,178
95,186,178
96,187,179
97,187,179
97,187,179
99,188,180
102,189,181
104,190,181
104,190,181
104,190,181
104,190,181
100,188,181
97,187,180
97,187,180
96,186,180
96,187,179
96,187,179
96,187,179
96,187,179
96,187,179
95,186,179
95,186,179
95,186,179
95,186,179
95,186,179
95,186,179
95,186,179
95,186,178
93,185,178
92,184,177
90,184,176
89,183,175
87,182,175
85,181,174
82,180,173
79,179,172
77,177,171
75,176,169
73,175,168
71,175,168
71,174,168
70,174,168
71,175,168
72,176,168
82,181,173
82,181,173
82,181,173
82,181,173
82,181,173
82,181,173
82,181,173
82,181,173
83,181,174
84,181,175
84,181,175
87,183,175
90,184,177
91,184,177
93,185,178
94,185,178
95,186,179
96,187,179
96,187,179
97,187,180
97,187,180
97,187,180
97,187,180
97,187,180
98,187,180
98,188,181
98,188,181
98,188,181
99,188,180
99,188,180
98,188,180
98,188,180
98,187,180
97,187,179
97,187,179
97,187,179
96,187,179
96,187,179
96,187,179
96,187,179
96,187,179
96,187,179
96,187,179
96,187,179
97,187,180
97,187,180
97,187,180
97,187,180
98,187,180
98,188,181
98,188,181
98,188,181
98,188,181
98,188,180
98,188,180
98,188,180
98,188,180
98,188,181
98,188,181
98,188,180
98,188,180
97,187,180
97,187,180
97,187,180
97,187,180
96,187,179
96,187,179
96,187,179
96,187,179
96,187,179
97,187,180
97,187,180
97,187,179
97,187,179
97,187,179
97,187,179
97,187,179
97,187,179
97,187,179
97,187,179
97,187,179
97,187,179
97,187,180
97,187,180
97,187,179
97,187,180
98,187,180
98,187,180
98,188,180
98,188,181
98,188,181
98,188,181
98,188,181
99,188,180
99,188,180
99,188,180
99,188,180
98,188,181
98,188,181
98,188,181
98,188,181
98,188,181
98,188,181
98,188,181
98,188,181
98,187,180
98,188,181
98,188,181
98,188,181
98,188,181
98,187,180
97,187,180
97,187,180
96,187,179
96,187,179
96,187,179
96,186,180
95,186,179
95,186,179
95,186,179
95,186,178
95,186,178
95,186,179
96,187,179
97,187,179
97,187,179
99,188,180
102,190,181
104,190,181
104,190,181
100,188,181
97,187,180
96,187,179
95,186,179
94,185,179
95,186,179
96,187,179
96,187,179
96,187,179
96,187,179
95,186,179
95,186,179
95,186,179
95,186,179
95,186,179
95,186,179
95,186,179
94,185,177
93,185,178
91,184,177
90,183,176
87,182,176
85,181,174
83,181,174
80,179,172
78,178,171
76,177,170
75,177,169
74,176,169
72,175,168
72,175,168
72,175,168
73,176,169
82,180,173
82,180,173
82,181,173
82,181,173
82,181,173
82,180,174
82,180,174
82,180,174
83,181,174
84,181,175
85,182,175
88,183,176
90,184,177
91,184,177
92,185,177
94,185,178
95,186,178
95,186,179
96,187,179
96,187,180
97,187,180
97,187,180
97,187,180
97,187,180
98,187,180
98,188,181
98,188,181
98,188,181
98,188,181
98,188,180
98,188,180
98,187,180
98,187,180
97,187,179
97,187,179
96,187,179
96,187,179
96,187,179
96,186,180
95,186,179
95,186,179
95,186,179
96,187,179
96,187,179
96,187,179
97,187,180
97,187,180
97,187,180
98,187,180
98,188,181
98,188,181
98,188,180
98,188,180
99,188,180
98,188,180
98,188,180
98,188,180
98,188,181
98,188,180
97,187,180
97,187,180
97,187,180
97,187,180
96,187,179
96,187,179
96,187,179
96,187,179
96,187,179
96,187,179
96,187,179
97,187,180
97,187,180
97,187,180
97,187,179
97,187,179
97,187,179
97,187,179
98,187,180
98,187,180
97,187,179
97,187,179
97,187,179
97,187,180
98,187,180
98,187,180
98,188,181
98,188,181
98,188,181
98,188,181
98,188,181
99,188,180
99,188,180
99,188,180
99,188,180
99,188,180
99,188,180
99,188,180
99,188,180
98,188,181
98,188,181
98,188,181
98,188,181
98,187,180
98,187,180
98,187,180
98,187,180
98,187,180
98,187,180
97,187,180
97,187,180
97,187,180
97,187,180
96,187,179
96,187,179
96,187,179
96,187,179
95,186,179
95,186,179
95,186,179
95,186,178
95,186,178
95,186,179
96,187,179
96,187,179
97,187,179
97,187,179
99,188,180
101,189,181
100,188,181
97,187,179
96,186,180
94,186,178
93,185,179
93,185,179
94,185,179
95,186,179
96,186,180
96,186,180
96,187,179
96,186,180
95,186,179
95,186,179
95,186,179
95,186,179
95,186,179
94,185,178
93,185,178
91,184,177
90,183,176
87,182,176
86,182,175
83,181,174
81,180,173
79,179,171
77,178,171
76,177,170
75,177,169
73,176,168
74,176,169
73,175,169
73,176,169
81,180,173
82,180,172
82,180,172
82,180,172
82,180,172
82,180,174
82,180,174
82,180,174
82,180,174
83,181,174
84,181,175
85,182,175
88,183,176
90,184,177
91,184,177
92,185,177
93,185,178
94,186,178
94,186,178
95,186,179
95,186,179
96,187,180
96,187,180
97,187,180
97,187,180
98,188,180
98,187,180
98,188,181
98,188,181
98,188,180
98,188,180
98,187,180
97,187,179
97,187,179
97,187,180
96,187,179
96,187,179
95,186,179
95,186,179
94,185,179
94,185,179
94,185,179
94,185,179
95,186,179
95,186,179
96,186,180
96,186,179
96,186,179
96,187,179
96,187,179
97,187,179
97,187,179
97,187,179
98,187,180
98,187,180
98,187,180
98,188,180
98,188,180
97,187,180
97,187,180
97,187,180
97,187,180
96,187,179
96,187,179
96,187,179
96,187,179
96,187,179
96,187,179
96,187,179
96,187,179
96,187,179
97,187,180
97,187,180
97,187,180
97,187,179
97,187,179
97,187,179
98,187,180
98,187,180
97,187,179
98,187,180
98,187,180
98,187,181
98,187,181
98,187,180
98,188,181
98,188,181
98,188,180
98,188,181
99,188,180
99,188,180
99,188,180
99,188,180
100,188,181
100,188,181
100,188,181
100,188,181
100,188,181
99,188,180
98,188,180
98,188,180
98,188,180
98,187,180
98,187,180
98,187,180
97,187,180
97,187,180
97,187,180
97,187,180
97,187,180
97,187,180
97,187,180
96,187,179
96,187,179
96,187,179
96,187,179
96,186,179
95,186,179
95,186,179
95,186,179
95,186,179
95,186,179
96,187,179
96,187,180
96,187,180
97,187,180
97,187,179
97,187,179
96,187,179
96,186,179
95,186,179
92,185,178
92,185,178
92,185,178
93,185,179
94,185,179
95,186,179
95,186,179
96,186,180
96,186,180
95,186,179
95,186,179
95,186,179
95,186,179
94,185,178
93,185,178
92,184,177
90,184,177
88,183,175
86,182,175
83,181,174
82,180,173
80,179,172
78,178,171
76,177,170
75,177,169
75,177,169
75,177,169
75,176,169
75,176,169
76,177,170
80,179,172
81,180,173
82,180,172
82,180,172
82,180,173
82,180,173
82,180,173
82,180,173
82,180,174
83,181,174
84,181,175
85,182,175
88,183,176
90,184,177
91,184,177
91,184,177
92,185,177
92,185,178
93,185,179
93,185,179
94,186,178
95,186,179
96,187,179
96,187,179
97,187,180
97,187,179
97,187,180
98,187,180
98,187,180
98,187,180
97,187,179
97,187,179
97,187,179
97,187,179
96,187,179
96,187,179
95,186,179
95,186,179
94,185,179
94,185,179
94,185,179
94,185,179
94,185,179
94,185,179
94,185,179
95,186,178
95,186,178
95,186,179
95,186,179
95,186,179
96,187,179
97,187,179
97,187,179
97,187,179
98,187,180
97,187,180
97,187,180
97,187,180
97,187,180
97,187,180
96,187,179
96,187,179
96,187,179
96,187,179
96,187,179
96,187,179
96,187,179
96,187,179
96,187,179
97,187,180
97,187,180
97,187,180
97,187,180
97,187,180
97,187,180
97,187,179
97,187,179
97,187,179
97,187,179
97,187,179
97,187,180
97,187,180
98,187,181
98,187,180
98,188,181
98,188,181
98,188,181
99,188,180
99,188,180
99,188,180
99,188,180
100,188,181
100,188,181
100,188,181
100,188,181
100,188,181
100,188,181
100,188,180
99,188,180
98,188,180
98,188,180
98,187,180
98,187,180
97,187,180
97,187,180
97,187,179
97,187,179
97,187,179
97,187,179
97,187,180
97,187,180
96,187,179
96,187,179
96,187,179
96,187,179
96,187,179
96,187,179
95,186,179
95,186,179
95,186,179
95,186,179
95,186,179
95,186,179
96,187,180
96,187,180
96,187,179
95,187,179
95,186,179
95,186,178
93,185,179
92,185,178
92,185,178
92,185,178
92,185,178
94,185,179
95,186,179
95,186,179
96,186,180
95,186,179
95,186,179
95,186,179
95,186,179
94,185,178
93,185,178
92,184,177
91,184,176
89,183,176
86,182,175
84,181,174
82,180,173
80,179,172
79,179,171
77,177,171
76,177,170
75,177,169
75,177,169
75,177,169
75,177,170
76,177,170
80,179,172
81,180,173
82,180,172
82,180,172
82,180,172
82,180,172
82,180,173
82,180,173
82,180,174
83,181,174
83,181,174
85,182,175
88,183,176
89,184,176
91,184,177
91,184,177
91,184,177
92,185,178
92,185,178
93,185,179
93,185,179
95,186,179
95,186,179
96,187,180
96,187,180
97,187,180
97,187,179
97,187,179
97,187,179
97,187,179
97,187,179
97,187,179
97,187,179
96,187,179
96,187,179
95,186,179
95,186,179
95,186,179
94,185,179
94,185,179
94,185,179
94,185,179
94,185,178
94,185,179
93,185,179
94,186,178
94,185,179
94,185,179
94,186,178
95,186,179
95,186,179
96,187,179
96,187,179
97,187,179
97,187,180
97,187,180
97,187,180
97,187,180
96,187,179
96,187,179
96,187,179
96,187,179
96,187,179
96,187,179
96,187,179
96,187,179
96,187,179
96,187,179
97,187,180
97,187,180
97,187,180
97,187,180
97,187,180
97,187,180
97,187,180
97,187,179
97,187,179
97,187,180
97,187,180
97,187,180
97,187,180
98,187,181
98,187,180
98,187,180
98,188,181
98,188,181
98,188,180
99,188,180
99,188,180
99,188,180
100,188,180
100,188,181
100,188,181
100,188,181
100,188,181
100,188,181
100,188,180
99,188,180
98,188,180
98,188,180
98,188,180
98,188,180
97,187,179
97,187,179
97,187,179
97,187,179
97,187,179
97,187,179
97,187,179
97,187,180
96,187,179
96,187,179
96,187,179
96,187,179
96,187,179
96,187,179
95,186,179
95,186,179
95,186,179
95,186,179
95,186,179
95,186,179
95,186,179
95,186,179
95,186,179
95,186,178
95,186,178
94,185,178
92,185,178
92,184,178
92,185,178
92,184,178
92,185,178
93,186,178
95,186,179
95,186,179
95,186,179
95,186,179
95,186,179
95,186,179
94,185,177
93,185,178
93,185,178
91,184,176
90,183,177
87,182,176
85,182,174
82,180,173
80,179,172
79,179,171
78,178,171
76,177,170
75,177,170
75,177,169
75,177,169
75,177,169
75,177,170
80,179,172
80,179,172
80,179,172
82,180,172
82,180,172
82,180,172
82,180,172
82,180,173
82,180,173
82,181,174
83,181,174
85,182,175
88,183,176
89,184,176
90,184,177
90,184,177
91,184,177
92,185,178
92,185,178
93,185,179
93,185,179
94,186,178
95,186,179
95,186,179
96,187,180
96,187,179
96,187,179
97,187,179
97,187,179
97,187,179
97,187,179
96,187,179
96,187,179
96,187,179
96,186,179
95,186,179
95,186,179
95,186,178
95,186,178
94,185,178
94,185,178
94,185,178
93,185,179
93,185,179
93,185,179
93,185,179
93,185,179
93,185,179
93,185,179
94,186,178
95,186,179
96,186,180
96,187,179
96,187,179
96,187,179
96,187,179
96,187,179
96,187,179
96,187,179
96,187,179
96,187,179
96,187,179
96,187,179
96,187,179
96,187,179
97,187,179
97,187,179
97,187,180
97,187,180
97,187,180
97,187,180
97,187,180
96,187,179
96,187,179
96,187,179
96,186,180
96,186,180
96,187,179
97,187,180
97,187,180
97,187,180
97,187,180
98,187,180
98,187,180
98,188,180
98,188,180
99,188,180
99,188,180
99,188,180
99,188,180
100,188,180
100,188,181
100,188,181
100,188,181
100,188,181
99,188,180
98,188,180
98,188,180
98,188,180
98,188,180
98,188,180
97,187,179
97,187,179
97,187,179
97,187,179
97,187,179
97,187,179
97,187,180
97,187,180
96,187,179
96,187,179
96,187,179
96,187,179
96,187,179
96,187,179
95,186,179
95,186,179
95,186,179
95,186,179
95,186,179
94,185,179
94,185,179
95,186,179
95,186,178
95,186,178
95,186,178
93,185,178
92,185,178
92,184,178
92,184,178
92,185,178
92,185,178
93,185,179
94,185,179
94,185,179
95,186,179
95,186,179
94,185,178
94,185,178
93,185,178
93,185,178
91,184,177
90,183,177
88,183,175
86,182,175
83,181,174
82,180,172
79,179,172
78,178,171
76,177,170
75,177,169
73,176,169
73,176,169
74,177,170
75,177,169
79,179,171
79,179,172
80,179,172
80,179,172
80,179,172
80,179,172
80,179,172
80,180,173
81,180,173
82,181,174
83,181,174
85,182,175
88,183,176
89,184,176
90,184,177
91,184,177
91,184,177
92,185,178
92,185,178
92,185,178
93,185,179
93,185,179
94,186,178
95,186,179
95,186,179
95,186,179
96,187,179
96,187,179
96,187,179
96,187,179
96,187,179
96,187,179
96,186,179
96,186,179
95,186,179
95,186,179
95,186,179
95,186,178
95,186,178
94,185,178
94,185,178
93,185,179
93,185,179
93,185,179
93,185,179
93,185,179
92,185,178
92,185,178
93,185,179
94,186,178
95,186,179
95,186,179
95,186,179
96,186,180
96,187,179
96,187,179
96,187,179
96,187,179
96,187,179
96,187,179
97,187,180
97,187,180
97,187,180
97,187,179
97,187,179
97,187,179
97,187,179
97,187,180
97,187,180
97,187,180
96,187,179
96,187,179
95,186,179
95,186,179
95,186,179
95,186,179
96,186,180
96,186,180
96,187,179
97,187,180
97,187,180
97,187,180
97,187,179
97,187,179
98,188,180
98,188,180
99,188,180
99,188,180
99,188,180
99,188,180
99,188,180
98,188,180
98,188,180
98,188,180
98,188,180
98,188,180
98,187,180
98,188,180
98,188,180
98,188,180
97,187,179
97,187,179
97,187,179
97,187,179
97,187,179
97,187,179
97,187,180
97,187,180
96,187,179
96,187,179
96,187,179
96,187,179
95,186,179
95,186,179
95,186,179
95,186,179
95,186,179
95,186,179
95,186,179
94,185,179
94,185,179
94,185,179
94,185,179
94,185,178
94,185,177
94,185,177
93,185,179
92,185,178
92,185,178
92,185,178
93,185,179
94,185,178
94,185,178
94,185,178
94,185,179
94,185,178
93,185,178
93,185,177
93,185,178
91,184,177
90,183,177
89,183,176
86,182,175
84,181,174
82,180,172
79,179,172
78,178,171
76,177,170
74,177,170
73,176,169
72,176,168
72,176,168
73,176,169
78,178,172
79,179,171
79,179,172
80,179,171
80,179,171
80,179,171
80,179,172
80,180,173
81,180,173
83,181,174
84,182,175
85,182,175
88,183,176
89,183,177
90,184,177
91,184,177
91,184,177
92,185,178
92,185,178
91,185,178
93,185,179
93,185,179
93,185,179
93,185,179
95,186,179
95,186,179
95,186,179
96,187,179
96,187,179
96,187,179
96,186,180
96,186,179
96,186,179
95,186,179
95,186,179
95,186,179
95,186,179
95,186,179
95,186,178
95,186,178
94,185,178
94,185,178
93,185,179
93,185,179
93,185,179
92,185,178
92,185,178
92,185,178
92,185,178
93,185,179
94,185,179
95,186,179
95,186,179
95,186,179
95,186,179
96,187,179
96,187,179
96,187,179
97,187,180
97,187,180
97,187,179
97,187,179
97,187,179
97,187,179
97,187,179
97,187,179
97,187,179
97,187,180
96,187,179
96,187,179
95,186,179
95,186,179
95,186,179
95,186,179
95,186,179
95,186,179
95,186,179
95,186,179
96,187,179
96,187,179
96,187,179
97,187,179
97,187,179
97,187,179
97,187,179
97,187,179
97,187,179
97,187,179
97,187,179
98,187,180
98,187,180
98,187,180
98,187,180
98,187,180
98,187,180
98,187,180
98,188,180
98,188,180
97,187,179
97,187,179
97,187,179
97,187,179
97,187,179
97,187,179
97,187,179
97,187,180
97,187,180
96,187,179
96,187,179
96,187,179
96,187,179
95,186,179
95,186,179
95,186,179
95,186,179
95,186,179
95,186,179
94,185,179
94,185,178
94,185,178
94,185,178
94,185,178
94,185,177
94,185,177
94,185,177
94,185,178
93,185,178
93,185,178
93,185,178
94,185,178
94,185,178
94,185,178
94,185,178
94,185,178
93,185,178
93,185,178
93,184,178
92,184,177
90,183,177
89,183,176
86,182,175
84,181,173
82,180,172
80,179,171
78,178,171
76,177,169
74,176,169
72,176,168
71,174,168
70,174,168
71,174,168
77,178,171
77,178,171
78,178,172
79,178,171
79,178,171
79,179,171
80,179,171
80,179,172
80,180,173
82,181,173
83,181,174
84,182,175
87,183,176
88,183,176
89,183,177
91,184,176
91,184,177
92,184,177
92,185,178
92,185,178
92,185,178
92,185,178
92,185,178
93,185,179
93,185,179
93,185,179
95,186,179
95,186,179
95,186,179
95,186,179
95,186,179
95,186,179
95,186,179
96,186,180
95,186,179
95,186,179
95,186,179
95,186,179
95,186,179
95,186,179
95,186,178
95,186,178
94,185,178
94,185,178
93,185,179
92,185,178
92,185,178
92,185,178
92,185,178
92,185,178
92,185,178
92,185,178
93,185,179
94,186,178
95,186,179
95,186,179
96,187,179
96,187,179
97,187,180
97,187,180
97,187,179
97,187,179
97,187,179
97,187,179
97,187,179
97,187,179
97,187,180
96,187,179
96,187,179
95,186,179
95,186,179
95,186,179
95,186,179
95,186,179
95,186,179
95,186,179
95,186,179
95,186,179
95,186,179
95,186,179
95,186,179
95,187,179
96,186,179
95,187,179
96,186,179
96,187,179
96,187,179
96,187,179
96,187,179
97,187,179
97,187,179
97,187,179
97,187,179
97,187,179
97,187,179
97,187,179
97,187,179
97,187,179
97,187,179
97,187,179
97,187,179
97,187,179
97,187,179
97,187,179
97,187,180
97,187,180
96,187,179
96,187,179
96,187,179
96,187,179
95,186,179
95,186,179
95,186,179
95,186,179
95,186,179
95,186,179
95,186,179
95,186,179
94,185,178
94,185,178
94,185,178
94,185,178
94,185,178
94,185,177
94,185,177
94,185,178
94,185,178
94,185,178
94,185,178
94,185,178
94,185,178
93,185,178
93,185,178
93,185,178
93,185,178
92,184,177
91,184,177
90,183,177
88,183,176
86,182,174
84,181,174
82,180,172
80,179,171
77,177,170
75,176,169
74,176,169
71,175,167
70,174,168
69,174,167
69,174,168
70,174,168
76,177,170
76,178,170
77,178,171
78,178,171
79,178,171
79,179,171
79,179,171
80,179,172
81,180,173
83,181,174
84,182,175
85,182,175
87,183,176
88,183,176
90,183,176
91,184,177
92,184,177
92,185,177
92,185,178
92,185,178
92,185,178
92,185,178
92,185,178
92,185,178
93,185,179
93,185,179
93,185,179
94,186,178
95,186,179
95,186,179
95,186,179
95,186,179
95,186,179
95,186,179
96,186,180
95,186,179
95,186,179
95,186,179
95,186,179
95,186,179
95,186,179
95,186,178
95,186,178
94,185,178
94,185,178
94,185,178
93,185,178
92,185,178
92,185,178
92,185,178
92,185,178
93,185,179
93,185,179
94,185,179
95,186,179
95,186,179
96,187,179
97,187,180
97,187,180
97,187,179
97,187,179
97,187,179
97,187,179
97,187,179
97,187,180
96,187,179
96,187,179
96,187,179
96,187,179
95,186,179
95,186,179
95,186,179
95,186,179
95,186,179
95,186,179
95,186,178
95,186,178
95,186,178
95,186,178
94,186,178
94,186,178
94,186,178
94,186,178
94,186,178
94,186,178
95,186,178
95,186,178
95,186,178
95,186,178
95,186,178
95,186,178
96,187,179
96,187,179
96,187,179
96,187,179
96,187,179
97,187,179
97,187,179
97,187,179
97,187,179
97,187,180
97,187,180
97,187,180
97,187,180
96,187,179
96,187,179
96,187,179
96,187,179
95,186,179
95,186,179
95,186,179
95,186,179
95,186,179
95,186,179
95,186,179
95,186,179
95,186,179
95,186,179
94,185,178
94,185,178
94,185,178
94,185,178
94,185,178
94,185,178
94,185,178
94,185,178
94,185,178
94,185,178
94,185,178
94,185,178
93,185,178
93,185,178
93,185,178
92,184,177
91,184,177
90,183,176
88,183,176
86,182,174
84,181,174
82,180,173
79,179,171
77,177,170
75,176,169
73,176,168
71,175,167
70,174,167
68,173,166
67,173,166
68,173,167
74,177,170
75,177,169
76,178,170
78,178,171
79,179,171
79,179,171
80,179,172
82,180,173
83,181,174
84,182,175
85,182,175
86,183,176
88,183,176
89,183,176
91,184,177
91,184,177
92,185,177
92,185,177
92,185,177
92,185,178
92,185,178
92,185,178
92,185,178
93,185,179
93,185,179
93,185,178
93,186,179
94,186,178
94,186,178
95,186,179
95,186,179
95,186,179
95,186,179
95,186,179
95,186,179
96,187,179
96,187,179
96,187,179
96,187,179
96,186,179
95,186,179
95,186,179
95,186,178
95,186,178
95,186,178
95,186,178
93,185,178
93,185,178
92,185,178
92,185,178
93,185,179
93,185,179
94,185,179
95,186,179
95,186,179
96,186,180
96,187,179
97,187,180
97,187,179
97,187,180
97,187,180
97,187,180
97,187,180
96,187,179
96,187,179
96,187,179
96,187,179
96,187,179
95,186,179
95,186,179
95,186,179
95,186,179
95,186,179
95,186,178
95,186,178
95,186,178
94,185,178
94,185,178
94,186,178
93,185,179
92,185,178
92,185,177
92,185,177
92,185,177
92,185,177
93,185,178
93,185,179
93,185,179
93,185,179
93,185,179
94,185,179
95,186,179
95,186,179
95,186,179
95,186,179
96,186,180
96,186,180
96,187,179
97,187,180
97,187,180
97,187,180
97,187,180
96,187,179
96,187,179
96,187,179
96,187,179
95,186,179
95,186,179
95,186,179
95,186,179
95,186,179
95,186,179
95,186,179
95,186,179
95,186,179
95,186,179
95,186,179
95,186,179
95,186,179
95,186,179
95,186,179
95,186,179
95,186,179
95,186,179
94,185,179
94,185,178
94,185,178
94,185,178
93,186,178
92,185,178
92,184,177
92,184,177
91,184,177
90,183,176
88,183,176
86,182,174
84,181,174
82,180,172
79,179,172
76,177,170
74,176,169
73,176,168
71,174,168
70,174,167
67,173,166
66,173,166
67,173,166
73,176,169
74,177,170
76,177,170
77,178,171
79,179,171
80,179,172
81,180,173
83,181,173
84,182,175
85,182,175
86,183,176
88,183,176
88,183,176
89,184,176
91,184,177
92,185,177
92,185,177
92,185,177
92,185,177
92,185,177
92,185,178
92,185,178
92,185,178
92,185,178
93,185,178
93,185,178
93,186,179
94,186,178
94,186,178
95,186,179
95,186,179
95,186,179
95,186,179
96,187,179
96,187,179
96,187,179
96,187,179
96,187,179
96,187,179
96,187,179
96,187,179
95,186,179
95,186,179
95,186,178
95,186,178
95,186,178
95,186,178
94,185,178
93,185,179
93,186,178
93,186,178
94,185,179
94,185,179
95,186,179
95,186,179
96,186,180
96,187,179
96,187,179
96,187,179
96,187,179
96,187,179
96,187,179
96,187,179
96,187,179
96,187,179
96,187,179
96,186,180
95,186,179
95,186,179
95,186,179
95,186,179
95,186,178
95,186,178
95,186,178
95,186,178
94,185,178
94,185,178
94,185,178
93,185,179
92,184,178
92,184,177
92,184,177
92,185,177
92,185,177
92,185,177
92,185,178
93,185,179
93,185,179
93,185,179
93,186,178
93,186,178
94,185,179
94,185,179
95,186,179
95,186,179
95,186,179
95,186,179
96,187,179
96,187,179
96,187,179
96,187,179
96,187,179
96,187,179
96,187,179
95,186,179
95,186,179
95,186,179
95,186,179
95,186,179
95,186,179
95,186,179
95,186,179
95,186,179
95,186,179
95,186,179
95,186,179
95,186,179
95,186,179
95,186,179
95,186,179
95,186,179
95,186,179
95,186,179
95,186,178
94,185,178
94,185,178
94,185,178
92,185,177
92,184,177
92,184,177
91,184,176
90,183,176
88,183,175
86,182,174
84,181,174
82,180,172
79,179,171
76,177,170
73,176,169
71,175,168
70,174,167
68,173,165
66,173,166
66,172,166
66,173,166
72,176,168
74,177,170
77,178,171
78,179,172
79,179,172
81,180,173
83,181,173
84,181,174
85,182,175
85,182,175
86,183,176
88,183,176
89,184,176
90,184,177
91,184,177
92,185,177
92,184,177
92,185,177
92,185,177
92,185,177
92,185,177
92,185,178
92,185,178
92,185,178
93,185,178
93,185,178
93,185,179
94,186,178
95,186,179
95,186,179
95,186,179
95,186,179
96,187,179
96,187,179
96,187,179
96,187,179
96,187,179
96,187,179
96,187,179
97,187,179
96,187,179
96,186,179
95,186,179
95,186,179
95,186,178
95,186,178
95,186,178
94,185,178
94,185,179
94,185,179
94,185,179
94,185,179
94,185,179
95,186,179
95,186,179
95,186,179
95,186,179
95,186,179
95,186,179
95,186,179
95,186,179
95,186,179
95,186,179
95,186,179
95,186,179
95,186,179
95,186,179
95,186,179
95,186,179
95,186,179
95,186,179
95,186,178
95,186,178
95,186,178
94,185,178
94,185,178
94,185,178
93,185,179
92,184,178
92,184,178
92,184,178
92,185,178
92,185,177
92,185,177
92,185,178
92,185,178
92,185,178
92,185,178
92,185,178
93,185,179
93,186,178
93,186,178
94,185,179
95,186,179
95,186,179
95,186,179
95,186,179
95,187,180
96,187,179
96,187,179
96,187,179
96,187,179
95,186,179
95,186,179
95,186,179
95,186,179
95,186,179
95,186,179
95,186,179
95,186,179
95,186,179
95,186,179
95,186,179
95,186,179
95,186,179
95,186,179
95,186,179
95,186,179
95,186,179
95,186,179
95,186,179
95,186,179
95,186,178
95,186,178
94,185,178
92,185,177
92,184,177
91,184,177
90,184,177
90,183,176
88,183,175
86,182,174
84,181,174
80,179,172
79,179,171
76,177,170
73,176,169
70,174,168
68,173,166
66,173,166
65,172,165
65,172,166
65,172,166
73,176,170
75,177,170
77,178,171
79,179,172
81,180,173
82,181,173
83,181,174
85,182,175
85,182,175
86,183,176
87,183,176
88,183,176
89,184,177
90,184,177
91,184,177
92,184,177
92,185,177
92,185,177
93,185,178
93,185,178
93,185,178
92,185,178
93,185,179
93,185,179
93,185,179
93,185,179
94,186,178
94,186,178
95,186,179
95,186,179
95,186,179
95,186,179
95,186,179
96,187,179
96,187,179
96,187,179
96,187,179
96,187,179
97,187,179
96,187,179
96,187,179
96,186,179
95,186,179
95,186,179
95,186,179
95,186,178
95,186,178
95,186,178
94,185,179
94,185,179
94,185,179
94,185,179
94,185,179
94,185,179
95,186,179
95,186,179
95,186,179
95,186,179
95,186,179
95,186,179
95,186,179
95,186,179
95,186,179
95,186,179
95,186,179
95,186,179
95,186,179
95,186,179
95,186,179
95,186,179
95,186,178
95,186,178
95,186,178
94,185,178
94,185,178
94,185,178
94,185,178
93,185,178
93,185,178
93,185,178
93,185,178
93,185,178
93,185,178
93,185,178
93,185,178
92,184,178
92,184,178
92,184,178
92,185,178
93,185,179
93,185,179
93,185,179
93,186,178
94,185,179
95,186,179
95,186,179
95,186,179
95,186,179
95,186,179
95,186,179
95,186,179
95,186,179
95,186,179
95,186,179
95,186,179
95,186,179
95,186,179
95,186,179
95,186,179
95,186,179
95,186,179
95,186,179
95,186,179
95,186,179
95,186,179
95,186,179
95,186,179
95,186,179
95,186,179
95,186,179
95,186,178
95,186,178
95,186,178
92,185,177
92,184,177
91,184,177
90,184,177
89,183,176
87,182,176
85,182,174
83,181,173
80,179,172
78,178,171
75,177,170
73,176,169
70,174,168
68,173,166
66,173,166
64,172,164
64,172,165
64,172,165
74,177,170
77,178,171
79,179,171
80,180,172
82,181,173
83,181,173
84,181,175
85,182,175
85,182,175
86,183,176
87,183,176
88,183,176
89,184,176
91,184,177
92,185,177
92,185,177
92,185,177
93,185,178
93,185,178
93,185,178
93,185,178
93,185,178
93,185,178
93,185,179
93,186,178
94,185,179
95,186,179
95,186,179
95,186,179
95,186,179
95,186,179
95,186,179
95,186,179
96,186,180
96,187,179
96,187,179
96,187,179
96,187,179
96,187,179
96,187,179
96,187,179
96,186,180
95,186,179
95,186,179
95,186,179
95,186,179
95,186,178
95,186,179
94,185,179
94,185,179
94,185,179
93,185,179
93,185,179
93,185,179
93,186,178
94,185,179
95,186,179
95,186,179
95,186,179
95,186,179
94,185,179
94,185,179
94,185,179
95,186,178
95,186,178
95,186,179
95,186,179
95,186,179
95,186,178
95,186,178
95,186,178
95,186,178
95,186,178
95,186,178
95,186,178
95,186,179
94,185,178
94,185,178
94,185,177
94,185,177
94,185,177
94,185,177
93,185,178
93,185,178
92,185,177
92,185,178
92,184,178
92,185,178
92,185,178
93,185,179
93,185,179
93,185,179
93,186,178
94,186,178
95,186,179
95,186,178
95,186,178
95,186,179
95,186,179
95,186,179
95,186,179
95,186,179
95,186,179
95,186,179
95,186,179
95,186,179
95,186,179
95,186,179
95,186,179
95,186,179
95,186,179
95,186,179
95,186,179
95,186,179
95,186,179
95,186,179
95,186,179
95,186,179
95,186,179
95,186,178
95,186,178
93,185,178
92,185,177
91,184,177
90,183,176
89,183,176
86,182,175
85,181,174
82,180,173
80,179,172
78,178,171
75,177,170
73,175,169
70,174,168
68,173,166
65,172,165
64,172,164
63,171,165
64,172,165
76,177,171
79,179,171
80,180,172
82,180,173
83,181,174
84,181,175
85,182,175
85,182,175
85,182,175
86,183,176
87,183,176
88,183,176
89,184,176
91,184,177
92,185,177
92,185,177
92,185,177
93,185,178
93,185,178
93,185,178
93,185,178
93,185,178
93,185,178
93,186,178
94,185,179
95,186,179
95,186,179
95,186,179
95,186,179
95,186,179
95,186,179
95,186,179
95,186,179
95,186,179
96,187,179
96,187,179
96,187,179
96,187,179
96,187,179
96,187,179
96,187,179
96,186,180
95,186,179
95,186,179
95,186,179
95,186,179
95,186,179
94,185,179
94,185,179
93,185,179
92,185,178
92,185,178
92,185,178
92,185,178
93,185,179
93,185,179
93,186,178
93,186,178
93,186,178
93,185,179
93,185,179
93,185,179
94,185,179
94,185,178
95,186,178
95,186,179
95,186,179
95,186,178
95,186,178
95,186,178
95,186,178
95,186,178
95,186,179
95,186,179
95,186,179
95,186,179
95,186,179
94,185,177
94,185,177
94,185,177
94,185,177
94,185,177
94,185,177
93,185,178
92,185,177
92,185,178
92,185,178
92,185,178
93,185,179
93,185,179
93,185,179
93,185,179
93,185,179
94,186,178
95,186,178
95,186,178
95,186,179
95,186,179
95,186,179
95,186,179
95,186,179
95,186,179
95,186,179
95,186,179
95,186,179
95,186,179
95,186,179
95,186,179
95,186,179
95,186,179
95,186,179
95,186,179
95,186,179
95,186,179
95,186,179
95,186,179
94,185,178
94,185,178
95,186,178
94,185,178
92,185,177
91,184,177
90,183,176
89,183,176
86,182,175
84,181,174
82,180,173
79,179,172
78,178,171
75,176,169
73,175,168
70,174,167
68,172,166
67,172,165
63,172,164
63,171,163
63,171,164
79,179,171
80,180,172
82,180,172
83,181,174
84,181,175
84,181,175
85,182,175
85,182,175
85,182,175
86,183,176
87,183,176
88,183,176
89,184,176
91,184,177
92,185,177
92,185,177
93,185,178
93,185,178
93,185,178
93,185,178
93,185,178
94,185,178
94,185,177
94,185,179
95,186,179
95,186,179
95,186,179
95,186,179
95,186,179
95,186,179
95,186,179
95,186,179
95,186,179
95,186,179
96,187,179
96,187,179
96,187,179
96,187,179
96,187,179
96,187,179
96,187,179
96,187,179
95,186,179
95,186,179
95,186,179
95,186,178
94,185,178
94,185,178
93,185,179
92,185,178
92,185,178
92,184,178
92,184,177
92,184,177
92,184,177
92,184,178
92,185,178
92,185,178
92,185,178
92,185,178
92,185,178
92,185,178
93,185,178
94,185,178
94,185,178
95,186,178
95,186,178
95,186,178
95,186,178
95,186,178
95,186,178
95,186,179
95,186,179
95,186,179
95,186,179
95,186,179
95,186,178
95,186,178
95,186,178
95,186,178
94,185,178
94,185,177
94,185,177
94,185,178
92,185,178
92,185,178
92,185,178
93,185,179
93,185,179
93,185,179
93,185,179
93,185,179
94,186,178
95,186,178
95,186,178
95,186,179
95,186,179
95,186,179
95,186,179
95,186,179
95,186,179
95,186,179
95,186,179
95,186,179
95,186,179
95,186,179
95,186,179
95,186,179
95,186,179
95,186,179
95,186,179
95,186,179
95,186,179
95,186,179
94,185,178
94,185,178
94,185,178
93,185,178
92,185,177
91,184,177
90,183,176
88,183,175
86,182,175
84,181,174
82,180,172
79,179,172
77,178,171
75,177,169
72,176,168
70,174,167
68,172,166
67,172,165
64,172,164
63,171,164
63,171,163
80,179,172
82,180,172
83,181,174
84,181,175
84,181,175
84,181,175
85,182,175
85,182,175
85,182,175
85,182,175
87,183,176
88,183,176
89,184,176
91,184,177
92,185,177
93,185,178
93,185,178
93,185,178
93,185,178
94,185,178
94,185,177
94,185,178
95,186,178
95,186,178
95,186,179
95,186,179
95,186,179
95,186,179
95,186,179
95,186,179
95,186,179
95,186,179
95,186,179
96,186,180
96,187,179
96,187,179
96,187,179
96,187,179
96,187,179
96,187,179
96,187,179
96,187,179
95,186,179
95,186,179
95,186,178
94,185,178
94,185,178
93,185,178
92,185,178
92,185,177
92,184,177
92,184,177
92,184,177
91,184,177
91,184,177
90,184,178
90,184,178
90,184,178
91,185,177
92,185,178
92,185,178
92,185,178
93,185,178
94,185,178
94,185,178
94,185,178
95,186,178
95,186,178
95,186,178
95,186,179
95,186,179
95,186,179
95,186,179
95,186,179
95,186,178
95,186,178
95,186,178
95,186,178
95,186,178
95,186,178
95,186,178
94,185,178
94,185,178
93,186,178
93,186,178
93,186,178
93,185,179
93,185,179
93,185,179
94,185,179
94,185,179
95,186,179
95,186,179
95,186,179
95,186,179
95,186,179
95,186,179
95,186,179
95,186,179
95,186,179
95,186,179
95,186,179
95,186,179
95,186,179
95,186,179
95,186,179
95,186,179
95,186,179
95,186,179
95,186,179
95,186,179
95,186,179
95,186,179
94,185,178
94,185,178
93,185,178
92,185,178
91,184,177
90,183,176
88,183,175
86,182,174
84,180,174
82,180,173
79,179,172
76,178,170
75,177,169
72,175,168
70,174,168
68,173,166
67,172,165
64,172,164
63,171,164
62,171,164
83,180,173
84,181,174
84,181,175
84,181,175
84,181,175
84,181,175
85,182,175
85,182,175
85,182,175
86,183,176
88,183,176
88,183,175
91,184,177
91,184,177
92,185,177
93,185,178
93,185,178
94,185,178
94,185,177
94,185,178
95,186,178
95,186,178
95,186,178
95,186,178
95,186,178
95,186,179
95,186,179
94,185,179
94,185,179
95,186,179
95,186,179
95,186,179
96,186,180
96,187,179
96,187,179
96,187,179
96,187,179
96,187,179
96,187,179
96,187,179
96,187,179
95,186,179
95,186,178
94,185,178
94,185,177
93,185,178
92,185,177
92,185,177
92,184,177
92,184,177
91,184,177
91,184,177
90,184,177
90,184,177
90,184,177
90,184,177
90,184,177
91,185,177
92,185,178
92,185,178
92,185,178
93,185,178
93,185,178
94,185,178
94,185,178
95,186,178
95,186,178
95,186,179
95,186,179
95,186,179
95,186,179
95,186,179
95,186,178
95,186,178
95,186,178
95,186,178
95,186,178
95,186,178
95,186,178
95,186,178
95,186,178
95,186,179
95,186,179
95,186,179
95,186,179
95,186,179
95,186,179
95,186,179
95,186,179
95,186,179
95,186,179
96,187,179
96,187,179
96,187,179
96,187,179
96,187,179
96,187,179
96,187,179
96,187,179
96,187,179
96,187,179
96,187,179
96,187,179
96,187,179
95,186,179
95,186,179
95,186,179
95,186,179
95,186,179
95,186,179
95,186,179
94,185,178
93,185,179
92,185,178
91,184,177
90,183,176
88,183,175
86,182,175
84,180,174
82,180,173
79,179,172
76,178,170
75,177,170
72,175,168
69,174,167
68,173,166
66,173,166
64,172,164
63,171,163
84,181,174
84,181,175
84,181,175
84,181,175
84,181,175
84,181,175
84,181,175
85,182,175
85,182,175
86,182,175
88,183,176
88,183,175
90,184,177
91,184,177
92,184,177
92,185,177
93,185,178
94,185,177
94,185,177
94,185,178
94,185,178
95,186,178
95,186,178
95,186,178
95,186,179
95,186,179
94,185,179
94,185,179
95,186,179
95,186,179
95,186,179
95,186,179
96,187,179
96,187,179
96,187,179
96,187,179
96,187,179
96,187,179
96,187,179
96,187,179
95,186,179
95,186,178
94,185,178
94,185,177
94,185,177
93,185,178
93,185,178
92,185,177
91,184,177
91,184,177
91,184,177
90,184,177
90,184,177
90,184,177
90,184,177
90,184,177
91,184,177
91,184,177
92,184,178
92,185,178
92,185,178
93,185,178
93,185,178
94,185,178
94,185,178
95,186,178
95,186,178
95,186,178
95,186,178
95,186,178
95,186,178
95,186,178
95,186,178
95,186,178
95,186,179
95,186,179
95,186,179
95,186,179
95,186,179
95,186,179
95,186,179
95,186,179
95,186,179
95,186,179
95,186,179
95,186,179
95,186,179
96,187,179
96,187,179
96,187,179
96,187,179
97,187,179
97,187,179
97,187,179
97,187,179
97,187,179
96,187,179
96,187,179
96,187,179
96,187,179
96,187,179
96,187,179
96,187,179
96,187,179
95,186,179
95,186,179
95,186,179
95,186,179
95,186,179
93,186,178
93,185,179
92,184,178
91,184,177
90,183,177
88,183,175
86,182,175
84,180,174
82,180,173
79,179,172
77,177,171
75,177,169
72,175,168
70,174,167
68,174,166
66,173,166
65,172,165
64,172,164
84,181,174
84,181,175
84,181,175
84,181,175
84,181,175
84,181,175
84,181,175
85,182,175
85,182,175
86,182,175
87,183,176
88,183,175
90,184,177
91,184,177
92,184,177
92,185,177
93,185,178
93,185,178
94,185,177
94,185,178
95,186,178
95,186,178
95,186,178
95,186,178
94,185,179
94,185,179
94,185,179
95,186,179
95,186,179
95,186,179
95,186,179
95,186,179
96,187,179
96,187,179
96,187,179
96,187,179
96,187,179
96,187,179
96,187,179
95,186,179
95,186,178
95,186,178
94,185,178
94,185,177
94,185,177
94,185,177
93,185,178
92,185,177
91,184,177
91,184,177
91,184,177
90,184,178
90,184,177
90,184,177
90,184,177
91,184,177
92,185,178
92,184,178
92,184,178
92,185,178
92,185,178
92,185,178
92,185,178
93,185,179
94,185,178
94,185,178
94,185,178
94,185,178
95,186,178
95,186,178
95,186,178
95,186,178
95,186,178
95,186,179
95,186,179
95,186,179
95,186,179
95,186,179
95,186,179
96,187,179
96,187,179
96,187,179
96,187,179
96,187,179
96,187,179
96,187,179
96,187,179
96,187,179
96,187,179
96,187,179
97,187,179
97,187,179
97,187,179
97,187,179
97,187,179
96,187,179
96,187,179
96,187,179
96,187,179
96,187,179
96,187,179
96,187,179
96,187,179
95,186,179
95,186,179
95,186,179
95,186,178
93,186,178
93,185,179
92,184,178
91,184,177
90,183,177
88,183,175
86,182,175
84,181,174
82,180,173
79,179,172
77,177,171
75,177,170
72,176,168
70,174,168
68,174,166
67,172,165
65,172,165
65,172,165
84,181,174
84,181,175
84,181,175
84,181,175
84,181,175
84,181,175
84,181,175
84,181,175
85,182,175
86,182,175
87,183,176
88,183,175
90,184,177
91,184,177
91,184,177
92,184,177
92,185,177
93,185,178
94,185,177
94,185,178
95,186,178
95,186,178
95,186,178
94,185,179
94,185,179
94,185,179
94,185,179
95,186,179
95,186,179
95,186,179
95,186,179
95,186,179
96,187,179
96,187,179
96,187,179
96,187,179
96,187,179
96,186,180
95,186,179
95,186,179
95,186,178
95,186,178
94,185,178
94,185,177
94,185,177
94,185,178
93,185,178
92,185,177
92,185,177
92,185,178
91,184,177
91,185,177
91,184,177
91,184,177
92,185,177
92,184,177
92,184,178
92,185,178
92,185,178
92,185,178
92,185,178
92,185,178
92,185,178
93,185,179
94,185,178
94,185,178
94,185,178
94,185,178
95,186,178
95,186,178
95,186,178
95,186,179
95,186,179
95,186,179
95,186,179
95,186,179
96,187,179
96,187,179
96,187,179
96,187,179
96,187,179
96,187,179
96,187,179
96,187,179
96,187,179
96,187,179
96,187,179
96,187,179
96,187,179
97,187,179
97,187,179
97,187,179
97,187,179
97,187,179
97,187,179
96,187,179
96,187,179
96,187,179
96,187,179
96,187,179
95,186,179
95,186,179
95,186,179
95,186,178
95,186,178
93,185,178
92,185,177
91,184,177
90,184,178
89,183,177
87,183,176
86,182,174
84,181,174
82,180,172
79,179,172
77,177,171
75,177,170
73,176,169
71,175,168
70,174,167
67,173,166
66,172,166
65,172,165
83,180,174
83,180,174
83,181,174
83,181,174
83,181,174
84,181,175
84,181,175
84,181,175
85,182,175
86,182,175
87,183,176
88,183,176
90,184,177
91,184,177
91,184,177
91,184,177
92,185,177
93,185,178
94,185,177
94,185,177
94,185,178
94,185,178
94,185,178
94,185,179
94,185,179
94,185,179
94,185,179
95,186,179
95,186,179
95,186,179
95,186,179
95,186,179
95,186,179
95,186,179
95,186,179
95,186,179
95,186,179
95,186,179
95,186,179
95,186,178
95,186,178
95,186,178
95,186,178
95,186,178
94,185,178
94,185,178
93,185,178
93,185,178
92,185,177
92,185,178
92,185,177
92,185,177
92,185,177
92,185,177
92,185,177
93,185,178
92,185,178
92,185,178
92,185,178
92,185,178
92,185,178
92,185,178
93,185,179
94,185,178
94,185,178
94,185,178
94,185,178
95,186,178
95,186,178
95,186,178
95,186,179
95,186,179
95,186,179
96,187,179
96,187,179
96,187,179
96,187,179
96,187,179
96,187,179
96,187,179
96,187,179
96,187,179
96,187,179
96,187,179
96,187,179
96,187,179
96,187,179
96,187,179
96,187,179
96,187,179
96,187,179
97,187,179
96,187,179
96,187,179
96,187,179
96,187,179
96,187,179
95,186,179
95,186,179
95,186,179
95,186,179
95,186,178
94,185,178
92,185,177
92,184,177
90,184,177
90,183,176
88,183,176
87,182,176
86,182,175
83,180,173
81,180,173
79,179,172
77,177,171
75,177,170
73,176,169
71,175,168
69,174,167
67,173,166
66,173,166
65,172,165
82,180,174
82,180,174
82,180,174
82,180,174
83,181,174
84,181,175
84,181,175
85,182,175
86,182,175
87,183,176
88,183,176
89,184,176
91,184,177
91,184,177
91,184,177
92,184,177
93,185,178
94,185,177
94,185,177
94,185,177
94,185,177
94,185,178
93,185,179
93,185,179
93,186,178
94,185,179
95,186,179
95,186,179
95,186,179
95,186,179
95,186,179
95,186,179
95,186,179
95,186,179
95,186,179
95,186,179
95,186,179
95,186,179
95,186,179
95,186,178
95,186,178
95,186,178
95,186,178
95,186,178
95,186,178
94,186,178
94,186,178
93,185,178
94,185,178
94,185,178
94,185,178
94,185,178
94,185,177
93,185,178
93,185,178
92,185,177
92,185,178
92,185,178
92,185,178
92,185,178
93,185,179
94,185,178
94,185,178
94,185,178
95,186,178
95,186,178
95,186,178
95,186,179
95,186,179
95,186,179
96,187,179
96,187,179
96,187,179
96,187,179
96,187,179
96,187,179
97,187,180
97,187,180
97,187,180
97,187,180
96,187,179
96,187,179
96,187,179
96,187,179
96,187,179
96,187,179
96,187,179
96,187,179
96,187,179
96,187,179
96,187,179
96,187,179
96,186,180
95,186,179
95,186,179
95,186,179
95,186,179
95,186,179
95,186,179
93,185,178
92,184,177
91,184,176
90,183,176
88,183,176
88,183,176
86,182,175
85,182,175
83,180,173
80,179,172
79,179,171
77,177,171
74,176,170
73,176,169
71,175,168
69,174,167
68,173,166
66,173,166
82,180,174
82,180,174
82,180,174
82,180,173
83,180,174
83,181,174
84,181,175
85,182,175
86,182,175
87,183,176
88,183,176
89,184,176
91,184,177
91,184,177
91,184,177
92,184,177
93,185,178
93,185,178
93,185,178
93,185,178
93,185,178
93,185,178
93,185,178
93,185,179
93,185,179
93,186,178
93,185,179
93,185,179
93,185,179
94,186,178
94,186,178
95,186,179
95,186,179
95,186,179
95,186,179
95,186,179
95,186,179
95,186,179
95,186,179
95,186,179
95,186,178
95,186,178
95,186,179
95,186,179
95,186,179
95,186,179
95,186,178
95,186,178
95,186,178
95,186,178
95,186,178
95,186,178
94,185,177
94,185,177
94,185,178
93,186,178
94,185,179
94,185,179
94,185,179
94,185,179
94,185,179
95,186,178
95,186,178
95,186,178
95,186,178
95,186,178
95,186,179
95,186,179
96,187,179
96,187,179
96,187,179
96,187,179
96,187,179
96,187,179
96,187,179
97,187,180
97,187,179
97,187,179
97,187,179
97,187,180
96,187,179
96,187,179
96,187,179
96,187,179
96,186,180
95,186,179
95,186,179
95,186,179
96,186,180
96,186,180
95,186,179
95,186,179
95,186,179
95,186,179
95,186,179
94,185,179
94,185,179
92,185,178
91,184,177
91,184,176
90,183,176
88,183,176
87,183,175
86,182,175
85,182,174
83,180,173
80,179,172
79,179,171
77,177,171
74,176,170
73,175,169
70,175,168
69,174,167
68,173,166
66,173,166
82,180,172
82,180,173
82,180,173
83,180,173
83,181,174
84,182,175
85,182,175
86,182,175
87,183,176
88,183,176
88,183,176
90,184,177
91,184,177
91,184,177
92,184,177
93,185,178
93,185,178
93,185,178
93,185,178
93,185,178
92,185,178
92,185,178
92,185,178
92,185,178
92,185,178
93,185,179
93,185,179
93,185,179
93,185,179
93,185,179
93,186,178
94,185,179
94,185,179
94,185,179
94,185,179
95,186,179
95,186,179
95,186,179
95,186,179
95,186,179
95,186,179
95,186,179
95,186,179
95,186,179
95,186,179
95,186,179
95,186,179
95,186,179
95,186,179
95,186,178
95,186,178
95,186,178
95,186,179
95,186,179
95,186,179
95,186,179
95,186,179
95,186,179
95,186,179
95,186,179
95,186,179
95,186,179
95,186,179
95,186,179
95,186,179
96,187,179
96,187,179
96,187,179
96,187,179
96,187,179
96,187,179
96,187,179
96,187,179
97,187,180
97,187,180
97,187,179
97,187,180
96,187,179
96,187,179
96,187,179
96,187,179
95,186,179
95,186,179
95,186,179
95,186,179
95,186,179
95,186,179
95,186,179
95,186,179
95,186,179
95,186,178
94,185,178
93,185,179
93,185,179
91,184,177
90,184,177
89,184,176
89,183,176
88,183,176
87,182,175
86,182,174
84,181,174
83,180,173
80,179,172
79,179,171
77,177,171
74,176,170
73,175,169
71,174,168
69,174,167
67,173,166
82,180,172
82,180,172
82,180,173
82,181,173
83,181,174
84,182,175
85,182,175
86,182,175
87,183,176
87,183,176
88,183,176
89,184,177
91,184,177
91,184,177
92,184,177
92,185,177
92,185,177
92,185,177
92,185,177
92,185,177
92,185,178
92,185,178
92,185,178
92,185,178
92,185,178
91,185,178
92,185,178
92,185,178
92,185,178
93,185,179
93,185,179
93,186,178
93,186,178
94,185,179
95,186,179
95,186,179
95,186,179
95,186,179
95,186,179
95,186,179
95,186,179
95,186,179
96,187,179
96,187,179
96,187,179
96,187,179
96,187,179
95,186,179
95,186,179
95,186,179
95,186,179
95,186,179
95,186,179
95,186,179
95,186,179
95,186,179
95,186,179
95,186,179
95,186,179
95,186,179
96,187,179
96,187,179
96,187,179
96,187,179
96,187,179
96,187,179
96,187,179
96,187,179
96,187,179
96,187,179
96,187,179
96,187,179
97,187,180
97,187,180
96,187,179
96,187,179
96,187,179
96,187,179
96,187,179
95,186,179
95,186,179
95,186,179
95,186,179
95,186,179
95,186,179
95,186,179
95,186,179
95,186,179
94,185,178
94,185,178
93,185,178
92,185,177
91,184,177
90,184,177
89,184,176
88,183,175
88,183,176
87,182,175
85,182,174
84,181,174
83,180,173
80,179,172
79,179,171
77,177,171
74,176,170
73,175,169
70,174,168
69,174,167
67,173,166
82,180,172
82,181,173
83,181,173
84,181,174
85,182,175
85,182,175
86,182,175
87,183,176
87,183,176
88,183,176
89,184,177
91,184,177
91,184,177
92,184,177
92,185,177
92,185,177
92,184,177
92,184,177
92,184,177
92,184,178
92,184,178
92,185,178
91,185,178
91,185,178
91,185,178
92,185,178
92,185,178
92,185,178
93,185,179
93,185,179
93,186,178
94,185,179
94,185,179
95,186,179
95,186,179
95,186,179
95,186,179
95,186,179
95,186,179
95,186,179
96,187,179
96,187,179
96,187,179
96,187,179
96,187,179
96,187,179
96,187,179
96,187,179
96,187,179
95,186,179
95,186,179
95,186,179
95,186,179
95,186,179
96,187,179
96,187,179
96,187,179
96,187,179
96,187,179
96,187,179
96,187,179
96,187,179
96,187,179
96,187,179
96,187,179
96,187,179
96,187,179
96,187,179
96,187,179
96,187,179
96,187,179
96,187,179
96,187,179
96,187,179
96,187,179
96,187,179
95,186,179
95,186,179
95,186,179
95,186,179
95,186,179
95,186,179
95,186,179
95,186,179
95,186,179
93,186,178
93,185,178
92,185,177
91,184,177
90,184,177
89,183,177
88,183,176
88,183,176
87,183,175
85,182,174
85,182,174
84,181,174
82,180,173
80,179,172
79,179,171
77,177,171
75,176,169
73,175,169
70,174,168
69,174,167
82,181,173
82,181,173
83,181,174
84,181,174
85,182,175
85,182,175
86,182,175
86,183,176
87,183,176
88,183,176
89,184,176
90,184,177
91,184,177
91,184,177
91,184,177
91,184,177
92,184,177
92,184,177
92,184,177
92,184,177
92,184,178
92,185,178
91,185,178
91,185,178
92,185,178
92,185,178
92,185,178
92,185,178
93,185,179
93,185,178
94,185,178
94,185,178
95,186,178
95,186,179
95,186,179
95,186,179
95,186,179
95,186,179
96,187,179
96,187,179
96,187,179
96,187,179
96,187,179
96,187,179
96,187,179
97,187,180
96,187,179
96,187,179
96,187,179
96,187,179
96,187,179
96,187,179
96,187,179
96,187,179
96,187,179
96,187,179
96,187,179
96,187,179
96,187,179
96,187,179
96,187,179
96,187,179
96,187,179
95,186,179
96,187,179
96,187,179
96,187,179
96,187,179
96,187,179
96,187,179
96,187,179
96,187,179
95,186,179
95,186,179
95,186,179
95,186,179
95,186,179
95,186,179
95,186,179
94,185,178
94,185,177
94,185,177
93,185,178
93,185,178
92,185,177
92,184,177
91,184,177
90,184,177
88,183,176
87,183,175
86,182,175
85,182,175
85,182,174
84,181,174
83,180,173
82,180,173
80,179,172
79,178,171
77,177,170
75,176,169
73,176,169
71,174,168
70,174,168
82,181,173
84,181,174
84,181,174
85,182,175
85,182,175
85,182,175
86,182,175
86,183,176
88,183,176
88,183,175
89,184,176
90,184,177
91,184,176
91,184,177
91,184,177
92,184,177
92,184,177
92,184,177
92,184,177
92,184,178
92,184,178
92,185,178
92,185,178
92,185,178
92,185,178
92,185,178
93,185,178
93,185,178
94,185,178
95,186,178
95,186,178
95,186,178
95,186,179
95,186,179
95,186,179
95,186,179
95,186,179
96,187,179
96,187,179
96,187,179
96,187,179
96,187,179
97,187,180
97,187,180
97,187,180
96,187,179
96,187,179
96,187,179
96,187,179
96,187,179
96,187,179
96,187,179
96,187,179
96,187,179
96,187,179
96,187,179
96,187,179
96,187,179
96,187,179
95,186,179
95,186,179
95,186,179
95,186,179
95,186,179
96,187,179
96,187,179
96,187,179
95,186,179
95,186,179
95,186,179
95,186,179
95,186,179
95,186,179
95,186,179
95,186,179
95,186,179
94,185,178
93,185,178
93,185,178
93,185,178
92,185,177
92,184,177
91,184,177
91,184,176
90,183,176
88,183,176
87,182,175
86,182,174
85,182,174
84,181,174
83,180,173
82,180,173
82,180,172
80,179,172
79,179,171
77,177,171
75,176,169
73,176,169
72,175,168
84,181,174
84,181,174
84,181,175
84,181,175
85,182,175
85,182,175
86,182,175
87,183,176
88,183,176
89,184,176
90,184,177
91,184,177
91,184,176
91,184,177
92,184,177
92,184,177
92,184,177
92,184,177
92,184,177
92,185,178
92,185,178
92,185,178
92,185,178
92,185,178
93,185,178
93,185,178
94,185,178
94,185,178
95,186,178
95,186,178
95,186,178
95,186,179
95,186,179
95,186,179
95,186,179
95,186,179
96,187,179
96,187,179
96,187,179
96,187,179
96,187,179
97,187,180
96,187,179
96,187,179
96,187,179
96,187,179
96,187,179
96,187,179
96,187,179
96,187,179
96,187,179
96,187,179
96,187,179
96,187,179
96,187,179
96,187,179
95,186,179
95,186,179
95,186,179
95,186,179
95,186,179
95,186,179
95,186,179
95,186,179
95,186,179
95,186,179
95,186,179
95,186,179
95,186,178
95,186,178
95,186,178
95,186,179
93,186,178
93,185,179
93,185,179
92,185,177
92,185,177
92,184,177
92,184,177
91,184,177
91,184,177
89,184,176
88,183,176
87,182,175
85,182,174
84,181,174
83,180,173
82,180,173
81,180,173
80,179,172
80,179,172
79,179,171
77,177,171
74,176,170
73,176,169
84,181,174
84,181,175
84,181,175
84,181,175
85,182,175
85,182,175
87,182,175
87,183,175
88,183,175
89,184,176
90,184,177
91,184,176
91,184,177
92,184,177
92,184,177
92,184,177
92,184,177
92,185,178
92,185,178
92,185,178
92,185,178
92,185,178
93,185,178
93,185,178
93,185,178
94,185,178
95,186,178
95,186,178
95,186,178
95,186,178
95,186,179
95,186,179
95,186,179
95,186,179
95,186,179
96,187,179
96,187,179
96,187,179
96,187,179
96,187,179
96,187,179
96,187,179
96,187,179
96,187,179
96,187,179
96,187,179
96,187,179
96,187,179
96,187,179
96,187,179
96,187,179
96,187,179
96,187,179
95,186,179
95,186,179
95,186,179
95,186,179
95,186,179
95,186,179
95,186,179
95,186,179
95,186,179
95,186,179
95,186,179
95,186,179
95,186,178
95,186,178
95,186,178
95,186,178
94,185,178
93,185,179
92,185,178
92,184,178
92,184,178
92,184,177
91,184,177
91,184,177
91,184,177
89,183,176
88,183,176
87,182,175
85,182,174
84,181,174
83,180,173
81,180,173
80,179,172
80,179,172
79,179,171
77,177,171
76,177,170
74,176,170
84,181,174
84,181,174
84,181,175
84,181,175
85,182,175
86,182,175
87,183,175
88,183,176
89,183,176
90,184,177
91,184,176
91,184,176
91,184,177
91,184,177
92,184,177
92,185,177
92,185,177
92,184,178
92,185,178
92,185,178
92,185,177
93,185,178
93,185,178
94,185,178
94,185,178
95,186,178
95,186,178
95,186,178
95,186,179
95,186,179
95,186,179
95,186,179
95,186,179
95,186,179
96,187,179
96,187,179
96,187,179
96,187,179
96,187,179
96,187,179
96,187,179
96,187,179
96,187,179
96,187,179
96,187,179
96,187,179
96,187,179
95,186,179
95,186,179
95,186,179
95,186,179
95,186,179
95,186,179
95,186,179
95,186,179
95,186,179
95,186,179
94,185,179
94,185,179
94,185,179
94,185,179
94,185,179
94,185,178
94,185,177
93,185,178
93,185,178
93,185,178
92,185,177
92,184,178
92,184,178
91,184,177
90,184,177
90,184,177
90,184,177
89,184,176
89,183,176
88,183,176
86,182,175
85,182,174
84,181,174
82,180,173
80,179,172
80,179,172
79,179,172
77,177,171
76,177,170
74,176,170
83,181,174
84,181,174
84,181,175
84,181,175
85,182,175
87,182,175
88,183,176
89,183,176
89,184,176
91,184,177
91,184,177
91,184,177
91,184,177
91,184,177
92,185,177
92,184,177
92,184,178
92,184,178
92,185,178
92,185,177
93,185,178
93,185,178
94,185,178
94,185,178
95,186,178
95,186,178
95,186,178
95,186,179
95,186,179
95,186,179
95,186,179
95,186,179
95,186,179
95,186,179
96,187,179
96,187,179
96,187,179
96,187,179
96,187,179
96,187,179
96,187,179
96,187,179
96,187,179
96,186,180
95,186,179
95,186,179
95,186,179
95,186,179
95,186,179
95,186,179
95,186,179
95,186,179
95,186,179
94,185,179
94,185,179
94,185,179
94,185,179
94,185,179
93,185,179
93,185,179
92,185,178
92,185,177
92,185,177
92,185,177
92,185,177
91,184,177
90,184,177
90,184,177
89,184,177
89,183,177
89,183,177
89,183,176
88,183,176
87,183,175
85,182,174
84,181,174
84,181,174
82,180,173
80,179,172
79,179,172
77,177,171
76,177,170
74,176,170
83,180,173
83,180,173
84,181,175
84,181,174
85,182,174
87,183,175
88,183,176
89,183,176
89,184,176
91,184,177
91,184,177
91,184,177
91,184,177
92,184,177
92,184,177
92,184,178
92,184,178
92,184,178
92,185,177
93,185,178
93,185,178
94,185,178
94,185,178
95,186,178
95,186,178
95,186,178
95,186,179
95,186,179
95,186,179
95,186,179
95,186,179
95,186,179
95,186,179
95,186,179
95,186,179
95,186,179
95,186,179
96,187,179
96,187,179
96,186,180
95,186,179
95,186,179
95,186,179
95,186,179
95,186,179
95,186,179
94,185,179
94,185,178
94,185,178
94,185,177
94,185,177
94,185,178
93,185,179
93,185,179
92,185,178
92,184,178
92,185,178
91,184,177
91,184,177
91,184,176
91,184,176
90,184,177
90,183,177
89,183,177
89,183,177
88,183,176
88,183,176
88,183,176
88,183,176
87,182,175
87,182,175
86,182,174
84,181,174
83,180,173
80,179,172
79,179,172
77,177,171
76,177,170
73,176,170
83,180,173
84,181,175
85,182,175
86,183,176
88,183,176
88,183,175
89,184,176
91,184,177
91,184,177
91,184,177
91,184,177
92,184,177
92,184,177
92,184,178
92,184,178
92,185,178
92,185,178
93,185,178
94,185,178
94,185,178
94,185,178
95,186,178
95,186,178
95,186,178
95,186,178
95,186,178
95,186,179
95,186,178
95,186,178
95,186,178
95,186,178
94,185,178
95,186,178
95,186,178
95,186,179
95,186,179
95,186,179
95,186,179
95,186,179
95,186,179
94,185,179
93,186,178
93,185,179
93,185,178
93,185,178
93,185,178
93,185,178
92,185,177
92,184,177
92,184,178
92,185,178
91,184,177
91,184,177
90,184,177
90,184,177
90,184,177
89,184,176
89,183,176
88,183,176
88,183,176
88,183,176
88,183,176
87,183,176
87,182,176
87,182,175
86,182,175
86,182,175
85,182,174
84,181,174
82,180,172
80,179,172
78,178,171
77,177,171
83,181,174
84,181,175
85,182,175
87,183,176
88,183,175
89,184,176
90,184,177
91,184,177
91,184,177
91,184,177
91,184,177
92,184,177
92,184,178
92,184,178
92,185,178
92,185,178
93,185,178
93,185,178
94,185,178
94,185,178
94,185,178
94,185,178
95,186,178
94,185,178
95,186,178
94,185,177
94,185,177
94,185,177
93,185,178
93,185,178
93,185,178
93,185,178
94,185,179
95,186,179
95,186,179
95,186,179
94,185,179
93,186,178
93,185,178
92,185,177
92,184,177
92,184,177
91,184,177
91,184,177
91,184,177
91,184,177
91,184,176
90,184,177
90,184,177
90,184,177
90,184,177
90,184,177
89,184,177
89,184,176
88,183,176
88,183,176
88,183,176
88,183,176
87,183,175
87,183,175
86,182,175
86,182,175
86,182,174
85,182,174
84,181,174
82,180,173
80,179,172
79,179,172
77,177,171
85,182,175
86,183,176
88,183,176
89,184,176
90,184,177
91,184,177
91,184,177
91,184,177
91,184,177
92,185,178
92,184,178
92,184,178
92,184,178
92,184,178
92,184,178
93,185,178
93,185,178
93,185,178
94,185,177
94,185,177
94,185,177
94,185,177
93,185,178
93,185,178
93,185,178
93,185,178
92,185,178
92,185,178
92,185,178
93,185,178
94,185,178
94,185,178
94,185,178
93,185,178
93,185,179
92,185,178
91,184,177
91,184,177
91,184,177
91,184,176
90,184,177
90,183,176
89,184,176
89,183,176
89,183,176
89,183,177
88,183,176
88,183,176
88,183,176
88,183,176
88,183,176
88,183,176
88,183,176
88,183,176
87,183,175
86,182,175
85,182,174
85,182,174
84,181,174
83,181,174
82,180,173
80,179,172
79,179,172
88,183,176
89,184,176
90,184,177
90,184,177
90,184,177
90,184,177
90,184,177
90,184,177
91,184,177
91,184,177
91,184,177
92,184,178
92,184,177
92,184,177
92,185,177
92,185,177
93,185,178
93,185,178
93,185,178
93,185,178
93,185,178
92,184,178
92,184,178
92,184,178
92,184,178
92,184,178
93,185,178
93,185,178
93,185,178
93,185,178
93,185,178
92,184,178
91,184,177
91,184,177
91,184,177
90,183,177
90,183,176
89,183,177
88,183,176
88,183,176
88,183,176
88,183,176
88,183,176
88,183,176
87,183,176
86,183,176
86,182,175
86,182,175
86,182,175
86,182,175
86,182,175
85,182,174
84,181,174
82,180,173
82,180,172
80,179,172
79,179,171
89,184,176
89,184,176
90,184,177
90,184,177
90,184,177
90,184,177
90,184,177
91,184,177
91,184,177
92,184,177
92,184,177
92,184,177
92,184,177
92,184,177
92,184,177
92,185,178
92,185,178
91,184,177
91,184,177
91,184,177
92,185,178
92,184,178
92,184,178
93,185,178
93,185,178
93,185,178
92,184,178
91,184,177
91,184,177
90,184,177
89,183,176
88,183,176
88,183,176
87,183,176
87,183,175
86,183,176
87,182,175
87,182,175
86,182,175
86,182,175
85,182,174
85,182,174
84,181,174
84,181,174
84,181,173
83,180,172
82,180,173
80,179,172
79,179,172
90,184,177
90,184,177
90,184,177
90,184,177
91,185,177
92,185,177
92,184,177
92,185,177
92,185,177
92,185,177
91,184,177
91,184,177
91,185,177
91,185,177
91,185,177
91,185,177
91,184,177
91,184,177
92,185,178
92,184,177
91,184,177
91,184,177
90,184,177
89,183,176
89,183,176
88,183,175
87,183,175
87,182,175
86,182,175
85,182,174
85,182,174
85,182,174
85,182,174
85,182,174
85,182,174
83,181,174
83,180,173
82,180,173
81,180,173
90,184,177
91,185,177
91,185,177
91,185,177
91,185,177
91,185,177
91,185,177
90,184,178
90,184,178
91,185,177
91,185,177
90,184,177
91,184,177
91,184,177
91,184,177
91,184,177
89,183,176
89,183,176
88,183,176
87,182,175
85,182,174
85,182,174
84,181,174
84,181,174
83,181,174
83,181,174
83,181,174
83,181,174
83,180,173
89,183,176
