L,A,B
59,169,162
59,169,163
59,169,163
59,169,163
59,169,163
59,169,163
59,169,162
59,169,162
60,170,162
60,170,162
60,170,162
60,170,162
60,170,162
60,170,162
59,169,162
59,169,162
59,169,162
59,169,162
59,169,162
59,169,162
59,169,162
59,169,162
59,169,162
60,170,162
60,170,162
60,170,162
60,170,162
60,170,162
60,170,162
60,170,162
58,169,162
58,169,162
59,169,163
59,169,163
59,169,163
59,169,163
59,169,163
59,169,163
59,169,163
59,169,163
60,170,162
60,170,162
60,170,162
60,170,162
60,170,162
60,170,162
60,170,162
60,170,162
60,170,162
60,170,162
60,170,162
60,170,162
60,170,162
60,170,162
60,170,162
60,170,162
60,170,162
60,170,162
60,170,162
60,170,162
60,170,162
60,170,162
60,170,162
60,170,162
59,169,163
59,169,163
59,169,163
59,169,163
59,169,163
59,169,162
59,169,162
59,169,163
58,169,162
58,169,162
58,169,162
59,169,163
59,169,163
59,169,163
60,170,162
60,170,162
60,170,162
60,170,162
60,170,162
60,170,162
60,170,162
60,170,162
60,170,162
60,171,163
60,171,163
60,171,163
60,170,162
60,170,162
60,170,162
60,170,162
60,170,162
60,170,162
60,170,162
60,170,162
60,170,162
60,170,162
60,170,162
60,170,162
60,170,162
60,170,163
60,170,162
60,170,162
60,170,162
59,169,163
59,169,163
59,169,163
59,169,163
59,169,163
59,169,163
60,170,162
60,170,162
60,170,162
60,170,162
59,169,162
60,170,162
60,170,162
60,170,162
60,170,162
59,169,162
59,169,162
59,169,162
59,169,162
59,169,163
59,169,163
59,169,163
59,169,163
59,169,163
60,170,162
60,170,162
60,170,162
60,170,162
60,170,162
60,170,162
60,170,162
60,170,162
60,171,163
60,171,163
60,171,163
60,171,163
60,171,163
60,170,162
60,170,162
60,170,162
60,170,162
60,170,162
60,170,162
60,170,162
60,170,162
60,170,162
60,170,163
60,170,163
60,170,163
60,170,163
60,170,163
60,170,163
60,170,163
60,170,163
59,169,163
59,169,162
59,169,162
59,169,162
60,170,162
60,170,162
60,170,162
60,170,162
60,170,162
59,169,162
59,169,162
58,169,161
58,169,161
58,168,161
60,170,162
60,170,162
60,170,162
60,170,162
60,170,162
60,170,162
60,170,162
60,170,162
60,170,162
59,169,162
59,169,162
59,169,163
59,169,163
59,169,163
59,169,163
59,169,163
60,170,162
60,170,162
60,170,162
60,170,162
60,170,162
60,170,162
60,170,162
60,171,163
60,171,163
60,171,163
60,171,163
60,171,163
60,171,163
60,171,163
60,171,163
60,170,162
60,170,162
60,170,162
60,171,163
60,171,163
60,171,163
60,170,163
60,170,163
60,170,163
60,170,163
60,170,163
60,170,163
60,170,163
60,171,163
60,170,162
60,170,162
59,169,162
60,170,162
60,170,162
60,170,162
60,170,162
60,170,162
60,170,162
60,170,162
60,170,162
59,169,162
59,169,162
58,169,161
58,169,161
58,169,161
58,168,161
58,168,161
60,170,162
60,170,162
60,170,162
60,170,162
60,170,162
60,170,162
60,170,162
60,170,162
60,170,162
60,170,162
60,170,162
60,170,162
59,169,162
59,169,162
59,169,162
59,169,162
59,169,162
59,169,162
59,169,163
59,169,163
59,169,163
60,170,162
60,170,162
60,170,162
60,170,162
60,170,162
60,171,163
60,171,163
60,171,163
60,171,163
60,171,163
60,171,163
60,171,163
60,171,163
60,171,163
60,171,163
60,171,163
60,171,163
60,171,163
60,170,163
60,170,163
60,170,163
60,170,163
61,170,164
61,170,164
61,170,164
61,170,164
60,171,163
60,171,163
60,170,162
60,170,162
60,170,162
60,170,162
60,171,163
60,171,163
60,170,162
60,170,162
60,170,162
60,170,162
60,170,162
59,169,162
59,169,162
59,169,161
59,169,161
58,169,160
58,169,160
58,168,161
57,168,161
56,168,161
61,170,163
60,171,163
60,170,162
60,170,162
60,170,162
60,170,162
60,170,162
60,170,162
60,170,162
60,171,163
60,171,163
60,170,162
60,170,162
60,170,162
59,169,162
59,169,162
59,169,162
59,169,162
59,169,162
59,169,162
59,169,163
59,169,163
59,169,163
59,169,163
60,170,162
60,170,162
60,170,162
60,170,162
60,171,163
60,171,163
60,171,163
60,171,163
60,171,163
60,171,163
60,171,163
60,171,163
60,171,163
60,171,163
60,171,163
60,171,163
60,171,163
61,170,164
61,170,164
61,170,164
61,170,164
61,170,164
61,170,164
61,170,164
61,171,163
61,171,163
60,171,163
60,171,163
60,171,163
60,171,163
60,171,163
60,171,163
60,171,163
60,171,163
60,171,163
60,171,163
60,170,162
60,170,162
60,170,162
59,169,161
59,169,161
59,169,161
59,169,161
58,169,160
58,169,160
58,168,161
57,168,161
56,167,160
55,167,160
61,171,163
61,171,163
60,171,163
60,171,163
60,170,162
60,170,162
60,170,162
60,170,162
60,170,162
60,170,162
60,170,162
60,170,162
60,171,163
60,171,163
60,171,163
60,170,162
60,170,162
59,169,162
59,169,162
59,169,162
59,169,162
59,169,162
59,169,162
59,169,163
59,169,163
59,169,163
59,169,163
59,169,162
60,170,162
60,170,162
60,170,162
60,171,163
60,171,163
60,171,163
60,171,163
60,171,163
60,171,163
60,171,163
60,171,163
60,171,163
60,171,163
60,171,163
61,171,163
61,171,163
61,170,164
61,170,164
61,170,164
61,170,164
61,170,164
61,170,164
61,171,163
61,171,163
61,171,163
61,171,163
60,171,163
60,171,163
60,171,163
60,171,163
60,171,163
60,171,163
60,171,163
60,171,163
60,171,163
60,170,162
60,170,162
60,170,162
60,170,161
59,169,161
59,169,161
59,169,161
59,169,161
58,169,161
58,169,161
58,168,161
57,168,161
56,167,161
55,167,160
54,166,159
54,166,158
61,171,163
61,171,163
60,171,163
60,171,163
60,171,163
60,170,162
60,170,162
60,170,162
60,170,162
60,170,162
60,170,162
60,170,162
60,170,162
60,171,163
60,171,163
60,171,163
60,171,163
60,170,162
60,170,162
59,169,162
59,169,163
58,169,161
58,169,161
59,169,162
59,169,162
59,169,162
59,169,163
59,169,163
59,169,163
59,169,163
60,170,162
60,170,162
60,170,162
60,170,162
60,170,162
60,171,163
60,171,163
60,171,163
60,171,163
60,171,163
60,171,163
60,171,163
61,171,163
61,171,163
61,171,163
61,171,163
61,170,164
61,170,164
61,170,164
61,170,164
61,170,164
61,171,163
61,171,163
61,171,163
61,171,163
61,171,163
60,171,163
60,171,163
60,171,163
60,171,163
60,171,163
60,171,163
60,171,163
60,171,163
60,170,162
60,170,162
60,170,162
60,170,162
60,170,162
60,170,161
59,169,162
59,169,162
59,169,162
59,169,162
59,169,162
58,169,161
58,169,161
57,168,161
57,167,161
55,167,159
54,166,159
54,166,158
53,165,157
61,171,163
61,171,163
61,171,163
61,171,163
60,171,163
60,171,163
60,171,163
60,170,162
60,170,162
60,170,162
60,170,162
60,170,162
60,170,162
60,170,162
60,170,162
60,170,162
60,171,163
60,171,163
60,171,163
60,170,162
59,169,162
59,169,163
58,169,162
58,169,162
58,169,161
58,169,161
58,169,161
58,169,161
59,169,163
59,169,163
59,169,163
59,169,163
59,169,162
60,170,162
60,170,162
60,170,162
60,170,162
60,170,162
60,171,163
60,171,163
60,171,163
61,171,163
61,171,163
61,171,163
61,171,163
62,170,164
62,170,164
62,170,164
61,171,163
61,170,164
61,170,164
60,170,163
60,171,163
61,171,163
61,171,163
61,171,163
61,171,163
60,171,163
60,171,163
60,171,163
60,171,163
60,171,163
60,171,163
60,171,163
60,171,163
60,170,162
60,170,162
60,170,162
60,170,162
60,170,162
60,170,162
60,170,162
60,170,162
60,170,162
60,170,162
60,170,162
59,169,162
59,169,162
59,169,162
59,169,162
58,169,161
57,168,161
56,167,160
55,167,159
54,166,158
53,165,157
52,165,158
61,170,164
61,170,164
61,170,164
61,171,163
61,171,163
61,171,163
61,171,163
60,171,163
60,171,163
60,170,162
60,170,162
60,170,162
60,170,162
60,170,162
60,170,162
60,170,162
60,170,162
60,170,162
60,170,162
60,171,163
60,170,162
60,170,162
59,169,162
58,169,162
58,169,162
58,169,162
58,169,161
58,169,161
58,169,161
58,169,161
58,169,162
58,169,162
58,169,162
59,169,163
59,169,163
59,169,163
60,170,163
60,170,163
60,170,163
60,170,163
60,170,163
60,170,163
61,170,163
61,170,163
61,170,163
61,171,163
62,170,164
62,170,164
62,170,164
62,170,164
62,170,164
61,171,163
61,171,163
60,171,163
60,171,163
60,171,163
60,171,163
60,171,163
60,171,163
60,170,162
60,171,163
60,171,163
60,171,163
60,171,163
60,171,163
60,170,162
60,170,162
60,170,162
60,170,162
60,170,162
60,170,162
60,170,162
60,170,162
60,170,162
61,170,163
61,170,163
61,170,163
60,169,163
60,170,162
60,170,162
60,170,162
59,169,162
59,169,162
58,169,161
58,168,160
56,167,160
55,167,159
54,166,158
53,165,157
52,165,158
50,164,156
61,170,164
61,170,164
61,170,164
61,170,164
61,170,164
61,171,163
62,170,164
61,171,163
61,171,163
61,171,163
60,171,163
60,171,163
60,170,162
60,170,162
60,170,162
60,170,162
60,170,162
60,170,162
60,170,162
60,170,162
60,170,162
60,170,162
60,170,162
60,170,162
59,169,162
58,169,161
58,169,162
58,169,162
58,169,162
58,169,162
58,169,162
58,169,162
58,169,162
58,169,162
58,169,162
58,169,162
59,169,163
59,169,163
59,169,163
59,169,163
60,170,163
60,170,163
60,170,163
61,170,164
61,170,163
61,170,163
62,170,164
62,170,164
62,170,164
62,170,164
62,170,164
62,170,164
62,170,164
61,171,163
61,171,163
60,171,163
60,171,163
60,171,163
60,171,163
60,171,163
60,170,162
60,170,162
60,170,162
60,171,163
60,171,163
60,171,163
60,171,163
60,170,162
60,170,162
60,170,162
60,170,162
60,170,162
60,170,162
60,170,162
60,170,162
60,171,163
61,170,163
61,170,163
61,170,163
61,170,164
60,170,163
60,170,163
60,170,163
60,170,162
59,169,162
59,169,162
58,169,161
58,168,160
56,167,160
55,167,159
54,166,158
53,166,158
52,165,158
51,165,157
49,163,156
62,170,164
62,170,164
62,170,164
61,170,164
61,170,164
61,170,164
62,170,164
62,170,164
62,170,164
62,170,164
62,170,164
61,170,163
61,171,163
60,171,163
60,171,163
60,170,162
60,170,162
60,170,162
60,170,162
60,170,162
60,170,162
60,170,162
60,170,162
60,170,162
60,170,162
59,169,162
58,169,161
58,169,162
58,169,162
58,169,162
58,169,162
58,168,162
57,168,161
57,168,161
58,168,162
58,168,162
58,169,162
58,169,162
58,169,162
59,169,163
59,169,163
59,169,163
60,170,163
60,170,163
60,170,162
61,170,163
61,170,163
61,170,163
62,170,164
62,170,164
62,170,164
62,170,164
62,170,164
62,170,164
62,170,164
61,171,163
61,171,163
60,171,163
60,171,163
60,171,163
60,171,163
60,170,162
60,170,162
60,170,162
60,171,163
60,171,163
61,170,163
61,170,163
61,170,163
61,171,163
60,171,163
60,171,163
60,171,163
61,171,163
60,171,163
60,171,163
60,171,163
60,171,163
61,170,164
61,170,164
61,170,164
61,170,164
61,170,164
60,170,163
60,170,163
60,170,163
60,170,162
59,169,162
59,169,162
58,168,161
58,168,160
56,167,160
55,167,159
54,166,158
53,165,157
52,165,158
51,165,157
50,164,156
49,163,156
62,170,164
62,170,164
62,170,164
62,170,164
62,170,164
62,170,164
62,170,164
62,170,164
62,170,164
62,170,164
62,170,164
62,170,164
62,170,164
61,171,163
61,171,163
60,171,163
60,171,163
60,170,162
60,170,162
60,170,162
60,170,162
60,170,162
60,170,162
60,170,162
60,170,162
60,170,162
59,169,162
59,169,162
58,169,161
58,169,161
58,169,161
58,169,161
58,168,162
57,168,161
57,168,161
56,168,161
57,168,161
57,168,161
58,168,162
58,168,162
58,169,162
58,169,162
58,169,162
59,169,163
59,169,163
60,170,162
60,170,162
61,170,163
61,170,163
61,170,163
61,170,163
61,171,163
61,171,163
62,170,164
62,170,164
62,170,164
62,170,164
61,171,163
61,171,163
61,171,163
60,171,163
60,171,163
60,170,162
60,170,162
60,170,162
60,170,162
60,171,163
61,171,163
61,170,163
61,170,163
61,170,163
61,171,163
61,171,163
61,171,163
61,171,163
61,171,163
61,171,163
61,170,164
60,170,163
60,170,163
61,170,164
61,170,164
61,170,164
61,170,164
61,170,164
61,170,164
60,170,163
60,170,163
60,170,163
60,170,162
59,169,162
59,169,162
58,168,161
58,168,160
56,167,160
55,167,159
54,166,158
53,165,157
52,165,158
51,165,157
50,164,156
49,163,156
48,163,155
62,170,164
62,170,164
62,170,164
62,170,164
62,170,164
62,170,164
62,170,164
62,170,164
62,170,164
62,170,164
62,170,164
62,170,164
62,170,164
62,170,164
61,171,163
60,171,163
60,171,163
60,170,162
60,170,162
60,170,162
60,170,162
60,170,162
60,170,162
60,170,162
60,170,162
60,170,162
60,170,162
59,169,162
59,169,162
58,169,161
58,169,161
58,169,161
58,168,161
57,168,161
57,168,161
56,168,161
56,168,161
56,168,161
57,168,161
57,168,161
57,168,161
58,168,162
58,168,162
58,169,162
58,169,162
59,169,163
59,169,163
60,170,162
60,171,163
61,170,163
61,171,163
61,171,163
61,171,163
61,171,163
61,171,163
62,170,164
62,170,164
62,170,164
62,170,164
61,171,163
61,171,163
61,171,163
60,171,163
60,170,162
60,170,162
60,170,162
60,170,162
60,171,163
61,171,163
61,171,163
61,171,163
61,171,163
61,171,163
61,171,163
61,171,163
61,171,163
61,171,163
61,171,163
61,170,164
61,170,164
61,170,164
60,170,163
60,170,163
61,170,164
61,170,164
61,170,164
61,170,164
61,170,164
60,170,163
60,170,163
60,170,163
60,170,162
59,169,162
59,169,162
58,168,161
58,168,160
56,167,160
55,167,159
54,166,158
53,165,157
52,165,158
51,165,157
50,164,156
49,163,156
48,163,155
62,170,164
62,170,164
62,170,164
62,170,164
62,170,164
62,170,164
62,171,163
62,170,164
62,170,164
62,170,164
62,170,164
62,170,164
62,170,164
62,170,164
62,170,164
61,171,163
60,171,163
60,171,163
60,171,163
60,170,162
60,170,162
60,170,162
60,170,162
60,170,162
60,170,162
60,170,162
60,170,162
60,170,162
60,170,162
59,169,162
59,169,162
58,169,161
58,169,161
58,169,161
58,168,161
57,168,161
57,168,161
56,168,161
56,168,161
56,168,161
57,168,161
57,168,161
57,168,161
57,168,161
58,168,161
58,169,162
58,169,162
58,169,162
59,169,162
60,170,162
60,170,162
60,171,163
61,171,163
61,171,163
61,171,163
61,171,163
61,171,163
61,171,163
62,170,164
62,170,164
62,170,164
61,170,163
61,170,163
61,170,163
60,171,163
60,170,162
60,170,162
60,170,162
60,171,163
60,171,163
61,171,163
61,171,163
61,171,163
61,171,163
61,171,163
61,171,163
61,171,163
61,171,163
61,170,164
61,170,164
61,170,164
61,170,164
61,170,164
61,170,164
61,170,164
61,170,164
61,170,164
61,170,164
61,170,164
61,170,164
61,170,164
60,170,163
60,170,163
60,170,163
60,170,162
59,169,162
59,169,162
58,168,161
58,168,161
56,167,160
55,167,159
54,166,159
53,165,157
52,165,157
51,165,157
50,164,156
49,163,156
48,163,155
47,163,154
62,170,164
62,170,164
62,170,164
62,170,164
62,170,164
62,170,164
62,170,164
62,171,163
62,170,164
62,170,164
62,170,164
62,170,164
62,170,164
62,170,164
62,170,164
61,171,163
61,171,163
60,171,163
60,171,163
60,171,163
60,170,162
60,170,162
59,169,162
59,169,162
60,170,162
60,170,162
60,170,162
60,170,162
60,170,162
60,170,162
59,169,162
59,169,162
59,169,162
58,169,161
58,169,161
58,169,161
57,168,161
57,168,161
57,168,161
56,168,161
57,168,161
57,168,161
57,168,161
57,168,161
57,168,161
58,168,161
58,168,161
58,169,161
58,169,161
58,169,161
59,169,162
60,170,162
60,171,163
60,171,163
60,171,163
61,171,163
61,171,163
61,171,163
61,171,163
61,171,163
61,171,163
61,171,163
61,171,163
61,170,163
61,170,163
60,171,163
60,170,162
60,170,162
60,170,162
60,171,163
60,171,163
61,171,163
61,171,163
61,171,163
62,170,163
61,171,163
61,171,163
61,171,163
61,170,164
61,170,164
61,170,164
61,170,164
61,170,164
61,170,164
61,170,164
61,170,164
61,170,164
61,170,164
61,170,164
62,170,164
62,170,164
61,170,164
61,170,164
60,170,163
60,170,163
60,170,162
60,170,162
60,170,162
59,169,162
58,168,161
57,168,161
56,167,160
55,167,159
54,166,159
53,165,157
52,165,157
51,165,157
50,164,156
49,163,156
48,163,155
47,163,154
62,170,164
62,170,164
62,170,164
62,170,164
62,170,164
62,170,164
62,170,164
62,170,164
62,170,164
62,170,164
62,170,164
62,170,164
62,170,164
62,170,164
62,170,164
62,170,164
62,170,164
61,171,163
60,171,163
60,171,163
60,171,163
60,170,162
60,170,162
60,170,162
59,169,162
59,169,162
60,170,162
60,170,162
60,170,162
60,170,162
60,170,162
60,170,162
60,170,162
59,169,162
59,169,162
59,169,162
59,169,162
58,169,161
58,169,161
57,168,161
57,168,161
57,168,161
57,168,161
57,168,161
58,168,161
57,168,161
57,168,161
58,168,161
58,168,161
57,169,161
58,169,161
58,169,161
58,169,161
59,169,162
60,170,162
60,170,162
60,171,163
60,171,163
61,171,163
61,171,163
60,171,163
61,171,163
61,171,163
61,171,163
61,171,163
61,170,163
61,170,163
60,171,163
60,170,162
60,170,162
60,170,162
60,171,163
60,171,163
60,171,163
61,171,163
61,171,163
61,171,163
61,171,163
61,171,163
61,171,163
61,170,164
61,170,164
61,170,164
61,170,164
61,170,164
61,170,164
61,170,164
61,170,164
61,170,164
61,170,164
61,170,164
62,170,164
62,170,164
62,170,164
61,170,164
61,170,164
60,170,163
60,170,163
60,170,163
60,170,162
60,170,162
59,169,162
58,168,161
57,168,161
56,167,160
55,167,159
54,166,159
52,166,158
52,165,157
51,165,158
50,164,157
49,163,157
48,163,156
47,163,154
46,163,154
62,170,164
62,170,164
62,170,164
62,170,164
62,170,164
62,170,164
62,170,164
62,170,164
62,170,164
62,170,164
62,170,164
62,170,164
62,170,164
62,170,164
62,170,164
62,170,164
62,170,164
61,170,163
61,171,163
60,171,163
60,171,163
60,170,162
60,170,162
60,170,162
60,170,162
60,170,162
60,170,162
60,170,162
60,170,162
60,170,162
60,170,162
60,170,162
60,170,162
60,169,163
60,169,163
60,169,163
60,170,162
59,169,161
59,169,161
59,169,162
59,169,162
58,169,161
58,169,161
58,169,161
58,168,161
58,168,161
58,168,161
58,168,161
58,168,161
58,168,161
58,168,161
58,169,161
58,169,161
58,169,161
58,169,161
59,169,162
60,170,162
60,170,162
60,171,163
60,171,163
60,171,163
60,171,163
60,171,163
60,171,163
60,171,163
60,171,163
61,170,163
61,170,163
60,170,162
60,170,162
60,170,162
60,170,162
60,170,162
60,171,163
60,171,163
60,171,163
61,171,163
61,171,163
61,171,163
61,171,163
61,171,163
61,171,163
61,170,164
61,170,164
61,170,164
62,170,164
62,170,164
62,170,164
61,170,164
61,170,164
61,170,164
61,170,164
62,170,164
62,170,164
62,170,164
62,170,164
61,170,164
61,170,164
60,170,163
60,170,163
60,171,163
60,171,163
60,170,162
59,169,162
58,168,161
58,168,161
57,168,161
55,167,159
54,167,158
53,166,158
52,165,158
51,165,158
50,164,157
49,163,157
48,163,156
47,163,155
46,163,154
62,170,164
62,170,164
62,170,164
62,170,164
62,170,164
62,170,164
62,170,164
62,170,164
62,170,164
62,170,164
62,170,164
62,170,164
62,170,164
62,170,164
62,170,164
62,170,164
62,170,164
62,170,164
61,170,163
61,170,163
60,171,163
60,171,163
60,171,163
60,170,162
60,170,162
60,170,162
60,170,162
60,170,162
60,170,162
60,170,162
60,170,162
60,170,162
60,170,162
60,170,162
61,170,163
61,170,163
61,170,163
61,170,163
61,170,163
61,170,163
61,170,162
60,170,162
60,170,162
60,170,162
60,170,162
59,169,162
58,169,161
58,169,161
58,168,161
58,168,161
58,168,161
58,168,161
58,168,161
58,169,161
58,169,161
58,169,161
58,169,161
59,169,162
60,170,162
60,170,162
60,170,162
60,170,162
60,170,162
60,170,162
60,170,162
60,170,162
60,170,162
60,170,162
60,170,162
60,170,162
60,170,162
59,169,162
59,169,162
59,169,163
59,169,163
60,170,163
60,171,163
60,171,163
60,171,163
61,171,163
61,171,163
61,171,163
61,171,163
61,171,163
61,171,163
61,171,163
61,170,164
61,170,163
62,170,164
62,170,164
62,170,164
62,170,164
62,170,164
62,170,164
62,170,164
62,170,164
62,170,164
62,170,164
61,170,164
61,170,164
60,170,163
60,170,163
60,170,163
60,171,163
60,171,163
61,170,163
60,169,163
58,168,161
58,168,161
57,168,161
56,167,160
54,167,159
53,166,158
52,165,158
51,165,158
50,164,157
48,163,156
47,163,155
47,163,154
46,163,154
46,163,154
62,170,164
62,170,164
62,170,164
62,170,164
62,170,164
62,170,164
62,170,164
62,170,164
62,170,164
62,170,164
62,170,164
62,170,164
61,171,163
62,170,164
62,170,164
62,170,164
62,170,164
62,170,164
62,170,164
61,170,163
60,171,163
60,171,163
60,171,163
60,170,162
60,170,162
60,170,162
60,170,162
60,170,162
60,170,162
60,170,162
60,170,162
60,170,162
60,170,162
60,171,163
61,170,163
61,170,163
61,170,163
61,170,163
61,170,163
61,170,163
61,170,163
61,170,163
61,170,163
61,170,163
61,170,163
60,170,162
60,170,162
59,169,162
59,169,162
58,169,161
58,168,161
58,168,161
58,168,161
58,168,161
58,168,161
58,169,161
58,169,161
58,169,161
58,169,161
59,169,162
60,170,162
60,170,162
60,170,162
60,170,162
60,170,162
60,170,162
60,170,162
60,170,162
60,170,162
60,170,162
60,170,162
60,170,162
59,169,162
59,169,162
59,169,163
59,169,163
60,170,163
60,170,162
60,170,162
60,170,162
60,171,163
60,171,163
60,171,163
60,171,163
61,171,163
61,171,163
61,171,163
61,170,163
61,170,163
62,170,164
62,170,164
62,170,164
62,170,164
62,170,164
62,170,164
62,170,164
62,170,164
62,170,164
62,170,164
62,170,164
61,170,164
61,170,164
61,170,164
61,170,164
61,171,163
60,171,163
60,171,163
60,171,163
60,170,162
59,169,162
58,168,161
57,168,161
56,167,160
54,167,159
52,166,158
51,165,157
51,165,158
49,163,157
48,163,156
47,163,155
47,163,155
46,163,155
46,163,154
62,170,164
62,170,164
62,170,164
62,170,164
62,170,164
62,170,164
62,170,164
62,170,164
62,170,164
62,170,164
62,170,164
61,170,163
61,171,163
61,171,163
61,171,163
61,171,163
61,170,163
61,170,163
61,170,163
61,170,163
61,170,163
60,170,162
60,170,162
60,170,162
60,170,162
60,170,162
60,170,162
60,170,162
60,170,162
60,170,162
60,170,162
60,171,163
60,171,163
60,171,163
61,170,163
61,170,163
62,170,164
62,170,164
62,170,164
62,170,164
62,170,163
62,170,163
62,170,164
61,170,163
61,170,163
61,170,163
60,171,163
60,170,162
60,170,162
59,169,162
58,169,161
58,168,161
58,168,161
58,168,161
58,168,161
58,168,161
58,169,161
58,169,161
58,169,161
58,169,161
59,169,162
60,170,162
60,170,162
60,170,162
60,170,162
60,170,162
60,170,162
60,170,162
60,170,162
60,170,162
60,170,162
60,170,162
60,170,162
59,169,162
59,169,162
59,169,163
59,169,163
59,169,163
60,170,163
60,170,163
60,170,163
60,170,162
60,170,162
60,170,162
60,170,162
60,170,162
61,171,163
61,171,163
61,170,163
61,170,163
62,170,164
62,170,164
62,170,164
62,170,163
62,170,164
62,170,164
62,170,164
62,170,164
62,170,164
62,170,164
62,170,164
61,170,164
61,170,164
61,170,164
61,171,163
61,171,163
61,171,163
61,170,163
61,170,163
61,170,163
60,169,163
59,169,162
58,168,161
57,168,161
55,167,160
53,166,158
52,166,158
51,165,158
51,165,158
49,163,157
47,163,155
47,163,155
47,163,155
46,163,154
46,163,154
62,170,164
62,170,164
62,170,164
62,170,164
62,170,164
62,170,164
62,170,164
62,170,164
62,170,164
62,170,164
62,170,164
61,171,163
61,171,163
61,171,163
61,171,163
61,171,163
61,171,163
61,171,163
61,171,163
60,171,163
60,171,163
60,170,162
60,170,162
60,170,162
60,170,162
60,170,162
60,170,162
61,170,162
60,170,161
60,170,162
60,171,163
60,171,163
60,171,163
60,171,163
61,171,163
61,170,163
62,170,164
62,170,164
62,170,164
62,170,164
62,170,164
62,170,164
62,170,163
62,170,164
62,170,164
62,170,164
61,171,163
60,171,163
60,171,163
60,170,162
59,169,162
59,169,162
58,169,161
58,168,161
58,168,161
58,168,161
58,168,161
58,169,161
58,169,161
58,169,161
58,169,161
60,170,162
60,170,162
60,170,162
60,170,162
60,170,162
60,170,162
60,170,162
60,170,162
60,170,162
60,170,162
60,170,162
60,170,162
60,170,162
59,169,162
59,169,162
59,169,162
59,169,163
59,169,163
60,170,163
60,170,163
60,170,163
60,170,163
60,170,162
60,170,162
60,170,162
60,170,162
60,170,162
60,170,162
60,171,163
61,170,163
61,170,163
61,170,163
62,170,164
62,170,163
62,170,164
62,170,164
62,170,164
62,170,164
62,170,164
62,170,164
62,170,164
61,170,164
61,170,164
61,170,164
62,170,164
62,170,164
62,170,164
62,170,164
62,170,164
61,170,163
61,170,163
60,169,163
59,169,162
58,168,161
57,167,160
55,167,159
53,166,158
52,165,157
51,165,157
51,165,157
48,164,155
47,163,155
47,163,155
47,163,155
46,163,154
46,162,154
62,170,164
62,170,164
62,170,164
62,170,164
62,170,164
62,170,164
62,170,164
62,170,164
62,170,164
62,170,164
62,170,164
61,171,163
61,171,163
61,171,163
60,171,163
60,171,163
60,170,162
60,170,162
60,170,162
60,170,162
60,170,162
60,170,162
60,170,162
60,170,162
60,170,162
60,171,163
60,171,163
60,171,163
61,170,162
61,170,162
60,171,163
60,171,163
60,171,163
60,171,163
61,171,163
61,171,163
62,170,164
62,170,164
62,171,163
62,171,163
62,171,163
62,170,164
62,170,164
62,170,164
62,170,164
62,170,164
62,170,164
61,171,163
61,171,163
61,171,163
60,171,163
60,170,162
59,169,162
58,169,161
58,169,161
58,168,161
58,168,161
58,169,161
58,169,161
58,169,161
58,169,161
58,169,161
60,170,162
60,170,162
60,170,162
60,170,162
60,170,162
60,170,162
60,170,162
60,170,162
60,170,162
60,170,162
60,170,162
60,170,162
60,170,162
60,170,162
60,170,162
60,170,162
60,170,162
60,170,163
60,170,163
60,170,163
59,169,163
59,169,163
59,169,163
59,169,163
59,169,163
59,169,162
60,170,162
60,170,162
60,170,162
60,170,162
61,170,163
61,170,163
61,170,163
61,170,163
62,170,163
62,170,164
62,170,164
62,170,164
62,170,164
62,170,164
61,170,163
61,171,163
61,170,164
61,171,164
62,170,164
62,170,164
62,170,164
62,170,164
62,170,164
61,170,163
61,170,163
61,170,163
60,169,163
59,169,162
58,168,161
56,167,161
54,166,159
53,166,158
52,165,157
51,165,157
50,164,156
48,163,155
47,163,155
47,163,155
47,163,155
46,163,154
46,162,154
62,171,163
62,170,164
62,170,164
62,170,164
62,170,164
62,170,164
62,170,164
62,170,164
62,170,164
62,170,164
62,170,164
61,170,163
60,171,163
60,171,163
60,170,162
60,170,162
60,170,162
60,170,162
60,170,162
60,170,162
60,170,162
60,170,162
60,170,162
60,170,162
60,170,162
60,170,162
60,170,162
60,171,163
60,171,163
60,171,163
60,171,163
60,171,163
60,171,163
60,171,163
60,171,163
60,171,163
61,171,163
61,171,163
62,170,164
62,170,164
62,171,163
63,171,164
62,171,163
62,171,164
62,170,164
62,170,164
62,170,163
62,170,164
62,171,163
62,171,163
62,171,163
61,171,163
61,171,163
60,171,163
60,170,162
59,169,162
58,169,161
58,169,161
58,169,161
58,169,161
58,169,161
58,169,161
58,169,161
60,170,162
60,170,162
60,171,163
60,171,163
60,171,163
60,171,163
60,171,163
60,171,163
61,170,163
61,170,163
61,170,163
61,170,163
61,170,163
61,170,163
61,170,163
61,170,163
61,170,163
61,170,163
60,170,162
60,170,162
60,170,163
60,170,163
59,169,163
59,169,163
59,169,163
59,169,163
59,169,162
59,169,162
58,169,161
58,169,161
58,169,161
60,170,162
60,170,162
60,170,162
60,171,163
61,171,163
61,170,163
61,170,163
62,170,164
62,170,164
61,170,163
61,170,163
61,170,163
62,170,164
62,170,164
62,170,164
62,170,164
62,170,164
62,170,164
62,170,164
62,170,164
62,170,164
61,170,163
61,170,163
60,169,163
59,169,162
58,168,161
55,167,160
54,166,159
53,166,158
52,165,157
51,165,157
48,164,155
48,163,155
47,163,155
47,163,155
47,163,155
46,163,154
46,163,154
46,162,154
63,170,163
62,171,163
62,171,163
62,170,164
62,170,164
62,170,164
62,170,164
62,170,164
62,170,164
62,170,164
61,170,163
61,170,163
60,171,163
60,170,162
60,170,162
60,170,162
60,170,162
60,170,162
60,170,162
60,170,162
60,170,162
60,170,162
60,170,162
60,170,162
60,170,162
60,170,162
60,170,162
60,170,162
60,170,162
60,171,163
60,171,163
60,171,163
60,171,163
60,171,163
60,171,163
60,171,163
60,171,163
61,171,163
61,171,163
61,171,163
62,171,163
63,171,164
63,171,164
63,171,164
62,171,164
63,170,164
63,170,164
63,170,164
62,171,164
63,171,164
63,171,164
63,171,164
62,171,163
61,171,163
60,171,163
60,170,162
60,170,162
59,169,162
59,169,162
59,169,162
59,169,162
59,169,162
59,169,162
60,170,162
60,170,162
60,171,163
60,171,163
61,171,163
61,171,163
61,170,163
61,170,163
62,170,164
62,170,164
62,170,164
62,170,164
62,170,164
62,170,164
62,170,164
62,170,164
62,170,164
61,170,163
61,170,163
61,170,163
61,170,163
60,170,162
60,170,163
60,170,163
59,169,162
59,169,163
59,169,162
58,169,161
58,169,161
58,169,161
58,169,161
58,169,161
58,169,161
58,169,161
58,169,161
58,169,161
59,169,162
60,170,162
60,171,163
60,171,163
61,170,163
61,170,163
61,170,163
61,170,163
62,170,164
62,170,164
62,170,164
62,170,164
62,170,164
62,170,164
62,170,164
62,170,164
62,170,164
62,170,164
61,170,163
61,170,163
60,169,163
58,168,161
58,168,161
55,167,160
54,166,158
53,165,157
52,165,157
51,165,157
48,164,155
48,163,155
47,163,155
47,163,155
47,163,155
46,163,154
46,163,154
45,163,154
63,170,164
63,170,164
63,171,164
63,171,164
62,171,163
62,170,164
62,170,164
62,170,164
61,170,163
61,170,163
61,170,163
61,170,163
60,170,162
60,170,162
60,170,163
59,169,163
59,169,162
59,169,162
60,170,162
60,170,162
60,170,162
60,170,162
60,170,162
60,170,162
60,170,162
60,170,162
60,170,162
60,170,162
60,170,162
60,170,162
60,171,163
60,171,163
60,171,163
60,171,163
60,171,163
60,171,163
60,171,163
60,171,163
61,171,163
61,171,163
61,171,163
62,170,164
62,171,163
63,171,164
63,171,164
63,171,164
62,171,164
63,170,164
63,170,164
63,171,164
63,171,164
63,171,164
63,171,164
62,171,164
61,171,163
61,171,163
60,171,163
60,170,162
60,170,162
60,170,162
60,170,162
60,170,162
60,170,162
60,170,162
60,170,162
60,171,163
60,171,163
61,171,163
61,171,163
61,170,163
62,170,164
62,170,164
63,171,164
63,171,164
63,171,164
63,171,164
63,171,164
63,171,164
63,171,164
63,172,164
63,171,164
62,171,163
62,170,164
62,170,164
61,170,163
61,170,163
60,171,163
60,170,162
60,170,162
59,169,162
58,169,161
58,169,161
58,169,161
58,169,161
58,169,161
58,168,161
58,169,161
58,169,161
58,169,161
58,169,161
58,169,162
59,169,163
59,169,163
60,170,162
60,170,162
60,171,163
60,171,163
61,170,163
61,170,163
62,170,164
62,170,164
62,170,164
62,170,164
62,170,164
62,170,164
62,170,164
62,170,164
62,170,164
62,170,164
61,170,163
61,170,163
59,169,162
58,168,161
57,168,161
55,167,160
54,166,158
52,166,158
52,165,157
51,165,157
48,163,155
48,163,155
47,163,155
47,163,155
47,163,155
46,163,155
46,163,155
45,163,155
64,171,164
63,170,164
63,170,164
63,171,164
63,171,164
62,171,163
62,171,163
62,170,164
62,170,164
61,170,163
61,171,163
60,171,163
60,171,163
60,170,162
60,170,162
59,169,163
59,169,162
59,169,162
59,169,162
59,169,162
60,170,162
60,170,162
60,170,162
60,170,162
60,170,162
60,170,162
60,170,162
60,170,162
60,170,162
60,170,162
60,170,162
60,170,162
60,170,162
60,170,162
60,170,162
60,170,162
60,170,162
60,171,163
60,171,163
61,171,163
61,171,163
61,171,163
61,171,163
62,171,163
63,171,164
63,171,164
63,171,164
63,171,164
63,171,164
63,171,164
63,171,164
63,171,164
63,171,164
63,171,164
63,171,164
62,171,163
62,170,164
61,171,163
60,171,163
60,170,162
60,170,162
60,170,162
60,170,162
60,170,162
60,170,162
60,170,162
60,171,163
61,171,163
61,171,163
61,171,163
61,171,163
62,170,164
62,171,163
63,171,164
63,171,164
63,171,164
63,171,164
63,172,164
63,172,164
64,172,164
63,172,164
63,172,164
64,171,164
63,170,163
63,170,163
62,170,164
62,170,164
61,170,163
61,170,163
60,170,162
60,170,162
58,169,161
58,169,161
58,169,161
58,169,161
58,169,161
58,168,161
58,169,161
58,169,161
58,169,161
58,169,161
58,169,162
59,169,163
59,169,163
59,169,163
60,170,162
60,170,162
60,170,162
60,171,163
61,170,163
62,170,164
62,170,164
62,170,164
62,170,164
62,170,164
62,170,164
62,170,164
62,170,164
62,170,164
62,170,164
62,170,164
61,170,163
61,170,163
59,169,162
58,168,161
58,168,161
55,167,159
54,166,159
52,166,158
52,165,157
50,164,156
48,163,155
48,163,155
47,163,155
47,163,155
47,163,155
46,163,155
46,163,154
45,163,155
64,171,164
64,171,164
63,170,164
63,171,164
63,171,164
62,171,163
62,171,163
62,170,164
61,171,163
61,171,163
61,171,163
60,171,163
60,171,163
60,170,162
60,170,162
60,170,162
59,169,163
59,169,163
59,169,163
59,169,163
59,169,162
59,169,162
60,170,162
60,170,162
60,170,162
60,170,162
60,170,162
60,170,162
60,170,162
59,169,163
59,169,163
59,169,163
60,170,162
60,170,162
60,170,162
60,170,162
60,170,162
60,170,162
60,170,162
60,171,163
60,171,163
61,171,163
61,171,163
61,171,163
62,171,164
62,171,163
63,171,164
63,171,164
63,171,164
63,170,164
63,170,164
64,171,164
63,172,164
63,172,164
63,171,164
63,171,164
63,171,164
62,171,163
62,170,164
61,171,163
60,171,163
60,171,163
60,170,162
60,170,162
60,170,162
60,170,162
60,171,163
61,171,163
61,171,163
61,171,163
61,171,163
62,170,164
62,171,163
63,171,164
63,171,164
63,171,164
63,172,164
63,172,164
64,172,164
64,172,164
64,172,164
64,172,164
64,172,164
63,172,164
64,171,164
64,171,164
62,171,163
62,170,164
62,170,164
62,170,164
61,170,163
60,170,162
60,170,162
58,169,161
58,169,161
58,169,161
58,169,161
58,169,161
58,169,161
58,169,161
58,169,161
58,169,161
59,169,162
59,169,163
59,169,163
59,169,163
59,169,163
60,170,162
60,170,162
61,170,163
61,170,163
62,170,164
62,170,164
62,170,164
62,170,164
62,171,163
62,171,163
62,170,164
62,170,164
62,170,164
62,170,164
62,170,164
62,170,164
61,170,164
61,170,163
60,169,163
58,168,161
58,168,160
56,167,160
55,167,159
52,166,158
52,165,157
50,164,156
49,163,156
48,163,155
47,163,155
47,163,155
46,164,155
46,164,155
46,163,154
45,163,155
64,172,164
63,172,164
63,172,164
63,171,164
63,171,164
63,171,164
62,171,163
62,170,164
61,171,163
61,171,163
61,171,163
60,171,163
60,171,163
60,171,163
60,170,162
60,170,162
60,170,162
59,169,163
59,169,163
59,169,163
59,169,163
59,169,163
60,170,162
60,170,162
60,170,162
60,170,162
60,170,162
60,170,162
60,170,162
59,169,163
59,169,163
59,169,163
59,169,163
59,169,162
59,169,162
59,169,162
59,169,162
60,170,162
60,170,162
60,170,162
60,170,162
60,171,163
61,171,163
61,171,163
61,171,163
62,171,164
62,171,164
63,171,163
63,171,164
63,171,164
63,172,164
63,172,164
63,172,164
63,172,164
63,172,164
63,171,164
63,171,164
63,171,164
63,171,164
62,171,163
61,171,163
61,171,163
60,170,163
60,170,163
60,171,163
60,171,163
60,171,163
61,171,163
61,171,163
61,170,163
61,170,164
61,171,164
61,171,164
62,171,163
63,171,164
63,171,164
63,172,164
64,172,164
64,172,164
64,172,164
64,172,164
64,172,164
64,172,164
65,172,165
64,172,164
64,172,164
63,172,164
63,172,164
63,171,164
63,171,164
62,171,163
62,170,164
61,170,163
60,171,163
60,170,162
59,169,162
59,169,162
59,169,162
58,169,161
58,169,161
58,169,161
59,169,162
59,169,162
60,170,162
59,169,162
59,169,163
59,169,163
59,169,163
59,169,163
60,170,163
60,171,163
61,170,163
62,170,164
62,170,164
62,170,164
62,170,164
62,171,163
62,171,163
62,171,163
62,171,164
62,171,164
62,170,164
62,170,164
62,170,164
61,170,164
61,170,163
61,170,163
60,169,163
58,168,161
58,168,160
56,167,160
54,167,159
52,166,158
52,165,157
51,165,157
49,163,156
48,163,155
47,163,155
47,163,155
46,164,155
46,164,155
46,163,154
45,163,155
64,172,164
64,172,164
63,172,164
63,172,164
63,171,164
63,171,164
62,171,163
62,171,163
62,170,164
61,171,163
61,171,163
60,171,163
60,171,163
60,171,163
60,171,163
60,170,162
60,170,162
60,170,162
60,170,162
60,170,162
59,169,162
59,169,163
59,169,163
60,170,162
60,170,162
60,170,162
60,170,162
60,170,162
60,170,162
60,170,162
59,169,163
59,169,163
59,169,163
59,169,162
59,169,162
59,169,162
59,169,162
60,170,162
60,170,162
60,170,162
60,170,162
60,170,162
60,171,163
61,171,163
61,171,163
61,171,163
62,171,164
62,171,164
63,171,163
63,171,164
63,172,164
63,172,164
63,172,164
63,172,164
64,172,164
64,172,164
63,172,164
63,172,164
63,172,164
63,171,164
63,171,164
63,171,164
62,171,164
61,171,164
61,170,164
61,170,164
61,171,163
62,170,164
62,170,164
62,170,164
62,170,164
62,170,164
61,171,164
62,171,164
63,171,164
63,171,164
63,172,164
64,172,164
64,172,164
64,172,164
64,172,164
65,172,165
65,172,165
65,172,165
65,172,165
65,172,165
65,172,165
64,172,164
64,172,164
63,172,164
63,172,164
63,172,164
63,171,164
62,170,164
61,170,163
61,170,163
60,171,163
60,170,162
60,170,162
60,170,162
60,170,162
60,170,162
60,170,162
60,170,162
60,170,162
60,170,162
60,170,162
59,169,163
59,169,163
59,169,163
60,170,163
60,170,163
61,171,163
62,170,164
62,170,164
62,170,164
62,170,164
62,171,163
62,171,163
63,171,164
63,171,164
63,171,164
63,171,164
62,171,164
62,170,164
62,170,164
62,170,164
61,170,163
61,170,163
59,169,162
59,169,162
58,168,160
56,167,160
54,167,159
52,166,158
52,165,157
51,165,157
48,164,155
48,163,155
47,163,155
46,164,155
46,164,155
46,164,155
46,163,154
46,163,154
65,172,165
64,172,164
64,172,164
63,172,164
63,172,164
63,171,164
63,171,164
62,171,163
62,170,164
62,170,164
61,171,163
61,171,163
60,171,163
60,171,163
60,171,163
60,171,163
60,171,163
60,170,162
60,170,162
60,170,162
60,170,162
60,170,162
60,170,162
60,170,163
60,171,163
60,171,163
60,171,163
60,170,162
60,170,162
60,170,162
60,170,162
60,170,162
60,170,162
60,170,162
60,170,162
60,170,162
60,170,162
60,170,162
60,170,162
60,170,162
60,170,162
60,170,162
60,171,163
60,171,163
61,171,163
61,171,163
61,171,163
62,171,164
63,171,163
63,171,164
63,172,164
63,172,164
63,172,164
64,172,164
64,172,164
64,172,164
64,172,164
64,172,164
64,172,164
63,172,164
63,172,164
63,172,164
63,171,164
63,171,164
62,171,164
62,171,164
62,171,164
62,171,164
63,171,164
63,171,164
63,171,164
63,171,164
62,171,164
62,171,164
63,171,164
63,171,164
63,172,164
64,172,164
64,172,164
64,172,164
65,172,165
65,172,165
65,172,165
65,172,165
65,172,165
65,172,165
65,172,165
65,172,165
65,172,165
65,172,165
64,172,164
64,172,164
63,172,164
63,172,164
63,172,164
63,172,164
62,170,164
61,170,163
61,170,163
61,170,163
61,170,163
60,171,163
60,170,162
60,170,162
60,170,162
60,171,163
60,171,163
60,170,162
60,170,163
60,170,163
60,170,163
60,170,163
60,170,163
61,170,164
62,170,164
62,170,164
62,170,164
62,170,164
62,171,163
63,171,164
63,171,164
63,171,164
63,171,164
63,171,164
63,171,164
63,171,164
62,171,164
62,171,164
62,170,164
62,170,164
61,170,163
60,169,163
59,169,162
58,168,160
56,167,160
54,167,159
52,166,158
52,165,157
51,165,157
50,165,156
48,163,156
48,163,156
47,163,155
47,163,155
47,163,155
47,163,154
46,163,155
65,172,165
65,172,165
64,172,164
64,172,164
63,172,164
63,171,164
63,171,164
63,171,164
62,170,164
62,170,164
62,170,164
61,171,163
61,171,163
61,171,163
60,171,163
60,171,163
60,171,163
60,171,163
60,171,163
60,171,163
60,171,163
61,171,163
60,171,163
60,171,163
61,171,163
61,171,163
61,171,163
60,171,163
60,171,163
60,170,162
60,170,162
60,170,162
60,170,162
60,170,162
60,170,162
60,170,162
60,170,162
60,170,162
59,169,162
60,170,162
60,170,162
60,170,162
60,170,162
60,171,163
60,171,163
60,171,163
61,171,163
62,171,164
63,171,163
63,172,164
64,172,164
64,172,164
64,172,164
64,172,164
64,172,164
65,172,165
65,172,165
65,172,165
64,172,164
64,172,164
64,172,164
63,172,164
63,172,164
63,172,164
63,172,165
63,171,164
63,171,164
63,171,163
63,172,164
63,172,164
63,172,164
63,172,164
63,172,164
63,172,164
63,172,164
63,172,164
64,172,164
64,172,164
64,172,164
64,172,164
65,172,165
65,172,165
65,172,165
65,172,165
65,172,165
65,172,165
65,172,165
65,172,165
65,172,165
65,172,165
65,172,165
65,172,165
64,172,164
64,172,164
64,172,164
64,171,164
63,172,164
63,172,164
63,172,164
63,170,163
62,170,164
61,170,163
61,170,163
61,170,163
60,171,163
61,170,163
61,170,163
61,170,163
60,171,163
60,171,163
60,170,163
60,170,163
60,170,163
61,170,164
61,170,164
62,170,164
62,170,164
62,170,164
62,170,164
63,171,164
63,171,164
63,170,164
63,171,164
63,171,164
63,171,164
63,171,164
63,171,164
63,171,164
63,171,164
62,171,163
62,171,163
63,170,163
61,170,163
61,170,163
60,169,161
58,168,160
57,168,160
54,167,159
53,166,158
52,165,157
51,165,157
50,165,156
48,164,156
48,163,156
48,163,156
48,163,156
48,163,156
47,163,155
47,163,155
65,172,165
65,172,165
65,172,165
64,172,164
64,172,164
63,172,164
63,171,164
63,171,164
63,171,164
62,170,164
62,170,164
61,171,163
61,171,163
61,171,163
61,171,163
61,171,163
61,171,163
61,171,163
60,171,163
61,171,163
61,171,163
61,171,163
61,171,163
61,171,163
61,171,163
61,171,163
61,171,163
61,171,163
60,171,163
60,171,163
60,171,163
60,171,163
60,170,162
60,170,162
60,170,162
60,170,162
60,170,162
60,170,162
59,169,162
59,169,163
59,169,163
60,170,163
60,170,162
60,170,162
60,171,163
61,171,163
61,171,163
62,171,164
63,171,164
63,172,164
64,172,164
64,172,164
64,172,164
65,172,165
65,172,165
65,172,165
65,172,165
65,172,165
65,172,165
65,172,165
65,172,165
64,172,164
64,172,164
64,172,164
64,172,164
63,172,164
63,172,164
63,172,164
64,172,164
64,172,164
64,172,164
64,172,164
63,172,164
63,172,164
63,172,164
63,172,164
64,172,164
64,172,164
64,172,164
65,172,165
65,172,165
65,172,165
65,172,165
66,173,166
66,173,166
66,173,166
66,173,166
66,172,166
66,173,166
65,173,165
65,173,165
65,172,165
65,172,165
65,172,165
65,172,165
64,172,164
65,171,165
64,172,164
63,172,164
63,172,164
64,171,164
63,171,164
63,171,164
62,171,163
62,170,164
61,170,163
61,170,163
61,170,163
61,170,163
61,170,163
61,171,163
61,170,164
61,170,164
61,170,164
61,170,164
62,170,164
62,170,164
62,170,164
62,170,164
62,171,163
63,171,164
63,171,164
63,171,164
63,172,164
63,172,164
63,172,164
63,172,164
64,172,164
64,172,164
63,172,164
63,172,164
63,172,164
64,171,164
63,170,164
62,170,163
61,170,163
60,170,162
59,169,161
57,168,161
55,167,159
54,166,158
52,166,158
51,165,157
50,165,157
48,164,156
49,163,157
48,163,156
48,163,156
48,163,156
48,163,156
48,163,156
65,172,165
65,172,165
65,172,165
64,172,164
63,172,164
63,171,164
63,171,164
63,171,164
63,171,164
62,170,164
62,170,164
61,171,163
62,170,164
62,170,164
62,170,164
62,170,164
61,171,163
61,171,163
61,171,163
61,171,163
61,171,163
61,171,163
61,171,163
61,170,163
62,170,163
61,170,163
62,170,163
62,170,163
61,171,163
60,171,163
60,171,163
60,171,163
60,171,163
60,171,163
60,171,163
60,170,162
60,170,162
60,170,162
60,170,163
59,169,163
59,169,163
60,170,163
60,170,163
60,170,163
60,171,163
61,171,163
63,171,163
63,171,164
63,172,164
64,172,164
64,172,164
64,172,164
65,172,165
65,172,165
65,172,165
65,172,165
65,172,165
65,172,165
65,172,165
65,172,165
65,172,165
64,172,164
64,172,164
64,172,164
64,172,164
64,172,164
64,172,164
64,172,164
64,172,164
64,172,164
64,172,164
64,172,164
64,172,164
64,172,164
64,172,164
64,172,164
64,172,164
64,172,164
64,172,164
65,172,165
65,172,165
65,172,165
66,173,166
66,173,166
66,173,166
66,173,166
66,172,166
66,172,166
66,172,166
66,172,166
66,172,166
65,173,165
65,172,165
65,172,165
65,172,165
65,172,165
65,172,165
64,172,164
64,172,164
64,172,164
64,171,164
63,172,164
63,172,164
63,172,164
63,171,164
63,171,164
62,171,163
62,170,164
62,170,164
62,170,164
61,170,163
61,171,163
61,171,163
61,170,164
62,170,164
62,170,164
62,170,164
62,170,164
62,171,163
63,171,164
63,171,164
63,171,164
64,171,164
64,171,164
63,172,164
63,172,164
64,172,164
64,172,164
64,172,164
64,172,164
64,172,164
63,172,164
63,172,164
64,171,164
63,170,164
62,170,164
61,170,163
60,170,162
59,169,161
57,168,161
55,167,159
54,167,158
52,166,158
51,165,157
50,164,157
50,164,157
49,163,157
49,163,157
48,163,156
48,163,156
48,163,156
65,172,165
65,172,165
65,172,165
64,172,164
64,172,164
63,172,164
63,172,164
63,171,164
63,171,164
63,171,164
62,170,164
62,170,164
62,170,164
62,170,164
63,170,163
63,170,163
63,170,163
63,170,163
61,171,163
61,171,163
61,171,163
61,171,163
61,171,163
61,171,163
62,170,164
62,170,164
61,171,163
61,171,163
62,170,164
61,171,163
60,171,163
60,171,163
60,171,163
60,171,163
60,171,163
60,171,163
60,171,163
60,171,163
60,170,162
60,170,163
60,170,163
60,170,163
60,170,163
60,170,163
60,170,163
61,171,163
62,171,164
63,171,164
63,172,164
64,172,164
64,172,164
64,172,164
65,172,165
65,173,165
65,173,165
65,173,165
65,173,165
65,173,165
65,172,165
65,172,165
65,172,165
65,172,165
65,172,165
65,172,165
64,172,164
64,172,164
64,172,164
64,172,164
64,172,164
64,172,164
64,172,164
64,172,164
64,172,164
64,172,164
64,172,164
64,172,164
64,172,164
64,172,164
65,172,165
65,172,165
65,172,165
65,172,165
66,173,166
66,173,166
66,173,166
66,173,166
66,172,166
66,172,166
66,172,166
66,172,166
66,172,166
66,172,166
66,173,166
66,173,166
65,172,165
65,172,165
65,172,165
66,172,166
66,172,166
66,172,166
65,172,165
65,171,165
65,171,165
65,171,165
64,172,164
63,172,164
63,172,164
63,172,164
63,172,164
63,171,164
63,171,164
63,171,164
63,171,163
63,171,164
63,171,164
63,171,164
63,171,164
63,171,164
63,171,164
63,171,164
63,171,164
63,171,164
63,172,164
64,171,164
64,171,164
63,172,164
63,172,164
64,172,164
64,172,164
64,172,164
64,172,164
63,172,164
63,172,164
63,172,164
63,172,164
64,171,164
63,171,164
62,171,163
62,170,163
61,170,162
60,170,162
58,168,160
55,167,159
54,167,158
52,166,158
52,165,157
51,165,158
50,164,157
49,163,157
49,163,157
49,163,157
49,163,157
49,163,157
64,172,164
64,172,164
64,172,164
64,172,164
64,172,164
64,172,164
63,172,164
63,171,164
63,171,164
63,171,164
63,171,164
62,170,164
61,170,164
61,170,164
62,170,164
63,170,163
63,170,163
63,170,164
63,170,164
62,171,163
61,171,163
61,171,163
61,171,163
61,171,163
61,171,163
62,170,164
62,170,164
61,171,163
61,171,163
62,170,164
61,171,163
60,171,163
61,171,163
60,171,163
60,171,163
60,171,163
61,170,163
60,171,163
60,171,163
60,171,163
60,170,163
60,170,163
60,170,163
60,170,163
61,170,164
62,171,164
62,171,164
63,171,163
63,171,164
64,172,164
64,172,164
64,172,164
65,172,165
65,172,165
65,172,165
65,173,165
65,173,165
65,172,165
65,172,165
65,172,165
65,172,165
65,172,165
65,172,165
65,172,165
65,172,165
64,172,164
64,172,164
64,172,164
64,172,164
64,172,164
64,172,164
64,172,164
65,172,165
65,172,165
65,172,165
65,172,165
64,172,164
64,172,164
65,172,165
65,172,165
65,172,165
65,172,165
66,173,166
66,173,166
66,173,166
66,173,166
66,173,166
66,173,166
66,172,166
66,172,166
66,172,166
66,173,166
66,173,166
66,173,166
66,173,166
66,172,166
66,172,166
66,172,166
66,172,166
66,172,166
66,172,166
66,172,166
66,172,166
65,172,165
65,172,165
65,172,165
65,172,165
65,172,165
65,172,165
64,172,164
64,172,164
64,172,164
63,172,164
63,172,164
63,172,164
63,171,164
63,171,164
63,171,164
63,171,164
63,171,164
63,171,164
63,171,164
63,171,164
63,171,164
63,171,164
63,172,164
63,172,164
63,172,164
63,172,164
64,172,164
64,172,164
63,172,164
63,172,164
63,172,164
63,172,164
63,171,164
63,170,164
63,171,164
63,170,164
63,170,164
62,170,163
61,170,162
60,170,162
58,168,161
56,167,160
54,167,158
52,166,158
52,165,157
51,165,157
50,164,156
49,163,157
49,163,157
49,163,157
49,163,157
49,163,157
63,171,165
63,171,165
64,172,165
64,172,164
64,172,164
64,172,164
63,172,164
63,172,164
63,171,164
63,171,164
63,171,164
63,171,164
61,171,164
61,170,164
61,170,164
61,171,164
62,171,163
63,170,164
63,170,164
63,170,164
63,171,164
62,171,164
62,171,164
62,171,164
62,171,164
62,171,164
62,171,163
62,170,164
61,171,163
61,171,163
62,170,164
61,171,163
61,171,163
61,171,163
61,171,163
61,171,163
61,171,163
62,170,164
61,171,163
61,171,163
61,171,163
60,170,163
60,170,163
61,170,164
61,171,164
62,171,164
62,171,164
63,171,164
63,171,164
64,172,164
64,172,164
65,172,165
65,173,165
65,172,165
65,172,165
65,172,165
65,172,165
65,172,165
65,172,165
65,172,165
65,172,165
65,172,165
65,172,165
65,172,165
65,172,165
65,172,165
65,172,165
65,172,165
64,172,164
64,172,164
64,172,164
65,172,165
65,172,165
65,172,165
65,172,165
65,172,165
65,172,165
65,172,165
65,172,165
65,172,165
65,172,165
65,172,165
65,172,165
66,173,166
66,173,166
66,173,166
66,173,166
66,173,166
66,173,166
66,173,166
66,173,166
66,173,166
66,173,166
66,173,166
66,173,166
66,173,166
66,173,166
66,172,166
66,172,166
66,172,166
67,172,165
66,172,166
66,173,166
66,173,166
66,173,166
66,173,166
66,173,166
66,173,166
66,173,166
65,172,165
65,172,165
65,172,165
64,172,164
64,172,164
64,172,164
64,172,164
64,172,164
63,172,164
64,172,164
64,172,164
64,172,164
64,172,164
63,172,164
63,172,164
63,171,164
63,171,164
63,171,164
63,171,164
63,172,164
63,172,164
63,172,164
63,172,164
63,172,164
63,172,164
63,171,164
63,171,164
63,171,164
63,172,164
63,171,164
63,172,164
64,171,164
64,171,164
63,170,163
61,170,163
61,169,162
58,168,161
56,167,160
54,167,158
52,166,158
52,165,157
51,165,157
51,165,157
49,163,157
49,163,157
49,163,157
49,163,157
49,163,157
63,171,165
63,171,165
63,171,165
63,171,165
63,172,165
64,172,164
64,172,164
63,172,164
63,172,164
63,171,164
63,171,164
63,171,164
62,170,164
61,170,164
61,170,164
61,170,164
61,171,164
62,171,163
63,171,164
63,171,164
63,171,164
63,171,164
63,171,164
63,171,164
63,171,164
63,171,164
63,171,164
63,171,164
62,171,163
62,170,164
62,170,164
62,170,164
62,170,164
61,171,163
62,170,164
62,170,164
62,170,164
62,170,164
62,170,164
62,170,164
62,170,164
62,170,164
62,170,164
61,171,163
62,171,164
62,171,164
63,171,164
63,171,165
63,171,165
64,172,164
65,172,165
65,172,165
65,172,165
65,172,165
65,172,165
65,172,165
65,172,165
65,172,165
65,172,165
65,172,165
65,172,165
65,172,165
65,172,165
65,172,165
65,172,165
65,172,165
65,172,165
65,172,165
65,172,165
65,172,165
65,172,165
65,172,165
65,172,165
65,172,165
65,172,165
65,172,165
65,172,165
65,172,165
65,172,165
65,172,165
65,172,165
65,172,165
66,173,166
66,173,166
66,173,166
66,173,166
66,173,166
66,173,166
65,172,165
65,172,165
65,172,165
66,173,166
66,173,166
66,172,166
66,172,166
66,172,166
66,173,166
66,173,166
66,173,166
66,172,166
67,172,165
67,172,165
67,172,165
67,172,165
67,172,165
66,173,166
66,173,166
66,173,166
66,173,166
66,173,166
66,173,166
66,173,166
65,172,165
65,172,165
65,172,165
64,172,164
64,172,164
64,172,164
64,172,164
64,172,164
64,172,164
64,172,164
64,172,164
64,172,164
64,172,164
63,172,164
63,172,164
63,171,164
63,171,164
63,171,164
63,171,164
63,172,164
63,172,164
63,172,164
63,172,164
63,171,164
63,171,164
63,171,164
63,172,164
63,172,164
63,172,164
64,171,164
65,171,165
64,171,164
64,171,163
62,170,163
61,169,162
58,168,160
55,167,159
54,167,158
52,166,158
52,165,157
51,165,157
50,164,156
50,164,157
49,163,157
50,164,157
50,164,157
50,164,156
63,172,165
63,171,165
63,171,165
63,171,165
63,171,165
63,172,164
63,172,164
64,172,164
63,172,164
63,171,164
63,171,164
63,171,164
62,170,164
62,170,164
61,171,164
61,171,164
61,171,164
62,170,164
62,171,163
63,171,164
63,171,164
63,171,164
63,171,164
63,171,164
63,171,164
63,172,164
63,172,164
63,172,164
63,172,164
63,171,164
62,171,163
62,170,164
62,170,164
62,170,164
62,170,164
62,170,164
62,170,164
62,170,164
62,171,163
63,171,164
63,171,164
63,171,164
63,171,164
63,171,164
63,171,164
63,171,164
63,171,164
63,171,164
64,172,164
65,172,165
65,172,165
65,172,165
65,173,165
65,173,165
65,172,165
65,172,165
65,172,165
65,172,165
65,172,165
65,172,165
65,172,165
65,172,165
65,172,165
65,172,165
65,172,165
65,172,165
65,172,165
65,172,165
65,172,165
65,172,165
65,172,165
65,172,165
65,172,165
65,172,165
65,172,165
65,172,165
65,172,165
65,172,165
65,172,165
65,172,165
65,172,165
65,172,165
66,173,166
66,173,166
66,173,166
66,173,166
66,173,166
65,172,165
65,172,165
65,172,165
65,172,165
65,172,165
65,172,165
65,172,165
66,172,166
66,172,166
66,172,166
65,172,165
65,172,165
66,173,166
66,172,166
67,172,165
67,172,165
67,172,165
67,172,165
66,173,166
66,173,166
66,173,166
66,173,166
66,173,166
66,173,166
66,173,166
66,173,166
66,173,166
66,173,166
65,172,165
65,172,165
65,172,165
64,172,164
64,172,164
64,172,164
64,172,164
64,172,164
64,172,164
64,172,164
64,172,164
64,172,164
63,172,164
63,171,164
63,171,164
63,171,164
63,171,164
63,171,164
63,171,164
63,171,164
63,171,164
63,172,164
63,171,164
63,172,164
63,172,164
63,172,164
63,172,164
64,172,164
64,172,164
65,172,165
65,171,165
65,171,164
63,170,163
61,169,162
57,168,161
54,167,159
53,166,158
52,165,157
51,165,157
51,165,157
50,164,157
50,164,157
50,164,157
50,164,156
50,164,156
50,164,156
63,172,165
63,172,165
63,172,164
64,171,164
63,172,164
63,172,164
63,172,164
63,172,164
63,171,164
63,171,163
62,171,164
61,171,164
61,171,164
61,170,164
61,170,164
61,170,164
61,171,164
61,171,164
62,171,163
63,171,164
63,171,164
63,171,164
63,171,164
63,172,164
63,172,164
63,172,164
63,172,164
63,172,164
63,172,164
63,172,164
63,171,164
62,171,163
62,171,163
62,171,163
62,170,164
62,171,163
62,171,163
63,171,164
63,171,164
63,171,164
63,171,164
63,171,164
63,171,164
63,171,164
63,171,164
63,172,164
64,172,164
64,172,164
65,172,165
65,172,165
65,172,165
65,172,165
65,172,165
65,172,165
65,172,165
66,173,166
66,173,166
66,173,166
66,173,166
66,173,166
66,173,166
65,172,165
65,172,165
65,172,165
65,172,165
65,172,165
65,172,165
65,172,165
65,172,165
65,172,165
65,172,165
65,172,165
65,172,165
65,172,165
65,172,165
65,172,165
65,172,165
65,172,165
66,173,166
66,173,166
65,172,165
66,173,166
66,173,166
66,173,166
65,173,165
65,173,165
65,173,165
65,172,165
65,172,165
65,172,165
65,172,165
65,172,165
65,172,165
65,172,165
65,172,165
65,172,165
65,172,165
65,172,165
65,172,165
65,172,165
65,172,165
66,173,166
66,173,166
66,173,166
66,173,166
66,173,166
66,173,166
66,173,166
66,173,166
66,173,166
66,173,166
66,173,166
66,173,166
66,173,166
66,173,166
66,173,166
66,173,166
66,173,166
66,173,166
65,172,165
64,172,164
65,172,165
65,172,165
64,172,164
64,172,164
64,172,164
64,172,164
64,172,164
63,171,164
63,171,164
63,171,164
63,171,164
63,171,164
63,171,164
63,171,164
63,172,164
63,172,164
63,172,164
63,172,164
64,172,164
64,172,164
64,172,164
65,172,165
65,172,165
65,172,165
66,172,166
66,172,165
65,171,164
63,170,163
61,169,162
56,168,160
54,167,158
53,166,158
52,165,157
51,165,157
51,165,157
50,164,157
50,164,156
50,164,156
51,165,157
50,164,156
63,172,165
63,172,164
64,171,164
64,171,164
64,171,164
64,171,164
63,172,164
63,171,164
62,171,163
61,171,164
61,171,164
61,170,164
61,170,164
61,170,164
61,170,164
61,170,164
61,171,164
61,171,164
62,171,164
62,171,163
63,171,164
63,171,164
63,171,164
63,172,164
63,171,165
63,171,165
63,171,165
63,171,164
63,172,164
63,172,164
63,172,164
63,172,164
63,172,164
63,170,164
63,170,164
63,171,164
63,171,164
63,171,164
63,171,164
63,171,164
63,172,164
63,171,164
63,171,164
63,171,164
63,172,164
63,172,164
64,172,164
64,172,164
65,172,165
65,172,165
65,172,165
65,172,165
65,172,165
65,172,165
66,173,166
66,173,166
66,173,166
66,173,166
66,173,166
66,173,166
66,173,166
66,173,166
66,173,166
66,173,166
66,173,166
66,173,166
65,172,165
65,172,165
65,172,165
65,172,165
65,172,165
65,172,165
65,172,165
65,172,165
65,172,165
65,172,165
65,172,165
65,172,165
65,172,165
66,173,166
66,173,166
66,173,166
66,173,166
66,173,166
66,173,166
65,172,165
65,172,165
65,172,165
65,172,165
65,172,165
65,172,165
64,172,164
64,172,164
63,172,164
63,172,164
63,171,164
63,171,163
63,171,163
63,171,164
64,172,164
64,172,164
65,172,165
65,172,165
65,172,165
65,172,165
66,173,166
66,173,166
66,173,166
66,173,166
66,173,166
66,173,166
66,173,166
66,173,166
66,173,166
66,173,166
66,173,166
66,173,166
66,173,166
66,173,166
66,172,166
66,172,166
66,173,166
65,172,165
65,172,165
65,172,165
65,172,165
65,172,165
65,172,165
64,172,164
64,172,164
63,172,164
63,171,164
63,171,164
63,171,164
63,171,164
63,172,164
63,172,164
64,172,164
64,172,164
65,172,165
64,172,164
64,172,164
65,172,165
65,172,165
66,173,166
66,173,166
67,172,165
67,173,165
69,173,166
66,172,165
63,170,163
61,169,162
56,168,160
54,167,158
53,166,158
52,165,157
51,165,157
50,165,156
50,165,156
50,165,156
51,165,157
50,164,156
50,164,156
63,172,165
63,172,165
64,171,164
64,171,164
64,171,164
64,171,164
64,171,164
63,170,164
62,171,163
61,171,164
61,170,164
61,170,164
61,170,164
61,170,164
61,170,164
61,170,164
61,171,164
61,171,164
62,171,164
62,171,163
63,171,164
63,171,164
63,171,164
63,172,164
63,171,165
63,171,165
63,171,165
63,171,165
63,171,165
63,172,164
63,172,164
63,172,164
63,172,164
63,172,164
63,170,164
63,170,164
63,171,164
63,171,164
63,171,164
63,172,164
63,172,164
63,172,164
63,171,164
63,171,164
63,171,164
63,172,164
64,172,164
64,172,164
65,172,165
65,172,165
65,172,165
65,172,165
65,172,165
65,172,165
66,173,166
66,173,166
66,173,166
66,173,166
66,173,166
66,173,166
66,173,166
66,173,166
66,173,166
66,173,166
66,173,166
66,173,166
66,173,166
66,173,166
66,173,166
65,172,165
65,172,165
65,172,165
65,172,165
65,172,165
65,172,165
65,172,165
65,172,165
66,173,166
65,172,165
66,173,166
66,173,166
66,172,166
66,172,166
66,172,166
66,173,166
65,172,165
65,172,165
65,172,165
65,172,165
65,172,165
64,172,164
64,172,164
64,172,164
63,172,164
63,172,164
63,171,164
63,171,163
62,171,164
62,171,164
62,171,164
63,171,163
63,171,163
63,171,164
64,172,164
64,172,164
65,172,165
65,172,165
65,172,165
65,172,165
65,172,165
65,172,165
65,172,165
65,172,165
65,172,165
66,173,166
66,173,166
66,173,166
66,173,166
66,173,166
66,173,166
67,172,166
67,172,166
67,172,166
66,172,166
66,172,166
66,172,166
65,172,165
65,172,165
65,172,165
65,172,165
64,172,164
64,172,164
63,172,164
63,172,164
63,172,164
63,172,164
63,172,164
63,172,164
64,172,164
65,172,165
65,172,165
65,172,165
65,172,165
66,172,166
66,173,166
66,173,166
66,173,166
67,173,166
68,174,166
70,174,167
70,174,166
67,172,165
63,170,163
59,169,162
55,167,160
54,166,158
53,166,158
52,165,157
50,166,156
50,166,156
50,165,156
50,166,156
50,164,156
50,164,156
50,164,156
63,172,165
63,172,165
63,172,164
64,171,164
64,171,164
64,171,164
64,171,164
63,170,163
62,170,164
62,170,164
61,170,164
61,170,164
61,170,164
61,170,164
61,170,164
61,171,164
61,171,164
62,171,163
62,171,163
62,171,163
63,171,164
63,172,164
63,172,164
63,172,164
63,171,165
63,171,165
63,171,165
63,171,165
63,171,165
63,171,165
63,172,165
63,172,164
63,172,164
63,172,164
63,172,164
63,172,165
63,171,164
63,171,164
63,172,165
63,172,165
63,172,164
63,172,164
63,171,164
63,171,164
63,171,164
64,172,164
64,172,164
64,172,164
65,172,165
65,172,165
65,172,165
65,172,165
65,172,165
66,173,166
66,173,166
66,173,166
66,173,166
66,173,166
66,173,166
66,173,166
66,173,166
66,173,166
67,172,165
67,172,165
67,172,165
66,173,166
66,173,166
66,173,166
66,173,166
66,173,166
65,172,165
65,172,165
65,172,165
65,172,165
65,172,165
65,172,165
66,173,166
66,173,166
66,173,166
66,173,166
66,173,166
66,172,166
66,172,166
66,172,166
66,173,166
65,172,165
65,172,165
65,172,165
65,172,165
65,172,165
64,172,164
64,172,164
64,172,164
63,171,164
63,171,164
63,171,163
62,171,164
62,171,164
62,171,164
62,171,164
62,171,164
62,171,164
63,171,163
63,171,163
63,171,164
63,171,164
63,171,164
64,172,164
65,172,165
65,172,165
65,172,165
65,173,165
65,173,165
65,172,165
65,172,165
66,173,166
66,173,166
66,173,166
66,173,166
66,173,166
66,173,166
66,173,166
66,173,166
67,172,165
66,172,166
66,172,166
66,173,166
66,173,166
65,172,165
65,172,165
65,172,165
64,172,164
64,172,164
63,172,164
63,172,164
63,172,164
64,172,164
64,172,164
65,172,165
65,172,165
66,173,166
66,173,166
66,172,166
66,172,166
66,172,166
66,173,166
67,173,166
68,174,166
68,174,166
70,174,167
70,174,167
69,173,166
66,172,165
62,170,163
57,168,161
55,167,159
54,166,158
52,166,158
52,165,157
51,165,157
50,166,156
50,166,156
50,164,156
50,164,156
50,164,156
64,172,164
64,172,164
63,172,164
63,172,164
64,171,164
64,171,164
64,171,164
64,171,164
64,171,164
62,170,164
61,170,164
61,170,164
61,170,164
61,170,164
61,170,164
61,170,164
61,171,164
62,171,164
63,171,164
63,171,164
63,171,164
63,172,164
63,172,164
63,172,164
63,172,164
63,172,164
63,171,165
63,171,165
63,171,165
63,171,165
63,171,165
63,171,165
63,172,165
63,172,164
63,172,164
63,172,164
63,172,165
63,172,165
63,172,165
63,172,164
64,172,164
64,172,164
64,172,164
64,172,164
64,172,164
64,172,164
64,172,164
64,172,164
64,172,164
65,172,165
65,172,165
65,172,165
65,172,165
65,172,165
66,173,166
66,173,166
66,173,166
66,173,166
66,173,166
66,173,166
66,173,166
66,173,166
66,173,166
66,172,166
66,172,166
66,173,166
66,173,166
66,173,166
66,173,166
66,173,166
65,172,165
65,172,165
66,172,166
66,172,166
66,172,166
66,172,166
66,173,166
66,173,166
66,173,166
66,173,166
66,173,166
66,173,166
67,172,165
66,172,166
66,172,166
66,173,166
65,172,165
65,172,165
65,172,165
65,172,165
65,172,165
65,172,165
65,172,165
64,172,164
64,172,164
63,171,164
63,171,164
62,171,164
62,171,164
62,171,164
62,171,164
62,171,164
62,171,164
62,171,164
62,171,164
63,171,164
63,171,164
63,171,164
63,171,165
63,171,165
63,171,165
63,171,165
63,171,164
64,172,164
65,172,165
65,172,165
65,172,165
65,172,165
66,173,166
66,173,166
66,173,166
66,173,166
66,173,166
66,173,166
67,172,165
67,172,165
67,172,165
67,172,165
66,172,166
66,173,166
66,173,166
65,172,165
65,172,165
64,172,164
64,172,164
63,172,164
64,172,164
64,172,164
65,172,165
65,172,165
66,173,166
66,173,166
66,172,166
66,172,166
66,172,166
67,172,165
67,172,165
67,173,166
68,173,166
68,174,166
69,174,167
69,173,166
68,172,166
68,172,165
64,171,164
61,169,162
57,168,161
55,167,159
53,166,158
52,166,158
52,165,157
51,165,157
51,165,157
50,164,156
50,164,156
50,164,156
49,163,157
64,172,164
64,172,164
64,172,164
63,172,164
63,172,164
64,171,164
64,171,164
64,171,164
64,171,164
63,171,164
62,170,164
61,170,164
61,170,164
61,170,164
61,170,164
61,170,164
61,171,164
62,171,164
63,171,164
63,171,165
63,171,165
63,172,164
63,172,164
64,172,164
64,172,164
64,172,164
64,172,164
64,172,164
63,171,165
63,171,165
63,171,165
63,171,165
63,171,165
63,171,165
63,171,165
63,171,165
63,172,165
63,171,165
63,172,165
63,172,165
64,172,164
64,172,164
64,172,164
64,172,164
64,172,164
64,172,164
64,172,164
64,172,164
64,172,164
65,172,165
65,172,165
65,172,165
65,172,165
65,172,165
66,172,166
66,172,166
66,172,166
66,173,166
66,173,166
66,173,166
66,173,166
66,173,166
66,173,166
66,172,166
66,172,166
66,172,166
66,172,166
66,173,166
65,172,165
65,172,165
65,172,165
65,172,165
65,172,165
66,172,166
66,172,166
67,172,165
67,172,165
67,172,165
66,173,166
66,173,166
66,173,166
66,173,166
66,173,166
67,172,165
67,172,165
67,172,165
66,173,166
66,173,166
65,172,165
65,172,165
65,172,165
65,172,165
65,172,165
65,172,165
65,173,165
65,173,165
65,172,165
64,172,164
63,171,164
63,171,163
62,171,164
62,171,164
62,171,164
62,171,164
62,171,164
62,171,164
62,171,164
63,171,164
63,171,164
63,171,164
61,171,164
61,171,164
61,171,164
63,171,164
63,171,164
63,171,164
64,172,164
65,172,165
65,172,165
65,172,165
66,173,166
66,173,166
66,173,166
66,173,166
66,173,166
66,173,166
67,172,165
67,172,165
67,172,165
67,172,165
67,172,165
66,173,166
65,172,165
65,172,165
64,172,164
64,172,164
64,172,164
64,172,164
64,172,164
65,172,165
65,173,165
66,173,166
66,173,166
66,172,166
67,172,165
67,172,165
67,172,165
67,172,165
67,173,166
67,173,166
68,173,166
68,173,166
68,173,166
68,172,165
68,172,165
66,172,165
62,170,163
59,168,161
57,168,161
55,167,159
53,166,158
52,165,157
51,165,157
51,165,157
51,165,157
50,164,156
50,164,156
49,163,157
48,163,156
64,172,164
64,172,164
64,172,164
63,172,164
63,172,164
64,171,164
64,171,164
64,171,164
63,171,164
62,170,164
62,170,164
61,170,164
61,170,164
61,170,164
61,170,164
61,170,164
61,171,164
62,171,164
63,171,165
63,172,164
63,172,164
64,172,164
64,172,164
64,172,164
64,172,164
64,172,164
64,172,164
64,172,164
64,172,164
63,171,165
63,171,165
63,171,165
63,171,165
63,171,165
63,171,165
63,171,165
63,171,165
63,171,165
63,172,165
64,172,164
64,172,164
64,172,164
64,172,164
64,172,164
64,172,164
64,172,164
64,172,164
64,172,164
65,172,165
65,172,165
65,172,165
65,172,165
66,172,166
66,172,166
66,172,166
66,172,166
66,172,166
67,172,165
67,172,165
66,173,166
66,173,166
67,172,165
66,172,166
66,172,166
66,172,166
66,172,166
66,172,166
66,173,166
65,172,165
65,172,165
65,172,165
65,172,165
66,172,166
66,172,166
67,172,165
67,172,165
67,172,165
67,173,166
67,173,166
67,173,166
67,173,166
67,173,166
67,173,166
67,172,165
67,172,165
66,173,166
66,173,166
66,173,166
66,173,166
66,173,166
66,173,166
66,173,166
66,173,166
66,173,166
66,173,166
66,173,166
65,173,165
65,172,165
65,172,165
64,172,164
63,172,164
63,171,164
63,171,164
62,171,164
62,171,164
62,171,164
62,171,164
63,171,164
63,171,164
61,171,164
61,171,164
61,171,164
61,171,164
61,171,164
62,171,164
63,171,163
63,171,164
63,171,164
64,172,164
65,172,165
65,173,165
65,172,165
66,173,166
66,173,166
66,173,166
66,173,166
66,173,166
67,172,165
67,172,165
67,172,165
67,172,165
66,173,166
66,173,166
65,172,165
65,172,165
64,172,164
64,172,164
65,172,165
65,172,165
65,172,165
66,173,166
66,173,166
66,173,166
67,172,165
67,172,165
67,173,165
67,172,165
67,173,166
67,173,166
67,173,166
67,173,166
67,173,166
67,173,166
67,173,166
67,173,165
67,172,165
65,171,164
62,170,163
59,169,161
56,167,160
54,167,159
52,166,158
52,165,157
51,165,157
51,165,157
51,165,157
50,164,156
49,163,157
48,163,156
64,172,164
64,172,164
64,172,164
64,172,164
63,172,164
63,172,164
63,171,164
63,171,164
63,171,164
62,170,164
62,170,164
61,170,164
61,170,164
61,170,164
61,170,164
61,170,164
61,170,164
62,171,164
63,171,164
63,171,165
63,171,165
64,172,164
64,172,164
64,172,164
65,172,165
65,172,165
65,172,165
65,172,165
65,172,165
65,172,165
64,172,164
64,172,165
63,171,165
63,171,165
63,171,165
63,171,165
63,171,165
63,171,165
63,171,165
64,172,164
64,172,164
64,172,164
64,172,164
64,172,164
64,172,164
64,172,164
64,172,164
64,172,164
65,172,165
65,172,165
65,172,165
65,172,165
65,172,165
66,172,166
66,172,166
66,172,166
66,172,166
67,172,165
67,172,165
67,172,165
67,172,165
67,172,165
66,172,166
66,172,166
66,172,166
66,172,166
66,172,166
66,172,166
65,172,165
65,172,165
65,172,165
65,172,165
65,172,165
66,173,166
66,172,166
67,172,165
67,172,165
67,173,166
67,173,166
67,173,166
67,173,166
67,173,166
66,173,166
67,173,166
67,173,166
66,173,166
66,173,166
66,173,166
66,173,166
66,173,166
66,173,166
66,173,166
66,173,166
66,173,166
66,173,166
66,173,166
66,173,166
66,173,166
66,173,166
66,172,166
65,172,165
65,172,165
65,171,165
64,172,164
63,171,164
63,171,164
63,171,164
63,171,164
63,171,164
63,171,164
62,170,164
61,171,164
61,171,164
61,171,164
61,170,164
61,171,164
61,171,163
62,171,164
62,171,164
62,171,164
63,171,164
63,171,165
65,173,165
65,172,165
66,173,166
66,173,166
66,173,166
66,173,166
66,173,166
66,173,166
67,173,166
66,173,166
66,173,166
66,173,166
66,173,166
66,172,166
65,172,165
65,172,165
65,172,165
66,173,166
66,173,166
66,173,166
66,173,166
66,173,166
66,173,166
67,172,165
67,173,165
67,173,166
67,173,166
67,173,166
67,173,166
66,173,166
66,173,166
67,173,166
67,173,166
67,173,166
67,172,165
66,173,165
64,172,164
61,170,163
59,169,161
56,167,160
54,167,158
52,166,158
52,165,157
51,165,157
51,165,157
50,164,156
50,164,156
49,163,156
48,163,155
64,172,164
64,172,164
63,172,164
63,172,164
63,172,164
63,171,164
63,171,164
63,171,164
63,171,164
62,171,163
62,170,164
61,171,164
61,170,164
61,170,164
61,170,164
60,170,163
61,170,164
61,170,164
61,171,164
62,171,164
63,171,164
63,171,165
64,172,164
64,172,164
64,172,164
65,172,165
65,172,165
65,172,165
65,172,165
65,172,165
65,172,165
65,172,165
65,172,165
64,172,164
64,172,165
63,171,165
63,171,165
63,171,165
63,171,165
64,172,164
64,172,164
64,172,164
65,172,165
64,172,164
64,172,164
64,172,164
64,172,164
65,172,165
65,172,165
65,172,165
65,172,165
65,172,165
65,172,165
66,172,166
66,172,166
66,172,166
67,172,165
67,172,165
67,172,165
67,172,165
67,172,165
67,172,165
67,172,165
66,172,166
66,172,166
66,172,166
66,172,166
66,172,166
66,172,166
65,172,165
65,172,165
65,172,165
65,172,165
65,172,165
66,173,166
66,173,166
66,173,166
66,173,166
67,173,166
67,173,166
67,173,166
67,173,166
67,173,166
67,173,166
67,173,166
67,173,166
67,173,166
66,173,166
66,173,166
66,173,166
66,173,166
66,173,166
66,173,166
66,173,166
66,173,166
66,173,166
66,173,166
66,173,166
66,173,166
67,172,165
67,172,165
66,172,166
66,172,166
65,172,165
65,172,165
65,172,165
65,172,165
64,172,164
63,172,164
63,172,164
63,172,164
63,172,164
63,172,164
63,171,164
61,171,163
61,171,163
61,171,163
61,171,163
61,171,163
61,170,164
61,171,164
61,171,164
62,171,164
63,171,164
65,173,165
65,172,165
66,173,166
66,173,166
66,173,166
66,173,166
66,173,166
66,173,166
67,173,166
66,173,166
66,173,166
67,172,165
66,172,166
66,172,166
66,172,166
66,173,166
66,173,166
66,173,166
66,173,166
66,173,166
66,173,166
66,173,166
67,173,166
67,173,166
67,173,166
66,173,166
66,173,166
66,173,166
66,173,166
66,173,166
66,173,166
66,173,166
67,173,166
66,173,165
66,173,165
64,172,164
62,170,163
61,170,162
58,168,161
55,167,159
54,167,158
52,166,158
52,165,157
51,165,157
51,165,157
50,164,156
49,163,156
48,163,155
48,163,155
64,172,164
63,172,164
63,172,164
63,172,164
63,172,165
63,171,164
63,171,164
62,171,164
62,170,164
62,170,164
62,170,164
62,170,164
61,170,164
61,170,164
61,170,164
60,170,163
60,170,163
61,170,164
61,171,164
62,171,164
63,171,164
63,171,165
64,172,164
64,172,164
65,172,165
65,172,165
65,172,165
65,172,165
65,172,165
65,172,165
65,172,165
65,172,165
65,172,165
65,172,165
64,172,164
64,172,164
64,172,164
64,172,164
64,172,164
64,172,164
65,172,165
65,172,165
65,172,165
65,172,165
65,172,165
65,172,165
65,172,165
65,172,165
65,172,165
65,172,165
65,172,165
65,172,165
65,172,165
66,173,166
66,172,166
66,172,166
67,172,165
67,172,165
67,172,165
66,173,166
66,173,166
66,173,166
66,173,166
66,173,166
66,173,166
66,173,166
66,172,166
66,172,166
66,172,166
66,173,166
66,173,166
65,172,165
65,172,165
66,173,166
66,173,166
66,173,166
66,173,166
66,173,166
67,173,166
67,173,166
67,173,166
67,173,166
67,173,166
67,173,166
67,173,166
67,173,166
67,173,166
66,173,166
66,173,166
66,173,166
66,173,166
66,173,166
66,173,166
66,173,166
66,173,166
67,173,166
67,173,166
67,173,166
67,173,166
67,173,166
67,173,166
67,173,166
67,172,165
67,172,165
67,172,165
66,173,166
66,173,166
66,173,166
65,172,165
65,172,165
65,172,165
64,172,164
64,172,164
63,172,164
63,172,164
62,171,164
62,171,164
61,171,163
61,171,163
61,170,164
61,171,164
61,171,164
62,171,164
63,171,164
63,171,164
65,172,165
65,172,165
66,173,166
66,173,166
66,173,166
66,173,166
66,173,166
66,173,166
66,173,166
66,173,166
67,172,165
67,172,165
67,172,165
67,172,165
66,173,166
66,173,166
67,173,166
67,173,166
67,173,166
67,173,166
67,173,166
67,173,166
67,173,166
66,173,166
66,173,166
66,173,166
66,173,166
66,173,166
66,173,166
66,173,166
66,173,166
66,173,166
66,173,166
66,173,165
66,173,165
64,172,164
61,170,163
60,170,162
58,168,161
55,167,159
54,166,158
52,166,158
52,165,157
51,165,157
51,165,157
50,164,156
48,163,155
48,163,155
63,172,164
63,172,164
63,172,164
63,172,164
63,172,164
63,171,164
63,171,164
62,171,164
61,171,164
61,171,164
61,171,164
61,171,163
61,171,163
61,171,163
61,170,164
61,170,164
61,170,164
61,170,164
61,170,164
61,171,164
61,171,164
62,171,164
63,171,164
63,171,165
64,172,164
65,172,165
65,172,165
65,172,165
65,172,165
65,172,165
65,172,165
65,172,165
65,172,165
65,172,165
65,172,165
65,172,165
65,172,165
65,172,165
64,172,164
65,172,165
65,172,165
65,172,165
65,172,165
65,172,165
65,172,165
65,172,165
65,172,165
65,172,165
65,172,165
65,172,165
65,172,165
65,172,165
65,172,165
65,172,165
66,173,166
67,172,165
67,172,165
66,173,166
66,173,166
66,173,166
66,173,166
66,173,166
66,173,166
66,173,166
66,173,166
66,173,166
66,173,166
66,172,166
66,172,166
66,172,166
66,173,166
66,173,166
66,173,166
66,173,166
66,173,166
66,173,166
66,173,166
66,173,166
67,173,166
67,173,166
67,173,166
67,173,166
68,173,167
68,173,166
68,173,166
67,173,166
67,173,166
67,173,166
67,173,166
66,173,166
66,173,166
66,173,166
66,173,166
66,173,166
66,173,166
67,173,166
68,173,166
68,173,166
68,173,166
68,173,166
68,173,166
68,173,166
68,173,166
67,173,166
67,173,166
67,172,165
67,172,165
67,172,165
66,173,166
66,173,166
66,173,166
66,173,166
65,172,165
65,172,165
65,172,165
64,172,164
63,172,164
63,171,163
62,171,163
61,171,163
61,171,163
61,171,164
61,171,164
62,171,164
63,171,164
63,171,164
63,171,164
65,172,165
65,172,165
66,173,166
66,173,166
66,173,166
66,173,166
66,173,166
66,173,166
67,173,166
67,172,165
67,172,165
67,172,165
67,172,165
67,173,166
67,173,166
68,173,166
68,173,166
68,173,166
68,173,166
67,173,166
67,173,166
66,173,166
66,173,166
66,173,166
66,173,166
66,172,166
66,172,166
66,172,166
66,172,166
66,173,166
66,173,166
66,173,166
66,173,166
66,173,166
64,172,164
63,170,163
61,170,162
59,168,161
56,167,160
54,167,159
54,166,158
52,166,158
52,165,157
51,165,157
50,164,156
49,163,156
48,163,155
48,163,155
64,171,164
63,172,164
63,172,164
63,172,164
63,171,164
62,171,163
62,171,164
61,171,164
61,170,164
61,170,164
61,170,164
61,170,163
61,170,163
61,170,163
61,171,163
61,170,164
61,170,164
61,170,164
61,170,164
61,170,164
61,171,164
62,171,164
63,171,164
63,171,165
64,172,164
65,172,165
65,172,165
65,172,165
65,172,165
65,172,165
65,172,165
65,172,165
65,172,165
65,172,165
65,172,165
65,172,165
65,172,165
65,172,165
65,172,165
65,172,165
65,172,165
65,172,165
65,172,165
65,172,165
65,172,165
65,172,165
65,172,165
65,172,165
65,172,165
65,172,165
65,172,165
66,173,166
66,173,166
66,173,166
66,173,166
67,173,166
67,173,166
66,173,166
66,173,166
66,173,166
66,173,166
66,173,166
66,173,166
66,173,166
66,173,166
66,173,166
66,173,166
67,172,165
67,172,165
66,173,166
66,173,166
66,173,166
66,173,166
66,173,166
66,173,166
66,173,166
66,173,166
67,173,166
67,173,166
67,173,166
67,173,166
68,173,167
68,173,166
68,173,166
68,173,166
68,173,167
67,173,166
67,173,166
67,173,166
66,173,166
66,173,166
66,173,166
66,173,166
66,173,166
67,173,166
67,173,166
68,173,166
68,173,166
68,174,166
69,174,167
69,174,167
69,174,167
69,174,167
68,173,166
68,173,166
68,173,166
68,173,166
67,173,166
66,173,166
66,173,166
66,173,166
66,173,166
66,173,166
66,173,166
65,172,165
65,172,165
64,172,164
64,172,164
63,172,164
63,172,164
63,172,164
63,172,164
63,171,164
63,171,164
63,171,164
63,171,164
64,172,164
65,172,165
65,172,165
65,172,165
66,173,166
66,173,166
66,173,166
67,173,166
67,173,166
67,173,166
67,173,166
67,173,166
67,173,166
67,173,166
68,173,166
68,173,166
69,174,167
69,174,167
69,174,167
69,174,167
68,173,166
67,173,166
66,173,167
66,172,166
66,173,166
66,173,166
66,172,166
66,172,166
66,172,166
66,172,166
66,173,166
66,173,166
66,173,166
66,173,166
66,173,166
64,172,164
63,172,164
62,170,163
61,170,162
59,168,161
56,167,160
54,167,158
54,166,158
52,166,158
52,165,157
51,165,157
49,163,157
48,163,155
48,163,155
64,171,164
64,171,164
64,171,164
64,171,164
63,172,164
63,171,164
62,171,163
61,171,164
61,170,164
61,170,164
61,170,164
61,170,164
61,170,163
61,170,163
61,170,163
61,170,163
61,171,163
61,170,164
61,170,164
61,170,164
61,170,164
61,171,164
61,171,164
62,171,164
63,171,164
63,171,164
64,172,164
65,172,165
65,172,165
65,172,165
65,172,165
65,172,165
66,173,166
66,173,166
66,173,166
65,172,165
65,172,165
65,172,165
65,172,165
65,172,165
65,172,165
65,172,165
65,172,165
65,172,165
65,172,165
65,172,165
65,172,165
65,172,165
65,172,165
65,172,165
66,173,166
66,173,166
66,173,166
66,173,166
66,173,166
67,173,166
67,173,166
67,173,166
67,173,166
66,173,166
66,173,166
66,173,166
66,173,166
66,173,166
66,173,166
66,173,166
67,172,165
67,172,165
67,172,165
66,173,166
66,173,166
66,173,166
66,173,166
66,173,166
66,173,166
67,173,166
67,173,166
67,173,166
67,173,166
67,173,166
67,173,166
68,173,166
68,173,166
68,173,166
68,173,166
68,173,166
68,173,166
68,173,166
67,173,166
67,173,166
66,173,166
66,173,166
66,173,166
66,173,166
66,173,166
67,173,166
68,173,166
68,173,166
68,174,166
70,174,167
70,174,167
70,174,167
70,174,167
69,174,167
69,174,167
69,174,167
69,174,167
68,174,166
68,174,166
68,173,166
68,173,166
67,172,165
66,173,166
66,173,166
66,173,166
66,173,166
66,173,166
65,172,165
65,172,165
65,171,165
65,171,165
65,171,165
65,171,165
65,171,165
64,172,164
63,172,164
64,172,164
64,172,164
65,172,165
65,172,165
65,172,165
66,173,166
66,173,166
66,173,166
67,173,166
68,173,166
68,173,166
68,173,166
68,173,166
68,173,166
68,174,166
68,174,166
69,174,167
69,174,167
69,174,167
70,174,167
70,174,167
70,174,167
68,173,166
66,173,166
66,173,166
66,173,166
66,172,166
66,172,166
66,172,166
66,172,166
66,172,166
66,172,166
66,173,166
66,173,166
66,173,166
65,172,165
64,172,164
63,172,164
63,170,163
61,170,163
60,169,161
58,168,160
56,167,160
54,167,158
54,166,158
52,166,158
51,165,157
51,165,158
49,163,157
48,163,156
48,163,156
64,171,164
64,171,164
64,171,164
64,171,164
63,170,164
63,171,164
62,170,164
62,170,164
61,170,164
61,170,164
61,170,164
60,170,163
60,171,163
61,170,163
61,170,163
61,170,163
61,170,163
61,170,164
61,170,164
60,170,163
61,170,164
61,170,164
61,171,164
62,171,164
63,171,164
63,171,164
64,172,164
65,172,165
65,172,165
65,172,165
65,172,165
65,172,165
66,173,166
66,173,166
66,173,166
66,173,166
65,173,165
65,172,165
65,172,165
65,172,165
65,172,165
65,172,165
65,172,165
65,172,165
65,172,165
65,172,165
65,172,165
65,172,165
66,173,166
66,173,166
66,173,166
66,173,166
66,173,166
66,173,166
66,173,166
67,173,166
67,173,166
67,173,166
67,173,166
67,173,166
67,173,166
67,173,166
67,173,166
67,173,166
67,173,166
67,173,166
67,172,165
67,172,165
66,173,166
66,173,166
67,173,166
67,173,166
67,173,166
67,173,166
67,173,166
67,173,166
68,173,166
68,173,166
68,173,166
67,173,166
67,173,166
68,173,166
68,173,166
68,173,166
68,173,166
68,173,166
68,173,166
68,173,166
68,173,166
67,173,166
66,173,166
66,173,166
66,173,166
66,173,166
66,173,166
67,173,166
68,173,166
68,173,166
69,174,167
70,174,167
69,174,167
70,174,167
70,174,167
70,174,167
69,174,167
69,174,167
69,174,167
69,174,167
68,174,166
68,174,166
68,173,166
68,173,166
68,173,166
68,173,166
67,173,166
67,173,166
67,173,166
67,172,165
66,172,166
66,172,166
66,172,166
66,172,166
66,172,166
66,172,166
66,172,166
65,172,165
65,172,165
65,172,165
65,172,165
65,172,165
66,173,166
66,173,166
66,173,166
67,173,166
68,173,166
68,174,166
68,174,166
68,174,166
68,174,166
68,174,166
69,174,167
70,174,167
69,174,167
69,174,167
69,174,167
71,174,168
70,174,168
70,174,168
70,174,167
66,173,166
66,173,166
66,173,166
66,173,166
66,172,166
66,172,166
66,172,166
66,172,166
66,172,166
66,173,166
66,173,166
65,173,165
65,172,165
64,172,164
64,172,164
64,171,164
63,170,163
61,170,162
59,168,161
57,168,160
56,167,160
54,167,158
52,166,158
52,165,157
51,165,158
49,163,157
48,163,156
48,163,156
64,171,164
64,171,164
64,171,164
64,171,164
64,171,164
63,171,164
63,171,164
62,170,164
61,170,164
61,170,164
60,170,163
60,170,163
60,170,163
60,170,163
60,171,163
61,170,163
61,170,163
61,170,163
61,170,164
60,170,163
60,170,163
61,170,164
61,170,164
61,171,164
61,171,164
63,171,164
63,171,164
64,172,164
64,172,164
65,172,165
65,172,165
65,172,165
65,172,165
66,173,166
66,173,166
66,173,166
66,173,166
66,173,166
65,172,165
65,172,165
65,172,165
65,172,165
65,172,165
65,172,165
66,172,166
66,172,166
66,173,166
66,173,166
66,173,166
66,173,166
66,173,166
66,173,166
66,173,166
66,173,166
66,173,166
67,173,166
67,173,166
67,173,166
67,173,166
67,173,166
67,173,166
67,173,166
67,173,166
67,173,166
67,173,166
67,173,166
67,173,166
67,173,166
67,173,166
67,173,166
67,173,166
68,174,165
68,174,165
68,173,166
68,173,166
68,173,166
68,173,166
68,173,166
68,173,166
68,173,166
68,173,166
68,173,166
68,173,166
68,173,166
68,173,166
68,173,166
68,173,166
68,173,166
68,173,166
68,173,166
67,173,166
66,173,166
66,173,166
66,173,166
66,173,166
66,173,166
67,173,166
68,173,166
68,173,166
69,174,167
69,174,167
69,174,167
69,174,167
69,174,167
69,174,167
69,174,167
69,174,167
69,174,167
69,174,167
68,174,166
68,174,166
68,174,166
68,174,166
68,173,166
68,173,166
68,173,166
68,173,166
68,173,166
67,173,166
67,173,166
67,173,166
67,173,166
67,172,165
67,172,165
67,172,165
66,172,166
66,173,166
66,173,166
65,172,165
65,172,165
66,173,166
66,173,166
66,173,166
66,173,166
68,173,166
68,174,166
69,174,167
70,174,167
70,174,167
70,174,167
70,174,167
70,174,167
70,174,167
69,174,167
69,174,167
70,174,168
71,174,168
71,175,167
70,174,167
70,174,167
67,173,166
65,172,165
65,172,165
65,172,165
66,172,166
66,172,166
66,172,166
66,172,166
66,172,166
66,173,166
66,173,166
65,172,165
65,172,165
64,172,164
64,172,164
64,171,164
64,171,164
62,170,163
61,170,162
59,168,161
57,168,160
55,167,159
54,167,158
52,166,158
51,165,157
51,165,157
49,163,157
48,163,156
48,163,156
64,171,164
64,171,164
64,171,164
64,171,164
63,171,164
63,171,164
62,171,163
62,170,164
61,170,164
60,170,163
60,170,163
60,170,163
60,170,163
60,170,163
60,170,162
61,170,163
61,170,163
61,170,163
61,170,164
60,170,163
60,170,163
61,170,164
61,170,164
61,171,164
62,171,164
63,171,164
63,172,164
63,172,164
64,172,164
64,172,164
65,172,165
65,172,165
65,172,165
66,173,166
66,173,166
66,173,166
66,173,166
66,173,166
66,173,166
65,172,165
65,172,165
65,172,165
65,172,165
66,173,166
66,172,166
66,172,166
66,173,166
66,173,166
66,173,166
66,173,166
66,173,166
66,173,166
66,173,166
66,173,166
66,173,166
66,173,166
67,173,166
67,173,166
67,173,166
67,173,166
67,173,166
67,173,166
67,173,166
67,173,166
67,173,166
67,173,166
67,173,166
67,173,166
66,173,166
67,173,166
67,173,166
68,174,165
68,174,165
68,173,166
68,173,166
68,173,166
68,173,166
68,173,166
68,173,166
68,173,166
68,173,166
68,173,166
68,173,166
68,173,166
68,173,166
68,173,166
68,173,166
68,173,166
68,173,166
68,173,166
68,173,166
67,173,166
66,173,166
66,173,166
66,173,166
66,173,166
67,173,166
67,173,166
68,173,166
68,173,166
69,174,167
69,174,167
69,174,167
69,174,167
69,174,167
69,174,167
69,174,167
69,174,167
69,174,167
69,174,167
68,174,166
68,174,166
68,174,166
68,174,166
68,174,166
68,174,166
68,174,166
68,174,166
68,173,166
68,174,166
68,174,166
68,173,166
68,173,166
67,173,166
67,173,166
67,173,166
67,173,166
67,173,166
67,173,166
66,173,166
66,173,166
66,173,166
66,173,166
67,173,166
68,173,166
69,174,167
70,174,167
70,174,167
70,174,167
70,174,167
70,174,167
70,174,167
69,174,167
69,174,167
69,174,167
70,174,168
70,174,168
70,174,168
70,174,168
68,173,166
67,173,166
65,172,165
65,172,165
65,172,165
65,172,165
66,172,166
66,172,166
66,172,166
66,173,166
65,172,165
65,172,165
65,172,165
65,172,165
64,172,164
64,172,164
64,172,164
64,171,164
64,171,164
62,170,163
61,170,162
59,169,161
57,168,161
54,167,159
53,166,158
52,165,158
51,165,157
50,164,157
49,163,157
48,163,156
64,171,164
64,171,164
64,171,164
64,171,164
63,170,164
63,171,164
62,170,164
62,170,164
61,170,163
61,170,164
60,170,163
60,170,163
59,169,163
59,169,163
59,169,163
59,169,162
60,170,162
61,170,163
61,170,163
61,170,163
61,170,164
61,170,164
61,170,164
61,171,164
62,171,164
63,171,164
63,171,164
63,172,164
64,172,164
64,172,164
64,172,164
64,172,164
65,172,165
65,172,165
65,172,165
66,173,166
66,173,166
66,173,166
66,173,166
66,173,166
66,173,166
65,172,165
66,173,166
66,173,166
66,173,166
66,172,166
67,172,165
66,173,166
66,173,166
66,173,166
66,173,166
66,173,166
66,173,166
66,173,166
66,173,166
66,173,166
66,173,166
66,173,166
67,173,166
67,173,166
67,173,166
67,173,166
67,173,166
67,173,166
67,173,166
67,173,166
66,173,166
66,173,166
66,173,166
66,173,166
66,173,166
67,173,166
67,173,166
68,174,165
68,173,166
68,173,166
68,173,166
68,173,166
68,173,166
68,173,166
68,173,166
68,173,166
68,173,166
68,173,166
68,173,166
68,173,166
68,173,166
68,173,166
68,173,166
68,173,166
68,173,166
68,173,166
68,173,166
67,173,166
66,173,166
66,173,166
67,173,166
67,173,166
67,173,166
68,173,166
68,173,166
68,174,166
69,174,167
69,174,167
70,174,167
69,174,167
69,174,167
69,174,167
69,174,167
69,174,167
69,174,167
68,174,166
68,174,166
68,174,166
68,174,166
68,174,166
68,174,166
68,174,166
68,174,166
68,174,166
69,174,167
69,174,167
68,174,166
68,174,166
68,173,166
68,173,166
68,173,166
67,173,166
67,173,166
67,173,166
67,173,166
67,173,166
67,173,166
67,173,166
67,173,166
68,173,166
69,174,167
69,174,167
69,174,167
70,174,167
70,174,167
70,174,167
70,174,167
69,174,167
69,174,167
69,174,167
69,174,167
70,174,167
70,174,167
68,174,166
68,173,166
66,173,166
65,172,165
65,172,165
65,172,165
65,172,165
65,172,165
66,172,166
66,173,166
65,172,165
65,172,165
65,172,165
65,172,165
65,172,165
65,172,165
64,172,164
64,172,164
64,172,164
64,171,164
63,170,163
62,170,163
61,170,162
57,168,161
55,167,160
54,167,159
52,166,158
51,165,157
51,165,158
50,164,157
49,163,157
48,163,156
64,171,164
64,171,164
64,171,164
63,170,163
62,170,164
62,170,164
61,170,164
61,170,164
61,170,164
60,169,163
60,170,163
59,169,162
59,169,162
59,169,162
59,169,162
59,169,162
60,170,162
60,171,163
60,171,163
61,170,163
61,170,164
61,170,164
62,171,164
63,171,164
63,171,164
63,171,164
63,172,164
63,172,164
64,172,164
64,172,164
64,172,164
64,172,164
65,172,165
65,172,165
65,172,165
65,173,165
66,173,166
66,173,166
66,173,166
66,173,166
66,173,166
66,173,166
66,173,166
66,173,166
66,173,166
66,173,166
66,173,166
66,173,166
66,173,166
66,173,166
66,173,166
66,173,166
66,173,166
66,173,166
66,173,166
66,173,166
66,173,166
66,173,166
66,173,166
66,173,166
67,173,166
67,173,166
67,173,166
67,173,166
67,173,166
66,173,166
66,173,166
66,173,166
66,173,166
66,173,166
66,173,166
67,173,166
67,173,166
68,173,166
68,173,166
68,173,166
68,173,166
68,173,166
68,173,166
68,173,166
68,173,166
68,173,166
67,173,166
67,173,166
68,173,166
68,173,166
68,173,166
68,173,166
68,173,166
68,173,166
68,173,166
68,173,166
68,173,166
67,173,166
67,173,166
67,173,166
67,173,166
67,173,166
67,173,166
67,173,166
68,173,166
68,173,166
68,174,166
69,174,167
69,174,167
69,174,167
69,174,167
69,174,167
69,174,167
69,174,167
69,174,167
68,174,166
68,174,166
68,174,166
68,174,166
68,174,166
69,174,167
69,174,167
70,174,167
69,174,167
69,174,167
69,174,167
69,174,167
69,174,167
69,174,167
68,174,166
68,173,166
68,173,166
68,173,166
67,173,166
67,173,166
67,173,166
67,173,166
67,173,166
67,173,166
68,173,166
69,174,167
69,174,166
69,174,166
69,174,166
69,174,166
69,174,166
69,174,167
69,174,167
69,174,167
69,174,167
68,174,166
68,174,166
68,173,166
68,173,166
67,173,166
66,173,166
65,172,165
65,172,165
65,172,165
65,172,165
65,172,165
65,172,165
65,172,165
65,172,165
65,172,165
65,172,165
65,172,165
65,172,165
65,172,165
65,172,165
65,172,165
64,172,164
64,172,164
64,171,164
63,170,163
61,170,163
59,168,162
57,168,161
55,167,160
53,166,158
52,165,157
51,165,158
50,164,157
50,164,157
49,163,157
63,172,164
64,171,164
63,170,164
62,170,164
62,170,164
62,170,164
61,170,163
61,170,164
61,170,164
61,170,164
60,170,163
59,169,163
59,169,162
59,169,162
59,169,162
59,169,162
60,170,162
60,170,162
60,171,163
61,171,163
61,170,163
62,170,164
62,171,163
63,171,164
63,172,164
63,172,164
63,172,164
63,172,164
64,172,164
64,172,164
64,172,164
64,172,164
64,172,164
64,172,164
65,172,165
65,172,165
65,172,165
66,173,166
66,173,166
66,173,166
66,173,166
66,173,166
66,173,166
66,173,166
66,173,166
66,173,166
66,173,166
66,173,166
66,173,166
66,173,166
66,173,166
66,173,166
66,173,166
66,173,166
66,173,166
66,173,166
66,173,166
66,173,166
66,173,166
66,173,166
66,173,166
66,173,166
67,173,166
66,173,166
66,173,166
66,173,166
66,173,166
66,173,166
66,173,166
66,173,166
66,173,166
66,173,166
67,173,166
67,173,166
67,173,166
68,173,166
68,173,166
68,173,166
68,173,166
68,173,166
68,173,166
68,173,166
68,173,166
68,173,166
68,173,166
68,173,166
68,173,166
68,173,166
68,173,166
68,173,166
68,173,166
68,173,166
68,173,166
68,173,166
68,173,166
67,173,166
67,173,166
67,173,166
67,173,166
67,173,166
67,173,166
67,173,166
67,173,166
67,173,166
68,174,167
69,174,167
69,174,167
69,174,167
69,174,167
69,174,167
69,174,167
69,174,167
69,174,167
68,174,166
68,174,166
68,174,166
69,174,167
69,174,167
70,174,167
70,174,167
70,174,167
70,174,167
70,174,167
70,174,167
70,174,167
70,174,167
69,174,167
68,174,166
68,174,166
68,173,166
68,173,166
67,173,166
67,173,166
67,173,166
67,173,166
68,173,166
68,174,165
69,174,166
69,174,166
69,174,166
69,174,166
69,174,166
69,174,166
69,174,166
69,174,167
68,173,166
68,173,166
68,173,166
68,173,166
68,173,166
67,173,166
66,173,166
66,173,166
65,172,165
64,172,164
64,172,164
64,172,164
65,172,165
65,172,165
65,172,165
65,172,165
65,172,165
65,172,165
65,172,165
65,172,165
65,172,165
65,172,165
65,172,165
65,172,165
64,172,164
64,172,164
64,171,164
62,170,163
61,169,163
58,168,161
56,167,161
54,166,159
53,166,158
52,165,158
51,165,158
50,164,157
50,164,157
49,163,157
63,170,164
63,170,163
62,171,163
62,170,164
62,170,164
61,171,163
61,170,163
61,170,164
61,170,164
60,170,163
59,169,163
59,169,163
59,169,162
59,169,162
59,169,162
59,169,162
60,170,162
60,170,162
60,171,163
61,171,163
61,170,163
62,171,163
63,171,164
63,172,164
63,172,164
64,172,164
64,172,164
64,172,164
64,172,164
64,172,164
64,172,164
64,172,164
64,172,164
64,172,164
65,172,165
65,172,165
65,172,165
66,173,166
66,173,166
66,173,166
66,173,166
66,173,166
66,173,166
66,173,166
66,173,166
66,173,166
66,173,166
66,173,166
66,173,166
66,173,166
66,173,166
66,173,166
66,173,166
66,173,166
66,173,166
66,173,166
66,173,166
66,173,166
66,173,166
66,173,166
66,173,166
66,173,166
66,173,166
66,173,166
66,173,166
66,173,166
66,173,166
66,173,166
66,173,166
66,173,166
66,173,166
66,173,166
66,173,166
67,173,166
67,173,166
67,173,166
67,173,166
68,173,166
68,173,166
68,173,166
68,173,166
68,173,166
68,173,166
68,173,166
68,173,166
68,173,166
68,173,166
69,174,167
68,173,166
68,173,166
68,173,166
68,173,166
68,173,166
68,173,166
68,173,166
67,173,166
67,173,166
67,173,166
67,173,166
67,173,166
67,173,166
67,173,166
67,173,166
67,173,166
68,173,167
68,174,167
69,174,167
69,174,167
69,174,167
69,174,167
69,174,167
69,174,167
69,174,167
69,174,167
69,174,167
69,174,167
69,174,167
69,174,167
70,174,167
70,174,167
70,174,167
70,174,167
70,174,167
70,174,167
70,174,167
70,174,167
70,174,167
70,174,167
69,174,167
68,174,166
68,173,166
68,173,166
68,173,166
67,173,166
68,173,166
68,174,165
69,174,166
69,174,166
69,174,166
69,174,166
69,174,166
69,174,166
69,174,166
69,174,166
68,173,166
68,173,166
68,173,166
68,173,166
67,173,166
67,173,166
66,173,166
66,173,166
66,173,166
65,172,165
64,172,164
64,172,164
64,172,164
65,172,165
65,172,165
65,172,165
65,172,165
65,172,165
65,172,165
65,172,165
65,172,165
65,172,165
65,172,165
65,172,165
65,172,165
65,172,165
64,172,164
63,172,164
63,170,163
61,170,163
59,168,162
58,168,161
55,167,160
53,166,158
52,165,158
51,165,157
50,164,156
50,164,156
49,163,157
63,171,164
63,171,164
62,171,163
62,170,164
62,170,164
62,170,164
62,170,164
61,170,163
61,170,163
61,170,163
60,170,162
59,169,162
59,169,162
59,169,162
59,169,162
59,169,162
60,170,162
60,170,162
60,170,162
60,171,163
61,171,163
62,170,164
62,171,163
63,172,164
63,172,164
64,172,164
64,172,164
64,172,164
64,172,164
64,172,164
64,172,164
64,172,164
64,172,164
64,172,164
65,172,166
65,172,165
65,172,165
65,173,165
66,173,166
66,173,166
66,173,166
66,173,166
66,173,166
66,173,166
66,173,166
66,173,166
66,173,166
66,173,166
66,173,166
66,173,166
66,173,166
66,173,166
66,173,166
66,173,166
66,173,166
66,173,166
66,173,166
66,173,166
66,173,166
66,173,166
67,173,166
66,173,166
66,173,166
66,173,166
66,173,166
66,173,166
66,173,166
66,173,166
66,173,166
66,173,166
66,173,166
66,173,166
66,173,166
66,173,166
66,173,166
67,173,166
67,173,166
67,173,166
67,173,166
67,173,166
68,173,166
68,173,166
68,173,166
68,173,166
68,173,166
68,173,166
68,173,166
69,174,167
69,174,167
69,174,167
69,174,167
68,173,166
68,173,166
68,173,166
68,173,166
68,173,166
67,173,166
67,173,166
67,173,166
67,173,166
67,173,166
68,173,166
68,173,166
67,173,166
67,173,166
68,173,167
68,174,167
69,174,167
69,174,167
69,174,167
69,174,167
69,174,167
69,174,167
69,174,167
69,174,167
69,174,167
69,174,167
69,174,167
69,174,167
70,174,167
70,174,167
70,174,167
70,174,167
70,174,167
70,174,167
70,174,167
70,174,167
70,174,167
70,174,167
70,174,167
69,174,167
69,174,167
68,174,166
68,173,166
68,173,166
68,173,166
69,174,166
69,174,166
69,174,166
69,174,166
69,174,166
69,174,166
69,174,166
69,174,166
68,173,166
67,173,166
67,173,166
67,173,166
67,173,166
67,173,166
66,173,166
66,173,166
66,173,166
66,173,166
65,172,165
64,172,164
64,172,164
64,172,164
65,172,165
65,172,165
65,172,165
65,172,165
65,172,165
65,172,165
65,172,165
65,172,165
65,172,165
65,172,165
65,172,165
65,172,165
65,172,165
64,172,164
64,172,164
64,171,164
62,170,163
61,169,163
58,168,161
56,167,161
55,167,159
53,166,158
52,165,157
51,165,157
50,164,156
50,164,157
49,163,156
62,171,163
62,170,164
62,170,164
62,170,164
62,170,164
62,170,164
62,170,164
62,170,164
61,170,163
61,170,163
60,170,162
59,169,162
59,169,162
59,169,162
59,169,162
59,169,162
60,170,162
60,170,162
60,170,162
60,171,163
61,170,164
62,170,164
63,171,164
63,172,164
64,172,164
64,172,164
64,172,164
64,172,164
64,172,164
64,172,164
64,172,164
64,172,164
64,172,165
65,172,166
65,172,166
65,172,166
65,173,165
65,173,165
66,173,166
66,173,166
66,173,166
66,173,166
66,173,166
66,173,166
66,173,166
66,173,166
66,173,166
66,173,166
66,173,166
66,173,166
66,173,166
66,173,166
66,173,166
66,173,166
66,173,166
66,173,166
66,173,166
66,173,166
66,173,166
67,173,166
67,173,166
67,173,166
66,173,166
66,173,166
66,173,166
66,173,166
66,173,166
66,173,166
66,173,166
66,173,166
66,173,166
66,173,166
66,173,166
66,173,166
66,173,166
67,173,166
67,173,166
67,173,166
67,173,166
67,173,166
67,173,166
68,173,166
68,173,166
68,173,166
68,173,166
68,173,166
69,174,167
69,174,167
69,174,167
69,174,167
69,174,167
69,174,167
69,174,167
68,173,166
68,173,166
68,173,166
67,174,166
67,173,166
67,173,166
67,174,166
67,174,166
68,173,166
68,173,166
67,173,166
67,173,166
67,173,166
68,174,167
69,174,167
69,174,167
69,174,167
69,174,167
69,174,167
69,174,167
69,174,167
69,174,167
69,174,167
69,174,167
69,174,167
69,174,167
69,174,167
70,174,167
70,174,167
70,174,167
70,174,167
70,174,167
70,174,167
70,174,167
70,174,167
70,174,167
69,174,167
69,174,167
69,174,167
69,174,167
69,174,167
69,174,167
69,174,167
69,174,167
69,174,167
69,174,167
69,174,167
69,174,167
69,174,167
68,174,166
68,173,166
67,173,166
67,173,166
67,173,166
67,173,166
67,173,166
66,173,166
66,173,166
66,173,166
66,173,166
66,173,166
65,172,165
65,172,165
65,172,165
65,172,165
65,172,165
65,172,165
65,172,165
65,172,165
65,172,165
65,172,165
65,172,165
65,172,165
65,172,165
65,172,165
65,172,165
65,172,165
64,172,164
64,172,164
65,171,165
64,171,164
63,170,163
61,170,163
60,169,163
58,168,161
56,167,160
54,167,158
52,166,158
52,165,157
50,164,156
50,164,156
49,163,156
62,170,164
62,170,164
62,170,164
62,170,164
62,170,164
62,170,164
62,170,164
62,170,164
61,170,163
60,171,163
60,170,162
59,169,162
59,169,162
59,169,162
59,169,162
59,169,162
60,170,163
60,170,162
60,170,163
60,170,163
61,170,164
62,171,164
63,171,164
63,172,164
64,172,164
64,172,164
64,172,164
64,172,164
64,172,164
64,172,164
64,172,164
64,172,165
65,172,166
65,172,166
65,172,166
65,173,165
65,173,165
66,173,166
66,173,166
66,173,166
66,173,166
66,173,166
66,173,166
66,173,166
66,173,166
67,173,165
67,173,165
67,173,165
66,173,166
66,173,166
66,173,166
66,173,166
66,173,166
66,173,166
66,173,166
66,173,166
66,173,166
66,173,166
67,173,166
67,173,166
67,173,166
67,173,166
66,173,166
66,173,166
66,173,166
66,173,166
66,173,166
66,173,166
66,173,166
66,173,166
66,173,166
66,173,166
66,173,166
66,173,166
66,173,166
67,173,166
67,173,166
67,173,166
67,173,166
67,173,166
67,173,166
67,173,166
68,173,166
68,173,166
68,173,166
68,174,166
69,174,167
69,174,167
69,174,167
69,174,167
69,174,167
69,174,167
69,174,167
69,174,167
69,174,167
68,173,166
67,174,166
67,174,166
67,174,166
67,174,166
67,174,166
68,173,166
68,173,166
68,173,167
68,173,167
68,173,167
68,174,167
69,174,167
69,174,167
69,174,167
69,174,167
69,174,167
69,174,167
69,174,167
69,174,167
69,174,167
69,174,167
69,174,167
69,174,167
69,174,167
69,174,167
70,174,167
70,174,167
70,174,167
70,174,167
70,174,167
70,174,167
70,174,167
70,174,167
70,174,167
69,174,167
69,174,167
69,174,167
69,174,167
69,174,167
69,174,167
69,174,167
69,174,167
69,174,167
69,174,167
69,174,167
68,174,166
68,173,166
68,173,166
68,173,166
67,173,166
67,173,166
67,173,166
66,173,166
66,173,166
66,173,166
66,173,166
66,173,166
66,173,166
65,172,165
65,172,165
65,172,165
65,172,165
65,172,165
65,172,165
65,172,165
65,172,165
65,172,165
65,172,165
65,172,165
65,172,165
65,172,165
65,172,165
65,172,165
65,172,165
64,172,164
64,172,164
64,172,164
64,172,164
63,172,164
62,170,164
61,170,163
60,169,161
58,168,160
55,167,159
53,166,158
53,165,157
52,165,157
51,164,157
49,163,156
62,170,164
62,170,164
62,170,164
62,170,164
62,170,164
62,170,164
62,170,164
62,170,164
62,170,164
61,171,163
60,171,163
60,170,162
59,169,162
59,169,162
59,169,162
59,169,163
59,169,163
59,169,163
60,170,163
60,170,163
60,170,163
61,170,164
62,171,164
63,171,164
63,172,164
63,172,164
64,172,164
64,172,164
64,172,164
65,172,165
65,172,165
65,172,165
65,172,166
65,172,166
65,172,166
65,172,166
65,173,165
66,173,166
66,173,166
66,173,166
66,173,166
66,173,166
66,173,166
66,173,166
66,173,166
66,173,166
66,173,166
66,173,166
66,173,166
66,173,166
66,173,166
66,173,166
66,173,166
66,173,166
66,173,166
66,173,166
66,173,166
66,173,166
67,173,166
67,173,166
67,173,166
67,173,166
67,173,166
66,173,166
66,173,166
66,173,166
66,173,166
66,173,166
66,173,166
66,173,166
66,173,166
66,173,166
66,173,166
66,173,166
66,173,166
66,173,166
66,173,166
67,173,166
67,173,166
67,173,166
67,173,166
67,173,166
68,173,166
68,173,166
68,173,166
68,173,166
68,174,166
69,174,167
69,174,167
69,174,167
69,174,167
69,174,167
69,174,167
69,174,167
69,174,167
69,174,167
69,174,167
69,174,167
68,174,166
68,174,166
68,174,166
68,174,166
68,174,166
68,173,166
68,173,166
68,173,167
68,174,167
69,174,167
69,174,167
69,174,167
69,174,167
69,174,167
69,174,167
69,174,167
69,174,167
69,174,167
69,174,167
69,174,167
69,174,167
69,174,167
69,174,167
69,174,167
69,174,167
70,174,167
70,174,167
70,174,167
70,174,167
70,174,167
70,174,167
70,174,167
70,174,167
70,174,167
70,174,167
70,174,167
69,174,167
69,174,167
69,174,167
69,174,167
69,174,167
69,174,167
69,174,167
68,174,166
68,173,166
68,173,166
68,173,166
67,173,166
67,173,166
67,173,166
67,173,166
67,173,166
66,173,166
66,173,166
66,173,166
66,173,166
66,173,166
66,173,166
65,172,165
65,172,165
65,172,165
65,172,165
65,172,165
65,172,165
65,172,165
65,172,165
65,172,165
65,172,165
65,172,165
65,172,165
65,172,165
65,172,165
65,172,165
64,172,164
64,172,164
64,172,164
64,172,164
64,172,164
63,172,164
62,170,164
61,170,162
60,169,161
57,168,161
55,167,159
53,166,158
52,165,158
51,164,157
50,164,156
49,163,157
62,170,164
62,170,164
62,170,164
62,170,164
62,170,164
62,170,164
62,170,164
62,170,164
62,170,164
61,171,163
60,170,162
59,169,162
59,169,162
59,169,162
59,169,163
59,169,163
59,169,163
59,169,163
60,170,163
60,170,163
60,170,163
61,171,164
62,171,164
63,171,164
63,172,164
63,172,164
64,172,164
64,172,164
65,172,165
65,172,165
65,172,165
65,172,165
65,172,165
65,172,165
65,173,165
65,173,165
65,173,165
66,173,166
66,173,166
66,173,166
66,173,166
66,173,166
66,173,166
66,173,166
66,173,166
66,173,166
66,173,166
66,173,166
66,173,166
66,173,166
66,173,166
66,173,166
66,173,166
66,173,166
66,173,166
66,173,166
66,173,166
67,173,166
67,173,166
67,173,166
67,173,166
67,173,166
67,173,166
66,173,166
66,173,166
66,173,166
66,173,166
66,173,166
66,173,166
66,173,166
66,173,166
66,173,166
66,173,166
66,173,166
66,173,166
66,173,166
66,173,166
67,173,166
67,173,166
67,173,166
68,173,166
68,173,166
68,173,166
68,173,166
68,173,166
68,174,166
69,174,167
69,174,167
69,174,167
69,174,167
69,174,167
69,174,167
69,174,167
69,174,167
69,174,167
69,174,167
69,174,167
69,174,167
69,174,167
69,174,167
68,174,166
68,174,166
68,174,166
68,174,166
68,174,166
68,174,166
68,174,167
69,174,167
69,174,167
69,174,167
69,174,167
69,174,167
69,174,167
69,174,167
69,174,167
69,174,167
69,174,167
69,174,167
69,174,167
69,174,167
69,174,167
69,174,167
69,174,167
70,174,167
70,174,167
70,174,167
70,174,167
70,174,167
70,174,167
70,174,167
70,174,167
70,174,167
70,174,167
70,174,167
70,174,167
70,174,167
70,174,167
70,174,167
69,174,167
69,174,167
68,174,166
68,174,166
68,173,166
68,173,166
68,173,166
68,173,166
67,173,166
67,173,166
67,173,166
67,173,166
67,173,166
66,173,166
67,173,165
67,173,165
67,172,165
66,172,166
65,172,165
65,172,165
65,172,165
65,172,165
65,172,165
65,172,165
65,172,165
65,172,165
65,172,165
65,172,165
65,172,165
65,172,165
65,172,165
65,172,165
65,172,165
64,172,164
64,172,164
64,172,164
64,172,164
64,172,164
64,172,164
63,172,164
62,170,164
61,170,162
58,168,161
57,167,160
54,166,159
53,165,157
52,165,158
50,164,156
49,163,157
61,170,164
62,170,164
62,170,164
62,170,164
62,170,164
62,170,164
62,170,164
62,170,164
62,170,164
61,171,163
60,171,163
60,170,162
59,169,162
59,169,163
59,169,163
59,169,163
59,169,163
59,169,163
59,169,163
59,169,163
60,170,163
61,170,164
62,171,164
62,171,164
63,171,163
63,171,164
63,172,164
64,172,164
65,172,165
65,172,165
65,172,165
65,172,165
65,172,165
65,172,165
65,173,165
65,173,165
66,173,166
66,173,166
66,173,166
66,173,166
66,173,166
66,173,166
66,173,166
66,173,166
66,173,166
66,173,166
66,173,166
66,173,166
66,173,166
66,173,166
66,173,166
66,173,166
66,173,166
67,173,166
67,173,166
67,173,166
67,173,166
67,173,166
67,173,166
67,173,166
67,173,166
67,173,166
67,173,166
67,173,166
67,173,166
67,173,166
66,173,166
66,173,166
66,173,166
66,173,166
66,173,166
66,173,166
66,173,166
66,173,166
66,173,166
66,173,166
66,173,166
66,173,166
67,173,166
67,173,166
68,173,166
68,173,166
68,173,166
68,173,166
68,173,166
68,173,166
69,174,167
69,174,167
69,174,167
69,174,167
69,174,167
69,174,167
69,174,167
69,174,167
69,174,167
69,174,167
69,174,167
69,174,167
69,174,167
69,174,167
69,174,167
69,174,167
68,174,166
68,174,166
68,174,166
68,174,166
68,174,166
68,174,166
69,174,167
69,174,167
69,174,167
69,174,167
69,174,167
69,174,167
69,174,167
69,174,167
69,174,167
69,174,167
69,174,167
69,174,167
69,174,167
69,174,167
69,174,167
69,174,167
70,174,167
70,174,167
70,174,167
70,174,167
70,174,167
70,174,167
70,174,167
70,174,167
70,174,167
70,174,167
70,174,167
70,174,167
70,174,167
70,174,167
70,174,167
69,174,167
68,174,166
68,174,166
68,173,166
68,173,166
68,173,166
68,173,166
68,173,166
68,173,166
68,173,166
67,173,166
67,173,166
67,173,166
67,173,165
67,173,165
67,173,165
67,172,165
66,172,166
66,173,166
65,172,165
65,172,165
65,172,165
65,172,165
65,172,165
65,172,165
65,172,165
65,172,165
65,172,165
65,172,165
65,172,165
65,172,165
65,172,165
65,172,165
65,172,165
65,172,165
64,172,164
65,172,165
65,172,165
64,172,164
64,172,164
63,172,164
62,170,164
59,169,162
58,168,160
55,167,159
53,166,158
52,165,157
51,165,157
50,164,157
49,163,157
62,170,164
62,170,164
62,170,164
62,170,164
62,170,164
62,170,164
62,170,164
62,170,164
61,171,163
61,171,163
60,171,163
60,170,162
59,169,163
59,169,163
59,169,163
59,169,163
59,169,163
59,169,163
59,169,163
60,170,163
60,171,163
61,171,163
62,171,164
62,171,164
63,171,163
63,171,164
63,172,164
64,172,164
65,172,165
65,172,165
65,172,165
65,172,165
65,172,165
65,172,165
65,172,165
65,173,165
66,173,166
66,173,166
66,173,166
66,173,166
66,173,166
66,173,166
66,173,166
66,173,166
66,173,166
66,173,166
66,173,166
66,173,166
66,173,166
66,173,166
66,173,166
66,173,166
66,173,166
67,173,166
67,173,166
67,173,166
67,173,166
67,173,166
67,173,166
67,173,166
67,173,166
67,173,166
67,173,166
67,173,166
67,173,166
67,173,166
67,173,166
66,173,166
66,173,166
66,173,166
66,173,166
66,173,166
66,173,166
66,173,166
66,173,166
66,173,166
66,173,166
66,173,166
67,173,166
67,173,166
68,173,166
68,173,166
68,173,166
68,173,166
68,173,166
68,173,166
69,174,167
69,174,167
69,174,167
69,174,167
69,174,167
69,174,167
69,174,167
69,174,167
69,174,167
69,174,167
69,174,167
69,174,167
69,174,167
69,174,167
69,174,167
69,174,167
68,174,166
68,174,166
68,174,166
68,174,166
68,174,166
68,174,166
69,174,167
69,174,167
69,174,167
69,174,167
69,174,167
69,174,167
69,174,167
69,174,167
69,174,167
69,174,167
69,174,167
69,174,167
69,174,167
69,174,167
69,174,167
69,174,167
70,174,167
70,174,167
70,174,167
70,174,167
70,174,167
70,174,167
70,174,167
70,174,167
70,174,167
70,174,167
70,174,167
70,174,167
70,174,167
70,174,167
70,174,167
69,174,167
68,174,166
68,174,166
68,173,166
68,173,166
68,173,166
68,173,166
68,173,166
68,173,166
68,173,166
67,173,166
67,173,166
67,173,165
67,173,165
67,173,165
67,173,165
67,172,165
66,172,166
66,173,166
66,173,166
66,173,166
65,172,165
65,172,165
65,172,165
65,172,165
65,172,165
65,172,165
65,172,165
65,172,165
65,172,165
65,172,165
65,172,165
65,172,165
65,172,165
65,172,165
65,172,165
65,172,165
65,172,165
65,172,165
64,172,164
64,172,164
62,170,164
61,170,163
58,168,161
57,168,161
55,167,159
53,166,158
52,165,157
51,165,158
50,164,157
62,170,164
62,170,164
62,170,164
62,170,164
62,170,164
62,170,164
62,170,164
62,170,164
61,171,163
60,171,163
60,170,162
60,170,162
59,169,163
59,169,163
59,169,163
59,169,163
59,169,163
59,169,163
59,169,163
60,170,162
60,171,163
61,171,163
62,171,164
62,171,164
63,171,163
63,171,165
63,171,164
64,172,164
65,172,165
65,172,165
65,172,165
65,172,165
65,172,165
65,172,165
66,173,166
66,173,166
66,173,166
66,173,166
66,173,166
66,173,166
66,173,166
66,173,166
66,173,166
66,173,166
66,173,166
66,173,166
66,173,166
66,173,166
66,173,166
66,173,166
66,172,166
66,173,167
66,173,166
67,173,166
67,173,166
67,173,166
67,173,166
68,173,166
68,173,166
68,173,166
68,173,166
67,173,166
67,173,166
67,173,166
67,173,166
67,173,166
67,173,166
66,173,166
66,173,166
66,173,166
66,173,166
66,173,166
66,173,166
66,173,166
66,173,166
66,173,166
66,173,166
66,173,166
66,173,166
67,173,166
68,173,166
68,173,166
68,173,166
68,173,166
68,173,166
68,173,166
69,174,167
69,174,167
69,174,167
69,174,167
69,174,167
69,174,167
69,174,167
69,174,167
69,174,167
69,174,167
69,174,167
69,174,167
69,174,167
69,174,167
69,174,167
69,174,167
68,174,166
68,174,166
68,174,166
68,173,166
68,174,166
68,174,166
69,174,167
69,174,167
69,174,167
69,174,167
69,174,167
69,174,167
69,174,167
69,174,167
69,174,167
69,174,167
69,174,167
69,174,167
69,174,167
69,174,167
69,174,167
69,174,167
70,174,167
70,174,167
70,174,167
70,174,167
70,174,167
70,174,167
70,174,167
70,174,167
70,174,167
70,174,167
70,174,167
70,174,167
70,174,167
70,174,167
70,174,167
70,174,167
69,174,167
68,174,166
68,173,166
68,173,166
68,173,166
68,173,166
68,173,166
68,173,166
68,173,166
67,173,166
67,173,166
68,173,165
68,173,165
68,173,165
67,173,165
67,172,165
67,172,165
66,173,166
66,173,166
66,173,166
66,173,166
66,173,166
66,173,166
65,172,165
65,172,165
65,172,165
65,172,165
65,172,165
65,172,165
65,172,165
65,172,165
65,172,165
65,172,165
66,173,166
66,173,166
66,173,166
66,173,166
65,172,165
65,172,165
64,172,164
63,172,164
62,170,164
60,169,163
58,168,161
57,167,160
54,167,159
52,166,158
52,165,158
51,165,158
62,170,164
62,170,164
62,170,164
62,170,164
62,170,164
62,170,164
62,170,164
62,170,164
61,171,163
61,171,163
60,170,162
60,170,162
60,170,162
60,170,162
59,169,163
59,169,163
59,169,163
59,169,163
59,169,163
60,170,162
60,171,163
61,170,163
62,170,164
62,171,164
63,171,163
63,171,163
63,171,165
63,171,164
64,172,164
65,172,165
65,172,165
65,172,165
65,172,165
65,172,165
65,172,165
66,173,166
66,173,166
66,173,166
66,173,166
66,173,166
66,173,166
66,173,166
66,173,166
66,173,166
66,173,166
66,173,166
66,173,166
66,173,166
66,173,166
66,173,166
66,173,166
66,173,167
67,173,166
67,173,166
67,173,166
67,173,166
67,173,166
68,173,166
68,173,166
68,173,166
68,173,166
68,173,166
67,173,166
67,173,166
67,173,166
68,173,166
68,173,166
67,173,166
67,173,166
66,173,166
66,173,166
66,173,166
66,173,166
66,173,166
66,173,166
66,173,166
66,173,166
66,173,166
66,173,166
66,173,166
67,173,166
67,173,166
67,173,166
67,173,166
67,173,166
67,173,166
68,173,166
69,174,167
69,174,167
69,174,167
69,174,167
69,174,167
69,174,167
69,174,167
69,174,167
69,174,167
69,174,167
69,174,167
69,174,167
69,174,167
69,174,167
69,174,167
69,174,167
68,174,165
67,174,166
68,174,165
68,174,165
68,174,166
68,174,166
68,174,166
69,174,167
69,174,167
69,174,167
69,174,167
69,174,167
69,174,167
69,174,167
69,174,167
69,174,167
69,174,167
69,174,167
69,174,167
69,174,167
69,174,167
69,174,167
69,174,167
70,174,168
70,174,167
70,174,167
70,174,167
70,174,167
70,174,167
70,174,167
70,174,167
70,174,167
70,174,167
70,174,167
70,174,167
70,174,168
70,174,168
70,174,167
69,174,167
68,173,166
68,173,166
68,173,166
68,173,166
68,173,166
68,173,166
68,173,166
68,173,166
67,173,166
67,173,166
68,174,165
68,173,165
68,173,165
67,173,165
67,173,166
66,173,166
66,173,166
66,173,166
66,173,166
66,173,166
66,173,166
66,173,166
66,173,166
66,173,166
66,173,166
65,172,165
65,172,165
65,172,165
65,172,165
66,173,166
66,173,166
66,173,166
66,173,166
66,173,166
66,173,166
66,173,166
65,172,165
65,172,165
64,172,164
64,172,164
62,170,164
61,170,163
60,170,162
58,168,161
56,167,160
54,167,158
52,166,158
52,165,157
51,165,157
63,171,164
62,171,163
62,170,164
62,170,164
62,170,164
62,170,164
62,170,164
62,170,164
61,171,163
60,171,163
60,170,162
60,170,162
60,170,162
59,169,163
59,169,163
59,169,163
59,169,163
59,169,163
60,170,162
60,170,162
60,171,163
61,170,163
62,170,164
62,171,163
63,171,163
63,171,164
63,171,165
63,171,164
64,172,164
65,172,165
65,172,165
65,172,165
65,172,165
65,173,165
66,173,166
66,173,166
66,173,166
66,173,166
66,173,166
66,173,166
66,173,166
66,173,166
66,173,166
66,173,166
66,173,166
66,173,166
66,173,166
66,173,166
66,173,166
66,173,166
66,173,166
67,173,166
67,173,166
67,173,166
67,173,166
68,173,167
68,173,167
68,173,167
68,174,166
68,174,166
68,173,166
68,173,166
68,173,166
68,173,166
68,173,166
68,173,166
68,174,165
68,174,165
67,173,166
66,173,166
66,173,166
66,173,166
66,173,166
66,173,166
66,173,166
66,173,166
66,173,166
66,173,166
66,173,166
66,173,166
66,173,166
67,173,166
67,173,166
67,173,166
67,173,166
67,173,166
68,173,166
69,174,167
69,174,167
69,174,167
69,174,167
69,174,167
69,174,167
69,174,167
69,174,167
69,174,167
69,174,167
69,174,167
69,174,167
69,174,167
69,174,167
69,174,167
68,174,166
67,173,166
67,173,166
67,173,166
68,174,165
68,174,165
68,174,166
68,174,166
69,174,167
69,174,167
69,174,167
69,174,167
69,174,167
69,174,167
69,174,167
69,174,167
69,174,167
69,174,167
69,174,167
69,174,167
69,174,167
69,174,167
69,174,167
69,174,167
70,174,168
70,174,168
70,174,168
70,174,167
70,174,167
70,174,167
70,174,167
70,174,167
70,174,167
70,174,167
70,174,167
70,174,168
70,174,168
70,174,168
70,174,167
69,174,167
68,173,166
68,173,166
68,173,166
68,173,166
68,173,166
68,173,166
68,173,166
68,173,166
67,173,166
67,173,166
67,173,166
67,173,166
68,174,165
67,173,166
67,173,166
66,173,166
66,173,166
66,173,166
66,173,166
66,173,166
66,173,166
66,173,166
66,173,166
66,173,166
66,173,166
66,173,166
66,173,166
66,173,166
66,173,166
66,173,166
66,173,166
66,173,166
66,173,166
66,173,166
66,173,166
66,173,166
66,173,166
65,172,165
64,172,164
64,172,164
62,170,164
61,170,163
61,170,163
59,169,162
58,168,160
56,167,160
54,167,158
52,166,158
52,165,157
63,171,164
63,171,164
62,171,163
62,170,164
62,170,164
62,170,164
62,170,164
61,170,163
61,171,163
60,171,163
60,170,162
60,170,162
59,169,163
59,169,163
59,169,163
59,169,163
59,169,163
60,170,162
60,170,162
60,170,162
61,170,163
62,170,164
62,171,163
62,171,163
63,171,164
63,171,164
63,171,165
63,171,165
64,172,164
65,172,165
65,172,165
65,172,165
65,173,165
65,173,165
65,173,165
66,173,166
66,173,166
66,173,166
66,173,166
66,173,166
66,173,166
66,173,166
66,173,166
66,173,166
66,173,166
66,173,166
66,173,166
66,173,166
67,173,166
67,173,166
67,173,166
67,173,166
67,173,166
67,173,166
68,173,167
68,173,167
68,173,167
68,174,166
69,174,167
68,174,166
68,174,166
68,173,166
68,173,166
68,173,166
68,173,166
68,173,166
68,174,165
68,174,165
67,173,166
66,173,166
66,173,166
66,173,166
66,173,166
66,173,166
66,173,166
66,173,166
66,173,166
66,173,166
66,173,166
66,173,166
66,173,166
67,173,166
67,173,166
67,173,166
67,173,166
67,173,166
68,173,166
69,174,167
69,174,167
69,174,167
69,174,167
69,174,167
69,174,167
69,174,167
69,174,167
69,174,167
69,174,167
69,174,167
69,174,167
69,174,167
69,174,167
69,174,167
67,173,166
67,173,166
67,173,166
67,173,166
67,173,166
68,173,166
68,173,166
68,174,166
68,174,166
69,174,167
69,174,167
69,174,167
69,174,167
69,174,167
69,174,167
69,174,167
69,174,167
69,174,167
69,174,167
69,174,167
69,174,167
69,174,167
69,174,167
69,174,167
70,174,168
70,174,168
70,174,168
70,174,167
70,174,167
70,174,167
70,174,167
70,174,167
70,174,167
70,174,167
70,174,167
70,174,167
70,174,168
70,174,168
70,174,167
70,174,167
68,174,166
68,173,166
68,173,166
68,173,166
68,173,166
68,173,166
68,173,166
68,173,166
68,173,166
67,173,166
67,173,166
68,174,165
68,174,165
67,173,166
67,173,166
67,173,166
67,173,166
66,173,166
67,173,166
66,173,166
66,173,166
66,173,166
66,173,166
66,173,166
66,173,166
66,173,166
66,173,166
66,173,166
66,173,166
66,173,166
66,173,165
66,173,165
66,173,165
66,173,166
66,173,166
66,173,166
66,173,166
65,172,165
65,172,165
64,172,164
63,171,164
62,170,164
61,170,163
60,169,163
58,168,161
58,168,160
54,167,159
53,166,158
52,166,158
64,171,164
63,171,164
63,171,164
62,171,163
62,170,164
62,170,164
62,170,164
61,170,163
61,170,163
61,171,163
60,171,163
60,170,162
60,170,162
60,170,163
60,170,162
60,170,162
59,169,163
60,170,162
60,170,162
60,170,162
61,170,163
61,170,163
62,170,164
62,171,163
62,171,163
63,171,164
63,171,164
63,171,165
63,171,165
63,171,165
64,172,165
65,172,165
65,173,165
65,172,166
65,172,166
65,173,165
66,173,166
66,173,166
66,173,166
66,173,166
66,173,166
66,173,166
66,173,166
66,173,166
66,173,166
66,173,166
66,173,166
66,173,166
67,173,166
67,173,166
67,173,166
67,173,166
67,173,166
67,173,166
68,173,166
68,173,166
68,173,166
68,173,166
68,174,166
69,174,167
68,174,166
68,174,166
68,173,166
68,173,166
68,173,166
68,173,166
68,173,166
68,174,165
68,174,165
67,173,166
66,173,166
66,173,166
66,173,166
66,173,166
66,173,166
66,173,166
65,172,166
66,173,166
66,173,166
66,173,166
66,173,166
66,173,166
67,173,166
67,173,166
67,173,166
67,173,166
68,173,166
68,173,166
69,174,167
69,174,167
69,174,167
69,174,167
69,174,167
69,174,167
69,174,167
69,174,167
69,174,167
69,174,167
69,174,167
69,174,167
69,174,167
69,174,167
69,174,167
67,173,166
67,173,166
67,173,166
67,173,166
67,173,166
67,173,166
67,173,166
67,174,166
68,174,166
68,174,166
69,174,167
69,174,167
69,174,167
69,174,167
69,174,167
69,174,167
69,174,167
69,174,167
69,174,167
69,174,167
69,174,167
69,174,167
69,174,167
69,174,167
70,174,168
70,174,168
70,174,168
70,174,167
70,174,167
70,174,167
70,174,167
70,174,167
70,174,167
70,174,167
70,174,167
70,174,167
70,174,167
70,174,167
70,174,167
70,174,167
69,174,167
68,174,166
68,174,166
68,173,166
68,173,166
68,173,166
68,173,166
68,173,166
68,173,166
68,173,166
67,173,166
67,173,166
67,173,166
67,173,166
67,173,166
67,173,166
67,173,166
67,173,166
67,173,166
67,173,166
67,173,166
66,173,166
66,173,166
66,173,166
66,173,166
66,173,166
66,173,166
66,173,166
66,173,166
66,173,166
66,173,165
66,173,165
66,173,165
66,173,166
66,173,166
66,173,166
66,173,166
65,172,165
65,172,165
64,172,164
63,172,164
62,170,164
61,170,163
61,170,163
60,169,162
58,168,161
57,167,160
54,167,158
53,166,158
52,165,157
63,172,164
63,171,164
62,171,163
62,170,164
62,170,164
62,170,164
62,170,164
61,170,163
61,170,163
61,171,163
60,171,163
60,171,163
60,170,162
60,170,162
60,170,162
60,170,162
60,170,162
60,170,162
60,170,162
60,170,162
60,171,163
61,170,163
61,170,163
62,171,163
62,171,163
63,171,164
63,171,164
63,171,165
63,171,165
63,171,165
64,172,165
64,172,165
65,172,165
65,172,166
65,172,166
65,172,166
65,172,166
65,173,165
66,173,166
66,173,166
66,173,166
66,173,166
66,173,166
66,173,166
66,173,166
66,173,166
66,173,166
66,173,166
67,173,166
67,173,166
67,173,166
67,173,166
67,173,166
67,173,166
68,173,166
68,173,166
68,173,166
68,173,166
68,174,166
68,174,166
68,174,166
68,173,166
68,173,166
67,173,166
67,173,166
68,173,166
68,173,166
68,173,166
67,173,166
67,173,166
66,173,166
66,173,166
66,173,166
66,173,166
65,173,165
65,172,166
65,172,166
65,172,166
66,173,166
66,173,166
66,173,166
66,173,166
66,173,166
67,173,166
67,173,166
67,173,166
68,173,166
68,173,166
68,174,166
69,174,167
69,174,167
69,174,167
69,174,167
69,174,167
69,174,167
69,174,167
69,174,167
69,174,167
69,174,167
69,174,167
69,174,167
69,174,167
67,173,166
67,173,166
67,173,166
67,173,166
66,173,166
66,173,166
66,173,166
66,173,166
66,173,166
67,173,166
67,174,166
68,174,166
68,174,166
69,174,167
69,174,167
69,174,167
69,174,167
69,174,167
69,174,167
69,174,167
69,174,167
69,174,167
69,174,167
69,174,167
69,174,167
69,174,168
69,174,168
69,174,168
70,174,167
70,174,167
70,174,167
70,174,167
70,174,167
70,174,167
70,174,167
70,174,167
70,174,167
70,174,167
70,174,167
70,174,167
70,174,167
70,174,167
69,174,167
68,174,166
68,174,166
68,174,166
68,174,166
68,173,166
68,173,166
68,173,166
68,173,166
68,173,166
67,173,166
67,173,166
67,173,166
67,173,166
67,173,166
67,173,166
67,173,166
67,173,166
67,173,166
67,173,166
66,173,166
66,173,166
66,173,166
66,173,166
66,173,166
66,173,166
66,173,166
66,173,166
66,173,166
66,173,166
66,173,166
66,173,166
66,173,166
66,173,166
66,173,166
66,173,166
65,172,165
65,172,165
65,172,165
64,172,164
63,171,164
62,170,163
61,170,163
61,169,163
59,169,161
58,168,160
55,167,159
53,166,158
52,165,157
62,170,164
62,170,164
62,170,164
62,170,164
62,170,164
62,170,164
62,170,164
61,170,163
61,170,163
61,171,163
60,171,163
60,171,163
60,170,162
60,170,162
60,170,162
60,170,162
60,170,162
60,170,162
60,170,162
60,170,162
60,171,163
60,171,163
61,170,163
62,170,164
63,171,164
63,171,164
63,172,165
63,171,165
63,171,165
63,171,165
64,172,165
64,172,165
64,172,164
65,172,166
65,172,166
65,172,166
65,172,166
65,172,166
65,173,165
66,173,166
66,173,166
66,173,166
66,173,166
66,173,166
66,173,166
66,173,166
66,173,166
67,173,166
67,173,166
67,173,166
67,173,166
67,173,166
67,173,166
67,173,166
68,173,166
68,173,166
68,173,166
68,173,166
68,173,166
68,173,166
68,173,166
68,173,166
67,173,166
67,173,166
67,173,166
67,173,166
68,173,166
68,173,166
67,173,166
67,173,166
67,173,166
66,173,166
66,173,166
66,173,166
65,173,165
65,172,166
65,172,166
65,172,166
65,172,166
65,173,165
66,173,166
66,173,166
66,173,166
66,173,166
67,173,166
67,173,166
67,173,166
67,173,166
68,173,166
69,174,167
69,174,167
69,174,167
69,174,167
69,174,167
69,174,167
69,174,167
69,174,167
69,174,167
69,174,167
69,174,167
68,174,166
67,173,166
67,173,166
67,173,166
66,173,166
66,173,166
66,173,166
66,173,166
65,173,165
65,173,165
66,173,166
66,173,166
66,173,166
67,173,166
67,173,166
68,174,166
69,174,167
69,174,167
69,174,167
69,174,167
69,174,167
69,174,167
69,174,167
69,174,167
69,174,167
69,174,167
69,174,167
69,174,167
69,174,167
69,174,167
70,174,167
70,174,167
70,174,167
70,174,167
70,174,167
70,174,167
70,174,167
70,174,167
70,174,167
70,174,167
70,174,167
70,174,167
70,174,167
70,174,167
70,174,167
69,174,167
69,174,167
69,174,167
69,174,167
68,174,166
68,174,166
68,173,166
68,173,166
68,173,166
68,173,166
67,173,166
67,173,166
67,173,166
67,173,166
67,173,166
67,173,166
67,173,166
66,173,166
66,173,166
66,173,166
66,173,166
66,173,166
66,173,166
66,173,166
66,173,166
66,173,166
66,173,166
66,173,166
67,172,165
67,172,165
67,172,165
66,173,166
66,173,166
66,173,166
66,173,166
66,173,166
65,172,165
65,172,165
64,172,164
63,172,164
62,170,164
62,170,164
61,170,163
60,169,163
58,168,161
55,167,159
54,166,158
52,166,158
62,170,164
62,170,164
62,170,164
62,170,164
62,170,164
62,170,164
62,170,164
61,171,163
61,171,163
61,171,163
60,171,163
60,171,163
60,171,163
60,170,162
60,170,162
60,170,162
60,170,162
60,170,162
60,170,162
60,170,162
60,171,163
60,171,163
61,170,163
62,170,164
63,171,164
63,171,164
63,172,164
63,172,164
63,172,165
64,172,164
64,172,164
64,172,164
64,172,164
64,172,165
65,172,166
65,172,166
65,172,166
65,172,166
65,173,165
65,173,165
66,173,166
66,173,166
66,173,166
66,173,166
66,173,166
66,173,166
66,173,166
67,173,166
67,173,166
67,173,166
67,173,166
67,173,166
67,173,166
68,173,166
68,173,166
68,173,166
68,173,166
68,173,166
68,173,166
68,173,166
68,173,166
68,173,166
67,173,166
67,173,166
67,173,166
67,173,166
67,173,166
68,173,166
68,173,166
68,173,166
67,173,166
67,173,166
66,173,166
66,173,166
66,173,166
65,173,165
65,172,166
65,172,166
65,172,166
65,172,166
65,172,166
65,173,165
66,173,166
66,173,166
66,173,166
66,173,166
66,173,166
67,173,166
67,173,166
67,173,166
68,174,166
69,174,167
69,174,167
69,174,167
69,174,167
69,174,167
69,174,167
69,174,167
68,174,166
68,174,166
67,173,166
67,173,166
66,173,166
66,173,166
66,173,166
66,173,166
65,173,165
65,173,165
65,172,165
65,172,165
65,172,165
65,173,165
66,173,166
66,173,166
66,173,166
67,173,166
67,173,166
68,174,166
68,174,166
69,174,167
69,174,167
69,174,167
69,174,167
69,174,167
69,174,167
69,174,167
69,174,167
69,174,167
69,174,167
69,174,167
69,174,167
70,174,167
70,174,167
70,174,167
70,174,167
70,174,167
70,174,167
70,174,167
70,174,167
70,174,167
70,174,167
70,174,167
70,174,167
70,174,167
70,174,167
70,174,167
69,174,167
69,174,167
69,174,167
69,174,167
68,174,166
68,174,166
68,173,166
68,173,166
68,173,166
67,173,166
67,173,166
67,173,166
67,173,166
67,173,166
66,173,166
66,173,166
66,173,166
66,173,166
66,173,166
66,173,166
66,173,166
66,173,166
66,173,166
66,173,166
67,173,166
67,173,166
67,172,165
67,172,165
67,172,165
67,172,165
66,172,166
67,172,165
67,172,165
66,172,166
66,173,166
65,172,165
65,172,165
65,172,165
64,172,164
63,171,164
62,170,164
61,170,163
60,169,163
59,169,162
58,168,160
54,167,159
53,166,158
62,170,164
62,170,164
62,170,164
62,170,164
62,170,164
62,170,164
62,170,164
62,170,164
61,171,163
61,171,163
61,171,163
61,171,163
60,171,163
60,171,163
60,171,163
60,170,162
60,170,162
60,170,162
60,170,162
60,170,162
60,170,162
60,171,163
60,171,163
61,171,163
61,170,163
63,171,164
63,171,164
63,172,164
63,172,164
64,172,164
64,172,164
64,172,164
64,172,164
64,172,164
64,172,164
65,172,166
65,172,166
65,172,166
65,172,166
65,173,165
65,173,165
66,173,166
66,173,166
66,173,166
66,173,166
66,173,166
66,173,166
66,173,166
66,173,166
68,173,166
68,173,166
68,173,166
68,173,166
68,173,166
68,173,166
68,173,166
68,173,166
68,173,166
68,173,166
68,173,166
68,173,166
68,173,166
67,173,166
67,173,166
67,173,166
67,173,166
67,173,166
67,173,166
68,173,166
68,173,166
68,173,166
67,173,166
67,173,166
67,173,166
66,173,166
66,173,166
66,173,166
65,173,165
65,172,166
65,172,166
65,172,166
65,172,166
65,172,165
65,172,165
65,173,165
65,173,165
66,173,166
66,173,166
66,173,166
66,173,166
66,173,166
67,173,166
67,173,166
67,173,166
67,173,166
67,173,166
67,173,166
67,173,166
67,173,166
67,173,166
66,173,166
66,173,166
66,173,166
66,173,166
66,173,166
66,173,166
65,172,165
64,172,164
64,172,164
63,171,164
63,171,164
63,171,164
65,172,165
65,172,165
65,173,165
66,173,166
66,173,166
67,173,166
67,173,166
68,174,166
68,174,166
69,174,167
69,174,167
69,174,167
69,174,167
69,174,167
69,174,167
69,174,167
69,174,167
69,174,167
69,174,167
69,174,167
69,174,167
70,174,167
70,174,167
70,174,167
70,174,167
70,174,167
70,174,167
70,174,167
70,174,167
70,174,167
70,174,167
70,174,167
70,174,167
70,174,167
70,174,167
70,174,167
69,174,167
69,174,167
69,174,167
69,174,167
69,174,167
68,174,166
68,174,166
68,173,166
67,173,166
67,173,166
67,173,166
66,173,166
66,173,166
66,173,166
66,173,166
66,173,166
66,173,166
66,173,166
66,173,166
66,173,166
66,173,166
66,173,166
66,173,166
67,173,166
67,173,166
67,173,166
67,172,165
67,172,165
67,172,165
66,172,166
67,172,165
67,172,165
67,172,165
66,173,166
66,173,166
65,172,165
65,172,165
64,172,164
63,172,164
62,170,164
62,170,164
61,170,163
60,169,163
59,169,161
55,167,159
54,166,158
52,166,158
61,170,164
61,170,164
61,170,164
61,170,164
62,170,164
62,170,164
62,170,164
62,170,164
62,170,164
61,171,163
61,171,163
61,171,163
61,171,163
60,171,163
60,171,163
60,170,162
60,170,162
60,170,162
60,170,162
60,170,162
60,170,162
60,171,163
61,171,163
61,171,163
62,170,164
63,171,164
63,172,164
63,172,164
63,172,164
64,172,164
64,172,164
64,172,164
64,172,164
64,172,164
64,172,164
65,172,165
65,172,165
65,172,166
65,172,166
65,173,165
65,173,165
66,173,166
66,173,166
66,173,166
66,173,166
66,173,166
66,173,166
66,173,166
66,173,166
68,173,166
68,173,166
68,173,166
68,173,166
68,173,166
68,173,166
68,173,166
68,173,166
68,173,166
68,173,166
68,173,166
68,173,166
68,173,166
67,173,166
67,173,166
67,173,166
67,173,166
67,173,166
68,173,166
68,173,166
68,173,166
68,173,166
68,173,166
67,173,166
67,173,166
67,173,166
66,173,166
66,173,166
65,172,165
65,173,165
65,172,166
65,172,166
64,172,165
64,172,165
63,171,164
63,171,164
63,171,164
63,171,164
63,171,164
64,172,164
65,173,165
65,173,165
65,173,165
66,173,166
66,173,166
66,173,166
66,173,166
66,173,166
66,173,166
66,173,166
66,173,166
66,173,166
66,173,166
66,173,166
65,173,165
64,172,164
64,172,164
63,171,164
63,171,164
62,171,164
62,171,164
62,171,164
63,171,164
63,171,164
63,171,165
65,172,166
65,173,165
66,173,166
66,173,166
66,173,166
67,173,166
67,174,166
68,174,166
68,174,166
68,174,166
69,174,167
69,174,167
69,174,167
69,174,167
69,174,167
69,174,167
69,174,167
69,174,167
69,174,167
69,174,167
70,174,167
70,174,167
70,174,167
70,174,167
70,174,167
70,174,167
70,174,167
70,174,167
70,174,167
70,174,167
70,174,167
70,174,167
70,174,167
70,174,167
70,174,167
70,174,167
70,174,167
70,174,167
70,174,167
69,174,167
68,174,166
68,174,166
68,173,166
67,173,166
67,173,166
67,173,166
66,173,166
66,173,166
66,173,166
66,173,166
66,173,166
66,173,166
66,173,166
66,173,166
66,173,166
66,173,166
67,173,166
67,173,166
67,173,166
67,173,166
67,172,165
67,172,165
67,172,165
67,172,165
67,172,165
67,172,165
67,172,165
67,172,165
66,172,166
66,172,166
65,172,165
64,172,164
63,172,164
62,171,163
62,170,164
61,170,163
61,170,163
60,169,161
58,168,160
55,167,159
53,166,158
61,170,164
61,170,164
61,170,164
61,171,163
62,170,164
62,170,164
62,170,164
62,170,164
62,170,164
62,170,164
61,171,163
61,171,163
61,171,163
60,171,163
60,171,163
60,171,163
60,170,162
60,170,162
60,170,162
60,170,162
60,171,163
61,171,163
61,171,163
61,171,163
62,170,164
63,171,164
63,172,164
63,172,164
64,172,164
64,172,164
64,172,164
64,172,164
64,172,164
65,172,165
65,172,165
65,172,165
65,172,165
65,172,166
65,173,165
65,173,165
66,173,166
66,173,166
66,173,166
66,173,166
66,173,166
66,173,166
66,173,166
66,173,166
67,173,166
68,173,166
68,173,166
68,173,166
68,173,166
68,173,166
68,173,166
68,173,166
68,173,166
68,173,166
68,173,166
68,173,166
68,173,166
68,173,166
67,173,166
67,173,166
67,173,166
67,173,166
69,174,167
69,174,167
68,173,166
68,173,166
68,173,166
68,173,166
68,173,166
68,173,166
67,173,166
66,173,166
66,173,166
66,173,166
65,173,165
65,172,165
64,172,164
63,171,165
63,171,164
63,171,164
62,171,164
61,171,163
61,171,163
61,171,163
61,171,163
61,171,163
63,171,163
64,172,164
64,172,164
65,172,165
65,173,165
65,173,165
65,173,165
65,173,165
65,173,165
65,173,165
65,173,165
65,173,165
65,172,165
64,172,164
63,171,164
63,171,164
63,171,164
62,171,164
61,171,164
61,170,164
61,170,164
61,171,164
62,171,164
63,171,164
63,171,165
65,172,166
65,173,165
66,173,166
66,173,166
67,173,166
68,173,166
68,173,166
68,173,166
68,173,166
68,173,166
68,173,166
68,173,166
69,174,167
69,174,167
69,174,167
69,174,167
69,174,167
69,174,167
69,174,167
69,174,167
69,174,167
70,174,167
70,174,167
70,174,167
70,174,167
70,174,167
70,174,167
70,174,167
70,174,167
70,174,167
70,174,167
70,174,167
70,174,167
70,174,167
70,174,167
70,174,167
70,174,167
70,174,167
70,174,167
69,174,167
68,174,166
68,173,166
67,173,166
67,173,166
67,173,166
67,173,166
66,173,166
66,173,166
66,173,166
66,173,166
66,173,166
66,173,166
66,173,166
66,173,166
66,173,166
67,173,166
67,173,166
67,173,166
67,173,166
67,172,165
66,173,166
67,172,165
67,172,165
67,173,166
67,173,166
67,173,166
67,172,165
66,172,166
65,172,165
65,172,165
64,172,164
63,172,164
63,171,164
62,170,164
62,170,164
61,170,163
60,170,162
59,169,161
57,168,161
54,167,159
61,171,164
61,170,164
61,170,164
61,171,163
62,170,164
62,170,164
62,170,164
63,170,163
62,170,164
62,170,164
62,170,164
61,171,163
61,171,163
61,171,163
61,171,163
60,171,163
60,171,163
60,170,162
60,170,162
61,170,163
62,170,164
61,171,163
61,171,163
62,170,164
62,171,163
63,171,164
63,172,164
63,172,164
64,172,164
64,172,164
64,172,164
64,172,164
64,172,164
65,172,165
65,172,165
65,172,165
65,172,165
65,172,165
65,173,165
65,173,165
66,173,166
66,173,166
66,173,166
66,173,166
66,173,166
66,173,166
66,173,166
66,173,166
66,173,166
68,173,166
68,173,166
68,173,166
68,173,166
68,173,166
68,173,166
68,173,166
68,173,166
68,173,166
68,173,166
68,173,166
68,173,166
68,173,166
68,173,167
68,173,167
67,173,166
69,174,167
69,174,167
69,174,167
69,174,167
68,173,166
68,173,166
68,173,166
68,173,166
68,173,166
67,173,166
66,173,165
66,173,166
66,173,166
66,173,166
65,172,165
64,172,164
63,171,164
63,171,164
61,171,164
61,170,164
59,169,162
59,169,162
59,169,162
59,170,162
60,170,163
61,171,163
62,171,164
63,171,163
64,172,164
65,172,165
65,173,165
65,173,165
65,173,165
65,173,165
65,173,165
65,173,165
65,173,165
64,172,164
63,171,164
63,171,164
63,171,164
62,171,164
62,171,164
61,171,164
61,171,164
61,171,164
61,171,164
62,171,164
63,171,164
63,171,164
64,172,164
65,173,165
66,173,166
66,173,166
66,173,166
68,173,166
68,173,166
68,173,166
68,173,166
68,173,166
68,173,166
68,173,166
69,174,167
69,174,167
69,174,167
69,174,167
69,174,167
69,174,167
69,174,167
69,174,167
69,174,167
69,174,167
70,174,167
70,174,167
70,174,167
70,174,167
70,174,167
70,174,167
70,174,167
70,174,167
70,174,167
70,174,167
70,174,167
70,174,167
70,174,167
70,174,167
70,174,167
70,174,167
70,174,167
70,174,167
69,174,167
69,174,167
68,173,166
67,173,166
67,173,166
67,173,166
67,173,166
67,173,166
67,173,166
66,173,166
66,173,166
66,173,166
66,173,166
66,173,166
67,173,166
67,173,166
67,173,166
67,173,166
67,173,166
67,173,166
66,173,166
66,173,166
67,172,165
67,172,165
67,172,165
67,172,165
67,172,165
66,172,166
66,172,166
65,172,165
64,172,164
64,172,164
63,171,164
63,171,164
62,170,164
62,170,164
61,170,162
60,169,161
58,168,160
55,167,159
62,171,164
62,171,164
62,171,164
62,171,164
62,171,163
62,170,164
62,170,164
62,170,164
62,170,164
62,170,164
62,170,164
62,170,164
61,171,163
61,171,163
61,171,163
61,171,163
61,171,163
61,171,163
61,171,163
61,170,163
62,170,164
62,170,164
62,170,164
62,170,164
63,171,164
63,172,164
63,172,164
63,172,164
64,172,164
64,172,164
64,172,164
65,172,165
65,172,165
65,172,165
65,172,165
65,172,165
65,172,165
65,172,165
65,173,165
66,173,166
66,173,166
66,173,166
66,173,166
66,173,166
66,173,166
66,173,166
66,173,166
66,173,166
67,173,166
68,173,166
68,173,166
68,173,166
68,173,166
68,173,166
69,173,167
69,173,167
69,173,167
68,173,166
68,173,166
68,173,166
68,173,166
68,173,166
68,173,167
68,173,167
69,174,167
69,174,167
69,174,167
69,174,167
69,174,167
69,174,167
69,174,167
68,173,166
68,173,166
68,173,166
68,173,166
67,173,166
66,173,166
66,173,166
66,173,166
65,172,165
63,171,164
63,171,163
62,171,164
61,170,164
59,169,163
58,169,162
58,169,162
58,169,161
58,169,161
58,169,161
60,170,163
61,171,163
63,171,164
63,171,164
64,172,164
65,172,165
65,173,165
65,173,165
65,173,165
65,172,165
65,172,165
65,173,165
64,172,164
63,171,164
63,171,164
63,171,164
62,171,164
62,171,164
61,171,164
61,171,164
61,171,164
61,171,164
62,171,164
63,171,164
63,171,164
65,172,165
65,173,165
66,173,166
66,173,166
66,173,166
68,173,166
68,173,166
68,173,166
68,173,166
68,173,166
68,173,166
68,174,166
68,174,166
69,174,167
69,174,167
69,174,167
69,174,167
68,174,166
68,174,166
69,174,167
69,174,167
69,174,167
70,174,167
70,174,167
70,174,167
70,174,167
70,174,167
70,174,167
70,174,167
70,174,167
70,174,167
70,174,167
70,174,167
70,174,167
70,174,167
70,174,167
70,174,167
70,174,167
70,174,167
70,174,167
70,174,167
70,174,167
69,174,167
68,173,166
67,173,166
67,173,166
67,173,166
67,173,166
67,173,166
67,173,166
66,173,166
66,173,166
66,173,166
66,173,166
67,173,166
67,173,166
67,173,166
67,173,166
67,173,166
67,173,166
66,173,166
66,173,166
66,173,166
66,173,166
66,173,166
66,173,166
67,172,165
67,172,165
66,172,166
66,172,166
65,172,165
64,172,164
63,172,164
63,171,164
62,171,163
62,170,164
61,170,163
61,170,162
59,169,161
57,168,161
63,171,163
63,171,163
63,171,163
63,171,163
62,171,163
62,171,163
62,170,164
62,170,164
62,170,164
62,170,164
62,170,164
62,170,164
62,170,164
62,170,164
61,171,163
61,171,163
61,171,163
61,171,163
61,171,163
61,171,163
62,170,164
62,170,164
62,170,164
62,170,164
62,171,163
63,171,164
63,172,164
63,172,164
64,172,164
64,172,164
64,172,164
64,172,164
65,172,165
65,172,165
65,172,165
65,172,165
65,172,165
65,172,165
65,172,165
65,172,165
66,173,166
66,173,166
66,173,166
66,173,166
66,173,166
66,173,166
66,173,166
66,173,166
66,173,166
67,173,166
68,173,166
68,173,166
68,173,166
68,173,166
69,173,167
69,173,167
69,173,167
69,173,167
68,173,166
68,173,166
68,173,166
68,173,166
68,173,166
68,173,166
68,174,167
69,174,167
69,174,167
69,174,167
69,174,167
69,174,167
69,174,167
69,174,167
68,174,166
68,173,166
68,173,166
68,173,166
67,173,166
66,173,166
66,173,166
66,173,166
65,172,165
64,172,164
63,171,163
61,170,164
60,170,163
59,169,163
58,169,162
57,168,162
57,168,162
57,169,161
58,169,161
59,170,162
60,170,163
62,171,164
63,171,164
64,172,164
65,172,165
65,173,165
65,173,165
65,172,165
65,172,165
65,172,165
65,172,165
65,172,165
64,172,164
64,172,164
64,172,164
63,171,164
62,171,164
62,171,164
61,171,163
61,171,164
62,171,164
63,171,163
63,172,164
64,172,164
65,172,165
66,173,166
66,173,166
66,173,166
67,173,166
68,173,166
68,173,166
68,173,166
68,173,166
68,173,166
68,174,166
68,174,167
68,174,167
68,174,167
68,174,166
68,174,166
68,174,166
68,174,167
68,174,166
68,174,166
68,174,166
69,174,167
70,174,167
70,174,167
70,174,167
70,174,167
70,174,167
70,174,167
70,174,167
70,174,167
70,174,167
70,174,167
70,174,167
70,174,167
70,174,167
70,174,167
70,174,167
70,174,167
70,174,167
70,174,167
70,174,167
70,174,167
70,174,167
69,174,167
68,173,166
67,173,166
67,173,166
67,173,166
67,173,166
67,173,166
66,173,166
66,173,166
66,173,166
66,173,166
67,173,166
68,173,166
68,173,166
68,173,166
67,173,166
67,173,166
67,173,166
67,173,166
67,173,166
66,173,166
66,173,166
66,173,166
67,172,165
67,172,165
66,172,166
66,172,166
65,172,165
64,172,164
64,172,164
63,172,164
63,171,164
62,171,163
62,170,164
61,170,163
59,169,162
57,168,161
55,167,159
63,171,164
63,171,164
63,171,164
63,171,164
63,171,164
63,171,164
62,171,163
62,170,164
62,170,164
62,170,164
62,170,164
62,170,164
62,170,164
62,170,164
62,170,164
61,170,163
61,171,163
61,171,163
61,171,163
61,171,163
62,170,164
62,170,164
62,170,164
62,171,163
63,171,164
63,171,164
63,172,164
63,172,164
63,172,164
64,172,164
64,172,164
65,172,165
65,172,166
65,172,166
65,172,165
65,172,165
65,172,165
65,172,165
65,172,165
65,172,165
66,173,166
66,173,166
66,173,166
66,173,166
66,173,166
66,173,166
66,173,166
66,173,166
66,173,166
67,173,166
67,173,166
68,173,166
68,173,166
68,173,166
68,173,166
69,173,167
68,173,166
68,173,166
68,173,166
68,173,166
68,173,166
68,173,166
68,173,166
68,173,166
69,174,167
69,174,167
69,174,167
69,174,167
69,174,167
69,174,167
69,174,167
69,174,167
69,174,167
68,174,166
68,173,166
68,173,166
67,173,166
66,173,166
66,173,166
66,173,166
65,172,165
64,172,164
63,171,163
61,171,163
60,170,162
58,169,162
58,168,161
57,168,162
57,168,161
57,169,161
58,169,161
59,170,162
60,170,163
62,171,164
63,171,164
65,172,164
65,173,164
66,173,165
66,173,165
66,173,165
66,173,165
66,173,165
66,173,165
66,173,165
66,173,165
66,173,165
66,173,165
65,172,165
64,172,164
64,172,164
63,171,164
63,171,164
63,171,164
64,172,164
65,172,165
65,172,165
66,173,166
66,173,166
66,173,166
67,173,166
67,174,166
68,174,166
69,174,167
69,174,167
69,174,167
69,174,167
68,174,166
68,174,167
68,174,167
68,174,167
68,174,167
68,174,166
68,174,166
68,174,166
68,173,166
68,173,166
68,173,166
68,174,166
69,174,167
70,174,167
70,174,167
70,174,167
70,174,167
70,174,167
70,174,168
70,174,168
70,174,168
70,174,168
70,174,168
70,174,167
70,174,167
70,174,167
70,174,167
70,174,167
70,174,167
70,174,167
70,174,167
70,174,167
70,174,167
69,174,167
68,174,166
68,173,166
67,173,166
67,173,166
67,173,166
67,173,166
66,173,166
66,173,166
66,173,166
67,173,166
68,173,166
68,173,166
68,173,166
68,173,166
68,173,166
67,173,166
67,173,166
67,173,166
67,173,166
67,173,166
66,173,166
67,173,166
67,172,166
67,172,166
66,172,166
66,172,166
65,172,165
64,172,164
64,172,164
64,172,164
63,172,164
63,171,164
62,170,164
61,170,163
61,170,163
58,168,161
56,167,161
64,171,164
63,172,164
63,171,164
63,171,164
63,171,164
63,171,164
62,171,163
62,170,164
62,170,164
62,170,164
62,170,164
62,170,164
62,170,164
62,170,164
62,170,164
61,170,163
60,171,163
60,171,163
61,171,163
61,171,163
62,170,164
62,170,164
62,170,164
62,171,163
63,171,164
63,171,164
63,172,164
63,172,164
64,172,164
64,172,164
65,172,165
65,172,165
65,172,165
65,172,166
65,172,165
65,172,165
65,172,165
65,172,165
65,172,165
66,173,166
66,173,166
66,173,166
66,173,166
66,173,166
66,172,166
66,173,166
66,173,166
66,173,166
66,173,166
67,173,166
67,173,166
68,173,166
68,173,166
68,173,166
68,173,166
68,173,166
68,173,166
68,173,166
68,173,166
68,173,166
68,173,166
68,173,166
68,173,166
68,173,166
69,174,167
69,174,167
69,174,167
69,174,167
69,174,167
69,174,167
69,174,167
69,174,167
69,174,167
69,174,167
68,173,166
68,173,166
67,173,166
67,173,166
66,173,166
66,173,166
65,172,165
64,172,164
63,172,164
62,170,164
60,171,163
59,169,162
58,169,161
57,168,161
57,168,161
58,169,161
58,169,161
60,170,162
61,171,163
63,171,164
64,172,163
66,173,165
66,173,165
67,173,166
67,173,166
68,174,165
68,174,165
68,174,165
68,174,165
67,173,166
67,173,166
66,173,165
66,173,165
66,173,165
66,173,165
65,172,165
65,173,165
65,173,165
65,172,165
65,172,165
66,173,166
66,173,166
66,173,166
67,173,166
67,174,166
69,174,167
69,174,167
69,174,167
69,174,167
69,174,167
69,174,167
69,174,167
69,174,167
68,174,167
68,174,167
68,174,167
68,174,167
68,174,167
68,174,166
68,173,166
68,173,166
68,173,166
68,173,166
68,173,166
69,174,167
70,174,167
70,174,167
70,174,167
70,174,167
70,174,168
70,174,168
70,174,168
70,174,168
70,174,168
70,174,168
70,174,168
70,174,168
69,174,167
70,174,167
70,174,167
70,174,167
70,174,167
70,174,167
70,174,167
70,174,167
70,174,167
69,174,167
68,174,166
68,173,166
67,173,166
67,173,166
67,173,166
67,173,166
66,173,166
66,173,166
67,173,166
68,173,166
68,173,166
68,173,166
68,174,166
68,173,166
68,173,166
68,173,166
67,173,166
67,173,166
67,173,166
66,173,166
66,173,166
66,173,166
67,172,166
66,172,166
66,172,166
66,172,166
65,172,165
64,172,164
64,172,164
64,172,164
63,172,164
63,171,164
62,170,164
61,170,163
58,168,161
57,168,161
63,172,164
63,172,164
63,171,164
63,171,164
63,171,164
63,171,164
62,171,163
62,171,163
62,170,164
62,170,164
62,170,164
62,170,164
62,170,164
62,170,164
62,170,164
61,170,163
60,171,163
60,171,163
60,171,163
61,171,163
61,171,163
62,170,164
62,170,164
63,171,164
63,171,164
63,172,164
63,172,164
64,172,164
64,172,164
64,172,164
65,172,165
65,172,165
65,172,165
65,173,165
65,172,165
65,172,165
65,173,165
65,172,165
66,173,166
66,173,166
66,173,166
66,173,166
66,173,166
66,173,166
66,172,166
66,172,166
66,173,166
66,173,166
66,173,166
67,173,166
67,173,166
67,173,166
68,173,166
68,173,166
68,173,166
68,173,166
68,173,166
68,173,166
68,173,166
68,173,166
68,173,166
67,173,166
68,173,166
68,173,166
69,174,167
69,174,167
69,174,167
69,174,167
69,174,167
69,174,167
69,174,167
69,174,167
69,174,167
69,174,167
69,174,167
68,173,166
67,174,166
67,173,166
66,173,166
66,173,166
65,172,165
65,172,165
64,172,164
63,171,164
61,170,163
60,171,163
59,169,162
58,169,161
58,169,161
59,169,162
59,169,162
61,171,163
63,171,163
64,172,164
66,173,165
66,173,165
67,173,166
68,174,165
68,174,166
68,174,166
69,174,166
68,174,166
69,174,166
68,174,166
68,174,166
68,174,165
68,174,165
68,174,165
67,173,166
67,173,166
66,173,166
66,173,166
66,173,166
66,173,166
67,173,166
67,173,166
68,173,166
68,174,166
69,174,167
69,175,167
69,174,167
69,174,167
69,174,167
69,174,167
69,175,167
69,174,167
69,174,167
69,174,167
68,174,167
68,174,167
68,174,167
68,174,167
68,173,167
68,173,167
68,173,166
68,173,166
68,173,166
68,173,166
68,173,166
70,174,167
70,174,167
70,174,167
70,174,168
70,174,168
70,174,168
70,174,168
70,174,168
70,174,168
70,174,168
70,174,168
70,174,168
70,174,168
70,174,168
70,174,167
70,174,167
70,174,167
70,174,167
70,174,167
70,174,167
70,174,167
70,174,167
69,174,167
68,173,166
67,173,166
67,173,166
67,173,166
67,173,166
66,173,166
66,173,166
67,173,166
68,173,166
68,173,166
68,174,166
68,174,166
68,174,166
68,173,166
68,173,166
68,173,166
67,173,166
67,173,166
67,173,166
66,173,166
66,173,166
67,172,166
66,172,166
66,172,166
66,172,166
65,172,165
64,172,164
64,172,164
64,172,164
64,172,164
63,172,164
62,171,163
61,170,163
61,170,163
58,168,161
63,172,164
63,172,164
63,171,164
63,171,164
63,171,164
63,171,164
63,171,164
62,171,163
62,170,164
62,170,164
62,170,164
62,170,164
62,170,164
62,170,164
61,170,163
61,170,163
60,171,163
60,171,163
61,171,163
61,171,163
62,170,164
62,170,164
62,171,163
63,171,164
63,172,164
63,172,164
63,172,164
64,172,164
64,172,164
65,172,165
65,172,165
65,172,165
65,172,165
65,172,165
65,173,165
65,173,165
65,173,165
66,173,166
66,173,166
66,173,166
66,173,166
66,173,166
66,173,166
66,173,166
66,172,166
66,173,166
66,173,166
66,173,166
66,173,166
67,173,166
67,173,166
67,173,166
68,173,166
68,173,166
68,173,166
68,173,166
68,173,166
68,173,166
68,173,166
68,173,166
68,173,166
68,173,166
68,173,166
68,174,166
69,174,167
69,174,167
69,174,167
69,174,167
69,174,167
69,174,167
69,174,167
69,174,167
69,174,167
69,174,167
69,174,167
68,174,166
68,173,166
67,174,166
67,173,166
66,173,166
66,173,166
65,172,165
64,172,164
63,172,164
63,172,164
61,171,163
60,171,163
60,170,162
60,170,162
60,171,163
61,171,163
63,171,163
64,172,164
66,173,166
66,173,166
68,173,165
68,174,166
69,174,166
69,174,166
69,174,166
69,174,166
69,174,166
69,174,166
69,174,166
69,174,166
69,174,166
69,174,166
68,174,166
68,173,166
68,173,166
68,173,166
68,173,166
68,173,166
68,173,166
68,173,166
69,174,167
69,174,167
69,174,167
69,174,167
70,174,168
70,174,168
70,174,168
70,174,168
69,174,167
69,174,167
69,175,167
69,174,167
69,174,167
69,174,167
68,174,167
68,174,167
68,174,167
68,173,167
68,173,167
67,173,166
68,173,166
68,173,166
68,173,166
68,173,166
68,174,166
70,174,167
70,174,167
70,174,168
70,174,168
70,174,168
70,174,168
70,174,168
70,174,168
70,174,168
70,174,168
70,174,168
70,174,168
70,174,168
70,174,168
70,174,168
70,174,167
70,174,167
70,174,167
70,174,167
70,174,167
70,174,167
70,174,167
68,174,166
67,173,166
67,173,166
67,173,166
67,173,166
66,173,166
66,173,166
67,173,166
68,173,166
68,174,166
68,174,166
68,174,166
68,174,166
68,173,166
68,173,166
68,173,166
68,173,166
67,173,166
67,173,166
67,173,166
66,173,166
66,173,166
66,172,166
66,172,166
66,172,166
65,172,165
65,172,165
64,172,164
64,172,164
64,172,164
63,172,164
63,171,164
62,170,164
61,170,163
59,169,162
63,172,164
63,172,164
63,172,164
63,171,164
63,171,164
63,171,164
63,171,164
63,171,164
62,171,163
62,170,164
62,170,164
62,170,164
62,170,164
62,170,164
62,170,164
61,170,163
60,171,163
60,171,163
60,171,163
61,171,163
61,171,163
62,170,164
62,170,164
63,171,164
63,171,164
63,172,164
63,172,164
63,172,164
64,172,164
64,172,164
65,172,165
65,172,165
65,172,165
65,172,165
65,172,165
65,173,165
65,173,165
66,173,166
66,173,166
66,173,166
66,173,166
66,173,166
66,173,166
66,173,166
66,173,166
66,172,166
66,173,166
66,173,166
66,173,166
66,173,166
67,173,166
67,173,166
67,173,166
67,173,166
68,173,166
68,173,166
68,174,165
68,174,165
68,173,166
67,173,166
67,173,166
67,173,166
67,173,166
68,173,166
68,174,166
69,174,167
69,174,167
69,174,167
69,174,167
69,174,167
69,174,167
69,174,167
69,174,167
69,174,167
69,174,167
69,174,167
69,174,167
68,174,166
68,173,166
68,173,166
67,173,166
66,173,166
65,172,165
65,172,165
65,172,165
64,172,164
63,172,164
63,171,163
62,171,164
62,171,164
62,171,164
63,171,163
65,172,165
66,173,166
66,173,166
68,173,166
68,174,166
69,174,167
69,174,167
69,174,167
69,174,167
69,174,167
69,175,167
69,175,167
69,175,167
69,175,167
69,174,167
69,174,167
69,174,167
69,174,167
70,174,167
70,174,167
70,174,167
69,174,167
69,174,167
69,174,167
69,174,167
69,174,167
69,174,167
70,174,168
70,174,168
70,174,168
70,174,168
70,174,168
70,174,168
69,174,167
69,175,167
69,174,167
69,174,167
69,174,167
68,174,167
68,174,167
68,174,167
68,173,167
67,173,166
67,173,166
67,173,166
67,173,166
68,173,166
68,173,166
68,174,166
69,174,167
70,174,167
70,174,168
70,174,168
70,174,168
70,174,168
70,174,168
70,174,168
70,174,168
70,174,168
70,174,168
70,174,168
70,174,168
70,174,168
70,174,168
70,174,168
70,174,168
70,174,167
70,174,167
70,174,167
70,174,167
70,174,167
70,174,167
68,173,166
67,173,166
67,173,166
67,173,166
66,173,166
66,173,166
67,173,166
68,173,166
68,174,166
68,174,166
69,174,167
69,174,167
69,174,167
68,174,166
68,173,166
68,173,166
68,173,166
67,173,166
67,173,166
66,173,166
66,173,166
66,172,166
66,172,166
66,172,166
65,172,165
65,172,165
65,172,165
64,172,164
64,172,164
64,172,164
63,172,164
62,171,163
62,170,164
61,170,163
59,169,162
63,172,164
63,171,164
63,171,164
63,171,164
63,171,164
63,171,164
63,171,164
63,171,164
63,171,164
62,170,164
62,170,164
62,170,164
62,170,164
62,170,164
62,170,164
61,170,163
60,171,163
60,171,163
60,171,163
61,171,163
62,170,164
62,170,164
63,171,164
63,171,164
63,171,164
63,172,164
63,172,164
64,172,164
64,172,164
65,172,165
65,172,165
65,172,165
65,172,165
65,172,165
65,173,165
65,173,165
66,173,166
66,173,166
66,173,166
66,173,166
66,173,166
66,173,166
66,173,166
66,173,166
66,173,166
66,172,166
66,172,166
66,172,166
66,173,166
66,173,166
66,173,166
67,173,166
67,173,166
67,173,166
68,173,166
68,173,166
68,174,165
68,174,165
68,173,166
67,173,166
67,173,166
67,173,166
67,173,166
68,173,166
68,174,166
69,174,167
69,174,166
69,174,166
69,174,166
69,174,167
69,174,167
69,174,167
69,174,167
69,174,167
69,174,167
69,174,167
69,174,167
69,174,167
68,174,166
68,173,166
68,173,166
67,173,166
66,173,166
65,172,165
65,172,165
65,172,165
65,172,164
64,172,164
63,171,164
63,171,164
65,172,165
65,172,165
66,173,166
66,173,166
67,173,166
68,174,166
69,174,167
69,174,167
69,174,167
69,174,167
70,174,168
70,174,168
69,175,167
69,175,167
69,175,167
69,175,167
69,174,167
70,174,168
70,174,168
69,174,167
70,174,167
70,174,167
70,174,167
70,174,167
70,174,167
69,174,167
69,174,167
69,174,167
70,174,168
70,174,168
70,174,168
70,174,168
70,174,168
70,174,168
70,174,168
69,174,167
69,174,167
69,174,167
69,174,167
69,174,167
69,174,167
68,174,167
68,174,167
68,173,167
67,173,166
67,173,166
67,173,166
67,173,166
68,173,166
68,173,166
68,174,166
69,174,167
69,174,167
70,174,168
70,174,168
70,174,168
70,174,168
70,174,168
70,174,168
70,174,168
70,174,168
70,174,168
70,174,168
70,174,168
70,174,168
70,174,168
70,174,168
70,174,168
70,174,168
70,174,167
70,174,167
70,174,167
70,174,167
70,174,167
69,174,167
68,173,166
67,173,166
67,173,166
67,173,166
67,173,166
67,173,166
68,173,166
68,174,166
69,174,167
70,174,167
70,174,167
70,174,167
69,174,167
68,173,166
68,173,166
68,173,166
67,173,166
67,173,166
66,173,166
66,173,166
66,172,166
66,172,166
66,172,166
65,172,165
65,172,165
65,172,165
65,172,165
64,172,164
64,172,164
64,172,164
63,172,164
62,170,164
61,170,163
61,170,163
63,172,164
63,171,165
63,171,164
63,171,164
63,171,164
63,171,164
63,171,164
63,171,164
62,171,163
62,170,164
62,170,164
62,170,164
62,170,164
61,170,163
61,170,163
60,171,163
60,171,163
60,171,163
60,171,163
61,171,163
61,171,163
62,170,164
63,171,164
63,171,164
63,172,164
63,172,164
63,172,164
64,172,164
64,172,164
65,172,165
65,172,165
65,172,165
65,172,165
65,173,165
65,173,165
66,173,166
66,173,166
66,173,166
66,173,166
66,173,166
66,173,166
66,173,166
66,173,166
66,173,166
66,173,166
66,172,166
66,173,166
66,172,166
66,173,166
66,173,166
66,173,166
67,173,166
67,173,166
67,173,166
68,173,166
68,173,166
68,174,165
68,174,165
68,173,166
67,173,166
67,173,166
67,173,166
67,173,166
68,173,166
68,174,166
69,174,167
69,174,166
69,174,166
69,174,166
69,174,166
69,174,167
69,174,167
69,174,167
69,174,167
69,174,167
69,174,167
69,174,167
69,174,167
68,174,166
68,173,166
68,173,166
68,173,166
66,173,166
66,173,166
66,173,166
66,173,166
65,172,165
65,173,165
65,173,165
65,173,165
65,173,165
65,173,165
66,173,166
66,173,166
67,174,166
69,174,167
69,174,167
69,174,167
70,174,168
70,174,168
70,174,168
70,174,168
70,174,168
70,174,168
70,174,168
70,174,168
70,174,168
70,174,168
70,174,168
70,174,168
69,174,167
70,174,167
70,174,167
70,174,167
70,174,167
69,174,167
69,174,167
70,174,168
70,174,168
70,174,168
70,174,168
70,174,168
70,174,168
70,174,168
70,174,168
70,174,168
70,174,168
69,174,167
69,174,167
69,174,167
69,174,167
69,174,167
68,174,167
68,174,167
67,173,166
67,173,166
67,173,166
68,173,166
68,173,166
68,174,166
68,174,166
69,174,167
69,174,167
69,174,167
70,174,168
70,174,168
70,174,168
70,174,168
70,174,168
70,174,168
70,174,168
70,174,168
70,174,168
70,174,168
70,174,168
70,174,168
70,174,168
70,174,168
70,174,168
69,174,167
70,174,167
70,174,167
70,174,167
70,174,167
70,174,167
68,174,166
68,173,166
67,173,166
67,173,166
67,173,166
68,173,166
68,173,166
68,174,166
70,174,167
70,174,167
70,174,167
70,174,167
69,174,167
68,174,166
68,173,166
68,173,166
68,173,166
67,173,166
66,173,166
66,173,166
66,173,166
66,173,166
66,172,166
66,173,166
65,172,165
65,172,165
65,172,165
65,172,165
64,172,164
64,172,164
63,172,164
62,171,163
62,170,164
61,170,163
63,172,164
63,172,164
63,171,164
63,171,164
63,171,164
63,171,164
63,171,164
62,171,163
62,170,164
62,170,164
62,170,164
62,170,164
62,170,164
61,170,163
61,171,163
60,171,163
60,171,163
60,171,163
60,171,163
60,171,163
61,171,163
62,170,164
63,171,164
63,171,164
63,172,164
63,172,164
64,172,164
64,172,164
65,172,165
65,172,165
65,172,165
65,172,165
65,173,165
65,173,165
65,173,165
65,173,165
66,173,166
66,173,166
66,173,166
66,173,166
66,173,166
66,173,166
66,173,166
66,173,166
66,173,166
66,173,166
66,173,166
66,173,166
66,173,166
66,173,166
66,173,166
66,173,166
67,173,166
67,173,166
67,173,166
68,173,166
68,173,166
68,173,166
68,173,166
67,173,166
67,173,166
67,173,166
67,173,166
68,173,166
68,174,166
69,174,167
69,174,167
69,174,167
69,174,167
69,174,167
69,174,167
69,174,167
69,174,167
69,174,167
69,174,167
69,174,167
69,174,167
69,174,167
69,174,167
68,174,166
68,173,166
68,173,166
67,173,166
66,173,166
66,173,166
66,173,166
66,173,166
66,173,166
65,173,165
65,173,165
65,173,165
66,173,166
66,173,166
66,173,166
68,174,166
69,175,167
69,175,167
70,175,167
70,175,167
70,174,168
70,174,168
70,174,168
70,174,168
70,174,168
70,174,168
70,174,168
70,174,168
70,174,168
70,174,168
70,174,168
70,174,168
70,174,168
70,174,168
70,174,167
70,174,167
70,174,168
70,174,168
70,174,168
70,174,168
70,174,168
70,174,168
70,174,168
70,174,168
70,174,168
70,174,168
70,174,168
70,174,168
70,174,168
70,174,168
69,174,167
69,174,167
69,174,167
69,174,167
68,174,166
68,174,167
68,173,166
68,173,166
68,173,166
68,174,166
68,174,166
69,174,167
69,174,167
69,174,167
69,174,167
70,174,168
70,174,168
70,174,168
70,174,168
70,174,168
70,174,168
70,174,168
70,174,168
70,174,168
70,174,168
70,174,168
70,174,168
70,174,168
70,174,168
70,174,168
70,174,167
70,174,167
70,174,167
70,174,167
70,174,167
70,174,167
69,174,167
68,174,166
68,173,166
68,173,166
68,173,166
68,173,166
68,173,166
68,174,166
69,174,167
70,174,167
70,174,167
70,174,167
69,174,167
68,174,166
68,173,166
68,173,166
68,173,166
68,173,166
67,173,166
66,173,166
67,172,166
66,172,166
66,172,166
66,172,166
66,173,166
65,172,165
65,172,165
65,172,165
64,172,164
64,172,164
63,172,164
63,171,164
62,171,163
61,170,163
63,171,164
63,171,164
63,171,164
63,171,164
63,171,164
63,171,164
63,171,164
62,171,163
62,170,164
62,170,164
62,170,164
62,170,164
62,170,164
62,170,164
61,170,163
60,171,163
60,171,163
60,171,163
60,171,163
60,171,163
60,171,163
61,171,163
62,171,164
63,171,164
63,171,164
63,172,164
64,172,164
64,172,164
65,172,165
65,172,165
65,172,165
65,172,165
65,173,165
65,173,165
65,173,165
65,173,165
65,173,165
65,173,165
65,173,165
65,173,165
66,173,166
66,173,166
66,173,166
66,173,166
66,173,166
66,173,166
66,173,166
66,173,166
66,173,166
66,173,166
66,173,166
67,173,166
67,173,166
67,173,166
67,173,166
68,173,166
68,173,166
68,173,166
68,173,166
67,173,166
67,173,166
67,173,166
67,173,166
68,173,166
68,173,166
69,174,167
69,174,167
69,174,167
69,174,167
69,174,167
69,174,167
69,174,167
69,174,167
69,174,167
69,174,167
69,174,167
69,174,167
69,174,167
69,174,167
69,174,167
68,173,166
68,173,166
67,173,166
67,173,166
66,173,166
66,173,166
66,173,166
66,173,166
66,173,166
65,173,165
65,173,165
66,173,166
66,173,166
67,173,166
68,174,167
69,175,168
69,175,167
70,175,167
70,175,167
70,174,168
70,174,168
70,174,168
70,174,168
70,174,168
70,174,168
70,174,168
70,174,168
70,174,168
70,174,168
70,174,168
70,174,168
70,174,168
70,174,168
70,174,168
70,174,168
70,174,168
70,174,168
70,174,168
70,174,168
70,174,168
70,174,168
70,174,168
70,174,168
70,174,168
70,174,168
70,174,168
70,174,168
70,174,168
70,174,168
70,174,168
69,174,167
69,174,167
69,174,167
69,174,167
69,174,167
68,174,166
68,174,166
68,174,166
68,174,166
69,174,167
69,174,167
69,174,167
69,174,167
69,174,167
69,174,167
70,174,168
70,174,168
70,174,168
70,174,168
70,174,168
70,174,168
70,174,168
70,174,168
70,174,168
70,174,168
70,174,168
70,174,168
70,174,168
70,174,168
70,174,168
70,174,167
70,174,167
70,174,167
70,174,167
70,174,167
70,174,167
68,174,166
68,174,166
68,173,166
68,173,166
68,173,166
68,174,166
68,174,166
69,174,167
69,174,167
69,174,167
69,174,167
69,174,167
68,174,166
69,173,167
69,173,167
69,173,167
68,173,166
68,173,166
67,173,166
67,172,165
67,172,165
67,172,165
67,172,165
66,172,166
66,173,166
65,172,165
65,172,165
64,172,164
64,172,164
63,172,164
63,171,164
62,171,163
62,170,164
63,170,164
63,171,164
63,171,164
62,171,164
62,171,163
62,171,163
62,171,163
62,171,163
62,170,164
62,170,164
62,170,164
62,170,164
62,170,164
62,170,164
62,170,164
61,171,163
60,171,163
60,171,163
60,171,163
60,171,163
60,171,163
61,171,163
61,171,163
63,171,163
63,171,164
63,172,164
64,172,164
65,172,165
65,172,165
65,172,165
65,172,165
65,172,165
66,173,166
65,173,165
65,172,165
65,172,165
65,172,165
65,172,165
65,172,165
65,172,165
65,172,165
66,173,166
66,173,166
66,173,166
66,173,166
66,173,166
66,173,166
66,173,166
66,173,166
66,173,166
66,173,166
67,173,166
67,173,166
67,173,166
68,173,166
68,173,166
68,173,166
68,173,166
68,173,166
67,173,166
67,173,166
67,173,166
68,173,166
68,173,166
68,173,166
69,174,167
69,174,167
69,174,167
69,174,167
69,174,167
69,174,167
69,174,167
69,174,167
69,174,167
69,174,167
69,174,167
69,174,167
69,174,167
69,174,167
69,174,167
68,173,166
68,173,166
67,173,166
67,173,166
66,173,166
66,173,166
66,173,166
66,173,166
65,173,165
65,173,165
65,173,165
66,173,166
66,173,166
67,173,166
68,174,166
69,175,167
69,175,167
70,175,167
70,175,167
70,174,168
70,174,168
70,174,168
70,174,168
70,174,168
70,174,168
70,174,168
70,174,168
70,174,168
70,174,168
70,174,168
70,174,168
70,174,168
70,174,168
70,174,168
70,174,168
70,174,168
70,174,168
70,174,168
70,174,168
70,174,168
70,174,168
70,174,168
70,174,168
70,174,168
70,174,168
70,174,168
71,175,168
70,175,168
70,174,168
70,174,168
70,174,168
69,174,167
69,174,167
69,174,167
69,174,167
69,174,167
69,174,167
69,174,167
69,174,167
69,174,167
69,174,167
69,174,167
69,174,167
69,174,167
69,174,167
70,174,168
70,174,168
70,174,168
70,174,168
70,174,168
70,174,168
70,174,168
70,174,168
70,174,168
70,174,168
70,174,168
70,174,168
70,174,168
70,174,168
70,174,168
70,174,168
70,174,167
70,174,167
70,174,167
70,174,167
70,174,167
70,174,167
68,174,166
68,174,166
68,174,166
68,174,166
68,174,166
68,174,166
69,174,167
69,174,167
69,174,167
69,174,167
68,174,166
69,173,167
69,173,167
69,173,167
69,173,167
68,173,166
68,173,166
67,173,166
67,173,166
67,173,166
67,172,165
67,172,165
67,172,165
66,172,166
66,173,166
65,172,165
64,172,164
64,172,164
63,172,164
63,172,164
63,171,164
62,171,163
64,171,164
63,170,164
63,171,164
62,171,164
62,171,163
62,171,163
62,171,163
62,171,163
62,170,164
62,170,164
62,170,164
62,170,164
62,170,164
62,170,164
62,170,164
61,171,163
60,171,163
60,171,163
60,171,163
60,171,163
60,171,163
61,171,163
61,171,163
62,171,164
63,171,164
63,172,164
64,172,164
65,172,165
65,172,165
65,172,165
65,172,165
66,173,166
66,173,166
66,173,166
65,172,165
65,172,165
65,172,165
65,172,165
65,172,165
65,172,165
65,172,165
65,172,165
65,172,165
65,172,165
66,173,166
66,173,166
66,173,166
66,173,166
66,173,166
66,173,166
66,173,166
67,173,166
67,173,166
67,173,166
68,173,166
68,173,166
68,173,166
68,173,166
68,173,166
67,173,166
67,173,166
67,173,166
68,173,166
68,173,166
68,173,166
69,174,167
69,174,167
69,174,167
69,174,167
69,174,167
69,174,167
69,174,167
69,174,167
69,174,167
69,174,167
69,174,167
69,174,167
69,174,167
69,174,167
69,174,167
69,174,167
68,173,166
67,173,166
67,173,166
66,173,166
66,173,166
66,173,166
66,173,166
65,173,165
65,173,165
65,173,165
65,172,165
66,173,166
67,173,166
68,174,166
69,174,167
69,175,167
70,175,167
70,175,167
70,175,167
70,175,167
70,175,167
70,174,168
70,174,168
70,174,168
70,174,168
70,174,168
70,174,168
70,174,168
70,174,168
70,174,168
70,174,168
70,174,168
70,174,168
70,174,168
70,174,168
70,174,168
70,174,168
70,174,168
69,174,167
70,174,167
69,174,167
70,174,168
70,174,168
70,174,168
70,174,168
71,175,168
70,175,168
70,174,168
70,175,167
70,175,167
69,174,167
69,174,167
69,174,167
69,174,167
69,174,167
69,174,167
69,174,167
69,174,167
69,174,167
69,174,167
69,174,167
70,174,167
69,174,167
69,174,167
69,174,167
70,174,168
70,174,168
70,174,168
70,174,168
70,174,168
70,174,168
70,174,168
70,174,168
70,174,168
70,174,168
70,174,168
70,174,168
70,174,168
70,174,168
70,174,168
70,174,168
70,174,167
70,174,167
70,174,167
70,174,167
70,174,167
70,174,167
68,174,166
68,174,166
68,174,166
68,174,166
69,174,167
69,174,167
69,174,167
69,174,167
69,174,167
68,174,166
69,173,167
69,173,167
69,173,167
69,173,167
68,173,166
68,173,166
68,173,166
67,173,166
67,173,166
67,172,165
67,172,166
67,172,166
67,172,166
66,172,166
66,173,166
64,172,164
64,172,164
63,172,164
63,172,164
63,171,164
62,171,163
64,171,164
63,170,164
63,171,164
63,171,164
63,171,164
62,171,163
62,171,163
62,171,163
62,171,163
62,170,164
62,170,164
62,170,164
62,170,164
62,170,164
62,170,164
62,170,164
62,170,164
61,171,163
60,171,163
60,171,163
60,171,163
61,171,163
61,171,163
62,171,164
63,171,164
63,172,164
64,172,164
65,172,165
65,172,165
65,172,165
65,172,165
65,172,165
66,173,166
65,172,165
65,172,165
65,172,165
65,172,165
65,172,165
65,172,165
65,172,165
65,172,165
65,172,165
65,172,165
66,173,166
66,173,166
66,173,166
66,173,166
66,173,166
66,173,166
67,173,166
67,173,166
67,173,166
67,173,166
68,173,166
68,173,166
68,173,166
68,173,166
68,173,166
68,173,166
68,173,166
68,173,166
68,173,166
68,173,166
68,173,166
68,173,166
69,174,167
69,174,167
69,174,167
69,174,167
69,174,167
69,174,167
69,174,167
69,174,167
69,174,167
69,174,167
69,174,167
69,174,167
69,174,167
69,174,167
69,174,167
69,174,167
68,173,166
67,173,166
67,173,166
66,173,166
66,173,166
66,173,166
65,173,165
65,172,166
65,172,166
65,173,165
65,172,165
66,173,166
67,173,166
68,173,166
69,174,167
69,174,167
69,174,167
70,175,167
70,175,167
70,175,167
70,174,168
70,174,168
70,174,168
70,174,168
70,174,168
70,174,168
70,174,168
70,174,168
70,174,168
70,174,168
70,174,168
70,174,168
70,174,168
70,174,168
70,174,168
70,174,168
70,174,168
70,174,167
70,174,167
70,174,167
70,174,167
70,174,167
70,174,167
70,174,168
70,174,168
70,174,168
70,174,168
70,174,168
70,174,168
70,174,168
70,174,168
70,174,168
69,174,167
69,174,167
69,174,167
69,174,167
69,174,167
69,174,167
69,174,167
69,174,167
70,174,167
70,174,167
69,174,167
69,174,167
69,174,167
69,174,167
70,174,168
70,174,168
70,174,168
70,174,168
70,174,168
70,174,168
70,174,168
70,174,168
70,174,168
70,174,168
70,174,168
70,174,168
70,174,168
70,174,168
70,174,168
70,174,168
70,174,167
70,174,167
70,174,167
70,174,167
70,174,167
70,174,167
69,174,167
69,174,167
69,174,167
69,174,167
69,174,167
69,174,167
69,174,167
69,174,167
69,174,167
69,173,167
69,173,167
69,173,167
69,173,167
69,173,167
68,172,166
68,173,166
67,173,166
67,173,166
66,173,166
66,173,166
66,173,166
66,173,166
66,173,166
66,173,166
64,172,164
64,172,164
64,172,164
63,172,164
63,171,164
63,171,164
64,171,164
64,171,164
64,171,164
63,171,164
63,171,164
63,171,164
63,171,164
63,171,164
62,171,163
62,171,163
62,170,164
62,170,164
62,170,164
62,170,164
62,170,164
62,170,164
62,170,164
62,170,164
61,171,163
60,171,163
61,171,163
61,171,163
61,171,163
62,171,164
63,171,164
63,172,164
64,172,164
65,172,165
65,172,165
65,172,165
65,172,165
65,172,165
65,172,165
65,172,165
65,172,165
65,172,165
65,172,165
65,172,165
65,172,165
65,172,165
65,172,165
65,172,165
66,173,166
66,173,166
66,173,166
66,173,166
66,173,166
67,173,166
67,173,166
67,173,166
67,173,166
67,173,166
68,173,166
68,173,166
68,173,166
68,173,166
68,173,166
68,173,166
68,173,166
68,173,166
68,173,166
68,173,166
68,173,166
68,173,166
68,173,166
69,174,167
69,174,167
69,174,167
69,174,167
69,174,167
69,174,167
69,174,167
69,174,167
69,174,167
69,174,167
69,174,167
69,174,167
69,174,167
69,174,167
69,174,167
69,174,167
68,173,166
67,173,166
67,173,166
66,173,166
66,173,166
66,173,166
65,172,166
65,172,166
65,172,166
65,172,166
65,172,166
66,173,166
67,173,166
68,173,166
69,174,167
69,174,167
69,174,167
70,174,168
70,174,168
70,174,168
70,174,168
70,174,168
70,174,168
70,174,168
70,174,168
70,174,168
70,174,168
70,174,168
70,174,168
70,174,168
70,174,168
70,174,168
70,174,168
70,174,168
70,174,168
70,174,168
70,174,168
70,174,167
70,174,167
70,174,167
70,174,167
70,174,167
70,174,167
70,174,168
70,174,168
70,174,168
70,174,168
70,174,168
70,174,168
70,174,168
70,174,168
70,174,168
70,174,168
69,174,167
69,174,167
69,174,167
69,174,167
69,174,167
69,174,167
70,174,167
70,174,167
70,174,167
69,174,167
69,174,167
69,174,167
69,174,167
69,174,167
69,174,167
70,174,167
70,174,168
70,174,168
70,174,168
70,174,168
70,174,168
70,174,168
70,174,168
70,174,168
70,174,168
70,174,168
70,174,168
70,174,168
70,174,168
70,174,168
70,174,168
70,174,167
70,174,167
70,174,167
70,174,167
70,174,167
69,174,167
69,174,167
69,174,167
70,174,167
70,174,167
70,174,167
70,174,167
69,174,167
68,174,166
69,173,167
69,173,167
69,173,167
69,173,167
68,173,166
68,173,166
67,173,166
67,173,166
66,173,166
66,173,166
66,173,166
66,173,166
66,173,166
66,173,166
65,172,165
64,172,164
64,172,164
63,172,164
63,172,164
63,171,164
64,171,164
64,171,164
65,172,165
65,172,165
63,172,164
63,171,164
63,171,164
63,171,164
63,171,164
62,171,163
62,170,164
62,170,164
62,170,164
62,170,164
62,170,164
62,170,164
62,170,164
62,170,164
62,170,164
61,171,163
61,171,163
62,170,164
62,171,164
63,171,164
63,171,164
64,172,164
64,172,164
65,172,165
65,172,165
65,172,165
65,172,165
65,172,165
65,172,165
65,172,165
65,172,165
65,172,165
65,172,165
65,172,165
65,172,165
65,172,165
65,172,165
65,172,165
66,173,166
66,173,166
66,173,166
66,173,166
67,173,166
67,173,166
68,173,166
68,173,166
68,173,166
68,173,166
68,173,166
68,173,166
68,173,166
68,173,166
68,173,166
68,173,166
68,173,166
68,173,166
68,173,166
68,173,166
68,173,166
68,173,166
68,173,166
69,174,167
69,174,167
69,174,167
69,174,167
69,174,167
69,174,167
69,174,167
69,174,167
69,174,167
69,174,167
69,174,167
69,174,167
69,174,167
69,174,167
69,174,167
68,173,166
67,173,166
67,173,166
67,173,166
66,173,166
66,173,166
66,173,166
65,173,165
65,172,166
65,172,166
65,172,166
65,172,165
66,173,166
67,173,166
68,173,166
68,173,166
69,174,167
69,174,167
69,174,167
70,174,168
70,174,168
70,174,168
70,174,168
70,174,168
70,174,168
70,174,168
70,174,168
70,174,168
70,174,168
70,174,168
70,174,168
70,174,168
70,174,168
70,174,168
70,174,168
70,174,168
70,174,168
70,174,168
70,174,168
70,174,167
70,174,167
70,174,167
70,174,167
70,174,168
70,174,168
70,174,168
70,174,168
70,174,168
70,174,168
70,174,168
70,174,168
70,174,168
70,174,168
70,174,168
69,174,167
69,174,167
69,174,167
69,174,167
69,174,167
69,174,167
69,174,167
69,174,167
69,174,167
69,174,167
69,174,167
68,174,166
68,174,166
69,174,167
70,174,167
70,174,167
70,174,167
70,174,168
70,174,168
70,174,168
70,174,168
70,174,168
70,174,168
70,174,168
70,174,168
70,174,168
70,174,168
70,174,168
70,174,168
70,174,168
70,174,168
70,174,167
70,174,167
70,174,167
70,174,167
70,174,167
70,174,167
70,174,167
70,174,167
70,174,167
70,174,167
70,174,167
70,174,167
70,174,167
69,174,167
69,173,167
69,173,167
69,173,167
68,174,166
68,173,166
68,173,166
67,173,166
66,173,166
66,173,166
66,173,166
66,173,166
66,173,166
66,173,166
66,173,166
66,173,166
64,172,164
64,172,164
64,172,164
63,172,164
63,171,164
63,172,164
65,171,165
65,172,165
65,172,165
64,172,164
63,171,164
63,171,164
63,171,164
63,171,164
63,171,164
62,171,163
62,170,164
62,170,164
62,170,164
62,170,164
62,170,164
62,170,164
62,170,164
62,170,164
61,171,163
61,171,163
61,171,163
62,171,164
63,171,164
63,171,164
64,172,164
64,172,164
65,172,165
65,172,165
65,172,165
65,172,165
65,172,165
65,172,165
65,172,165
65,172,165
65,172,165
65,172,165
65,172,165
65,172,165
65,172,165
65,172,165
65,172,165
66,173,166
66,173,166
66,173,166
67,173,166
68,173,166
68,173,166
68,173,166
68,173,166
68,173,166
68,173,166
68,173,166
68,173,166
68,173,166
68,173,166
68,173,166
68,173,166
68,173,166
68,173,166
68,173,166
68,173,166
68,173,166
68,173,166
68,173,166
69,174,167
69,174,167
69,174,167
69,174,167
69,174,167
69,174,167
69,174,167
69,174,167
69,174,167
69,174,167
69,174,167
69,174,167
69,174,167
69,174,167
69,174,167
68,173,166
67,173,166
67,173,166
66,173,166
66,173,166
66,173,166
66,173,166
65,173,165
65,172,166
64,172,165
63,171,165
63,171,165
65,172,165
66,173,166
67,173,166
68,173,166
69,174,167
69,174,167
70,174,168
70,174,168
70,174,168
70,174,168
70,174,168
70,174,168
70,174,168
70,174,168
70,174,168
70,174,168
70,174,168
70,174,168
70,174,168
70,174,168
70,174,168
70,174,168
70,175,168
70,175,168
71,174,168
71,174,168
70,174,168
70,174,168
70,174,168
70,174,168
70,174,168
70,174,168
70,174,168
70,174,168
69,174,168
69,174,167
70,174,168
70,174,168
69,174,167
70,174,168
70,174,168
70,174,168
70,174,168
70,174,168
69,174,167
69,174,167
69,174,167
69,174,167
69,174,167
69,174,167
69,174,167
68,174,166
68,173,167
68,173,167
68,173,167
68,174,166
69,174,167
70,174,167
70,174,167
70,174,168
70,174,168
70,174,168
70,174,168
70,174,168
70,174,168
70,174,168
70,174,168
70,174,168
70,174,168
70,174,168
70,174,168
70,174,168
70,174,168
70,174,168
70,174,167
70,174,167
70,174,167
70,174,167
70,174,167
70,174,167
70,174,167
70,174,167
70,174,167
70,174,167
70,174,167
70,174,167
70,174,167
69,174,167
69,174,167
69,173,167
69,173,167
68,174,166
68,173,166
68,173,166
67,173,166
66,173,166
66,173,166
66,173,166
66,173,166
66,173,166
66,173,166
66,173,166
64,172,164
64,172,164
64,172,164
63,172,164
63,171,164
63,171,164
64,172,164
64,172,164
64,172,164
64,172,164
63,171,165
63,171,164
63,171,164
63,171,164
63,171,164
63,171,164
62,171,163
62,170,164
62,170,164
62,170,164
62,170,164
62,170,164
62,170,164
62,170,164
61,171,163
61,171,163
61,171,163
62,171,164
63,171,164
63,171,164
64,172,164
64,172,164
65,172,165
65,172,165
65,172,165
65,172,165
65,172,165
65,172,165
65,172,165
65,172,165
65,172,165
65,172,165
65,172,165
65,172,165
65,172,165
65,172,165
65,172,165
66,173,166
66,173,166
66,173,166
67,173,166
67,173,166
68,173,166
68,173,166
68,173,166
68,173,166
68,173,166
68,173,166
68,173,166
68,173,166
67,173,166
68,173,166
68,173,166
68,173,166
68,173,166
68,173,166
68,173,166
68,173,166
68,173,166
68,173,166
69,174,167
69,174,167
69,174,167
69,174,167
69,174,167
69,174,167
69,174,167
69,174,167
69,174,167
69,174,167
69,174,167
69,174,167
69,174,167
69,174,167
69,174,167
68,173,166
67,173,166
66,173,166
66,173,166
66,173,166
66,173,166
66,173,166
65,173,165
65,173,165
63,171,165
63,171,165
63,171,165
65,172,165
66,173,166
67,173,166
67,173,166
69,174,167
69,174,167
69,174,167
70,174,168
70,174,168
70,174,168
70,174,168
70,175,167
70,175,167
70,175,167
70,174,168
70,174,168
70,174,168
70,174,168
70,174,168
70,174,168
70,174,168
70,174,168
70,175,168
70,175,168
70,175,168
70,175,168
70,175,168
70,174,168
70,174,168
70,174,168
70,174,168
70,174,168
70,174,168
70,174,168
70,174,168
70,174,168
70,174,168
70,174,168
69,174,167
69,174,167
70,174,168
70,174,168
70,174,168
70,174,168
70,174,168
69,174,167
69,174,167
69,174,167
69,174,167
69,174,167
68,174,166
68,173,166
67,173,166
67,173,166
67,173,166
68,173,166
68,173,166
69,174,167
70,174,167
70,174,167
70,174,168
70,174,168
70,174,168
70,174,168
70,174,168
70,174,168
70,174,168
70,174,168
70,174,168
70,174,168
70,174,168
70,174,168
70,174,168
70,174,167
70,174,167
70,174,167
70,174,167
70,174,167
70,174,167
70,174,167
70,174,167
70,174,167
70,174,167
70,174,167
70,174,167
70,174,167
70,174,167
69,174,167
69,174,167
68,174,166
69,173,167
69,173,167
68,174,166
68,173,166
68,173,166
67,173,166
66,173,166
66,173,166
66,173,166
66,173,166
66,173,166
66,173,166
65,172,165
64,172,164
64,172,164
63,172,164
63,172,164
63,171,164
63,172,164
64,172,164
64,172,164
63,171,165
63,171,165
63,171,164
63,171,164
63,171,164
63,171,164
63,171,164
63,171,164
63,171,164
62,171,163
62,170,164
62,170,164
62,170,164
62,170,164
61,171,163
61,171,163
61,171,164
62,171,164
62,171,164
63,171,164
63,172,164
64,172,164
64,172,164
65,172,165
65,172,165
65,172,165
65,172,165
65,172,165
65,172,165
65,172,165
65,172,165
65,172,165
65,172,165
65,172,165
65,172,165
65,172,165
65,172,165
65,172,165
66,173,166
66,173,166
66,173,166
67,173,166
67,173,166
68,173,167
68,173,166
68,174,166
68,173,166
68,173,166
68,173,166
68,173,166
68,173,166
67,173,166
68,173,166
68,173,166
68,173,166
68,173,166
68,173,166
68,173,166
68,173,166
68,173,166
68,173,166
68,173,166
69,174,167
69,174,167
69,174,167
69,174,167
69,174,167
69,174,167
69,174,167
69,174,167
69,174,167
69,174,167
69,174,167
69,174,167
69,174,167
68,173,166
67,173,166
66,173,166
66,173,166
66,173,166
66,173,166
66,173,166
66,173,166
65,172,165
65,173,165
63,171,165
63,171,165
63,171,165
63,171,165
65,173,165
66,173,166
67,173,166
68,173,166
69,174,167
69,174,167
70,174,168
70,174,168
70,174,168
70,174,168
70,175,167
70,175,167
70,175,167
70,175,167
70,174,168
70,174,168
70,174,168
70,174,168
70,174,168
70,174,168
70,174,168
70,174,168
70,175,168
70,175,168
70,175,168
70,175,168
70,174,168
70,174,168
70,174,168
70,174,168
70,174,168
70,174,168
70,174,168
70,174,168
69,174,168
69,174,168
69,174,167
69,174,167
69,174,167
69,174,167
70,174,168
70,174,168
70,174,168
70,174,168
69,174,167
69,174,167
69,174,167
69,174,167
69,174,167
68,173,166
67,173,166
67,173,166
67,173,166
67,173,166
67,173,166
67,173,166
68,173,166
69,174,167
70,174,167
70,174,167
70,174,168
70,174,168
70,174,168
70,174,168
70,174,168
70,174,168
70,174,168
70,174,168
70,174,168
70,174,168
70,174,168
70,174,168
70,174,167
70,174,167
70,174,167
70,174,167
70,174,167
70,174,167
70,174,167
70,174,167
70,174,167
70,174,167
70,174,167
70,174,167
70,174,167
70,174,167
70,174,167
69,174,167
69,174,167
69,174,167
68,174,166
68,174,166
68,173,166
68,173,166
68,173,166
67,173,166
66,173,166
66,173,166
66,173,166
66,173,166
66,173,166
65,172,165
64,172,164
64,172,164
63,172,164
63,172,164
63,171,164
63,171,165
63,172,164
63,171,165
63,171,165
63,171,165
63,171,164
63,171,164
63,171,164
63,171,164
63,171,164
63,171,164
63,171,164
63,171,164
63,170,163
62,170,164
62,170,164
62,170,164
61,171,163
61,171,164
61,171,164
62,171,164
63,171,163
63,171,164
63,172,164
64,172,164
64,172,164
65,172,165
65,172,165
65,172,165
65,172,165
65,172,165
65,172,165
65,172,165
65,172,165
65,172,165
65,172,165
65,172,165
65,172,165
65,172,165
65,172,165
65,172,165
66,173,166
66,173,166
66,173,166
67,173,166
67,173,166
68,173,166
68,173,166
68,174,166
68,173,166
68,173,166
68,173,166
68,173,166
68,173,166
67,173,166
68,173,166
68,173,166
68,173,166
68,173,166
68,173,166
68,173,166
68,173,166
68,173,166
68,173,166
68,173,166
68,173,166
69,174,167
69,174,167
69,174,167
69,174,167
69,174,167
69,174,167
69,174,167
69,174,167
69,174,167
69,174,167
69,174,167
68,173,166
67,173,166
66,173,166
66,173,166
66,173,166
66,173,166
66,173,166
66,173,166
66,173,166
65,172,165
65,173,165
63,171,164
63,171,165
63,171,165
63,171,165
65,172,166
66,173,166
67,173,166
68,173,166
68,174,166
69,174,167
69,174,167
70,174,168
70,174,168
70,175,167
70,175,167
70,175,167
70,175,167
70,175,167
70,175,167
70,174,168
70,174,168
70,174,168
70,174,168
70,174,168
70,175,167
70,175,167
70,175,167
70,175,167
70,174,168
70,174,168
70,174,168
70,174,168
70,174,168
70,174,168
70,174,168
70,174,168
70,174,168
70,174,168
69,174,168
69,174,168
69,174,167
69,174,167
69,174,167
69,174,167
70,174,168
70,174,168
70,174,168
70,174,168
70,174,168
69,174,167
69,174,167
69,174,167
68,174,166
68,173,166
67,173,166
67,173,166
67,173,166
67,173,166
67,173,166
67,173,166
68,173,166
68,174,166
69,174,167
69,174,167
69,174,167
69,174,167
70,174,168
70,174,168
70,174,168
70,174,168
70,174,168
70,174,168
70,174,168
70,174,168
70,174,168
70,174,168
70,174,167
70,174,167
70,174,167
70,174,167
70,174,167
70,174,167
70,174,167
70,174,167
70,174,167
70,174,167
70,174,167
70,174,167
70,174,167
70,174,167
70,174,167
70,174,167
70,174,167
70,174,167
69,174,167
68,174,166
68,174,166
68,173,166
68,173,166
68,173,166
67,173,166
66,173,166
66,173,166
66,173,166
66,173,166
65,172,165
64,172,164
64,172,164
63,172,164
63,172,164
62,171,164
63,171,164
63,171,165
63,172,164
63,172,165
63,171,165
63,171,165
63,171,165
63,171,164
63,171,164
63,171,164
63,171,164
63,171,164
63,171,164
63,172,164
63,172,164
63,172,164
62,170,164
62,170,164
61,171,163
61,171,164
61,171,164
62,171,164
62,171,164
63,171,164
63,172,164
64,172,164
64,172,164
65,172,165
65,172,165
65,172,165
65,172,165
65,172,165
65,172,165
65,172,165
65,172,165
65,172,165
65,172,165
65,172,165
65,172,165
65,172,165
65,172,165
65,172,165
66,173,166
66,173,166
66,173,166
67,173,166
67,173,166
67,173,166
68,173,166
68,173,166
68,173,166
68,173,166
68,173,166
68,173,166
68,173,166
67,173,166
68,173,166
68,173,166
68,173,166
68,173,166
68,173,166
68,173,166
68,173,166
68,173,166
68,173,166
68,173,166
68,173,166
68,173,166
68,173,166
68,173,166
68,173,166
68,173,166
68,173,166
68,173,166
68,173,166
68,173,166
68,173,166
68,173,166
67,173,166
66,173,166
66,173,166
66,173,166
66,173,166
66,173,166
66,173,166
66,173,166
66,173,166
65,173,165
65,173,165
63,171,164
63,171,165
63,171,165
63,171,165
64,172,165
65,173,165
66,173,166
67,173,166
68,173,166
69,174,167
69,174,167
69,174,167
69,174,167
70,175,167
70,175,167
70,175,167
70,175,167
70,175,167
70,175,167
70,174,168
70,174,168
69,174,167
69,174,167
69,174,167
69,174,167
69,175,167
69,175,167
69,175,167
69,175,167
70,175,167
70,175,167
70,174,168
70,174,168
70,174,168
70,174,168
70,174,168
69,174,167
69,174,167
69,174,167
69,174,167
69,174,167
69,174,167
69,174,167
69,174,167
70,174,168
70,174,168
70,174,168
70,174,168
70,174,168
69,174,167
70,174,167
70,174,167
68,174,166
68,173,166
68,173,166
67,173,166
67,173,166
67,173,166
67,173,166
67,173,166
68,173,166
68,173,166
69,174,167
69,174,167
69,174,167
69,174,167
69,174,167
69,174,167
69,174,167
69,174,167
70,174,168
70,174,168
70,174,168
70,174,168
70,174,168
70,174,168
70,174,167
70,174,167
70,174,167
70,174,167
70,174,167
70,174,167
70,174,167
70,174,167
70,174,167
70,174,167
70,174,167
70,174,167
70,174,167
70,174,167
70,174,167
70,174,167
70,174,167
70,174,167
70,174,167
68,174,166
68,174,166
68,173,166
68,173,166
68,173,166
68,173,166
67,173,166
66,173,166
66,173,166
66,173,166
65,172,165
64,172,164
64,172,164
63,172,164
64,171,164
64,171,164
63,171,164
63,171,164
63,172,164
63,172,165
63,172,165
63,171,165
63,171,164
63,171,164
63,171,164
63,171,164
63,171,164
63,172,164
63,172,164
63,172,164
63,172,164
64,171,164
63,172,164
63,171,164
62,171,164
62,171,164
62,171,164
62,171,164
63,171,163
63,171,164
63,172,164
64,172,164
64,172,164
65,172,165
65,172,165
65,172,165
65,172,165
65,172,165
65,172,165
65,172,165
65,172,165
65,172,165
65,172,165
65,172,165
65,172,165
65,172,165
65,172,165
65,172,165
66,173,166
66,173,166
66,173,166
67,173,166
67,173,166
67,173,166
68,173,166
68,173,166
68,173,166
68,173,166
68,173,166
68,173,166
68,173,166
67,173,166
68,173,166
68,173,166
68,173,166
68,173,166
68,173,166
67,173,166
67,173,166
67,173,166
67,173,166
67,173,166
67,173,166
67,173,166
67,173,166
67,173,166
67,173,166
68,173,166
68,173,166
67,173,166
67,173,166
67,173,166
67,173,166
67,173,166
66,173,166
66,173,166
66,173,166
66,173,166
66,173,166
66,173,166
66,173,166
66,173,166
66,173,166
65,173,165
65,173,165
64,172,164
63,171,164
63,171,165
63,171,165
64,172,165
65,172,166
66,173,166
66,173,166
67,173,166
68,173,166
68,174,166
69,174,167
69,174,167
69,174,167
69,175,167
69,175,167
69,175,167
69,175,167
69,175,167
69,174,167
69,174,167
68,174,166
68,174,166
68,174,166
68,174,166
68,174,166
68,174,166
68,174,166
69,174,167
69,175,167
69,175,167
69,175,167
69,174,167
70,174,168
70,174,168
69,174,167
69,174,167
69,174,167
69,174,167
69,174,167
69,174,167
69,174,167
69,174,167
69,174,167
70,174,168
70,174,168
70,174,168
70,174,168
70,174,168
69,174,167
70,174,167
70,174,167
68,174,166
68,173,166
68,173,166
67,173,166
67,173,166
67,173,166
67,173,166
67,173,166
68,173,166
68,173,166
69,174,167
69,174,167
69,174,167
69,174,167
69,174,167
69,174,167
69,174,167
69,174,167
69,174,167
69,174,167
70,174,168
70,174,168
70,174,168
70,174,167
70,174,167
70,174,167
70,174,167
70,174,167
69,174,167
70,174,167
70,174,167
70,174,167
70,174,167
70,174,167
70,174,167
70,174,167
70,174,167
70,174,167
70,174,167
70,174,167
70,174,167
70,174,167
70,174,167
70,174,167
68,174,166
68,174,166
68,173,166
68,173,166
68,173,166
68,173,166
67,173,166
66,173,166
66,173,166
65,172,165
64,172,164
64,172,164
64,171,164
64,171,164
63,171,164
63,172,164
63,172,164
63,172,164
63,172,165
63,172,165
63,171,164
63,171,164
63,171,165
63,172,165
63,172,165
63,172,164
63,172,164
64,172,164
64,172,164
64,171,164
63,172,164
63,172,164
62,171,163
62,171,164
62,171,164
62,171,164
63,171,163
63,171,164
63,172,164
64,172,164
64,172,164
65,172,165
65,172,165
65,172,165
65,172,165
65,172,165
65,172,165
65,172,165
65,172,165
65,172,165
65,172,165
65,172,165
65,172,165
65,172,165
65,172,165
65,172,165
65,172,165
66,173,166
66,173,166
67,172,165
67,173,166
67,173,166
67,173,166
68,173,166
68,173,166
68,173,166
68,173,166
68,173,166
68,173,166
67,173,166
67,173,166
68,173,166
67,173,166
67,173,166
67,173,166
67,173,166
67,173,166
67,173,166
66,173,166
66,173,166
66,173,166
67,173,166
67,173,166
67,173,166
67,173,166
67,173,166
67,173,166
66,173,166
66,173,166
66,173,166
66,173,166
66,173,166
66,173,166
66,173,166
66,173,166
66,173,166
66,173,166
66,173,166
66,173,166
66,173,166
66,173,166
66,173,166
65,173,165
65,172,165
64,172,164
64,172,164
64,172,165
64,172,165
65,172,166
65,173,165
66,173,166
66,173,166
67,173,166
68,173,166
68,173,166
68,173,166
68,174,166
69,174,167
69,174,167
69,174,167
69,174,167
69,174,167
67,173,166
67,173,166
67,173,166
67,173,166
67,173,166
67,173,166
67,173,166
67,173,166
67,173,166
67,173,166
68,174,166
69,174,167
69,174,167
69,174,167
69,174,167
69,174,167
69,174,167
69,174,167
69,174,167
69,174,167
69,174,167
69,174,167
69,174,167
69,174,167
69,174,167
70,174,168
70,174,168
70,174,168
70,174,168
70,174,168
69,174,167
70,174,167
70,174,167
68,174,166
68,173,166
68,173,166
67,173,166
67,173,166
67,173,166
67,173,166
67,173,166
68,173,166
68,173,166
69,174,167
69,174,167
69,174,167
69,174,167
69,174,167
69,174,167
69,174,167
69,174,167
69,174,167
69,174,167
69,174,167
69,174,167
69,174,167
70,174,167
70,174,167
70,174,167
70,174,167
69,174,167
69,174,167
69,174,167
69,174,167
70,174,167
70,174,167
70,174,167
70,174,167
70,174,167
70,174,167
70,174,167
70,174,167
70,174,167
70,174,167
70,174,167
70,174,167
70,174,167
68,174,166
68,174,166
69,173,167
68,173,166
68,173,166
68,173,166
67,173,166
66,173,166
66,173,166
65,172,165
64,172,164
64,172,164
64,171,164
64,171,164
63,171,164
63,172,164
63,172,164
63,172,164
63,172,164
63,172,165
63,172,165
63,171,165
63,171,165
63,171,165
63,172,164
64,172,164
64,172,164
64,172,164
64,172,164
64,172,164
63,172,164
63,172,164
63,171,164
62,171,164
62,171,164
62,171,164
63,171,163
63,171,164
63,172,164
64,172,164
64,172,164
65,172,165
65,172,165
65,172,165
65,172,165
65,172,165
65,172,165
65,172,165
65,172,165
65,172,165
65,172,165
65,172,165
65,172,165
65,172,165
65,172,165
65,172,165
65,172,165
66,172,166
66,172,166
66,172,166
67,172,165
67,173,166
67,173,166
67,173,166
68,173,166
68,173,166
68,173,166
68,173,166
67,173,166
67,173,166
67,173,166
67,173,166
67,173,166
67,173,166
67,173,166
67,173,166
67,173,166
67,173,166
66,173,166
66,173,166
66,173,166
66,173,166
66,173,166
66,173,166
66,173,166
66,173,166
66,173,166
66,173,166
66,173,166
66,173,166
66,173,166
66,173,166
66,173,166
66,173,166
66,173,166
66,173,166
66,173,166
66,173,166
66,173,166
66,173,166
66,173,166
66,173,166
66,173,166
65,173,165
64,172,164
64,172,164
64,172,164
65,172,165
65,173,165
65,173,165
65,173,165
66,173,166
66,173,166
66,173,166
66,173,166
67,173,166
67,173,166
68,173,166
68,173,166
67,174,166
67,173,166
67,173,166
66,173,166
66,173,166
66,173,166
66,173,166
66,173,166
66,173,166
66,173,166
66,173,166
66,173,166
66,173,166
67,173,166
67,173,166
68,174,166
69,174,167
69,174,167
69,174,167
69,174,167
69,174,167
69,174,167
69,174,167
69,174,167
69,174,167
69,174,167
69,174,167
69,174,167
70,174,168
70,174,168
70,174,168
70,174,168
70,174,168
70,174,168
70,174,167
70,174,167
68,174,166
68,173,166
68,173,166
67,173,166
67,173,166
67,173,166
67,173,166
67,173,166
68,173,166
68,173,166
69,174,167
69,174,167
69,174,167
69,174,167
69,174,167
69,174,167
69,174,167
70,174,167
69,174,167
69,174,167
69,174,167
70,174,167
70,174,167
70,174,167
70,174,167
70,174,167
69,174,167
69,174,167
68,174,166
68,174,166
69,174,167
70,174,167
70,174,167
70,174,167
70,174,167
70,174,167
70,174,167
70,174,168
70,174,168
70,174,167
70,174,167
70,174,167
70,174,167
70,174,167
68,174,166
68,174,166
69,173,167
68,173,166
68,173,166
68,173,166
67,173,166
66,173,166
66,173,166
65,172,165
64,172,164
64,172,164
64,171,164
64,171,164
63,171,164
63,171,164
63,171,164
63,172,164
63,171,164
63,172,165
63,172,165
63,171,165
63,171,165
63,171,165
64,172,164
64,172,164
64,172,164
64,172,164
64,172,164
64,172,164
64,172,164
63,172,164
63,171,164
63,171,163
62,171,164
62,171,164
63,171,163
63,172,164
63,172,164
64,172,164
64,172,164
65,172,165
65,172,165
65,172,165
65,172,165
65,172,165
65,172,165
65,172,165
65,172,165
65,172,165
65,172,165
65,172,165
65,172,165
65,172,166
65,172,166
65,172,166
65,172,165
66,172,166
66,172,166
66,172,166
67,172,165
66,173,166
67,173,166
67,173,166
67,173,166
67,173,166
68,173,166
68,173,166
68,173,166
67,173,166
67,173,166
67,173,166
67,173,166
67,173,166
67,173,166
67,173,166
67,173,166
66,173,166
66,173,166
66,173,166
66,173,166
66,173,166
66,173,166
66,173,166
66,173,166
66,173,166
66,173,166
66,173,166
66,173,166
66,173,166
66,173,166
66,173,166
66,173,166
66,173,166
66,173,166
66,173,166
66,173,166
66,173,166
66,173,166
66,173,166
66,173,166
66,173,166
66,173,166
65,172,165
65,172,165
65,172,165
65,172,165
65,173,165
65,173,165
65,173,165
65,173,165
65,172,165
65,172,165
65,172,165
65,172,165
66,173,166
66,173,166
66,173,166
66,173,166
66,173,166
66,173,166
66,173,166
66,173,166
65,173,165
65,173,165
65,172,165
65,172,165
65,172,165
65,172,165
65,172,165
65,172,166
65,172,166
65,173,165
66,173,166
67,173,166
67,174,166
68,173,166
68,174,166
68,174,166
69,174,167
69,174,167
69,174,167
69,174,167
69,174,167
69,174,167
69,174,167
69,174,167
69,174,167
70,174,168
70,174,168
70,174,168
70,174,168
70,174,168
70,174,167
70,174,167
68,174,166
68,173,166
68,173,166
67,173,166
66,173,166
67,173,166
67,173,166
67,173,166
67,173,166
68,173,166
69,174,167
69,174,167
69,174,167
69,174,167
69,174,167
69,174,167
69,174,167
70,174,167
70,174,167
70,174,167
70,174,167
70,174,167
70,174,167
70,174,167
70,174,167
70,174,167
70,174,167
69,174,167
68,174,166
68,174,166
69,174,167
70,174,167
70,174,167
70,174,167
70,174,167
70,174,167
70,174,168
70,174,168
70,174,168
70,174,168
70,174,167
70,174,167
70,174,167
70,174,167
69,174,167
69,173,167
69,173,167
69,173,167
68,173,166
68,173,166
67,173,166
67,172,165
66,173,166
65,172,165
64,172,164
64,172,164
64,171,164
64,171,164
62,170,164
63,171,164
63,171,164
63,171,164
63,171,164
63,172,165
63,172,165
63,171,165
63,172,165
63,172,164
64,172,164
64,172,164
64,172,164
64,172,164
64,172,164
64,172,164
64,172,164
64,172,164
63,171,163
63,171,163
63,171,163
62,171,164
63,171,163
63,171,163
63,172,164
64,172,164
64,172,164
65,172,165
65,172,165
65,172,165
65,172,165
65,172,165
65,172,165
65,172,165
65,172,165
65,172,165
65,172,165
65,172,165
65,172,165
65,172,166
65,172,166
65,172,166
65,172,165
65,172,165
66,172,166
66,172,166
67,172,165
66,173,166
66,173,166
67,173,166
67,173,166
68,173,166
68,173,166
67,173,166
67,173,166
67,173,166
67,173,166
67,173,166
67,173,166
67,173,166
67,173,166
67,173,166
66,173,166
66,173,166
66,173,166
66,173,166
66,173,166
66,173,166
66,173,166
66,173,166
66,173,166
66,173,166
66,173,166
65,173,165
65,173,165
65,173,165
65,173,165
65,173,165
66,173,166
66,173,166
66,173,166
66,173,166
66,173,166
66,173,166
66,173,166
66,173,166
66,173,166
66,173,166
66,173,166
65,172,165
65,172,165
65,172,165
65,172,165
65,172,165
65,172,165
65,173,165
65,173,165
65,172,165
65,172,165
65,172,165
65,172,165
65,172,165
65,172,165
65,172,165
65,172,165
65,173,165
65,173,165
65,173,165
65,172,165
64,172,164
64,172,164
63,171,163
63,171,163
61,171,163
61,171,163
61,171,163
62,171,164
63,171,165
65,172,166
65,173,165
66,173,166
67,173,166
67,174,166
68,173,166
68,174,166
68,174,166
69,174,167
69,174,167
69,174,167
69,174,167
69,174,167
69,174,167
69,174,167
70,174,168
70,174,168
70,174,168
70,174,168
70,174,168
70,174,168
70,174,167
70,174,167
68,174,166
68,173,166
67,173,166
66,173,166
66,173,167
66,173,167
66,173,167
66,173,166
67,173,166
67,173,166
68,173,166
69,174,167
69,174,167
69,174,167
69,174,167
69,174,167
69,174,167
69,174,167
69,174,167
69,174,167
70,174,167
70,174,167
70,174,167
70,174,167
70,174,167
70,174,167
70,174,167
70,174,167
69,174,167
69,174,167
70,174,167
70,174,167
70,174,167
70,174,167
70,174,167
70,174,167
70,174,168
70,174,168
70,174,168
70,174,168
70,174,168
70,174,168
70,174,167
70,174,167
70,174,167
69,173,167
69,173,167
69,173,167
68,172,166
68,173,166
67,173,166
66,173,166
66,173,166
65,172,165
64,172,164
65,171,165
64,171,164
64,171,164
62,170,164
62,171,163
63,171,164
63,171,164
63,171,164
63,172,164
63,172,165
63,172,165
63,172,164
63,172,164
64,172,164
64,172,164
64,172,164
64,172,164
65,172,165
65,172,165
64,172,164
64,172,164
63,171,164
63,171,163
63,171,163
62,171,164
62,171,164
63,171,164
63,172,164
64,172,164
64,172,164
65,172,165
65,172,165
65,172,165
65,172,165
65,172,165
66,173,166
66,173,166
66,173,166
66,173,166
65,172,165
65,172,165
65,172,165
64,172,165
64,172,165
65,172,166
65,172,166
65,172,165
66,172,166
66,172,166
66,173,166
66,173,166
66,173,166
67,173,166
67,173,166
67,173,166
68,173,166
67,173,166
67,173,166
67,173,166
67,173,166
67,173,166
67,173,166
67,173,166
67,173,165
67,173,165
66,173,166
66,173,166
66,173,166
66,173,166
66,173,166
66,173,166
66,173,166
65,172,165
65,172,165
65,172,165
65,173,165
65,173,165
65,173,165
65,173,165
65,173,165
65,173,165
66,173,166
66,173,166
66,173,166
66,173,166
66,173,166
66,173,166
66,173,166
66,173,166
66,173,166
66,173,166
66,173,166
66,173,166
65,172,165
65,172,165
65,172,165
65,172,165
65,172,165
65,172,165
65,172,165
65,172,165
65,172,165
65,172,165
65,172,165
65,172,165
65,172,165
65,172,165
64,172,164
63,171,164
63,171,164
63,171,163
61,171,163
61,171,163
60,171,163
60,170,162
60,170,162
58,169,161
58,169,161
59,169,162
60,170,163
62,171,164
63,171,165
65,172,165
66,173,166
66,173,166
67,173,166
68,173,166
67,174,166
68,174,166
69,174,167
69,174,167
69,174,167
69,174,167
69,174,167
69,174,167
69,175,167
70,175,167
70,175,167
70,176,168
70,174,168
70,174,168
70,174,168
70,174,167
70,174,167
68,173,166
67,173,166
66,173,166
66,173,166
66,172,166
66,172,166
66,172,166
66,172,166
66,173,166
67,173,166
67,173,166
68,173,166
68,174,166
68,174,166
68,174,166
68,174,166
68,173,166
68,174,166
68,174,166
69,174,167
69,174,167
70,174,167
70,174,167
70,174,167
70,174,167
70,174,167
70,174,167
70,174,167
70,174,167
70,174,167
70,174,167
70,174,167
70,174,167
69,174,167
70,174,167
70,174,167
70,174,167
70,174,168
70,174,168
70,174,168
70,174,168
70,174,168
70,174,167
70,174,167
70,174,167
69,173,167
69,173,167
69,173,167
68,172,166
68,173,166
67,173,166
66,173,166
66,173,166
65,172,166
65,171,166
65,171,165
64,171,164
64,171,164
62,170,164
62,170,164
63,171,164
63,171,164
63,171,164
63,172,164
63,172,164
63,172,164
63,172,164
63,172,164
63,172,164
63,172,164
64,172,164
64,172,164
65,172,165
65,172,165
65,172,165
64,172,164
63,172,164
63,171,164
63,171,164
63,171,163
63,171,163
63,171,164
63,172,164
64,172,164
64,172,164
64,172,164
65,172,165
65,172,165
65,172,165
65,172,165
66,173,166
66,173,166
66,173,166
66,173,166
65,172,165
65,172,165
65,172,165
64,172,164
64,172,165
64,172,165
65,172,165
65,172,165
66,173,166
66,173,166
66,173,166
66,173,166
66,173,166
67,173,166
67,173,166
67,173,166
67,173,166
67,173,166
67,173,166
67,173,166
67,173,166
67,173,166
67,173,166
67,173,166
67,173,166
67,173,165
65,173,165
65,173,165
66,173,166
66,173,166
66,173,166
66,173,166
65,173,165
65,172,165
65,172,165
65,172,165
65,172,165
65,172,165
65,172,165
65,173,165
65,173,165
65,172,165
66,173,166
66,173,166
66,173,166
67,173,166
67,173,166
67,173,166
67,173,166
66,173,166
66,173,166
66,173,166
66,173,166
66,173,166
66,173,166
65,172,165
65,172,165
65,172,165
65,172,165
65,172,165
65,172,165
65,172,165
65,172,165
65,172,165
65,172,165
65,172,165
65,172,165
64,172,164
63,171,164
63,171,164
63,171,163
61,171,163
61,171,163
60,170,163
60,170,162
59,170,162
58,169,161
58,169,161
58,169,162
58,169,162
59,170,163
61,171,164
62,171,164
64,172,165
66,173,166
67,173,166
67,173,166
68,173,166
68,174,166
69,174,167
69,174,166
69,174,166
69,174,167
69,174,167
69,174,167
69,174,167
70,175,167
70,175,167
70,176,168
70,176,168
70,176,168
70,174,168
70,174,168
69,174,167
69,174,167
68,173,166
67,173,166
66,173,166
66,173,166
65,172,166
65,172,166
65,172,166
65,172,166
66,173,166
66,173,166
66,173,166
66,173,166
67,173,166
67,173,166
67,173,166
67,173,166
67,173,166
67,173,166
68,173,166
68,174,166
69,174,167
69,174,167
70,174,167
70,174,167
70,174,167
70,174,167
70,174,167
70,174,167
70,174,167
70,174,167
70,174,167
70,174,167
70,174,167
68,174,166
69,174,167
69,174,167
70,174,167
70,174,167
70,174,168
70,174,168
70,174,168
70,174,167
70,174,167
70,174,167
70,174,167
70,174,167
69,173,167
69,173,167
68,172,166
67,173,166
67,173,166
66,173,166
66,173,166
66,172,166
65,172,166
65,171,166
64,171,164
64,171,164
61,170,163
62,170,164
62,170,164
63,171,164
63,171,164
63,172,164
63,172,164
63,171,164
63,172,164
63,172,165
63,172,165
63,172,165
64,172,164
64,172,164
65,172,165
65,172,165
65,172,165
64,172,164
63,172,164
63,171,164
63,171,164
63,171,164
63,171,164
63,171,164
63,172,164
63,172,164
64,172,164
64,172,164
65,172,165
65,172,165
65,172,165
65,172,165
66,173,166
66,173,166
66,173,166
66,173,166
65,172,165
65,172,165
65,172,165
64,172,164
64,172,164
64,172,164
65,172,165
65,172,165
66,173,166
66,173,166
66,173,166
66,173,166
67,173,166
67,173,166
67,173,166
67,173,166
67,173,166
67,173,166
67,173,166
67,173,166
67,173,166
67,173,166
67,173,166
66,173,166
66,173,166
66,173,166
65,173,165
65,173,165
66,173,166
66,173,166
66,173,166
65,173,165
65,173,165
65,172,165
65,172,165
65,172,165
65,172,165
65,173,165
65,173,165
65,172,165
65,172,165
66,173,166
66,173,166
66,173,166
67,173,166
67,173,166
68,174,165
68,174,165
67,173,166
67,173,166
67,173,166
67,173,166
67,173,166
67,173,166
66,173,166
66,173,166
66,173,166
66,173,166
66,173,166
66,173,166
66,173,166
66,173,166
66,173,166
66,173,166
65,172,165
65,172,165
65,172,165
64,172,164
63,171,164
63,171,163
62,171,164
61,171,163
60,171,163
60,170,162
60,170,162
59,170,162
58,169,162
58,169,162
58,169,162
58,169,162
59,170,163
62,171,164
63,171,164
65,172,165
66,173,166
67,173,166
68,173,166
68,174,166
69,174,167
69,174,166
69,174,166
69,174,166
69,174,166
69,174,167
69,174,167
69,174,167
70,175,167
70,176,168
70,176,168
71,175,168
70,176,168
70,174,168
70,174,168
69,174,167
70,174,167
68,173,166
68,173,166
66,173,166
66,173,166
65,172,165
65,172,165
65,172,165
64,172,164
65,172,165
65,172,165
66,173,166
66,173,166
66,173,166
66,173,166
66,173,166
66,173,166
66,173,166
66,173,166
67,173,166
68,173,166
68,173,166
68,174,166
69,174,167
69,174,167
69,174,167
70,174,167
70,174,167
70,174,167
70,174,167
70,174,167
70,174,167
70,174,167
70,174,167
68,174,166
68,174,166
68,174,166
68,174,166
70,174,167
70,174,167
70,174,167
70,174,167
70,174,167
70,174,167
70,174,167
70,174,167
70,174,167
69,173,167
69,173,167
69,173,167
68,173,166
67,173,166
67,172,166
66,172,166
66,172,166
65,172,166
65,171,166
64,171,164
64,171,164
61,170,163
62,170,164
62,170,164
63,171,164
63,171,164
63,171,164
63,172,164
63,171,164
63,172,164
63,172,164
63,171,164
63,171,164
63,172,164
64,172,164
65,172,165
65,172,165
64,172,164
64,172,164
63,172,164
63,171,164
63,171,164
63,171,164
63,171,164
63,171,164
63,172,165
63,172,164
64,172,164
64,172,164
64,172,164
65,172,165
65,172,165
66,173,166
66,173,166
66,173,166
66,173,166
66,173,166
66,173,166
65,172,165
65,172,165
65,172,165
64,172,164
65,172,165
65,172,165
66,173,166
66,173,166
66,173,166
66,173,166
66,173,166
67,173,166
67,173,166
68,173,166
68,173,166
67,173,166
67,173,166
67,173,166
67,173,166
67,173,166
66,173,166
66,173,166
66,173,166
66,173,166
66,173,166
66,173,166
66,173,166
66,173,166
66,173,166
66,173,166
66,173,166
65,173,165
65,172,165
65,172,165
65,172,165
65,172,165
65,173,165
65,173,165
66,173,166
66,173,166
66,173,166
67,173,166
68,174,165
68,174,165
68,174,165
68,174,165
68,173,166
67,174,166
68,173,166
68,173,166
68,173,166
68,173,166
68,173,166
68,173,166
68,173,166
68,173,166
68,173,166
68,173,166
68,173,166
67,173,166
67,173,166
67,173,166
67,173,166
66,173,166
66,173,166
65,172,165
65,173,165
63,171,164
63,171,164
62,171,164
61,171,163
60,171,163
60,170,162
60,170,162
59,170,162
58,169,162
58,169,161
58,169,161
60,170,162
62,171,164
63,171,164
65,172,165
66,173,166
67,173,166
68,173,166
68,174,166
69,174,167
69,174,167
69,174,167
69,174,166
69,174,166
69,174,166
69,174,167
69,174,167
69,174,167
69,174,167
70,175,167
71,175,168
71,175,168
71,175,168
70,175,168
70,174,168
70,174,168
70,174,167
70,174,167
68,173,166
67,173,166
66,173,166
65,172,165
65,172,165
64,172,164
63,171,165
63,171,164
63,171,164
63,171,164
63,171,164
63,171,165
63,171,165
64,172,165
65,173,165
66,173,166
66,173,166
66,173,166
67,173,166
68,173,166
68,173,166
68,174,166
68,174,166
69,174,167
69,174,167
69,174,167
70,174,167
70,174,167
70,174,167
70,174,167
70,174,167
68,174,166
68,174,166
68,174,166
68,174,166
68,174,166
68,174,166
70,174,167
70,174,167
70,174,167
70,174,167
70,174,167
70,174,167
70,174,167
70,174,167
69,173,167
69,173,167
69,173,167
68,173,166
67,173,166
67,172,166
66,172,166
66,172,166
65,172,166
65,171,165
65,171,165
64,171,164
60,171,163
61,170,163
62,170,164
63,171,164
63,171,163
63,171,164
63,172,164
63,171,164
63,172,164
63,172,164
63,171,164
63,171,164
63,172,164
64,172,164
64,172,164
64,172,164
64,172,164
64,172,164
63,172,164
63,171,164
63,171,164
63,171,164
63,171,164
63,171,164
63,172,165
63,172,164
64,172,164
64,172,164
64,172,164
65,172,165
65,172,165
66,173,166
66,173,166
66,173,166
66,173,166
66,173,166
66,173,166
66,173,166
65,172,165
65,172,165
65,172,165
65,172,165
65,172,165
66,173,166
66,173,166
66,173,166
66,173,166
67,173,166
67,173,166
67,173,166
68,173,166
68,173,166
67,173,166
67,173,166
67,173,166
67,173,166
67,173,166
66,173,166
66,173,166
66,173,166
66,173,166
66,173,166
66,173,166
66,173,166
66,173,166
66,173,166
66,173,166
66,173,166
66,173,166
65,173,165
65,173,165
65,173,165
66,173,166
66,173,166
66,173,166
66,173,166
66,173,166
67,173,166
68,173,166
68,173,166
68,173,166
68,174,166
69,174,167
69,174,167
69,174,167
69,174,167
69,174,167
69,174,167
69,174,167
69,174,167
69,174,167
69,174,167
69,174,167
69,174,167
69,174,167
69,174,167
68,174,166
68,173,166
67,174,166
67,173,166
67,173,166
66,173,166
66,173,166
66,173,166
65,172,165
64,172,164
63,171,164
62,171,164
61,171,163
60,171,163
60,170,162
60,170,162
59,170,163
60,170,162
60,171,163
62,171,164
63,171,164
66,173,166
67,172,165
67,173,166
68,173,166
68,174,166
69,174,167
69,174,167
69,174,167
69,174,167
69,174,167
69,174,167
69,174,167
69,174,167
69,174,167
69,174,167
69,174,167
70,175,167
71,175,168
71,175,168
71,175,168
71,175,168
70,174,168
70,174,168
70,174,168
69,174,167
70,174,167
68,173,166
66,173,166
65,172,165
64,172,164
63,171,164
63,171,164
63,171,164
61,171,164
61,171,164
61,171,164
61,171,164
62,171,164
63,171,164
63,171,164
64,172,164
65,172,165
66,173,166
66,173,166
67,173,166
67,173,166
68,173,166
68,173,166
68,174,166
68,174,166
69,174,167
70,174,167
70,174,167
70,174,167
70,174,167
70,174,167
68,174,166
68,174,166
68,173,166
68,173,166
68,173,166
68,174,166
68,174,166
69,174,167
69,174,167
70,174,167
70,174,167
70,174,167
70,174,167
70,174,167
69,173,167
69,173,167
69,173,167
68,173,166
67,173,166
67,173,166
67,172,166
66,172,166
65,172,165
65,171,165
65,171,165
64,171,164
60,170,162
61,171,163
62,170,164
62,171,164
63,171,163
63,171,164
63,172,164
63,172,164
63,172,164
63,172,164
63,172,164
63,172,164
63,172,164
64,172,164
64,172,164
64,172,164
64,172,164
64,172,164
63,172,164
63,171,164
63,171,164
63,171,164
63,171,164
63,171,164
63,172,165
63,172,165
64,172,164
64,172,164
64,172,164
65,172,165
65,172,165
65,172,165
66,173,166
66,173,166
66,173,166
66,173,166
66,173,166
66,173,166
65,172,165
65,172,165
65,172,165
65,172,165
66,173,166
66,173,166
66,173,166
66,173,166
66,173,166
67,173,166
67,173,166
67,173,166
68,173,166
67,173,166
67,173,166
67,173,166
67,173,166
67,173,166
67,173,166
67,173,166
66,173,166
66,173,166
66,173,166
66,173,166
66,173,166
66,173,166
66,173,166
66,173,166
66,173,166
66,173,166
66,173,166
66,173,166
66,173,166
66,173,166
66,173,166
66,173,166
67,173,166
67,173,166
68,173,166
68,173,166
68,173,166
68,174,166
68,174,166
69,174,167
69,174,167
69,175,167
69,175,167
69,175,167
69,175,167
69,174,167
69,174,167
69,174,167
69,174,167
69,174,167
69,174,167
69,174,167
69,174,167
69,174,167
69,174,167
69,174,167
67,174,166
67,173,166
67,173,166
67,173,166
67,173,166
66,173,166
66,173,166
66,173,166
65,172,165
64,172,164
63,172,164
63,172,164
63,172,164
63,172,164
63,172,164
63,172,164
64,172,164
66,173,166
66,173,166
67,173,166
68,174,166
68,174,166
69,174,167
69,174,167
69,174,167
69,174,167
69,174,167
69,174,167
69,174,167
69,174,167
69,174,167
69,174,167
69,174,167
69,174,167
69,174,167
69,175,167
70,175,167
71,175,168
71,175,168
71,175,168
70,174,168
70,174,168
70,174,168
70,174,168
70,174,167
69,174,167
68,173,166
66,173,166
65,172,165
64,172,164
63,171,164
61,171,164
61,171,164
60,170,163
59,170,163
59,170,163
60,170,163
61,171,164
62,171,164
63,171,164
64,172,164
65,172,165
66,173,166
67,173,166
67,173,166
68,173,166
68,173,166
68,174,166
68,174,166
68,174,166
69,174,167
70,174,167
70,174,167
70,174,167
68,174,166
68,174,166
68,173,166
68,173,166
68,173,166
68,173,166
68,173,166
68,173,166
68,174,166
69,174,167
69,174,167
70,174,167
70,174,167
70,174,167
70,174,167
69,173,167
69,173,167
69,173,167
68,173,166
68,173,166
67,173,166
67,172,165
66,172,166
66,172,166
65,172,165
65,171,165
64,171,164
60,170,162
60,171,163
61,171,163
62,171,164
63,171,163
63,171,164
63,172,164
63,172,164
63,172,164
63,172,164
63,172,164
63,172,164
63,172,164
64,172,164
64,172,164
64,172,164
64,172,164
64,172,164
63,172,164
63,171,164
63,171,164
63,171,164
63,171,164
63,171,164
63,171,165
63,171,165
63,172,164
64,172,164
64,172,164
65,172,165
65,172,165
65,172,165
66,173,166
66,173,166
66,173,166
66,173,166
66,173,166
66,173,166
66,173,166
66,173,166
66,173,166
66,173,166
66,173,166
66,173,166
66,173,166
66,173,166
66,173,166
67,173,166
67,173,166
67,173,166
68,173,166
67,173,166
67,173,166
67,173,166
67,173,166
67,173,166
67,173,166
67,173,166
66,173,166
66,173,166
66,173,166
66,173,166
66,173,166
66,173,166
66,173,166
66,173,166
66,173,166
66,173,166
66,173,166
66,173,166
66,173,166
66,173,166
67,173,166
67,173,166
67,174,166
68,173,166
68,174,166
68,174,166
68,174,166
69,174,167
69,174,167
69,175,167
69,175,167
69,175,167
69,175,167
69,175,167
69,175,167
69,174,167
69,174,167
69,174,167
69,174,167
69,174,167
69,174,167
69,174,167
69,174,167
69,174,167
69,174,167
69,174,167
67,174,166
67,173,166
67,173,166
67,173,166
67,173,166
67,173,166
66,173,166
66,173,166
67,172,165
67,172,165
66,173,165
66,173,165
65,172,164
65,172,164
65,172,164
66,173,166
66,173,166
67,173,166
68,174,166
68,174,166
70,174,167
70,174,167
69,174,167
69,174,167
69,175,167
69,174,167
69,174,167
69,174,167
69,174,167
69,174,167
69,174,167
69,174,167
69,174,167
69,174,167
69,174,167
69,175,167
69,175,167
71,175,168
71,175,168
71,175,168
71,175,168
70,174,168
70,174,168
70,174,168
70,174,168
70,174,167
68,174,166
68,173,166
66,172,166
64,172,164
63,171,164
61,171,164
61,170,164
59,170,163
59,170,163
59,170,163
59,170,163
61,171,164
61,171,164
62,171,164
63,171,164
65,172,165
65,173,165
66,173,166
67,173,166
67,173,166
68,174,165
68,174,165
68,174,166
69,173,166
69,174,167
70,174,167
70,174,167
70,174,167
68,174,166
68,173,166
68,173,166
68,173,166
68,173,166
68,173,166
68,173,166
68,173,166
68,173,166
68,174,166
69,174,167
69,174,167
70,174,167
70,174,167
69,174,167
69,173,167
69,173,167
69,173,167
68,173,166
68,173,166
67,173,166
67,172,165
66,172,166
66,172,166
65,172,165
64,172,164
63,172,164
58,169,161
60,170,162
61,171,163
61,171,163
63,171,163
63,171,164
63,172,164
63,172,164
63,172,164
63,172,164
63,172,164
63,172,164
63,172,164
63,172,164
64,172,164
64,172,164
64,172,164
64,172,164
63,172,164
63,171,164
63,171,164
63,171,164
63,171,164
63,171,164
63,171,164
63,171,165
63,171,165
64,172,164
64,172,164
65,172,165
65,172,165
65,172,165
65,172,165
66,173,166
66,173,166
66,173,166
66,173,166
66,173,166
66,173,166
66,173,166
66,173,166
66,173,166
66,173,166
66,173,166
66,173,166
66,173,166
66,173,166
67,173,166
67,173,166
67,173,166
67,173,166
67,173,166
67,173,166
67,173,166
67,173,166
67,173,166
67,173,166
67,173,166
67,173,166
66,173,166
66,173,166
66,173,166
66,173,166
66,173,166
66,173,166
66,173,166
66,173,166
66,173,166
66,173,166
66,173,166
67,173,166
67,173,166
67,173,166
68,173,166
69,174,167
69,174,167
69,174,167
69,174,167
69,174,167
69,175,167
69,175,167
69,175,167
69,175,167
69,175,167
69,175,167
69,175,167
69,175,167
69,175,167
69,174,167
69,174,167
69,174,167
69,174,167
69,174,167
69,174,167
69,174,167
69,174,167
68,173,166
68,173,166
67,173,166
67,173,166
67,173,166
67,173,166
67,173,166
67,173,166
67,173,166
67,173,166
67,173,165
67,173,165
67,173,165
67,173,166
67,173,166
68,174,165
68,174,165
68,174,165
68,174,166
68,174,166
70,174,167
70,174,167
70,174,167
69,174,167
69,174,167
69,175,167
69,175,167
69,175,167
69,174,167
69,174,167
69,174,167
69,174,167
70,174,167
70,174,167
70,174,167
69,174,167
69,174,167
69,175,167
69,175,167
70,175,167
71,175,168
71,175,168
71,175,168
71,175,168
71,175,168
70,174,168
70,174,168
70,174,168
70,174,167
68,174,166
68,173,165
66,173,165
64,172,164
63,171,164
61,171,164
60,170,163
59,170,163
59,170,163
59,170,163
61,171,164
61,171,164
62,171,164
63,171,163
64,172,164
65,172,165
66,173,166
67,173,166
68,174,165
68,174,165
68,174,165
68,174,165
69,173,166
68,174,166
69,174,167
70,174,167
70,174,167
68,174,166
68,173,166
68,173,166
68,173,166
68,173,166
68,173,166
68,173,166
68,173,166
68,173,166
68,174,166
68,174,166
69,174,167
70,174,167
70,174,167
69,174,167
69,173,167
69,173,167
69,173,167
68,173,166
68,173,166
67,173,166
67,172,165
66,173,166
66,173,166
65,172,165
64,172,164
64,172,164
58,169,161
59,169,162
60,171,163
61,171,163
62,171,164
63,171,163
63,172,164
63,172,164
63,172,164
63,172,164
63,172,164
63,172,165
63,172,165
63,172,164
64,172,164
64,172,164
64,172,164
64,172,164
63,172,165
63,171,165
63,171,164
63,171,164
63,171,164
63,171,164
63,171,165
63,171,165
63,171,164
63,171,164
64,172,164
65,172,165
65,172,165
65,172,165
65,172,165
66,173,166
66,173,166
66,173,166
66,173,166
66,173,166
66,173,166
66,173,166
66,173,166
66,173,166
66,173,166
66,173,166
66,173,166
66,173,166
66,173,166
66,173,166
67,173,166
67,173,166
66,173,166
66,173,166
67,173,166
67,173,166
67,173,166
67,173,166
67,173,166
67,173,166
67,173,166
67,173,166
67,173,166
67,173,166
67,173,166
67,173,166
67,173,166
67,173,166
66,173,166
66,173,166
66,173,166
67,173,166
67,173,166
68,173,166
69,174,167
69,174,167
69,174,167
69,174,167
69,174,167
69,175,167
69,175,167
69,175,167
69,175,167
69,175,167
69,174,167
69,174,167
69,174,167
69,175,167
69,175,167
69,175,167
69,174,167
69,174,167
69,174,167
69,174,167
69,174,167
69,174,167
69,174,167
68,173,166
68,173,166
67,173,166
66,173,166
66,173,166
66,173,166
66,173,166
66,173,166
67,173,166
67,173,166
67,173,166
68,173,166
68,173,165
68,174,165
69,174,166
69,174,166
69,174,166
69,174,166
69,174,167
69,174,167
69,174,167
69,174,167
69,174,167
69,174,167
69,175,167
69,175,167
69,175,167
69,175,167
69,175,167
69,175,167
69,174,167
70,174,167
70,174,167
70,174,167
70,174,167
70,174,167
69,174,167
69,174,167
69,174,167
69,175,167
70,175,167
71,175,168
71,175,168
71,175,168
71,175,168
71,175,168
71,175,168
70,174,168
70,174,168
70,174,168
70,174,167
69,173,166
68,173,165
67,172,165
65,172,164
64,172,164
63,171,163
60,170,163
60,170,163
60,170,163
61,171,164
62,171,164
62,171,164
63,171,165
64,172,164
65,172,165
66,173,166
66,173,166
68,174,165
68,174,165
68,174,165
68,174,165
69,173,166
69,173,166
69,174,167
69,174,167
69,174,167
68,174,166
68,174,166
68,174,166
68,173,166
68,173,166
68,174,166
68,173,166
68,173,166
68,173,166
68,174,166
68,174,166
69,174,167
70,174,167
70,174,167
69,174,167
69,173,167
69,173,167
69,173,167
68,173,166
68,173,166
67,173,166
66,173,166
66,173,166
66,173,166
65,172,165
64,172,164
64,172,164
58,169,161
60,170,162
60,171,163
61,171,163
63,171,163
63,171,164
63,172,164
63,172,164
63,172,164
63,171,164
63,171,164
63,172,165
63,172,165
63,172,164
64,172,164
64,172,164
64,172,164
64,172,164
63,171,165
63,171,165
63,171,164
63,171,164
63,171,164
63,171,164
63,171,164
63,171,164
63,171,164
64,172,164
65,172,165
65,172,165
65,172,165
65,172,165
66,173,166
66,173,166
66,173,166
66,173,166
66,173,166
66,173,166
66,173,166
66,173,166
66,173,166
66,173,166
66,173,166
66,173,166
66,173,166
66,173,166
66,173,166
66,173,166
66,173,166
66,173,166
66,173,166
66,173,166
67,173,166
67,173,166
67,173,166
67,173,166
67,173,166
67,173,166
67,173,166
67,173,166
67,173,166
67,173,166
67,173,166
67,173,166
67,173,166
67,173,166
67,173,166
67,173,166
68,173,166
68,173,166
69,174,167
69,174,167
69,174,167
69,174,167
69,174,167
69,175,167
69,175,167
69,175,167
69,175,167
69,175,167
69,174,167
69,174,167
69,174,167
69,174,167
69,174,167
69,174,167
69,174,167
69,174,167
69,174,167
69,174,167
69,174,167
69,174,167
69,174,167
68,173,166
68,173,166
67,173,166
66,173,166
66,173,166
66,173,166
66,173,166
66,173,166
66,173,166
66,173,166
67,173,166
68,173,166
68,173,166
69,174,167
69,174,166
69,175,166
69,175,166
69,175,166
69,175,167
70,174,168
70,174,168
69,174,167
69,174,167
69,174,167
69,175,167
70,175,167
70,175,167
70,175,167
69,175,167
69,175,167
70,174,168
70,174,168
70,174,168
70,174,168
70,174,167
70,174,167
70,174,167
69,174,167
69,174,167
69,174,167
70,174,168
70,175,167
71,175,168
71,175,168
72,175,167
72,175,167
72,175,167
72,175,167
72,175,167
70,174,167
70,174,167
70,174,167
70,174,167
69,173,166
68,173,165
68,173,165
66,172,165
65,172,164
64,172,164
63,171,163
63,171,163
63,171,164
63,171,164
63,171,165
64,172,164
65,172,165
65,173,165
66,173,166
66,173,166
68,174,165
68,174,165
68,174,165
68,174,165
69,173,166
70,174,167
70,174,167
69,174,167
69,174,167
69,174,167
68,174,166
68,174,166
68,174,166
68,174,166
69,173,167
69,173,167
69,173,167
68,174,166
68,174,166
69,174,167
70,174,167
70,174,167
70,174,167
69,174,167
69,173,167
69,173,167
69,173,167
68,173,166
67,173,166
67,173,166
66,173,166
66,173,166
65,172,165
65,172,165
64,172,164
58,169,162
58,169,161
60,170,162
61,171,163
61,171,163
63,171,163
63,171,164
63,172,164
63,172,165
63,171,164
63,172,165
63,172,165
63,172,165
64,172,164
65,172,165
65,172,165
65,172,165
64,172,164
63,171,165
63,171,165
63,171,165
63,171,164
63,171,164
63,171,164
63,171,164
63,171,164
63,171,164
64,172,164
65,172,165
65,172,165
65,172,165
65,172,165
66,173,166
66,173,166
66,173,166
66,173,166
66,173,166
66,173,166
66,173,166
66,173,166
66,173,166
66,173,166
66,173,166
66,173,166
66,173,166
66,173,166
66,173,166
66,173,166
66,173,166
66,173,166
66,173,166
66,173,166
66,173,166
67,173,166
67,173,166
67,173,166
67,173,166
67,173,166
67,173,166
67,173,166
67,173,166
68,174,165
68,174,165
68,174,165
68,173,166
68,173,166
68,173,166
68,173,166
69,174,167
69,174,167
69,174,167
69,174,167
69,174,167
69,174,167
69,175,167
69,175,167
69,175,167
69,175,167
69,175,167
69,174,167
69,174,167
69,174,167
69,174,167
69,174,167
69,174,167
69,174,167
69,174,167
69,174,167
69,174,167
69,174,167
69,174,167
69,174,167
68,173,166
68,173,166
67,173,166
67,173,166
66,173,166
66,173,166
66,173,166
66,173,166
66,173,166
66,173,166
66,173,166
67,173,166
68,173,166
69,174,167
69,174,167
69,175,167
69,175,167
70,175,167
70,175,167
70,175,167
70,174,168
70,174,168
70,174,168
70,174,168
70,174,168
70,174,168
70,175,167
70,175,167
70,175,167
70,175,167
70,174,168
70,174,168
70,174,168
70,174,167
70,174,167
70,174,168
70,174,167
69,174,167
69,174,167
70,174,168
70,174,168
70,174,168
70,174,168
71,175,168
72,175,167
72,175,167
72,175,167
72,175,167
72,175,167
72,175,167
72,175,167
70,175,167
70,174,167
70,174,167
70,174,167
69,173,166
69,173,166
68,173,165
67,173,165
67,172,165
65,172,164
65,172,165
64,172,164
64,172,164
64,172,164
65,172,165
65,173,165
66,173,166
66,173,166
66,173,166
68,173,166
68,174,165
68,174,165
68,174,165
68,174,166
70,174,167
70,174,167
70,174,167
70,174,167
69,174,167
69,174,167
69,174,167
69,174,167
68,174,166
68,174,166
69,173,167
69,173,167
68,174,166
69,174,167
70,174,167
70,174,167
70,174,167
70,174,167
69,174,167
69,173,167
69,173,167
69,173,167
68,173,166
67,173,166
66,173,166
66,173,166
66,173,166
65,172,165
65,172,165
64,172,164
57,168,161
58,169,162
59,169,163
60,171,163
61,171,163
62,171,164
63,171,163
63,171,164
63,172,164
63,172,164
63,172,165
63,172,165
64,172,164
64,172,164
65,172,165
65,172,165
65,172,165
64,172,164
63,171,164
63,171,165
63,171,165
63,171,164
63,171,164
63,171,164
63,171,164
63,171,164
63,171,164
64,172,164
64,172,164
65,172,165
65,172,165
65,172,165
65,172,165
66,173,166
66,173,166
66,173,166
66,173,166
66,173,166
66,173,166
66,173,166
66,173,166
66,173,166
66,173,166
66,173,166
66,173,166
66,173,166
66,173,166
66,173,166
66,173,166
66,173,166
66,173,166
66,173,166
66,173,166
67,173,166
67,173,166
67,173,166
67,173,166
67,173,166
67,173,166
67,173,166
68,173,166
68,174,165
68,174,165
68,174,165
68,173,166
68,173,166
68,173,166
68,173,166
69,174,167
69,174,167
69,174,167
69,174,167
69,174,167
69,175,167
69,175,167
69,175,167
69,175,167
69,175,167
69,174,167
69,174,167
69,174,167
69,174,167
70,174,168
70,174,168
69,174,167
69,174,167
69,174,167
69,174,167
69,174,167
69,174,167
69,174,167
69,174,167
68,173,166
68,173,166
67,173,166
67,173,166
66,173,166
66,173,166
66,173,166
66,173,166
66,173,166
66,173,166
66,173,166
68,173,166
69,174,167
69,174,167
69,174,167
69,175,167
70,175,167
70,175,167
70,175,167
70,174,168
70,174,168
70,174,168
70,174,168
70,174,168
70,174,168
70,174,168
70,175,167
70,175,167
70,174,168
70,174,168
70,174,168
70,174,168
70,174,168
70,174,168
70,174,168
70,174,168
70,174,168
70,174,168
70,174,168
70,174,168
70,174,168
70,174,168
71,175,168
72,175,167
72,175,167
72,175,167
72,175,167
72,175,167
72,175,167
72,175,167
72,175,167
72,175,167
72,175,167
70,174,168
70,174,168
70,174,167
70,174,167
69,173,166
68,173,165
68,173,165
66,173,165
66,173,165
66,173,166
65,173,165
65,173,165
65,173,165
66,173,166
66,173,166
66,173,166
66,173,166
68,173,166
68,173,166
68,174,165
68,173,166
70,174,167
70,174,167
70,174,167
70,174,167
70,174,167
69,174,167
69,174,167
70,174,167
70,174,167
70,174,167
70,174,167
69,173,167
69,173,167
70,174,167
70,174,167
70,174,167
70,174,167
70,174,167
70,174,167
70,174,167
69,173,167
69,173,167
69,173,167
68,173,166
67,173,166
66,173,166
66,173,166
66,173,166
65,172,165
65,172,165
64,172,164
57,168,161
58,169,162
58,169,162
60,171,163
61,171,163
62,171,164
63,171,163
63,171,164
63,172,164
63,172,164
63,172,164
63,172,164
64,172,164
65,172,165
65,172,165
65,172,165
65,172,165
64,172,164
63,171,164
63,171,164
63,171,164
63,171,164
63,171,164
63,171,164
63,171,164
63,171,164
63,171,164
64,172,164
64,172,164
65,172,165
65,172,165
65,172,165
65,172,165
65,172,165
66,173,166
66,173,166
66,173,166
66,173,166
66,173,166
66,173,166
66,173,166
66,173,166
66,173,166
66,173,166
66,173,166
66,173,166
66,173,166
66,173,166
66,173,166
66,173,166
66,173,166
66,173,166
66,173,166
67,173,166
67,173,166
67,173,166
67,173,166
67,173,166
67,173,166
67,173,166
68,173,166
68,174,165
68,174,165
68,174,165
68,173,166
68,173,166
68,174,166
69,174,167
69,174,167
69,174,167
69,174,167
69,174,167
69,175,167
69,175,167
69,175,167
69,175,167
69,175,167
69,174,167
69,174,167
69,174,167
69,174,167
70,174,167
70,174,168
70,174,168
69,174,167
69,174,167
69,174,167
69,174,167
69,174,167
69,174,167
69,174,167
69,174,167
69,174,167
68,173,166
68,173,166
67,173,166
67,173,166
66,173,166
66,173,166
66,173,166
66,173,166
66,173,166
67,173,166
69,174,167
69,174,167
69,174,167
69,174,167
69,174,167
70,174,168
70,174,168
70,174,168
70,174,168
70,174,168
70,174,168
70,174,168
70,174,168
70,174,168
70,174,168
70,174,168
70,174,168
70,174,168
70,174,168
70,174,168
70,174,168
70,174,168
70,175,168
70,175,168
70,174,168
70,174,168
70,174,168
70,174,168
70,174,168
70,174,168
70,174,168
72,175,167
72,175,167
72,175,167
72,175,167
72,175,167
72,175,167
72,175,167
72,175,167
72,175,167
72,175,167
72,175,168
72,175,168
71,174,168
70,174,168
70,174,168
69,174,166
69,174,166
68,174,165
68,174,165
66,173,165
66,173,166
66,173,166
66,173,166
65,173,165
66,173,166
66,173,166
66,173,166
67,173,166
68,173,166
68,173,166
68,173,166
68,174,166
70,174,167
70,174,167
70,174,167
70,174,167
70,174,167
70,174,167
70,174,167
70,174,167
70,174,167
70,174,167
70,174,167
70,174,167
70,174,167
70,174,167
70,174,167
70,174,167
70,174,167
70,174,167
70,174,167
70,174,167
68,174,166
68,174,166
68,173,166
68,173,166
66,173,166
66,173,166
66,173,166
66,173,166
65,172,165
65,172,165
64,172,164
56,168,161
57,168,161
58,169,162
59,169,163
60,170,163
61,171,163
63,171,163
63,171,164
63,172,164
63,172,164
64,172,164
64,172,164
64,172,164
65,172,165
65,172,165
65,172,165
65,172,165
64,172,164
63,171,164
63,171,164
63,171,164
63,171,164
63,171,164
63,171,163
63,171,164
63,171,164
63,171,164
64,172,164
64,172,164
64,172,164
65,172,165
65,172,165
65,172,165
65,172,165
66,173,166
66,173,166
66,173,166
66,173,166
66,173,166
66,173,166
66,173,166
66,173,166
66,173,166
66,173,166
66,173,166
66,173,166
66,173,166
66,173,166
66,173,166
66,173,166
66,173,166
66,173,166
66,173,166
67,173,166
67,173,166
67,173,166
67,173,166
67,173,166
67,173,166
68,173,166
68,173,166
68,174,165
69,174,166
69,174,166
69,174,167
68,174,166
69,174,167
69,174,167
69,174,167
69,174,167
69,174,167
69,174,167
69,174,167
69,175,167
69,175,167
69,175,167
69,174,167
69,174,167
69,174,167
69,174,167
70,174,168
70,174,168
70,174,168
70,174,168
70,174,168
70,174,168
69,174,167
69,174,167
69,174,167
69,174,167
69,174,167
69,174,167
69,174,167
69,174,167
68,174,166
68,173,166
67,173,166
67,173,166
67,173,166
67,173,166
67,173,166
67,174,166
69,174,167
69,174,167
69,174,167
69,174,167
69,174,167
69,174,167
69,174,167
70,174,168
70,174,168
70,174,168
70,174,168
70,174,168
70,174,168
70,174,168
70,174,168
70,174,168
70,174,168
70,174,168
70,174,168
70,174,168
70,174,168
70,175,167
70,175,168
70,175,168
70,175,168
70,174,168
70,174,168
70,174,168
70,174,168
70,174,168
70,174,168
70,174,168
72,175,167
72,175,167
72,175,167
72,175,167
72,175,167
72,175,167
72,175,167
72,175,167
72,175,167
72,175,167
72,175,168
72,175,168
71,175,168
70,175,168
70,174,168
70,174,168
69,174,166
69,174,166
68,174,165
67,173,166
66,173,166
66,173,166
66,173,166
66,173,166
66,173,166
66,173,166
66,173,166
67,173,166
68,173,166
68,173,166
68,173,166
68,174,166
70,174,167
70,174,167
70,174,167
70,174,167
70,174,167
69,174,167
69,174,167
70,174,167
70,174,167
70,174,167
70,174,167
70,174,167
70,174,167
70,174,167
70,174,167
70,174,167
70,174,167
70,174,167
70,174,167
70,174,167
68,174,166
68,174,166
68,173,166
67,173,166
66,173,166
66,173,166
66,173,166
66,173,166
65,172,165
65,172,165
64,172,164
57,168,161
58,169,162
58,169,162
60,171,163
61,171,163
62,171,164
63,171,163
63,171,164
63,172,164
64,172,164
64,172,164
64,172,164
65,172,165
65,172,165
64,172,164
64,172,164
64,172,164
63,171,164
63,171,164
63,171,164
63,171,164
63,171,163
63,171,163
63,171,163
63,171,164
63,172,164
64,172,164
64,172,164
64,172,164
65,172,165
65,172,165
65,172,165
65,172,165
65,172,165
66,173,166
66,173,166
66,173,166
66,173,166
66,173,166
66,173,166
66,173,166
66,173,166
66,173,166
66,173,166
66,173,166
66,173,166
66,173,166
66,173,166
66,173,166
66,173,166
66,173,166
66,173,166
67,173,166
66,173,166
66,173,166
66,173,166
66,173,166
67,173,166
68,173,166
68,173,166
69,174,166
69,174,166
69,174,167
69,174,167
69,174,167
69,174,167
69,174,167
69,174,167
69,174,167
70,174,168
70,174,168
70,174,168
70,174,168
69,174,167
69,174,167
69,174,167
69,174,167
69,174,167
69,174,167
70,174,168
70,174,168
70,174,168
70,174,168
70,174,168
70,174,168
69,174,167
69,174,167
69,174,167
69,174,167
69,174,167
69,174,167
69,174,167
69,174,167
69,174,167
68,174,166
68,173,166
67,174,166
67,174,166
67,174,166
69,174,167
69,174,167
69,174,167
69,174,167
69,174,167
69,174,167
69,174,167
69,174,167
70,174,168
70,174,168
70,174,168
70,174,168
70,174,168
70,174,168
70,174,168
70,174,168
70,174,168
70,174,168
70,174,167
70,174,167
70,174,167
70,174,167
70,175,167
70,175,167
72,175,167
72,175,168
71,175,168
70,174,168
70,174,168
70,174,168
70,174,168
70,174,168
70,174,168
71,175,168
72,175,167
72,175,167
72,175,167
72,175,167
72,175,167
72,175,167
72,175,167
72,175,167
72,175,167
72,175,167
72,175,168
72,175,168
71,175,168
70,175,168
70,174,168
70,174,168
70,174,168
69,174,167
69,174,167
68,173,166
66,173,166
66,173,166
66,173,166
66,173,166
66,173,166
66,173,166
67,173,166
67,173,166
68,173,166
68,173,166
68,174,166
68,174,166
70,174,167
70,174,167
70,174,167
70,174,167
70,174,167
70,174,167
69,174,167
70,174,167
70,174,167
70,174,167
70,174,167
70,174,167
70,174,168
70,174,168
70,174,168
70,174,168
70,174,167
70,174,167
70,174,167
70,174,167
68,174,166
68,173,166
68,173,166
67,173,166
67,172,165
66,173,166
66,173,166
66,173,166
65,172,165
65,172,165
56,168,161
57,168,161
58,169,162
59,169,163
61,171,163
61,171,163
63,171,163
63,171,164
63,172,164
64,172,164
64,172,164
64,172,164
64,172,164
64,172,164
64,172,164
64,172,164
64,172,164
63,171,164
63,171,164
63,171,164
63,171,164
63,171,163
62,171,164
62,171,164
63,171,163
63,172,164
63,172,164
64,172,164
64,172,164
65,172,165
65,172,165
65,172,165
65,172,165
65,172,165
65,172,165
66,173,166
66,173,166
66,173,166
66,173,166
66,173,166
66,173,166
66,173,166
66,173,166
66,173,166
66,173,166
66,173,166
66,173,166
66,173,166
66,173,166
66,173,166
66,173,166
66,173,166
67,172,165
67,172,165
66,173,166
66,173,166
66,173,166
66,173,166
67,173,166
68,173,166
69,174,167
69,174,167
69,174,167
69,174,167
69,174,167
69,174,167
69,174,167
69,174,167
69,174,167
70,174,168
70,174,168
70,174,168
70,174,168
70,174,168
69,174,167
69,174,167
70,174,168
70,174,168
70,174,168
70,174,168
70,174,168
70,174,168
70,174,168
70,174,168
69,174,167
69,174,167
69,174,167
69,174,167
69,174,167
69,174,167
69,174,167
69,174,167
69,174,167
69,174,167
69,174,167
68,174,166
68,173,166
67,174,166
69,174,167
69,174,167
69,174,167
69,174,167
69,174,167
69,174,167
69,174,167
69,174,167
70,174,168
70,174,168
70,174,168
70,174,168
70,174,168
70,174,168
70,174,168
70,174,168
70,175,168
70,175,168
70,175,167
70,175,167
70,175,167
70,175,167
71,175,168
72,175,167
72,175,167
72,175,167
72,175,167
72,175,167
72,175,168
72,175,168
70,174,168
70,174,168
70,174,168
71,175,168
72,175,167
72,175,167
72,175,167
72,175,167
72,175,167
72,175,167
72,175,167
72,175,167
72,175,167
72,175,167
72,175,167
72,175,168
72,175,168
71,175,168
70,175,168
70,174,168
70,174,168
70,174,168
69,174,167
69,174,167
68,173,166
67,173,166
66,173,166
66,173,166
66,173,166
66,173,166
66,173,166
67,173,166
67,173,166
68,173,166
68,174,166
68,174,166
70,174,167
70,174,167
70,174,167
70,174,167
70,174,167
70,174,167
69,174,167
69,174,167
69,174,167
69,174,167
70,174,167
70,174,167
70,174,168
70,174,168
70,174,168
70,174,168
70,174,168
70,174,167
70,174,167
70,174,167
70,174,167
68,174,166
68,173,166
67,173,166
67,173,166
67,172,165
66,173,166
66,173,166
66,173,166
65,172,165
64,172,164
56,168,161
56,168,161
58,169,162
59,169,163
60,171,163
61,171,163
63,171,163
63,171,164
63,172,164
64,172,164
64,172,164
64,172,164
64,172,164
64,172,164
64,172,164
64,172,164
63,171,164
63,171,164
63,171,164
63,171,164
63,171,164
63,171,163
62,171,164
62,171,164
62,171,163
63,171,164
63,172,164
64,172,164
64,172,164
65,172,165
65,172,165
65,172,165
65,172,165
65,172,165
65,172,165
66,173,166
66,173,166
66,173,166
66,173,166
66,173,166
66,173,166
66,173,166
66,173,166
66,173,166
66,173,166
66,173,166
66,173,166
66,173,166
66,173,166
66,173,166
66,173,166
66,173,166
66,172,166
66,173,166
66,173,166
66,173,166
66,173,166
66,173,167
67,173,166
68,173,166
69,174,167
69,174,167
70,174,167
70,174,167
70,174,167
70,174,167
70,174,167
69,174,167
69,174,167
69,174,167
70,174,168
70,174,168
70,174,168
70,174,168
70,174,168
70,174,168
70,174,168
70,174,168
70,174,168
70,174,168
70,174,168
70,174,168
70,174,168
70,174,168
69,174,167
69,174,167
69,174,167
69,174,167
69,174,167
69,174,167
69,174,167
69,174,167
69,174,167
69,174,167
69,174,167
69,174,167
68,174,166
68,174,166
69,174,167
69,174,167
69,174,167
69,174,167
69,174,167
69,174,167
69,174,167
69,174,167
70,174,168
70,174,168
70,174,168
70,174,168
70,174,168
70,174,168
70,174,168
70,174,168
70,174,168
70,175,168
70,175,167
71,175,168
72,175,167
72,175,167
72,175,167
72,175,167
72,175,167
72,175,167
72,175,167
72,175,167
72,175,167
72,175,167
72,175,167
72,175,167
72,175,167
72,175,167
72,175,167
72,175,167
72,175,167
72,175,167
72,175,167
72,175,167
72,175,167
72,175,167
72,175,167
72,175,167
72,175,167
72,175,168
71,175,168
70,175,168
70,174,168
70,174,168
70,174,168
70,174,168
69,174,167
69,174,167
68,173,166
66,173,166
66,173,166
66,173,166
66,173,166
66,173,166
66,173,166
67,173,166
68,173,166
68,173,166
68,174,166
68,174,166
70,174,167
70,174,167
70,174,167
70,174,167
70,174,167
69,174,167
69,174,167
69,174,167
69,174,167
69,174,167
70,174,167
70,174,167
70,174,168
70,174,168
70,174,168
70,174,168
70,174,168
70,174,168
70,174,167
70,174,167
70,174,167
68,174,166
68,173,166
67,173,166
67,173,166
67,172,165
67,172,165
66,173,166
66,173,166
65,172,165
64,172,164
56,168,161
56,168,161
57,168,161
58,169,162
59,169,163
60,171,163
61,171,163
63,171,163
63,172,164
63,172,164
63,172,164
63,171,164
63,171,164
63,171,164
64,172,164
63,171,164
63,171,164
63,171,164
63,171,164
63,171,164
63,171,164
63,171,163
63,172,163
62,171,163
62,170,164
62,170,164
63,171,164
63,172,164
63,172,164
64,172,164
65,172,165
65,172,165
65,172,165
65,172,165
65,172,165
66,173,166
66,173,166
66,173,166
66,173,166
66,173,166
66,173,166
66,173,166
66,173,166
66,173,166
66,173,166
66,173,166
66,173,166
66,173,166
66,173,166
66,173,166
66,173,166
66,173,166
65,172,165
65,172,165
65,172,165
66,173,166
66,172,166
66,173,167
66,173,166
67,173,166
68,173,166
69,174,167
70,174,167
70,174,167
70,174,167
70,174,167
70,174,167
70,174,167
70,174,167
69,174,167
70,174,168
70,174,168
70,174,168
70,174,168
70,174,168
70,174,168
70,174,168
70,174,168
70,174,168
70,174,168
70,174,168
70,174,168
70,174,168
70,174,168
69,174,167
69,174,167
69,174,167
69,174,167
69,174,167
69,174,167
69,174,167
69,174,167
69,174,167
69,174,167
69,174,167
69,174,167
68,174,167
68,174,167
69,174,167
69,174,167
69,174,167
69,174,167
69,174,167
69,174,167
69,174,167
70,174,168
70,174,168
70,174,168
70,174,168
70,174,168
70,174,168
70,174,168
70,174,168
70,174,168
70,174,168
70,175,168
71,175,168
72,175,167
72,175,167
72,175,167
72,175,167
72,175,167
72,175,167
72,175,167
72,175,167
72,175,167
72,175,167
72,175,167
72,175,167
72,175,167
72,175,167
72,175,167
72,175,167
72,175,167
72,175,167
72,175,167
72,175,167
72,175,167
72,175,167
72,175,167
72,175,167
72,175,167
72,175,167
71,175,168
70,175,168
70,174,168
70,174,168
70,174,168
70,174,168
70,174,168
70,174,168
69,174,167
68,173,166
66,173,166
66,173,166
66,173,166
66,173,166
66,173,166
66,173,166
67,173,166
67,173,166
68,173,166
68,174,166
69,174,167
70,174,167
70,174,167
70,174,167
70,174,167
70,174,167
69,174,167
69,174,167
68,174,166
68,174,166
68,174,166
70,174,167
70,174,167
70,174,168
70,174,168
70,174,168
70,174,168
70,174,168
70,174,167
70,174,167
70,174,167
70,174,167
68,173,166
68,173,166
67,173,166
67,173,166
67,172,165
66,172,166
66,172,166
65,172,165
65,172,165
64,172,164
56,167,161
56,168,161
56,168,161
58,169,162
59,169,163
60,171,163
61,171,163
62,171,164
63,171,164
63,172,164
63,171,164
63,171,164
63,171,164
63,171,164
63,171,164
63,171,164
63,171,164
63,171,164
63,171,164
63,171,164
63,171,164
63,171,163
62,171,164
61,171,163
62,170,164
62,170,164
62,170,164
63,171,164
63,171,164
63,171,165
65,172,166
65,172,165
65,172,165
65,172,165
65,172,165
66,173,166
66,173,166
66,173,166
66,173,166
66,173,166
66,173,166
66,173,166
66,173,166
66,173,166
66,173,166
66,173,166
66,173,166
66,173,166
66,173,166
66,173,166
65,172,165
65,172,165
65,172,165
65,172,165
65,172,165
65,172,166
66,172,166
66,172,166
66,173,166
67,173,166
68,173,166
69,174,167
70,174,167
70,174,167
70,174,167
70,174,167
70,174,167
70,174,167
70,174,167
69,174,167
70,174,168
70,174,168
70,174,168
70,174,168
70,174,168
70,174,168
70,174,168
70,174,168
70,174,168
70,174,168
70,174,168
70,174,168
70,174,168
69,174,167
69,174,167
70,174,167
70,174,167
70,174,167
69,174,167
69,174,167
69,174,167
69,174,167
69,174,167
69,174,167
69,174,167
68,174,167
68,174,167
68,174,167
68,174,166
69,174,167
69,174,167
69,174,167
69,174,167
69,174,167
69,174,167
70,174,168
70,174,168
70,174,168
70,174,168
70,174,168
70,174,168
70,176,168
70,174,168
70,174,168
70,174,168
70,175,168
71,175,168
72,175,167
72,175,167
72,175,167
72,175,167
72,175,167
72,175,167
72,175,167
72,175,167
72,175,167
72,175,167
72,175,167
72,175,167
72,175,167
72,175,167
72,175,167
72,175,167
72,175,167
72,175,167
72,175,167
72,175,167
72,175,167
72,175,167
72,175,167
72,175,167
72,175,167
71,175,168
70,175,167
70,175,168
70,174,168
70,174,168
70,174,168
70,174,168
70,174,168
70,174,168
69,174,167
68,173,166
66,173,166
66,173,166
66,173,166
66,173,166
66,173,166
66,173,166
67,173,166
67,173,166
68,173,166
68,174,166
69,174,167
70,174,167
70,174,167
70,174,167
70,174,167
70,174,167
69,174,167
69,174,167
69,174,167
68,174,166
68,174,166
69,174,167
70,174,167
69,174,167
70,174,168
70,174,168
70,174,168
70,174,167
70,174,167
70,174,167
70,174,167
70,174,167
68,173,166
68,173,166
67,173,166
67,173,166
67,172,165
66,172,166
66,172,166
65,172,165
64,172,164
64,172,164
56,167,161
56,168,161
58,169,162
58,169,162
59,169,163
60,171,163
62,171,164
63,171,163
63,171,164
63,171,164
63,171,164
63,171,164
63,171,164
64,172,164
64,172,164
64,172,164
63,171,164
63,171,164
63,171,164
63,171,164
63,171,163
63,171,163
61,171,163
61,171,163
62,170,164
62,170,164
63,171,164
63,171,164
63,172,165
64,172,165
65,172,165
65,172,165
65,172,165
65,172,165
66,173,166
66,173,166
66,173,166
66,173,166
66,173,166
66,173,166
66,173,166
66,173,166
66,173,166
66,173,166
66,173,166
66,173,166
66,173,166
66,173,166
65,172,165
65,172,165
65,172,165
65,172,165
65,172,165
65,172,165
65,172,166
65,172,166
66,172,166
67,173,166
68,173,167
69,174,167
69,174,167
70,174,167
70,174,167
70,174,167
70,174,167
70,174,167
70,174,167
70,174,167
69,174,167
70,174,168
70,174,168
70,174,168
70,174,168
70,174,168
70,174,168
70,174,168
70,174,168
70,174,168
70,174,168
70,174,168
70,174,168
70,174,168
69,174,167
69,174,167
69,174,167
69,174,167
69,174,167
69,174,167
69,174,167
69,174,167
69,174,167
69,174,167
69,174,167
69,174,167
69,174,167
68,174,167
68,174,167
69,174,167
69,174,167
69,174,167
69,174,167
69,174,167
69,174,167
69,174,167
70,174,168
70,174,168
70,174,168
70,174,168
70,174,168
70,174,168
70,174,168
70,174,168
70,174,168
70,174,168
70,174,168
70,174,168
70,175,168
71,175,168
72,175,167
72,175,167
72,175,167
72,175,167
72,175,167
72,175,167
72,175,167
72,175,167
72,175,167
72,175,167
72,175,167
72,175,167
72,175,167
72,175,167
72,175,167
71,175,168
71,175,168
71,175,168
71,175,168
71,175,168
71,175,168
71,175,168
70,175,167
70,175,167
70,175,167
70,175,167
70,174,168
70,175,168
70,174,168
70,174,168
70,174,168
70,174,168
69,174,167
68,173,166
67,173,166
66,173,166
66,173,166
66,173,166
66,173,166
67,173,166
67,173,166
67,173,166
67,173,166
68,173,166
69,174,167
70,174,167
70,174,167
70,174,167
70,174,168
69,174,167
69,174,167
69,174,167
69,174,167
69,174,167
69,174,167
69,174,167
69,174,167
69,174,167
69,174,167
70,174,168
69,174,167
70,174,167
70,174,167
70,174,167
70,174,167
70,174,167
68,173,166
67,173,166
67,173,166
67,172,165
67,172,165
66,172,166
66,173,166
65,172,165
64,172,164
56,167,161
56,168,161
56,168,161
58,169,162
59,169,163
60,170,163
61,171,163
63,171,163
63,171,164
63,171,164
63,171,164
64,172,164
64,172,164
64,172,164
64,172,164
64,172,164
64,172,164
63,171,164
63,171,164
63,171,164
63,171,163
62,171,164
61,171,163
61,171,163
62,170,164
62,170,164
62,171,163
63,171,164
63,171,164
63,171,165
65,172,166
65,173,165
65,172,165
65,172,165
66,173,166
66,173,166
66,173,166
66,173,166
66,173,166
66,173,166
66,173,166
66,173,166
66,173,166
66,173,166
65,173,165
65,173,165
65,173,165
65,173,165
65,172,165
65,172,165
65,172,165
65,172,165
65,172,165
65,173,165
65,173,165
66,172,166
66,172,166
67,173,166
68,173,166
69,174,167
69,174,167
69,174,167
70,174,167
70,174,167
70,174,167
70,174,167
70,174,167
70,174,167
70,174,168
70,174,168
70,174,168
70,174,168
70,174,168
70,174,168
70,174,168
70,174,168
70,174,168
70,174,168
70,174,168
70,174,168
70,174,168
70,175,167
69,174,167
69,174,167
69,174,167
69,174,167
69,174,167
69,174,167
69,174,167
69,174,167
69,174,167
69,174,167
69,174,167
69,174,167
69,174,167
69,174,167
69,174,167
69,174,167
69,174,167
69,174,167
69,174,167
69,174,167
69,175,167
69,174,167
70,174,168
70,174,168
70,174,168
70,174,168
70,174,168
70,174,168
70,174,168
70,174,168
70,174,168
70,174,168
70,174,168
70,174,168
70,174,168
70,175,168
71,175,168
72,175,167
72,175,167
72,175,167
72,175,167
72,175,167
72,175,167
72,175,167
72,175,167
72,175,167
72,175,167
72,175,167
72,175,167
72,175,167
71,175,168
71,175,168
70,175,167
70,175,168
70,175,168
70,174,168
70,174,168
70,175,168
70,175,168
70,175,167
71,175,167
71,175,167
70,175,168
70,175,168
70,175,168
70,175,168
70,174,168
70,174,168
69,174,167
68,174,166
68,173,166
67,173,166
67,173,166
67,173,166
67,173,166
67,173,166
67,173,166
67,173,166
67,173,166
68,173,166
69,174,167
69,174,167
70,174,168
69,174,167
69,174,167
69,174,167
69,174,167
69,174,167
69,174,167
69,174,167
69,174,167
69,174,167
69,174,167
69,174,167
69,174,167
69,174,167
70,174,167
70,174,167
70,174,167
70,174,167
70,174,167
69,174,167
68,173,166
67,173,166
67,173,166
67,172,165
67,172,165
66,173,166
65,172,165
65,172,165
64,172,164
56,167,161
56,168,161
56,168,161
58,169,162
58,169,162
59,169,163
60,171,163
62,171,164
63,171,163
63,171,164
63,171,164
65,172,165
65,172,165
64,172,164
64,172,164
64,172,164
64,172,164
64,172,164
64,172,164
63,171,164
63,171,164
62,171,164
61,171,163
61,171,163
61,171,163
61,171,163
61,171,164
63,171,164
63,171,164
63,171,165
65,172,166
65,172,165
65,173,165
66,173,166
66,173,166
66,173,166
66,173,166
66,173,166
66,173,166
66,173,166
66,173,166
66,173,166
66,173,166
65,173,165
65,172,166
65,172,166
65,172,166
65,173,165
65,172,165
65,172,165
65,172,165
65,172,165
65,172,165
65,172,165
65,172,165
66,173,166
66,173,166
67,173,166
68,174,166
69,174,167
69,174,167
69,174,167
69,174,167
70,174,167
70,174,167
70,174,167
70,174,168
70,174,168
70,174,168
70,174,168
70,174,168
70,174,168
70,174,168
70,174,168
70,174,168
70,174,168
70,174,168
70,174,168
70,174,168
70,174,168
70,175,167
70,175,167
69,175,167
69,174,167
69,174,167
69,174,167
69,174,167
69,174,167
69,174,167
69,174,167
69,174,167
69,174,167
69,174,167
69,174,167
69,174,167
69,174,167
69,174,167
69,174,167
69,174,167
69,174,167
69,174,167
69,174,167
69,174,167
70,174,168
70,174,168
70,174,168
70,174,168
70,174,168
70,174,168
70,174,168
70,174,168
70,174,168
70,174,168
70,174,168
70,174,168
70,174,168
70,174,168
70,174,168
71,175,168
72,175,167
72,175,167
72,175,167
72,175,167
72,175,167
72,175,167
72,175,167
72,175,167
72,175,167
72,175,167
72,175,167
72,175,167
72,175,167
71,175,168
70,175,167
70,175,167
70,175,168
70,174,168
70,174,168
70,174,168
70,174,168
70,174,168
70,174,168
71,175,167
71,175,167
71,174,168
70,175,168
70,175,168
70,175,168
70,174,168
70,174,168
69,174,167
69,174,167
68,173,166
68,173,166
67,174,166
67,174,166
67,174,166
67,174,166
67,174,166
67,173,166
68,173,166
68,173,166
69,174,167
69,174,167
69,174,167
69,174,167
69,174,167
69,174,167
69,174,167
69,174,167
69,174,167
69,174,167
69,174,167
69,174,167
69,174,167
69,174,167
69,174,167
70,174,167
70,174,167
70,174,167
70,174,167
70,174,167
70,174,167
69,174,167
68,173,166
67,173,166
67,173,166
66,173,166
66,173,166
66,173,166
65,172,165
65,172,165
64,172,164
56,167,161
56,167,161
56,168,161
57,168,162
58,169,162
59,169,163
60,170,162
61,171,163
63,171,163
63,171,164
63,171,164
65,172,165
65,172,165
65,172,165
65,172,165
64,172,164
64,172,164
64,172,164
64,172,164
63,171,164
63,171,164
63,171,163
62,171,164
61,171,163
61,171,163
61,170,164
61,171,164
63,171,164
63,171,163
63,171,165
65,172,166
65,173,165
65,173,165
66,173,166
66,173,166
66,173,166
66,173,166
66,173,166
66,173,166
66,173,166
66,173,166
66,173,166
66,173,166
65,173,165
65,172,166
65,172,166
65,172,166
65,172,166
65,172,165
65,172,165
65,172,165
65,172,165
65,172,165
65,172,165
65,173,165
66,173,166
67,173,166
68,174,166
69,174,167
69,174,167
69,174,167
69,174,167
70,174,168
70,174,168
70,174,168
70,174,168
70,174,168
70,174,168
70,174,168
70,174,168
70,174,168
70,174,168
70,174,168
70,174,168
70,174,168
70,174,168
70,174,168
70,174,168
70,176,168
71,175,168
71,175,168
70,175,167
70,175,167
69,174,167
69,174,167
69,174,167
69,174,167
69,174,167
69,174,167
69,174,167
69,174,167
69,174,167
69,174,167
69,174,167
69,174,167
69,174,167
69,174,167
69,174,167
69,174,167
69,174,167
69,174,167
69,174,167
69,175,167
70,174,168
70,174,168
70,174,168
70,174,168
70,174,168
70,174,168
70,174,168
70,174,168
70,174,168
70,174,168
70,174,168
70,174,168
70,174,168
70,174,168
70,174,168
70,175,168
71,175,168
72,175,167
72,175,167
72,175,167
72,175,167
72,175,167
72,175,167
72,175,167
72,175,167
72,175,167
72,175,167
72,175,167
72,175,167
72,175,167
70,175,167
70,175,167
70,175,167
70,174,168
70,174,168
70,174,168
70,174,168
70,174,168
70,174,168
71,175,167
71,175,167
71,174,168
70,175,168
70,175,168
70,175,168
70,174,168
70,174,168
69,174,167
69,174,167
68,173,166
68,173,166
67,174,166
68,174,166
68,174,166
67,174,166
67,174,166
68,173,166
68,173,166
68,173,166
68,174,166
69,174,167
69,174,167
69,174,167
69,174,167
69,174,167
69,174,167
69,174,167
69,174,167
69,174,167
69,174,167
69,174,167
69,174,167
69,174,167
69,174,167
70,174,167
70,174,167
70,174,167
70,174,167
70,174,167
70,174,167
69,174,167
67,173,166
67,173,166
67,173,166
66,173,166
66,173,166
66,173,166
65,172,165
64,172,164
64,172,164
56,167,161
56,167,161
56,168,161
58,169,162
58,169,162
59,169,162
61,171,163
62,171,164
63,171,163
63,171,164
65,172,165
65,172,165
65,172,165
65,172,165
65,172,165
64,172,164
65,172,165
65,172,165
64,172,164
63,171,164
63,171,164
62,171,164
61,171,163
61,170,164
61,170,164
61,171,164
63,171,163
63,171,163
63,171,164
65,172,165
65,173,165
66,173,166
66,173,166
66,173,166
66,173,166
66,173,166
66,173,166
66,173,166
66,173,166
66,173,166
66,173,166
66,173,166
66,173,166
65,173,165
65,173,165
65,173,165
65,173,165
65,172,165
65,172,165
65,172,165
65,172,165
65,172,165
65,173,165
65,173,165
66,173,166
67,173,166
68,174,166
69,174,167
69,174,167
70,174,168
70,174,168
70,174,168
70,174,168
70,174,168
70,174,168
70,174,168
70,174,168
70,174,168
70,174,168
70,174,168
70,174,168
70,174,168
70,174,168
70,174,168
70,174,168
70,174,168
70,174,168
71,175,168
71,175,168
71,175,168
70,176,168
70,175,167
70,174,168
69,174,167
69,174,167
69,174,167
69,174,167
69,174,167
69,174,167
69,174,167
69,174,167
69,174,167
69,174,167
69,174,167
69,174,167
69,174,167
69,174,167
69,174,167
69,174,167
69,174,167
69,174,167
69,175,167
70,174,168
70,174,168
70,174,168
70,174,168
70,174,168
70,174,168
70,174,168
70,174,168
70,174,168
70,174,168
70,174,168
70,174,168
70,174,168
70,174,168
70,174,168
70,175,168
71,175,168
72,175,167
72,175,167
72,175,167
72,175,167
72,175,167
72,175,167
72,175,167
72,175,167
72,175,167
72,175,167
72,175,167
72,175,167
72,175,167
72,175,167
72,175,167
70,175,167
70,175,167
70,174,168
70,174,168
70,174,168
70,174,168
70,174,168
70,174,168
70,174,168
70,174,168
70,175,168
70,175,168
70,174,168
70,174,168
70,174,168
69,174,167
69,174,167
68,173,166
67,174,166
67,174,166
68,174,166
68,174,166
68,174,166
68,173,166
68,173,166
68,173,166
68,173,166
68,174,166
68,174,167
69,174,167
69,174,167
69,174,167
69,174,167
69,174,167
69,174,167
69,174,167
69,174,167
69,174,167
69,174,167
69,174,167
69,174,167
69,174,167
70,174,167
70,174,167
70,174,167
70,174,167
70,174,167
70,174,167
68,174,166
67,173,166
67,173,166
66,173,166
66,173,166
66,173,166
65,172,165
65,172,165
64,172,164
54,167,160
56,167,161
56,168,161
57,168,161
58,169,162
58,169,161
60,170,162
61,171,163
63,171,163
63,171,164
63,171,164
64,172,164
64,172,164
64,172,164
64,172,164
65,172,165
65,173,165
65,173,165
65,172,165
63,171,164
63,171,164
63,171,163
62,171,164
61,171,164
61,171,164
62,171,164
63,171,163
63,172,164
64,172,164
65,172,165
65,172,165
66,173,166
66,173,166
66,173,166
66,173,166
66,173,166
66,173,166
66,173,166
66,173,166
66,173,166
66,173,166
66,173,166
66,173,166
66,173,166
65,173,165
65,173,165
65,172,165
65,172,165
65,172,165
65,172,165
65,172,165
65,172,165
65,173,165
65,172,166
66,173,166
67,173,166
68,174,166
70,174,167
70,174,168
70,174,168
70,174,168
70,174,168
70,174,168
70,174,168
70,174,168
70,174,168
70,174,168
70,174,168
70,174,168
70,174,168
70,174,168
70,174,168
70,174,168
70,174,168
70,174,168
70,174,168
70,174,168
71,175,168
71,175,168
71,175,168
70,176,168
70,175,167
70,174,168
69,174,167
69,174,167
69,174,167
69,174,167
69,174,167
69,174,167
69,174,167
69,174,167
69,174,167
69,174,167
69,174,167
69,174,167
69,174,167
69,174,167
69,174,167
69,174,167
69,174,167
69,174,167
70,174,168
70,174,168
70,174,168
70,174,168
70,174,168
70,174,168
70,174,168
70,174,168
70,174,168
70,174,168
70,174,168
70,174,168
70,174,168
70,174,168
70,174,168
70,174,168
70,174,168
71,175,168
71,175,168
72,175,167
72,175,167
72,175,167
72,175,167
72,175,167
72,175,167
72,175,167
72,175,167
72,175,167
72,175,167
72,175,167
72,175,167
72,175,167
72,175,167
72,175,167
72,175,167
71,175,168
71,175,168
70,175,168
70,174,168
70,174,168
70,174,168
70,174,168
70,174,168
70,174,168
70,174,168
70,174,168
70,174,168
70,174,168
69,174,167
68,174,166
68,173,166
67,174,166
67,174,166
68,174,166
68,174,166
68,174,166
68,173,166
68,173,166
68,173,166
68,173,166
68,173,166
68,174,166
69,174,168
69,174,167
69,174,167
69,174,167
69,174,167
69,174,167
69,174,167
69,174,167
69,174,167
69,174,167
69,174,167
69,174,167
69,174,167
70,174,167
70,174,167
70,174,167
70,174,167
70,174,167
69,174,167
68,174,166
68,173,166
67,173,166
66,173,166
66,173,166
65,172,165
65,172,165
64,172,164
64,172,164
54,167,159
56,167,160
56,167,160
56,168,161
57,168,161
58,169,162
59,169,162
60,171,163
62,171,164
63,171,163
63,171,164
63,171,164
63,171,164
64,172,164
64,172,164
64,172,164
65,172,165
65,173,165
65,172,165
65,172,165
63,171,164
63,171,164
63,171,163
62,171,164
62,171,164
63,171,163
63,171,163
63,172,164
64,172,164
65,172,165
65,172,165
65,172,165
66,173,166
66,173,166
66,173,166
66,173,166
66,173,166
66,173,166
66,173,166
66,173,166
66,173,166
66,173,166
66,173,166
66,173,166
66,173,166
65,172,165
65,172,165
65,172,165
65,172,165
65,172,165
65,172,165
65,172,165
65,173,165
65,172,166
66,173,166
67,173,166
68,174,166
70,174,167
70,174,168
70,174,168
70,174,168
70,174,168
70,174,168
70,174,168
70,174,168
70,174,168
70,174,168
70,174,168
70,174,168
70,174,168
70,174,168
70,174,168
70,174,168
70,174,168
70,174,168
70,174,168
70,174,168
70,175,168
71,175,168
71,175,168
70,176,168
70,174,168
70,174,168
69,174,167
69,174,167
69,174,167
69,174,167
69,174,167
69,174,167
69,174,167
69,174,167
69,174,167
69,174,167
69,174,167
69,174,167
69,174,167
69,174,167
69,174,167
69,174,167
69,174,167
70,174,168
70,174,168
70,174,168
70,174,168
70,174,168
70,174,168
70,174,168
70,174,168
70,174,168
70,174,168
71,175,168
71,175,168
70,174,168
70,174,168
70,174,168
70,174,168
70,174,168
70,174,168
70,174,168
71,175,168
71,175,168
72,175,167
72,175,167
72,175,167
72,175,167
72,175,167
72,175,167
72,175,167
72,175,167
72,175,167
72,175,167
72,175,167
72,175,167
72,175,167
72,175,167
72,175,167
72,175,167
72,175,167
71,175,168
70,175,168
70,174,168
70,174,168
70,174,168
70,174,168
70,174,168
70,174,168
70,174,168
70,174,168
69,174,167
69,174,167
68,173,167
67,173,166
67,173,166
67,173,166
67,174,166
67,174,166
67,174,166
68,173,166
68,173,166
68,173,166
68,173,166
68,173,166
68,173,166
68,174,166
68,173,167
69,174,167
69,174,167
69,174,167
69,174,167
69,174,167
69,174,167
69,174,167
69,174,167
69,174,167
69,174,167
69,174,167
70,174,167
70,174,167
70,174,167
70,174,167
70,174,167
69,174,167
68,174,166
67,173,166
67,173,166
66,173,166
66,173,166
65,172,165
64,172,164
64,172,164
63,171,164
54,167,159
54,167,159
56,167,161
57,168,161
57,168,161
58,169,162
60,170,163
61,171,163
62,171,164
63,171,163
63,171,164
63,171,164
63,171,164
64,172,164
64,172,164
65,172,165
65,173,165
65,173,165
65,172,165
63,171,164
63,171,164
63,171,163
63,171,164
63,171,164
63,171,164
63,171,164
63,171,164
64,172,164
65,172,165
65,172,165
65,172,165
66,173,166
66,173,166
66,173,166
66,173,166
66,173,166
66,173,166
66,173,166
67,173,166
67,173,166
66,173,166
66,173,166
66,173,166
66,173,166
66,173,166
66,173,166
65,172,165
65,172,165
65,172,165
65,172,165
65,172,165
65,173,165
66,172,166
66,173,166
67,173,166
68,174,166
69,174,167
70,174,168
70,174,168
70,174,168
70,174,168
70,174,168
70,174,168
70,174,168
70,174,168
70,174,168
70,174,168
70,174,168
70,174,168
70,174,168
70,174,168
70,174,168
70,174,168
70,174,168
70,174,168
70,174,168
70,174,168
70,175,168
70,175,168
70,174,168
70,174,168
70,174,168
69,174,167
69,174,167
69,174,167
69,174,167
69,174,167
69,174,167
69,174,167
69,174,167
69,174,167
69,174,167
69,174,167
69,174,167
69,174,168
69,174,168
69,174,167
70,174,168
70,174,168
70,174,168
70,174,168
70,174,168
70,174,168
70,174,168
70,174,168
70,174,168
70,174,168
70,174,168
70,174,168
71,175,168
71,175,168
70,174,168
70,174,168
70,174,168
69,174,167
69,174,167
69,174,167
69,174,167
69,174,166
70,174,167
70,175,167
70,175,167
70,175,167
71,175,168
72,175,167
72,175,167
72,175,167
72,175,167
72,175,167
72,175,167
72,175,167
72,175,167
72,175,167
72,175,167
72,175,167
72,175,167
72,175,167
72,175,167
71,175,168
70,174,168
70,174,168
70,174,168
69,174,167
69,174,167
70,175,167
70,174,168
69,174,167
69,174,167
68,174,166
66,173,167
66,173,167
66,173,167
66,173,166
67,173,166
67,174,166
67,174,166
68,173,166
68,173,166
68,173,166
68,173,166
68,173,166
68,173,166
68,173,167
68,173,167
68,173,167
68,173,167
69,174,167
69,174,167
69,174,167
69,174,167
69,174,167
69,174,167
69,174,167
69,174,167
69,174,167
70,174,167
70,174,167
70,174,167
70,174,167
69,174,167
68,174,166
68,173,166
67,173,166
66,173,166
66,173,166
65,172,165
64,172,164
64,172,164
63,172,164
54,167,159
54,167,159
56,167,161
56,167,161
57,168,161
57,168,161
58,169,162
60,170,163
61,171,163
63,171,163
63,171,163
63,171,164
63,171,164
63,172,164
64,172,164
64,172,164
65,172,165
65,173,165
65,173,165
64,172,164
63,172,164
63,171,164
63,171,164
63,171,165
63,171,165
63,171,164
64,172,164
65,172,165
65,172,165
65,172,165
65,172,165
66,173,166
66,173,166
66,173,166
66,173,166
66,173,166
66,173,166
67,173,166
67,173,166
67,173,166
67,173,166
67,173,166
67,173,166
66,173,166
66,173,166
66,173,166
65,172,165
65,172,165
65,172,165
65,172,165
65,172,165
65,173,165
66,173,166
66,173,166
67,173,166
68,173,166
69,174,167
69,174,167
70,174,168
70,174,168
70,174,168
70,174,168
70,174,168
70,174,168
70,174,168
70,174,168
70,174,168
70,174,168
70,174,168
70,174,168
70,174,168
70,174,168
70,174,168
70,174,168
70,174,168
70,174,168
70,174,168
70,174,168
70,174,168
70,174,168
70,174,168
70,174,168
69,174,167
69,174,167
69,174,167
69,174,167
69,174,167
69,174,167
69,174,167
69,174,167
69,174,167
69,174,167
69,174,167
69,174,168
69,174,168
70,174,168
70,174,168
70,174,168
70,174,168
70,174,168
70,174,168
70,174,168
70,174,168
70,174,168
70,174,168
70,174,168
70,174,168
70,174,168
70,174,168
70,174,168
70,174,168
70,174,168
70,174,168
69,174,167
69,174,167
69,174,167
69,174,167
69,174,167
69,174,166
69,174,166
69,174,166
69,174,166
69,174,166
70,174,167
70,174,167
70,174,168
70,175,168
71,175,168
72,175,167
72,175,167
72,175,167
72,175,167
72,175,167
72,175,167
72,175,167
72,175,167
72,175,167
71,175,168
71,175,168
70,174,168
70,174,168
69,174,167
69,174,167
69,174,167
69,175,167
69,174,167
69,174,167
69,174,167
68,173,167
66,173,166
66,173,167
66,173,167
66,173,166
66,173,166
67,173,166
67,173,166
67,173,166
68,173,166
68,173,166
68,173,166
68,173,166
68,173,166
67,173,166
67,173,166
68,173,167
68,173,167
69,174,167
69,174,167
69,174,167
69,174,167
69,174,167
69,174,167
69,174,167
69,174,167
69,174,167
69,174,167
69,174,167
69,174,167
69,174,167
68,174,166
68,173,166
67,173,166
67,173,166
67,172,165
66,173,166
65,172,165
64,172,164
63,172,164
62,171,163
54,167,159
54,167,159
54,167,160
56,167,161
56,167,161
57,168,161
58,169,162
60,170,163
60,170,163
62,171,164
63,171,163
63,171,163
63,172,164
63,172,164
64,172,164
64,172,164
65,172,165
65,172,165
65,173,165
65,172,165
64,172,164
63,171,164
63,171,165
63,171,165
63,171,165
64,172,164
65,172,165
65,172,165
65,172,165
65,172,165
65,172,165
66,173,166
66,173,166
66,173,166
66,173,166
66,173,166
67,173,166
67,173,166
67,173,166
67,173,166
68,173,166
68,173,166
68,173,166
67,173,166
66,173,166
66,173,166
66,173,166
66,173,166
65,172,165
65,172,165
65,172,165
66,173,166
66,173,166
66,173,166
66,173,166
67,173,166
68,174,166
69,174,167
70,174,168
70,174,168
70,174,168
70,174,168
70,174,168
70,174,168
70,174,168
70,174,168
70,174,168
70,174,168
70,174,168
70,174,168
70,174,168
70,174,168
70,174,168
70,174,168
70,174,168
70,174,168
70,174,168
70,174,168
70,174,168
70,174,168
70,174,168
69,174,167
69,174,167
69,174,167
69,174,167
69,174,167
69,174,167
69,174,167
69,174,167
69,174,167
69,174,167
69,174,167
69,174,168
70,174,168
70,174,168
70,174,168
70,174,168
70,174,168
70,174,168
70,174,168
70,174,168
70,174,168
70,174,168
70,174,168
70,174,168
70,174,168
70,174,168
70,174,168
70,174,168
70,174,168
70,174,168
69,174,167
69,174,167
68,173,166
68,173,166
67,173,166
67,173,166
67,173,166
68,173,166
68,174,165
68,174,166
68,174,166
68,174,166
69,174,167
69,174,167
69,174,167
69,174,167
70,174,168
70,175,168
70,175,167
70,175,167
70,175,167
70,174,168
70,174,168
70,174,168
71,175,168
71,175,168
71,175,168
70,175,168
69,174,167
69,174,167
69,174,167
69,174,167
69,174,167
69,175,167
69,174,167
69,174,167
68,174,166
68,173,167
66,173,166
66,173,166
66,172,166
66,173,166
66,173,166
66,173,166
66,173,166
66,173,166
66,173,166
66,173,166
66,173,166
66,173,166
66,173,166
66,173,166
67,173,166
67,173,166
67,173,166
68,173,166
69,174,167
69,174,167
69,174,167
69,174,167
69,174,167
69,174,167
69,174,167
69,174,167
69,174,167
69,174,167
69,174,167
68,174,166
68,173,166
68,173,166
67,173,166
67,172,165
66,172,166
66,172,166
65,171,165
64,172,164
63,172,164
62,170,164
54,167,159
54,167,160
54,167,160
56,167,161
56,168,161
57,168,161
58,169,162
60,170,163
61,170,164
63,171,164
63,171,164
63,171,164
63,172,164
64,172,164
64,172,164
65,172,165
65,172,165
65,173,165
65,172,165
65,172,165
65,172,165
64,172,165
64,172,165
64,172,165
65,172,166
65,173,165
65,173,165
65,172,165
65,172,165
65,172,165
66,173,166
66,173,166
66,173,166
66,173,166
66,173,166
67,173,166
67,173,166
68,173,166
68,173,166
68,173,166
68,173,166
68,173,166
68,173,166
67,173,166
66,173,166
66,173,166
66,173,166
66,173,166
65,172,165
65,172,165
66,173,166
66,173,166
66,173,166
66,173,166
67,173,166
68,174,167
69,174,167
69,174,167
70,174,168
70,174,168
70,174,168
70,174,168
70,174,168
70,174,168
70,174,168
70,174,168
70,174,168
70,174,168
70,174,168
70,174,168
70,174,168
70,174,168
70,174,168
70,174,168
70,174,168
70,174,168
70,174,168
70,174,168
70,174,168
70,174,168
69,174,167
70,174,167
70,174,167
70,174,167
70,174,167
69,174,167
69,174,167
69,174,167
69,174,167
69,174,167
69,174,167
69,174,168
70,174,168
70,174,168
70,174,168
70,174,168
70,174,168
70,174,168
70,174,168
70,174,168
70,174,168
70,174,168
70,174,168
70,174,168
70,174,168
70,174,168
70,174,168
70,174,168
70,174,168
69,174,167
69,174,167
68,173,166
67,173,166
67,173,166
66,173,166
66,173,166
66,173,166
66,173,166
66,173,166
66,173,166
66,173,166
67,173,166
67,173,166
68,173,166
69,174,167
69,174,167
69,174,167
69,174,167
70,174,168
70,174,168
70,174,168
70,174,168
70,174,168
70,174,168
70,174,168
70,174,168
70,174,168
69,174,167
69,174,167
69,174,167
69,174,167
69,174,167
69,175,167
69,175,167
69,175,167
69,174,167
68,173,166
67,173,166
66,173,166
66,173,166
66,173,166
66,173,166
66,173,166
66,173,166
66,173,166
66,173,166
66,173,166
66,173,166
66,173,166
66,173,166
66,173,166
66,172,166
66,172,166
66,173,166
67,173,166
67,173,166
68,173,166
69,174,167
69,174,167
69,174,167
69,174,167
69,174,167
69,174,167
69,174,167
69,174,167
69,174,167
68,174,166
68,174,166
68,173,166
67,173,166
67,173,166
66,172,166
66,172,166
65,171,165
65,171,165
64,171,164
62,171,163
54,167,159
54,167,160
54,167,160
54,167,160
56,167,161
56,168,161
58,169,162
60,170,163
60,170,163
63,171,164
63,171,164
63,171,164
63,172,164
63,172,164
64,172,164
65,172,165
65,172,165
65,172,165
65,172,165
65,172,165
64,172,165
64,172,165
64,172,165
65,172,166
65,172,166
65,173,165
65,173,165
65,173,165
65,172,165
66,173,166
66,173,166
66,173,166
66,173,166
66,173,166
67,173,166
67,173,166
68,173,166
68,173,166
69,174,167
69,174,167
69,174,167
68,173,166
68,173,166
68,173,166
67,173,166
66,173,166
66,173,166
66,173,166
66,173,166
66,173,166
66,173,166
66,173,166
66,172,166
66,173,167
67,173,166
68,174,167
69,174,167
69,174,167
70,174,168
70,174,168
70,174,168
70,174,168
70,174,168
70,174,168
70,174,168
70,174,168
70,174,168
70,174,168
70,174,168
70,174,168
70,174,168
70,174,168
70,174,168
70,174,168
70,174,168
70,174,168
70,174,168
70,174,168
70,174,168
70,174,168
69,174,167
70,174,167
70,174,167
70,174,167
70,174,167
69,174,167
69,174,167
69,174,167
69,174,167
69,174,167
69,174,167
69,174,167
70,174,168
70,174,168
70,174,168
70,174,168
70,174,168
70,174,168
70,174,168
70,174,168
70,174,168
70,174,168
70,174,168
70,174,168
70,174,168
70,174,168
70,174,168
69,174,167
69,174,167
69,174,167
68,173,166
67,173,166
67,173,166
66,173,166
66,173,166
65,173,165
64,172,164
64,172,164
65,172,165
65,172,165
65,172,165
65,172,165
65,173,165
66,173,166
67,173,166
67,173,166
67,173,166
67,173,166
69,174,167
69,174,167
69,174,167
69,174,167
69,174,167
69,174,167
69,174,167
69,174,167
69,175,167
69,175,167
69,174,167
69,174,167
69,174,167
69,174,167
69,174,167
69,174,167
69,174,167
69,174,167
68,173,166
67,173,166
66,173,166
66,173,166
66,173,166
66,173,166
66,173,166
66,173,166
66,173,166
66,173,166
66,173,166
66,173,166
66,173,166
66,173,166
66,173,166
66,172,166
66,172,166
66,172,166
66,173,167
67,173,166
68,173,167
69,174,167
69,174,167
69,174,167
69,174,167
69,174,167
69,174,167
69,174,167
69,174,167
69,174,167
68,174,166
68,173,166
68,173,166
67,173,166
67,173,166
66,172,166
66,172,166
65,171,165
64,171,164
64,171,164
61,170,163
54,167,159
54,167,160
54,167,160
56,167,161
56,167,161
57,168,161
59,169,163
60,170,163
62,170,164
63,171,164
63,171,164
63,172,164
63,172,164
64,172,164
65,172,165
65,172,165
65,172,165
65,172,165
64,172,164
64,172,165
64,172,165
65,172,166
65,172,166
65,172,166
65,172,166
65,173,165
65,173,165
65,173,165
66,173,166
66,173,166
66,173,166
66,173,166
67,173,166
67,173,166
67,173,166
68,173,166
69,174,167
69,174,167
69,174,167
70,174,167
69,174,167
68,173,166
68,173,166
67,173,166
67,173,166
66,173,166
66,173,166
66,173,166
66,173,166
66,173,166
66,172,166
66,173,167
66,173,167
66,173,167
68,174,167
69,174,167
69,174,167
69,174,167
70,174,168
70,174,168
70,174,168
70,174,168
70,174,168
70,174,168
70,174,168
70,174,168
70,174,168
70,174,168
70,174,168
70,174,168
70,174,168
70,174,168
70,174,168
70,174,168
70,174,168
70,174,168
70,174,168
70,174,168
70,174,168
69,174,167
70,174,167
70,174,167
70,174,167
70,174,167
69,174,167
69,174,167
69,174,167
69,174,167
69,174,167
69,174,167
69,174,167
70,174,168
70,174,168
70,174,168
70,174,168
70,174,168
70,174,168
70,174,168
70,174,168
70,174,168
70,174,168
70,174,168
70,174,168
70,174,168
70,174,168
69,174,167
70,174,167
69,174,167
68,173,166
68,173,166
67,173,166
66,173,166
66,173,166
64,172,164
63,171,165
62,171,164
61,171,164
61,171,163
61,171,163
61,171,163
61,171,163
62,171,164
64,172,165
64,172,165
65,172,166
66,172,166
66,172,166
66,173,166
66,173,166
67,173,166
68,173,166
68,173,166
68,174,166
69,174,167
69,175,167
69,175,167
69,174,167
69,174,167
69,174,167
69,174,167
69,174,167
69,174,167
69,174,167
69,174,167
68,173,166
68,173,166
66,173,166
66,173,166
66,173,166
66,173,166
66,173,166
66,173,166
66,173,166
66,173,166
66,173,166
66,173,166
66,173,166
66,173,166
66,173,166
66,173,166
66,173,166
66,173,166
66,172,166
66,172,166
67,173,166
67,173,166
69,174,167
69,174,167
69,174,167
69,174,167
69,174,167
69,174,167
69,174,167
69,174,167
68,174,166
68,174,166
68,173,166
68,173,166
67,173,166
67,172,165
66,172,166
65,172,165
64,171,164
64,171,164
62,171,163
54,167,159
54,167,160
54,167,160
54,167,160
56,167,161
56,168,161
58,169,162
59,169,163
61,170,164
62,171,163
63,171,164
63,172,164
63,171,164
64,172,164
64,172,164
65,172,165
65,172,165
65,172,165
64,172,164
64,172,164
65,172,165
65,172,165
65,172,166
65,172,166
65,173,165
65,173,165
66,173,166
66,173,166
66,173,166
66,173,166
66,173,166
67,173,166
67,173,166
67,174,166
68,174,166
69,174,167
69,174,167
69,174,167
70,174,167
70,174,167
70,174,167
69,174,167
68,173,166
68,173,166
67,173,166
67,173,166
67,173,166
66,173,166
66,173,166
66,173,166
66,173,167
66,173,167
66,173,167
66,173,167
67,174,166
69,174,167
69,174,167
69,174,167
70,174,168
70,174,168
70,174,168
70,174,168
70,174,168
70,174,168
70,174,168
70,174,168
70,174,168
70,174,168
70,174,168
70,174,168
70,174,168
70,174,168
70,174,168
70,174,168
70,174,168
70,174,168
70,174,168
70,174,168
70,174,168
70,174,167
70,174,167
70,174,167
70,174,167
70,174,167
69,174,167
69,174,167
69,174,167
69,174,167
69,174,167
69,174,167
69,174,167
69,174,167
69,174,167
70,174,168
70,174,168
70,174,168
70,174,168
70,174,168
70,174,168
70,174,168
70,174,168
70,174,168
70,174,168
70,174,168
70,174,167
70,174,167
70,174,167
69,174,167
68,174,166
68,173,166
67,173,166
66,173,166
64,172,164
63,171,165
62,171,164
61,170,164
59,169,163
58,169,162
58,169,161
58,169,161
59,170,162
59,169,162
59,169,162
60,170,163
61,171,164
62,171,164
62,171,164
63,171,164
63,171,165
65,172,166
65,172,166
66,173,166
66,173,166
66,173,166
67,173,166
67,174,166
68,173,166
68,173,166
68,173,166
68,173,166
68,173,166
68,173,166
68,173,166
68,173,166
68,173,166
68,173,166
67,173,166
66,173,166
66,173,166
66,173,166
66,173,166
66,173,166
66,173,166
66,173,166
66,173,166
66,173,166
66,173,166
65,173,165
65,173,165
66,173,166
66,173,166
66,173,166
66,173,166
66,172,166
67,173,166
67,173,166
69,174,167
69,174,167
69,174,167
69,174,167
69,174,167
69,174,167
68,174,166
68,174,166
68,174,166
68,174,166
68,173,166
68,173,166
67,173,166
67,172,165
66,172,166
65,172,165
64,171,164
64,171,164
62,170,164
54,167,159
54,167,159
54,167,160
54,167,160
56,167,161
56,168,161
58,169,162
59,169,163
60,170,163
61,171,164
63,171,163
63,171,164
63,171,164
64,172,164
64,172,164
64,172,164
65,172,165
64,172,164
63,171,164
63,171,164
63,171,164
65,172,165
65,172,166
65,173,165
65,173,165
66,173,166
66,173,166
66,173,166
66,173,166
66,173,166
67,173,166
67,173,166
67,174,166
67,174,166
69,174,166
69,174,167
69,174,167
70,174,167
70,174,167
70,174,167
70,174,167
70,174,167
69,174,167
68,173,166
68,173,166
68,173,166
67,173,166
67,173,166
66,173,166
66,173,166
66,173,167
66,173,167
66,173,167
66,173,167
66,173,167
69,174,167
69,174,167
69,174,167
70,174,168
70,174,168
70,174,168
70,174,168
70,174,168
70,174,168
70,174,168
70,174,168
70,174,168
70,174,168
70,174,168
70,174,168
70,174,168
70,174,168
70,174,168
70,174,168
70,174,168
70,174,168
70,174,168
70,174,168
70,174,168
69,174,167
70,174,167
70,174,167
69,174,167
69,174,167
69,174,167
69,174,167
69,174,167
68,173,166
68,174,166
69,174,167
69,174,167
70,174,167
69,174,167
70,174,167
70,174,167
70,174,168
70,174,168
70,174,168
70,174,168
70,174,168
70,174,168
70,174,168
70,174,168
70,174,168
70,174,167
70,174,167
69,174,167
69,174,167
69,174,167
68,173,166
67,173,166
66,173,166
64,172,164
63,171,163
61,170,164
59,169,163
59,169,163
58,169,162
58,169,162
58,169,161
58,170,161
58,170,162
58,170,162
59,170,163
61,171,164
61,170,164
61,171,164
62,171,164
63,171,164
64,172,165
65,172,166
65,172,166
66,173,166
66,173,166
66,173,166
67,173,166
68,173,166
68,173,166
68,173,166
68,173,166
68,173,166
68,173,166
68,173,166
68,173,166
68,173,166
68,173,166
67,173,166
66,173,166
66,173,166
66,173,166
66,173,166
66,173,166
66,173,166
66,173,166
66,173,166
66,173,166
65,172,165
65,172,165
65,173,165
66,173,166
66,173,166
66,173,166
66,173,166
66,172,166
67,173,166
67,173,166
69,174,167
69,174,167
69,174,167
69,174,167
69,174,167
68,173,166
68,173,166
68,173,166
68,173,166
68,173,166
68,173,167
67,173,166
67,172,165
66,172,166
65,172,165
65,172,165
64,171,164
62,170,164
61,170,163
54,167,159
54,167,160
54,167,160
56,167,161
56,167,161
57,168,161
58,169,162
59,169,163
60,170,163
62,171,164
63,171,163
63,171,164
63,171,164
64,172,164
64,172,164
64,172,164
63,171,164
63,171,164
63,171,165
63,171,165
65,172,165
65,173,165
66,173,166
66,173,166
66,173,166
67,173,166
66,173,166
67,173,166
67,173,166
67,173,166
67,174,166
67,174,166
69,174,166
69,174,166
69,174,167
69,174,167
69,174,167
70,174,167
70,174,167
70,174,167
70,174,167
70,174,167
69,174,167
68,173,166
68,173,166
68,173,166
68,173,166
67,173,166
67,173,166
66,173,167
66,173,167
66,173,167
66,173,167
66,173,167
68,173,167
69,174,167
69,174,167
69,174,167
70,174,168
70,174,168
70,174,168
70,174,168
70,174,168
70,174,168
70,174,168
70,174,168
70,174,168
70,174,168
70,174,168
70,174,168
70,174,168
70,174,168
70,174,168
70,174,168
70,174,168
70,174,168
70,174,168
69,174,167
69,174,167
70,174,167
69,174,167
69,174,167
69,174,167
69,174,167
69,174,167
69,174,167
68,173,166
68,174,166
69,174,167
69,174,167
69,174,167
70,174,167
70,174,167
70,174,167
70,174,168
70,174,168
70,174,168
70,174,168
70,174,168
70,174,167
70,174,168
70,174,168
70,174,167
70,174,167
70,174,167
69,174,167
69,174,167
69,174,167
68,173,166
68,173,166
66,173,166
64,172,164
63,171,163
60,170,163
59,169,163
59,169,163
58,169,162
58,169,161
58,169,161
59,170,162
59,170,162
58,170,161
59,170,163
61,171,164
61,170,164
61,171,164
62,171,164
63,171,164
64,172,165
65,172,166
65,172,166
66,172,166
66,173,166
66,173,166
66,173,166
67,173,166
68,173,166
68,173,166
68,173,166
68,173,166
68,173,166
68,173,166
68,173,166
68,173,166
68,173,166
68,173,166
67,173,166
66,173,166
66,173,166
66,173,166
66,173,166
66,173,166
66,173,166
66,173,166
65,172,165
65,172,165
65,172,165
65,173,165
65,173,165
66,173,166
66,173,166
66,173,166
66,173,166
67,173,166
67,173,166
69,174,167
69,174,167
69,174,167
69,174,167
68,174,166
68,173,166
68,173,166
68,173,166
68,173,166
68,173,166
67,173,166
67,173,166
67,172,165
66,172,166
65,172,165
65,171,165
63,171,164
61,170,163
54,167,159
54,167,160
54,167,160
54,167,160
56,167,161
56,168,161
58,169,162
58,169,162
59,169,163
60,170,163
62,171,164
63,171,164
63,171,164
63,171,164
64,172,164
64,172,164
63,171,164
63,171,164
63,171,165
63,171,165
65,172,166
65,173,165
66,173,166
67,173,166
67,173,166
67,173,166
67,173,166
67,173,166
67,174,166
67,174,166
67,174,166
69,174,167
69,174,166
69,174,167
69,174,167
69,174,167
69,174,167
70,174,167
70,174,167
70,174,167
70,174,167
70,174,167
70,174,167
68,174,166
68,173,166
68,173,166
68,173,166
67,173,166
67,173,166
67,173,166
66,173,167
66,173,167
66,173,167
66,173,167
67,173,166
68,174,166
69,174,167
69,174,167
69,174,167
70,174,168
70,174,168
70,174,168
70,174,168
70,174,168
69,174,167
69,174,167
69,174,167
69,174,167
69,174,167
70,174,168
69,174,167
69,174,167
69,174,167
69,174,167
69,174,167
69,174,167
70,174,167
70,174,167
70,174,167
70,174,167
70,174,167
69,174,167
69,174,167
69,174,167
69,174,167
69,174,167
69,174,167
69,174,167
69,174,167
69,174,167
70,174,167
69,174,167
70,174,167
70,174,168
70,174,168
70,174,168
70,174,168
70,174,168
70,174,168
71,175,167
70,174,168
70,174,168
70,174,168
70,174,167
70,174,167
69,174,167
69,174,167
69,174,167
68,174,166
68,173,166
66,173,166
65,172,165
64,172,164
62,171,164
60,170,163
59,169,163
59,169,163
59,169,162
60,170,162
60,170,162
61,171,163
61,171,163
61,171,163
61,170,164
61,171,164
61,171,164
62,171,164
64,172,165
65,172,165
65,173,165
66,172,166
66,172,166
66,173,167
66,173,167
67,173,166
68,173,166
68,173,166
68,173,166
68,173,166
68,173,166
68,173,166
68,173,166
68,173,166
68,173,166
68,173,166
68,173,166
68,173,166
67,173,166
67,173,166
66,173,166
66,173,166
66,173,166
66,173,166
66,173,166
66,173,166
65,172,165
65,172,165
65,173,165
65,173,165
66,173,166
66,173,166
66,173,166
66,173,166
67,173,166
67,173,166
69,174,167
69,174,167
69,174,167
69,174,167
68,174,166
68,173,166
68,173,166
68,173,166
68,173,166
67,173,166
67,173,166
67,173,166
67,172,165
65,172,165
65,171,165
63,172,164
62,170,164
61,171,163
54,167,159
54,167,160
54,167,160
56,167,161
56,167,161
57,168,162
58,169,162
58,169,162
60,170,163
61,171,163
63,171,163
63,171,164
63,171,164
64,172,164
63,171,164
63,171,164
63,171,164
63,171,165
65,172,166
65,172,166
66,173,166
67,173,166
68,174,166
69,173,166
69,173,166
68,174,166
68,174,166
68,174,166
68,174,166
69,174,167
69,174,167
69,175,167
69,175,167
69,174,167
70,174,168
70,174,168
70,174,168
70,174,168
70,174,168
70,174,167
70,174,167
70,174,167
70,174,167
69,174,167
68,173,166
68,173,166
68,173,166
67,173,166
67,173,166
66,173,166
66,173,167
66,173,167
66,173,167
66,173,167
67,173,166
68,173,166
69,174,167
69,174,167
69,174,167
69,174,167
69,174,167
69,174,167
70,174,167
70,174,167
69,174,167
69,174,167
69,174,167
69,174,167
69,174,167
69,174,167
69,174,167
69,174,167
69,174,167
69,174,167
70,174,167
70,174,167
70,174,167
70,174,167
70,174,167
70,174,167
69,174,167
69,174,167
69,174,167
69,174,167
69,174,167
69,174,167
69,174,167
69,174,167
69,174,167
69,174,167
69,174,167
69,174,167
70,174,168
70,174,168
70,174,168
70,174,168
70,174,168
71,175,167
71,175,167
71,175,167
70,174,167
70,174,168
70,174,167
70,174,167
70,174,167
70,174,167
69,174,167
69,174,167
68,173,166
67,173,166
66,173,166
65,172,165
64,172,164
63,171,163
61,171,163
61,170,164
61,171,163
62,171,164
63,171,164
63,171,164
63,171,164
63,171,164
64,172,164
64,172,164
64,172,164
65,172,165
66,173,166
66,173,166
66,173,166
66,173,166
66,173,166
66,173,166
67,173,166
67,173,166
68,173,166
68,173,166
68,173,166
68,174,166
68,174,166
68,174,166
69,174,167
69,174,167
69,174,167
69,174,167
68,174,166
68,173,166
68,173,166
68,173,166
67,173,166
67,173,166
66,173,166
66,173,166
66,173,166
66,173,166
65,172,165
65,173,165
65,173,165
66,173,166
66,173,166
66,173,166
66,173,166
67,173,166
67,173,166
68,173,167
69,174,167
69,174,167
69,174,167
69,174,167
68,174,166
68,173,166
68,173,166
68,173,166
67,173,166
67,173,166
67,173,166
67,172,165
66,173,166
65,172,165
63,172,164
63,171,164
61,171,163
54,167,159
54,167,159
54,167,160
56,167,161
56,167,160
56,168,160
58,169,161
58,169,161
59,169,162
60,171,163
62,171,164
63,171,163
63,171,164
63,171,164
64,172,164
64,172,164
65,172,166
65,172,166
65,172,166
65,172,166
66,173,166
67,174,166
69,173,166
69,174,166
69,174,166
69,174,167
69,174,167
68,174,166
69,174,167
69,174,167
69,175,167
69,175,167
69,174,167
70,174,168
70,174,168
70,174,168
70,174,168
70,174,168
70,174,168
70,174,168
70,174,167
70,174,167
70,174,167
70,174,167
68,174,166
68,173,166
68,173,166
68,173,166
67,173,166
67,173,166
66,173,166
66,173,167
66,173,167
66,173,167
66,173,167
67,173,166
67,173,166
69,174,167
69,174,167
69,174,167
69,174,167
70,174,167
70,174,167
70,174,167
69,174,167
69,174,167
69,174,167
69,174,167
69,174,167
69,174,167
69,174,167
69,174,167
69,174,167
70,174,167
70,174,167
70,174,167
70,174,167
70,174,167
70,174,167
69,174,167
69,174,167
69,174,167
69,174,167
69,174,167
69,174,167
69,174,167
69,174,167
69,174,167
70,174,167
69,174,167
69,174,167
69,174,167
70,174,168
70,174,168
70,174,168
70,174,168
71,175,167
72,175,167
74,175,167
74,175,168
71,175,167
70,174,168
70,174,167
70,174,167
70,174,167
70,174,167
70,174,167
70,174,167
69,174,167
68,173,166
67,173,166
66,173,166
65,172,165
65,171,165
65,171,165
65,171,165
65,172,164
65,172,164
66,173,165
66,173,165
66,173,165
66,173,165
66,173,165
67,173,166
67,173,165
67,173,165
67,173,166
67,173,166
67,173,166
67,173,166
67,173,166
67,173,166
68,173,166
68,173,166
68,174,166
68,174,166
68,174,166
69,174,167
69,174,167
69,174,167
69,174,167
69,174,167
69,174,167
69,174,167
69,174,167
69,174,167
69,174,167
68,173,166
68,173,166
67,173,166
67,173,166
66,173,166
66,173,166
66,173,166
66,173,166
65,173,165
66,173,166
66,173,166
66,173,166
66,173,166
66,173,166
67,173,166
67,173,166
69,174,167
69,174,167
69,174,167
69,174,167
69,174,167
68,174,166
68,173,166
68,173,166
67,173,166
67,173,166
66,173,166
66,173,166
66,173,166
65,172,165
64,172,164
63,171,164
61,171,163
60,170,162
54,167,159
54,167,159
54,167,159
56,167,160
55,168,160
56,168,160
58,169,161
58,169,161
60,170,162
61,171,163
63,171,163
63,171,164
63,171,164
64,172,164
65,172,165
65,172,166
65,172,166
65,172,166
65,172,166
66,173,166
67,174,166
69,174,166
69,174,166
69,174,166
69,174,167
69,174,167
69,174,167
69,174,167
69,175,167
69,175,167
69,175,167
70,174,168
70,174,168
70,174,168
70,174,168
70,174,168
70,174,168
70,174,168
70,174,168
70,174,168
70,174,167
70,174,167
70,174,167
70,174,167
69,174,167
68,173,166
68,173,166
68,173,166
67,173,166
67,173,166
66,173,166
66,173,167
66,173,167
66,172,166
66,173,167
67,173,166
67,173,166
67,173,166
68,173,166
68,173,166
68,173,166
68,173,166
68,173,166
68,173,166
68,173,166
68,173,166
69,174,167
69,174,167
69,174,167
69,174,167
69,174,167
69,174,167
70,174,167
70,174,168
70,174,168
70,174,167
70,174,167
69,174,167
69,174,167
69,174,167
69,174,167
69,174,167
69,174,167
69,174,167
69,174,167
70,174,167
70,174,167
69,174,167
69,174,167
69,174,167
69,174,167
70,174,168
70,174,168
70,174,168
70,174,168
71,175,167
74,175,167
74,175,167
74,175,167
73,175,167
70,174,168
70,174,167
70,174,167
70,174,167
70,174,167
70,174,167
69,174,167
69,174,167
68,174,166
68,174,165
67,173,166
67,173,166
67,172,165
67,172,165
67,172,165
67,172,165
67,173,165
68,173,165
68,173,165
68,173,165
68,173,165
68,173,165
68,173,165
68,173,165
69,173,166
68,174,166
68,174,166
68,174,166
68,174,166
68,174,166
69,174,167
69,174,167
69,174,167
69,174,167
69,174,167
69,174,167
69,174,167
69,174,167
69,174,167
69,174,167
69,174,167
69,174,167
69,174,167
69,174,167
69,174,167
69,174,167
69,174,167
69,174,167
68,173,166
67,173,166
67,173,166
66,173,166
66,173,166
66,173,166
66,173,166
66,173,166
66,173,166
66,173,166
66,173,166
67,173,166
67,173,166
69,174,167
69,174,167
69,174,167
69,174,167
69,174,167
69,174,167
68,174,166
68,173,166
68,173,166
67,173,166
66,173,166
66,173,166
65,172,165
65,172,165
64,172,164
63,171,164
61,171,163
60,171,163
54,167,159
54,167,159
54,167,159
54,167,159
55,168,160
56,168,160
57,168,161
58,169,161
59,169,162
60,171,163
61,171,163
63,171,163
63,171,164
64,172,164
65,172,165
65,172,166
65,172,166
65,172,166
66,173,166
66,173,166
67,174,166
69,174,167
69,174,167
69,174,167
69,174,167
69,174,167
69,174,167
69,175,167
69,175,167
69,175,167
70,174,168
70,174,168
70,174,168
70,174,168
70,174,168
70,174,168
70,174,168
70,174,168
70,174,168
70,174,168
70,174,168
70,174,167
70,174,167
70,174,167
70,174,167
68,174,166
68,173,166
68,173,166
68,173,166
67,173,166
66,173,166
66,173,167
66,172,166
66,172,166
66,172,166
66,172,166
66,173,166
66,173,166
66,173,166
67,173,166
68,173,166
68,173,166
68,173,166
68,173,166
68,173,166
68,173,166
68,173,166
68,173,166
69,174,167
69,174,167
69,174,167
69,174,167
69,174,167
69,174,167
70,174,168
70,174,168
69,174,167
69,174,167
69,174,167
69,174,167
69,174,167
69,174,167
69,174,167
69,174,167
69,174,167
69,174,167
69,174,167
69,174,167
69,174,167
69,174,167
69,174,167
69,174,167
69,174,167
70,174,168
70,174,168
71,175,167
73,175,167
74,175,167
74,175,167
71,174,168
70,174,168
70,174,167
70,174,167
70,174,167
70,174,167
70,174,167
69,174,167
69,174,167
69,174,167
68,174,166
68,173,165
68,173,165
67,173,165
68,172,165
68,172,165
68,173,165
69,173,166
69,173,166
69,173,166
69,174,166
69,174,166
70,174,167
69,174,166
70,174,167
69,174,167
69,174,167
68,174,166
69,174,167
69,174,167
70,174,167
70,174,167
70,174,167
69,174,167
69,174,167
69,174,167
69,174,167
69,174,167
69,174,167
69,174,167
69,174,167
69,174,167
69,174,167
69,174,167
69,174,167
70,174,167
70,174,167
70,174,167
69,174,167
69,174,167
68,173,166
67,173,166
66,173,166
66,173,166
66,173,166
66,173,166
66,173,166
66,173,166
66,173,166
67,173,166
67,173,166
68,174,166
69,174,167
69,174,167
69,174,167
69,174,167
69,174,167
69,174,167
68,174,166
68,173,166
67,173,166
66,173,166
66,173,166
65,172,165
65,172,165
64,172,164
63,172,164
62,171,163
61,171,163
60,170,162
54,167,159
54,167,159
54,167,159
55,168,160
55,168,160
56,168,160
57,168,161
58,169,161
60,170,162
61,171,163
63,171,163
63,171,164
64,172,164
64,172,164
65,172,165
65,173,165
65,172,166
66,173,166
66,173,166
67,174,166
68,174,166
69,174,167
69,174,167
69,174,167
69,174,167
69,174,167
69,174,167
69,174,167
70,174,168
70,174,168
70,174,168
70,174,168
70,174,168
70,174,168
70,174,168
70,174,168
70,174,168
70,174,168
70,174,168
70,174,168
70,174,167
70,174,167
70,174,167
70,174,167
69,174,167
68,174,166
68,173,166
68,173,166
67,173,166
66,173,166
66,172,166
66,172,166
66,173,166
66,173,166
66,173,166
66,173,166
66,173,166
66,173,166
66,173,166
67,173,166
67,173,166
67,173,166
67,173,166
68,173,166
68,173,166
68,173,166
68,173,166
68,173,166
69,174,167
69,174,167
69,174,167
69,174,167
69,174,167
69,174,167
69,174,167
69,174,167
69,174,167
69,174,167
69,174,167
69,174,167
69,174,167
68,174,166
68,174,166
68,174,166
69,174,167
69,174,167
69,174,167
69,174,167
69,174,167
69,174,167
69,174,167
70,174,167
70,174,167
70,174,167
70,174,168
71,175,167
72,174,167
71,175,167
70,174,168
70,174,167
70,174,167
70,174,167
70,174,167
70,174,167
70,174,167
69,174,167
70,174,168
69,174,167
69,174,166
69,174,166
69,173,166
69,173,166
69,173,166
69,173,166
69,174,166
69,174,166
70,174,167
70,174,167
69,174,167
69,174,167
70,174,168
69,174,167
70,174,168
69,174,167
69,174,167
70,174,167
70,174,167
70,174,167
70,174,167
70,174,167
70,174,167
69,174,167
69,174,167
69,174,167
70,174,167
70,174,167
70,174,167
70,174,167
70,174,167
69,174,167
69,174,167
69,174,167
69,174,167
70,174,167
70,174,167
70,174,167
70,174,167
69,174,167
67,173,166
67,173,166
66,173,166
66,173,166
66,173,166
66,173,166
66,173,166
66,173,166
67,173,166
67,173,166
69,174,167
69,174,167
69,174,167
70,174,167
70,174,167
70,174,167
69,174,167
69,174,167
68,174,166
68,173,166
67,173,166
66,173,166
65,172,165
65,172,165
64,172,164
63,172,164
63,171,163
61,171,163
60,170,162
54,167,159
54,167,159
54,167,159
54,167,159
55,168,160
56,167,160
56,168,161
57,168,161
58,169,162
60,170,163
61,171,163
63,171,163
64,172,164
64,172,164
65,172,165
65,172,165
65,173,165
66,173,166
66,173,166
67,174,166
68,174,166
69,174,167
69,174,167
69,174,167
69,174,167
69,174,167
69,175,167
69,175,167
70,174,168
70,174,168
70,174,168
70,174,168
70,174,168
70,174,168
70,174,168
70,174,168
70,174,168
70,174,168
70,174,168
70,174,168
70,174,167
70,174,167
70,174,167
69,174,167
69,174,167
69,174,167
68,174,166
68,173,166
68,173,166
66,173,166
66,173,166
66,173,166
66,173,166
66,173,166
66,173,166
66,173,166
66,173,166
66,173,166
66,173,166
66,173,166
66,173,166
67,173,166
67,173,166
67,173,166
68,173,166
68,173,166
68,173,166
68,173,166
69,174,167
69,174,167
69,174,167
69,174,167
69,174,167
69,174,167
69,174,167
69,174,167
69,174,167
69,174,167
69,174,167
69,174,167
68,174,166
68,174,166
68,174,166
68,174,166
68,174,166
68,174,166
69,174,167
69,174,167
69,174,167
69,174,167
69,174,167
70,174,167
70,174,167
70,174,167
70,174,167
70,174,167
71,174,168
70,174,168
70,174,167
70,174,167
70,174,167
70,174,167
70,174,167
70,174,167
70,174,168
70,174,168
70,174,168
70,174,168
70,174,168
69,174,167
69,174,167
69,174,167
69,174,167
70,174,167
70,174,167
70,174,168
70,174,168
70,174,168
70,174,168
70,174,168
70,174,168
70,174,168
70,174,168
70,174,168
70,174,168
70,174,168
70,174,168
70,174,167
70,174,167
70,174,167
70,174,167
70,174,167
70,174,167
70,174,167
70,174,167
70,174,167
70,174,167
70,174,167
70,174,167
69,174,167
69,174,167
69,174,167
69,174,167
69,174,167
69,174,167
69,174,167
69,174,167
68,174,167
67,173,166
66,173,166
66,173,166
66,173,166
66,173,166
66,173,166
66,173,166
67,173,166
68,173,166
68,174,166
69,174,167
69,174,167
69,174,167
70,174,167
70,174,167
70,174,167
69,174,167
68,174,166
68,173,166
67,173,166
67,172,165
66,172,166
65,172,165
65,172,165
63,172,164
63,171,164
61,171,163
60,171,163
59,169,162
54,167,159
54,167,159
54,167,159
56,167,160
56,167,160
56,167,160
57,168,161
58,169,162
59,169,163
60,170,163
63,171,164
63,172,164
64,172,164
64,172,164
65,172,165
65,173,165
66,173,166
66,173,166
67,173,166
67,174,166
68,174,166
69,174,167
69,174,167
69,174,167
69,174,167
69,174,167
70,174,168
70,174,168
70,174,168
70,174,168
70,174,168
70,174,168
70,174,168
70,174,168
69,174,167
70,174,167
70,174,167
70,174,167
70,174,167
70,174,167
70,174,167
69,174,167
69,174,167
69,174,167
69,174,167
68,174,166
68,173,166
68,173,166
67,173,166
66,173,166
66,173,166
66,173,166
66,173,166
66,173,166
66,173,166
66,173,166
66,173,166
66,173,166
66,173,166
66,173,166
67,173,166
67,173,166
67,173,166
67,173,166
68,173,166
68,173,166
68,174,166
68,174,166
68,174,166
69,174,167
69,174,167
69,174,167
69,174,167
69,174,167
69,174,167
69,174,167
69,174,167
69,174,167
68,174,166
68,173,166
68,173,166
67,174,166
67,173,166
67,173,166
67,173,166
67,173,166
67,173,166
68,173,166
68,173,166
68,174,166
69,174,167
70,174,167
70,174,167
70,174,167
70,174,167
70,174,167
70,174,168
70,174,167
70,174,167
70,174,167
70,174,167
70,174,168
70,174,168
70,174,168
70,174,168
70,174,168
70,174,168
70,174,168
70,174,168
70,174,168
70,174,167
70,174,167
70,174,168
70,174,168
70,174,168
70,175,168
71,175,168
71,175,168
71,175,168
71,175,168
70,174,168
70,174,168
70,174,168
70,174,168
70,174,168
70,174,168
70,174,168
70,174,168
70,174,168
70,174,168
69,174,167
69,174,167
70,174,167
70,174,167
70,174,167
70,174,167
70,174,167
69,174,167
69,174,167
69,174,167
69,174,167
69,174,167
69,174,167
69,174,167
69,174,167
68,174,167
67,173,166
66,173,167
66,173,167
66,173,166
66,173,166
66,173,166
66,173,166
67,173,166
68,173,166
69,174,167
69,174,167
69,174,167
69,174,167
70,174,167
70,174,167
70,174,167
69,174,167
69,174,167
68,174,166
68,173,166
67,173,166
67,172,165
66,172,166
65,172,165
64,172,164
63,172,164
61,171,163
61,171,163
60,170,162
54,167,159
54,167,159
54,167,159
56,167,160
56,167,160
56,167,161
56,167,161
57,168,161
58,169,162
60,170,163
61,170,164
63,171,164
64,172,164
64,172,164
65,172,165
65,173,165
65,173,165
66,173,166
66,173,166
67,174,166
68,174,166
69,174,167
69,174,167
69,174,167
69,174,167
69,174,167
70,174,168
70,174,168
70,174,168
70,174,168
70,174,168
70,174,168
70,174,168
69,174,167
70,174,167
70,174,167
70,174,167
70,174,167
70,174,167
69,174,167
69,174,167
69,174,167
69,174,167
69,174,167
69,174,167
69,174,167
68,174,166
68,173,166
67,173,166
67,173,166
66,173,166
66,173,166
66,173,166
66,173,166
66,173,166
66,173,166
66,173,166
66,173,166
66,173,166
66,173,166
67,173,166
67,173,166
67,173,166
68,173,166
68,174,166
69,174,167
69,174,167
69,174,167
69,174,167
69,174,167
69,174,167
69,174,167
69,174,167
69,174,167
69,174,167
69,174,167
69,174,167
69,174,167
68,174,166
68,173,166
68,173,166
67,173,166
67,173,166
66,173,166
66,173,166
66,173,166
66,173,166
66,173,166
66,173,166
68,173,166
68,173,166
68,174,166
70,174,167
70,174,167
70,174,167
70,174,167
70,174,167
70,174,167
70,174,167
70,174,168
70,174,168
70,174,168
70,174,168
70,174,168
70,174,168
71,175,168
71,175,168
70,175,168
70,174,168
70,174,168
70,174,168
70,174,168
70,174,168
70,174,168
71,175,168
71,175,168
72,175,168
72,175,168
72,175,168
72,175,168
71,175,168
70,175,168
70,174,168
70,174,168
70,174,168
70,174,168
70,174,168
70,174,168
70,174,168
70,174,168
70,174,168
69,174,167
70,174,167
70,174,167
70,174,167
70,174,167
70,174,167
70,174,167
69,174,167
69,174,167
69,174,167
69,174,167
69,174,167
68,174,166
67,173,166
67,173,166
66,173,166
66,173,167
66,173,167
66,173,166
66,173,166
66,173,166
67,173,166
68,173,166
68,174,166
69,174,167
69,174,167
70,174,167
70,174,167
70,174,167
70,174,167
70,174,167
70,174,167
68,174,166
68,173,166
67,173,166
67,172,165
67,172,165
66,172,166
65,172,165
63,172,164
63,171,164
62,170,164
60,170,162
59,169,162
54,167,159
54,167,159
54,167,159
56,167,160
56,167,160
56,167,161
57,168,161
58,169,162
59,169,163
60,170,163
62,171,164
63,171,164
64,172,164
64,172,164
65,172,165
65,173,165
66,173,166
66,173,166
67,173,166
67,174,166
68,174,166
69,174,167
69,174,167
69,174,167
69,174,167
69,174,167
70,174,168
70,174,168
70,174,168
70,174,168
70,174,168
69,174,167
69,174,167
70,174,167
70,174,167
70,174,167
70,174,167
69,174,167
69,174,167
69,174,167
69,174,167
69,174,167
69,174,167
69,174,167
69,174,167
68,174,166
68,174,165
68,174,165
67,173,166
67,173,166
66,173,166
66,173,166
66,173,166
66,173,166
66,173,166
66,173,166
66,173,166
66,173,166
66,173,166
67,173,166
67,173,166
68,173,166
68,174,166
69,174,167
69,174,167
69,174,167
69,174,167
69,174,167
69,174,167
69,174,167
69,174,167
69,174,167
69,174,167
69,174,167
69,174,167
69,174,167
68,174,166
68,173,165
68,173,166
68,173,166
67,173,166
66,173,166
66,173,166
66,173,166
66,173,166
66,173,166
66,173,166
66,173,166
66,173,166
68,173,166
68,173,166
68,174,166
70,174,167
70,174,167
70,174,167
70,174,167
70,174,167
69,174,167
70,174,168
70,174,168
70,174,168
70,174,168
70,175,168
71,175,168
71,175,168
71,175,168
71,175,168
70,175,167
70,175,167
71,175,167
71,174,168
71,174,168
71,174,168
72,175,168
72,175,168
72,175,168
72,175,168
72,175,168
72,175,168
72,175,168
72,175,168
71,174,168
70,174,168
70,174,168
70,174,168
70,174,168
70,174,168
70,174,168
70,174,168
70,174,168
70,174,168
69,174,167
70,174,167
70,174,167
70,174,167
70,174,167
70,174,167
69,174,167
69,174,167
69,174,167
69,174,167
68,174,166
68,173,166
67,173,166
66,173,166
66,173,166
66,173,167
66,173,166
66,173,166
67,173,166
67,173,166
68,173,166
68,173,166
69,174,167
69,174,167
69,174,168
69,174,168
69,174,167
70,174,167
70,174,167
70,174,167
69,174,167
68,174,166
68,173,166
67,173,166
67,172,165
67,172,165
66,172,166
65,171,165
63,172,164
62,170,164
61,171,163
59,169,162
54,167,159
54,167,159
54,167,159
54,167,159
56,167,160
56,167,161
56,167,161
57,168,161
58,169,162
60,170,163
61,171,164
63,171,164
63,172,164
64,172,164
65,172,165
65,173,165
66,173,166
66,173,166
67,173,166
67,174,166
68,174,166
69,174,167
69,174,167
69,174,167
69,174,167
69,174,167
69,174,167
69,174,167
70,174,168
69,174,167
69,174,167
69,174,167
70,174,167
70,174,167
70,174,167
70,174,167
69,174,167
69,174,167
69,174,167
69,174,167
69,174,167
69,174,167
69,174,167
69,174,167
69,174,167
68,174,166
68,174,166
68,174,165
68,174,165
67,173,166
67,173,166
66,173,166
66,173,166
66,173,166
66,173,166
66,173,166
66,173,166
66,173,166
66,173,166
67,173,166
67,173,166
68,174,166
69,174,167
69,174,167
69,174,167
69,174,167
69,175,167
69,175,167
69,175,167
69,174,167
69,174,167
69,174,167
69,174,167
69,174,167
69,174,167
69,174,167
69,173,166
69,173,166
68,173,165
68,173,166
66,173,166
66,173,166
66,173,166
66,173,166
66,173,166
66,173,166
66,173,166
66,173,166
66,173,166
66,173,166
67,173,166
68,173,166
68,174,166
68,174,166
69,174,167
69,174,167
69,174,167
69,174,167
70,174,168
70,174,168
70,174,168
70,174,168
71,175,168
71,175,168
71,175,168
72,175,167
72,175,167
71,175,168
70,175,167
71,175,167
71,175,167
71,174,168
71,175,168
72,175,168
72,175,168
72,175,168
72,175,168
72,175,168
72,175,168
72,175,168
72,175,168
71,175,168
70,174,168
70,174,168
70,174,168
70,174,168
70,174,168
70,174,168
70,174,168
70,174,168
70,174,168
70,174,168
70,174,167
70,174,167
70,174,167
70,174,167
69,174,167
69,174,167
69,174,167
69,174,167
68,174,166
68,173,166
67,173,166
66,173,166
66,173,166
66,173,166
66,173,166
66,173,166
66,173,166
67,173,166
67,173,166
68,173,166
69,174,167
69,174,167
69,174,167
69,174,168
70,174,168
69,174,168
70,174,167
70,174,167
70,174,167
70,174,167
68,174,166
68,173,166
67,173,166
67,172,165
66,172,166
65,172,165
64,171,164
63,171,164
61,171,163
60,170,162
58,169,161
54,167,159
54,167,159
54,167,159
54,167,159
56,167,160
56,167,161
57,168,161
58,169,162
59,169,163
60,170,163
62,171,164
63,171,164
64,172,164
65,172,165
65,172,165
66,173,166
66,173,166
67,173,166
67,174,166
68,174,166
69,174,167
69,174,167
69,174,167
70,174,167
70,174,167
70,174,167
70,174,167
70,174,167
70,174,167
70,174,167
70,174,167
70,174,167
70,174,167
70,174,167
69,174,167
69,174,167
69,174,167
69,174,167
69,174,167
69,174,167
69,174,167
69,174,167
69,174,167
68,174,166
68,174,166
68,174,166
68,173,165
68,173,165
68,173,165
67,173,166
66,173,166
66,173,166
66,173,166
66,173,166
66,173,166
66,173,166
66,173,166
67,173,166
67,173,166
68,173,166
68,174,166
69,174,167
69,174,167
69,174,167
69,174,167
69,175,167
69,175,167
69,175,167
70,174,168
70,174,168
70,174,168
69,174,167
69,174,167
69,174,167
69,174,167
69,173,166
69,173,166
68,173,165
68,173,165
66,173,166
66,173,166
66,173,166
66,173,166
65,172,165
65,172,165
65,172,165
65,172,165
66,173,166
66,173,166
66,173,166
67,173,166
67,174,166
68,174,166
68,174,166
69,174,167
69,175,167
69,174,167
70,174,168
70,174,168
70,174,168
70,175,168
71,175,168
71,175,168
71,175,168
72,175,167
72,175,167
72,175,167
71,175,168
71,175,167
71,175,167
71,175,167
72,175,168
72,175,168
72,175,168
72,175,168
72,175,168
72,175,168
72,175,168
72,175,168
72,175,168
72,175,168
72,175,168
70,175,168
70,174,168
70,174,168
70,174,168
70,174,168
70,174,168
70,174,168
70,174,168
70,174,168
70,174,167
70,174,167
70,174,167
69,174,167
69,174,167
69,174,167
69,174,167
68,174,166
68,173,166
67,173,166
67,173,166
66,173,166
66,173,166
66,173,166
66,173,166
66,173,166
67,173,166
67,173,166
68,173,166
68,174,166
69,174,167
69,174,167
69,174,167
70,174,168
70,174,168
70,174,168
70,174,168
70,174,167
70,174,167
69,174,167
68,173,166
67,173,166
67,173,166
67,172,165
66,172,166
65,171,165
63,172,164
62,171,164
61,171,163
59,169,162
54,167,159
54,167,159
54,167,159
54,167,159
54,167,159
56,167,161
57,168,161
58,169,162
60,170,163
61,171,164
62,171,164
63,172,165
65,172,165
65,172,165
66,173,166
66,173,166
67,173,166
68,174,166
69,174,167
69,174,167
69,174,167
69,174,167
69,174,167
69,174,167
69,174,167
69,174,167
69,174,167
69,174,167
69,174,167
69,174,167
69,174,167
69,174,167
69,174,167
68,174,166
68,174,166
68,174,166
68,174,166
68,174,166
68,174,166
68,174,166
68,174,166
68,174,166
68,174,166
68,174,166
68,173,166
68,173,166
68,173,165
68,173,166
68,173,166
67,173,166
67,173,166
66,173,166
66,173,166
66,173,166
66,173,166
66,173,166
67,173,166
67,173,166
68,174,166
68,174,166
69,174,167
69,174,167
69,174,167
69,174,167
69,175,167
69,175,167
69,175,167
70,174,168
70,174,168
70,174,168
70,174,168
69,174,167
69,174,167
69,174,167
69,174,166
69,173,166
68,173,165
68,173,166
67,173,166
66,173,166
66,173,166
66,173,166
65,172,165
65,172,165
65,172,165
65,172,165
65,173,165
65,173,165
66,173,166
66,173,166
67,173,166
67,174,166
68,174,166
69,174,167
69,175,167
69,174,167
70,174,168
70,174,168
70,174,168
70,174,168
70,175,168
71,175,168
71,175,168
72,175,167
72,175,167
71,175,168
71,175,168
71,175,167
71,175,167
71,175,167
72,175,167
72,175,167
72,175,168
72,175,168
72,175,168
72,175,168
72,175,168
72,175,168
72,175,168
72,175,168
72,175,168
71,175,168
70,174,168
70,174,168
70,174,168
70,174,168
70,174,168
70,174,168
70,174,168
70,174,168
70,174,167
70,174,167
70,174,167
69,174,167
69,174,167
69,174,167
68,174,166
68,173,166
67,173,166
67,173,166
67,173,166
66,173,166
66,173,166
66,173,166
66,173,166
67,173,166
67,173,166
67,173,166
68,173,166
69,174,167
69,174,167
69,174,167
70,174,168
70,174,168
70,174,168
70,174,168
70,174,168
70,174,167
70,174,167
68,174,166
68,173,166
67,173,166
67,172,165
66,172,166
64,172,164
63,172,165
63,171,164
61,171,163
60,170,162
54,167,159
54,167,159
54,167,159
54,167,159
54,167,159
56,167,161
56,168,161
58,169,162
59,169,163
60,170,163
62,171,164
63,171,164
65,172,165
66,173,166
66,173,166
67,173,166
68,173,166
68,173,166
68,174,166
69,174,167
69,174,167
69,174,167
69,174,167
69,173,167
69,173,167
69,173,167
68,174,166
68,174,166
69,174,167
69,174,167
69,174,167
69,174,167
68,174,166
68,174,166
68,174,166
68,174,166
69,173,167
69,173,167
68,174,166
68,174,166
68,174,166
68,174,166
68,174,166
68,174,166
68,173,166
68,173,166
68,173,166
68,173,166
68,173,166
67,173,166
67,173,166
67,173,166
66,173,166
66,173,166
66,173,166
66,173,166
66,173,166
67,173,166
68,173,166
68,174,166
68,174,166
69,174,167
69,174,167
69,174,167
69,175,167
69,175,167
69,175,167
69,174,167
69,174,167
70,174,168
70,174,168
70,174,168
69,174,167
69,174,167
69,174,167
68,174,166
68,173,166
68,173,166
67,173,166
66,173,166
66,173,166
66,173,166
65,172,165
65,172,165
65,172,165
65,172,165
65,172,165
65,173,165
66,173,166
66,173,166
67,173,166
67,174,166
67,174,166
68,174,166
69,174,167
69,174,167
70,174,168
70,174,168
70,174,168
70,174,168
70,175,168
70,175,168
71,175,168
71,175,168
71,175,168
71,175,168
71,175,168
71,175,168
71,175,168
71,175,167
71,175,167
71,175,167
71,175,167
71,174,168
71,174,168
71,175,168
71,175,168
72,175,168
72,175,168
72,175,168
72,175,168
71,175,168
70,174,168
70,174,168
70,174,168
70,174,168
70,174,168
70,174,168
70,174,168
70,174,168
70,174,167
70,174,167
70,174,167
69,174,167
68,174,166
68,174,166
68,173,166
67,173,166
66,173,166
66,173,166
66,173,166
66,173,166
66,173,166
67,173,166
67,173,166
67,173,166
67,173,166
68,173,166
68,174,166
69,174,167
69,174,167
70,174,168
70,174,168
70,174,168
70,175,168
70,174,168
70,174,168
70,174,167
69,174,167
68,173,166
67,173,166
67,173,166
66,172,166
65,172,165
64,172,164
63,171,164
62,171,164
60,170,163
60,170,163
54,167,159
54,167,159
54,167,159
54,167,159
56,167,161
56,168,161
58,169,162
58,169,162
59,169,163
61,171,164
62,171,164
64,172,164
66,173,166
66,173,166
67,173,166
67,173,166
68,173,166
68,173,166
68,174,166
68,174,166
68,174,166
68,174,166
68,174,166
69,173,167
68,174,166
68,174,166
68,173,166
68,173,166
68,174,166
68,174,166
68,174,166
68,174,166
68,174,166
68,174,166
68,174,166
68,174,166
69,173,167
68,174,166
68,174,166
68,174,166
68,174,166
68,174,166
68,174,166
68,173,166
68,173,166
68,173,166
68,173,166
68,173,166
68,173,166
67,173,166
67,173,166
67,173,166
66,173,166
66,173,166
66,173,166
66,173,166
66,173,166
67,173,166
68,173,166
68,174,166
68,174,166
69,174,167
69,174,167
69,174,167
69,174,167
69,174,167
69,174,167
69,174,167
70,174,168
70,174,168
70,174,168
69,174,167
69,174,167
69,174,167
69,174,167
68,173,166
68,173,166
67,173,166
66,173,166
66,173,166
65,172,165
65,172,165
65,172,165
65,172,165
65,172,165
65,172,165
65,173,165
65,173,165
66,173,166
66,173,166
67,173,166
67,174,166
68,174,166
69,174,167
69,174,167
69,174,167
70,174,168
70,174,168
70,174,168
70,174,168
70,175,168
70,175,167
71,175,168
71,175,168
71,175,168
71,175,168
71,175,168
71,175,168
71,175,168
71,175,167
71,175,167
71,175,167
71,175,167
71,174,168
70,175,168
71,175,168
71,175,168
71,175,168
72,175,168
72,175,168
71,175,168
70,174,168
70,174,168
70,174,168
70,174,168
70,174,168
70,174,168
70,174,168
70,174,168
70,174,167
70,174,167
69,174,167
68,174,166
68,173,166
68,173,166
67,173,166
66,173,166
66,173,166
66,173,166
66,173,166
66,173,166
67,173,166
67,173,166
67,173,166
67,173,166
68,173,166
68,173,166
68,174,166
69,174,167
69,174,167
69,174,167
70,174,168
70,174,168
70,175,168
70,174,168
70,174,168
69,174,167
68,173,166
67,173,166
67,173,166
67,172,165
65,172,165
64,172,164
63,171,164
63,171,163
61,170,164
60,170,163
54,167,159
54,167,159
54,167,159
56,167,161
56,168,161
56,168,161
58,169,162
59,169,163
60,170,163
62,171,164
63,171,164
65,172,165
66,173,166
67,173,166
67,173,166
68,173,166
68,173,166
68,173,166
68,173,166
68,173,166
68,173,166
68,174,166
69,173,167
68,173,166
68,173,166
68,173,166
68,173,166
68,173,166
68,173,166
68,174,166
68,174,166
68,174,166
68,173,166
68,173,166
68,173,166
68,173,166
68,173,166
68,174,166
68,174,166
68,174,166
68,174,166
68,174,166
68,173,166
68,173,166
68,173,166
68,173,166
68,173,166
68,173,166
68,173,166
67,173,166
67,173,166
67,173,166
66,173,166
66,173,166
66,173,166
66,173,166
66,173,166
67,173,166
68,173,166
68,174,166
68,174,166
69,174,167
69,174,167
69,174,167
69,174,167
69,174,167
69,174,167
69,174,167
70,174,168
70,174,168
70,174,168
70,174,168
69,174,167
69,174,167
68,174,166
68,173,166
67,173,166
66,173,166
66,173,166
66,173,166
65,172,165
65,172,165
65,172,165
65,172,165
65,172,165
65,173,165
66,173,166
66,173,166
66,173,166
66,173,166
67,173,166
68,173,166
68,174,166
69,174,167
69,174,167
69,174,167
69,174,167
70,174,168
70,174,168
70,174,168
70,175,168
70,175,168
70,175,168
71,175,168
71,175,168
71,175,168
71,175,168
71,175,168
71,175,167
71,175,167
71,175,167
71,175,167
71,175,167
70,174,168
70,174,168
70,175,168
71,175,168
71,175,168
71,175,168
71,175,168
70,174,168
70,174,168
70,174,168
70,174,168
70,174,168
70,174,168
70,174,168
69,174,167
70,174,167
69,174,168
68,174,167
68,173,166
68,173,166
67,173,166
67,173,166
66,173,166
66,173,166
66,173,166
66,173,166
66,173,166
66,173,166
67,173,166
67,173,166
67,173,166
68,173,166
68,173,166
68,174,166
68,174,166
69,174,167
69,174,167
70,174,168
70,174,168
70,174,168
70,174,167
69,173,166
68,173,166
67,173,166
67,173,166
66,173,166
66,173,166
64,172,164
63,172,164
63,171,164
61,171,163
60,170,163
54,167,159
54,167,159
56,167,161
56,167,161
56,168,161
56,168,161
57,168,161
58,169,162
59,169,163
60,170,163
62,171,164
64,172,164
66,173,166
66,173,166
67,173,166
67,173,166
67,173,166
68,173,166
68,173,166
68,173,166
68,173,166
68,173,166
68,173,166
68,173,166
68,173,166
68,173,166
68,173,166
68,173,167
68,173,167
68,174,167
68,174,167
68,173,166
68,173,166
68,173,166
68,173,166
68,173,166
68,173,166
68,174,166
68,174,166
68,174,166
68,174,166
68,174,166
68,174,166
68,173,166
68,173,166
68,173,166
68,173,166
68,173,166
67,173,166
67,173,166
67,173,166
67,173,166
66,173,166
66,173,166
66,173,166
66,173,166
66,173,166
66,173,166
67,173,166
67,173,166
68,173,166
68,174,166
69,174,167
69,174,167
69,174,167
69,174,167
69,175,167
69,175,167
69,175,167
70,174,168
70,174,168
70,174,168
69,174,167
69,174,167
69,174,167
68,173,166
67,173,166
67,173,166
66,173,166
66,173,166
66,173,166
66,173,166
65,172,165
65,172,165
65,173,165
66,173,166
66,173,166
66,173,166
66,173,166
66,173,166
67,173,166
67,173,166
68,173,166
68,174,166
69,174,167
69,174,167
69,174,167
69,174,167
69,174,167
69,174,167
70,174,168
70,174,168
70,174,168
70,174,168
70,174,168
71,175,168
70,175,168
70,175,167
71,175,167
71,175,167
71,175,167
71,175,167
70,174,168
70,174,168
70,174,168
70,174,168
70,174,168
71,175,168
71,175,168
70,174,168
70,174,168
70,174,168
70,174,168
70,174,168
70,174,168
70,174,168
69,174,167
70,174,167
70,174,167
69,174,167
68,173,166
68,173,166
68,173,166
67,173,166
67,173,166
66,173,166
66,173,166
66,173,166
66,173,166
66,173,166
66,173,166
67,173,166
67,173,166
67,173,166
68,173,166
68,173,166
68,173,166
68,173,166
68,174,166
69,174,167
69,174,167
70,174,167
69,174,167
68,174,166
68,173,166
68,173,166
67,173,166
66,173,166
66,173,166
64,172,164
63,172,164
63,171,164
61,171,163
61,171,163
60,170,163
56,167,160
56,167,161
56,167,161
56,168,161
56,168,161
56,168,161
58,169,162
58,169,162
60,170,163
61,171,164
63,171,164
65,172,165
66,173,166
66,173,166
66,173,166
66,173,166
66,173,166
66,173,166
67,173,166
67,173,166
67,173,166
67,173,166
68,173,166
68,173,166
68,173,166
67,173,166
68,173,167
67,173,166
67,173,166
68,173,167
68,173,167
68,173,166
68,173,166
68,173,166
68,173,166
68,173,166
68,174,166
68,174,167
69,174,167
69,174,167
68,174,166
68,174,166
68,173,166
68,173,166
68,173,166
68,173,166
67,173,166
67,173,166
67,173,166
67,173,166
66,173,166
66,173,166
66,173,166
66,173,166
66,173,166
66,173,166
66,173,166
66,173,166
66,173,166
67,173,166
67,173,166
68,174,166
69,174,167
69,174,167
69,174,167
69,174,167
69,175,167
69,175,167
69,175,167
70,174,168
70,174,168
69,174,167
69,174,167
69,174,167
69,174,167
68,173,166
67,173,166
67,173,166
66,173,166
66,173,166
66,173,166
66,173,166
66,173,166
66,173,166
66,173,166
66,173,166
66,173,166
66,173,166
66,173,166
66,173,166
67,173,166
67,173,166
67,173,166
67,173,166
67,173,166
67,173,166
68,174,166
69,174,167
69,174,167
69,174,167
70,174,167
70,174,168
70,174,168
70,174,168
70,174,168
70,175,168
70,175,168
71,175,167
71,175,167
71,175,167
70,174,168
70,174,168
70,174,168
70,174,168
70,174,168
70,174,168
70,174,168
70,174,168
70,174,168
70,174,168
70,174,168
70,174,168
70,174,168
70,174,168
70,174,167
70,174,167
70,174,167
69,174,167
68,173,166
68,173,166
68,173,166
67,173,166
67,173,166
66,173,166
66,173,166
66,173,166
66,173,166
66,173,166
66,173,166
66,173,166
67,173,166
67,173,166
67,173,166
68,173,166
68,173,166
68,173,166
68,173,166
68,173,166
68,173,166
68,174,166
68,174,166
68,174,166
68,173,166
68,173,166
67,173,166
66,173,166
66,173,166
64,172,164
63,172,164
63,171,164
62,171,164
61,171,163
60,171,163
56,167,161
56,167,161
56,168,161
56,168,161
56,168,161
57,168,161
58,169,162
58,169,162
60,170,163
62,171,164
63,171,164
65,172,165
65,172,165
66,173,166
66,173,166
66,173,166
66,173,166
66,173,166
66,173,166
66,173,166
67,173,166
67,173,166
67,173,166
67,173,166
67,173,166
67,173,166
67,173,166
67,173,166
67,173,166
67,173,166
68,173,166
68,173,166
68,173,166
68,173,166
68,173,166
68,173,166
68,174,166
69,174,167
69,174,167
68,174,166
68,174,166
68,173,166
68,173,166
68,173,166
68,173,166
67,173,166
67,173,166
67,173,166
67,173,166
67,172,165
67,172,165
66,173,166
66,173,166
65,173,165
65,173,165
66,173,166
66,173,166
66,173,166
67,173,166
67,173,166
67,173,166
68,173,166
69,174,167
69,174,167
69,174,167
69,174,167
69,174,167
69,174,167
70,174,168
70,174,168
69,174,167
69,174,167
69,174,167
69,174,167
69,174,167
68,173,166
68,173,166
68,173,166
68,173,166
66,173,166
66,173,166
66,173,166
66,173,166
66,173,166
66,173,166
66,173,166
66,173,166
66,173,166
66,173,166
66,173,166
66,173,166
67,173,166
66,173,166
66,173,166
67,173,166
67,173,166
68,174,167
69,174,167
69,174,167
69,174,167
69,174,167
70,174,168
70,174,168
70,174,168
70,174,168
70,175,168
70,175,168
71,175,167
70,174,167
70,174,168
70,174,168
70,174,168
70,174,168
70,174,168
70,174,168
70,174,168
70,174,168
70,174,168
70,174,168
70,174,168
70,174,168
69,174,167
70,174,167
70,174,167
70,174,167
70,174,167
69,174,167
68,173,167
68,173,167
67,173,166
67,173,166
67,173,166
66,173,166
66,173,166
66,173,166
66,173,166
66,173,166
66,173,166
66,173,166
67,173,166
67,173,166
67,173,166
68,173,166
68,173,166
68,173,166
67,173,166
68,173,166
68,173,166
68,173,166
68,173,166
68,173,166
68,173,166
67,173,166
67,172,165
66,173,166
64,172,164
63,172,164
63,171,163
62,171,164
61,171,163
60,171,163
56,167,161
56,167,161
56,167,161
56,167,160
56,168,161
56,168,161
57,168,161
58,169,162
59,169,163
60,170,163
63,171,164
63,171,164
65,172,165
65,172,165
65,172,165
65,172,165
66,173,166
66,173,166
66,173,166
66,173,166
66,173,166
66,173,166
66,173,166
67,173,166
67,173,166
67,173,166
67,173,166
67,173,166
67,173,166
67,173,166
67,173,166
68,173,166
68,173,166
68,173,166
68,173,166
68,173,166
68,173,167
68,174,166
68,174,166
68,174,166
68,173,166
68,173,166
67,173,166
67,173,166
67,173,166
67,173,166
67,173,166
67,173,166
67,172,165
67,172,165
67,172,165
66,172,166
66,173,166
66,173,166
65,172,165
66,173,166
66,173,166
66,173,166
66,173,166
66,173,166
67,173,166
67,173,166
68,173,166
69,174,167
69,174,167
69,174,167
69,174,167
69,174,167
70,174,168
70,174,168
70,174,168
69,174,167
69,174,167
69,174,167
69,174,167
69,174,167
68,173,166
68,173,166
68,173,166
68,173,166
68,173,166
68,173,166
67,173,166
66,173,166
66,173,166
66,173,166
66,173,166
66,173,166
66,173,166
66,173,166
66,173,166
66,173,166
66,173,166
66,173,166
66,173,167
67,173,166
67,173,166
68,173,167
69,174,167
69,174,167
69,174,167
69,174,167
70,174,168
70,174,168
70,174,168
70,174,168
70,174,168
70,174,168
70,174,168
70,174,168
70,174,168
70,174,168
70,174,167
70,174,167
70,174,167
69,174,167
69,174,167
69,174,167
69,174,167
69,174,167
69,174,167
69,174,167
70,174,167
70,174,167
70,174,167
69,174,167
68,173,167
68,173,167
67,173,166
67,173,166
66,173,166
66,173,166
66,173,166
66,173,166
66,173,166
66,173,166
66,173,166
66,173,166
66,173,166
66,173,166
67,173,166
67,173,166
68,173,166
68,173,166
68,173,166
67,173,166
67,173,166
67,173,166
67,173,166
68,173,166
68,173,166
67,173,166
67,173,166
66,172,166
65,172,165
64,172,164
63,171,164
62,171,164
61,171,163
60,171,163
59,169,162
56,167,161
56,167,161
56,167,160
56,167,161
56,168,161
57,168,161
58,168,162
58,169,162
59,169,163
60,170,163
63,171,164
63,171,164
65,172,165
65,172,165
65,172,165
65,172,165
65,172,165
66,173,166
66,173,166
66,173,166
66,173,166
66,173,166
66,173,166
66,173,166
66,173,166
67,173,166
67,173,166
67,173,166
67,173,166
67,173,166
67,173,166
67,173,166
67,173,166
68,173,167
68,173,166
68,173,166
68,173,166
68,174,166
68,173,166
68,173,166
68,173,166
67,173,166
67,173,166
67,173,166
67,173,166
67,173,166
66,173,166
66,173,166
67,172,165
66,172,166
66,172,166
66,172,166
66,173,166
65,172,165
65,172,165
65,172,165
66,173,166
66,173,166
66,173,166
66,173,166
67,173,166
67,173,166
68,173,166
69,174,167
69,174,167
69,174,167
69,174,167
70,174,168
70,174,168
69,174,168
69,174,168
69,174,167
69,174,167
69,174,167
69,174,167
69,174,167
69,174,167
69,174,167
70,174,167
69,174,167
68,174,166
68,173,166
68,173,166
66,173,166
66,173,166
66,173,166
66,173,166
66,173,166
66,173,166
66,173,166
66,173,166
66,173,166
66,173,166
66,173,166
67,173,166
67,173,166
67,173,166
68,174,166
69,174,167
69,174,167
69,174,167
69,174,167
70,174,168
70,174,168
70,174,168
70,174,168
70,174,168
70,174,168
69,174,167
69,174,167
70,174,167
70,174,167
70,174,167
70,174,167
70,174,167
70,174,167
69,174,167
69,174,167
69,174,167
69,174,167
69,174,167
69,174,167
70,174,167
68,174,166
68,173,167
67,173,166
67,173,166
67,173,166
66,173,166
66,173,166
66,173,166
66,173,166
66,173,166
66,173,166
66,173,166
66,173,166
66,173,166
66,173,166
67,173,166
67,173,166
67,173,166
68,173,166
68,173,166
68,173,166
68,173,166
68,173,166
67,173,166
67,173,166
67,173,166
67,173,166
67,173,166
66,172,166
66,172,166
64,172,164
63,172,164
63,171,163
61,171,163
60,171,163
59,169,162
55,167,161
55,167,161
55,167,161
56,167,161
56,168,161
57,168,161
58,169,162
58,169,162
59,169,163
60,170,163
63,171,163
63,172,164
64,172,164
64,172,164
64,172,164
65,172,165
65,172,165
65,172,165
66,173,166
66,173,166
66,173,166
66,173,166
66,173,166
66,173,166
66,173,166
67,173,166
67,173,166
67,173,166
67,173,166
67,173,166
67,173,166
67,173,166
67,173,166
68,173,166
68,173,166
68,173,166
68,173,166
68,173,166
68,173,166
68,173,166
67,173,166
67,173,166
67,173,166
66,173,166
66,173,166
66,173,166
66,173,166
67,172,165
66,172,166
66,172,166
66,172,166
65,172,165
65,172,165
65,172,165
65,172,165
65,172,165
65,172,165
66,173,166
66,173,166
66,173,166
66,173,166
68,173,166
68,173,166
69,174,167
69,174,167
69,174,167
69,174,168
69,174,168
69,174,168
69,174,168
69,174,167
69,174,167
69,174,167
69,174,167
69,174,167
69,174,167
70,174,167
70,174,167
69,174,167
69,174,167
68,174,166
68,173,166
67,173,166
67,173,166
66,173,166
66,173,166
66,173,166
66,173,166
66,173,166
66,173,166
66,173,166
66,173,166
67,173,166
67,173,166
67,173,166
67,173,166
68,173,166
68,174,166
69,174,167
70,174,167
70,174,167
70,174,167
70,174,167
70,174,167
70,174,167
69,174,167
69,174,167
69,174,167
69,174,167
69,174,167
68,174,166
68,173,166
68,173,166
68,173,166
67,173,166
67,173,166
67,173,166
66,173,166
67,173,166
67,173,166
67,173,166
67,173,166
68,173,166
67,173,166
67,173,166
67,173,166
66,173,166
66,173,167
66,173,166
66,173,166
66,173,166
67,173,166
67,173,166
67,173,166
67,173,166
67,173,166
67,173,166
67,173,166
67,173,166
68,173,166
68,173,166
68,174,166
68,173,166
68,173,166
68,173,166
68,173,166
67,173,166
67,173,166
67,173,166
67,173,166
66,172,166
64,172,164
63,172,164
63,171,163
61,171,163
60,171,163
59,169,162
54,167,160
54,167,160
55,167,161
56,167,161
56,168,161
57,168,161
58,169,162
58,169,162
59,169,163
61,170,164
62,171,164
63,172,164
63,172,164
64,172,164
64,172,164
65,172,165
65,172,165
65,172,165
66,173,166
66,173,166
66,173,166
66,173,166
66,173,166
66,173,166
66,173,166
66,173,166
66,173,166
66,173,166
67,173,166
67,173,166
67,173,166
67,173,166
67,173,166
68,173,166
68,173,166
68,173,166
68,173,166
68,173,166
67,173,166
67,173,166
67,173,166
66,173,166
66,173,166
66,173,166
66,173,166
66,173,166
66,173,166
66,173,166
66,173,166
65,172,165
65,172,165
65,172,165
65,172,165
65,172,165
65,172,165
65,172,165
65,172,165
66,173,166
66,173,166
66,173,166
67,173,166
68,173,166
68,173,166
69,174,167
69,174,167
69,174,167
69,174,168
69,174,168
69,174,168
69,174,167
69,174,167
69,174,167
69,174,167
69,174,167
69,174,167
70,174,167
70,174,167
69,174,167
69,174,167
68,174,166
68,173,166
67,173,166
67,173,166
67,173,166
67,172,165
66,173,166
66,173,166
66,173,166
66,173,166
66,173,166
67,172,165
67,173,166
67,173,166
68,173,166
68,173,166
68,173,166
68,173,166
68,174,166
68,174,166
69,174,167
70,174,167
70,174,167
70,174,167
70,174,167
69,174,167
69,174,167
68,174,166
68,173,166
68,173,166
68,173,166
67,173,166
67,173,166
66,173,166
66,173,166
66,173,166
66,173,166
66,173,166
66,173,166
66,173,166
66,173,166
66,173,166
67,173,166
67,173,166
67,173,166
66,173,167
66,173,167
66,173,167
66,173,166
66,173,166
67,173,166
67,173,166
67,173,166
67,173,166
68,173,166
67,173,166
67,173,166
67,173,166
68,173,166
68,173,166
68,174,166
68,174,166
68,174,166
68,173,166
68,173,166
67,173,166
67,173,166
67,173,166
67,173,166
66,172,166
64,172,164
63,172,164
63,171,164
61,171,163
60,171,163
60,170,162
54,167,160
56,167,161
56,167,161
56,167,161
56,168,161
57,168,161
58,169,162
58,169,162
60,170,163
60,170,163
61,171,163
63,171,164
63,172,164
64,172,164
64,172,164
65,172,165
65,172,165
66,173,166
66,173,166
66,173,166
66,173,166
66,173,166
66,173,166
66,173,166
66,173,166
66,173,166
66,173,166
66,173,166
66,173,166
67,173,166
67,173,166
67,173,166
67,173,166
67,173,166
68,173,166
68,173,166
67,173,166
67,173,166
67,173,166
66,173,166
66,173,166
66,173,166
66,173,166
66,173,166
66,173,166
66,173,166
66,173,166
66,173,166
65,172,165
65,172,165
65,172,165
65,172,165
65,172,165
65,172,165
65,172,165
65,172,165
65,172,165
65,172,165
66,173,166
66,173,166
67,173,166
68,173,166
68,173,166
69,174,167
69,174,167
69,174,167
69,174,167
69,174,167
69,174,167
69,174,167
69,174,167
69,174,167
69,174,167
69,174,167
69,174,167
69,174,167
69,174,167
69,174,167
68,173,166
68,173,166
67,173,166
67,173,166
67,173,166
67,173,166
67,172,165
67,172,165
66,173,166
66,173,166
66,173,166
67,172,165
67,173,166
67,173,166
68,173,166
68,173,166
68,173,166
68,173,166
68,173,166
68,174,166
68,174,166
68,174,166
68,174,166
68,173,166
68,173,166
68,173,166
68,173,166
68,173,166
67,173,166
67,173,166
67,173,166
66,173,166
66,173,166
66,173,166
66,173,166
65,172,166
65,172,166
65,172,166
66,173,166
66,172,166
66,173,166
66,173,166
66,173,166
67,173,166
67,173,166
67,173,166
67,173,166
66,173,167
66,173,166
67,173,166
67,173,166
68,173,166
68,173,166
68,173,166
68,173,166
68,173,166
68,173,166
68,173,166
68,173,166
68,173,166
68,174,166
68,174,166
68,174,166
68,173,166
68,173,166
67,173,166
67,173,166
67,172,165
66,173,166
64,172,164
63,172,164
63,171,164
61,171,163
61,171,163
60,170,162
56,167,161
56,167,161
56,167,161
56,168,161
56,168,161
57,168,161
58,169,162
58,169,162
60,170,163
60,170,163
61,170,164
63,171,164
63,172,164
64,172,164
64,172,164
65,172,165
65,173,165
66,173,166
66,173,166
66,173,166
66,173,166
66,173,166
66,173,166
66,173,166
66,173,166
66,173,166
66,173,166
66,173,166
66,173,166
66,173,166
67,173,166
67,173,166
67,173,166
67,173,166
68,173,166
67,173,166
67,173,166
66,173,166
66,173,166
66,173,166
66,173,166
66,173,166
66,173,166
66,173,166
66,173,166
66,173,166
66,173,166
66,172,166
65,172,165
64,172,164
64,172,164
64,172,164
65,172,165
65,172,165
65,172,165
65,172,165
65,172,165
66,173,166
66,173,166
66,173,166
68,173,166
68,173,166
68,174,166
69,174,167
69,174,167
69,174,167
69,174,167
69,174,167
69,174,167
69,174,167
69,174,167
69,174,167
69,174,167
69,174,167
69,174,167
69,174,167
68,174,166
68,173,166
68,173,166
68,173,166
67,173,166
67,173,166
67,173,166
67,173,166
67,173,166
67,172,165
67,172,165
66,173,166
67,172,165
67,173,166
67,173,166
68,173,166
68,173,166
68,173,166
68,173,166
68,173,166
68,173,166
68,173,166
68,173,166
68,173,166
67,173,166
67,173,166
67,173,166
67,173,166
67,173,166
67,173,166
66,173,166
66,173,166
66,173,166
65,173,165
65,172,166
65,172,166
65,172,166
65,172,166
65,172,166
65,172,166
65,172,166
65,173,165
66,173,166
66,173,166
67,173,166
67,173,166
67,173,166
67,173,166
67,173,166
67,173,166
68,173,166
68,173,166
68,173,166
68,173,166
68,173,166
68,173,166
68,173,166
68,173,166
68,173,166
68,173,166
68,173,166
68,174,166
68,174,166
68,173,166
68,173,166
67,173,166
67,172,165
67,172,165
66,172,166
64,172,164
63,172,164
63,171,164
61,171,163
60,171,163
60,170,162
56,167,161
56,167,161
56,167,161
56,167,161
56,168,161
56,168,161
57,168,161
58,168,162
58,169,162
60,170,163
60,170,163
61,170,164
63,171,164
64,172,164
64,172,164
65,172,165
65,173,165
66,173,166
66,173,166
66,173,166
66,173,166
66,173,166
66,173,166
66,173,166
66,173,166
66,173,166
66,173,166
66,173,166
66,173,166
66,173,166
66,173,166
66,173,166
66,173,166
66,173,166
66,173,166
66,173,166
66,173,166
66,173,166
66,173,166
66,173,166
66,173,166
66,173,166
66,173,166
66,173,166
66,173,166
66,173,166
66,172,166
66,172,166
65,172,165
64,172,164
64,172,164
64,172,164
64,172,164
65,172,165
65,172,165
65,172,165
65,172,165
65,172,165
66,173,166
66,173,166
67,173,166
68,173,166
68,173,166
68,174,166
69,174,167
69,174,167
69,174,167
69,174,167
69,174,167
69,174,167
69,174,167
69,174,167
69,174,167
68,174,166
68,174,166
68,174,166
68,173,166
68,173,166
68,173,166
67,173,166
67,173,166
67,173,166
67,173,166
67,173,166
67,173,166
67,173,166
67,173,166
66,173,166
67,173,166
67,173,166
67,173,166
67,173,166
68,173,166
68,173,166
68,173,166
68,173,166
68,173,166
68,173,166
68,173,166
67,173,166
66,173,166
66,173,166
66,173,166
66,173,166
66,173,166
66,173,166
66,173,166
66,173,166
65,173,165
65,173,165
65,172,165
64,172,164
63,172,164
63,171,165
63,171,165
64,172,165
65,172,166
65,172,165
65,173,165
66,173,166
66,173,166
67,173,166
67,173,166
67,173,166
67,173,166
68,173,166
68,173,166
68,173,166
68,173,166
68,173,166
68,174,166
68,174,166
68,174,166
68,174,166
68,174,166
68,174,166
68,173,166
68,173,166
68,173,166
67,173,166
67,173,166
66,173,166
66,173,166
66,173,166
64,172,164
63,171,164
62,170,164
61,171,163
60,170,162
59,169,162
59,169,162
56,168,161
56,168,161
56,167,161
56,167,161
56,167,161
56,167,161
56,168,161
58,168,162
58,169,162
60,170,163
61,170,164
62,170,164
63,171,164
64,172,164
65,172,165
65,173,165
65,173,165
66,173,166
66,173,166
66,173,166
66,173,166
66,173,166
66,173,166
66,173,166
66,173,166
66,173,166
66,173,166
66,173,166
66,173,166
66,173,166
66,173,166
66,173,166
66,173,166
66,173,166
66,173,166
66,173,166
66,173,166
66,173,166
66,173,166
66,173,166
66,173,166
66,173,166
66,173,166
66,173,166
67,172,165
66,172,166
66,172,166
66,172,166
65,172,165
64,172,164
64,172,164
64,172,164
65,172,165
65,172,165
65,172,165
65,172,165
65,172,165
65,172,165
66,173,166
66,173,166
68,173,166
68,173,166
68,174,166
68,174,166
69,174,167
69,174,167
69,174,167
69,174,167
69,174,167
69,174,167
69,174,167
69,174,167
68,174,166
68,173,166
68,173,166
68,173,166
68,173,167
67,173,166
67,173,166
67,173,166
67,173,166
67,173,166
67,173,166
67,173,166
67,173,166
67,173,166
67,173,166
67,173,166
67,173,166
67,173,166
67,173,166
67,173,166
67,173,166
68,173,166
68,173,166
68,173,166
67,173,166
67,173,166
66,173,166
66,173,166
66,173,166
66,173,166
66,173,166
66,173,166
66,173,166
66,173,166
65,173,165
65,173,165
65,172,165
64,172,164
63,172,164
63,171,164
63,171,165
63,171,165
63,171,164
63,171,164
65,172,165
65,173,165
66,173,166
66,173,166
67,173,166
67,173,166
67,173,166
68,173,166
68,173,166
68,173,166
68,174,166
68,174,166
69,174,167
69,174,167
69,174,167
69,174,167
69,174,167
68,174,166
68,174,166
68,173,166
68,173,166
67,173,166
67,173,166
67,172,165
66,173,166
65,172,165
64,172,164
63,171,164
61,171,163
60,170,162
59,169,162
59,169,162
58,169,161
56,168,161
56,168,161
56,167,161
56,167,161
56,167,161
56,167,161
57,168,161
58,168,162
58,169,162
60,170,163
61,170,164
63,171,163
64,172,164
64,172,164
65,173,165
65,173,165
66,173,166
66,173,166
66,173,166
66,173,166
66,173,166
66,172,166
66,172,166
66,172,166
66,173,166
66,173,166
66,173,166
66,173,166
66,173,166
66,173,166
66,173,166
66,173,166
66,173,166
66,173,166
66,173,166
66,173,166
66,173,166
66,173,166
66,173,166
66,173,166
66,173,166
66,173,166
67,172,165
67,172,165
67,172,165
66,172,166
66,172,166
66,172,166
65,172,165
65,172,165
65,172,165
65,172,166
65,172,166
65,172,166
65,172,165
65,172,165
66,173,166
66,173,166
66,173,166
66,173,166
68,173,166
68,173,166
68,174,166
68,174,166
68,174,167
68,174,167
69,174,167
69,174,167
69,174,167
69,174,167
69,174,167
68,173,166
68,173,166
68,173,166
68,173,166
67,173,166
67,173,166
67,173,166
67,173,166
67,173,166
67,173,166
67,173,166
67,173,166
67,173,166
67,173,166
67,173,166
67,173,166
67,173,166
66,173,166
66,173,166
66,173,166
67,173,166
67,173,166
67,173,166
67,173,166
66,173,166
66,173,166
66,173,166
66,173,166
66,173,166
66,173,166
65,172,165
65,172,165
65,173,165
65,173,165
65,173,165
65,173,165
65,172,165
64,172,165
63,171,164
63,171,164
63,171,165
63,171,165
63,172,164
63,171,164
65,172,165
65,172,165
66,173,166
67,173,166
67,173,166
67,173,166
68,173,166
68,174,166
68,174,166
68,174,166
68,174,166
69,174,167
69,174,167
70,174,167
69,174,167
69,174,167
69,174,167
68,174,166
68,174,166
68,173,166
68,173,166
67,173,166
67,172,165
66,172,166
65,172,165
64,172,164
63,171,164
61,170,163
60,170,162
59,169,162
58,169,161
58,168,161
56,168,161
56,167,160
56,167,161
56,167,161
56,167,161
56,167,161
57,168,161
58,169,162
58,169,162
60,170,163
61,171,163
63,171,163
64,172,164
65,173,165
65,173,165
65,173,165
66,173,166
66,173,166
66,173,166
66,172,166
66,172,166
66,172,166
66,172,166
67,172,166
66,173,166
66,173,166
66,173,166
66,173,166
66,173,166
66,173,166
66,173,166
66,173,166
66,173,166
66,173,166
66,173,166
66,173,166
66,173,166
66,173,166
66,173,166
66,173,166
66,173,166
67,172,165
67,172,165
67,172,165
67,172,165
66,172,166
66,172,166
66,173,166
65,172,165
65,172,166
65,172,166
65,172,166
65,172,166
65,172,166
66,172,166
66,173,166
66,173,166
66,173,166
66,173,166
67,173,166
67,173,166
68,173,167
68,173,167
68,174,167
68,174,167
68,174,167
68,174,167
69,174,167
69,174,167
68,173,166
68,173,166
67,173,166
67,173,166
67,173,166
67,173,166
67,173,166
67,173,166
67,173,166
67,173,166
67,173,166
67,173,166
67,173,166
67,173,166
67,173,166
67,173,166
67,173,166
67,173,166
66,173,166
66,173,166
66,173,166
66,173,166
66,173,166
66,173,166
66,173,166
66,173,166
66,173,166
66,173,166
66,173,166
65,172,165
65,172,165
65,172,165
65,172,165
65,172,165
65,173,165
65,173,165
65,172,165
65,172,165
65,172,165
64,172,164
64,172,164
63,171,164
63,171,164
64,172,164
65,172,165
65,172,165
66,173,166
66,173,166
67,173,166
67,173,166
68,173,166
68,173,166
68,174,166
68,174,166
68,174,166
69,174,167
69,174,167
70,174,167
70,174,167
69,174,167
69,174,167
69,174,167
68,174,166
68,173,166
68,173,166
67,173,166
67,172,165
66,172,166
66,172,166
65,171,165
63,172,164
61,170,163
60,170,162
59,169,162
58,169,161
58,168,161
56,167,160
56,167,161
55,167,161
55,167,161
56,167,161
56,168,161
58,168,162
58,169,162
58,169,162
60,170,162
61,171,163
63,171,163
64,172,164
65,173,165
65,173,165
65,173,165
66,173,166
66,173,166
66,172,166
66,172,166
66,172,166
66,172,166
66,172,166
66,173,166
66,173,166
66,173,166
66,173,166
66,173,166
66,173,166
66,173,166
65,172,165
65,172,165
65,172,165
66,173,166
66,173,166
66,173,166
66,173,166
66,173,166
66,173,166
66,173,166
67,172,165
67,173,166
67,173,166
67,173,166
67,172,165
67,172,165
66,172,166
66,173,166
66,173,166
66,172,166
66,172,166
66,172,166
66,173,166
66,172,166
66,172,166
66,173,166
66,173,166
66,173,166
67,173,166
67,173,166
67,173,166
67,173,166
67,173,166
67,173,166
68,173,167
68,173,167
68,173,166
68,173,166
67,173,166
67,173,166
67,173,166
67,173,166
67,173,166
67,173,166
67,173,166
66,173,166
66,173,166
66,173,166
67,173,166
67,173,166
67,173,166
67,173,166
67,173,166
67,173,166
67,173,166
66,173,166
66,173,166
66,173,166
66,173,166
66,173,166
66,173,166
67,172,165
67,172,165
67,172,165
66,173,166
66,173,166
66,173,166
65,172,165
65,172,165
65,172,165
65,172,165
65,172,165
65,172,165
65,172,165
65,172,165
65,172,165
65,172,165
65,172,165
65,172,165
65,172,165
65,172,165
65,172,165
65,172,165
66,173,166
66,173,166
66,173,166
67,173,166
67,173,166
68,173,166
68,173,166
68,174,166
68,174,166
69,174,167
69,174,167
69,174,167
70,174,167
70,174,167
69,174,167
69,174,167
69,174,167
68,173,166
68,173,166
67,173,166
67,172,165
66,172,166
66,172,166
65,171,165
63,172,164
63,171,164
60,171,163
60,170,162
58,169,161
58,168,161
56,167,161
56,167,161
56,167,161
56,167,161
56,167,161
57,168,161
58,168,162
58,169,162
59,169,163
60,171,163
61,171,163
63,171,163
63,171,164
65,173,165
65,173,165
65,172,165
66,173,166
66,173,166
66,172,166
66,172,166
66,172,166
66,173,166
66,173,166
66,173,166
66,173,166
66,173,166
66,173,166
66,173,166
65,172,165
64,172,164
64,172,164
65,172,165
65,172,165
66,173,166
66,173,166
66,173,166
66,173,166
66,173,166
66,173,166
66,173,166
67,172,165
67,173,166
67,173,166
67,172,165
67,172,165
66,173,166
66,173,166
66,173,166
66,173,166
66,172,166
66,173,166
66,173,166
66,173,166
66,173,166
66,173,166
66,173,166
66,173,166
67,173,166
67,173,166
67,173,166
67,173,166
67,173,166
67,173,166
67,173,166
68,173,167
68,173,167
67,173,166
67,173,166
67,173,166
66,173,166
66,173,167
66,173,166
66,173,166
66,173,166
66,173,166
66,173,166
66,173,166
66,173,166
67,173,166
67,173,166
67,173,166
66,173,167
66,173,166
66,173,166
66,173,166
66,173,166
66,173,166
66,173,166
66,173,166
66,172,166
67,172,165
67,172,165
67,172,165
66,172,166
66,172,166
66,172,166
66,173,166
65,172,165
65,172,165
65,172,165
65,172,165
66,173,166
66,173,166
66,173,166
66,173,166
66,173,166
66,173,166
66,173,166
66,173,166
66,173,166
66,173,166
66,173,166
66,173,166
66,173,166
66,173,166
67,173,166
67,173,166
67,173,166
68,173,166
68,174,166
69,174,167
69,174,167
69,174,167
70,174,167
70,174,167
70,174,167
70,174,167
69,174,167
68,173,166
68,173,166
67,173,166
67,172,165
66,173,166
66,172,166
65,171,165
63,172,164
63,171,164
61,171,163
60,170,162
58,169,161
58,168,161
56,167,161
56,167,161
56,167,161
56,167,161
56,168,161
57,168,161
58,168,162
58,169,161
59,169,162
60,170,162
62,171,164
63,171,164
63,171,164
65,173,165
65,172,165
65,172,165
65,172,165
65,172,165
66,173,166
66,173,166
66,173,166
66,173,166
66,173,166
66,173,166
66,173,166
66,173,166
66,173,166
64,172,164
64,172,164
64,172,164
64,172,164
65,172,165
65,172,165
66,173,166
66,173,166
66,173,166
66,173,166
66,173,166
66,173,166
66,173,166
67,172,165
67,173,166
67,172,165
67,172,165
66,173,166
66,173,166
66,173,166
66,173,166
66,172,166
66,172,166
66,173,166
66,173,166
66,173,166
66,173,166
66,173,166
66,173,166
67,172,165
66,173,166
66,173,166
66,173,166
66,173,166
67,173,166
67,173,166
67,173,166
67,173,166
67,173,166
67,173,166
66,173,166
66,172,166
66,173,166
66,173,166
66,173,166
66,173,166
66,173,166
66,173,166
66,173,166
66,173,166
66,173,166
66,173,166
66,173,166
66,172,166
66,173,166
66,173,166
66,173,166
66,173,166
66,173,166
66,173,166
66,173,166
66,172,166
66,172,166
66,172,166
66,172,166
66,172,166
66,172,166
66,172,166
66,172,166
66,173,166
66,173,166
66,173,166
66,173,166
66,173,166
66,173,166
66,173,166
66,173,166
66,173,166
66,173,166
66,173,166
66,173,166
66,173,166
66,173,166
66,173,166
66,173,166
66,173,166
66,173,166
67,173,166
67,173,166
67,173,166
68,173,166
68,173,166
69,174,167
69,174,167
69,174,167
69,174,167
69,174,167
69,174,167
68,174,166
68,173,166
68,173,166
67,173,166
67,172,165
66,173,166
66,173,166
65,172,165
64,172,164
63,172,164
62,171,164
60,171,163
59,169,162
58,169,161
56,167,161
56,167,161
56,167,161
56,168,161
56,168,161
57,168,161
58,168,161
58,169,161
59,169,163
60,170,163
62,171,164
63,171,163
63,171,164
65,172,165
65,172,165
65,172,165
65,172,165
65,172,165
65,172,165
65,172,165
66,173,166
66,173,166
66,173,166
66,173,166
66,173,166
65,172,165
64,172,164
64,172,164
64,172,164
64,172,164
64,172,164
65,172,165
65,172,165
66,173,166
66,173,166
66,173,166
66,173,166
66,173,166
66,173,166
66,173,166
66,173,166
67,172,165
67,172,165
67,172,165
66,173,166
66,173,166
66,173,166
66,173,166
66,173,166
66,173,166
65,172,166
65,172,166
65,172,166
66,173,166
66,173,166
66,173,166
66,173,166
66,173,166
66,173,166
66,173,166
66,173,166
66,173,166
67,173,166
67,173,166
67,173,166
66,173,166
66,173,166
66,173,166
66,173,166
66,173,166
66,173,166
66,173,166
66,173,166
66,173,166
66,173,166
66,173,166
66,173,166
66,173,166
66,173,166
66,173,166
66,173,166
66,173,166
66,173,166
66,173,166
66,173,166
66,173,166
66,173,166
66,173,166
66,172,166
66,172,166
66,172,166
66,172,166
66,172,166
66,172,166
66,172,166
66,172,166
66,172,166
66,172,166
66,173,166
66,173,166
66,173,166
66,173,166
66,173,166
66,173,166
66,173,166
66,173,166
66,173,166
66,173,166
66,173,166
66,173,166
66,173,166
66,173,166
67,173,166
67,173,166
67,173,166
67,173,166
67,173,166
68,173,166
68,173,166
69,174,167
69,174,167
69,174,167
69,174,167
68,174,166
68,173,166
68,173,166
67,173,166
66,173,166
66,173,166
66,173,166
65,172,165
64,172,164
63,171,164
63,171,163
61,171,163
60,170,162
58,169,161
56,167,161
56,167,161
56,168,161
56,168,161
56,168,161
57,168,161
58,168,161
58,169,162
59,169,163
60,170,163
62,171,164
63,171,164
63,171,164
65,172,165
65,172,165
65,172,165
65,172,165
65,172,165
65,172,165
65,172,165
66,173,166
66,173,166
66,173,166
65,172,165
65,172,165
64,172,164
64,172,164
64,172,164
64,172,164
64,172,164
65,172,165
65,172,165
65,172,165
65,172,165
65,172,165
65,172,165
65,172,165
65,172,165
66,173,166
66,173,166
66,173,166
66,172,166
66,172,166
66,172,166
66,172,166
66,173,166
66,173,166
66,173,166
65,172,165
65,172,165
65,172,165
65,172,165
65,172,165
65,172,165
66,173,166
66,173,166
66,173,166
66,173,166
66,173,166
66,173,166
66,173,166
66,173,166
66,173,166
66,173,166
66,173,166
66,173,166
65,172,165
65,173,165
65,173,165
65,173,165
65,173,165
65,172,165
66,173,166
66,173,166
66,173,166
66,173,166
66,173,166
66,173,166
66,173,166
66,173,166
66,173,166
66,173,166
66,173,166
66,173,166
66,173,166
66,173,166
66,173,166
66,173,166
66,173,166
66,173,166
66,173,166
66,173,166
66,173,166
67,172,165
67,172,165
67,172,165
67,172,165
67,172,165
66,173,166
66,173,166
66,173,166
66,173,166
67,173,166
66,173,166
67,173,166
67,173,166
67,173,166
67,173,166
67,173,166
67,173,166
67,173,166
67,173,166
67,173,166
67,173,166
67,173,166
67,173,166
68,173,166
68,173,166
68,173,166
69,174,167
69,174,167
68,174,166
68,173,166
68,173,166
67,173,166
66,173,166
66,173,166
66,173,166
65,172,165
65,172,165
63,171,164
63,171,163
61,171,163
60,170,162
59,169,162
56,168,161
56,168,161
56,168,161
56,168,161
56,168,161
57,168,161
58,168,162
58,169,162
59,169,163
60,170,163
62,171,164
63,171,164
64,172,164
65,172,165
65,172,165
65,172,165
65,172,165
65,172,165
65,172,165
65,172,165
65,172,165
65,172,165
65,172,165
65,172,165
64,172,164
64,172,164
64,172,164
64,172,164
64,172,164
64,172,164
65,172,165
65,172,165
65,172,165
65,172,165
65,172,165
65,172,165
65,172,165
65,172,165
65,172,165
66,173,166
66,172,166
66,172,166
66,172,166
66,172,166
66,172,166
66,173,166
66,173,166
65,172,165
65,172,165
65,172,165
65,172,165
65,172,165
65,172,165
65,172,165
65,172,165
65,172,165
66,173,166
66,173,166
66,173,166
66,173,166
66,173,166
66,173,166
66,173,166
65,172,165
65,172,165
65,172,165
65,172,165
64,172,164
64,172,164
64,172,164
64,172,164
65,173,165
65,173,165
65,173,165
65,173,165
65,173,165
65,173,165
65,173,165
66,173,166
66,173,166
66,173,166
66,173,166
66,173,166
66,173,166
66,173,166
66,173,166
66,173,166
66,173,166
66,173,166
66,173,166
66,173,166
66,173,166
67,173,166
67,173,166
67,173,166
67,173,166
67,173,166
67,173,166
67,173,166
67,173,166
67,173,166
67,173,166
67,173,166
67,173,166
67,173,166
67,173,166
67,173,166
67,173,166
67,173,166
67,173,166
67,173,166
67,173,166
67,173,166
67,173,166
67,173,166
67,173,166
68,173,166
68,173,166
68,173,166
68,173,166
68,173,166
67,173,166
67,173,166
66,173,166
66,173,166
66,173,166
65,172,165
65,172,165
63,171,164
63,171,163
61,171,163
60,170,162
59,169,162
56,168,161
56,168,161
56,168,161
56,168,161
57,168,161
57,168,161
58,169,162
59,169,163
60,170,163
62,171,164
63,171,164
64,172,164
65,172,165
65,172,165
65,172,165
65,172,165
65,172,165
65,172,165
65,172,165
65,172,165
65,172,165
65,172,165
64,172,164
64,172,164
64,172,164
64,172,164
64,172,164
64,172,164
65,172,165
65,172,165
65,172,165
65,172,165
65,172,165
65,172,165
65,172,165
65,172,165
65,172,165
66,172,166
66,172,166
66,172,166
66,172,166
66,172,166
66,172,166
66,172,166
65,172,165
65,172,165
65,172,165
65,172,165
65,172,165
65,172,165
65,172,165
65,172,165
65,172,165
65,172,165
65,172,165
65,172,165
65,172,165
65,172,165
65,172,165
65,172,165
65,172,165
65,172,165
65,172,165
65,172,165
64,172,164
63,172,164
63,171,164
63,171,164
63,171,163
63,171,163
63,171,164
63,171,164
64,172,164
65,172,165
65,173,165
65,172,165
65,172,165
66,173,166
66,173,166
66,173,166
66,173,166
66,173,166
66,173,166
66,173,166
67,173,166
67,173,166
67,173,166
67,173,166
67,173,166
67,173,166
67,173,166
67,173,166
67,173,166
67,173,166
67,173,166
67,173,166
67,173,166
67,173,166
67,173,166
67,173,166
67,173,166
67,173,166
67,173,166
67,173,166
67,173,166
67,173,166
67,173,166
68,173,166
67,173,166
67,173,166
67,173,166
67,173,166
67,173,166
67,173,166
67,173,166
68,173,166
68,173,166
68,173,166
67,173,166
66,173,166
66,173,166
66,173,166
66,173,166
65,172,165
65,172,165
63,171,164
63,171,163
61,171,163
60,170,162
56,168,161
56,168,161
56,168,161
56,168,161
56,168,161
57,168,161
58,169,162
59,169,163
60,170,163
62,171,164
63,171,163
64,172,164
64,172,164
65,172,165
65,172,165
65,172,165
65,172,165
65,172,165
65,172,165
65,172,165
65,172,165
64,172,164
64,172,164
63,172,164
63,172,164
64,172,164
64,172,164
65,172,165
65,172,165
65,172,165
65,172,165
65,172,165
65,172,165
65,172,165
65,172,165
65,172,165
66,172,166
66,172,166
66,172,166
66,172,166
66,172,166
66,172,166
66,172,166
65,172,165
65,172,165
65,172,165
65,172,165
65,172,165
65,172,165
65,172,165
65,172,165
65,172,165
65,172,165
65,172,165
65,172,165
65,172,165
65,172,165
65,172,165
65,172,165
65,172,165
65,172,165
65,172,165
64,172,164
63,171,164
63,171,165
63,171,164
62,171,164
62,171,164
62,171,164
63,171,164
63,171,164
63,171,164
64,172,164
65,172,165
65,172,165
65,172,165
66,173,166
66,173,166
66,173,166
66,173,166
66,173,166
66,173,166
67,173,166
67,173,166
67,173,166
67,173,166
67,173,166
67,173,166
67,173,166
67,173,166
67,173,166
67,173,166
68,173,166
68,173,166
68,173,166
67,173,166
67,173,166
67,173,166
67,173,166
67,173,166
67,173,166
67,173,166
67,173,166
67,173,166
67,173,166
68,173,166
68,173,166
68,173,166
67,173,166
67,173,166
67,173,166
67,173,166
67,173,166
67,173,166
67,173,166
67,173,166
67,173,166
66,173,166
66,173,166
66,173,166
65,172,165
65,172,165
64,172,164
63,171,164
62,171,164
60,171,163
60,170,162
56,168,161
56,168,161
56,168,161
56,168,161
56,168,161
58,168,162
58,169,162
59,169,163
60,171,163
62,171,164
63,171,163
63,172,164
64,172,164
64,172,164
64,172,164
65,172,165
65,172,165
65,172,165
65,172,165
65,172,165
64,172,164
64,172,164
63,172,164
63,172,164
63,172,164
64,172,164
65,172,165
65,172,165
65,172,165
65,172,165
65,172,165
65,172,165
65,172,165
65,172,165
65,172,165
66,172,166
66,172,166
66,172,166
66,172,166
66,172,166
66,172,166
66,172,166
65,172,165
65,172,165
65,172,165
65,172,165
65,172,165
65,172,165
65,172,165
65,172,165
65,172,165
65,172,165
65,172,165
65,172,165
65,172,165
65,172,165
65,172,165
65,172,165
65,172,165
65,172,165
65,172,165
64,172,164
63,171,164
63,171,164
63,171,164
62,171,164
62,171,164
62,171,164
62,171,164
63,171,164
63,171,164
63,171,164
64,172,164
65,172,165
65,172,165
65,172,165
66,173,166
66,173,166
66,173,166
66,173,166
66,173,166
66,173,166
67,173,166
67,173,166
67,173,166
67,173,166
67,173,166
67,173,166
67,173,166
67,173,166
68,173,166
68,173,166
68,173,166
68,173,166
68,173,166
67,173,166
67,173,166
67,173,166
67,173,166
67,173,166
67,173,166
67,173,166
67,173,166
67,173,166
67,173,166
67,173,166
67,173,166
67,173,166
67,173,166
67,173,166
67,173,166
67,173,166
67,173,166
67,173,166
67,173,166
66,173,166
66,173,166
65,172,165
65,172,165
64,172,164
64,172,164
63,172,164
62,171,164
60,171,163
60,170,162
56,167,160
56,167,160
56,168,161
56,168,161
57,168,161
58,168,162
58,169,162
59,169,162
60,171,163
61,171,163
63,171,164
63,172,164
64,172,164
64,172,164
64,172,164
65,172,165
65,172,165
65,172,165
65,172,165
64,172,164
64,172,164
63,172,165
63,172,165
63,172,165
64,172,164
65,172,165
65,172,165
65,172,165
65,172,165
65,172,165
65,172,165
65,172,165
65,172,165
65,172,165
66,172,166
66,172,166
66,172,166
66,172,166
66,172,166
66,172,166
65,172,165
65,172,165
65,172,165
65,172,165
65,172,165
65,172,165
65,172,165
65,172,165
65,172,165
65,172,165
65,172,165
65,172,165
65,172,165
65,172,165
65,172,165
65,172,165
65,172,165
65,172,165
65,172,165
65,172,165
64,172,164
64,172,164
63,171,164
63,171,164
62,171,164
62,171,164
62,171,164
62,171,164
62,171,164
63,171,164
63,171,165
63,171,164
64,172,164
65,172,165
65,172,165
66,173,166
66,173,166
66,173,166
66,173,166
66,173,166
66,173,166
67,173,166
67,173,166
67,173,166
67,173,166
67,173,166
67,173,166
67,173,166
67,173,166
68,173,166
68,173,166
68,173,166
68,173,166
67,173,166
67,173,166
67,173,166
67,173,166
67,173,166
67,173,166
67,173,166
67,173,166
67,173,166
67,173,166
67,173,166
67,173,166
67,173,166
67,173,166
67,173,166
67,173,166
67,173,166
67,173,166
67,173,166
67,173,166
66,173,166
66,173,166
65,172,165
65,172,165
64,172,164
63,172,164
63,172,164
61,171,163
60,171,163
60,170,162
56,167,161
56,168,161
56,168,161
56,168,161
57,168,161
58,169,161
58,169,161
59,169,162
60,171,163
61,171,163
63,171,164
63,172,164
64,172,164
64,172,164
64,172,164
65,172,165
65,172,165
65,172,165
64,172,164
64,172,164
63,172,165
63,171,165
63,171,165
64,172,164
65,172,165
65,172,165
65,172,165
65,172,165
65,172,165
65,172,165
65,172,165
65,172,165
65,172,165
65,172,165
66,172,166
66,172,166
66,172,166
66,172,166
66,172,166
65,172,165
65,172,165
65,172,165
65,172,165
65,172,165
65,172,165
65,172,165
65,172,165
65,172,165
65,172,165
65,172,165
65,172,165
65,172,165
65,172,165
65,172,165
65,172,165
65,172,165
65,172,165
65,172,165
65,172,165
64,172,164
64,172,164
64,172,164
63,172,164
63,171,164
63,171,164
62,171,164
62,171,164
62,171,164
62,171,164
63,171,164
63,171,165
64,172,164
65,172,165
65,172,165
65,172,165
66,173,166
66,173,166
66,173,166
66,173,166
66,173,166
66,173,166
67,173,166
67,173,166
67,173,166
67,173,166
67,173,166
67,173,166
67,173,166
67,173,166
67,173,166
67,173,166
67,173,166
67,173,166
67,173,166
68,173,166
68,173,166
68,173,166
67,173,166
67,173,166
67,173,166
67,173,166
67,173,166
67,173,166
67,173,166
67,173,166
67,173,166
67,173,166
67,173,166
67,173,166
67,173,166
67,173,166
66,173,166
66,173,166
65,172,165
65,172,165
64,172,164
63,172,164
63,171,164
62,170,164
60,171,163
60,170,162
56,168,161
56,168,161
56,168,161
57,168,161
58,169,161
58,169,162
59,169,163
60,171,163
61,171,163
62,171,163
63,172,164
64,172,164
64,172,164
65,172,165
65,172,165
65,172,165
64,172,164
64,172,164
64,172,164
63,171,165
64,172,165
65,172,165
65,172,165
65,172,165
65,172,165
65,172,165
65,172,165
65,172,165
65,172,165
65,172,165
65,172,165
65,172,165
65,172,165
66,172,166
66,172,166
66,172,166
66,172,166
65,172,165
65,172,165
65,172,165
65,172,165
65,172,165
65,172,165
65,172,165
65,172,165
65,172,165
65,172,165
65,172,165
65,172,165
65,172,165
65,172,165
65,172,165
65,172,165
65,172,165
65,172,165
65,172,165
65,172,165
65,172,165
64,172,164
64,172,164
64,172,164
63,172,164
63,171,164
63,171,164
62,171,164
62,171,164
62,171,164
63,171,164
63,171,165
64,172,164
65,172,165
65,172,165
65,172,165
66,173,166
66,173,166
66,173,166
66,173,166
66,173,166
66,173,166
66,173,166
67,173,166
67,173,166
67,173,166
67,173,166
67,173,166
67,173,166
67,173,166
67,173,166
67,173,166
68,173,166
68,173,166
68,173,166
68,173,166
68,173,166
68,173,166
67,173,166
67,173,166
67,173,166
67,173,166
67,173,166
67,173,166
67,173,166
67,173,166
67,173,166
67,173,166
67,173,166
67,173,166
67,172,165
67,172,165
66,173,166
66,173,166
65,172,165
64,172,164
63,172,164
63,171,164
62,170,164
60,171,163
56,168,161
56,168,161
56,168,161
57,168,161
57,168,161
58,169,162
59,169,163
60,170,163
61,171,163
63,171,164
63,172,164
64,172,164
65,172,165
65,173,165
65,172,165
65,172,165
64,172,164
64,172,164
64,172,164
65,172,165
65,173,165
65,172,165
65,172,165
65,172,165
65,172,165
65,172,165
65,172,165
65,172,165
65,172,165
65,172,165
65,172,165
65,172,165
65,172,165
65,172,165
65,172,165
65,172,165
65,172,165
65,172,165
65,172,165
65,172,165
65,172,165
66,173,166
65,172,165
65,172,165
65,172,165
65,172,165
65,172,165
65,172,165
65,172,165
65,172,165
65,172,165
65,172,165
65,172,165
65,172,165
65,172,165
65,172,165
65,172,165
65,172,165
64,172,164
64,172,164
64,172,164
63,172,164
63,172,164
63,171,164
63,171,164
63,171,164
63,171,165
63,171,165
64,172,165
65,172,166
65,172,165
65,172,165
65,172,165
66,173,166
66,173,166
66,173,166
66,173,166
66,173,166
66,173,166
66,173,166
66,173,166
67,173,166
67,173,166
67,173,166
67,173,166
67,173,166
67,173,166
67,173,166
67,173,166
68,173,166
68,173,166
68,173,166
68,173,166
67,173,166
67,173,166
67,173,166
67,173,166
67,173,166
67,173,166
67,173,166
67,173,166
67,173,166
67,173,166
67,173,166
67,173,166
66,173,166
67,172,165
67,172,165
66,173,166
65,172,165
64,172,164
64,172,164
63,171,164
62,170,164
60,171,163
56,168,161
56,168,161
56,168,161
57,168,161
58,169,162
59,169,163
60,170,163
61,171,163
63,172,164
64,172,164
64,172,164
64,172,164
65,172,165
65,172,165
65,172,165
64,172,164
65,172,165
65,172,165
65,172,165
65,172,165
65,172,165
65,172,165
65,172,165
65,172,165
65,172,165
65,172,165
65,172,165
65,172,165
65,172,165
65,172,165
65,172,165
65,172,165
65,172,165
65,172,165
65,172,165
65,172,165
65,172,165
65,172,165
66,173,166
66,173,166
66,173,166
66,173,166
66,173,166
66,173,166
66,173,166
66,173,166
66,173,166
65,172,165
65,172,165
65,172,165
66,173,166
66,173,166
66,173,166
66,173,166
66,173,166
65,172,165
65,172,165
65,172,165
64,172,164
64,172,164
63,172,164
63,172,164
63,172,164
63,172,164
63,171,165
63,171,165
64,172,164
65,172,165
65,172,165
65,172,165
65,172,165
65,173,165
66,173,166
66,173,166
66,173,166
66,173,166
66,173,166
66,173,166
66,173,166
66,173,166
67,173,166
67,173,166
67,173,166
67,173,166
67,173,166
67,173,166
67,173,166
68,173,166
68,173,166
67,173,166
67,173,166
67,173,166
67,173,166
67,173,166
67,173,166
67,173,166
67,173,166
66,173,166
67,173,166
66,173,166
66,173,166
67,173,166
67,173,166
66,173,166
67,172,165
66,172,166
65,172,165
64,172,164
64,172,164
63,172,164
62,170,164
56,167,161
56,168,161
56,168,161
58,168,162
58,169,162
59,169,163
60,171,163
62,171,164
63,171,164
64,172,164
64,172,164
64,172,164
65,172,165
65,172,165
65,172,165
65,172,165
65,172,165
65,172,165
65,172,165
65,172,165
65,172,165
65,172,165
65,172,165
65,172,165
65,172,165
65,172,165
65,172,165
65,172,165
65,172,165
65,172,165
65,172,165
65,172,165
65,172,165
65,172,165
65,172,165
66,173,166
66,173,166
66,173,166
66,173,166
66,173,166
66,173,166
66,173,166
66,173,166
66,173,166
66,173,166
66,173,166
66,173,166
66,173,166
66,173,166
66,173,166
66,173,166
66,173,166
66,173,166
66,173,166
65,173,165
65,172,165
65,172,165
65,172,165
64,172,164
64,172,164
64,172,164
63,172,164
63,172,164
63,172,164
64,172,164
65,172,165
65,173,165
65,173,165
65,172,165
65,172,165
65,172,165
65,172,165
66,173,166
66,173,166
66,173,166
66,173,166
66,173,166
66,173,166
66,173,166
66,173,166
67,173,166
67,173,166
67,173,166
67,173,166
67,173,166
67,173,166
68,173,166
67,173,166
67,173,166
67,173,166
67,173,166
67,173,166
67,173,166
67,173,166
67,173,166
66,173,166
66,173,166
66,173,166
66,173,166
66,173,166
67,172,165
66,173,166
66,173,166
66,172,166
65,172,165
64,172,164
64,172,164
63,172,164
61,171,163
56,168,161
57,168,161
58,168,162
58,169,162
60,170,162
60,171,163
63,171,163
63,171,164
64,172,164
64,172,164
65,172,165
65,172,165
65,172,165
65,172,165
65,172,165
65,172,165
65,172,165
65,172,165
65,172,165
65,172,165
65,172,165
65,172,165
65,172,165
65,172,165
65,172,165
65,172,165
65,172,165
65,172,165
65,172,165
65,172,165
65,172,165
65,172,165
65,172,165
65,172,165
66,173,166
66,173,166
66,173,166
66,173,166
66,173,166
66,173,166
66,173,166
66,173,166
66,173,166
66,173,166
66,173,166
66,173,166
66,173,166
66,173,166
66,173,166
66,173,166
66,173,166
66,173,166
66,173,166
65,172,165
65,172,165
65,172,165
65,172,165
65,172,165
65,172,165
65,172,165
64,172,164
64,172,164
65,172,165
65,172,165
65,172,165
65,172,165
65,172,165
65,172,165
65,172,165
65,172,165
66,173,166
66,173,166
66,172,166
67,172,165
66,173,166
66,173,166
66,173,166
66,173,166
66,173,166
67,173,166
67,173,166
67,173,166
67,173,166
67,173,166
67,173,166
67,173,166
67,173,166
67,173,166
67,173,166
67,173,166
67,173,166
67,173,166
67,173,166
67,173,166
66,173,166
66,173,166
66,173,166
66,173,166
66,173,166
65,172,165
65,172,165
65,172,165
64,172,164
64,172,164
63,172,164
56,168,161
57,168,161
58,169,162
58,169,161
60,170,162
61,171,163
63,171,163
63,171,164
64,172,164
64,172,164
65,172,165
65,172,165
65,172,165
65,172,165
65,172,165
65,172,165
65,172,165
65,172,165
65,172,165
65,172,165
65,172,165
65,172,165
65,172,165
65,172,165
65,172,165
65,172,165
65,172,165
65,172,165
65,172,165
65,172,165
65,172,165
65,172,165
65,172,165
65,173,165
65,173,165
66,173,166
66,173,166
66,173,166
66,173,166
66,173,166
66,173,166
66,173,166
66,173,166
66,173,166
66,173,166
66,173,166
66,173,166
66,173,166
66,173,166
66,173,166
66,173,166
66,173,166
66,173,166
66,173,166
65,172,165
65,172,165
65,172,165
65,172,165
65,172,165
65,172,165
66,173,166
66,173,166
66,173,166
66,173,166
66,173,166
66,173,166
66,173,166
66,173,166
66,173,166
66,173,166
66,173,166
66,172,166
67,172,165
66,173,166
66,173,166
66,173,166
66,173,166
66,173,166
66,173,166
66,173,166
67,173,166
67,173,166
67,173,166
67,173,166
67,173,166
67,173,166
67,173,166
67,173,166
67,173,166
67,173,166
67,173,166
67,173,166
66,173,166
66,173,166
66,173,166
66,173,166
66,173,166
66,173,166
65,172,165
65,172,165
64,172,164
64,172,164
63,172,164
57,169,161
58,169,162
58,169,161
60,170,162
61,171,163
63,171,163
63,171,164
64,172,164
65,172,165
65,172,165
65,172,165
65,172,165
65,172,165
65,172,165
65,172,165
65,172,165
65,172,165
65,172,165
65,172,165
65,172,165
65,172,165
65,172,165
65,172,165
66,173,166
66,173,166
66,173,166
66,173,166
65,172,165
65,172,165
65,172,165
65,172,165
65,172,165
65,172,165
65,173,165
65,173,165
66,173,166
66,173,166
66,173,166
66,173,166
66,173,166
66,173,166
66,173,166
66,173,166
66,173,166
66,173,166
66,173,166
66,173,166
66,173,166
66,173,166
66,173,166
66,172,166
66,173,166
66,173,166
66,173,166
66,173,166
66,173,166
66,173,166
66,173,166
66,173,166
66,173,166
66,173,166
66,173,166
66,173,166
66,173,166
66,173,166
66,173,166
66,173,166
66,173,166
66,173,166
66,172,166
66,172,166
66,173,166
66,173,166
66,173,166
66,173,166
66,173,166
66,173,166
66,173,166
67,173,166
67,173,166
67,173,166
67,173,166
67,173,166
67,173,166
67,173,166
67,173,166
67,173,166
67,173,166
67,173,166
66,173,166
66,173,166
66,173,166
66,173,166
66,173,166
66,173,166
65,172,165
65,172,165
64,172,164
63,172,164
58,169,161
59,169,162
60,170,162
61,171,163
63,171,163
63,171,164
64,172,164
65,172,165
65,172,165
65,172,165
65,172,165
65,172,165
65,172,165
65,172,165
64,172,164
64,172,164
64,172,164
65,172,165
65,172,165
65,172,165
65,172,165
66,173,166
66,173,166
66,173,166
66,173,166
65,172,165
65,172,165
65,172,165
65,172,165
65,172,165
65,172,165
66,173,166
66,173,166
66,173,166
66,173,166
65,172,165
65,172,165
65,172,165
65,172,165
65,172,165
65,172,165
66,173,166
66,173,166
66,173,166
66,173,166
66,173,166
66,173,166
66,173,166
66,172,166
67,172,165
66,173,166
66,173,166
66,173,166
66,173,166
66,173,166
66,173,166
66,173,166
66,173,166
66,173,166
66,173,166
66,173,166
66,173,166
66,173,166
66,173,166
66,173,166
66,173,166
66,173,166
66,172,166
66,172,166
66,173,166
66,173,166
66,173,166
66,173,166
66,173,166
66,173,166
66,173,166
66,173,166
67,173,166
67,173,166
67,173,166
67,173,166
67,173,166
67,173,166
67,173,166
67,173,166
67,173,166
66,173,166
66,173,166
66,173,166
66,173,166
66,173,166
66,173,166
65,172,165
65,172,165
64,171,164
59,169,163
60,170,163
61,171,163
63,171,163
63,171,164
64,172,164
65,172,165
65,172,165
65,172,165
65,172,165
64,172,164
64,172,164
64,172,164
63,172,164
63,172,164
63,171,164
64,172,164
65,172,165
65,172,165
65,172,165
65,172,165
65,172,165
65,172,165
65,172,165
65,172,165
65,172,165
65,172,165
65,172,165
65,172,165
65,172,165
65,172,165
65,172,165
65,172,165
65,172,165
65,172,165
65,172,165
65,172,165
65,172,165
65,172,165
65,172,165
66,173,166
66,173,166
66,173,166
66,173,166
66,173,166
67,172,165
67,172,165
67,172,165
67,172,165
67,173,165
66,173,166
66,173,166
66,173,166
67,173,166
66,173,166
66,173,166
66,173,166
66,173,166
66,173,166
66,173,166
66,173,166
66,173,166
66,173,166
66,173,166
66,173,166
66,172,166
66,172,166
66,173,166
66,173,166
66,173,166
66,173,166
66,173,166
66,173,166
66,173,166
66,173,166
66,173,166
67,172,166
67,172,165
67,172,165
67,172,165
67,172,165
67,172,165
67,172,165
66,173,166
66,173,166
66,173,166
65,172,165
65,172,165
65,172,165
65,172,165
65,171,165
60,170,163
61,171,163
63,171,163
63,171,164
64,172,164
65,172,165
64,172,164
64,172,164
64,172,164
63,172,164
63,172,164
63,171,164
62,170,164
63,171,164
63,171,165
64,172,164
64,172,164
65,172,165
65,172,165
65,172,165
65,172,165
65,172,165
65,172,165
65,172,165
65,172,165
65,172,165
65,172,165
65,172,165
65,172,165
65,172,165
65,172,165
65,172,165
65,172,165
65,172,165
65,172,165
65,172,165
65,172,165
65,172,165
65,172,165
66,173,166
66,173,166
66,173,166
66,173,166
66,173,166
67,172,165
67,172,165
67,173,166
67,173,165
67,173,166
67,173,166
67,173,166
67,173,166
66,173,166
66,173,166
66,173,166
66,173,166
66,173,166
66,173,166
66,173,166
66,173,166
66,173,166
66,173,166
66,173,166
66,172,166
66,172,166
66,173,166
66,173,166
66,173,166
66,173,166
66,173,166
66,173,166
66,173,166
66,173,166
67,172,166
67,172,166
67,172,165
67,172,165
67,172,165
67,172,165
67,172,165
66,172,166
66,173,166
65,172,165
65,172,165
65,172,165
64,172,164
64,172,164
61,171,164
63,171,163
63,171,164
64,172,164
64,172,164
63,172,164
63,172,164
64,171,164
63,170,163
62,170,164
61,171,164
61,171,164
63,171,164
63,171,164
64,172,164
64,172,164
65,172,165
65,172,165
65,172,165
65,172,165
65,172,165
65,172,165
65,172,165
65,172,165
65,172,165
65,172,165
65,172,165
65,172,165
65,172,165
65,172,165
65,172,165
65,172,165
65,172,165
65,172,165
65,172,165
65,172,165
66,172,166
66,172,166
66,172,166
66,173,166
66,173,166
66,173,166
66,173,166
67,173,166
67,173,166
67,173,166
67,173,166
67,173,166
67,173,166
67,173,166
67,173,166
66,173,166
66,173,166
66,173,166
66,173,166
66,173,166
66,173,166
66,173,166
66,173,166
66,173,166
66,172,166
66,172,166
66,172,166
67,172,165
66,173,166
66,173,166
66,173,166
66,173,166
66,173,166
66,173,166
66,173,166
67,172,166
67,172,166
66,172,166
66,172,166
67,172,165
67,172,165
66,172,166
66,173,166
65,172,165
65,172,165
64,172,164
64,172,164
62,171,164
63,171,164
63,172,164
63,172,164
63,172,164
62,171,163
62,170,164
62,170,164
62,170,164
61,171,164
63,171,164
63,172,164
64,172,164
64,172,164
64,172,164
65,172,165
65,172,165
65,172,165
66,173,166
66,173,166
66,173,166
66,173,166
66,172,166
66,172,166
66,173,166
66,173,166
66,173,166
65,172,166
65,172,166
65,172,165
65,172,165
65,172,165
65,172,165
66,173,166
66,173,166
66,173,166
66,173,166
66,173,166
66,173,166
66,173,166
66,173,166
67,173,166
67,173,166
67,173,166
67,173,166
67,173,166
67,173,166
67,173,166
67,173,166
67,173,166
66,173,166
66,173,166
66,173,166
66,173,166
66,173,166
66,173,166
66,173,166
67,172,165
66,172,166
66,172,166
66,172,166
66,172,166
66,173,166
66,173,166
66,173,166
66,173,166
66,173,166
66,173,166
66,173,166
66,173,166
66,172,166
66,172,166
66,172,166
66,172,166
66,172,166
65,172,165
65,172,165
65,172,165
64,172,164
63,171,163
62,171,163
62,170,164
62,170,164
62,170,164
62,170,164
62,170,164
63,171,164
64,172,164
64,172,164
64,172,164
65,172,165
65,172,165
65,172,165
66,173,166
66,173,166
66,173,166
66,173,166
66,173,166
66,172,166
66,172,166
66,172,166
66,173,166
66,173,166
66,173,166
66,173,166
66,172,166
66,172,166
66,172,166
66,173,166
66,173,166
66,173,166
66,173,166
66,173,166
66,173,166
66,173,166
66,173,166
66,173,166
67,173,166
67,173,166
67,173,166
67,173,166
67,173,166
67,173,166
67,173,166
67,173,166
66,173,166
66,173,166
66,173,166
66,173,166
66,173,166
66,173,166
67,172,165
67,172,165
66,172,166
66,172,166
66,172,166
66,172,166
65,172,165
65,172,165
65,172,165
65,172,165
66,173,166
66,173,166
66,173,166
66,173,166
66,173,166
66,173,166
66,173,166
66,173,166
66,173,166
66,173,166
65,172,165
62,170,164
62,170,164
62,170,164
62,170,164
63,171,164
63,172,164
64,172,164
64,172,164
64,172,164
65,172,165
65,172,165
66,173,166
66,173,166
66,173,166
66,173,166
66,173,166
66,173,166
67,172,165
67,172,165
67,172,165
67,172,166
67,172,166
66,173,166
66,173,166
67,172,165
67,172,165
67,172,165
67,172,166
67,172,166
66,173,166
66,173,166
66,173,166
66,173,166
66,173,166
66,173,166
66,173,166
67,173,166
67,173,166
67,173,166
67,173,166
67,173,166
67,173,166
67,173,166
66,173,166
66,173,166
66,173,166
66,173,166
66,173,166
66,173,166
67,172,165
67,172,165
66,172,166
66,172,166
66,172,166
66,172,166
65,172,165
65,172,165
65,172,165
65,172,165
65,172,165
65,172,165
65,172,165
66,173,166
66,173,166
66,173,166
66,173,166
66,173,166
65,172,165
65,172,165
62,171,163
63,171,164
63,172,164
64,172,164
64,172,164
65,172,165
65,172,165
65,172,165
66,173,166
66,173,166
66,173,166
66,173,166
66,173,166
66,173,166
67,172,165
67,172,165
67,172,165
66,173,166
66,173,166
66,173,166
66,173,166
67,172,165
67,172,165
67,172,165
67,172,165
67,172,165
66,173,166
66,173,166
66,173,166
66,173,166
66,173,166
66,173,166
66,173,166
66,173,166
67,173,166
67,173,166
67,173,166
67,173,166
67,173,166
67,173,166
66,173,166
66,173,166
67,172,165
67,172,165
67,172,165
66,172,166
66,172,166
66,172,166
66,172,166
66,172,166
66,172,166
65,172,165
65,172,165
65,172,165
65,172,165
65,172,165
65,172,165
65,172,165
65,172,165
65,172,165
65,172,165
65,172,165
65,172,165
64,172,164
64,172,164
65,172,165
65,172,165
65,172,165
66,173,166
66,173,166
66,173,166
66,173,166
66,173,166
66,173,166
66,173,166
66,173,166
66,173,166
66,173,166
66,173,166
66,173,166
66,173,166
66,173,166
66,173,166
66,173,166
66,173,166
66,173,166
66,173,166
66,173,166
66,173,166
66,173,166
66,173,166
66,173,166
66,173,166
66,173,166
67,173,166
67,173,166
67,173,166
66,173,166
66,173,166
67,172,165
67,172,165
67,172,165
66,172,166
66,172,166
66,172,166
66,172,166
66,172,166
66,172,166
66,172,166
65,172,165
65,172,165
65,172,165
65,172,165
64,172,164
64,172,164
64,172,164
64,172,164
64,172,164
65,172,165
65,172,165
65,172,165
65,172,165
66,173,166
66,173,166
66,173,166
66,173,166
66,173,166
66,173,166
66,173,166
66,173,166
66,173,166
66,173,166
66,173,166
66,173,166
66,173,166
66,173,166
66,173,166
66,173,166
66,173,166
66,173,166
66,173,166
66,173,166
66,173,166
66,173,166
66,173,166
66,173,166
66,173,166
66,173,166
66,173,166
66,173,166
66,173,166
66,173,166
66,173,166
66,173,166
66,173,166
66,172,166
66,172,166
66,173,166
65,172,165
65,172,165
65,172,165
65,172,165
65,172,165
65,172,165
64,172,164
64,172,164
64,172,164
64,172,164
64,172,164
65,172,165
65,172,165
65,172,165
65,172,165
65,172,165
65,172,165
65,172,165
65,172,165
65,172,165
65,172,165
65,172,165
65,172,165
65,172,165
65,172,165
65,172,165
65,172,165
65,172,165
65,172,165
66,173,166
66,173,166
66,173,166
66,173,166
66,173,166
66,173,166
66,173,166
66,173,166
66,173,166
66,173,166
66,173,166
66,173,166
66,172,166
65,172,165
65,172,165
65,172,165
65,172,165
65,172,165
64,172,164
64,172,164
64,172,164
65,172,165
65,172,165
65,172,165
65,172,165
65,172,165
65,172,165
65,172,165
65,172,165
65,172,165
65,172,165
65,172,165
65,172,165
65,172,165
65,172,165
65,172,165
66,173,166
66,173,166
66,173,166
66,173,166
66,173,166
65,172,165
65,172,165
65,172,165
65,172,165
65,172,165
65,172,165
65,172,165
65,172,165
64,172,164
65,172,165
