B,G,R
2,11,94
3,11,100
3,12,100
3,12,100
3,12,100
2,12,100
2,12,99
2,12,98
2,12,96
2,11,95
3,11,95
3,11,94
3,11,94
3,11,94
3,11,94
3,11,94
2,11,93
2,10,93
2,10,94
2,10,94
1,10,96
2,11,99
2,12,100
3,12,101
3,13,102
4,13,103
4,13,103
4,13,103
4,13,103
4,13,103
1,10,97
1,10,98
2,10,98
2,10,99
2,11,99
3,11,100
3,11,100
3,12,100
3,12,100
3,12,99
2,12,98
2,12,96
2,11,95
3,11,95
3,11,95
3,11,94
3,11,94
3,11,94
3,11,94
3,11,94
3,11,93
2,10,93
2,10,93
2,10,94
1,10,94
2,10,97
2,11,99
2,12,100
3,12,101
4,13,102
4,13,103
4,13,103
4,13,103
4,13,103
4,13,103
4,13,103
4,13,103
4,13,103
4,13,103
3,11,100
3,11,99
2,11,98
2,10,98
1,10,97
1,10,97
1,10,97
2,10,98
2,11,98
2,11,99
3,11,100
3,11,100
3,11,100
3,12,100
3,12,99
3,12,96
2,11,95
2,11,95
3,11,95
3,11,95
3,11,94
3,11,94
3,11,94
3,11,94
3,12,94
3,11,93
3,11,93
3,11,93
2,10,93
1,10,93
1,10,94
2,11,97
2,12,99
3,12,100
4,13,101
4,13,103
4,13,103
4,13,103
4,13,103
4,13,103
4,13,103
4,13,103
4,13,103
4,13,103
4,13,103
4,13,103
4,13,103
2,13,103
2,13,103
2,12,101
2,12,100
3,12,100
3,12,100
3,11,100
3,11,99
2,11,98
2,11,98
2,11,98
1,10,97
2,10,98
2,11,98
2,11,98
2,11,99
3,11,100
3,11,100
3,11,100
3,11,99
3,11,98
3,11,96
2,11,95
2,11,95
3,11,95
3,11,95
3,11,95
3,11,95
3,11,95
3,12,95
4,12,95
4,12,94
3,11,93
3,11,92
2,10,93
1,10,93
1,10,93
2,10,94
2,11,97
2,12,99
3,12,101
4,13,102
4,13,103
4,13,103
4,13,103
4,13,103
4,13,105
4,13,105
4,13,105
4,13,105
4,13,105
4,13,105
2,13,105
2,13,105
2,13,105
2,13,105
2,13,105
2,13,105
2,12,105
3,13,101
3,13,101
2,12,101
2,12,101
3,12,101
3,12,100
3,12,100
3,11,100
3,11,99
2,11,99
2,11,98
2,11,98
2,11,98
2,11,98
2,11,98
2,11,98
3,11,99
3,11,100
3,11,100
3,11,100
3,11,99
3,11,96
2,11,96
2,11,95
2,11,95
2,11,95
3,11,95
3,11,96
3,11,96
3,12,97
3,12,96
4,12,96
4,12,95
3,12,94
3,11,93
3,10,93
2,10,93
1,10,93
1,10,93
1,10,95
2,11,97
2,12,99
3,12,101
3,13,102
3,13,103
3,13,103
3,13,103
3,12,105
3,12,105
4,12,105
4,12,105
4,12,105
3,13,105
2,13,105
2,13,105
2,13,105
2,13,105
2,13,105
2,13,105
2,12,105
2,12,105
2,12,105
2,13,105
3,13,102
3,13,102
3,13,101
3,13,101
3,13,101
3,13,101
3,12,101
3,12,101
3,12,100
3,12,100
3,11,100
3,11,100
3,11,99
2,11,99
2,11,98
2,11,98
2,11,98
2,11,98
3,11,99
3,11,100
3,11,100
3,11,100
3,11,100
3,11,99
2,11,98
2,11,96
2,11,96
2,11,96
2,11,96
2,11,97
3,11,98
3,12,98
3,12,98
3,12,97
3,12,97
3,12,96
3,12,95
3,11,94
3,11,93
2,10,93
2,10,93
2,10,93
2,10,94
2,10,95
2,11,97
2,12,99
2,12,101
2,12,101
3,12,102
3,12,103
3,12,105
3,12,105
4,12,105
4,12,105
4,12,105
3,12,105
2,13,105
2,13,105
2,13,105
2,13,105
2,13,105
2,12,106
2,12,106
2,12,106
2,13,106
2,13,106
1,13,106
1,13,106
1,12,106
3,12,102
3,12,102
3,12,101
3,12,101
3,12,101
3,13,101
3,13,101
3,13,101
3,13,101
3,12,101
3,12,100
3,12,100
3,11,100
3,11,100
3,11,100
3,11,99
3,12,99
3,12,99
3,12,99
3,12,99
3,12,100
3,12,100
3,11,100
3,11,100
3,11,100
3,11,99
2,11,98
2,11,96
2,11,96
2,11,96
2,11,97
2,11,98
2,11,98
3,12,99
3,12,99
3,12,98
3,12,97
3,12,97
3,12,96
3,12,95
2,11,94
2,11,93
2,10,93
2,10,93
2,10,93
1,11,94
1,11,95
2,11,97
2,11,99
2,12,100
2,12,101
3,12,102
3,12,104
3,12,105
4,12,105
4,12,105
4,12,105
4,12,105
2,12,105
2,12,105
2,13,105
2,12,106
2,12,106
2,12,106
2,12,106
2,12,106
2,12,106
1,13,106
1,13,106
1,13,107
1,12,107
0,12,107
0,12,106
3,12,102
3,12,101
3,12,101
3,12,101
3,12,101
2,12,101
2,12,100
2,12,101
3,12,101
3,13,101
3,13,101
3,13,101
3,12,101
3,12,100
3,11,100
3,11,100
3,11,100
3,11,100
3,12,100
3,12,100
4,12,100
3,12,100
3,12,100
3,12,100
3,12,100
3,11,100
3,11,100
3,11,99
2,11,98
2,11,98
2,11,97
2,11,97
2,11,97
1,11,98
1,11,98
2,11,99
2,12,99
2,12,99
2,12,99
3,12,99
3,12,98
3,12,96
2,12,96
2,11,94
2,11,94
2,11,93
2,10,93
2,10,93
1,11,94
1,11,95
1,11,95
1,11,97
1,11,98
2,11,100
2,12,101
3,12,102
3,12,103
4,12,105
4,12,105
4,12,105
4,12,105
2,12,105
2,12,105
2,12,106
2,12,106
2,12,106
2,12,106
1,12,106
1,12,106
1,12,106
1,12,107
1,12,107
1,13,108
1,13,108
0,12,108
0,12,107
1,12,106
2,12,106
2,12,106
3,12,101
3,12,101
2,12,101
2,12,101
2,12,101
3,12,101
2,12,101
2,12,100
2,12,100
2,12,101
3,13,101
3,13,101
3,13,101
3,13,101
3,12,101
3,12,100
3,11,100
3,11,100
3,11,100
3,11,100
3,12,100
3,12,100
4,12,100
3,12,100
3,12,100
3,12,100
3,11,100
3,11,100
3,11,100
3,11,100
3,11,99
2,11,98
2,11,98
2,11,98
1,11,98
1,11,98
1,11,99
1,11,99
2,12,99
2,12,99
2,12,99
3,12,99
3,12,99
3,12,98
2,12,96
2,12,96
2,12,94
2,11,93
2,11,93
2,11,93
1,11,93
1,11,94
1,11,95
1,11,96
1,11,97
1,11,98
1,11,99
2,11,101
3,12,102
4,12,103
4,12,105
4,12,105
3,12,105
2,12,105
2,12,106
2,12,106
2,12,106
2,12,106
0,12,106
0,12,106
1,12,106
1,12,108
1,13,108
1,13,108
1,13,108
1,13,108
1,13,108
1,12,108
1,12,107
1,12,106
2,12,106
2,12,106
2,12,106
3,12,101
3,12,101
3,12,101
2,12,101
2,12,101
2,12,100
2,12,100
2,12,100
2,12,100
3,12,100
3,12,100
3,12,101
3,12,101
3,13,101
3,13,101
3,12,101
3,12,100
3,11,100
3,11,100
3,11,100
3,11,100
3,11,100
3,12,100
3,12,100
4,12,100
3,12,100
3,12,100
3,12,100
3,12,100
3,11,100
3,11,100
3,11,100
3,11,99
2,11,98
2,11,98
2,11,98
1,10,97
1,10,98
1,10,98
1,11,99
2,11,99
2,11,100
2,12,100
3,12,100
3,12,99
3,12,98
2,12,97
2,12,96
2,12,94
2,12,94
2,12,93
2,12,93
1,12,94
1,11,94
1,11,94
1,11,95
1,11,97
1,11,97
1,11,98
2,11,99
2,12,101
3,12,102
4,12,103
4,12,105
4,12,105
2,12,106
2,12,106
2,12,106
2,12,106
0,12,106
0,12,106
0,12,106
0,12,108
1,13,108
1,13,108
1,13,108
1,13,108
1,13,109
1,13,109
1,12,108
1,12,108
1,12,107
0,12,106
0,12,106
0,12,106
0,12,106
0,12,106
3,12,102
3,12,101
3,12,101
3,12,101
3,12,101
2,11,100
2,11,100
2,11,100
2,12,100
2,12,100
3,12,100
3,12,100
3,12,101
3,12,101
3,12,101
3,12,101
3,12,100
3,11,100
3,11,100
3,11,100
3,11,100
3,11,100
3,11,100
3,12,100
3,12,100
3,12,100
3,12,100
3,12,100
3,12,100
3,12,100
3,12,100
3,12,100
3,11,100
3,11,100
3,11,99
3,11,98
2,11,97
2,10,97
2,10,97
1,10,98
1,10,98
1,10,99
2,11,99
2,11,100
2,11,100
3,12,100
3,12,100
3,12,99
3,12,98
3,12,97
3,12,95
2,12,94
2,12,94
1,12,94
1,12,94
1,12,94
1,11,94
1,11,95
1,11,95
1,10,97
1,10,97
1,10,99
2,11,100
2,12,101
4,12,102
4,12,103
3,12,105
2,12,106
2,12,106
2,12,106
0,12,106
0,12,106
0,12,106
0,12,107
0,12,108
0,12,108
0,12,108
0,12,108
0,12,108
1,13,109
1,13,109
1,13,109
1,13,109
1,12,108
0,12,108
0,12,106
0,12,106
0,12,106
0,12,106
0,12,106
0,12,106
3,12,102
3,12,102
3,12,101
3,12,101
3,12,101
3,13,101
3,12,100
3,12,100
3,12,100
2,12,100
2,12,100
3,12,100
3,12,100
3,12,101
3,12,101
3,12,101
3,12,100
3,12,100
3,12,100
3,11,100
3,11,100
2,11,100
2,11,100
2,11,100
2,11,100
2,11,100
2,12,100
2,12,100
2,12,100
3,12,100
3,12,100
3,12,100
3,12,100
3,12,100
3,11,100
2,11,99
3,11,98
3,11,98
3,11,97
3,10,97
2,10,97
1,10,98
1,10,98
1,10,99
2,11,99
2,11,100
3,12,100
4,12,100
4,12,100
4,12,100
4,12,99
3,12,99
3,12,96
3,12,94
1,12,94
1,12,94
1,12,94
1,12,94
1,11,94
1,11,95
1,11,95
1,10,97
1,10,97
1,10,98
2,11,99
2,12,100
3,12,101
3,13,103
3,13,103
2,13,105
2,12,106
2,12,106
0,12,106
0,12,106
0,12,106
0,12,106
0,12,108
0,12,108
0,12,108
0,12,108
0,12,108
0,12,108
1,13,109
1,13,109
1,13,109
1,13,109
0,12,108
0,12,108
0,12,108
0,12,108
0,12,106
0,12,106
0,12,106
0,12,106
2,13,106
4,13,103
3,12,102
3,12,102
3,12,101
3,12,101
3,12,101
3,12,101
3,12,100
3,12,100
3,12,99
3,12,99
3,11,100
3,12,100
3,12,100
3,12,100
3,12,101
3,12,101
3,11,100
3,11,100
3,11,100
3,11,100
3,11,100
3,11,100
2,11,100
2,11,100
2,11,100
2,11,100
2,11,100
2,12,100
2,12,100
2,12,100
2,12,100
3,12,100
3,12,100
3,12,100
3,12,100
2,12,100
2,11,100
3,11,99
3,11,98
3,11,97
3,10,97
2,10,97
2,10,98
1,10,98
1,10,99
2,11,100
3,12,100
4,12,101
4,12,101
4,12,101
4,12,101
4,12,100
4,12,99
3,12,98
2,12,96
2,12,95
1,12,94
1,12,94
1,11,94
1,11,95
1,11,95
1,11,95
1,10,97
1,10,97
1,10,98
2,11,99
2,12,100
3,13,101
3,13,102
3,13,103
2,13,105
2,13,105
2,12,106
2,12,106
0,12,106
0,12,106
0,12,106
0,12,107
0,12,108
0,12,108
0,12,108
0,12,108
0,12,108
1,13,109
1,13,109
1,13,109
1,13,109
1,13,109
0,12,108
0,12,108
0,12,108
0,12,108
0,12,106
0,12,106
0,12,106
1,13,106
2,13,105
2,13,105
4,13,103
4,13,103
4,13,103
3,12,102
3,12,102
3,12,101
2,12,101
2,12,100
3,12,100
3,12,100
3,11,99
3,11,99
3,11,99
3,11,99
3,11,99
3,11,100
3,11,100
3,12,100
3,12,100
3,11,100
3,11,100
3,11,100
3,11,100
3,11,100
2,11,100
2,11,100
2,11,100
2,12,100
2,12,100
2,12,100
2,12,101
2,12,101
2,12,101
2,12,101
3,12,102
3,12,101
2,12,100
2,12,100
2,12,100
2,12,100
2,11,99
3,11,98
3,11,98
3,10,97
2,10,97
2,10,98
2,10,98
2,10,100
3,11,101
4,12,101
4,12,102
4,12,102
4,12,102
4,12,102
4,12,101
4,12,100
3,12,99
2,12,98
2,12,96
1,12,95
1,12,95
1,11,95
1,11,95
1,11,95
1,11,97
1,11,97
1,11,98
2,11,98
2,11,99
2,12,100
2,12,100
2,13,101
2,13,103
2,13,104
2,13,105
2,12,106
2,12,106
1,12,106
0,12,106
0,12,106
0,12,106
0,12,107
0,12,108
0,12,108
0,12,108
0,12,108
1,13,109
1,13,109
1,13,109
1,13,109
1,13,109
1,13,109
1,13,109
0,12,108
0,12,108
0,12,108
0,12,106
0,12,106
1,12,106
2,12,105
2,13,105
2,13,105
2,13,105
4,13,103
4,13,103
4,13,103
3,13,102
3,12,102
3,12,101
2,12,100
2,12,100
2,11,100
2,11,100
3,11,100
3,11,99
3,11,99
3,11,99
3,11,99
3,11,99
3,11,99
3,11,100
3,12,100
3,12,100
3,11,100
3,11,100
3,11,100
3,11,100
3,11,100
2,11,100
2,11,100
2,12,100
2,12,100
2,12,100
2,12,101
2,12,101
3,12,102
3,12,102
3,12,102
4,13,103
3,13,102
3,12,101
2,12,100
2,12,100
2,12,100
2,11,99
2,11,98
3,11,98
2,11,98
2,10,98
2,11,99
2,11,100
3,11,101
4,12,102
4,12,103
4,12,103
4,12,103
4,12,103
4,12,103
4,12,102
3,12,101
3,12,100
2,12,99
2,12,98
2,12,96
2,12,96
1,11,95
1,11,95
1,11,97
2,11,98
1,11,98
1,11,98
2,11,98
2,11,99
2,12,100
2,12,100
2,12,101
2,13,101
2,13,103
2,13,105
2,13,105
2,13,105
2,12,106
2,12,106
2,12,106
0,12,106
0,12,106
0,12,106
0,12,108
0,12,108
0,12,108
0,12,108
1,13,109
1,13,109
1,13,109
1,13,109
1,13,109
1,13,109
1,13,109
1,13,109
0,12,108
0,12,108
1,12,106
2,12,106
2,12,106
2,12,105
2,13,105
4,13,105
4,13,103
3,12,102
3,12,102
4,13,103
4,13,103
4,13,103
3,13,102
3,12,101
2,12,100
2,12,100
2,12,100
2,11,100
2,11,99
3,11,99
2,11,99
2,11,98
2,11,98
2,11,98
2,11,98
2,11,98
3,11,99
3,11,99
3,11,100
3,11,100
3,11,100
3,11,100
3,11,100
3,11,100
2,12,100
2,12,100
2,12,100
2,12,100
2,12,101
3,12,101
3,12,102
3,12,102
4,13,103
4,13,103
4,13,103
4,13,103
4,13,102
3,12,102
3,12,101
2,12,100
2,12,100
2,11,99
2,11,98
2,11,98
2,11,99
2,11,100
2,12,101
2,12,102
3,12,103
4,12,105
4,13,105
4,12,105
4,12,105
4,12,104
3,12,103
3,12,102
3,12,101
3,12,100
2,12,100
2,12,99
2,12,99
2,12,98
2,11,98
2,11,98
2,11,98
2,11,98
2,11,98
2,11,99
2,11,99
2,12,100
2,12,100
2,12,101
2,12,101
1,12,102
1,12,104
2,12,105
2,13,105
2,12,105
2,12,106
2,12,106
2,12,106
1,12,106
0,12,106
0,12,106
0,12,106
0,12,108
0,12,108
1,12,109
1,13,109
1,13,109
1,13,109
1,13,109
1,13,109
1,13,109
1,13,109
1,12,109
1,12,108
2,12,106
2,12,106
2,12,106
2,12,105
2,12,105
4,12,105
4,12,105
4,13,104
4,13,103
3,12,102
3,12,102
3,12,102
3,12,102
4,13,103
3,13,102
3,12,101
2,12,100
2,12,100
2,11,100
2,11,100
2,11,99
2,11,99
2,11,99
2,11,98
2,11,98
2,11,98
2,11,98
2,11,98
2,11,98
2,11,98
3,11,99
3,11,99
3,11,100
3,11,100
3,11,100
3,11,100
3,11,100
2,11,100
2,12,100
2,12,100
2,12,100
3,12,101
3,12,102
3,12,102
4,13,103
4,13,103
4,13,103
4,13,103
4,13,103
4,13,103
4,13,102
3,13,102
3,13,101
2,12,100
2,12,100
2,12,100
2,11,100
2,11,100
2,12,101
2,12,103
2,12,105
2,12,105
3,12,106
3,13,106
4,12,105
4,13,105
3,12,105
3,12,105
3,12,104
3,12,102
3,12,102
3,12,101
3,12,101
3,12,101
3,12,101
3,12,99
3,12,99
3,12,99
3,12,99
2,12,99
2,12,99
2,12,100
2,12,100
2,12,100
1,12,101
1,12,101
1,12,102
1,12,103
1,12,104
1,12,104
1,12,104
2,12,105
2,12,106
2,12,106
2,12,106
2,12,106
2,12,106
1,12,106
0,12,108
0,12,108
1,12,108
1,12,109
1,13,109
1,13,109
1,13,109
1,13,109
2,13,109
2,13,109
2,13,109
2,12,109
2,12,108
2,12,106
2,12,106
2,12,106
2,12,105
4,12,105
4,12,105
4,13,105
4,13,104
4,13,103
3,12,101
3,12,101
3,12,101
3,12,101
3,12,102
3,12,102
2,12,101
2,11,101
2,11,100
2,11,100
2,11,99
2,11,99
2,11,99
2,11,99
2,11,99
2,11,99
2,11,98
2,11,98
2,11,98
2,11,98
2,11,98
2,11,98
2,11,98
2,11,99
2,11,99
3,11,100
3,11,100
3,11,100
3,11,100
2,11,100
2,11,100
2,12,100
2,12,100
3,12,101
3,12,102
3,12,102
3,13,103
4,13,103
4,13,103
4,13,103
4,13,103
4,13,103
4,13,103
3,13,103
3,13,102
3,13,102
2,13,102
2,12,101
2,12,101
2,12,101
2,12,102
2,12,103
2,12,105
2,12,105
2,12,106
2,12,106
2,12,106
2,12,106
2,12,106
2,12,106
2,12,106
2,12,105
2,12,105
3,12,104
3,12,102
3,12,102
3,12,101
3,12,101
4,12,101
4,12,101
4,12,101
3,12,100
3,12,100
2,12,100
2,12,100
2,12,100
2,12,100
1,12,101
1,12,101
1,12,102
1,12,102
1,12,103
1,12,103
2,12,104
2,12,104
2,12,105
2,12,106
2,12,106
2,12,106
2,12,106
2,12,106
2,12,106
0,12,106
0,12,108
0,12,108
1,12,109
1,12,109
1,13,109
1,13,110
2,13,110
2,13,110
2,13,110
2,12,109
2,12,108
2,12,106
2,12,106
2,12,106
2,12,106
4,12,105
4,12,105
4,12,105
4,13,104
4,13,103
4,13,103
4,13,103
3,13,101
3,12,101
3,12,101
3,12,101
3,12,101
3,12,101
2,12,100
2,11,99
2,11,99
1,11,99
1,11,99
2,11,99
2,11,99
2,11,99
2,11,99
2,11,99
2,11,98
2,11,98
2,11,98
2,11,98
2,11,98
2,11,98
2,11,98
2,11,98
2,11,98
2,11,99
2,11,100
2,11,100
2,11,100
2,11,100
2,11,100
2,11,100
2,12,100
3,12,101
3,12,102
3,12,102
3,13,103
4,13,103
4,13,103
4,13,103
4,13,103
4,13,103
4,13,103
4,13,103
3,13,103
3,13,103
3,13,102
3,13,102
2,13,103
2,13,103
2,12,103
2,13,105
2,13,105
2,12,105
2,12,106
2,12,106
1,12,106
1,13,106
1,12,106
1,12,106
1,12,106
2,12,106
2,12,106
2,12,106
2,12,106
3,12,105
3,12,105
3,12,103
3,13,103
4,13,102
4,13,102
4,13,102
4,12,101
3,12,101
2,12,100
2,12,101
2,12,101
2,12,101
2,12,101
2,12,101
1,12,102
1,12,102
2,12,102
2,12,102
2,12,103
2,12,104
2,12,104
2,12,104
2,12,105
2,12,106
2,12,106
2,12,106
2,12,106
2,12,106
1,12,107
0,12,108
0,12,108
0,12,109
1,13,109
1,13,110
2,13,110
2,13,110
2,13,110
2,12,109
2,12,108
2,12,108
2,12,106
2,12,106
2,12,106
2,12,105
4,12,105
4,12,105
4,13,104
3,13,103
3,13,103
4,13,103
4,13,103
4,12,103
4,12,103
3,12,101
2,12,100
2,12,100
3,12,100
3,12,100
3,12,100
2,12,99
2,11,98
1,11,97
1,11,97
1,11,97
1,11,98
1,11,98
2,11,98
2,11,98
2,11,98
2,11,98
2,11,98
2,11,98
2,11,98
2,11,98
2,11,98
2,11,98
2,11,98
2,11,99
2,11,99
2,11,100
2,11,100
2,11,100
2,11,101
3,11,101
3,12,101
3,12,102
3,12,102
3,12,102
4,12,103
4,13,103
4,13,103
4,13,104
3,13,105
2,13,105
2,13,105
2,13,105
2,13,105
2,13,105
2,13,105
2,13,105
2,13,105
2,12,105
2,12,105
2,12,105
2,13,105
2,13,105
2,12,106
2,12,106
2,12,106
1,12,107
1,12,107
1,12,107
1,12,107
1,12,106
2,12,106
2,12,106
2,12,106
2,12,106
2,12,106
2,12,105
2,12,105
3,13,103
4,13,103
4,13,103
4,13,102
4,13,102
4,12,102
3,12,101
3,12,101
2,12,101
2,12,101
3,12,101
3,13,102
3,13,102
3,12,102
3,12,102
3,12,102
3,12,102
3,12,102
3,12,104
3,12,104
2,12,104
2,12,104
2,12,105
2,12,106
2,12,106
2,12,106
2,12,106
1,12,108
0,12,108
0,12,109
1,12,109
1,13,110
2,13,110
2,13,110
2,13,110
2,13,110
2,12,108
2,12,108
0,12,108
0,12,106
2,12,106
2,12,106
2,12,105
2,12,105
3,13,104
3,13,104
3,13,104
3,13,104
4,14,106
8,18,110
8,18,110
4,12,103
4,12,103
3,12,101
2,12,100
2,12,100
3,12,100
3,12,100
3,12,100
3,12,99
2,12,98
2,11,97
1,11,96
1,11,96
1,11,96
1,11,97
1,11,98
2,11,98
2,11,98
2,11,98
2,11,98
2,12,98
2,12,98
2,12,98
2,12,98
2,11,98
2,11,99
2,11,99
2,11,99
2,11,100
2,11,100
2,11,101
2,11,101
3,11,101
3,11,102
3,12,102
3,12,102
3,12,102
3,12,103
4,12,103
4,13,103
3,13,104
3,13,105
2,13,105
2,13,105
2,13,105
2,13,105
2,13,105
2,13,105
2,13,105
2,12,105
2,12,105
2,12,105
3,12,105
2,12,105
2,13,105
2,12,105
2,12,106
2,12,106
2,12,106
1,12,107
1,12,108
1,13,108
1,12,108
2,12,107
2,12,107
2,12,107
2,12,107
2,12,106
2,12,106
2,12,106
2,12,105
2,13,105
4,13,103
4,13,103
4,13,103
4,13,103
4,13,102
3,12,102
3,12,102
3,12,102
3,12,102
3,13,102
3,13,102
3,13,102
3,13,102
3,12,102
3,12,102
3,12,102
3,12,102
3,12,102
3,12,104
3,12,104
2,12,104
2,12,104
2,12,105
2,12,105
2,12,106
2,12,106
1,12,106
1,12,108
1,12,109
1,13,109
1,13,110
2,13,110
2,14,110
2,13,110
2,13,110
2,12,108
0,12,108
0,12,108
0,12,106
0,12,106
0,12,106
1,12,106
2,12,105
2,13,105
2,13,104
2,13,104
3,13,105
4,14,106
10,20,112
11,20,112
11,20,112
4,12,103
4,12,103
4,12,103
2,12,101
2,12,100
2,12,100
2,12,100
3,12,100
3,12,100
3,12,99
2,12,98
1,11,97
1,11,96
1,11,96
1,11,96
1,11,97
1,11,97
2,11,98
2,11,98
2,11,98
2,11,99
2,11,100
2,11,100
2,11,100
1,11,100
2,11,100
2,11,100
2,11,100
2,11,100
2,11,101
2,11,101
2,12,101
3,12,102
3,11,102
3,11,102
3,12,102
3,12,103
4,13,103
4,13,103
4,12,103
4,12,104
3,13,104
2,12,105
2,12,105
2,13,105
2,13,105
2,12,106
2,12,106
2,12,106
2,12,106
2,12,106
2,12,105
4,12,105
4,12,105
4,12,105
2,12,105
2,12,106
2,12,106
2,12,106
2,12,106
2,12,108
2,12,108
2,12,108
2,12,108
2,12,108
3,12,108
3,12,108
2,12,108
2,12,107
2,12,106
2,12,106
2,12,106
2,13,105
4,13,105
4,13,103
4,13,103
4,13,103
4,13,103
4,13,103
3,12,102
3,12,102
3,12,102
3,12,102
3,13,102
3,12,102
3,12,102
3,12,102
3,12,102
3,12,102
3,12,102
3,12,102
3,12,103
3,12,103
3,12,104
3,12,104
2,12,104
2,12,104
2,12,105
2,12,106
2,12,106
1,12,106
1,13,108
1,13,109
1,13,109
1,13,110
2,13,110
1,13,110
1,13,109
0,12,108
0,12,108
0,12,108
0,12,108
0,12,106
0,12,106
0,12,106
1,12,105
2,13,105
2,13,104
2,13,104
2,13,105
3,14,106
9,20,112
12,21,113
12,21,113
8,19,111
4,12,103
4,12,103
4,12,103
3,12,102
2,12,100
2,12,100
2,12,100
2,12,100
2,12,100
2,12,100
2,12,98
2,12,98
1,11,97
1,11,97
1,11,96
1,11,97
1,11,97
1,11,98
2,11,98
2,11,99
2,11,100
2,11,100
2,11,100
2,12,101
2,11,100
2,11,100
2,12,100
2,11,100
2,11,100
2,11,101
2,11,101
2,11,102
3,12,102
3,12,102
3,12,104
3,12,102
3,12,102
3,12,103
4,13,103
4,13,103
4,12,103
3,12,104
3,12,104
2,12,105
2,12,105
2,12,105
2,12,106
2,12,106
2,12,106
2,12,106
2,12,106
2,12,106
2,12,106
4,12,106
4,12,106
4,12,106
4,12,106
2,12,106
2,12,106
2,12,106
2,12,107
2,12,108
2,12,108
2,12,108
3,12,109
3,12,109
3,12,109
3,12,109
3,12,108
3,12,108
3,12,107
3,12,106
2,12,106
3,12,105
4,12,105
4,13,104
4,13,103
4,13,103
4,13,103
4,13,103
4,13,103
4,13,103
3,12,102
3,12,102
3,12,102
3,12,102
3,12,102
3,12,102
3,12,102
3,12,102
3,12,102
3,12,102
3,12,103
3,12,103
3,12,103
3,12,104
3,12,104
2,12,104
2,12,104
2,12,105
2,12,105
2,13,106
1,13,106
1,13,108
1,13,109
1,13,109
1,13,110
1,13,109
0,12,108
0,12,108
0,12,108
0,12,108
0,12,108
0,12,106
0,12,106
0,12,106
0,12,106
1,12,105
2,13,105
2,13,105
2,13,105
3,14,106
8,19,111
12,21,113
12,21,113
12,21,113
5,14,106
3,12,102
3,12,103
3,12,102
3,12,102
3,12,101
2,12,101
2,12,100
2,12,100
2,12,100
2,12,100
2,12,100
2,12,99
2,12,98
2,12,98
1,11,98
1,11,98
1,11,98
1,11,98
2,11,99
2,12,100
3,12,100
3,12,101
3,12,101
3,12,101
3,12,101
2,12,101
2,12,101
2,12,101
2,12,101
2,11,101
2,12,102
3,12,102
3,12,103
3,12,103
3,12,103
3,12,104
3,12,102
3,12,102
3,12,103
3,13,102
4,13,103
4,12,103
3,12,104
3,12,104
2,12,105
2,12,105
2,12,106
2,12,106
2,12,106
2,12,106
2,12,106
2,12,106
2,12,106
2,12,106
2,12,106
4,12,106
4,12,106
2,12,106
2,12,106
2,12,106
2,12,108
2,12,108
2,11,108
2,12,108
3,12,109
3,12,109
3,12,109
3,12,109
3,12,109
4,12,109
4,12,108
4,12,107
3,12,106
3,12,106
3,12,105
4,12,105
4,12,105
4,13,104
4,13,103
4,13,103
4,13,103
4,13,103
4,13,103
4,13,103
4,13,103
3,12,103
3,12,102
3,12,102
3,12,102
3,12,102
3,12,102
4,12,103
4,12,103
4,12,103
3,12,103
3,12,103
3,12,103
3,12,103
3,13,103
3,13,103
2,13,104
2,13,104
2,13,105
2,13,106
1,13,106
2,13,107
2,13,107
2,13,108
1,13,108
0,12,108
0,12,108
0,12,108
0,12,108
0,12,108
0,12,106
0,12,106
0,12,106
0,12,106
1,12,106
1,12,105
2,13,105
2,13,105
3,14,107
6,16,110
12,22,115
12,22,115
12,22,115
6,14,107
5,13,106
3,12,102
3,12,102
3,12,102
3,12,102
3,12,101
3,12,101
2,12,101
2,12,101
2,12,101
2,12,100
3,13,100
3,13,100
3,13,100
3,13,100
2,12,99
2,12,98
2,12,98
2,12,98
2,12,99
2,12,99
2,12,100
2,12,100
3,12,101
3,12,101
3,12,101
3,12,102
3,12,102
3,12,102
3,12,101
3,12,101
2,12,101
2,11,102
3,12,102
3,12,103
3,12,103
3,12,103
3,12,103
3,12,102
3,12,102
3,12,102
3,12,102
3,12,102
3,12,102
3,12,103
3,12,104
3,12,105
2,12,105
2,12,105
2,12,106
2,12,106
2,12,106
2,12,106
2,11,108
2,11,108
2,11,108
2,11,108
2,11,108
2,12,106
2,12,106
2,12,106
2,12,106
2,11,108
2,11,108
2,11,108
2,11,108
2,11,108
3,12,109
3,12,109
3,12,109
3,12,109
3,12,109
4,12,109
4,12,107
4,12,107
4,12,106
3,12,106
4,12,105
4,12,105
4,12,105
4,12,105
4,13,104
4,13,103
4,13,103
4,13,103
4,13,103
4,13,103
4,13,103
3,12,103
3,12,103
3,12,103
3,12,103
4,12,103
4,12,103
4,12,103
4,13,103
4,13,103
4,13,103
3,12,103
3,12,102
3,12,102
3,13,102
3,13,103
3,13,103
2,13,103
2,13,104
2,13,105
2,13,105
2,13,106
2,13,106
2,13,106
1,12,107
0,12,108
0,12,108
0,12,108
0,12,108
0,12,108
0,12,107
0,12,106
0,12,106
0,12,106
1,12,106
2,12,106
2,13,105
2,13,106
3,13,107
4,15,108
9,19,113
10,20,113
10,20,113
5,14,108
4,13,106
4,13,105
3,13,105
3,12,101
3,12,101
3,12,101
3,12,101
3,12,101
3,12,101
3,12,100
3,12,100
3,13,101
3,13,101
3,13,101
3,13,101
2,12,100
2,12,100
2,12,100
2,12,100
2,12,99
2,12,99
2,12,99
2,12,100
2,12,100
2,12,100
2,12,100
3,12,101
3,12,101
3,12,102
3,12,102
3,12,102
3,12,102
3,12,102
3,12,101
3,12,102
3,12,102
3,12,102
3,12,103
4,12,103
3,12,103
3,12,102
3,12,102
3,12,102
3,12,101
3,12,101
3,12,101
3,12,102
3,12,102
3,12,104
2,12,105
2,12,105
2,12,105
2,12,106
2,12,106
2,12,106
2,11,108
2,11,108
2,11,108
2,11,108
2,11,108
2,11,108
2,11,108
2,11,106
2,11,106
2,11,106
2,11,108
2,11,108
2,11,108
2,11,108
2,12,108
2,12,108
3,12,109
3,12,109
3,12,109
3,12,109
4,12,109
4,12,107
4,12,107
4,12,106
4,12,105
4,12,105
3,11,105
4,12,105
4,12,105
4,12,105
4,13,103
4,13,103
4,13,103
4,13,103
4,13,103
3,13,103
3,12,103
3,12,103
3,12,104
3,12,105
4,12,105
4,12,104
4,13,103
4,13,103
4,13,103
4,13,103
4,13,103
4,13,102
3,13,102
4,13,102
4,13,102
3,13,102
3,13,102
3,13,103
2,13,104
2,13,105
2,13,105
2,13,105
2,13,106
1,12,106
1,12,106
0,12,106
0,12,107
0,12,107
0,12,107
0,12,108
0,12,108
0,12,107
0,12,106
0,12,106
1,12,106
2,12,106
2,13,106
3,14,107
3,14,110
5,15,110
8,19,112
8,18,111
4,14,108
4,13,106
3,13,106
2,12,105
2,12,105
2,12,100
3,12,101
3,12,101
3,12,101
2,12,100
2,12,100
2,12,100
3,12,100
3,12,100
3,12,100
3,13,101
3,13,101
3,13,101
2,12,100
2,12,100
2,12,100
2,12,100
2,12,100
2,12,100
2,12,100
2,12,100
2,12,100
2,12,100
2,12,100
3,12,101
3,12,102
3,12,102
3,12,102
3,12,103
3,12,103
3,12,102
3,12,102
3,12,101
3,12,101
3,12,102
3,13,102
3,13,102
3,12,102
3,12,102
3,12,101
3,12,101
3,12,101
3,12,101
2,12,101
2,12,101
2,12,102
2,12,103
2,12,105
2,12,105
2,12,105
2,12,106
2,12,106
2,12,108
2,11,108
2,11,108
2,11,108
2,11,108
2,11,108
2,11,108
2,11,108
2,11,108
2,11,106
2,11,106
2,11,106
2,12,107
2,12,108
2,12,108
2,12,108
2,12,108
2,12,108
3,12,109
3,12,109
3,12,109
4,13,109
4,12,107
4,12,107
4,12,106
3,11,105
3,11,105
3,11,105
3,11,105
4,12,105
4,12,105
4,13,105
4,13,105
4,13,103
4,13,103
4,13,103
3,13,103
3,13,104
3,12,105
3,12,105
3,12,105
4,12,105
4,12,105
4,13,105
4,13,104
4,13,103
4,13,103
4,13,103
4,13,102
3,13,102
4,13,102
4,13,102
3,13,102
3,13,102
3,13,102
3,13,102
2,12,103
2,13,105
2,12,105
2,12,105
2,12,105
1,12,106
1,12,106
0,12,106
0,12,106
0,12,107
0,12,108
0,12,108
0,12,108
0,12,106
0,12,106
1,12,106
1,12,106
2,13,107
2,13,108
3,14,110
4,14,110
4,14,110
4,14,110
4,13,108
3,13,106
2,12,106
2,12,106
2,12,105
2,12,105
2,12,100
2,12,100
2,12,99
2,12,99
2,11,98
2,11,98
2,11,98
2,11,99
2,12,99
2,12,99
3,12,100
3,12,100
3,12,100
2,12,100
2,12,100
2,12,100
2,12,100
2,12,100
2,12,100
2,12,100
2,12,100
2,12,100
2,12,100
2,12,100
2,12,100
3,12,101
3,12,102
3,12,102
3,13,102
3,13,103
3,13,103
3,12,102
3,12,101
3,12,101
3,12,101
3,13,101
3,13,101
3,13,101
3,13,101
3,13,101
3,13,101
3,13,101
3,12,101
2,12,101
2,12,101
2,12,101
2,11,101
2,11,103
2,12,104
2,12,105
2,12,105
2,12,106
2,12,106
2,12,108
2,12,108
2,11,108
2,11,108
2,12,108
2,12,108
2,12,108
2,11,108
0,11,108
0,11,107
0,11,106
0,12,106
0,12,106
0,12,106
0,12,106
0,12,106
0,12,106
0,12,108
1,12,109
1,12,109
3,13,109
3,13,107
3,13,107
3,12,106
3,12,106
3,11,105
3,11,105
2,11,105
1,11,105
3,12,105
4,12,105
4,13,105
4,13,105
4,13,106
4,13,105
4,13,105
4,13,105
4,13,106
4,13,106
3,12,106
3,12,106
2,12,105
2,12,105
2,13,105
2,13,105
3,13,105
3,13,103
4,13,103
4,13,103
4,13,103
4,13,103
4,13,102
4,13,102
3,13,102
3,13,102
3,12,102
2,12,102
2,12,102
2,12,103
2,12,104
2,12,104
2,12,105
1,12,105
1,12,106
1,13,106
1,13,107
1,13,108
1,13,108
1,13,108
0,12,108
0,12,108
1,12,107
1,12,107
1,13,108
2,13,109
2,13,109
2,14,110
4,14,110
3,14,110
2,13,108
2,13,108
2,12,106
2,12,106
2,12,106
2,12,106
2,12,106
2,12,100
2,12,100
2,12,99
2,11,99
2,11,98
2,11,98
2,11,98
1,11,98
2,11,98
2,11,98
2,11,99
2,12,99
2,12,100
2,12,100
2,12,100
2,12,100
2,12,100
2,12,100
2,12,100
2,12,100
2,12,100
2,12,100
2,12,100
2,12,100
2,12,100
2,12,101
3,12,101
3,12,101
3,12,102
3,12,102
3,12,102
3,12,101
2,12,101
2,12,101
2,12,101
2,12,101
2,12,101
3,12,101
3,12,101
3,12,101
3,13,101
3,13,101
3,13,101
3,12,101
2,12,101
2,12,100
2,11,101
2,11,101
2,11,103
2,11,104
2,12,104
2,12,105
2,12,106
2,12,106
2,12,108
2,12,108
3,12,108
3,12,109
2,12,108
2,12,108
2,12,108
0,12,107
0,12,106
0,12,106
0,12,106
0,12,106
0,12,106
0,12,106
0,12,106
0,12,106
0,12,106
0,12,106
0,12,107
1,12,108
1,12,107
2,13,107
3,12,107
3,12,106
3,12,106
2,12,106
2,11,105
2,11,105
1,11,105
2,12,105
2,12,105
4,13,106
4,15,107
5,16,108
6,16,109
5,16,108
4,15,107
4,14,107
4,13,106
3,12,106
2,12,106
2,12,106
2,12,105
2,12,105
2,13,105
2,13,105
3,13,105
4,13,105
4,13,103
4,13,103
4,13,103
4,13,103
4,13,102
3,13,102
3,12,102
3,12,102
2,12,102
2,12,102
2,12,102
2,12,102
2,12,103
1,12,104
1,12,104
1,12,105
1,13,106
1,13,106
1,13,107
1,13,108
1,13,108
1,13,108
1,13,108
1,12,108
1,12,108
1,12,108
1,13,109
1,13,109
2,14,109
2,14,109
2,13,109
2,13,109
2,12,108
2,12,108
2,12,106
2,12,106
2,12,106
0,12,106
0,12,107
3,12,101
2,12,100
2,12,100
2,12,99
2,11,98
2,11,98
1,11,98
1,11,97
1,11,97
1,11,97
1,11,97
2,11,98
2,11,99
2,12,99
2,12,100
2,12,100
2,12,100
2,12,100
2,12,100
2,12,100
2,12,100
2,12,100
2,12,100
2,12,101
3,13,101
3,12,101
3,12,101
3,12,101
3,12,101
3,12,101
3,12,101
2,12,101
2,12,101
2,12,100
2,12,100
2,12,100
2,12,100
2,12,100
2,12,100
2,12,100
3,13,101
3,13,101
3,13,101
3,13,101
3,13,101
2,12,101
2,12,101
2,11,101
2,11,102
2,11,103
2,11,104
2,12,104
2,12,105
2,12,106
2,12,106
2,12,107
3,12,108
3,12,108
3,12,109
3,12,108
2,12,108
0,12,106
0,12,106
0,12,106
0,13,105
0,12,105
0,12,105
0,12,105
0,12,105
0,12,105
0,12,105
0,12,105
0,12,106
0,12,106
1,12,106
1,12,107
1,12,107
2,12,106
2,12,106
2,12,106
2,12,106
2,11,106
2,11,105
1,11,105
1,11,106
2,12,106
3,13,108
5,16,109
6,16,110
6,17,110
7,17,110
5,16,110
3,15,109
3,14,108
2,13,107
2,12,106
1,12,106
1,12,106
2,12,106
2,13,105
2,13,105
2,13,105
2,13,105
4,13,105
4,13,103
4,13,103
4,13,103
4,13,103
4,13,103
3,12,102
3,12,102
3,12,102
3,12,102
2,11,101
2,12,101
1,12,102
2,12,103
1,12,104
2,12,104
2,12,105
2,12,106
1,13,106
2,13,107
1,13,108
1,13,108
1,13,109
1,12,109
1,12,109
1,12,109
1,12,109
1,13,109
1,13,110
1,13,110
2,13,110
2,13,109
1,12,109
1,12,108
1,12,108
0,12,106
0,12,108
0,12,108
0,12,108
0,12,108
3,13,101
3,13,101
2,12,100
2,12,100
2,12,99
2,12,98
2,11,98
1,11,98
1,11,97
1,11,97
1,11,97
1,11,97
1,11,98
1,11,98
2,11,99
2,12,99
2,12,100
2,12,100
2,12,100
2,12,100
2,12,100
2,12,100
2,12,100
2,12,101
3,12,101
3,13,101
3,13,101
3,12,101
3,12,101
2,12,101
2,12,101
2,12,100
2,12,100
2,12,100
2,12,100
2,12,100
2,12,100
2,12,100
2,12,100
2,12,100
2,12,100
2,12,100
3,13,101
3,13,101
3,13,101
3,13,101
3,12,101
2,12,101
2,12,102
2,11,102
2,11,103
2,11,104
2,12,104
2,12,105
2,12,106
2,12,106
2,12,106
3,12,107
3,12,108
3,12,108
2,12,107
2,12,106
2,12,106
0,12,106
0,13,106
0,13,105
0,13,105
0,13,105
0,12,105
0,12,105
0,12,105
0,12,105
1,12,105
1,12,105
1,12,105
1,12,106
1,12,106
1,12,106
2,12,106
2,12,106
2,12,106
2,12,106
2,12,106
2,11,106
2,11,106
2,11,106
2,12,108
2,13,109
5,16,110
5,17,111
6,17,111
7,17,111
5,16,110
3,15,109
3,14,108
1,12,108
0,12,108
0,12,107
0,12,106
1,12,106
2,12,106
2,12,106
2,12,106
2,12,105
4,12,105
4,12,105
4,12,105
4,13,105
4,13,103
4,12,103
4,12,102
3,12,102
2,11,101
2,11,101
1,11,100
1,11,100
1,11,100
2,12,101
2,12,103
2,12,104
2,12,105
2,12,105
2,13,106
2,13,106
2,13,107
1,13,109
1,13,109
1,12,109
1,12,109
1,12,109
1,12,109
1,12,110
1,13,110
1,13,110
1,13,110
1,13,109
1,12,109
1,12,108
1,12,108
0,12,108
0,12,108
0,12,108
0,12,108
1,12,108
2,12,109
3,13,102
3,13,102
3,13,101
3,12,101
2,12,100
2,12,99
2,12,98
2,11,98
2,11,97
2,11,97
1,11,97
1,11,97
1,11,97
1,11,98
1,11,98
2,11,99
2,11,99
2,12,100
2,12,100
2,12,100
2,12,100
2,12,100
2,12,100
2,12,101
3,12,101
3,12,102
3,13,102
3,13,101
3,13,101
3,13,101
2,12,101
2,12,100
2,12,100
2,12,100
2,12,100
2,12,100
2,12,100
2,12,100
2,12,100
2,12,100
2,12,100
2,12,100
2,12,100
3,13,101
3,13,101
3,13,101
3,13,101
3,13,101
3,12,102
3,12,102
3,12,103
3,12,103
2,12,104
2,12,104
2,12,105
2,12,105
2,12,106
2,13,106
2,13,106
2,13,106
2,12,106
2,12,106
2,12,106
2,12,106
2,12,105
1,13,105
2,13,105
2,13,105
2,13,103
2,12,103
2,12,102
2,12,102
2,12,102
2,12,102
2,12,104
2,12,104
1,12,104
2,12,105
2,12,106
2,12,106
2,12,106
2,12,106
2,12,106
2,12,106
2,11,107
2,11,108
1,11,108
2,12,109
2,13,109
3,13,109
5,16,111
5,17,111
5,17,111
4,16,110
2,14,109
0,12,108
0,12,108
0,12,108
0,12,108
0,12,107
0,12,107
0,12,106
1,12,106
2,12,106
2,12,106
2,12,105
2,12,105
4,12,105
4,12,105
4,12,105
4,12,103
4,12,103
3,12,102
2,11,101
2,11,100
1,11,100
1,11,100
2,11,100
2,11,101
2,12,101
2,12,102
2,12,104
2,12,105
2,12,105
2,12,106
2,12,107
1,12,108
1,12,109
1,12,109
1,12,109
1,12,110
1,12,110
1,12,110
1,13,110
1,13,110
1,13,110
1,13,110
1,13,109
1,13,109
1,13,109
0,12,108
0,12,108
0,12,109
1,12,109
1,12,110
2,13,110
2,13,110
3,12,102
3,12,102
3,12,102
3,12,101
2,12,100
2,11,99
2,12,99
2,12,98
2,12,98
2,12,97
2,12,97
2,12,96
2,11,96
2,11,97
2,11,98
2,11,98
2,11,99
2,12,99
2,12,100
2,12,100
2,12,100
2,12,100
2,12,100
2,12,100
2,12,101
3,12,102
3,12,102
3,13,102
3,13,102
3,13,102
3,13,101
3,13,101
2,12,100
2,12,100
2,12,100
2,12,100
2,12,100
2,12,100
2,12,100
2,12,100
2,12,100
2,12,100
2,12,100
2,12,101
3,12,101
3,13,101
3,13,102
4,13,102
4,13,103
4,12,103
4,12,103
3,12,103
3,12,104
3,12,104
2,12,105
2,12,105
2,13,105
2,13,105
2,13,106
2,13,106
2,13,106
2,13,106
2,12,106
2,12,105
2,12,105
2,12,105
2,12,105
2,13,103
2,12,103
2,12,102
2,12,102
2,12,102
2,12,101
2,12,101
2,11,101
2,11,101
3,11,103
3,11,104
2,11,104
2,12,105
2,12,106
2,12,106
2,12,106
2,12,106
2,12,107
2,12,108
1,12,108
1,12,109
1,12,109
1,13,109
1,13,109
2,14,109
3,15,109
2,14,109
1,13,109
0,12,108
0,12,108
0,12,108
0,12,108
0,12,107
0,12,107
0,12,107
0,12,106
0,12,106
2,12,106
2,12,106
2,12,106
2,12,106
2,12,106
4,12,105
4,12,105
4,12,105
4,12,103
3,12,102
2,11,101
2,11,101
2,11,100
2,11,100
2,11,100
2,11,101
2,12,101
2,12,102
2,12,103
2,12,104
2,12,105
2,12,105
2,12,106
1,12,107
1,12,109
1,12,109
1,12,110
1,12,110
1,12,110
1,12,110
1,13,110
1,13,110
1,13,110
2,13,110
1,13,110
1,13,109
1,13,109
1,13,109
1,13,109
1,12,109
1,12,110
1,12,110
2,13,111
2,13,111
3,13,111
3,12,102
3,12,102
3,12,101
3,12,101
2,12,101
2,12,100
2,11,99
2,11,99
2,12,98
3,12,98
3,12,98
3,12,97
2,12,96
2,11,96
2,11,97
2,11,98
2,11,98
2,11,99
2,12,100
2,12,100
2,12,100
2,12,100
2,12,100
2,12,100
2,12,100
2,12,101
3,12,102
3,12,102
3,12,102
3,12,102
3,13,102
3,13,102
3,13,101
3,13,101
2,13,101
2,12,101
2,12,102
2,12,102
2,12,102
2,12,101
2,12,101
2,12,101
2,12,101
2,12,101
3,12,102
3,12,102
3,13,103
4,13,103
4,13,103
4,13,103
4,12,103
4,12,103
4,12,104
4,12,105
3,12,105
3,12,105
2,12,105
2,12,105
2,13,105
2,13,106
2,13,105
2,13,105
2,13,105
2,13,105
2,12,105
2,12,105
2,12,103
2,12,102
2,12,102
2,12,102
3,12,101
3,12,101
2,12,101
2,11,101
2,11,101
2,11,101
3,11,101
3,11,102
3,11,103
3,11,104
3,11,104
2,12,105
2,12,106
2,12,106
2,12,107
2,12,108
2,12,108
1,12,109
1,12,109
1,12,109
1,13,109
1,13,109
1,13,109
1,13,109
1,13,106
1,13,106
0,12,106
0,12,106
0,12,108
0,12,108
0,12,107
0,12,107
0,12,107
0,12,106
0,12,106
2,12,106
2,12,106
2,12,106
2,12,106
2,12,106
2,12,106
4,12,105
4,12,105
3,12,104
2,12,103
2,12,102
2,12,101
2,12,101
2,12,100
2,12,101
2,12,101
2,12,101
2,12,102
2,12,104
2,12,105
2,12,105
2,12,105
2,12,106
2,12,106
1,12,108
1,12,109
1,12,110
1,12,110
1,12,110
2,12,111
2,12,111
2,12,111
2,13,111
2,13,111
2,13,111
2,13,111
1,13,110
1,13,109
1,13,110
1,12,110
1,12,110
1,12,111
1,12,111
2,13,111
3,13,111
3,14,111
3,12,102
3,12,101
3,12,101
3,12,101
2,12,100
2,11,100
2,11,100
2,11,99
3,11,99
3,12,98
3,12,98
3,12,98
2,12,97
2,11,97
2,11,97
2,11,98
2,11,98
2,11,99
2,12,100
2,12,100
2,12,100
2,12,100
2,12,100
2,12,100
2,12,100
2,12,100
2,12,101
3,12,102
3,12,102
3,12,102
3,12,102
3,13,102
3,13,102
3,13,102
2,13,102
2,13,102
2,13,102
2,13,102
2,12,102
2,12,102
2,12,102
2,12,102
2,12,102
3,12,103
3,12,103
4,12,104
4,12,104
4,12,105
4,13,104
4,12,105
4,12,105
4,12,105
4,12,105
4,12,105
4,12,105
4,12,105
3,12,105
2,12,105
2,12,105
2,13,105
2,13,105
2,13,105
2,13,105
2,13,104
2,12,103
2,12,102
2,12,101
2,11,101
2,11,101
3,12,101
3,12,101
3,12,101
2,11,100
2,11,100
2,11,100
2,11,101
3,11,101
3,11,102
3,11,103
3,11,103
3,11,104
3,11,104
2,12,106
2,12,106
2,12,107
2,12,108
2,12,108
1,12,108
1,12,108
0,12,108
0,13,108
1,13,109
1,13,107
1,13,106
1,13,106
1,12,106
0,12,106
0,12,106
0,12,106
0,12,106
0,12,106
0,12,106
0,12,106
0,12,106
1,12,106
2,12,106
2,12,106
2,12,106
2,12,106
2,12,106
2,12,106
2,12,106
2,12,105
2,12,105
2,12,104
2,12,103
1,12,102
1,12,102
1,12,103
2,12,103
2,12,102
2,12,103
2,12,103
2,12,104
2,12,105
2,12,105
2,12,105
2,12,105
2,12,106
1,12,107
1,12,109
1,12,110
2,12,111
2,12,111
2,12,111
2,12,111
2,12,111
2,13,113
2,13,114
2,13,114
2,13,114
2,13,112
1,13,111
1,13,111
1,13,111
1,12,111
1,12,111
1,12,111
1,12,111
2,13,111
3,13,110
3,12,102
3,12,102
3,12,101
2,12,101
2,12,101
2,12,100
2,11,100
2,11,100
3,11,100
3,11,100
3,12,100
3,12,100
3,12,99
2,12,98
2,11,97
2,11,98
2,11,98
2,11,98
2,12,99
2,12,100
3,12,100
2,12,100
2,12,100
2,12,100
2,12,100
2,12,100
2,12,100
2,12,101
2,12,101
3,12,102
3,12,102
3,12,102
3,12,102
3,13,102
3,13,103
3,13,103
2,13,103
2,13,103
2,13,103
2,13,105
2,12,105
2,12,105
2,12,105
3,12,104
3,12,105
3,12,105
4,12,105
4,12,105
4,12,105
4,12,105
4,12,105
4,12,105
4,12,105
4,12,105
4,12,105
4,12,105
4,12,105
4,12,105
4,12,105
4,13,105
4,13,105
3,13,105
3,13,105
3,13,103
3,13,102
3,12,102
2,12,101
2,11,101
2,11,101
3,11,100
3,11,100
3,12,101
3,12,101
2,11,100
2,11,100
2,11,100
3,11,101
3,11,101
3,11,102
3,11,103
3,11,103
3,11,104
3,11,105
3,12,106
2,12,106
2,12,107
2,12,108
1,12,108
1,12,108
0,12,108
0,12,107
0,13,106
1,13,106
1,13,106
1,13,106
2,13,106
2,12,106
2,12,105
2,12,105
2,12,104
1,12,104
1,12,104
1,12,104
2,12,105
2,12,105
2,12,105
2,12,105
2,12,105
2,12,106
2,12,106
2,12,106
2,12,106
2,12,106
2,12,106
2,12,106
2,12,105
2,12,104
2,12,104
1,12,104
1,12,104
1,13,104
1,12,104
2,12,104
2,13,104
2,12,105
2,13,105
2,13,105
2,12,105
2,12,106
2,12,106
2,12,106
2,12,109
2,12,110
2,12,110
2,12,111
2,12,111
2,12,112
1,12,113
2,12,114
2,13,114
2,13,114
2,13,115
2,14,116
2,13,114
2,13,113
1,13,113
1,12,112
1,12,111
1,12,111
1,12,111
2,12,110
2,12,110
2,12,110
3,12,102
3,12,102
3,12,102
2,12,101
2,12,100
2,12,100
2,11,100
2,11,100
3,11,100
3,11,100
3,12,100
4,12,100
4,12,100
3,12,100
3,11,99
2,11,99
2,11,98
2,11,98
2,11,99
2,12,100
2,12,100
2,12,100
2,12,100
2,12,100
2,12,100
2,12,100
2,12,100
2,12,100
2,12,100
2,12,101
2,12,101
3,11,102
3,12,102
3,12,102
3,12,103
3,12,103
2,13,103
2,13,104
2,13,104
2,13,105
2,13,105
2,12,105
2,12,105
2,12,105
2,12,106
3,12,106
3,12,106
3,12,106
3,12,105
4,12,106
4,12,106
4,12,105
4,12,105
4,12,106
4,12,105
4,12,105
4,12,105
4,12,105
4,12,105
4,12,105
4,12,105
4,12,105
3,12,103
3,12,103
3,13,102
3,12,102
3,12,102
2,12,101
2,11,101
2,11,101
3,11,100
3,11,100
3,12,101
3,12,101
3,12,101
2,12,101
3,12,101
3,12,102
3,12,102
4,12,103
4,12,104
4,12,104
4,12,104
3,11,105
3,11,106
2,12,106
2,12,108
2,12,108
2,12,108
1,12,108
0,12,108
0,12,106
0,13,106
1,13,106
1,13,105
2,13,105
2,13,105
2,12,105
2,12,105
2,12,104
2,12,103
3,12,102
3,12,104
3,12,104
3,12,104
3,12,104
3,12,105
2,12,105
2,13,105
2,12,105
2,12,106
2,12,106
2,12,106
2,12,106
2,12,106
2,12,106
2,12,106
2,12,105
2,12,105
1,13,105
1,13,105
0,13,105
0,13,105
0,13,105
2,13,105
2,13,105
2,13,105
2,13,105
2,12,105
2,12,106
2,12,106
2,12,106
2,12,107
2,12,109
2,12,110
2,12,110
2,12,111
1,12,113
1,12,113
1,12,114
2,13,115
2,13,116
3,14,116
3,14,117
3,14,117
2,13,115
2,13,113
2,12,113
2,12,111
2,12,111
1,12,111
1,12,110
1,12,110
2,12,110
2,12,109
3,12,102
3,12,102
3,12,102
2,12,101
2,12,101
2,12,100
2,12,100
2,12,100
3,11,100
3,12,100
4,12,101
4,12,101
4,12,101
4,12,101
3,11,100
3,11,100
3,11,99
2,11,99
2,11,99
2,11,99
2,12,100
2,12,100
2,12,100
2,12,100
2,12,100
2,12,100
2,12,100
2,12,100
2,12,100
2,12,100
2,11,100
2,11,101
2,11,101
2,11,102
2,12,102
2,12,103
2,12,104
2,12,104
2,12,104
2,12,104
2,12,105
2,12,105
2,12,106
2,12,106
2,12,106
2,12,106
2,12,106
2,12,106
2,12,106
2,12,105
3,12,106
4,12,106
4,12,106
4,12,106
4,12,106
4,12,105
4,12,105
4,12,105
4,12,105
4,12,105
4,12,105
4,12,103
4,12,103
3,12,102
3,12,102
3,12,102
3,12,102
3,12,102
3,12,101
3,12,101
3,12,101
3,12,101
2,12,101
3,12,102
3,12,102
2,12,102
2,12,102
3,12,102
3,12,104
3,12,105
4,12,105
4,12,105
4,12,105
4,12,105
3,11,105
3,11,106
2,11,107
2,11,108
2,11,108
2,12,108
2,12,108
0,12,107
0,12,106
0,13,106
2,13,105
2,13,105
2,13,105
2,13,105
2,12,105
3,12,104
3,12,103
3,12,102
3,12,102
3,12,103
3,12,104
3,12,104
3,12,104
3,12,105
3,13,105
2,13,105
2,13,105
2,12,105
2,12,106
2,12,108
2,12,108
2,12,108
2,12,108
2,12,107
2,12,106
1,12,106
1,13,106
0,13,106
0,13,106
0,13,105
0,13,105
1,13,105
2,13,105
2,13,105
2,13,105
2,12,105
2,12,106
2,12,106
2,12,106
2,12,106
2,12,107
2,11,109
2,12,110
2,12,111
1,12,113
1,12,113
1,12,114
2,12,115
2,13,116
2,14,117
3,15,119
3,16,119
2,15,119
2,13,115
2,13,114
2,12,113
2,12,111
2,12,111
2,13,111
2,12,110
2,12,110
2,12,109
2,12,107
4,13,103
4,13,103
3,12,102
3,12,102
2,12,101
2,12,100
2,12,100
2,12,100
3,12,100
3,12,100
3,12,101
4,12,101
4,12,101
4,12,101
4,12,101
4,12,101
3,11,100
3,11,100
3,11,100
2,11,100
2,12,100
2,12,100
3,12,101
3,12,101
3,12,101
3,12,101
2,12,100
2,12,100
2,12,100
2,12,100
2,11,100
2,11,100
2,11,100
2,11,101
2,11,101
2,11,101
2,11,102
2,12,103
2,12,104
2,12,104
2,12,104
2,12,105
2,12,106
2,12,106
2,12,106
2,12,106
2,12,106
2,12,106
2,12,106
2,12,106
2,13,105
2,12,106
4,12,106
4,12,106
4,12,106
4,12,106
4,12,105
4,12,105
4,12,105
4,12,104
4,12,103
3,12,103
3,12,102
3,12,102
3,12,102
3,12,102
2,12,102
3,12,102
3,12,102
2,12,103
2,12,103
3,12,103
2,12,103
2,12,103
3,12,103
3,12,103
3,12,103
3,12,105
3,12,105
3,12,105
3,13,105
4,13,105
4,12,105
4,12,105
3,12,105
2,12,105
2,11,106
2,11,108
2,11,108
2,11,108
2,11,108
2,12,108
2,12,106
1,12,106
2,13,105
2,13,105
2,13,105
3,13,105
3,12,105
3,12,104
3,12,104
3,12,102
3,12,102
3,12,102
3,12,103
3,12,104
3,12,104
4,12,105
4,12,105
3,12,105
3,12,105
2,12,105
2,12,105
2,12,106
2,12,108
2,12,108
2,12,109
3,12,109
3,12,108
3,12,107
2,12,107
1,13,107
1,13,106
0,13,106
0,13,106
0,12,106
2,12,106
2,13,105
2,13,105
2,13,105
2,12,105
2,12,105
2,12,106
2,12,106
2,12,106
2,11,106
2,11,108
2,11,109
1,11,110
1,12,110
1,12,112
1,12,113
1,12,114
2,13,116
2,14,117
3,15,119
3,16,119
2,15,119
2,14,116
2,13,114
2,13,113
2,13,113
2,13,111
2,13,111
2,13,110
2,12,110
2,12,109
2,12,108
2,12,106
4,13,103
4,13,103
4,13,103
4,13,103
2,12,101
2,12,100
2,12,100
2,12,100
2,12,100
3,12,100
3,12,100
3,12,100
4,12,101
4,12,101
4,12,101
4,12,101
4,12,101
4,12,101
4,12,101
3,12,100
3,12,100
3,12,101
3,12,101
3,12,101
3,12,101
3,12,101
3,12,101
3,12,101
2,12,100
2,12,100
2,12,100
2,11,100
2,11,99
2,11,100
2,11,100
2,11,100
2,11,101
2,11,101
2,11,102
2,11,103
2,11,104
2,12,104
2,12,105
2,12,106
3,12,106
3,12,106
2,12,106
2,13,106
2,13,106
2,13,106
2,13,105
0,13,105
2,13,105
2,13,105
4,12,105
4,12,105
4,12,105
4,12,105
4,12,105
4,12,103
4,13,103
3,13,102
3,13,101
3,13,101
2,12,102
1,12,102
1,12,102
1,12,102
2,12,104
2,12,104
2,12,105
2,12,105
3,12,105
2,12,105
2,12,105
2,13,105
2,12,105
3,13,105
3,13,105
3,13,105
3,12,105
3,13,105
2,13,105
2,13,105
2,12,105
2,12,105
2,12,106
2,11,106
2,11,108
2,11,108
2,11,108
2,11,108
2,11,108
2,12,106
2,12,106
2,13,105
2,13,105
3,13,105
3,12,104
3,12,104
3,11,104
3,11,102
3,12,102
3,12,102
3,12,102
3,12,104
4,12,105
4,12,105
4,12,105
4,12,105
3,12,105
3,12,105
2,12,105
2,12,105
2,12,106
2,12,108
2,12,109
3,12,109
3,12,109
3,12,109
3,13,109
2,13,109
2,13,109
1,13,109
1,13,107
1,12,106
1,12,106
2,12,106
2,12,106
2,13,105
2,12,105
2,12,105
2,12,105
2,12,105
2,12,104
2,12,104
2,11,105
2,11,106
2,11,108
2,11,108
1,12,110
1,12,110
1,12,113
1,12,114
1,12,114
1,13,116
2,13,117
2,14,118
2,14,117
2,14,116
2,13,115
2,13,114
2,13,113
2,13,113
2,13,111
2,13,111
2,13,110
2,12,109
2,12,109
2,12,108
2,12,106
4,13,103
4,13,103
4,13,103
4,13,103
2,12,101
2,12,101
2,12,100
2,12,100
2,12,100
3,12,100
3,12,100
3,12,100
3,11,100
4,12,101
4,12,101
4,12,101
4,12,101
4,12,101
4,12,101
4,12,101
4,12,101
3,12,101
3,12,101
3,12,102
3,12,102
3,12,102
3,13,101
3,13,101
2,12,100
2,12,100
2,12,100
2,11,99
2,11,99
2,11,99
2,11,99
2,11,99
2,11,99
2,11,100
2,11,101
2,11,101
2,11,101
2,11,103
2,11,104
2,12,105
3,12,106
3,12,106
3,12,106
2,13,106
2,13,106
2,13,105
0,13,105
0,13,105
0,13,105
2,13,105
3,12,105
4,12,105
4,12,105
4,12,105
4,12,105
4,13,103
3,13,102
3,13,102
3,13,101
2,13,101
2,13,102
1,12,102
1,12,102
1,12,105
1,12,105
2,12,105
2,12,105
2,12,105
2,12,105
2,12,105
2,12,106
2,13,106
2,12,106
2,13,107
2,13,107
2,13,107
2,13,106
2,13,106
2,13,105
2,13,105
2,12,105
2,12,105
2,12,106
2,12,106
2,11,108
2,11,108
2,11,108
2,11,108
2,12,108
2,12,106
2,12,105
3,13,105
3,13,103
3,13,103
3,12,103
3,11,103
3,11,102
3,11,102
3,12,102
3,12,103
4,12,104
4,12,105
4,12,105
4,12,105
4,12,105
4,12,105
3,12,105
3,12,105
3,12,105
2,12,105
2,12,106
3,12,108
3,12,109
3,12,109
3,12,109
3,13,109
2,13,109
2,13,109
2,13,109
1,13,109
1,13,109
1,13,106
2,12,106
2,12,106
2,12,105
2,13,105
2,12,105
2,12,105
2,12,105
2,12,104
3,12,103
2,11,103
2,11,104
2,11,104
2,11,105
2,11,108
2,12,108
1,12,110
1,12,111
1,12,113
1,12,114
0,12,115
0,12,116
0,13,116
0,13,116
1,13,116
1,13,114
1,13,114
2,13,114
2,13,113
2,13,111
2,13,111
2,13,111
2,13,110
2,13,109
2,12,109
2,12,107
4,13,103
4,13,103
4,13,103
4,13,103
3,13,102
2,12,101
2,12,101
2,12,101
2,12,100
3,12,100
3,12,101
3,12,101
3,12,100
3,12,100
3,12,101
4,12,101
4,12,101
4,12,101
4,12,101
4,12,101
4,12,101
4,12,101
4,12,102
4,12,102
3,12,102
3,12,102
3,13,102
3,13,102
3,13,101
3,13,101
2,12,100
2,12,99
2,11,99
2,11,99
2,11,98
2,11,98
2,11,98
2,11,98
2,11,98
2,11,98
2,11,99
3,11,100
3,11,100
3,11,101
2,11,102
3,12,104
3,12,105
3,12,105
3,13,105
2,13,105
2,13,105
0,13,105
0,13,105
0,13,105
1,12,105
2,12,106
4,12,106
4,12,105
4,12,105
4,12,103
4,13,103
3,13,103
3,13,102
2,13,101
2,13,101
1,13,102
1,13,102
1,13,105
1,13,105
1,12,106
1,12,106
2,12,106
2,12,106
2,12,107
1,12,108
1,12,108
1,12,108
1,12,108
1,12,108
1,13,108
1,13,107
1,13,107
1,13,106
1,13,106
0,13,105
1,13,105
1,12,105
2,12,105
2,12,106
2,12,106
2,12,108
2,12,108
2,12,108
3,12,106
3,12,105
3,12,105
3,12,103
3,12,102
3,12,101
3,11,101
3,11,101
3,11,102
3,12,102
3,12,102
4,12,103
4,12,105
4,12,105
4,12,105
4,12,105
4,12,105
4,12,105
3,12,105
3,12,105
2,12,105
2,12,105
3,12,106
3,12,107
3,12,109
3,12,109
3,12,109
2,12,109
2,13,109
2,13,109
2,13,109
1,13,109
1,13,109
2,13,107
2,13,106
2,12,106
2,13,105
2,13,105
2,12,105
2,12,104
2,12,102
2,12,101
3,12,101
3,12,102
3,11,102
3,12,104
3,12,104
2,12,105
2,12,108
2,12,109
1,12,110
1,12,112
0,12,113
0,12,114
0,12,115
0,12,115
0,13,116
0,13,115
1,13,114
1,13,114
1,13,114
2,13,113
2,13,113
2,13,111
2,13,111
2,13,110
2,12,109
1,12,109
1,12,108
2,12,106
4,13,103
4,13,103
4,13,103
4,13,103
4,13,103
3,12,102
3,12,101
2,12,101
3,12,101
3,12,101
3,12,101
3,12,101
3,12,101
3,12,100
3,12,100
3,12,100
3,12,101
3,12,101
3,12,101
4,12,101
4,12,101
4,12,101
4,12,102
4,12,102
4,12,102
4,12,102
4,12,102
4,13,102
3,13,102
3,13,101
3,13,101
2,12,99
2,12,99
2,12,99
2,11,98
2,11,98
2,11,97
2,11,97
2,11,97
2,11,97
2,11,98
2,11,98
2,11,98
2,10,98
2,10,98
2,10,99
3,11,101
3,12,102
3,12,104
3,12,105
3,13,105
2,13,105
2,13,105
1,13,105
1,12,105
1,12,106
2,11,106
2,12,106
4,12,106
4,12,105
4,12,105
4,13,103
4,13,103
3,13,102
2,13,102
2,13,102
2,13,103
1,13,105
1,12,105
1,12,106
1,12,107
1,12,108
1,12,108
1,12,108
1,12,108
1,12,108
1,12,108
1,12,108
1,12,108
1,12,109
1,12,108
1,12,108
1,12,107
1,12,107
0,13,106
0,13,106
0,13,105
1,13,105
2,13,105
2,13,105
2,12,106
2,12,106
2,12,106
3,12,106
3,12,105
3,12,104
3,12,102
3,12,101
3,12,100
3,12,100
3,11,100
3,11,101
3,11,101
3,12,102
3,12,102
4,12,103
4,12,105
4,12,105
4,12,105
4,12,105
4,12,105
4,12,105
3,12,105
3,12,104
2,12,104
2,12,105
2,12,105
3,12,106
2,12,107
3,12,109
1,12,109
1,12,109
1,12,109
1,12,109
1,13,109
1,13,109
1,13,108
2,13,106
2,13,106
2,13,105
2,13,105
2,13,105
2,12,104
2,12,102
2,12,101
2,12,101
3,12,101
3,12,101
3,12,101
3,12,102
3,12,104
2,12,104
2,12,106
2,12,108
1,12,109
0,12,110
0,12,112
0,12,112
0,12,114
0,12,114
0,12,114
0,12,114
0,12,114
0,12,114
1,12,113
1,12,113
1,12,113
2,13,112
2,12,111
1,12,110
1,12,109
1,12,109
1,12,108
1,12,108
1,12,106
4,13,103
4,13,103
4,13,103
4,13,103
3,12,102
3,12,101
2,12,101
2,12,101
3,12,101
3,12,101
3,12,101
3,12,100
3,12,100
3,12,100
3,12,100
3,12,100
3,12,101
3,12,101
3,12,101
4,12,101
4,12,101
4,12,102
4,12,102
4,12,102
4,12,103
4,13,103
4,13,102
4,13,102
4,13,102
4,13,102
3,13,101
3,12,99
2,12,99
2,12,98
2,12,98
2,11,96
2,11,96
2,11,96
2,11,96
2,11,96
3,11,95
2,10,94
2,10,93
2,10,94
2,10,97
1,10,97
2,10,98
3,11,101
3,11,102
3,12,104
3,12,105
3,12,105
2,12,105
2,12,105
2,12,106
2,11,107
2,11,107
2,11,107
3,12,107
4,12,106
4,12,105
4,13,105
3,13,103
2,13,103
2,13,103
2,13,103
2,13,105
2,13,105
1,12,106
1,12,108
1,12,108
1,12,108
1,12,109
1,12,109
1,12,108
1,12,108
1,12,109
1,12,109
1,12,109
1,12,109
1,12,109
1,12,109
1,12,108
1,12,107
0,12,106
0,13,106
0,13,105
2,13,105
2,13,105
2,13,105
2,12,105
2,12,105
3,12,105
3,12,105
3,12,104
3,12,102
3,12,101
3,12,100
3,11,99
2,11,99
2,11,99
3,11,100
3,11,101
3,12,101
3,12,102
4,12,103
4,12,105
4,12,105
4,12,105
4,12,105
4,12,105
4,12,105
3,12,104
3,11,103
2,11,103
2,12,104
2,12,105
2,12,105
2,12,106
1,12,107
1,12,108
1,12,108
0,12,108
0,12,108
0,12,108
0,12,108
1,12,107
1,13,106
2,13,106
2,13,105
2,13,105
2,13,105
2,13,103
2,12,102
2,12,101
3,12,101
3,12,101
3,12,101
3,12,101
3,12,101
3,12,102
2,12,104
2,12,105
2,12,106
1,12,108
0,12,108
0,12,109
0,12,111
0,12,112
0,12,113
0,12,113
0,12,113
0,12,113
0,12,113
0,13,113
0,12,113
1,12,113
1,12,112
1,12,111
1,12,110
1,12,109
1,12,109
1,12,108
0,12,108
0,12,106
4,13,103
4,13,103
4,13,103
4,13,103
3,12,102
2,12,101
2,12,101
2,12,100
2,12,100
2,12,100
3,12,101
3,12,100
3,12,100
2,12,100
3,12,100
3,12,100
3,12,100
3,12,101
3,12,101
3,12,102
3,12,102
4,12,102
4,13,102
4,13,103
4,12,103
4,12,103
4,12,103
4,13,102
4,13,102
4,13,102
4,13,102
3,13,100
3,12,99
3,12,99
2,12,98
2,12,96
2,11,96
2,11,96
2,11,95
2,11,94
2,11,94
2,11,93
2,10,91
2,10,91
2,10,92
1,10,94
1,10,97
1,10,97
2,11,99
3,11,102
3,12,102
3,12,104
3,12,105
2,12,105
2,12,106
2,11,107
2,11,108
2,11,108
2,11,108
3,12,107
3,12,107
3,12,106
3,13,105
3,13,105
2,13,103
2,13,105
2,13,105
2,13,105
2,12,106
2,12,106
1,12,108
1,12,108
1,12,108
1,13,109
1,13,109
1,12,109
1,12,109
1,12,109
1,12,109
1,12,110
1,12,110
1,12,109
1,12,109
1,12,109
1,12,108
0,12,106
0,12,106
1,13,105
2,13,105
2,13,105
2,13,105
2,13,105
2,12,105
3,12,105
3,12,103
3,12,102
3,12,101
3,12,100
2,11,99
2,11,98
2,11,98
2,11,98
2,11,99
3,11,100
3,12,101
3,12,102
3,12,104
3,12,105
4,12,105
4,12,105
4,12,105
4,12,105
4,12,105
3,12,104
2,12,103
2,12,103
1,12,104
1,12,104
1,12,105
1,12,106
1,12,106
1,12,107
0,12,107
0,12,108
0,12,108
0,12,108
0,12,107
1,13,107
2,13,106
2,13,106
2,13,105
2,13,105
2,13,105
2,12,103
2,12,102
3,12,102
3,12,101
3,13,101
3,13,101
3,12,101
3,12,101
2,12,101
2,12,102
2,12,104
2,12,105
1,12,106
0,12,108
0,12,109
0,12,109
0,12,110
0,12,112
0,12,112
0,12,113
0,12,113
0,12,113
0,13,113
0,13,113
1,12,112
1,12,111
1,12,110
1,12,110
1,12,109
1,12,109
1,12,109
0,12,108
0,12,106
0,12,106
3,13,102
4,13,102
4,13,102
3,13,102
3,13,102
3,12,101
2,12,100
2,12,100
2,12,100
2,11,100
2,11,100
2,11,100
2,11,100
2,12,100
2,12,100
2,12,100
2,12,100
3,12,101
3,13,101
3,13,102
3,13,102
4,13,103
4,13,103
4,13,103
4,12,103
4,12,103
4,13,103
4,12,103
4,13,102
4,13,102
4,13,102
4,13,100
3,13,100
3,12,99
2,12,98
2,12,96
2,12,96
2,11,95
2,11,94
2,11,94
2,11,94
2,11,93
2,11,92
2,11,91
2,10,91
1,10,92
1,10,94
1,10,95
1,10,97
2,11,99
3,11,102
3,12,102
4,12,104
3,12,105
2,12,106
2,12,106
2,12,107
2,11,108
2,11,108
2,12,108
3,12,108
3,12,107
3,12,107
3,13,106
3,13,105
2,13,105
2,13,105
2,13,105
2,12,105
2,12,106
2,12,106
2,12,107
1,12,108
1,12,108
1,12,108
1,13,108
1,12,108
1,13,109
1,12,109
1,12,109
1,12,110
1,12,110
1,12,109
1,12,109
1,12,109
1,12,108
1,12,106
1,12,106
2,12,105
2,13,105
2,13,105
2,13,104
3,13,103
3,13,103
3,12,103
3,12,102
3,12,101
3,11,100
3,11,99
2,11,97
1,11,97
1,11,97
2,11,97
2,11,98
2,11,100
2,12,101
3,12,102
3,12,105
3,12,105
3,13,105
4,12,106
4,12,106
4,12,105
4,12,105
2,12,105
2,12,103
2,12,103
1,12,104
1,12,105
1,12,105
1,12,106
1,12,106
0,12,107
0,12,107
0,12,108
0,12,108
0,12,108
0,12,108
1,13,108
2,13,107
2,13,106
2,13,105
2,13,105
2,13,105
2,12,103
3,13,102
4,13,102
4,13,101
3,13,101
3,13,101
3,12,101
3,12,101
2,12,101
2,12,102
2,12,102
2,12,104
1,12,105
1,12,106
0,12,106
0,12,108
0,12,109
1,12,109
1,12,111
0,12,111
0,12,111
0,13,111
0,13,112
0,13,112
1,12,112
1,12,111
1,12,110
0,12,110
1,12,109
1,12,109
0,12,109
0,12,108
0,12,106
0,12,106
0,12,106
3,13,102
3,13,102
3,13,102
3,12,102
3,12,101
2,12,100
2,12,100
2,12,100
2,11,100
1,11,99
2,10,99
2,10,99
2,10,99
2,10,99
2,11,100
2,12,100
2,12,100
3,12,101
3,12,102
3,13,102
3,12,102
4,12,103
4,13,103
4,12,103
4,12,103
4,12,103
4,12,103
4,12,103
4,12,102
4,13,102
4,13,101
3,12,100
3,12,100
3,12,99
3,12,97
2,12,96
2,11,95
2,10,94
2,10,94
2,11,94
2,11,93
2,11,93
2,11,93
2,11,92
2,11,92
2,11,93
1,10,95
2,10,97
2,11,98
2,12,100
3,12,102
3,12,103
3,12,104
3,12,105
2,12,106
2,12,106
2,12,108
2,12,108
2,12,108
2,12,108
3,12,108
3,12,108
3,12,107
3,13,107
3,13,106
3,13,105
2,13,105
2,12,105
2,12,105
2,12,105
2,12,106
2,12,106
2,12,106
2,12,107
2,12,107
1,13,107
1,13,108
1,13,109
1,12,109
1,12,109
1,12,110
1,12,110
1,12,110
1,12,109
2,12,109
2,12,108
2,12,106
2,12,106
2,12,105
2,13,105
2,13,104
4,13,103
4,13,103
3,13,103
3,12,102
3,12,102
3,12,101
3,11,100
3,11,99
2,11,97
1,11,97
1,11,97
1,11,97
2,11,99
2,11,101
2,12,102
2,12,104
3,13,105
3,13,106
3,13,106
4,13,107
4,13,107
4,13,106
4,13,106
2,12,105
2,12,105
2,12,104
2,12,104
2,12,105
2,12,105
1,12,106
1,12,107
1,12,108
0,12,108
0,12,108
0,12,108
1,13,109
2,14,110
2,14,110
2,14,109
2,13,107
2,13,106
2,13,105
2,12,105
3,12,104
3,12,103
4,13,102
4,13,102
3,13,102
3,13,102
3,12,101
3,12,101
2,12,101
2,12,102
2,12,102
2,12,102
1,12,104
1,12,105
1,12,105
1,12,106
1,12,106
1,12,109
1,12,109
1,12,110
0,12,111
0,12,111
0,13,111
1,13,111
2,13,111
1,12,111
1,12,110
1,12,110
1,12,109
1,12,109
1,12,109
0,12,108
0,12,106
0,12,106
0,12,106
3,12,101
3,12,101
3,13,101
3,13,101
3,12,101
2,12,100
2,12,100
2,12,100
1,11,99
1,11,99
1,11,98
1,10,98
1,10,98
1,10,99
1,10,99
2,10,99
2,11,100
2,12,100
3,12,101
3,12,102
3,12,102
3,12,102
4,12,103
4,12,103
4,12,104
4,12,104
4,12,103
4,12,103
3,12,102
3,12,102
3,12,102
3,12,100
3,12,100
3,12,99
3,12,99
3,12,96
2,11,95
2,10,94
2,10,93
2,10,93
2,10,93
3,11,93
3,11,93
3,11,94
2,12,94
2,12,94
2,12,95
1,11,97
2,11,99
2,12,100
2,12,102
3,12,103
3,12,104
3,12,105
2,12,105
2,12,106
2,12,106
2,12,106
2,12,108
2,12,108
2,12,108
3,12,108
3,12,107
3,12,107
3,13,107
3,13,106
3,13,106
4,12,106
3,12,106
2,12,105
2,12,105
2,11,105
2,11,105
2,11,104
2,12,105
2,12,106
2,12,106
1,12,106
1,13,108
1,12,109
1,12,109
1,12,109
1,12,110
1,12,109
2,12,109
2,12,109
2,12,108
2,12,107
2,12,106
3,12,105
3,12,105
4,13,104
4,13,103
4,13,103
4,13,103
4,12,103
3,12,102
3,12,102
3,11,100
3,11,100
2,11,99
1,11,97
1,11,97
1,11,99
2,11,99
2,12,102
2,12,102
2,12,105
2,12,106
2,13,107
3,13,108
4,13,110
4,13,110
4,13,108
4,13,107
3,12,106
2,12,106
2,12,106
2,12,106
2,12,106
2,12,106
1,12,108
1,12,108
1,12,108
1,12,108
1,12,109
1,13,110
2,14,110
3,15,112
6,17,115
6,16,113
5,15,110
3,13,108
3,12,106
3,12,105
3,12,105
4,12,104
4,13,103
4,13,103
3,12,102
3,12,102
3,12,102
3,12,102
2,12,102
2,12,102
2,12,102
2,12,102
2,12,102
2,12,104
1,12,105
1,12,105
1,12,106
1,12,106
1,12,108
1,12,108
1,12,109
1,13,110
2,13,111
2,13,111
2,13,111
2,13,111
2,13,110
1,12,110
1,12,109
1,12,109
1,12,108
0,12,108
0,12,106
0,12,106
0,12,106
0,12,106
3,12,101
3,12,101
3,12,101
3,13,101
3,13,101
2,12,100
2,12,100
2,12,100
2,12,100
1,11,99
1,11,98
1,11,98
1,10,98
1,10,97
1,10,98
1,10,98
1,10,99
2,11,99
2,12,100
3,12,101
3,12,102
3,12,102
3,12,102
4,12,103
4,12,104
4,12,105
4,12,105
4,12,104
4,12,103
3,12,102
3,12,102
2,12,100
2,12,100
3,12,99
3,12,99
3,12,99
3,12,96
2,11,95
2,10,93
2,10,93
2,10,93
2,10,93
3,11,93
3,11,94
3,12,94
2,12,96
2,12,97
1,12,99
1,12,99
2,12,100
2,12,102
2,13,103
2,13,103
2,13,105
2,12,105
2,12,106
2,12,106
2,12,106
2,12,106
1,12,107
1,12,107
1,12,108
2,12,107
2,12,107
3,12,107
3,13,107
3,13,106
4,12,106
4,12,106
4,12,105
3,12,105
2,11,104
2,11,104
2,11,104
2,11,104
2,12,104
2,12,104
2,12,105
2,12,106
2,12,106
2,12,108
1,12,108
2,12,109
2,12,109
2,12,109
2,12,109
2,12,109
3,12,108
3,12,106
3,12,106
3,12,105
3,12,104
4,12,104
4,12,104
4,13,103
4,12,103
4,12,103
4,12,103
4,12,102
4,12,102
4,12,100
3,12,100
2,12,99
2,12,99
2,12,101
2,12,102
2,12,102
2,12,105
2,12,106
2,12,107
2,12,109
3,13,110
4,13,111
4,13,110
4,13,110
3,13,109
3,12,109
2,12,108
2,12,106
2,12,108
2,12,109
2,12,109
2,12,109
1,12,109
1,12,110
1,12,110
1,13,110
2,13,111
3,14,112
4,15,115
6,17,115
6,16,115
5,15,113
4,13,110
4,12,108
4,12,106
4,12,106
4,12,105
4,12,105
4,12,104
4,12,103
3,12,102
3,12,102
3,12,102
3,12,102
3,12,102
2,12,102
2,12,101
1,12,102
1,12,102
1,12,103
1,12,104
1,12,105
1,12,105
1,12,106
1,12,108
1,12,108
1,12,109
2,13,110
2,14,111
2,14,111
2,14,111
2,13,110
1,12,110
1,12,109
1,12,109
0,12,108
0,12,107
0,12,106
0,12,106
0,12,106
0,12,106
0,13,105
2,12,100
2,12,100
3,12,100
3,12,101
3,12,100
2,12,100
2,12,100
2,12,99
2,11,98
1,11,98
1,11,98
1,11,97
1,10,97
1,10,97
1,10,97
1,10,98
1,10,98
1,11,99
2,11,99
3,12,100
3,12,102
3,12,102
3,12,102
3,12,103
4,12,105
4,12,105
4,12,105
4,12,105
4,12,103
4,12,103
3,12,100
2,12,100
2,12,100
3,12,99
3,12,99
3,12,97
3,11,96
2,11,94
1,9,93
1,9,93
2,10,93
2,10,93
3,11,94
3,12,95
3,12,96
3,12,99
2,12,100
2,12,101
2,12,101
2,12,102
2,12,103
2,13,104
2,13,105
2,13,105
2,12,106
2,12,106
2,12,106
2,12,106
1,12,106
1,12,107
1,12,107
1,12,107
1,12,107
1,12,107
2,12,106
3,12,106
3,12,106
4,12,106
4,12,105
4,12,105
3,12,104
3,11,103
2,11,103
2,11,101
1,11,101
1,11,102
2,12,104
2,12,104
2,12,104
2,12,105
2,12,106
2,12,107
2,12,108
3,12,109
3,12,109
3,12,109
3,12,108
3,12,107
3,12,106
3,12,105
4,12,105
3,12,104
4,12,104
4,12,104
4,12,104
4,12,104
4,12,105
4,12,103
4,12,103
4,13,102
4,13,102
4,13,102
3,12,102
3,12,102
2,12,102
2,12,103
2,12,105
2,12,106
2,12,107
2,12,109
2,12,110
3,13,111
4,13,111
4,13,110
4,13,110
3,13,109
3,12,109
2,12,109
2,12,109
2,12,109
2,12,109
2,12,109
2,12,110
1,12,110
1,12,110
2,12,110
2,13,111
2,13,113
3,14,114
4,15,115
6,17,116
6,16,115
4,14,115
3,13,113
3,12,109
3,12,108
4,12,106
4,12,106
4,12,105
4,12,104
3,12,103
3,12,103
3,12,102
3,12,102
3,12,102
3,12,102
3,12,101
2,12,101
2,12,101
2,12,101
1,12,102
1,12,102
2,12,104
2,12,105
2,12,105
2,12,106
2,12,107
2,12,108
2,13,109
2,14,110
2,14,110
2,14,110
2,14,110
1,13,109
1,13,109
1,12,108
0,12,108
0,12,107
0,12,106
0,12,106
0,12,106
0,12,106
0,13,105
2,12,100
2,12,100
2,12,100
3,12,100
3,12,100
2,12,100
2,12,100
2,12,99
2,11,98
1,11,98
1,11,98
1,11,97
1,11,97
1,11,97
1,11,97
1,11,97
1,10,97
1,11,98
1,11,98
2,12,99
3,12,100
3,12,101
3,12,102
3,12,102
3,12,102
4,12,105
4,12,105
4,12,105
4,12,105
4,12,103
3,12,102
3,12,100
2,12,100
3,12,99
3,12,99
3,12,98
3,12,97
3,12,96
2,11,93
1,9,92
1,9,93
1,10,93
2,11,94
3,11,95
3,12,96
3,12,99
3,12,100
3,12,101
3,12,102
3,12,102
2,12,104
2,12,105
2,12,105
2,12,105
2,12,106
2,12,106
2,12,106
2,12,106
2,12,106
1,12,107
1,12,107
1,12,107
1,12,107
1,12,107
1,13,106
1,12,106
2,12,106
3,12,105
3,12,105
3,12,104
3,12,104
3,11,102
2,11,101
2,11,100
2,10,100
1,10,99
1,11,100
1,11,101
2,12,101
2,12,102
2,12,104
3,12,105
3,12,106
3,12,107
3,12,107
3,12,107
3,12,107
3,12,106
3,12,106
3,12,105
3,12,104
3,12,104
3,12,104
3,12,104
4,12,104
4,12,105
4,12,105
4,12,105
4,12,105
5,12,105
4,13,105
4,13,103
4,13,103
4,13,103
3,12,103
3,12,105
2,12,106
2,12,106
2,12,108
2,12,108
2,12,110
2,12,110
2,13,111
3,13,111
3,13,110
3,12,110
2,12,109
2,12,109
2,12,109
2,12,109
2,12,109
2,12,109
1,12,109
1,12,110
1,12,110
1,12,110
2,12,111
2,12,112
2,13,113
2,13,114
3,14,115
4,14,115
4,14,115
3,14,115
2,13,113
2,12,110
2,12,109
3,12,108
4,12,106
4,12,106
4,12,105
3,12,104
3,12,102
3,12,102
3,12,102
3,12,102
3,12,102
3,12,101
2,12,100
2,12,100
2,12,100
1,12,101
2,12,101
2,12,102
2,12,102
2,12,104
2,12,105
2,12,106
2,12,107
2,13,108
2,14,110
2,14,110
2,14,110
2,13,110
1,13,109
1,13,109
1,13,108
0,12,108
0,12,107
0,12,106
0,12,106
0,12,106
0,12,106
0,13,105
2,13,105
2,12,100
2,12,100
3,12,100
3,12,100
3,12,100
2,12,100
2,11,99
2,11,98
2,11,98
2,11,98
1,11,98
2,11,97
1,11,97
1,11,96
2,11,96
1,11,96
1,11,97
1,11,97
2,11,98
2,12,99
3,12,100
3,12,101
3,12,101
3,12,102
3,12,102
3,12,103
4,12,105
4,12,105
4,12,103
4,12,103
3,12,101
3,12,100
2,12,99
3,12,99
4,12,98
4,12,97
4,12,96
3,11,95
3,11,94
1,10,93
1,10,93
1,10,94
2,11,95
3,11,97
3,12,99
3,12,101
3,12,101
3,12,102
3,12,104
2,12,104
2,12,105
2,12,105
2,12,106
2,12,106
2,12,106
2,12,108
2,12,108
2,12,108
2,12,107
1,12,107
1,12,107
1,12,107
1,12,107
1,12,106
1,13,106
1,13,105
2,13,105
2,12,104
3,12,103
3,12,102
3,12,102
3,11,101
2,11,100
2,11,100
1,11,99
1,10,98
1,10,97
1,11,99
1,11,100
2,11,101
2,11,101
3,11,102
3,11,104
3,12,105
3,12,105
3,12,105
3,12,105
3,12,105
3,12,103
3,12,103
3,12,103
3,12,103
3,11,104
3,12,104
3,12,105
4,12,105
4,12,106
4,12,106
4,12,106
5,12,107
4,13,107
4,13,107
4,13,107
4,13,106
3,13,106
3,12,106
3,12,107
3,12,108
3,12,108
2,12,109
2,13,109
2,13,110
2,13,110
2,12,110
2,12,109
1,12,108
1,12,109
1,12,109
1,12,109
1,12,109
1,12,109
1,12,109
1,12,109
1,12,110
1,12,110
1,12,111
2,12,111
2,12,113
2,13,114
2,13,115
2,13,115
2,13,115
2,13,115
2,13,115
2,13,113
2,12,110
2,12,109
2,12,108
3,12,106
3,12,106
3,12,105
3,12,104
3,12,102
3,12,102
3,12,102
3,12,102
3,12,101
3,12,100
2,12,100
2,11,99
2,12,99
2,12,99
2,12,100
2,12,101
2,12,101
2,12,102
2,12,105
2,12,105
2,12,107
2,13,108
2,13,109
2,14,109
2,14,109
1,13,109
1,13,109
1,13,109
1,13,109
0,12,108
0,12,107
0,12,106
0,12,106
0,12,106
0,12,106
0,13,105
2,13,105
2,12,101
3,12,101
3,11,100
3,11,100
3,11,100
3,11,100
2,11,99
2,11,98
2,11,98
2,11,98
2,11,98
2,11,98
2,11,97
2,12,96
2,12,96
2,12,96
2,12,96
2,11,96
2,11,97
2,12,98
2,12,99
3,12,100
3,12,100
3,12,101
3,12,101
3,12,102
3,12,102
4,12,103
4,12,103
3,12,102
3,12,101
3,12,100
3,11,100
3,11,99
3,12,97
4,12,97
4,12,96
4,12,95
3,11,94
3,11,94
1,11,94
1,11,94
1,11,95
1,11,96
3,12,99
3,12,101
3,12,101
3,12,102
3,12,104
3,12,105
3,12,105
2,12,105
2,12,106
2,12,106
2,12,108
2,12,108
3,12,109
2,12,108
2,12,108
3,12,108
2,12,108
1,12,108
1,12,108
1,12,108
1,13,107
1,13,106
2,13,105
2,13,103
2,13,103
3,12,102
3,12,102
3,11,101
3,11,101
2,11,100
2,11,99
1,10,98
1,10,97
1,10,97
1,11,97
1,11,97
2,11,99
2,11,100
2,11,101
2,11,101
3,11,102
3,12,102
3,12,102
3,12,102
3,12,102
3,12,102
3,12,102
3,12,102
3,11,102
3,11,103
3,12,104
3,12,105
4,12,106
4,12,106
4,12,107
4,12,108
4,12,108
4,12,108
4,13,108
4,13,108
4,13,108
4,13,109
3,12,109
3,12,109
3,12,108
3,12,109
3,12,109
3,13,109
2,13,109
2,12,108
2,12,108
1,12,108
1,12,107
1,12,107
1,12,108
1,12,108
1,12,108
1,12,109
1,12,109
0,12,109
1,12,110
1,12,110
1,12,111
2,12,112
2,12,113
2,13,114
2,13,115
2,13,115
1,13,115
1,13,115
1,13,114
2,13,113
2,13,112
2,12,109
2,12,109
3,12,106
3,12,106
3,12,105
3,12,104
3,12,102
3,12,102
3,12,102
3,12,101
3,12,101
3,11,100
2,11,99
2,11,98
1,11,98
1,11,98
1,11,99
2,11,99
2,12,101
2,12,101
2,12,104
2,12,105
2,12,106
2,13,108
2,13,109
2,13,109
2,13,109
1,13,109
1,13,109
1,13,109
1,13,109
1,13,108
0,12,107
0,12,106
0,12,106
0,12,106
0,12,106
2,13,105
2,13,105
2,13,105
3,12,101
3,12,101
3,11,100
3,11,100
3,11,100
2,11,99
2,11,98
2,11,98
2,11,98
2,11,98
2,11,98
2,11,98
2,11,98
2,12,96
2,12,96
2,12,96
2,12,96
2,11,96
2,11,98
2,11,98
2,11,98
3,11,99
3,12,100
3,12,100
3,12,100
3,12,100
3,12,102
3,12,102
3,12,102
3,12,101
2,11,100
2,11,99
2,11,99
3,11,97
3,11,97
4,11,96
4,11,95
3,11,94
3,11,94
2,11,94
1,11,94
1,11,95
1,11,96
2,12,98
2,12,100
3,12,101
3,12,102
4,12,104
4,12,105
3,12,105
3,12,106
3,12,106
3,12,107
3,12,109
3,12,109
3,12,109
3,12,109
3,12,109
3,12,108
3,12,108
3,12,109
2,12,109
2,12,108
2,12,108
1,12,106
2,13,105
2,13,105
2,13,103
2,13,102
3,12,102
3,12,101
3,11,101
3,11,101
3,11,100
2,10,98
2,10,97
1,10,97
1,10,97
1,10,97
1,11,97
2,10,98
2,11,98
2,11,98
2,11,98
2,10,99
2,10,100
2,11,101
2,11,101
3,11,101
2,11,101
2,11,101
3,11,102
2,11,102
2,11,103
3,12,105
3,12,106
3,12,106
4,12,108
4,12,109
4,12,109
3,12,109
3,12,109
3,12,109
3,13,109
3,13,109
3,13,110
3,13,109
3,12,109
3,12,109
3,13,109
3,13,109
3,13,107
2,13,107
2,12,106
1,12,106
1,12,106
1,12,106
1,12,106
1,12,106
1,12,106
1,12,106
1,12,108
1,12,108
1,12,109
1,12,110
1,12,110
1,12,112
2,12,113
2,12,114
2,12,115
1,12,115
1,13,115
1,13,115
1,13,115
1,13,114
1,13,114
1,13,112
2,13,111
2,13,109
2,12,108
3,12,106
3,12,104
3,12,102
3,12,102
3,12,101
4,12,101
4,12,101
3,11,100
3,11,100
3,11,99
2,11,98
2,11,97
2,11,97
2,11,96
2,11,98
2,11,99
2,11,101
2,11,102
2,12,105
2,12,106
2,12,108
2,13,109
2,13,109
2,13,109
1,13,110
1,13,109
1,13,110
1,13,110
1,13,109
1,13,108
0,12,107
0,12,106
0,12,106
0,12,106
2,13,105
2,13,105
2,13,105
2,12,101
3,12,101
3,12,100
3,12,100
3,11,100
3,11,99
2,11,98
2,11,98
2,11,98
2,11,98
2,11,98
2,11,98
2,11,98
2,11,98
2,11,98
2,11,98
2,12,97
2,11,97
2,11,98
2,11,98
2,11,98
2,11,98
2,11,98
3,11,99
3,11,99
2,11,99
2,11,99
2,11,100
2,11,100
2,11,100
2,11,100
2,11,99
2,11,98
2,11,98
2,11,96
3,11,96
3,11,95
3,11,94
3,11,94
3,11,94
2,11,95
1,11,95
1,11,95
1,11,98
2,12,100
2,12,101
3,12,102
4,12,104
4,12,105
4,12,105
4,12,106
3,12,106
3,12,107
3,12,108
3,12,109
3,12,109
2,12,109
2,12,109
2,12,109
2,12,108
2,12,108
2,12,109
2,12,108
2,12,108
2,12,108
2,12,106
2,12,105
2,12,103
2,13,102
2,13,102
3,12,101
3,12,101
3,11,101
3,11,100
3,11,99
2,10,98
2,10,98
2,10,97
1,10,97
1,11,97
2,11,97
2,10,98
1,10,98
1,10,98
1,10,98
1,10,98
1,10,98
1,10,100
2,10,100
2,11,101
2,11,101
2,11,101
2,11,102
2,11,103
2,11,104
2,11,105
3,12,107
3,12,109
3,12,109
3,12,110
3,12,109
3,12,109
3,12,109
3,12,109
2,12,109
2,13,110
3,13,110
3,13,110
3,13,109
3,13,109
3,13,109
3,13,107
2,12,107
2,12,106
1,12,104
1,12,104
1,12,102
1,12,102
1,12,102
1,12,102
1,12,104
1,12,105
1,12,106
1,12,108
1,12,109
1,12,110
1,12,110
1,12,112
2,12,113
2,12,115
2,12,115
1,12,115
1,13,115
1,13,115
1,13,115
1,13,114
1,13,114
1,13,114
2,13,112
2,13,111
2,12,109
3,12,106
3,12,104
3,12,102
3,12,102
4,12,101
4,12,101
4,12,100
4,11,100
4,11,100
3,11,98
2,11,98
2,11,97
2,11,96
1,11,96
1,10,96
2,10,98
2,11,100
2,11,101
2,11,105
2,12,106
2,12,108
2,13,109
2,13,109
2,13,110
1,13,110
1,13,110
2,13,110
2,13,110
2,13,110
1,13,109
1,13,108
0,12,106
0,12,106
0,12,106
2,12,106
2,13,105
2,13,105
2,13,103
3,12,100
3,12,100
3,12,100
3,12,100
3,11,99
2,11,99
2,11,98
2,11,98
2,11,98
2,11,98
2,11,98
2,11,98
2,11,98
2,11,98
2,11,98
2,12,98
2,12,98
2,11,98
2,11,98
2,11,98
2,11,98
2,11,98
2,11,98
2,11,98
2,11,98
2,11,98
2,11,98
2,11,98
2,11,98
2,11,98
2,11,98
2,11,98
2,11,97
2,11,96
2,11,96
3,11,95
3,11,94
3,11,94
3,11,94
2,11,94
1,11,95
1,11,95
2,11,98
2,12,100
2,12,101
2,12,102
3,12,105
4,12,105
4,12,105
4,12,106
3,12,106
3,12,108
3,12,108
2,12,109
3,12,109
3,12,109
1,12,109
1,12,109
2,12,108
2,12,108
2,12,108
2,12,108
2,12,108
2,12,106
2,12,106
2,12,105
2,12,104
3,12,103
3,12,102
2,12,101
3,12,101
3,11,101
3,11,100
3,11,100
3,10,99
3,10,99
3,10,98
2,10,98
2,11,98
2,11,98
2,11,98
2,10,98
1,10,97
1,10,97
1,10,97
1,10,97
1,9,98
1,10,98
1,10,100
2,10,101
2,11,101
2,11,101
2,11,103
3,11,104
2,11,105
2,11,108
2,12,109
2,12,109
3,12,110
3,12,110
3,12,110
2,12,109
2,12,109
2,12,109
2,12,109
2,13,110
2,13,110
2,13,110
2,13,110
3,13,109
3,13,109
2,13,107
2,12,106
2,12,104
1,12,102
1,12,101
1,12,100
1,12,100
1,12,100
1,11,100
1,12,102
1,12,104
1,12,105
1,12,106
1,12,108
1,12,110
1,12,110
2,12,113
2,12,114
2,12,115
2,12,115
2,12,116
1,12,116
1,13,116
1,13,115
1,13,115
1,13,114
1,13,114
1,13,113
2,13,112
2,13,110
2,12,109
3,12,105
3,12,103
4,12,102
4,12,101
4,12,101
4,11,100
4,11,100
4,11,100
4,11,99
3,12,97
2,11,96
2,11,96
1,10,95
1,10,96
1,10,97
2,10,99
2,11,101
2,11,105
2,12,108
2,12,109
2,12,109
2,13,110
2,13,110
2,13,110
2,13,110
2,13,110
2,13,110
2,13,110
2,13,110
1,13,109
1,13,107
1,12,106
1,12,106
2,12,106
2,13,105
2,13,105
2,13,103
2,12,100
2,12,100
3,12,100
3,12,100
3,12,99
3,11,99
2,11,98
2,11,98
2,11,98
2,11,98
2,11,98
2,11,98
2,11,98
3,11,99
3,11,99
3,12,99
3,12,99
2,12,99
2,12,98
2,11,98
2,11,98
2,11,98
2,11,98
2,11,98
2,11,98
2,11,98
2,11,98
2,11,98
2,11,98
2,11,98
2,11,98
2,11,98
2,11,97
2,11,96
2,11,96
2,11,95
2,11,94
2,11,94
2,11,94
2,11,94
1,11,95
1,11,95
2,11,98
2,12,99
2,12,101
2,12,102
2,12,105
2,12,105
2,12,106
4,12,106
2,12,106
2,12,107
3,12,108
3,12,108
3,12,109
3,12,109
3,12,109
1,12,109
1,12,109
2,12,108
2,12,108
2,12,108
2,12,106
2,12,106
2,12,106
2,12,106
3,12,105
3,12,103
3,12,102
2,12,101
2,11,100
2,11,100
2,11,100
2,11,100
2,10,99
3,10,99
3,10,99
3,10,98
3,11,98
3,11,98
3,11,98
2,11,98
2,11,98
2,11,98
1,11,97
1,11,97
1,10,97
1,10,97
1,10,98
1,10,98
1,10,100
2,11,101
2,11,103
3,11,104
3,11,105
2,11,107
2,11,109
2,11,109
2,12,109
2,12,110
3,12,110
2,12,110
2,12,110
1,12,110
1,12,109
1,12,109
1,13,110
2,13,110
2,14,110
2,14,110
2,14,110
2,13,108
2,13,106
2,13,105
2,12,103
1,12,101
1,11,100
1,11,98
1,10,97
1,10,97
1,10,98
1,11,100
1,11,102
1,12,104
1,12,106
1,12,108
1,12,110
2,12,112
2,12,113
2,12,115
2,12,115
2,12,116
1,12,116
1,12,116
1,12,116
1,12,116
1,13,115
1,13,114
1,13,114
1,13,114
1,13,113
1,13,112
2,13,109
2,13,106
3,12,104
4,12,103
4,12,101
4,12,101
4,11,101
4,11,100
4,11,100
4,12,99
4,12,98
3,12,96
2,11,96
1,10,96
1,10,96
1,10,97
2,10,99
2,11,102
2,11,106
3,12,108
2,12,109
2,12,110
2,12,110
2,13,111
2,13,111
2,13,111
2,13,111
2,13,111
2,13,110
2,13,110
2,13,110
1,13,109
1,12,106
1,12,106
2,12,106
2,12,106
2,13,105
2,13,105
4,13,103
2,12,100
2,12,100
2,12,99
2,12,99
2,12,99
2,11,98
2,11,98
2,11,98
2,11,98
2,11,98
2,11,98
2,11,98
2,11,98
3,11,99
3,11,100
3,11,100
2,12,100
2,12,100
2,12,100
2,11,99
2,11,98
2,11,99
2,11,98
2,11,98
2,11,98
2,11,98
2,11,98
2,11,98
2,11,98
2,11,98
2,11,98
2,11,96
2,11,96
2,11,96
2,10,95
2,10,94
1,11,94
1,11,94
1,11,94
1,11,95
1,11,95
2,11,97
2,12,99
2,12,100
2,12,102
2,12,103
2,12,105
2,12,106
2,12,106
2,12,106
2,12,106
2,11,108
2,11,108
3,12,108
2,12,109
3,12,109
3,12,109
2,12,109
2,12,109
2,12,108
2,12,107
2,12,106
2,12,106
2,12,106
2,12,106
3,12,105
3,12,103
3,11,102
3,11,100
2,11,100
2,11,99
2,11,99
2,11,100
2,10,99
3,10,99
3,10,99
3,10,99
3,11,99
3,11,99
3,11,99
3,11,99
3,11,99
2,11,98
2,11,98
2,11,98
2,11,97
1,11,97
1,10,97
1,10,98
1,10,98
1,10,100
2,11,102
3,11,104
4,11,105
4,12,107
3,11,109
3,11,109
2,11,109
2,11,109
2,11,109
2,12,110
2,12,110
1,12,110
1,12,110
1,12,109
1,12,109
1,13,109
1,13,110
2,14,110
2,14,110
2,14,109
2,14,108
2,13,105
2,13,103
2,12,102
1,11,100
1,11,98
1,10,97
1,10,94
1,9,95
1,10,97
2,10,98
2,11,100
2,12,102
2,12,106
2,12,108
2,12,110
2,12,113
2,12,114
2,12,115
2,12,116
2,12,116
1,12,116
1,12,116
1,12,116
1,12,116
1,12,116
1,12,115
1,12,114
1,13,114
1,13,114
1,13,112
1,13,111
1,13,109
2,13,106
3,12,104
3,12,103
3,12,101
4,12,101
4,12,101
4,12,100
4,12,100
4,12,99
3,12,98
2,12,97
2,11,96
2,10,96
2,10,98
2,11,100
2,11,102
3,11,108
3,12,109
2,12,110
2,12,110
2,12,111
2,12,111
2,12,112
2,12,112
2,13,111
2,13,111
2,13,111
2,13,110
2,13,110
1,13,109
1,13,108
1,12,106
2,12,106
2,12,106
2,13,105
2,13,105
4,13,103
2,12,100
2,12,100
2,12,99
2,12,99
2,12,99
2,11,98
2,11,98
2,11,97
2,11,97
2,11,97
2,11,98
2,11,98
2,11,98
2,11,99
3,11,100
3,11,100
3,11,101
2,12,101
2,12,101
2,12,100
2,12,100
2,11,100
2,11,99
2,11,99
2,11,99
2,11,99
2,11,98
2,11,98
2,11,98
2,11,98
2,11,98
3,11,97
3,11,96
3,11,96
2,11,95
2,11,95
2,11,95
1,11,94
1,11,94
2,11,95
2,11,95
2,11,97
2,12,99
2,12,100
2,12,102
2,12,103
2,12,105
2,12,106
2,12,106
2,12,106
2,12,106
2,11,108
2,11,108
2,11,108
2,11,108
2,12,109
2,12,109
3,12,109
2,12,109
2,12,108
2,12,107
2,12,106
2,12,106
2,12,106
2,12,105
3,12,104
3,12,103
3,12,102
2,11,100
2,11,98
2,11,98
2,11,98
1,11,97
2,10,99
2,10,99
2,10,99
3,10,99
3,11,99
3,11,99
3,11,99
4,11,99
3,11,100
3,11,99
3,11,99
3,11,99
3,11,98
2,11,98
1,11,97
1,11,98
1,11,98
1,11,100
2,11,101
3,12,104
4,12,105
4,12,107
4,12,108
4,11,109
3,11,109
2,11,109
2,11,109
2,11,109
2,11,109
2,11,109
1,12,109
0,12,109
0,12,109
1,12,109
1,13,109
1,13,109
1,13,109
2,14,109
2,14,108
2,14,107
2,14,105
3,13,103
3,12,102
2,11,99
1,10,97
1,10,94
1,9,94
1,9,94
1,9,95
2,10,97
2,11,99
2,12,102
2,12,106
1,12,108
1,12,110
2,12,113
2,12,114
2,12,116
2,12,116
1,12,116
1,12,116
1,12,116
1,12,116
1,12,116
1,12,116
0,12,115
0,12,114
0,12,114
0,13,114
1,13,113
1,13,112
1,13,110
1,13,107
2,13,106
3,13,105
3,12,104
3,12,103
3,12,102
4,12,101
4,13,101
4,13,100
3,13,99
2,12,98
2,12,97
2,11,98
2,11,99
2,11,101
3,11,103
3,12,108
2,12,109
2,12,110
2,12,111
2,12,111
2,12,113
2,12,113
2,12,113
2,12,112
2,13,111
2,13,111
2,13,111
2,13,110
2,13,110
2,13,109
2,12,107
2,12,106
2,12,106
2,12,106
2,13,105
2,13,105
4,13,103
2,11,100
2,11,99
2,11,99
2,11,98
2,11,98
2,11,98
2,11,96
2,11,96
1,11,97
1,11,97
1,11,97
2,11,98
2,11,98
2,11,100
3,11,100
3,11,101
3,11,101
2,12,101
2,12,101
3,12,101
2,12,101
2,12,100
2,12,100
2,11,99
2,11,99
2,11,99
2,11,99
2,11,99
2,11,99
3,11,98
3,12,98
3,11,98
3,11,96
3,11,96
3,11,96
2,11,96
2,11,95
2,11,95
1,11,95
2,11,95
2,12,97
2,12,99
2,12,100
2,12,101
2,12,102
2,12,105
2,12,106
2,12,106
2,12,106
2,12,107
2,12,108
2,11,108
2,11,108
2,11,108
2,11,108
2,11,108
2,12,109
3,12,109
3,12,108
2,12,107
2,12,106
2,12,106
2,12,106
3,12,105
3,12,104
3,12,103
3,12,102
3,11,100
2,11,98
1,11,97
1,11,97
1,10,97
1,10,97
1,10,97
2,10,99
2,10,99
3,11,99
3,11,100
4,12,100
4,12,100
4,12,100
3,12,100
3,11,100
3,11,100
3,11,100
3,12,99
2,12,98
2,12,98
2,12,98
2,11,99
2,11,100
3,12,102
4,12,105
4,12,106
4,12,107
4,12,108
4,11,109
2,11,109
2,11,109
2,11,109
2,11,109
2,11,109
2,11,109
1,12,109
1,12,109
1,12,109
1,12,109
1,12,109
1,13,109
2,13,109
2,13,108
2,14,108
2,14,106
3,14,104
3,14,103
3,13,102
3,12,99
2,11,96
2,10,94
2,9,94
2,9,94
2,9,95
2,10,98
2,11,100
2,12,104
1,12,106
1,12,109
1,12,110
1,12,113
1,12,115
1,12,116
1,12,116
1,12,116
1,12,116
1,12,116
1,12,116
1,12,116
1,12,116
0,12,115
0,12,115
0,12,114
0,13,114
1,13,114
1,13,113
1,13,111
1,13,109
1,13,107
2,13,106
2,12,105
2,12,105
2,12,105
3,12,103
3,13,102
3,13,101
2,13,100
2,12,99
2,12,99
2,12,99
2,12,100
2,12,102
3,12,105
2,12,108
2,12,110
2,12,110
2,12,111
2,12,113
2,12,113
2,12,113
2,12,113
2,12,113
2,12,113
2,13,111
2,13,111
2,13,111
2,13,110
2,13,109
2,13,109
2,13,106
2,12,106
2,12,106
2,13,105
2,13,105
4,13,103
2,11,100
2,11,100
2,11,99
2,11,98
2,11,98
2,11,98
2,11,97
2,11,96
2,11,96
1,11,96
1,11,96
1,11,97
1,11,97
2,11,98
2,11,100
2,11,101
3,11,101
3,12,101
2,12,101
3,12,101
3,13,101
3,13,101
2,12,100
2,12,100
2,12,100
2,12,100
2,11,99
2,11,99
3,11,99
3,11,99
3,12,99
3,12,99
3,12,99
3,12,98
3,11,96
3,11,96
2,11,96
2,11,96
2,11,96
2,11,96
2,11,98
2,12,98
2,12,100
3,12,101
3,12,102
2,12,105
2,12,105
2,12,106
2,12,106
2,12,107
2,12,108
2,12,108
2,11,108
2,11,108
2,11,108
2,11,108
2,11,108
2,12,108
3,12,108
2,12,107
2,12,106
2,12,106
2,12,106
2,12,105
3,12,104
3,12,103
3,11,101
2,11,100
2,11,98
1,10,97
1,10,95
1,10,95
1,10,95
1,10,97
1,10,97
2,10,99
3,10,99
3,11,100
3,12,100
4,12,100
4,12,100
4,12,100
3,12,100
3,11,100
3,11,100
3,11,100
3,12,100
2,12,99
2,12,99
2,12,100
2,12,100
3,12,102
3,12,104
4,12,105
4,12,106
4,12,107
4,12,107
3,11,108
2,11,109
2,11,109
2,11,109
2,11,109
2,12,109
2,12,109
2,12,109
1,12,109
1,12,109
1,12,109
1,12,108
2,12,108
2,13,108
2,13,108
2,13,106
2,14,106
3,14,104
3,14,102
4,13,101
3,12,99
2,11,98
2,11,96
2,10,95
2,10,95
2,10,98
2,11,100
2,12,102
2,12,106
1,12,108
1,12,110
1,12,112
1,12,114
1,12,116
1,12,116
1,12,116
1,12,116
1,12,116
1,12,116
1,12,116
1,12,116
1,12,116
0,12,115
0,12,115
0,12,114
0,12,114
1,13,114
1,13,114
1,13,113
1,13,110
1,13,109
1,13,107
1,12,106
1,12,106
2,12,105
2,12,105
2,13,103
2,13,102
2,13,101
2,13,101
2,12,100
2,12,101
2,12,102
2,12,102
2,12,105
2,12,109
2,12,110
2,12,110
2,12,111
2,12,113
2,12,113
2,12,113
2,12,113
2,12,113
2,12,113
2,13,112
2,13,111
2,13,111
2,13,111
2,13,110
2,13,109
2,13,109
2,12,106
2,12,106
2,13,105
2,13,105
2,13,105
4,13,103
3,11,100
3,11,100
3,11,99
2,11,98
2,11,98
2,11,98
2,11,96
1,11,96
1,11,96
1,11,96
1,11,96
1,11,97
1,11,97
1,11,98
2,11,99
2,11,100
2,11,101
2,11,101
2,11,101
2,12,101
2,12,101
2,12,100
2,12,100
2,12,100
2,12,100
2,12,100
2,12,100
2,12,100
3,12,99
3,12,100
3,12,100
3,12,100
3,12,100
3,12,99
3,12,98
3,12,98
3,11,98
2,11,98
2,11,98
2,12,98
2,12,99
2,12,100
3,12,101
3,12,102
3,12,103
3,12,105
3,12,105
3,12,106
2,12,106
3,12,107
3,12,107
2,12,107
2,12,107
2,11,108
2,11,108
2,11,108
2,11,108
2,12,108
3,12,107
3,12,106
3,12,106
3,12,105
3,12,105
3,12,104
3,11,102
3,11,101
3,11,100
2,10,99
1,10,97
0,10,96
0,10,95
0,10,95
1,10,95
1,10,97
1,10,97
2,11,99
3,11,100
3,11,100
4,12,101
4,12,101
4,12,101
3,12,101
3,12,101
3,11,101
2,11,101
2,11,100
2,11,100
2,12,100
2,12,100
2,12,100
3,12,102
3,12,102
3,12,104
4,12,105
4,12,105
4,12,106
4,11,107
3,11,107
3,11,108
2,11,108
2,11,108
2,11,108
3,11,109
3,12,109
3,12,109
2,12,108
2,12,108
2,12,108
2,12,108
2,12,106
2,12,106
2,13,106
2,13,106
3,14,105
4,14,104
4,13,102
4,13,101
3,12,99
2,11,99
2,11,98
2,11,98
2,11,98
2,11,100
2,11,101
2,12,105
2,12,107
1,12,109
1,12,110
1,12,113
1,12,115
1,12,116
1,12,116
1,12,116
1,12,116
1,12,116
1,12,116
1,12,116
1,12,116
1,12,115
0,12,115
0,12,114
0,12,114
1,12,114
1,12,114
1,13,114
1,13,113
1,13,111
1,13,110
1,13,110
1,12,108
1,12,107
1,12,106
2,12,105
2,13,105
2,13,103
2,13,102
2,13,102
2,12,102
2,12,102
2,12,102
2,12,104
2,12,106
2,12,108
2,12,110
2,12,110
2,12,111
2,12,112
2,12,113
2,12,113
2,12,113
1,12,113
0,12,113
2,12,113
2,12,112
2,13,111
2,13,111
2,13,111
2,13,110
2,13,109
2,12,107
2,12,106
2,13,106
2,13,105
2,13,105
3,13,104
3,11,100
3,11,100
3,11,100
2,11,98
2,11,98
2,11,97
2,11,96
1,11,96
1,11,95
1,11,95
1,11,96
1,11,96
1,11,97
1,11,97
1,11,99
2,11,100
2,11,101
2,11,101
2,11,101
2,12,101
2,12,100
2,12,100
2,12,100
2,12,100
2,12,100
2,12,100
2,12,100
2,12,100
2,12,100
3,12,100
3,12,100
3,12,100
3,12,100
3,12,100
3,12,100
3,12,99
3,12,99
3,12,99
2,12,99
2,12,99
2,12,100
2,12,100
3,12,101
3,12,102
3,12,103
3,12,105
3,12,105
3,12,106
3,12,106
3,12,106
3,12,107
2,12,107
2,12,107
2,11,107
2,11,108
2,11,108
2,12,107
2,12,106
2,12,106
3,12,106
3,12,105
3,12,105
3,12,104
3,12,102
3,11,101
3,11,100
2,10,99
2,10,98
1,10,97
0,10,96
0,10,96
0,10,95
1,10,96
1,10,97
2,10,99
3,11,100
3,11,101
4,12,102
4,12,102
4,12,102
4,12,102
4,12,102
3,12,102
2,11,102
2,11,101
2,11,101
2,11,101
2,12,101
3,12,102
3,12,102
3,12,104
3,12,104
4,12,105
4,12,105
4,12,105
4,12,105
3,11,106
3,11,106
2,11,106
2,11,106
2,11,106
2,11,106
3,11,107
3,12,107
3,12,108
2,12,108
2,12,108
2,12,106
2,12,106
2,12,106
2,12,106
2,13,106
2,13,106
3,13,105
4,13,104
4,13,102
4,12,100
3,11,99
2,11,99
2,11,99
2,11,98
2,11,100
2,12,101
2,12,105
2,12,107
2,12,109
1,12,110
1,12,113
1,12,114
1,12,115
1,12,115
1,12,116
0,11,115
0,11,115
0,11,115
0,12,115
0,12,115
1,12,115
1,12,114
1,12,114
1,11,114
1,11,114
1,12,114
1,12,114
1,12,114
1,13,114
1,12,113
1,12,110
1,12,110
0,12,110
1,12,108
1,12,106
2,12,106
2,13,105
2,13,105
2,13,103
2,13,102
2,13,102
2,12,102
2,12,102
2,12,104
2,12,105
2,12,108
1,12,110
1,12,110
2,12,111
2,12,111
2,12,112
2,12,113
1,12,113
0,12,113
0,12,113
0,12,113
2,12,113
2,12,113
2,13,111
2,13,111
2,13,110
2,13,109
2,12,109
2,12,106
2,13,106
2,13,106
2,13,105
2,13,105
3,11,100
3,11,100
3,11,100
3,11,100
2,11,98
2,11,98
2,11,97
1,11,96
1,11,95
1,11,95
1,11,95
1,11,95
1,11,96
1,11,97
1,11,98
2,11,99
2,11,100
2,11,101
2,11,101
2,11,101
2,11,100
2,11,100
2,11,99
2,12,100
2,12,100
2,12,100
2,12,100
2,12,100
2,12,100
2,11,100
2,11,100
2,11,100
3,12,101
3,12,101
3,12,101
3,12,101
3,12,101
3,12,101
3,12,101
3,12,101
3,12,101
2,12,101
2,12,101
2,12,102
3,12,102
3,12,103
3,11,105
3,11,105
3,11,105
3,11,105
3,11,105
3,11,106
2,12,106
2,12,106
2,12,106
2,12,106
2,12,106
2,12,106
2,12,106
2,12,106
3,12,105
3,12,104
3,12,104
3,12,102
3,11,102
3,11,100
2,11,99
2,10,99
2,10,99
1,10,98
1,10,97
0,10,96
1,10,97
2,10,98
2,11,99
3,11,101
3,12,102
4,12,103
4,12,104
4,12,105
4,12,105
4,12,104
3,12,104
2,12,104
2,12,104
2,12,103
2,12,103
2,12,103
2,12,103
3,12,104
3,12,104
3,12,104
3,12,105
3,12,105
3,12,105
3,12,105
3,12,105
3,11,105
2,11,104
2,11,104
2,11,104
2,11,104
2,11,104
3,11,104
3,11,105
3,12,106
3,12,106
3,12,106
2,12,106
2,12,106
2,12,106
2,12,106
2,13,106
3,13,105
3,13,105
4,13,103
4,13,101
3,12,101
3,11,100
2,11,99
2,11,99
2,11,100
2,12,102
2,12,105
2,12,107
2,12,109
1,12,110
1,12,113
1,12,114
1,12,115
1,12,115
1,12,115
0,12,115
0,11,115
0,11,115
0,12,115
0,12,115
0,12,115
1,11,114
1,11,114
1,11,114
2,11,114
2,11,114
2,11,114
2,12,114
2,12,114
1,12,114
1,12,113
1,12,110
1,12,110
0,12,110
1,12,109
1,12,108
2,12,106
2,12,105
2,13,105
3,13,103
3,13,102
3,12,102
3,12,102
3,12,102
2,12,104
2,12,105
1,12,107
1,12,109
1,12,110
2,12,111
2,12,111
2,12,112
1,12,112
0,12,113
0,12,113
0,12,113
0,12,113
0,12,113
2,12,113
2,12,113
2,13,111
2,13,111
2,13,110
1,13,109
1,13,107
1,13,106
2,13,106
2,13,105
2,13,105
2,13,104
3,11,100
3,11,100
3,11,100
3,11,99
2,11,98
2,11,98
1,11,97
1,11,96
1,11,95
1,11,95
1,11,95
1,11,95
1,11,96
1,11,97
1,11,98
2,11,99
2,11,101
2,12,101
2,12,101
2,11,101
2,11,100
2,11,99
1,11,99
1,11,99
2,12,100
2,12,100
2,12,100
2,12,100
2,12,100
2,12,100
2,12,101
2,12,101
2,12,101
3,12,101
3,12,101
3,12,101
3,12,101
3,12,101
3,12,101
3,12,101
3,12,102
3,12,102
2,12,102
2,12,102
3,12,103
3,11,104
3,11,105
3,11,105
3,11,105
3,11,105
3,11,105
2,11,105
2,12,106
2,12,106
2,12,106
2,12,106
2,12,106
2,12,106
2,12,106
3,12,106
3,12,105
3,12,104
3,12,102
3,12,102
3,11,101
2,11,100
2,10,99
2,10,99
2,10,99
2,10,99
2,10,98
2,10,98
2,11,99
3,11,100
3,11,102
3,12,103
4,12,105
4,12,105
4,12,105
4,12,105
4,12,105
3,12,105
3,12,105
2,12,105
2,12,104
2,12,104
2,12,104
2,12,104
2,12,105
3,12,105
3,12,105
3,12,105
3,12,105
3,12,105
3,12,105
3,12,105
3,12,105
2,12,104
2,11,104
2,11,103
2,11,103
2,11,103
2,11,103
3,11,104
3,11,104
3,12,105
3,12,105
3,12,106
3,12,106
2,12,106
2,12,106
3,12,106
3,13,105
3,13,105
4,13,103
4,13,102
3,12,101
3,11,101
3,11,100
2,11,100
2,11,101
2,12,102
2,12,105
2,13,107
2,13,109
2,13,111
1,12,113
1,12,114
1,12,115
1,12,115
1,12,115
1,12,115
0,12,115
0,12,115
0,12,115
0,12,115
0,12,115
1,11,114
1,11,114
2,11,114
2,11,114
2,11,114
2,11,114
2,11,114
2,11,114
2,12,114
2,12,114
2,12,113
1,12,111
1,12,110
1,12,110
1,12,110
2,12,108
2,12,106
2,12,105
3,12,105
3,13,103
3,12,102
3,12,102
3,12,102
3,12,102
2,11,102
2,11,105
1,12,106
1,12,108
1,12,109
1,12,110
1,12,111
1,12,111
1,12,112
0,12,113
0,12,113
0,12,113
0,12,113
0,12,113
1,12,113
2,12,113
2,13,113
2,13,111
2,13,110
1,13,109
1,13,109
1,13,107
1,13,106
2,13,106
2,13,105
2,13,105
3,11,100
3,11,100
3,11,100
3,11,100
2,11,99
2,11,98
2,11,98
1,11,97
1,11,97
1,11,95
2,11,95
2,11,95
2,11,96
2,11,97
2,11,98
2,11,99
2,12,99
3,12,100
3,12,101
2,12,100
2,11,100
2,11,100
2,11,99
1,11,99
1,11,99
2,12,100
2,12,100
2,12,100
2,12,100
2,12,101
2,12,101
2,12,101
2,12,101
2,12,102
3,12,102
3,12,102
3,12,102
3,12,102
3,13,102
3,13,102
3,12,102
3,12,102
3,12,102
2,12,102
2,11,103
3,11,103
3,11,104
3,11,105
3,11,105
3,11,105
3,11,105
3,11,105
3,11,105
2,12,105
2,12,106
2,12,106
2,12,106
2,12,106
2,12,106
3,12,106
4,12,105
3,12,104
4,12,104
3,12,102
3,12,102
3,11,100
2,11,100
2,11,99
2,10,99
2,10,99
2,10,99
2,11,100
3,11,100
3,11,102
3,11,102
3,12,103
4,12,105
4,12,105
4,12,106
4,12,106
3,12,106
3,12,106
2,12,106
2,12,106
2,12,106
2,12,106
2,12,106
2,12,106
2,12,106
2,12,106
2,12,106
3,12,106
3,12,106
2,12,105
2,12,105
2,12,105
2,12,105
2,12,105
2,12,104
2,11,104
2,11,103
2,11,103
2,11,103
2,11,103
3,11,103
3,11,104
3,12,104
3,12,104
3,12,104
3,12,105
3,12,105
3,12,105
3,12,105
3,13,105
4,13,103
4,13,103
3,12,101
3,11,101
3,11,100
3,11,101
2,11,101
2,11,102
2,12,105
2,12,107
2,13,109
2,13,111
2,13,113
1,12,114
1,12,115
1,12,116
1,12,116
1,12,116
1,12,115
0,12,115
0,11,115
0,11,115
0,11,115
0,11,115
1,11,114
1,11,114
2,11,114
2,11,114
2,11,114
2,11,114
2,11,114
2,11,114
2,12,114
2,12,113
2,12,113
1,12,111
1,12,110
1,12,110
1,12,110
2,12,108
2,12,106
2,12,105
3,12,105
3,12,102
3,12,102
3,12,101
3,11,100
3,11,100
2,11,102
2,11,104
1,11,105
1,12,108
1,12,109
2,12,110
2,13,111
2,13,111
2,13,112
0,12,113
0,12,113
0,12,113
0,12,113
0,12,113
0,12,113
1,12,113
2,12,113
1,13,111
1,13,110
1,13,110
1,13,109
1,13,109
1,13,107
1,13,106
1,13,105
2,13,105
2,13,105
3,12,100
3,12,100
3,11,100
2,11,100
2,11,99
2,11,98
2,11,98
2,11,98
2,11,97
2,11,97
2,11,96
2,11,96
2,11,97
2,11,98
2,11,98
3,12,99
3,12,99
3,12,99
3,12,100
3,12,100
3,12,100
2,12,100
2,12,100
2,12,99
2,12,100
2,12,100
2,12,100
2,12,100
2,12,100
2,12,101
2,12,101
2,12,102
2,11,103
2,11,103
3,11,103
3,12,102
3,12,102
3,12,102
3,12,102
3,12,102
3,12,102
3,12,102
3,12,103
3,11,103
2,11,103
3,11,104
3,11,105
3,11,105
3,11,105
3,11,105
3,11,105
3,11,105
3,12,105
3,12,105
3,12,105
2,12,105
3,12,106
3,12,106
3,12,105
4,12,105
4,12,104
3,12,104
3,12,103
3,12,102
3,12,101
3,12,100
2,11,99
2,11,99
2,11,99
2,11,99
2,11,100
3,11,101
3,11,102
3,11,103
3,11,104
4,12,105
4,12,106
4,12,106
3,11,108
2,11,108
2,11,108
2,11,108
2,12,108
2,12,108
2,12,108
1,12,107
1,12,107
1,12,107
2,12,107
2,12,107
2,12,107
2,12,107
2,12,107
2,12,106
2,12,106
2,12,106
2,12,105
2,12,105
2,12,105
1,11,104
1,11,103
1,11,103
2,11,103
2,12,103
2,12,103
3,12,103
3,12,104
3,12,104
3,12,104
3,12,103
3,12,103
3,12,103
3,12,103
4,12,103
4,12,102
3,12,100
3,12,100
3,11,100
3,11,100
3,11,101
3,11,101
2,11,104
2,12,107
2,12,109
2,13,111
2,13,113
2,13,115
2,13,115
2,12,116
1,12,116
1,12,116
1,12,116
1,12,115
1,12,115
1,11,115
1,11,115
1,11,114
1,11,114
1,11,114
1,11,114
2,11,114
2,11,114
1,12,114
2,12,114
2,12,114
2,12,114
2,12,113
2,12,113
1,12,112
1,12,111
2,12,110
1,12,110
1,12,110
2,12,109
2,12,107
2,12,106
3,12,105
3,12,102
3,12,101
3,12,100
3,11,100
2,11,100
2,11,100
2,11,103
1,11,105
1,12,107
1,12,109
2,12,109
2,13,111
2,13,111
2,13,111
0,12,113
0,12,113
0,12,113
0,12,113
0,12,113
0,12,113
0,12,113
1,12,113
1,13,113
1,13,111
1,13,110
1,13,110
1,13,110
1,13,109
1,13,107
1,13,107
1,13,105
2,13,105
3,12,100
2,12,100
2,11,100
2,11,99
2,11,99
2,11,98
2,11,98
2,11,98
2,11,98
2,11,98
2,11,98
2,11,98
2,11,98
2,11,98
2,11,98
3,12,99
3,12,99
3,12,100
3,12,100
3,12,100
3,12,100
3,12,100
3,12,100
3,13,101
3,12,100
2,12,100
2,12,100
2,12,100
2,12,101
3,12,101
3,12,102
3,12,102
3,12,103
3,12,103
3,12,103
3,12,102
3,12,102
3,12,102
3,12,102
3,12,102
3,12,103
3,12,103
3,12,103
3,11,104
3,11,104
3,11,105
3,11,105
3,11,105
3,11,105
3,12,106
3,12,105
3,12,105
3,12,105
3,12,105
3,12,104
3,12,104
3,11,104
3,11,105
3,11,105
4,11,105
4,12,104
3,12,104
3,12,102
3,12,102
3,12,101
3,12,100
2,12,100
2,11,99
2,11,99
2,11,101
3,11,101
3,11,102
3,11,104
3,11,104
3,11,105
3,11,106
3,11,106
2,11,106
2,11,108
2,11,108
2,11,108
2,11,109
1,11,109
1,12,109
1,12,109
1,12,108
1,13,108
1,12,108
1,12,109
1,12,109
2,12,109
2,12,108
2,12,108
2,12,108
2,12,108
2,12,106
2,12,106
2,12,106
2,12,105
1,12,105
1,12,105
2,12,105
2,12,105
2,12,105
2,12,104
3,12,104
3,12,103
4,12,103
4,12,102
3,12,102
4,12,101
3,12,100
3,12,99
4,12,98
3,11,98
3,11,96
2,11,96
3,11,98
3,11,99
3,11,101
3,11,104
2,11,106
2,12,109
2,12,111
2,13,113
2,13,115
2,13,116
2,13,116
2,12,116
2,12,116
2,12,116
2,12,116
1,12,115
1,12,115
1,12,115
1,11,114
1,11,114
1,11,114
1,11,114
1,11,114
1,11,114
1,11,114
1,12,113
2,12,114
2,12,114
2,12,114
2,12,113
2,12,113
1,12,112
1,12,111
2,12,111
2,12,111
2,12,110
2,12,110
2,12,108
2,12,106
3,12,105
3,12,103
3,12,101
2,12,100
2,11,100
2,11,100
2,11,100
2,11,100
1,11,105
1,12,107
1,12,109
2,13,109
2,13,111
2,13,111
2,13,111
1,13,113
0,12,113
0,12,113
0,12,113
0,12,113
0,12,113
0,12,113
1,12,113
1,13,113
1,13,111
2,13,111
2,13,110
1,13,110
1,13,110
1,13,109
1,13,107
1,13,106
1,13,105
2,12,100
2,12,100
2,12,100
2,12,100
2,11,99
2,11,99
2,11,98
2,11,98
2,11,98
2,11,98
2,11,98
2,11,98
2,11,98
2,11,98
2,11,98
3,11,99
3,11,99
3,12,100
3,12,100
3,12,100
3,12,100
3,12,100
3,12,101
3,13,101
3,13,101
3,13,101
3,13,101
3,12,101
3,12,101
3,12,102
3,12,102
3,12,102
3,12,103
3,12,103
3,12,103
3,12,103
3,12,102
3,12,102
3,12,102
3,12,102
3,12,102
3,12,103
3,12,103
3,12,104
3,11,104
3,11,105
3,11,105
3,11,105
3,12,105
3,12,106
3,12,106
3,12,106
3,12,106
3,12,105
3,12,104
3,11,104
3,11,104
3,11,104
3,11,104
3,11,105
4,11,105
4,11,104
3,12,104
3,12,103
3,12,102
3,12,101
3,12,100
2,12,100
2,12,100
2,12,100
3,11,101
3,11,102
3,11,104
3,11,104
3,11,105
3,11,105
3,11,106
3,11,106
2,11,106
2,11,108
2,11,108
1,11,108
0,11,109
0,12,109
0,12,109
1,12,109
1,13,109
1,13,108
1,12,108
1,12,109
1,12,109
1,12,109
2,11,109
2,11,109
2,11,109
2,12,108
2,12,108
2,12,108
2,12,108
2,12,108
2,12,108
2,12,108
2,12,106
2,12,106
2,12,105
3,12,105
3,12,104
4,13,103
4,13,102
4,12,102
3,12,100
3,12,99
3,11,97
3,11,96
3,11,94
3,11,92
2,11,90
2,11,92
2,11,94
2,11,98
2,11,100
2,11,104
2,11,107
2,12,110
2,12,112
2,12,115
2,12,116
2,12,116
2,12,116
2,12,116
2,12,116
3,12,116
2,12,116
2,12,115
2,12,115
1,12,114
1,11,113
1,11,113
1,11,113
1,11,113
1,11,113
1,11,113
1,11,113
1,11,113
1,11,114
1,12,114
1,12,114
1,12,113
1,12,113
1,12,112
1,12,111
2,12,111
2,12,111
2,12,111
2,12,111
2,12,110
2,12,107
2,13,106
2,13,105
2,13,102
2,12,101
2,12,100
2,11,100
2,11,100
2,11,103
1,11,105
1,12,107
2,12,109
2,13,109
2,13,111
2,13,111
2,13,111
2,13,113
0,12,113
0,12,113
0,12,113
0,12,113
0,12,113
0,12,113
1,13,113
1,13,113
1,13,112
2,13,111
2,13,111
2,13,110
1,13,110
1,13,110
0,13,109
0,13,106
1,13,106
1,13,105
2,12,100
2,12,100
2,12,100
2,12,100
2,12,100
2,12,99
2,12,99
2,11,98
2,11,98
2,11,98
2,11,98
2,11,98
2,11,98
2,11,98
2,11,99
2,11,99
3,12,100
3,12,100
3,12,100
3,12,100
3,12,100
3,12,100
3,12,101
3,13,101
3,13,102
3,13,102
4,12,102
3,12,102
3,12,102
3,12,102
3,12,102
3,12,103
3,12,103
3,12,103
3,12,103
3,12,102
3,12,102
3,12,102
3,12,102
3,12,102
3,12,102
3,12,103
3,12,103
3,11,104
3,11,105
3,11,105
3,11,105
3,11,105
3,12,106
3,12,106
3,12,106
3,12,106
3,12,106
3,12,106
3,12,104
3,11,104
3,11,104
3,11,104
3,11,104
3,11,105
3,11,104
3,11,104
3,11,104
3,12,103
3,12,102
3,12,101
2,12,100
2,12,100
2,12,100
2,12,101
3,12,102
3,11,104
3,11,104
3,11,105
3,11,105
3,11,105
3,11,106
2,11,106
2,11,106
2,11,106
1,12,108
1,11,108
0,11,108
0,12,109
0,12,109
1,12,109
1,12,109
1,12,108
1,12,108
1,12,109
1,12,109
1,11,109
1,11,109
2,11,109
2,11,109
2,11,109
2,11,109
2,12,109
2,12,109
2,12,109
2,11,108
2,12,108
2,12,108
2,12,107
2,12,106
3,13,105
4,13,105
4,13,103
4,13,102
4,12,100
3,12,98
3,11,96
3,11,94
3,11,92
3,10,90
2,10,89
2,10,90
1,10,90
1,10,92
2,11,94
2,11,99
2,11,104
2,11,108
2,12,111
3,12,113
2,12,115
2,12,116
3,12,116
3,12,116
3,12,116
3,12,116
3,12,116
3,12,115
2,12,114
2,11,114
2,11,112
1,11,112
1,11,112
1,11,112
1,11,112
1,11,112
1,11,113
1,11,113
1,12,113
1,12,114
1,12,114
1,12,114
1,12,114
1,12,113
1,12,113
1,12,112
2,12,111
1,12,112
2,12,111
2,12,111
2,12,111
2,13,109
2,13,106
2,13,105
2,13,104
2,13,103
2,13,101
2,12,101
2,11,103
2,11,104
1,12,106
1,12,108
2,12,109
2,13,110
2,13,111
2,13,111
2,13,112
1,12,113
0,12,113
0,12,113
0,12,113
0,12,113
0,12,113
0,12,113
0,12,113
1,13,113
1,13,113
2,13,112
2,13,111
1,13,111
1,13,111
0,13,110
0,13,109
0,13,108
0,13,106
0,12,105
2,12,100
2,12,100
2,12,100
2,12,100
2,12,100
2,12,100
2,12,100
2,12,99
2,12,99
2,12,99
2,11,98
2,11,98
2,11,98
2,11,99
2,11,100
2,12,100
2,12,100
3,12,100
3,12,100
3,12,100
3,12,100
3,12,101
3,12,102
3,12,102
3,12,102
4,12,102
4,12,103
4,12,103
4,12,103
3,12,103
3,12,103
3,12,103
3,12,103
3,12,103
3,12,102
3,12,102
3,12,101
3,12,101
3,12,101
3,12,101
3,12,102
3,12,102
3,12,103
3,11,104
3,11,105
3,11,105
3,11,105
3,12,106
3,12,106
3,12,106
3,12,107
3,12,106
3,12,106
3,12,106
3,12,106
3,11,105
3,11,105
3,11,105
3,11,105
3,11,105
3,11,105
3,11,104
3,11,104
3,12,103
3,12,102
3,12,102
2,12,101
2,12,101
2,12,101
3,12,102
3,12,102
3,11,104
3,11,104
3,11,104
3,11,105
3,11,105
3,11,105
3,12,105
2,12,105
1,12,105
1,12,106
1,12,106
0,12,108
0,12,108
1,12,108
1,11,109
1,12,108
1,12,108
1,11,108
1,11,108
1,11,109
1,11,109
1,11,109
2,11,109
2,11,109
2,11,109
2,11,109
2,12,109
2,12,109
2,12,109
2,12,109
2,12,109
2,12,109
2,12,108
3,12,107
4,12,106
4,13,105
4,13,103
4,13,102
4,12,99
3,11,96
3,11,93
3,11,91
3,10,89
2,10,87
2,10,88
2,10,89
1,10,89
1,10,90
1,10,94
1,11,99
2,11,104
2,12,109
2,12,111
2,12,113
2,12,114
2,12,115
2,12,116
3,12,116
3,12,116
3,12,116
3,12,115
3,12,115
2,12,113
2,12,112
1,12,110
1,11,109
0,11,109
1,11,109
1,11,111
1,11,112
1,11,112
1,11,113
2,11,113
2,11,114
2,12,114
2,12,114
2,12,114
2,12,114
1,12,113
2,12,113
2,12,113
2,12,113
2,12,112
2,12,112
2,13,111
2,13,110
2,13,107
2,13,106
2,13,105
2,13,105
3,13,103
3,13,103
3,12,105
2,12,107
1,12,108
1,12,109
2,12,109
2,13,111
2,13,111
2,13,112
2,12,112
0,12,113
0,12,113
0,12,113
0,12,113
0,12,113
0,12,113
0,12,114
1,13,114
1,13,114
2,13,113
2,13,113
2,13,111
2,13,111
1,13,111
0,13,111
0,13,109
0,12,108
0,12,106
0,12,106
2,12,100
2,12,100
2,12,100
2,12,100
2,12,100
2,12,100
2,12,100
2,12,100
2,12,100
2,12,100
3,12,100
2,12,100
2,12,100
2,12,100
2,12,100
2,12,100
2,12,100
3,12,100
3,12,100
3,12,100
3,12,100
3,12,101
3,12,102
3,12,102
3,12,102
3,12,103
4,12,103
4,12,104
4,12,105
4,12,105
4,12,105
4,12,104
4,12,104
3,12,103
3,12,103
3,12,102
3,12,102
3,12,101
3,12,101
3,12,100
3,12,100
3,12,101
3,12,102
3,12,102
3,12,104
3,11,104
3,11,105
3,11,105
3,12,106
3,12,106
3,12,107
3,12,107
3,12,107
3,12,107
2,12,106
2,12,106
2,11,106
2,11,106
2,11,106
2,11,106
3,11,106
3,11,106
3,11,105
3,12,105
3,12,104
3,12,102
3,12,102
2,12,101
2,12,101
2,12,101
3,12,101
3,11,102
3,11,102
3,11,104
3,11,104
3,11,104
3,11,104
3,12,104
3,12,104
3,12,104
1,12,104
1,12,104
1,12,104
1,12,105
1,12,106
1,11,107
1,11,108
1,11,108
1,11,108
2,11,108
2,11,108
2,11,109
2,11,109
2,11,109
1,11,109
1,11,109
1,11,109
1,11,109
1,11,109
2,12,110
2,12,110
2,12,110
2,12,110
2,12,109
3,12,109
4,12,107
4,12,106
4,13,105
4,13,103
4,12,101
4,12,97
3,11,94
3,11,92
3,10,89
3,10,88
3,10,87
2,10,87
2,10,88
0,10,89
0,10,92
0,10,96
1,11,99
1,11,104
2,11,108
2,12,111
2,12,113
2,12,113
2,12,114
2,12,115
2,12,115
2,12,115
2,12,115
3,12,114
2,12,114
2,12,112
2,12,109
1,12,108
0,11,106
0,11,107
0,11,109
1,11,109
1,11,111
1,11,112
2,11,112
2,11,114
2,11,114
2,11,114
2,11,114
2,11,114
2,12,114
2,12,113
2,12,113
2,12,113
2,12,113
2,12,113
2,13,113
2,13,111
2,13,110
2,13,108
2,13,107
2,13,106
2,13,105
2,13,105
3,13,106
3,13,107
2,12,108
1,12,110
1,13,110
1,12,110
1,13,111
1,13,111
1,12,112
0,12,113
0,12,113
0,12,113
0,12,113
0,12,113
0,12,114
0,12,114
0,12,114
1,13,114
1,13,114
2,13,114
2,13,114
2,13,113
2,13,111
1,13,111
1,13,111
0,13,110
0,12,109
1,12,106
1,12,106
2,12,105
2,12,100
2,12,100
2,12,100
2,12,100
2,12,100
2,12,100
2,12,100
2,12,100
3,12,100
3,12,100
3,13,101
3,13,101
3,13,101
3,12,101
3,12,101
3,12,100
3,12,100
3,12,100
3,12,100
3,12,101
3,12,101
3,13,102
3,12,102
3,12,102
3,12,103
3,12,103
4,12,104
4,12,105
4,12,106
4,12,106
4,12,105
4,12,105
4,12,104
4,13,103
4,13,103
4,13,102
3,13,101
3,12,101
3,12,100
3,11,100
2,11,100
3,11,101
3,11,101
3,11,102
3,11,103
3,11,104
3,11,104
3,11,105
3,12,106
3,12,107
3,12,107
3,13,107
3,12,108
2,12,108
2,12,108
2,12,107
2,12,106
2,11,108
2,11,108
2,11,108
2,11,106
3,11,106
4,12,106
4,12,105
3,12,104
3,12,104
3,12,102
2,12,101
2,12,101
2,12,101
2,11,100
3,11,101
3,11,102
3,11,102
3,11,104
3,11,104
3,11,104
3,12,102
3,12,102
3,12,102
1,12,102
1,12,102
1,12,102
1,11,102
1,11,103
1,11,105
1,11,107
1,11,108
2,11,108
2,11,108
2,11,108
2,12,109
2,11,109
2,11,109
1,11,110
1,11,110
1,11,109
1,11,110
1,11,110
1,12,110
2,12,110
2,12,110
2,12,110
3,12,110
4,12,109
4,12,108
4,13,107
4,13,105
4,13,103
4,12,100
4,11,96
3,11,95
3,11,92
3,10,89
3,10,88
3,10,87
3,10,88
2,10,89
0,10,90
0,10,94
0,10,98
1,10,100
1,11,105
2,12,109
2,12,110
2,12,111
2,12,113
2,12,113
2,12,114
2,12,115
2,12,115
2,12,114
3,12,114
2,12,113
2,12,110
2,12,108
1,12,107
0,11,106
0,11,107
0,11,108
1,11,109
1,11,110
2,12,112
2,12,113
2,12,114
2,11,114
2,11,114
2,11,114
2,11,114
2,11,114
2,11,114
2,11,114
2,12,113
2,12,113
2,12,113
2,13,113
2,13,111
2,13,110
2,14,109
2,13,107
2,13,107
2,13,107
2,13,107
3,13,108
3,13,108
2,12,110
1,12,110
1,13,111
1,13,111
1,13,111
1,13,112
1,12,112
0,12,113
0,12,113
0,12,113
0,12,114
0,12,114
0,12,114
0,12,114
1,13,114
1,13,114
1,13,115
2,13,114
3,13,114
3,13,114
2,13,113
1,13,111
1,13,111
0,13,111
0,12,109
1,12,108
1,12,106
2,12,105
3,13,101
2,12,100
2,12,100
2,12,100
2,12,100
2,12,100
2,12,100
2,12,100
2,12,100
3,12,101
3,13,101
3,13,102
3,13,102
4,13,103
3,13,102
3,12,102
3,12,102
3,12,102
3,12,102
3,13,102
4,13,103
4,13,103
4,13,103
3,12,103
3,12,103
4,12,104
4,12,105
4,12,106
4,12,106
4,12,106
4,11,106
4,12,106
4,12,105
4,12,104
4,13,103
4,13,102
3,13,101
3,12,100
2,11,99
2,11,98
2,10,98
2,11,99
2,11,100
3,11,101
3,11,102
3,11,104
3,11,104
3,11,105
3,12,106
3,12,107
3,12,107
3,12,107
3,12,108
2,12,108
2,12,108
2,12,108
2,12,108
2,12,108
2,12,108
2,12,108
3,11,108
3,12,106
4,12,106
4,12,106
4,12,105
3,12,104
3,12,102
2,11,102
2,11,101
2,11,100
2,11,100
3,11,100
3,11,100
3,11,101
3,11,101
3,11,101
3,11,101
3,11,100
3,11,100
3,11,100
1,11,100
1,11,99
1,11,100
1,11,100
1,10,101
1,10,103
1,10,104
2,11,107
2,11,108
2,11,108
2,11,108
3,12,109
2,12,109
2,12,110
1,12,110
1,11,110
1,11,110
1,11,110
1,11,112
1,12,112
1,12,111
2,12,111
2,12,110
3,12,110
4,12,109
4,12,108
4,12,107
4,13,105
4,12,103
4,12,101
4,11,99
3,11,96
3,11,94
3,10,91
3,10,89
3,10,88
3,10,89
2,10,90
1,10,93
0,10,96
0,11,100
1,11,102
1,12,105
2,12,109
2,12,110
2,12,111
2,12,113
2,12,113
2,12,113
2,12,113
2,12,113
2,12,113
2,12,113
2,12,113
2,12,110
2,12,108
2,12,107
1,11,106
0,11,107
1,11,108
1,11,109
2,12,110
2,12,112
2,12,113
2,12,113
2,12,114
2,12,114
2,12,114
2,11,114
2,11,114
2,11,114
2,11,114
2,12,114
2,12,114
2,12,113
2,13,113
2,13,111
2,13,111
2,14,110
2,13,108
2,13,107
1,13,107
2,13,107
2,13,108
2,12,109
2,12,110
2,13,111
1,13,111
1,12,111
1,13,112
1,12,112
1,12,113
1,12,113
0,12,113
0,12,114
0,12,114
0,12,114
0,12,114
0,12,114
1,12,114
1,13,115
2,13,115
3,13,115
3,13,114
3,12,114
2,13,113
2,13,113
1,13,111
0,12,111
0,12,109
1,12,108
2,12,106
2,12,105
3,13,101
2,12,100
2,12,100
2,12,100
2,12,100
2,12,100
2,12,100
2,12,100
3,12,101
3,13,101
3,13,102
4,13,103
4,13,103
4,13,103
4,13,103
4,13,103
3,13,102
4,13,103
4,13,103
4,13,103
4,13,103
4,13,103
4,13,103
4,12,103
4,12,104
4,12,105
4,12,106
4,12,106
4,12,106
4,11,106
4,11,106
4,11,106
4,12,105
4,12,103
4,12,103
4,13,101
3,12,100
2,11,99
2,11,98
1,10,97
1,10,97
1,10,98
2,10,99
2,11,100
2,11,101
3,11,102
3,11,104
3,11,104
3,12,106
3,12,106
3,12,107
3,12,107
2,12,108
2,12,108
2,12,108
1,12,108
1,12,108
2,12,108
2,12,108
2,12,108
2,12,108
3,12,107
4,12,106
4,12,106
4,12,105
3,12,104
3,11,104
2,11,102
2,11,101
2,10,100
2,10,100
2,10,99
3,10,99
3,11,99
3,11,100
3,11,100
3,11,100
3,11,99
3,11,99
2,11,97
1,10,97
1,10,97
1,10,97
1,10,98
1,10,99
1,10,101
1,10,103
2,10,105
2,11,107
2,11,108
3,12,108
3,12,109
3,12,110
2,12,110
1,12,110
1,12,110
1,11,110
1,11,112
1,11,112
1,12,112
1,12,112
2,12,111
2,12,110
2,12,110
3,12,109
3,12,108
4,12,107
4,12,105
4,12,105
4,12,102
4,12,100
3,12,99
3,11,96
3,11,95
4,11,92
3,11,92
3,11,92
2,11,95
2,11,96
1,11,100
1,11,101
1,11,104
1,12,106
2,12,109
2,12,110
2,12,110
2,12,111
2,12,111
2,12,113
2,12,113
2,12,113
2,12,113
2,12,113
2,12,112
2,12,111
2,12,109
3,12,108
2,12,107
2,11,108
2,11,109
2,11,110
2,12,112
2,12,113
2,12,113
2,12,113
2,12,113
2,12,114
2,12,114
2,12,114
2,11,114
2,11,114
2,11,114
2,11,114
2,11,114
2,12,114
2,13,113
2,13,112
2,13,111
1,14,110
1,13,108
2,13,108
1,13,107
1,12,107
2,12,108
1,12,109
1,12,110
1,12,110
1,13,111
1,12,111
1,13,112
1,12,113
1,12,113
1,12,113
1,12,113
0,12,114
0,12,114
0,12,114
1,12,114
1,12,114
1,12,115
1,12,115
3,12,115
3,13,115
3,13,115
3,12,114
2,12,114
2,13,113
2,13,112
2,12,111
2,12,110
2,13,108
2,12,106
2,12,105
3,13,101
2,12,100
2,12,100
2,12,100
2,12,100
2,12,100
2,12,100
2,12,100
2,12,100
2,12,101
3,12,102
3,13,102
4,13,103
4,13,103
4,13,103
4,13,103
4,13,103
4,13,103
4,13,103
4,13,103
4,13,103
4,13,103
4,13,103
4,13,103
4,13,103
4,12,104
4,12,105
4,12,106
4,12,106
4,12,106
4,11,106
4,11,106
4,12,106
4,12,105
4,12,103
4,12,103
4,12,101
3,12,100
2,11,98
1,10,97
1,10,97
1,10,97
1,10,97
1,10,98
2,10,99
2,11,101
2,11,102
2,11,103
3,11,104
3,11,105
3,12,106
2,12,106
2,12,107
2,12,107
2,12,108
1,12,108
1,12,108
1,12,108
1,12,108
2,12,108
2,12,108
2,12,107
3,12,106
4,12,106
4,12,106
4,12,105
3,12,104
3,11,104
3,11,103
2,11,101
2,10,100
2,10,100
2,10,99
3,10,99
3,10,99
3,10,99
3,11,99
3,10,99
3,10,97
2,10,97
1,9,94
1,8,93
1,9,93
1,9,95
1,9,96
1,9,98
1,9,100
2,10,102
2,11,105
2,11,106
2,11,108
2,12,108
3,12,109
2,12,109
2,12,110
1,12,110
1,12,110
1,11,111
1,11,112
1,11,112
1,11,112
1,12,112
1,12,111
1,12,110
1,13,110
1,13,109
2,13,108
2,12,107
2,12,106
2,12,105
3,12,104
3,12,103
3,12,101
3,12,99
4,12,99
4,12,96
4,12,96
3,12,96
2,12,98
2,12,100
1,12,102
1,12,104
1,12,105
2,12,106
2,12,109
2,12,109
2,12,110
1,12,110
2,12,110
2,12,110
2,12,110
2,12,111
2,12,113
2,12,112
3,12,111
3,12,111
3,13,111
4,12,110
3,12,109
3,11,110
3,11,111
3,11,112
3,11,113
3,12,113
2,12,113
2,12,113
2,12,113
2,12,113
2,12,113
2,12,113
2,11,114
2,11,114
2,11,114
2,11,114
2,11,114
2,11,114
2,12,114
2,13,112
2,14,111
2,14,110
2,13,110
2,13,108
1,12,107
1,12,107
1,12,108
1,12,108
1,12,109
1,12,110
1,13,110
1,13,111
1,13,111
1,13,112
2,13,113
2,12,113
2,12,113
2,12,114
2,12,114
2,12,114
2,12,114
1,12,114
1,13,115
2,13,115
3,13,115
3,13,115
3,13,115
3,12,114
3,12,114
2,12,113
2,13,113
2,13,111
2,13,110
2,13,108
2,13,107
4,12,105
3,12,104
2,12,100
2,12,100
2,12,100
2,12,100
2,12,100
2,12,100
2,11,100
2,11,100
2,11,100
2,11,101
3,12,102
3,12,102
3,12,102
4,13,103
4,13,103
4,13,103
4,13,103
4,13,103
4,13,103
4,13,103
4,13,103
4,13,103
4,13,103
4,13,103
4,13,103
4,12,105
4,12,105
4,12,106
4,12,106
4,12,106
4,12,106
4,12,106
4,12,106
4,12,105
4,12,103
4,12,103
4,12,101
3,12,100
2,11,98
2,11,98
1,10,97
1,10,97
1,10,97
1,10,98
2,10,100
2,11,101
2,11,101
2,11,103
3,11,104
2,11,104
2,12,106
2,12,106
2,12,106
2,12,106
2,12,107
1,12,107
1,12,108
1,12,108
1,12,108
2,12,107
2,12,107
3,12,106
4,12,106
4,12,106
4,12,105
4,12,105
3,12,104
3,11,104
3,11,104
3,11,103
3,11,101
3,10,100
3,10,99
3,10,99
4,10,99
4,10,99
4,10,99
4,10,99
3,10,97
2,9,94
1,8,92
1,8,92
1,7,92
1,8,93
1,9,95
1,9,97
2,9,98
2,10,102
2,11,105
2,12,106
2,12,107
2,12,108
3,12,109
2,12,109
2,12,110
1,12,110
1,12,110
1,11,110
1,11,111
1,11,112
0,11,112
0,11,111
0,12,111
0,12,110
0,13,109
1,13,109
1,13,108
1,13,107
2,12,106
2,12,106
2,12,105
2,12,104
3,12,104
3,12,104
4,12,103
4,12,102
4,12,102
4,12,102
3,13,102
2,12,103
1,12,104
1,12,105
2,12,106
2,12,108
2,12,109
2,12,109
2,12,109
1,12,109
1,12,109
1,12,109
1,12,110
2,12,110
2,12,110
2,12,111
3,12,111
3,12,111
4,13,111
4,12,111
4,12,112
4,11,112
4,11,113
4,11,113
4,11,113
3,12,113
3,12,113
2,12,113
2,12,113
2,12,113
2,12,113
2,12,113
2,12,113
2,11,113
2,11,114
2,11,114
2,11,114
2,11,114
2,12,114
2,13,113
2,13,111
2,13,111
2,13,110
2,13,108
1,12,107
1,12,107
1,12,107
1,12,108
1,12,108
1,12,109
1,12,110
1,12,110
1,13,111
2,13,111
2,13,112
2,12,113
2,12,113
2,12,114
2,12,114
2,12,114
2,12,114
2,12,115
2,13,115
2,13,115
3,13,115
3,13,115
3,12,115
3,12,115
3,12,114
2,12,114
2,13,113
2,13,111
2,13,110
2,13,109
3,14,107
4,12,105
4,12,103
2,12,100
2,12,100
2,12,100
2,12,100
2,12,100
2,11,100
2,11,100
2,11,100
2,11,101
3,12,101
3,12,102
3,12,102
3,12,102
3,12,102
3,12,102
4,13,103
4,13,103
4,13,103
4,13,103
4,13,103
4,13,103
4,13,103
4,13,103
4,13,103
4,13,103
4,12,103
4,12,105
4,12,105
4,12,106
4,12,106
4,12,106
4,12,106
4,12,105
4,12,105
4,12,103
4,12,102
4,12,101
3,12,100
3,11,99
2,11,98
2,11,98
1,10,97
1,10,98
2,10,99
2,11,100
2,11,101
2,11,102
3,11,103
3,11,104
3,11,104
3,12,105
2,12,106
2,12,106
2,12,106
2,12,106
2,12,106
1,12,106
1,12,106
2,12,106
2,12,106
3,12,106
3,12,106
3,12,106
4,12,105
3,12,105
3,12,104
3,11,104
3,11,104
3,11,104
3,11,104
3,11,103
3,11,101
3,11,100
4,11,100
4,11,100
4,11,100
5,11,99
4,10,99
4,10,97
2,9,94
2,8,92
1,8,92
1,7,92
2,8,93
2,9,95
2,9,97
2,9,99
2,10,103
3,11,105
2,12,106
2,12,107
2,12,108
2,11,109
2,11,109
2,12,110
1,12,110
1,12,110
1,12,110
1,11,110
1,11,111
0,11,111
0,11,111
0,12,110
0,12,109
0,12,109
0,12,108
0,12,108
0,12,108
0,12,106
0,12,106
0,12,106
1,12,106
2,12,105
3,12,105
3,13,105
3,13,106
4,13,106
3,13,106
2,13,105
2,13,105
1,13,106
1,12,106
2,12,106
2,12,108
2,12,108
2,12,108
2,12,108
1,12,108
1,12,108
1,12,108
1,12,108
1,12,109
2,12,110
3,12,110
3,12,111
3,12,111
4,12,111
4,12,111
4,12,112
4,11,113
4,11,113
4,11,113
4,11,113
3,11,113
2,11,113
2,12,113
2,12,113
2,12,113
2,12,113
2,12,113
2,12,113
2,12,113
2,11,113
2,11,114
2,11,114
2,11,114
2,11,114
2,12,113
2,13,111
2,13,111
2,13,110
2,13,107
1,12,106
1,12,106
1,12,106
1,11,106
1,12,107
1,12,108
1,12,109
1,12,109
2,12,110
2,13,111
2,12,111
2,12,113
2,12,113
2,12,113
2,12,114
2,12,114
2,12,114
2,12,115
2,13,115
2,13,115
3,13,115
3,12,115
3,12,115
3,12,115
3,12,114
2,12,114
2,13,113
2,13,111
2,13,110
2,13,109
4,14,107
4,13,105
4,12,103
2,12,100
2,12,100
2,12,100
2,12,100
2,11,100
2,11,100
2,11,100
2,11,100
3,11,101
3,12,101
3,12,101
3,13,102
3,12,102
3,12,102
3,12,102
3,12,102
3,12,102
4,13,103
4,13,103
4,13,103
4,13,103
4,13,103
4,13,103
4,13,103
4,13,103
4,12,103
4,12,103
4,12,105
4,12,105
4,12,105
4,12,105
4,12,105
4,12,105
4,13,103
4,12,103
4,12,103
4,12,101
4,12,101
3,12,99
3,11,99
3,11,99
2,11,99
3,11,99
3,11,100
3,12,101
3,11,101
3,11,102
3,11,103
3,11,104
3,11,104
3,12,105
3,12,105
3,12,106
2,12,106
2,12,105
2,12,105
2,12,105
2,12,105
2,12,105
2,12,105
2,12,105
2,12,105
3,12,105
3,12,105
3,12,104
3,11,104
3,11,104
3,11,104
3,11,104
3,11,104
3,11,104
3,11,103
4,11,102
4,11,102
4,11,101
4,11,101
5,11,100
4,11,100
4,10,98
3,9,96
2,9,94
2,8,92
2,7,92
2,8,95
2,9,96
3,9,98
3,10,101
3,11,104
3,11,105
3,12,107
2,12,108
3,12,108
3,12,109
2,11,109
2,11,109
1,12,110
1,12,110
1,12,110
1,12,110
1,11,110
0,11,110
1,12,110
0,12,110
0,12,109
0,12,109
0,12,108
0,12,108
0,12,108
0,12,108
0,12,106
0,12,106
0,12,106
1,12,106
1,12,107
2,13,107
2,13,109
2,13,109
2,13,109
2,13,107
2,13,107
1,13,106
2,13,107
2,12,108
2,12,108
2,12,108
2,12,108
2,12,106
2,12,106
1,12,106
1,11,105
1,11,105
1,11,108
2,12,109
3,12,110
3,12,110
3,12,111
4,12,111
4,12,111
4,12,113
4,12,113
4,11,113
4,11,113
4,11,113
2,11,113
2,11,113
2,12,113
2,12,113
2,12,113
2,12,113
2,12,113
2,12,112
2,11,112
1,11,112
2,11,114
2,11,114
2,11,114
2,11,114
2,12,113
2,13,111
2,13,111
2,13,109
2,13,106
1,12,105
1,12,105
1,11,104
1,11,104
1,11,105
1,12,105
1,12,106
1,12,107
2,12,109
2,13,109
2,12,110
2,12,111
2,12,112
2,12,113
2,12,114
2,12,114
2,12,115
2,13,115
2,13,115
2,13,115
3,13,115
3,12,115
3,12,115
3,12,115
3,12,114
2,12,114
2,13,113
2,13,111
2,13,110
2,13,109
4,14,107
4,14,105
4,13,103
2,12,100
2,12,100
2,12,100
2,12,100
2,11,100
2,11,100
2,11,100
2,11,100
2,11,101
3,12,101
3,12,101
3,12,101
3,12,101
3,12,101
3,12,101
3,12,101
3,12,102
3,12,102
4,13,103
4,13,103
4,13,103
4,13,103
4,13,103
4,13,103
4,13,103
4,13,103
4,13,103
4,13,103
4,12,103
4,12,103
4,12,103
4,12,103
4,13,103
4,13,103
4,13,103
4,12,102
4,12,101
4,12,101
3,12,100
3,12,99
3,12,99
2,12,99
3,12,100
3,12,100
3,12,101
3,12,102
3,12,102
3,11,103
3,11,104
3,11,104
3,12,105
3,12,105
3,12,105
3,12,105
2,12,104
2,11,104
2,11,104
2,11,104
2,11,102
2,11,102
2,12,102
2,12,102
2,12,102
3,12,102
3,11,103
3,11,104
3,11,104
3,11,104
3,11,104
4,12,105
4,12,105
4,12,104
4,12,104
4,12,104
4,12,103
4,12,103
5,12,102
4,12,101
4,12,100
4,11,99
3,10,98
2,9,96
2,9,96
2,9,97
3,9,98
3,10,100
3,11,103
3,11,105
3,11,105
2,11,107
2,12,108
3,12,109
3,12,109
2,11,109
2,11,109
1,12,109
1,12,110
1,12,110
1,12,110
1,12,110
1,12,110
1,12,110
1,12,109
0,12,109
0,12,109
0,12,108
0,12,108
0,12,108
0,12,108
0,12,108
0,12,108
0,12,108
0,12,108
1,12,109
1,13,109
2,13,110
2,13,110
2,13,110
2,13,110
1,13,109
1,13,109
1,13,108
1,12,108
2,12,108
2,12,108
2,12,106
2,12,106
2,12,106
2,12,105
1,11,105
1,11,105
2,11,105
3,12,108
3,12,109
3,12,109
3,12,110
3,12,110
3,11,109
3,11,112
3,11,113
3,11,113
3,11,114
3,11,114
2,11,113
2,11,113
2,11,113
2,11,113
2,12,112
2,12,112
2,12,112
1,12,111
1,11,111
1,11,112
1,11,112
2,11,114
2,11,114
2,11,114
2,12,113
2,12,111
2,13,111
2,13,107
2,13,106
2,12,105
1,11,103
1,11,101
1,11,101
0,11,103
1,11,104
1,12,105
1,12,106
2,12,106
2,12,108
2,12,109
2,12,110
2,12,111
2,12,113
2,12,113
2,12,114
2,13,115
2,13,115
1,13,115
1,13,115
2,13,115
3,12,115
3,12,115
3,12,115
3,12,114
2,12,114
2,13,113
2,13,111
2,13,109
2,13,108
3,13,107
4,13,104
3,13,102
2,12,100
2,12,100
2,12,100
2,12,100
3,12,100
3,11,100
3,11,100
2,11,100
2,11,100
2,12,101
2,12,101
3,12,101
3,12,101
2,12,101
2,12,101
2,12,101
2,12,101
2,12,101
3,12,102
3,12,102
3,12,102
3,12,102
3,12,102
3,12,102
3,12,102
3,12,103
3,13,103
3,13,103
3,13,103
3,13,103
3,13,103
3,13,103
4,12,103
4,13,103
4,13,103
4,12,102
4,12,102
4,12,101
4,12,100
3,12,100
3,11,100
3,11,99
2,12,99
3,12,100
3,12,101
3,12,101
3,12,102
3,12,102
3,12,103
3,12,104
4,12,104
4,12,105
4,12,105
3,12,105
3,12,104
3,11,104
2,11,104
2,11,102
2,11,101
2,11,101
1,10,100
1,10,100
1,10,100
1,10,100
2,10,100
2,10,101
2,11,102
3,11,104
3,11,104
3,11,104
4,12,105
4,12,105
4,12,105
3,12,105
4,12,105
4,12,105
4,12,105
4,12,104
4,12,103
4,12,102
4,12,101
3,11,100
3,10,99
3,10,99
3,10,99
3,10,101
3,11,103
3,11,104
3,11,105
2,11,106
2,11,108
2,12,108
2,12,108
2,12,109
2,11,109
2,11,109
1,12,109
1,12,110
1,12,110
1,12,110
1,12,110
1,12,110
1,12,109
1,12,109
1,12,109
1,12,109
1,12,109
0,12,108
0,12,108
0,12,108
0,12,108
0,12,108
0,12,108
1,12,109
1,13,109
1,13,110
2,13,110
1,13,111
1,13,110
2,13,110
1,13,110
1,13,109
1,13,109
2,13,108
2,12,108
2,12,106
2,12,106
2,12,106
2,12,105
2,12,105
2,12,105
1,11,105
2,12,105
3,12,106
3,12,108
3,12,109
3,12,109
3,12,108
2,11,108
2,11,109
2,12,111
2,12,113
2,11,113
2,11,113
2,11,113
1,11,113
1,11,112
1,11,112
1,11,112
1,11,112
1,12,112
1,12,111
1,11,111
1,11,111
1,11,112
2,11,113
2,11,114
2,11,114
2,12,113
2,12,113
2,13,111
2,13,107
3,13,105
2,12,103
1,11,101
1,11,99
1,11,99
0,11,99
0,11,101
1,11,103
1,12,104
2,12,106
2,12,106
2,12,108
2,12,109
2,12,110
2,12,112
2,12,113
2,12,114
2,13,115
1,13,115
1,13,115
1,13,115
2,13,115
3,12,115
3,12,115
3,12,115
3,12,114
2,13,114
2,13,113
2,13,111
2,13,109
2,13,108
3,13,105
3,13,104
3,13,101
3,12,97
2,12,100
2,12,100
2,12,100
2,12,100
3,12,100
2,11,100
2,11,100
2,11,100
2,12,100
2,12,100
3,13,100
3,13,100
2,12,100
2,12,100
2,12,100
2,12,100
2,12,100
2,12,100
2,12,101
3,12,101
3,12,102
3,12,102
3,12,102
3,12,102
3,12,102
3,12,102
3,13,102
2,13,103
3,13,103
3,13,102
3,13,101
3,13,101
3,12,101
3,13,101
3,12,101
4,12,101
4,12,101
4,12,101
3,12,100
3,12,100
3,11,99
2,11,99
2,12,99
2,12,100
3,12,101
3,12,101
3,12,102
3,12,102
3,12,102
3,12,104
4,12,105
4,12,105
4,12,105
3,11,104
3,11,104
3,11,103
2,11,101
2,11,101
2,10,100
1,10,99
1,10,98
1,9,98
1,9,98
1,9,98
1,9,99
1,10,99
2,10,100
2,11,102
3,11,104
3,11,104
3,12,105
3,12,105
3,12,105
3,12,105
3,12,106
3,12,105
3,12,105
4,12,105
4,12,105
4,12,104
4,12,103
3,11,102
3,11,101
2,11,101
2,11,101
3,11,104
3,11,104
2,11,105
2,11,105
2,11,105
2,11,106
2,11,108
3,11,108
3,12,109
3,11,109
2,11,109
2,12,109
1,12,109
1,12,109
1,12,110
1,12,110
1,12,109
1,12,109
1,12,109
1,12,109
1,12,109
1,12,109
1,12,109
0,12,108
0,12,108
0,12,108
0,12,108
0,12,109
0,12,109
1,13,110
1,13,110
0,13,111
0,13,111
0,13,110
1,13,110
1,13,110
1,13,109
1,13,109
1,13,108
2,12,108
2,12,106
2,12,106
2,12,106
2,12,106
2,12,105
2,12,105
2,12,105
2,12,105
3,12,107
3,12,108
2,12,109
2,12,109
2,12,108
2,12,108
2,12,109
2,12,110
2,12,111
2,12,112
2,11,113
1,11,112
1,11,112
1,11,112
1,11,112
1,11,112
1,11,111
1,11,111
1,11,111
1,11,111
1,11,111
1,11,112
2,11,113
2,11,113
2,11,113
2,11,113
2,12,111
2,13,111
3,13,107
3,13,105
2,12,102
2,11,99
1,11,98
1,11,97
0,11,97
1,11,99
1,11,101
2,12,103
2,12,105
2,12,106
2,12,106
2,12,108
2,12,109
2,12,112
2,12,113
2,12,114
1,12,115
1,13,115
1,13,116
1,13,115
1,12,115
2,12,115
2,12,115
2,12,115
2,12,114
2,13,114
2,13,113
2,13,111
2,13,109
2,13,108
2,13,105
3,13,104
3,13,100
3,12,97
3,12,101
3,12,101
3,12,100
3,12,100
3,12,100
2,12,100
2,12,100
2,12,100
2,12,100
2,12,100
2,12,100
2,12,100
2,12,100
2,12,100
2,12,100
2,12,100
2,11,99
2,11,100
2,11,100
2,11,101
2,11,101
2,12,101
3,12,102
3,12,102
3,12,102
3,12,102
3,13,102
3,13,102
3,13,102
3,13,101
3,13,101
3,12,101
3,12,101
3,12,100
3,12,100
3,12,100
3,12,100
3,11,100
3,11,100
3,11,99
2,11,98
2,11,98
2,11,98
2,11,99
2,12,100
3,12,101
3,12,101
3,12,102
3,12,102
4,12,103
4,12,104
4,12,104
4,12,104
3,11,104
3,11,103
2,11,101
2,11,101
2,11,100
1,10,99
1,10,99
1,9,98
1,9,98
1,9,98
1,9,98
1,9,98
1,9,98
1,9,99
2,10,100
2,11,103
2,11,104
3,12,105
3,12,105
3,12,106
3,12,107
3,12,107
3,12,107
2,12,106
2,12,106
3,12,106
3,12,106
3,12,105
2,11,104
3,11,104
2,11,104
3,11,104
3,11,105
3,11,105
2,11,105
2,11,105
2,11,105
2,11,105
2,11,106
3,11,108
3,11,108
3,11,108
3,11,108
3,12,108
2,12,109
1,12,109
1,12,109
1,12,109
1,12,109
1,12,109
1,12,109
1,12,109
1,12,109
2,12,109
1,12,109
1,12,109
0,12,109
0,12,109
0,12,109
0,12,109
0,11,109
0,11,110
0,12,110
0,12,110
0,13,110
0,13,110
0,13,110
1,13,110
1,13,109
1,13,109
1,12,108
1,12,108
2,12,108
2,12,106
2,12,106
2,12,106
2,12,105
3,12,105
2,12,105
2,12,106
2,13,109
2,12,109
2,12,109
2,13,109
2,13,109
2,13,109
2,13,110
2,12,110
2,12,110
2,12,111
1,12,111
1,11,111
1,11,111
1,11,111
1,11,111
1,11,111
1,11,111
1,11,111
1,11,111
1,11,111
1,11,112
1,11,112
2,11,113
2,11,113
2,11,113
2,11,113
2,12,112
2,13,111
2,13,107
3,13,105
2,12,102
2,12,99
1,11,97
1,11,97
1,10,97
1,10,98
1,11,100
1,11,101
2,12,104
2,12,106
2,12,106
2,12,108
2,12,109
1,12,112
2,12,113
2,12,115
1,13,115
1,13,116
1,13,116
1,13,116
1,13,115
1,13,115
1,13,115
1,13,115
1,13,115
2,13,114
2,13,113
2,13,111
2,13,109
2,13,108
2,13,105
3,13,103
3,13,100
3,12,97
3,13,101
3,12,101
2,12,101
2,12,100
2,12,100
2,12,100
2,12,100
2,12,100
2,12,100
2,12,99
2,12,99
2,12,100
2,12,99
2,12,99
2,11,98
2,11,98
2,11,99
2,11,99
2,11,99
2,11,100
2,11,101
2,11,101
2,12,102
3,12,102
3,12,102
3,12,102
3,13,102
3,13,102
3,13,101
3,13,101
3,13,101
3,12,101
3,12,100
3,12,100
3,12,99
3,12,99
3,11,98
3,11,97
2,11,96
1,11,95
1,11,94
1,10,94
1,10,94
2,10,97
2,10,97
2,12,99
3,12,101
3,12,101
3,12,102
3,12,102
4,12,103
3,12,103
3,11,104
3,11,103
2,11,101
2,11,101
2,11,99
1,11,99
1,10,99
1,10,99
1,9,98
2,9,98
3,9,98
3,9,98
2,9,98
1,9,98
1,9,99
2,10,100
2,11,101
2,11,104
3,12,105
3,12,106
3,12,107
3,12,108
3,12,108
3,12,108
2,12,108
2,12,108
2,12,107
2,12,106
2,11,106
2,11,106
2,11,106
2,11,106
3,12,106
3,12,106
3,12,106
2,12,106
2,12,106
2,11,105
2,11,105
2,11,105
3,11,105
3,11,105
3,11,105
3,11,106
3,12,107
3,12,107
2,12,108
2,12,109
1,12,109
1,12,109
1,12,109
2,12,109
2,12,109
2,12,109
2,12,109
2,12,109
1,12,109
1,12,109
0,11,109
0,11,109
0,11,109
0,11,109
0,11,110
0,12,110
0,13,110
0,13,110
0,13,110
0,13,110
1,13,109
1,13,109
1,13,109
1,13,108
1,12,108
1,12,108
2,12,108
2,12,106
2,12,106
2,12,106
2,12,106
2,12,107
2,12,109
2,13,109
2,13,109
2,13,109
1,13,110
2,13,110
2,13,110
1,13,110
2,12,111
1,12,111
1,12,111
1,12,111
1,11,111
1,11,111
1,11,111
1,11,111
1,11,111
1,11,111
1,11,111
1,11,111
1,11,112
1,11,112
1,12,112
2,12,113
2,11,113
2,12,113
2,12,113
2,12,112
2,13,111
2,13,108
3,13,106
2,12,102
2,12,100
2,11,98
1,11,97
1,11,97
1,10,98
1,11,99
1,11,101
2,12,102
2,12,106
2,12,106
2,12,108
2,12,109
1,12,113
2,12,114
2,13,115
1,13,115
1,13,116
1,12,116
1,12,116
1,12,116
1,13,115
1,13,115
1,13,115
1,13,115
1,13,114
1,13,113
2,13,111
2,13,110
2,13,108
2,13,105
3,13,103
3,13,100
3,12,97
3,13,101
3,12,101
2,12,101
2,12,100
2,12,100
2,12,100
2,12,100
2,12,100
2,12,100
2,12,99
2,12,99
2,12,99
2,12,99
2,11,98
2,11,98
2,11,98
2,11,98
2,11,99
2,11,99
2,11,100
2,11,100
2,11,101
2,12,101
2,12,102
3,12,102
3,12,102
3,13,102
3,13,102
3,13,101
3,12,101
3,12,101
3,12,100
3,12,100
3,12,99
3,12,99
3,11,98
3,11,97
2,11,96
2,11,95
1,11,95
1,10,93
1,10,93
1,9,93
1,10,94
2,10,94
2,10,97
2,11,98
2,12,99
3,12,101
3,12,101
3,12,102
3,11,102
3,11,102
2,11,101
2,11,100
2,11,99
1,11,99
1,11,99
1,11,99
2,11,99
2,10,99
3,10,99
4,10,98
4,10,98
3,9,98
3,10,98
2,10,100
2,10,100
2,10,103
2,11,104
2,11,105
3,12,107
3,12,108
3,12,109
3,12,109
3,12,109
2,12,108
2,11,108
2,11,108
2,11,108
2,11,108
2,11,106
2,12,106
2,12,106
2,12,106
2,12,106
2,12,106
2,12,106
2,12,106
2,12,105
2,12,105
3,12,105
3,11,105
3,11,104
3,11,104
3,11,104
3,12,104
3,12,106
3,12,107
3,12,108
2,12,108
2,12,108
2,12,109
2,12,109
2,12,109
2,12,109
2,12,109
1,12,109
1,12,109
1,12,109
0,11,109
0,11,109
0,11,109
0,11,109
0,11,109
0,11,110
0,12,110
0,13,110
0,13,110
1,13,110
1,13,109
1,13,109
1,13,109
1,13,109
1,12,108
1,12,108
2,12,108
2,12,109
2,12,109
2,12,109
1,12,109
1,12,109
1,13,109
1,13,110
1,13,110
1,13,110
1,13,110
1,13,111
1,13,111
1,13,111
1,12,111
1,12,111
1,12,111
1,11,111
1,11,111
1,11,111
1,12,111
1,12,111
1,11,112
1,11,111
1,11,111
1,11,112
1,11,112
1,11,112
1,11,112
1,12,113
1,12,113
1,12,113
1,12,113
2,13,112
2,13,111
2,13,110
3,13,107
3,13,103
3,12,101
2,12,99
2,11,98
1,11,98
1,11,99
1,11,99
2,11,101
2,12,102
2,12,106
2,12,106
2,12,109
1,12,110
1,12,113
1,12,114
1,13,115
1,13,115
1,13,116
1,12,116
1,12,116
1,13,116
1,13,116
1,13,115
1,13,115
1,13,115
1,13,114
1,13,113
2,13,111
2,13,110
2,13,108
2,13,105
3,13,103
3,13,100
3,12,99
4,13,103
3,13,102
3,12,101
2,12,100
2,12,100
2,12,100
2,12,100
2,12,100
2,12,100
2,12,100
2,12,100
2,12,99
2,12,99
2,11,98
2,11,98
2,11,98
2,11,98
2,11,98
2,11,98
2,11,99
2,11,100
2,11,100
2,12,101
2,12,101
3,12,102
3,13,102
3,13,102
3,13,102
3,13,102
3,12,101
3,12,101
3,12,101
3,12,101
3,12,100
3,12,99
3,12,99
3,12,98
2,12,97
2,11,96
2,11,95
1,11,94
1,10,93
2,10,92
2,9,91
2,9,92
2,9,92
1,9,93
1,9,94
1,10,97
2,10,97
2,10,98
2,10,99
2,10,99
2,10,99
2,10,99
2,10,99
1,10,99
1,11,99
1,11,99
1,11,99
2,11,100
3,11,101
4,11,101
4,10,101
4,10,100
4,10,100
3,10,100
3,10,101
3,10,102
2,10,104
2,11,105
2,11,106
3,11,108
2,12,108
3,12,109
3,12,109
3,12,109
2,11,108
2,11,108
2,11,108
2,11,108
2,11,108
2,12,107
2,12,107
2,12,106
2,12,106
2,12,106
2,12,106
2,12,106
2,12,105
2,12,105
3,12,105
3,12,104
3,11,104
3,11,102
3,11,102
3,11,102
4,12,103
3,12,104
3,12,104
3,12,106
3,12,106
2,12,108
2,12,108
2,12,107
1,12,108
2,12,108
2,12,109
1,12,109
1,11,109
1,11,109
0,11,109
0,11,109
0,11,109
0,11,109
0,11,109
0,11,109
0,12,109
1,13,109
1,13,109
1,13,109
1,13,109
1,13,109
1,12,109
0,12,109
1,12,109
1,12,109
1,12,109
2,12,109
2,12,109
1,12,109
1,12,110
1,12,110
1,13,110
1,13,110
1,13,111
1,13,111
1,13,112
1,13,113
1,13,113
1,12,113
1,12,112
1,12,112
1,11,112
1,11,112
1,11,112
1,11,112
2,12,112
2,12,112
1,12,112
1,12,112
1,11,112
1,11,112
1,11,112
1,11,112
1,11,112
1,12,113
1,12,113
1,12,113
1,12,113
1,13,112
2,13,111
2,13,110
3,13,107
3,13,105
3,12,102
3,12,101
3,12,99
2,12,99
2,11,99
2,12,101
2,12,102
2,12,105
2,12,106
2,12,107
2,12,109
1,12,111
1,12,114
1,13,115
1,13,115
1,13,115
1,13,116
1,12,116
1,13,116
1,13,116
1,13,115
1,13,115
1,13,115
1,13,115
1,13,114
1,13,113
2,13,111
2,13,110
2,13,108
2,13,105
3,13,103
3,13,100
3,12,99
3,12,96
3,13,102
3,13,102
3,12,101
2,12,101
2,12,100
2,12,100
2,12,100
2,12,100
2,12,100
2,12,100
2,12,100
2,12,99
2,11,99
2,11,98
2,11,98
2,11,98
2,11,98
2,11,98
2,11,98
2,11,99
2,11,100
2,12,100
2,12,100
2,12,101
3,12,102
3,13,102
3,13,102
3,13,102
3,13,102
3,13,102
3,13,101
3,13,101
3,12,101
3,12,100
3,12,99
3,12,99
3,12,99
2,12,99
2,12,96
2,12,95
2,11,93
2,11,92
2,10,91
2,9,90
2,9,90
2,9,90
1,9,91
1,9,91
1,9,92
0,9,93
1,10,93
2,10,94
2,10,94
2,10,94
2,10,94
2,10,97
1,10,99
1,11,99
1,11,99
2,11,100
3,11,101
3,11,102
4,12,102
4,11,103
4,11,102
4,11,103
3,10,103
3,10,103
3,10,104
3,10,105
3,10,106
3,11,107
3,11,108
2,11,108
2,11,108
2,11,108
2,11,108
2,11,108
2,11,108
2,11,108
2,11,108
2,11,108
2,12,107
3,12,107
3,12,106
3,12,106
3,12,106
3,12,106
3,12,106
3,12,105
3,12,105
3,12,104
3,12,102
3,11,102
3,11,102
3,11,101
3,11,101
3,11,102
3,11,102
3,11,102
3,12,103
3,12,105
2,12,106
1,12,106
1,12,106
1,12,107
2,12,107
2,12,108
2,11,109
1,11,109
1,11,109
0,11,109
0,11,109
0,11,109
0,11,109
1,12,109
1,12,109
1,12,109
2,12,109
2,13,109
1,13,109
1,13,109
1,13,109
1,12,109
1,12,109
1,13,109
1,13,109
1,13,110
2,13,110
1,12,110
1,12,110
1,12,110
1,12,110
1,12,111
1,12,111
1,13,112
1,13,113
1,13,113
0,13,113
1,12,113
1,12,113
1,12,113
1,12,112
1,11,112
1,11,112
1,11,112
1,11,112
1,11,112
1,12,112
1,12,112
2,12,112
1,11,112
1,11,112
1,11,112
1,11,112
1,11,112
1,12,113
1,12,113
0,12,113
0,12,113
1,13,113
2,13,112
3,13,111
3,13,109
3,13,107
3,12,103
3,12,102
3,12,101
3,12,101
2,12,101
2,12,102
2,12,102
2,12,105
2,12,106
2,12,109
1,12,110
1,12,113
1,12,114
1,12,114
1,13,115
1,13,115
1,13,115
1,13,116
1,13,116
1,13,115
1,13,115
1,13,115
1,13,115
1,13,115
1,13,114
1,13,113
2,13,111
2,13,110
2,13,108
2,13,105
3,13,103
3,13,101
3,13,99
3,12,97
4,13,103
3,13,102
3,12,102
3,12,101
2,12,101
2,12,100
2,12,100
2,12,100
2,12,100
2,12,100
2,12,100
2,12,99
2,11,99
2,11,98
1,11,98
2,11,98
2,11,98
2,11,98
2,11,98
2,11,99
2,12,99
2,12,100
2,12,100
2,12,100
3,12,101
3,13,102
4,13,102
4,13,103
4,13,103
4,13,102
4,13,102
3,13,101
3,13,101
3,13,101
3,12,101
3,13,100
3,12,100
3,12,99
2,12,99
2,12,96
2,12,95
3,11,93
3,11,91
3,10,90
3,10,90
2,9,90
1,9,91
1,9,91
1,9,92
0,9,92
1,9,92
1,9,92
2,9,92
2,10,92
2,9,92
2,10,94
1,10,96
1,10,98
1,11,99
2,11,101
3,11,102
3,12,102
4,12,104
4,11,104
4,11,105
3,11,105
3,11,105
3,11,105
3,11,105
3,10,105
3,10,106
3,10,107
3,11,108
2,11,108
2,11,108
2,11,108
2,12,108
3,11,108
3,11,108
3,11,108
3,11,108
4,12,107
4,12,106
3,12,106
3,12,106
3,12,106
3,12,105
3,12,104
3,12,104
3,12,104
3,12,102
3,12,102
3,11,101
3,11,100
3,10,99
3,10,99
3,11,99
3,11,100
3,11,100
3,11,100
3,12,101
2,12,102
1,12,102
1,12,105
1,12,105
1,12,106
2,11,107
2,11,108
2,11,108
2,11,109
1,11,109
1,11,109
1,11,109
0,11,109
1,12,109
1,12,109
1,12,109
1,13,109
2,13,109
2,13,109
2,13,109
1,13,109
1,12,109
1,12,109
1,12,109
1,13,110
1,13,110
2,13,110
2,13,110
1,13,110
1,12,110
1,12,110
0,12,111
0,12,113
0,12,113
0,12,113
0,13,113
0,13,114
0,12,114
1,12,114
1,12,113
1,12,113
1,11,112
1,11,112
1,11,112
1,11,112
1,11,112
1,11,112
1,11,112
1,12,113
2,12,113
1,12,113
1,11,113
1,11,112
1,11,113
1,12,113
1,12,113
0,12,114
0,12,114
0,12,114
1,13,114
1,13,112
2,13,111
3,13,109
3,13,107
3,12,105
3,12,103
3,12,102
3,12,102
3,12,102
2,12,102
2,12,104
2,12,106
2,12,107
2,12,109
1,12,111
1,12,113
1,12,114
1,12,114
1,13,115
1,13,115
1,13,115
1,13,115
1,13,116
1,13,115
1,13,115
1,13,115
1,13,115
1,13,115
1,13,114
1,13,113
2,13,111
2,13,110
2,13,108
2,13,105
3,13,103
3,13,101
3,13,99
3,12,97
4,13,103
3,13,102
3,13,102
3,13,102
3,12,101
3,12,101
3,12,101
3,12,101
3,12,101
2,12,100
2,12,100
2,12,100
2,11,99
2,11,98
2,11,98
2,11,98
2,11,98
2,11,98
2,11,98
2,12,99
2,12,99
2,12,99
2,12,100
2,12,100
2,12,100
3,12,101
4,13,102
4,13,103
4,13,103
4,13,103
4,13,103
4,13,102
4,13,102
4,13,102
3,13,102
3,13,101
3,13,101
3,13,101
3,13,100
3,13,99
3,13,97
3,12,96
3,12,94
3,11,91
3,11,91
3,10,91
2,10,91
1,9,91
1,9,92
0,9,92
1,9,92
1,9,92
2,9,92
2,9,91
2,9,92
2,9,92
1,9,94
1,10,97
1,11,99
3,11,101
3,11,102
3,12,103
4,12,104
4,12,105
3,12,105
3,12,105
3,11,105
3,11,105
3,11,105
3,10,105
3,10,105
3,10,107
2,11,107
2,11,108
2,11,108
2,11,108
2,11,108
3,11,108
3,11,108
3,11,107
4,12,107
4,12,106
4,12,106
4,12,105
3,12,105
3,12,104
3,11,104
3,11,102
3,12,102
3,12,102
3,12,101
3,11,100
3,11,99
2,10,98
2,10,96
2,9,96
2,9,96
2,9,96
1,10,96
1,10,97
1,11,98
1,11,100
1,12,101
1,12,102
1,12,105
1,11,105
2,11,106
2,11,108
2,11,108
2,11,109
1,11,109
1,12,110
1,12,110
1,12,110
1,12,109
1,12,109
1,12,109
1,12,109
2,12,109
2,12,109
2,12,109
1,12,109
1,12,109
1,12,110
1,13,110
1,13,110
2,13,111
2,13,111
2,13,111
1,12,111
1,12,111
0,12,111
0,12,113
0,12,113
0,12,113
0,12,114
0,12,114
0,13,114
0,12,114
1,12,114
1,12,113
1,12,113
1,11,112
1,11,112
1,11,112
1,11,112
1,11,112
1,11,112
1,11,112
1,12,113
1,12,113
1,12,113
1,12,113
1,11,113
1,12,113
1,12,113
1,12,114
0,12,114
0,12,114
0,12,114
1,13,114
1,13,113
1,13,112
3,13,110
3,12,108
3,12,105
3,12,104
3,12,104
3,12,103
3,12,103
2,12,104
2,12,105
2,13,106
2,12,109
2,12,110
1,12,112
1,12,113
1,12,114
1,12,114
1,13,115
1,13,115
1,13,115
1,13,115
1,13,115
1,13,115
1,13,115
1,13,115
1,13,115
1,13,115
1,13,114
1,13,113
2,13,111
2,13,110
2,13,108
2,13,105
3,13,105
3,13,101
3,12,100
3,12,97
3,12,102
3,13,102
4,13,103
4,13,103
3,13,102
3,12,102
3,12,102
3,13,101
3,12,101
3,12,101
2,12,100
2,12,100
2,11,99
2,11,99
2,11,98
2,11,98
2,11,98
2,11,98
2,11,98
2,11,98
2,12,99
2,12,99
2,12,99
2,12,100
2,12,100
3,12,101
3,13,101
4,13,103
4,13,103
4,13,103
4,13,103
4,13,103
4,13,103
3,13,103
3,13,103
3,13,102
3,13,102
3,13,101
3,13,101
3,13,101
3,13,99
4,13,97
4,13,96
3,12,94
3,12,94
3,11,94
3,11,94
3,11,94
3,11,94
2,10,92
2,10,92
2,10,92
2,10,92
2,10,91
2,9,92
2,9,92
1,9,93
1,10,94
1,10,97
2,11,100
3,11,102
3,12,103
3,12,104
3,12,105
3,12,105
3,12,105
3,11,105
3,11,105
3,11,105
3,11,105
3,10,105
3,10,105
2,10,107
2,11,107
2,11,107
2,11,107
2,11,106
3,11,106
3,11,106
4,11,106
4,12,105
4,12,105
4,12,105
4,12,104
3,12,102
3,11,102
3,11,101
3,11,100
3,11,100
3,11,99
3,11,99
3,10,97
2,10,95
2,9,94
2,9,93
1,9,93
1,9,93
1,9,94
1,9,95
0,9,96
1,9,97
1,11,98
1,11,100
1,11,102
1,11,102
1,11,105
1,11,106
1,11,108
2,11,108
1,11,109
1,11,109
1,12,110
1,12,110
1,12,110
1,12,110
1,12,110
1,12,109
1,12,109
1,12,109
1,12,109
1,12,109
1,12,109
1,12,109
1,12,110
1,12,111
2,13,111
2,13,111
2,13,111
2,13,111
1,12,111
1,12,111
0,12,112
0,12,113
0,12,113
0,12,113
0,12,114
0,12,114
0,12,114
0,12,114
1,12,114
1,12,113
1,12,113
1,11,112
1,11,112
1,11,112
1,11,112
1,11,112
1,11,112
1,11,112
1,12,113
1,12,113
1,12,113
2,12,114
1,12,114
1,12,114
1,12,114
0,12,114
0,12,114
0,12,114
0,12,114
0,12,114
1,13,113
1,12,112
1,12,110
1,12,108
3,12,106
3,12,105
3,12,104
3,12,104
2,12,104
2,12,105
2,12,106
1,12,107
1,12,109
1,12,110
1,12,112
1,12,113
1,12,114
1,12,114
1,13,115
1,13,115
1,13,115
1,13,115
1,13,115
1,13,115
1,13,115
1,13,115
1,13,115
1,13,114
1,13,114
1,13,113
2,13,111
2,13,110
2,13,108
3,13,105
3,13,105
3,13,101
3,12,100
3,12,97
3,12,102
3,12,102
4,13,103
4,13,103
4,13,103
3,13,102
3,13,102
3,13,102
3,12,101
3,12,101
2,12,101
2,12,100
2,11,100
2,11,99
2,11,98
2,11,98
2,11,98
2,11,98
2,11,98
2,11,98
1,11,98
1,11,99
1,11,99
2,11,100
2,12,100
3,12,100
3,12,101
4,12,102
4,13,103
4,13,103
4,13,103
4,13,103
4,13,103
3,13,103
3,13,103
3,13,103
3,13,103
3,13,103
3,13,102
3,13,101
4,13,101
4,13,100
4,13,98
4,13,97
4,12,97
4,12,97
3,12,98
3,12,98
3,12,98
3,12,96
3,12,96
3,11,95
3,11,94
2,10,93
2,10,92
2,10,93
1,10,93
1,10,94
1,10,96
2,11,99
3,11,101
3,12,102
3,12,103
3,12,104
3,12,105
3,12,105
3,12,105
3,11,105
3,11,104
3,11,104
3,10,104
3,10,104
2,11,105
2,11,105
2,11,105
2,11,106
3,11,106
3,11,106
3,11,105
3,11,104
3,12,104
3,12,104
3,12,102
3,11,102
3,11,100
3,11,100
2,10,97
3,10,97
3,11,97
3,11,96
3,10,94
3,10,93
2,10,93
2,9,93
1,9,93
1,9,93
1,9,93
1,9,93
1,9,95
0,9,96
1,9,96
1,10,98
2,11,99
2,11,101
2,11,102
2,11,105
2,11,106
1,11,107
1,11,108
1,12,109
1,12,109
1,12,110
1,12,110
1,12,110
1,12,110
0,12,111
0,12,109
0,12,109
1,12,109
1,12,109
1,12,109
1,12,109
1,12,110
1,12,110
1,12,111
2,13,110
2,13,111
2,13,111
2,13,110
1,13,110
1,12,111
1,12,111
0,12,113
0,12,113
0,12,113
0,12,113
0,12,114
0,12,114
0,12,114
1,12,113
1,12,113
1,12,112
1,11,112
1,11,111
1,11,111
1,11,111
1,11,112
1,11,112
1,11,112
1,12,113
1,12,113
1,12,114
2,12,114
1,12,114
1,12,114
1,12,114
1,12,114
0,12,114
0,12,114
0,12,114
0,13,114
1,13,113
0,12,112
1,12,110
1,12,108
1,12,106
2,12,105
2,12,104
2,12,104
2,12,104
2,12,106
1,12,106
1,12,108
1,12,109
1,12,110
1,12,112
1,12,113
0,12,114
0,12,114
0,12,114
1,13,115
1,13,115
1,13,115
1,13,115
1,13,115
1,13,115
1,13,115
1,13,115
1,13,114
1,13,114
1,13,113
2,13,111
2,13,110
2,13,109
2,13,106
3,13,105
3,13,101
3,12,100
3,12,98
3,12,102
3,12,102
4,13,103
4,13,103
4,13,103
4,13,103
4,13,103
3,13,102
3,12,102
3,12,101
2,12,101
2,12,100
2,12,100
2,12,99
2,11,98
2,11,98
2,11,98
2,11,98
1,10,97
1,10,97
1,11,98
1,11,98
1,11,99
2,11,100
2,12,100
3,12,101
3,12,101
3,12,102
4,13,103
4,13,103
4,13,104
3,13,105
2,13,105
2,13,105
2,13,105
2,13,103
2,13,103
3,13,103
4,13,103
4,13,103
4,13,102
4,13,102
4,13,101
4,13,100
3,13,100
4,12,101
3,12,101
3,12,101
3,12,101
4,12,101
4,12,100
4,12,99
3,12,96
3,12,96
2,11,95
2,10,94
1,10,94
1,10,94
0,10,95
1,10,97
2,11,99
3,12,101
3,12,102
3,12,102
3,12,102
3,12,102
3,12,102
2,11,103
2,11,103
3,11,103
2,11,103
2,11,104
2,11,104
3,11,104
3,11,104
3,12,104
3,12,104
3,12,104
3,12,104
3,12,104
3,12,103
3,12,102
3,11,102
3,11,100
2,10,99
1,10,97
0,9,96
1,9,94
2,10,94
3,10,94
3,10,93
3,10,93
3,10,93
2,10,93
1,10,93
1,9,93
1,9,93
1,9,93
1,9,95
0,9,96
1,10,97
2,11,98
2,11,100
2,11,101
2,11,101
2,11,103
2,11,105
2,11,107
1,12,108
1,12,108
1,12,109
1,12,110
1,12,110
1,12,110
0,12,110
0,12,111
0,12,110
0,12,109
0,12,109
0,12,109
1,12,110
1,12,110
1,12,110
1,12,110
1,12,110
2,13,110
2,13,110
2,13,110
2,13,110
2,13,110
1,12,110
1,12,110
0,12,111
0,12,113
0,12,113
0,12,113
0,12,113
0,12,113
1,12,113
1,12,113
1,12,112
1,12,112
1,12,111
1,11,111
1,11,110
0,11,111
1,11,111
1,11,112
1,12,112
1,12,113
1,12,113
2,12,114
2,12,114
2,12,114
2,12,114
1,12,114
1,12,114
1,13,115
1,13,115
1,13,115
1,13,114
1,13,113
0,12,111
0,12,110
1,12,108
1,12,106
1,11,105
2,11,104
1,12,104
2,12,104
1,12,106
1,12,106
1,12,108
1,12,110
1,12,111
1,12,112
1,12,114
1,11,114
1,12,114
1,12,115
1,13,116
1,13,116
1,13,116
1,13,115
0,13,115
0,13,115
1,13,115
1,13,114
1,13,114
1,13,113
1,13,113
1,13,111
2,13,110
2,13,109
2,13,106
3,13,105
3,12,102
3,12,101
3,12,99
3,12,102
3,12,102
4,13,103
4,13,103
4,13,103
4,13,103
4,13,103
4,13,102
3,12,102
3,12,101
2,12,101
2,12,100
2,12,100
2,12,100
2,12,99
2,11,98
2,11,98
1,10,97
1,10,97
1,10,97
1,10,97
1,11,98
1,11,99
2,11,100
2,12,100
3,12,101
3,12,102
3,12,102
3,13,103
2,13,105
2,13,105
2,13,105
2,13,105
2,13,105
2,13,105
2,13,105
2,13,103
3,13,103
4,13,103
4,13,103
4,13,103
4,13,103
3,13,103
3,13,103
3,13,103
3,13,103
3,12,105
3,12,105
3,12,105
4,12,105
4,12,103
4,12,101
4,12,101
3,12,99
2,12,97
2,11,96
1,10,94
1,10,94
0,10,95
0,10,95
1,10,97
2,10,99
2,12,100
2,12,101
2,12,101
2,11,101
2,11,101
2,11,101
2,11,101
2,11,101
2,11,101
2,11,103
2,11,104
3,11,104
3,11,104
3,11,104
3,12,104
3,12,104
3,12,102
3,12,102
3,12,102
3,11,102
3,11,100
2,10,99
1,10,97
1,10,96
0,9,95
1,9,94
1,10,94
2,10,94
3,10,93
3,10,93
3,11,93
3,10,93
2,10,93
2,10,93
2,10,93
2,10,95
2,10,96
2,11,98
2,11,99
3,11,100
3,11,100
3,11,101
2,11,101
2,11,102
2,12,104
2,12,105
2,12,106
1,12,108
1,12,108
1,12,109
1,12,110
0,12,110
0,12,110
0,12,110
0,12,110
0,12,110
0,12,110
0,12,110
0,12,110
1,12,110
1,12,110
1,12,110
2,13,110
2,13,110
2,13,110
2,13,109
2,13,109
2,12,109
2,12,110
1,12,110
1,12,110
0,12,110
0,12,111
0,12,112
0,12,112
1,12,112
1,12,111
1,12,111
1,12,110
1,12,110
1,12,109
1,11,109
1,11,109
1,11,109
1,11,110
1,11,111
1,12,112
1,12,113
2,12,113
2,12,114
2,12,114
2,11,114
2,12,114
2,12,115
1,13,115
1,13,115
1,13,115
1,13,115
1,13,114
1,13,113
0,12,111
0,12,110
1,12,108
1,12,106
1,12,105
2,11,105
1,12,105
1,12,105
1,12,106
1,12,108
1,12,109
1,12,110
1,12,112
2,12,113
2,12,114
1,12,114
1,12,115
1,13,116
1,13,116
1,13,116
1,13,116
0,13,116
0,13,115
0,13,115
0,13,114
1,13,114
0,12,114
1,13,113
1,12,113
1,13,111
1,13,110
2,13,109
2,13,106
3,13,105
3,12,103
3,12,101
2,12,99
4,13,103
3,12,102
4,13,103
4,13,103
4,13,103
4,13,103
4,13,103
4,13,103
3,12,102
2,12,101
2,12,100
2,12,100
2,12,100
2,12,100
2,11,98
2,11,98
2,10,98
1,10,97
1,10,97
1,10,97
1,10,97
1,10,98
1,11,99
2,11,100
2,12,101
2,12,102
3,12,102
2,12,104
2,12,105
2,12,105
2,12,105
2,12,105
2,12,106
2,12,106
2,13,105
2,13,105
2,13,105
2,13,103
4,13,103
4,13,103
4,13,103
4,13,103
3,13,103
2,13,103
2,13,105
2,13,105
3,12,105
3,12,106
3,12,106
3,12,106
3,12,105
3,12,105
3,12,103
3,12,102
3,12,100
2,12,99
2,11,97
1,10,95
0,10,95
0,9,95
0,9,95
0,9,96
1,10,97
2,11,98
2,11,98
2,11,98
2,11,98
2,10,98
2,10,99
2,10,100
2,11,101
2,11,101
2,11,103
3,11,104
3,11,104
3,11,104
3,11,104
3,11,104
3,12,102
3,12,102
3,12,102
3,11,101
2,11,100
2,10,99
1,10,97
1,10,96
1,9,95
1,9,94
2,10,94
3,11,94
3,11,94
3,11,94
3,11,94
3,11,94
3,11,95
3,11,95
3,11,96
3,11,98
3,11,98
3,12,99
4,12,100
4,11,100
3,11,100
3,11,100
3,11,101
2,11,101
2,11,101
2,12,103
1,12,105
1,12,106
1,12,107
1,12,108
1,12,109
1,12,110
0,12,110
0,12,110
0,12,110
0,12,110
0,12,110
0,12,110
0,12,110
1,12,110
1,12,110
1,12,110
2,12,110
2,12,110
2,12,109
2,12,109
2,12,109
2,12,108
2,12,108
2,12,108
1,12,108
1,12,109
1,12,110
1,12,110
1,12,110
1,12,110
1,12,110
1,12,110
1,12,109
1,12,109
1,12,109
1,12,109
2,11,109
2,11,109
1,11,109
2,11,110
2,12,111
2,12,113
2,12,113
2,12,114
2,11,114
2,11,114
2,11,115
2,12,115
2,13,115
1,13,115
1,13,115
1,13,115
1,13,114
1,13,113
0,12,111
0,12,110
1,12,108
1,12,106
1,12,105
2,12,105
1,12,105
1,12,106
1,12,106
1,12,108
1,12,109
1,12,110
2,12,113
2,12,114
2,12,114
2,12,115
2,12,115
2,12,116
2,13,117
1,13,116
1,13,116
0,13,116
0,13,115
0,13,114
0,13,114
1,13,114
0,12,114
1,13,113
1,12,113
1,13,111
1,13,110
1,13,109
2,13,106
2,13,105
2,12,103
2,12,102
2,12,99
4,13,103
4,13,103
4,13,103
4,13,103
4,13,103
4,13,103
4,13,103
4,13,103
3,12,102
2,12,101
2,12,100
2,12,100
2,12,100
2,12,100
2,11,99
2,11,98
2,10,98
1,10,97
1,10,97
1,10,97
1,10,98
1,10,99
2,11,100
2,11,101
2,12,102
2,12,102
2,12,103
2,12,105
2,13,105
2,12,105
2,12,105
0,12,106
0,12,106
0,12,106
2,12,106
2,13,105
2,13,105
3,13,103
4,13,103
4,13,103
4,13,103
3,13,103
2,13,103
2,13,105
2,13,105
2,12,105
2,12,106
2,12,106
3,12,108
3,12,108
3,12,107
3,12,106
3,12,105
3,12,105
3,12,103
3,12,101
2,12,99
2,11,97
1,10,96
0,9,95
0,9,95
0,9,95
0,9,95
2,9,95
2,9,94
2,9,94
2,9,93
1,9,94
1,10,97
2,10,99
2,11,100
2,11,101
3,11,102
3,11,104
3,11,104
3,11,104
3,11,104
3,11,104
3,12,102
3,11,102
3,11,102
3,11,101
2,11,100
2,10,99
1,10,99
1,10,97
1,10,96
2,11,95
2,11,95
3,11,96
4,11,96
4,11,96
4,12,96
4,12,97
4,12,97
3,12,98
3,12,99
3,12,99
3,12,99
4,12,100
4,12,100
4,12,100
3,11,100
3,11,100
3,11,100
2,11,98
2,11,98
2,11,100
1,12,100
1,12,102
1,12,105
1,12,106
1,12,108
1,12,109
1,12,109
0,12,109
0,12,110
0,12,110
0,12,110
0,12,110
0,12,110
1,12,110
1,12,110
1,12,110
2,12,110
2,12,109
2,12,109
2,12,107
2,12,106
2,12,106
2,12,106
2,12,106
2,12,106
2,12,108
1,12,108
1,12,108
1,12,109
1,12,109
1,12,109
1,12,108
1,12,107
1,12,107
1,12,106
1,12,106
2,12,106
2,12,108
2,12,109
2,12,109
2,12,110
2,12,113
2,12,113
2,11,114
2,11,114
2,11,115
2,11,115
2,12,115
2,13,115
1,13,115
1,13,115
1,13,115
1,13,114
1,13,112
0,13,111
0,12,109
1,12,106
1,12,106
1,12,104
1,12,104
1,12,104
1,12,105
1,12,106
1,12,108
1,12,109
1,12,112
2,12,113
2,12,114
3,12,115
3,12,115
2,12,116
2,12,116
2,13,116
1,13,116
1,13,116
0,13,116
0,13,115
0,13,114
1,13,114
1,13,114
0,12,113
0,12,113
0,12,112
1,12,111
0,12,110
1,12,109
1,13,106
2,13,106
2,12,103
2,12,102
2,12,100
4,13,103
4,13,103
4,13,103
4,13,103
4,13,103
4,13,103
4,13,103
4,13,103
3,13,102
3,12,101
2,12,101
3,12,100
3,12,100
3,12,100
3,12,100
3,11,99
2,11,98
2,10,98
1,10,98
1,10,98
1,10,99
2,11,99
2,11,101
2,12,102
2,12,102
2,12,104
2,13,105
2,13,105
2,13,105
1,12,106
0,12,106
0,12,106
0,12,106
0,12,106
0,12,106
2,12,106
2,13,105
3,13,103
4,13,103
4,13,103
3,13,103
3,13,103
2,13,103
2,13,105
2,12,105
2,12,106
2,12,106
2,12,108
2,12,108
3,12,108
3,12,108
3,12,108
3,12,107
3,12,106
3,12,105
3,12,103
3,12,101
2,11,100
2,11,98
1,10,96
0,9,95
0,9,95
0,9,95
2,9,94
2,9,93
2,9,92
1,9,91
1,9,92
1,9,93
1,10,97
2,10,99
2,11,101
3,11,101
3,11,104
3,11,104
3,11,104
3,11,104
3,11,104
3,12,104
3,11,103
3,11,102
3,11,102
2,11,101
2,11,100
2,11,99
2,11,99
2,11,98
2,11,98
4,11,98
4,12,99
4,12,99
4,12,99
4,12,99
4,12,99
4,12,99
3,12,99
3,12,99
3,12,99
3,12,100
4,13,100
4,13,100
4,13,100
4,12,100
3,11,98
2,11,98
2,10,96
1,10,95
2,11,95
1,11,96
2,11,99
2,12,100
2,12,102
1,12,105
2,12,107
1,12,108
1,12,109
0,12,109
0,12,109
0,12,109
0,12,110
1,12,110
1,12,110
1,12,110
1,12,110
2,12,109
2,12,108
2,12,106
2,12,106
2,12,105
2,12,104
2,12,104
2,12,104
2,12,104
2,12,106
2,12,106
1,12,106
1,12,106
2,12,106
2,13,105
2,13,105
2,12,105
1,12,105
1,11,105
1,11,105
2,11,105
2,11,106
2,12,108
2,11,109
2,12,110
2,11,112
2,12,113
2,11,114
2,11,115
2,11,115
2,11,115
2,11,115
2,12,115
1,13,115
1,13,115
1,13,114
0,13,113
1,13,111
0,13,111
0,13,109
1,12,106
1,12,105
1,12,104
1,12,104
1,12,104
1,12,105
1,12,106
1,12,108
1,12,109
1,12,112
2,12,113
3,12,115
3,12,115
3,12,116
3,12,116
2,12,116
2,13,117
2,13,117
1,13,116
1,13,116
1,13,115
0,13,114
0,13,114
0,12,113
0,12,113
0,12,113
0,12,112
0,12,111
0,12,110
1,12,109
1,12,106
2,12,106
2,12,103
2,12,102
2,12,100
4,13,103
4,13,103
4,13,103
4,13,103
4,13,103
4,13,103
4,13,103
4,13,103
3,13,101
3,12,101
2,12,100
3,12,100
3,12,100
3,12,100
3,12,100
3,11,100
3,11,100
2,11,99
2,10,99
2,10,99
2,11,100
2,11,101
3,12,102
3,12,103
3,12,105
2,12,105
2,13,105
2,13,105
2,12,106
0,12,106
0,12,106
0,12,108
0,12,108
0,12,108
0,12,106
2,12,106
2,12,105
3,13,103
3,13,103
3,13,103
3,13,102
3,12,102
3,13,103
2,12,105
2,12,105
2,12,106
2,12,106
2,12,108
3,12,109
3,12,109
3,12,109
3,12,108
3,12,108
3,12,107
3,12,106
3,13,105
3,12,103
3,12,101
3,11,100
2,11,98
1,10,96
1,9,95
1,9,95
2,9,93
2,9,93
2,9,91
1,9,91
1,9,92
0,9,93
1,9,95
1,10,97
2,11,101
3,11,102
3,11,104
3,11,104
3,11,104
3,11,104
3,11,104
3,11,104
3,11,104
3,11,104
3,11,104
3,11,102
2,11,101
2,11,101
2,12,101
2,12,101
4,12,101
4,12,101
4,12,102
4,12,102
4,12,102
4,12,102
4,12,102
4,12,101
3,12,100
3,12,100
3,12,99
3,12,99
3,12,100
4,13,100
4,13,100
4,12,99
3,11,98
2,10,96
2,10,93
1,9,91
1,9,90
1,9,91
1,9,94
1,10,97
1,11,99
1,12,102
2,12,105
2,12,106
1,12,107
1,12,107
1,12,108
1,12,108
1,12,108
1,12,109
1,12,110
1,12,110
1,12,109
2,13,109
2,12,107
2,12,106
2,12,105
2,12,104
2,12,103
2,12,103
2,12,103
3,12,103
3,12,104
2,12,104
2,12,104
2,12,104
2,12,105
2,12,105
2,12,105
2,12,104
1,11,103
1,11,103
1,11,103
1,11,104
2,11,105
2,11,106
2,11,108
2,11,109
2,11,112
3,11,113
3,11,114
3,11,115
2,11,115
2,11,115
2,11,115
2,12,115
1,12,115
1,12,114
0,13,114
0,13,113
0,13,111
0,13,110
0,13,107
1,12,106
1,12,104
1,12,104
1,12,104
1,12,104
1,12,105
1,12,106
1,12,108
1,12,109
1,12,112
2,12,113
3,12,115
3,12,115
3,12,116
3,12,116
3,12,117
2,13,117
2,13,117
1,13,117
1,13,116
1,13,116
1,13,115
1,13,114
1,13,114
0,12,113
0,12,113
0,12,112
0,12,111
0,12,110
0,12,109
1,12,106
2,12,106
2,12,103
2,12,102
3,12,100
4,13,103
4,13,103
4,13,103
4,13,103
4,13,103
4,13,103
4,13,103
3,13,102
3,12,101
2,12,100
2,12,100
2,12,100
3,12,100
3,12,100
3,12,100
3,11,100
3,11,100
3,11,100
3,11,100
3,11,100
3,11,101
3,11,102
3,12,104
3,12,105
3,12,105
2,13,105
2,13,105
2,13,106
1,12,106
0,12,108
0,12,108
0,12,108
0,12,108
0,12,108
1,12,107
2,12,106
3,12,105
3,12,103
3,12,102
3,12,102
3,12,102
3,12,102
3,12,102
3,12,104
2,12,105
2,12,106
2,12,108
2,12,109
3,12,109
3,12,109
3,12,109
3,12,109
3,12,108
3,12,108
3,12,107
3,12,106
4,12,105
4,12,103
4,12,101
4,11,100
4,11,98
4,11,97
4,11,96
5,11,93
4,10,93
3,10,91
3,10,91
2,9,92
1,9,93
1,9,96
2,10,97
2,10,101
3,11,102
3,11,104
4,11,105
4,11,105
4,11,105
4,11,105
3,11,105
3,11,104
3,12,104
3,12,104
2,12,104
2,12,104
2,12,103
2,12,103
2,12,103
4,12,103
4,12,103
4,12,105
4,12,105
4,12,105
4,12,103
4,12,102
3,12,102
3,12,101
3,12,100
3,12,100
3,12,100
3,12,100
4,13,100
4,13,100
4,12,99
3,12,97
2,10,95
2,10,90
1,9,88
1,9,88
1,9,87
1,9,89
1,9,92
1,9,96
1,10,99
2,11,102
2,12,105
2,11,105
2,12,106
1,12,106
1,12,107
1,12,108
1,12,108
1,12,109
1,12,109
1,12,109
1,12,108
1,12,107
2,12,106
2,12,105
2,12,104
2,12,103
2,12,103
3,12,103
3,12,103
3,12,104
3,12,104
2,12,104
2,12,104
2,12,104
2,12,104
2,12,103
2,12,103
1,10,103
1,10,102
1,10,103
2,11,103
2,11,104
2,11,105
2,11,106
3,11,108
2,11,110
3,12,112
3,11,113
3,11,114
2,11,115
2,11,115
2,11,115
2,11,115
2,12,115
1,12,114
0,12,114
0,13,113
0,13,111
0,13,110
0,13,107
1,12,106
1,12,105
1,12,104
1,12,104
1,12,105
1,12,105
0,12,106
0,12,108
0,12,108
1,12,110
2,12,113
3,12,115
3,12,115
4,12,116
3,12,116
3,12,117
2,12,117
2,12,117
1,13,117
1,13,116
1,13,116
1,13,115
1,13,114
1,13,114
1,13,114
0,12,113
0,12,112
0,12,112
0,12,110
0,12,108
1,12,106
2,12,106
2,12,103
2,12,102
3,12,101
4,13,103
4,13,103
4,13,103
4,13,103
4,13,103
4,13,103
3,12,102
3,12,101
2,12,101
2,12,100
2,12,100
3,12,100
3,12,100
3,12,100
3,12,100
3,11,100
3,11,100
3,11,101
3,11,101
3,11,102
3,11,102
3,12,104
3,12,105
3,12,105
3,12,106
2,12,106
2,13,106
2,13,107
1,12,108
0,12,108
0,12,108
0,12,108
0,12,108
1,12,108
2,12,106
2,12,106
3,12,105
3,12,103
3,12,101
3,12,101
3,12,101
3,12,102
3,12,102
3,12,104
2,12,105
2,12,106
2,12,108
2,12,109
3,12,109
3,12,109
3,12,109
2,11,109
3,12,109
3,12,108
3,12,107
3,12,107
4,12,105
4,12,105
4,12,103
4,12,102
4,11,101
4,11,100
4,12,99
5,12,97
4,12,97
4,12,94
3,12,93
3,10,93
3,9,96
2,9,97
2,9,99
3,10,101
3,10,104
4,11,105
4,11,105
4,11,105
4,11,106
4,12,105
4,12,105
3,12,105
3,12,105
2,12,104
2,12,104
2,12,104
2,12,105
2,12,105
2,12,105
3,12,105
3,12,106
4,12,106
3,12,106
4,12,105
4,12,105
4,12,103
3,12,102
3,12,101
3,12,101
3,11,100
3,11,100
3,12,100
4,12,100
4,12,100
4,12,99
3,12,97
3,11,93
2,10,90
1,9,88
1,9,87
1,8,86
0,8,87
0,9,89
0,9,92
1,10,97
2,10,100
2,11,103
2,11,105
2,12,106
2,12,106
1,12,106
1,12,107
1,12,108
1,12,109
1,12,109
1,12,109
1,13,108
1,13,108
1,12,106
2,12,106
1,13,105
2,13,104
2,13,103
2,13,103
3,13,104
3,12,104
3,12,104
3,12,104
3,12,104
2,12,104
3,12,104
3,12,103
2,11,103
2,10,103
1,10,102
1,10,103
2,11,103
2,11,104
2,11,104
2,11,106
2,11,108
2,11,108
2,12,112
2,11,113
2,11,114
2,11,114
2,11,115
2,11,115
2,11,115
2,12,115
2,12,114
1,12,114
1,13,113
1,13,111
0,13,110
0,13,107
0,12,106
1,12,106
1,12,105
1,12,105
1,12,105
0,12,105
0,12,106
0,12,108
0,12,108
1,12,110
2,12,113
3,12,115
3,12,115
4,12,116
3,12,116
3,12,116
2,12,117
2,12,117
2,13,117
1,13,117
2,13,117
1,13,116
1,13,115
1,13,114
1,13,114
1,13,114
0,13,112
0,13,112
0,12,110
0,12,108
1,12,106
2,12,106
2,12,105
3,12,103
3,12,101
2,13,104
2,13,105
3,13,103
3,13,103
4,13,103
4,13,103
3,12,102
3,12,102
2,12,101
2,12,100
2,12,100
3,11,100
3,11,100
3,11,100
3,11,100
3,12,100
3,12,101
3,12,101
3,12,101
3,12,102
3,12,102
3,12,104
3,12,105
3,12,105
3,12,106
3,12,107
2,12,108
2,12,108
1,12,108
1,12,108
0,12,108
0,12,108
0,12,108
0,12,108
1,12,108
2,12,106
3,12,105
3,12,105
3,12,101
3,12,100
3,12,100
3,11,100
3,11,101
3,12,102
3,12,104
3,12,105
3,12,106
3,12,108
2,12,109
3,12,109
3,12,109
2,11,109
2,11,109
2,11,109
2,11,108
2,12,108
3,12,107
4,12,106
4,12,105
4,12,105
4,12,105
4,12,104
4,12,104
4,12,102
5,12,102
4,13,100
4,13,99
3,13,98
3,12,97
3,10,97
3,10,99
3,9,100
3,10,101
4,10,104
4,11,105
4,11,105
4,11,106
4,11,106
4,12,106
4,12,106
2,12,105
2,12,105
2,12,105
2,12,105
2,12,105
2,12,106
2,12,107
1,12,108
1,12,108
1,12,108
2,12,108
2,12,106
3,12,106
3,12,105
3,12,105
3,12,102
3,12,102
3,12,101
2,11,100
2,11,100
3,11,100
4,12,100
4,12,100
4,13,100
4,13,98
3,12,95
2,10,90
2,9,88
1,9,87
1,9,86
0,9,87
0,9,88
0,9,91
1,10,95
1,10,98
2,11,101
2,11,104
2,11,106
2,12,106
2,12,106
1,12,107
1,12,109
1,12,109
1,12,109
1,12,109
1,13,109
1,13,109
1,13,108
2,13,106
2,13,106
2,13,106
2,13,106
2,13,106
3,13,106
3,12,106
3,12,105
3,12,104
3,12,104
3,12,104
3,12,104
3,12,103
3,12,103
3,11,103
2,11,103
2,10,103
3,11,104
2,11,104
2,11,104
2,11,106
2,11,106
2,11,108
2,11,110
2,11,112
2,11,114
2,11,114
2,11,115
2,11,115
2,11,115
2,12,114
2,12,114
2,12,114
1,12,113
1,12,111
0,12,109
0,12,106
0,12,106
0,12,106
0,12,105
1,12,105
0,12,105
0,12,106
0,12,106
0,12,108
0,12,108
1,12,110
1,12,112
3,12,114
3,12,115
4,12,116
3,12,116
3,12,116
2,12,117
2,12,117
2,13,117
2,13,117
2,14,117
1,14,116
1,13,115
1,13,115
1,13,114
1,13,114
1,13,113
1,13,112
0,13,111
0,12,108
1,13,106
2,13,106
2,13,105
3,12,103
3,12,102
3,12,100
2,13,105
2,13,105
3,13,103
3,13,103
3,13,103
3,12,102
2,12,101
2,12,100
2,11,100
2,11,100
2,11,100
3,11,100
3,11,100
3,11,100
3,11,100
3,12,101
3,12,101
3,12,102
3,12,102
3,12,104
3,12,105
3,12,105
3,12,106
3,12,107
3,12,108
2,12,109
2,12,109
1,12,109
1,12,109
1,12,109
0,12,108
0,12,108
1,12,108
2,12,107
2,13,106
3,13,105
3,12,103
3,12,101
3,11,100
3,11,99
2,11,99
3,11,101
3,11,102
3,12,104
3,12,105
3,12,106
3,12,108
2,12,109
3,12,109
3,12,110
3,12,109
2,11,109
2,11,109
2,11,109
2,12,108
3,12,108
3,12,107
4,12,106
4,12,106
4,12,106
4,12,106
4,12,106
4,12,105
4,12,104
4,13,102
4,13,101
3,13,101
3,13,99
3,12,99
3,10,100
3,10,101
4,10,102
4,10,104
4,10,105
4,11,106
4,11,106
4,12,106
4,12,106
2,12,106
2,12,106
2,12,105
2,12,106
1,12,106
1,12,106
0,12,108
0,12,108
0,12,108
1,12,109
0,11,109
1,11,108
2,12,108
2,12,106
3,12,105
3,12,105
3,12,102
3,12,101
3,11,101
3,11,100
3,11,100
3,11,100
4,12,101
4,12,101
4,12,101
4,13,100
4,13,97
3,12,94
3,11,90
2,10,88
1,9,87
1,9,87
0,10,88
1,10,92
1,10,95
2,10,99
2,11,103
3,11,105
3,12,106
2,12,106
2,12,107
2,12,109
1,12,109
1,13,109
1,13,109
1,12,109
1,12,109
1,13,109
1,13,109
1,13,109
2,13,109
2,13,109
2,13,107
2,13,107
3,13,107
3,13,107
3,12,107
3,12,106
3,12,105
3,12,104
3,12,104
3,12,104
3,12,104
4,12,105
4,12,105
3,12,105
3,11,104
2,11,104
2,11,105
2,11,106
2,11,108
2,11,108
2,11,109
2,11,112
2,11,113
2,11,114
2,11,114
2,12,115
2,12,115
2,12,114
2,12,114
2,12,114
2,12,113
1,12,111
1,12,109
0,12,106
0,12,106
0,12,106
0,12,106
0,12,106
0,12,106
0,12,106
0,12,106
0,12,108
0,12,108
1,12,110
1,12,110
2,12,114
3,12,115
3,12,116
3,12,116
3,12,116
2,12,116
2,12,117
2,13,117
2,13,117
2,14,117
2,14,116
2,13,116
1,13,115
1,13,115
1,13,114
1,13,114
1,13,112
0,13,111
0,13,108
1,13,106
2,13,106
2,13,105
3,13,103
3,13,102
2,13,105
2,13,105
2,13,105
3,13,103
3,13,103
3,12,102
2,12,101
2,12,100
2,11,100
2,11,100
2,11,100
2,11,100
2,11,100
3,11,100
3,11,100
3,12,101
3,12,101
3,12,102
3,12,102
3,12,104
2,12,105
2,12,106
2,12,107
2,12,108
2,12,109
1,12,109
1,12,109
1,12,109
1,12,109
1,12,109
1,12,109
1,13,108
1,13,108
2,13,107
3,13,106
3,13,105
3,12,102
3,12,100
2,11,99
2,11,99
2,11,99
2,11,100
3,11,102
3,12,104
3,12,105
3,12,106
3,12,108
2,12,109
3,12,109
3,12,110
2,12,110
2,11,109
2,11,109
2,11,109
2,12,109
3,12,109
3,12,107
3,12,107
3,12,106
3,12,107
3,12,106
2,12,106
2,12,106
2,12,106
2,13,105
2,13,103
3,13,102
3,13,101
3,13,101
3,11,101
3,10,102
4,10,102
4,10,104
4,10,105
4,11,106
4,11,106
4,12,107
4,12,106
2,12,106
2,12,106
2,12,106
1,12,106
1,12,107
0,12,108
0,12,108
0,12,108
0,12,109
1,12,109
0,12,109
1,11,109
2,12,108
2,12,106
2,12,105
3,12,105
3,12,102
3,12,101
3,11,100
3,11,100
3,11,100
3,11,101
4,11,101
4,12,102
4,12,102
4,13,102
5,13,100
4,12,97
3,12,94
3,11,92
1,10,89
1,10,89
1,10,92
1,10,95
1,11,98
2,11,101
3,11,104
3,11,106
2,12,106
2,12,108
2,12,109
2,12,109
1,13,109
1,13,109
1,13,109
1,12,109
1,12,109
1,12,109
1,12,110
1,12,110
1,13,110
2,13,110
2,13,110
2,13,110
2,13,110
2,13,109
2,13,109
3,12,108
3,12,107
3,12,106
3,12,106
3,12,106
4,12,106
4,12,107
4,12,107
4,12,107
3,12,107
3,11,106
2,11,106
2,11,106
2,11,108
1,11,109
1,11,110
1,11,112
1,11,113
1,11,114
2,12,114
2,12,114
2,12,114
2,12,114
2,12,114
2,12,114
2,12,113
2,12,111
1,12,109
0,12,106
0,12,106
0,12,106
0,12,106
0,12,106
0,12,106
0,12,106
0,12,106
0,12,108
1,12,109
1,12,110
1,12,112
2,12,114
3,12,115
3,12,116
3,12,116
3,12,116
2,12,116
2,13,117
2,13,117
2,13,117
2,13,117
2,13,117
2,13,116
1,13,115
1,13,115
1,13,114
1,13,113
1,13,112
0,13,111
1,13,108
1,13,106
2,13,106
2,13,105
3,13,103
3,13,102
2,13,105
2,13,105
2,13,105
3,13,103
3,13,103
3,12,102
2,12,101
2,12,100
2,12,100
2,12,100
2,11,100
2,11,100
3,11,100
3,11,100
3,12,100
3,12,101
3,12,102
3,12,102
3,12,103
3,12,105
2,12,106
2,12,106
2,12,109
2,12,109
2,12,109
1,12,109
1,12,109
1,12,110
1,12,110
1,12,109
1,12,109
1,12,108
1,13,108
2,13,107
3,13,105
3,13,105
3,12,101
3,11,100
2,11,98
1,11,98
1,11,98
2,11,99
2,11,101
2,12,104
2,12,105
3,12,106
3,12,107
2,12,109
3,12,109
3,12,110
2,12,110
2,11,109
2,11,109
2,11,109
2,11,109
2,12,108
2,12,108
2,12,107
2,12,107
2,12,107
2,12,108
2,11,108
2,11,108
2,12,108
2,12,106
2,13,105
2,13,103
3,13,103
3,13,101
3,12,101
3,10,102
3,10,102
3,10,103
4,10,105
4,11,106
4,11,107
4,11,108
4,11,108
2,12,108
2,12,108
2,12,108
1,12,108
0,12,108
0,12,108
0,12,109
0,12,109
0,12,109
1,12,109
1,12,109
1,11,109
2,12,109
2,12,108
2,12,105
2,12,105
3,12,102
3,11,100
2,11,100
2,10,100
3,10,100
3,10,101
4,11,102
4,11,103
4,12,103
5,12,103
5,12,103
5,12,101
4,12,98
3,11,96
2,11,94
2,10,94
2,11,95
2,11,99
3,11,101
3,11,104
3,11,106
3,11,108
3,12,109
2,12,109
2,12,110
2,12,110
2,13,110
1,13,110
1,12,110
1,12,110
1,12,110
1,12,110
1,12,111
1,12,111
1,13,111
2,13,111
2,13,111
2,13,111
2,13,110
2,12,110
2,12,109
3,12,109
3,12,109
3,12,108
3,12,108
4,12,108
4,12,108
4,12,109
4,12,110
4,12,110
4,12,109
3,12,109
2,11,108
2,11,108
1,11,109
1,11,110
1,11,112
0,11,113
0,11,114
0,11,114
1,12,114
1,12,114
2,12,114
2,12,114
2,12,114
2,12,114
2,12,113
2,12,111
1,12,109
0,12,106
0,12,106
0,12,106
0,12,106
0,12,106
0,12,106
0,12,106
0,12,108
1,12,109
1,12,110
1,12,110
2,12,113
2,12,114
3,12,115
3,12,116
3,12,116
2,12,116
2,12,116
1,12,116
1,13,117
2,13,117
2,13,117
2,13,116
1,13,116
1,13,115
1,13,115
1,13,114
1,13,113
0,13,112
0,13,111
1,13,109
1,13,107
2,13,106
2,13,105
3,13,103
3,13,103
2,13,105
2,13,105
2,13,105
3,13,103
4,13,103
4,13,103
3,12,102
2,12,100
2,12,100
2,12,100
2,11,100
2,11,100
2,11,100
2,12,100
3,12,100
3,12,101
3,12,102
3,12,102
3,12,104
2,12,105
2,12,106
2,12,106
2,12,109
1,12,109
1,12,109
1,12,110
1,12,110
1,12,110
1,12,110
1,12,110
1,12,109
1,12,108
1,12,108
2,12,107
3,13,105
3,13,105
3,12,102
3,11,100
2,11,98
1,11,98
1,11,98
1,11,99
2,11,100
2,12,103
2,12,105
3,12,105
3,13,106
2,12,108
3,12,109
3,12,110
2,12,110
1,12,109
1,12,110
2,12,109
2,12,109
2,12,109
2,12,108
2,12,108
1,12,108
1,12,108
0,12,108
0,11,109
0,11,109
0,11,108
0,12,108
1,12,106
2,13,105
2,13,103
3,13,102
3,12,102
3,11,102
3,10,102
3,10,102
3,11,104
4,11,106
4,11,108
4,11,108
4,11,108
3,11,108
2,11,109
2,11,109
1,11,109
0,11,109
0,12,109
0,12,109
0,12,109
0,12,109
1,12,109
1,12,109
1,12,109
2,12,109
2,12,108
2,12,105
2,12,105
3,12,101
2,11,100
2,10,100
2,10,100
3,10,100
3,10,102
4,11,103
4,11,104
5,11,104
5,12,105
5,12,104
5,12,103
4,12,101
3,12,100
2,11,99
2,11,99
2,11,101
2,11,103
3,12,105
3,12,106
3,11,108
3,11,109
2,12,110
2,12,110
2,12,110
2,12,110
2,13,110
1,13,110
1,12,110
1,11,110
1,11,111
1,11,111
1,12,111
1,12,112
2,12,112
2,12,112
2,12,112
2,12,112
2,12,112
2,12,111
2,12,110
2,12,109
2,12,109
2,12,109
3,12,109
3,12,109
4,12,109
4,12,110
4,12,111
4,12,111
3,12,110
2,11,110
2,11,110
1,11,109
1,11,111
0,11,112
0,11,113
0,11,114
0,11,114
0,11,114
0,12,114
0,12,115
1,12,114
1,12,114
2,12,114
2,12,114
2,12,113
1,12,111
1,12,109
0,12,108
0,12,106
0,12,106
0,12,106
0,12,106
0,12,106
0,12,108
0,12,109
1,12,110
1,12,110
1,12,112
2,12,113
2,12,115
3,12,115
3,12,116
2,12,116
1,12,116
1,12,116
1,12,116
1,13,117
1,13,117
1,13,117
1,13,116
1,13,116
1,13,115
1,13,115
1,13,114
1,13,113
0,13,111
0,13,111
1,13,109
1,13,107
2,13,106
2,13,105
3,13,103
3,13,103
2,13,105
2,13,105
2,13,105
4,13,103
4,13,103
4,13,103
3,12,102
2,12,100
2,12,100
2,12,100
2,12,100
2,12,100
2,12,100
2,12,100
2,12,100
3,12,101
3,12,102
3,12,102
3,12,104
3,12,105
2,12,106
2,12,108
2,12,109
1,12,109
1,12,109
1,12,110
1,12,110
1,12,110
1,12,110
1,12,110
1,12,109
1,12,108
1,12,108
2,12,107
3,13,105
3,13,105
3,12,102
3,11,100
2,11,98
1,11,98
1,11,98
1,11,98
2,11,100
2,12,103
2,13,104
3,13,105
3,13,106
2,13,108
3,13,109
3,13,110
2,12,110
1,12,110
1,12,110
1,12,109
0,12,109
0,12,109
0,12,108
0,12,108
0,12,108
0,12,108
0,12,109
0,11,109
0,11,109
0,11,109
0,11,108
0,12,106
2,12,106
2,13,104
2,12,103
3,12,102
3,11,101
3,11,101
2,11,101
3,11,102
3,11,104
4,11,106
4,11,108
4,11,108
3,11,109
2,11,109
2,11,109
2,11,109
0,11,109
0,11,109
0,11,109
0,11,109
1,12,109
1,12,109
1,12,109
2,12,109
2,12,109
3,12,108
2,12,105
2,12,102
2,11,100
2,11,100
2,10,99
2,10,100
3,10,100
3,10,102
4,11,103
4,11,104
5,11,105
5,11,106
5,12,105
4,12,105
4,12,104
3,12,103
2,12,103
2,12,103
2,12,104
3,12,106
3,12,106
3,12,109
3,11,109
2,11,110
2,12,110
2,12,111
2,12,110
2,12,110
2,13,110
1,13,110
1,12,110
1,12,110
1,12,111
1,11,112
1,11,112
1,11,112
1,11,112
2,11,113
2,12,113
2,12,113
2,12,113
2,12,112
2,12,112
2,12,110
1,11,109
1,11,109
2,11,109
2,12,110
2,12,110
3,12,112
4,12,112
3,12,112
2,12,111
2,11,111
1,11,111
1,11,111
1,11,111
0,11,112
0,11,114
0,11,114
0,11,114
0,11,114
0,12,114
0,12,115
0,12,115
1,12,115
1,12,114
1,12,114
1,12,113
1,13,111
0,13,110
0,13,109
0,12,108
0,12,106
0,12,106
0,12,107
0,12,108
0,12,109
0,12,110
1,12,111
1,12,113
1,12,113
2,12,114
2,12,115
2,12,115
2,13,116
2,13,116
1,12,116
1,12,116
1,13,116
1,13,116
0,13,116
0,13,117
1,13,116
1,13,116
1,13,116
1,13,115
1,13,114
1,13,113
1,13,112
0,13,111
1,13,109
1,13,106
2,13,105
2,13,105
3,13,103
3,13,103
2,13,105
2,13,105
2,13,104
4,13,103
4,13,103
4,13,103
3,13,102
3,12,101
2,12,100
2,12,100
2,12,100
2,12,100
2,12,100
2,12,100
2,12,100
3,12,102
3,12,102
3,12,103
3,12,104
3,12,106
2,12,106
2,12,108
2,12,109
1,12,109
1,12,109
1,12,110
1,12,110
1,12,110
1,12,110
1,12,110
1,12,110
1,12,109
1,12,108
2,13,106
2,13,105
3,13,105
2,12,102
2,11,100
1,11,98
1,11,97
1,11,97
1,11,98
1,12,100
2,12,103
2,13,103
3,13,105
3,13,106
2,13,107
2,13,108
1,13,109
1,12,109
1,12,109
1,12,109
0,12,109
0,12,109
0,12,108
0,12,108
0,12,108
0,12,108
0,12,108
0,12,109
0,11,109
0,11,109
0,11,109
0,11,109
0,12,108
1,12,106
2,12,105
2,12,103
2,12,102
2,11,100
2,11,100
2,10,99
2,11,100
3,11,101
3,11,104
4,11,105
4,11,108
4,11,108
3,11,109
2,11,109
2,11,109
2,11,109
0,11,109
0,11,109
0,11,109
1,12,109
1,12,109
1,12,109
2,12,109
2,12,108
3,12,106
2,12,105
2,11,102
2,11,99
1,10,99
1,10,99
2,10,99
2,10,100
3,10,103
4,11,104
4,11,105
5,11,106
5,11,106
4,11,106
4,12,105
3,12,105
2,12,105
2,12,105
2,12,105
2,12,106
2,12,109
2,12,109
2,12,110
2,11,110
2,11,110
1,11,110
1,12,111
1,12,110
2,12,110
2,13,110
2,12,110
1,12,110
1,12,111
1,12,111
1,12,112
2,11,112
2,11,113
1,11,113
2,11,113
2,11,113
2,12,113
2,12,113
2,11,112
1,11,112
1,11,111
1,11,110
1,11,109
1,11,110
1,11,110
1,12,111
2,12,112
2,12,112
2,12,112
1,11,111
1,11,111
1,11,111
1,11,111
0,11,112
0,11,113
0,11,114
0,11,114
0,11,114
0,11,115
0,11,115
0,12,115
0,12,115
0,12,115
1,12,114
0,12,114
0,12,113
0,13,112
0,13,111
0,13,110
0,13,109
0,12,108
0,12,108
0,12,109
0,12,110
0,12,110
0,12,111
0,12,113
1,12,113
1,12,114
1,12,114
2,12,115
2,12,115
2,13,116
2,13,116
1,12,116
1,13,117
1,13,117
0,13,117
0,13,117
0,13,117
0,13,116
1,13,116
1,13,116
1,13,115
1,13,114
1,13,113
1,13,112
1,13,111
1,13,109
2,13,106
2,13,105
2,13,105
3,13,103
3,13,103
2,13,105
2,13,105
2,13,104
4,13,103
4,13,103
4,13,103
3,13,102
3,12,101
2,12,100
2,12,100
2,12,100
2,12,100
2,12,100
2,12,100
2,12,100
3,12,102
3,12,102
3,12,104
3,12,104
3,12,106
2,12,106
2,12,108
2,11,109
1,11,109
1,11,109
0,11,109
1,12,110
1,12,110
1,12,110
1,12,110
1,12,109
1,12,109
1,12,108
2,12,106
2,13,105
2,13,105
2,13,102
2,12,101
2,11,98
1,11,97
1,11,97
1,11,97
1,11,99
2,12,102
2,13,103
2,13,105
2,13,105
2,13,107
2,13,108
1,13,109
1,13,109
1,12,109
0,12,109
0,12,109
0,12,109
0,12,108
0,12,108
0,12,108
0,12,108
0,12,108
0,12,108
0,12,109
0,11,109
0,11,109
0,12,109
0,12,108
2,12,106
3,12,106
3,12,103
3,12,101
2,11,99
2,10,97
2,10,97
1,10,97
2,11,98
2,11,100
3,11,102
3,11,105
3,11,107
3,11,109
3,11,109
2,11,109
2,11,109
2,11,109
1,11,109
0,11,109
1,12,109
1,12,109
1,12,109
2,12,108
2,12,108
3,12,105
2,12,103
2,11,101
1,10,98
1,10,98
1,10,98
1,10,98
2,10,99
3,10,102
4,11,104
4,11,105
5,11,105
5,11,106
4,11,105
4,11,105
3,11,105
2,11,105
2,11,105
2,12,107
2,12,109
2,12,110
2,12,110
2,12,111
1,12,110
1,12,110
1,12,110
1,12,110
1,12,110
1,12,110
1,12,109
1,12,108
1,12,109
1,12,109
1,12,110
2,12,111
2,12,112
2,12,113
2,12,113
2,12,113
2,12,113
2,12,113
2,11,113
1,11,112
1,11,112
1,11,112
1,11,110
1,11,110
0,11,110
0,11,110
1,11,111
1,11,111
1,11,112
1,11,112
1,11,111
1,11,111
1,11,111
0,11,111
0,11,111
0,11,113
1,11,114
0,11,114
0,11,114
0,11,115
1,11,115
1,12,115
0,12,115
0,12,115
0,12,115
0,12,114
0,12,114
0,12,112
0,13,111
0,13,111
0,13,110
0,13,110
0,13,110
0,12,110
0,12,111
0,12,113
0,12,113
0,12,113
1,12,114
1,12,114
1,12,114
1,12,114
1,12,115
1,12,115
1,12,116
1,12,116
1,13,116
1,13,117
1,13,117
0,13,117
0,13,117
1,13,116
1,13,116
1,13,116
1,13,115
1,13,115
1,13,113
1,13,112
1,13,111
2,13,109
2,13,106
2,13,105
2,13,104
3,13,103
3,12,102
2,13,105
2,13,104
2,13,104
4,13,103
4,13,103
4,13,103
3,13,102
3,12,101
2,12,100
2,12,100
2,12,100
2,12,99
2,11,99
2,11,100
2,12,100
3,12,101
3,11,102
3,12,104
3,12,104
3,12,106
2,12,106
2,12,108
2,11,109
1,11,109
1,11,109
0,11,109
1,11,109
1,12,110
1,12,110
1,12,109
0,12,109
1,12,109
1,12,108
2,12,106
2,13,105
2,13,105
2,13,103
2,12,101
2,11,98
1,11,97
1,11,97
1,11,97
1,11,98
1,12,101
2,13,103
2,13,105
2,13,105
2,13,107
1,13,107
1,13,108
1,13,109
1,12,109
0,12,109
0,12,109
0,12,108
0,12,108
0,12,108
0,12,108
0,12,108
0,12,108
0,12,108
0,12,108
0,11,109
0,11,109
0,12,109
2,12,108
2,12,106
3,12,106
3,12,103
3,12,101
3,11,97
2,10,97
1,10,95
1,10,94
1,10,92
1,10,97
2,11,98
2,11,102
3,12,105
3,12,106
3,12,109
3,11,109
2,11,109
2,11,109
2,11,109
2,11,109
1,12,109
2,12,109
2,12,109
2,12,108
3,12,106
3,12,105
2,12,102
2,11,99
1,11,98
1,10,97
1,10,97
1,10,98
1,10,98
3,11,102
4,11,103
4,11,104
4,11,105
4,11,105
3,11,105
3,11,105
2,11,105
2,11,105
2,12,106
2,12,108
2,12,110
2,12,110
2,12,111
1,12,111
1,12,111
1,12,110
1,12,110
1,12,109
1,12,109
1,12,108
1,12,107
1,12,107
1,12,106
1,12,107
1,12,109
2,12,110
2,12,111
2,12,113
2,12,113
2,12,113
2,12,113
2,12,113
2,12,113
1,11,112
1,11,112
1,12,110
1,12,110
1,12,110
0,12,110
0,12,111
0,12,111
1,11,111
1,11,111
1,11,111
1,11,110
1,11,110
1,11,110
1,11,110
0,11,111
1,11,112
1,11,114
2,11,114
2,11,114
2,11,114
2,11,114
2,11,115
1,11,115
1,11,115
0,12,115
0,12,114
0,12,114
0,12,113
0,12,112
0,13,111
0,13,111
0,13,111
0,13,111
0,12,111
0,12,113
0,12,113
0,12,113
0,12,114
0,12,114
0,12,114
0,12,114
0,12,114
0,12,114
1,12,115
1,13,115
1,13,116
1,13,116
1,13,117
1,13,117
0,14,117
1,14,117
1,13,117
1,13,116
1,13,116
1,13,115
1,13,115
2,13,114
2,13,111
2,13,111
2,13,109
2,13,106
2,12,105
2,12,104
3,12,103
3,12,102
1,12,104
2,13,104
2,13,104
4,13,103
4,13,103
4,13,103
3,13,102
3,12,101
2,12,100
2,12,100
2,11,99
2,11,99
2,11,99
2,11,99
2,11,100
2,11,100
3,11,102
3,11,102
3,12,104
3,12,106
2,11,106
2,11,108
2,11,108
2,11,109
1,11,109
1,11,109
1,12,110
1,12,110
1,12,110
1,12,109
1,12,109
1,12,109
1,12,108
1,13,106
2,13,105
2,13,105
2,13,103
2,13,101
2,12,99
1,11,98
1,11,97
0,11,97
0,11,98
1,12,101
2,13,103
2,13,105
2,13,105
2,13,106
1,13,107
1,13,108
0,12,108
0,12,109
0,12,109
0,12,108
0,12,108
0,12,108
0,12,108
0,12,108
0,12,108
0,12,108
0,12,108
0,12,108
0,12,108
0,12,109
1,12,109
2,12,108
3,12,106
4,12,106
4,12,103
4,12,101
3,12,97
2,11,95
1,10,94
1,10,92
0,10,90
0,10,92
0,10,94
2,11,98
3,12,102
3,12,105
3,12,106
3,12,109
3,12,109
2,11,109
2,11,109
2,11,109
2,12,109
2,12,108
2,12,108
2,12,107
2,13,105
2,12,103
2,12,101
2,12,99
1,11,98
1,10,97
1,10,97
1,10,97
2,10,99
3,11,101
3,11,102
4,11,102
4,11,104
3,11,104
3,11,104
3,11,105
2,11,105
2,11,106
2,12,108
2,12,109
2,12,110
2,12,111
2,12,111
1,12,111
1,12,110
1,12,110
1,12,109
1,12,108
1,12,107
1,12,106
1,12,106
1,11,105
1,11,105
1,11,106
1,12,107
1,12,109
2,12,110
2,12,111
2,12,113
2,12,113
2,12,113
2,12,113
1,12,112
1,12,112
1,12,112
1,12,110
1,12,110
1,12,110
1,12,110
0,12,111
0,12,111
1,12,111
1,12,110
1,11,110
1,11,109
1,11,109
1,11,109
1,11,109
1,11,110
1,11,111
2,11,113
2,11,113
2,11,114
2,11,114
2,11,114
2,11,114
2,11,115
1,11,115
1,11,114
0,11,114
0,12,114
0,12,113
0,12,113
0,12,112
0,13,111
0,13,111
0,13,113
0,13,113
1,13,113
1,13,114
1,13,114
1,13,115
1,12,114
0,12,114
0,12,114
0,12,114
0,12,114
1,12,115
1,13,115
1,13,116
1,13,116
1,13,117
1,13,117
0,13,117
1,14,118
1,13,117
1,13,117
1,13,116
1,13,116
2,13,115
2,13,114
3,13,111
2,13,110
2,13,107
2,12,105
2,12,104
3,12,103
3,12,102
3,12,102
1,12,104
2,13,104
2,13,104
4,13,103
4,13,103
4,13,103
3,13,102
3,12,101
2,12,100
2,12,99
2,11,99
2,11,99
1,11,98
1,11,99
2,11,99
2,11,100
3,11,101
3,11,102
3,12,104
3,12,105
2,12,106
2,12,108
2,11,108
2,11,109
1,11,109
1,12,109
1,12,109
0,12,109
1,12,109
1,12,109
1,12,109
1,12,109
1,12,108
1,13,106
2,13,105
2,13,105
2,13,103
2,13,101
2,12,99
2,11,99
1,11,98
0,11,98
0,11,99
1,12,101
1,12,102
1,13,105
1,13,105
1,13,106
1,13,107
0,12,108
0,12,108
0,12,109
0,12,109
0,12,108
0,12,108
0,12,108
0,12,108
0,12,108
0,12,108
0,12,108
0,12,107
0,12,108
0,12,108
0,12,108
2,12,109
3,12,109
3,12,108
4,12,106
4,12,103
4,12,102
3,12,99
3,12,95
2,11,92
1,10,90
0,10,89
0,10,89
0,10,91
0,10,94
2,11,98
3,12,102
3,12,105
3,12,106
3,12,108
3,12,108
2,11,108
2,12,108
2,12,108
2,12,108
2,12,107
2,12,106
2,13,105
2,12,102
2,12,100
2,12,99
1,11,98
1,10,97
1,10,97
1,10,98
3,11,100
3,11,101
3,11,101
3,11,102
3,11,102
3,11,102
2,11,102
2,11,104
2,11,105
2,11,105
2,12,108
2,12,109
2,12,110
2,12,111
2,12,111
2,12,111
1,12,110
1,12,109
1,12,109
1,12,107
1,12,106
2,12,106
1,12,105
1,11,105
1,11,104
1,10,104
1,11,105
1,11,107
2,12,109
2,12,111
2,12,113
2,12,113
2,12,113
2,12,113
1,12,112
1,12,112
1,12,111
1,12,110
1,12,110
1,12,110
1,12,110
0,12,111
0,12,111
1,12,110
1,12,110
1,12,110
1,12,109
2,12,109
1,11,108
1,11,108
2,11,109
2,11,110
2,11,111
2,11,112
2,11,113
2,11,113
2,11,113
2,11,114
2,11,114
2,11,114
2,11,114
2,11,114
1,12,113
1,12,113
0,12,113
0,12,112
0,13,113
0,13,113
0,13,113
0,13,114
1,13,114
1,13,114
1,13,114
1,13,115
1,13,114
1,12,114
0,12,114
0,12,114
0,12,114
0,12,114
1,12,115
1,13,115
1,13,116
1,13,117
0,13,117
1,13,117
1,14,118
1,13,118
1,13,117
1,13,117
2,13,115
2,13,115
3,13,114
3,13,111
3,13,109
3,13,107
3,12,105
3,12,104
3,12,102
3,12,102
3,12,102
2,13,105
2,13,104
2,13,104
4,13,103
4,13,103
4,13,103
4,13,102
3,12,101
3,12,100
2,12,99
2,11,99
2,11,98
1,11,98
1,11,98
2,10,98
2,10,99
2,11,100
3,11,101
3,11,104
3,12,105
3,12,106
2,12,106
2,12,108
2,11,109
2,12,109
1,12,109
1,12,109
0,12,109
0,12,109
0,12,109
0,12,109
0,12,109
0,12,108
1,13,106
2,13,106
2,13,105
2,13,103
2,13,101
2,12,100
2,12,99
2,11,99
1,11,99
1,11,100
1,12,102
2,12,103
2,12,105
2,13,106
1,12,106
0,12,108
0,12,108
0,12,108
0,12,108
1,12,109
0,12,109
1,13,109
1,12,109
1,12,108
0,12,108
0,12,108
0,12,108
0,12,107
0,12,108
0,12,108
1,12,108
2,12,109
3,12,109
3,12,108
3,12,106
3,12,105
4,12,102
3,12,100
3,12,97
3,12,92
2,11,90
1,10,89
0,10,89
0,9,91
0,9,92
1,10,97
2,11,100
3,11,103
3,12,105
4,12,106
3,12,107
2,12,108
2,12,108
2,12,108
2,12,106
2,12,106
2,12,105
2,12,103
2,12,101
2,12,100
2,12,100
2,11,99
2,11,99
1,11,98
3,11,100
3,11,101
3,11,101
3,11,102
3,11,102
3,11,102
2,11,101
2,11,101
2,11,102
2,11,104
2,11,105
3,11,107
3,12,109
3,12,110
2,12,111
2,12,111
2,12,111
2,13,110
2,13,109
2,12,108
2,12,107
2,12,106
2,12,106
2,12,105
1,11,104
1,11,102
1,10,102
1,10,104
1,10,106
1,11,108
2,12,110
2,12,111
2,12,113
2,12,113
1,12,112
1,11,112
1,11,112
1,12,111
1,12,110
1,12,111
1,12,111
2,12,111
2,12,111
2,12,111
2,12,110
2,12,110
3,12,109
3,12,109
2,12,108
2,11,106
2,11,106
2,11,106
3,11,108
3,11,110
3,12,110
2,11,111
2,11,112
2,11,112
1,11,113
2,11,113
2,11,114
2,12,114
2,11,113
2,12,113
1,12,113
1,12,112
0,12,112
0,12,113
0,13,113
1,13,113
1,13,114
1,13,114
1,13,115
1,13,115
1,13,115
1,13,114
1,12,114
1,12,114
0,12,114
0,12,114
0,12,114
0,12,114
0,12,115
0,13,115
0,13,116
0,13,117
0,13,117
1,14,118
1,13,118
1,13,118
2,13,117
2,13,116
2,13,115
3,13,112
3,13,111
3,13,107
3,12,106
3,12,105
3,12,102
3,12,102
3,12,102
3,12,102
2,13,105
2,13,105
2,13,104
4,13,103
4,13,103
4,13,103
4,13,102
3,13,102
3,12,100
3,12,99
2,12,98
2,11,98
2,11,98
2,11,98
2,10,98
2,10,98
2,11,99
3,11,100
3,11,102
3,12,105
3,12,106
3,12,106
2,12,108
2,12,108
2,12,109
1,12,109
1,12,109
1,12,109
1,12,109
1,12,109
1,12,109
1,12,109
0,12,109
1,13,106
1,13,106
2,13,105
2,13,103
2,13,101
3,12,101
3,12,100
2,12,100
2,11,100
1,12,101
2,12,102
2,12,105
2,12,105
2,12,106
1,12,106
0,12,108
0,12,108
0,12,108
0,12,108
1,13,109
1,13,109
1,13,109
1,12,109
1,12,108
0,11,108
0,12,108
0,12,108
0,12,107
0,12,107
0,12,108
0,12,108
1,12,109
2,12,109
3,12,109
3,12,108
3,12,106
3,12,103
3,13,102
3,12,97
3,12,96
3,12,92
2,11,90
1,10,90
0,9,92
0,9,93
1,9,96
2,11,98
3,11,101
4,12,104
4,12,105
4,12,106
3,12,106
2,12,106
2,12,106
2,12,106
2,12,105
2,12,104
2,12,102
2,12,101
2,12,101
2,12,100
2,12,100
2,12,100
3,11,100
3,11,101
4,11,102
4,11,102
4,11,102
3,11,102
3,12,102
2,12,101
2,11,101
2,11,101
2,11,102
3,11,104
3,11,106
3,12,109
3,12,111
3,12,111
3,12,111
2,12,111
2,13,110
2,13,109
2,13,107
2,12,107
2,12,106
2,12,106
2,12,105
2,11,102
1,11,102
1,10,102
1,10,103
1,10,105
2,11,108
2,11,110
2,12,111
2,12,112
2,12,112
1,11,112
1,11,112
1,11,112
1,11,112
1,12,111
1,12,111
2,12,111
2,12,111
2,12,111
2,12,111
3,12,111
3,12,110
3,12,109
3,12,109
3,12,106
3,11,105
3,11,105
3,11,105
3,11,106
3,11,108
3,11,109
3,11,109
2,11,110
1,11,110
1,11,110
1,12,112
2,12,113
2,12,113
2,12,113
2,12,113
1,12,112
1,12,111
1,12,112
1,12,113
1,12,113
1,13,113
1,13,114
1,13,114
1,13,114
1,13,114
1,13,114
1,12,114
2,12,113
2,12,113
1,12,114
0,12,114
1,12,114
0,12,114
0,12,115
0,13,115
0,13,116
0,13,117
0,13,118
1,13,118
1,13,118
2,13,117
2,13,117
2,13,116
3,13,115
3,13,112
3,13,111
3,13,107
3,12,106
3,12,104
3,12,102
3,12,102
3,12,101
3,12,101
2,13,105
2,13,105
2,13,105
4,13,103
4,13,103
4,13,103
4,13,103
4,13,102
3,13,100
3,12,99
2,12,98
2,12,98
2,11,97
2,11,97
2,11,97
2,11,98
2,11,99
3,11,100
3,11,101
3,12,104
4,12,105
3,12,106
3,12,106
2,12,108
2,12,108
1,12,109
1,12,109
1,12,109
1,12,109
1,12,109
1,12,109
0,12,109
0,12,108
1,12,106
1,13,106
2,12,105
2,13,103
3,13,102
3,12,101
3,12,100
3,12,100
2,12,100
2,12,102
2,12,103
2,12,105
2,13,105
2,13,106
1,12,108
1,12,108
0,12,108
0,12,108
1,13,109
1,13,109
1,13,109
1,13,109
1,13,110
0,12,109
0,11,109
0,11,109
0,12,109
0,12,108
0,12,108
0,12,108
0,12,108
1,12,109
1,12,109
2,12,109
2,12,109
2,12,106
3,12,105
3,13,102
4,13,100
4,13,97
4,12,96
3,12,92
3,11,92
1,10,93
1,9,95
1,9,97
2,10,99
2,11,100
3,12,103
4,12,105
4,12,105
3,12,106
3,12,106
2,12,106
2,12,105
2,12,104
2,12,104
1,12,102
1,12,101
1,12,101
2,12,101
2,12,101
3,12,102
4,12,102
4,12,103
4,12,104
4,12,104
4,12,104
4,12,104
4,12,103
3,12,101
2,12,100
2,11,100
2,11,100
2,11,102
3,11,105
3,12,108
3,12,110
4,12,111
4,12,111
3,12,111
3,13,110
3,13,109
3,13,108
3,12,107
3,12,106
4,12,106
3,12,105
3,12,103
2,11,102
2,11,102
2,11,104
2,11,106
2,11,108
2,11,110
2,11,112
2,11,112
1,11,112
1,11,112
1,11,112
1,11,112
1,11,112
1,12,112
1,12,112
2,12,112
2,12,113
2,12,113
2,12,113
3,12,112
3,12,111
3,12,110
3,12,109
3,11,106
3,11,105
3,11,105
3,11,105
3,11,105
3,11,106
3,11,107
2,11,108
1,11,108
1,11,108
1,11,109
1,12,109
1,12,110
2,12,111
2,12,111
1,12,110
1,12,110
1,12,110
1,12,110
1,12,111
1,13,111
1,13,113
1,13,113
1,13,114
1,12,113
1,12,113
1,12,113
2,12,113
2,12,113
2,12,113
2,12,113
1,12,114
1,12,114
1,12,114
0,12,115
0,13,115
0,13,116
0,13,117
0,13,117
1,13,118
1,13,118
2,13,117
2,13,117
2,13,115
2,13,114
3,13,111
3,13,109
3,13,107
3,12,105
3,12,102
2,12,101
2,12,101
3,12,101
3,12,101
2,13,105
2,13,105
2,13,105
4,13,105
4,13,103
4,13,103
4,13,103
4,13,102
4,13,102
3,13,100
3,12,99
3,12,98
2,12,97
2,11,97
2,11,98
2,11,98
2,11,99
2,11,100
3,12,101
3,12,102
3,12,105
3,12,105
3,12,106
2,12,106
2,12,107
1,13,108
1,13,108
1,13,108
1,12,109
1,12,109
1,12,108
1,12,108
1,12,108
1,12,106
2,12,106
2,12,105
2,12,103
3,12,102
3,12,101
3,12,100
2,12,100
2,12,101
2,12,102
2,12,103
2,12,105
2,12,106
2,12,106
2,12,108
1,12,109
1,12,109
1,13,109
1,13,109
2,13,109
2,13,109
2,13,109
1,12,109
1,12,109
0,11,109
0,12,109
0,12,109
0,12,108
0,12,108
0,12,108
0,12,108
1,12,108
1,12,109
2,12,109
2,12,108
2,12,107
3,12,106
4,13,105
4,13,102
4,13,100
4,12,98
4,12,97
3,11,95
2,10,95
2,10,97
1,10,98
1,10,99
2,11,100
2,11,103
3,12,104
3,12,105
3,12,105
3,12,106
2,12,105
2,12,105
2,12,104
2,12,104
1,12,104
1,12,102
2,12,102
2,12,102
2,12,103
3,12,103
4,12,105
4,12,105
4,12,105
4,12,105
4,12,105
4,12,104
4,13,103
3,13,103
2,13,101
2,12,100
2,11,99
2,10,99
2,10,103
3,11,107
3,11,110
4,12,111
4,12,111
3,12,111
3,12,110
3,13,110
3,12,109
3,12,108
3,12,107
4,12,106
3,12,106
3,12,104
2,11,103
2,11,103
2,11,105
2,11,107
2,11,109
2,11,110
2,11,112
1,11,112
1,11,112
1,10,112
1,11,112
1,11,112
1,11,112
1,11,112
2,12,112
2,12,113
2,12,113
2,12,113
3,12,113
3,12,113
3,12,112
3,12,110
3,12,109
3,12,109
3,11,105
3,11,105
3,11,105
3,11,105
3,11,105
3,11,105
2,11,105
1,11,106
1,11,106
1,11,106
1,12,108
1,12,109
1,12,109
1,12,109
1,12,109
1,12,108
1,12,108
1,12,109
2,12,109
2,13,110
2,13,111
1,12,112
1,12,112
1,12,112
1,12,112
1,12,112
2,12,113
2,12,113
2,12,113
2,12,113
2,12,114
1,12,115
1,13,115
1,12,115
0,13,116
0,13,116
1,13,117
1,13,117
1,13,117
1,13,117
1,13,117
2,13,116
2,13,115
2,13,113
2,13,111
3,13,109
3,12,106
3,12,104
2,12,101
2,12,101
2,12,101
3,12,101
3,13,101
2,12,105
2,12,105
4,13,105
4,13,105
4,13,103
4,13,103
4,13,103
4,13,102
4,13,101
3,13,100
3,12,99
3,12,98
2,12,98
2,12,98
2,12,99
2,12,100
3,12,100
3,12,101
3,12,102
3,12,103
3,12,104
3,12,105
2,12,106
2,12,106
1,13,107
1,13,108
1,13,108
1,12,108
1,12,108
1,12,108
1,12,108
2,12,107
2,12,106
2,12,105
2,12,104
2,12,102
3,12,102
3,11,100
3,11,100
2,11,100
2,12,101
2,12,102
2,12,104
2,12,105
2,12,106
2,12,106
2,12,108
2,12,109
2,12,109
2,12,109
2,12,109
2,12,109
2,12,109
2,12,109
1,12,109
1,11,109
0,11,109
0,12,109
0,12,109
0,12,109
0,12,108
0,12,108
0,12,108
1,12,108
1,12,109
2,12,109
2,12,108
2,12,106
4,12,106
4,12,105
4,12,104
4,12,102
4,12,100
4,12,99
3,12,98
3,10,98
2,10,98
2,10,99
2,10,100
2,11,101
2,12,103
2,12,104
2,12,105
2,12,105
2,12,106
2,12,105
2,12,105
2,12,105
2,12,104
1,12,104
1,12,104
2,12,104
2,12,104
2,12,105
3,12,106
4,12,106
4,12,106
4,12,106
4,12,106
4,12,105
4,13,105
4,13,104
3,13,103
2,13,102
2,12,99
2,11,99
2,10,99
2,10,100
2,10,104
3,11,108
4,12,111
4,12,111
3,12,111
3,12,111
3,12,110
3,12,110
3,12,109
3,12,108
4,13,107
3,12,106
3,12,106
2,12,105
2,12,105
2,11,106
2,11,108
2,11,109
2,11,110
1,11,112
1,11,112
1,11,112
1,10,112
1,10,112
1,10,112
1,11,113
2,11,113
2,12,113
2,12,113
2,12,113
2,12,113
2,12,113
3,12,113
3,12,113
3,12,112
3,12,110
3,12,109
3,12,106
3,11,105
3,11,105
3,11,104
3,11,104
3,11,104
2,11,103
1,11,103
1,11,103
1,11,103
0,11,104
1,12,106
1,12,106
1,12,106
1,12,106
1,12,106
1,12,106
1,12,106
1,12,106
2,12,108
2,12,109
1,12,110
1,12,110
1,12,111
1,12,111
1,12,112
1,12,112
2,12,113
2,12,113
2,12,113
1,12,114
1,12,115
1,13,115
1,13,116
1,13,116
1,13,117
1,13,117
1,13,117
1,13,117
1,13,117
1,13,115
2,13,115
2,13,114
2,13,112
2,13,110
3,13,107
2,12,106
3,12,102
2,12,101
2,12,101
2,12,101
2,12,101
2,12,106
2,12,105
4,12,105
4,12,105
4,13,103
4,13,103
4,13,103
4,13,102
4,13,101
3,13,100
3,12,100
3,12,99
3,12,99
3,12,99
3,12,99
3,12,100
3,12,100
3,12,100
3,12,101
3,12,102
3,12,103
3,12,104
2,12,105
2,12,105
1,12,106
1,12,106
1,12,107
2,12,108
2,12,108
2,11,108
3,11,107
2,11,106
3,11,105
2,12,105
3,12,102
2,12,102
2,11,101
2,11,100
3,11,100
2,11,100
2,12,101
2,12,102
2,12,105
2,12,105
2,12,106
2,13,106
2,12,109
3,13,109
2,13,109
2,13,109
2,12,109
2,12,109
2,11,108
2,11,108
2,12,108
1,11,108
0,12,108
0,12,109
0,12,109
0,13,109
0,13,109
1,13,109
1,12,108
1,12,108
2,12,108
2,12,108
2,12,106
3,12,106
4,12,106
4,12,105
4,12,105
4,12,104
4,12,102
4,12,101
4,12,100
3,12,99
3,11,99
2,11,100
2,11,101
2,12,103
2,12,104
2,12,105
2,12,105
2,12,105
2,12,106
2,12,106
2,12,106
2,12,106
2,12,106
2,12,106
2,12,106
2,12,106
2,12,106
2,12,106
2,12,106
2,12,106
3,12,106
3,12,106
3,12,106
3,13,106
3,13,105
3,13,105
3,13,103
2,13,103
2,13,99
2,11,99
2,11,99
1,10,100
2,10,104
2,11,108
3,11,110
3,12,111
3,12,111
3,12,111
4,12,111
4,12,110
3,12,110
3,12,110
3,13,109
3,13,108
2,12,107
1,12,107
2,12,107
2,12,108
1,11,109
2,12,110
2,11,112
1,11,112
1,11,112
1,10,112
1,10,112
1,10,113
1,10,113
1,11,113
2,11,113
2,11,114
2,12,114
2,12,114
2,12,114
2,12,114
2,12,113
2,12,113
3,12,113
3,12,110
3,12,109
3,12,109
3,12,106
3,12,105
3,11,104
3,11,104
2,11,102
2,11,102
1,11,100
1,11,100
1,10,99
0,11,99
1,11,99
1,11,101
1,11,101
1,11,101
1,12,102
1,12,102
1,12,105
1,12,105
2,12,106
1,12,106
1,12,108
1,12,109
1,12,110
1,12,110
1,12,111
1,12,112
1,12,113
2,12,113
1,12,114
1,12,115
1,13,116
1,13,116
1,13,116
1,13,117
1,13,117
1,13,117
1,13,117
1,13,116
1,13,115
1,13,115
1,13,115
1,13,114
2,13,111
2,13,109
3,13,107
3,12,106
3,12,104
3,12,101
2,12,101
3,13,101
3,13,101
2,12,106
2,12,106
2,12,105
4,12,105
4,13,105
4,13,103
4,13,103
4,13,103
3,13,101
3,13,100
3,12,100
3,12,100
3,12,99
3,12,99
3,12,99
3,12,100
3,12,100
2,12,100
2,12,101
2,12,101
3,12,102
3,12,103
2,12,104
2,12,105
2,12,105
2,12,105
2,12,106
3,12,106
3,12,107
3,11,107
3,11,106
3,11,105
3,11,105
3,11,104
3,11,102
2,11,101
2,11,100
2,11,100
2,10,100
2,11,100
2,11,101
2,12,102
2,12,105
2,12,105
2,12,106
2,12,106
3,12,109
3,13,110
3,13,110
2,12,110
2,12,109
2,11,109
2,11,108
2,11,108
2,11,108
1,11,108
1,12,108
1,12,109
1,12,109
1,13,109
1,13,109
1,12,109
1,12,109
2,12,108
2,12,108
3,12,107
3,12,106
4,12,106
4,12,105
4,12,105
4,12,105
4,12,105
4,12,104
4,12,103
3,12,102
3,12,102
3,12,102
2,12,103
2,12,104
2,12,105
2,12,105
2,12,105
2,12,106
2,12,106
2,12,106
2,12,106
2,12,106
2,12,106
2,12,106
2,12,106
2,12,108
2,12,109
2,12,109
2,12,109
1,13,108
2,12,108
1,12,107
1,12,106
2,12,106
2,13,106
2,13,105
2,13,105
2,13,103
2,13,103
2,13,101
2,12,99
2,11,99
1,11,101
2,11,103
2,11,106
3,11,109
3,12,110
3,12,111
3,12,112
3,12,112
3,12,112
3,12,111
3,12,110
2,13,110
2,13,109
2,13,109
1,12,108
1,12,109
1,12,109
1,12,110
1,12,111
1,11,112
1,11,112
1,11,112
1,11,113
1,10,113
1,10,113
2,11,113
2,11,114
2,11,114
2,11,114
2,12,114
2,12,114
2,12,114
2,12,114
2,11,114
2,12,114
2,12,113
2,12,112
2,12,110
2,12,109
3,12,106
3,12,105
3,12,104
3,12,102
3,11,102
2,11,100
2,11,100
1,11,99
1,10,99
1,10,99
1,10,98
1,10,98
1,11,99
1,11,99
1,11,99
1,11,99
1,11,101
1,11,101
1,11,104
1,11,105
1,12,106
1,12,106
1,12,108
1,12,110
1,12,110
1,12,111
1,12,113
1,12,113
1,12,115
1,12,116
1,13,116
1,13,117
1,13,117
1,13,117
1,13,117
1,13,117
1,13,116
1,13,115
1,13,115
1,13,115
1,13,114
1,13,112
1,13,111
2,13,108
3,13,107
3,13,106
3,13,104
3,13,102
3,13,101
3,13,101
3,13,101
2,12,106
2,12,106
2,12,106
2,12,105
4,13,105
4,13,103
4,13,103
4,13,103
3,13,101
3,13,101
3,12,100
3,12,100
3,12,100
3,12,100
3,12,100
3,12,100
3,12,100
2,12,100
2,12,100
2,12,100
2,12,102
3,12,102
3,12,104
2,12,104
3,12,105
3,12,105
3,12,105
3,12,105
3,12,106
3,11,105
3,11,105
3,11,105
3,11,104
3,11,102
3,11,101
3,11,100
2,10,99
2,10,99
2,10,99
2,11,100
2,12,102
2,12,103
2,12,105
2,12,105
2,12,106
2,12,106
3,12,109
3,12,109
3,12,109
3,12,109
2,12,109
2,11,108
2,11,108
2,11,108
2,11,108
1,11,108
1,12,108
1,12,108
1,13,108
1,13,109
1,13,109
1,13,109
3,13,108
2,12,108
3,12,107
3,12,106
4,12,106
4,12,106
4,12,105
4,12,105
4,12,105
4,12,105
4,12,105
3,12,104
3,12,104
3,12,105
3,12,105
3,12,105
2,12,106
2,12,106
2,12,106
2,12,106
2,12,106
2,12,108
2,12,108
2,12,108
2,12,108
2,12,109
3,12,109
3,12,109
3,12,109
2,12,109
2,12,109
1,13,109
1,13,109
1,13,109
1,13,108
0,12,107
0,12,106
2,12,106
2,13,106
2,13,105
2,13,105
2,13,103
2,13,102
2,13,101
2,13,100
2,11,102
2,11,104
2,12,106
2,12,109
3,12,110
3,12,111
3,12,112
3,12,112
3,12,112
3,12,112
2,12,111
2,13,111
2,13,110
2,13,109
1,13,109
1,13,109
1,12,109
1,12,110
1,11,111
1,11,112
1,11,112
1,11,112
1,11,113
2,11,113
2,11,113
2,11,114
2,11,114
2,11,114
2,11,114
2,11,114
2,11,114
0,11,114
0,11,114
0,11,114
0,12,114
1,12,113
1,12,113
2,12,110
2,12,109
2,12,109
3,12,105
3,12,104
3,12,102
3,11,101
3,12,100
2,11,100
2,11,99
1,10,99
1,10,99
1,10,98
1,10,98
1,10,98
1,10,98
1,10,98
1,10,98
1,10,99
1,10,100
1,11,101
1,11,104
1,11,104
1,12,106
1,12,108
1,12,109
1,12,110
1,12,111
1,12,113
1,12,113
1,12,115
1,12,116
1,13,116
1,13,117
1,13,117
1,13,117
1,13,117
1,13,116
1,13,115
1,13,115
1,13,115
1,13,115
1,13,114
1,13,112
1,13,111
1,13,108
2,13,107
3,13,106
4,14,104
3,13,102
3,13,101
3,13,101
3,13,100
2,12,106
2,12,106
2,12,105
2,12,105
4,13,105
4,13,103
4,13,103
4,13,103
3,13,101
3,13,101
3,12,100
3,12,100
3,12,100
3,12,100
3,12,100
3,12,100
3,12,100
2,12,100
2,12,100
2,12,100
2,12,101
3,12,102
3,12,104
3,12,105
4,12,105
4,12,105
4,12,105
4,12,105
4,12,105
4,12,105
3,12,105
3,12,104
3,12,102
3,12,101
3,11,100
2,11,99
2,11,99
2,11,99
2,11,100
3,11,101
3,12,102
3,12,105
2,12,105
2,12,106
2,12,106
2,12,106
3,12,109
3,12,109
3,12,109
3,12,109
2,12,109
2,11,108
2,11,108
2,11,108
2,11,106
1,11,107
1,12,107
1,12,108
1,13,108
1,13,108
1,13,108
3,13,109
3,13,108
3,12,107
3,12,107
3,12,106
4,12,106
4,12,105
4,12,105
4,12,105
4,12,105
4,12,105
3,12,105
3,12,105
4,12,105
4,12,105
4,12,106
3,12,106
3,12,107
2,12,107
2,12,107
2,12,108
2,11,108
2,11,108
2,12,109
2,12,109
2,12,109
3,12,109
3,12,109
3,12,109
3,12,109
3,12,109
2,13,109
1,13,109
1,13,109
1,13,109
1,13,109
0,12,108
0,12,106
1,12,106
2,12,106
2,13,105
2,13,105
2,13,105
2,13,103
2,13,103
2,13,102
2,12,103
2,12,105
2,12,106
2,12,108
3,12,109
3,12,110
3,12,111
3,12,112
3,12,113
2,12,113
2,12,112
2,13,111
2,13,111
2,13,111
2,13,110
2,13,110
2,13,111
2,12,111
1,12,111
1,11,112
1,11,112
1,11,112
1,11,113
2,11,113
2,11,114
2,11,114
2,11,114
2,11,114
2,11,114
2,11,114
0,11,114
0,11,115
0,11,115
0,11,114
0,12,114
0,12,114
1,12,113
1,12,110
2,12,109
2,12,109
3,12,105
3,12,104
3,12,102
3,11,101
3,12,101
3,12,100
3,11,100
2,11,99
2,11,99
1,11,98
1,10,98
1,10,98
1,10,98
1,10,98
1,10,98
1,10,99
1,10,99
1,10,100
1,11,101
1,11,104
1,12,105
1,12,106
1,12,108
1,12,110
1,12,111
1,12,113
1,12,113
1,12,115
1,13,116
1,13,116
2,13,117
1,13,117
1,13,117
1,13,117
1,13,116
1,13,115
1,13,115
1,13,115
1,13,115
1,13,114
1,13,111
1,13,109
1,13,107
2,13,107
3,13,106
4,14,104
3,13,102
3,13,101
3,13,100
3,13,100
2,12,106
2,13,105
2,13,105
2,13,105
2,13,103
3,13,103
3,13,103
3,13,102
3,12,101
3,12,100
3,12,100
3,12,100
3,12,100
3,11,100
3,11,100
3,11,100
2,12,100
2,11,100
2,12,100
2,12,101
3,12,102
3,12,104
3,12,105
4,12,105
4,12,105
4,12,105
4,12,105
4,12,105
4,12,105
3,12,104
3,12,103
3,12,101
3,12,100
2,11,99
2,11,99
2,10,99
2,10,99
2,10,100
3,11,102
3,12,103
3,12,105
2,12,105
2,12,106
2,12,106
3,12,107
3,12,109
3,12,109
3,12,109
3,12,109
2,11,108
2,11,108
2,11,108
2,11,106
1,12,106
1,12,106
1,12,106
1,12,107
1,13,107
1,13,107
2,13,107
3,13,107
3,13,107
3,13,107
3,12,107
3,12,106
4,12,106
4,12,105
4,12,105
4,12,105
3,11,105
3,11,105
3,11,105
3,12,105
3,12,105
4,12,107
4,12,108
3,12,109
3,12,109
2,12,109
2,12,109
1,12,109
1,11,109
1,11,109
1,12,109
2,12,109
2,12,110
3,12,110
3,12,109
3,12,109
3,12,109
3,12,109
2,13,109
1,13,109
1,13,109
1,13,109
1,13,109
0,12,108
0,12,107
0,12,106
2,12,106
2,13,106
2,13,105
2,13,105
2,13,105
2,13,103
2,13,105
2,12,105
2,12,106
2,12,108
2,12,108
2,12,109
2,12,110
2,12,110
2,12,111
2,12,112
2,12,113
2,12,113
2,12,113
2,13,112
2,13,111
2,13,111
2,13,111
2,13,111
2,12,112
1,12,112
1,11,112
1,11,112
1,11,112
1,11,113
2,11,113
2,11,114
2,11,114
2,11,114
2,11,114
2,11,114
0,11,114
0,11,115
0,11,115
0,11,115
0,11,114
0,12,114
0,12,114
1,12,113
1,12,110
1,12,109
2,12,108
3,12,105
3,12,104
3,12,102
3,11,101
3,12,101
3,12,101
4,12,101
5,12,101
5,11,100
5,11,100
4,11,100
3,11,99
2,10,99
2,10,98
1,10,98
1,10,99
1,10,99
1,10,100
1,11,102
1,11,104
1,12,104
1,12,106
1,12,108
1,12,110
1,12,110
1,12,113
1,13,114
1,12,115
1,13,116
1,13,116
2,13,117
2,13,117
2,13,117
1,13,117
1,13,116
1,13,115
1,13,115
1,13,115
1,13,114
1,13,114
1,13,111
1,13,109
1,13,107
2,13,106
3,13,105
4,14,104
3,13,102
3,13,100
3,13,100
2,12,106
2,13,105
2,13,105
2,13,105
2,13,103
2,13,103
3,13,103
3,13,103
3,13,102
3,12,101
3,12,100
3,12,100
3,12,100
3,11,100
3,11,100
3,11,100
2,11,100
2,11,100
2,12,100
2,12,101
3,12,102
4,12,103
4,12,105
4,12,105
4,12,105
4,12,105
4,12,105
4,12,105
4,12,105
4,13,103
3,13,101
3,12,100
3,12,99
2,12,99
2,11,98
2,10,99
2,10,99
2,10,100
3,11,102
3,12,104
3,12,105
2,12,106
2,12,106
2,12,106
3,12,109
3,13,109
3,13,109
3,12,109
3,12,109
2,12,108
2,11,108
2,11,107
2,11,106
1,12,105
1,11,105
1,12,105
1,12,106
1,13,107
1,13,107
2,13,107
3,13,107
3,13,107
3,12,107
3,12,106
3,12,106
3,12,105
4,12,105
4,12,105
3,11,104
3,11,104
3,11,105
3,11,105
3,11,105
3,12,107
3,12,109
3,13,109
3,13,109
2,13,109
2,12,109
1,12,109
1,12,109
1,11,109
1,11,109
1,12,110
2,12,110
2,12,110
3,12,110
3,12,110
3,12,110
3,12,109
1,12,109
1,12,109
1,13,109
1,13,109
1,13,109
1,13,109
0,12,108
0,12,108
0,12,106
1,12,106
2,12,106
2,13,106
2,13,105
2,13,105
2,13,105
2,13,106
2,13,106
2,12,108
2,12,108
2,12,109
2,12,109
2,12,110
2,12,110
1,12,110
2,12,112
2,12,112
2,12,113
2,12,113
2,12,113
2,12,113
2,12,111
2,12,113
2,12,113
1,12,112
1,12,112
1,11,112
1,11,112
1,11,112
1,11,112
2,11,113
2,11,114
2,11,114
2,11,114
2,11,114
2,11,114
0,11,114
0,11,114
0,11,115
0,11,114
0,11,114
0,12,114
1,12,113
1,12,112
1,12,109
2,12,109
3,12,106
3,12,105
3,11,103
3,11,102
3,11,101
3,12,101
4,12,101
5,12,102
5,12,102
5,12,101
5,12,101
5,12,101
5,12,101
4,11,100
3,11,100
2,10,99
2,10,99
2,10,100
2,10,102
2,11,103
2,12,104
1,12,105
1,12,108
1,12,108
0,12,110
1,12,110
1,12,113
1,13,114
1,13,115
1,13,116
1,13,116
1,13,116
2,13,117
2,13,117
1,13,116
1,13,116
1,13,115
1,13,115
1,13,115
1,13,114
1,13,112
1,13,111
1,13,109
1,13,106
2,13,105
2,13,104
3,13,102
3,12,100
3,12,99
3,12,99
2,12,106
2,13,105
2,13,105
2,13,105
2,13,103
2,13,103
3,13,103
3,13,103
3,13,103
3,13,102
3,12,101
3,12,100
3,11,100
3,11,100
3,11,100
3,11,100
2,11,100
2,11,100
2,12,100
3,12,101
3,12,102
4,12,103
4,12,104
4,12,105
4,12,105
4,12,105
4,12,105
4,12,104
4,13,103
4,13,103
3,13,101
3,13,100
2,12,99
2,12,98
2,11,98
2,10,98
2,10,99
2,10,100
3,11,102
3,12,104
3,12,105
3,12,106
2,12,106
2,12,106
3,12,109
3,13,109
3,13,109
3,12,109
3,12,109
3,12,108
2,12,108
2,12,106
2,12,106
1,12,105
1,12,105
1,12,105
1,12,105
1,12,106
2,12,106
3,13,107
3,13,107
3,13,107
3,12,106
3,12,106
3,12,105
3,12,105
3,12,105
3,11,104
3,11,104
3,11,104
2,11,105
2,11,105
2,11,106
2,12,107
2,12,109
2,13,109
2,13,109
2,13,109
1,12,109
1,12,109
1,12,109
0,12,109
1,12,109
1,12,110
1,12,110
2,13,110
2,13,110
3,12,110
3,12,110
3,12,110
1,12,110
1,12,110
1,13,110
1,13,109
1,13,109
1,13,109
0,12,108
0,12,108
0,12,108
0,12,107
2,12,106
2,13,106
2,13,106
2,13,107
2,13,107
2,13,108
2,13,108
1,13,108
2,13,109
2,13,109
1,13,109
1,13,109
1,12,110
1,12,110
1,12,111
1,12,112
2,12,113
2,12,113
2,12,113
2,12,113
1,12,113
0,12,113
0,12,113
1,12,113
1,12,112
1,11,112
0,11,112
1,11,112
1,11,112
1,11,113
2,11,113
2,11,114
2,11,114
2,11,114
2,11,114
2,11,114
0,11,114
0,11,114
0,11,114
1,12,114
1,12,113
1,12,113
1,12,110
2,12,109
2,12,107
3,11,106
3,11,104
3,11,101
3,11,101
3,11,101
4,12,101
4,12,102
5,12,102
5,13,103
5,13,103
5,13,103
5,12,103
5,12,103
4,12,102
4,12,102
3,12,102
2,12,102
2,11,103
2,12,103
2,12,104
2,12,105
1,12,107
1,12,108
1,12,109
0,12,110
1,12,111
1,12,113
1,12,114
1,13,115
1,13,115
1,13,116
1,13,116
1,13,116
1,13,116
1,13,116
1,13,115
1,13,115
1,13,115
1,13,115
1,13,114
1,13,112
1,13,110
1,13,109
1,13,105
2,13,104
2,12,102
2,12,100
3,12,99
2,12,99
2,12,99
2,12,106
2,12,106
2,13,105
2,13,105
2,13,103
2,13,103
2,13,103
3,13,103
4,13,103
4,13,102
4,13,102
3,12,101
3,12,100
3,11,100
3,11,100
2,11,100
2,11,99
2,11,99
2,12,100
3,12,102
3,12,102
4,12,103
4,12,104
4,12,104
4,12,105
4,12,105
4,12,104
4,13,103
4,13,103
3,13,102
3,13,101
3,13,100
2,12,98
2,12,98
2,11,98
2,10,98
2,10,98
2,10,100
3,11,102
3,12,104
3,12,105
3,12,106
3,12,106
3,12,108
3,12,109
3,12,109
3,12,109
3,12,109
3,12,108
3,12,108
2,12,107
2,12,106
2,12,106
1,12,105
1,12,105
1,12,105
1,11,105
1,11,105
2,12,106
3,12,106
3,12,106
3,12,106
3,12,106
3,12,105
4,12,105
4,12,105
3,12,105
3,11,104
3,11,104
3,11,104
2,11,105
2,11,105
2,12,106
2,12,106
2,12,108
2,13,109
2,13,109
1,13,109
1,12,109
1,12,109
0,12,109
0,12,109
1,12,109
1,12,110
1,13,110
2,13,110
2,13,110
2,13,110
3,12,110
1,12,110
1,12,110
1,12,110
1,12,110
1,13,110
1,13,109
0,12,108
0,12,108
0,12,108
0,12,108
0,12,108
1,12,108
2,12,107
2,13,109
2,13,109
2,13,109
1,13,109
1,13,109
1,13,109
1,13,109
1,13,109
1,13,109
1,13,109
1,12,110
1,12,110
1,12,110
1,12,112
2,11,113
2,12,113
2,12,113
1,12,113
0,12,113
0,12,113
0,12,113
1,12,113
1,12,112
1,11,112
0,11,111
1,11,111
1,11,111
1,11,112
2,11,113
2,11,113
2,11,113
2,11,114
2,11,114
2,11,114
2,12,114
2,12,114
2,12,114
2,12,113
2,12,113
2,12,110
2,12,109
3,12,107
3,12,106
3,11,104
3,11,102
3,11,101
3,11,101
3,11,101
4,12,102
4,12,102
4,12,103
5,13,104
5,13,105
5,13,106
5,13,106
5,13,106
4,13,106
4,13,106
4,13,105
3,13,106
2,13,105
2,12,105
2,12,106
2,12,107
2,12,108
1,12,109
1,12,110
0,12,111
0,12,113
0,12,113
1,12,114
1,12,114
1,13,115
1,13,115
1,13,116
1,13,116
1,13,116
1,13,115
1,13,115
1,13,115
1,13,115
1,13,114
1,13,112
1,13,111
1,13,110
1,13,107
1,13,105
2,13,103
2,12,101
2,12,99
2,12,99
2,12,98
2,12,96
2,12,106
2,12,106
2,13,105
2,13,105
2,13,105
2,13,103
2,13,103
3,13,103
4,13,103
4,13,103
4,13,103
4,13,102
3,12,101
3,11,100
3,11,100
2,11,100
2,11,99
2,11,100
3,12,100
3,12,101
3,13,102
4,12,103
4,12,103
4,12,104
3,12,104
4,12,104
4,12,104
4,13,103
4,13,103
4,13,102
3,13,101
3,13,100
3,13,99
2,12,98
1,12,98
1,10,98
1,10,99
2,10,100
3,11,102
3,12,104
3,12,106
3,12,106
3,12,106
3,12,109
3,12,109
3,12,109
3,12,109
3,12,109
3,12,109
3,13,108
3,13,107
2,13,107
2,13,106
2,12,105
1,12,105
1,12,104
1,11,104
1,11,104
2,11,105
2,12,105
3,12,105
3,12,105
3,12,105
4,12,105
4,12,105
4,12,105
3,12,105
3,11,104
3,11,104
3,11,104
2,11,105
2,12,105
2,12,106
1,12,106
1,12,107
1,12,107
1,13,109
1,13,109
0,12,109
0,12,109
0,12,108
0,12,108
0,12,109
1,12,109
1,13,110
2,13,110
2,13,110
2,13,110
2,12,110
1,12,110
1,12,110
1,12,110
1,12,110
1,12,110
1,12,109
0,12,108
0,12,108
0,12,108
0,12,108
0,12,108
1,12,108
1,12,109
1,12,109
2,12,109
1,12,109
1,13,110
1,13,109
1,13,109
1,13,109
1,13,109
1,13,109
1,13,110
1,12,110
1,12,110
1,12,110
1,11,112
1,11,113
1,11,113
1,12,114
0,12,114
0,12,114
0,12,113
0,12,113
1,12,113
1,12,112
1,11,112
0,11,111
0,11,111
0,11,111
1,11,111
2,12,112
2,12,113
2,12,113
2,12,113
2,12,113
2,12,113
2,12,113
3,12,113
3,12,113
3,12,111
3,12,109
3,12,109
3,12,106
3,11,106
3,11,104
3,11,103
3,11,101
3,11,100
3,11,100
3,11,101
3,12,102
4,12,103
4,12,104
4,12,106
4,13,106
4,13,107
4,13,108
4,13,108
4,13,108
4,13,108
4,13,108
3,13,108
2,13,108
2,13,108
2,13,108
2,13,108
1,13,109
1,12,110
0,12,111
0,12,113
0,12,113
0,12,113
0,12,114
1,12,114
1,13,115
1,13,115
1,13,115
1,13,115
1,13,115
1,13,115
1,13,115
1,13,115
1,13,115
1,13,114
1,13,112
1,13,111
1,13,109
1,13,106
2,13,104
2,13,103
2,12,101
2,12,99
2,12,98
2,12,96
2,12,96
2,12,106
2,12,106
2,13,105
2,13,105
2,13,105
2,13,103
4,13,103
4,13,103
4,13,103
4,13,103
4,13,102
3,13,102
3,11,100
3,11,100
2,11,99
2,11,99
2,11,100
2,12,100
3,12,101
3,13,102
4,12,103
4,12,103
4,12,104
4,12,104
4,12,104
4,12,104
4,12,104
4,13,103
4,13,103
3,13,101
3,13,101
3,13,100
2,12,99
2,12,98
1,11,99
1,10,100
2,10,100
3,11,103
3,11,104
3,12,106
3,12,106
3,12,107
3,12,109
3,12,109
3,12,109
3,12,109
3,12,109
3,13,109
3,13,109
3,13,107
3,13,107
2,13,106
2,12,105
2,12,105
1,12,104
1,11,103
1,11,103
2,11,103
2,11,104
3,12,105
3,12,105
4,12,105
4,12,105
4,12,105
4,12,105
4,12,105
3,11,104
3,11,104
3,11,105
3,12,105
2,12,105
1,12,106
0,12,106
0,12,106
0,12,106
0,12,106
0,12,107
0,12,108
0,12,108
0,12,108
0,12,108
0,12,108
0,12,108
1,13,109
1,13,110
2,13,110
2,13,110
1,12,110
1,12,110
1,12,110
1,12,110
1,12,110
1,12,110
1,12,109
0,12,108
0,12,108
0,12,108
0,12,108
0,12,108
0,12,108
1,12,109
1,12,109
2,12,110
2,12,111
1,13,111
1,13,110
1,13,110
1,13,110
1,13,110
1,13,110
1,13,110
1,12,110
1,12,110
1,12,112
1,11,112
1,11,113
1,11,113
1,11,114
0,12,114
0,12,114
0,12,114
0,12,113
1,12,113
1,12,112
1,11,112
0,11,110
0,11,110
0,12,109
0,12,110
2,12,110
2,12,112
2,12,113
2,12,113
2,12,113
2,12,113
4,11,113
4,11,111
3,12,110
3,12,109
3,12,108
3,11,106
3,11,104
3,11,104
3,11,102
3,10,101
2,10,100
2,10,100
3,11,100
3,11,100
3,12,102
3,12,104
3,12,106
2,12,106
2,12,108
3,12,109
4,13,110
4,13,110
4,13,110
4,13,111
2,13,111
2,13,111
2,13,111
2,13,111
1,13,111
1,13,111
1,13,111
1,12,111
0,12,113
0,12,113
0,12,113
0,12,113
0,12,114
0,12,114
1,12,115
1,13,115
1,13,115
1,13,115
1,13,115
1,13,115
1,13,115
1,13,115
1,13,114
1,13,113
1,13,112
1,13,110
1,13,107
2,13,106
2,13,104
3,13,103
3,13,101
3,12,99
2,12,98
2,12,96
2,12,106
2,12,106
2,12,106
2,13,105
2,13,105
2,13,105
4,13,105
4,13,103
4,13,103
4,13,103
4,13,103
3,12,102
3,12,100
3,11,100
2,10,99
2,10,99
2,10,99
2,11,100
3,12,101
3,12,102
3,12,102
3,12,103
4,12,104
4,12,104
4,12,104
4,12,104
4,12,104
4,12,104
4,13,103
4,13,103
3,13,101
3,13,101
3,12,100
2,12,99
2,11,100
2,11,100
2,11,101
2,11,102
3,11,104
3,12,105
3,12,106
3,12,107
3,12,108
3,12,109
3,12,109
3,12,109
3,12,109
3,12,109
3,13,109
3,13,108
3,13,107
2,13,106
2,13,105
2,12,105
2,12,103
1,11,102
1,11,102
1,10,102
2,10,103
3,11,104
3,11,104
4,12,105
4,12,105
4,12,105
4,12,105
4,12,105
4,12,105
4,12,105
3,12,105
3,12,105
2,12,106
0,12,106
0,12,106
0,12,106
0,12,106
0,12,106
0,12,106
0,12,106
0,12,106
0,12,106
0,12,108
0,12,108
0,12,108
0,12,108
1,13,109
1,13,110
1,13,110
1,12,110
1,12,110
1,12,110
1,13,110
1,13,110
1,13,110
1,13,109
1,13,109
0,12,108
0,12,108
0,12,108
0,12,108
0,12,108
0,12,109
1,12,109
1,12,110
2,12,111
2,13,111
2,13,111
2,13,111
2,13,110
1,13,110
1,13,110
1,12,110
1,12,110
1,12,112
1,12,112
1,11,112
1,11,113
1,11,113
1,11,114
1,12,114
2,12,114
2,12,114
1,12,113
1,12,113
1,12,112
1,12,110
1,12,109
0,12,109
0,12,109
1,12,109
2,12,109
2,12,110
2,12,110
2,12,110
2,12,110
3,12,110
4,12,110
4,11,110
4,11,109
3,11,108
3,11,106
3,11,104
3,11,103
3,11,103
2,11,101
2,10,101
2,10,100
2,10,100
2,11,100
3,11,102
3,12,102
2,12,105
2,12,106
1,12,108
1,12,109
1,12,110
2,12,110
2,13,111
2,13,111
2,13,112
2,13,112
2,13,113
2,13,112
2,13,113
1,13,113
1,13,113
1,13,113
0,12,113
0,12,113
0,12,113
0,12,113
0,12,114
0,12,114
0,12,114
0,12,114
1,13,115
1,13,115
1,13,115
1,13,115
1,13,115
1,13,115
1,13,115
1,13,114
1,13,113
1,13,111
1,13,109
1,13,107
2,13,106
3,13,105
3,13,104
3,13,102
3,13,99
2,12,98
2,12,96
2,12,106
2,12,106
2,12,106
2,12,106
2,12,105
2,12,105
4,12,105
4,12,105
4,13,103
4,13,103
4,13,103
3,12,102
3,12,100
2,11,100
2,10,99
2,10,99
2,10,99
2,11,99
3,12,100
3,12,101
3,12,102
3,12,103
4,12,103
4,12,104
4,12,104
4,12,105
4,12,105
4,12,105
4,12,105
4,13,103
4,13,103
3,12,102
3,12,101
3,12,101
2,11,101
2,11,101
2,11,102
2,11,102
2,11,103
2,12,105
2,12,106
2,12,107
2,12,108
3,12,109
3,12,109
3,12,109
3,12,109
3,12,109
3,12,109
3,12,108
2,13,106
2,13,106
2,12,105
2,12,105
2,12,103
2,11,102
2,11,102
2,11,101
2,11,102
3,11,104
3,11,104
4,12,105
4,12,105
4,12,105
4,12,105
4,12,105
4,12,105
4,12,105
3,12,105
2,12,105
2,12,106
0,12,106
0,12,106
0,12,106
0,12,106
0,12,106
0,12,106
0,12,106
0,12,106
0,12,106
0,12,106
0,12,108
0,12,108
0,12,108
1,12,109
1,12,109
1,13,110
1,12,110
1,12,110
1,12,110
2,13,110
1,13,110
1,13,110
1,13,109
1,13,109
1,13,109
0,12,108
0,12,108
0,12,108
0,12,108
0,12,109
0,12,109
1,12,109
1,12,111
1,12,111
2,13,111
2,13,111
2,13,111
2,13,111
2,12,111
2,12,112
2,12,112
1,12,112
1,12,112
1,12,113
2,12,113
2,12,113
1,12,114
2,12,114
2,12,114
2,12,114
2,12,113
2,12,113
1,12,111
1,12,110
1,12,109
1,12,108
0,12,108
2,12,108
2,12,108
2,12,109
2,12,109
2,12,110
3,12,110
3,11,110
4,11,110
4,11,110
4,11,108
4,11,106
3,11,105
3,11,104
3,11,103
3,11,102
2,11,101
2,11,101
2,11,101
2,11,100
2,11,101
2,12,102
2,12,105
2,12,106
1,12,108
1,12,109
1,12,110
1,12,110
1,12,111
2,12,112
2,12,112
2,12,113
2,13,113
2,13,113
2,13,113
1,13,114
1,13,114
1,13,114
1,13,113
0,13,113
0,12,113
0,12,113
0,12,114
0,12,114
1,13,115
1,13,115
1,13,115
1,13,115
1,13,115
1,13,115
1,13,115
1,13,115
1,13,115
1,13,115
0,13,113
0,13,112
0,13,110
1,13,109
2,14,107
3,14,107
4,14,106
5,15,105
5,15,103
5,15,101
4,13,98
2,13,96
0,12,106
0,12,106
0,12,106
2,12,106
2,12,106
2,12,105
4,12,105
4,12,105
4,12,105
4,12,103
4,13,103
3,12,102
3,12,100
2,11,100
2,10,99
2,10,99
2,10,99
2,10,99
2,12,100
3,12,101
3,12,102
3,13,103
4,12,103
4,12,104
4,12,105
4,12,105
4,12,105
4,12,105
4,12,105
4,12,105
4,12,105
3,12,103
3,12,102
2,12,102
2,12,101
2,12,102
2,11,102
2,11,102
2,11,103
2,12,104
2,12,105
2,12,106
2,12,108
3,12,109
3,12,109
3,12,109
3,12,109
3,12,109
3,13,109
3,12,109
3,12,107
2,13,106
2,13,105
2,12,105
2,13,103
2,12,102
2,11,102
2,11,101
2,11,102
3,11,103
3,11,104
3,11,104
4,12,105
4,12,105
4,12,105
4,12,105
4,12,105
4,12,105
3,12,105
2,12,105
2,12,106
0,12,106
0,12,106
0,12,106
0,12,106
0,12,106
0,12,106
0,12,106
0,12,106
0,12,106
0,12,106
0,12,108
0,12,108
0,12,108
0,12,109
1,12,109
1,13,110
1,13,110
2,13,110
2,13,110
2,13,110
2,13,110
1,13,109
1,13,109
1,13,109
1,13,109
1,13,109
1,13,109
0,12,109
0,12,108
0,12,108
0,12,109
0,12,109
1,12,110
1,12,110
1,12,111
2,12,111
2,12,111
1,12,111
2,12,112
2,12,112
2,12,113
1,12,113
2,12,113
2,11,113
2,11,113
2,11,113
1,11,113
2,11,113
2,12,113
2,12,113
2,12,113
2,12,113
2,12,110
1,12,110
1,12,109
1,12,108
2,12,108
2,12,108
2,12,108
2,12,108
2,12,108
2,11,109
3,11,109
3,11,109
4,11,109
4,11,108
4,11,108
4,11,106
3,11,105
3,11,104
3,11,103
2,11,102
2,11,101
2,11,101
2,11,101
2,11,102
2,12,102
2,12,105
2,12,106
1,12,106
1,12,108
1,12,109
1,12,110
1,12,110
1,12,111
2,12,112
2,12,113
2,12,113
2,12,114
2,12,114
2,13,115
1,13,115
1,13,115
1,13,115
1,13,114
0,13,114
0,13,114
0,12,114
0,12,114
1,13,115
1,13,115
1,13,115
1,13,115
1,13,115
1,13,115
1,13,115
1,13,115
1,13,115
1,13,115
1,13,114
0,13,113
0,13,111
0,13,109
0,13,108
1,13,107
2,14,106
4,15,106
6,16,105
7,17,103
6,15,102
5,15,99
4,13,96
0,12,106
0,12,106
0,12,106
2,12,106
2,12,106
2,12,105
4,12,105
4,12,105
4,12,105
4,12,103
4,12,103
3,12,101
3,12,100
2,10,99
2,10,99
2,10,99
2,10,99
2,12,100
3,12,101
3,12,102
3,12,102
3,12,103
4,12,104
4,12,105
4,12,105
4,12,106
4,12,106
4,12,106
3,12,106
3,12,105
3,12,105
3,13,105
3,13,103
2,12,102
2,12,102
2,12,102
2,11,102
2,11,103
2,11,103
2,11,105
2,11,106
2,12,107
3,12,108
3,12,109
3,12,109
3,12,109
3,12,109
3,12,109
3,12,109
2,12,107
2,12,106
2,12,106
2,12,105
2,13,103
3,12,103
3,12,102
3,11,102
3,11,102
3,11,102
3,11,103
3,11,104
3,12,104
4,12,105
4,12,105
4,12,105
4,12,105
3,12,105
3,12,105
2,12,105
2,12,105
0,12,106
0,12,106
0,12,106
0,12,106
0,12,106
0,12,106
0,12,106
0,12,106
0,12,108
0,12,108
0,12,108
0,12,108
0,12,108
0,12,109
1,12,109
2,13,109
2,13,111
2,13,111
2,13,111
2,13,111
2,13,110
1,13,109
1,13,109
1,13,109
1,13,109
1,13,109
1,13,109
0,12,109
0,12,108
0,12,108
0,12,109
0,12,109
0,12,109
1,12,110
1,12,111
1,12,111
1,12,111
1,12,112
1,12,113
2,11,113
2,11,113
2,11,113
2,12,113
2,12,113
2,12,113
2,12,113
2,11,113
2,11,113
2,12,113
2,12,113
2,12,113
2,12,111
2,12,110
2,12,109
2,12,109
2,12,108
2,12,107
2,12,107
2,12,107
2,12,108
2,11,108
2,11,108
2,11,109
2,11,108
3,11,108
3,11,108
3,11,108
3,11,107
3,11,105
3,11,105
2,11,103
2,11,103
2,12,102
2,11,102
2,12,102
2,12,104
2,12,105
2,12,106
1,12,106
1,12,107
1,12,109
1,12,109
1,12,109
1,12,110
1,12,112
2,12,112
2,12,113
2,12,114
2,12,114
2,12,115
2,13,116
2,13,116
1,13,116
1,13,115
1,13,115
1,13,115
1,13,115
1,13,115
1,13,115
1,13,115
1,13,115
1,13,115
1,13,115
1,13,115
1,13,115
1,13,115
1,13,115
1,13,115
1,13,115
0,13,114
0,12,113
0,12,110
0,12,108
0,13,107
1,13,107
2,14,106
4,15,105
6,16,105
7,17,103
6,15,102
5,15,98
0,12,108
0,12,106
0,12,106
0,12,106
0,12,106
2,12,106
2,12,105
4,12,105
4,12,105
4,12,103
4,13,103
3,13,101
3,12,100
2,11,100
2,10,99
2,10,99
2,10,99
3,11,100
3,12,101
3,12,102
3,12,102
3,12,103
4,12,103
4,12,105
4,12,106
4,12,106
3,12,106
3,12,106
3,12,106
3,12,106
3,12,106
3,13,105
3,13,105
3,13,103
2,12,103
2,12,103
2,12,103
2,11,103
2,11,103
2,11,103
2,11,104
2,11,106
2,12,107
3,12,108
3,12,109
3,12,109
3,12,109
3,12,109
3,12,109
2,12,108
2,12,106
2,12,106
2,12,105
3,13,105
3,13,103
3,13,103
4,12,103
3,12,103
3,12,102
3,12,102
3,11,102
3,11,104
3,12,104
3,11,104
3,12,104
4,12,104
3,12,104
2,12,104
2,12,105
2,12,105
1,12,105
0,12,106
0,12,106
0,12,106
0,12,106
0,12,106
0,12,106
0,12,108
0,12,108
0,12,108
0,12,108
0,12,108
0,12,108
0,12,109
1,12,109
1,13,109
2,13,110
2,13,111
2,13,110
2,13,110
1,13,109
1,13,109
1,13,109
1,13,109
1,13,109
1,13,109
1,13,109
1,12,108
0,12,108
0,12,108
0,12,108
0,12,108
1,12,109
1,12,109
2,12,110
1,12,111
1,12,111
1,11,112
1,11,113
1,11,113
2,11,113
2,12,113
2,12,113
2,12,113
2,12,113
2,11,113
1,11,113
2,11,113
2,11,113
2,12,113
2,12,113
2,12,111
2,12,110
2,12,109
2,12,109
3,12,108
2,12,107
2,12,107
2,12,107
2,12,108
2,11,108
2,11,108
2,11,108
2,11,108
2,11,108
2,11,108
3,11,108
3,11,108
3,12,107
3,12,105
2,12,105
2,12,105
2,12,105
2,12,105
2,12,105
2,12,106
2,12,106
1,12,106
1,13,107
1,13,109
1,13,109
1,12,109
1,12,110
1,12,110
1,12,112
2,12,113
2,12,113
2,12,114
2,12,115
2,13,116
2,13,116
2,13,116
2,13,116
1,13,116
1,13,115
1,13,115
1,13,115
1,13,115
1,13,115
1,13,115
1,13,115
1,13,115
1,13,115
1,13,115
1,13,115
1,13,115
1,13,115
1,13,115
1,13,114
1,13,113
0,12,111
0,12,109
0,12,107
0,13,107
1,13,106
2,13,105
3,14,104
5,15,103
5,15,103
6,15,100
4,14,97
0,12,108
0,12,108
0,12,106
0,12,106
0,12,106
2,12,106
2,12,106
2,12,105
4,12,105
4,13,105
4,13,103
4,13,102
3,13,101
3,11,100
2,11,100
2,11,100
2,11,100
3,11,100
3,12,101
3,12,101
3,12,102
3,12,103
3,12,104
3,12,105
4,12,106
3,12,106
3,12,106
3,12,108
3,12,108
3,12,108
3,12,107
3,13,107
3,13,106
3,13,105
2,13,105
2,12,104
2,12,103
2,12,103
2,11,103
2,11,103
2,11,103
2,11,105
2,12,106
3,12,108
3,13,109
4,13,109
4,13,109
3,12,109
3,12,109
2,12,109
2,12,108
2,12,107
2,12,106
2,13,106
3,13,105
3,13,104
4,13,104
3,13,104
3,12,103
3,12,102
3,12,102
3,11,102
3,11,102
2,11,101
3,11,101
3,11,101
3,11,101
2,11,101
2,11,101
2,11,102
2,12,105
1,12,105
1,12,105
1,12,106
0,12,106
0,12,106
0,12,106
0,12,108
0,12,108
0,12,108
0,12,108
0,12,108
0,12,108
1,12,109
1,12,109
1,13,109
2,13,110
2,13,110
2,13,109
1,13,109
1,13,109
1,12,108
1,12,108
1,12,108
1,12,108
1,12,108
1,13,108
1,12,108
1,12,108
0,12,108
0,12,108
0,12,108
1,12,108
1,12,109
2,12,109
1,12,110
1,12,111
1,11,112
1,11,112
1,11,113
1,11,113
1,11,113
1,11,113
1,11,113
1,11,113
1,11,112
1,11,113
1,11,113
2,12,113
2,12,113
2,12,113
2,12,111
2,12,110
2,12,109
2,12,109
2,12,109
2,12,108
2,11,108
2,11,108
2,11,108
2,11,108
2,11,108
2,12,108
2,11,108
2,11,108
2,12,108
2,12,108
2,12,108
2,12,108
2,12,107
2,12,107
2,12,107
2,13,107
2,12,107
1,12,107
1,12,109
1,12,109
1,12,109
1,13,109
1,13,109
1,13,109
1,12,110
1,12,110
1,12,110
1,12,112
1,12,113
2,12,113
2,12,114
2,12,115
2,13,116
2,13,116
1,14,117
1,14,117
1,14,118
1,14,117
1,13,117
1,13,116
1,13,115
1,13,115
1,13,115
1,13,115
1,13,115
1,13,115
1,13,115
1,13,115
1,13,115
1,13,115
1,13,114
1,13,114
1,13,112
0,12,109
0,12,107
0,12,106
1,12,105
1,12,103
2,13,102
2,13,101
3,13,100
3,14,97
3,14,97
3,13,95
0,12,108
0,12,108
0,12,106
0,12,106
0,12,106
1,12,106
2,12,105
2,12,105
4,13,105
4,13,103
3,13,103
3,13,102
3,12,101
3,11,100
3,11,100
3,11,100
3,11,100
3,11,101
3,11,101
3,11,102
3,12,103
3,12,104
3,12,105
3,12,106
2,12,106
2,12,108
2,12,108
3,12,108
3,12,109
3,13,109
3,13,107
3,13,107
2,13,106
2,13,106
2,12,105
2,12,105
2,12,104
2,11,104
2,11,103
2,11,103
2,11,104
2,12,106
3,13,107
3,13,109
4,13,110
4,13,110
3,13,110
3,12,109
3,12,109
2,12,108
1,12,108
1,12,108
2,13,107
3,13,107
3,13,106
3,13,106
3,13,105
3,13,104
3,12,102
3,12,102
3,11,101
2,11,100
2,11,99
2,11,99
2,11,97
2,11,97
2,11,97
2,11,98
2,11,99
1,11,100
1,11,102
1,12,103
1,12,104
1,12,105
1,12,106
1,12,106
1,12,108
1,12,108
0,12,108
0,12,108
1,12,109
1,12,109
1,12,109
2,13,109
2,13,109
2,13,109
2,13,109
2,13,109
2,13,109
1,12,108
1,12,108
1,12,106
1,12,106
1,12,106
1,12,106
2,13,106
2,13,106
2,13,106
2,12,106
2,12,106
2,12,106
2,12,108
2,12,108
2,12,109
2,12,110
1,12,110
1,12,110
1,11,112
1,11,112
1,11,113
1,11,112
1,11,112
1,11,112
1,11,112
1,11,112
1,11,112
1,12,113
2,12,113
2,12,113
2,12,112
2,12,111
2,12,110
2,12,109
2,12,109
2,11,109
2,11,108
2,11,108
2,11,108
2,11,108
2,12,108
1,12,108
1,12,108
1,12,108
1,12,108
1,12,108
1,12,108
1,12,108
2,12,108
2,12,108
2,12,109
2,13,109
2,13,109
1,12,109
1,12,109
1,12,110
1,12,110
1,12,110
1,12,110
1,12,110
1,12,110
1,12,110
1,12,110
1,12,111
1,12,113
1,12,113
1,12,114
1,12,115
1,13,115
1,13,116
1,13,117
1,14,117
1,14,118
2,14,118
2,14,118
2,14,117
2,13,117
1,13,117
1,13,116
1,13,116
1,13,116
1,13,116
1,13,116
1,13,115
1,13,115
1,13,115
1,13,115
1,13,114
1,13,113
1,13,110
1,13,108
1,12,106
1,12,104
1,12,103
2,12,101
2,13,100
2,13,99
2,13,97
2,13,96
2,13,95
0,12,108
0,12,108
0,12,108
0,12,108
0,12,106
0,12,106
0,12,106
2,12,105
2,12,105
2,13,105
3,13,103
3,13,103
3,13,102
3,12,101
3,11,100
3,11,100
3,11,101
3,11,101
3,11,101
3,11,102
3,12,104
3,12,104
3,12,105
4,12,106
3,12,106
3,12,107
3,12,108
3,12,109
3,12,109
3,13,109
3,13,109
3,13,108
3,13,107
2,12,106
2,12,106
2,12,105
2,12,105
2,12,104
2,11,104
2,11,104
2,11,104
2,12,106
3,12,107
3,13,108
3,13,109
3,13,109
3,12,109
3,12,109
3,12,109
1,12,109
1,12,109
1,12,109
1,13,108
2,13,107
3,13,107
3,13,107
3,13,106
3,13,105
3,12,104
3,12,102
3,12,101
3,11,100
2,11,99
2,11,98
2,11,97
2,11,97
2,11,96
2,10,96
2,10,96
1,10,97
2,11,99
2,11,101
2,12,103
2,12,104
2,12,105
1,12,106
1,12,106
1,12,108
1,12,108
1,13,109
1,12,109
1,12,109
1,12,109
2,13,109
2,13,109
2,13,109
2,13,109
2,13,108
2,12,108
2,12,106
2,12,106
1,12,106
1,12,106
2,12,106
2,12,106
2,13,106
2,13,105
2,13,105
2,12,105
2,12,106
2,12,106
2,12,106
2,12,108
2,12,109
2,12,109
1,12,110
1,12,110
1,12,110
1,12,110
1,12,112
1,11,112
1,11,112
0,11,112
0,11,112
1,11,112
1,12,112
2,12,112
2,12,113
2,12,113
1,12,112
2,12,110
2,12,110
2,11,109
2,11,109
2,11,109
2,11,108
2,11,108
2,11,108
2,11,109
2,12,109
1,12,109
1,12,109
1,12,108
1,12,108
0,12,108
0,12,108
1,12,109
1,12,109
1,12,109
1,12,109
1,12,110
1,13,110
1,12,110
1,12,110
1,12,111
1,12,112
1,12,111
1,12,110
1,12,110
1,12,110
1,12,110
1,12,111
1,12,113
1,12,113
1,12,113
1,12,114
1,13,115
1,13,115
1,13,116
1,14,117
1,14,118
1,14,118
2,14,118
2,14,118
2,14,118
2,13,117
2,13,117
1,13,117
1,13,117
0,13,116
0,13,116
1,13,116
1,13,116
1,13,116
2,13,115
2,13,114
2,13,113
2,13,111
2,13,108
2,13,107
2,13,105
2,12,103
2,12,101
2,12,101
2,12,99
2,13,97
2,13,96
2,13,95
2,13,94
0,12,108
0,12,108
0,12,108
0,12,108
0,12,108
0,12,106
0,12,106
0,12,106
2,13,106
2,13,105
2,13,105
2,13,103
2,13,103
3,13,102
3,12,102
3,11,102
3,11,101
3,11,102
3,11,102
3,11,104
3,11,104
3,12,105
3,12,105
4,12,106
3,12,106
3,12,106
3,12,108
3,12,109
2,12,109
1,12,109
1,12,109
2,12,109
2,12,108
2,12,107
2,12,107
2,12,106
2,12,106
3,12,105
3,11,105
2,11,104
2,11,105
2,11,106
2,12,107
3,12,108
3,12,108
3,12,109
3,12,109
3,12,109
3,12,109
3,12,109
1,12,109
1,12,109
1,13,109
2,13,109
3,13,107
3,13,107
3,13,107
3,13,106
3,12,105
3,12,102
3,12,102
3,12,100
3,11,99
2,11,98
2,11,97
2,11,97
2,11,96
2,10,96
2,10,96
2,10,97
2,10,97
2,10,99
2,12,102
2,12,103
2,12,104
2,13,105
2,13,106
1,13,107
1,13,108
1,13,109
1,13,109
1,12,109
1,12,109
2,13,109
3,13,109
2,13,108
2,13,108
2,12,107
2,12,106
2,12,106
2,12,106
2,12,106
2,12,106
2,12,106
2,12,105
2,12,105
2,12,105
2,12,105
2,12,105
2,12,105
2,12,106
2,12,106
2,12,108
2,12,108
2,12,109
1,12,109
1,12,110
1,12,110
1,12,110
1,12,110
1,12,110
0,11,110
0,11,110
0,11,111
1,12,112
2,12,112
2,12,112
2,12,113
2,12,112
1,12,112
1,11,110
2,11,110
1,11,109
1,11,109
2,11,108
2,11,108
2,11,108
2,11,109
2,11,109
2,12,109
1,12,109
1,12,109
1,12,108
1,12,108
0,12,109
0,12,109
1,12,109
1,12,109
1,12,109
1,12,110
1,12,110
1,12,110
1,12,110
1,12,111
2,12,112
2,12,112
2,12,112
1,12,111
1,12,111
1,12,111
1,12,111
1,12,112
1,12,113
1,12,113
1,12,114
1,13,115
1,13,115
1,13,115
1,13,116
1,13,117
1,14,118
1,14,118
1,14,118
2,14,118
2,14,118
2,13,117
2,13,117
1,13,117
0,13,117
0,13,117
0,13,117
0,13,117
1,12,116
1,12,116
2,12,115
2,13,114
2,13,111
2,13,110
2,13,107
2,13,105
2,13,104
2,13,101
2,12,101
2,12,99
2,12,98
2,12,96
2,12,95
2,12,94
2,12,94
0,12,108
0,12,108
0,12,108
0,12,108
0,12,108
0,12,108
0,12,106
0,12,106
0,13,106
0,13,105
2,13,105
2,13,103
2,13,103
2,13,103
2,12,103
2,12,103
2,11,104
2,11,104
2,11,104
2,12,105
3,12,105
2,12,106
3,12,106
2,12,106
2,12,106
2,12,108
2,12,108
1,12,108
0,12,108
1,12,109
1,12,109
1,12,109
2,12,108
2,13,107
2,12,107
3,12,106
3,12,106
3,12,105
3,12,105
2,11,106
2,11,107
2,11,108
2,12,108
2,12,108
3,12,108
3,12,109
3,12,109
3,12,109
3,12,109
1,12,109
1,12,109
1,13,109
1,13,109
3,13,109
3,13,107
3,13,107
3,13,106
4,13,105
4,12,105
4,12,102
4,12,101
3,12,100
3,12,99
2,11,98
2,11,98
2,10,96
2,10,96
2,10,96
1,10,97
2,10,97
2,10,97
2,12,100
2,12,102
2,13,103
2,13,105
2,13,105
2,13,106
2,13,106
1,13,108
1,12,109
1,12,108
2,12,108
2,13,108
3,13,108
2,13,107
2,13,107
2,12,106
2,12,106
2,12,106
2,12,106
2,12,106
2,12,106
2,12,106
2,12,105
2,12,105
2,12,105
2,12,105
1,12,105
1,12,105
2,12,106
2,12,106
2,12,108
2,12,108
1,12,109
1,12,109
1,12,109
1,12,110
1,12,110
1,12,110
1,12,110
1,11,110
0,11,110
0,12,110
1,12,111
2,12,112
2,12,112
2,12,113
2,12,112
2,12,112
2,11,110
2,11,110
1,11,109
1,11,108
2,11,108
2,11,108
2,11,108
2,11,109
2,11,109
2,12,109
1,12,109
1,12,108
1,12,108
1,12,108
0,12,109
0,12,109
0,12,109
1,12,109
0,12,109
1,12,109
1,12,110
1,12,110
1,12,110
2,12,111
2,13,112
2,13,112
2,12,112
2,12,112
1,12,112
1,12,112
1,12,113
1,12,113
1,12,113
1,12,113
1,12,114
1,13,115
1,13,115
1,13,116
1,13,116
1,13,117
1,13,117
1,14,118
1,14,118
2,14,118
2,13,117
2,13,117
2,13,117
1,13,117
0,13,117
0,13,117
0,13,117
0,13,117
1,13,116
1,12,116
2,13,115
2,13,113
2,13,111
2,13,107
2,13,106
2,13,105
2,13,103
2,12,101
2,12,99
2,12,99
2,12,96
2,12,95
2,12,95
2,12,94
1,13,109
1,13,109
1,13,109
0,12,108
0,12,108
0,12,108
0,12,106
0,12,106
0,13,106
0,13,106
0,13,105
1,13,105
2,13,105
2,13,105
2,12,105
2,12,105
2,12,105
2,11,105
2,11,105
2,12,105
2,12,106
2,12,106
2,12,106
2,12,106
2,12,107
1,12,108
0,12,108
0,12,108
0,12,108
0,12,108
0,12,108
1,12,108
1,12,108
2,13,108
2,13,107
2,13,107
3,13,107
3,12,107
2,12,107
2,12,107
2,12,108
2,11,108
2,11,108
2,11,108
2,11,108
3,12,109
3,12,109
3,12,109
3,12,109
2,12,109
1,12,109
1,12,109
1,13,109
3,13,109
3,13,108
3,13,107
4,13,107
4,13,106
4,12,105
4,12,103
4,12,102
3,12,101
3,12,101
3,12,99
2,11,99
2,11,98
2,11,97
2,10,97
1,10,97
2,10,97
2,10,98
2,11,100
2,12,101
3,12,103
3,13,104
2,13,105
2,13,105
2,13,106
2,13,106
2,12,106
2,12,106
2,12,106
2,12,106
3,12,106
3,13,106
3,13,106
2,12,106
2,12,106
2,12,106
2,12,106
2,12,106
2,12,106
2,12,106
2,13,106
2,12,105
2,12,105
2,12,105
1,12,105
1,12,105
1,12,106
1,12,108
1,12,108
1,12,109
1,12,109
1,12,109
1,12,109
1,12,109
1,12,110
1,12,110
1,12,110
1,12,109
1,12,109
1,12,110
2,12,110
2,12,111
2,12,112
2,12,112
2,12,112
2,12,112
2,12,111
2,11,110
1,11,109
1,10,107
1,10,107
2,11,108
2,11,108
2,11,108
2,11,108
2,12,109
2,12,109
1,12,108
1,12,108
1,12,108
0,12,109
0,12,108
0,12,109
1,12,109
0,12,109
0,12,109
1,12,110
1,12,110
1,12,110
2,13,111
2,13,111
2,13,111
2,12,112
2,12,112
2,12,113
1,12,113
1,12,113
1,12,113
1,12,113
1,12,114
1,13,115
1,13,115
1,13,116
1,13,116
1,13,116
1,13,116
1,13,117
1,13,117
1,13,117
1,13,117
2,13,117
2,13,117
1,13,117
1,13,117
1,13,117
0,13,116
0,13,116
1,13,116
1,12,116
1,12,115
2,12,115
2,13,113
2,12,110
2,13,107
2,13,106
2,13,104
2,13,102
2,12,100
2,12,99
2,12,97
2,12,96
2,12,95
2,12,94
3,12,94
1,13,109
1,13,109
0,13,109
0,12,108
0,12,108
0,12,106
0,12,106
0,13,106
0,13,106
0,13,106
0,13,106
0,13,105
1,13,105
2,12,105
2,12,105
2,12,106
2,12,106
2,12,106
2,12,106
2,12,106
2,12,106
2,12,106
2,12,106
1,12,108
0,12,108
0,12,108
0,12,108
0,12,108
0,12,108
0,12,108
0,12,108
1,12,108
1,13,108
1,13,108
1,13,108
2,13,107
2,13,107
2,13,108
2,12,108
2,12,108
2,11,108
2,11,108
2,11,108
2,11,108
2,11,108
3,12,109
3,12,109
3,12,109
2,12,109
1,12,108
1,12,109
1,12,109
3,13,109
3,13,108
4,13,108
4,13,107
4,13,106
4,12,105
4,12,104
4,12,103
4,12,102
3,12,102
3,12,101
3,12,100
3,11,99
2,11,98
2,11,98
2,10,97
2,10,98
2,10,99
2,11,100
3,12,101
3,12,102
3,13,103
3,13,104
3,12,105
2,12,105
2,12,105
2,12,106
2,12,105
2,11,105
2,12,105
2,12,106
2,12,106
3,12,106
3,12,106
3,12,107
2,12,106
3,12,107
3,12,107
3,12,107
3,13,107
3,13,107
2,12,107
2,12,106
2,12,106
1,12,105
1,12,108
1,12,108
1,12,108
1,12,108
1,12,109
1,12,109
1,12,109
1,12,109
2,12,109
2,12,109
2,12,109
2,12,109
1,11,109
1,11,109
2,11,109
2,12,110
2,12,111
2,12,112
2,12,112
2,13,113
3,12,112
3,12,111
2,12,110
2,11,109
1,10,107
1,10,107
1,10,107
2,11,108
2,11,108
2,11,108
2,11,108
2,12,108
2,12,108
1,12,108
1,12,108
0,12,108
0,12,108
0,12,108
0,12,109
0,12,109
0,12,109
1,12,109
1,12,109
1,13,110
1,13,110
2,13,111
2,13,111
2,13,111
2,13,111
2,13,113
1,12,113
1,12,113
1,12,114
1,13,114
1,13,115
1,13,115
1,13,115
1,12,116
1,12,116
1,12,116
1,12,116
1,12,116
1,12,116
1,12,116
1,13,117
2,13,117
2,13,117
1,13,116
1,13,117
1,13,117
0,13,116
0,13,116
1,13,116
1,12,116
1,12,115
2,12,114
2,12,111
2,12,109
2,13,107
2,12,105
2,13,103
2,12,101
2,12,99
2,12,97
2,12,96
2,11,95
2,11,94
2,11,93
1,13,109
1,13,109
1,13,109
0,13,108
0,12,108
0,13,108
0,12,106
0,12,106
0,13,106
0,12,106
0,12,106
0,12,106
1,12,106
2,12,106
2,12,106
2,12,106
2,12,106
2,12,106
2,12,106
2,12,106
2,12,106
2,12,106
0,12,106
0,12,106
0,12,108
0,12,108
0,12,108
0,12,108
0,12,108
0,12,108
0,12,108
0,12,108
1,13,108
1,13,108
1,13,109
1,13,109
1,13,109
1,13,109
2,12,109
2,11,109
2,11,108
2,11,108
2,11,108
2,11,108
3,12,109
3,12,109
3,12,109
3,12,109
2,12,108
1,12,108
1,12,109
1,12,109
2,13,109
3,13,109
3,13,108
4,13,108
4,13,106
4,12,106
4,12,105
4,12,104
3,12,103
3,12,102
3,12,102
2,12,102
3,12,101
3,11,100
3,11,99
3,11,99
3,11,99
3,11,100
2,11,100
3,11,101
3,12,101
2,12,102
2,12,103
3,12,103
2,12,104
2,12,104
2,11,104
2,11,104
1,11,104
1,11,105
2,12,106
2,12,106
3,12,107
3,12,107
3,12,107
3,12,109
3,12,109
3,12,109
3,12,110
3,12,110
3,12,110
3,12,109
3,12,109
3,12,109
2,12,108
1,12,108
1,12,109
1,12,109
0,12,109
1,13,109
1,13,109
1,13,109
1,13,109
2,12,109
2,12,108
2,12,108
2,11,109
2,11,109
2,11,109
2,11,109
2,11,109
2,12,110
2,12,111
2,12,112
2,13,113
3,13,112
3,13,111
3,13,110
2,12,109
2,11,108
1,10,107
1,10,107
1,10,107
2,11,108
2,11,108
2,11,108
2,11,108
2,12,108
1,12,108
1,12,108
0,12,108
0,12,108
0,12,108
0,12,108
0,12,108
0,12,108
0,12,108
1,12,109
1,12,109
1,12,110
1,13,110
2,13,111
2,13,111
2,13,111
2,13,113
1,13,113
0,12,114
1,13,115
1,13,115
1,13,115
1,13,115
1,12,116
1,12,116
1,12,116
1,12,116
1,12,116
1,12,116
1,12,116
1,12,116
1,12,116
1,12,116
2,13,117
1,13,116
1,13,117
1,13,117
1,13,116
1,13,116
1,13,116
1,13,115
1,12,114
2,12,114
2,12,111
2,12,109
2,13,106
2,12,104
2,13,102
2,12,99
2,12,98
2,12,96
2,11,95
2,11,93
2,11,92
2,11,92
1,13,109
1,13,109
1,13,109
0,13,108
0,13,108
0,13,108
0,12,107
0,12,106
0,12,106
0,12,106
0,12,106
0,12,106
1,12,106
2,12,106
2,12,106
2,12,106
2,12,106
2,12,106
2,12,106
2,12,106
1,12,106
0,12,106
0,12,106
0,12,106
0,12,108
0,12,108
0,12,108
0,12,108
0,12,108
0,12,108
0,12,108
0,12,108
0,12,108
0,12,108
1,12,109
1,13,109
1,13,109
1,12,109
1,12,109
1,12,109
1,11,109
2,11,109
2,11,109
2,12,109
3,12,109
3,12,109
3,12,109
3,12,109
2,12,108
1,12,108
1,12,109
1,12,109
1,13,109
2,13,109
3,13,108
4,12,108
4,12,106
3,12,106
3,12,105
3,12,105
3,12,104
3,12,103
2,12,103
2,12,103
2,12,103
3,12,103
3,12,101
3,12,101
3,12,101
3,11,101
3,11,101
3,12,101
3,12,101
2,12,101
2,12,102
2,12,102
2,11,103
2,11,104
2,11,104
1,11,104
1,11,104
1,11,105
1,12,105
2,12,106
3,12,107
3,12,109
3,12,109
4,12,110
4,12,110
4,12,111
4,12,111
4,12,111
4,12,111
4,12,111
3,12,111
3,12,110
3,12,110
1,12,109
1,12,109
1,12,109
1,12,109
1,13,109
1,13,109
1,13,109
2,12,108
2,12,108
2,12,108
2,11,108
2,11,108
2,11,108
2,11,108
2,11,109
2,11,109
2,12,110
2,12,111
2,12,112
2,13,113
3,13,113
3,13,112
3,13,110
3,12,110
2,11,108
2,11,108
1,10,107
1,10,107
2,11,108
2,11,108
2,11,108
2,11,108
2,12,108
1,12,108
1,12,109
0,12,108
0,12,108
0,12,108
0,12,108
0,12,108
0,12,108
0,12,108
0,12,108
0,12,109
1,12,109
1,12,109
1,12,110
1,12,111
1,13,111
1,13,113
1,13,113
0,13,114
1,13,115
1,13,115
1,13,115
1,12,115
1,12,116
1,12,116
1,12,116
1,12,116
1,12,116
1,12,116
1,12,116
1,12,116
1,12,116
1,12,116
2,13,117
1,13,116
1,13,117
1,13,116
1,13,116
1,13,116
1,13,115
1,13,115
1,13,114
2,13,113
2,13,111
2,13,109
2,13,106
3,13,103
2,13,101
3,13,98
3,12,96
2,12,94
2,11,92
2,11,91
2,11,91
3,11,91
1,13,109
1,13,109
1,13,108
0,13,108
0,13,108
0,12,108
0,12,108
0,12,108
0,12,108
0,12,108
0,12,107
0,12,106
2,12,106
2,12,106
2,12,106
2,12,106
2,12,106
2,12,106
2,12,106
0,12,106
0,12,106
0,12,106
0,12,106
0,12,106
0,12,106
0,12,106
0,12,108
0,12,108
0,12,108
0,12,108
0,12,108
0,12,108
0,12,108
1,12,109
1,12,109
1,12,109
1,12,109
1,12,109
1,12,109
1,12,109
1,12,110
2,12,109
2,12,109
3,12,109
3,12,109
3,12,109
3,12,109
2,12,109
1,12,108
1,12,109
1,12,109
1,12,108
2,12,108
2,12,108
2,12,108
2,12,108
2,12,106
2,12,106
2,12,105
2,12,105
2,12,105
2,12,105
2,13,104
2,13,104
2,13,104
3,13,103
3,12,103
4,12,103
3,12,102
3,12,102
3,12,102
3,12,102
2,11,102
2,11,102
2,11,102
2,10,103
2,11,103
2,11,103
2,11,104
1,11,104
2,11,105
2,11,106
2,12,107
3,12,109
3,12,110
3,12,111
4,12,111
4,12,112
4,12,113
4,12,113
4,12,113
4,12,113
4,12,113
3,12,112
3,12,111
3,12,111
1,11,110
1,12,110
1,12,110
1,12,110
1,13,110
2,13,109
2,13,109
2,12,108
2,12,107
2,11,106
2,11,106
2,11,108
2,11,108
2,11,108
2,11,109
2,11,109
2,12,109
2,12,111
2,12,112
2,12,113
2,12,113
3,13,111
3,13,110
2,12,110
2,12,109
2,11,108
2,11,108
1,10,107
1,11,108
2,11,108
2,11,108
2,12,108
1,12,108
1,12,109
1,12,109
1,13,109
1,13,109
0,12,108
0,12,108
0,12,108
0,12,108
0,12,108
0,12,108
0,12,108
0,12,108
0,12,108
0,12,108
0,12,110
0,12,111
1,12,111
1,12,113
1,12,114
1,13,115
1,13,115
1,12,115
1,12,115
1,12,115
1,12,116
1,12,116
1,12,116
1,12,116
1,12,116
1,12,116
1,12,116
1,12,116
2,13,117
2,13,117
1,13,116
1,13,116
1,13,116
1,14,116
1,13,115
1,13,115
1,13,115
1,13,114
2,13,113
2,13,110
2,13,107
3,13,105
3,13,103
3,13,100
3,13,97
3,12,93
3,12,92
3,11,90
3,11,90
3,11,89
1,13,109
2,13,109
2,13,109
1,13,108
1,13,108
1,12,108
0,12,108
0,12,108
0,12,108
0,12,108
0,12,108
0,12,108
2,12,106
2,12,106
2,12,106
2,12,106
2,12,106
2,12,106
0,12,106
0,12,106
0,12,106
0,12,106
0,12,106
0,12,106
0,12,106
0,12,106
0,12,106
0,12,106
0,12,107
0,12,108
0,12,108
0,12,108
0,12,108
1,12,109
1,12,109
1,12,109
1,12,109
1,12,110
1,12,110
1,12,110
1,12,110
1,12,110
1,12,109
3,12,109
3,12,109
3,12,109
3,12,109
3,12,109
2,12,109
1,12,109
1,12,109
1,12,108
1,12,108
2,12,108
2,12,108
2,11,108
2,11,108
2,11,106
2,11,106
2,12,106
2,12,105
2,12,105
2,13,105
2,13,105
2,13,105
3,13,105
4,13,104
4,12,104
4,12,103
4,12,103
4,12,102
3,12,102
3,11,102
2,11,102
2,11,102
2,10,103
2,11,103
2,11,104
2,11,104
2,11,105
2,11,106
2,12,107
2,12,108
2,12,110
3,12,111
3,12,112
4,12,113
4,12,113
4,11,113
4,11,114
4,11,114
4,11,114
4,12,113
3,11,113
3,11,112
2,11,112
1,11,111
1,12,111
1,12,110
1,12,110
1,13,110
2,13,109
2,12,109
2,12,107
2,12,106
2,11,105
1,11,105
2,11,106
2,11,108
2,12,108
3,12,109
2,12,109
2,12,110
2,12,111
2,12,112
2,12,113
2,12,113
2,12,111
2,12,110
2,12,110
2,12,110
3,12,109
2,11,108
2,11,108
1,11,108
1,11,108
1,12,108
1,12,108
1,12,108
1,12,109
1,13,109
1,13,109
1,13,109
1,13,109
1,13,109
0,12,108
1,13,109
1,13,109
1,13,109
0,12,108
0,12,108
0,12,108
0,12,108
0,12,108
0,12,110
0,12,111
1,12,112
1,12,113
1,12,114
1,12,114
1,12,115
1,12,115
1,12,115
1,12,115
1,12,116
1,12,116
1,12,116
1,12,116
1,12,116
1,12,116
2,13,117
2,13,117
2,13,117
2,13,117
1,13,117
1,14,116
1,14,116
1,13,115
1,13,115
1,13,115
2,13,114
2,13,111
2,13,110
2,13,107
3,13,104
3,13,102
3,13,100
3,13,95
3,12,92
3,12,90
3,11,90
3,11,90
3,11,89
2,13,109
2,13,109
2,13,109
1,13,110
1,12,110
1,12,110
0,12,110
0,12,109
0,12,108
0,12,108
0,12,108
0,12,108
2,12,106
2,12,106
2,12,106
2,12,106
2,12,106
0,12,106
0,12,106
0,12,106
0,12,106
2,12,106
2,12,106
2,12,106
2,12,106
2,12,106
1,12,106
0,12,106
0,12,106
0,12,106
0,12,108
0,12,108
1,12,109
1,12,109
1,12,110
1,12,110
1,12,110
1,12,110
1,12,110
1,12,110
1,12,110
1,12,110
1,12,109
2,12,109
3,12,109
3,12,109
3,12,109
2,12,109
1,12,109
0,12,108
0,12,108
1,12,108
2,11,108
2,11,108
2,11,108
2,11,108
2,11,108
2,12,106
2,12,106
2,12,106
2,12,106
2,12,106
2,13,106
2,13,105
2,13,105
3,13,105
4,12,105
4,12,105
4,12,105
3,12,105
3,12,105
3,12,104
2,11,103
2,11,103
2,10,103
2,11,103
2,11,104
2,12,105
2,12,106
2,12,106
2,12,108
2,12,109
2,12,111
2,12,111
2,12,113
2,12,113
2,11,114
2,11,114
2,11,114
2,11,114
2,11,114
2,11,114
2,11,113
2,11,112
1,11,112
0,11,112
1,11,111
1,12,110
1,12,110
2,12,110
2,13,109
2,12,107
2,12,106
2,12,105
2,12,105
1,12,105
2,12,105
2,12,107
3,12,108
3,12,109
3,12,109
2,12,111
2,12,112
2,12,113
2,12,113
2,12,113
2,12,111
2,12,111
2,13,110
2,13,110
2,13,110
2,12,109
2,12,108
1,12,108
1,12,108
0,12,108
0,12,108
0,12,108
1,12,109
1,12,109
1,13,109
1,13,109
1,13,109
1,13,109
1,13,109
1,13,109
1,13,109
1,12,108
0,12,108
0,12,108
0,12,108
0,12,108
0,12,108
0,12,108
0,12,109
0,12,110
1,12,112
1,12,113
1,12,113
1,12,114
1,12,114
1,12,115
1,12,115
1,12,116
1,12,116
1,12,116
1,12,116
1,12,116
2,13,117
2,13,117
2,13,117
2,13,117
2,14,117
2,14,117
1,14,116
1,14,116
1,13,115
1,13,115
1,13,114
2,13,114
2,13,111
2,13,110
3,13,107
3,13,103
3,13,101
3,13,97
3,13,93
3,12,92
3,12,91
3,11,90
3,11,90
2,13,110
2,13,110
2,13,110
1,13,110
1,12,111
1,12,111
1,12,111
1,12,110
0,12,110
0,12,109
0,12,108
0,12,108
2,12,108
2,12,106
2,12,106
2,12,106
2,12,106
0,12,106
0,12,106
0,12,106
2,12,106
2,12,105
2,12,105
2,12,105
2,12,105
2,12,105
2,12,106
2,12,106
2,12,106
1,12,106
0,12,106
1,12,108
1,12,109
1,12,110
1,12,110
1,13,110
1,13,110
1,12,110
1,12,110
1,12,110
1,12,110
1,12,110
1,12,109
1,12,109
2,12,109
3,12,109
2,12,109
2,12,109
1,12,109
0,12,108
0,12,108
0,12,108
2,11,108
2,11,108
2,11,108
2,11,108
2,12,108
2,12,108
2,12,108
2,12,106
1,12,106
1,12,106
1,13,106
1,13,106
2,13,106
2,12,106
3,12,105
3,12,105
4,12,105
3,12,105
3,12,105
3,12,105
3,12,105
2,12,104
2,11,104
2,12,104
2,12,105
2,12,105
2,12,106
2,12,107
2,12,108
2,12,110
2,12,111
2,12,112
2,12,113
2,11,113
2,11,114
2,11,114
2,11,114
2,11,114
2,11,114
2,11,114
2,11,113
1,11,112
0,11,112
0,11,112
1,11,111
1,12,111
1,12,110
2,12,110
2,13,109
2,12,107
2,12,106
2,12,105
2,12,105
2,12,105
2,12,106
3,12,107
3,12,109
3,12,109
2,12,110
2,12,111
2,12,113
2,12,113
1,12,113
1,12,113
2,12,113
2,12,111
2,12,110
2,13,110
2,13,110
2,12,109
1,12,108
1,12,108
0,12,108
0,12,108
0,12,108
0,12,108
1,12,109
1,12,109
1,13,109
2,13,109
2,13,109
2,13,109
2,13,109
2,13,109
1,13,109
1,12,108
1,12,108
1,12,108
0,12,108
0,12,108
0,12,108
0,12,108
0,12,108
0,12,109
0,12,110
1,12,110
1,12,113
1,12,113
1,12,114
1,12,114
1,12,115
1,12,115
1,12,116
1,12,116
1,12,116
1,12,116
2,13,117
2,13,117
2,13,117
2,13,117
2,14,117
2,14,117
1,13,116
1,13,116
1,13,115
1,13,115
1,13,114
2,13,112
2,13,111
2,13,108
3,13,106
3,13,103
3,13,101
3,13,97
3,13,93
3,12,92
4,12,91
4,12,90
4,12,90
2,13,110
2,12,111
1,12,113
1,12,113
1,12,113
1,12,113
1,12,113
1,12,113
0,12,110
0,12,109
0,12,108
0,12,108
1,12,106
2,12,106
2,12,106
2,12,106
2,12,106
2,12,106
2,13,106
2,13,105
2,13,105
2,13,105
3,12,105
3,12,105
2,12,105
2,12,105
2,12,105
2,12,105
2,12,106
1,12,106
1,12,106
1,12,109
1,13,109
1,13,110
1,13,110
2,13,110
1,13,110
1,12,110
1,12,110
1,12,110
1,12,110
1,12,109
1,12,109
1,12,109
2,13,109
2,13,109
1,13,109
0,12,108
0,12,108
0,12,108
0,12,108
2,11,108
2,11,108
2,11,108
2,11,108
2,12,109
2,12,108
2,12,108
2,12,108
1,12,108
1,12,108
1,12,108
1,13,108
1,12,108
1,12,108
2,12,107
3,12,106
3,12,106
3,12,106
3,12,106
3,12,105
3,12,105
2,12,105
2,12,105
2,12,105
2,12,106
2,12,106
2,12,106
2,13,108
2,12,109
2,12,110
2,12,111
2,12,112
2,11,113
2,11,114
2,11,114
2,11,114
2,11,114
2,11,114
2,11,114
2,11,114
1,11,113
0,11,112
0,11,112
0,11,112
0,11,111
1,12,111
1,12,110
2,12,109
2,12,108
2,12,107
3,12,105
3,12,105
3,12,105
3,12,105
3,12,106
3,12,107
3,12,109
3,12,110
2,12,111
2,12,113
2,12,113
1,12,113
1,12,113
1,12,113
1,12,113
2,12,111
2,12,110
2,12,110
2,13,110
2,12,109
0,12,108
0,12,108
0,12,108
0,12,108
0,12,108
0,12,108
1,12,108
2,12,109
2,12,109
3,13,109
3,13,109
3,13,109
2,13,109
2,13,109
2,13,109
2,12,109
2,12,109
2,12,108
2,12,108
2,12,108
2,12,108
1,12,108
1,12,108
1,12,108
1,12,109
1,12,110
1,12,110
2,12,113
2,12,113
2,12,114
2,12,115
1,13,115
1,13,116
1,12,116
1,12,116
1,12,116
1,13,117
2,13,117
2,13,117
2,14,117
2,14,117
2,14,117
1,13,116
1,13,115
1,13,115
1,13,114
1,13,114
2,13,112
2,13,111
3,13,107
3,13,106
3,13,103
3,13,101
3,13,97
3,13,95
4,12,93
4,12,92
5,12,92
2,12,111
0,12,112
0,12,113
1,12,113
1,12,114
2,13,115
2,14,116
2,14,115
0,14,113
0,12,111
0,12,110
0,12,109
0,12,108
0,12,106
1,12,106
2,13,106
2,13,106
2,13,106
2,13,105
2,13,105
3,13,105
4,13,105
4,13,105
4,12,105
3,12,105
2,12,105
2,12,105
2,12,105
2,12,105
1,12,106
1,12,106
1,12,108
1,13,109
1,13,109
1,13,110
2,13,110
1,13,110
1,13,110
1,12,110
1,12,110
1,12,110
1,12,110
1,12,109
1,12,109
1,13,109
1,13,109
1,13,109
0,12,108
0,12,108
0,12,108
0,12,108
2,12,108
2,11,108
2,11,108
2,12,109
2,12,109
2,12,109
1,12,108
1,12,108
1,13,108
0,12,108
1,12,108
1,13,109
1,12,109
1,12,109
2,12,109
2,12,109
3,12,107
3,12,107
3,12,106
3,12,106
3,12,106
3,12,105
2,12,105
2,12,106
2,12,106
2,12,106
2,12,106
1,12,108
1,12,108
1,13,110
2,12,111
2,12,111
2,12,113
2,11,113
2,11,114
2,11,114
2,11,114
2,11,114
2,11,113
0,12,113
0,12,112
0,11,111
0,11,111
0,11,111
0,11,111
1,12,110
2,12,109
2,12,109
2,12,108
2,11,106
3,12,105
3,12,105
3,12,105
3,12,105
3,12,106
3,12,109
3,12,110
3,12,111
2,12,113
2,12,114
2,12,114
1,12,114
1,12,113
1,12,113
1,12,113
2,12,112
2,12,111
1,12,110
1,12,109
0,12,108
0,12,108
0,12,108
0,12,108
0,12,108
0,12,108
0,12,108
2,12,109
3,12,109
3,12,109
3,12,109
3,12,109
3,12,110
3,12,110
3,12,110
3,12,109
2,12,109
2,12,109
2,12,109
2,12,109
2,12,108
2,12,108
2,12,108
2,12,108
1,12,108
0,12,108
1,12,108
1,12,110
1,12,112
1,12,113
1,12,113
2,13,115
1,13,115
1,13,116
1,13,116
1,13,116
1,13,117
1,13,117
2,13,117
2,14,118
2,14,118
2,14,117
2,13,116
1,13,115
1,13,115
1,13,114
1,13,114
1,13,113
2,13,111
2,13,110
3,13,107
3,13,106
3,13,102
4,13,101
4,13,97
4,13,95
4,12,95
5,12,93
5,12,92
0,12,112
0,12,113
0,12,114
0,12,115
1,13,116
2,15,117
2,15,117
2,14,116
0,13,113
0,13,111
0,13,109
0,13,109
0,12,108
1,12,106
2,13,106
2,13,106
2,13,106
2,13,105
2,13,105
3,13,105
4,13,104
4,13,103
4,12,103
3,12,103
3,12,103
2,12,104
2,12,104
2,12,105
1,12,105
1,12,106
1,12,108
1,13,109
1,13,109
1,13,109
1,13,110
1,12,110
1,12,110
1,12,110
1,12,110
1,12,110
1,12,110
1,12,109
1,13,109
1,13,109
1,13,109
1,13,109
1,13,108
0,12,108
0,12,108
0,12,108
1,12,108
2,12,108
2,12,108
2,12,109
2,12,109
1,12,109
1,12,109
1,12,109
1,12,109
0,12,109
1,12,109
1,13,109
1,12,109
1,12,109
2,12,109
2,12,109
3,12,109
3,12,108
3,12,107
3,12,106
3,12,106
2,12,106
2,12,106
2,12,106
2,12,106
2,12,106
1,12,106
1,12,107
1,12,108
2,13,109
2,12,110
2,12,111
2,12,111
2,12,113
2,12,113
2,12,113
2,11,114
2,12,113
1,12,113
0,12,113
0,12,112
0,12,110
0,11,109
0,11,109
1,11,109
2,11,109
2,11,109
2,12,108
2,12,106
3,11,105
3,11,105
4,12,105
4,12,105
3,12,105
3,12,107
3,12,109
2,12,110
2,12,113
2,12,114
2,12,114
2,12,114
1,12,114
1,12,114
1,12,113
1,12,113
2,12,113
2,12,111
1,12,110
1,12,109
0,12,108
0,12,108
0,12,108
0,12,108
0,12,108
0,12,108
2,12,108
3,12,108
3,12,109
3,12,109
3,12,109
3,12,110
3,12,110
3,12,110
3,12,110
3,12,110
2,12,110
2,12,110
2,12,110
2,12,110
2,12,109
2,12,109
2,12,108
2,12,108
1,12,108
1,12,108
1,12,108
1,12,110
1,12,110
1,12,113
1,12,113
1,13,115
1,13,115
1,13,116
1,13,116
1,13,117
1,13,117
1,13,117
2,13,117
2,14,117
2,14,117
2,13,116
2,13,116
2,13,115
1,13,114
1,13,114
1,13,113
2,13,111
2,13,111
3,13,107
3,13,106
3,13,103
3,13,102
4,13,100
4,13,97
4,12,96
4,12,95
5,12,95
0,12,112
0,12,113
0,12,114
1,12,115
2,13,117
2,15,118
2,15,118
2,15,117
1,14,115
0,13,113
0,13,111
0,12,109
1,12,109
1,12,109
2,12,107
2,12,106
2,12,106
2,13,106
2,13,105
2,13,105
3,13,103
3,13,103
3,12,103
3,12,102
3,12,102
2,12,102
1,12,102
1,12,104
1,12,105
1,12,106
1,12,106
1,13,108
1,12,109
1,12,109
1,12,109
1,12,109
1,12,110
1,12,110
1,12,110
1,12,110
1,12,110
1,12,110
1,13,109
1,13,110
1,13,109
1,13,109
1,13,108
1,13,108
0,12,107
0,12,108
1,12,108
1,12,108
2,12,108
2,12,109
1,12,109
1,12,109
0,12,109
1,12,109
1,12,109
0,12,109
1,12,109
1,12,109
1,12,109
1,12,109
2,12,109
2,12,109
2,12,109
3,12,108
3,12,108
3,12,107
3,12,106
3,12,106
2,12,106
2,12,106
2,12,106
2,12,106
2,12,106
2,12,106
2,12,107
2,12,108
2,12,109
2,12,110
2,12,111
2,12,113
2,12,113
2,12,113
2,12,113
2,12,113
1,12,113
0,12,113
0,12,111
0,12,109
0,11,109
0,11,109
2,11,109
2,11,108
2,11,108
2,11,105
3,11,105
3,11,105
3,11,105
3,11,105
3,12,105
3,12,106
3,12,108
3,12,110
2,12,111
2,12,113
2,12,114
2,12,114
2,12,114
2,12,114
2,12,114
2,12,113
2,12,113
2,12,113
1,12,111
1,12,110
0,12,108
0,12,108
0,12,108
0,12,108
0,12,108
0,12,108
2,12,108
2,12,108
2,12,108
3,12,108
3,12,109
3,12,110
3,12,110
3,12,110
3,12,110
3,12,110
2,12,110
2,12,110
2,12,110
2,12,110
2,12,111
2,12,111
2,12,110
2,12,109
2,12,109
2,12,108
1,12,108
1,12,110
1,12,110
1,12,112
1,12,113
1,12,114
1,13,115
1,13,116
1,13,116
1,13,117
1,13,117
1,14,117
1,13,117
1,13,117
2,13,117
2,13,116
2,13,116
2,13,115
2,13,115
1,13,114
1,13,113
2,13,111
2,13,111
2,13,109
3,13,106
3,13,105
3,13,102
3,13,101
3,12,99
4,12,97
4,12,96
4,12,96
4,12,95
0,12,112
0,12,113
1,12,114
1,13,116
2,14,118
2,15,118
2,14,117
2,14,116
1,13,114
1,13,112
1,13,111
1,12,109
1,12,109
2,12,109
2,12,108
2,12,107
2,12,106
2,13,106
2,13,105
3,13,103
3,13,103
3,13,103
3,12,102
2,12,102
1,11,101
1,11,102
1,12,102
1,12,104
1,12,105
1,12,106
1,12,108
1,12,108
1,12,109
1,12,109
1,12,109
1,12,109
1,12,109
1,12,110
1,12,110
1,12,110
1,12,110
1,13,110
1,13,110
1,13,109
1,13,109
1,13,109
1,13,108
1,13,107
1,12,108
1,12,108
1,12,108
1,12,108
1,12,109
1,12,109
0,12,109
0,12,109
0,12,109
0,11,109
0,11,109
0,11,109
1,11,109
1,11,109
1,11,109
2,11,109
2,11,109
2,11,109
2,11,108
2,12,108
2,12,107
3,12,106
3,12,106
2,12,106
2,12,105
2,12,104
2,12,104
2,12,104
1,12,105
2,12,106
2,12,106
2,12,108
2,12,109
2,12,110
2,12,111
2,12,113
2,12,113
2,12,113
2,12,113
1,12,113
1,12,113
1,12,112
0,12,110
0,11,109
1,11,109
2,11,108
2,11,108
2,11,106
3,11,105
3,11,105
3,11,105
3,11,105
3,11,105
3,12,105
3,12,106
3,12,109
3,12,110
2,12,113
2,12,113
2,12,114
2,12,114
2,11,114
2,11,114
2,12,114
2,12,114
2,12,113
2,12,113
1,12,111
1,12,110
1,12,108
0,12,108
0,12,108
0,12,107
2,12,107
2,12,107
2,12,106
2,12,106
2,12,108
2,12,108
2,12,109
1,12,110
2,12,110
2,12,110
2,12,110
2,12,111
2,12,113
2,12,113
2,12,113
1,13,113
2,13,113
2,13,113
2,13,111
2,13,111
2,12,111
2,12,110
2,12,110
1,12,110
1,12,111
0,12,113
0,12,113
0,12,115
0,13,115
1,13,116
1,13,116
1,14,117
1,14,117
1,14,118
1,14,118
1,13,117
1,13,117
2,13,116
2,13,115
2,13,115
2,13,115
1,13,113
2,13,112
2,13,111
2,13,109
2,13,106
3,13,105
3,13,102
3,12,101
3,12,99
3,12,97
3,12,96
3,12,96
4,12,96
1,12,111
1,12,112
1,12,113
1,12,114
2,13,116
2,14,116
1,14,116
1,13,115
1,13,114
1,12,113
1,12,111
1,12,110
1,12,109
2,12,109
2,12,109
2,12,108
2,12,107
2,13,106
2,13,106
2,13,105
3,13,103
3,13,103
3,12,102
2,11,101
1,11,101
1,11,101
1,12,102
1,12,102
1,12,104
1,12,106
1,12,106
1,12,108
1,12,108
1,12,108
1,12,109
1,12,109
0,12,109
0,12,109
1,12,110
1,12,110
1,12,110
1,13,110
1,13,110
1,13,109
1,13,109
1,13,109
1,13,109
1,13,108
1,13,108
1,13,109
1,12,109
1,12,109
1,12,109
0,12,109
0,12,109
0,11,109
0,11,109
0,11,109
0,11,109
0,11,109
0,11,109
1,11,109
2,11,109
2,11,109
2,11,109
2,11,109
2,11,109
2,11,108
2,12,108
3,12,106
3,12,106
3,12,106
3,11,104
2,11,104
2,11,102
2,11,102
2,11,102
2,11,105
2,12,106
2,12,106
2,12,107
2,12,109
2,12,110
2,12,111
2,12,113
2,12,113
2,12,113
2,12,113
2,12,113
1,12,112
1,12,110
1,11,109
1,11,109
2,11,108
2,11,106
2,12,106
3,12,105
3,12,105
3,11,105
3,11,105
3,11,105
3,12,106
3,12,109
3,12,110
3,12,110
3,12,113
2,12,113
2,12,114
2,12,115
2,11,115
2,11,114
2,12,114
2,12,114
2,12,113
2,12,113
2,12,111
1,12,110
1,12,109
1,12,108
1,12,108
2,12,107
2,12,106
2,12,106
2,12,106
2,12,106
2,12,106
2,12,108
0,12,108
0,12,109
1,12,110
2,12,110
2,12,111
2,12,113
2,12,113
2,12,113
1,12,114
1,13,114
1,13,114
1,13,114
1,13,113
2,13,112
2,13,112
2,13,111
1,13,111
1,12,112
1,12,113
0,12,113
0,12,115
0,12,115
0,13,116
0,13,117
1,13,117
1,14,117
1,14,118
1,14,118
1,14,118
1,13,117
1,13,116
1,13,115
1,13,115
2,13,115
1,13,114
1,13,112
2,13,111
1,13,109
2,13,106
2,13,105
3,13,102
3,13,101
3,13,100
3,12,99
3,12,97
3,12,96
3,12,96
3,12,96
1,12,111
1,12,112
1,12,114
1,12,114
1,13,115
1,13,115
1,12,114
1,12,113
1,12,113
1,12,112
2,12,111
1,12,110
2,12,110
2,12,109
2,12,109
2,12,108
2,12,106
2,13,106
2,13,105
2,13,104
2,13,103
2,12,102
2,11,101
2,11,100
1,11,100
2,11,101
2,12,102
2,12,102
2,12,105
2,12,106
1,12,106
1,12,108
1,12,108
1,12,108
1,12,109
0,12,109
0,12,109
0,12,109
1,12,110
1,12,110
1,12,110
1,13,110
1,13,110
1,13,109
1,13,109
1,13,109
1,13,109
1,13,109
1,13,109
1,13,109
1,12,109
1,12,109
0,12,109
0,12,109
0,11,109
0,11,109
0,11,109
0,11,109
0,11,109
0,11,109
1,11,109
2,11,109
2,11,109
2,11,109
2,11,109
2,11,109
2,11,108
2,12,108
3,12,106
3,12,106
3,12,105
2,11,104
2,11,104
2,11,102
2,11,102
2,11,102
2,11,103
2,11,104
2,11,105
2,11,106
2,12,107
2,12,109
1,12,110
2,12,112
2,12,113
2,12,113
2,12,113
2,12,113
2,12,113
1,11,112
1,11,109
2,11,109
2,11,108
2,11,106
2,12,106
3,12,106
3,11,106
3,11,105
3,11,106
3,11,106
3,12,108
3,12,109
3,12,110
3,12,110
2,12,113
2,12,113
2,12,115
3,12,115
3,12,115
2,11,115
2,12,115
2,12,114
2,12,114
2,12,113
2,12,111
1,12,111
1,12,109
2,13,109
2,12,108
2,12,107
3,12,106
2,12,106
2,12,106
2,12,106
2,12,106
0,12,106
0,12,108
0,12,108
1,12,110
1,12,110
2,12,112
2,12,113
2,12,113
1,12,114
1,12,114
1,13,115
1,13,115
1,13,115
1,13,114
1,13,114
1,13,114
1,13,113
1,13,112
1,13,113
1,12,114
1,12,115
0,12,115
0,13,116
0,13,117
1,13,117
1,14,118
1,14,118
1,14,118
1,14,118
1,14,118
1,13,117
1,13,116
1,13,115
1,13,115
2,13,114
2,13,113
2,13,111
2,13,109
2,13,106
2,13,105
2,13,102
3,13,101
3,13,101
3,13,99
3,12,97
3,12,97
3,12,96
3,12,96
1,12,110
1,12,112
1,12,112
1,12,114
1,12,114
0,12,114
0,12,114
1,12,113
2,12,113
2,12,111
2,12,111
1,12,111
1,12,111
1,12,110
1,12,109
2,12,109
2,13,108
2,13,106
2,13,105
2,13,105
2,13,103
2,12,102
2,11,101
2,11,100
2,11,100
2,12,100
2,12,101
2,12,102
2,12,104
2,12,104
2,12,106
2,12,106
2,12,106
2,12,106
1,12,108
1,12,108
0,12,109
0,12,109
0,12,109
1,12,109
1,12,110
1,12,110
1,12,110
1,12,109
1,12,109
1,13,109
1,13,109
1,13,109
1,13,109
1,13,109
1,13,109
1,12,109
0,12,109
0,12,109
0,11,109
0,11,109
0,11,109
0,11,109
0,11,109
0,11,109
0,11,109
1,11,109
2,11,109
2,11,109
2,11,109
2,11,109
2,11,109
2,12,108
3,12,108
3,12,106
2,12,106
2,12,105
2,12,104
2,11,104
1,11,101
1,10,101
1,10,102
1,10,102
1,10,103
1,10,105
1,11,106
1,11,108
1,11,109
1,11,110
1,12,112
2,12,112
2,12,113
2,12,113
2,12,113
2,12,112
2,11,111
2,11,109
2,11,108
2,11,108
2,12,106
2,12,106
3,12,106
3,11,106
3,11,108
3,12,108
3,12,109
3,12,110
3,12,110
2,12,111
2,12,112
2,12,113
3,12,115
3,12,115
3,12,115
3,12,115
3,12,115
2,12,114
2,12,114
2,12,114
2,13,113
2,13,111
2,13,110
2,13,109
2,12,109
2,12,108
3,12,107
2,12,106
2,12,106
2,12,106
2,12,106
0,12,106
0,12,106
0,12,108
0,12,109
1,12,110
1,12,112
2,12,113
2,12,114
1,12,114
1,13,115
1,13,115
1,13,115
1,13,115
1,13,115
1,13,114
1,13,114
1,13,114
1,13,114
1,13,114
1,13,115
1,13,115
1,13,116
1,13,117
1,14,118
1,14,118
1,14,118
1,14,118
1,14,118
1,14,118
1,14,118
1,13,117
1,13,115
1,13,115
1,13,115
1,13,113
1,13,111
1,13,109
1,13,107
1,13,105
2,13,103
2,13,102
3,13,101
3,13,99
3,13,97
3,13,97
3,13,96
2,12,96
2,12,96
1,12,110
1,12,112
1,12,112
1,12,113
0,12,113
0,12,113
2,12,113
2,12,113
2,13,111
2,13,111
2,12,111
1,13,111
1,13,111
1,12,110
1,13,109
2,13,109
2,13,106
2,13,106
2,13,105
2,12,104
2,12,102
2,12,102
2,12,101
2,12,100
2,12,100
2,12,101
2,12,101
2,12,102
2,12,104
2,12,104
2,12,105
2,12,106
2,12,106
2,12,106
2,12,108
1,12,108
0,12,109
0,12,109
1,12,109
1,12,110
1,12,110
1,12,110
1,12,109
0,12,109
1,13,109
1,13,109
1,13,109
1,13,109
1,13,109
1,12,109
1,12,109
1,12,109
0,12,109
0,11,109
0,11,109
0,11,109
0,11,109
0,11,109
0,11,109
0,11,109
0,11,110
1,11,110
1,11,110
2,12,110
2,11,109
2,12,109
2,12,109
2,12,109
2,12,108
2,12,106
2,12,106
2,12,105
2,12,104
1,11,104
1,10,102
1,10,102
1,10,102
1,10,102
1,10,103
1,10,105
1,10,107
1,11,108
1,11,109
1,11,110
1,12,112
2,12,112
2,12,113
2,12,113
1,12,112
1,11,112
1,11,110
1,11,109
2,11,108
2,12,108
2,12,108
2,12,108
2,11,108
3,12,109
3,12,109
3,12,109
3,12,110
2,12,110
1,12,110
2,12,111
2,12,113
2,12,113
3,12,115
3,12,115
3,12,115
3,12,115
2,11,114
2,12,114
2,12,114
2,13,113
2,13,111
2,13,111
2,13,110
2,13,109
2,12,109
2,12,109
2,12,107
2,12,106
2,12,106
2,12,106
1,12,106
0,12,106
0,12,108
0,12,108
1,12,110
1,12,110
2,12,113
2,12,114
2,12,114
1,13,115
1,13,115
1,13,115
1,13,115
1,13,115
1,13,115
1,13,115
1,13,115
1,13,115
1,13,115
1,13,116
1,13,116
1,13,117
1,14,118
1,14,119
1,14,118
1,14,118
1,14,118
1,14,118
1,14,118
1,14,117
1,13,116
1,13,115
1,13,115
1,13,114
1,13,112
1,13,110
1,13,109
1,13,106
1,13,105
2,13,102
2,13,101
2,13,100
3,13,99
3,13,97
2,13,97
2,13,96
2,13,96
1,12,112
1,12,112
1,12,112
0,12,113
1,12,113
2,12,113
2,12,112
2,13,111
2,13,111
2,13,111
1,12,111
0,12,111
0,12,111
1,13,111
2,13,109
2,13,108
2,13,106
2,13,105
2,12,105
2,12,103
2,12,102
2,12,102
2,12,101
2,12,101
2,12,101
2,12,101
2,12,101
2,12,101
2,12,102
2,12,104
2,12,104
2,12,105
2,12,106
2,12,106
2,12,108
1,12,109
1,12,109
1,12,109
1,12,109
1,12,110
1,12,110
1,12,110
0,12,109
0,12,109
1,13,109
1,13,109
1,13,109
1,13,109
1,12,109
1,12,109
1,12,110
1,12,110
0,11,109
0,11,109
0,11,109
0,11,109
0,11,109
0,11,109
0,11,109
0,11,110
0,11,110
1,11,110
1,12,110
1,12,110
2,12,110
2,12,110
2,12,109
2,12,109
2,12,107
2,12,106
2,12,106
2,12,105
2,12,104
2,12,103
1,11,102
1,10,101
1,10,101
1,10,103
1,10,104
1,10,105
1,11,107
1,11,109
1,11,110
1,12,110
1,12,112
2,12,112
2,12,113
2,12,112
2,12,112
2,12,111
1,11,110
2,11,109
2,12,109
2,12,109
2,12,109
2,12,109
2,12,109
2,12,109
2,12,109
1,11,109
1,11,110
1,11,110
1,11,111
1,12,111
2,12,113
2,12,114
2,12,114
2,12,114
2,12,114
2,11,114
2,12,114
2,12,114
2,13,114
2,13,113
2,13,111
2,13,111
2,13,110
2,13,109
2,13,109
2,13,109
2,12,107
2,12,106
2,12,106
2,12,106
0,12,106
0,12,106
0,12,108
1,12,109
1,12,110
2,12,113
2,12,114
2,12,114
2,13,115
1,13,115
1,13,115
1,13,115
1,13,115
1,13,115
1,13,115
1,13,115
1,13,115
1,13,115
1,13,116
1,13,116
1,13,118
1,14,119
1,14,119
1,14,119
1,14,118
1,14,118
1,14,118
1,14,118
1,13,116
1,13,115
1,13,115
1,13,114
1,13,112
1,13,111
1,13,109
1,13,106
1,13,105
1,13,102
1,12,101
2,12,100
2,13,99
2,13,97
2,13,97
2,13,96
2,13,96
1,12,110
1,12,110
1,12,112
1,12,112
1,12,112
2,12,112
2,13,111
2,13,111
2,13,111
1,12,111
1,12,112
0,12,112
0,12,112
1,13,111
2,13,110
2,13,109
2,13,108
2,13,105
2,13,105
2,13,104
2,12,103
2,12,102
3,12,101
2,12,101
2,12,100
2,12,100
2,12,100
2,12,100
2,12,101
2,12,101
2,12,102
2,12,104
2,12,105
2,13,106
2,13,106
1,12,108
1,12,109
1,12,109
1,12,110
1,12,110
1,12,110
1,13,110
1,13,109
1,13,109
1,13,109
0,12,108
1,12,109
1,12,109
1,12,109
1,12,109
1,12,110
1,12,110
1,12,110
1,12,110
0,11,109
0,11,109
0,11,109
0,11,109
0,11,109
0,11,110
0,10,111
0,11,111
0,11,110
1,12,110
1,12,110
2,12,110
2,12,110
2,12,109
2,12,109
2,12,107
2,12,106
2,12,106
2,12,105
2,12,104
2,12,102
2,11,101
2,10,101
2,10,101
1,10,103
1,11,104
1,11,105
1,11,107
1,11,109
1,12,110
1,12,110
2,12,111
1,12,112
1,12,112
2,12,111
1,12,110
1,12,110
1,11,109
1,12,109
1,12,109
1,12,109
1,12,109
1,12,109
1,12,109
1,12,109
0,12,109
0,12,109
0,11,109
0,12,109
1,12,111
1,12,111
2,12,113
2,12,114
2,12,114
2,12,114
2,11,114
2,12,114
2,12,114
2,12,114
2,13,113
2,13,113
2,13,111
2,13,111
2,13,111
2,13,110
2,13,110
2,13,109
2,13,107
2,12,106
2,12,106
0,12,106
0,12,107
0,12,108
0,12,109
1,12,110
1,12,112
2,12,113
2,12,114
2,13,115
1,13,115
1,13,115
1,13,115
1,13,116
1,13,116
1,13,116
1,13,115
1,13,116
1,12,116
1,12,116
1,12,117
1,13,118
1,14,119
1,14,119
1,14,119
1,14,118
1,14,118
1,13,117
0,13,116
0,13,115
1,13,115
1,13,114
1,13,113
1,13,111
1,13,109
1,13,107
1,13,105
1,13,104
1,12,102
2,12,101
2,12,99
2,12,97
2,13,96
2,13,96
2,13,96
2,13,95
1,12,110
1,12,111
1,12,112
1,12,111
2,12,111
2,13,111
2,13,111
2,13,111
1,12,111
0,12,113
0,12,113
0,12,113
1,13,113
2,13,111
2,13,110
2,13,109
2,13,107
2,12,106
2,13,105
2,12,104
3,12,103
3,13,103
3,13,102
3,13,101
3,12,101
2,12,100
2,12,100
2,12,101
2,12,101
2,12,102
2,12,103
2,12,105
2,13,105
2,13,106
2,12,107
1,12,108
1,12,109
1,12,110
1,12,110
1,13,110
1,13,110
1,13,110
1,13,109
1,13,109
0,12,108
0,12,108
0,12,108
0,12,109
1,12,109
1,12,110
1,12,110
1,12,110
1,12,110
1,12,110
0,11,109
0,11,109
0,11,109
0,11,110
0,10,111
0,10,111
0,11,111
0,11,111
1,11,111
1,12,110
1,12,110
2,12,110
2,12,110
2,12,109
2,12,109
2,12,109
2,12,106
2,12,106
2,12,105
2,12,102
2,12,101
2,11,101
3,11,101
2,11,102
2,11,104
2,12,105
2,12,105
1,12,107
1,12,109
1,12,110
1,12,110
1,12,110
1,12,111
1,12,111
1,12,110
1,12,110
0,12,109
0,12,109
0,12,109
0,12,109
0,12,109
1,12,109
0,12,109
0,12,109
0,12,109
0,12,109
0,12,109
0,12,109
0,12,109
0,12,109
1,12,110
2,12,113
2,12,113
2,12,114
2,11,114
2,12,114
2,12,114
2,12,114
2,12,113
2,12,113
2,13,113
2,12,111
2,13,111
2,13,111
2,13,111
2,13,110
2,13,109
2,13,108
1,12,106
0,12,107
0,12,108
0,12,108
0,12,109
1,12,110
2,12,113
2,12,113
2,12,114
2,12,115
1,13,115
1,13,115
1,13,116
1,13,116
1,13,116
1,13,116
1,13,116
1,13,116
1,13,116
1,12,117
1,13,118
1,13,118
1,14,119
1,14,119
1,14,119
1,14,118
0,13,117
0,13,116
0,13,115
0,13,114
1,13,114
1,14,113
1,14,111
1,13,109
1,13,107
1,13,106
1,13,104
1,12,102
1,12,100
2,12,99
2,12,97
2,12,96
2,12,96
2,13,95
2,13,95
1,12,110
1,12,111
2,12,111
2,13,111
2,13,111
2,13,111
2,13,111
1,12,111
0,12,113
0,12,113
0,12,113
1,13,113
1,13,111
2,13,111
2,13,110
2,13,108
2,13,106
2,13,105
2,13,105
2,13,104
3,13,103
3,13,103
3,13,103
3,13,101
3,13,101
2,12,100
2,12,100
2,12,101
2,12,101
2,12,102
2,12,103
2,13,105
2,13,106
2,13,106
2,12,107
2,12,108
1,12,109
1,13,110
1,13,110
2,13,110
1,13,110
1,13,109
1,13,109
0,12,108
0,12,108
0,12,108
0,12,108
0,12,109
1,12,110
1,12,110
1,12,110
1,12,110
1,12,110
0,12,109
0,11,109
0,11,109
0,11,110
0,10,111
0,10,111
0,11,111
1,11,111
1,11,111
1,12,111
1,12,111
1,12,110
2,12,110
2,12,110
2,12,110
2,12,109
2,13,109
2,13,106
2,13,106
2,13,103
2,13,102
2,12,102
3,12,102
2,12,102
2,12,104
2,12,104
2,12,105
1,12,106
1,12,107
1,12,108
1,12,109
1,12,110
1,12,110
1,12,110
1,12,110
1,12,109
0,12,109
0,12,108
0,12,108
0,12,108
0,12,108
0,12,108
0,12,108
0,12,108
0,12,108
0,12,108
0,12,106
0,12,106
0,12,106
1,12,108
1,12,109
2,12,109
2,12,111
2,12,113
2,12,113
2,12,113
2,12,113
2,12,113
2,12,113
2,12,113
2,12,113
2,12,113
2,12,112
2,13,111
2,13,111
2,13,111
2,13,110
2,13,109
1,12,108
1,12,108
0,12,108
0,12,109
1,12,110
1,12,110
2,12,113
2,12,113
2,12,114
1,12,115
1,12,115
1,12,115
1,12,116
1,12,116
1,13,116
1,13,116
1,13,117
1,13,117
1,13,117
1,13,118
1,13,118
1,14,119
1,14,119
1,14,119
1,13,118
0,13,117
0,13,116
0,13,115
0,13,114
0,13,114
1,13,113
1,14,111
1,14,110
1,14,107
1,13,106
1,13,104
1,12,102
1,12,101
2,12,99
2,12,97
2,12,96
2,12,95
2,12,95
2,13,95
1,12,110
1,12,110
1,13,111
2,13,111
2,13,111
2,13,111
2,13,111
1,12,111
0,13,113
0,13,114
0,12,114
1,13,113
1,13,113
2,13,111
2,13,111
2,13,110
2,13,108
2,13,106
2,13,106
2,13,105
2,13,105
3,13,103
3,13,103
3,13,103
3,13,102
3,13,101
2,12,101
2,12,101
2,12,101
2,12,102
2,12,103
2,13,104
2,13,105
2,13,106
2,12,107
2,12,108
2,12,109
2,13,109
2,13,110
2,13,110
1,13,109
1,13,109
1,13,109
1,13,109
0,12,108
0,12,108
0,12,109
1,12,109
1,12,109
1,12,109
1,12,110
1,12,110
1,12,109
1,12,109
1,12,109
0,11,109
0,11,110
0,11,111
1,11,111
1,11,111
1,11,111
1,11,112
1,12,112
1,12,112
2,12,111
2,12,110
1,12,110
2,12,110
2,13,110
2,13,110
2,13,109
2,13,106
2,13,105
2,13,103
2,13,102
3,13,102
2,12,103
2,12,104
2,12,104
2,12,105
2,12,105
2,12,106
1,12,106
1,12,108
1,12,108
1,12,109
1,12,109
1,12,109
0,12,109
0,12,108
0,12,108
0,12,108
0,12,108
0,12,108
0,12,108
0,12,108
0,12,107
0,12,106
0,12,106
0,12,106
0,12,106
0,12,105
0,12,105
0,12,106
1,12,106
2,12,109
2,12,109
2,12,110
2,12,111
2,12,112
2,12,113
2,12,113
2,12,113
2,12,113
2,12,113
2,12,113
2,12,113
2,13,111
2,13,111
2,13,111
2,13,110
2,13,110
1,12,109
1,12,109
1,12,110
1,12,110
2,12,112
2,12,113
2,12,114
1,13,114
1,13,115
1,12,115
1,12,116
1,12,116
1,12,116
2,13,116
2,13,117
2,13,117
1,13,117
1,14,118
1,14,118
1,14,118
1,14,118
1,13,118
1,13,118
1,13,117
0,13,116
1,13,115
1,13,114
1,13,114
1,13,114
1,13,112
1,14,110
1,14,107
1,13,105
1,13,103
1,12,102
1,12,100
2,12,99
2,12,96
2,12,96
2,12,95
2,12,95
2,13,95
2,13,95
1,12,110
1,13,110
1,13,110
2,13,111
2,13,111
2,13,111
1,13,111
1,13,114
1,13,114
1,12,114
1,13,114
1,13,113
2,13,111
2,13,111
2,13,110
2,13,109
2,13,108
2,12,106
2,13,106
2,13,105
2,13,105
3,13,104
4,13,103
3,13,103
3,13,101
3,12,101
2,12,101
2,12,101
2,12,101
2,12,102
2,12,103
2,12,104
2,12,105
2,12,106
2,12,107
2,12,108
2,12,108
2,13,109
2,13,109
1,13,109
1,13,109
1,13,109
1,13,109
1,12,109
1,12,109
1,12,109
1,12,109
1,12,109
1,12,109
1,12,109
1,12,109
1,12,109
1,12,109
1,12,109
1,12,109
1,12,110
1,12,110
1,11,111
1,11,111
1,11,112
1,11,112
1,11,112
1,11,112
1,12,112
1,12,111
1,12,110
1,12,110
1,13,110
2,13,110
2,13,110
2,13,109
2,13,106
2,13,105
2,13,103
2,13,103
2,12,104
2,12,104
2,12,104
2,12,105
2,12,105
2,12,105
1,12,106
1,12,106
1,12,108
1,12,109
1,12,109
1,12,109
1,12,109
0,12,108
0,12,108
0,12,108
0,12,108
0,12,108
0,12,108
0,12,108
0,12,106
0,12,106
1,12,106
0,12,105
0,12,105
0,12,104
0,12,102
0,12,103
0,12,104
1,12,106
1,12,107
1,12,108
1,12,109
1,12,110
2,12,111
2,12,112
2,12,113
2,12,113
2,12,113
2,12,113
2,12,113
2,12,113
2,13,111
2,13,111
2,13,111
2,13,111
2,12,110
1,12,110
1,12,111
1,12,112
1,12,113
2,12,113
1,12,114
1,13,115
1,13,115
1,13,115
1,13,116
1,13,116
1,13,117
2,13,117
2,13,117
2,13,117
2,14,118
1,14,118
1,14,118
1,14,118
1,14,118
1,13,118
1,13,117
1,13,116
1,13,115
1,13,115
1,13,114
1,13,114
1,13,112
2,13,110
2,13,107
2,13,105
2,13,103
2,13,102
2,12,100
2,12,99
2,12,96
2,12,95
3,12,95
3,12,95
2,12,95
2,13,95
1,12,110
1,13,110
2,13,111
2,13,111
2,13,111
1,13,111
1,13,114
1,13,114
1,12,114
1,13,114
1,13,113
2,13,113
2,12,111
2,13,111
2,13,110
2,13,109
2,12,108
2,12,106
2,12,106
2,13,105
2,13,105
3,13,104
3,13,103
3,13,102
3,12,101
2,12,101
2,11,101
2,11,101
2,12,102
2,12,102
2,12,103
2,12,104
2,12,105
2,12,106
2,12,106
2,12,108
2,12,108
2,12,109
1,13,109
1,13,109
1,13,109
1,12,109
1,12,109
1,12,109
1,12,109
1,12,109
1,12,109
1,12,108
1,12,108
1,12,108
1,12,108
1,12,108
1,12,109
1,12,109
1,12,110
1,12,110
1,12,110
1,11,111
1,11,112
1,11,112
1,11,112
1,11,112
1,12,112
1,12,112
1,12,111
1,12,111
1,12,111
1,13,111
2,13,111
2,13,110
2,13,109
2,13,106
2,13,105
2,12,105
2,12,104
2,12,105
2,12,105
2,12,105
2,12,105
2,12,105
1,12,106
1,12,106
1,12,108
1,13,109
1,13,109
1,13,109
1,12,109
1,12,109
0,12,108
0,12,108
0,12,108
0,12,108
0,12,108
0,12,108
1,12,106
1,12,106
1,12,106
1,12,105
1,12,104
1,12,102
0,12,101
0,11,100
0,11,101
1,12,103
1,12,104
1,12,106
1,12,107
1,12,108
1,12,109
2,12,110
2,12,112
2,12,113
2,12,113
2,12,113
2,12,113
2,12,113
2,12,113
2,12,113
2,12,113
2,12,111
2,12,111
2,12,111
1,12,113
1,12,113
1,12,113
1,12,114
1,13,114
1,13,115
1,13,115
1,13,115
1,13,116
1,13,116
1,13,117
1,13,117
2,13,117
2,13,117
2,14,118
2,14,118
2,14,118
2,14,118
2,14,118
1,13,117
1,13,116
1,13,115
1,13,115
1,13,114
1,13,114
1,13,112
1,13,111
2,13,108
2,13,105
2,13,103
2,13,101
2,12,99
2,12,99
2,12,96
2,12,95
2,12,94
2,12,94
3,12,93
3,12,94
1,12,109
1,13,110
2,13,111
2,13,111
2,13,111
1,13,111
1,13,114
1,13,114
1,13,114
1,13,114
1,13,113
2,12,113
2,12,113
2,12,111
2,13,111
2,13,110
2,13,109
1,13,108
1,12,106
1,13,106
2,13,106
2,13,105
3,13,105
3,13,103
3,12,102
2,12,101
2,11,101
2,11,101
2,11,101
2,12,102
2,12,102
2,12,103
2,12,104
2,11,105
2,12,106
2,12,106
2,12,108
2,12,108
2,12,109
2,12,109
2,12,109
2,12,109
2,12,109
3,12,109
3,12,109
2,12,109
2,12,108
2,12,108
2,12,108
2,12,108
1,12,108
1,11,108
1,12,108
1,12,109
1,12,110
1,12,110
1,12,110
1,12,110
1,11,112
1,11,112
1,11,112
1,11,112
2,12,112
2,12,112
1,12,112
1,12,112
2,12,111
2,12,111
2,13,111
2,13,111
2,13,111
2,13,109
1,12,106
1,12,106
1,12,106
2,12,106
2,12,106
2,12,106
2,12,106
2,12,106
2,12,106
1,12,106
1,13,108
1,13,109
1,13,109
1,13,109
1,13,109
2,12,109
2,12,109
2,12,109
1,12,109
1,12,109
1,12,109
1,12,108
2,13,106
2,12,106
2,12,105
2,12,104
2,12,102
1,12,101
1,11,100
1,11,99
1,11,99
1,11,100
1,11,101
1,12,104
1,12,105
1,12,106
1,12,108
1,12,110
1,12,110
2,12,112
2,12,113
2,12,113
2,12,113
2,12,113
2,12,113
2,12,113
2,12,113
2,12,113
2,12,113
2,12,113
1,12,113
1,13,113
1,13,114
1,13,114
1,13,115
1,13,115
1,13,115
1,13,116
1,13,116
1,13,117
1,13,117
1,13,117
1,13,117
2,13,117
2,14,118
2,14,118
2,14,118
2,14,118
2,14,117
1,13,117
1,13,115
1,13,115
1,13,114
1,13,114
1,13,113
1,13,111
2,13,110
2,13,106
2,13,103
2,13,101
2,13,99
2,12,97
2,12,96
2,12,94
2,11,94
3,12,92
3,12,92
4,12,93
4,12,93
1,12,110
2,13,111
2,13,111
2,13,111
2,13,111
1,13,114
1,13,115
1,13,115
1,13,115
2,12,114
2,12,113
2,12,113
2,12,113
2,12,111
2,13,111
2,13,110
1,13,109
1,13,108
1,12,106
1,13,106
2,13,106
3,12,105
3,12,105
3,12,103
3,12,102
2,11,101
2,11,101
2,11,101
2,11,101
2,12,102
2,12,102
2,12,102
2,12,104
2,12,105
2,12,106
2,12,106
2,12,106
2,12,108
2,12,108
2,12,109
3,12,109
3,12,109
3,12,109
3,12,109
2,12,109
2,12,108
2,12,108
2,11,108
2,11,108
2,11,108
2,11,108
1,11,108
1,12,108
1,12,109
1,12,110
1,12,110
1,12,110
1,12,110
1,12,112
1,11,112
1,12,112
2,12,112
2,12,112
1,12,112
1,12,112
1,12,112
2,12,111
2,12,111
2,13,111
2,13,111
1,13,111
1,12,109
1,12,109
1,12,109
2,12,108
2,12,107
2,13,107
3,13,107
2,13,106
2,13,107
2,13,109
2,13,109
2,13,109
2,13,110
2,13,110
2,13,110
2,12,111
4,12,111
4,12,111
2,12,111
2,13,111
2,13,110
2,13,109
2,13,108
2,13,106
2,13,106
2,12,104
2,12,102
1,12,101
1,11,99
1,11,99
1,11,99
1,11,99
1,11,100
1,11,101
1,12,104
0,12,105
0,12,106
1,12,108
1,12,110
1,12,111
2,12,112
2,12,113
2,12,113
2,12,113
2,12,113
2,12,113
2,12,113
2,12,113
2,12,113
2,13,113
1,13,113
1,13,114
1,13,115
1,13,115
1,13,115
1,13,115
1,13,115
1,13,116
1,13,117
1,14,117
1,13,117
1,13,117
1,13,117
2,13,117
2,14,118
2,14,118
2,14,118
2,14,118
1,13,117
1,13,115
1,13,115
1,13,114
1,13,114
1,13,112
2,13,111
2,13,110
2,13,108
2,13,105
2,12,102
2,12,99
2,12,97
2,12,96
2,11,94
2,11,94
3,11,92
3,11,91
3,12,92
3,12,92
1,13,111
2,13,111
2,13,111
1,13,111
1,13,113
1,13,114
1,13,114
2,12,114
2,12,113
2,12,113
2,12,113
2,12,113
2,12,113
2,12,111
2,13,110
1,13,109
1,13,109
1,12,108
1,12,106
1,12,106
2,12,106
2,12,105
3,12,105
2,12,103
2,12,102
2,11,102
2,11,101
2,11,101
2,11,101
2,11,101
2,11,102
2,11,102
2,12,103
3,12,104
3,12,106
3,12,106
3,12,106
3,12,108
3,12,108
3,12,109
3,12,109
3,12,109
3,12,109
3,12,108
2,12,108
2,11,108
2,11,107
2,11,106
2,11,106
2,11,106
1,11,108
1,11,108
1,12,108
1,12,109
1,12,110
1,12,110
1,12,110
1,12,110
1,11,112
1,12,112
1,12,112
1,12,112
1,12,112
1,12,112
1,12,111
1,12,111
1,12,111
1,13,111
1,12,111
1,12,110
1,12,110
1,12,110
2,12,110
2,12,110
2,12,110
2,13,110
3,13,110
2,13,110
2,13,110
2,13,110
2,13,110
2,13,110
2,13,110
2,13,111
2,13,111
2,13,111
4,12,111
4,12,111
2,13,111
2,13,111
2,13,111
2,13,110
2,13,109
2,13,108
2,13,106
2,13,105
2,12,103
2,12,101
2,11,100
1,11,99
1,11,99
1,11,99
1,11,100
1,11,100
1,11,102
0,12,104
0,12,106
1,12,108
1,12,108
1,12,110
1,12,111
2,12,112
2,12,113
2,12,113
2,12,113
2,12,113
2,12,113
2,12,114
2,12,114
1,12,115
1,13,115
1,13,115
1,13,115
1,13,115
1,13,115
1,13,115
1,13,115
1,13,116
1,14,117
1,14,118
1,14,118
1,14,118
1,13,117
1,13,117
2,14,117
2,13,117
2,13,117
2,13,117
2,13,116
1,13,114
1,13,114
2,13,113
2,13,112
2,13,111
2,13,110
2,13,108
2,12,107
2,12,104
2,12,100
2,12,97
2,12,96
2,12,94
3,11,94
3,11,92
3,11,92
3,11,91
3,11,92
1,13,111
1,13,111
1,13,111
1,13,111
1,13,113
2,12,114
2,12,114
2,12,113
2,12,113
2,12,113
2,12,113
2,12,113
2,12,111
2,12,111
1,13,110
1,13,109
1,13,109
1,12,108
1,12,106
1,12,106
2,12,106
2,12,105
2,12,105
2,12,104
2,12,102
2,12,102
2,11,101
2,11,101
2,11,101
2,11,101
2,11,101
3,12,102
3,12,103
3,12,104
4,12,106
4,12,106
3,12,106
3,12,108
3,12,108
3,12,108
3,12,108
3,12,108
2,12,108
2,12,107
2,12,106
2,11,106
2,11,105
2,11,105
2,11,105
1,11,105
1,11,105
1,12,107
1,12,108
1,12,109
1,12,109
1,12,109
1,12,109
1,12,110
1,12,110
1,12,111
1,12,111
1,12,111
1,12,111
1,12,111
1,12,111
1,12,111
1,13,111
1,13,111
1,13,110
1,12,110
1,13,110
2,12,110
2,13,110
2,13,110
2,13,110
3,13,110
2,13,110
2,13,110
2,13,110
2,13,110
2,13,110
2,13,111
2,13,111
2,13,111
2,13,111
4,13,111
4,13,111
2,13,111
2,13,111
2,13,111
2,13,111
2,13,110
2,13,108
2,13,107
2,13,105
2,13,104
2,12,102
2,12,101
1,12,100
1,11,99
1,11,99
1,11,100
1,11,101
1,11,102
1,12,104
1,12,105
1,12,106
1,12,108
1,12,109
1,11,110
1,11,112
2,11,113
2,12,113
2,12,113
2,12,113
2,12,114
2,12,115
2,13,115
2,13,115
1,13,115
1,13,115
1,13,115
1,13,115
1,13,115
0,13,115
0,13,115
0,13,116
0,14,117
1,14,118
1,14,118
1,13,117
1,13,117
1,13,117
2,13,116
2,13,116
1,13,116
2,13,116
1,13,115
1,13,114
1,13,113
1,13,112
2,13,111
2,13,110
2,13,108
1,13,107
2,12,104
2,12,102
2,12,99
2,12,97
3,12,95
2,12,94
3,12,93
3,11,92
3,11,92
3,11,91
1,13,111
1,13,111
2,13,111
2,13,113
2,13,113
2,12,113
2,12,113
2,12,113
2,12,113
2,12,113
2,12,113
2,12,113
2,12,111
2,13,111
1,13,110
1,13,109
1,13,109
1,13,109
1,12,106
2,12,106
2,12,106
2,12,105
2,12,105
2,12,104
2,12,102
2,12,102
2,12,101
2,12,101
2,11,100
2,12,101
3,12,101
3,12,102
4,12,103
4,12,104
4,12,106
4,12,106
3,12,106
3,12,106
3,12,106
3,12,106
2,12,106
2,12,106
2,12,106
2,12,106
2,11,105
2,11,104
2,11,103
2,11,103
1,11,103
1,11,104
1,11,105
1,12,106
1,12,107
1,13,107
1,13,107
2,13,107
1,12,107
2,12,107
1,12,108
1,12,109
1,12,109
1,12,109
1,12,110
1,12,110
0,12,110
0,13,110
1,13,110
1,13,110
1,13,110
1,13,110
1,13,110
2,13,110
2,13,111
2,13,111
2,13,111
2,13,111
2,13,111
2,13,111
2,13,111
2,13,111
2,13,111
2,13,111
2,13,111
2,13,111
2,12,111
2,12,111
2,13,111
2,13,111
2,13,111
2,13,111
2,13,109
2,13,109
2,13,107
2,13,106
2,13,105
1,13,104
1,12,103
2,12,102
2,12,101
2,12,100
2,12,101
1,12,102
1,12,103
1,12,104
1,12,105
1,12,106
1,12,108
1,12,109
1,11,109
1,11,112
1,11,112
2,11,113
2,12,113
2,12,114
2,12,114
2,12,115
2,13,115
2,13,115
1,13,115
1,13,115
1,13,115
1,13,115
0,13,115
0,13,115
0,13,116
0,13,117
0,13,117
0,14,117
1,14,118
1,13,117
1,13,117
1,13,116
1,13,116
1,13,116
1,13,115
1,13,115
1,13,114
1,13,113
1,13,112
1,13,111
2,13,110
2,13,109
2,13,107
2,13,105
2,12,103
2,12,102
2,12,99
2,12,96
3,12,95
3,12,94
3,12,93
3,12,93
3,12,92
1,13,111
2,13,111
2,13,111
2,12,113
2,12,113
2,12,113
2,12,113
2,12,113
2,12,113
2,12,113
2,12,113
2,12,113
2,12,111
2,13,111
2,13,110
1,13,109
1,13,109
1,13,107
1,12,106
2,12,106
2,12,105
2,12,105
2,13,105
2,12,104
2,12,102
2,12,102
2,12,101
2,12,100
2,12,100
3,12,100
3,12,101
3,12,102
4,12,103
4,12,104
4,12,106
3,12,106
3,12,106
3,12,106
2,12,106
2,12,106
2,12,106
2,12,106
2,12,105
2,12,105
2,11,103
2,11,103
2,11,102
2,11,101
2,11,101
1,11,103
1,12,104
1,12,104
1,13,105
1,13,105
2,13,105
1,12,106
1,12,106
1,12,106
1,12,107
1,12,108
1,12,109
0,12,109
0,12,109
0,12,109
0,13,109
1,13,109
1,13,109
1,13,109
1,13,109
1,13,110
1,13,110
2,13,111
2,13,111
2,13,111
2,13,111
2,12,111
2,12,111
2,12,111
2,13,111
2,13,111
2,13,111
2,13,111
2,13,111
2,12,111
2,12,111
2,13,111
2,13,111
2,13,111
2,13,110
2,13,109
1,13,109
1,13,108
1,13,106
1,13,106
0,13,105
1,13,105
1,13,104
2,12,104
2,12,103
2,12,103
2,12,103
2,12,104
2,12,105
2,12,106
2,12,106
1,12,108
1,12,108
1,11,109
1,11,110
1,11,112
2,11,113
2,11,114
2,12,114
2,12,115
2,12,115
2,13,115
2,13,116
1,14,116
1,13,115
1,13,115
0,13,115
0,13,115
0,13,115
0,13,116
0,13,117
0,13,117
0,13,117
1,14,117
1,13,117
1,13,116
1,13,116
1,13,116
1,13,115
1,13,115
1,13,114
1,13,114
0,13,112
0,13,111
1,13,110
2,13,109
2,13,106
2,13,105
2,13,103
2,12,102
2,12,100
2,12,98
2,12,96
2,12,95
3,12,94
3,12,94
3,12,93
1,12,111
2,13,111
2,13,111
2,13,111
2,12,113
2,12,113
2,12,113
2,12,113
2,12,113
2,12,113
2,12,113
2,12,113
2,12,111
2,13,111
2,13,111
2,13,110
1,13,109
1,13,109
1,12,106
1,12,106
2,12,106
2,12,106
2,13,105
2,13,105
2,12,103
2,12,102
2,12,101
2,12,100
2,12,100
2,12,100
2,12,100
3,12,101
3,12,103
3,12,104
4,12,104
3,12,106
4,12,106
3,12,106
2,12,106
2,12,106
2,13,106
2,13,105
2,13,105
2,12,105
2,11,103
2,11,103
2,11,102
2,11,101
2,11,101
2,11,101
2,11,102
1,11,102
2,12,104
2,12,104
2,12,105
2,12,105
1,12,105
1,12,106
1,12,106
1,12,106
1,12,106
0,12,107
0,12,108
0,12,108
0,12,108
1,13,108
1,13,109
1,13,109
1,13,109
1,13,109
1,13,110
2,13,111
2,13,111
1,13,111
2,13,111
2,13,111
2,13,111
2,13,111
2,13,111
2,13,111
2,13,111
2,13,111
1,12,110
1,12,110
1,12,110
1,12,110
1,13,110
1,13,109
1,13,109
1,13,109
1,13,108
1,13,108
1,13,107
0,13,106
0,12,106
0,12,105
1,12,105
2,13,105
2,13,105
2,13,105
2,13,105
2,13,106
2,13,106
2,12,106
2,12,107
2,12,108
1,12,109
1,12,109
1,12,110
1,12,113
2,12,113
2,12,114
2,12,114
2,12,115
2,12,115
2,13,116
2,13,116
2,14,116
1,14,116
0,13,116
0,13,115
0,13,115
0,13,116
0,13,117
0,13,117
0,13,117
0,13,117
1,13,117
1,13,117
1,13,116
1,12,115
1,13,115
1,13,114
1,13,114
1,13,113
1,13,112
1,13,111
1,13,110
1,13,108
2,13,106
2,13,105
2,13,103
2,13,102
2,12,101
2,12,99
2,12,97
2,12,95
2,12,95
2,12,94
3,12,94
3,12,94
2,12,110
2,13,111
2,12,111
2,12,111
2,12,113
1,12,113
1,12,113
0,12,113
0,12,113
2,12,113
2,12,113
2,12,113
2,12,111
2,13,111
2,13,111
2,13,110
1,13,109
1,13,109
1,12,106
2,12,106
2,12,106
2,13,106
2,13,105
2,13,105
2,12,103
2,12,102
2,12,101
2,12,101
2,12,100
3,12,100
3,12,101
3,12,102
3,12,103
3,12,104
3,12,105
3,12,105
2,12,106
2,12,106
2,13,105
2,13,105
2,13,105
2,13,105
2,13,105
2,12,104
2,11,104
2,11,103
2,11,102
2,11,101
2,11,101
2,11,102
2,11,102
2,12,102
2,12,102
2,12,103
2,12,104
2,12,104
2,12,104
1,12,105
1,12,105
1,12,106
0,12,106
0,12,106
0,12,106
0,12,106
1,13,107
1,13,107
1,13,107
1,13,108
1,12,108
1,12,109
1,12,109
2,13,110
1,12,110
1,13,111
2,13,111
2,13,111
2,13,111
2,13,111
2,13,111
2,13,111
1,12,110
0,12,109
0,12,109
0,12,109
1,12,109
1,12,109
1,12,109
1,12,109
1,13,108
1,13,108
0,12,108
0,12,107
0,12,106
0,12,106
0,12,106
0,12,105
2,13,105
2,13,105
2,13,106
2,13,106
2,13,107
2,13,107
2,13,107
2,13,108
2,12,109
2,12,110
1,12,110
1,12,112
1,12,113
1,12,114
1,12,114
1,12,114
1,12,115
1,12,116
1,13,116
2,13,116
1,13,116
1,13,116
0,13,116
0,13,116
0,13,116
0,13,117
0,13,117
0,13,117
0,13,117
0,13,117
0,13,117
0,13,116
0,13,115
0,13,115
1,13,114
1,13,114
1,13,113
1,13,112
1,13,111
1,13,110
1,13,108
2,13,106
2,13,105
2,13,103
2,13,102
2,13,101
2,12,99
2,12,98
2,12,96
2,13,95
2,12,95
2,12,94
3,12,94
2,12,110
2,12,110
2,12,111
1,12,111
0,12,112
0,12,113
0,12,113
0,12,113
0,12,113
2,12,113
2,12,113
2,12,113
2,13,111
2,13,111
2,13,111
2,13,110
1,13,109
1,13,109
1,13,108
2,12,106
2,13,106
2,13,106
2,13,105
2,12,105
2,12,104
2,12,103
2,12,102
2,12,101
2,13,101
2,12,101
2,12,102
3,12,103
3,12,104
3,12,104
2,12,105
2,12,105
2,13,105
2,13,105
2,13,105
2,13,105
2,13,105
2,13,105
2,13,105
2,12,105
2,12,104
2,11,103
2,11,103
2,11,102
2,11,102
2,12,102
2,12,102
2,12,102
2,12,102
2,12,102
2,12,102
2,12,104
2,12,104
1,12,104
1,12,104
1,12,105
1,12,106
1,12,106
1,12,106
1,13,106
2,13,106
2,13,106
2,12,106
1,12,106
1,12,108
1,12,108
1,12,108
1,12,109
1,13,110
1,13,110
2,13,111
2,13,111
2,13,111
2,13,110
1,13,109
0,12,109
0,12,108
0,12,108
0,12,108
0,12,108
0,12,108
0,12,108
0,12,108
0,12,108
0,12,108
0,12,108
0,12,108
0,12,106
0,12,106
0,12,106
0,12,106
1,12,106
2,12,107
2,13,108
2,13,109
2,13,110
2,13,110
2,13,110
2,12,110
1,12,110
1,12,110
1,12,112
1,12,113
1,12,113
1,12,114
1,12,114
1,12,115
1,12,115
1,12,116
1,12,116
1,13,116
1,13,116
0,13,116
0,13,116
0,13,116
0,13,117
0,13,117
0,13,117
0,13,117
0,13,117
0,13,117
1,13,116
1,13,115
1,13,115
0,13,114
1,13,113
1,13,113
1,13,112
1,13,111
1,13,110
1,13,108
2,13,106
2,13,105
2,13,103
2,13,102
2,13,101
2,13,99
2,13,98
2,13,96
2,13,95
2,13,95
2,12,94
2,12,94
2,12,109
1,12,110
1,12,111
1,12,112
0,12,113
0,12,113
0,12,113
0,12,113
0,12,113
2,12,113
2,12,113
2,12,113
2,13,111
2,13,111
2,13,111
1,13,110
1,13,110
1,12,109
2,12,108
2,12,107
2,12,106
2,12,106
2,12,106
2,12,105
2,12,105
2,13,103
2,12,102
2,13,102
2,12,102
2,12,102
2,12,102
2,12,103
2,12,104
2,12,105
2,13,105
2,13,105
2,13,105
2,13,105
2,13,105
2,13,105
2,13,105
2,13,105
2,13,105
2,12,105
3,12,104
3,12,103
3,12,103
3,12,103
3,12,102
3,12,102
3,12,102
2,12,101
2,12,101
2,12,101
2,12,101
2,12,102
1,12,104
1,12,104
1,12,104
1,12,105
1,12,105
1,12,105
2,13,106
2,13,106
2,12,106
2,12,106
2,12,106
2,12,106
2,12,108
1,12,108
1,12,108
1,12,109
1,13,110
2,13,110
2,13,110
2,13,110
2,13,110
1,13,109
0,12,108
0,12,108
0,12,108
0,12,108
0,12,108
0,12,108
0,12,108
0,12,108
0,12,108
0,12,108
0,12,108
0,12,108
0,12,108
0,12,108
0,12,106
0,12,108
1,12,108
2,12,109
2,12,109
2,12,110
2,13,110
2,13,110
2,13,111
2,13,111
1,12,111
1,12,113
1,12,113
1,12,113
1,12,113
1,12,114
1,13,115
1,12,115
1,12,115
1,12,116
1,12,116
1,12,116
1,13,116
0,13,117
0,13,117
0,13,117
0,13,117
0,13,117
0,13,117
0,13,117
0,13,117
1,13,116
1,13,115
1,13,115
1,13,114
1,13,113
1,13,112
0,13,111
1,13,111
1,13,109
2,13,107
2,13,105
2,13,104
2,13,102
2,13,101
2,13,100
2,13,99
2,13,97
2,13,96
2,13,95
2,13,95
2,13,94
2,12,94
1,12,109
1,12,110
1,12,111
0,12,112
0,12,113
0,12,113
0,12,113
0,12,113
0,12,113
2,12,113
2,12,113
2,12,113
2,13,111
2,13,111
2,13,111
2,13,110
2,13,110
2,12,110
2,12,109
2,13,108
2,13,107
2,12,106
2,13,106
2,13,105
2,13,104
2,13,103
2,13,102
2,12,102
2,12,102
2,12,102
2,12,103
2,12,104
2,13,105
2,13,105
2,13,105
2,13,105
2,13,105
2,13,105
2,13,105
2,13,105
2,13,105
2,13,105
2,13,105
3,12,105
3,12,104
3,13,103
3,13,103
3,13,102
3,13,102
3,12,102
3,12,101
2,12,101
2,12,100
2,12,101
2,12,101
2,12,102
1,12,104
1,12,104
1,12,104
2,12,105
2,13,105
2,13,105
2,13,105
2,13,105
2,12,105
2,12,106
2,12,106
2,12,106
1,12,107
1,12,108
1,12,108
1,12,109
1,13,109
1,13,110
1,13,109
1,13,109
0,12,108
0,12,108
0,12,108
0,12,106
0,12,106
0,12,106
0,12,106
0,12,107
0,12,108
0,12,108
0,12,108
0,12,108
0,12,108
0,12,108
0,12,108
0,12,108
0,12,108
0,12,109
1,12,110
1,12,111
2,12,111
1,12,112
2,13,112
1,13,113
1,13,113
1,13,113
1,12,113
1,12,113
1,13,114
1,13,114
1,13,115
1,13,115
1,13,115
1,12,116
1,12,116
1,12,116
1,12,116
0,13,117
0,13,117
0,13,117
0,13,117
0,13,117
0,13,117
0,13,117
0,13,117
1,13,116
1,13,115
1,13,115
1,13,114
1,13,113
1,13,111
1,13,111
1,13,109
2,13,107
2,13,107
2,13,105
2,13,103
2,13,102
3,13,101
3,13,100
2,13,97
3,13,96
2,13,95
2,13,95
2,13,95
2,13,94
2,13,94
1,12,109
1,12,110
1,12,111
0,12,112
0,12,112
0,12,113
0,12,113
0,12,113
0,12,113
2,12,113
2,12,113
2,12,113
2,13,113
2,13,111
2,13,111
2,13,111
2,13,111
2,13,110
2,13,110
2,13,108
2,12,107
2,13,106
2,13,106
2,13,105
2,13,105
2,13,103
2,13,102
2,12,102
2,12,102
2,13,103
2,13,103
2,13,105
2,13,105
2,13,105
2,13,105
2,13,105
2,13,105
2,13,105
2,13,105
2,13,105
2,12,105
2,12,105
2,12,105
3,13,105
3,13,103
4,13,103
4,13,103
4,13,103
3,13,102
3,12,101
2,12,100
2,12,100
2,12,100
2,12,101
2,12,101
2,12,102
2,12,104
2,12,104
2,13,105
2,13,105
2,13,105
2,13,105
2,13,105
2,13,105
2,12,106
2,12,106
2,12,106
2,12,106
0,12,108
0,12,108
0,12,108
0,12,108
1,13,109
1,13,109
0,12,108
0,12,108
0,12,108
0,12,106
0,12,106
0,12,106
0,12,106
0,12,106
0,12,106
0,12,107
0,12,108
0,12,108
0,12,109
1,12,109
0,12,109
0,12,109
0,12,109
0,12,109
0,12,111
1,12,112
1,12,113
1,12,113
1,12,113
1,13,113
1,13,113
1,13,114
1,13,114
1,13,114
1,13,114
1,13,115
1,13,115
1,13,115
1,13,115
1,13,115
1,13,116
1,12,116
1,12,116
1,12,116
1,12,116
0,13,117
0,13,117
1,13,117
1,13,117
1,13,117
1,13,116
1,13,115
1,13,115
1,13,115
1,13,114
1,13,112
1,13,111
1,13,109
1,13,107
1,13,107
2,13,105
2,13,103
2,13,103
2,13,101
2,13,100
2,13,97
2,12,96
2,12,95
2,12,95
2,13,95
2,12,94
2,13,94
2,13,93
1,12,109
1,12,109
1,12,111
1,12,112
0,12,113
0,12,113
0,12,113
0,12,113
1,12,113
2,12,113
2,12,113
2,12,113
2,12,113
2,13,113
2,13,111
2,12,111
2,13,111
2,13,111
2,13,110
2,13,109
2,13,107
2,13,107
2,13,106
2,13,105
2,13,105
2,13,103
1,13,102
2,13,103
2,13,103
2,13,105
2,13,105
2,13,105
2,13,105
2,13,105
2,13,105
2,13,105
2,12,106
2,12,106
2,12,106
2,12,106
2,12,106
2,12,105
2,13,105
3,13,105
4,13,103
4,13,103
4,13,103
3,13,102
2,12,101
2,12,100
2,12,100
2,12,100
2,12,100
3,12,101
3,12,102
3,12,102
2,13,104
2,13,105
2,13,105
2,13,105
2,13,105
2,13,105
2,13,105
2,13,105
2,12,106
2,12,106
2,12,106
1,12,108
1,12,108
0,12,108
0,12,108
1,13,109
1,13,109
0,12,108
0,12,108
0,12,106
0,12,106
0,12,106
0,12,106
0,12,106
0,12,106
0,12,106
0,12,106
0,12,108
1,13,109
1,13,109
1,13,109
1,12,109
1,12,109
1,12,110
1,12,111
1,12,113
1,12,113
1,12,113
1,12,114
1,12,114
1,12,114
1,12,114
1,13,114
1,13,114
1,13,115
1,13,115
1,13,115
1,13,115
1,13,115
1,13,115
1,13,116
1,13,116
1,12,116
1,12,116
1,12,116
1,13,117
1,13,117
1,13,117
1,14,117
1,14,117
1,13,116
1,13,115
1,13,115
1,13,115
1,13,114
1,13,112
1,13,111
1,13,109
1,13,107
2,13,106
2,13,103
2,13,103
2,13,102
2,13,100
2,12,98
2,12,96
2,12,95
2,12,94
2,12,92
2,12,92
2,12,92
2,12,93
2,13,93
1,12,109
1,12,109
1,12,111
0,12,112
0,12,113
0,12,113
0,12,113
2,12,113
2,12,113
2,12,113
2,12,113
2,12,113
2,12,113
2,12,113
2,12,113
2,13,111
2,13,111
2,13,111
2,13,110
2,13,109
2,13,108
2,13,107
2,13,106
1,13,105
1,13,105
1,13,103
2,13,105
2,13,105
2,13,105
2,13,105
2,13,105
2,13,105
2,13,105
2,12,106
2,12,106
2,12,106
2,12,106
2,12,106
2,12,106
2,12,106
2,12,106
2,12,106
2,12,105
4,13,105
4,13,103
4,13,103
4,12,103
3,12,101
2,12,100
2,12,100
2,12,100
3,12,101
3,12,101
3,12,102
3,12,102
3,13,103
2,13,105
2,13,105
2,13,105
2,13,105
2,13,105
2,13,105
2,13,105
2,13,106
2,12,106
2,12,106
1,12,108
1,12,108
1,13,108
1,13,109
1,13,109
1,13,109
0,12,108
0,12,108
0,12,106
0,12,106
0,12,106
0,12,106
0,12,106
0,12,106
0,12,106
0,12,106
0,12,108
1,13,109
1,13,109
1,13,109
1,12,110
1,12,111
1,12,112
1,12,113
1,12,113
1,13,114
1,13,114
1,12,114
1,12,114
1,12,114
1,13,114
1,13,114
1,13,115
1,13,115
1,13,115
1,13,115
1,13,115
1,13,115
1,13,115
1,13,116
1,13,116
1,13,116
1,12,116
1,13,117
1,13,117
1,13,117
1,13,117
1,14,117
1,14,116
1,13,115
1,13,115
1,13,114
1,13,114
1,13,111
1,13,111
1,13,109
2,13,107
2,13,106
2,13,103
2,13,102
2,13,101
2,12,99
2,12,98
2,12,95
2,11,94
2,12,93
2,12,92
2,12,92
2,12,91
2,12,91
2,12,92
1,12,108
1,12,109
1,12,111
0,12,112
1,12,112
1,12,113
2,12,113
2,12,113
2,12,113
2,12,113
2,12,113
2,12,113
2,12,113
2,12,113
2,12,113
2,13,113
2,13,111
2,13,111
2,13,110
2,13,109
2,13,109
1,13,107
1,13,106
1,13,105
1,13,105
2,13,105
2,13,105
2,13,105
2,13,105
2,13,105
2,12,106
0,12,106
0,12,106
0,12,106
0,12,106
2,12,106
2,12,106
2,12,106
2,12,106
2,12,106
2,12,106
2,12,106
3,12,105
4,13,105
3,13,103
3,12,103
3,12,102
3,12,101
2,12,101
2,12,101
3,12,101
3,12,102
3,12,102
3,13,102
2,13,103
2,13,105
2,13,105
2,13,105
2,13,105
2,13,105
2,13,105
2,12,105
2,12,106
2,12,106
2,12,108
1,12,109
1,13,109
1,13,109
1,13,109
1,13,109
0,12,108
0,12,108
0,12,108
0,12,108
0,12,106
0,12,106
0,12,106
0,12,106
0,12,106
0,12,106
0,12,106
0,12,108
1,13,109
1,13,109
1,13,110
2,12,111
2,12,112
2,12,113
1,12,113
1,12,114
1,13,114
1,13,114
0,12,114
0,12,114
1,13,114
1,13,115
1,12,115
1,13,115
1,13,115
1,13,115
1,13,115
1,13,115
1,13,115
1,13,116
2,13,116
2,13,116
2,13,117
2,13,117
2,13,117
2,13,117
1,13,117
1,13,117
1,13,116
1,13,115
1,13,115
2,13,114
2,13,112
2,13,111
2,13,110
2,13,109
2,14,107
2,13,106
2,13,103
2,13,101
2,13,100
2,13,99
2,12,96
2,11,95
2,11,94
2,11,92
2,11,91
2,11,91
2,11,91
2,12,90
2,12,90
1,12,109
1,12,110
1,12,110
1,12,111
1,12,112
2,12,113
2,12,113
2,12,113
2,12,113
2,12,113
0,12,113
2,12,113
2,12,113
2,12,113
2,12,113
2,13,113
2,13,111
2,13,111
2,13,110
2,13,109
2,13,109
1,13,107
2,13,106
2,13,106
2,13,105
2,13,105
2,13,105
2,13,106
2,12,106
0,12,106
0,12,106
0,12,106
0,12,106
0,12,106
0,12,106
2,12,106
2,12,106
2,12,106
2,12,106
2,12,106
2,12,106
2,12,106
3,13,105
3,13,105
3,13,103
3,13,103
3,12,102
3,12,101
3,12,101
3,12,102
3,12,102
3,13,102
2,13,103
2,13,105
2,13,105
2,13,105
2,13,105
2,13,105
1,12,105
1,12,105
1,12,106
1,12,106
1,12,108
2,13,109
1,13,110
2,13,110
1,13,110
2,13,110
1,13,110
1,13,109
1,12,109
0,12,108
0,12,108
0,12,108
0,12,106
0,12,106
0,12,106
0,12,106
0,12,106
0,12,106
0,12,108
1,12,109
1,12,110
1,12,111
2,12,111
2,12,113
2,12,113
2,12,113
1,12,114
1,13,114
1,13,114
1,13,114
0,12,114
1,13,114
1,12,115
1,12,115
1,13,115
1,13,115
1,13,115
1,13,115
1,13,115
1,13,115
1,13,116
2,13,116
2,13,116
2,13,117
2,13,117
2,13,117
2,13,117
2,13,117
2,13,116
1,13,115
1,13,115
2,13,114
2,13,112
2,13,111
2,13,110
2,13,107
2,13,107
2,13,104
2,13,103
2,13,101
2,13,99
2,13,97
2,12,96
2,11,94
2,11,93
2,11,91
3,11,91
3,11,90
2,11,90
2,11,90
2,12,90
1,12,110
1,12,110
1,12,111
2,12,112
2,12,113
2,12,113
0,12,113
0,12,113
0,12,113
0,12,113
0,12,113
2,12,114
2,12,114
2,12,114
2,13,113
2,13,111
2,13,111
2,13,111
2,13,110
1,13,109
2,13,108
2,13,106
2,13,106
2,13,106
2,13,106
2,12,106
0,12,106
0,12,106
0,12,106
0,12,108
0,12,108
0,12,106
0,12,106
0,12,106
2,12,106
2,12,106
2,12,106
2,12,106
2,12,106
2,12,106
3,13,106
3,13,106
3,13,105
3,13,103
3,13,103
3,13,102
3,13,102
3,13,102
2,13,102
2,13,103
2,13,103
2,13,105
2,13,105
2,12,105
2,12,106
1,12,106
0,12,106
0,12,106
1,12,108
1,12,108
1,13,109
1,13,110
2,13,110
2,13,110
2,13,110
2,13,111
2,13,110
2,13,110
1,13,110
1,12,109
0,12,108
0,12,108
0,12,108
0,12,106
0,12,106
0,12,106
0,12,106
0,12,107
0,12,108
0,12,109
1,12,109
1,12,111
2,12,112
2,12,113
2,12,113
2,12,114
1,12,114
1,13,114
1,13,114
1,13,114
1,13,114
1,13,114
1,12,115
1,12,115
1,12,115
1,13,115
1,13,115
1,13,115
1,13,115
1,13,115
1,13,116
1,13,116
1,13,116
2,13,116
2,13,117
2,13,117
2,13,117
2,13,116
2,13,116
2,13,115
2,13,114
2,13,112
2,13,111
2,13,110
2,13,107
2,13,106
2,13,104
2,13,102
2,13,101
2,13,99
2,12,96
2,12,95
3,12,94
3,12,92
3,11,91
3,11,91
3,11,90
3,11,89
3,11,89
1,12,110
1,12,110
2,12,111
2,12,111
2,12,113
0,12,113
0,12,113
0,12,113
0,12,113
0,12,113
0,12,114
2,12,114
2,12,114
2,12,114
2,12,113
2,13,111
2,13,111
2,13,110
1,13,110
2,13,109
2,13,108
2,13,108
2,13,107
2,13,107
1,13,106
1,12,107
0,12,108
0,12,108
0,12,108
0,12,108
0,12,108
0,12,108
1,12,106
1,12,106
2,12,106
2,12,106
2,12,106
2,12,107
2,13,107
3,13,107
3,13,106
3,13,106
3,13,105
3,13,103
3,13,103
2,13,103
2,13,103
2,13,103
2,13,103
2,13,105
2,13,105
2,12,106
2,12,106
0,12,106
0,12,106
0,12,106
0,12,108
1,12,108
1,12,109
1,13,110
2,13,110
2,13,110
2,13,111
2,13,111
2,13,111
2,13,111
2,13,111
2,13,111
1,13,110
1,12,109
0,12,109
0,12,108
0,12,108
0,12,108
0,12,106
0,12,107
0,12,108
0,12,108
1,12,109
1,12,110
2,12,111
2,12,113
2,12,113
2,12,114
2,12,114
1,12,114
1,13,114
1,13,114
1,13,114
1,13,114
1,13,115
1,13,115
1,12,115
1,13,115
1,13,116
1,13,116
1,13,115
1,13,115
1,13,115
1,13,115
1,13,116
1,12,116
1,12,116
1,13,116
2,13,116
2,13,116
1,13,116
1,13,115
1,13,114
1,13,113
2,13,111
2,13,110
2,13,107
2,13,106
2,13,105
2,13,102
2,13,100
2,13,99
2,13,96
2,12,95
2,12,94
3,12,92
3,12,92
4,11,91
4,11,90
4,11,90
4,11,89
1,12,110
1,12,110
1,12,111
1,12,111
0,12,113
0,12,113
0,12,113
0,12,113
0,12,113
0,12,114
0,12,114
2,12,114
2,12,114
2,12,113
2,12,113
2,12,111
2,12,111
1,13,110
2,13,110
2,13,110
2,13,109
2,13,109
2,13,108
2,13,108
1,12,108
1,12,108
0,12,108
0,12,108
0,12,108
0,12,108
0,12,108
1,12,108
1,13,107
2,13,107
2,13,107
2,13,108
2,13,108
2,13,108
2,13,108
2,13,107
3,13,107
3,13,106
2,13,105
2,13,103
2,13,103
2,13,103
2,13,105
2,13,105
2,13,105
2,12,106
2,12,106
0,12,106
0,12,106
0,12,106
0,12,108
0,12,108
1,12,109
1,12,110
2,13,110
2,13,111
2,13,111
2,13,111
2,13,111
2,13,111
2,13,111
2,13,111
2,13,111
2,13,111
1,12,110
1,12,109
1,12,109
1,12,109
1,12,109
1,12,108
1,12,108
1,12,108
1,12,109
1,12,109
1,12,111
2,12,112
2,12,113
2,12,114
2,12,114
1,12,114
1,12,114
1,13,114
1,13,114
1,13,114
1,13,115
1,13,115
1,13,115
1,13,116
1,13,116
1,13,116
1,13,116
1,13,116
1,13,115
1,13,115
1,13,115
1,13,115
1,12,115
1,12,116
1,12,116
1,13,116
1,13,116
1,13,115
1,13,114
1,13,113
2,13,111
2,13,110
2,13,107
2,13,106
2,13,105
2,13,103
2,13,101
2,13,99
2,12,96
2,12,95
3,12,94
3,12,93
3,12,92
4,12,92
4,12,91
4,12,90
4,11,90
1,12,110
1,12,110
1,12,111
1,12,112
1,12,113
0,12,113
0,12,113
0,12,113
0,12,113
0,12,114
0,12,114
1,12,113
2,12,113
2,12,113
2,12,113
1,12,113
1,12,111
1,13,110
2,13,110
2,13,110
2,13,110
2,13,109
1,13,109
1,12,109
1,12,109
1,12,109
1,12,109
1,12,109
1,12,109
1,12,109
1,13,109
1,13,109
1,13,109
1,13,110
1,13,110
1,13,110
1,13,109
2,13,109
2,13,109
2,13,108
2,13,108
2,13,107
2,13,106
2,13,105
2,13,105
2,13,105
2,13,105
2,13,106
2,12,106
0,12,106
0,12,106
0,12,108
0,12,108
0,12,108
1,13,109
1,13,110
2,13,110
2,13,111
2,13,111
2,13,111
2,13,111
2,13,111
2,13,112
2,13,112
2,13,112
2,13,111
2,13,111
2,13,111
2,13,111
2,12,111
1,12,110
1,12,109
1,12,109
1,12,109
1,12,109
1,12,110
2,12,110
2,12,112
2,12,113
2,12,114
2,12,115
1,12,115
1,13,115
1,13,115
1,13,114
1,13,114
1,13,115
1,13,115
1,13,115
1,13,116
1,13,116
1,12,116
1,12,116
1,13,116
1,13,116
1,13,115
1,13,115
1,13,115
1,13,115
1,12,115
1,12,115
1,12,115
1,12,115
1,12,115
1,13,114
1,13,113
1,13,112
2,13,110
2,13,108
2,13,105
2,13,104
2,13,103
2,13,101
2,12,99
2,12,97
2,12,96
3,12,94
3,12,94
3,12,93
4,12,92
4,12,92
4,12,91
4,12,91
1,12,110
1,12,110
1,12,111
1,12,111
1,12,113
2,12,113
0,12,113
0,12,113
0,12,113
0,12,113
0,12,113
0,12,113
0,12,113
0,12,113
0,12,113
0,12,113
1,12,111
1,12,111
1,13,110
2,13,110
2,13,110
1,13,110
1,12,110
1,12,110
1,12,110
1,12,110
1,12,110
1,12,110
1,12,110
1,13,110
1,13,110
0,13,110
0,13,110
0,13,110
0,13,110
0,13,111
1,13,111
2,13,111
2,13,111
2,13,110
2,13,110
2,13,110
2,13,109
2,13,109
2,13,107
2,13,107
1,13,107
0,12,107
0,12,108
0,12,108
0,13,109
0,13,110
0,13,111
1,13,111
1,13,111
1,12,111
2,13,111
2,13,113
2,13,113
2,13,113
2,13,113
2,13,113
2,13,113
2,13,113
2,13,113
2,13,113
2,13,113
2,12,113
2,12,113
2,12,113
2,12,111
1,12,110
2,12,110
2,12,111
2,12,111
2,12,113
2,12,113
2,12,113
1,12,114
1,12,115
1,12,115
1,13,115
1,13,115
1,13,115
1,13,115
1,13,115
1,13,115
1,13,115
1,13,116
1,13,116
1,12,116
1,12,116
1,13,116
1,13,116
1,13,115
1,13,115
1,13,115
1,13,114
1,12,114
1,12,114
1,13,114
1,12,114
1,12,113
1,13,112
1,13,111
2,13,110
2,13,108
2,13,106
2,13,105
2,12,103
2,12,101
2,12,99
2,12,98
2,12,96
3,12,96
3,12,95
3,12,94
4,12,94
4,13,93
4,13,93
4,13,93
1,12,110
1,12,111
1,12,112
2,12,113
2,12,113
1,12,113
0,12,113
0,12,113
0,12,113
0,12,113
0,12,113
0,12,113
0,12,113
0,12,113
0,12,113
1,12,113
1,12,113
2,12,111
2,12,111
2,12,111
2,12,111
2,12,111
1,12,111
1,12,111
1,12,111
1,12,111
1,12,111
1,13,111
0,13,111
0,13,111
0,12,111
0,12,111
0,12,113
0,12,113
0,13,113
1,13,113
2,13,111
2,13,111
2,13,111
2,13,111
2,13,111
2,13,111
2,13,110
1,13,109
0,13,109
0,13,109
0,13,109
0,13,110
0,13,111
1,13,111
1,13,111
1,13,111
1,13,111
1,13,112
2,13,113
2,13,113
2,13,113
2,13,114
2,13,114
2,13,114
2,13,114
2,13,114
2,13,114
2,13,114
2,12,113
2,12,113
2,12,113
2,12,113
2,12,113
2,12,113
2,12,113
2,12,113
2,12,113
2,12,113
2,12,113
2,12,114
1,12,115
1,12,115
1,12,116
1,13,116
1,13,116
1,13,115
1,13,115
1,13,115
1,13,116
1,13,116
1,13,116
1,12,116
1,12,116
1,13,116
1,13,116
1,13,115
1,13,115
1,13,115
1,13,114
1,13,114
1,13,114
1,13,113
1,13,112
1,13,111
1,13,111
1,13,109
2,13,108
2,13,106
2,13,105
2,13,105
2,13,103
2,13,101
2,12,99
2,12,98
2,12,96
2,12,96
3,12,96
3,12,95
4,12,95
4,13,95
4,13,94
1,12,110
1,12,111
2,12,111
2,12,112
2,12,113
1,12,113
0,12,113
0,12,113
0,12,113
0,12,113
0,12,113
0,12,113
0,12,113
0,12,113
0,12,113
1,12,113
2,12,113
2,12,113
2,12,113
2,12,113
2,12,113
2,12,113
1,12,113
1,12,113
1,12,113
1,13,113
1,13,113
0,12,113
0,12,113
0,12,113
0,12,113
0,12,113
0,12,113
0,12,113
0,12,113
2,13,113
2,13,113
2,13,112
2,13,112
2,13,111
2,13,111
1,13,111
0,13,111
0,13,111
0,13,111
0,13,111
0,13,111
1,13,111
1,13,111
1,13,111
1,13,111
1,13,113
1,13,113
1,13,113
1,13,114
1,13,114
1,13,115
2,13,115
2,13,115
2,13,115
1,13,115
2,13,115
2,13,115
2,13,115
2,12,114
2,12,113
2,12,113
2,12,113
2,12,113
2,12,113
2,12,113
2,12,113
2,12,114
1,12,114
1,12,114
1,12,115
1,12,116
1,12,116
1,12,116
1,13,116
1,13,116
1,13,116
1,13,116
1,13,116
1,13,116
1,12,116
1,12,116
1,12,116
1,12,116
1,13,115
1,13,115
1,13,115
1,13,114
1,13,114
1,13,113
1,13,112
1,13,111
1,13,110
1,13,109
1,13,108
2,13,107
2,13,106
2,13,105
2,13,103
2,13,103
2,13,101
2,12,99
2,12,99
2,12,96
2,12,96
2,12,96
3,12,95
3,12,95
3,12,95
3,13,96
1,12,110
2,12,111
2,13,111
1,12,112
1,12,113
0,12,113
0,12,113
0,12,113
0,12,113
0,12,113
0,12,113
0,12,113
0,12,113
1,12,113
2,12,113
2,12,113
2,12,113
2,12,113
2,12,113
2,12,113
1,12,113
1,12,113
1,12,113
1,12,113
0,12,113
0,12,113
0,12,113
0,12,113
0,12,114
0,12,114
0,12,114
0,12,114
0,12,114
0,12,113
1,12,113
2,13,113
2,13,113
2,13,112
2,13,112
1,13,112
0,13,112
0,13,111
0,13,111
0,13,111
0,13,112
1,13,112
1,13,112
1,13,112
1,13,113
1,13,114
1,13,114
1,13,114
1,13,115
1,13,115
1,13,115
1,13,115
1,13,115
1,13,115
1,13,115
1,13,115
1,13,115
1,13,115
2,12,115
2,12,114
2,12,113
2,12,113
2,12,113
2,12,113
2,12,113
2,12,114
1,12,114
1,12,114
1,12,114
1,12,115
1,12,116
1,12,116
1,12,116
1,12,116
1,12,116
1,13,116
1,13,116
1,13,116
1,12,116
1,12,116
1,12,116
1,12,115
1,12,115
1,13,114
1,13,114
1,13,114
1,13,113
1,13,112
1,13,110
1,13,110
1,13,108
1,13,107
1,13,106
2,13,105
2,13,105
2,13,105
2,13,103
2,13,101
2,13,101
2,12,99
2,12,99
2,12,96
2,12,96
2,12,96
2,12,95
2,12,96
3,12,96
1,13,110
1,13,110
1,13,111
1,13,111
1,12,112
0,12,111
0,12,111
0,12,113
0,12,113
0,12,113
0,12,113
2,12,113
2,12,113
2,12,113
2,12,113
2,12,113
2,12,113
2,12,113
2,12,113
1,12,113
1,12,113
1,12,113
0,12,113
0,12,114
0,12,114
0,12,114
0,12,114
0,12,114
0,12,114
0,12,114
0,12,114
0,12,114
0,12,114
0,12,114
1,13,114
1,13,114
1,13,113
1,13,113
0,13,113
0,12,113
0,13,113
0,13,113
0,13,113
1,13,113
1,13,113
1,13,113
1,13,114
1,13,114
1,13,114
1,13,114
1,13,115
1,13,115
1,13,115
1,13,115
1,13,115
1,13,115
1,13,115
1,13,115
1,13,115
1,13,115
1,13,115
1,13,115
1,12,115
1,12,114
1,12,114
1,12,114
1,12,114
1,12,114
1,13,114
1,13,114
1,12,115
1,12,115
1,12,116
1,12,116
1,12,116
1,12,116
1,12,116
1,12,116
1,12,116
1,12,116
1,12,116
1,12,116
1,12,116
1,12,115
1,12,115
1,13,114
1,13,114
1,13,112
1,13,111
1,13,110
1,13,110
1,13,107
2,13,106
2,13,105
2,13,104
2,13,103
2,13,103
2,13,102
2,13,101
2,12,101
3,12,100
2,12,99
2,12,97
2,12,96
2,12,96
2,12,96
2,12,95
2,12,95
2,12,96
1,13,110
1,13,110
1,12,110
1,13,110
0,12,110
0,13,111
0,13,111
0,12,113
2,12,113
2,12,113
2,12,113
2,12,113
2,12,113
2,12,113
2,12,113
2,12,113
2,12,113
1,13,114
1,12,114
1,12,114
0,12,114
0,12,114
0,12,114
0,12,114
0,12,114
0,12,114
0,12,114
0,12,114
0,12,114
0,12,114
0,12,114
0,12,114
1,13,114
1,13,114
1,13,114
0,12,114
0,12,114
0,12,113
0,13,114
1,13,114
1,13,114
1,13,114
1,13,114
1,13,114
1,13,114
1,13,115
1,13,115
1,13,115
1,13,115
1,13,115
1,13,115
1,13,115
1,13,116
1,13,116
1,13,115
1,13,115
1,13,115
1,13,115
1,13,115
1,13,115
1,13,115
1,13,115
1,13,115
1,13,114
1,13,114
1,13,115
1,13,115
1,13,115
1,13,115
1,12,115
1,12,116
1,12,116
1,12,116
1,12,116
1,12,116
1,12,116
1,12,116
1,12,116
1,12,116
1,13,116
1,13,115
1,13,115
1,12,114
1,13,114
1,13,112
1,13,110
1,13,110
1,13,108
1,13,106
1,13,105
2,13,103
2,13,102
2,13,101
2,13,101
2,13,101
2,13,100
2,12,100
2,12,98
2,12,96
2,12,96
2,12,96
2,12,95
2,12,95
2,12,95
2,12,95
1,13,109
1,13,109
1,13,109
1,12,110
1,13,110
0,13,111
0,13,111
1,12,111
2,12,111
2,12,112
2,12,113
2,12,113
2,12,113
2,12,113
2,12,113
1,12,113
1,12,113
0,12,113
0,12,114
0,12,114
0,12,114
0,12,114
0,12,114
0,12,114
0,12,114
0,12,114
0,12,114
0,12,114
0,12,114
0,12,114
0,12,114
1,13,114
1,13,114
0,12,114
0,12,114
0,12,114
0,12,114
0,12,114
1,13,114
1,13,115
1,13,115
1,13,115
1,13,115
1,13,115
1,13,115
1,13,115
1,13,115
1,13,116
1,13,116
1,13,116
1,13,116
1,13,116
1,13,116
1,13,116
1,13,115
1,13,115
1,13,115
1,13,115
1,13,115
1,13,115
1,13,115
1,13,115
1,13,115
1,13,115
1,13,115
1,13,115
1,13,115
1,13,115
1,13,115
1,13,115
1,13,116
1,12,116
1,12,116
1,12,116
1,12,116
1,12,116
1,12,116
1,12,115
2,13,115
2,13,115
2,13,114
2,12,113
2,13,111
2,13,110
2,13,109
1,13,106
1,13,105
1,13,105
1,13,103
2,13,102
2,13,100
2,13,97
3,13,96
3,13,96
3,12,96
2,12,96
2,12,95
2,12,94
2,11,94
2,11,94
2,12,94
2,12,94
3,12,95
1,12,108
1,12,109
1,12,109
1,12,110
1,13,111
1,13,111
2,13,111
2,13,111
2,12,111
2,12,111
2,12,113
2,12,113
2,12,113
1,12,113
1,12,113
0,12,113
0,12,113
0,12,113
0,12,114
0,12,114
0,12,114
0,12,114
0,12,114
0,12,114
0,12,114
0,12,114
0,12,114
0,12,114
0,12,114
0,12,114
0,12,114
0,12,114
0,12,114
0,12,114
0,12,114
1,13,115
1,13,115
1,13,115
1,13,115
1,13,115
1,13,115
1,13,115
1,13,115
1,13,115
1,13,116
2,13,116
2,13,116
2,13,117
1,13,116
1,13,116
1,13,116
1,13,116
1,13,115
1,13,116
1,13,116
1,13,115
1,13,115
1,13,115
1,13,115
1,13,115
1,13,115
1,13,115
1,13,115
1,13,115
1,13,115
1,13,115
1,13,115
1,13,115
1,13,116
1,13,116
1,13,116
1,12,116
1,12,116
1,12,115
1,12,115
2,12,115
2,12,115
2,13,114
2,13,113
2,13,111
2,13,110
2,13,109
1,13,106
1,13,105
1,13,104
1,13,103
1,13,101
2,13,99
2,13,97
3,13,96
3,12,94
2,12,93
2,12,93
2,12,93
2,11,93
2,11,93
2,11,93
2,11,94
2,11,94
2,13,106
2,13,108
2,13,109
2,13,109
2,13,109
2,13,110
2,12,110
1,12,110
1,12,110
1,12,111
1,12,111
1,12,111
1,12,112
0,12,113
0,12,113
0,12,113
0,12,113
0,12,114
0,12,114
0,12,114
0,12,114
0,12,114
0,12,114
0,12,114
0,12,114
0,12,114
0,12,114
0,12,114
0,12,114
0,12,114
0,12,114
0,12,114
0,12,114
1,13,115
1,13,115
1,13,115
1,13,115
1,13,115
1,13,115
1,13,115
1,13,115
1,13,115
1,13,116
2,13,116
2,13,117
2,13,117
2,13,117
2,13,117
1,13,116
1,13,116
1,13,116
1,13,116
1,13,116
1,13,116
1,13,116
1,13,116
1,13,115
1,13,115
1,13,115
1,13,115
1,13,114
1,13,114
1,13,114
1,13,114
1,13,115
1,13,115
1,13,115
1,13,115
1,13,115
1,13,115
1,12,115
1,12,115
1,12,115
2,12,114
2,12,113
2,12,113
2,13,110
2,13,110
2,13,109
2,13,106
2,13,105
1,13,104
2,13,103
2,13,101
2,13,99
2,13,97
3,13,96
3,12,94
2,12,93
2,12,92
2,12,92
2,11,92
2,11,92
1,11,92
2,11,92
2,13,106
1,13,108
1,13,108
1,12,109
1,12,109
0,12,109
1,12,109
1,12,110
1,12,110
1,12,110
1,12,111
1,12,111
0,12,112
0,12,113
0,12,113
0,12,113
0,12,114
0,12,114
0,12,114
0,12,114
0,12,114
0,12,114
0,12,114
0,12,114
0,12,114
0,12,114
0,12,114
0,12,114
0,12,114
0,12,114
0,12,114
1,13,115
1,13,115
1,13,115
1,13,115
1,13,115
1,13,115
1,13,115
1,13,115
1,13,115
1,13,115
2,13,116
2,13,117
2,13,117
2,13,117
2,13,117
2,13,116
1,13,116
1,13,116
1,13,116
1,13,116
1,14,116
1,13,116
1,13,116
1,13,115
1,13,115
1,13,114
1,13,114
1,13,114
1,13,113
1,13,113
1,13,113
1,13,114
1,13,114
1,13,115
1,13,115
1,13,115
1,13,115
1,13,115
1,12,114
1,12,113
1,12,113
2,12,110
2,12,110
2,13,109
2,13,109
2,13,106
2,13,105
2,13,103
2,13,103
2,13,102
2,13,100
3,13,99
3,13,96
3,13,94
3,12,93
3,12,92
2,12,92
2,11,92
2,11,92
2,11,92
1,12,106
1,12,106
1,12,107
0,12,108
0,12,108
0,12,109
1,13,109
1,12,109
1,12,110
1,12,110
0,12,111
0,12,112
0,12,112
0,12,113
0,12,113
0,12,113
0,12,113
0,12,113
0,12,113
0,12,114
0,12,113
0,12,113
0,12,113
0,12,113
0,12,113
0,12,114
0,12,114
0,12,114
0,12,114
1,12,114
1,13,115
1,13,115
1,13,115
1,13,115
1,13,115
1,13,115
1,13,114
0,12,114
0,12,115
1,12,115
2,13,116
2,13,117
2,13,116
1,13,116
1,13,116
1,13,116
1,13,115
1,13,116
1,13,116
2,14,116
1,13,115
1,13,115
1,13,115
1,13,114
1,13,114
1,13,113
1,13,112
1,12,111
1,12,111
1,12,111
1,13,111
1,13,112
1,13,114
1,13,114
1,13,114
1,13,113
1,13,112
1,12,111
1,12,110
2,12,110
2,12,109
2,12,109
2,12,108
2,13,106
2,13,105
2,13,105
2,13,103
2,13,102
2,13,100
3,13,99
3,13,97
3,13,96
3,13,94
3,12,93
3,12,92
3,12,92
2,12,92
1,12,106
0,12,106
0,12,106
0,13,107
0,13,108
0,12,109
0,12,109
0,12,109
0,12,110
0,12,110
1,12,110
1,12,112
1,12,112
1,12,113
1,12,113
0,12,113
0,13,113
0,13,113
0,12,113
0,12,113
0,12,113
1,12,113
0,12,113
0,12,113
1,12,113
1,12,113
0,12,114
0,12,114
1,13,115
1,13,115
1,13,115
1,13,115
1,13,115
0,12,114
0,12,114
0,12,114
0,12,114
0,12,114
1,12,115
1,13,116
1,13,116
1,13,115
1,13,115
1,13,115
1,13,115
1,13,115
1,13,115
2,14,115
2,14,115
2,13,115
1,13,114
1,13,114
1,13,112
1,13,111
1,12,110
0,12,110
0,12,110
1,12,110
1,12,110
1,13,111
1,13,111
1,13,111
1,13,111
1,13,110
1,13,110
1,12,109
1,12,109
2,12,109
2,12,108
2,12,106
2,13,106
2,13,105
2,13,105
2,13,103
2,13,102
2,13,101
2,13,100
3,13,99
3,13,97
3,12,95
3,12,94
3,12,94
3,12,93
0,13,106
0,13,106
0,13,106
0,13,106
0,12,108
0,12,108
0,12,108
0,12,109
1,12,110
1,12,110
1,12,111
1,12,111
1,12,111
0,13,111
0,13,111
0,13,111
0,13,111
0,12,111
0,12,111
1,12,111
0,12,111
1,12,112
1,12,113
1,12,113
0,12,113
0,12,113
0,12,114
1,13,114
1,13,114
1,13,114
1,12,114
0,12,114
0,12,114
0,12,114
0,12,114
0,12,114
1,12,114
1,12,115
1,13,115
1,13,115
1,13,115
1,13,115
1,13,114
1,13,114
2,13,114
2,14,114
2,13,114
2,13,114
2,13,112
1,13,111
1,13,111
1,12,110
1,12,109
1,12,108
1,12,108
1,12,108
1,12,109
1,12,109
1,13,109
1,13,109
1,13,109
1,13,109
1,13,109
2,13,107
2,13,107
2,12,107
2,12,106
2,12,106
2,13,105
3,13,105
3,13,103
4,13,103
3,13,102
3,13,100
3,13,100
3,13,98
3,12,96
3,12,95
3,12,95
1,13,106
0,12,106
0,12,108
0,12,108
0,12,108
0,12,108
1,12,110
1,12,110
1,12,110
1,13,110
0,13,111
0,13,111
0,13,111
0,13,111
0,12,111
0,12,110
1,12,110
1,12,110
1,12,111
1,12,111
1,12,112
0,12,113
0,12,113
0,12,113
0,12,114
1,12,114
1,12,114
1,12,114
1,12,114
0,12,114
0,12,114
0,12,114
0,12,114
1,12,114
2,12,114
2,12,114
2,12,114
1,13,114
1,13,114
1,12,114
2,13,114
2,13,114
2,13,114
2,13,113
2,13,111
1,13,111
1,13,110
1,12,109
1,12,108
1,12,108
1,12,108
1,12,108
1,12,108
1,12,108
1,12,108
1,12,108
1,12,108
1,13,107
1,13,107
1,13,107
1,13,106
2,13,106
2,12,106
2,12,105
2,12,105
2,13,104
3,13,103
3,13,103
4,13,102
3,13,100
3,13,100
3,13,99
3,13,97
0,12,106
0,12,107
0,12,108
0,12,108
1,12,109
1,12,109
1,12,110
1,13,110
1,13,110
0,13,110
0,13,109
0,13,109
0,12,109
1,12,109
1,12,109
1,12,109
1,12,109
2,12,110
1,12,111
0,12,111
0,12,113
0,12,113
0,12,113
1,12,113
1,12,113
1,12,113
1,12,113
1,12,113
2,12,114
2,12,114
2,12,114
2,12,114
1,12,114
1,12,114
1,12,114
1,12,113
2,13,113
2,13,113
2,13,113
2,13,113
2,13,112
2,13,111
2,13,111
2,13,110
2,13,109
2,12,108
2,12,108
2,12,106
2,12,106
2,12,106
2,12,106
2,12,106
2,12,106
2,12,106
2,12,106
2,13,106
2,13,106
2,13,105
2,13,105
2,13,105
2,12,105
2,12,105
2,12,104
3,13,103
3,13,102
4,13,102
4,13,100
4,13,100
3,13,99
1,12,108
1,12,108
1,12,109
1,12,109
1,13,109
1,13,109
1,13,109
1,13,108
1,12,108
1,12,108
1,12,108
1,12,108
1,12,108
1,12,109
1,12,109
0,12,109
0,12,110
0,12,111
0,12,111
1,12,113
1,12,113
1,12,113
1,12,113
2,12,113
2,12,113
2,12,113
2,12,113
2,12,113
2,12,113
2,12,113
1,12,113
1,12,113
1,13,113
2,13,113
2,13,112
2,13,111
2,13,111
2,13,111
2,13,110
2,13,109
2,13,108
2,13,108
2,13,106
2,12,106
2,12,106
2,12,106
2,12,105
2,12,106
2,12,105
2,12,106
2,12,105
2,12,105
2,12,105
2,12,105
2,12,104
2,12,104
2,12,104
2,12,104
2,12,102
3,13,102
3,13,101
3,13,101
3,13,100
2,12,109
2,12,109
2,12,109
2,13,107
2,13,107
2,13,106
2,12,106
2,12,106
2,12,106
2,12,106
2,12,108
2,12,108
0,12,108
0,12,108
0,12,110
1,12,110
1,12,110
1,12,110
1,12,110
1,12,110
2,13,110
2,13,110
2,12,111
2,12,111
2,12,111
2,12,111
2,12,110
2,12,110
2,12,110
1,12,110
2,13,110
2,13,110
2,13,110
2,13,110
2,13,109
2,13,108
2,13,107
2,13,106
2,13,106
2,13,105
2,13,105
2,12,105
2,12,104
2,12,103
2,12,104
2,12,102
2,12,104
2,12,103
2,12,103
3,12,103
3,12,103
3,12,103
2,12,102
2,12,102
2,12,102
3,12,101
3,12,100
2,13,106
2,13,106
2,12,105
2,13,105
2,13,105
2,12,105
2,12,106
2,12,106
2,12,108
0,12,108
0,12,108
1,12,110
1,12,110
1,12,110
1,13,110
1,13,110
1,13,110
1,13,109
1,12,109
1,12,109
2,13,110
1,13,110
1,12,109
1,12,109
1,12,109
1,12,109
1,12,109
1,13,109
1,12,109
2,13,108
2,13,108
2,13,106
2,13,106
2,13,105
2,13,105
2,13,105
2,13,105
2,13,103
2,12,103
3,12,102
3,12,102
2,12,102
2,12,102
2,12,102
3,12,103
3,12,103
3,12,103
3,12,102
3,12,102
2,13,105
2,12,105
2,12,106
2,12,106
1,12,108
1,12,108
1,12,108
1,12,109
1,13,109
1,13,109
1,13,109
1,13,109
1,13,109
1,12,109
0,12,108
1,13,109
1,13,109
1,12,109
1,12,109
1,12,109
1,12,108
1,12,108
1,12,108
1,12,108
2,12,108
2,12,106
2,12,106
2,13,105
2,13,105
2,13,105
2,13,105
2,13,103
2,13,103
2,13,103
3,12,102
3,12,102
2,12,102
2,12,102
3,12,102
1,12,108
1,12,108
1,12,109
1,12,109
1,12,109
1,12,109
0,12,108
0,12,108
0,12,108
0,12,108
0,12,108
0,12,108
0,12,108
1,12,108
1,12,108
1,12,108
1,12,108
1,12,108
1,12,108
2,12,106
2,12,106
2,12,105
2,12,105
2,13,105
2,13,103
2,13,103
2,13,103
2,13,103
2,13,103
1,12,108
