H,S,V
3,253,118
3,251,118
3,251,117
3,251,117
3,251,117
3,251,117
3,251,117
3,251,117
3,251,117
3,251,116
3,251,115
3,253,115
3,253,114
3,253,113
3,253,113
3,253,113
3,253,113
3,253,114
3,253,114
3,253,115
3,253,116
3,253,117
3,253,118
3,251,118
3,253,118
3,251,119
3,253,118
3,251,118
3,253,118
3,253,118
3,253,114
3,253,114
3,253,112
3,250,111
3,250,111
3,250,111
3,250,111
3,250,111
3,250,111
3,250,111
3,250,111
3,250,112
3,250,112
3,250,112
3,250,112
3,253,110
3,253,110
3,253,110
3,253,110
3,253,108
3,253,108
3,253,109
3,253,110
3,253,111
3,253,111
3,253,114
3,251,115
3,251,115
3,251,115
3,251,115
3,251,115
3,251,115
3,253,114
3,253,114
3,253,114
3,253,114
3,255,114
3,255,115
4,255,115
3,253,114
3,253,111
3,253,110
3,253,110
3,253,110
3,253,108
3,253,107
3,253,105
3,250,105
3,250,105
3,250,105
3,250,105
3,250,106
3,250,106
3,250,108
3,250,108
3,250,109
3,250,109
3,250,109
3,250,109
3,250,109
3,253,109
3,250,109
3,253,108
3,253,108
3,255,108
3,253,108
3,253,109
3,253,110
3,253,111
3,250,112
3,250,113
3,250,113
3,250,113
3,250,113
3,253,112
3,253,112
3,253,112
3,253,112
3,253,111
4,255,111
4,255,111
4,255,111
4,255,111
4,255,111
4,255,111
3,255,113
3,255,114
3,255,116
3,253,116
3,253,114
3,253,113
3,253,110
3,253,109
3,253,106
3,253,105
3,253,104
3,253,104
3,253,102
3,253,102
3,252,101
3,250,101
3,250,102
3,250,103
3,250,104
3,250,105
3,250,106
3,250,106
3,250,108
3,250,108
3,250,109
3,250,109
3,250,109
3,250,109
3,250,109
3,250,109
3,250,108
3,250,108
3,253,108
3,253,108
3,253,109
3,253,110
3,253,111
3,250,112
3,250,113
3,250,113
3,250,113
3,250,113
3,253,112
3,253,112
3,253,110
3,253,110
3,253,110
3,255,109
3,255,108
4,255,108
4,255,108
3,255,108
3,255,109
3,255,110
3,255,110
3,253,113
3,255,113
3,253,115
3,255,115
3,253,115
3,253,118
3,253,115
3,253,113
3,253,113
3,253,109
3,253,109
3,253,105
3,253,104
3,252,101
3,252,101
3,252,100
3,250,100
3,250,100
3,250,100
3,250,101
3,250,101
3,250,102
3,250,103
3,250,104
3,250,105
3,250,106
3,250,106
3,250,108
3,250,108
3,250,109
3,250,109
3,250,109
3,250,109
3,250,109
3,250,109
3,250,109
3,250,108
3,250,108
3,250,109
3,250,110
3,250,111
3,250,111
3,250,113
3,250,113
3,250,113
3,250,113
3,250,113
3,253,112
3,253,112
3,253,110
3,253,110
3,253,109
3,253,108
3,255,108
3,255,108
3,255,108
3,255,108
3,255,108
3,253,108
3,253,108
3,253,108
3,253,109
3,253,109
3,253,110
3,253,111
3,253,112
3,253,112
3,253,114
3,253,120
3,253,118
3,253,115
3,253,113
3,253,111
3,253,109
3,253,108
3,253,105
3,253,104
3,252,101
3,252,100
3,250,100
3,250,99
3,250,99
3,250,99
3,250,99
3,250,99
3,250,100
3,250,101
3,253,102
3,253,103
3,253,104
3,253,105
3,253,106
3,250,108
3,250,109
3,250,111
3,250,111
3,250,112
3,250,112
3,250,112
3,250,113
3,250,113
3,250,113
3,251,115
3,251,115
3,251,115
3,251,115
3,251,115
3,251,115
3,251,115
3,251,115
3,251,115
3,251,115
3,251,114
3,250,113
3,253,113
3,253,112
3,253,110
3,253,109
3,253,108
3,253,108
3,253,108
3,253,108
3,253,108
3,253,108
3,253,108
3,253,108
3,253,108
3,255,106
3,253,106
3,253,106
3,250,106
3,250,106
3,250,108
3,253,109
3,253,112
3,253,113
3,253,115
4,253,120
3,253,118
3,253,117
3,253,115
3,253,112
3,253,109
3,253,108
3,253,106
3,250,105
3,250,105
3,250,102
3,250,101
3,250,100
3,250,100
3,250,99
3,250,99
3,250,99
3,250,99
3,250,99
3,250,100
3,250,101
3,253,104
3,253,106
3,253,108
3,250,109
3,253,111
3,251,114
3,251,114
3,251,117
3,251,117
3,251,118
3,251,118
3,251,118
3,251,118
3,251,119
3,251,119
3,249,121
3,251,121
3,251,121
3,251,122
3,251,122
3,251,122
3,251,122
4,251,122
4,251,122
4,251,122
3,247,121
4,249,120
4,251,119
4,253,116
3,253,114
3,253,113
3,253,111
3,253,109
3,253,108
3,253,108
3,250,108
3,250,108
3,250,108
3,250,108
3,250,108
3,253,106
3,250,106
3,250,106
3,250,106
3,250,106
3,250,107
3,253,108
3,253,109
3,255,110
3,255,111
3,255,113
3,253,114
3,251,121
3,253,118
3,251,117
3,251,116
3,253,115
3,253,114
3,253,111
3,253,109
3,250,109
3,250,108
3,250,106
3,250,105
3,250,105
3,250,102
3,250,102
3,250,100
3,250,100
3,250,99
3,250,99
3,250,99
3,250,100
3,250,103
3,250,105
3,250,107
3,250,110
3,253,114
3,251,114
3,251,116
3,251,118
3,251,119
3,251,122
3,251,123
3,251,124
3,251,125
3,251,125
3,249,125
3,251,125
3,249,125
3,249,127
3,249,128
3,249,128
3,249,128
3,249,128
3,249,129
3,251,128
3,249,128
3,249,128
3,247,129
3,247,129
3,243,129
4,243,126
3,245,126
4,249,123
4,251,120
4,251,118
3,251,117
3,251,115
3,250,113
3,250,113
3,250,113
3,250,113
3,250,110
3,250,109
3,250,108
3,250,106
3,250,106
3,250,106
3,250,106
3,250,106
3,250,107
3,253,108
3,255,109
3,255,109
3,255,110
3,255,111
3,255,113
3,255,114
3,255,115
3,253,116
3,253,120
3,253,117
3,253,116
3,253,114
3,253,114
3,253,113
3,253,113
3,250,111
3,250,111
3,250,110
3,250,109
3,250,108
3,250,106
3,250,106
3,250,105
3,250,104
3,250,102
3,250,102
3,250,102
3,250,102
3,253,104
3,250,105
3,250,105
3,250,108
3,250,112
3,251,115
3,251,118
3,249,119
3,249,121
3,249,123
3,251,124
3,251,128
3,251,128
3,251,128
3,251,129
3,251,129
3,251,129
3,251,129
3,251,129
3,249,129
3,249,130
3,249,132
3,249,133
3,249,133
3,249,134
3,249,134
3,251,134
3,249,133
3,249,133
3,247,135
3,244,136
3,242,136
3,242,136
4,245,133
4,249,129
3,249,126
3,251,124
3,251,124
4,251,122
3,251,120
3,251,120
3,251,118
3,251,118
3,251,117
3,251,115
3,251,114
3,250,111
3,250,111
3,250,110
3,250,109
3,250,107
3,250,108
3,250,109
3,253,109
3,255,109
3,255,110
3,255,110
4,255,111
4,255,111
3,255,113
3,255,114
3,255,115
3,255,117
3,251,120
3,253,117
3,255,116
3,255,114
3,255,113
3,253,113
3,253,112
3,253,112
3,250,112
3,250,111
3,250,111
3,250,111
3,250,109
3,248,108
3,248,107
3,248,106
3,248,106
3,248,106
3,250,106
3,250,106
3,250,106
3,250,108
3,253,110
3,253,111
3,251,114
3,251,116
3,251,119
3,249,122
3,249,126
3,249,127
3,249,128
3,249,128
3,249,130
3,251,133
3,251,134
3,251,134
3,251,134
3,251,134
3,251,134
3,251,134
3,251,134
3,249,134
3,249,134
3,249,137
3,249,137
3,249,138
3,251,138
3,251,138
3,251,138
3,251,138
3,251,138
3,249,138
3,248,140
3,244,140
3,244,138
3,246,136
3,249,135
3,249,132
3,249,129
3,249,129
3,251,128
3,251,128
3,251,127
3,249,127
3,249,126
3,249,126
3,249,123
3,249,122
3,249,121
3,249,118
3,248,117
3,251,115
3,251,114
3,250,113
3,250,110
3,250,110
3,253,110
3,255,110
4,255,111
4,255,111
4,255,111
3,255,112
3,255,113
3,255,113
3,255,115
3,255,116
3,255,119
3,253,117
3,255,115
3,255,114
3,255,113
3,255,113
3,255,112
3,255,111
3,253,111
3,253,111
3,250,111
3,250,112
3,248,112
3,248,112
3,248,112
3,246,111
3,246,111
3,246,111
3,246,111
3,248,111
3,248,111
3,250,111
3,250,111
3,250,113
3,251,115
3,253,117
3,253,118
3,251,121
3,251,123
3,251,126
3,249,127
3,249,129
3,249,131
3,249,132
3,249,133
3,249,134
3,251,136
3,251,137
3,253,137
3,253,137
3,253,137
3,253,137
3,251,137
3,251,137
3,251,137
3,251,137
3,251,138
3,253,138
3,253,139
3,253,139
3,253,139
3,253,139
3,251,140
3,251,140
3,251,141
3,250,142
3,248,142
3,248,142
3,248,141
3,249,139
3,249,136
3,249,134
3,251,134
3,251,134
3,251,134
3,249,134
3,249,133
3,249,133
3,249,131
3,249,131
3,247,129
3,247,128
3,247,127
3,247,124
3,247,122
3,246,119
3,251,116
3,251,114
3,250,113
3,250,111
3,253,111
3,253,111
4,255,111
4,255,111
3,255,112
3,255,113
3,255,113
3,255,114
3,255,115
3,255,116
3,255,117
3,253,120
4,253,117
3,253,112
4,255,110
3,255,109
3,255,109
3,255,109
3,255,109
3,255,109
3,255,110
3,253,110
3,253,111
3,250,111
3,248,112
3,248,115
3,248,115
3,246,115
3,246,115
3,246,115
3,246,115
3,246,115
3,246,116
3,248,116
3,248,116
3,251,117
3,251,118
3,251,121
3,251,123
3,251,126
3,251,127
3,251,128
3,251,131
3,249,132
3,249,132
3,249,134
3,249,134
3,249,136
3,251,136
3,251,137
3,253,138
3,253,139
3,255,139
3,255,139
3,253,138
3,253,138
3,253,138
3,253,139
3,253,139
3,253,139
3,253,139
3,253,141
3,253,141
3,253,141
3,253,141
3,253,141
3,251,141
3,251,142
3,251,142
3,250,142
3,250,142
3,250,142
3,250,141
3,251,139
3,251,139
3,251,138
3,251,138
3,251,138
3,251,138
3,249,138
3,249,138
3,249,137
3,249,135
3,247,135
3,247,134
3,247,133
3,247,131
3,247,129
3,247,127
3,247,124
3,247,120
3,248,117
3,251,116
3,250,113
3,250,112
3,250,112
3,250,112
3,253,112
3,255,113
3,255,114
3,255,114
3,255,115
3,255,116
3,255,116
3,253,117
3,253,120
3,253,121
3,251,116
3,250,112
3,253,110
3,253,108
3,255,107
3,255,107
3,255,107
3,255,108
3,255,108
3,255,109
3,255,109
3,255,110
3,253,111
3,251,114
3,248,116
3,248,117
3,246,118
3,246,119
3,246,119
3,246,119
3,247,120
3,247,122
3,247,122
3,249,122
3,249,122
3,249,123
3,249,123
3,251,126
3,251,128
3,251,129
3,251,131
3,251,131
3,251,132
3,249,134
3,249,134
3,249,135
3,251,136
3,251,137
3,253,137
3,253,139
3,253,139
3,253,139
3,255,140
3,255,141
3,255,141
3,253,141
3,253,141
3,253,141
3,253,141
3,253,141
3,253,141
3,253,141
3,253,141
3,253,141
3,253,142
3,253,142
3,251,142
3,251,142
3,253,142
3,251,142
3,251,142
3,251,142
3,251,141
3,251,141
3,251,141
3,253,141
3,253,140
3,251,140
3,251,140
3,251,140
3,251,140
3,250,140
3,249,139
3,249,139
3,248,138
3,248,138
3,248,137
3,247,135
3,247,133
3,247,132
3,247,128
3,247,126
3,247,122
3,247,120
3,249,118
3,248,116
3,248,116
3,251,116
3,253,116
3,255,115
3,255,115
3,255,115
3,255,116
3,253,116
3,253,116
3,253,117
3,253,117
3,253,120
3,253,121
3,251,117
3,251,114
3,250,111
3,250,108
3,253,106
3,253,106
3,253,106
3,255,106
3,255,106
3,255,107
3,255,108
3,255,108
3,255,109
4,255,111
3,253,115
3,248,117
3,249,118
3,249,122
3,247,123
3,247,125
3,247,126
3,247,127
3,247,127
3,247,128
3,247,128
3,249,128
3,249,128
3,249,128
3,249,129
3,251,131
3,251,131
3,251,132
3,251,132
3,251,133
3,251,134
3,251,135
3,251,136
3,251,136
3,253,137
3,253,138
3,253,139
3,253,139
3,253,139
3,253,141
3,255,141
3,255,142
3,255,142
3,253,142
3,253,142
3,253,142
3,253,142
3,253,142
3,253,142
3,253,142
3,253,142
3,253,142
3,253,143
3,253,143
3,253,143
3,253,143
3,253,143
3,253,142
3,251,142
3,251,142
3,251,142
3,251,142
3,251,141
3,253,141
3,253,141
3,253,142
3,253,142
3,251,142
3,251,142
3,251,142
3,250,142
3,250,142
3,250,142
3,250,142
3,249,139
3,249,138
3,249,138
3,248,138
3,248,136
3,247,133
3,247,129
3,247,129
3,247,127
3,247,127
3,249,126
3,249,125
3,249,123
3,251,118
3,253,116
3,253,116
3,253,116
3,253,116
3,253,116
3,253,116
3,253,117
3,253,117
3,253,118
3,253,120
3,253,120
3,251,114
3,250,111
3,250,109
3,250,107
3,250,106
3,250,106
3,250,106
3,253,106
3,255,106
3,255,106
3,255,107
3,255,108
3,255,109
3,255,112
3,253,115
3,251,118
3,249,122
3,249,124
3,249,127
3,249,127
3,247,128
3,247,129
3,247,130
3,247,132
3,247,132
3,249,132
3,249,132
3,249,133
3,249,133
3,249,133
3,249,133
3,251,133
3,249,133
3,249,135
3,251,135
3,251,136
3,251,136
3,253,136
3,253,137
3,253,138
3,253,139
3,253,139
3,253,139
3,253,140
3,255,141
3,255,141
3,255,142
3,255,142
3,253,142
3,253,142
3,251,142
3,253,142
3,253,142
3,253,142
3,253,142
3,253,142
3,251,143
3,251,143
3,251,143
3,251,143
3,253,143
3,253,143
3,253,143
3,251,143
3,251,142
3,251,142
3,251,142
3,251,142
3,251,142
3,251,142
3,253,143
3,253,143
3,253,143
3,251,143
3,251,143
3,251,143
3,250,144
3,250,144
3,251,144
3,250,143
3,250,143
3,250,143
3,250,141
3,249,139
3,248,138
3,249,137
3,249,136
3,247,134
3,247,133
3,247,133
3,247,130
3,247,128
3,249,126
3,249,123
3,249,121
3,251,121
3,251,118
3,253,117
3,253,117
3,253,117
3,253,117
3,253,118
3,253,118
3,253,120
3,253,120
3,253,116
3,253,113
4,255,109
3,255,108
3,255,107
3,250,106
3,250,106
3,250,106
3,250,106
3,250,106
3,253,106
3,255,107
3,255,108
3,255,110
3,255,113
4,255,117
4,253,121
3,249,124
3,249,127
3,249,128
3,249,131
3,249,131
3,249,131
3,249,132
3,249,132
3,247,133
3,249,133
3,249,134
3,249,134
3,249,136
3,249,136
3,249,136
3,249,136
3,249,136
3,249,136
3,249,137
3,249,137
3,251,137
3,251,137
3,253,137
3,253,138
3,253,138
3,253,139
3,253,139
3,253,140
3,253,141
3,255,141
3,255,142
3,255,142
3,253,142
3,253,142
3,253,143
3,251,143
3,251,143
3,251,143
3,251,143
3,251,143
3,251,143
3,251,144
3,251,144
3,251,144
3,251,144
3,251,144
3,253,143
3,251,143
3,251,143
3,251,143
3,251,143
3,251,143
3,251,143
3,251,143
3,251,144
3,251,144
3,251,144
3,253,144
3,251,144
3,251,144
3,251,144
3,250,144
3,250,144
3,251,144
3,250,144
3,250,144
3,250,144
3,250,144
3,250,143
3,250,141
3,250,141
3,249,139
3,249,138
3,248,137
3,248,136
3,247,135
3,247,133
3,247,130
3,249,129
3,249,127
3,249,126
3,249,123
3,251,121
3,251,120
3,253,118
3,253,118
3,253,118
3,253,118
3,255,120
3,255,120
3,255,120
4,255,120
3,253,115
3,253,113
3,255,109
3,255,108
3,255,106
3,255,106
3,255,106
3,253,106
3,250,106
3,250,107
3,250,108
3,250,108
3,253,110
3,253,113
3,255,116
3,253,120
3,251,122
3,249,127
3,249,128
3,249,132
3,249,133
3,249,136
3,249,136
3,249,136
3,249,136
3,249,136
3,249,136
3,249,137
3,249,137
3,249,138
3,249,138
3,249,138
3,251,138
3,249,138
3,249,138
3,249,138
3,249,138
3,249,138
3,251,138
3,253,138
3,253,138
3,253,139
3,253,139
3,253,139
3,253,140
3,253,141
3,253,141
3,253,142
3,255,142
3,253,142
3,253,143
3,251,143
3,251,143
3,251,144
3,251,144
3,250,144
3,251,144
3,251,144
3,251,144
3,251,144
3,251,144
3,251,144
3,251,144
3,251,144
3,251,144
3,251,144
3,251,144
3,251,144
3,251,144
3,251,144
3,251,144
3,251,144
3,251,145
3,251,145
3,251,145
3,251,145
3,251,145
3,251,145
3,250,145
3,250,145
3,250,145
3,250,145
3,250,145
3,250,145
3,250,145
3,250,145
3,250,145
3,250,144
3,250,143
3,250,141
3,250,141
3,250,140
3,248,140
3,248,138
3,248,137
3,247,135
3,247,133
3,247,131
3,249,130
3,249,128
3,249,126
3,249,125
3,251,123
3,251,122
3,253,121
3,253,120
3,255,120
3,255,120
4,255,120
4,255,120
4,255,120
3,251,117
3,253,113
3,253,111
3,255,109
3,255,107
3,255,106
3,255,106
3,255,106
3,255,106
3,255,106
3,253,108
3,250,110
3,250,110
3,251,114
3,251,116
3,251,120
3,249,122
3,249,126
3,249,128
3,247,132
3,247,133
3,248,136
3,249,137
3,249,138
3,249,138
3,249,138
3,249,138
3,249,138
3,249,138
3,249,138
3,249,139
3,251,139
3,251,139
3,251,140
3,251,140
3,251,141
3,251,141
3,250,141
3,250,141
3,251,139
3,251,139
3,253,139
3,253,139
3,253,139
3,253,141
3,253,141
3,253,141
3,253,142
3,253,142
3,253,142
3,253,142
3,251,143
3,251,143
3,251,144
3,251,144
3,250,144
3,250,144
3,250,144
3,250,145
3,252,146
3,252,146
3,252,146
3,252,146
3,252,146
3,252,146
3,252,147
3,252,147
3,252,147
3,252,146
3,252,146
3,251,144
3,251,144
3,251,145
3,252,146
3,252,146
3,252,146
3,252,146
3,252,146
3,252,146
3,252,146
3,252,147
3,250,147
3,250,147
3,250,147
3,250,147
3,250,147
3,250,147
3,250,146
3,250,145
3,250,145
3,250,144
3,250,144
3,250,144
3,250,144
3,250,144
3,248,142
3,248,141
3,248,139
3,248,137
3,247,135
3,247,134
3,249,132
3,249,132
3,249,131
3,251,129
3,251,126
3,253,124
3,253,123
3,255,121
3,255,120
4,255,120
4,255,120
4,255,120
4,255,120
4,255,120
3,251,115
3,250,112
3,250,109
3,253,107
3,255,106
3,255,106
3,255,106
3,255,106
3,255,106
3,255,108
3,255,110
3,253,110
3,253,114
3,251,116
3,249,120
3,249,122
3,249,126
3,249,127
3,247,130
3,247,133
3,248,136
2,248,137
2,248,138
3,249,139
3,250,141
3,250,141
3,250,141
3,250,141
3,250,140
3,250,140
3,250,141
3,250,141
3,250,141
3,250,142
3,251,142
3,251,142
3,251,142
3,250,142
3,250,142
3,250,141
3,250,141
3,251,141
3,253,141
3,253,141
3,253,141
3,253,142
3,251,142
3,251,143
3,251,144
3,251,144
3,253,144
3,253,144
3,251,144
3,251,144
3,251,144
3,251,144
3,250,144
3,250,144
3,250,145
3,250,146
3,252,147
3,252,147
3,252,147
3,252,147
3,252,147
3,252,147
3,252,147
3,252,147
3,252,147
3,250,147
3,250,147
3,250,147
3,250,146
3,252,146
3,252,146
3,252,146
3,252,146
3,252,146
3,253,147
3,252,147
3,252,147
3,252,147
3,252,148
3,250,148
3,250,148
3,250,147
3,250,147
3,250,147
3,250,147
3,250,147
3,250,147
3,250,146
3,250,146
3,250,145
3,250,145
3,250,145
3,248,145
3,248,144
3,248,144
3,248,141
3,248,140
3,248,139
3,249,137
3,249,137
3,249,135
3,249,133
3,249,131
3,249,129
3,251,126
3,253,124
3,255,123
3,255,121
4,255,120
4,255,120
4,255,120
4,255,120
4,255,120
3,251,116
3,250,112
3,250,110
3,250,107
3,250,107
3,250,106
3,253,106
3,255,106
3,255,106
3,255,106
3,255,109
3,255,110
3,255,114
3,253,116
3,251,120
3,249,122
3,249,126
3,247,127
3,247,129
3,247,132
3,247,134
2,248,137
2,248,138
3,249,139
3,250,141
3,250,141
3,250,141
3,250,141
3,250,141
3,250,141
3,250,142
3,250,142
3,250,142
3,250,142
3,250,143
3,250,143
3,251,145
3,251,143
3,251,143
3,251,143
3,251,143
3,250,142
3,251,142
3,253,142
3,253,142
3,253,142
3,251,143
3,251,143
3,251,144
3,251,144
3,251,144
3,251,145
3,251,145
3,251,145
3,251,145
3,251,144
3,251,144
3,251,144
3,251,144
3,251,145
3,250,146
3,252,147
3,252,147
3,252,148
3,252,148
3,252,148
3,252,148
3,252,148
3,252,148
3,252,148
3,252,148
3,252,148
3,252,148
3,252,148
3,252,148
3,252,148
3,252,148
3,252,148
3,253,148
3,253,148
3,253,148
3,253,148
3,253,148
3,252,148
3,252,148
3,250,148
3,250,148
3,250,148
3,250,148
3,250,148
3,250,148
3,250,148
3,250,148
3,252,147
3,252,147
3,252,147
3,250,147
3,250,147
3,250,147
3,248,146
3,248,146
3,248,145
3,248,144
3,248,144
3,250,141
3,250,140
3,249,139
3,249,137
3,249,135
3,249,133
3,251,131
3,251,128
3,253,126
3,255,124
3,255,121
4,255,120
4,255,120
4,255,120
4,255,119
4,255,120
4,255,120
3,253,116
3,250,112
3,250,110
3,250,107
3,250,107
3,250,106
3,250,106
3,253,106
3,253,107
3,255,109
3,255,110
3,255,114
3,255,116
3,253,120
3,251,122
3,249,125
3,249,127
3,247,129
3,247,132
3,247,134
2,248,137
2,248,138
3,249,139
3,250,140
3,250,141
3,250,141
3,251,141
3,251,142
3,251,142
3,250,142
3,250,142
3,250,143
3,250,144
3,250,146
3,250,147
3,250,147
3,250,147
3,250,147
3,252,146
3,252,146
3,252,146
3,251,145
3,251,144
3,251,144
3,251,143
3,251,143
3,251,144
3,251,144
3,251,144
3,252,146
3,252,146
3,252,146
3,252,146
3,252,146
3,252,146
3,252,146
3,252,146
3,250,146
3,250,146
3,252,146
3,252,146
3,252,147
3,252,148
3,252,148
3,252,149
3,252,149
3,252,149
3,252,149
3,252,148
3,252,148
3,252,148
3,252,148
3,252,148
3,252,148
3,252,149
3,252,148
3,252,148
3,252,148
3,253,148
3,253,148
3,253,148
3,253,148
3,253,148
3,253,148
3,252,149
3,252,149
3,252,149
3,252,149
3,250,149
3,250,149
3,250,148
3,250,148
3,252,148
3,252,148
3,252,148
3,252,149
3,252,148
3,252,148
3,250,148
3,250,148
3,248,148
3,248,148
3,248,148
3,248,147
3,248,146
3,248,145
3,250,144
3,250,143
3,250,140
3,249,139
3,249,137
3,249,135
3,251,133
3,251,129
3,253,127
4,255,124
3,255,121
4,255,120
4,255,120
4,255,120
4,255,120
3,253,120
3,253,121
3,253,115
4,253,112
3,253,110
3,253,107
3,250,107
3,250,106
3,250,107
3,250,107
3,250,108
3,253,110
3,253,114
3,253,116
3,251,119
3,253,122
3,251,126
3,249,128
3,249,129
3,249,132
3,247,134
3,248,137
3,248,138
3,249,139
3,250,140
3,250,141
3,251,141
3,251,142
3,251,142
3,251,142
3,251,142
3,251,142
3,251,143
3,250,144
3,250,146
3,250,147
3,250,147
3,250,147
3,250,148
3,250,148
3,250,147
3,252,147
3,252,147
3,252,147
3,252,146
3,252,146
3,253,145
3,253,145
3,253,145
3,251,145
3,252,146
3,252,146
3,252,147
3,252,148
3,252,148
3,252,148
3,252,148
3,252,148
3,252,148
3,252,147
3,252,147
3,252,146
3,252,147
3,252,147
3,252,148
3,252,149
3,252,149
3,252,149
3,252,150
3,252,150
3,252,150
3,253,150
3,253,150
3,253,150
3,253,150
3,252,150
3,252,149
3,252,149
3,252,149
3,252,149
3,252,149
3,253,149
3,253,149
3,253,149
3,253,149
3,253,149
3,253,149
3,253,149
3,252,149
3,252,149
3,252,149
3,252,149
3,252,149
3,252,149
3,252,149
3,252,149
3,252,149
3,252,149
3,252,149
3,252,149
3,252,149
3,252,149
3,250,149
3,248,149
3,248,149
3,248,149
3,248,149
3,248,148
3,248,147
3,248,146
3,248,145
3,250,144
3,250,143
3,250,141
3,249,139
3,249,137
3,251,135
4,251,130
3,253,127
3,253,125
4,255,122
3,255,121
4,255,120
4,255,120
3,253,120
3,253,121
3,253,122
3,253,114
4,253,111
4,255,109
4,255,108
3,255,107
3,253,107
3,253,107
3,253,108
3,253,110
3,253,113
3,253,115
3,251,119
3,251,121
3,251,125
3,251,127
3,249,131
3,249,132
3,249,134
3,249,137
3,248,138
3,248,138
3,250,140
3,250,141
3,251,142
3,251,142
3,251,142
3,251,142
3,251,142
3,251,142
3,251,143
3,251,143
3,250,144
3,250,146
3,250,147
3,250,147
3,250,147
3,250,148
3,250,148
3,250,148
3,250,148
3,252,148
3,252,147
3,252,147
3,252,147
3,252,147
3,253,146
3,253,146
3,253,146
3,252,146
3,252,147
3,252,148
3,252,148
3,252,149
3,252,149
3,252,149
3,252,149
3,252,149
3,250,149
3,252,148
3,252,148
3,252,148
3,252,148
3,252,149
3,252,149
3,252,149
3,252,149
3,252,150
3,252,150
3,252,150
3,253,150
3,253,150
3,253,150
3,253,150
3,253,150
3,252,150
3,252,150
3,252,150
3,252,150
3,252,149
3,252,149
3,252,149
3,252,149
3,253,149
3,253,149
3,253,149
3,253,149
3,252,149
3,252,150
3,252,150
3,252,150
3,252,150
3,252,150
3,253,150
3,253,150
3,252,149
3,252,149
3,252,149
3,252,150
3,252,150
3,252,150
3,252,150
3,252,150
3,248,150
3,248,149
3,248,149
3,248,149
3,248,149
3,248,149
3,248,149
3,248,148
3,250,148
3,250,146
3,250,144
3,250,143
3,250,140
3,251,139
3,251,135
3,251,133
4,253,129
3,253,127
3,253,125
3,255,122
3,253,122
3,253,122
3,253,122
3,253,124
3,253,124
4,253,112
3,253,110
3,253,109
3,255,108
3,255,108
3,255,108
3,253,108
3,253,110
3,253,112
3,253,114
3,251,116
3,251,121
3,251,125
3,251,127
3,251,131
3,251,132
3,249,134
3,249,136
3,249,138
3,249,138
3,250,140
3,250,141
3,251,142
3,251,142
3,251,143
3,251,144
3,251,144
3,251,144
3,251,144
3,253,143
3,251,144
3,251,144
3,250,146
3,250,147
3,250,147
3,250,148
3,250,148
3,250,148
3,252,148
3,252,148
3,252,149
3,252,149
3,252,148
3,252,148
3,252,148
3,253,148
3,253,148
3,253,148
3,253,148
3,253,148
3,253,148
3,252,149
3,252,150
3,252,150
3,252,150
3,252,150
3,252,150
3,250,150
3,250,150
3,250,150
3,250,150
3,252,150
3,252,150
3,252,149
3,252,150
3,252,150
3,253,150
3,253,150
3,253,150
3,253,151
3,253,152
3,253,152
3,253,153
3,253,153
3,253,153
3,253,152
3,252,152
3,252,152
3,252,150
3,252,150
3,252,150
3,252,150
3,252,150
3,252,150
3,252,150
3,253,150
3,253,150
3,252,152
3,252,152
3,252,150
3,252,150
3,253,150
3,253,150
3,255,150
3,255,150
3,253,150
3,253,150
3,252,150
3,252,150
3,252,150
3,252,150
3,252,150
3,252,150
3,250,150
3,248,150
3,248,150
3,248,150
3,248,150
3,248,149
3,248,149
3,248,149
3,250,149
3,250,149
3,250,148
3,251,145
3,251,143
3,251,143
3,251,141
3,251,138
3,251,135
3,251,132
3,253,129
3,253,127
3,253,126
3,253,125
3,253,125
3,253,125
3,253,125
3,255,126
3,251,115
3,253,112
3,253,109
3,253,108
3,253,108
3,255,108
3,255,108
3,255,110
3,253,110
3,253,113
3,253,116
3,253,119
3,251,123
3,251,126
3,251,128
3,251,131
3,251,133
3,251,136
3,249,138
3,251,138
3,251,141
3,251,141
3,251,142
3,251,143
3,251,143
3,251,144
3,251,144
3,251,144
3,251,144
3,251,144
3,251,144
3,251,144
3,251,144
3,250,145
3,250,147
3,250,147
3,250,148
3,250,148
3,250,148
3,252,148
3,252,149
3,252,149
3,252,149
3,252,149
3,252,149
3,252,149
3,252,149
3,252,148
3,253,148
3,253,148
3,253,148
3,253,149
3,253,150
3,253,150
3,252,150
3,252,150
3,252,150
3,252,151
3,252,151
3,252,151
3,252,151
3,252,150
3,252,150
3,252,150
3,252,150
3,252,150
3,252,150
3,253,150
3,253,150
3,255,150
3,253,152
3,253,152
3,253,152
3,253,153
3,253,153
3,253,153
3,253,153
3,253,153
3,253,153
3,253,153
3,252,152
3,252,150
3,252,150
3,252,150
3,252,150
3,252,150
3,252,150
3,252,150
3,252,152
3,252,152
3,252,152
3,252,152
3,253,150
3,253,150
3,255,150
3,255,150
3,255,150
3,253,150
3,253,150
3,253,150
3,252,150
3,252,150
3,252,150
3,252,150
3,252,150
3,250,150
3,250,150
3,250,150
2,248,150
3,248,150
3,248,150
3,248,150
3,248,150
3,250,149
3,250,149
3,250,149
3,250,148
3,252,147
3,250,145
3,250,144
3,250,142
3,250,140
3,249,137
3,249,135
3,251,132
3,251,131
3,251,128
3,251,127
3,251,127
3,253,127
3,253,127
3,255,127
3,255,127
3,253,115
3,253,111
3,253,108
3,253,108
3,253,108
3,253,108
3,255,108
3,255,109
3,255,112
3,253,115
3,253,119
3,253,122
3,253,125
3,251,127
3,251,131
3,251,132
3,251,135
3,251,137
3,251,138
3,251,139
3,251,141
3,251,142
3,251,143
3,251,143
3,250,144
3,252,146
3,252,146
3,252,147
3,252,147
3,252,146
3,252,146
3,252,146
3,252,146
3,252,146
3,250,148
3,250,148
3,250,148
3,250,148
3,250,148
3,252,149
3,252,149
3,252,149
3,252,149
3,252,150
3,252,150
3,252,150
3,252,150
3,252,149
3,252,149
3,253,149
3,253,149
3,253,150
3,253,150
3,255,150
3,253,150
3,253,150
3,253,152
3,253,152
3,253,152
3,253,152
3,252,152
3,252,152
3,252,152
3,252,152
3,252,152
3,252,152
3,252,150
3,252,150
3,253,150
3,253,151
3,255,152
3,253,152
3,253,152
3,253,153
3,253,153
3,253,153
3,253,153
3,255,153
3,253,153
3,253,153
3,253,153
3,252,153
3,252,152
3,252,150
3,252,150
3,252,150
3,252,150
3,252,152
3,252,152
3,253,152
3,253,152
3,253,152
3,253,152
3,253,152
3,255,152
3,255,150
3,255,150
3,255,150
3,253,151
3,253,151
3,253,150
3,253,151
3,253,150
3,253,150
3,252,152
3,252,152
3,252,152
3,250,152
3,250,152
3,250,152
3,250,151
3,250,151
3,250,151
3,250,150
3,252,150
3,252,150
3,252,150
3,252,150
3,252,149
3,250,149
3,250,147
3,250,145
3,248,145
3,248,142
3,248,140
3,249,137
3,249,134
3,249,132
3,251,131
3,251,130
3,251,129
3,253,129
3,253,129
3,255,129
3,255,128
3,253,115
3,253,111
3,253,107
3,253,106
3,253,106
3,253,107
3,253,108
3,253,109
3,253,112
3,253,115
3,253,120
3,253,124
3,253,127
3,253,130
3,253,132
3,253,135
3,253,137
3,253,138
3,253,139
3,253,139
3,251,141
3,251,142
3,251,143
3,251,145
3,252,146
3,250,147
3,252,147
3,252,147
3,252,147
3,252,148
3,252,148
3,252,148
3,252,148
3,252,149
3,252,149
3,250,149
3,250,149
3,248,149
3,248,149
3,252,149
3,252,149
3,252,149
3,252,150
3,252,150
3,252,150
3,252,150
3,252,150
3,252,150
3,252,150
3,252,150
3,252,150
3,253,150
3,253,150
3,255,150
3,255,150
3,255,152
3,255,152
3,253,152
3,253,152
3,253,153
3,253,153
3,253,153
3,252,153
3,252,153
3,252,153
3,252,153
3,252,152
3,252,152
3,252,152
3,253,152
3,255,152
3,255,152
3,255,152
3,255,152
3,255,153
3,255,153
3,255,153
3,255,153
3,255,153
3,253,153
3,253,153
3,253,153
3,253,153
3,252,153
3,252,151
3,252,150
3,252,150
3,252,151
3,252,152
3,252,152
3,253,152
3,253,152
3,253,152
3,253,152
3,255,152
3,255,152
3,255,152
3,255,151
3,255,151
3,255,151
3,255,151
3,255,151
3,255,151
3,255,152
3,253,152
3,253,152
3,253,152
3,252,152
3,252,153
3,252,153
3,252,152
3,250,153
3,250,153
3,250,151
3,252,151
3,253,151
3,253,151
3,253,151
3,252,151
3,252,151
3,252,150
3,250,149
3,250,149
3,248,148
3,248,146
3,248,145
3,248,141
3,248,139
3,249,137
3,249,135
3,251,133
3,251,133
3,251,131
3,251,131
3,253,130
3,253,129
3,253,129
3,251,115
3,253,111
3,253,107
3,253,106
3,253,106
3,253,106
3,253,108
3,253,109
3,253,112
3,253,115
3,253,121
3,251,125
3,251,128
3,251,131
3,251,133
3,251,135
3,253,137
3,253,138
3,253,138
3,253,139
3,253,141
3,253,142
3,251,144
3,252,146
3,252,146
3,252,147
3,250,147
3,252,147
3,252,148
3,252,148
3,253,148
3,253,148
3,253,149
3,253,149
3,253,149
3,252,149
3,252,149
3,252,149
3,252,149
3,252,149
3,252,149
3,252,149
3,252,150
3,252,150
3,252,151
3,252,152
3,252,152
3,252,152
3,252,152
3,252,153
3,252,153
3,252,152
3,253,152
3,255,152
3,255,152
3,255,152
3,255,152
3,255,152
3,255,153
3,255,153
3,255,153
3,255,153
3,255,153
3,255,153
3,253,153
3,252,153
3,252,153
3,252,153
3,252,153
3,253,153
3,255,152
3,255,152
3,255,152
3,255,152
3,255,153
3,255,153
3,255,153
3,255,153
3,255,153
3,255,153
3,255,153
3,255,153
3,253,153
3,253,153
3,253,152
3,253,151
3,252,150
3,252,150
3,252,151
3,253,152
3,253,152
3,253,152
3,253,152
3,255,152
3,255,152
3,255,152
3,255,152
3,255,152
3,255,152
3,255,152
3,253,152
3,255,152
3,255,152
3,255,152
3,255,152
3,255,152
3,255,153
3,253,153
3,253,153
3,252,153
3,252,153
3,252,153
3,252,153
3,252,153
3,253,153
3,253,153
3,253,152
3,253,152
3,253,152
3,253,152
3,253,152
3,252,152
3,252,151
3,250,150
3,250,150
3,248,149
3,248,148
3,248,146
3,248,144
3,250,141
3,249,139
3,249,137
3,251,134
3,251,134
3,251,133
3,251,131
3,253,131
3,253,130
3,253,129
3,251,114
3,250,110
3,253,106
3,253,105
3,253,105
3,253,106
3,253,106
3,253,108
3,253,111
3,253,115
3,253,121
3,251,125
3,251,129
3,251,132
3,251,134
3,251,136
3,251,137
3,253,138
3,253,139
3,253,139
3,253,141
3,253,143
3,253,145
3,253,146
3,252,147
3,252,147
3,252,147
3,252,148
3,252,148
3,252,148
3,253,149
3,253,149
3,253,149
3,253,149
3,253,150
3,253,150
3,252,150
3,252,150
3,252,150
3,252,149
3,252,149
3,252,149
3,252,150
3,252,150
3,252,150
3,252,152
3,252,152
3,252,152
3,252,152
3,252,153
3,252,153
3,252,153
3,253,153
3,255,153
3,255,153
3,255,152
3,255,152
3,255,153
3,255,153
3,255,153
3,255,153
3,255,153
3,255,153
3,255,153
3,255,153
3,255,153
3,253,153
3,252,153
3,253,153
3,253,153
3,253,153
3,253,153
3,253,153
3,253,153
3,253,153
3,253,153
3,253,153
3,253,153
3,255,153
3,255,153
3,255,153
3,255,153
3,255,153
3,253,153
3,253,153
3,253,152
3,253,151
3,253,150
3,252,150
3,255,150
3,255,152
3,253,152
3,255,152
3,255,152
3,255,152
3,255,152
3,255,152
3,255,152
3,255,153
3,255,153
3,255,152
3,253,152
3,253,152
3,253,152
3,255,152
3,255,152
3,255,152
3,255,153
3,255,153
3,255,153
3,255,153
3,255,154
3,253,154
3,253,154
3,253,154
3,253,153
3,253,153
3,253,153
3,253,153
3,255,153
3,253,153
3,253,152
3,253,152
3,253,152
3,252,152
3,252,151
3,248,150
3,248,150
3,248,148
3,248,147
3,250,146
3,250,143
3,250,140
3,251,138
3,251,137
3,251,135
3,251,134
3,253,133
3,253,132
3,253,131
3,251,131
3,251,114
3,253,110
3,253,105
3,253,103
3,253,103
3,253,104
3,253,105
3,255,107
3,253,109
3,253,114
3,253,121
3,251,125
3,249,129
3,249,132
3,249,135
3,251,137
3,251,138
3,253,138
3,253,139
3,253,139
3,253,140
3,253,143
3,253,145
3,253,147
3,253,147
3,252,148
3,252,148
3,252,148
3,252,149
3,252,149
3,253,149
3,253,149
3,253,149
3,253,150
3,253,150
3,253,150
3,253,150
3,252,150
3,252,150
3,252,150
3,252,150
3,252,150
3,252,150
3,252,150
3,252,150
3,252,152
3,253,152
3,255,152
3,255,152
3,255,153
3,255,153
3,255,153
3,253,153
3,255,153
3,255,153
3,255,153
3,255,153
3,255,153
3,255,153
3,255,153
3,255,153
3,255,153
3,255,153
3,255,153
3,255,153
3,255,153
3,255,153
3,255,153
3,255,153
3,255,153
3,255,153
3,253,153
3,253,153
3,253,153
3,253,153
3,252,154
3,252,154
3,252,154
3,253,154
3,253,153
3,255,153
3,255,153
3,255,153
3,255,153
3,253,153
3,253,153
3,253,152
3,253,152
3,255,152
3,255,150
3,255,152
3,255,152
3,255,152
3,255,152
3,255,152
3,255,152
3,255,152
3,255,152
3,255,153
3,255,153
3,255,153
3,255,153
3,253,153
3,253,153
3,253,153
3,253,153
3,253,153
3,253,153
3,255,153
3,255,153
3,255,154
3,255,154
4,255,154
4,255,154
4,255,154
3,255,154
3,255,154
3,255,154
3,255,154
3,253,154
3,255,153
3,253,153
3,255,153
3,255,153
3,255,153
3,253,152
3,253,152
3,253,151
3,253,150
3,252,150
3,252,149
3,252,148
3,252,147
3,251,145
3,251,143
3,251,139
3,251,137
3,251,137
3,251,135
3,251,135
3,251,132
3,251,132
3,251,131
3,251,114
4,253,110
3,253,105
3,253,103
3,253,102
3,250,103
3,250,104
3,253,106
3,255,109
3,255,114
3,253,119
3,253,124
3,251,129
3,249,132
3,249,136
3,251,137
3,251,138
3,251,138
3,251,139
3,251,139
3,251,141
3,251,143
3,253,147
3,253,147
3,253,148
3,253,148
3,252,148
3,252,149
3,252,149
3,252,149
3,253,149
3,255,150
3,255,150
3,255,150
3,255,150
3,255,150
3,255,152
3,255,152
3,253,150
3,252,150
3,252,150
3,252,150
3,252,150
3,252,150
3,252,150
3,252,150
3,253,152
3,255,152
3,255,152
3,255,153
3,255,153
3,255,153
3,255,153
3,255,153
3,255,153
3,255,153
3,255,153
3,255,153
3,255,153
3,255,153
3,255,153
3,255,153
3,255,153
3,255,153
3,255,153
3,255,153
3,255,153
3,253,153
3,253,153
3,253,153
3,255,153
3,255,153
3,253,153
3,253,153
3,253,153
3,252,154
3,252,154
3,252,154
3,252,154
3,252,154
3,253,154
3,253,153
3,253,153
3,253,153
3,253,153
3,253,153
3,253,153
3,253,152
3,255,152
3,255,152
3,255,152
3,255,152
3,255,152
3,255,152
3,255,152
3,255,152
3,255,153
3,255,153
3,255,153
3,255,153
3,255,153
3,255,153
3,255,153
3,253,153
3,253,153
3,253,153
3,253,153
3,253,153
3,253,153
3,255,153
3,255,154
4,255,154
3,255,155
3,255,155
3,255,155
3,255,155
3,255,155
3,255,155
3,255,154
3,255,154
3,253,154
3,253,154
3,253,153
3,255,153
3,255,153
3,255,153
3,255,153
3,253,153
3,253,152
3,253,151
3,253,150
3,252,150
3,252,150
3,252,149
3,252,148
3,252,146
3,251,144
3,251,141
3,251,139
3,251,137
3,251,136
3,251,135
3,251,134
3,251,133
3,251,132
3,251,115
3,250,110
3,253,105
4,253,103
3,253,102
3,253,102
3,250,103
3,250,105
3,253,108
3,253,112
3,253,117
3,253,123
3,253,128
3,251,132
3,249,136
3,251,138
3,251,139
3,251,139
3,251,140
3,251,141
3,251,142
3,251,143
3,252,147
3,252,148
3,253,149
3,253,149
3,253,149
3,253,149
3,252,150
3,252,150
3,253,150
3,253,150
3,255,152
3,255,152
3,255,152
3,255,152
3,255,152
3,255,152
3,255,152
3,255,151
3,253,150
3,253,150
3,252,150
3,252,150
3,252,150
3,252,150
3,253,151
3,253,152
3,255,152
3,255,152
3,255,153
3,255,153
3,255,153
3,255,153
3,255,153
3,255,153
3,255,153
3,255,153
3,255,154
3,253,154
3,253,154
3,253,154
3,253,153
3,253,153
3,253,153
3,255,153
3,255,153
3,253,153
3,253,154
3,253,154
3,253,154
3,255,153
3,253,153
3,253,153
3,253,153
3,253,154
3,252,154
3,252,154
3,252,154
3,252,155
3,252,155
3,253,154
3,253,154
3,253,154
3,253,153
3,253,153
3,253,153
3,253,153
3,255,153
3,255,152
3,255,152
3,255,152
3,255,152
3,255,152
3,253,153
3,255,152
3,253,153
3,253,153
3,253,153
3,255,153
3,255,153
3,255,153
3,255,153
3,255,153
3,253,153
3,253,153
3,253,153
3,253,153
3,253,153
3,255,153
3,255,153
3,255,154
3,255,155
3,255,155
3,255,155
3,255,155
3,255,155
3,255,155
3,255,155
3,255,155
3,255,155
3,253,155
3,253,154
3,253,154
3,255,154
3,255,153
3,255,153
3,255,153
3,255,153
3,253,153
3,253,153
3,253,152
3,253,150
3,252,150
3,252,150
3,252,150
3,252,148
3,252,146
3,251,144
3,251,142
3,251,139
3,251,139
3,251,137
3,251,136
3,251,135
3,251,133
3,251,132
3,251,116
3,250,111
3,250,106
3,253,103
3,253,102
3,253,102
3,253,102
3,253,105
3,253,108
3,253,112
3,253,116
3,253,122
3,251,128
3,251,131
3,249,136
3,249,138
3,250,140
3,251,141
3,251,141
3,251,142
3,251,143
3,250,144
3,250,147
3,250,148
3,252,149
3,252,149
3,253,150
3,253,150
3,253,150
3,253,150
3,253,152
3,253,152
3,253,152
3,255,152
3,255,153
3,255,153
3,255,153
3,255,153
3,255,153
3,255,153
3,255,152
3,255,152
3,253,151
3,253,150
3,252,150
3,252,150
3,253,151
3,253,152
3,253,152
3,255,152
3,255,152
3,255,153
3,255,153
3,255,153
3,255,153
3,255,153
3,255,153
3,255,153
3,255,154
3,253,154
3,253,154
3,253,154
3,253,154
3,253,154
3,253,154
3,253,153
3,253,153
3,253,153
3,253,154
3,253,154
3,253,154
3,253,154
3,253,154
3,253,154
3,253,154
3,253,154
3,253,154
3,252,154
3,252,155
3,252,155
3,252,155
3,252,155
3,253,155
3,253,155
3,253,154
3,253,154
3,253,154
3,253,153
3,253,153
3,253,153
3,253,153
3,253,153
3,255,153
3,253,153
3,253,153
3,253,153
3,253,153
3,253,153
3,253,153
3,253,153
3,253,153
3,253,153
3,253,153
3,255,153
3,255,153
3,255,153
3,253,153
3,253,153
3,253,153
3,253,153
3,255,153
3,255,154
3,255,154
3,255,155
3,255,155
3,255,155
3,255,155
3,255,155
3,255,155
3,255,155
3,255,155
3,253,157
3,253,156
3,253,156
3,253,155
3,253,154
3,255,154
3,255,153
3,255,153
3,255,153
3,253,153
3,253,153
3,253,153
3,253,152
3,253,151
3,252,150
3,252,150
3,252,150
3,250,148
3,250,147
3,250,145
3,250,143
3,251,140
3,251,139
3,251,138
3,251,136
3,251,135
3,251,133
3,251,133
3,251,117
3,250,111
3,250,107
3,253,104
3,253,102
3,253,102
3,253,102
3,253,105
3,253,108
3,253,112
3,253,116
3,251,122
3,251,127
3,251,131
3,251,135
3,249,138
3,250,141
3,251,142
3,251,142
3,251,143
3,251,144
3,252,146
3,250,148
3,250,149
3,250,149
3,252,149
3,252,150
3,253,152
3,253,152
3,253,152
3,253,153
3,253,153
3,253,153
3,253,153
3,255,153
3,255,153
3,255,153
3,255,153
3,255,153
3,255,153
3,255,153
3,255,153
3,255,152
3,255,152
3,253,151
3,253,151
3,253,151
3,253,152
3,253,152
3,253,152
3,255,152
3,255,152
3,255,153
3,255,153
3,255,153
3,255,153
3,255,153
3,255,153
3,255,153
3,253,153
3,253,154
3,253,154
3,253,154
3,253,154
3,253,154
3,253,154
3,253,154
3,253,153
3,253,153
3,253,154
3,253,154
3,253,154
3,253,154
3,253,154
3,253,154
3,253,154
3,253,154
3,253,154
3,253,155
3,252,155
3,252,155
3,252,155
3,253,155
3,253,155
3,253,155
3,253,155
3,253,155
3,252,155
3,252,155
3,252,155
3,253,154
3,253,153
3,253,153
3,253,153
3,253,153
3,253,153
3,253,153
3,253,153
3,253,153
3,253,153
3,253,153
3,253,153
3,253,153
3,253,153
3,253,153
3,255,153
3,255,153
3,255,153
3,253,153
3,253,153
3,253,153
3,253,154
3,255,154
3,255,155
3,255,156
3,255,157
3,255,157
3,255,157
3,253,158
3,253,158
3,253,158
3,253,158
3,253,157
3,253,157
3,253,157
3,253,157
3,255,156
3,255,155
3,255,154
3,255,154
3,255,153
3,253,153
3,253,153
3,253,153
3,253,153
3,253,153
3,253,152
3,252,151
3,252,150
3,250,150
3,250,149
3,250,147
3,250,145
3,250,144
3,251,142
3,250,140
3,251,139
3,251,137
3,251,136
3,251,135
3,251,133
3,250,113
3,250,108
3,250,104
3,253,103
3,253,102
3,253,103
3,255,105
3,253,108
3,253,112
3,253,116
3,253,122
3,251,127
3,251,131
3,251,135
3,251,137
3,251,141
3,251,142
3,251,143
3,251,144
3,251,145
3,252,147
3,252,147
3,252,148
3,252,149
3,252,150
3,252,150
3,252,152
3,253,152
3,253,153
3,253,153
3,253,153
3,253,153
3,253,153
3,253,153
3,255,153
3,255,153
3,255,153
3,255,153
3,255,153
3,255,153
3,255,153
3,255,153
3,255,152
3,255,152
3,255,152
3,253,152
3,253,152
3,253,152
3,253,152
3,255,152
3,255,152
3,255,152
3,255,153
3,255,153
3,255,153
3,255,153
3,255,153
3,255,153
3,255,153
3,255,153
3,253,153
3,253,154
3,253,154
3,253,154
3,253,154
3,253,154
3,253,154
3,253,153
3,253,153
3,253,153
3,253,154
3,253,154
3,253,154
3,253,154
3,253,154
3,253,154
3,253,154
3,253,155
3,253,155
3,253,155
3,253,155
3,253,155
3,253,155
3,253,155
3,253,155
3,253,155
3,253,155
3,252,155
3,252,155
3,252,155
3,252,155
3,253,154
3,253,153
3,253,153
3,253,153
3,253,153
3,253,153
3,253,153
3,253,153
3,253,153
3,253,153
3,253,153
3,253,153
3,253,153
3,255,153
3,255,153
3,255,153
3,255,153
3,255,153
3,253,153
3,253,154
3,253,154
3,253,155
3,255,157
3,255,157
3,255,158
3,255,158
3,253,158
3,253,158
3,253,158
3,253,158
3,253,158
3,253,158
3,253,158
3,253,158
3,253,157
3,253,157
3,255,156
3,255,156
3,255,155
3,255,154
3,253,154
3,253,153
3,253,153
3,253,153
3,253,153
3,253,153
3,252,153
3,252,152
3,250,150
3,250,150
3,250,149
3,250,148
3,250,147
3,250,145
3,250,143
3,250,140
3,249,139
3,251,137
3,249,136
3,249,135
3,250,113
3,250,108
3,250,105
3,250,103
3,250,102
3,253,103
3,253,105
3,255,108
3,253,112
3,253,116
3,253,123
3,251,128
3,251,131
3,251,135
3,251,137
3,251,138
3,251,141
3,251,143
3,251,145
3,252,146
3,252,147
3,252,148
3,252,148
3,250,149
3,252,150
3,252,151
3,252,152
3,253,152
3,253,152
3,253,153
3,253,153
3,253,153
3,253,153
3,253,153
3,255,153
3,255,153
3,255,153
3,255,153
3,255,153
3,255,153
3,255,153
3,255,153
3,255,153
3,255,153
3,255,152
3,255,152
3,253,152
3,253,152
3,253,153
3,253,153
3,255,153
3,255,152
3,255,153
3,255,153
3,255,153
3,255,153
3,255,153
3,255,153
3,255,153
3,255,153
3,255,153
3,255,153
3,253,153
3,253,154
3,253,154
3,252,154
3,252,154
3,252,154
3,253,153
3,253,153
3,253,153
3,255,153
3,253,154
3,253,154
3,253,154
3,253,155
3,253,155
3,253,155
3,253,155
3,253,156
3,253,157
3,253,157
3,255,157
3,255,157
3,255,157
3,253,157
3,253,157
3,253,157
3,252,157
3,252,156
3,252,156
3,252,155
3,252,155
3,253,154
3,253,154
3,253,153
3,253,153
3,255,153
3,255,153
3,255,153
3,253,153
3,253,153
3,253,153
3,253,153
3,253,153
3,253,153
3,255,153
3,255,153
3,255,153
3,255,153
3,253,154
3,253,154
3,253,154
3,253,157
3,255,157
3,255,158
3,255,158
3,253,158
3,253,158
3,253,159
3,253,159
3,253,159
3,253,159
3,253,159
3,253,158
3,253,158
3,253,158
3,253,158
3,253,157
3,253,157
3,253,157
3,255,156
3,255,155
3,253,154
3,253,154
3,253,154
3,253,153
3,253,153
3,253,153
3,253,153
3,252,152
3,252,152
3,250,150
3,250,149
3,250,149
3,250,148
3,250,147
3,250,144
3,250,142
3,251,139
3,249,137
3,249,136
3,249,135
3,251,114
3,250,109
3,250,105
3,250,104
3,250,103
3,250,104
3,253,105
3,253,108
3,253,113
3,253,118
3,253,124
3,251,129
3,251,134
3,251,135
3,251,137
3,251,138
3,251,141
3,251,142
3,251,145
3,252,146
3,252,147
3,252,148
3,250,149
3,252,150
3,250,150
3,252,151
3,252,152
3,253,152
3,255,152
3,255,152
3,255,152
3,255,153
3,255,153
3,255,153
3,255,153
3,255,153
3,255,153
3,255,153
3,255,153
3,255,153
3,255,153
3,255,153
3,255,153
3,255,153
3,255,153
3,255,153
3,255,153
3,253,153
3,253,153
3,253,153
3,253,153
3,253,153
3,255,153
3,255,153
3,255,153
3,255,153
3,255,153
3,255,153
3,255,153
3,255,153
3,255,153
3,255,153
3,255,153
3,253,153
3,253,153
3,253,154
3,252,154
3,252,154
3,252,154
3,253,153
3,253,153
3,253,153
3,255,153
3,253,154
3,253,154
3,253,154
3,253,155
3,253,155
3,253,155
3,253,157
3,253,157
3,253,157
3,253,158
3,253,158
3,253,158
3,253,158
3,253,158
3,253,158
3,253,158
3,253,158
3,252,158
3,252,157
3,252,157
3,252,155
3,252,155
3,253,154
3,253,154
3,253,153
3,255,153
3,255,152
3,255,152
3,255,152
3,253,153
3,253,153
3,253,153
3,253,153
3,253,153
3,253,153
3,255,153
3,255,153
3,253,153
3,253,154
3,253,154
3,253,156
3,253,157
3,253,157
3,253,158
3,253,158
3,253,158
3,253,159
3,253,159
3,253,159
3,253,159
3,253,159
3,253,159
3,253,159
3,253,159
3,253,159
3,253,158
3,253,158
3,253,158
3,253,157
3,255,157
3,255,157
3,255,155
3,253,155
3,253,154
3,253,154
3,253,153
3,253,153
3,253,153
3,253,153
3,252,153
3,252,152
3,250,152
3,250,150
3,250,149
3,250,148
3,250,147
3,250,145
3,250,143
3,250,140
3,249,137
3,249,136
3,249,135
3,251,114
3,253,109
3,253,106
3,253,105
3,250,104
3,250,104
3,250,105
3,250,108
3,250,113
3,253,118
3,251,125
3,251,129
3,251,134
3,251,136
3,251,138
3,251,139
3,251,141
3,251,142
3,251,144
3,252,146
3,252,147
3,252,148
3,252,149
3,252,149
3,252,150
3,252,151
3,252,152
3,255,152
3,255,152
3,255,152
3,255,152
3,255,152
3,255,153
3,255,153
3,255,153
3,255,153
3,255,153
3,255,153
3,255,154
3,255,154
3,255,154
3,255,154
3,255,153
3,255,153
3,255,153
3,255,153
3,253,153
3,253,153
3,253,153
3,253,154
3,253,154
3,253,154
3,253,154
3,253,153
3,255,153
3,253,153
3,253,153
3,253,154
3,253,154
3,255,153
3,255,153
3,255,153
3,255,153
3,255,153
3,253,153
3,253,153
3,253,153
3,253,153
3,253,153
3,253,153
3,253,153
3,253,153
3,255,153
3,255,153
3,255,153
3,253,154
3,253,154
3,253,155
3,253,156
3,253,157
3,253,157
3,253,157
3,253,158
3,253,158
3,253,158
3,253,158
3,253,158
3,253,158
3,253,158
3,253,158
3,253,158
3,253,158
3,252,158
3,252,158
3,252,157
3,252,155
3,252,155
3,253,154
3,255,153
3,255,153
3,255,152
3,255,152
3,255,152
3,253,153
3,253,153
3,253,153
3,253,153
3,253,153
3,255,153
3,255,153
3,253,153
3,253,154
3,253,154
3,253,154
3,253,156
3,253,157
3,253,158
3,253,158
3,253,158
3,253,159
3,253,159
3,253,159
3,253,159
3,253,159
3,253,159
3,253,159
3,253,159
3,253,159
3,253,159
3,253,159
3,253,159
3,253,158
3,253,158
3,255,158
3,255,157
3,255,157
3,253,156
3,253,156
3,253,155
3,253,154
3,253,154
3,253,153
3,253,153
3,253,153
3,253,153
3,252,153
3,252,153
3,250,152
3,250,150
3,250,149
3,250,147
3,250,145
3,250,143
3,250,140
3,249,137
3,249,136
3,249,135
3,253,114
3,253,110
3,253,107
3,253,105
3,253,105
3,253,105
3,253,105
3,250,106
3,250,112
3,251,118
3,251,125
3,251,129
3,251,134
3,251,136
3,251,138
3,251,139
3,251,141
3,251,141
3,251,143
3,251,145
3,252,147
3,252,148
3,252,148
3,252,149
3,252,150
3,252,151
3,253,151
3,255,152
3,255,152
3,255,152
3,255,152
3,255,152
3,255,152
3,255,153
3,255,153
3,255,153
3,255,153
3,255,153
3,255,154
3,255,154
3,255,154
3,253,154
3,253,154
3,253,153
3,255,153
3,253,153
3,253,153
3,253,153
3,253,154
3,253,154
3,253,154
3,252,154
3,253,154
3,253,154
3,253,154
3,253,154
3,253,154
3,253,153
3,253,153
3,255,153
3,255,153
3,255,153
3,255,153
3,255,153
3,255,153
3,253,153
3,253,153
3,253,153
3,253,153
3,253,153
3,253,153
3,253,153
3,255,153
3,255,153
3,255,153
3,255,153
3,253,154
3,253,154
3,253,155
3,253,157
3,253,157
3,253,157
3,253,158
3,253,158
3,253,158
3,253,159
3,253,159
3,253,159
3,253,159
3,253,159
3,253,158
3,253,158
3,253,158
3,253,158
3,252,158
3,252,158
3,252,157
3,252,155
3,253,154
3,253,154
3,255,153
3,255,152
3,255,152
3,255,152
3,255,152
3,253,153
3,253,153
3,253,153
3,253,153
3,255,153
3,255,153
3,253,153
3,253,154
3,253,154
3,253,154
3,253,156
3,253,157
3,253,158
3,255,158
3,255,158
3,255,159
3,253,159
3,253,159
3,253,159
3,253,159
3,253,159
3,253,159
3,253,159
3,253,159
3,253,159
3,253,159
3,253,159
3,253,159
3,253,159
3,253,158
3,255,158
3,255,158
3,255,158
3,255,157
3,253,157
3,253,156
3,253,156
3,253,155
3,253,155
3,253,154
3,253,154
3,253,154
3,252,154
3,252,154
3,250,153
3,250,151
3,250,149
3,250,148
3,250,145
3,250,143
3,250,140
3,249,137
3,249,136
3,251,135
3,253,116
4,255,111
4,255,108
4,255,106
4,255,105
4,255,105
3,255,105
3,253,106
3,250,111
3,251,116
3,251,125
3,251,129
3,251,134
3,251,136
3,251,138
3,253,139
3,251,141
3,251,142
3,251,143
3,251,145
3,252,147
3,250,147
3,252,148
3,252,149
3,252,150
3,252,151
3,253,152
3,255,152
3,255,152
3,255,152
3,255,152
3,255,152
3,255,152
3,255,153
3,255,153
3,255,153
3,255,153
3,255,153
3,255,153
3,253,154
3,253,154
3,253,154
3,253,154
3,253,154
3,253,154
3,253,153
3,253,153
3,253,154
3,253,154
3,253,154
3,253,154
3,253,154
3,252,155
3,252,155
3,253,155
3,253,154
3,253,154
3,253,154
3,253,154
3,255,153
3,255,153
3,255,153
3,255,153
3,255,153
3,253,153
3,253,153
3,253,153
3,253,153
3,253,153
3,253,153
3,253,153
3,253,153
3,253,153
3,255,153
3,255,153
3,255,153
3,255,153
3,253,154
3,253,155
3,253,156
3,255,157
3,255,157
3,255,158
3,253,158
3,253,159
3,253,159
3,253,159
3,253,159
3,253,159
3,253,159
3,253,159
3,253,159
3,253,158
3,253,158
3,253,158
3,253,158
3,252,158
3,252,157
3,252,155
3,253,154
3,253,154
3,255,153
3,255,152
3,255,152
3,255,152
3,255,152
3,255,153
3,253,153
3,253,153
3,253,153
3,253,153
3,253,153
3,253,154
3,253,154
3,253,154
3,253,154
3,253,156
3,253,157
3,255,158
3,255,158
3,255,158
3,255,159
3,255,159
3,253,159
3,253,159
3,253,159
3,253,159
3,253,160
3,253,160
3,253,160
3,253,160
3,253,160
3,253,160
3,253,159
3,253,159
3,253,159
3,253,158
3,255,158
3,255,158
3,255,158
3,253,158
3,253,157
3,253,157
3,253,157
3,253,156
3,253,156
3,253,156
3,253,156
3,253,155
3,253,154
3,252,154
3,252,154
3,250,151
3,250,149
3,250,148
3,250,145
3,250,143
3,250,140
3,251,137
3,251,135
3,251,133
4,255,114
4,255,110
3,255,109
4,255,107
4,255,105
4,255,105
4,255,106
4,255,111
3,251,115
3,251,122
3,251,128
3,251,133
3,251,136
3,253,138
3,253,139
3,253,141
3,251,142
3,251,142
3,251,145
3,250,146
3,250,147
3,250,147
3,252,148
3,252,149
3,253,150
3,253,151
3,255,152
3,255,152
3,255,152
3,255,152
3,255,152
3,255,153
3,255,153
3,255,153
3,255,153
3,255,153
3,255,154
3,253,154
3,253,154
3,253,154
3,253,154
3,253,154
3,253,154
3,253,154
3,253,154
3,253,154
3,253,154
3,253,154
3,253,154
3,253,154
3,253,155
3,253,155
3,252,155
3,252,155
3,252,155
3,252,155
3,252,155
3,253,154
3,253,154
3,253,154
3,253,154
3,255,153
3,253,153
3,253,153
3,253,153
3,253,153
3,253,153
3,253,153
3,253,153
3,253,153
3,253,153
3,253,153
3,255,153
3,255,153
3,255,153
3,255,153
3,255,153
3,253,155
3,253,156
3,253,156
3,253,157
3,253,157
3,253,158
3,253,159
3,253,159
3,253,159
3,253,159
3,253,159
3,253,159
3,253,159
3,253,159
3,253,159
3,253,159
3,253,158
3,253,158
3,253,158
3,252,157
3,252,156
3,252,155
3,253,154
3,253,154
3,255,153
3,255,152
3,255,152
3,255,152
3,255,152
3,255,152
3,255,153
3,255,153
3,255,153
3,255,153
3,255,153
3,255,153
3,253,154
3,253,154
3,253,154
3,253,156
3,253,157
3,255,158
3,255,158
3,255,158
3,255,159
3,253,159
3,253,159
3,253,159
3,253,160
3,253,160
3,253,160
3,253,160
3,253,160
3,253,160
3,253,160
3,253,160
3,253,160
3,253,160
3,253,159
3,253,159
3,255,158
3,255,158
3,255,158
3,253,158
3,252,158
3,252,157
3,253,157
3,253,157
3,253,157
3,253,156
3,253,156
3,253,156
3,253,156
3,253,156
3,252,154
3,252,154
3,250,151
3,250,149
3,250,148
3,250,145
3,250,143
3,250,140
3,251,136
3,251,134
3,253,116
3,255,113
3,255,110
3,255,109
3,255,108
3,255,108
4,255,109
4,255,111
3,255,115
3,253,120
3,251,128
3,251,131
3,251,135
3,253,137
3,253,138
3,253,140
3,253,141
3,253,142
3,251,144
3,251,145
3,252,147
3,252,147
3,252,148
3,252,148
3,253,149
3,253,150
3,253,152
3,255,152
3,255,153
3,255,153
3,255,153
3,255,153
3,255,153
3,255,153
3,255,154
3,255,154
3,255,154
3,253,154
3,253,155
3,253,155
3,252,155
3,252,155
3,252,155
3,253,154
3,253,154
3,253,154
3,253,154
3,253,154
3,253,154
3,253,155
3,253,155
3,255,155
3,255,155
3,253,155
3,253,155
3,252,155
3,252,155
3,252,155
3,252,155
3,253,154
3,253,154
3,255,153
3,255,153
3,255,153
3,253,153
3,253,153
3,253,153
3,253,153
3,253,153
3,253,153
3,253,153
3,253,153
3,255,153
3,255,153
3,255,153
3,255,153
3,255,153
3,255,154
3,255,155
3,255,156
3,253,156
3,253,157
3,253,157
3,253,159
3,253,159
3,253,159
3,253,159
3,253,159
3,253,159
3,255,159
3,253,159
3,253,159
3,253,159
3,253,159
3,253,159
3,253,158
3,253,158
3,252,157
3,252,156
3,252,155
3,252,155
3,253,154
3,253,153
3,255,152
3,255,152
3,255,152
3,255,152
3,255,152
3,255,153
3,255,153
3,255,153
3,255,153
3,255,153
3,255,153
3,255,153
3,253,154
3,253,154
3,253,156
3,253,157
3,253,158
3,255,158
3,255,158
3,253,159
3,253,159
3,253,159
3,253,160
3,253,160
3,253,160
3,253,160
3,253,160
3,253,161
3,253,161
3,253,160
3,253,160
3,253,160
3,253,160
3,253,160
3,253,159
3,255,159
3,255,159
3,255,158
3,255,158
3,253,158
3,253,158
3,253,157
3,253,157
3,253,157
3,255,157
3,255,157
3,255,157
3,255,156
3,253,156
3,253,156
3,252,155
3,252,154
3,250,151
3,250,149
3,250,148
3,250,145
3,250,142
3,251,138
3,251,134
3,251,132
3,253,120
3,253,116
3,255,114
3,255,113
3,253,110
3,255,110
3,255,111
3,255,113
3,255,115
3,253,120
3,251,126
3,251,130
3,251,134
3,251,136
3,253,138
3,253,139
3,253,139
3,253,142
3,253,142
3,251,145
3,252,146
3,252,147
3,252,147
3,252,148
3,253,148
3,253,149
3,253,152
3,255,152
3,255,153
3,255,153
3,255,154
3,255,154
3,255,154
3,255,154
3,255,154
3,255,154
3,255,155
3,255,155
3,255,155
3,253,155
3,252,155
3,252,155
3,252,155
3,252,155
3,252,155
3,252,155
3,252,155
3,252,154
3,253,155
3,253,155
3,253,155
3,255,155
3,255,156
3,255,155
3,255,155
3,253,155
3,252,155
3,252,155
3,252,155
3,252,155
3,252,155
3,253,154
3,255,153
3,255,153
3,255,153
3,255,153
3,255,153
3,255,153
3,255,153
3,255,152
3,255,152
3,255,153
3,255,153
3,255,153
3,255,153
3,255,153
3,255,153
3,255,153
3,255,155
3,255,155
3,255,156
3,253,156
3,253,157
3,253,157
3,253,159
3,253,159
3,253,159
3,253,159
3,253,159
3,255,159
3,255,159
3,255,159
3,253,159
3,253,159
3,253,159
3,253,159
3,253,158
3,253,158
3,252,157
3,250,156
3,250,156
3,252,155
3,253,154
3,253,154
3,255,153
3,255,152
3,255,152
3,255,153
3,255,153
3,255,153
3,255,153
3,255,153
3,255,153
3,255,153
3,255,153
3,253,154
3,253,154
3,253,154
3,253,156
3,253,157
3,253,158
3,255,158
3,255,158
3,253,159
3,253,159
3,253,160
3,253,160
3,253,160
3,253,160
3,253,160
3,253,161
3,252,161
3,252,161
3,252,161
3,253,161
3,253,160
3,253,160
3,253,160
3,253,160
3,253,160
3,253,159
3,255,159
3,255,158
3,253,159
3,253,158
3,253,158
3,253,157
3,255,157
3,255,157
3,255,157
3,255,157
3,255,157
3,255,157
3,255,157
3,253,156
3,252,156
3,250,154
3,250,151
3,250,149
3,250,147
3,250,144
3,250,141
3,251,134
3,251,132
3,251,132
3,253,120
3,253,116
3,253,115
3,253,114
3,250,113
3,253,113
3,253,115
3,253,116
3,251,121
3,251,126
3,251,129
3,251,132
3,251,135
3,253,137
3,253,138
3,253,139
3,253,141
3,253,142
3,253,145
3,252,146
3,252,146
3,252,147
3,253,148
3,253,148
3,253,149
3,255,151
3,255,152
3,255,153
3,255,153
3,255,154
3,255,154
3,255,154
3,255,154
3,255,154
3,255,154
3,255,155
3,255,155
3,255,155
3,255,155
3,255,155
3,255,156
3,252,157
3,252,157
3,252,157
3,252,157
3,252,157
3,252,156
3,253,155
3,253,156
3,253,156
3,255,156
3,255,156
3,255,156
3,255,157
3,255,157
3,255,156
3,253,156
3,252,156
3,252,156
3,252,156
3,252,155
3,253,154
3,253,154
3,255,153
3,255,153
3,255,153
3,255,153
3,255,153
3,255,153
3,255,152
3,255,152
3,255,153
3,255,153
3,255,153
3,255,153
3,255,153
3,255,153
3,255,153
3,255,154
3,255,155
3,255,156
3,253,156
3,253,157
3,253,157
3,253,159
3,253,159
3,253,159
3,253,159
3,253,159
3,255,159
3,255,159
3,255,159
3,253,159
3,253,159
3,253,159
3,253,159
3,253,158
3,253,158
3,253,157
3,252,156
3,252,156
3,252,155
3,253,155
3,253,154
3,253,153
3,253,153
3,255,153
3,255,153
3,255,153
3,255,153
3,255,153
3,255,153
3,255,153
3,255,153
3,255,154
3,255,154
3,255,154
3,253,156
3,253,156
3,253,157
3,253,158
3,253,158
3,253,159
3,253,159
3,253,159
3,253,160
3,253,160
3,253,160
3,253,160
3,253,160
3,252,161
3,252,162
3,252,162
3,252,161
3,253,161
3,253,161
3,253,161
3,253,160
3,253,160
3,253,160
3,255,160
3,255,159
3,255,159
3,253,159
3,253,159
3,255,158
3,255,158
3,255,158
3,255,157
3,255,157
3,255,157
3,255,157
3,255,157
3,255,157
3,253,157
3,253,156
3,250,155
3,250,152
3,250,150
3,250,148
3,250,145
3,251,142
3,251,134
3,251,132
3,251,131
3,253,120
3,253,120
3,253,117
3,251,116
3,251,115
3,251,115
3,251,116
3,251,120
3,251,121
3,251,126
3,251,129
3,251,132
3,251,134
3,253,136
3,253,138
3,253,139
3,253,139
3,253,141
3,253,143
3,251,145
3,252,146
3,252,147
3,252,147
3,253,148
3,253,148
3,253,149
3,255,152
3,255,152
3,255,153
3,255,153
3,255,154
3,255,154
3,255,154
3,255,154
3,255,154
3,255,154
3,255,155
3,255,155
3,255,155
3,255,155
3,255,156
3,255,157
3,255,157
3,252,157
3,252,157
3,253,157
3,253,157
3,253,157
3,253,157
3,253,156
3,253,156
3,255,156
3,255,156
3,255,157
3,255,157
3,255,157
3,255,157
3,253,157
3,253,157
3,252,156
3,252,156
3,252,156
3,253,155
3,253,154
3,253,154
3,255,153
3,255,153
3,255,153
3,255,153
3,255,153
3,255,153
3,255,153
3,255,153
3,255,153
3,255,153
3,255,153
3,255,153
3,255,153
3,255,153
3,255,154
3,253,155
3,253,156
3,253,156
3,253,157
3,253,158
3,253,159
3,253,159
3,253,159
3,253,160
3,253,160
3,253,160
3,255,159
3,253,159
3,253,159
3,253,159
3,253,159
3,253,159
3,253,158
3,253,158
3,253,157
3,253,156
3,252,156
3,252,155
3,252,155
3,253,154
3,253,154
3,253,154
3,253,153
3,253,154
3,255,154
3,255,154
3,255,154
3,255,154
3,255,154
3,255,154
3,255,154
3,255,154
3,255,155
3,255,156
3,255,156
3,253,157
3,253,158
3,253,158
3,253,159
3,253,159
3,253,159
3,253,160
3,253,160
3,253,160
3,253,160
3,253,161
3,252,162
3,252,163
3,252,163
3,253,163
3,253,162
3,253,161
3,253,161
3,253,160
3,253,160
3,253,160
3,253,160
3,253,160
3,253,159
3,253,159
3,253,159
3,255,159
3,255,158
3,255,158
3,255,158
3,255,157
3,255,157
3,255,157
3,255,157
3,255,157
3,255,157
3,253,156
3,252,156
3,250,155
3,250,152
3,250,150
3,252,148
3,251,144
3,251,137
3,251,132
3,251,131
3,251,131
3,251,122
3,253,120
3,253,120
3,253,117
3,251,117
3,251,117
3,251,120
3,251,121
3,251,123
3,251,126
3,251,129
3,251,132
3,251,134
3,251,136
3,253,138
3,253,138
3,253,139
3,253,141
3,253,142
3,253,144
3,253,146
3,252,146
3,252,147
3,253,148
3,253,148
3,253,149
3,255,149
3,255,152
3,255,153
3,255,153
3,255,153
3,255,153
3,255,154
3,255,154
3,255,154
3,255,154
3,255,155
3,255,155
3,255,155
3,255,155
3,255,156
3,255,157
3,255,157
3,255,157
3,255,157
3,255,157
3,255,157
3,253,157
3,253,157
3,253,157
3,253,157
3,253,157
3,255,157
3,255,157
3,255,157
3,255,157
3,255,157
3,255,157
3,255,157
3,253,157
3,252,158
3,252,157
3,252,157
3,252,156
3,253,154
3,253,154
3,255,153
3,255,153
3,255,153
3,255,153
3,255,153
3,255,153
3,255,153
3,255,153
3,255,153
3,255,153
3,255,153
3,255,153
3,255,153
3,255,153
3,253,154
3,253,155
3,253,156
3,253,156
3,253,157
3,253,158
3,253,159
3,253,159
3,253,160
3,253,160
3,253,160
3,253,160
3,253,159
3,253,159
3,253,159
3,253,159
3,253,159
3,253,159
3,253,159
3,253,158
3,253,158
3,253,156
3,253,156
3,253,156
3,253,155
3,253,154
3,253,154
3,253,154
3,253,154
3,253,154
3,253,154
3,253,154
3,255,155
3,255,155
3,255,155
3,255,155
3,255,156
3,255,156
3,255,156
3,255,156
3,255,157
3,253,157
3,253,158
3,253,158
3,253,159
3,253,159
3,253,159
3,253,159
3,253,160
3,253,160
3,253,160
3,253,160
3,253,162
3,252,163
3,253,163
3,253,163
3,253,163
3,253,163
3,253,162
3,253,161
3,253,161
3,253,161
3,253,160
3,253,160
3,253,160
3,253,160
3,253,159
3,253,159
3,255,159
3,253,159
3,255,158
3,255,158
3,255,158
3,255,157
3,255,157
3,255,157
3,255,157
3,253,156
3,252,156
3,252,155
3,252,153
3,252,150
3,252,148
3,251,145
3,251,138
3,251,134
3,251,132
3,251,130
3,251,129
3,253,121
3,253,120
3,253,120
3,251,120
3,251,120
3,251,120
3,251,123
3,249,126
3,249,128
3,251,129
3,249,132
3,249,134
3,251,136
3,251,138
3,253,138
3,253,139
3,253,141
3,253,142
3,253,143
3,251,145
3,252,146
3,252,147
3,252,148
3,253,148
3,253,148
3,253,149
3,255,151
3,255,152
3,255,153
3,255,153
3,255,153
3,255,153
3,255,154
3,255,154
3,255,154
3,255,154
3,255,154
3,255,155
3,255,155
3,255,155
3,255,155
3,255,156
3,255,157
3,255,157
3,255,157
3,255,157
3,255,157
3,255,157
3,253,157
3,253,157
3,253,157
3,253,157
3,255,157
3,255,157
3,255,157
3,255,157
3,255,157
3,255,157
3,255,157
3,253,158
3,253,158
3,252,158
3,252,157
3,252,156
3,253,154
3,253,154
3,255,153
3,255,153
3,255,153
3,255,153
3,255,153
3,255,153
3,255,153
3,255,153
3,255,153
3,255,153
3,255,153
3,255,153
3,255,153
3,253,154
3,253,154
3,253,156
3,253,156
3,253,156
3,253,157
3,255,158
3,255,159
3,253,159
3,253,160
3,253,160
3,253,160
3,253,160
3,253,160
3,253,159
3,253,159
3,253,159
3,253,159
3,253,159
3,253,159
3,253,158
3,253,158
3,253,157
3,253,156
3,253,156
3,253,155
3,253,154
3,253,154
3,253,154
3,253,154
3,253,154
3,253,154
3,253,155
3,255,155
3,255,155
3,255,155
3,255,156
3,255,156
3,255,156
3,255,156
3,255,157
3,255,157
3,253,157
3,253,158
3,253,158
3,253,159
3,253,159
3,253,159
3,253,159
3,253,159
3,253,160
3,253,160
3,253,160
3,253,162
3,253,163
3,253,163
3,253,163
3,253,163
3,253,163
3,253,163
3,253,163
3,253,161
3,253,161
3,253,161
3,253,161
3,253,160
3,253,160
3,253,160
3,253,160
3,253,159
3,253,159
3,253,159
3,253,158
3,255,158
3,255,157
3,255,157
3,255,157
3,255,156
3,253,156
3,252,156
3,252,156
3,252,154
3,252,152
3,252,150
3,252,147
3,251,139
3,251,136
3,251,132
3,251,130
3,251,128
3,253,122
3,253,121
3,253,120
3,253,120
3,251,120
3,251,122
3,249,125
3,249,126
3,249,129
3,249,131
3,249,132
3,249,134
3,249,136
3,251,138
3,251,138
3,253,141
3,253,141
3,253,142
3,253,143
3,253,145
3,252,146
3,252,147
3,252,148
3,253,148
3,253,148
3,253,149
3,255,149
3,255,152
3,255,152
3,255,153
3,255,153
3,255,153
3,255,153
3,255,153
3,255,153
3,255,154
3,255,154
3,255,154
3,255,154
3,255,155
3,255,155
3,255,155
3,255,155
3,255,157
3,255,157
3,255,157
3,255,157
3,255,157
3,255,157
3,253,158
3,253,158
3,253,158
3,253,157
3,255,157
3,255,157
3,255,157
3,255,157
3,255,157
3,255,157
3,255,158
3,253,158
3,253,158
3,253,158
3,252,158
3,252,157
3,252,155
3,253,154
3,255,153
3,255,153
3,255,153
3,255,153
3,255,153
3,255,153
3,255,153
3,255,153
3,255,153
3,255,153
3,255,153
3,255,153
3,253,154
3,253,154
3,253,154
3,253,156
3,253,156
3,253,157
3,255,158
3,255,158
3,255,159
3,253,159
3,253,160
3,253,160
3,253,160
3,253,160
3,253,160
3,253,159
3,253,159
3,253,159
3,253,159
3,253,159
3,253,159
3,253,158
3,253,158
3,253,157
3,253,156
3,253,156
3,253,154
3,253,154
3,253,154
3,253,154
3,253,154
3,253,154
3,253,154
3,253,155
3,253,155
3,255,155
3,255,157
3,255,157
3,255,157
3,255,157
3,255,157
3,255,157
3,255,157
3,253,158
3,253,158
3,253,159
3,253,159
3,253,159
3,253,159
3,253,159
3,253,159
3,253,160
3,253,160
3,253,160
3,253,161
3,253,163
3,253,163
3,253,163
3,253,163
3,253,163
3,253,163
3,253,163
3,253,163
3,253,162
3,253,161
3,253,161
3,253,161
3,253,160
3,253,160
3,253,160
3,253,160
3,253,159
3,253,159
3,253,159
3,253,158
3,253,157
3,255,157
3,255,157
3,255,156
3,255,156
3,253,156
3,253,156
3,253,155
3,252,153
3,253,150
3,253,148
3,251,141
3,251,137
3,251,132
3,251,130
3,251,127
3,251,126
3,253,122
3,253,122
3,253,121
3,253,121
3,253,121
3,251,122
3,249,126
3,249,128
3,249,129
3,249,132
3,249,133
3,249,134
3,249,136
3,249,138
3,251,138
3,251,141
3,251,141
3,251,142
3,253,143
3,251,145
3,252,146
3,252,147
3,252,148
3,252,148
3,252,148
3,253,149
3,253,149
3,253,151
3,255,152
3,255,153
3,255,153
3,255,153
3,255,153
3,255,153
3,255,153
3,255,153
3,255,154
3,255,154
3,255,154
4,255,154
3,255,155
3,255,155
3,255,155
3,255,155
3,255,155
3,255,157
3,255,157
3,255,157
3,255,157
3,255,157
3,253,158
3,253,158
3,253,158
3,253,158
3,255,157
3,255,157
3,255,157
3,255,157
3,255,157
3,255,157
3,255,158
3,255,158
3,253,158
3,253,158
3,252,158
3,252,157
3,252,155
3,253,154
3,255,153
3,255,153
3,255,153
3,255,153
3,255,153
3,255,153
3,255,153
3,255,153
3,255,153
3,255,153
3,255,153
3,253,154
3,253,154
3,253,154
3,253,156
3,253,156
3,253,157
3,253,158
3,255,158
3,255,159
3,255,159
3,255,159
3,253,160
3,253,160
3,253,160
3,253,160
3,253,160
3,253,159
3,255,159
3,255,159
3,253,159
3,253,159
3,253,159
3,253,158
3,253,158
3,253,157
3,253,156
3,253,155
3,253,154
3,253,154
3,253,154
3,253,153
3,253,153
3,253,154
3,253,154
3,253,155
3,253,155
3,253,157
3,255,157
3,255,157
3,255,157
3,255,157
3,255,157
3,255,157
3,255,157
3,253,158
3,253,159
3,253,159
3,253,159
3,253,159
3,253,159
3,253,159
3,253,159
3,253,160
3,253,160
3,253,160
3,253,160
3,253,161
3,253,163
3,253,163
3,253,163
3,253,163
3,253,163
3,253,163
3,253,163
3,253,163
3,253,163
3,253,161
3,253,161
3,253,161
3,253,161
3,253,161
3,253,160
3,253,160
3,253,159
3,253,159
3,253,158
3,253,158
3,253,157
3,255,157
3,255,156
3,255,157
3,253,156
3,253,156
3,253,155
3,253,153
3,252,150
3,252,149
3,251,144
3,251,139
3,251,133
3,251,130
3,251,127
3,253,126
3,253,126
3,253,122
3,253,122
3,253,122
3,253,122
3,251,123
3,249,126
3,249,128
3,249,131
3,249,132
3,249,134
3,249,136
3,251,137
3,251,138
3,251,141
3,251,141
3,251,142
3,251,143
3,251,145
3,252,146
3,252,147
3,252,147
3,252,148
3,252,148
3,252,148
3,252,149
3,253,149
3,253,151
3,253,152
3,255,152
3,255,153
3,255,153
3,255,153
3,255,153
3,255,153
3,255,153
3,253,154
3,253,154
3,255,154
3,255,154
3,255,154
3,255,155
3,255,155
3,255,155
3,255,155
3,255,155
3,255,157
3,255,157
3,255,157
3,255,157
3,255,157
3,253,158
3,253,158
3,253,158
3,253,158
3,253,158
3,255,157
3,255,157
3,255,157
3,255,157
3,255,157
3,255,158
3,255,158
3,253,158
3,253,158
3,252,157
3,252,157
3,252,155
3,253,154
3,255,153
3,255,153
3,255,153
3,255,153
3,255,153
3,255,153
3,255,153
3,255,153
3,255,153
3,255,153
3,253,154
3,253,154
3,253,156
3,253,156
3,253,157
3,253,157
3,253,157
3,255,158
3,255,158
3,255,159
3,255,159
3,255,159
3,255,159
3,253,160
3,253,160
3,253,160
3,253,160
3,255,159
3,255,159
3,255,159
3,255,159
3,253,159
3,253,158
3,253,158
3,253,158
3,253,157
3,253,156
3,253,154
3,253,154
3,253,154
3,253,153
3,255,153
3,255,153
3,253,153
3,253,154
3,253,155
3,253,155
3,252,157
3,255,157
3,255,157
3,255,157
3,255,157
3,255,157
3,255,157
3,253,158
3,253,158
3,253,159
3,253,159
3,253,159
3,253,159
3,253,159
3,253,159
3,253,159
3,253,160
3,253,160
3,253,160
3,253,160
3,253,160
3,255,162
3,253,163
3,253,163
3,252,164
3,252,164
3,252,164
3,253,164
3,253,164
3,253,163
3,253,163
3,253,163
3,253,163
3,253,163
3,253,161
3,252,161
3,252,161
3,252,160
3,253,159
3,253,158
3,253,158
3,253,158
3,253,157
3,255,157
3,255,157
3,255,157
3,253,156
3,253,155
3,253,153
3,252,151
3,252,150
3,250,146
3,250,140
3,251,136
3,251,130
3,251,127
3,253,126
3,253,125
3,253,122
3,253,122
3,253,122
3,253,122
3,253,123
3,251,126
3,249,128
3,249,132
3,249,133
3,249,136
3,251,137
3,251,138
3,251,139
3,251,141
3,251,141
3,251,142
3,251,143
3,252,146
3,252,146
3,252,147
3,252,148
3,252,148
3,252,148
3,252,149
3,252,149
3,252,150
3,253,150
3,253,152
3,253,152
3,255,152
3,255,153
3,255,153
3,255,153
3,255,153
3,255,153
3,253,154
3,253,154
3,253,154
3,253,154
3,255,154
3,255,154
3,255,155
3,255,155
3,255,155
3,255,155
3,255,155
3,255,156
3,255,157
3,255,157
3,255,157
3,255,157
3,253,158
3,253,158
3,253,158
3,253,158
3,253,158
3,253,158
3,255,157
3,255,157
3,255,157
3,255,157
3,255,158
3,255,158
3,255,158
3,253,158
3,253,157
3,253,157
3,253,154
3,253,154
3,255,153
3,255,153
3,255,153
3,255,153
3,255,153
3,255,153
3,255,153
3,255,153
3,255,153
3,253,154
3,253,154
3,253,154
3,253,156
3,253,157
3,253,157
3,253,157
3,255,158
3,255,158
3,255,159
3,255,159
3,255,159
3,255,159
3,255,159
3,253,160
3,253,160
3,253,160
3,253,160
3,255,159
3,255,159
3,255,159
3,255,159
3,255,159
3,253,158
3,253,158
3,253,158
3,253,157
3,253,157
3,253,154
3,253,154
3,253,154
3,255,153
3,255,153
3,255,153
3,253,153
3,253,154
3,253,154
3,253,155
3,252,157
3,253,157
3,255,157
3,255,157
3,255,157
3,255,157
3,253,158
3,253,158
3,253,159
3,253,159
3,253,159
3,253,159
3,253,159
3,253,159
3,253,159
3,253,159
3,253,160
3,253,160
3,255,160
3,255,160
3,255,160
3,255,160
3,253,162
3,253,163
3,252,164
3,252,164
3,252,164
3,253,165
3,253,165
3,253,164
3,253,164
3,253,164
3,253,163
3,253,163
3,252,163
3,252,162
3,252,161
3,252,161
3,253,159
3,253,158
3,253,158
3,253,158
3,253,157
3,255,157
3,255,157
3,255,157
3,255,156
3,253,155
3,253,154
3,252,152
3,250,150
3,250,146
3,250,141
3,249,137
3,251,131
3,251,127
3,253,125
3,253,125
3,253,125
3,253,122
3,253,122
3,253,122
3,253,124
3,251,126
3,249,128
3,249,131
3,249,134
3,249,136
3,251,137
3,251,138
3,251,139
3,251,141
3,251,142
3,251,142
3,251,143
3,252,146
3,252,146
3,252,147
3,252,148
3,252,149
3,252,149
3,252,149
3,252,149
3,252,150
3,252,151
3,252,152
3,253,152
3,253,153
3,253,153
3,255,153
3,255,153
3,255,153
3,255,153
3,255,153
3,255,154
3,253,154
3,253,154
3,255,154
3,255,154
3,255,154
3,255,155
3,255,155
3,255,155
3,255,155
3,255,155
3,255,155
3,255,157
3,255,157
3,255,157
3,255,157
3,255,158
3,253,158
3,253,158
3,253,158
3,253,158
3,253,158
3,255,158
3,255,157
3,255,157
3,255,157
3,255,158
3,255,158
3,255,158
3,253,158
3,253,157
3,253,157
3,253,154
3,253,154
3,255,153
3,255,153
3,255,153
3,255,153
3,255,153
3,255,153
3,255,153
3,255,153
3,255,153
3,253,154
3,253,154
3,253,156
3,253,157
3,253,157
3,255,157
3,255,158
3,255,158
3,255,159
3,255,159
3,255,159
3,255,159
3,255,159
3,255,159
3,253,160
3,253,160
3,253,160
3,253,160
3,255,159
3,255,159
3,255,159
3,255,159
3,255,158
3,255,158
3,255,158
3,253,158
3,253,157
3,253,157
3,253,156
3,253,154
3,253,154
3,255,154
3,255,153
3,255,153
3,255,154
3,255,154
3,253,155
3,253,155
3,252,157
3,252,157
3,253,157
3,253,157
3,255,157
3,255,157
3,253,158
3,253,159
3,253,159
3,253,159
3,253,159
3,253,159
3,253,159
3,255,159
3,255,159
3,255,159
3,255,159
3,255,159
3,255,160
3,255,160
3,255,160
3,255,160
3,255,160
3,253,162
3,253,164
3,253,164
3,252,165
3,253,165
3,253,165
3,253,165
3,253,165
3,253,164
3,253,164
3,253,164
3,252,163
3,252,163
3,252,161
3,252,161
3,253,159
3,253,159
3,253,158
3,253,158
3,253,158
3,255,157
3,255,157
3,255,157
3,253,157
3,253,155
3,253,154
3,252,153
3,252,151
3,250,149
3,250,144
3,249,139
3,251,133
3,251,128
3,253,125
3,253,124
3,253,124
3,251,123
3,253,122
3,253,122
3,253,123
3,253,126
3,251,128
3,251,130
3,251,133
3,249,136
3,251,138
3,251,139
3,251,139
3,251,141
3,251,142
3,251,143
3,251,144
3,252,146
3,252,147
3,252,148
3,252,148
3,252,149
3,252,149
3,252,149
3,252,150
3,252,150
3,252,150
3,252,152
3,252,152
3,253,152
3,253,153
3,253,153
3,255,153
3,255,153
3,255,153
3,255,153
3,255,153
3,255,154
3,253,154
3,255,154
3,255,154
3,255,154
3,255,154
3,255,154
3,255,154
3,255,155
3,255,155
3,255,155
3,255,155
3,255,157
3,255,157
3,255,157
3,255,157
3,255,158
3,255,158
3,253,158
3,253,158
3,253,158
3,253,158
3,255,158
3,255,158
3,255,157
3,255,157
3,255,158
3,255,158
3,255,158
3,255,158
3,253,157
3,253,157
3,253,154
3,253,154
3,255,153
3,255,153
3,255,153
3,255,153
3,255,153
3,255,153
3,255,153
3,255,153
3,255,153
3,253,154
3,253,156
3,253,156
3,253,157
3,255,157
3,255,158
3,255,158
3,255,159
3,255,159
3,255,159
3,255,159
3,255,159
3,255,159
3,253,160
3,253,160
3,253,160
3,253,160
3,255,159
3,255,159
3,255,159
3,255,159
3,255,159
3,255,159
3,255,158
3,255,158
3,255,158
3,253,158
3,253,157
3,253,157
3,253,156
3,253,154
3,255,154
3,255,154
3,255,154
3,255,154
3,255,155
3,255,155
3,253,155
3,253,156
3,253,157
3,253,157
3,253,157
3,255,157
3,255,157
3,253,158
3,253,159
3,253,159
3,253,159
3,253,159
3,253,159
3,253,159
3,255,159
3,255,159
3,255,159
3,255,159
3,255,159
3,255,159
3,255,159
3,255,160
3,255,160
3,255,160
3,255,161
3,253,164
3,253,164
3,253,165
3,253,165
3,253,165
3,253,165
3,253,165
3,253,165
3,253,165
3,252,164
3,252,164
3,252,163
3,252,162
3,253,161
3,253,160
3,253,159
3,253,159
3,255,158
3,255,158
3,255,158
3,255,158
3,255,157
3,253,157
3,253,155
3,253,154
3,252,154
3,252,152
3,250,150
3,250,146
3,250,141
3,251,134
3,251,129
3,253,126
3,253,125
3,253,124
3,255,124
3,251,122
3,253,122
3,253,122
3,253,125
3,253,126
3,251,130
3,251,133
3,251,136
3,251,138
3,251,139
3,253,139
3,253,141
3,251,142
3,251,143
3,251,145
3,252,146
3,252,147
3,252,148
3,252,148
3,252,149
3,252,149
3,252,149
3,253,150
3,253,150
3,253,150
3,255,152
3,255,152
3,253,153
3,253,153
3,253,153
3,255,153
3,255,153
3,255,153
3,255,153
3,255,153
3,255,153
3,255,154
3,255,154
3,255,154
3,255,155
3,255,155
3,255,155
3,255,155
3,255,155
3,255,155
3,255,155
3,255,155
3,255,155
3,255,157
3,255,157
3,255,157
3,255,157
3,255,158
3,255,158
3,253,158
3,253,158
3,253,158
3,255,158
3,255,158
3,255,158
3,255,158
3,255,158
3,255,158
3,255,158
3,255,158
3,255,158
3,252,157
3,252,157
3,252,155
3,253,154
3,255,153
3,255,153
3,255,153
3,255,153
3,255,153
3,255,153
3,255,153
3,255,153
3,253,154
3,253,154
3,253,156
3,253,156
3,255,157
3,255,158
3,255,158
3,255,158
3,255,159
3,255,159
3,255,159
3,255,159
3,255,159
3,253,160
3,253,160
3,253,160
3,253,160
3,253,160
3,255,159
3,255,159
3,255,159
3,255,159
3,255,159
3,255,159
3,255,159
3,255,158
3,255,158
3,253,158
3,253,158
3,253,157
3,253,157
3,253,156
3,253,155
3,255,155
3,255,155
3,255,155
3,255,155
3,255,155
3,253,155
3,253,156
3,253,156
3,253,157
3,255,157
3,255,157
3,255,157
3,255,158
3,253,159
3,253,159
3,253,159
3,253,159
3,253,159
3,253,159
3,253,159
3,255,159
3,255,159
3,255,159
3,255,158
3,255,158
3,255,159
3,255,159
3,255,160
3,255,160
3,255,161
3,253,163
3,253,164
3,253,164
3,253,165
3,253,166
3,253,166
3,253,166
3,253,166
3,253,165
3,253,165
3,252,164
3,252,163
3,253,162
3,253,161
3,253,160
3,255,159
3,255,159
3,255,159
3,255,158
3,255,158
3,255,158
3,253,158
3,253,157
3,253,155
3,253,154
3,252,154
3,252,153
3,250,151
3,250,148
3,250,143
3,249,137
3,251,130
3,251,126
3,253,125
3,253,124
3,255,124
3,249,122
3,253,122
3,253,122
3,253,122
3,253,126
3,253,129
3,253,131
3,253,135
3,253,137
3,253,138
3,253,139
3,253,141
3,253,142
3,251,143
3,251,144
3,252,146
3,252,146
3,252,147
3,252,148
3,252,149
3,252,149
3,253,149
3,253,150
3,255,150
3,255,150
3,255,151
3,255,152
3,255,152
3,255,153
3,253,153
3,255,153
3,255,153
3,255,153
3,255,153
3,255,153
3,255,153
3,255,153
3,255,154
3,255,154
3,255,154
3,255,155
3,255,155
3,255,155
3,255,155
3,255,155
3,255,155
3,255,155
3,255,155
3,255,155
3,255,155
3,255,157
3,255,157
3,255,157
3,255,157
3,255,158
3,255,158
3,255,158
3,255,158
3,255,158
3,255,158
3,255,158
3,255,158
3,255,158
3,255,158
3,255,158
3,255,158
3,255,158
3,252,157
3,252,157
3,252,155
3,253,154
3,255,153
3,255,153
3,255,153
3,255,153
3,255,153
3,255,153
3,255,153
3,255,153
3,253,154
3,253,154
3,253,156
3,253,156
3,255,157
3,255,158
3,255,159
3,255,159
3,255,159
3,255,159
3,255,159
3,253,160
3,253,160
3,253,160
3,253,160
3,253,160
3,253,160
3,255,159
3,255,159
3,255,159
3,255,159
3,255,159
3,255,159
3,255,159
3,255,159
3,255,159
3,255,159
3,253,158
3,253,158
3,253,158
3,253,157
3,253,157
3,253,156
3,253,156
3,253,155
3,255,155
3,255,155
3,255,155
3,255,155
3,253,155
3,255,156
3,255,156
3,255,157
3,255,157
3,255,157
3,255,157
3,253,158
3,253,159
3,253,159
3,253,159
3,253,159
3,253,159
3,253,159
3,255,159
3,255,159
3,255,158
3,255,158
3,255,158
3,255,158
3,255,158
3,255,159
3,255,160
3,255,160
3,255,161
3,253,164
3,253,164
3,253,165
3,253,165
3,253,166
3,253,166
3,253,166
3,253,165
3,253,165
3,253,164
3,253,163
3,253,163
3,253,161
3,253,160
3,255,159
3,255,159
3,255,159
3,255,159
3,255,159
3,255,158
3,253,158
3,253,157
3,253,157
3,253,154
3,253,154
3,253,153
3,252,152
3,250,150
3,250,146
3,250,140
3,249,133
3,251,128
3,253,125
3,253,125
3,255,125
3,255,125
3,251,121
3,253,120
3,255,121
3,253,122
3,253,126
3,253,131
3,253,133
3,253,136
3,253,138
3,253,139
3,253,141
3,253,142
3,251,143
3,251,145
3,252,146
3,252,147
3,252,147
3,252,148
3,252,148
3,253,149
3,253,150
3,255,150
3,255,150
3,255,150
3,255,152
3,255,152
3,255,152
3,255,153
3,255,153
3,253,153
3,253,153
3,253,153
3,255,153
3,255,153
3,255,153
3,255,153
3,255,153
3,255,154
3,255,154
3,255,154
3,255,155
3,255,157
3,255,157
3,255,157
3,255,155
3,255,154
3,255,155
3,255,155
3,255,155
3,255,155
3,255,157
3,255,157
3,255,157
3,255,157
3,255,158
3,255,158
3,255,158
3,255,158
3,255,158
3,255,158
3,255,158
3,255,158
3,255,158
3,255,158
3,255,158
3,255,158
3,255,158
3,252,157
3,252,157
3,252,155
3,253,154
3,253,153
3,255,153
3,255,153
3,255,153
3,255,152
3,255,152
3,255,153
3,255,153
3,255,154
3,253,154
3,253,156
3,253,157
3,255,158
3,255,159
3,255,159
3,255,159
3,255,159
3,255,160
3,253,161
3,253,161
3,253,161
3,253,160
3,253,160
3,253,160
3,253,160
3,255,159
3,255,159
3,255,159
3,255,159
3,255,159
3,255,159
3,255,159
3,255,159
3,255,159
3,255,159
3,255,159
3,253,159
3,253,159
3,253,158
3,253,158
3,253,157
3,253,157
3,253,156
3,253,156
3,255,155
3,255,155
3,255,155
3,255,155
3,255,155
3,255,155
3,255,156
3,255,156
3,255,157
3,255,157
3,255,158
3,253,159
3,253,159
3,253,159
3,253,159
3,253,159
3,253,159
3,253,159
3,255,158
3,255,158
3,255,158
3,255,158
3,255,158
3,255,158
3,255,158
3,255,159
3,255,160
3,255,160
3,255,163
3,255,164
3,255,164
3,253,164
3,253,165
3,253,166
3,253,166
3,253,165
3,253,164
3,253,164
3,253,163
3,253,163
3,253,162
3,253,160
3,255,159
3,255,159
3,255,159
3,255,159
3,255,159
3,255,159
3,253,158
3,253,158
3,253,157
3,253,154
3,253,154
3,253,153
3,253,153
3,250,151
3,250,148
3,250,142
3,249,135
3,249,129
3,251,126
3,253,125
3,255,125
3,255,126
3,249,120
3,253,118
3,255,118
3,255,119
3,255,121
3,255,125
3,255,131
3,253,135
3,253,137
3,253,139
3,253,140
3,253,142
3,251,143
3,251,144
3,252,146
3,250,146
3,252,148
3,252,148
3,252,149
3,252,149
3,253,150
3,253,150
3,255,150
3,255,150
3,255,152
3,255,152
3,255,153
3,255,153
3,255,154
3,255,154
3,255,154
3,253,154
3,253,154
3,253,153
3,255,153
3,255,153
3,255,153
3,255,154
3,255,154
3,255,154
3,255,154
3,255,157
3,255,157
3,255,157
3,255,157
3,255,156
3,255,155
3,255,155
3,255,155
3,255,155
3,255,155
3,255,155
3,255,157
3,255,157
3,255,157
3,255,158
3,255,158
3,255,158
3,255,158
3,255,158
3,255,158
3,255,158
3,255,158
3,255,158
3,255,158
3,255,158
3,255,158
3,255,158
3,253,157
3,253,157
3,253,154
3,253,154
3,253,153
3,253,153
3,255,153
3,255,152
3,255,152
3,255,152
3,255,152
3,255,153
3,255,154
3,253,154
3,253,156
3,253,157
3,255,158
3,255,159
3,255,159
3,255,159
3,255,160
3,253,162
3,253,162
3,252,163
3,252,161
3,252,161
3,253,160
3,253,160
3,253,160
3,255,159
3,255,159
3,255,159
3,255,159
3,255,159
3,255,159
3,255,159
3,255,159
3,255,159
3,255,159
3,253,160
3,253,160
3,253,159
3,253,159
3,253,159
3,253,158
3,253,158
3,253,157
3,253,156
3,253,156
3,253,156
3,255,155
3,255,155
3,255,154
3,255,154
3,255,156
3,255,156
3,255,156
3,255,157
3,255,158
3,253,159
3,253,159
3,253,159
3,253,159
3,253,159
3,253,159
3,253,159
3,253,158
3,255,158
3,255,158
3,255,157
3,255,158
3,255,158
3,255,158
3,255,159
3,255,159
3,255,160
3,255,161
3,255,163
3,255,164
3,255,164
3,253,164
3,253,165
3,253,165
3,253,165
3,253,164
3,253,164
3,253,163
3,253,163
3,253,163
3,253,161
3,255,160
3,255,159
3,255,159
3,255,159
3,255,159
3,255,159
3,253,159
3,253,158
3,253,157
3,253,156
3,255,154
3,255,153
3,253,153
3,252,152
3,250,150
3,250,145
3,248,138
3,249,132
3,251,128
3,253,126
3,255,126
3,255,126
3,255,127
3,253,116
3,255,115
3,255,115
3,255,118
3,255,119
3,255,125
3,255,131
3,253,136
3,253,138
3,253,139
3,253,142
3,253,142
3,251,144
3,252,146
3,250,146
3,250,147
3,250,148
3,252,149
3,252,149
3,252,150
3,253,152
3,255,152
3,255,152
3,255,153
3,255,153
3,255,154
3,255,154
3,255,154
3,255,155
3,255,155
3,253,155
3,253,154
3,253,154
3,253,154
3,253,153
3,253,153
3,253,154
3,255,154
3,255,154
3,255,154
3,255,155
3,255,157
3,255,157
3,255,157
3,255,157
3,255,157
3,255,155
3,255,155
3,255,155
3,255,155
3,255,155
3,255,155
3,255,157
3,255,157
3,255,157
3,255,158
3,255,158
3,255,158
3,255,158
3,255,159
3,255,158
3,255,158
3,255,158
3,255,158
3,255,158
3,255,158
3,255,158
3,255,158
3,253,157
3,253,157
3,253,154
3,253,154
3,253,153
3,253,153
3,253,153
3,253,152
3,255,152
3,255,152
3,255,152
3,255,153
3,255,154
3,255,154
3,255,156
3,255,157
3,255,158
3,255,159
3,255,159
3,255,160
3,253,162
3,253,162
3,253,163
3,252,163
3,252,163
3,252,161
3,252,161
3,253,160
3,253,160
3,255,159
3,255,159
3,255,159
3,255,159
3,255,159
3,255,159
3,255,159
3,255,159
3,255,160
3,253,160
3,253,160
3,253,160
3,253,160
3,253,160
3,253,160
3,253,159
3,253,159
3,253,158
3,253,157
3,253,156
3,253,156
3,255,155
3,255,154
3,255,154
3,255,154
3,255,154
3,255,155
3,255,156
3,255,156
3,255,158
3,253,159
3,253,159
3,253,159
3,253,159
3,253,159
3,253,159
3,253,158
3,255,158
3,255,158
3,255,157
3,255,157
3,255,157
3,255,158
3,255,158
3,255,159
3,255,159
3,255,160
3,255,160
3,255,161
3,255,163
3,255,163
3,255,163
3,253,163
3,253,163
3,253,163
3,253,163
3,253,163
3,253,163
3,253,163
3,253,163
3,253,162
3,255,160
3,255,159
3,255,159
3,255,159
3,255,159
3,255,159
3,253,159
3,253,158
3,253,158
3,253,157
3,255,154
3,255,154
3,255,153
3,253,152
3,250,150
3,248,146
3,248,140
3,247,134
3,249,129
3,251,127
3,255,127
3,255,127
3,255,127
3,253,116
3,255,114
3,255,114
3,255,114
3,255,115
3,255,119
3,255,125
3,255,132
3,253,136
3,253,139
3,253,140
3,253,142
3,251,143
3,252,146
3,252,146
3,250,147
3,250,148
3,250,149
3,250,150
3,252,152
3,252,152
3,255,152
3,255,153
3,255,153
3,255,153
3,255,154
3,255,156
3,255,156
3,255,156
3,255,156
3,253,156
3,253,155
3,253,155
3,253,154
3,253,154
3,253,154
3,253,154
3,253,154
3,255,154
3,255,154
3,255,154
3,255,156
3,255,157
3,255,157
3,255,157
3,255,157
3,255,157
3,255,155
3,255,155
3,255,155
3,255,155
3,255,155
3,255,155
3,255,157
3,255,157
3,255,157
3,255,158
3,255,158
3,255,158
3,255,159
3,255,159
3,255,159
3,255,159
3,255,159
3,255,158
3,255,158
3,255,158
3,255,158
3,255,158
3,253,157
3,253,157
3,253,154
3,253,153
3,253,153
3,253,153
3,253,152
3,253,152
3,255,152
3,255,152
3,255,152
3,255,153
3,255,153
3,255,154
3,255,156
3,255,157
3,255,158
3,255,159
3,255,159
3,253,160
3,253,162
3,253,162
3,253,163
3,252,163
3,252,163
3,252,162
3,252,161
3,253,160
3,253,159
3,253,159
3,255,159
3,255,159
3,255,159
3,255,159
3,255,159
3,255,159
3,255,160
3,255,160
3,253,160
3,253,160
3,253,160
3,253,160
3,253,160
3,253,160
3,253,160
3,253,160
3,253,159
3,253,158
3,253,157
3,253,156
3,255,155
3,255,153
3,255,153
3,255,153
3,255,154
3,255,154
3,255,156
3,255,156
3,255,158
3,253,159
3,253,159
3,253,159
3,253,159
3,253,159
3,253,159
3,253,159
3,253,158
3,255,158
3,255,157
3,255,157
3,255,157
3,255,158
3,255,158
3,255,159
3,255,159
3,255,159
3,255,160
3,255,160
3,255,161
3,255,162
3,255,162
3,253,163
3,253,163
3,253,163
3,253,163
3,253,163
3,253,163
3,253,163
3,253,163
3,253,162
3,255,160
3,255,160
3,255,159
3,255,159
3,255,159
3,253,159
3,253,159
3,253,159
3,253,158
3,253,157
3,255,155
3,255,155
3,255,153
3,253,153
3,252,150
3,248,148
3,248,142
3,248,138
3,247,132
3,249,127
3,255,127
3,255,127
3,255,127
3,255,127
3,253,114
3,255,112
3,255,112
3,255,113
3,255,114
3,255,119
3,255,125
3,253,132
3,253,137
3,253,139
3,253,142
3,253,143
3,251,145
3,252,146
2,250,147
2,250,148
2,250,149
3,250,149
3,252,151
3,252,152
3,252,152
3,255,153
3,255,153
3,255,153
3,255,154
3,255,156
3,255,156
3,255,156
3,255,156
3,255,156
3,255,156
3,253,155
3,253,155
3,253,155
3,253,154
3,253,154
3,253,154
3,255,154
3,255,154
3,255,154
3,255,155
3,255,155
3,255,157
3,255,157
3,255,157
3,255,157
3,255,157
3,255,155
3,255,155
3,255,155
3,255,155
3,255,155
3,255,157
3,255,157
3,255,157
3,255,158
3,255,158
3,255,158
3,255,158
3,255,159
3,253,159
3,253,159
3,253,159
3,255,159
3,255,159
3,255,158
3,255,158
3,255,158
3,255,158
3,255,158
3,253,157
3,253,154
3,253,153
3,253,153
3,253,153
3,253,152
3,253,152
3,255,152
3,255,152
3,255,152
3,255,153
3,255,153
3,255,154
3,255,156
3,255,157
3,255,158
3,255,159
3,255,159
3,255,160
3,255,162
3,253,162
3,253,163
3,253,163
3,252,162
3,252,162
3,253,161
3,253,160
3,253,160
3,253,159
3,255,159
3,255,159
3,255,159
3,255,159
3,255,159
3,255,159
3,255,160
3,253,160
3,253,160
3,253,162
3,253,162
3,253,162
3,253,162
3,253,160
3,253,160
3,253,160
3,253,160
3,253,159
3,253,158
3,253,157
3,255,156
3,255,154
3,255,153
3,255,153
3,255,154
3,255,154
3,255,156
3,255,156
3,255,158
3,253,158
3,253,159
3,253,159
3,253,159
3,253,159
3,253,159
3,253,159
3,253,158
3,253,158
3,253,158
3,255,157
3,255,158
3,253,158
3,253,159
3,253,159
3,253,159
3,253,159
3,255,159
3,255,160
3,255,160
3,255,160
3,255,161
3,253,161
3,253,162
3,253,163
3,253,163
3,253,163
3,253,163
3,253,163
3,253,162
3,253,161
3,255,161
3,255,160
3,255,160
3,255,159
3,255,159
3,253,159
3,253,159
3,253,159
3,253,158
3,255,157
3,255,156
3,255,155
3,255,154
3,253,153
3,252,151
3,250,149
3,248,145
3,248,138
3,249,134
3,249,129
3,255,127
3,255,127
3,255,127
3,255,127
3,251,116
3,253,111
3,255,110
3,255,111
3,255,112
3,255,114
3,255,122
3,253,129
3,253,135
3,253,139
3,253,142
3,253,143
3,253,143
3,252,146
3,252,147
3,252,147
3,250,148
3,252,149
3,252,150
3,252,151
3,252,152
3,253,153
3,255,153
3,255,153
3,255,154
3,255,155
3,255,156
3,255,156
3,255,156
3,255,157
3,255,157
3,255,157
3,253,157
3,253,155
3,253,155
3,253,155
3,253,154
3,253,154
3,255,154
3,255,154
3,255,155
3,255,155
3,255,155
3,255,156
3,255,157
3,255,157
3,255,157
3,255,157
3,255,156
3,255,156
3,255,155
3,255,155
3,255,157
3,255,157
3,255,157
3,255,157
3,255,158
3,255,158
3,255,158
3,255,158
3,255,159
3,253,159
3,253,159
3,253,159
3,253,159
3,253,159
3,255,159
3,255,158
3,255,158
3,255,158
3,255,158
3,255,157
3,253,154
3,253,153
3,253,153
3,253,153
3,253,152
3,255,152
3,255,152
3,255,153
3,255,153
3,255,153
3,255,153
3,255,154
3,255,156
3,255,157
3,255,158
3,255,159
3,255,159
3,255,160
3,255,161
3,253,162
3,253,162
3,253,162
3,253,162
3,253,162
3,253,161
3,253,160
3,253,160
3,253,160
3,255,159
3,255,159
3,255,159
3,255,159
3,255,159
3,255,159
3,255,160
3,253,160
3,253,162
3,253,163
3,253,163
3,253,163
3,253,163
3,253,163
3,253,162
3,253,161
3,253,160
3,253,160
3,253,159
3,253,159
3,253,157
3,255,156
3,255,154
3,255,154
3,255,154
3,255,155
3,255,156
3,255,156
3,255,158
3,253,158
3,253,159
3,253,159
3,253,159
3,253,159
3,253,159
3,253,159
3,253,159
3,253,159
3,253,158
3,253,158
3,253,158
3,253,158
3,253,159
3,253,159
3,253,159
3,253,159
3,255,159
3,255,159
3,255,160
3,255,160
3,255,160
3,255,161
3,253,161
3,253,162
3,253,163
3,253,163
3,253,163
3,253,163
3,253,162
3,253,161
3,255,161
3,255,160
3,255,160
3,255,160
3,255,159
3,253,159
3,253,159
3,253,159
3,253,158
3,255,158
3,255,157
3,255,156
3,255,155
3,253,153
3,252,153
3,252,150
3,250,148
3,248,141
3,249,137
3,249,131
3,251,128
3,255,127
3,255,127
3,255,126
3,255,127
3,250,112
3,253,109
3,255,109
3,255,110
3,255,112
3,255,117
3,253,125
3,253,132
3,253,137
3,253,139
3,253,142
3,253,143
3,251,145
3,252,147
3,252,147
3,252,148
3,252,149
3,252,149
3,252,150
3,252,151
3,252,152
3,255,153
3,255,153
3,255,153
3,255,155
3,255,156
3,255,156
3,255,156
3,255,157
3,255,157
3,255,157
3,253,157
3,253,157
3,253,157
3,253,157
3,253,155
3,253,155
3,253,155
3,255,155
3,255,155
3,255,155
3,255,155
3,255,155
3,255,156
3,255,157
3,255,157
3,255,157
3,255,157
3,255,157
3,255,157
3,255,157
3,255,157
3,255,157
3,255,157
3,255,157
3,255,158
3,255,158
3,255,158
3,255,158
3,255,158
3,255,159
3,253,159
3,253,159
3,253,159
3,253,159
3,253,160
3,255,159
3,255,159
3,255,158
3,255,158
3,255,158
3,255,157
3,255,154
3,253,153
3,253,153
3,253,153
3,255,152
3,255,153
3,255,153
3,255,153
3,255,153
3,255,153
3,255,153
3,255,153
3,255,156
3,255,156
3,255,157
3,255,158
3,255,159
3,255,160
3,255,161
3,255,161
3,253,162
3,253,162
3,253,162
3,253,161
3,253,160
3,253,160
3,253,160
3,253,159
3,255,159
3,255,159
3,255,159
3,255,159
3,255,159
3,255,159
3,253,160
3,253,160
3,253,162
3,253,163
3,253,163
3,253,163
3,253,163
3,253,163
3,253,163
3,253,163
3,253,161
3,253,161
3,253,160
3,253,159
3,253,159
3,253,157
3,255,156
3,255,156
3,255,156
3,255,156
3,255,156
3,255,156
3,255,158
3,253,158
3,253,159
3,253,159
3,253,159
3,253,159
3,253,159
3,253,159
3,253,159
3,253,159
3,253,159
3,253,158
3,253,158
3,253,158
3,253,158
3,253,159
3,253,159
3,253,159
3,253,159
3,253,159
3,255,159
3,255,159
3,255,160
3,255,160
3,255,161
3,253,162
3,253,162
3,253,162
3,253,162
3,253,162
3,255,161
3,255,161
3,255,160
3,255,160
3,255,160
3,255,160
3,255,159
3,253,159
3,253,159
3,253,159
3,255,158
3,255,158
3,255,157
3,255,157
3,255,155
3,255,154
3,253,153
3,252,151
3,250,148
3,250,142
3,249,138
3,249,133
3,251,128
3,251,127
3,253,126
3,255,125
3,255,126
3,253,109
3,255,108
3,255,108
3,255,110
3,255,114
3,255,121
3,251,128
3,251,134
3,251,139
3,251,140
3,251,143
3,253,143
3,252,146
3,252,147
3,252,148
3,252,149
3,252,149
3,252,149
3,252,150
3,252,151
3,253,152
3,255,153
3,255,153
3,255,153
3,255,155
3,255,156
3,255,156
3,255,156
3,255,157
3,255,157
3,255,158
3,253,158
3,253,158
3,253,158
3,253,157
3,253,157
3,255,157
3,255,155
3,255,155
3,255,155
3,255,155
3,255,155
3,255,156
3,255,157
3,255,157
3,255,157
3,253,157
3,253,157
3,253,158
3,253,157
3,255,157
3,255,157
3,255,157
3,255,157
3,255,158
3,255,158
3,255,158
3,255,158
3,255,158
3,255,158
3,253,158
3,253,159
3,253,159
3,253,159
3,253,160
3,253,160
3,253,159
3,255,159
3,255,159
3,255,158
3,255,158
3,255,157
3,255,154
3,253,154
3,253,153
3,255,153
3,255,153
3,255,153
3,255,153
3,255,153
3,255,153
3,255,153
3,255,153
3,255,153
3,255,156
3,255,156
3,255,157
3,255,158
3,255,159
3,255,159
3,255,161
3,255,161
3,255,161
3,253,161
3,253,161
3,253,160
3,253,160
3,253,160
3,255,160
3,255,159
3,255,159
3,255,159
3,255,159
3,255,159
3,255,159
3,255,159
3,253,160
3,253,162
3,253,163
3,253,163
3,253,163
3,253,163
3,253,163
3,253,163
3,253,163
3,253,163
3,253,163
3,253,161
3,253,161
3,253,160
3,253,159
3,253,159
3,253,157
3,253,156
3,253,156
3,253,156
3,255,156
3,255,157
3,255,158
3,253,158
3,253,159
3,253,159
3,253,159
3,253,159
3,253,159
3,253,159
3,253,159
3,253,159
3,253,159
3,253,159
3,253,159
3,253,159
3,253,159
3,253,159
3,253,159
3,253,159
3,253,159
3,253,159
3,253,159
3,255,159
3,255,159
3,255,160
3,255,161
3,255,162
3,255,162
3,255,162
3,255,162
3,255,161
3,255,160
3,255,160
3,255,160
3,255,160
3,255,160
3,255,159
3,255,159
3,253,159
3,253,159
3,253,159
3,255,158
3,255,158
3,255,158
3,255,157
3,255,156
3,255,154
3,253,153
3,252,152
3,250,150
3,250,146
3,250,141
3,249,137
3,249,128
3,251,126
3,251,125
3,253,124
3,255,124
3,251,114
3,253,109
3,255,109
3,255,109
3,255,112
3,255,116
3,253,123
3,251,131
3,251,137
3,251,139
3,251,141
3,251,143
3,251,144
3,252,147
3,252,147
3,252,148
3,252,149
3,252,149
3,252,149
3,252,150
3,253,151
3,255,152
3,255,152
3,255,153
3,255,153
3,255,155
3,255,156
3,255,156
3,255,157
3,253,157
3,253,157
3,253,158
3,253,158
3,253,158
3,253,158
3,255,157
3,255,157
3,255,157
3,255,157
3,255,157
3,255,157
3,255,157
3,255,157
3,255,157
3,255,157
3,253,157
3,253,158
3,253,158
3,253,158
3,253,158
3,253,158
3,253,158
3,255,157
3,255,158
3,255,158
3,255,158
3,255,158
3,255,158
3,255,158
3,255,158
3,253,158
3,253,158
3,253,159
3,253,159
3,253,159
3,253,160
3,253,160
3,253,160
3,255,159
3,255,158
3,255,158
3,255,158
3,255,157
3,253,154
3,253,154
3,253,153
3,255,153
3,255,153
3,255,153
3,255,153
3,255,153
3,255,153
3,255,153
3,255,153
3,255,153
3,255,156
3,255,156
3,255,157
3,255,158
3,255,159
3,255,159
3,255,159
3,255,159
3,255,161
3,255,160
3,255,159
3,255,159
3,255,159
3,255,159
3,255,159
3,255,159
3,255,159
3,255,159
3,255,159
3,255,159
3,255,159
3,253,160
3,253,162
3,253,162
3,253,163
3,253,163
3,253,163
3,253,163
3,253,163
3,253,163
3,253,163
3,253,163
3,253,163
3,253,163
3,253,161
3,253,160
3,253,160
3,253,159
3,253,159
3,253,157
3,253,156
3,253,156
3,253,157
3,253,157
3,255,158
3,253,158
3,253,159
3,253,159
3,253,159
3,253,159
3,253,159
3,253,159
3,253,159
3,253,159
3,253,159
3,253,159
3,253,159
3,253,159
3,253,158
3,253,158
3,253,159
3,253,159
3,253,159
3,255,159
3,255,159
3,255,159
3,255,159
3,255,159
3,255,160
3,255,162
3,255,162
3,255,162
3,255,160
3,255,160
3,255,160
3,255,160
3,255,160
3,255,160
3,255,160
3,255,159
3,255,159
3,255,159
3,253,159
3,255,158
3,255,158
3,255,158
3,255,158
3,255,157
3,255,157
3,255,154
3,253,153
3,253,152
3,252,151
3,250,148
3,250,141
3,249,138
3,249,129
3,251,125
3,251,124
3,251,124
3,253,124
3,253,125
3,253,113
3,253,111
3,255,111
3,255,111
3,255,114
3,255,120
3,253,126
3,251,134
3,251,139
3,251,140
3,251,141
3,251,143
3,251,144
3,252,147
3,250,148
3,250,148
3,250,149
3,252,149
3,252,149
3,253,150
3,253,151
3,255,152
3,255,152
3,255,153
3,255,153
3,255,155
3,253,156
3,253,156
3,253,157
3,253,157
3,253,157
3,255,157
3,253,158
3,253,158
3,253,158
3,255,157
3,255,157
3,255,157
3,255,157
3,255,157
3,255,157
3,255,157
3,255,157
3,255,157
3,253,157
3,253,158
3,253,158
3,253,158
3,253,158
3,253,158
3,253,158
3,253,158
3,253,158
3,255,158
3,255,158
3,255,158
3,255,158
3,255,158
3,255,158
3,255,158
3,253,158
3,253,158
3,253,159
3,253,159
3,253,159
3,253,160
3,253,160
3,253,160
3,255,159
3,255,158
3,255,158
3,255,157
3,253,157
3,253,154
3,253,154
3,255,153
3,255,153
3,255,153
3,255,153
3,255,153
3,255,153
3,255,153
3,255,153
3,255,153
3,255,155
3,255,156
3,255,156
3,255,157
3,255,158
3,255,159
3,255,159
3,255,159
3,255,159
3,255,159
3,255,159
3,255,159
3,255,159
3,255,159
3,255,159
3,255,159
3,255,159
3,255,159
3,255,159
3,255,159
3,255,159
3,255,159
3,253,160
3,253,162
3,253,162
3,253,163
3,253,163
3,253,163
3,253,163
3,253,163
3,253,163
3,253,163
3,253,163
3,253,163
3,253,163
3,253,163
3,253,161
3,253,160
3,253,160
3,253,159
3,253,158
3,253,157
3,253,157
3,255,157
3,255,158
3,255,158
3,255,158
3,253,159
3,253,159
3,253,159
3,253,159
3,253,159
3,253,159
3,253,159
3,253,159
3,253,159
3,253,159
3,253,159
3,253,158
3,253,158
3,255,158
3,255,158
3,255,158
3,255,158
3,255,158
3,255,159
3,255,159
3,255,159
3,255,159
3,255,160
3,255,160
3,255,160
3,255,160
3,255,160
3,255,160
3,255,160
3,255,160
3,255,160
3,255,160
3,255,160
3,255,159
3,255,159
3,255,159
3,253,159
3,255,158
3,255,158
3,255,158
3,253,158
3,253,157
3,255,157
3,255,154
3,253,153
3,253,152
3,252,152
3,250,149
3,250,144
3,249,139
3,249,131
3,251,126
3,251,124
3,253,123
3,253,123
3,255,124
3,253,115
3,253,113
3,255,112
3,255,112
3,255,112
3,255,116
3,255,123
3,253,129
3,251,134
3,251,139
3,251,140
3,251,141
3,251,143
3,251,144
3,250,147
3,250,148
3,250,148
3,250,149
3,252,149
3,252,149
3,253,150
3,253,151
3,255,152
3,255,152
3,255,153
3,255,153
3,255,155
3,253,156
3,253,156
3,253,157
3,253,157
3,255,157
3,255,157
3,255,157
3,255,157
3,255,157
3,255,157
3,255,157
3,255,157
3,255,157
3,255,157
3,255,157
3,255,157
3,255,157
3,255,158
3,255,158
3,253,158
3,253,158
3,253,158
3,253,158
3,253,158
3,253,158
3,253,158
3,255,158
3,255,158
3,255,158
3,255,158
3,255,158
3,255,158
3,255,158
3,255,158
3,255,158
3,255,159
3,255,159
3,253,159
3,255,159
3,255,159
3,253,160
3,253,159
3,255,159
3,255,158
3,255,158
3,255,157
3,253,157
3,253,154
3,255,154
3,255,153
3,255,153
3,255,153
3,255,153
3,255,153
3,255,153
3,255,153
3,255,153
3,255,155
3,255,156
3,255,156
3,255,156
3,255,158
3,255,158
3,255,159
3,255,159
3,255,159
3,255,159
3,255,159
3,255,159
3,255,159
3,255,159
3,255,159
3,255,158
3,255,158
3,255,158
3,255,159
3,255,159
3,255,159
3,255,159
3,253,160
3,253,162
3,253,162
3,253,163
3,253,163
3,253,163
3,253,163
3,253,163
3,253,164
3,253,164
3,253,163
3,253,163
3,253,163
3,253,163
3,253,163
3,253,161
3,253,161
3,253,160
3,253,160
3,253,159
3,253,158
3,255,157
3,255,157
3,255,158
3,255,158
3,255,158
3,253,159
3,253,159
3,253,159
3,253,159
3,253,159
3,253,159
3,253,159
3,253,159
3,253,159
3,253,159
3,253,159
3,253,158
3,253,158
3,255,158
3,255,158
3,255,157
3,255,158
3,255,158
3,255,158
3,255,159
3,255,159
3,255,159
3,255,159
3,255,160
3,255,160
3,255,160
3,255,160
3,255,160
3,255,160
3,255,160
3,255,160
3,255,159
3,255,159
3,255,159
3,255,159
3,255,159
3,253,159
3,253,159
3,253,159
3,255,158
3,253,158
3,253,157
3,255,157
3,255,156
3,253,153
3,253,152
3,252,152
3,250,149
3,248,145
3,248,140
3,249,133
3,249,127
3,251,124
3,253,123
3,255,122
3,255,123
3,255,124
3,253,115
3,253,114
3,255,113
3,255,113
3,255,114
3,255,120
4,255,126
3,253,132
3,253,137
3,253,139
3,253,141
3,253,141
3,251,143
3,251,144
3,250,147
3,250,148
3,250,148
3,250,149
3,252,149
3,252,149
3,253,150
3,253,150
3,255,152
3,255,152
3,255,153
3,255,153
3,255,155
3,253,156
3,253,156
3,253,156
3,255,157
3,255,157
3,255,157
3,255,157
3,255,157
3,255,157
3,255,157
3,255,157
3,255,157
3,255,157
3,255,157
3,255,157
3,255,157
3,255,157
3,255,158
3,255,158
3,253,158
3,253,158
3,253,158
3,253,158
3,253,158
3,253,158
3,253,158
3,255,158
3,255,158
3,255,158
3,255,158
3,255,158
3,255,158
3,255,158
3,255,158
3,255,158
3,255,159
3,255,159
3,255,159
3,255,159
3,255,159
3,253,159
3,253,159
3,255,159
3,255,158
3,255,158
3,253,157
3,253,157
3,253,154
3,255,154
3,255,153
3,255,153
3,255,153
3,255,153
3,255,153
3,255,153
3,255,153
3,255,153
3,255,155
3,255,156
3,255,156
3,255,157
3,255,158
3,255,158
3,255,159
3,255,159
3,255,159
3,255,159
3,255,159
3,255,159
3,255,158
3,255,158
3,255,158
3,255,158
3,255,158
3,255,158
3,255,158
3,255,158
3,255,159
3,255,159
3,253,162
3,253,162
3,253,162
3,253,163
3,253,163
3,253,163
3,253,163
3,253,163
3,253,164
3,253,164
3,253,164
3,253,164
3,253,164
3,253,163
3,253,163
3,253,162
3,253,161
3,253,160
3,253,160
3,253,159
3,253,158
3,255,158
3,255,158
3,255,158
3,255,158
3,255,158
3,253,159
3,253,159
3,253,160
3,253,160
3,253,160
3,253,159
3,253,159
3,253,159
3,253,159
3,253,159
3,253,159
3,253,158
3,253,158
3,255,157
3,255,157
3,255,157
3,255,157
3,255,157
3,255,158
3,255,158
3,255,159
3,255,159
3,255,159
3,255,159
3,255,160
3,255,160
3,255,160
3,255,160
3,255,160
3,255,160
3,255,159
3,255,159
3,255,159
3,255,159
3,253,159
3,253,159
3,253,159
3,253,159
3,253,159
3,253,159
3,253,159
3,253,158
3,253,157
3,253,156
3,253,155
3,253,153
3,252,152
3,252,149
3,248,145
3,248,141
3,248,136
3,249,129
3,251,125
3,253,123
3,255,122
3,255,122
3,255,124
3,253,115
3,253,114
3,255,114
3,255,114
3,255,119
3,255,123
3,253,129
3,253,133
3,253,138
3,253,139
3,253,141
3,253,141
3,251,143
3,250,144
3,250,147
3,250,148
3,250,148
3,250,148
3,252,149
3,252,150
3,252,150
3,253,150
3,255,152
3,255,152
3,255,153
3,255,153
3,255,155
3,253,156
3,253,156
3,253,156
3,255,157
3,255,157
3,255,157
3,255,157
3,255,157
3,255,157
3,255,157
3,255,157
3,255,157
3,255,157
3,255,157
3,255,157
3,255,157
3,255,158
3,255,158
3,255,158
3,255,158
3,255,158
3,255,158
3,255,158
3,255,158
3,255,158
3,255,158
3,255,158
3,255,158
3,255,158
3,255,158
3,255,158
3,255,158
3,255,158
3,255,158
3,255,158
3,255,159
3,255,159
3,255,159
3,255,159
3,255,159
3,253,159
3,253,159
3,253,159
3,253,158
3,253,158
3,253,157
3,253,156
3,253,154
3,255,153
3,255,153
3,255,153
3,255,153
3,255,153
3,255,153
3,255,153
3,255,155
3,255,155
3,255,156
3,255,156
3,255,157
3,255,158
3,255,158
3,255,158
3,255,159
3,255,159
3,255,159
3,255,159
3,255,159
3,255,159
3,255,158
3,255,158
3,255,158
3,255,158
3,255,157
3,255,157
3,255,157
3,255,158
3,255,158
3,255,159
3,253,162
3,253,162
3,253,163
3,253,163
3,253,163
3,253,163
3,253,163
3,253,164
3,253,164
3,253,164
3,253,164
3,253,164
3,253,164
3,253,164
3,253,163
3,253,162
3,253,161
3,253,161
3,253,160
3,253,160
3,253,158
3,255,158
3,255,158
3,255,158
3,255,158
3,255,158
3,255,159
3,253,160
3,255,160
3,255,160
3,253,160
3,253,160
3,253,160
3,253,160
3,253,159
3,253,159
3,253,158
3,253,158
3,255,157
3,255,157
3,255,157
3,255,157
3,255,157
3,255,157
3,255,157
3,255,158
3,255,158
3,255,159
3,253,159
3,253,159
3,255,159
3,255,159
3,255,159
3,255,159
3,255,159
3,255,159
3,255,159
3,255,159
3,255,159
3,253,159
3,253,159
3,253,159
3,253,159
3,253,159
3,253,159
3,253,159
3,253,159
3,253,158
3,253,157
3,253,156
3,252,155
3,252,153
3,252,152
3,252,149
3,250,145
3,248,141
3,248,137
3,247,131
3,249,127
3,253,124
3,255,121
3,255,121
3,255,122
3,253,115
3,253,115
3,253,115
3,255,114
3,255,116
3,255,121
4,255,127
3,253,131
3,253,136
3,253,139
3,253,140
3,253,141
3,253,142
3,251,142
3,250,144
2,250,147
3,250,148
3,250,148
3,250,148
3,252,149
3,252,150
3,252,150
3,252,150
3,253,152
3,255,153
3,255,153
3,255,153
3,255,155
3,253,156
3,253,156
3,253,156
3,255,157
3,255,157
3,255,157
3,255,157
3,255,157
3,255,157
3,255,157
3,255,157
3,255,157
3,255,157
3,255,157
3,255,157
3,255,158
3,255,158
3,255,158
3,255,158
3,255,158
3,255,158
3,255,158
3,255,158
3,255,158
3,255,158
3,255,158
3,255,158
3,255,158
3,255,158
3,255,158
3,255,158
3,255,158
3,255,157
3,255,158
3,255,158
3,255,158
3,255,159
3,255,159
3,255,159
3,253,159
3,253,159
3,253,159
3,253,159
3,253,158
3,253,157
3,253,157
3,253,156
3,253,154
3,255,153
3,255,153
3,255,153
3,255,153
3,255,153
3,255,153
3,255,155
3,255,156
3,255,156
3,255,156
3,255,157
3,255,158
3,255,158
3,255,158
3,255,158
3,255,159
3,255,159
3,255,159
3,255,159
3,255,159
3,255,158
3,255,158
3,255,158
3,255,157
3,255,157
3,255,156
3,255,156
3,255,156
3,255,157
3,255,158
3,255,159
3,253,160
3,253,162
3,253,163
3,253,163
3,253,163
3,253,163
3,253,163
3,253,164
3,253,164
3,253,164
3,253,164
3,253,164
3,253,164
3,253,164
3,253,163
3,253,162
3,253,162
3,253,161
3,253,160
3,253,160
3,253,158
3,255,158
3,255,158
3,255,158
3,255,158
3,255,159
3,255,160
3,255,160
3,255,160
3,255,160
3,253,160
3,253,160
3,253,160
3,253,160
3,253,160
3,253,159
3,253,158
3,255,158
3,255,157
3,255,157
3,255,157
3,255,157
3,255,157
3,255,157
3,255,157
3,255,157
3,255,158
3,255,158
3,255,159
3,255,159
3,255,159
3,255,159
3,255,159
3,255,159
3,255,159
3,255,159
3,255,159
3,255,159
3,253,159
3,253,159
3,253,159
3,253,159
3,253,159
3,253,159
3,253,159
3,253,159
3,253,159
3,253,159
3,253,158
3,253,157
3,252,156
3,252,155
3,252,153
3,252,151
3,250,148
3,250,143
3,248,139
3,247,134
3,249,128
3,253,124
3,255,121
3,255,121
3,255,121
3,255,123
3,253,116
3,253,115
3,253,115
3,253,116
3,253,120
3,253,125
3,253,129
3,253,133
3,253,136
3,253,139
3,253,141
3,253,141
3,253,142
3,251,143
3,250,145
2,250,147
3,250,147
3,250,148
3,252,148
3,252,149
3,252,150
3,252,150
3,252,150
3,253,152
3,255,153
3,255,153
3,255,153
3,255,155
3,253,156
3,253,156
3,253,156
3,255,156
3,255,157
3,255,157
3,255,157
3,255,157
3,255,157
3,255,157
3,255,157
3,253,157
3,253,157
3,253,157
3,253,157
3,252,157
3,252,158
3,255,158
3,255,158
3,255,158
3,255,158
3,255,158
3,255,158
3,255,158
3,255,158
3,255,158
3,255,158
3,255,158
3,255,158
3,255,158
3,255,158
3,255,158
3,255,157
3,255,158
3,255,158
3,255,158
3,255,159
3,255,159
3,255,159
3,253,159
3,253,159
3,253,159
3,253,159
3,252,158
3,252,157
3,253,157
3,253,156
3,253,155
3,255,153
3,255,153
3,255,153
3,255,153
3,255,155
3,255,156
3,255,156
3,255,156
3,255,156
3,255,158
3,255,158
3,255,158
3,255,158
3,255,158
3,255,159
3,255,159
3,255,159
3,255,159
3,255,159
3,255,158
3,255,158
3,255,158
3,255,157
3,255,156
3,253,156
3,253,156
3,253,155
3,255,155
3,255,156
3,255,157
3,255,158
3,253,159
3,253,161
3,253,163
3,253,163
3,253,163
3,253,163
3,253,163
3,253,164
3,253,164
3,253,164
3,253,164
3,253,164
3,253,164
3,253,164
3,253,163
3,253,163
3,253,162
3,253,161
3,253,160
3,253,160
3,253,158
3,255,158
3,255,158
3,255,158
3,255,158
3,255,159
3,255,160
3,255,160
3,255,160
3,255,160
3,253,160
3,253,161
3,253,161
3,253,161
3,253,160
3,253,160
3,253,159
3,255,158
3,255,157
3,255,157
3,255,157
3,255,157
3,255,156
3,255,157
3,255,157
3,255,157
3,255,157
3,255,157
3,255,158
3,255,158
3,255,158
3,255,158
3,255,159
3,255,159
3,255,159
3,255,159
3,255,159
3,253,159
3,253,159
3,253,159
3,253,159
3,253,159
3,253,159
3,253,159
3,253,159
3,253,159
3,253,159
3,253,159
3,253,158
3,253,157
3,252,156
3,252,155
3,252,155
3,252,151
3,250,148
3,250,145
3,248,139
3,247,135
3,249,130
3,251,125
3,253,121
3,255,121
3,255,121
3,255,121
3,251,116
3,253,116
3,253,116
3,253,118
3,253,122
3,253,127
3,253,132
3,253,135
3,255,137
3,255,139
3,255,141
3,253,142
3,253,142
3,251,143
3,251,145
2,250,147
2,250,147
3,252,148
3,252,148
3,252,149
3,252,150
3,252,150
3,252,150
3,253,152
3,255,153
3,255,153
3,255,153
3,255,155
3,255,155
3,255,156
3,255,156
3,255,156
3,255,157
3,255,157
3,255,157
3,255,157
3,255,157
3,255,155
3,255,156
3,253,157
3,253,157
3,253,157
3,253,157
3,252,157
3,252,157
3,253,158
3,255,158
3,255,158
3,255,158
3,255,158
3,255,158
3,255,158
3,255,158
3,255,158
3,255,158
3,255,158
3,255,158
3,255,158
3,255,158
3,255,158
3,255,158
3,255,158
3,255,158
3,255,158
3,255,158
3,255,159
3,255,159
3,253,159
3,253,159
3,253,159
3,252,158
3,252,157
3,252,157
3,252,157
3,253,156
3,253,156
3,255,155
3,255,154
3,255,155
3,255,156
3,255,156
3,255,157
3,255,157
3,255,157
3,253,158
3,253,159
3,253,159
3,253,159
3,253,159
3,253,159
3,255,159
3,255,159
3,255,159
3,255,159
3,255,159
3,255,158
3,255,158
3,255,157
3,255,156
3,253,156
3,253,154
3,253,154
3,253,154
3,255,155
3,255,155
3,255,156
3,255,157
3,253,158
3,253,160
3,253,162
3,253,163
3,253,163
3,253,163
3,253,163
3,253,164
3,253,164
3,253,164
3,253,164
3,253,164
3,253,164
3,253,164
3,253,164
3,253,163
3,253,162
3,253,162
3,253,160
3,253,160
3,255,158
3,255,158
3,255,158
3,255,158
3,255,159
3,255,159
3,255,160
3,255,160
3,255,160
3,255,160
3,253,161
3,253,161
3,253,162
3,253,161
3,253,161
3,253,160
3,253,159
3,253,159
3,255,158
3,255,157
3,255,157
3,255,156
3,255,156
3,255,156
3,255,157
3,255,157
3,255,157
3,255,157
3,255,158
3,255,158
3,255,158
3,255,158
3,255,158
3,255,158
3,253,159
3,253,159
3,253,159
3,253,159
3,253,159
3,253,159
3,253,159
3,253,159
3,253,159
3,253,159
3,253,159
3,253,159
3,253,159
3,253,159
3,253,159
3,252,158
3,252,156
3,252,156
3,252,155
3,252,152
3,252,150
3,250,146
3,248,141
3,248,137
3,249,132
3,251,126
3,253,123
3,253,121
3,255,121
3,253,121
4,253,118
3,253,117
3,253,117
3,253,118
3,253,120
3,253,125
3,251,129
3,253,132
3,253,136
3,255,137
3,255,139
3,255,141
3,253,142
3,253,142
3,251,144
3,252,146
2,250,147
3,252,147
3,252,147
3,252,148
3,252,149
3,252,150
3,252,150
3,252,150
3,253,152
3,255,153
3,255,153
3,255,153
3,255,155
3,255,155
3,255,156
3,255,156
3,255,156
3,255,157
3,255,157
3,255,156
3,255,155
3,255,155
3,255,155
3,255,155
3,253,156
3,253,156
3,253,156
3,252,157
3,252,157
3,252,157
3,253,157
3,255,157
3,255,158
3,255,158
3,255,158
3,255,158
3,255,158
3,255,158
3,255,158
3,255,158
3,255,158
3,255,158
3,255,158
3,255,158
3,255,158
3,255,158
3,255,158
3,255,158
3,255,158
3,255,158
3,255,158
3,255,159
3,253,159
3,253,159
3,252,158
3,252,158
3,252,157
3,252,157
3,252,157
3,253,156
3,253,156
3,255,156
3,255,156
3,255,156
3,255,157
3,255,157
3,255,158
3,253,159
3,253,159
3,253,159
3,253,159
3,253,160
3,253,160
3,253,160
3,253,160
3,253,160
3,253,159
3,255,159
3,255,159
3,255,159
3,255,158
3,255,157
3,255,157
3,253,156
3,253,156
3,253,154
3,253,153
3,253,153
3,255,153
3,255,154
3,255,155
3,255,156
3,255,157
3,253,159
3,253,160
3,253,163
3,253,163
3,253,163
3,253,163
3,253,164
3,253,164
3,253,164
3,253,164
3,253,164
3,253,164
3,253,164
3,253,164
3,253,163
3,253,163
3,253,162
3,253,161
3,253,160
3,255,158
3,255,158
3,255,158
3,255,158
3,255,159
3,255,159
3,255,160
3,255,160
3,255,160
3,253,161
3,253,162
3,253,162
3,253,162
3,253,162
3,253,162
3,253,161
3,253,160
3,253,159
3,253,159
3,255,157
3,255,157
3,255,156
3,255,156
3,255,156
3,255,157
3,255,157
3,255,157
3,255,157
3,255,157
3,255,157
3,255,158
3,255,158
3,255,158
3,255,158
3,253,159
3,253,159
3,253,159
3,253,159
3,253,159
3,253,159
3,253,159
3,253,159
3,253,159
3,253,159
3,253,159
3,253,159
3,253,159
3,253,159
3,253,159
3,253,158
3,252,156
3,253,156
3,253,155
3,252,152
3,252,150
3,250,147
3,248,144
3,248,139
3,247,134
3,249,128
3,251,124
3,253,121
3,253,121
3,253,121
3,253,122
4,253,119
3,253,118
3,253,118
3,253,119
3,251,123
3,251,127
3,251,131
3,251,133
3,253,136
3,255,138
3,255,139
3,255,141
3,253,142
3,253,143
3,251,145
3,250,146
2,250,147
3,252,147
3,252,147
3,252,148
3,252,149
3,252,150
3,252,150
3,252,150
3,253,152
3,255,153
3,255,153
3,255,153
3,255,155
3,253,156
3,253,156
3,255,156
3,255,156
3,255,157
3,255,157
3,255,156
3,255,155
3,255,155
3,255,155
3,255,155
3,253,155
3,253,155
3,252,155
3,252,155
3,253,156
3,253,156
3,255,156
3,255,156
3,255,157
3,255,157
3,255,157
3,255,158
3,255,158
3,255,158
3,255,158
3,255,158
3,255,158
3,255,158
3,255,158
3,255,158
3,255,158
3,255,158
3,255,158
3,255,158
3,255,158
3,255,157
3,255,157
3,255,158
3,253,158
3,253,158
3,252,158
3,252,157
3,252,157
3,252,157
3,252,157
3,253,156
3,253,156
3,253,156
3,255,156
3,255,157
3,255,158
3,255,158
3,253,159
3,253,159
3,253,160
3,253,160
3,253,160
3,253,161
3,253,161
3,252,161
3,252,161
3,253,160
3,253,160
3,253,160
3,255,159
3,255,159
3,255,158
3,255,157
3,253,156
3,253,156
3,253,154
3,253,154
3,253,153
3,252,153
3,252,153
3,253,153
3,255,154
3,255,155
3,255,156
3,253,158
3,253,159
3,253,161
3,253,163
3,253,163
3,253,163
3,253,163
3,253,164
3,253,164
3,253,164
3,253,164
3,253,164
3,253,164
3,253,164
3,253,163
3,253,163
3,253,162
3,253,161
3,253,160
3,255,158
3,255,158
3,255,158
3,255,158
3,255,159
3,255,159
3,255,160
3,255,160
3,253,161
3,253,161
3,253,162
3,253,163
3,253,163
3,253,162
3,253,162
3,253,161
3,253,160
3,253,159
3,253,159
3,253,158
3,255,157
3,255,156
3,255,156
3,255,156
3,253,157
3,253,157
3,253,157
3,255,157
3,255,157
3,255,157
3,255,157
3,255,158
3,255,158
3,253,159
3,253,159
3,253,159
3,253,159
3,253,159
3,255,158
3,255,158
3,255,158
3,255,158
3,255,158
3,255,158
3,253,159
3,253,159
3,253,159
3,253,159
3,253,159
3,253,158
3,253,156
3,255,156
3,255,155
3,255,153
3,252,151
3,250,148
3,248,146
3,248,141
3,247,135
3,249,129
3,251,125
3,253,122
3,253,121
3,253,121
3,253,121
3,253,119
3,253,119
3,253,119
3,253,120
3,251,125
3,249,128
3,249,132
3,249,134
3,253,137
3,253,138
3,255,139
3,255,141
3,253,142
3,253,143
3,252,146
3,250,147
3,250,147
3,250,147
3,252,148
3,252,148
3,252,149
3,252,150
3,252,150
3,252,150
3,253,152
3,255,153
3,255,153
3,255,154
3,253,155
3,253,156
3,253,156
3,253,156
3,255,156
3,255,157
3,255,157
3,255,156
3,255,155
3,255,155
3,255,155
3,255,155
3,253,155
3,253,155
3,253,155
3,253,155
3,253,155
3,255,153
3,255,153
3,255,155
3,255,156
3,255,156
3,255,157
3,255,157
3,255,157
3,255,157
3,255,157
3,255,157
3,255,157
3,255,158
3,255,158
3,255,158
3,255,158
3,255,158
3,255,158
3,255,158
3,255,157
3,255,157
3,255,157
3,255,157
3,255,157
3,253,157
3,253,157
3,252,157
3,252,157
3,252,157
3,252,157
3,253,156
3,253,156
3,253,156
3,255,157
3,255,158
3,255,158
3,253,159
3,253,159
3,253,160
3,253,160
3,253,160
3,253,161
3,253,162
3,252,162
3,252,161
3,252,161
3,252,161
3,253,160
3,253,160
3,253,160
3,255,159
3,253,159
3,253,157
3,253,156
3,253,156
3,253,154
3,253,154
3,252,153
3,252,152
3,252,152
3,253,152
3,255,153
3,255,154
3,255,155
3,255,156
3,253,158
3,253,160
3,253,163
3,252,163
3,252,163
3,253,163
3,253,164
3,253,164
3,253,164
3,253,164
3,253,164
3,253,164
3,253,164
3,253,163
3,253,163
3,253,162
3,253,161
3,253,160
3,255,158
3,255,158
3,255,158
3,255,158
3,255,159
3,255,159
3,255,160
3,255,160
3,255,161
3,253,163
3,253,163
3,253,163
3,253,163
3,253,163
3,253,162
3,253,161
3,253,160
3,253,160
3,253,159
3,253,159
3,253,158
3,253,157
3,253,157
3,253,157
3,252,157
3,252,157
3,252,157
3,253,157
3,255,157
3,255,157
3,255,157
3,255,157
3,255,158
3,253,158
3,253,159
3,253,159
3,253,159
3,253,159
3,255,158
3,255,158
3,255,158
3,255,158
3,255,158
3,255,158
3,255,158
3,253,159
3,253,159
3,253,159
3,253,158
3,253,158
3,255,157
3,255,156
3,255,154
3,255,153
3,253,151
3,250,149
3,248,147
3,248,142
3,248,139
3,247,132
3,249,127
3,251,122
3,253,121
3,253,120
3,253,121
4,255,119
3,255,119
3,253,119
3,253,122
3,251,126
3,249,129
3,249,133
3,249,134
3,251,137
3,253,138
3,255,139
3,255,141
3,255,142
3,253,143
3,252,146
3,250,147
3,250,147
3,250,148
3,252,148
3,252,148
3,252,149
3,252,150
3,252,150
3,252,150
3,253,152
3,253,153
3,253,153
3,253,154
3,253,155
3,253,156
3,253,156
3,253,156
3,255,156
3,255,157
3,255,156
3,255,156
3,255,155
3,255,155
3,255,155
3,255,155
3,253,155
3,253,155
3,253,155
3,253,155
3,255,153
3,255,153
3,255,153
3,255,153
3,255,154
3,255,155
3,255,156
3,255,157
3,255,157
3,255,157
3,255,157
3,255,157
3,255,157
3,255,157
3,255,158
3,255,158
3,255,158
3,255,158
3,255,158
3,255,158
3,255,157
3,255,157
3,255,157
3,255,157
3,255,157
3,253,156
3,253,156
3,253,156
3,253,156
3,253,156
3,253,156
3,253,156
3,253,157
3,253,157
3,255,157
3,255,158
3,255,158
3,253,159
3,253,160
3,253,160
3,253,160
3,253,160
3,253,162
3,253,162
3,253,162
3,252,162
3,252,161
3,252,161
3,252,161
3,253,160
3,253,160
3,253,159
3,253,159
3,253,158
3,253,157
3,253,156
3,252,154
3,252,154
3,252,152
3,252,152
3,252,152
3,253,152
3,255,152
3,255,152
3,255,153
3,255,155
3,255,157
3,253,159
3,253,161
3,252,163
3,252,163
3,252,163
3,252,164
3,253,164
3,253,164
3,253,164
3,253,164
3,253,164
3,253,163
3,253,163
3,253,163
3,253,162
3,253,161
3,253,160
3,255,158
3,255,158
3,255,158
3,255,158
3,255,159
3,255,159
3,255,160
3,255,160
3,255,161
3,253,163
3,253,163
3,252,164
3,253,163
3,253,163
3,253,162
3,253,161
3,253,160
3,253,160
3,253,159
3,253,159
3,253,159
3,253,157
3,253,157
3,253,157
3,252,157
3,252,157
3,252,157
3,252,157
3,253,157
3,253,157
3,255,157
3,255,157
3,255,158
3,255,158
3,253,159
3,255,158
3,255,158
3,255,158
3,255,158
3,255,158
3,255,158
3,255,158
3,255,158
3,255,158
3,255,158
3,253,159
3,253,159
3,253,159
3,253,158
3,253,158
3,255,157
3,255,156
3,255,154
3,255,153
3,255,152
3,252,150
3,248,148
3,248,144
3,248,139
3,247,134
3,249,127
3,251,122
3,253,121
3,253,120
3,253,120
4,255,119
3,255,119
3,255,119
3,255,119
3,255,122
3,251,126
3,249,129
3,249,133
3,249,136
3,251,138
3,253,138
3,253,141
3,253,141
3,253,142
3,253,143
3,250,146
3,250,147
3,250,148
3,250,148
3,250,148
3,252,149
3,252,149
3,252,150
3,252,150
3,253,151
3,253,152
3,253,153
3,253,153
3,253,154
3,253,156
3,253,156
3,253,156
3,253,156
3,255,157
3,255,157
3,255,156
3,255,155
3,255,155
3,255,155
3,255,154
3,255,155
3,253,155
3,253,155
3,253,154
3,253,154
3,255,153
3,255,153
3,255,153
3,255,153
3,255,153
3,255,154
3,255,156
3,255,156
3,255,156
3,255,156
3,255,156
3,255,156
3,255,156
3,255,157
3,255,157
3,255,158
3,255,158
3,255,158
3,255,158
3,255,158
3,255,158
3,255,157
3,255,157
3,255,157
3,255,156
3,255,156
3,253,155
3,253,155
3,253,156
3,253,156
3,253,156
3,253,156
3,253,157
3,253,157
3,255,158
3,255,158
3,255,158
3,253,159
3,253,160
3,253,160
3,253,160
3,253,161
3,253,162
3,253,162
3,253,162
3,252,162
3,252,162
3,252,162
3,252,161
3,253,161
3,253,160
3,253,160
3,253,159
3,253,158
3,253,157
3,253,156
3,252,155
3,252,154
3,252,153
3,252,152
3,252,152
3,253,151
3,253,151
3,255,151
3,255,152
3,255,153
3,255,156
3,255,158
3,253,160
3,252,161
3,252,163
3,252,163
3,252,163
3,253,164
3,253,164
3,253,164
3,253,164
3,253,164
3,253,163
3,253,163
3,253,162
3,253,161
3,253,160
3,255,159
3,255,158
3,255,158
3,255,158
3,255,158
3,255,159
3,255,159
3,255,160
3,255,160
3,255,162
3,253,163
3,252,164
3,252,164
3,252,164
3,252,164
3,253,163
3,253,162
3,253,161
3,253,160
3,253,159
3,253,159
3,253,159
3,253,158
3,253,157
3,253,157
3,252,157
3,252,157
3,253,157
3,253,157
3,253,157
3,253,157
3,255,157
3,255,158
3,255,158
3,255,158
3,255,158
3,255,158
3,255,158
3,255,158
3,255,158
3,255,158
3,255,158
3,255,158
3,255,158
3,255,158
3,255,158
3,253,158
3,253,158
3,253,158
3,253,158
3,253,157
3,253,156
3,255,156
3,255,154
3,255,153
3,255,152
3,253,150
3,250,148
3,248,145
3,248,141
3,247,135
3,249,127
3,251,122
3,251,121
3,253,120
3,253,120
3,255,122
4,255,118
3,255,118
3,255,119
3,255,119
3,255,123
3,251,126
3,251,130
3,249,134
3,251,136
3,251,138
3,253,139
3,253,141
3,253,142
3,253,142
3,253,143
3,250,146
3,250,148
3,250,148
3,250,148
3,250,149
3,252,149
3,252,150
3,252,150
3,253,150
3,253,152
3,253,153
3,253,153
3,253,153
3,253,154
3,253,156
3,253,156
3,253,156
3,253,156
3,255,156
3,255,156
3,255,155
3,255,154
3,255,154
3,255,154
3,255,154
3,253,154
3,253,154
3,253,154
3,253,154
3,253,154
3,253,154
3,255,153
3,255,153
3,255,153
3,255,153
3,255,154
3,255,155
3,255,156
3,255,156
3,255,156
3,255,156
3,255,156
3,255,156
3,255,156
3,255,157
3,255,157
3,255,157
3,255,158
3,255,158
3,255,158
3,255,158
3,255,158
3,255,157
3,255,157
3,255,156
3,255,155
3,253,155
3,253,155
3,253,155
3,253,155
3,253,156
3,253,156
3,253,156
3,253,157
3,255,158
3,255,158
3,255,159
3,255,159
3,253,160
3,253,160
3,253,160
3,253,160
3,253,162
3,253,162
3,253,162
3,253,163
3,252,163
3,252,163
3,252,162
3,252,161
3,253,160
3,253,160
3,253,159
3,253,158
3,253,157
3,253,157
3,252,155
3,252,154
3,252,154
3,252,152
3,252,151
3,253,151
3,253,151
3,255,150
3,255,150
3,255,151
3,255,153
3,255,156
3,253,158
3,253,160
3,253,161
3,253,163
3,253,163
3,253,163
3,253,164
3,253,164
3,253,164
3,253,164
3,253,163
3,253,163
3,253,162
3,253,160
3,253,160
3,255,159
3,255,158
3,255,158
3,255,158
3,255,158
3,255,158
3,255,159
3,255,159
3,255,160
3,255,162
3,253,163
3,252,164
3,252,164
3,252,164
3,252,164
3,253,163
3,253,162
3,253,161
3,253,160
3,253,160
3,253,159
3,253,159
3,253,158
3,253,157
3,253,157
3,253,157
3,253,157
3,253,157
3,253,157
3,255,157
3,255,157
3,255,158
3,255,158
3,255,158
3,255,158
3,255,158
3,255,158
3,255,158
3,255,158
3,255,158
3,255,158
3,255,158
3,255,158
3,255,158
3,255,158
3,253,158
3,253,158
3,253,158
3,253,158
3,253,157
3,253,157
3,253,156
3,253,154
3,255,154
3,255,153
3,255,152
3,253,151
3,250,149
3,250,146
3,248,144
3,248,138
3,249,129
3,251,122
3,251,121
3,253,120
3,253,120
3,255,121
3,255,117
3,255,117
3,255,118
3,255,119
3,255,123
3,251,127
3,251,132
3,251,135
3,251,137
3,251,138
3,253,141
3,253,141
3,253,142
3,253,142
3,251,143
2,250,147
2,250,148
3,250,148
3,250,148
3,250,149
3,252,150
3,252,150
3,252,150
3,253,151
3,253,152
3,253,153
3,253,153
3,253,153
3,253,154
3,253,156
3,253,156
3,253,156
3,253,156
3,253,156
3,255,156
3,255,155
3,255,154
3,255,154
3,255,154
3,253,154
3,253,154
3,253,154
3,253,154
3,253,154
3,253,154
3,253,154
3,253,154
3,255,153
3,255,153
3,255,153
3,255,154
3,255,154
3,255,156
3,253,156
3,253,156
3,255,156
3,255,156
3,255,156
3,255,157
3,255,157
3,255,157
3,255,157
3,255,158
3,255,158
3,255,158
3,255,158
3,255,158
3,255,157
3,255,157
3,255,156
3,253,155
3,253,155
3,253,153
3,253,153
3,253,153
3,253,153
3,253,156
3,253,156
3,253,157
3,255,158
3,255,159
3,255,159
3,253,159
3,253,160
3,253,160
3,253,160
3,253,160
3,253,162
3,253,162
3,253,162
3,253,163
3,253,163
3,252,163
3,252,163
3,252,162
3,253,161
3,253,160
3,253,159
3,253,158
3,255,157
3,255,157
3,255,157
3,255,155
3,253,154
3,253,153
3,252,151
3,253,151
3,253,150
3,253,150
3,255,149
3,255,150
3,255,152
3,255,154
3,255,157
3,253,159
3,253,160
3,253,161
3,253,163
3,253,163
3,253,163
3,253,164
3,253,163
3,253,163
3,253,163
3,253,163
3,253,161
3,253,160
3,253,159
3,253,159
3,255,158
3,255,158
3,255,158
3,255,158
3,255,158
3,255,159
3,255,159
3,255,160
3,255,161
3,255,162
3,253,163
3,252,164
3,252,164
3,253,163
3,253,163
3,253,163
3,253,161
3,253,160
3,253,160
3,253,159
3,255,159
3,255,158
3,255,157
3,255,157
3,255,157
3,255,157
3,255,157
3,255,157
3,253,157
3,253,158
3,253,158
3,253,158
3,253,158
3,255,158
3,255,158
3,255,157
3,255,157
3,255,157
3,253,157
3,253,157
3,252,157
3,252,157
3,252,157
3,252,157
3,253,157
3,253,157
3,253,157
3,253,157
3,253,157
3,253,156
3,253,156
3,253,154
3,253,154
3,253,153
3,253,153
3,253,152
3,252,150
3,252,148
3,250,145
3,249,139
3,249,132
3,251,126
3,251,121
3,253,120
3,253,120
3,253,120
3,255,115
3,255,115
3,255,115
3,255,119
3,253,123
3,251,129
3,251,133
3,251,136
3,251,138
3,253,139
3,253,141
3,253,141
3,253,142
3,251,142
3,251,143
2,250,147
2,250,148
2,250,148
3,250,149
3,252,150
3,252,150
3,252,150
3,252,150
3,253,151
3,253,152
3,253,153
3,253,153
3,253,153
3,253,154
3,253,156
3,253,156
3,253,156
3,253,156
3,253,156
3,253,155
3,255,154
3,255,154
3,253,154
3,253,154
3,253,154
3,253,154
3,253,154
3,253,154
3,253,154
3,253,154
3,253,154
3,253,154
3,253,154
3,253,154
3,253,154
3,253,154
3,253,154
3,253,156
3,253,156
3,253,156
3,253,156
3,255,156
3,255,157
3,255,157
3,255,157
3,255,157
3,255,158
3,255,158
3,255,158
3,255,158
3,255,158
3,255,158
3,255,158
3,253,157
3,253,156
3,253,155
3,252,154
3,252,153
3,252,153
3,253,152
3,253,152
3,253,153
3,255,156
3,253,156
3,255,158
3,255,159
3,255,159
3,253,159
3,253,160
3,253,160
3,253,160
3,253,160
3,253,161
3,253,162
3,253,162
3,253,163
3,253,163
3,252,163
3,252,162
3,253,162
3,253,162
3,253,160
3,253,159
3,255,158
3,255,158
3,255,157
3,255,157
3,255,156
3,255,155
3,253,154
3,253,152
3,253,151
3,253,150
3,253,149
3,253,149
3,255,149
3,255,151
3,255,153
3,255,155
3,255,158
3,255,159
3,253,160
3,253,161
3,253,163
3,253,163
3,253,163
3,253,163
3,253,163
3,253,163
3,253,162
3,253,160
3,253,160
3,253,159
3,253,159
3,255,158
3,255,158
3,255,158
3,255,158
3,255,159
3,255,159
3,255,160
3,255,160
3,255,161
3,255,162
3,253,163
3,253,163
3,253,163
3,253,163
3,253,163
3,253,163
3,253,161
3,253,160
3,255,160
3,255,160
3,255,159
3,255,158
3,255,157
3,255,157
3,255,157
3,255,157
3,255,157
3,255,157
3,255,158
3,253,158
3,253,158
3,253,158
3,253,158
3,255,158
3,255,157
3,255,157
3,255,157
3,255,157
3,253,157
3,253,157
3,252,157
3,252,157
3,252,157
3,252,157
3,253,157
3,253,157
3,253,157
3,253,156
3,253,156
3,253,156
3,253,155
3,253,154
3,253,154
3,253,153
3,253,152
3,253,152
3,252,150
3,252,148
3,251,145
3,249,139
3,249,133
3,251,127
3,251,121
3,253,120
3,253,120
3,253,120
3,255,114
3,255,114
3,255,115
3,255,119
3,253,124
3,251,130
3,251,134
3,251,136
3,253,138
3,253,139
3,253,141
3,253,141
3,253,142
3,251,143
3,250,144
2,250,147
2,250,148
2,250,149
3,250,149
3,252,150
3,252,150
3,252,150
3,252,150
3,253,151
3,253,152
3,253,153
3,253,153
3,253,153
3,253,154
3,253,156
3,253,156
3,253,156
3,253,156
3,252,155
3,253,155
3,253,154
3,253,154
3,253,154
3,253,154
3,253,154
3,253,154
3,253,154
3,253,154
3,253,154
3,253,154
3,253,154
3,253,154
3,253,154
3,253,154
3,253,154
3,253,154
3,253,154
3,253,156
3,253,156
3,253,156
3,253,156
3,253,157
3,255,157
3,255,157
3,255,158
3,255,158
3,255,158
3,255,158
3,255,158
3,255,158
3,255,158
3,255,158
3,255,158
3,253,158
3,252,157
3,252,155
3,252,153
3,252,153
3,252,152
3,253,152
3,255,152
3,255,152
3,255,153
3,255,156
3,255,158
3,255,159
3,255,159
3,253,159
3,253,160
3,253,160
3,253,160
3,253,161
3,253,163
3,253,163
3,253,163
3,253,163
3,253,163
3,253,162
3,253,162
3,253,162
3,253,162
3,253,160
3,253,160
3,255,158
3,255,158
3,255,158
3,255,157
3,255,157
3,255,155
3,253,154
3,253,153
3,253,151
3,253,150
3,253,148
3,253,148
3,253,148
3,255,149
3,255,152
3,255,153
3,255,156
3,255,158
3,253,159
3,253,160
3,253,160
3,253,163
3,253,163
3,253,163
3,253,163
3,253,162
3,253,161
3,253,160
3,253,160
3,253,159
3,253,159
3,255,159
3,255,158
3,255,158
3,255,158
3,255,159
3,255,159
3,255,160
3,255,161
3,255,162
3,255,162
3,253,163
3,253,163
3,253,163
3,253,163
3,253,163
3,253,163
3,253,162
3,255,160
3,255,160
3,255,160
3,255,159
3,255,158
3,255,157
3,255,157
3,255,157
3,255,157
3,255,157
3,255,158
3,255,158
3,253,158
3,253,159
3,253,159
3,253,159
3,253,158
3,255,157
3,255,157
3,255,157
3,255,157
3,252,157
3,252,157
3,252,157
3,252,157
3,252,155
3,252,156
3,253,156
3,253,156
3,253,156
3,253,156
3,253,156
3,253,156
3,253,154
3,253,154
3,253,153
3,253,153
3,253,152
3,253,152
3,252,152
3,252,150
3,251,145
3,249,139
3,249,133
3,251,127
3,251,121
3,253,120
3,253,120
3,253,120
3,255,113
3,255,113
3,255,114
3,255,114
3,255,120
3,253,125
3,253,130
3,251,134
3,251,136
3,253,138
3,253,139
3,253,141
3,253,141
3,251,142
3,251,143
2,250,147
2,250,147
2,250,148
3,250,149
3,250,149
3,250,149
3,252,150
3,252,150
3,252,150
3,253,151
3,253,151
3,253,152
3,253,153
3,253,153
3,253,154
3,253,154
3,253,156
3,253,156
3,252,155
3,252,155
3,252,155
3,253,154
3,253,154
3,253,154
3,253,154
3,253,154
3,253,154
3,253,154
3,253,154
3,253,154
3,253,154
3,253,154
3,253,154
3,253,154
3,253,154
3,253,154
3,253,154
3,253,154
3,253,154
3,253,156
3,253,156
3,253,156
3,253,157
3,255,157
3,255,158
3,255,158
3,255,158
3,255,158
3,255,158
3,255,158
3,255,158
3,255,158
3,255,158
3,255,158
3,253,158
3,252,157
3,252,156
3,252,154
3,252,153
3,252,152
3,253,152
3,255,151
3,255,151
3,255,152
3,255,156
3,253,157
3,255,158
3,253,159
3,253,159
3,253,160
3,253,160
3,253,161
3,252,161
3,253,163
3,253,163
3,253,163
3,253,163
3,253,162
3,253,162
3,253,162
3,253,162
3,253,162
3,253,162
3,253,160
3,253,159
3,255,159
3,255,158
3,255,158
3,255,157
3,255,157
3,255,155
3,253,154
3,253,151
3,253,150
3,253,148
3,253,148
3,253,148
3,255,148
3,255,150
3,255,153
3,255,155
3,255,157
3,253,159
3,253,159
3,253,160
3,253,160
3,253,162
3,253,163
3,253,162
3,253,161
3,253,161
3,253,160
3,253,160
3,253,159
3,253,159
3,253,159
3,253,159
3,253,159
3,253,159
3,255,160
3,255,160
3,255,161
3,255,162
3,255,162
3,255,162
3,253,163
3,253,163
3,253,163
3,253,163
3,253,163
3,253,163
3,255,162
3,255,161
3,255,160
3,255,160
3,255,158
3,255,158
3,255,158
3,255,157
3,255,157
3,255,157
3,255,157
3,253,158
3,253,158
3,253,159
3,253,159
3,253,159
3,253,159
3,253,159
3,253,158
3,255,157
3,255,157
3,252,157
3,252,157
3,252,157
3,252,157
3,253,154
3,253,154
3,253,154
3,253,155
3,255,155
3,255,156
3,255,156
3,253,155
3,253,155
3,253,154
3,253,154
3,253,153
3,253,153
3,255,153
3,253,152
3,253,152
3,252,150
3,251,145
3,250,141
3,249,134
3,251,127
3,251,121
3,253,119
3,253,119
4,255,119
3,255,122
3,255,112
3,255,112
3,255,113
3,255,114
3,253,120
3,251,125
3,251,130
3,251,134
3,251,136
3,253,138
3,253,138
3,253,141
3,253,141
3,253,142
3,251,143
2,250,147
2,250,147
2,248,148
2,248,149
3,248,149
3,250,149
3,252,149
3,252,150
3,252,150
3,253,150
3,253,151
3,253,152
3,253,152
3,253,153
3,253,154
3,253,154
3,253,155
3,253,155
3,252,155
3,252,155
3,252,155
3,252,154
3,253,154
3,253,154
3,253,154
3,253,154
3,253,154
3,253,154
3,253,154
3,253,154
3,253,154
3,253,154
3,253,154
3,253,154
3,253,154
3,253,154
3,253,154
3,253,154
3,253,154
3,253,156
3,253,156
3,253,156
3,253,157
3,255,158
3,255,158
3,255,158
3,255,158
3,255,158
3,255,158
3,255,158
3,255,158
3,255,158
3,255,158
3,255,158
3,253,158
3,252,157
3,252,156
3,252,154
3,252,153
3,253,152
3,253,151
3,255,150
3,255,150
3,255,151
3,253,153
3,253,156
3,253,158
3,253,159
3,253,159
3,253,160
3,252,160
3,252,161
3,252,163
3,252,163
3,252,163
3,253,163
3,253,163
3,253,162
3,253,162
3,253,162
3,253,162
3,253,162
3,253,160
3,253,160
3,253,160
3,253,159
3,255,159
3,255,158
3,255,158
3,255,157
3,255,156
3,253,154
3,253,152
3,253,151
3,253,149
3,253,148
3,253,148
3,255,148
3,255,149
3,255,151
3,255,153
3,255,156
3,253,157
3,253,159
3,253,159
3,253,160
3,253,160
3,253,161
3,253,161
3,253,161
3,253,160
3,253,160
3,253,159
3,253,159
3,253,159
3,253,159
3,253,159
3,253,160
3,253,160
3,253,160
3,253,162
3,255,162
3,255,162
3,255,162
3,253,163
3,253,163
3,253,163
3,253,163
3,253,163
3,253,163
3,253,163
3,255,163
3,255,161
3,255,160
3,255,160
3,255,159
3,255,158
3,255,158
3,255,158
3,255,157
3,255,157
3,253,158
3,253,159
3,253,159
3,253,159
3,253,159
3,253,159
3,253,159
3,253,159
3,253,158
3,253,158
3,253,157
3,252,157
3,252,157
3,252,157
3,253,154
3,253,154
3,253,154
3,253,154
3,255,154
3,255,153
3,255,155
3,255,155
3,253,155
3,253,154
3,253,154
3,253,154
3,253,153
3,255,153
3,255,153
3,255,152
3,253,152
3,252,150
3,252,148
3,250,141
3,249,135
3,249,128
3,251,122
3,251,119
3,253,119
3,255,119
3,255,121
4,255,110
3,255,110
3,255,112
3,255,114
3,253,120
3,251,125
3,251,130
3,251,134
3,251,136
3,253,138
3,253,139
3,253,140
3,253,141
3,253,142
3,250,146
3,250,147
3,250,148
2,248,149
2,248,149
3,248,149
3,248,149
3,248,149
3,252,149
3,252,150
3,253,150
3,253,150
3,253,151
3,253,152
3,255,152
3,253,153
3,253,154
3,253,154
3,253,154
3,252,154
3,252,155
3,252,154
3,252,154
3,252,154
3,253,154
3,253,153
3,255,153
3,255,153
3,253,154
3,253,154
3,253,154
3,253,154
3,253,154
3,253,154
3,253,154
3,253,154
3,253,154
3,255,153
3,255,153
3,253,154
3,253,156
3,253,156
3,253,156
3,255,157
3,255,157
3,255,158
3,255,158
3,255,158
3,255,158
3,255,158
3,255,158
3,255,158
3,255,158
3,255,158
3,255,158
3,253,158
3,252,157
3,252,157
3,252,154
3,252,153
3,253,152
3,253,150
3,255,149
3,255,149
3,255,151
3,255,152
3,253,154
3,253,158
3,253,159
3,253,159
3,252,160
3,252,161
3,252,163
3,252,163
3,252,163
3,252,163
3,252,163
3,253,163
3,253,163
3,253,162
3,253,162
3,253,162
3,253,162
3,253,160
3,253,160
3,253,160
3,253,160
3,255,159
3,255,159
3,255,158
3,255,158
3,255,157
3,253,155
3,253,153
3,253,151
3,253,149
3,253,149
3,253,148
3,253,148
3,255,149
3,253,151
3,253,152
3,253,153
3,253,156
3,253,157
3,253,159
3,253,159
3,253,160
3,253,160
3,253,160
3,253,160
3,253,160
3,253,159
3,255,158
3,255,159
3,255,159
3,255,159
3,253,160
3,253,160
3,253,161
3,253,162
3,253,162
3,253,162
3,253,162
3,253,163
3,253,163
3,253,163
3,253,163
3,253,163
3,253,163
3,255,163
3,255,163
3,255,163
3,255,162
3,253,161
3,253,160
3,255,160
3,255,159
3,255,158
3,255,158
3,255,158
3,253,158
3,253,158
3,253,159
3,253,159
3,253,159
3,253,159
3,253,159
3,253,159
3,253,159
3,253,159
3,253,158
3,252,157
3,252,157
3,252,157
3,252,157
3,253,154
3,253,154
3,253,154
3,253,154
3,255,153
3,255,153
3,255,153
3,255,155
3,255,154
3,253,154
3,253,154
3,253,154
3,253,153
3,255,153
3,255,153
3,255,152
3,255,152
3,252,150
3,250,148
3,250,142
3,249,135
3,249,128
3,251,123
3,251,119
3,253,119
3,255,119
3,255,120
4,255,110
3,255,110
3,255,110
3,255,114
4,255,120
3,251,125
3,251,131
3,251,134
3,251,136
3,253,138
3,253,138
3,253,139
3,253,141
3,251,143
3,250,146
3,250,147
3,250,148
2,248,149
2,248,149
3,248,149
3,248,149
3,248,149
3,252,149
3,252,149
3,253,150
3,253,150
3,255,150
3,255,152
3,255,152
3,255,153
3,255,153
3,253,153
3,253,154
3,253,154
3,252,154
3,252,154
3,252,154
3,252,154
3,253,154
3,255,153
3,255,153
3,255,153
3,255,153
3,255,153
3,253,154
3,253,154
3,253,154
3,253,154
3,253,154
3,255,153
3,255,153
3,255,153
3,255,153
3,255,154
3,253,156
3,253,156
3,255,156
3,255,157
3,255,157
3,255,158
3,255,158
3,255,158
3,255,159
3,255,159
3,255,159
3,255,159
3,255,159
3,255,158
3,255,158
3,255,158
3,253,157
3,253,157
3,252,155
3,253,153
3,253,152
3,253,149
3,255,148
3,255,148
3,255,148
3,255,151
3,253,152
3,253,155
3,252,158
3,252,159
3,252,160
3,252,160
3,252,163
3,252,163
3,252,163
3,252,163
3,252,163
3,252,163
3,253,163
3,253,163
3,253,162
3,253,162
3,253,162
3,253,161
3,253,160
3,253,160
3,253,160
3,253,160
3,255,159
3,255,159
3,255,158
3,255,157
3,253,156
3,253,154
3,253,152
3,253,150
3,253,149
3,253,149
3,253,149
3,253,149
3,253,150
3,253,151
3,253,152
3,253,153
3,253,156
3,253,157
3,253,158
3,253,159
3,253,159
3,253,159
3,253,159
3,253,159
3,255,159
3,255,158
3,255,158
3,255,158
3,255,160
3,253,160
3,253,162
3,253,162
3,253,163
3,253,163
3,253,163
3,253,163
3,253,163
3,253,163
3,253,163
3,253,163
3,253,163
3,255,163
3,255,163
3,255,163
3,255,163
3,253,163
3,253,162
3,253,161
3,253,160
3,253,160
3,253,159
3,253,159
3,253,159
3,253,159
3,253,159
3,253,159
3,253,159
3,253,159
3,253,159
3,253,159
3,253,159
3,253,159
3,253,159
3,253,158
3,252,157
3,252,157
3,252,157
3,252,157
3,253,154
3,253,154
3,253,154
3,255,153
3,255,153
3,255,153
3,255,153
3,255,153
3,253,154
3,253,154
3,253,154
3,253,154
3,253,153
3,255,153
3,255,153
3,255,153
3,255,152
3,253,150
3,250,148
3,248,142
3,248,136
3,249,129
3,251,123
3,251,120
3,253,119
3,255,119
3,255,120
4,255,109
3,255,109
3,255,110
3,255,114
4,255,120
3,251,125
3,251,131
3,251,134
3,251,136
3,253,138
3,253,138
3,253,139
3,253,142
3,251,143
3,250,146
3,250,147
3,250,148
2,248,149
2,248,149
3,248,149
3,248,149
3,248,149
3,252,149
3,252,149
3,253,149
3,253,150
3,255,150
3,255,151
3,255,152
3,255,152
3,255,153
3,255,153
3,255,153
3,253,154
3,253,154
3,252,154
3,252,154
3,252,154
3,253,153
3,255,153
3,255,153
3,255,153
3,255,153
3,255,153
3,253,154
3,253,154
3,253,154
3,253,154
3,253,154
3,255,154
3,255,153
3,255,154
3,255,154
3,255,156
3,255,156
3,255,156
3,255,157
3,255,157
3,255,158
3,255,158
3,255,158
3,255,159
3,255,159
3,255,159
3,253,159
3,253,159
3,253,159
3,253,159
3,253,158
3,253,158
3,253,157
3,253,157
3,252,155
3,252,153
3,253,152
3,253,149
3,255,148
3,255,147
3,255,147
3,255,148
3,253,151
3,252,154
3,252,157
3,252,159
3,252,160
3,252,160
3,252,161
3,252,163
3,252,163
3,252,163
3,252,163
3,252,163
3,252,163
3,252,163
3,252,162
3,252,162
3,252,161
3,253,161
3,253,161
3,253,161
3,253,161
3,253,161
3,255,161
3,255,159
3,255,159
3,255,158
3,253,157
3,253,155
3,253,153
3,253,151
3,253,149
3,253,149
3,253,149
3,253,150
3,253,151
3,253,151
3,253,152
3,253,153
3,253,155
3,253,156
3,255,157
3,255,157
3,255,158
3,255,159
3,255,159
3,253,159
3,255,159
3,255,158
3,255,158
3,255,159
3,255,160
3,253,161
3,253,162
3,253,163
3,253,163
3,253,163
3,253,163
3,253,163
3,253,163
3,253,163
3,253,163
3,253,163
3,255,163
3,255,163
3,255,163
3,255,163
3,253,163
3,253,163
3,253,163
3,253,162
3,253,161
3,253,160
3,253,160
3,253,160
3,253,159
3,253,159
3,253,159
3,253,159
3,253,159
3,253,159
3,253,159
3,253,159
3,253,159
3,253,159
3,253,159
3,253,158
3,253,157
3,252,157
3,252,157
3,253,154
3,253,154
3,253,154
3,253,154
3,255,153
3,255,153
3,255,153
3,255,153
3,255,153
3,253,154
3,253,154
3,253,154
3,253,154
3,253,154
3,253,153
3,255,153
3,255,153
3,255,152
3,253,151
3,250,148
3,250,144
3,249,138
3,249,130
3,251,125
3,251,121
3,253,119
3,253,119
3,253,120
3,253,109
4,255,109
3,255,109
3,255,112
3,255,116
4,255,120
3,251,126
3,251,131
3,251,134
3,251,136
3,253,137
3,253,138
3,253,139
3,253,142
3,251,143
3,250,146
3,250,147
3,250,148
2,248,149
2,248,149
3,248,149
3,248,149
3,250,149
3,252,149
3,252,149
3,253,149
3,253,149
3,255,150
3,255,150
3,255,152
3,255,152
3,255,153
3,255,153
3,255,153
3,253,154
3,253,154
3,252,154
3,252,154
3,252,154
3,253,153
3,255,153
3,255,153
3,255,153
3,255,153
3,255,153
3,255,153
3,255,154
3,255,154
3,253,154
3,255,154
3,255,154
3,255,154
3,255,154
3,255,156
3,255,156
3,255,156
3,255,157
3,255,157
3,255,157
3,255,158
3,255,158
3,255,159
3,255,159
3,255,159
3,255,159
3,253,159
3,253,159
3,253,159
3,253,159
3,253,159
3,253,158
3,253,158
3,253,157
3,252,155
3,252,154
3,252,153
3,253,149
3,253,147
3,255,146
3,255,146
3,253,146
3,253,148
3,253,152
3,252,155
3,252,158
3,252,159
3,252,160
3,252,160
3,252,163
3,252,163
3,252,163
3,252,163
3,252,163
3,252,163
3,252,163
3,252,163
3,252,162
3,252,161
3,253,161
3,253,160
3,253,161
3,253,161
3,253,161
3,253,161
3,255,161
3,255,159
3,253,158
3,253,157
3,253,155
3,253,153
3,253,152
3,253,151
3,253,150
3,253,150
3,253,151
3,253,151
3,253,152
3,253,152
3,253,153
3,253,153
3,255,155
3,255,155
3,255,157
3,255,157
3,255,158
3,255,158
3,255,158
3,253,158
3,255,158
3,255,158
3,255,159
3,253,160
3,253,162
3,253,162
3,253,163
3,253,163
3,253,163
3,253,163
3,253,163
3,253,164
3,253,164
3,253,164
3,253,163
3,255,163
3,255,163
3,255,163
3,255,163
3,253,163
3,253,163
3,253,163
3,253,163
3,253,162
3,253,161
3,253,161
3,253,160
3,253,160
3,253,159
3,253,159
3,253,159
3,253,159
3,253,159
3,253,159
3,253,159
3,253,159
3,253,159
3,253,159
3,253,158
3,253,157
3,253,157
3,253,156
3,253,154
3,253,154
3,253,154
3,253,154
3,253,153
3,255,153
3,255,153
3,255,153
3,255,153
3,255,153
3,253,154
3,253,154
3,253,154
3,253,154
3,253,154
3,255,153
3,255,153
3,255,152
3,253,151
3,250,150
3,250,145
3,249,138
3,249,130
3,251,125
3,251,121
3,253,120
3,253,120
3,253,121
3,253,124
3,253,109
3,255,109
3,255,109
3,255,112
3,255,116
3,253,122
3,251,127
3,251,131
3,251,134
3,251,135
3,253,137
3,253,138
3,253,139
3,251,142
3,251,143
3,250,146
3,250,147
3,250,148
3,250,149
2,248,149
2,248,149
3,250,148
3,250,148
3,252,148
3,253,148
3,253,148
3,253,149
3,255,150
3,255,150
3,255,152
3,255,152
3,255,153
3,255,153
3,255,153
3,255,153
3,253,154
3,252,154
3,252,154
3,253,154
3,253,154
3,253,153
3,255,153
3,255,153
3,255,153
3,255,153
3,255,153
3,255,153
3,255,154
3,255,155
3,255,155
3,255,155
3,255,155
3,255,156
3,255,156
3,255,156
3,255,157
3,255,157
3,255,158
3,255,158
3,255,158
3,255,159
3,255,159
3,255,159
3,255,159
3,255,159
3,253,159
3,253,159
3,253,159
3,253,159
3,253,159
3,253,159
3,253,158
3,253,157
3,252,157
3,252,154
3,252,152
3,252,149
3,253,147
3,255,146
3,255,146
3,253,146
3,253,147
3,253,150
3,252,155
3,252,157
3,253,158
3,252,159
3,252,160
3,252,161
3,252,163
3,252,163
3,252,163
3,252,163
3,252,163
3,252,163
3,252,162
3,252,162
3,252,161
3,253,161
3,253,160
3,253,160
3,253,161
3,253,161
3,253,161
3,253,161
3,253,159
3,253,159
3,253,158
3,253,157
3,252,154
3,253,152
3,253,151
3,253,151
3,253,151
3,253,151
3,253,151
3,253,152
3,253,153
3,253,153
3,255,153
3,255,153
3,255,155
3,255,155
3,255,156
3,255,157
3,255,157
3,255,158
3,253,158
3,253,158
3,253,158
3,253,158
3,253,160
3,253,162
3,253,162
3,253,162
3,253,163
3,253,163
3,253,163
3,253,163
3,253,164
3,253,164
3,253,164
3,255,164
3,255,163
3,255,163
3,255,163
3,255,163
3,253,163
3,253,163
3,252,163
3,253,163
3,253,163
3,253,162
3,252,161
3,253,160
3,253,160
3,253,160
3,253,160
3,253,159
3,253,159
3,253,159
3,253,159
3,253,159
3,253,159
3,253,159
3,253,159
3,253,157
3,253,157
3,253,156
3,253,155
3,253,154
3,253,154
3,253,154
3,253,154
3,253,154
3,255,153
3,255,153
3,255,153
3,255,153
3,255,153
3,255,153
3,253,154
3,253,154
3,253,154
3,253,154
3,253,153
3,253,153
3,253,153
3,253,151
3,252,150
3,250,145
3,249,139
3,249,132
3,251,126
4,253,121
3,253,121
3,253,121
3,253,121
3,253,124
3,253,109
3,253,109
3,255,109
3,255,113
3,255,116
3,251,123
3,251,128
3,251,131
3,251,134
3,251,135
3,253,137
3,253,138
3,253,139
3,251,141
3,251,143
3,250,144
3,250,147
3,250,148
3,250,149
2,248,149
3,250,149
3,250,148
3,250,148
3,252,148
3,252,148
3,253,149
3,253,149
3,255,150
3,255,150
3,255,152
3,255,152
3,255,153
3,255,153
3,255,153
3,255,153
3,253,154
3,253,154
3,253,154
3,253,154
3,253,154
3,253,154
3,253,154
3,255,154
3,255,154
3,255,153
3,255,154
3,255,154
3,255,155
3,255,156
3,255,156
3,255,156
3,255,156
3,255,156
3,255,156
3,255,157
3,255,157
3,255,158
3,255,158
3,255,158
3,255,159
3,255,159
3,255,159
3,255,159
3,255,159
3,255,159
3,253,159
3,253,159
3,253,159
3,253,159
3,253,159
3,253,159
3,253,158
3,253,157
3,253,157
3,252,154
3,252,152
3,252,149
3,252,148
3,253,146
3,253,145
3,253,145
3,253,145
3,253,148
3,252,152
3,252,155
3,253,157
3,252,158
3,252,159
3,252,160
3,252,163
3,252,163
3,252,163
3,252,163
3,252,163
3,252,163
3,252,162
3,252,162
3,252,161
3,253,161
3,253,160
3,253,160
3,253,160
3,253,161
3,253,161
3,253,160
3,253,160
3,253,159
3,253,158
3,253,157
3,252,154
3,253,153
3,253,152
3,253,151
3,253,151
3,253,151
3,253,152
3,253,152
3,253,153
3,253,153
3,255,153
3,255,154
3,255,155
3,255,155
3,255,155
3,255,156
3,255,156
3,255,156
3,253,156
3,253,156
3,253,158
3,253,158
3,253,159
3,253,160
3,253,162
3,253,162
3,253,162
3,253,163
3,253,163
3,253,164
3,253,164
3,253,164
3,255,164
3,255,164
3,255,164
3,255,163
3,255,163
3,255,163
3,253,163
3,253,163
3,253,163
3,253,163
3,253,163
3,253,163
3,253,162
3,253,162
3,253,161
3,253,160
3,253,160
3,253,160
3,253,160
3,255,160
3,255,159
3,255,159
3,253,159
3,253,159
3,253,158
3,253,157
3,253,156
3,253,155
3,253,154
3,253,154
3,253,154
3,253,154
3,253,154
3,253,154
3,253,154
3,255,153
3,255,153
3,255,153
3,255,153
3,255,153
3,255,153
3,255,153
3,255,153
3,253,154
3,255,153
3,255,153
3,253,153
3,253,152
3,252,150
3,250,145
3,249,139
3,249,132
3,251,126
3,251,121
3,253,121
3,253,121
3,253,121
3,253,124
3,253,110
3,253,110
3,255,110
3,253,113
3,253,119
3,251,125
3,251,128
3,251,131
3,251,134
3,251,135
3,251,137
3,253,138
3,253,139
3,253,139
3,253,141
3,251,143
3,250,147
3,250,148
2,248,148
2,248,149
2,248,149
3,250,148
3,250,148
3,252,148
3,252,148
3,253,149
3,253,149
3,255,150
3,255,150
3,255,152
3,255,152
3,255,153
3,255,153
3,255,153
3,255,153
3,253,154
3,253,154
3,253,154
3,252,154
3,253,155
3,253,154
3,253,155
3,255,155
3,255,155
3,255,154
3,255,156
3,255,156
3,255,156
3,255,157
3,255,157
3,255,157
3,255,157
3,255,157
3,255,157
3,255,158
3,255,158
3,255,158
3,255,158
3,255,158
3,255,159
3,255,159
3,255,159
3,255,159
3,253,159
3,255,159
3,255,159
3,253,159
3,253,159
3,253,159
3,253,159
3,253,159
3,253,158
3,253,158
3,253,157
3,252,155
3,252,153
3,252,150
3,252,148
3,252,146
3,251,145
3,253,145
3,253,145
3,253,146
3,253,150
3,253,154
3,253,157
3,252,157
3,252,159
3,252,160
3,252,161
3,252,163
3,252,163
3,252,163
3,252,163
3,252,163
3,252,162
3,252,162
3,253,161
3,253,160
3,253,160
3,253,160
3,253,160
3,253,160
3,253,160
3,253,160
3,253,160
3,253,159
3,253,159
3,253,157
3,252,155
3,252,154
3,253,152
3,253,152
3,253,152
3,253,152
3,253,152
3,253,153
3,253,153
3,253,153
3,253,153
3,255,155
3,255,155
3,255,155
3,255,155
3,255,155
3,255,155
3,255,155
3,253,155
3,253,156
3,253,156
3,253,158
3,253,159
3,253,160
3,255,161
3,255,162
3,255,162
3,253,163
3,253,163
3,253,163
3,253,164
3,253,164
3,255,164
3,255,164
3,255,164
3,255,164
3,255,163
3,255,163
3,253,164
3,253,164
3,253,163
3,253,163
3,253,163
3,253,163
3,253,163
3,253,162
3,253,161
3,253,161
3,253,160
3,253,160
3,253,160
3,255,160
3,255,160
3,255,159
3,253,159
3,253,158
3,253,157
3,253,156
3,253,155
3,255,154
3,255,154
3,255,153
3,255,153
3,253,154
3,253,154
3,253,154
3,253,154
3,255,153
3,255,153
3,255,153
3,255,153
3,255,153
3,255,153
3,255,153
3,255,153
3,255,153
3,255,153
3,255,153
3,253,153
3,253,152
3,252,150
3,250,146
3,250,140
3,249,133
3,251,127
3,251,123
4,253,121
3,253,121
3,253,122
3,253,124
3,250,110
3,253,110
3,253,110
3,253,115
3,253,120
3,251,126
3,251,129
3,251,131
3,251,134
2,251,135
3,251,136
3,251,138
3,251,139
3,251,139
3,253,141
3,251,142
3,250,146
2,250,147
3,250,148
3,250,148
3,250,148
3,250,148
3,250,148
3,252,148
3,252,148
3,253,149
3,253,150
3,255,150
3,255,150
3,255,152
3,255,152
3,255,153
3,255,153
3,255,153
3,253,153
3,253,154
3,253,154
3,253,154
3,253,155
3,253,155
3,253,155
3,253,155
3,255,155
3,255,155
3,255,156
3,255,156
3,255,157
3,255,157
3,255,157
3,255,157
3,255,157
3,255,157
3,255,158
3,255,158
3,255,158
3,255,158
3,255,158
3,255,158
3,255,159
3,253,159
3,253,159
3,253,159
3,253,159
3,253,159
3,253,159
3,255,159
3,255,158
3,255,159
3,255,159
3,255,159
3,255,159
3,255,159
3,255,158
3,255,157
3,253,155
3,252,153
3,252,150
3,252,148
3,252,146
3,251,145
3,251,145
3,253,145
3,253,145
3,253,148
3,253,152
3,255,155
3,253,157
3,252,158
3,252,159
3,252,161
3,252,163
3,252,163
3,252,163
3,252,163
3,252,163
3,252,163
3,252,162
3,253,161
3,253,160
3,253,160
3,253,159
3,253,159
3,255,159
3,255,160
3,255,160
3,253,159
3,253,159
3,253,159
3,253,157
3,252,155
3,252,154
3,252,153
3,253,152
3,253,152
3,253,152
3,253,153
3,253,153
3,253,153
3,253,153
3,253,155
3,253,155
3,255,155
3,255,155
3,255,155
3,255,155
3,255,155
3,255,155
3,255,155
3,253,155
3,253,156
3,253,157
3,253,158
3,255,160
3,255,160
3,255,161
3,255,162
3,255,162
3,253,163
3,253,163
3,253,164
3,253,164
3,255,164
3,255,164
3,255,164
3,255,164
3,255,164
3,255,164
3,255,164
3,253,163
3,253,163
3,253,163
3,253,163
3,253,163
3,253,163
3,253,163
3,253,162
3,253,162
3,253,161
3,253,161
3,253,160
3,255,160
3,255,160
3,255,159
3,253,159
3,253,158
3,253,157
3,253,155
3,255,155
3,255,154
3,255,153
3,255,153
3,255,153
3,255,153
3,253,154
3,253,154
3,253,154
3,255,153
3,255,153
3,255,153
3,255,153
3,255,153
3,255,153
3,255,153
3,255,153
3,255,153
3,255,153
3,255,153
3,255,153
3,253,152
3,252,150
3,250,146
3,250,140
3,249,133
3,251,127
3,251,123
3,253,122
3,253,122
3,253,122
3,253,124
3,250,110
3,253,110
3,253,111
3,251,115
3,251,122
3,251,128
3,251,130
3,249,132
3,251,134
2,251,136
2,251,137
3,251,137
3,251,139
3,251,139
3,251,141
3,251,142
3,250,144
2,250,147
3,250,148
3,250,148
2,248,148
3,250,148
3,250,148
3,252,149
3,252,149
3,252,149
3,252,150
3,253,150
3,253,150
3,255,152
3,255,153
3,255,153
3,255,153
3,255,153
3,253,153
3,253,154
3,253,154
3,253,155
3,253,155
3,253,155
3,253,155
3,253,155
3,253,156
3,255,156
3,255,157
3,255,157
3,255,157
3,255,157
3,255,157
3,255,157
3,255,158
3,255,158
3,255,158
3,255,158
3,255,158
3,255,158
3,255,159
3,255,159
3,255,159
3,255,159
3,253,159
3,253,159
3,253,159
3,253,159
3,253,159
3,255,159
3,255,158
3,255,158
3,255,158
3,255,159
3,255,159
3,255,159
3,255,158
3,255,157
3,255,155
3,253,153
3,252,150
3,252,149
3,252,146
3,251,145
3,251,144
3,253,144
3,253,145
3,253,147
3,255,150
3,255,153
3,253,155
3,252,157
3,252,158
3,252,160
3,252,161
3,252,163
3,252,163
3,252,163
3,252,163
3,252,163
3,252,163
3,252,162
3,253,160
3,253,160
3,253,160
3,255,159
3,255,159
3,255,159
3,255,159
3,253,159
3,253,159
3,253,159
3,253,158
3,252,157
3,252,154
3,252,153
3,252,153
3,252,153
3,253,153
3,253,153
3,253,153
3,253,154
3,253,156
3,253,156
3,253,156
3,253,156
3,255,155
3,255,155
3,255,155
3,255,155
3,255,155
3,255,154
3,255,154
3,255,154
3,255,156
3,255,158
3,255,159
3,255,160
3,255,160
3,255,162
3,255,162
3,255,162
3,253,163
3,253,163
3,253,164
3,255,164
3,255,164
3,255,165
3,255,165
3,255,164
3,255,164
3,255,164
3,253,164
3,253,163
3,253,163
3,253,163
3,253,163
3,253,163
3,253,163
3,253,163
3,253,162
3,253,161
3,253,161
3,253,161
3,253,161
3,253,160
3,253,159
3,253,158
3,253,158
3,253,156
3,253,155
3,255,154
3,255,153
3,255,153
3,255,153
3,255,153
3,255,153
3,253,154
3,253,154
3,255,153
3,255,153
3,255,153
3,255,153
3,255,153
3,255,153
3,255,153
3,255,153
3,255,153
3,255,153
3,255,153
3,255,153
3,255,153
3,255,152
3,252,150
3,250,146
3,250,141
3,249,135
3,249,128
3,251,123
3,253,122
3,253,122
3,253,122
3,253,124
3,253,110
3,253,110
3,253,111
3,253,115
3,251,122
3,251,128
3,251,131
3,249,132
3,251,134
2,251,136
3,251,137
3,251,138
3,251,139
3,251,139
3,253,141
3,253,142
3,251,144
2,250,147
3,250,148
3,250,148
3,248,149
3,248,149
3,250,149
3,252,149
3,252,150
3,252,150
3,252,150
3,255,150
3,255,152
3,255,153
3,255,153
3,255,153
3,255,153
3,255,154
3,255,154
3,253,155
3,253,155
3,253,155
3,253,155
3,255,155
3,255,155
3,253,156
3,253,157
3,255,157
3,255,157
3,253,158
3,255,157
3,255,158
3,255,158
3,255,158
3,255,158
3,255,158
3,255,158
3,255,159
3,255,159
3,255,159
3,255,159
3,255,159
3,255,159
3,253,159
3,253,159
3,253,159
3,253,159
3,253,159
3,253,159
3,255,159
3,255,158
3,255,158
3,255,158
3,255,158
3,255,158
3,255,158
3,255,157
3,255,156
3,255,154
3,253,153
3,252,150
3,252,149
3,252,147
3,250,145
3,251,144
3,253,144
3,253,144
3,253,145
3,255,148
3,255,151
3,253,153
3,253,156
3,252,158
3,252,159
3,252,160
3,252,162
3,252,163
3,252,163
3,252,163
3,252,163
3,252,163
3,252,162
3,252,161
3,253,160
3,253,160
3,255,159
3,255,159
3,255,159
3,255,159
3,255,159
3,255,159
3,255,159
3,253,158
3,253,157
3,253,155
3,252,154
3,252,153
3,252,153
3,253,153
3,253,153
3,253,155
3,253,156
3,252,157
3,252,157
3,252,157
3,253,157
3,253,156
3,253,156
3,253,156
3,253,155
3,253,155
3,253,154
3,253,154
3,253,154
3,255,156
3,255,157
3,255,158
3,255,159
3,255,159
3,255,160
3,255,161
3,255,162
3,255,162
3,253,163
3,253,163
3,255,164
3,255,164
3,255,165
3,255,165
3,255,165
3,255,164
3,255,164
3,255,163
3,253,163
3,253,163
3,253,163
3,253,163
3,253,163
3,253,163
3,253,163
3,253,163
3,253,162
3,253,162
3,253,161
3,253,161
3,253,161
3,253,159
3,253,158
3,253,158
3,253,156
3,253,155
3,255,154
3,255,153
3,255,153
3,255,153
3,255,153
3,255,153
3,255,153
3,255,153
3,255,153
3,255,153
3,255,153
3,255,153
3,255,153
3,255,153
3,255,153
3,255,153
3,255,153
3,255,153
3,255,153
3,255,153
3,255,153
3,255,152
3,252,150
3,250,146
3,250,141
3,249,135
3,249,129
3,251,125
3,253,123
3,253,123
3,253,124
3,253,125
3,253,111
3,255,111
3,255,113
3,253,117
3,251,124
3,251,129
3,249,131
3,249,134
2,251,136
2,251,136
3,251,137
3,251,138
3,251,139
3,253,140
3,253,141
3,251,142
3,251,145
3,252,147
3,250,148
3,250,148
3,250,149
3,250,149
3,252,149
3,252,150
3,252,150
3,253,150
3,255,150
3,255,152
3,255,152
3,255,153
3,255,153
3,255,154
3,255,154
3,255,154
3,255,154
3,255,155
3,255,155
3,255,155
3,255,155
3,255,156
3,255,157
3,253,157
3,253,157
3,253,158
3,253,158
3,253,158
3,253,158
3,253,158
3,253,158
3,253,158
3,255,159
3,255,159
3,255,159
3,255,159
3,255,159
3,255,159
3,255,159
3,255,159
3,255,159
3,253,159
3,253,159
3,253,159
3,253,159
3,253,159
3,253,159
3,255,159
3,255,158
3,255,158
3,255,158
3,255,158
3,255,158
3,255,158
3,255,157
3,255,156
3,253,154
3,253,153
3,252,151
3,252,149
3,252,147
3,250,145
3,251,144
3,253,144
3,253,145
3,253,145
3,255,146
3,255,148
3,253,151
3,253,154
3,253,156
3,252,158
3,252,159
3,252,160
3,252,163
3,252,163
3,252,163
3,252,163
3,252,163
3,252,163
3,252,161
3,253,160
3,253,160
3,255,159
3,255,159
3,255,159
3,255,159
3,255,159
3,255,159
3,255,159
3,255,158
3,253,157
3,253,156
3,253,155
3,253,154
3,253,154
3,253,155
3,253,155
3,253,156
3,253,157
3,252,158
3,252,158
3,250,158
3,252,158
3,252,158
3,252,157
3,252,157
3,252,157
3,252,155
3,252,155
3,253,154
3,253,155
3,253,156
3,253,157
3,253,158
3,255,159
3,255,159
3,255,159
3,255,159
3,255,160
3,255,162
3,255,162
3,253,163
3,255,164
3,255,164
3,255,165
3,255,165
3,255,165
3,255,165
3,255,164
3,255,163
3,253,163
3,253,163
3,253,163
3,253,163
3,253,163
3,253,163
3,253,163
3,253,163
3,253,163
3,253,163
3,253,163
3,253,161
3,253,161
3,253,160
3,253,158
3,253,158
3,253,157
3,253,156
3,255,155
3,255,153
3,255,153
3,255,153
3,255,153
3,255,153
3,255,153
3,255,153
3,255,153
3,255,153
3,255,153
3,255,153
3,255,153
3,255,153
3,255,153
3,255,153
3,255,153
3,255,153
3,255,153
3,255,153
3,255,152
3,253,152
3,252,150
3,250,147
3,250,141
3,247,135
3,249,129
3,251,125
3,253,125
3,253,124
3,253,125
3,253,126
3,253,112
3,255,112
3,255,114
3,255,120
3,253,126
3,251,130
3,249,132
3,249,134
3,251,136
3,251,137
3,251,137
3,251,138
3,251,139
3,253,141
3,251,142
3,251,143
3,252,146
3,252,147
3,250,148
3,250,148
3,250,149
3,252,149
3,252,150
3,252,150
3,252,150
3,253,151
3,255,152
3,255,152
3,255,153
3,255,154
3,255,154
3,255,154
3,255,155
3,255,155
3,255,155
3,255,155
3,255,155
3,255,155
3,255,156
3,255,157
3,255,157
3,253,158
3,253,159
3,253,159
3,253,159
3,253,159
3,253,159
3,253,159
3,253,159
3,253,159
3,255,159
3,255,159
3,255,159
3,255,159
3,255,159
3,255,159
3,255,159
3,253,159
3,253,158
3,253,159
3,253,159
3,253,159
3,253,159
3,253,159
3,255,159
3,255,159
3,255,159
3,255,158
3,255,158
3,255,158
3,255,158
3,255,157
3,255,156
3,255,156
3,253,154
3,253,152
3,252,151
3,252,150
3,252,147
3,252,146
3,251,145
3,251,145
3,253,145
3,253,145
3,253,146
3,255,147
3,253,148
3,253,151
3,253,153
3,253,156
3,253,158
3,253,158
3,253,160
3,252,162
3,252,163
3,252,163
3,252,163
3,252,163
3,252,162
3,253,161
3,253,160
3,255,159
3,255,159
3,255,159
3,255,159
3,255,159
3,255,159
3,255,159
3,255,159
3,253,158
3,253,157
3,253,155
3,253,155
3,253,155
3,253,155
3,253,156
3,253,157
3,253,157
3,252,158
3,252,159
3,250,160
3,250,160
3,252,159
3,252,158
3,252,158
3,252,158
3,252,157
3,252,157
3,252,156
3,253,156
3,253,156
3,253,157
3,253,157
3,255,159
3,255,159
3,255,159
3,255,159
3,255,159
3,255,159
3,255,160
3,255,161
3,255,163
3,255,164
3,255,164
3,255,165
3,255,165
3,255,165
3,255,164
3,255,164
3,255,163
3,255,163
3,255,163
3,255,163
3,255,163
3,253,163
3,253,163
3,253,163
3,253,163
3,253,163
3,253,163
3,253,163
3,253,161
3,253,161
3,253,160
3,253,158
3,253,158
3,253,156
3,255,155
3,255,154
3,255,153
3,255,153
3,255,153
3,255,153
3,255,153
3,255,153
3,255,153
3,255,153
3,255,153
3,255,153
3,255,153
3,255,153
3,255,153
3,255,153
3,255,153
3,255,153
3,255,152
3,255,152
3,255,152
3,253,152
3,250,151
3,250,148
3,248,144
3,248,137
3,247,131
3,249,128
3,253,125
3,253,125
3,253,125
3,253,126
3,255,113
3,255,113
3,255,114
3,255,122
3,253,127
3,251,132
3,249,133
3,249,135
3,251,136
3,251,137
3,251,138
3,253,139
3,253,141
3,253,142
3,251,142
3,251,145
3,252,146
3,252,147
3,252,148
3,252,149
3,252,149
3,252,150
3,252,150
3,252,150
3,253,152
3,255,152
3,255,152
3,255,153
3,255,154
3,255,155
3,255,155
3,255,155
3,255,155
3,255,155
3,255,155
3,255,155
3,255,156
3,255,156
3,255,157
3,255,157
3,253,157
3,253,159
3,253,159
3,253,159
3,253,159
3,253,159
3,253,159
3,253,159
3,253,159
3,253,159
3,253,159
3,253,159
3,255,159
3,255,159
3,255,159
3,253,159
3,253,159
3,253,159
3,253,158
3,253,158
3,253,159
3,253,159
3,253,159
3,255,159
3,255,159
3,255,159
3,255,159
3,255,158
3,255,158
3,255,158
3,255,158
3,255,157
3,255,156
3,255,156
3,253,154
3,252,152
3,252,151
3,252,150
3,252,148
3,252,146
3,252,146
3,252,146
3,251,145
3,253,146
3,253,146
3,253,146
3,253,147
3,253,149
3,253,152
3,253,154
3,253,156
3,253,158
3,253,158
3,253,159
3,253,162
3,253,162
3,253,162
3,253,162
3,253,161
3,253,160
3,253,160
3,253,159
3,255,159
3,255,159
3,255,159
3,255,159
3,255,159
3,255,159
3,255,159
3,255,158
3,255,157
3,255,156
3,253,155
3,255,155
3,255,156
3,255,156
3,253,157
3,253,158
3,252,160
3,252,160
3,252,160
3,252,161
3,252,161
3,252,160
3,252,160
3,252,160
3,252,159
3,252,158
3,252,157
3,253,157
3,253,157
3,253,157
3,253,157
3,253,159
3,253,159
3,255,159
3,255,159
3,255,159
3,255,159
3,255,159
3,255,159
3,255,160
3,255,162
3,255,163
3,255,164
3,255,165
3,255,165
3,255,164
3,255,164
3,255,164
3,255,164
3,255,163
3,255,163
3,255,163
3,255,163
3,255,163
3,253,163
3,253,163
3,253,163
3,253,163
3,253,163
3,253,163
3,253,161
3,253,160
3,253,160
3,253,158
3,253,157
3,255,156
3,255,155
3,255,154
3,255,153
3,255,153
3,255,153
3,255,153
3,255,153
3,255,153
3,255,153
3,255,153
3,255,153
3,255,153
3,255,153
3,255,153
3,255,153
3,255,153
3,255,152
3,255,152
3,255,152
3,255,152
3,253,152
3,250,151
3,250,148
3,248,144
3,248,139
3,247,132
3,249,129
3,253,125
3,253,125
3,253,125
3,253,127
3,255,114
3,255,114
3,255,115
3,255,123
3,253,127
3,251,132
3,249,134
3,249,136
3,251,137
3,251,138
3,251,139
3,253,141
3,253,141
3,253,142
3,253,143
3,251,145
3,252,146
3,252,147
3,252,148
3,252,149
3,252,149
3,252,150
3,252,150
3,253,152
3,253,152
3,255,153
3,255,153
3,255,154
3,255,155
3,255,155
3,255,155
3,255,155
3,255,156
3,255,156
3,255,155
3,255,156
3,255,156
3,255,157
3,255,157
3,255,157
3,255,157
3,253,159
3,253,159
3,253,159
3,253,159
3,253,159
3,253,159
3,253,159
3,253,159
3,253,159
3,253,159
3,255,159
3,255,159
3,255,159
3,255,159
3,253,159
3,253,159
3,253,159
3,253,158
3,253,158
3,253,158
3,253,159
3,255,159
3,255,159
3,255,159
3,255,159
3,255,159
3,255,159
3,255,158
3,255,158
3,255,158
3,255,156
3,255,156
3,253,155
3,253,154
3,252,153
3,252,152
3,252,150
3,252,148
3,252,147
3,252,146
3,252,146
3,252,146
3,253,146
3,253,146
3,253,146
3,253,146
3,253,148
3,253,151
3,253,152
3,253,154
3,253,156
3,253,158
3,253,158
3,253,159
3,253,159
3,253,162
3,253,161
3,253,161
3,253,160
3,253,159
3,255,159
3,255,159
3,255,159
3,255,159
3,255,159
3,255,159
3,255,158
3,255,158
3,255,158
3,255,157
3,255,157
3,253,156
3,255,156
3,255,156
3,255,157
3,253,158
3,253,159
3,252,160
3,252,160
3,252,161
3,252,161
3,252,162
3,252,162
3,252,162
3,252,161
3,252,160
3,252,160
3,252,159
3,252,157
3,253,157
3,253,157
3,253,158
3,253,159
3,253,159
3,253,159
3,255,159
3,255,159
3,255,159
3,255,159
3,255,159
3,255,159
3,255,160
3,255,162
3,255,163
3,255,164
3,255,164
3,255,164
3,255,164
3,255,164
3,255,164
3,255,164
3,255,164
3,255,163
3,255,163
3,255,163
3,255,163
3,253,163
3,253,163
3,253,163
3,253,163
3,253,163
3,253,161
3,253,161
3,253,160
3,253,159
3,253,158
3,255,157
3,255,156
3,255,154
3,255,153
3,255,153
3,255,153
3,255,153
3,255,153
3,255,153
3,255,153
3,255,153
3,255,153
3,255,153
3,255,153
3,255,153
3,255,153
3,255,152
3,255,152
3,255,152
3,255,152
3,255,152
3,253,152
3,250,151
3,250,148
3,248,144
3,248,139
3,247,132
3,247,129
3,251,126
3,253,126
3,253,126
3,251,127
3,253,115
3,255,115
3,255,115
3,253,124
3,253,130
3,251,133
3,249,135
3,249,137
3,251,138
3,251,138
3,251,140
3,253,141
3,253,141
3,253,142
3,251,143
3,252,146
3,252,146
3,252,147
3,252,148
3,252,149
3,252,149
3,253,150
3,253,151
3,253,153
3,253,153
3,253,153
3,255,154
3,255,154
3,255,155
3,255,155
3,255,156
3,255,156
3,255,157
3,255,156
3,255,156
3,255,156
3,255,156
3,255,156
3,255,157
3,255,157
3,255,157
3,253,159
3,253,159
3,253,159
3,253,159
3,253,159
3,253,159
3,253,159
3,253,159
3,253,159
3,253,159
3,255,159
3,255,159
3,255,159
3,255,159
3,253,159
3,253,159
3,253,159
3,253,159
3,253,159
3,253,159
3,255,159
3,255,159
3,255,159
3,255,159
3,255,159
3,255,159
3,255,159
3,255,158
3,255,158
3,255,158
3,255,157
3,255,156
3,253,156
3,253,154
3,253,153
3,253,152
3,252,150
3,252,149
3,252,147
3,252,146
3,252,146
3,252,146
3,252,146
3,253,146
3,253,146
3,253,146
3,253,147
3,253,149
3,253,151
3,253,153
3,255,153
3,255,156
3,255,156
3,255,158
3,253,158
3,253,159
3,253,159
3,253,159
3,253,159
3,253,159
3,255,158
3,255,158
3,255,158
3,255,158
3,255,158
3,255,158
3,255,158
3,255,158
3,255,158
3,253,158
3,253,157
3,253,157
3,253,156
3,253,157
3,253,157
3,253,159
3,253,160
3,253,160
3,252,160
3,252,161
3,252,162
3,252,162
3,252,162
3,252,162
3,252,162
3,252,161
3,252,161
3,252,160
3,252,159
3,253,158
3,253,158
3,253,158
3,253,159
3,253,159
3,253,159
3,253,159
3,255,159
3,255,159
3,255,158
3,255,158
3,255,158
3,255,159
3,255,159
3,255,162
3,255,163
3,255,164
3,255,164
3,255,164
3,255,164
3,255,164
3,255,164
3,255,164
3,255,164
3,255,163
3,255,163
3,255,163
3,253,163
3,253,163
3,253,163
3,253,163
3,253,163
3,253,163
3,252,161
3,252,160
3,253,160
3,253,159
3,255,157
3,255,156
3,255,154
3,255,153
3,255,153
3,255,153
3,255,153
3,255,153
3,255,153
3,255,153
3,255,153
3,255,153
3,255,153
3,255,153
3,255,153
3,255,153
3,255,152
3,255,152
3,255,152
3,255,152
3,255,152
3,253,152
3,252,150
3,248,148
3,248,143
3,248,139
3,247,132
3,247,128
3,251,126
3,253,125
3,253,125
3,253,126
3,255,115
3,255,116
3,255,117
3,253,125
3,253,130
3,251,133
3,251,136
3,249,137
3,251,138
3,251,140
3,251,141
3,253,141
3,253,142
3,253,142
3,251,143
3,252,146
3,252,146
3,252,148
3,252,148
3,252,149
3,252,150
3,252,151
3,253,153
3,253,153
3,253,153
3,253,153
3,253,154
3,255,155
3,255,156
3,255,157
3,255,157
3,255,157
3,255,157
3,255,157
3,255,156
3,255,156
3,255,156
3,255,156
3,255,157
3,255,157
3,255,157
3,253,158
3,253,159
3,253,159
3,253,159
3,253,159
3,253,159
3,253,159
3,253,159
3,253,159
3,253,159
3,253,159
3,253,159
3,253,159
3,253,159
3,253,159
3,253,159
3,253,159
3,253,159
3,253,159
3,253,159
3,253,159
3,255,159
3,255,159
3,255,159
3,255,159
3,253,159
3,253,159
3,253,159
3,255,158
3,255,158
3,255,157
3,255,156
3,253,156
3,253,154
3,253,153
3,253,152
3,252,150
3,252,149
3,252,148
3,252,147
3,252,146
3,252,146
3,252,146
3,252,146
3,252,146
3,253,146
3,253,147
3,253,148
3,253,150
3,253,151
3,253,153
3,255,153
3,255,154
3,255,156
3,255,156
3,253,157
3,253,158
3,253,158
3,253,158
3,255,158
3,255,158
3,255,158
3,255,158
3,255,158
3,255,158
3,255,158
3,255,158
3,255,158
3,253,157
3,253,157
3,253,157
3,252,157
3,253,157
3,253,157
3,253,158
3,253,159
3,253,160
3,253,160
3,253,160
3,253,161
3,252,162
3,252,162
3,252,162
3,252,162
3,252,162
3,252,162
3,252,161
3,252,161
3,253,160
3,253,159
3,253,159
3,253,159
3,253,159
3,253,159
3,253,159
3,253,159
3,255,159
3,255,159
3,255,158
3,255,158
3,255,158
3,255,158
3,255,159
3,255,159
3,255,162
3,255,163
3,255,164
3,255,164
3,255,164
3,255,164
3,255,164
3,255,164
3,255,164
3,255,164
3,255,164
3,255,164
3,255,164
3,253,164
3,253,164
3,253,163
3,253,163
3,253,163
3,253,161
3,253,161
3,253,160
3,253,159
3,253,157
3,255,156
3,255,155
3,255,153
3,255,153
3,255,153
3,255,153
3,255,153
3,255,153
3,255,153
3,255,153
3,255,153
3,255,153
3,255,153
3,255,153
3,255,153
3,255,153
3,255,152
3,255,152
3,255,153
3,255,153
3,253,152
3,252,150
3,250,147
3,248,143
3,248,138
3,247,132
3,247,128
3,251,125
3,253,125
3,253,125
3,253,126
3,255,116
3,255,116
3,255,119
3,253,127
3,253,131
3,251,135
3,249,137
3,249,138
3,249,139
3,251,141
3,251,141
3,253,142
3,253,142
3,253,143
3,253,143
3,251,145
3,252,146
3,252,148
3,252,148
3,252,149
3,252,150
3,252,152
3,253,153
3,253,153
3,253,153
3,253,154
3,253,154
3,255,156
3,255,157
3,255,157
3,255,157
3,255,157
3,255,157
3,255,157
3,255,156
3,255,156
3,255,156
3,255,156
3,255,157
3,255,157
3,255,157
3,255,157
3,253,159
3,253,159
3,253,159
3,253,159
3,253,159
3,253,159
3,253,159
3,253,159
3,253,159
3,253,159
3,253,159
3,253,159
3,253,159
3,253,159
3,253,159
3,253,159
3,253,159
3,253,160
3,253,160
3,253,160
3,253,160
3,253,160
3,255,159
3,253,159
3,253,159
3,253,159
3,253,159
3,253,159
3,255,158
3,255,158
3,253,157
3,253,156
3,253,155
3,253,153
3,253,153
3,252,152
3,252,150
3,252,149
3,252,147
3,252,147
3,252,146
3,252,146
3,252,146
3,252,146
3,252,146
3,253,147
3,253,148
3,253,149
3,253,150
3,253,151
3,255,152
3,255,153
3,255,153
3,255,153
3,253,154
3,253,156
3,253,157
3,253,158
3,255,158
3,255,158
3,255,158
3,255,158
3,255,158
3,255,158
3,255,157
3,255,157
3,255,157
3,253,157
3,253,157
3,253,157
3,252,157
3,253,157
3,253,157
3,253,158
3,253,159
3,253,160
3,253,160
3,253,160
3,253,161
3,253,162
3,253,162
3,253,162
3,253,162
3,252,163
3,252,163
3,252,163
3,252,161
3,253,161
3,253,160
3,253,159
3,253,159
3,253,159
3,253,159
3,253,159
3,253,159
3,253,159
3,255,159
3,255,158
3,255,158
3,255,158
3,255,158
3,255,158
3,255,159
3,255,159
3,255,162
3,255,163
3,255,164
3,255,164
3,255,164
3,255,164
3,255,164
3,255,164
3,255,164
3,255,164
3,255,164
3,255,164
3,255,164
3,253,164
3,253,164
3,253,163
3,253,163
3,253,161
3,253,161
3,253,160
3,253,160
3,253,158
3,255,157
3,255,156
3,255,154
3,255,153
3,255,153
3,255,153
3,255,153
3,255,153
3,255,153
3,255,153
3,255,153
3,255,153
3,255,153
3,255,153
3,255,153
3,255,153
3,255,153
3,255,152
3,255,153
3,255,153
3,253,153
3,252,150
3,250,147
3,248,142
3,248,138
3,247,131
3,249,128
3,251,125
3,253,125
3,253,125
3,253,125
3,255,117
3,255,117
3,255,117
3,255,120
3,253,128
3,253,131
3,251,135
3,251,138
3,251,139
3,251,141
3,251,141
3,251,142
3,251,142
3,251,143
3,253,143
3,253,143
3,253,145
3,252,146
3,252,147
3,252,148
3,252,149
3,252,152
3,252,152
3,253,153
3,253,153
3,253,153
3,253,154
3,253,156
3,255,157
3,255,157
3,255,157
3,255,157
3,255,157
3,255,157
3,255,157
3,255,156
3,255,156
3,255,155
3,255,155
3,255,156
3,255,157
3,255,157
3,255,157
3,255,157
3,253,159
3,253,159
3,253,159
3,253,159
3,253,159
3,253,159
3,253,159
3,253,159
3,253,159
3,253,159
3,253,159
3,253,159
3,253,159
3,253,159
3,253,159
3,253,160
3,253,160
3,253,160
3,253,160
3,253,160
3,253,160
3,253,160
3,253,160
3,253,160
3,253,159
3,253,159
3,253,159
3,253,159
3,253,158
3,253,157
3,255,156
3,253,156
3,253,154
3,253,153
3,253,152
3,252,151
3,252,150
3,252,148
3,250,147
3,250,147
3,252,146
3,252,146
3,252,146
3,252,147
3,252,147
3,253,148
3,253,149
3,253,149
3,253,150
3,253,151
3,255,151
3,255,151
3,255,151
3,253,153
3,255,153
3,255,156
3,255,156
3,255,157
3,255,157
3,255,157
3,255,157
3,255,157
3,255,157
3,255,157
3,255,157
3,255,156
3,255,156
3,253,157
3,253,157
3,253,157
3,253,157
3,253,157
3,253,158
3,253,159
3,253,159
3,253,160
3,255,160
3,255,160
3,255,162
3,255,162
3,253,162
3,253,162
3,253,163
3,253,163
3,253,163
3,253,163
3,253,161
3,253,161
3,253,159
3,253,159
3,253,159
3,253,159
3,253,159
3,253,159
3,253,159
3,255,158
3,255,158
3,255,157
3,255,157
3,255,157
3,255,158
3,255,158
3,255,159
3,255,162
3,255,163
3,255,163
3,255,164
3,255,164
3,255,164
3,255,164
3,255,164
3,255,164
3,255,165
3,255,165
3,255,165
3,255,165
3,253,165
3,253,164
3,253,164
3,253,163
3,253,162
3,253,161
3,253,161
3,253,160
3,255,158
3,255,157
3,255,156
3,255,154
3,255,153
3,255,153
3,255,153
3,255,153
3,255,153
3,255,153
3,255,153
3,255,153
3,255,153
3,255,153
3,255,153
3,255,153
3,255,153
3,255,153
3,255,153
3,255,153
3,255,153
3,253,153
3,252,150
3,250,147
3,248,142
3,248,137
3,247,129
3,249,126
3,253,124
3,253,124
3,253,124
3,253,125
3,253,127
3,255,117
3,255,117
3,255,121
3,253,130
3,253,134
3,251,136
3,251,138
3,251,140
3,251,141
3,251,142
3,251,142
3,251,143
3,251,143
3,251,143
3,253,144
3,251,145
3,252,146
3,252,148
3,252,149
3,252,150
3,252,152
3,253,153
3,253,153
3,253,153
3,253,154
3,253,156
3,253,156
3,255,157
3,255,157
3,255,157
3,255,157
3,255,157
3,255,157
3,255,157
3,255,156
3,255,155
3,255,155
3,255,155
3,255,156
3,255,157
3,255,157
3,255,157
3,255,157
3,255,158
3,253,158
3,253,158
3,253,159
3,253,159
3,253,159
3,253,159
3,253,159
3,253,159
3,253,159
3,253,159
3,253,159
3,253,159
3,253,159
3,253,160
3,253,160
3,253,160
3,253,160
3,253,160
3,253,160
3,253,160
3,253,160
3,253,160
3,253,160
3,253,160
3,253,160
3,253,160
3,253,159
3,253,159
3,253,158
3,253,157
3,253,156
3,253,155
3,253,153
3,253,153
3,252,152
3,252,150
3,252,149
3,250,148
2,250,147
3,252,146
3,252,146
3,252,146
3,252,147
3,252,147
3,252,148
3,252,149
3,253,149
3,253,149
3,253,149
3,253,149
3,255,149
3,255,150
3,255,150
3,255,151
3,255,153
3,255,156
3,255,156
3,255,156
3,255,157
3,255,157
3,255,157
3,255,156
3,255,156
3,255,155
3,255,155
3,255,155
3,255,156
3,253,156
3,253,156
3,253,157
3,253,157
3,253,158
3,253,159
3,255,159
3,255,159
3,255,160
3,255,160
3,255,162
3,255,162
3,255,162
3,253,162
3,253,163
3,253,163
3,253,163
3,253,163
3,253,163
3,253,161
3,253,160
3,253,159
3,253,159
3,253,159
3,253,159
3,253,159
3,253,159
3,255,158
3,255,157
3,255,157
3,255,157
3,255,157
3,255,157
3,255,158
3,255,159
3,255,159
3,255,162
3,255,163
3,255,164
3,255,164
3,255,164
3,255,164
3,255,164
3,255,165
3,255,165
3,255,165
3,255,165
3,255,165
3,255,165
3,253,165
3,253,164
3,253,164
3,253,164
3,253,161
3,253,161
3,253,160
3,255,159
3,255,158
3,255,156
3,255,155
3,255,153
3,255,153
3,255,153
3,255,153
3,255,153
3,255,153
3,255,153
3,255,153
3,255,153
3,255,153
3,255,153
3,255,153
3,255,153
3,255,153
3,255,153
3,255,153
3,255,153
3,253,153
3,252,150
3,250,147
3,248,142
3,248,137
3,247,129
3,249,126
3,253,123
3,253,123
3,253,123
3,253,125
3,255,118
3,255,120
3,255,122
3,253,130
3,253,134
3,253,137
3,253,139
3,253,141
3,253,141
3,253,142
3,253,143
3,253,143
3,251,143
3,251,144
3,251,144
3,252,146
3,252,146
3,252,148
3,252,149
3,252,151
3,252,152
3,253,153
3,253,153
3,253,153
3,253,154
3,253,156
3,253,156
3,255,157
3,255,157
3,255,157
3,255,157
3,255,157
3,255,157
3,255,157
3,255,156
3,255,155
3,255,155
3,255,155
3,255,155
3,255,157
3,255,157
3,255,157
3,255,157
3,255,157
3,253,157
3,253,158
3,253,158
3,253,158
3,253,158
3,253,158
3,253,158
3,253,158
3,253,159
3,253,159
3,253,159
3,253,159
3,253,160
3,253,160
3,253,160
3,253,160
3,253,160
3,253,160
3,253,160
3,253,160
3,253,160
3,253,160
3,253,160
3,253,160
3,253,160
3,253,160
3,253,160
3,253,159
3,253,159
3,253,158
3,255,156
3,255,155
3,255,153
3,255,153
3,252,152
3,252,151
3,252,150
3,250,149
3,250,148
3,252,147
3,252,147
3,252,147
3,252,147
3,252,148
3,252,148
3,252,149
3,252,149
3,253,149
3,253,149
3,253,149
3,253,149
3,253,149
3,253,150
3,255,150
3,255,152
3,255,154
3,255,156
3,255,156
3,255,156
3,255,156
3,253,155
3,253,155
3,253,155
3,253,155
3,255,154
3,255,153
3,255,153
3,253,155
3,253,156
3,253,156
3,253,157
3,253,158
3,255,158
3,255,159
3,255,159
3,255,159
3,255,160
3,255,160
3,255,162
3,255,162
3,253,162
3,253,163
3,253,163
3,253,163
3,253,163
3,253,163
3,253,162
3,255,160
3,255,159
3,255,159
3,255,159
3,253,159
3,253,159
3,253,158
3,255,158
3,255,157
3,255,157
3,255,157
3,255,157
3,255,157
3,255,158
3,255,158
3,255,159
3,255,160
3,255,163
3,255,164
3,255,164
3,255,164
3,255,164
3,255,164
3,255,165
3,255,165
3,255,165
3,255,165
3,255,165
3,255,165
3,255,165
3,253,166
3,253,164
3,253,164
3,253,162
3,253,161
3,253,160
3,255,159
3,255,158
3,255,157
3,255,156
3,255,154
3,255,153
3,255,153
3,255,153
3,255,153
3,255,153
3,255,153
3,255,153
3,255,153
3,255,153
3,255,153
3,255,153
3,255,153
3,255,153
3,255,153
3,255,153
3,255,153
3,253,152
3,252,150
3,250,147
3,248,142
3,248,136
3,247,129
3,251,125
3,253,122
3,253,122
3,253,122
3,253,124
3,255,119
3,255,120
3,255,124
3,253,131
3,253,135
3,253,137
3,253,139
3,253,141
3,253,142
3,253,142
3,253,143
3,253,144
3,251,144
3,251,144
3,251,145
3,252,146
3,252,147
3,252,148
3,252,149
3,252,151
3,252,152
3,255,153
3,255,153
3,255,153
3,253,154
3,253,156
3,253,156
3,255,156
3,255,157
3,255,157
3,255,157
3,255,157
3,255,157
3,255,157
3,255,156
3,255,155
3,255,155
3,255,155
3,255,155
3,255,155
3,255,156
3,255,157
3,255,157
3,255,157
3,253,157
3,253,157
3,253,157
3,253,157
3,253,157
3,253,158
3,253,158
3,253,158
3,253,158
3,253,159
3,253,159
3,253,159
3,253,160
3,253,160
3,253,160
3,253,160
3,253,160
3,253,160
3,253,160
3,253,160
3,253,160
3,253,160
3,253,160
3,253,160
3,253,160
3,253,160
3,253,160
3,253,160
3,253,159
3,253,158
3,255,157
3,255,155
3,255,155
3,255,153
3,255,152
3,252,152
3,252,151
3,252,150
3,252,149
3,252,148
3,252,147
3,252,148
3,252,148
3,252,148
3,252,149
3,252,149
3,252,150
3,252,150
3,253,150
3,253,149
3,253,149
3,253,149
3,253,150
3,255,150
3,255,152
3,255,153
3,255,155
3,255,155
3,255,155
3,253,154
3,253,154
3,253,154
3,253,154
3,253,154
3,255,153
3,255,153
3,255,153
3,255,153
3,253,156
3,253,156
3,255,157
3,255,158
3,255,158
3,255,159
3,255,159
3,255,159
3,255,159
3,255,160
3,255,161
3,255,162
3,253,162
3,253,163
3,253,163
3,253,163
3,253,163
3,253,163
3,253,162
3,255,160
3,255,159
3,255,158
3,255,158
3,255,158
3,255,158
3,255,158
3,255,158
3,255,157
3,255,157
3,255,156
3,255,156
3,255,156
3,255,157
3,255,158
3,255,159
3,255,159
3,255,162
3,253,163
3,253,164
3,253,164
3,255,164
3,255,165
3,255,165
3,255,165
3,255,165
3,255,165
3,255,165
3,253,166
3,253,166
3,253,166
3,253,166
3,253,164
3,253,164
3,253,161
3,253,161
3,253,160
3,255,158
3,255,157
3,255,157
3,255,156
3,255,154
3,255,153
3,255,153
3,255,153
3,255,153
3,255,153
3,255,153
3,255,153
3,255,153
3,255,153
3,255,153
3,255,153
3,255,153
3,255,153
3,255,153
3,255,153
3,253,152
3,252,150
3,248,146
3,248,142
3,248,136
3,247,129
3,251,124
3,253,122
3,253,122
3,253,122
3,255,124
4,255,119
3,255,121
3,253,124
3,253,131
3,253,135
3,253,138
3,253,139
3,253,141
3,253,142
3,253,142
3,253,144
3,251,144
3,251,144
3,251,145
3,252,146
3,252,147
3,252,147
3,252,148
3,252,149
3,252,151
3,253,152
3,255,153
3,255,153
3,255,153
3,253,154
3,253,154
3,253,156
3,255,156
3,255,156
3,255,157
3,255,157
3,255,157
3,253,157
3,253,156
3,253,155
3,253,155
3,253,154
3,253,154
3,253,154
3,253,154
3,253,155
3,253,155
3,253,156
3,253,156
3,253,156
3,253,156
3,253,157
3,253,157
3,253,157
3,253,157
3,253,157
3,253,158
3,253,158
3,253,158
3,253,159
3,253,159
3,253,160
3,253,160
3,253,160
3,253,160
3,253,162
3,253,160
3,253,160
3,253,160
3,253,160
3,253,160
3,253,160
3,253,160
3,253,160
3,253,160
3,253,160
3,253,160
3,253,159
3,253,159
3,255,158
3,255,156
3,255,155
3,255,153
3,255,152
3,252,152
3,252,152
3,252,151
3,252,150
3,252,149
3,252,148
3,253,148
3,252,148
3,252,150
3,252,150
3,252,150
3,252,152
3,253,152
3,253,152
3,253,152
3,253,152
3,253,151
3,253,150
3,255,151
3,255,151
3,255,152
3,255,153
3,255,153
3,255,154
3,253,154
3,253,154
3,252,154
3,252,154
3,252,153
3,253,152
3,255,152
3,255,152
3,255,153
3,253,154
3,253,156
3,253,157
3,253,158
3,255,158
3,255,158
3,255,159
3,255,159
3,255,159
3,255,159
3,255,160
3,253,161
3,253,162
3,253,163
3,253,163
3,253,163
3,253,163
3,253,162
3,253,160
3,253,160
3,255,158
3,255,158
3,255,158
3,255,158
3,255,158
3,255,158
3,255,158
3,255,157
3,255,156
3,255,156
3,255,156
3,255,156
3,255,157
3,255,158
3,255,159
3,255,159
3,253,161
3,253,163
3,253,164
3,253,164
3,253,165
3,255,165
3,255,165
3,255,165
3,255,165
3,255,166
3,253,166
3,253,166
3,253,166
3,253,166
3,253,166
3,253,165
3,253,164
3,253,163
3,253,161
3,253,161
3,253,159
3,255,158
3,255,157
3,255,156
3,253,155
3,253,154
3,255,153
3,255,153
3,255,153
3,255,153
3,255,153
3,255,153
3,255,153
3,255,153
3,255,153
3,255,153
3,255,153
3,255,153
3,255,153
3,255,153
3,253,152
3,252,150
3,250,146
3,248,142
3,248,136
3,249,128
3,251,123
3,253,121
3,253,121
3,255,121
3,255,124
4,255,119
3,255,121
3,255,125
3,253,132
3,253,136
3,253,139
3,253,140
3,253,141
3,253,142
3,253,144
3,253,144
3,251,145
3,251,145
3,252,146
3,252,147
3,252,148
2,250,148
3,252,149
3,252,151
3,252,151
3,253,152
3,255,152
3,255,153
3,255,153
3,255,154
3,255,154
3,255,155
3,255,156
3,255,156
3,255,156
3,255,156
3,253,156
3,253,156
3,253,155
3,253,155
3,253,154
3,253,154
3,253,154
3,253,154
3,253,154
3,253,154
3,253,155
3,253,155
3,253,155
3,253,155
3,253,156
3,253,155
3,253,155
3,253,156
3,253,156
3,253,156
3,253,157
3,253,158
3,253,158
3,253,159
3,253,160
3,253,160
3,253,160
3,253,161
3,253,162
3,253,162
3,253,162
3,253,160
3,253,160
3,253,160
3,253,160
3,253,160
3,253,160
3,253,160
3,253,160
3,253,160
3,253,160
3,253,160
3,253,159
3,255,158
3,255,157
3,255,155
3,255,153
3,255,153
3,253,152
3,252,152
3,252,152
3,252,152
3,252,150
3,252,150
3,253,150
3,253,150
3,253,152
3,252,153
3,252,153
3,252,153
3,253,153
3,253,153
3,253,153
3,253,152
3,253,152
3,253,152
3,253,152
3,255,152
3,255,152
3,255,153
3,255,153
3,255,153
3,253,153
3,253,153
3,252,153
3,252,153
3,252,152
3,253,152
3,253,152
3,253,152
3,253,153
3,253,154
3,253,156
3,253,157
3,253,158
3,253,158
3,255,158
3,255,158
3,255,158
3,255,158
3,255,159
3,255,159
3,253,160
3,253,161
3,253,161
3,253,162
3,253,162
3,253,162
3,253,160
3,253,160
3,253,159
3,255,158
3,255,158
3,255,158
3,255,158
3,255,158
3,253,158
3,253,158
3,255,157
3,255,157
3,255,156
3,255,156
3,255,156
3,255,157
3,255,158
3,255,159
3,255,159
3,253,160
3,253,163
3,253,164
3,253,164
3,253,164
3,253,165
3,255,165
3,255,166
3,255,166
3,255,166
3,253,166
3,253,166
3,253,166
3,253,166
3,253,166
3,253,166
3,253,165
3,253,164
3,253,163
3,253,161
3,253,160
3,253,159
3,253,157
3,253,157
3,253,156
3,253,154
3,253,154
3,255,153
3,255,153
3,255,153
3,255,153
3,255,153
3,255,153
3,255,153
3,255,153
3,255,153
3,255,153
3,255,153
3,255,153
3,255,153
3,253,152
3,252,150
3,250,146
3,250,141
3,249,135
3,249,128
3,251,123
3,253,121
3,253,121
3,255,121
3,255,124
3,255,119
3,255,121
3,255,125
3,255,132
3,253,136
3,253,139
3,253,140
3,253,142
3,253,142
3,253,144
3,253,145
3,251,145
3,252,146
3,252,146
3,252,147
2,250,148
2,250,149
3,252,149
3,252,151
3,253,152
3,253,152
3,255,152
3,255,153
3,255,153
3,255,153
3,255,154
3,255,154
3,255,155
3,255,156
3,255,156
3,255,156
3,253,156
3,253,155
3,253,154
3,253,154
3,253,154
3,253,154
3,253,153
3,253,153
3,253,154
3,253,154
3,253,154
3,253,154
3,253,154
3,253,155
3,253,154
3,253,154
3,253,154
3,253,154
3,253,155
3,253,156
3,253,156
3,253,157
3,253,158
3,253,158
3,253,160
3,253,160
3,253,160
3,253,162
3,253,163
3,253,163
3,253,162
3,253,162
3,253,160
3,253,160
3,253,160
3,253,160
3,253,160
3,253,161
3,253,161
3,253,161
3,253,160
3,253,160
3,253,159
3,255,158
3,255,158
3,255,157
3,255,155
3,255,153
3,253,153
3,252,152
3,252,152
3,252,152
3,252,152
3,253,152
3,253,152
3,255,152
3,255,153
3,255,153
3,255,153
3,255,153
3,253,153
3,253,153
3,253,153
3,253,153
3,253,153
3,253,152
3,253,152
3,255,152
3,255,153
3,255,153
3,255,153
3,255,153
3,253,153
3,253,153
3,252,153
3,252,152
3,252,152
3,253,151
3,253,151
3,253,152
3,253,152
3,253,154
3,253,156
3,253,157
3,253,158
3,252,158
3,252,158
3,253,158
3,253,158
3,255,158
3,255,158
3,255,158
3,253,159
3,253,160
3,253,160
3,253,161
3,253,161
3,253,160
3,253,160
3,253,160
3,253,159
3,253,158
3,253,158
3,255,158
3,255,158
3,253,158
3,252,158
3,252,158
3,252,157
3,253,157
3,255,157
3,255,157
3,255,157
3,255,157
3,255,158
3,255,159
3,255,159
3,255,160
3,253,162
3,253,163
3,253,164
3,253,165
3,253,165
3,253,166
3,255,167
3,253,167
3,253,167
3,253,166
3,253,166
3,253,166
3,253,166
3,253,166
3,253,166
3,253,165
3,253,164
3,253,163
3,253,161
3,253,160
3,253,159
3,253,158
3,253,157
3,253,156
3,253,155
3,253,154
3,253,154
3,255,153
3,255,153
3,255,153
3,255,153
3,255,153
3,255,153
3,255,152
3,255,152
3,255,153
3,255,153
3,255,153
3,255,153
3,253,152
3,252,149
3,252,146
3,250,140
3,249,134
3,251,127
3,253,122
3,253,120
3,253,120
3,255,120
3,255,124
3,255,119
3,255,120
3,255,125
3,255,132
3,253,136
3,253,139
3,253,140
3,253,142
3,253,142
3,253,144
3,253,145
3,251,145
3,252,146
3,250,147
2,250,148
2,250,149
2,250,149
2,250,151
3,252,151
3,253,152
3,253,152
3,255,152
3,255,153
3,255,153
3,255,153
3,255,153
3,255,154
3,255,154
3,255,154
3,255,154
3,255,154
3,253,155
3,253,154
3,253,154
3,253,154
3,253,154
3,253,154
3,253,153
3,253,153
3,253,153
3,253,153
3,253,154
3,253,154
3,253,154
3,253,154
3,253,154
3,253,154
3,255,154
3,255,154
3,255,154
3,255,155
3,253,156
3,253,156
3,253,158
3,253,158
3,253,160
3,253,160
3,253,162
3,253,163
3,253,163
3,253,163
3,253,163
3,253,162
3,253,161
3,253,160
3,253,160
3,253,160
3,253,161
3,253,162
3,253,162
3,253,161
3,253,161
3,253,160
3,253,160
3,253,159
3,255,158
3,255,157
3,255,156
3,255,154
3,253,153
3,253,153
3,252,153
3,252,153
3,252,153
3,253,153
3,253,153
3,255,153
3,255,153
3,255,153
3,255,153
3,255,153
3,253,153
3,253,153
3,253,153
3,253,153
3,253,153
3,253,153
3,253,152
3,255,153
3,255,153
3,255,153
3,255,153
3,253,153
3,253,153
3,252,153
3,252,152
3,252,152
3,252,151
3,253,151
3,253,151
3,253,151
3,253,152
3,253,154
3,253,156
3,252,157
3,252,158
3,252,158
3,252,158
3,252,158
3,253,158
3,253,158
3,253,157
3,253,158
3,253,158
3,253,159
3,253,160
3,253,160
3,253,160
3,253,160
3,253,160
3,253,160
3,253,159
3,253,158
3,253,158
3,253,158
3,253,158
3,253,158
3,252,158
3,252,158
3,252,157
3,253,157
3,255,157
3,255,157
3,255,157
3,255,157
3,255,158
3,255,159
3,255,159
3,255,159
3,253,162
3,253,163
3,253,164
3,253,165
3,253,166
3,253,166
3,253,167
3,253,167
3,253,167
3,253,167
3,253,166
3,253,166
3,253,166
3,253,166
3,253,166
3,253,165
3,253,164
3,253,163
3,253,161
3,253,160
3,253,159
3,253,158
3,252,157
3,252,157
3,252,155
3,253,154
3,253,154
3,255,153
3,255,153
3,255,153
3,255,153
3,255,153
3,255,152
3,255,152
3,255,152
3,255,152
3,255,153
3,255,153
3,255,153
3,253,152
3,252,149
3,252,146
3,250,140
3,249,134
3,251,127
3,253,122
3,253,119
3,253,119
4,255,119
3,255,124
3,255,118
3,255,120
3,255,125
3,255,132
3,253,135
3,253,138
3,253,139
3,253,142
3,253,142
3,253,145
3,251,145
3,252,146
3,252,146
3,250,147
3,250,148
2,250,149
2,250,149
2,250,151
3,252,151
3,253,152
3,253,152
3,255,152
3,255,153
3,255,153
3,255,153
3,255,153
3,255,153
3,255,153
3,255,153
3,255,154
3,255,154
3,253,154
3,253,154
3,253,154
3,253,154
3,253,154
3,253,153
3,253,153
3,253,153
3,253,153
3,253,153
3,253,154
3,253,154
3,253,154
3,253,154
3,253,154
3,253,154
3,255,154
3,255,154
3,255,154
3,255,155
3,253,156
3,253,156
3,253,157
3,253,159
3,253,160
3,253,161
3,253,163
3,253,163
3,253,163
3,253,163
3,253,163
3,253,163
3,253,162
3,253,160
3,253,160
3,253,161
3,253,162
3,253,162
3,252,162
3,253,162
3,253,161
3,253,160
3,253,160
3,253,159
3,255,158
3,255,158
3,255,157
3,255,156
3,255,154
3,253,153
3,253,153
3,253,153
3,253,153
3,253,153
3,255,153
3,255,153
3,255,153
3,255,153
3,255,153
3,255,155
3,255,156
3,253,156
3,253,156
3,253,156
3,253,156
3,253,155
3,253,154
3,255,154
3,255,154
3,255,154
3,255,153
3,253,153
3,253,153
3,252,152
3,252,152
3,252,152
3,252,150
3,253,150
3,253,151
3,253,151
3,253,152
3,253,154
3,253,156
3,252,157
3,252,158
3,252,158
3,252,158
3,252,158
3,252,158
3,253,157
3,253,157
3,255,157
3,255,157
3,253,159
3,253,159
3,253,160
3,253,160
3,253,160
3,253,160
3,253,159
3,253,159
3,253,158
3,253,158
3,253,157
3,253,157
3,252,157
3,252,157
3,252,157
3,252,157
3,253,157
3,255,157
3,255,157
3,255,157
3,255,158
3,255,158
3,255,159
3,255,159
3,255,159
3,253,161
3,253,162
3,253,164
3,253,164
3,253,166
3,253,167
3,253,167
3,253,167
3,253,167
3,253,167
3,253,166
3,253,166
3,253,166
3,253,166
3,253,166
3,253,165
3,253,165
3,255,163
3,255,161
3,255,160
3,255,159
3,255,158
3,253,157
3,252,157
3,252,155
3,253,154
3,253,154
3,255,153
3,255,153
3,255,153
3,255,153
3,255,153
3,255,152
3,255,152
3,255,152
3,255,152
3,255,153
3,255,153
3,255,153
3,253,152
3,252,149
3,251,145
3,250,140
3,249,133
3,251,127
3,251,122
3,253,119
3,253,119
3,253,119
3,253,124
3,255,118
3,255,120
3,255,125
3,253,130
3,253,134
3,253,137
3,253,139
3,253,141
3,253,142
3,253,145
3,253,145
3,252,146
3,250,146
3,250,147
3,250,148
3,250,148
2,250,149
2,250,150
3,253,151
3,253,152
3,253,152
3,255,152
3,255,153
3,255,153
3,255,153
3,255,153
3,255,153
3,255,153
3,255,153
3,255,154
3,255,154
3,253,154
3,253,154
3,253,154
3,253,154
3,253,154
3,253,153
3,253,152
3,253,152
3,253,153
3,253,154
3,253,154
3,253,154
3,253,154
3,253,154
3,253,154
3,253,154
3,255,154
3,255,154
3,255,155
3,255,156
3,253,156
3,253,157
3,253,158
3,253,159
3,253,160
3,253,161
3,253,162
3,253,163
3,253,163
3,253,163
3,253,163
3,253,163
3,253,163
3,253,161
3,253,161
3,253,161
3,253,162
3,253,162
3,253,162
3,253,162
3,253,162
3,253,161
3,253,160
3,253,160
3,253,159
3,253,158
3,253,158
3,253,157
3,253,157
3,253,154
3,255,154
3,253,153
3,253,153
3,253,153
3,255,153
3,255,153
3,255,154
3,255,154
3,255,156
3,255,156
3,253,156
3,253,157
3,253,157
3,253,157
3,253,157
3,253,157
3,253,156
3,255,154
3,255,154
3,255,154
3,253,154
3,253,154
3,252,153
3,252,152
3,252,152
3,252,150
3,252,149
3,253,148
3,253,148
3,253,150
3,253,151
3,253,153
3,252,156
3,252,158
3,250,158
3,250,158
3,252,158
3,252,158
3,252,158
3,253,158
3,255,157
3,255,157
3,255,158
3,255,158
3,255,159
3,253,160
3,253,160
3,253,160
3,253,160
3,253,159
3,253,159
3,252,158
3,252,158
3,253,157
3,253,157
3,253,157
3,253,157
3,252,157
3,252,158
3,255,157
3,255,157
3,255,157
3,255,158
3,255,158
3,255,159
3,255,159
3,255,159
3,255,159
3,255,161
3,253,162
3,253,164
3,253,164
3,253,166
3,253,167
3,253,167
3,255,167
3,255,167
3,255,167
3,255,167
3,253,167
3,253,166
3,253,166
3,253,166
3,253,166
3,255,165
3,255,164
3,255,162
3,255,160
3,255,159
3,255,158
3,253,157
3,253,157
3,253,155
3,253,154
3,253,154
3,255,153
3,255,153
3,255,153
3,255,153
3,255,152
3,255,152
3,255,152
3,255,152
3,255,153
3,255,153
3,255,153
3,255,153
3,253,152
3,252,149
3,250,145
3,249,139
3,249,133
3,249,127
3,251,122
4,253,120
3,253,120
3,253,120
3,253,124
3,255,117
3,255,119
3,255,122
3,253,130
3,251,134
3,253,137
3,253,138
3,253,140
3,253,142
3,253,145
3,253,145
3,252,146
3,250,146
3,250,147
3,250,147
3,250,148
3,250,149
3,252,149
3,253,150
3,253,151
3,253,152
3,255,152
3,255,152
3,255,152
3,255,152
3,255,153
3,255,153
3,255,153
3,255,153
3,255,153
3,253,153
3,253,154
3,253,154
3,253,154
3,253,154
3,255,153
3,255,153
3,255,152
3,255,153
3,253,153
3,253,154
3,253,154
3,253,154
3,253,154
3,253,154
3,253,154
3,253,154
3,255,154
3,255,155
3,255,156
3,255,156
3,253,156
3,253,157
3,253,158
3,253,159
3,253,160
3,253,161
3,253,162
3,253,163
3,253,163
3,253,163
3,253,163
3,253,163
3,253,163
3,253,162
3,253,162
3,253,162
3,253,162
3,253,162
3,252,163
3,253,162
3,253,162
3,253,161
3,253,160
3,253,160
3,253,160
3,253,159
3,253,158
3,253,158
3,253,157
3,255,157
3,255,156
3,255,154
3,255,154
3,253,154
3,255,154
3,255,154
3,255,155
3,255,156
3,255,157
3,255,157
3,253,158
3,253,158
3,253,158
3,253,159
3,253,159
3,252,158
3,253,157
3,253,156
3,255,154
3,255,154
3,255,154
3,253,154
3,252,154
3,252,152
3,252,150
3,252,150
3,252,148
3,253,148
3,255,147
3,255,147
3,255,151
3,253,152
3,252,156
3,250,158
3,250,158
3,250,158
3,250,158
3,252,158
3,252,158
3,253,158
3,255,158
3,255,158
3,255,158
3,255,158
3,255,159
3,255,159
3,255,160
3,253,160
3,253,160
3,253,159
3,252,159
3,252,158
3,252,158
3,253,157
3,253,157
3,253,157
3,253,157
3,253,157
3,253,158
3,255,158
3,255,158
3,255,158
3,255,158
3,255,158
3,255,159
3,255,159
3,255,159
3,255,159
3,255,161
3,253,162
3,253,164
3,253,164
3,253,166
3,253,167
3,253,167
3,253,167
3,255,167
3,255,167
3,255,167
3,255,167
3,255,167
3,255,167
3,255,166
3,255,166
3,255,165
3,255,164
3,255,163
3,255,161
3,255,159
3,255,158
3,255,157
3,253,157
3,253,155
3,253,154
3,253,154
3,255,153
3,255,153
3,255,153
3,255,153
3,255,153
3,255,152
3,255,152
3,255,153
3,255,153
3,255,153
3,255,153
3,255,153
3,253,152
3,252,149
3,250,145
3,249,139
3,249,133
3,251,126
3,251,122
3,251,121
3,253,121
3,253,121
3,253,124
3,255,116
3,253,118
3,253,121
3,251,127
3,251,132
3,251,137
3,251,137
3,253,140
3,253,141
3,253,145
3,253,145
3,250,146
3,250,146
3,250,147
3,250,148
3,250,148
3,250,148
3,252,149
3,253,149
3,253,150
3,253,151
3,253,152
3,253,152
3,253,152
3,253,152
3,253,152
3,253,153
3,253,153
3,253,153
3,253,153
3,253,153
3,253,154
3,253,154
3,253,154
3,253,153
3,255,153
3,255,153
3,255,153
3,253,153
3,253,154
3,253,154
3,253,154
3,253,154
3,253,154
3,253,154
3,253,154
3,253,155
3,253,156
3,255,156
3,255,156
3,253,157
3,253,157
3,253,158
3,253,159
3,253,159
3,253,160
3,253,161
3,253,162
3,253,162
3,253,163
3,253,163
3,253,163
3,253,163
3,253,163
3,253,163
3,253,163
3,252,163
3,252,163
3,252,163
3,252,163
3,252,163
3,253,162
3,253,162
3,253,160
3,253,160
3,253,160
3,253,159
3,253,159
3,253,158
3,255,158
3,255,157
3,255,157
3,255,156
3,255,156
3,253,155
3,253,155
3,255,156
3,255,156
3,255,157
3,255,158
3,255,158
3,255,158
3,253,159
3,253,159
3,253,159
3,253,159
3,252,159
3,252,158
3,253,158
3,253,157
3,253,155
3,253,154
3,253,154
3,252,154
3,252,154
3,250,152
3,252,150
3,252,148
3,255,147
3,255,146
3,255,146
3,255,148
3,253,151
3,250,156
3,250,157
3,250,158
3,250,158
3,250,158
3,252,158
3,253,158
3,253,158
3,255,158
3,255,158
3,255,158
3,255,158
3,255,159
3,255,159
3,255,159
3,255,160
3,253,160
3,253,159
3,253,159
3,253,159
3,253,158
3,253,157
3,253,157
3,253,157
3,253,157
3,255,158
3,255,158
3,255,158
3,255,158
3,255,158
3,255,158
3,255,158
3,255,159
3,255,159
3,255,159
3,255,159
3,255,160
3,253,162
3,253,163
3,253,164
3,253,165
3,253,167
3,253,167
3,255,167
3,255,167
3,255,167
3,255,167
3,255,167
3,255,167
3,255,167
3,255,167
3,255,166
3,255,165
3,255,165
3,255,164
3,255,161
3,255,160
3,255,158
3,255,157
3,253,157
3,253,156
3,253,154
3,253,154
3,255,153
3,255,153
3,255,153
3,255,153
3,255,153
3,255,153
3,255,153
3,255,153
3,255,153
3,255,153
3,255,153
3,255,153
3,253,152
3,250,149
3,248,144
3,248,138
3,249,130
3,251,126
3,251,122
4,253,121
3,253,121
3,253,121
3,253,124
3,255,115
3,253,116
3,253,119
3,251,127
3,251,132
3,251,137
3,251,137
3,253,140
3,253,141
3,253,144
3,253,145
3,250,146
3,250,146
3,250,147
3,250,147
3,250,148
3,250,148
3,252,148
3,253,149
3,253,149
3,253,149
3,253,149
3,253,149
3,253,150
3,253,152
3,253,152
3,253,152
3,253,152
3,253,153
3,253,153
3,253,153
3,255,153
3,253,154
3,255,153
3,255,153
3,255,153
3,255,153
3,255,153
3,255,153
3,253,154
3,253,154
3,253,154
3,253,154
3,253,154
3,253,154
3,253,156
3,253,156
3,253,157
3,253,157
3,255,157
3,253,157
3,253,158
3,253,158
3,253,159
3,253,159
3,253,160
3,253,161
3,253,162
3,253,162
3,253,163
3,253,163
3,253,163
3,253,163
3,253,163
3,253,163
3,253,163
3,253,163
3,252,163
3,252,163
3,252,163
3,252,163
3,253,162
3,253,162
3,253,160
3,253,160
3,253,160
3,253,160
3,253,159
3,253,159
3,255,158
3,255,158
3,255,157
3,253,157
3,253,157
3,253,157
3,253,157
3,253,157
3,255,158
3,255,158
3,255,158
3,255,158
3,255,159
3,255,159
3,253,159
3,253,160
3,253,160
3,253,160
3,253,159
3,253,158
3,253,158
3,253,157
3,253,157
3,253,157
3,252,154
3,252,154
3,250,153
3,252,150
3,252,148
3,255,146
3,255,146
3,255,146
3,255,147
3,253,151
3,252,156
3,250,157
3,250,158
3,250,158
3,252,158
3,252,158
3,253,158
3,255,158
3,255,158
3,255,158
3,255,158
3,255,159
3,255,159
3,255,159
3,255,159
3,255,160
3,253,160
3,253,159
3,253,159
3,253,159
3,253,158
3,253,158
3,255,158
3,255,157
3,255,158
3,255,158
3,255,158
3,255,158
3,255,158
3,255,158
3,255,158
3,255,158
3,255,159
3,255,159
3,255,159
3,255,159
3,255,160
3,253,161
3,253,163
3,253,164
3,253,164
3,253,166
3,253,167
3,255,167
3,255,167
3,255,167
3,255,167
3,255,167
3,255,167
3,255,167
3,255,167
3,255,167
3,255,165
3,255,165
3,255,164
3,255,162
3,255,160
3,255,159
3,255,158
3,255,157
3,253,157
3,253,155
3,253,154
3,255,153
3,255,153
3,255,153
3,255,153
3,255,153
3,255,153
3,255,153
3,255,153
3,255,153
3,255,153
3,255,153
3,255,153
3,253,152
3,250,149
3,250,144
3,249,137
3,249,129
3,251,125
3,251,121
3,253,121
3,253,121
3,253,121
3,253,124
3,255,115
3,253,115
3,253,118
3,251,126
3,251,131
3,251,136
3,251,137
3,251,140
3,253,141
3,253,144
3,253,145
3,250,146
3,250,146
3,250,147
3,250,147
3,250,148
3,250,148
3,253,148
3,253,148
3,253,148
3,253,148
3,253,149
3,253,149
3,253,149
3,253,149
3,253,152
3,252,152
3,252,152
3,253,152
3,253,153
3,255,153
3,255,153
3,255,153
3,255,153
3,255,153
3,255,153
3,255,153
3,255,153
3,255,153
3,253,154
3,253,154
3,253,154
3,253,154
3,253,155
3,253,156
3,253,156
3,253,157
3,253,157
3,253,157
3,253,158
3,253,158
3,253,158
3,253,158
3,255,159
3,255,159
3,255,160
3,253,161
3,255,161
3,253,162
3,253,163
3,253,163
3,253,163
3,253,163
3,253,163
3,253,163
3,253,163
3,253,163
3,252,163
3,252,163
3,252,163
3,252,163
3,253,162
3,253,162
3,253,160
3,253,160
3,253,160
3,253,160
3,253,160
3,253,159
3,253,159
3,253,159
3,253,158
3,253,157
3,253,157
3,253,157
3,253,157
3,253,158
3,255,158
3,255,158
3,255,158
3,255,159
3,255,159
3,255,159
3,253,160
3,253,160
3,253,160
3,253,160
3,253,160
3,253,160
3,253,159
3,253,158
3,253,158
3,253,158
3,252,157
3,252,155
3,252,154
3,252,153
3,253,149
3,255,148
3,255,147
3,255,147
3,255,148
3,255,151
3,253,156
3,252,157
3,250,158
3,250,158
3,252,158
3,252,158
3,253,158
3,253,158
3,255,158
3,255,159
3,255,159
3,255,159
3,255,159
3,255,159
3,255,159
3,253,159
3,253,159
3,253,159
3,253,159
3,253,159
3,255,159
3,255,158
3,255,158
3,255,158
3,255,158
3,255,158
3,255,158
3,255,158
3,255,158
3,255,158
3,255,158
3,255,158
3,255,158
3,255,159
3,255,159
3,255,159
3,255,159
3,253,160
3,253,162
3,253,163
3,253,164
3,253,165
3,253,166
3,255,166
3,255,167
3,255,167
3,255,166
3,255,166
3,255,167
3,255,167
3,255,167
3,255,167
3,255,165
3,255,165
3,255,164
3,255,163
3,255,161
3,255,159
3,255,158
3,255,157
3,253,157
3,255,156
3,255,154
3,255,153
3,255,153
3,255,153
3,255,153
3,255,153
3,255,153
3,255,153
3,255,153
3,255,153
3,255,153
3,255,153
3,255,153
3,252,151
3,250,149
3,250,144
3,249,137
3,251,129
3,251,124
3,253,120
4,255,120
3,253,120
3,253,121
3,253,124
3,255,114
3,253,114
3,253,118
3,253,124
3,251,131
3,251,135
3,251,137
3,251,140
3,253,140
3,253,142
3,253,145
3,251,145
3,250,146
3,250,146
3,250,147
3,250,147
3,252,147
3,253,148
3,253,148
3,253,148
3,253,148
3,253,148
3,253,149
3,253,149
3,253,149
3,253,149
3,252,151
3,252,152
3,253,152
3,255,152
3,255,153
3,255,153
3,255,153
3,255,153
3,255,153
3,255,153
3,255,153
3,255,153
3,255,153
3,255,154
3,253,154
3,253,154
3,253,156
3,253,156
3,253,156
3,253,157
3,253,157
3,253,157
3,253,158
3,253,158
3,253,158
3,253,158
3,253,159
3,255,159
3,255,159
3,255,160
3,253,160
3,253,161
3,253,162
3,253,163
3,253,163
3,253,163
3,253,163
3,253,163
3,253,163
3,253,163
3,253,163
3,253,163
3,252,163
3,252,163
3,252,163
3,253,162
3,253,162
3,253,160
3,253,160
3,253,160
3,253,160
3,253,160
3,253,159
3,253,159
3,253,159
3,253,159
3,253,159
3,253,159
3,253,159
3,253,159
3,253,160
3,255,160
3,255,160
3,255,160
3,255,160
3,255,160
3,255,162
3,253,162
3,253,160
3,253,160
3,253,160
3,253,160
3,253,160
3,253,160
3,253,160
3,253,160
3,253,160
3,252,158
3,252,158
3,252,156
3,253,154
3,253,153
3,255,149
3,255,148
3,255,148
3,255,151
3,255,152
3,253,156
3,253,157
3,252,158
3,252,158
3,252,158
3,253,158
3,253,158
3,253,158
3,255,159
3,255,159
3,255,159
3,255,159
3,255,159
3,255,159
3,253,159
3,253,159
3,253,159
3,253,159
3,253,159
3,255,159
3,255,159
3,255,159
3,255,159
3,255,158
3,255,158
3,255,158
3,255,158
3,255,158
3,255,158
3,255,158
3,255,158
3,255,158
3,255,158
3,255,158
3,255,159
3,255,159
3,255,159
3,255,160
3,253,162
3,253,163
3,253,164
3,253,164
3,253,165
3,255,166
3,255,166
3,255,166
3,255,166
3,255,166
3,255,166
3,255,166
3,255,166
3,255,166
3,255,165
3,255,165
3,255,164
3,255,163
3,253,161
3,255,160
3,255,159
3,255,157
3,253,157
3,255,156
3,255,154
3,255,154
3,255,153
3,255,153
3,255,153
3,255,153
3,255,153
3,255,153
3,255,153
3,255,153
3,255,153
3,255,153
3,255,152
3,252,150
3,250,148
3,250,142
3,249,135
3,251,128
3,253,122
4,255,120
3,255,120
4,255,120
3,253,121
3,253,126
3,253,113
3,253,115
2,251,124
3,251,130
3,251,135
3,251,137
3,251,138
3,253,140
3,253,142
3,253,144
3,251,145
3,251,145
3,250,146
3,250,146
3,252,147
3,252,147
3,253,147
3,253,147
3,253,147
3,252,147
3,250,148
3,250,148
3,252,149
3,253,149
3,253,149
3,253,150
3,253,151
3,253,152
3,255,152
3,255,152
3,255,153
3,255,153
3,255,153
3,255,153
3,255,153
3,255,153
3,255,153
3,255,153
3,255,154
3,253,154
3,253,156
3,253,156
3,253,156
3,253,156
3,253,156
3,253,157
3,253,158
3,253,158
3,253,158
3,253,158
3,253,159
3,253,159
3,255,159
3,255,159
3,255,160
3,255,160
3,255,161
3,253,161
3,253,162
3,253,163
3,253,163
3,253,163
3,253,163
3,253,163
3,253,163
3,253,163
3,252,163
3,252,163
3,252,163
3,252,163
3,253,162
3,253,160
3,253,160
3,253,160
3,253,160
3,253,160
3,253,160
3,253,160
3,253,159
3,253,159
3,253,159
3,253,159
3,253,159
3,253,160
3,253,161
3,253,161
3,253,161
3,253,161
3,255,161
3,255,162
3,255,162
3,253,162
3,253,162
3,253,162
3,253,162
3,253,160
3,253,160
3,253,160
3,253,161
3,252,161
3,252,161
3,252,161
3,252,160
3,252,159
3,252,158
3,252,156
3,253,154
3,253,153
3,255,150
3,255,151
3,255,152
3,255,153
3,253,156
3,253,157
3,253,158
3,252,158
3,252,159
3,253,159
3,253,159
3,253,159
3,255,159
3,255,159
3,255,159
3,255,159
3,255,159
3,253,159
3,253,159
3,253,159
3,253,159
3,253,159
3,253,159
3,255,159
3,255,159
3,255,159
3,255,159
3,255,159
3,255,158
3,255,158
3,255,158
3,255,158
3,255,158
3,255,158
3,255,158
3,255,158
3,255,158
3,255,158
3,255,158
3,255,159
3,255,159
3,255,160
3,253,162
3,253,163
3,253,164
3,253,164
3,255,165
3,255,165
3,255,165
3,255,165
3,255,165
3,255,165
3,255,165
3,255,165
3,255,165
3,255,165
3,255,165
3,255,164
3,255,164
3,255,163
3,253,161
3,253,160
3,255,159
3,255,158
3,253,157
3,255,157
3,255,156
3,255,154
3,253,153
3,255,153
3,255,153
3,255,153
3,255,153
3,255,153
3,255,153
3,255,153
3,255,153
3,255,153
3,253,152
3,252,149
3,250,146
3,250,141
3,249,134
3,253,127
3,253,121
4,255,120
3,255,120
3,253,120
3,253,122
3,253,113
3,253,114
3,253,122
3,251,129
3,251,133
3,251,137
3,251,137
3,253,140
3,253,142
3,253,142
3,253,144
3,251,145
3,251,145
3,252,146
3,252,146
3,253,146
3,253,146
3,253,146
3,253,146
3,252,147
3,250,147
3,250,148
3,250,148
3,253,149
3,253,149
3,253,149
3,253,151
3,253,151
3,255,152
3,255,152
3,255,153
3,255,153
3,255,153
3,255,153
3,255,153
3,255,153
3,255,153
3,255,153
3,255,155
3,253,155
3,253,156
3,253,156
3,253,156
3,253,156
3,253,156
3,253,157
3,253,157
3,253,158
3,253,158
3,253,159
3,253,159
3,255,159
3,255,159
3,255,159
3,255,160
3,255,160
3,255,160
3,255,161
3,253,161
3,253,162
3,253,163
3,253,163
3,253,163
3,253,163
3,253,163
3,253,163
3,253,163
3,253,163
3,253,162
3,253,162
3,253,161
3,253,160
3,253,160
3,253,160
3,253,160
3,253,160
3,253,160
3,253,160
3,253,160
3,253,160
3,253,160
3,253,160
3,253,160
3,253,161
3,253,162
3,253,162
3,253,162
3,253,162
3,253,162
3,253,162
3,253,163
3,253,163
3,253,163
3,253,163
3,253,163
3,253,163
3,253,163
3,253,163
3,253,163
3,252,163
3,252,163
3,252,163
3,252,161
3,252,161
3,252,160
3,253,158
3,253,156
3,253,154
3,255,153
3,255,153
3,255,153
3,255,155
3,255,157
3,253,157
3,253,159
3,253,159
3,253,159
3,253,159
3,253,159
3,253,159
3,253,159
3,255,159
3,255,159
3,255,159
3,255,159
3,253,159
3,253,159
3,253,159
3,253,159
3,253,159
3,255,159
3,255,160
3,255,160
3,255,160
3,255,160
3,255,160
3,255,160
3,255,159
3,255,158
3,255,158
3,255,158
3,255,158
3,255,158
3,255,158
3,255,158
3,255,158
3,255,158
3,255,159
3,255,159
3,255,160
3,253,162
3,253,163
3,253,164
3,253,164
3,253,164
3,255,164
3,255,165
3,255,165
3,255,165
3,255,165
3,255,165
3,255,165
3,255,165
3,255,165
3,255,164
3,255,164
3,253,164
3,253,163
3,253,161
3,253,160
3,255,159
3,255,159
3,253,157
3,255,157
3,255,157
3,255,154
3,253,153
3,255,153
3,255,153
3,255,153
3,255,153
3,255,153
3,255,153
3,255,153
3,255,153
3,255,153
3,252,150
3,252,149
3,250,145
3,249,139
3,251,133
3,253,126
3,253,122
3,255,121
3,253,121
3,253,121
3,253,124
3,253,112
3,253,114
2,253,122
2,251,127
3,251,132
3,251,135
3,251,137
3,253,139
3,253,141
3,253,142
3,253,142
3,253,144
3,251,145
3,251,145
3,251,145
3,253,146
3,253,146
3,253,146
3,252,146
3,252,146
3,250,147
3,250,148
3,250,148
3,250,148
3,253,149
3,253,149
3,253,151
3,253,151
3,253,152
3,255,152
3,255,153
3,255,153
3,255,153
3,255,153
3,255,153
3,255,153
3,255,153
3,255,154
3,255,155
3,253,156
3,253,156
3,253,156
3,253,156
3,253,156
3,253,157
3,253,157
3,253,157
3,253,158
3,255,158
3,253,159
3,255,159
3,255,159
3,255,159
3,255,159
3,255,160
3,255,160
3,255,160
3,255,160
3,255,161
3,253,161
3,253,163
3,253,163
3,253,163
3,253,163
3,253,163
3,253,163
3,253,163
3,253,162
3,253,162
3,253,162
3,253,161
3,253,160
3,253,160
3,253,160
3,253,160
3,255,159
3,255,159
3,253,160
3,253,160
3,253,160
3,253,160
3,253,160
3,253,161
3,253,162
3,253,162
3,253,162
3,253,163
3,253,163
3,253,163
3,253,163
3,253,163
3,253,163
3,253,163
3,253,163
3,253,163
3,253,163
3,253,163
3,253,163
3,253,163
3,253,164
3,253,164
3,253,163
3,253,163
3,252,162
3,252,161
3,253,160
3,253,159
3,253,158
3,253,156
3,255,155
3,253,156
3,255,157
3,255,157
3,253,158
3,253,159
3,253,159
3,253,160
3,253,160
3,253,160
3,253,160
3,253,160
3,255,159
3,255,159
3,255,159
3,253,159
3,253,159
3,253,159
3,253,159
3,253,159
3,255,159
3,255,159
3,255,160
3,255,160
3,255,160
3,255,160
3,255,160
3,255,160
3,255,160
3,255,159
3,253,159
3,253,159
3,255,158
3,255,158
3,255,158
3,255,157
3,255,157
3,255,158
3,255,158
3,255,159
3,253,160
3,253,162
3,253,163
3,253,164
3,253,164
3,253,164
3,255,164
3,255,164
3,255,164
3,255,164
3,255,165
3,255,165
3,255,165
3,255,165
3,255,165
3,255,164
3,255,164
3,253,164
3,253,163
3,253,161
3,253,160
3,255,159
3,255,159
3,253,158
3,253,157
3,253,157
3,253,156
3,253,154
3,255,153
3,255,153
3,255,153
3,255,153
3,255,153
3,255,153
3,255,153
3,255,153
3,253,152
3,252,149
3,250,146
3,250,142
3,249,137
3,251,131
3,251,125
3,253,123
3,253,121
3,253,121
3,253,123
3,253,125
3,253,111
3,253,112
3,253,119
2,251,124
3,251,129
3,251,133
3,253,136
3,253,137
3,253,140
3,253,142
3,253,142
3,253,142
3,253,144
3,253,145
3,253,145
3,253,145
3,253,146
3,253,146
3,252,146
3,252,146
3,252,147
3,250,147
3,250,148
3,250,148
3,253,149
3,253,149
3,253,151
3,253,151
3,253,152
3,255,153
3,255,153
3,255,153
3,255,153
3,255,153
3,255,153
3,255,153
3,255,153
3,255,155
3,255,155
3,253,156
3,253,156
3,253,156
3,253,156
3,253,157
3,253,157
3,253,157
3,253,157
3,255,158
3,255,158
3,255,159
3,255,159
3,255,159
3,255,159
3,255,159
3,255,159
3,255,160
3,255,160
3,255,160
3,255,160
3,253,161
3,253,162
3,253,163
3,253,163
3,253,163
3,253,163
3,253,163
3,253,163
3,253,163
3,253,162
3,253,161
3,253,161
3,253,160
3,253,160
3,253,160
3,255,159
3,255,159
3,255,159
3,255,159
3,253,160
3,253,160
3,253,160
3,253,160
3,253,161
3,253,162
3,253,162
3,253,163
3,253,163
3,253,163
3,253,163
3,253,164
3,253,164
3,253,164
3,253,164
3,253,163
3,253,163
3,253,163
3,253,163
3,253,164
3,253,164
3,253,164
3,253,164
3,253,164
3,253,163
3,253,163
3,253,161
3,253,161
3,253,160
3,253,159
3,253,158
3,253,157
3,253,157
3,253,157
3,255,158
3,253,159
3,253,159
3,253,160
3,253,160
3,253,160
3,253,161
3,253,161
3,253,160
3,255,160
3,255,160
3,253,159
3,253,159
3,253,159
3,253,159
3,253,159
3,253,159
3,255,159
3,255,159
3,255,160
3,255,160
3,255,160
3,255,160
3,255,161
3,255,161
3,253,160
3,253,160
3,253,159
3,253,159
3,253,159
3,253,158
3,255,157
3,255,157
3,255,157
3,255,157
3,255,158
3,255,159
3,253,160
3,253,163
3,252,163
3,252,164
3,253,164
3,253,164
3,255,164
3,255,164
3,255,164
3,255,164
3,255,165
3,255,165
3,255,165
3,255,165
3,255,165
3,255,164
3,255,164
3,253,163
3,253,163
3,253,161
3,253,160
3,255,160
3,255,159
3,253,158
3,253,157
3,253,157
3,253,157
3,253,154
3,255,153
3,255,153
3,255,153
3,255,153
3,255,153
3,255,153
3,255,153
3,255,153
3,252,151
3,250,149
3,250,145
3,250,140
3,251,134
3,251,128
3,251,123
3,253,123
3,253,122
3,253,122
3,253,123
3,253,125
3,250,109
3,253,110
3,253,117
3,253,122
3,251,127
3,251,133
3,253,135
3,253,137
3,253,140
3,253,142
3,253,142
3,253,142
3,253,142
3,253,144
3,253,145
3,253,145
3,253,146
3,253,146
3,252,146
3,252,146
3,252,147
3,250,148
3,250,148
3,252,149
3,253,149
3,253,150
3,253,151
3,253,151
3,253,152
3,255,152
3,255,153
3,255,153
3,255,153
3,255,153
3,255,153
3,255,153
3,255,155
3,255,155
3,255,155
3,253,156
3,253,156
3,253,156
3,253,156
3,252,157
3,253,157
3,253,157
3,255,157
3,255,158
3,255,158
3,255,158
3,255,158
3,255,159
3,255,159
3,255,159
3,255,159
3,255,159
3,255,159
3,255,160
3,253,160
3,253,160
3,253,161
3,253,162
3,253,163
3,253,163
3,253,163
3,253,163
3,253,163
3,253,163
3,253,163
3,253,161
3,253,161
3,253,160
3,253,160
3,253,159
3,255,159
3,255,159
3,255,158
3,255,159
3,253,159
3,253,160
3,253,160
3,253,160
3,253,160
3,253,162
3,253,162
3,253,163
3,253,163
3,253,163
3,253,163
3,253,164
3,253,164
3,253,164
3,253,164
3,253,164
3,253,164
3,253,164
3,253,164
3,253,164
3,253,164
3,253,164
3,253,164
3,253,164
3,253,164
3,253,163
3,253,163
3,253,161
3,253,161
3,253,160
3,253,159
3,253,158
3,253,158
3,253,158
3,253,159
3,253,159
3,253,159
3,253,160
3,253,161
3,253,161
3,253,161
3,253,161
3,253,161
3,253,161
3,253,160
3,253,160
3,253,160
3,253,159
3,253,159
3,253,159
3,255,159
3,255,159
3,255,159
3,255,160
3,255,160
3,255,161
3,255,161
3,255,161
3,253,161
3,253,161
3,253,161
3,253,160
3,253,159
3,253,159
3,253,158
3,255,157
3,255,157
3,255,157
3,255,157
3,255,158
3,255,159
3,253,160
3,253,163
3,252,163
3,252,164
3,252,164
3,253,164
3,253,164
3,255,164
3,255,165
3,255,165
3,255,165
3,255,165
3,255,165
3,255,165
3,255,165
3,255,164
3,253,164
3,253,163
3,253,163
3,253,162
3,253,160
3,255,160
3,255,159
3,253,158
3,255,158
3,255,157
3,255,157
3,255,154
3,255,153
3,255,153
3,255,153
3,255,153
3,255,153
3,255,153
3,255,153
3,255,152
3,252,150
3,250,148
3,250,142
3,249,138
3,249,132
3,251,126
3,251,123
3,253,122
3,253,122
3,253,123
3,253,124
3,253,126
3,255,108
3,253,114
3,253,119
3,253,125
3,251,130
3,251,133
3,251,136
3,253,138
3,253,140
3,253,142
3,253,142
3,253,142
3,253,142
3,253,144
3,253,145
3,253,146
3,252,146
3,252,146
3,252,147
3,252,147
3,252,148
3,252,149
3,252,149
3,253,150
3,253,150
3,253,151
3,253,152
3,253,152
3,255,153
3,255,153
3,255,153
3,255,153
3,255,153
3,255,153
3,255,153
3,255,155
3,255,155
3,255,155
3,253,156
3,253,156
3,253,156
3,252,157
3,252,157
3,253,157
3,253,157
3,255,157
3,255,157
3,255,157
3,255,158
3,255,158
3,255,158
3,255,158
3,255,158
3,255,159
3,255,159
3,255,159
3,253,159
3,253,159
3,253,160
3,253,160
3,253,161
3,253,162
3,253,162
3,253,163
3,253,163
3,253,163
3,253,163
3,253,163
3,253,161
3,253,161
3,253,161
3,253,160
3,253,159
3,255,158
3,255,158
3,255,158
3,255,158
3,255,159
3,255,159
3,255,159
3,255,159
3,253,160
3,253,160
3,253,162
3,253,162
3,253,163
3,253,163
3,253,163
3,253,163
3,253,164
3,253,164
3,253,164
3,253,164
3,253,164
3,252,164
3,253,164
3,253,164
3,253,164
3,253,164
3,253,164
3,253,164
3,253,164
3,255,163
3,255,163
3,255,163
3,253,162
3,253,161
3,253,161
3,253,159
3,253,159
3,253,159
3,253,159
3,253,159
3,253,159
3,253,160
3,253,161
3,253,161
3,253,161
3,253,161
3,253,161
3,253,161
3,253,161
3,253,160
3,253,160
3,253,160
3,253,160
3,253,159
3,255,159
3,255,159
3,255,159
3,255,159
3,255,160
3,255,161
3,253,161
3,253,162
3,253,162
3,253,161
3,253,161
3,253,161
3,253,160
3,253,159
3,253,159
3,255,158
3,255,157
3,255,157
3,255,157
3,255,157
3,253,159
3,253,160
3,253,163
3,252,163
3,252,164
3,252,164
3,253,164
3,253,164
3,253,165
3,255,165
3,255,165
3,255,165
3,255,165
3,255,165
3,255,165
3,255,165
3,253,164
3,253,164
3,253,163
3,253,163
3,253,162
3,253,161
3,255,160
3,255,160
3,255,158
3,255,158
3,255,157
3,255,157
3,255,154
3,255,153
3,255,153
3,255,153
3,255,153
3,255,153
3,255,153
3,255,153
3,252,152
3,250,149
3,250,146
3,250,140
3,249,135
3,249,129
3,251,124
3,251,122
3,253,121
3,253,121
3,253,123
3,253,124
3,253,108
3,253,112
3,253,117
3,253,123
3,251,128
3,251,133
3,251,135
3,251,137
3,251,140
3,251,141
3,251,142
3,253,142
3,253,142
3,253,144
3,253,145
3,253,145
3,253,146
3,252,147
3,252,147
3,252,148
3,252,149
3,252,149
3,252,150
3,252,150
3,252,151
3,253,152
3,253,152
3,253,153
3,255,153
3,255,153
3,255,153
3,255,153
3,255,153
3,255,153
3,255,153
3,255,154
3,255,155
3,253,156
3,253,156
3,253,156
3,252,157
3,252,157
3,252,157
3,252,157
3,253,157
3,255,157
3,255,157
3,255,157
3,255,157
3,255,158
3,255,158
3,255,158
3,255,158
3,255,158
3,255,158
3,255,158
3,253,159
3,253,159
3,253,159
3,253,160
3,253,160
3,253,161
3,253,162
3,253,163
3,253,163
3,253,163
3,253,163
3,253,163
3,253,162
3,253,161
3,253,160
3,253,159
3,253,159
3,253,158
3,255,158
3,255,157
3,255,157
3,255,157
3,255,157
3,255,158
3,255,159
3,255,159
3,253,159
3,253,160
3,253,161
3,253,162
3,253,163
3,253,163
3,253,163
3,253,163
3,253,164
3,253,164
3,253,164
3,252,164
3,252,164
3,253,164
3,253,164
3,253,164
3,252,164
3,253,164
3,253,164
3,253,164
3,255,164
3,255,164
3,255,163
3,255,163
3,253,162
3,253,161
3,253,161
3,253,160
3,253,159
3,253,159
3,253,159
3,253,160
3,253,160
3,253,161
3,253,161
3,253,161
3,253,161
3,253,161
3,253,161
3,253,161
3,253,160
3,253,160
3,253,160
3,253,160
3,253,160
3,255,159
3,255,159
3,255,159
3,255,159
3,255,160
3,253,161
3,253,161
3,253,162
3,253,162
3,253,162
3,252,161
3,252,161
3,252,161
3,253,160
3,253,159
3,255,158
3,255,157
3,255,157
3,255,157
3,255,157
3,253,159
3,253,160
3,253,163
3,253,163
3,252,164
3,252,164
3,253,164
3,252,165
3,252,165
3,253,165
3,255,165
3,255,165
3,255,165
3,255,165
3,255,165
3,253,165
3,253,164
3,253,164
3,253,163
3,253,163
3,253,162
3,253,161
3,255,160
3,255,160
3,255,158
3,255,158
3,255,157
3,255,157
3,255,154
3,255,153
3,255,153
3,255,153
3,255,153
3,255,153
3,253,153
3,252,152
3,252,151
3,250,148
3,248,145
3,248,139
3,249,133
3,249,128
3,251,122
3,251,121
3,253,121
3,253,121
3,253,122
3,253,123
3,250,106
3,253,111
3,253,114
3,253,121
3,251,126
3,251,132
3,251,133
3,251,136
3,251,139
3,251,140
2,250,142
2,250,142
3,253,142
3,253,144
3,253,144
3,253,145
3,253,146
3,253,147
3,252,148
3,252,149
3,252,150
3,252,150
3,252,150
3,252,151
3,252,152
3,253,152
3,253,152
3,253,153
3,255,153
3,255,153
3,255,153
3,255,153
3,255,153
3,255,153
3,255,153
3,255,153
3,255,155
3,253,155
3,253,156
3,252,156
3,252,157
3,252,157
3,252,157
3,252,157
3,253,157
3,255,157
3,255,157
3,255,157
3,255,157
3,255,157
3,255,157
3,255,157
3,255,157
3,255,157
3,253,157
3,253,157
3,253,158
3,253,159
3,253,159
3,253,159
3,253,160
3,253,160
3,255,161
3,255,162
3,253,163
3,253,163
3,253,163
3,253,163
3,253,162
3,253,161
3,253,160
3,253,159
3,253,159
3,253,158
3,255,158
3,255,157
3,255,157
3,255,157
3,255,157
3,255,157
3,255,158
3,255,158
3,255,159
3,255,159
3,253,160
3,253,161
3,253,162
3,253,163
3,253,163
3,253,163
3,253,163
3,253,164
3,252,164
3,252,164
3,252,164
3,253,164
3,253,164
3,253,164
3,252,164
3,253,164
3,253,164
3,255,164
3,255,164
3,255,164
3,255,164
3,255,164
3,253,163
3,253,162
3,253,162
3,253,161
3,253,160
3,253,159
3,253,159
3,253,159
3,253,160
3,253,161
3,253,161
3,253,161
3,253,161
3,253,161
3,253,161
3,253,161
3,253,160
3,253,160
3,253,160
3,253,160
3,253,161
3,255,160
3,255,159
3,255,159
3,255,159
3,255,160
3,253,161
3,253,162
3,253,162
3,253,162
3,252,162
3,252,162
3,252,161
3,252,161
3,253,160
3,253,159
3,255,158
3,255,158
3,255,157
3,255,157
3,255,157
3,253,159
3,253,160
3,253,162
3,253,163
3,253,164
3,252,164
3,252,165
3,252,165
3,252,165
3,252,165
3,252,165
3,252,165
3,252,165
3,252,165
3,252,165
3,252,164
3,253,164
3,253,164
3,253,163
3,253,163
3,253,162
3,253,162
3,255,161
3,255,160
3,255,158
3,255,158
3,255,157
3,255,157
3,255,154
3,255,153
3,255,153
3,255,153
3,255,153
3,255,153
3,253,153
3,252,152
3,252,150
3,250,147
3,250,144
3,249,138
3,249,130
3,251,126
3,251,121
3,251,120
3,253,120
3,253,120
3,255,121
3,253,123
3,250,105
3,253,108
3,253,113
3,253,119
3,251,125
3,251,129
3,251,133
3,251,136
3,251,138
3,251,140
2,250,141
2,250,142
3,253,142
3,253,144
3,253,144
3,253,145
3,253,147
3,253,148
3,253,148
3,253,150
3,253,150
3,252,150
3,252,152
3,252,152
3,252,152
3,253,152
3,253,153
3,255,153
3,255,153
3,255,153
3,255,153
3,255,153
3,255,153
3,255,153
3,255,153
3,255,153
3,253,154
3,253,155
3,253,156
3,252,157
3,252,157
3,252,157
3,252,157
3,252,157
3,253,157
3,255,157
3,255,157
3,255,157
3,255,157
3,255,157
3,255,157
3,255,157
3,255,157
3,255,157
3,253,157
3,253,157
3,253,157
3,253,157
3,253,158
3,253,159
3,253,159
3,255,160
3,255,160
3,255,161
3,253,162
3,253,163
3,253,163
3,253,163
3,255,162
3,255,160
3,253,160
3,253,159
3,253,159
3,253,158
3,253,158
3,255,157
3,255,157
3,255,157
3,255,157
3,255,157
3,255,157
3,255,158
3,255,158
3,255,158
3,255,159
3,253,160
3,253,160
3,253,161
3,253,162
3,253,163
3,253,163
3,253,163
3,252,164
3,252,164
3,252,164
3,253,164
3,253,164
3,253,164
3,253,164
3,253,164
3,253,164
3,255,164
3,255,164
3,255,164
3,255,164
3,255,164
3,255,164
3,253,164
3,253,162
3,253,162
3,253,161
3,253,160
3,253,159
3,253,159
3,255,159
3,255,160
3,255,160
3,255,160
3,255,160
3,255,160
3,255,160
3,253,161
3,253,161
3,253,161
3,253,161
3,253,161
3,253,161
3,255,161
3,255,159
3,255,159
3,255,159
3,255,159
3,253,160
3,253,161
3,253,162
3,253,162
3,253,162
3,252,162
3,252,161
3,252,161
3,253,160
3,253,160
3,255,158
3,255,158
3,255,157
3,255,157
3,255,157
3,253,158
3,253,159
3,253,161
3,253,163
3,253,164
3,253,164
3,252,165
3,252,165
3,252,165
3,252,165
3,252,165
3,252,165
3,252,165
3,252,165
3,253,164
3,253,164
3,253,164
3,253,163
3,253,163
3,253,163
3,253,162
3,253,162
3,255,161
3,255,160
3,255,158
3,255,158
3,255,157
3,255,157
3,255,154
3,255,153
3,255,153
3,255,153
3,255,153
3,255,153
3,252,153
3,252,152
3,252,149
3,250,146
3,248,140
3,247,134
3,249,128
3,251,124
3,251,121
3,251,117
3,253,117
3,253,117
3,253,121
3,253,124
3,250,105
3,253,108
3,253,112
3,253,118
3,251,122
3,251,128
3,251,133
3,251,136
3,251,138
3,251,140
3,251,141
3,251,142
3,253,142
3,253,144
3,253,144
3,253,146
3,253,147
3,253,148
3,253,149
3,255,151
3,253,152
3,253,152
3,253,152
3,253,152
3,253,152
3,255,153
3,255,153
3,255,153
3,255,153
3,255,153
3,255,153
3,255,153
3,255,153
3,255,153
3,255,153
3,255,153
3,255,154
3,253,155
3,253,156
3,252,157
3,252,157
3,252,157
3,252,158
3,252,158
3,253,157
3,255,157
3,255,157
3,255,157
3,255,157
3,255,157
3,255,157
3,255,156
3,255,156
3,253,156
3,253,156
3,253,156
3,253,156
3,253,157
3,253,157
3,253,158
3,253,158
3,253,159
3,255,160
3,255,160
3,255,161
3,255,162
3,255,162
3,255,162
3,255,160
3,255,160
3,255,160
3,253,159
3,253,159
3,253,158
3,253,158
3,253,158
3,253,158
3,255,157
3,255,157
3,255,157
3,255,157
3,255,157
3,255,157
3,255,158
3,255,158
3,253,159
3,253,159
3,255,160
3,255,160
3,255,162
3,253,162
3,253,163
3,253,163
3,253,163
3,253,163
3,253,163
3,253,163
3,253,163
3,253,163
3,253,164
3,253,164
3,255,164
3,255,164
3,255,164
3,255,164
3,255,164
3,255,164
3,255,164
3,253,164
3,253,162
3,253,161
3,253,160
3,253,159
3,255,159
3,255,159
3,255,159
3,255,160
3,255,160
3,255,160
3,255,160
3,255,160
3,253,160
3,253,160
3,253,160
3,253,161
3,253,161
3,253,161
3,253,161
3,255,159
3,253,159
3,253,159
3,253,159
3,253,159
3,253,160
3,253,161
3,253,162
3,253,162
3,252,162
3,252,161
3,253,160
3,253,160
3,255,160
3,255,158
3,255,158
3,255,158
3,255,157
3,253,157
3,253,157
3,253,158
3,253,160
3,253,162
3,253,163
3,253,164
3,253,164
3,252,165
3,252,165
3,252,165
3,252,165
3,252,165
3,252,165
3,252,165
3,252,164
3,252,164
3,253,164
3,253,163
3,253,163
3,253,163
3,253,162
3,253,162
3,255,160
3,255,160
3,255,158
3,255,158
3,255,157
3,255,157
3,255,154
3,255,153
3,255,153
3,255,153
3,255,153
3,255,153
3,252,153
3,252,152
3,250,148
3,250,144
3,249,139
3,249,133
3,249,128
3,251,123
3,251,118
3,251,117
3,253,117
3,255,118
3,253,121
3,253,125
3,253,107
3,253,111
3,253,115
3,253,121
3,251,128
3,251,132
3,251,136
3,251,138
3,251,140
3,251,141
3,253,142
3,253,142
3,253,144
3,251,145
3,252,146
3,252,148
3,252,149
3,253,151
3,255,152
3,255,152
3,255,152
3,255,152
3,255,153
3,255,153
3,255,153
3,255,153
3,255,153
3,255,153
3,255,153
3,255,153
3,255,153
3,255,153
3,255,153
3,255,153
3,255,153
3,255,154
3,253,155
3,253,155
3,252,157
3,252,157
3,252,158
3,252,158
3,253,158
3,253,158
3,253,157
3,255,157
3,255,157
3,255,157
3,255,157
3,255,157
3,255,157
3,253,157
3,253,156
3,253,156
3,253,156
3,253,156
3,253,156
3,253,156
3,253,157
3,253,157
3,253,158
3,253,159
3,253,160
3,253,160
3,255,161
3,255,161
3,255,160
3,255,160
3,255,160
3,255,159
3,253,159
3,253,159
3,253,159
3,253,158
3,253,158
3,253,158
3,253,158
3,255,157
3,255,157
3,255,157
3,255,157
3,255,156
3,255,156
3,255,157
3,255,158
3,255,158
3,255,159
3,255,159
3,255,159
3,255,160
3,255,162
3,253,163
3,253,163
3,253,163
3,253,163
3,253,163
3,253,163
3,253,163
3,253,163
3,253,163
3,255,164
3,255,164
3,255,164
3,255,164
3,255,164
3,255,164
3,255,164
3,253,163
3,253,162
3,253,161
3,253,160
3,253,159
3,255,159
3,255,158
3,255,158
3,255,158
3,255,159
3,255,160
3,255,160
3,255,160
3,253,160
3,253,160
3,253,160
3,253,160
3,252,161
3,252,161
3,252,159
3,252,159
3,252,159
3,253,158
3,253,158
3,253,158
3,253,159
3,253,159
3,253,159
3,253,160
3,253,160
3,253,160
3,253,160
3,255,160
3,255,159
3,255,158
3,255,158
3,255,158
3,253,157
3,253,157
3,253,157
3,253,157
3,253,159
3,253,160
3,253,162
3,253,163
3,253,164
3,252,164
3,252,165
3,252,165
3,252,165
3,252,165
3,252,165
3,252,165
3,252,164
3,252,164
3,253,164
3,253,163
3,253,163
3,253,163
3,253,162
3,253,162
3,253,160
3,253,160
3,253,159
3,255,158
3,255,157
3,255,157
3,255,154
3,255,153
3,255,153
3,255,153
3,255,153
3,253,153
3,252,152
3,252,149
3,250,147
3,250,142
3,249,137
3,249,129
3,251,126
3,251,121
3,251,118
3,253,117
3,253,117
3,253,120
3,253,124
3,253,105
3,253,111
3,253,114
3,253,120
3,253,128
3,251,132
3,251,136
3,251,138
3,253,140
3,253,141
3,253,142
3,253,142
3,253,144
3,252,146
3,252,147
3,252,148
3,252,151
3,255,152
3,255,152
3,255,152
3,255,153
3,255,153
3,255,153
3,255,153
3,255,153
3,255,153
3,255,153
3,255,153
3,255,153
3,255,153
3,255,153
3,255,153
3,255,153
3,255,153
3,255,153
3,255,153
3,255,155
3,253,155
3,253,157
3,252,157
3,252,158
3,252,158
3,253,158
3,253,158
3,253,158
3,255,158
3,255,157
3,255,157
3,255,157
3,255,157
3,253,157
3,253,157
3,253,157
3,253,156
3,253,156
3,253,156
3,253,156
3,253,156
3,253,156
3,253,157
3,253,157
3,253,158
3,253,160
3,255,160
3,255,160
3,255,160
3,255,160
3,255,160
3,255,160
3,255,159
3,253,159
3,253,159
3,253,159
3,253,158
3,253,158
3,253,158
3,253,158
3,253,158
3,253,157
3,253,157
3,253,157
3,253,156
3,253,156
3,255,156
3,255,156
3,255,156
3,255,156
3,255,157
3,255,158
3,255,159
3,255,159
3,253,160
3,253,162
3,253,162
3,253,162
3,253,162
3,253,162
3,253,162
3,253,161
3,253,161
3,253,162
3,255,163
3,255,164
3,255,164
3,255,164
3,255,164
3,253,164
3,253,162
3,253,161
3,253,160
3,253,160
3,253,159
3,255,158
3,255,158
3,255,158
3,255,158
3,255,158
3,255,159
3,255,160
3,255,160
3,253,160
3,253,160
3,253,160
3,253,159
3,253,159
3,252,159
3,252,159
3,252,158
3,253,158
3,253,158
3,253,158
3,253,158
3,253,158
3,253,158
3,255,158
3,255,158
3,255,158
3,255,158
3,255,158
3,255,158
3,255,158
3,255,158
3,255,158
3,253,158
3,253,157
3,253,157
3,253,157
3,253,157
3,253,158
3,253,159
3,253,161
3,253,163
3,253,163
3,253,164
3,253,164
3,253,165
3,253,165
3,253,165
3,253,165
3,253,164
3,253,164
3,253,164
3,253,164
3,253,163
3,253,163
3,253,163
3,253,163
3,253,162
3,253,160
3,253,160
3,253,159
3,253,158
3,253,157
3,253,157
3,255,156
3,255,154
3,255,153
3,255,153
3,255,153
3,253,153
3,252,152
3,250,149
3,250,146
3,249,139
3,249,134
3,249,128
3,251,123
3,253,118
3,253,117
3,255,117
3,255,118
3,253,120
3,253,125
3,253,105
3,255,109
3,255,113
3,255,120
3,253,127
3,251,132
3,251,136
3,253,138
3,253,139
3,253,141
3,253,142
3,253,143
3,253,145
3,252,146
3,252,147
3,252,149
3,252,151
3,252,152
3,255,152
3,255,152
3,255,153
3,255,153
3,255,153
3,255,153
3,255,153
3,255,153
3,255,153
3,255,153
3,255,153
3,255,153
3,255,153
3,255,153
3,255,153
3,255,153
3,255,153
3,255,153
3,255,155
3,253,155
3,253,156
3,253,157
3,253,158
3,253,158
3,253,158
3,253,158
3,253,158
3,255,158
3,255,158
3,255,157
3,255,157
3,255,158
3,253,157
3,253,157
3,253,157
3,253,157
3,253,156
3,253,156
3,253,156
3,253,156
3,255,156
3,255,156
3,255,157
3,253,157
3,255,158
3,255,160
3,255,160
3,255,160
3,255,160
3,255,160
3,255,159
3,253,159
3,253,159
3,253,159
3,253,159
3,253,159
3,253,158
3,253,158
3,253,158
3,253,158
3,253,158
3,253,157
3,253,157
3,253,157
3,253,156
3,253,156
3,253,156
3,255,156
3,255,156
3,255,156
3,255,156
3,255,158
3,255,158
3,253,159
3,253,160
3,253,161
3,253,162
3,255,160
3,255,160
3,255,160
3,255,160
3,253,160
3,255,161
3,255,161
3,255,161
3,255,163
3,255,163
3,255,163
3,253,162
3,253,161
3,253,161
3,253,160
3,253,160
3,253,159
3,255,158
3,255,157
3,255,157
3,255,157
3,255,157
3,255,158
3,255,158
3,255,159
3,253,159
3,253,159
3,253,159
3,253,159
3,253,159
3,253,159
3,253,158
3,253,157
3,253,157
3,253,156
3,253,156
3,253,156
3,253,156
3,255,156
3,255,156
3,255,156
3,255,158
3,255,158
3,255,158
3,255,158
3,255,158
3,255,158
3,255,158
3,253,157
3,253,157
3,253,157
3,253,156
3,253,157
3,255,157
3,255,158
3,253,159
3,253,162
3,253,163
3,253,163
3,253,164
3,253,164
3,253,164
3,255,165
3,255,164
3,253,164
3,253,164
3,253,164
3,253,164
3,253,163
3,253,163
3,253,163
3,253,163
3,253,162
3,253,160
3,253,160
3,253,159
3,253,158
3,253,157
3,253,157
3,253,156
3,255,154
3,255,153
3,255,153
3,253,153
3,252,152
3,250,150
2,248,148
3,248,142
3,248,138
3,247,132
3,249,126
3,251,121
3,255,117
3,255,117
3,255,117
3,255,120
3,253,123
3,253,127
3,253,104
3,255,108
3,255,112
3,255,118
3,253,125
3,253,130
3,253,135
3,253,137
3,253,139
3,253,141
3,253,142
3,253,143
3,253,146
3,252,147
3,252,149
3,252,150
3,252,152
3,252,152
3,255,152
3,255,152
3,255,153
3,255,153
3,253,154
3,253,154
3,253,154
3,255,154
3,255,153
3,255,153
3,255,153
3,255,153
3,255,153
3,255,153
3,255,153
3,255,153
3,255,153
3,255,153
3,255,155
3,253,156
3,253,156
3,253,157
3,253,157
3,253,158
3,253,158
3,253,158
3,253,158
3,253,158
3,255,158
3,255,158
3,255,158
3,253,158
3,253,158
3,253,158
3,253,158
3,253,157
3,253,157
3,253,156
3,255,156
3,255,156
3,255,156
3,255,156
3,255,157
3,255,157
3,255,158
3,255,159
3,255,160
3,255,160
3,255,160
3,255,160
3,253,159
3,253,159
3,253,159
3,253,159
3,253,159
3,253,159
3,253,159
3,253,158
3,253,158
3,253,158
3,253,158
3,253,158
3,253,158
3,253,157
3,253,156
3,253,156
3,253,156
3,253,154
3,255,154
3,255,154
3,255,156
3,255,156
3,255,158
3,253,158
3,253,159
3,255,160
3,255,160
3,255,160
3,255,160
3,255,159
3,255,159
3,255,159
3,255,160
3,255,160
3,255,160
3,255,161
3,255,161
3,255,161
3,253,161
3,253,160
3,253,160
3,253,160
3,253,160
3,253,159
3,255,158
3,255,157
3,255,157
3,255,156
3,255,156
3,255,157
3,255,158
3,253,158
3,253,158
3,253,158
3,253,158
3,253,157
3,253,157
3,253,157
3,253,156
3,253,156
3,253,156
3,253,156
3,253,156
3,253,156
3,253,156
3,255,156
3,255,156
3,255,156
3,255,156
3,255,156
3,255,156
3,255,156
3,255,157
3,255,157
3,255,157
3,253,156
3,253,155
3,253,154
3,253,155
3,253,155
3,255,156
3,255,157
3,255,158
3,255,159
3,253,162
3,253,163
3,253,163
3,253,164
3,253,164
3,255,165
3,255,165
3,253,164
3,253,164
3,253,164
3,253,164
3,253,163
3,253,163
3,253,163
3,253,163
3,253,162
3,253,160
3,253,160
3,253,159
3,253,158
3,253,157
3,253,156
3,253,156
3,255,153
3,255,153
3,255,153
3,253,152
3,252,152
3,250,148
3,248,146
3,248,140
3,247,134
3,249,128
3,251,123
3,253,118
3,255,116
3,255,116
3,255,118
3,255,120
3,253,124
3,253,128
3,253,105
3,255,111
3,255,115
3,253,122
3,253,127
3,253,133
3,253,136
3,253,138
3,253,140
3,255,142
3,253,145
3,253,146
3,252,148
3,252,149
3,252,152
3,252,152
3,252,152
3,253,152
3,253,153
3,255,153
3,253,154
3,253,154
3,253,154
3,253,156
3,253,155
3,255,154
3,255,153
3,255,153
3,255,153
3,255,153
3,255,153
3,255,153
3,255,153
3,255,153
3,255,153
3,255,155
3,253,156
3,253,157
3,253,157
3,253,157
3,253,158
3,253,158
3,253,158
3,253,158
3,253,158
3,255,158
3,255,158
3,255,158
3,255,158
3,255,158
3,253,158
3,253,158
3,253,157
3,253,157
3,255,157
3,255,156
3,255,156
3,255,156
3,255,156
3,255,157
3,255,157
3,255,158
3,255,158
3,255,159
3,255,160
3,255,160
3,255,159
3,253,159
3,253,159
3,253,159
3,253,159
3,253,159
3,253,159
3,253,159
3,253,159
3,253,158
3,253,158
3,253,158
3,253,158
3,253,158
3,253,158
3,253,157
3,253,156
3,253,155
3,253,154
3,253,154
3,255,154
3,255,154
3,255,156
3,255,156
3,255,157
3,255,158
3,255,158
3,255,159
3,255,159
3,255,158
3,255,158
3,255,158
3,255,158
3,255,159
3,255,159
3,255,159
3,255,159
3,255,160
3,255,160
3,255,160
3,253,160
3,253,160
3,253,160
3,253,159
3,253,159
3,255,158
3,255,157
3,255,156
3,255,156
3,255,156
3,255,156
3,255,157
3,255,158
3,253,158
3,253,157
3,253,157
3,253,156
3,253,156
3,253,156
3,253,156
3,253,156
3,253,156
3,253,156
3,253,156
3,253,156
3,255,155
3,255,155
3,255,155
3,255,155
3,255,155
3,255,155
3,255,155
3,255,155
3,255,156
3,255,156
3,255,155
3,255,154
3,253,154
3,253,154
3,255,154
3,255,155
3,255,155
3,255,156
3,255,157
3,255,158
3,253,159
3,253,162
3,253,163
3,253,164
3,253,164
3,253,164
3,253,164
3,253,164
3,253,164
3,253,164
3,253,163
3,253,163
3,253,163
3,253,163
3,253,163
3,253,162
3,253,160
3,253,160
3,253,159
3,253,158
3,253,157
3,253,156
3,253,156
3,255,153
3,255,153
3,255,153
3,253,152
3,252,149
3,250,147
3,248,143
3,248,138
3,247,132
3,249,126
3,253,120
3,255,116
3,255,116
3,255,116
3,255,118
3,255,121
3,253,125
3,253,105
3,255,109
3,255,113
3,253,119
3,253,125
3,253,130
3,253,135
3,255,136
3,255,140
3,255,142
3,255,145
3,253,147
3,252,148
3,252,150
3,252,152
3,252,152
3,252,152
3,253,152
3,253,153
3,253,154
3,253,154
3,253,156
3,253,156
3,253,156
3,253,156
3,253,156
3,255,155
3,255,153
3,255,153
3,255,153
3,255,153
3,255,153
3,255,153
3,255,153
3,255,153
3,255,155
3,253,156
3,253,157
3,253,157
3,253,157
3,253,157
3,255,157
3,253,158
3,255,157
3,255,157
3,255,157
3,255,158
3,255,158
3,255,158
3,255,158
3,255,158
3,255,158
3,255,158
3,255,157
3,255,157
3,255,157
3,255,157
3,255,157
3,255,157
3,255,157
3,255,158
3,255,158
3,255,158
3,255,159
3,255,159
3,255,159
3,255,159
3,253,159
3,253,159
3,253,159
3,253,159
3,253,159
3,253,159
3,253,159
3,253,159
3,253,159
3,253,159
3,253,159
3,253,158
3,253,158
3,253,158
3,253,157
3,253,157
3,253,156
3,253,155
3,253,154
3,253,154
3,253,154
3,253,154
3,253,156
3,253,156
3,253,157
3,253,157
3,253,157
3,255,157
3,255,157
3,255,157
3,255,157
3,255,157
3,255,157
3,255,157
3,255,157
3,255,158
3,255,158
3,255,158
3,255,159
3,253,159
3,253,159
3,253,159
3,253,159
3,253,158
3,255,157
3,255,157
3,255,156
3,255,156
3,255,156
3,255,156
3,255,156
3,255,157
3,253,157
3,253,157
3,253,156
3,253,156
3,253,156
3,253,156
3,253,156
3,253,156
3,253,156
3,253,156
3,255,156
3,255,156
3,255,155
3,255,155
3,255,155
3,255,155
3,255,155
3,255,155
3,255,153
3,255,153
3,255,153
3,255,153
3,255,153
3,255,153
3,255,153
3,255,153
3,255,153
3,255,154
3,255,155
3,255,155
3,255,156
3,255,157
3,253,158
3,253,160
3,253,163
3,253,163
3,253,164
3,253,164
3,253,164
3,253,164
3,253,164
3,253,163
3,253,163
3,253,163
3,253,163
3,253,163
3,253,162
3,253,162
3,253,160
3,253,160
3,253,158
3,253,158
3,253,157
3,253,156
3,253,154
3,255,153
3,255,153
3,253,152
3,252,152
3,252,148
3,250,146
3,248,140
3,249,134
3,249,128
3,251,122
4,255,117
3,255,116
3,255,116
3,255,116
3,255,118
3,253,121
3,251,126
3,250,104
3,253,108
3,255,111
3,253,115
3,253,123
3,253,127
3,253,133
3,253,136
3,255,139
3,255,142
3,255,145
3,253,147
3,253,148
3,252,151
3,252,152
3,252,152
3,252,152
3,253,153
3,253,154
3,253,154
3,253,154
3,253,156
3,253,156
3,253,156
3,253,156
3,253,156
3,255,155
3,255,154
3,255,153
3,255,153
3,255,153
3,255,153
3,255,153
3,255,153
3,255,153
3,253,156
3,253,156
3,253,157
3,253,157
3,253,157
3,255,157
3,255,157
3,255,157
3,255,157
3,255,157
3,255,157
3,255,158
3,255,158
3,255,158
3,255,158
3,255,158
3,255,158
3,255,158
3,255,157
3,255,157
3,255,157
3,255,157
3,255,157
3,255,157
3,255,158
3,255,158
3,255,158
3,255,158
3,255,159
3,255,159
3,255,159
3,255,159
3,255,159
3,253,159
3,253,159
3,253,159
3,253,159
3,253,159
3,253,159
3,253,159
3,253,159
3,253,159
3,253,159
3,253,159
3,253,158
3,253,158
3,253,158
3,253,157
3,253,157
3,253,155
3,253,155
3,253,154
3,253,154
3,253,154
3,255,154
3,253,154
3,253,155
3,253,156
3,253,156
3,255,156
3,255,155
3,255,155
3,255,155
3,255,156
3,255,156
3,255,156
3,255,156
3,255,156
3,255,156
3,255,157
3,255,158
3,253,158
3,253,158
3,253,159
3,253,158
3,253,157
3,255,157
3,255,157
3,255,156
3,255,156
3,255,156
3,255,156
3,255,157
3,255,157
3,253,157
3,253,157
3,253,156
3,253,156
3,253,156
3,253,156
3,253,156
3,253,156
3,255,156
3,255,156
3,255,156
3,255,156
3,255,156
3,255,156
3,255,155
3,255,155
3,255,155
3,255,153
3,255,153
3,255,153
3,255,152
3,255,152
3,255,153
3,255,153
3,255,153
3,255,153
3,255,153
3,255,153
3,255,153
3,255,155
3,255,155
3,255,157
3,255,158
3,253,159
3,253,162
3,253,163
3,253,163
3,253,164
3,253,164
3,253,163
3,253,163
3,253,163
3,253,163
3,253,163
3,253,163
3,253,162
3,253,162
3,253,162
3,253,160
3,253,159
3,253,158
3,253,158
3,252,157
3,253,156
3,253,153
3,253,153
3,253,153
3,252,152
3,252,150
3,250,147
3,250,143
3,248,139
3,249,132
3,249,126
3,253,120
3,255,116
3,255,115
3,255,115
3,255,116
3,255,119
3,253,124
3,251,127
3,253,105
3,253,109
3,253,113
3,253,119
3,253,125
3,253,132
3,253,136
3,253,137
3,255,141
3,255,144
3,253,147
3,253,148
3,252,152
3,252,152
3,252,152
3,252,153
3,253,153
3,253,154
3,253,154
3,253,156
3,253,156
3,253,156
3,253,156
3,253,156
3,253,156
3,255,155
3,255,155
3,255,153
3,255,153
3,255,153
3,255,153
3,255,153
3,255,153
3,253,154
3,253,156
3,252,157
3,252,157
3,252,157
3,253,157
3,255,157
3,255,157
3,255,157
3,255,157
3,255,157
3,255,157
3,255,157
3,255,158
3,255,158
3,255,158
3,255,158
3,255,158
3,255,157
3,255,157
3,255,157
3,255,157
3,255,158
3,255,158
3,255,158
3,255,158
3,255,158
3,255,158
3,255,158
3,255,159
3,255,159
3,255,159
3,255,159
3,255,159
3,255,159
3,253,159
3,253,159
3,253,159
3,253,159
3,253,159
3,253,159
3,253,159
3,253,159
3,253,159
3,253,159
3,253,159
3,253,158
3,255,158
3,255,157
3,255,157
3,253,157
3,253,155
3,253,154
3,253,154
3,253,154
3,255,153
3,255,154
3,253,154
3,253,154
3,255,155
3,255,155
3,255,155
3,255,154
3,255,154
3,255,154
3,255,154
3,255,154
3,255,154
3,255,154
3,255,155
3,255,156
3,255,156
3,253,157
3,253,157
3,253,157
3,253,157
3,253,157
3,255,157
3,255,157
3,255,157
3,255,156
3,255,156
3,255,157
3,255,157
3,255,157
3,253,157
3,253,157
3,253,157
3,253,156
3,253,156
3,253,156
3,253,156
3,253,156
3,255,156
3,255,156
3,255,156
3,255,156
3,255,156
3,253,156
3,253,156
3,255,155
3,255,153
3,255,153
3,255,153
3,255,153
3,253,152
3,253,152
3,253,152
3,253,152
3,255,152
3,255,153
3,255,153
3,255,153
3,255,153
3,255,153
3,255,155
3,255,156
3,255,157
3,253,158
3,253,159
3,253,160
3,253,162
3,252,163
3,252,163
3,253,163
3,253,163
3,253,163
3,253,163
3,253,163
3,253,163
3,253,162
3,253,162
3,253,162
3,253,160
3,253,159
3,253,158
3,253,158
3,252,156
3,253,153
3,253,153
3,253,153
3,252,152
3,252,152
3,252,148
3,250,145
3,250,140
3,249,135
3,249,128
3,251,122
4,255,117
3,255,115
3,255,115
3,255,115
3,255,117
4,255,120
3,253,125
3,250,104
3,253,108
3,253,111
3,253,116
3,253,123
3,253,128
3,253,133
3,253,137
3,255,141
3,255,144
3,253,146
3,253,148
3,252,152
3,252,152
3,252,152
3,252,153
3,253,153
3,253,154
3,253,156
3,253,156
3,253,156
3,253,156
3,253,156
3,253,156
3,253,156
3,255,155
3,255,155
3,255,154
3,255,153
3,255,153
3,255,153
3,255,153
3,253,154
3,253,154
3,253,154
3,253,156
3,253,157
3,253,157
3,255,157
3,255,157
3,255,157
3,255,157
3,255,157
3,255,157
3,255,157
3,255,157
3,255,158
3,255,158
3,255,158
3,255,158
3,255,157
3,255,157
3,255,157
3,255,157
3,255,158
3,255,158
3,255,158
3,255,158
3,255,158
3,255,158
3,255,158
3,255,158
3,255,159
3,255,159
3,255,159
3,255,159
3,255,159
3,255,159
3,255,159
3,255,159
3,253,159
3,253,159
3,255,159
3,255,159
3,253,159
3,253,159
3,253,159
3,253,159
3,255,159
3,255,159
3,255,158
3,255,158
3,255,157
3,253,157
3,253,156
3,253,155
3,253,154
3,255,153
3,255,153
3,255,153
3,255,153
3,255,154
3,255,154
3,255,154
3,255,153
3,255,153
3,255,153
3,255,153
3,255,153
3,255,153
3,255,153
3,255,153
3,255,153
3,255,154
3,255,156
3,253,156
3,253,156
3,253,157
3,253,157
3,253,157
3,255,157
3,255,158
3,255,158
3,255,158
3,255,158
3,255,158
3,255,158
3,255,158
3,253,158
3,253,158
3,253,158
3,253,157
3,253,157
3,253,157
3,253,157
3,253,157
3,255,158
3,255,158
3,255,158
3,255,158
3,253,158
3,253,157
3,252,157
3,253,156
3,253,156
3,253,153
3,253,153
3,253,153
3,253,152
3,253,152
3,253,152
3,253,152
3,253,152
3,255,152
3,255,153
3,255,153
3,255,153
3,255,153
3,255,155
3,255,155
3,255,156
3,253,157
3,253,158
3,253,159
3,253,160
3,253,162
3,253,162
3,253,162
3,253,162
3,253,163
3,253,163
3,253,163
3,253,162
3,253,162
3,253,162
3,253,161
3,253,160
3,253,159
3,253,158
3,253,157
3,253,156
3,253,153
3,253,153
3,252,153
3,250,152
3,250,149
3,250,147
3,250,143
3,249,139
3,249,133
3,249,126
4,253,120
4,255,116
3,255,115
3,255,115
3,255,115
3,255,118
3,255,123
3,253,126
3,250,102
3,253,105
3,255,109
3,255,113
3,253,119
3,253,125
3,253,132
3,253,137
3,253,140
3,253,144
3,253,145
3,253,148
3,252,152
3,252,152
3,252,153
3,252,153
3,253,153
3,253,154
3,253,156
3,253,156
3,253,156
3,253,156
3,253,156
3,253,156
3,253,156
3,253,156
3,255,155
3,255,155
3,255,154
3,255,153
3,255,153
3,255,153
3,255,153
3,253,154
3,253,154
3,253,155
3,253,156
3,255,157
3,255,157
3,255,157
3,255,157
3,255,157
3,255,157
3,255,157
3,255,157
3,255,157
3,255,157
3,255,158
3,255,158
3,255,158
3,255,157
3,255,157
3,255,157
3,255,157
3,255,158
3,255,158
3,255,158
3,255,158
3,255,158
3,255,159
3,255,159
3,255,159
3,255,159
3,255,159
3,255,159
3,255,159
3,255,159
3,255,159
3,255,159
3,255,159
3,255,159
3,255,159
3,255,159
3,255,159
3,255,159
3,255,159
3,255,159
3,255,159
3,255,159
3,255,159
3,255,159
3,255,158
3,255,158
3,253,158
3,253,157
3,253,156
3,253,154
3,255,154
3,255,153
3,255,153
3,255,153
3,255,153
3,255,153
3,255,153
3,255,153
3,255,153
3,255,153
3,255,153
3,255,153
3,255,153
3,255,153
3,255,153
3,255,153
3,255,153
3,255,154
3,253,156
3,253,156
3,253,157
3,253,157
3,253,157
3,255,158
3,255,158
3,255,159
3,253,159
3,255,159
3,255,159
3,255,159
3,253,159
3,253,159
3,253,159
3,253,159
3,253,158
3,253,158
3,253,158
3,253,159
3,253,159
3,253,159
3,253,159
3,253,159
3,253,159
3,252,158
3,252,158
3,252,158
3,252,157
3,253,157
3,253,156
3,253,153
3,253,153
3,253,153
3,252,153
3,253,153
3,253,153
3,253,153
3,253,153
3,255,153
3,255,153
3,255,153
3,255,153
3,255,153
3,255,153
3,255,155
3,255,156
3,255,157
3,253,158
3,253,159
3,253,160
3,253,161
3,253,161
3,253,161
3,253,161
3,253,161
3,253,162
3,253,162
3,253,162
3,253,162
3,253,160
3,253,160
3,253,159
3,253,158
3,253,156
3,253,154
3,253,153
3,252,153
3,252,152
3,250,151
3,250,148
3,250,145
3,250,140
3,249,135
3,249,129
3,249,124
3,253,119
4,255,115
3,255,115
3,255,115
3,255,115
4,255,119
3,253,124
3,253,127
3,253,103
3,255,107
3,255,111
3,255,116
3,253,123
3,253,129
3,251,135
3,253,140
3,253,142
3,253,145
2,252,148
3,252,150
3,252,152
3,252,153
3,252,153
3,253,153
3,253,154
3,253,156
3,253,156
3,253,156
3,253,156
3,253,156
3,253,156
3,253,156
3,253,156
3,255,155
3,255,155
3,255,154
3,255,153
3,255,153
3,255,153
3,255,153
3,255,153
3,253,154
3,253,155
3,255,156
3,255,157
3,255,157
3,255,157
3,255,157
3,255,157
3,255,157
3,255,157
3,255,157
3,255,157
3,255,157
3,255,157
3,255,157
3,255,157
3,255,157
3,255,157
3,255,157
3,255,157
3,255,158
3,255,158
3,255,158
3,255,158
3,255,159
3,255,159
3,255,159
3,255,159
3,255,159
3,255,159
3,255,159
3,255,159
3,255,159
3,255,159
3,255,159
3,255,159
3,255,159
3,255,159
3,255,159
3,255,159
3,255,159
3,255,159
3,255,159
3,255,160
3,255,160
3,255,160
3,255,160
3,255,159
3,255,159
3,253,158
3,253,158
3,253,157
3,253,156
3,255,153
3,255,153
3,255,153
3,255,153
3,255,153
3,255,153
3,255,153
3,253,153
3,255,153
3,255,153
3,255,153
3,255,153
3,255,152
3,255,152
3,255,153
3,255,153
3,255,153
3,255,154
3,255,156
3,253,156
3,253,156
3,255,157
3,255,158
3,255,158
3,253,159
3,253,159
3,253,160
3,253,160
3,253,160
3,253,160
3,253,160
3,253,160
3,253,160
3,253,160
3,253,160
3,253,160
3,252,160
3,252,161
3,253,161
3,253,161
3,253,161
3,253,161
3,252,161
3,252,160
3,252,160
3,252,159
3,252,158
3,252,157
3,253,157
3,253,156
3,253,155
3,252,153
3,252,153
3,253,153
3,253,153
3,253,153
3,253,153
3,255,153
3,255,153
3,255,153
3,255,153
3,255,153
3,255,153
3,255,155
3,255,155
3,255,156
3,255,157
3,253,158
3,253,159
3,253,159
3,253,160
3,253,161
3,253,161
3,253,161
3,253,161
3,253,161
3,253,161
3,253,160
3,253,160
3,253,159
3,253,159
3,253,157
3,253,156
3,253,153
3,253,153
3,252,152
3,250,151
3,250,149
3,250,147
3,250,143
3,249,139
3,249,133
3,249,127
3,249,122
3,253,117
3,255,114
3,255,114
3,255,115
3,255,116
3,255,121
3,253,125
3,252,101
3,255,105
3,255,109
3,255,114
3,253,120
3,253,127
3,251,132
3,251,138
3,253,141
3,251,144
2,252,147
3,252,149
3,252,152
3,252,153
3,252,153
3,253,153
3,253,153
3,253,156
3,253,156
3,253,156
3,253,156
3,253,156
3,253,156
3,253,156
3,253,156
3,253,155
3,253,155
3,255,154
3,255,154
3,255,153
3,255,153
3,255,153
3,255,153
3,255,154
3,255,154
3,255,155
3,255,156
3,255,157
3,255,157
3,255,157
3,255,157
3,255,157
3,255,157
3,255,157
3,255,156
3,255,156
3,255,156
3,255,156
3,255,156
3,255,157
3,255,157
3,255,157
3,255,157
3,255,157
3,255,158
3,255,158
3,255,158
3,255,159
3,255,159
3,255,159
3,255,159
3,255,158
3,255,158
3,255,158
3,255,159
3,255,159
3,255,159
3,255,159
3,255,159
3,253,160
3,253,160
3,253,160
3,255,159
3,255,159
3,255,159
3,255,160
3,255,160
3,255,160
3,255,160
3,255,160
3,255,160
3,253,160
3,253,159
3,253,159
3,253,158
3,253,157
3,255,156
3,255,153
3,255,153
3,255,153
3,255,153
3,255,153
3,255,153
3,255,153
3,255,153
3,255,153
3,255,153
3,255,152
3,255,152
3,255,152
3,255,153
3,255,153
3,255,153
3,255,154
3,255,155
3,255,156
3,255,156
3,255,157
3,255,158
3,255,159
3,255,159
3,253,160
3,253,160
3,253,160
3,253,160
3,253,162
3,253,162
3,253,162
3,253,162
3,253,162
3,253,162
3,253,162
3,252,162
3,252,162
3,253,162
3,253,162
3,253,161
3,253,161
3,252,161
3,252,161
3,252,161
3,252,160
3,252,160
3,252,159
3,252,158
3,252,157
3,252,157
3,252,156
3,253,155
3,253,155
3,253,154
3,253,153
3,253,153
3,255,153
3,255,153
3,255,153
3,255,153
3,255,153
3,255,153
3,255,153
3,255,154
3,255,155
3,255,156
3,255,157
3,253,157
3,253,159
3,253,159
3,253,159
3,253,159
3,253,160
3,253,160
3,253,160
3,253,160
3,255,160
3,255,159
3,253,159
3,253,158
3,253,157
3,253,156
3,253,153
3,253,152
3,252,151
3,250,150
3,250,147
3,250,145
3,250,140
3,249,135
3,249,130
3,249,124
3,251,119
3,251,115
3,255,114
3,255,114
3,255,115
3,255,117
3,255,123
3,253,126
3,255,103
3,255,107
3,255,112
3,255,118
3,253,125
3,251,131
3,251,136
3,251,140
3,251,143
2,252,146
3,253,148
3,252,150
3,252,152
3,253,153
3,253,153
3,253,153
3,253,154
3,253,156
3,253,156
3,253,156
3,253,156
3,253,156
3,253,156
3,253,156
3,253,156
3,253,155
3,253,154
3,255,154
3,255,153
3,255,153
3,255,153
3,255,153
3,255,153
3,255,154
3,255,155
3,255,156
3,255,157
3,255,157
3,255,157
3,255,157
3,255,157
3,255,157
3,255,156
3,255,156
3,255,156
3,255,156
3,255,156
3,255,156
3,255,156
3,255,157
3,255,157
3,255,157
3,255,157
3,255,158
3,255,158
3,255,158
3,255,159
3,255,159
3,255,159
3,255,158
3,255,158
3,255,158
3,255,158
3,255,159
3,255,159
3,255,159
3,255,159
3,255,159
3,253,160
3,253,160
3,253,160
3,253,160
3,253,160
3,255,160
3,253,160
3,255,162
3,255,162
3,255,162
3,255,162
3,255,161
3,253,161
3,253,161
3,253,161
3,253,159
3,253,158
3,253,157
3,255,156
3,255,154
3,255,153
3,255,153
3,255,153
3,255,154
3,255,154
3,255,154
3,255,153
3,255,153
3,255,153
3,255,153
3,255,153
3,255,153
3,255,153
3,255,153
3,255,155
3,255,156
3,255,156
3,255,157
3,255,157
3,255,158
3,255,159
3,253,160
3,253,160
3,253,160
3,253,161
3,253,162
3,253,162
3,253,162
3,253,162
3,253,162
3,253,163
3,253,163
3,253,163
3,252,164
3,252,164
3,252,163
3,252,163
3,252,163
3,252,162
3,252,162
3,252,162
3,252,162
3,252,161
3,252,161
3,252,160
3,252,160
3,252,159
3,252,158
3,253,157
3,253,157
3,253,156
3,253,156
3,253,156
3,253,154
3,255,153
3,255,153
3,255,153
3,255,153
3,255,153
3,255,153
3,255,153
3,255,153
3,255,155
3,255,155
3,255,156
3,253,157
3,253,157
3,253,157
3,253,158
3,253,158
3,255,159
3,255,159
3,255,159
3,255,159
3,255,159
3,255,159
3,255,159
3,253,158
3,253,157
3,253,154
3,252,153
3,253,152
3,252,150
3,252,149
3,250,146
3,250,142
3,249,138
3,249,133
3,249,128
3,249,123
3,251,117
3,253,114
3,253,113
3,255,114
3,255,115
3,255,119
3,253,124
3,253,102
3,255,106
3,255,110
3,255,114
3,253,123
3,253,130
3,253,136
3,253,140
3,253,141
3,253,145
3,253,147
3,253,149
3,253,151
3,253,152
3,253,153
3,253,153
3,253,154
3,253,156
3,253,156
3,253,156
3,253,156
3,253,156
3,253,156
3,253,156
3,253,156
3,253,155
3,253,154
3,255,153
3,255,153
3,255,153
3,255,153
3,255,153
3,255,153
3,255,153
3,255,155
3,255,156
3,255,157
3,255,157
3,255,157
3,255,157
3,255,157
3,255,157
3,255,156
3,255,156
3,255,156
3,255,156
3,255,156
3,255,156
3,255,156
3,255,156
3,255,157
3,255,157
3,255,157
3,255,157
3,255,158
3,253,158
3,253,158
3,253,158
3,255,158
3,255,158
3,255,158
3,255,158
3,255,158
3,255,159
3,255,159
3,255,159
3,253,160
3,253,160
3,253,160
3,253,160
3,253,160
3,253,160
3,253,162
3,253,163
3,253,163
3,253,163
3,255,162
3,255,162
3,253,162
3,253,162
3,253,161
3,253,161
3,253,161
3,253,160
3,253,159
3,253,158
3,253,157
3,255,156
3,255,156
3,255,154
3,255,154
3,255,154
3,255,154
3,255,154
3,255,154
3,255,153
3,255,153
3,255,153
3,255,153
3,255,153
3,255,153
3,255,154
3,255,155
3,255,156
3,255,157
3,255,157
3,255,158
3,255,159
3,255,159
3,255,159
3,253,160
3,253,160
3,253,162
3,253,162
3,253,162
3,253,162
3,253,162
3,253,163
3,253,163
3,253,163
3,253,164
3,252,164
3,252,164
3,252,164
3,253,164
3,253,164
3,253,164
3,252,163
3,252,163
3,253,163
3,253,162
3,253,161
3,253,161
3,252,161
3,252,160
3,253,160
3,253,159
3,253,159
3,253,158
3,253,157
3,253,156
3,253,156
3,255,155
3,255,154
3,255,153
3,255,153
3,255,153
3,255,153
3,255,153
3,255,153
3,255,153
3,255,155
3,255,155
3,255,155
3,255,157
3,255,157
3,255,157
3,255,158
3,255,158
3,255,159
3,255,159
3,255,159
3,255,159
3,255,159
3,255,158
3,255,157
3,255,157
3,253,154
3,252,152
3,253,150
3,252,150
3,252,147
3,251,145
3,250,140
3,249,136
3,249,130
3,249,126
3,251,119
3,251,115
3,253,113
3,253,113
3,253,114
3,255,116
3,253,121
3,253,125
3,253,102
3,255,105
3,255,109
3,255,113
3,255,120
3,253,127
3,253,135
3,253,137
3,253,141
3,253,143
3,253,146
3,253,148
3,253,150
3,253,151
3,255,153
3,255,153
3,255,153
3,253,154
3,253,156
3,253,156
3,253,156
3,253,156
3,253,156
3,253,156
3,253,155
3,253,154
3,253,154
3,253,153
3,255,153
3,255,153
3,255,153
3,255,153
3,255,153
3,255,153
3,255,155
3,255,156
3,255,157
3,255,157
3,255,157
3,255,157
3,255,157
3,255,157
3,255,156
3,255,156
3,255,156
3,255,156
3,255,156
3,255,156
3,255,156
3,255,156
3,255,156
3,255,156
3,255,157
3,255,157
3,253,157
3,253,158
3,253,158
3,253,158
3,255,158
3,255,158
3,255,158
3,255,158
3,255,158
3,255,158
3,255,159
3,255,159
3,253,160
3,253,160
3,253,160
3,253,160
3,253,161
3,253,162
3,253,162
3,253,163
3,253,163
3,253,163
3,253,163
3,253,163
3,253,163
3,253,162
3,253,162
3,253,162
3,253,161
3,253,161
3,253,160
3,253,159
3,253,159
3,255,157
3,255,157
3,255,156
3,255,156
3,255,155
3,255,155
3,255,155
3,255,155
3,255,154
3,255,153
3,255,153
3,255,153
3,255,153
3,255,154
3,255,155
3,255,156
3,255,157
3,255,157
3,255,158
3,255,159
3,255,159
3,255,159
3,255,160
3,253,160
3,253,160
3,253,162
3,253,162
3,255,162
3,255,162
3,255,162
3,253,163
3,253,163
3,253,164
3,253,164
3,252,164
3,252,165
3,252,165
3,252,164
3,252,164
3,253,164
3,253,164
3,253,163
3,253,163
3,253,163
3,253,163
3,253,163
3,252,161
3,252,161
3,253,161
3,253,161
3,253,159
3,253,159
3,253,159
3,253,158
3,253,157
3,253,156
3,253,155
3,255,154
3,255,153
3,255,153
3,255,153
3,255,153
3,255,153
3,255,153
3,255,154
3,255,155
3,255,155
3,255,156
3,255,157
3,255,157
3,255,157
3,255,158
3,255,158
3,255,158
3,255,159
3,255,158
3,255,158
3,255,158
3,255,157
3,255,156
3,253,153
3,252,152
3,252,150
3,252,149
3,252,146
3,251,142
3,251,138
3,249,134
3,249,129
3,249,123
3,251,117
3,253,114
3,253,113
3,253,113
3,253,114
3,253,117
3,253,121
3,253,126
3,253,105
3,255,108
3,255,112
3,253,118
2,251,125
3,253,132
3,253,136
3,253,140
3,253,141
3,253,144
3,253,147
3,253,149
3,253,151
3,255,152
3,255,153
3,255,153
3,253,154
3,253,156
3,253,156
3,253,156
3,253,156
3,253,156
3,253,156
3,253,154
3,253,154
3,253,154
3,253,153
3,255,153
3,255,153
3,255,153
3,255,153
3,255,153
3,255,154
3,255,155
3,255,156
3,255,157
3,255,157
3,255,157
3,255,157
3,255,157
3,255,157
3,255,157
3,255,156
3,255,156
3,255,156
3,255,156
3,255,156
3,255,156
3,255,156
3,255,156
3,255,156
3,255,156
3,253,156
3,253,156
3,255,157
3,255,157
3,253,157
3,255,158
3,255,158
3,255,158
3,255,158
3,255,158
3,255,158
3,255,158
3,253,159
3,253,159
3,253,160
3,253,160
3,253,160
3,253,162
3,253,162
3,253,163
3,253,163
3,253,163
3,253,163
3,253,163
3,253,164
3,253,163
3,253,163
3,253,163
3,253,163
3,253,162
3,253,161
3,253,161
3,253,160
3,253,159
3,253,159
3,255,157
3,255,157
3,255,157
3,255,157
3,255,156
3,255,156
3,253,156
3,253,156
3,253,154
3,253,154
3,253,154
3,253,154
3,253,155
3,253,156
3,255,157
3,255,157
3,255,158
3,255,159
3,255,159
3,255,159
3,255,160
3,253,160
3,253,161
3,253,161
3,253,162
3,255,162
3,255,162
3,255,162
3,255,162
3,255,163
3,253,163
3,253,164
3,252,164
3,252,164
3,252,165
3,252,165
3,252,164
3,252,164
3,252,164
3,253,164
3,253,163
3,253,163
3,253,163
3,253,163
3,253,163
3,253,161
3,253,161
3,253,161
3,253,161
3,253,160
3,253,160
3,253,160
3,253,159
3,253,159
3,253,157
3,253,156
3,253,156
3,255,154
3,255,153
3,255,153
3,255,153
3,255,153
3,255,153
3,255,153
3,255,154
3,255,155
3,255,155
3,255,156
3,255,157
3,255,157
3,255,157
3,255,158
3,255,158
3,255,158
3,255,158
3,255,158
3,255,158
3,255,157
3,255,156
3,253,152
3,252,152
3,252,150
3,252,148
3,252,146
3,251,140
3,249,137
3,249,131
3,251,127
3,251,121
3,253,115
3,253,113
3,253,113
3,253,113
3,253,115
3,253,119
3,253,124
3,253,103
3,253,106
3,253,110
2,251,115
2,251,122
3,251,130
2,251,135
3,253,137
3,253,141
3,253,142
3,253,146
3,253,147
3,253,149
3,255,151
3,255,153
3,255,153
3,255,153
3,253,156
3,253,156
3,253,156
3,253,156
3,253,156
3,253,154
3,253,154
3,253,154
3,253,154
3,253,153
3,255,153
3,255,153
3,255,153
3,255,153
3,255,153
3,255,154
3,255,155
3,255,156
3,255,157
3,255,157
3,255,157
3,255,157
3,255,157
3,253,158
3,255,157
3,255,157
3,255,156
3,255,156
3,255,156
3,255,156
3,255,156
3,255,156
3,255,156
3,253,156
3,253,156
3,253,156
3,253,156
3,255,156
3,255,156
3,255,157
3,255,157
3,255,157
3,253,157
3,255,157
3,255,157
3,255,157
3,253,158
3,253,158
3,253,159
3,253,159
3,253,160
3,253,160
3,253,161
3,253,162
3,253,163
3,253,163
3,253,163
3,253,163
3,253,163
3,255,164
3,255,164
3,255,163
3,255,163
3,255,163
3,253,163
3,253,162
3,253,161
3,253,161
3,253,160
3,253,159
3,253,159
3,255,158
3,255,157
3,255,157
3,253,157
3,253,157
3,253,157
3,253,157
3,253,157
3,253,157
3,253,157
3,253,157
3,253,158
3,253,158
3,253,159
3,253,159
3,255,160
3,255,160
3,255,160
3,255,160
3,255,161
3,253,161
3,253,162
3,253,162
3,253,162
3,253,162
3,255,162
3,255,162
3,255,162
3,255,162
3,253,163
3,253,163
3,252,164
3,252,164
3,252,164
3,252,164
3,252,164
3,252,164
3,253,164
3,253,163
3,253,163
3,253,163
3,253,163
3,253,162
3,253,161
3,253,161
3,253,161
3,253,161
3,253,161
3,253,161
3,253,161
3,253,161
3,253,160
3,252,160
3,252,159
3,253,157
3,253,156
3,253,156
3,255,154
3,255,154
3,255,153
3,255,153
3,255,153
3,255,153
3,255,154
3,255,154
3,255,155
3,255,155
3,255,156
3,255,157
3,255,157
3,255,157
3,255,158
3,255,158
3,255,158
3,255,158
3,255,157
3,255,156
3,255,156
3,253,152
3,252,151
3,252,150
3,252,148
3,251,144
3,249,138
3,249,134
3,249,130
3,251,125
3,251,118
3,253,114
3,253,113
3,255,113
3,253,114
3,253,116
3,253,121
3,253,126
3,253,105
3,253,108
2,250,113
2,251,118
2,251,126
3,251,134
3,253,137
3,253,140
3,255,141
3,255,145
3,253,146
3,253,149
3,255,149
3,255,152
3,255,153
3,255,153
3,255,155
3,253,156
3,253,156
3,253,156
3,253,156
3,253,154
3,253,154
3,253,154
3,253,154
3,255,153
3,255,153
3,255,153
3,255,153
3,255,153
3,255,153
3,255,154
3,255,155
3,255,156
3,255,156
3,255,157
3,255,157
3,255,158
3,255,158
3,253,158
3,255,158
3,255,157
3,255,157
3,255,156
3,255,156
3,255,156
3,255,155
3,255,154
3,253,154
3,253,154
3,253,154
3,253,154
3,253,154
3,255,154
3,255,153
3,255,154
3,255,155
3,255,155
3,253,156
3,253,156
3,255,156
3,255,156
3,253,156
3,253,157
3,253,158
3,253,158
3,253,159
3,253,160
3,253,160
3,253,161
3,253,162
3,253,162
3,255,163
3,253,163
3,255,164
3,255,164
3,255,164
3,255,164
3,255,164
3,255,163
3,255,163
3,253,163
3,253,162
3,253,161
3,253,161
3,253,160
3,253,160
3,253,159
3,253,158
3,255,157
3,253,157
3,253,157
3,253,157
3,253,157
3,253,158
3,253,158
3,253,159
3,252,159
3,253,160
3,253,160
3,253,161
3,253,161
3,253,163
3,253,163
3,253,163
3,255,163
3,255,163
3,255,163
3,255,163
3,253,163
3,253,162
3,253,162
3,255,162
3,255,162
3,255,162
3,255,162
3,253,162
3,253,162
3,253,163
3,253,163
3,252,163
3,252,163
3,252,163
3,253,163
3,253,163
3,253,162
3,253,162
3,253,160
3,253,160
3,253,160
3,253,160
3,253,160
3,253,160
3,253,161
3,253,161
3,253,161
3,253,161
3,253,161
3,252,161
3,252,161
3,252,160
3,252,159
3,253,158
3,253,157
3,253,154
3,255,154
3,255,153
3,255,153
3,255,153
3,255,153
3,255,153
3,255,154
3,255,155
3,255,155
3,255,155
3,255,156
3,255,157
3,255,157
3,255,157
3,255,158
3,255,158
3,255,157
3,255,157
3,255,156
3,255,155
3,253,152
3,252,150
3,252,149
3,252,146
3,251,142
3,249,137
3,249,132
3,251,127
3,251,122
3,253,116
3,253,113
3,255,113
3,255,113
3,255,114
3,255,119
3,253,124
3,253,104
3,250,106
2,250,111
2,251,116
2,251,123
3,253,131
3,253,136
3,253,137
3,255,141
3,255,142
3,253,146
3,253,148
3,253,149
3,255,151
3,255,153
3,255,153
3,255,155
3,253,156
3,253,156
3,253,156
3,253,155
3,253,154
3,253,154
3,253,154
3,253,154
3,255,154
3,255,153
3,255,153
3,255,153
3,255,153
3,255,154
3,255,154
3,255,155
3,255,156
3,255,156
3,255,157
3,255,157
3,255,158
3,255,158
3,255,158
3,255,158
3,255,158
3,255,157
3,255,157
3,255,156
3,255,156
3,255,154
3,255,154
3,255,154
3,255,154
3,255,154
3,255,154
3,255,153
3,255,153
3,255,153
3,255,153
3,255,153
3,255,153
3,255,154
3,253,154
3,255,156
3,255,156
3,253,156
3,253,156
3,253,156
3,253,157
3,253,158
3,253,158
3,253,159
3,253,160
3,255,161
3,255,162
3,255,162
3,255,163
3,255,163
3,255,164
3,255,164
3,255,164
3,255,164
3,255,164
3,255,163
3,255,163
3,253,163
3,253,162
3,253,161
3,253,161
3,253,160
3,253,160
3,253,159
3,253,158
3,253,158
3,253,158
3,253,158
3,253,158
3,253,158
3,253,159
3,253,159
3,252,160
3,252,162
3,252,162
3,252,163
3,253,163
3,253,163
3,253,163
3,253,164
3,255,164
3,255,164
3,255,164
3,255,164
3,253,164
3,253,163
3,253,163
3,253,163
3,255,162
3,255,162
3,255,162
3,253,162
3,253,162
3,252,161
3,252,161
3,252,161
3,252,162
3,252,163
3,253,162
3,253,162
3,253,162
3,253,160
3,253,160
3,253,160
3,253,160
3,253,160
3,253,160
3,253,160
3,253,160
3,255,160
3,253,161
3,253,161
3,253,161
3,252,161
3,252,161
3,252,161
3,252,159
3,253,159
3,253,158
3,253,157
3,255,154
3,255,154
3,255,153
3,255,153
3,255,153
3,255,153
3,255,153
3,255,154
3,255,154
3,255,155
3,255,155
3,255,156
3,255,156
3,255,157
3,255,157
3,255,157
3,255,156
3,255,156
3,255,155
3,255,153
3,252,152
3,252,150
3,252,148
3,251,144
3,251,140
3,249,135
3,249,130
3,249,125
3,251,118
3,253,114
3,255,113
3,255,113
3,255,113
3,255,116
3,255,120
3,255,124
3,250,105
3,250,108
2,251,114
3,251,122
3,253,127
3,253,134
3,255,137
3,255,141
3,255,141
3,253,145
3,253,146
3,253,149
3,253,149
3,253,152
3,253,153
3,253,156
3,253,156
3,253,156
3,253,156
3,253,155
3,253,154
3,253,154
3,253,155
3,253,154
3,253,154
3,255,155
3,255,153
3,255,153
3,255,154
3,255,154
3,255,154
3,255,156
3,255,156
3,255,157
3,255,157
3,255,158
3,255,158
3,255,158
3,253,159
3,255,159
3,255,158
3,255,158
3,255,157
3,255,157
3,255,156
3,255,154
3,255,154
3,255,154
3,255,154
3,255,153
3,255,153
3,255,153
3,255,153
3,255,153
3,255,153
3,255,153
3,255,153
3,255,153
3,255,153
3,255,153
3,255,153
3,253,154
3,253,156
3,253,156
3,253,156
3,253,156
3,253,158
3,253,158
3,253,159
3,255,160
3,255,160
3,255,162
3,255,163
3,255,163
3,255,163
3,255,163
3,255,164
3,255,164
3,255,164
3,255,163
3,253,163
3,253,163
3,253,163
3,253,162
3,253,161
3,253,161
3,253,160
3,253,160
3,253,159
3,253,158
3,255,158
3,255,158
3,253,158
3,253,159
3,253,159
3,253,160
3,253,162
3,253,162
3,252,163
3,252,163
3,252,164
3,253,164
3,253,165
3,253,165
3,255,165
3,255,165
3,255,165
3,255,165
3,255,164
3,253,164
3,253,163
3,253,163
3,255,163
3,255,162
3,255,162
3,255,162
3,253,162
3,253,161
3,253,161
3,252,161
3,252,162
3,252,163
3,252,162
3,253,162
3,253,161
3,253,160
3,253,160
3,253,160
3,253,160
3,253,160
3,253,160
3,255,160
3,255,160
3,255,160
3,255,160
3,253,161
3,253,161
3,252,161
3,252,161
3,252,161
3,253,160
3,253,159
3,253,159
3,255,158
3,255,157
3,255,155
3,255,154
3,255,153
3,255,153
3,255,153
3,255,153
3,255,153
3,255,154
3,255,154
3,255,154
3,255,155
3,255,155
3,255,155
3,255,155
3,255,156
3,255,156
3,255,155
3,255,153
3,252,153
3,252,150
3,252,149
3,251,145
3,250,142
3,249,138
3,249,133
3,249,127
3,249,122
3,251,116
3,255,113
3,255,113
3,255,113
3,255,113
3,255,116
3,255,121
3,250,104
3,250,107
3,253,112
3,253,119
3,253,126
3,253,131
3,253,136
3,255,138
3,255,141
3,253,142
3,253,146
3,253,148
3,253,149
3,253,152
3,253,153
3,253,156
3,253,156
3,253,156
3,253,156
3,253,155
3,253,155
3,253,155
3,253,155
3,253,155
3,253,155
3,255,155
3,255,155
3,255,154
3,255,154
3,255,155
3,255,156
3,255,156
3,255,157
3,255,157
3,255,158
3,255,158
3,253,158
3,253,159
3,253,159
3,255,159
3,255,159
3,255,158
3,255,157
3,255,157
3,255,157
3,255,155
3,255,154
3,255,154
3,255,154
3,253,154
3,255,153
3,255,153
3,255,153
3,255,153
3,255,153
3,255,153
3,255,153
3,255,153
3,255,153
3,255,153
3,255,153
3,255,153
3,255,153
3,255,155
3,253,156
3,253,156
3,253,156
3,255,157
3,255,158
3,255,159
3,255,160
3,255,160
3,255,161
3,255,163
3,255,163
3,255,163
3,255,163
3,255,163
3,255,163
3,253,163
3,253,163
3,253,163
3,253,163
3,253,163
3,253,162
3,253,161
3,253,161
3,253,160
3,253,159
3,253,159
3,255,158
3,255,158
3,255,159
3,253,159
3,253,160
3,253,162
3,253,162
3,253,163
3,252,163
3,252,164
3,252,164
3,253,165
3,253,165
3,255,165
3,255,165
3,255,165
3,255,165
3,255,165
3,253,165
3,253,165
3,253,164
3,253,164
3,253,163
3,255,163
3,255,162
3,253,162
3,253,162
3,253,162
3,253,161
3,253,162
3,252,162
3,252,163
3,252,163
3,253,162
3,253,161
3,253,160
3,253,160
3,253,160
3,253,160
3,253,160
3,255,160
3,255,160
3,255,160
3,255,160
3,255,160
3,253,161
3,253,161
3,253,161
3,252,161
3,252,161
3,253,161
3,253,160
3,253,159
3,253,159
3,255,158
3,255,157
3,255,155
3,255,154
3,255,153
3,255,153
3,255,153
3,255,153
3,255,153
3,255,153
3,255,153
3,255,154
3,255,153
3,255,153
3,255,153
3,255,155
3,255,155
3,255,153
3,253,153
3,252,152
3,252,150
3,252,147
3,251,144
3,251,140
3,251,136
4,251,130
3,251,124
3,251,119
3,253,114
4,255,111
4,255,111
4,255,111
3,255,114
4,255,117
3,255,121
3,253,106
3,253,112
3,253,117
3,253,124
3,255,129
3,255,134
3,255,137
3,255,140
3,255,142
3,253,145
3,253,147
3,253,149
3,253,152
3,253,153
3,253,154
3,253,156
3,253,156
3,253,156
3,253,156
3,253,156
3,253,155
3,253,156
3,253,156
3,253,156
3,253,156
3,255,157
3,255,157
3,255,157
3,255,157
3,255,157
3,255,157
3,255,157
3,255,158
3,253,158
3,253,159
3,255,159
3,255,159
3,253,159
3,255,159
3,255,159
3,255,159
3,255,158
3,255,158
3,255,157
3,255,157
3,255,156
3,255,154
3,255,154
3,253,154
3,253,154
3,255,153
3,255,154
3,255,154
3,255,155
3,255,154
3,255,153
3,255,153
3,255,153
3,255,153
3,255,153
3,255,153
3,255,153
3,255,153
3,255,155
3,255,155
3,255,156
3,255,156
3,255,157
3,255,158
3,255,158
3,255,159
3,255,160
3,255,161
3,255,163
3,253,163
3,253,163
3,253,163
3,253,163
3,253,163
3,253,163
3,253,163
3,253,163
3,253,163
3,253,162
3,253,162
3,253,161
3,253,160
3,253,160
3,255,159
3,255,159
3,255,159
3,255,159
3,255,160
3,253,160
3,253,162
3,253,163
3,253,163
3,253,164
3,253,164
3,253,165
3,253,165
3,253,165
3,255,165
3,255,165
3,255,165
3,255,165
3,255,165
3,253,165
3,253,165
3,253,165
3,253,165
3,255,164
3,255,163
3,255,163
3,255,162
3,255,162
3,253,163
3,253,163
3,253,163
3,252,163
3,252,163
3,252,163
3,252,163
3,253,163
3,253,161
3,253,161
3,253,161
3,253,160
3,253,160
3,255,160
3,255,160
3,255,160
3,255,160
3,255,160
3,255,161
3,253,161
3,253,162
3,253,162
3,253,162
3,253,161
3,253,160
3,253,160
3,253,159
3,253,158
3,255,157
3,255,157
3,255,155
3,255,154
3,255,153
3,255,153
3,255,153
3,255,153
3,255,153
3,255,153
3,255,153
3,255,153
3,255,153
3,255,153
3,255,153
3,255,153
3,252,153
3,252,152
3,252,150
3,252,148
3,251,144
3,251,142
3,251,138
3,251,133
3,251,128
4,251,122
3,253,116
3,255,112
4,255,111
4,255,111
4,255,111
3,255,114
4,255,118
3,253,106
3,253,110
3,255,115
3,255,122
3,255,126
3,255,132
3,255,136
3,255,138
3,255,141
3,253,143
3,253,146
3,253,148
3,253,150
3,253,152
3,253,154
3,255,156
3,255,156
3,255,156
3,255,156
3,253,156
3,253,156
3,252,156
3,253,157
3,253,157
3,253,158
3,253,158
3,255,158
3,255,158
3,255,158
3,255,158
3,255,158
3,255,158
3,253,158
3,253,159
3,253,159
3,253,159
3,253,159
3,253,159
3,253,159
3,255,159
3,255,159
3,255,159
3,255,158
3,255,158
3,253,157
3,253,157
3,253,156
3,253,155
3,253,154
3,253,154
3,253,155
3,253,156
3,253,156
3,255,156
3,255,156
3,255,154
3,255,154
3,255,153
3,255,153
3,255,153
3,255,153
3,255,153
3,255,153
3,255,153
3,255,155
3,255,155
3,255,155
3,255,156
3,255,156
3,255,157
3,255,158
3,255,159
3,253,161
3,253,163
3,253,163
3,253,163
3,253,163
3,253,163
3,253,163
3,253,163
3,253,163
3,253,163
3,253,163
3,253,163
3,253,162
3,253,162
3,253,161
3,255,160
3,255,159
3,255,159
3,255,159
3,255,160
3,255,160
3,253,162
3,253,162
3,253,163
3,253,164
3,253,164
3,253,165
3,253,165
3,253,165
3,255,165
3,255,165
3,255,166
3,255,166
3,253,166
3,253,166
3,253,166
3,253,166
3,253,166
3,253,165
3,255,165
3,255,165
3,255,164
3,255,163
3,255,163
3,255,163
3,253,164
3,253,164
3,252,164
3,252,164
3,252,164
3,252,163
3,252,163
3,253,163
3,253,161
3,253,161
3,253,161
3,253,160
3,255,160
3,255,160
3,255,160
3,255,160
3,255,160
3,255,161
3,255,162
3,253,162
3,253,162
3,253,162
3,253,162
3,253,161
3,253,160
3,253,160
3,253,159
3,253,158
3,255,157
3,255,156
3,255,155
3,255,155
3,255,153
3,255,153
3,255,153
3,255,153
3,255,153
3,255,153
3,255,152
3,255,152
3,255,152
3,255,152
3,253,152
3,252,151
3,252,150
3,252,148
3,252,146
3,251,142
3,251,138
3,251,136
3,251,130
3,251,124
4,253,118
3,255,114
3,255,110
3,255,110
4,255,110
4,255,111
4,255,115
4,255,118
3,255,108
3,255,113
3,255,118
3,255,124
3,255,130
3,255,134
3,255,137
3,255,140
3,255,142
3,255,145
3,253,148
3,253,149
3,253,152
3,255,153
3,255,154
3,255,156
3,255,156
3,255,156
3,255,156
3,253,156
3,253,157
3,253,157
3,253,157
3,253,158
3,253,158
3,255,158
3,255,158
3,255,158
3,255,158
3,255,158
3,253,159
3,253,159
3,253,159
3,253,159
3,253,159
3,253,159
3,253,160
3,253,160
3,253,159
3,253,159
3,253,159
3,253,159
3,253,158
3,253,158
3,253,157
3,253,157
3,253,156
3,253,156
3,253,156
3,253,156
3,253,157
3,253,157
3,255,157
3,255,156
3,255,155
3,255,154
3,255,154
3,255,153
3,255,153
3,255,153
3,255,153
3,255,153
3,255,155
3,255,155
3,255,155
3,255,155
3,255,155
3,255,156
3,255,156
3,255,157
3,255,158
3,255,159
3,255,161
3,253,163
3,253,163
3,253,163
3,253,163
3,253,163
3,253,163
3,253,163
3,253,163
3,253,163
3,253,163
3,253,162
3,253,162
3,253,161
3,255,160
3,255,159
3,255,159
3,255,159
3,255,160
3,255,160
3,253,162
3,253,163
3,253,163
3,253,164
3,253,165
3,253,165
3,253,165
3,253,165
3,255,166
3,255,166
3,255,166
3,253,166
3,253,166
3,253,166
3,253,166
3,253,166
3,253,166
3,253,166
3,255,165
3,255,165
3,255,165
3,255,164
3,255,164
3,255,164
3,253,164
3,253,164
3,252,164
3,252,164
3,252,164
3,252,163
3,252,163
3,253,163
3,253,163
3,253,161
3,253,161
3,253,161
3,253,161
3,255,160
3,255,160
3,255,160
3,255,161
3,255,162
3,255,162
3,253,162
3,253,162
3,253,162
3,253,162
3,252,161
3,252,161
3,252,160
3,252,160
3,253,159
3,253,158
3,253,157
3,255,156
3,255,155
3,255,155
3,255,154
3,255,153
3,255,153
3,255,153
3,255,152
3,255,152
3,255,152
3,255,150
3,253,150
3,252,150
3,252,150
3,252,148
3,250,146
3,250,143
3,251,139
3,251,136
3,251,132
3,251,128
4,253,121
3,253,115
3,255,112
3,255,110
4,255,110
4,255,111
4,255,114
3,253,117
3,255,107
3,255,111
3,255,115
3,255,123
3,253,127
3,253,133
3,253,136
3,255,138
3,255,140
3,253,143
3,253,146
3,253,149
3,253,152
3,253,153
3,255,153
3,255,154
3,255,155
3,255,156
3,255,156
3,253,156
3,253,157
3,253,157
3,253,157
3,253,157
3,255,158
3,255,158
3,255,158
3,255,158
3,255,158
3,255,158
3,253,159
3,253,159
3,253,159
3,253,159
3,253,159
3,253,159
3,253,159
3,253,160
3,253,159
3,253,159
3,253,159
3,253,159
3,253,159
3,253,158
3,253,158
3,253,157
3,253,156
3,253,156
3,253,156
3,253,157
3,253,157
3,255,157
3,255,157
3,255,157
3,255,156
3,255,155
3,255,154
3,255,154
3,255,154
3,255,154
3,255,153
3,255,155
3,255,155
3,255,155
3,255,155
3,255,155
3,255,155
3,253,155
3,255,155
3,255,155
3,255,156
3,255,158
3,255,159
3,255,160
3,253,162
3,253,163
3,253,163
3,253,163
3,253,163
3,253,163
3,253,163
3,253,163
3,253,163
3,253,162
3,253,162
3,253,161
3,255,160
3,255,159
3,255,159
3,255,159
3,255,160
3,255,160
3,253,162
3,253,163
3,253,163
3,253,164
3,253,164
3,253,165
3,253,165
3,255,166
3,255,166
3,255,166
3,253,166
3,253,166
3,253,166
3,253,166
3,253,166
3,253,166
3,253,166
3,253,166
3,253,166
3,255,165
3,255,165
3,255,165
3,255,165
3,255,165
3,255,165
3,253,165
3,253,165
3,252,164
3,252,164
3,252,164
3,252,163
3,253,163
3,253,163
3,253,162
3,253,162
3,253,161
3,253,161
3,253,161
3,255,161
3,255,161
3,255,162
3,255,162
3,255,162
3,253,162
3,253,163
3,253,162
3,253,162
3,252,162
3,252,161
3,252,161
3,252,160
3,252,160
3,253,159
3,253,158
3,253,157
3,255,156
3,255,155
3,255,154
3,255,154
3,255,153
3,255,152
3,255,152
3,255,150
3,255,149
3,255,149
3,253,149
3,252,149
3,252,147
3,252,146
3,251,143
3,249,139
3,251,136
3,251,133
3,251,128
3,251,124
3,253,117
3,253,112
3,255,110
3,255,110
4,255,110
3,255,112
4,255,115
4,253,118
3,255,110
3,255,115
3,255,120
3,253,126
3,253,131
3,253,134
3,255,137
3,255,139
3,255,142
3,253,145
3,253,148
3,253,151
3,253,152
3,255,153
3,255,154
3,255,154
3,255,156
3,253,156
3,253,156
3,253,157
3,253,157
3,253,157
3,253,158
3,255,158
3,255,158
3,255,158
3,255,158
3,255,158
3,255,158
3,253,158
3,253,159
3,253,159
3,253,159
3,255,159
3,253,159
3,253,159
3,253,159
3,253,159
3,253,159
3,253,159
3,253,159
3,253,159
3,253,159
3,253,158
3,253,158
3,253,157
3,253,157
3,253,156
3,253,157
3,253,157
3,255,157
3,255,157
3,255,157
3,255,157
3,255,156
3,255,155
3,255,154
3,255,155
3,255,155
3,255,157
3,255,157
3,255,157
3,253,156
3,255,156
3,255,155
3,253,155
3,253,155
3,253,155
3,253,155
3,255,155
3,255,156
3,255,157
3,255,159
3,253,160
3,253,160
3,253,163
3,253,163
3,253,163
3,252,163
3,252,163
3,252,163
3,253,162
3,253,162
3,253,162
3,253,161
3,255,160
3,255,159
3,255,159
3,255,159
3,255,159
3,255,160
3,255,162
3,253,163
3,253,163
3,253,164
3,253,164
3,253,165
3,253,165
3,255,166
3,255,166
3,255,166
3,253,166
3,253,166
3,253,166
3,253,166
3,253,166
3,253,166
3,253,166
3,253,166
3,253,166
3,255,165
3,255,165
3,255,165
3,255,165
3,255,165
3,255,165
3,253,165
3,253,165
3,253,165
3,253,165
3,252,164
3,253,164
3,253,163
3,253,163
3,252,163
3,252,163
3,253,162
3,253,162
3,253,162
3,253,162
3,255,162
3,253,162
3,253,162
3,253,163
3,253,163
3,253,163
3,253,163
3,253,163
3,252,162
3,252,162
3,252,161
3,252,161
3,252,160
3,253,159
3,253,159
3,253,158
3,253,156
3,253,155
3,255,155
3,255,154
3,255,153
3,255,152
3,255,151
3,255,149
3,255,149
3,255,149
3,253,148
3,252,146
3,252,146
3,251,143
3,249,139
3,249,137
3,249,133
3,249,129
3,251,124
3,251,120
3,253,114
3,253,112
3,255,110
3,255,110
3,255,112
4,255,114
4,255,117
3,255,110
3,255,114
3,255,118
3,253,124
3,253,128
3,253,133
3,253,136
3,253,137
3,255,140
3,253,143
3,253,146
3,253,149
3,255,152
3,255,153
3,255,153
3,255,154
3,255,154
3,253,156
3,253,156
3,253,156
3,253,157
3,253,157
3,255,158
3,255,158
3,255,158
3,255,158
3,255,158
3,255,158
3,255,158
3,253,158
3,253,158
3,255,158
3,255,158
3,255,158
3,253,159
3,253,159
3,253,159
3,253,159
3,253,159
3,253,159
3,253,159
3,253,159
3,253,159
3,253,158
3,253,158
3,253,157
3,253,157
3,253,156
3,253,156
3,255,157
3,255,157
3,255,157
3,255,157
3,255,157
3,255,157
3,255,157
3,255,157
3,255,157
3,253,157
3,253,158
3,253,158
3,253,158
3,253,157
3,253,157
3,253,156
3,253,155
3,253,155
3,253,154
3,253,153
3,255,154
3,255,155
3,255,155
3,255,158
3,255,159
3,253,159
3,253,160
3,253,161
3,252,162
3,252,163
3,252,162
3,252,162
3,252,162
3,253,162
3,253,161
3,253,161
3,255,160
3,255,159
3,255,159
3,255,159
3,255,159
3,255,160
3,255,160
3,253,162
3,253,163
3,253,163
3,253,164
3,253,165
3,253,165
3,255,165
3,255,166
3,255,166
3,253,166
3,253,166
3,253,166
3,253,166
3,253,166
3,253,166
3,253,166
3,253,166
3,253,166
3,253,166
3,255,165
3,255,165
3,253,166
3,253,166
3,253,166
3,253,166
3,253,165
3,253,165
3,253,165
3,253,165
3,253,164
3,253,164
3,253,164
3,252,164
3,252,164
3,252,163
3,252,163
3,253,163
3,253,163
3,253,163
3,253,163
3,253,163
3,253,163
3,253,163
3,253,163
3,253,163
3,253,163
3,253,163
3,252,162
3,252,161
3,252,161
3,252,160
3,253,160
3,253,159
3,253,159
3,253,157
3,253,156
3,253,155
3,253,154
3,253,153
3,253,152
3,253,150
3,253,149
3,253,149
3,253,148
3,253,147
3,252,146
3,251,143
3,251,140
3,249,137
3,249,133
3,249,129
3,249,125
3,251,121
3,253,116
3,253,112
4,255,111
4,255,110
4,255,111
3,255,113
4,255,116
4,255,119
3,255,112
3,255,115
3,255,121
3,253,126
3,253,132
3,253,135
3,253,137
3,255,139
3,253,142
3,253,146
3,253,148
3,255,151
3,255,152
3,255,153
3,255,154
3,253,154
3,253,154
3,253,156
3,253,156
3,253,157
3,253,157
3,255,158
3,255,158
3,255,158
3,255,158
3,255,158
3,255,158
3,253,158
3,253,158
3,253,158
3,255,158
3,255,158
3,255,158
3,255,158
3,253,158
3,253,159
3,253,159
3,253,159
3,253,159
3,253,159
3,253,159
3,253,159
3,253,158
3,253,157
3,253,157
3,253,157
3,253,156
3,253,156
3,255,157
3,255,157
3,255,157
3,255,157
3,255,157
3,255,157
3,255,157
3,255,157
3,255,158
3,253,158
3,253,158
3,253,158
3,253,158
3,253,158
3,253,158
3,253,157
3,253,156
3,253,155
3,253,153
3,253,153
3,255,153
3,255,153
3,255,154
3,255,156
3,255,157
3,253,158
3,253,159
3,253,160
3,253,160
3,253,161
3,252,161
3,252,161
3,253,161
3,253,161
3,253,161
3,253,160
3,253,160
3,255,159
3,255,158
3,255,158
3,255,158
3,255,159
3,255,160
3,255,161
3,253,163
3,253,163
3,253,164
3,253,165
3,253,165
3,253,165
3,255,165
3,253,166
3,253,166
3,253,166
3,253,166
3,253,166
3,253,166
3,253,166
3,253,166
3,253,166
3,253,166
3,253,166
3,253,166
3,253,166
3,253,166
3,253,166
3,253,166
3,253,166
3,255,165
3,255,165
3,255,165
3,253,165
3,253,164
3,253,164
3,253,164
3,252,164
3,252,164
3,252,164
3,252,164
3,253,163
3,253,163
3,253,163
3,253,163
3,253,163
3,253,163
3,253,163
3,253,163
3,253,163
3,253,163
3,253,163
3,252,163
3,252,161
3,252,161
3,252,161
3,252,160
3,253,159
3,253,159
3,253,158
3,253,156
3,253,154
3,253,153
3,253,152
3,253,152
3,253,150
3,253,149
3,253,148
3,253,147
3,253,146
3,251,144
3,251,140
3,251,139
3,249,134
3,249,130
3,249,127
3,251,122
3,253,116
3,253,112
3,253,110
3,255,110
4,255,111
3,255,113
4,255,116
4,255,118
3,255,115
3,255,120
3,253,125
3,253,130
3,253,133
3,253,136
3,253,138
3,253,141
3,253,144
3,253,146
3,253,148
3,255,151
3,253,152
3,253,153
3,253,154
3,253,154
3,253,156
3,253,156
3,253,157
3,253,158
3,255,158
3,255,158
3,255,158
3,255,158
3,255,158
3,255,158
3,255,158
3,255,158
3,255,158
3,255,158
3,255,158
3,255,158
3,255,158
3,253,158
3,253,159
3,253,159
3,253,159
3,253,159
3,253,159
3,253,159
3,253,159
3,253,158
3,253,157
3,253,157
3,253,156
3,253,156
3,253,156
3,255,156
3,255,157
3,255,157
3,255,157
3,255,157
3,255,157
3,255,158
3,255,158
3,255,158
3,253,158
3,253,159
3,253,159
3,253,159
3,253,159
3,253,158
3,253,158
3,253,157
3,253,156
3,253,153
3,253,153
3,255,153
3,255,152
3,255,153
3,255,154
3,255,155
3,255,157
3,255,158
3,253,159
3,253,159
3,253,160
3,253,160
3,252,161
3,253,161
3,253,161
3,253,160
3,253,160
3,253,160
3,255,158
3,255,158
3,255,158
3,255,158
3,255,158
3,255,159
3,255,160
3,253,162
3,253,163
3,253,163
3,253,164
3,252,165
3,253,165
3,255,165
3,253,165
3,253,166
3,253,166
3,253,166
3,253,166
3,253,166
3,253,166
3,253,166
3,253,166
3,253,166
3,253,166
3,253,166
3,253,166
3,253,166
3,253,166
3,253,166
3,255,165
3,255,165
3,255,165
3,253,165
3,253,165
3,255,165
3,255,164
3,255,164
3,255,164
3,253,164
3,252,164
3,252,164
3,253,163
3,253,163
3,253,163
3,253,163
3,253,163
3,253,163
3,253,163
3,253,163
3,253,163
3,253,163
3,253,163
3,253,163
3,253,161
3,252,161
3,252,160
3,253,160
3,253,159
3,253,158
3,253,158
3,253,157
3,253,154
3,253,153
3,253,152
3,252,152
3,252,150
3,252,149
3,252,148
3,252,146
3,251,145
3,251,143
3,251,140
3,251,137
3,249,133
3,251,127
3,251,123
3,253,117
4,253,112
3,253,110
4,255,110
4,255,111
3,255,112
3,255,115
4,255,118
3,255,114
3,255,119
3,255,122
3,253,127
3,253,132
3,253,135
3,253,137
3,253,139
3,253,142
3,253,146
3,255,148
3,255,151
3,253,152
3,253,153
3,253,154
3,253,154
3,253,156
3,253,156
3,253,157
3,253,158
3,255,158
3,255,158
3,255,158
3,255,158
3,255,158
3,255,158
3,255,157
3,255,157
3,255,157
3,255,157
3,255,157
3,255,157
3,253,158
3,253,158
3,253,158
3,253,159
3,253,159
3,253,159
3,253,159
3,252,159
3,252,158
3,252,157
3,252,157
3,253,157
3,253,156
3,253,156
3,253,156
3,253,156
3,255,156
3,255,157
3,255,157
3,255,157
3,255,158
3,255,158
3,255,158
3,255,159
3,253,159
3,253,159
3,253,159
3,253,159
3,253,159
3,253,159
3,253,158
3,253,158
3,253,157
3,253,154
3,253,153
3,253,153
3,255,152
3,255,152
3,255,153
3,255,154
3,255,155
3,255,156
3,255,157
3,255,158
3,255,159
3,253,160
3,253,160
3,253,160
3,253,160
3,253,160
3,253,160
3,253,160
3,253,158
3,255,158
3,255,158
3,255,158
3,255,158
3,255,158
3,255,159
3,255,159
3,253,162
3,253,163
3,253,163
3,252,164
3,252,165
3,253,165
3,253,165
3,253,165
3,253,166
3,253,166
3,253,166
3,253,166
3,253,166
3,253,166
3,253,166
3,253,166
3,253,166
3,253,166
3,253,166
3,253,166
3,253,166
3,253,166
3,255,165
3,255,165
3,255,165
3,255,165
3,255,165
3,255,165
3,255,164
3,255,164
3,255,164
3,255,164
3,253,164
3,253,164
3,253,163
3,253,163
3,253,163
3,253,163
3,253,163
3,253,163
3,253,163
3,253,163
3,253,163
3,253,163
3,253,163
3,253,163
3,253,161
3,253,161
3,253,160
3,253,159
3,253,159
3,253,158
3,253,158
3,255,158
3,253,154
3,253,153
3,252,153
3,252,152
3,252,150
3,252,149
3,252,148
3,252,146
3,250,144
3,251,140
3,249,139
3,251,134
3,249,130
3,251,127
3,251,120
3,253,114
3,253,110
3,253,109
4,255,110
4,255,111
3,255,113
3,255,117
4,255,121
3,255,116
3,255,120
3,255,125
3,253,130
3,253,133
3,253,136
3,253,138
3,253,142
3,253,144
3,253,146
3,253,148
3,253,151
3,253,152
3,253,154
3,253,154
3,253,156
3,253,156
3,253,156
3,253,157
3,255,158
3,255,158
3,255,158
3,255,157
3,255,157
3,255,157
3,255,157
3,255,157
3,255,157
3,255,157
3,255,156
3,255,156
3,253,157
3,253,157
3,252,158
3,252,158
3,252,158
3,252,158
3,252,159
3,252,158
3,252,158
3,252,157
3,252,157
3,253,157
3,253,156
3,253,156
3,253,156
3,253,156
3,255,156
3,255,156
3,255,157
3,255,157
3,255,158
3,255,158
3,255,158
3,255,159
3,255,159
3,253,160
3,253,160
3,253,160
3,253,160
3,253,159
3,253,159
3,253,158
3,253,158
3,253,157
3,253,154
3,253,153
3,253,152
3,255,152
3,255,152
3,255,152
3,255,153
3,255,155
3,255,156
3,255,157
3,255,157
3,255,158
3,253,159
3,253,160
3,253,160
3,253,160
3,253,160
3,253,159
3,253,158
3,253,158
3,255,157
3,255,157
3,255,157
3,255,158
3,255,158
3,255,158
3,255,159
3,253,161
3,253,163
3,253,163
3,253,164
3,253,164
3,253,164
3,253,165
3,253,165
3,253,166
3,253,166
3,253,166
3,253,166
3,253,166
3,253,166
3,253,166
3,253,166
3,253,166
3,253,166
3,253,166
3,253,166
3,255,165
3,255,165
3,255,165
3,255,165
3,255,165
3,255,165
3,255,165
3,255,164
3,255,164
3,255,164
3,255,164
3,255,163
3,253,163
3,253,163
3,253,163
3,253,163
3,253,163
3,253,163
3,253,163
3,253,163
3,253,163
3,253,163
3,253,163
3,253,163
3,253,163
3,253,161
3,253,160
3,253,160
3,253,159
3,253,159
3,253,158
3,255,158
3,255,158
3,253,154
3,253,154
3,252,153
3,252,152
3,252,150
3,252,149
3,252,148
3,250,146
3,248,144
3,250,140
3,249,137
3,249,132
3,249,127
3,251,122
3,251,116
3,253,110
3,253,109
3,253,109
4,255,109
3,255,112
3,255,115
4,255,118
3,255,119
3,255,123
3,253,126
3,253,132
3,251,136
3,253,138
3,253,140
3,253,143
3,253,146
3,253,148
3,253,149
3,253,151
3,253,152
3,253,154
3,253,154
3,253,156
3,253,156
3,253,156
3,255,157
3,255,157
3,255,157
3,255,157
3,255,157
3,255,157
3,255,157
3,255,157
3,255,157
3,255,156
3,255,156
3,255,156
3,253,156
3,253,157
3,252,157
3,252,158
3,252,158
3,252,158
3,252,158
3,252,158
3,252,157
3,252,157
3,252,157
3,253,156
3,253,156
3,253,156
3,253,156
3,253,156
3,253,156
3,255,157
3,255,157
3,255,157
3,255,158
3,255,158
3,255,158
3,255,159
3,255,159
3,255,160
3,253,160
3,253,160
3,253,160
3,253,159
3,253,159
3,253,159
3,253,158
3,253,157
3,253,154
3,253,153
3,253,152
3,255,152
3,255,152
3,255,152
3,255,153
3,255,153
3,255,155
3,255,156
3,255,157
3,255,157
3,255,158
3,253,158
3,253,159
3,253,159
3,253,159
3,253,159
3,253,159
3,253,158
3,253,157
3,255,157
3,255,157
3,255,157
3,255,157
3,255,157
3,255,158
3,255,159
3,253,160
3,253,161
3,253,163
3,253,164
3,253,164
3,253,164
3,253,164
3,253,165
3,253,165
3,253,165
3,253,165
3,253,166
3,253,166
3,253,166
3,253,166
3,253,166
3,253,166
3,253,165
3,255,165
3,255,165
3,255,165
3,255,165
3,255,165
3,253,165
3,253,165
3,255,164
3,255,164
3,255,164
3,255,163
3,255,163
3,255,163
3,253,163
3,253,163
3,253,163
3,253,163
3,253,163
3,253,163
3,253,163
3,253,163
3,253,163
3,253,163
3,253,163
3,253,163
3,253,162
3,253,160
3,253,160
3,253,159
3,255,159
3,255,158
3,255,158
3,255,158
3,255,157
3,255,154
3,255,154
3,253,153
3,252,152
3,252,150
3,250,149
3,248,148
3,248,146
3,248,144
3,248,139
3,249,134
3,251,129
3,251,123
3,251,119
3,253,113
3,253,109
4,255,108
4,255,109
4,255,110
3,255,114
4,255,117
3,255,116
3,255,121
3,255,125
3,253,130
3,253,133
3,253,137
3,251,139
3,253,142
3,253,144
3,253,146
3,253,148
3,253,149
3,253,151
3,253,153
3,253,154
3,253,154
3,253,156
3,253,156
3,253,156
3,253,157
3,255,157
3,255,157
3,255,157
3,255,157
3,255,157
3,255,157
3,255,156
3,255,156
3,255,156
3,255,156
3,253,156
3,253,157
3,253,157
3,253,158
3,253,158
3,253,158
3,252,158
3,252,158
3,252,157
3,252,157
3,253,157
3,253,156
3,253,156
3,253,156
3,253,156
3,253,156
3,253,156
3,255,157
3,255,157
3,253,157
3,255,158
3,255,158
3,255,158
3,255,159
3,255,159
3,255,159
3,255,160
3,253,160
3,253,160
3,253,159
3,253,159
3,253,159
3,253,158
3,253,157
3,253,156
3,253,153
3,253,153
3,253,153
3,255,152
3,255,152
3,255,152
3,255,153
3,255,153
3,255,154
3,255,155
3,255,156
3,255,157
3,255,157
3,253,158
3,253,159
3,253,159
3,253,159
3,252,159
3,253,158
3,253,158
3,255,157
3,255,157
3,255,157
3,255,157
3,255,156
3,255,157
3,255,157
3,255,158
3,253,159
3,253,159
3,253,160
3,253,163
3,253,163
3,253,164
3,255,164
3,255,164
3,253,165
3,253,165
3,253,165
3,253,165
3,253,166
3,253,166
3,253,166
3,253,165
3,255,165
3,255,165
3,255,165
3,255,165
3,255,165
3,255,165
3,253,165
3,253,164
3,253,164
3,255,164
3,255,164
3,255,163
3,255,163
3,255,163
3,255,163
3,253,163
3,253,163
3,253,163
3,253,163
3,252,163
3,252,163
3,253,163
3,253,163
3,253,163
3,253,163
3,253,162
3,253,160
3,253,160
3,253,159
3,255,159
3,255,159
3,255,158
3,255,158
3,255,158
3,255,157
3,255,154
3,255,154
3,255,153
3,253,152
3,252,150
3,250,149
3,248,148
3,248,146
3,248,142
3,248,138
3,249,132
3,251,127
3,251,121
3,253,115
3,253,110
3,253,109
4,255,108
4,255,109
3,255,112
4,255,116
4,255,120
3,255,118
3,255,122
3,255,126
3,253,132
3,251,135
3,251,138
3,251,140
3,253,143
3,253,145
3,253,147
3,253,148
3,253,151
3,253,152
3,253,153
3,253,154
3,253,154
3,253,154
3,253,154
3,253,154
3,255,156
3,255,157
3,255,157
3,255,157
3,255,156
3,255,156
3,255,156
3,255,156
3,255,155
3,255,155
3,253,156
3,253,157
3,253,157
3,253,158
3,253,158
3,253,158
3,255,158
3,255,158
3,255,157
3,255,157
3,255,157
3,253,157
3,253,156
3,253,156
3,253,156
3,253,156
3,253,156
3,255,157
3,255,157
3,253,157
3,255,157
3,255,158
3,253,158
3,255,158
3,255,159
3,255,159
3,255,159
3,255,159
3,255,159
3,255,159
3,253,159
3,253,158
3,253,158
3,253,157
3,253,156
3,253,154
3,253,153
3,253,153
3,255,152
3,255,152
3,255,152
3,255,152
3,255,152
3,255,152
3,255,153
3,255,154
3,255,156
3,255,156
3,255,157
3,253,158
3,253,158
3,253,159
3,253,159
3,253,158
3,253,158
3,255,157
3,255,157
3,255,157
3,255,156
3,255,156
3,255,156
3,255,156
3,255,157
3,253,157
3,253,157
3,253,159
3,253,159
3,255,160
3,255,161
3,255,161
3,255,163
3,255,163
3,253,164
3,253,165
3,253,165
3,253,165
3,253,165
3,253,165
3,253,165
3,255,165
3,255,165
3,255,165
3,255,165
3,255,164
3,255,164
3,253,164
3,253,164
3,253,164
3,253,164
3,253,163
3,253,163
3,255,163
3,255,163
3,255,163
3,255,163
3,253,163
3,253,163
3,253,163
3,253,163
3,252,163
3,252,163
3,253,163
3,253,163
3,253,162
3,253,161
3,253,160
3,253,159
3,253,159
3,253,159
3,255,158
3,255,158
3,255,158
3,255,157
3,255,156
3,255,154
3,255,153
3,253,153
3,252,151
3,252,150
3,250,149
2,248,148
3,248,144
3,248,139
3,249,134
3,249,128
3,251,122
3,253,115
4,255,110
3,255,109
3,253,108
3,253,109
3,253,111
3,253,115
3,253,120
3,255,119
3,255,125
3,253,130
3,251,133
3,251,137
3,251,139
3,251,141
3,253,144
3,253,146
3,253,147
3,253,148
3,253,151
3,253,152
3,252,153
3,253,153
3,253,153
3,253,154
3,253,154
3,255,154
3,255,156
3,255,156
3,255,156
3,255,156
3,255,156
3,255,156
3,255,156
3,255,156
3,255,156
3,255,157
3,255,157
3,255,157
3,255,158
3,255,158
3,255,158
3,255,158
3,255,158
3,255,158
3,255,157
3,255,157
3,255,157
3,253,156
3,253,156
3,253,156
3,253,156
3,255,156
3,255,157
3,255,157
3,255,157
3,253,157
3,253,157
3,253,158
3,255,158
3,255,158
3,255,159
3,255,159
3,255,159
3,255,159
3,255,159
3,255,158
3,253,158
3,253,158
3,253,157
3,253,156
3,253,156
3,253,154
3,253,153
3,255,153
3,255,152
3,255,152
3,255,152
3,255,152
3,255,152
3,255,152
3,255,153
3,255,153
3,255,155
3,255,156
3,253,157
3,253,158
3,253,158
3,253,158
3,253,158
3,255,158
3,255,157
3,255,157
3,255,157
3,255,156
3,255,156
3,255,156
3,255,156
3,253,156
3,253,156
3,253,156
3,253,157
3,253,157
3,255,158
3,255,159
3,255,159
3,255,160
3,255,161
3,255,163
3,253,163
3,253,164
3,253,164
3,253,165
3,253,165
3,253,165
3,255,165
3,255,164
3,255,164
3,255,164
3,255,164
3,255,164
3,253,164
3,253,164
3,253,164
3,253,164
3,253,163
3,253,163
3,253,163
3,253,163
3,255,163
3,255,163
3,253,163
3,253,163
3,253,163
3,253,163
3,252,163
3,252,163
3,253,163
3,253,162
3,253,161
3,253,160
3,253,159
3,253,159
3,253,159
3,253,158
3,255,158
3,255,158
3,255,157
3,255,157
3,255,154
3,255,153
3,255,153
3,253,152
3,252,150
3,250,150
3,250,148
3,250,145
3,250,142
3,249,137
3,249,131
3,249,123
3,253,117
3,255,112
4,255,109
3,255,109
3,253,109
3,253,110
3,253,114
3,253,118
3,255,115
3,255,122
3,255,126
3,251,131
3,251,135
3,251,137
3,251,139
3,253,142
3,253,144
3,253,146
3,253,147
3,253,148
3,253,151
3,252,152
3,252,153
3,253,153
3,253,153
3,253,153
3,255,154
3,255,154
3,255,156
3,255,156
3,255,156
3,255,156
3,255,156
3,255,156
3,255,156
3,255,156
3,255,157
3,255,157
3,255,158
3,255,158
3,255,158
3,255,158
3,255,158
3,255,158
3,255,158
3,255,157
3,255,157
3,253,157
3,253,156
3,253,156
3,253,156
3,255,156
3,255,157
3,255,157
3,255,157
3,255,157
3,253,157
3,253,157
3,253,157
3,255,157
3,255,158
3,255,158
3,255,158
3,255,159
3,255,159
3,255,158
3,255,158
3,255,158
3,253,158
3,253,157
3,253,156
3,253,156
3,253,154
3,255,153
3,255,153
3,255,153
3,255,152
3,255,152
3,255,152
3,255,152
3,255,152
3,255,152
3,255,153
3,255,153
3,255,155
3,253,156
3,253,157
3,253,158
3,253,158
3,255,158
3,255,158
3,255,158
3,255,157
3,255,157
3,255,156
3,255,156
3,255,156
3,253,156
3,253,156
3,253,156
3,253,156
3,253,156
3,253,156
3,255,157
3,255,158
3,255,158
3,255,159
3,255,159
3,253,160
3,253,162
3,253,163
3,253,163
3,253,164
3,253,164
3,253,164
3,255,164
3,255,164
3,255,164
3,255,163
3,255,163
3,255,163
3,253,163
3,253,163
3,253,163
3,253,163
3,253,163
3,253,163
3,253,163
3,253,163
3,253,163
3,253,163
3,253,163
3,253,163
3,253,163
3,253,163
3,253,163
3,253,163
3,253,162
3,253,161
3,253,160
3,253,159
3,253,159
3,253,158
3,253,158
3,253,158
3,255,158
3,255,157
3,255,157
3,255,155
3,255,154
3,255,153
3,253,152
3,252,150
3,252,150
3,250,149
3,250,145
3,250,143
3,249,138
3,249,133
3,249,127
3,251,118
3,255,114
4,255,110
3,255,108
3,255,109
3,255,110
3,250,113
3,251,116
3,251,121
3,255,118
3,253,123
3,251,127
3,251,132
3,251,135
3,251,137
3,251,140
3,253,142
3,253,144
3,253,146
3,253,148
3,253,148
3,253,151
3,253,152
3,253,153
3,253,153
3,253,153
3,253,153
3,253,154
3,255,156
3,255,156
3,255,156
3,255,156
3,255,156
3,255,156
3,255,156
3,255,156
3,255,156
3,255,157
3,255,158
3,255,158
3,255,158
3,255,158
3,255,158
3,255,158
3,255,158
3,255,157
3,253,157
3,253,157
3,253,156
3,253,156
3,253,156
3,255,156
3,255,156
3,255,157
3,255,157
3,255,157
3,253,157
3,253,156
3,253,156
3,253,156
3,255,157
3,255,158
3,255,158
3,255,158
3,255,158
3,255,158
3,255,158
3,255,158
3,255,158
3,255,158
3,253,157
3,253,156
3,253,156
3,255,154
3,255,153
3,255,153
3,255,153
3,255,152
3,255,152
3,255,152
3,255,152
3,255,152
3,255,153
3,255,153
3,255,153
3,255,155
3,253,156
3,253,157
3,253,158
3,255,158
3,255,158
3,255,158
3,255,157
3,255,157
3,255,157
3,255,157
3,255,156
3,253,156
3,253,156
3,253,156
3,253,156
3,253,156
3,255,156
3,255,156
3,255,156
3,255,157
3,255,158
3,255,158
3,255,159
3,253,159
3,253,160
3,253,162
3,253,163
3,253,163
3,253,163
3,255,163
3,255,163
3,255,163
3,255,163
3,255,163
3,255,163
3,255,163
3,253,163
3,253,163
3,253,163
3,255,162
3,255,162
3,255,162
3,255,162
3,255,162
3,255,162
3,255,162
3,255,162
3,255,162
3,255,162
3,253,162
3,253,162
3,253,160
3,253,160
3,253,160
3,253,159
3,253,158
3,253,158
3,253,158
3,253,158
3,255,157
3,255,157
3,255,155
3,253,154
3,253,153
3,253,153
3,252,151
3,250,150
3,250,148
3,250,145
3,250,143
3,249,138
3,249,133
3,249,128
3,249,123
3,253,115
4,255,110
4,255,109
4,255,108
4,255,109
3,253,110
3,251,115
3,251,118
3,253,119
3,253,123
3,251,127
3,251,132
3,251,135
3,251,137
3,251,140
3,253,142
3,253,144
3,253,146
3,253,148
3,253,150
3,253,151
3,253,152
3,253,152
3,253,153
3,253,153
3,253,154
3,253,156
3,255,156
3,255,156
3,255,156
3,255,156
3,255,155
3,255,156
3,255,156
3,255,156
3,255,157
3,255,157
3,255,158
3,255,158
3,255,158
3,255,158
3,255,158
3,255,158
3,253,157
3,253,157
3,253,157
3,253,156
3,253,156
3,253,156
3,255,156
3,255,156
3,255,157
3,255,157
3,255,157
3,253,156
3,253,156
3,253,155
3,253,156
3,253,156
3,253,157
3,255,158
3,255,158
3,255,158
3,255,158
3,255,158
3,255,158
3,255,158
3,255,157
3,255,157
3,253,156
3,253,156
3,255,155
3,255,154
3,255,153
3,255,153
3,255,153
3,255,152
3,255,152
3,255,152
3,255,152
3,255,153
3,255,153
3,255,153
3,255,154
3,255,155
3,255,156
3,255,157
3,255,157
3,255,157
3,255,157
3,255,158
3,255,158
3,255,158
3,255,158
3,253,157
3,253,157
3,253,156
3,253,156
3,253,156
3,253,156
3,255,155
3,255,155
3,255,155
3,255,156
3,255,156
3,255,157
3,255,158
3,255,158
3,255,159
3,253,159
3,253,160
3,253,160
3,255,161
3,255,163
3,255,163
3,255,163
3,255,163
3,255,163
3,255,162
3,255,162
3,253,162
3,253,162
3,255,162
3,255,162
3,255,162
3,255,162
3,255,162
3,255,162
3,255,162
3,255,162
3,255,162
3,255,160
3,255,160
3,253,160
3,253,160
3,253,160
3,253,160
3,253,159
3,253,158
3,253,158
3,253,158
3,255,157
3,255,157
3,255,156
3,255,154
3,253,154
3,253,153
3,253,153
3,252,151
3,250,150
3,250,148
3,250,145
3,250,141
3,249,138
3,249,133
3,249,128
3,249,123
3,253,117
3,253,111
4,255,109
4,255,108
4,255,108
4,255,110
3,253,114
3,251,117
3,253,120
3,251,124
3,251,127
3,251,132
3,251,135
3,251,137
3,253,140
3,253,142
3,253,145
3,253,146
3,253,148
3,253,150
3,253,151
3,253,152
3,253,152
3,253,153
3,253,154
3,253,156
3,253,156
3,255,156
3,255,156
3,255,156
3,255,155
3,255,155
3,255,156
3,255,156
3,255,156
3,255,157
3,255,157
3,255,158
3,255,158
3,255,158
3,255,158
3,253,157
3,253,157
3,253,157
3,253,157
3,253,156
3,253,156
3,253,156
3,255,156
3,255,156
3,255,156
3,255,156
3,255,156
3,255,156
3,253,155
3,253,154
3,253,155
3,255,155
3,255,156
3,255,156
3,255,158
3,255,158
3,255,158
3,255,158
3,255,158
3,255,157
3,255,157
3,255,157
3,255,156
3,255,156
3,255,155
3,255,154
3,255,154
3,255,153
3,255,153
3,255,152
3,255,152
3,255,152
3,255,152
3,255,153
3,255,153
3,255,153
3,255,154
3,255,154
3,255,155
3,255,156
3,255,156
3,255,157
3,255,157
3,255,158
3,255,158
3,255,158
3,255,158
3,253,158
3,252,157
3,252,157
3,253,156
3,253,156
3,255,154
3,255,153
3,255,153
3,255,153
3,255,155
3,255,155
3,255,156
3,255,156
3,255,157
3,255,158
3,255,158
3,255,159
3,255,159
3,255,160
3,255,160
3,255,160
3,255,162
3,255,162
3,255,162
3,255,162
3,255,162
3,253,162
3,253,162
3,255,161
3,255,161
3,255,161
3,255,161
3,255,161
3,255,162
3,255,162
3,255,160
3,255,160
3,255,160
3,255,160
3,255,160
3,253,160
3,253,160
3,253,159
3,253,158
3,253,158
3,253,158
3,255,157
3,255,157
3,255,156
3,255,154
3,255,154
3,253,153
3,253,153
3,252,152
3,250,150
3,250,148
3,250,145
3,250,141
3,249,137
3,249,133
3,249,129
3,249,123
3,251,117
3,253,113
3,253,109
4,255,108
4,255,108
4,255,109
3,255,112
3,253,116
3,253,121
3,253,124
3,251,127
3,251,132
3,251,135
3,251,137
3,253,140
3,253,142
3,253,145
3,253,146
3,253,148
3,253,150
3,253,150
3,253,152
3,253,152
3,253,153
3,253,154
3,253,156
3,253,156
3,255,156
3,255,155
3,255,154
3,255,154
3,255,154
3,255,156
3,253,156
3,253,156
3,255,157
3,255,157
3,255,157
3,255,157
3,255,157
3,253,157
3,252,157
3,252,157
3,252,157
3,253,156
3,253,156
3,253,156
3,255,156
3,255,156
3,255,156
3,255,156
3,255,156
3,255,155
3,253,154
3,253,154
3,253,154
3,255,155
3,255,155
3,255,156
3,255,156
3,255,156
3,255,156
3,255,156
3,255,157
3,255,157
3,255,157
3,255,157
3,255,157
3,255,156
3,255,156
3,253,155
3,255,155
3,255,154
3,255,153
3,255,153
3,255,153
3,255,153
3,255,153
3,255,153
3,255,153
3,255,153
3,253,154
3,255,154
3,255,154
3,255,155
3,255,156
3,255,156
3,255,157
3,255,158
3,255,158
3,255,158
3,255,158
3,252,158
3,252,158
3,252,157
3,252,157
3,253,155
3,255,153
3,255,153
3,255,153
3,255,153
3,253,153
3,252,154
3,253,155
3,253,155
3,253,156
3,255,156
3,255,157
3,255,158
3,255,158
3,255,159
3,255,160
3,255,160
3,255,160
3,255,160
3,255,160
3,255,160
3,255,160
3,253,160
3,255,160
3,255,160
3,255,160
3,255,160
3,255,160
3,255,159
3,255,159
3,255,159
3,255,160
3,255,160
3,255,160
3,255,160
3,255,160
3,253,160
3,253,159
3,253,158
3,253,158
3,253,157
3,255,157
3,255,156
3,255,155
3,255,154
3,255,154
3,255,153
3,253,153
3,252,152
3,250,150
3,250,148
3,250,145
3,250,141
3,249,137
3,249,133
3,249,129
3,249,123
3,248,117
3,253,114
3,253,109
3,253,107
4,255,107
4,255,108
4,255,110
4,255,115
3,253,121
3,251,125
3,251,128
3,251,132
3,251,135
3,251,138
3,253,140
3,253,142
3,253,145
3,253,146
3,253,148
3,253,148
3,253,149
3,253,151
3,253,152
3,253,153
3,253,154
3,253,155
3,255,154
3,255,154
3,255,153
3,255,153
3,255,154
3,253,156
3,253,156
3,253,156
3,253,156
3,255,157
3,255,157
3,255,157
3,253,157
3,252,157
3,252,157
3,252,157
3,252,157
3,253,156
3,253,156
3,253,156
3,255,156
3,255,156
3,255,156
3,255,156
3,255,156
3,253,155
3,252,154
3,252,154
3,253,153
3,255,153
3,255,153
3,255,155
3,255,155
3,255,156
3,255,156
3,255,156
3,255,156
3,255,157
3,255,157
3,255,157
3,255,157
3,255,156
3,253,156
3,253,156
3,253,155
3,253,155
3,253,154
3,253,154
3,253,154
3,255,153
3,255,153
3,255,153
3,255,153
3,253,154
3,253,154
3,255,154
3,255,154
3,255,154
3,255,155
3,255,156
3,255,156
3,255,157
3,255,158
3,255,158
3,255,158
3,252,158
3,252,158
3,252,157
3,252,157
3,253,154
3,255,153
3,255,153
3,255,153
3,255,153
3,252,153
3,252,153
3,252,154
3,253,154
3,253,155
3,255,155
3,255,155
3,255,156
3,255,157
3,255,158
3,255,158
3,255,159
3,255,160
3,255,160
3,255,160
3,255,160
3,255,160
3,253,160
3,255,160
3,255,160
3,255,159
3,255,159
3,255,159
3,255,159
3,255,159
3,255,159
3,255,159
3,255,159
3,255,159
3,255,158
3,255,158
3,255,158
3,255,158
3,255,158
3,255,157
3,255,157
3,255,155
3,255,154
3,255,154
3,255,153
3,253,153
3,253,153
3,252,152
3,250,150
3,250,148
3,250,145
3,250,141
3,249,137
3,249,133
3,249,127
3,249,123
3,249,118
3,251,114
3,253,110
3,253,109
3,253,109
3,253,109
4,253,110
4,255,114
3,255,118
3,253,121
3,253,124
3,251,128
3,251,132
3,251,135
3,251,137
3,253,140
3,253,142
3,253,145
3,253,146
3,253,148
3,253,148
3,253,149
3,253,149
3,253,152
3,253,153
3,253,153
3,253,153
3,255,153
3,255,153
3,255,153
3,255,153
3,253,156
3,253,156
3,253,156
3,253,156
3,253,156
3,255,156
3,253,156
3,253,157
3,252,157
3,252,157
3,252,157
3,253,156
3,253,156
3,253,156
3,253,156
3,255,156
3,255,156
3,255,156
3,255,156
3,255,156
3,255,156
3,253,155
3,253,154
3,253,153
3,255,153
3,255,153
3,255,153
3,255,154
3,255,155
3,255,155
3,255,155
3,255,156
3,255,156
3,255,157
3,255,157
3,255,157
3,253,156
3,253,156
3,253,156
3,253,156
3,253,156
3,253,155
3,253,154
3,253,154
3,253,154
3,255,153
3,255,153
3,253,154
3,253,154
3,253,154
3,253,154
3,255,154
3,255,154
3,255,155
3,255,156
3,255,156
3,255,156
3,255,157
3,255,158
3,255,158
3,252,158
3,252,157
3,252,157
3,252,157
3,253,154
3,253,154
3,255,153
3,255,153
3,253,153
3,252,153
3,252,153
3,252,153
3,252,153
3,253,153
3,255,154
3,255,155
3,255,155
3,255,155
3,255,156
3,255,158
3,255,158
3,255,158
3,255,159
3,255,160
3,255,160
3,253,160
3,253,160
3,253,159
3,253,159
3,255,158
3,255,158
3,255,158
3,255,158
3,255,158
3,255,158
3,255,158
3,255,158
3,255,158
3,255,158
3,255,158
3,255,158
3,255,158
3,255,157
3,255,156
3,255,155
3,255,154
3,255,153
3,255,153
3,253,153
3,253,153
3,252,152
3,250,150
3,250,148
3,250,145
3,250,141
3,249,137
3,249,132
3,249,126
3,249,122
3,251,117
3,253,114
3,253,110
3,253,110
3,253,109
3,253,109
4,253,110
4,253,112
4,253,117
3,255,119
3,253,121
3,253,125
3,251,128
3,251,131
3,251,135
3,251,137
3,253,140
3,253,142
3,253,145
3,253,145
3,253,146
3,253,148
3,253,149
3,253,149
3,253,152
3,253,152
3,253,153
3,255,153
3,255,153
3,255,153
3,255,153
3,253,154
3,253,156
3,253,156
3,253,156
3,253,156
3,253,156
3,253,156
3,253,156
3,253,156
3,253,157
3,253,156
3,253,156
3,253,156
3,253,156
3,253,156
3,253,156
3,255,156
3,255,156
3,255,156
3,255,157
3,255,157
3,253,156
3,253,154
3,253,154
3,255,154
3,255,153
3,255,153
3,255,153
3,255,153
3,255,155
3,255,155
3,255,155
3,255,156
3,255,156
3,255,156
3,255,157
3,253,156
3,253,156
3,253,156
3,253,156
3,253,156
3,253,156
3,253,156
3,252,156
3,253,154
3,253,154
3,253,154
3,253,154
3,253,154
3,253,154
3,253,154
3,255,154
3,255,155
3,255,156
3,255,156
3,255,156
3,255,156
3,255,156
3,255,157
3,255,157
3,252,157
3,252,157
3,252,157
3,252,157
3,252,155
3,253,154
3,253,153
3,255,153
3,253,153
3,252,153
3,252,154
3,252,154
3,252,154
3,253,153
3,255,153
3,255,153
3,255,155
3,255,155
3,255,155
3,255,156
3,255,157
3,255,158
3,255,158
3,255,158
3,255,158
3,253,159
3,253,159
3,253,158
3,253,158
3,253,158
3,255,158
3,255,158
3,255,158
3,255,158
3,255,158
3,255,158
3,255,158
3,255,158
3,255,158
3,255,158
3,255,157
3,255,156
3,255,155
3,255,154
3,255,154
3,255,153
3,255,153
3,253,153
3,253,153
3,252,151
3,250,150
3,248,148
3,248,145
3,250,141
3,249,137
3,249,130
3,249,126
3,251,122
3,253,117
3,253,113
3,253,110
3,253,110
3,253,110
3,253,110
3,250,110
3,250,112
4,253,117
3,255,119
3,255,121
3,253,125
3,251,128
3,251,131
3,251,135
3,251,137
3,253,139
3,253,142
3,253,143
3,253,145
3,253,146
3,253,148
3,253,149
3,253,150
3,253,152
3,253,152
3,255,152
3,255,152
3,255,153
3,255,153
3,253,154
3,253,156
3,253,156
3,253,156
3,253,156
3,253,156
3,253,156
3,253,156
3,253,156
3,253,156
3,253,156
3,253,156
3,253,156
3,253,156
3,253,156
3,253,156
3,255,156
3,255,157
3,255,157
3,255,157
3,255,157
3,255,157
3,255,156
3,255,155
3,255,154
3,255,154
3,255,153
3,255,153
3,255,153
3,255,153
3,255,153
3,255,155
3,255,155
3,255,156
3,255,156
3,255,156
3,255,156
3,253,156
3,253,156
3,253,156
3,253,156
3,253,156
3,253,156
3,252,157
3,253,157
3,253,155
3,253,154
3,253,154
3,253,154
3,253,154
3,255,154
3,255,155
3,255,155
3,255,156
3,255,156
3,255,156
3,255,156
3,255,156
3,255,157
3,255,157
3,253,157
3,252,157
3,252,157
3,252,156
3,253,155
3,253,154
3,253,154
3,253,154
3,255,154
3,253,154
3,252,154
3,252,154
3,253,154
3,253,153
3,255,153
3,255,153
3,255,153
3,255,154
3,255,155
3,255,155
3,255,156
3,255,157
3,255,157
3,255,158
3,255,158
3,253,158
3,252,158
3,253,158
3,253,158
3,255,158
3,255,158
3,255,157
3,255,157
3,253,157
3,253,157
3,253,157
3,253,157
3,253,157
3,253,157
3,253,156
3,253,155
3,255,155
3,255,154
3,255,153
3,255,153
3,253,153
3,253,153
3,253,151
3,252,150
3,250,148
3,248,147
3,248,143
3,248,139
3,249,137
3,249,130
3,249,126
3,251,121
3,253,116
3,255,113
3,255,110
3,255,109
3,253,110
3,253,110
3,250,110
3,251,114
3,251,117
3,255,119
3,253,121
3,251,125
3,251,127
3,251,131
3,251,134
3,253,137
3,253,139
3,253,141
3,253,142
3,253,145
3,253,146
3,253,147
3,253,149
3,253,150
3,253,150
3,255,152
3,255,152
3,255,152
3,253,153
3,253,153
3,253,154
3,253,156
3,253,156
3,253,156
3,253,156
3,253,156
3,253,156
3,253,156
3,253,156
3,253,154
3,253,154
3,253,155
3,253,156
3,253,156
3,255,156
3,255,156
3,255,157
3,255,157
3,255,157
3,255,157
3,255,157
3,255,157
3,255,157
3,255,155
3,255,154
3,255,154
3,255,153
3,255,153
3,255,153
3,255,153
3,255,153
3,255,154
3,255,155
3,255,156
3,255,156
3,255,156
3,255,156
3,253,156
3,253,156
3,253,156
3,253,156
3,253,157
3,252,157
3,253,157
3,253,157
3,255,156
3,255,155
3,255,154
3,255,155
3,255,155
3,255,156
3,255,156
3,255,156
3,255,156
3,255,156
3,255,156
3,255,156
3,255,156
3,255,156
3,253,156
3,253,156
3,252,156
3,253,155
3,253,155
3,253,155
3,253,155
3,253,154
3,255,154
3,255,155
3,253,155
3,253,155
3,253,154
3,253,154
3,253,153
3,255,153
3,255,153
3,255,154
3,255,154
3,255,155
3,255,155
3,255,156
3,255,157
3,255,157
3,253,157
3,252,158
3,252,158
3,252,158
3,253,157
3,253,156
3,253,156
3,253,156
3,253,156
3,253,156
3,253,157
3,253,157
3,253,157
3,253,156
3,253,156
3,253,155
3,253,154
3,253,153
3,252,153
3,253,153
3,253,152
3,253,150
3,253,150
3,252,148
3,250,148
3,250,145
3,248,143
3,248,139
3,247,134
3,249,130
3,249,126
3,251,120
3,251,116
3,253,111
3,255,109
3,255,109
3,255,109
4,255,110
3,253,111
3,251,114
3,251,117
3,255,119
3,255,121
3,253,124
3,251,127
3,251,130
3,253,134
3,253,137
3,253,139
3,253,141
3,253,142
3,253,145
3,253,146
3,253,147
3,253,148
3,253,150
3,253,150
3,255,150
3,255,152
3,253,152
3,253,153
3,253,154
3,253,154
3,253,156
3,253,156
3,253,156
3,253,156
3,253,156
3,253,154
3,253,154
3,253,154
3,253,154
3,255,154
3,253,155
3,255,156
3,255,156
3,255,156
3,255,157
3,255,157
3,255,157
3,255,157
3,255,157
3,255,157
3,255,157
3,255,157
3,253,155
3,253,154
3,255,153
3,255,153
3,255,153
3,255,153
3,255,153
3,255,153
3,255,154
3,255,156
3,255,156
3,255,156
3,255,156
3,255,156
3,255,156
3,255,156
3,255,157
3,255,157
3,255,157
3,255,157
3,255,157
3,255,157
3,255,157
3,255,156
3,255,156
3,255,156
3,255,156
3,255,157
3,255,157
3,255,157
3,255,156
3,255,156
3,255,156
3,255,156
3,255,155
3,253,155
3,253,154
3,253,155
3,253,155
3,253,155
3,253,155
3,253,155
3,255,156
3,255,156
3,255,157
3,255,156
3,255,156
3,253,155
3,253,155
3,253,154
3,255,153
3,255,153
3,255,154
3,255,154
3,255,154
3,255,154
3,255,155
3,255,157
3,253,157
3,252,157
3,252,157
3,252,157
3,252,157
3,253,156
3,253,156
3,253,156
3,253,155
3,253,154
3,253,154
3,253,154
3,253,154
3,253,154
3,253,154
3,253,154
3,253,153
3,252,153
3,252,153
3,252,152
3,252,150
3,252,150
3,252,149
3,252,148
3,252,146
3,251,145
3,250,141
3,249,138
3,249,134
3,249,129
3,251,125
3,251,119
3,251,114
3,253,110
3,253,109
3,255,109
3,255,109
3,255,109
4,255,110
3,253,114
3,251,117
3,255,119
3,255,121
3,253,124
3,253,127
3,253,130
3,253,133
3,253,136
3,253,139
3,255,141
3,253,143
3,253,145
3,253,146
3,253,147
3,253,148
3,253,150
3,253,150
3,253,150
3,253,152
3,253,152
3,253,153
3,253,154
3,253,156
3,253,156
3,253,156
3,253,156
3,253,156
3,253,154
3,253,154
3,253,154
3,255,153
3,255,153
3,255,154
3,255,155
3,255,156
3,255,156
3,255,156
3,255,157
3,255,157
3,255,158
3,255,158
3,255,158
3,255,158
3,253,157
3,253,157
3,253,155
3,253,154
3,255,153
3,255,153
3,255,153
3,255,153
3,255,153
3,255,154
3,255,154
3,255,156
3,255,156
3,255,156
3,255,156
3,255,156
3,255,157
3,255,157
3,255,157
3,255,157
3,255,158
3,255,157
3,255,157
3,255,157
3,255,157
3,255,157
3,255,157
3,255,157
3,255,157
3,255,157
3,255,157
3,255,157
3,255,156
3,255,156
3,255,155
3,255,155
3,255,154
3,253,154
3,253,154
3,253,154
3,253,155
3,253,155
3,255,156
3,255,156
3,255,157
3,255,157
3,255,157
3,255,157
3,255,157
3,253,156
3,253,155
3,253,154
3,253,154
3,253,154
3,255,154
3,255,154
3,255,154
3,255,154
3,255,156
3,253,157
3,252,157
3,252,157
3,252,157
3,253,156
3,253,156
3,253,155
3,253,154
3,253,154
3,253,154
3,253,154
3,253,154
3,253,154
3,253,153
3,253,153
3,253,153
3,252,153
3,252,153
3,250,152
3,250,150
3,250,150
3,252,148
3,252,148
3,251,145
3,251,143
3,251,140
3,251,138
3,251,133
3,251,128
3,251,124
3,253,118
3,253,114
3,253,110
3,253,109
4,255,108
3,255,108
3,255,109
4,255,110
3,253,114
3,253,117
3,255,118
3,253,121
3,253,124
3,253,126
3,253,130
3,253,132
3,253,136
3,253,139
3,253,141
3,253,144
3,253,145
3,253,147
3,253,147
3,253,148
3,253,150
3,253,150
3,253,150
3,253,152
3,253,152
3,253,153
3,253,154
3,253,154
3,253,156
3,253,154
3,253,154
3,253,154
3,253,154
3,255,153
3,255,153
3,255,153
3,255,153
3,255,153
3,255,155
3,255,156
3,255,156
3,255,157
3,255,157
3,255,157
3,255,158
3,255,158
3,255,158
3,253,158
3,253,157
3,253,157
3,253,155
3,253,154
3,255,153
3,255,153
3,255,153
3,255,153
3,255,154
3,255,154
3,255,156
3,255,156
3,255,156
3,255,156
3,255,157
3,255,157
3,255,157
3,255,157
3,255,158
3,255,158
3,255,158
3,255,158
3,255,158
3,255,158
3,255,157
3,255,158
3,255,158
3,255,158
3,255,158
3,255,158
3,255,157
3,255,157
3,255,156
3,255,155
3,253,154
3,253,154
3,253,154
3,253,154
3,255,154
3,255,154
3,253,155
3,253,156
3,255,156
3,255,157
3,255,157
3,255,157
3,255,157
3,255,157
3,255,157
3,253,156
3,253,155
3,253,155
3,253,154
3,253,154
3,253,154
3,253,154
3,253,154
3,253,155
3,253,156
3,252,157
3,252,157
3,253,156
3,253,156
3,253,154
3,253,153
3,253,153
3,253,153
3,253,153
3,253,153
3,253,153
3,253,152
3,253,152
3,253,152
3,253,152
3,253,152
3,252,152
3,252,150
3,250,150
3,250,148
3,252,147
3,251,145
3,251,143
3,251,139
3,251,137
3,251,133
3,251,128
3,253,123
3,253,118
4,255,114
4,255,109
3,253,108
3,253,108
4,255,108
4,255,108
4,255,110
3,255,114
3,253,116
3,255,116
3,253,119
3,253,124
3,255,125
3,255,130
3,255,132
3,255,136
3,253,139
3,253,142
3,253,145
3,253,145
3,253,147
3,253,148
3,253,149
3,253,150
3,253,151
3,253,152
3,253,152
3,253,153
3,253,153
3,253,154
3,253,154
3,253,154
3,253,154
3,253,154
3,253,154
3,255,153
3,255,153
3,255,153
3,255,153
3,255,153
3,255,153
3,255,155
3,255,156
3,255,156
3,255,156
3,255,157
3,255,158
3,253,158
3,253,158
3,253,158
3,252,158
3,252,157
3,253,157
3,253,155
3,255,154
3,255,154
3,255,153
3,255,154
3,255,154
3,255,155
3,253,156
3,255,156
3,255,156
3,255,157
3,255,157
3,255,157
3,255,157
3,255,157
3,255,158
3,255,158
3,255,158
3,255,158
3,255,158
3,255,158
3,255,158
3,255,158
3,255,158
3,255,158
3,255,158
3,255,158
3,255,158
3,255,157
3,255,157
3,253,156
3,253,155
3,253,154
3,255,154
3,255,153
3,255,154
3,255,154
3,255,154
3,255,155
3,255,156
3,255,157
3,255,157
3,255,157
3,255,158
3,255,158
3,255,157
3,255,157
3,253,157
3,253,156
3,253,155
3,253,155
3,253,154
3,253,154
3,253,155
3,253,156
3,252,156
3,252,156
3,252,156
3,253,156
3,253,155
3,253,153
3,253,153
3,253,153
3,253,153
3,253,153
3,253,152
3,253,152
3,253,152
3,253,152
3,253,152
3,253,152
3,253,150
3,252,150
3,252,149
3,250,148
3,250,147
3,250,145
3,250,143
3,249,139
3,251,135
3,251,131
3,251,128
3,253,122
3,253,117
3,253,114
4,255,109
4,255,109
4,255,108
4,255,108
4,255,108
4,255,110
3,253,114
3,253,116
3,255,116
3,255,118
3,255,121
3,255,125
3,255,129
3,255,132
3,253,136
3,253,139
3,253,142
3,253,145
3,253,146
3,253,147
3,253,148
3,253,149
3,253,150
3,253,151
3,253,151
3,253,152
3,253,153
3,253,154
3,253,154
3,253,154
3,253,154
3,253,154
3,253,154
3,255,153
3,255,153
3,255,153
3,255,153
3,255,153
3,255,153
3,255,153
3,255,154
3,255,154
3,255,154
3,253,156
3,253,156
3,253,158
3,253,158
3,253,158
3,253,157
3,252,157
3,253,157
3,253,155
3,253,155
3,255,154
3,255,154
3,255,154
3,253,155
3,253,156
3,253,156
3,253,157
3,255,157
3,255,157
3,255,157
3,255,157
3,255,157
3,255,158
3,255,158
3,255,158
3,255,158
3,255,158
3,255,158
3,255,158
3,255,158
3,255,158
3,255,158
3,255,158
3,255,158
3,255,158
3,255,158
3,253,158
3,253,158
3,253,157
3,253,156
3,253,155
3,253,154
3,255,153
3,255,153
3,255,153
3,255,154
3,255,154
3,255,155
3,255,156
3,255,157
3,255,157
3,255,157
3,255,158
3,255,157
3,255,157
3,255,157
3,253,157
3,253,157
3,253,156
3,253,156
3,253,156
3,252,156
3,252,156
3,252,156
3,252,156
3,252,155
3,252,155
3,253,154
3,253,153
3,253,153
3,253,151
3,253,150
3,253,149
3,253,149
3,253,149
3,253,149
3,253,149
3,253,149
3,253,149
3,253,149
3,253,149
3,252,148
3,252,147
3,250,145
3,250,143
3,249,139
3,249,135
3,251,131
3,251,128
3,253,122
4,255,116
3,255,113
4,255,110
4,255,109
4,255,109
4,255,109
4,255,109
4,255,110
3,253,115
3,253,116
3,255,115
3,255,116
3,255,121
3,255,124
3,255,127
3,253,132
3,253,135
3,253,138
3,253,142
3,253,145
3,253,146
3,253,147
3,253,149
3,253,149
3,253,150
3,253,150
3,253,152
3,253,152
3,253,153
3,253,153
3,253,154
3,253,154
3,253,154
3,255,153
3,255,153
3,255,153
3,255,153
3,255,153
3,255,153
3,255,153
3,255,153
3,255,153
3,255,153
3,255,154
3,253,154
3,253,155
3,253,156
3,253,157
3,253,157
3,253,157
3,252,157
3,253,157
3,253,156
3,253,155
3,255,154
3,255,154
3,255,154
3,253,155
3,253,156
3,253,156
3,253,157
3,253,157
3,255,157
3,255,157
3,255,157
3,255,158
3,255,158
3,255,158
3,255,158
3,255,158
3,255,158
3,255,158
3,255,158
3,255,158
3,255,158
3,255,158
3,255,158
3,255,158
3,255,158
3,255,158
3,255,158
3,253,158
3,253,158
3,253,157
3,253,156
3,253,154
3,255,154
3,255,153
3,255,153
3,255,153
3,255,153
3,255,154
3,255,155
3,255,156
3,255,157
3,255,157
3,255,157
3,255,157
3,255,157
3,255,157
3,255,157
3,253,157
3,253,156
3,253,156
3,253,156
3,252,156
3,252,156
3,252,156
3,252,155
3,252,155
3,252,154
3,252,153
3,252,152
3,252,151
3,252,150
3,252,149
3,252,149
3,253,148
3,252,147
3,253,147
3,253,147
3,253,148
3,253,148
3,253,148
3,253,148
3,253,147
3,251,144
3,250,143
3,249,139
3,247,135
3,247,131
3,249,128
3,251,122
3,253,116
3,255,113
4,255,110
3,255,110
3,255,110
4,255,110
4,255,110
4,255,111
4,255,115
3,253,117
3,255,116
3,255,120
3,255,124
3,253,127
3,253,132
3,253,135
3,253,138
3,253,141
3,253,145
3,253,147
3,253,147
3,253,149
3,253,149
3,253,149
3,253,150
3,253,152
3,253,152
3,253,153
3,253,153
3,253,153
3,253,153
3,255,153
3,255,153
3,255,153
3,255,153
3,255,153
3,255,153
3,255,153
3,255,153
3,255,153
3,255,153
3,255,153
3,253,153
3,253,154
3,253,154
3,253,156
3,253,156
3,253,156
3,252,156
3,253,156
3,253,155
3,253,155
3,255,154
3,255,154
3,255,154
3,253,155
3,253,156
3,253,156
3,253,157
3,253,157
3,255,157
3,255,157
3,255,158
3,255,158
3,255,158
3,255,158
3,255,158
3,255,158
3,255,158
3,255,158
3,255,158
3,255,158
3,255,158
3,255,158
3,255,158
3,255,159
3,255,159
3,255,158
3,255,158
3,255,158
3,253,158
3,253,157
3,253,157
3,253,156
3,253,154
3,255,153
3,255,153
3,255,153
3,255,153
3,255,153
3,255,153
3,255,154
3,255,156
3,255,157
3,255,157
3,255,157
3,255,157
3,255,157
3,255,157
3,255,157
3,253,157
3,253,157
3,252,156
3,252,156
3,252,156
3,252,155
3,252,155
3,252,154
3,252,154
3,252,152
3,252,151
3,252,150
3,252,149
3,252,149
3,252,148
3,252,147
3,252,146
3,253,146
3,255,145
3,255,146
3,253,146
3,253,146
3,253,146
3,253,144
3,251,142
3,249,139
3,247,135
3,247,133
3,247,128
3,249,122
3,251,118
3,253,114
4,255,110
3,255,110
3,255,110
3,255,110
4,255,110
3,255,113
3,253,116
3,255,116
3,255,120
3,255,124
3,253,127
3,253,132
3,253,136
3,253,138
3,253,141
3,253,144
3,253,145
3,253,147
3,253,147
3,253,148
3,253,149
3,253,149
3,253,151
3,253,152
3,253,153
3,253,153
3,255,153
3,255,153
3,255,153
3,255,153
3,255,153
3,255,153
3,255,153
3,255,153
3,255,153
3,255,153
3,255,153
3,255,153
3,253,153
3,253,153
3,253,154
3,253,154
3,253,156
3,253,156
3,253,156
3,253,155
3,253,154
3,255,153
3,255,153
3,255,153
3,255,153
3,255,154
3,253,156
3,253,156
3,253,157
3,253,157
3,255,157
3,255,157
3,255,158
3,255,158
3,255,158
3,255,158
3,255,158
3,255,158
3,255,158
3,255,158
3,255,158
3,255,158
3,255,158
3,255,159
3,255,159
3,255,159
3,255,159
3,255,159
3,255,158
3,255,158
3,253,158
3,253,158
3,253,157
3,253,156
3,253,156
3,255,153
3,255,153
3,255,153
3,255,153
3,255,153
3,255,153
3,255,153
3,255,154
3,255,155
3,255,157
3,255,157
3,255,157
3,255,157
3,255,157
3,255,157
3,255,156
3,255,156
3,253,156
3,252,156
3,252,155
3,252,155
3,252,155
3,252,154
3,252,152
3,252,152
3,252,151
3,252,150
3,252,149
3,252,148
3,252,147
3,253,146
3,255,145
3,255,145
3,255,145
3,255,145
3,255,145
3,253,144
3,253,142
3,253,140
3,249,139
3,249,135
3,247,133
3,247,129
3,249,124
3,251,119
3,253,115
3,255,113
4,255,110
3,255,110
3,255,110
3,255,113
3,255,114
3,253,116
3,255,117
3,255,120
3,255,124
3,255,128
3,253,133
3,253,136
3,253,138
3,253,141
3,253,144
3,253,145
3,253,146
3,253,147
3,253,148
3,253,148
3,253,149
3,253,151
3,253,152
3,253,153
3,253,153
3,255,153
3,255,153
3,255,153
3,255,153
3,255,153
3,255,153
3,255,153
3,255,153
3,255,153
3,255,153
3,255,153
3,255,153
3,255,153
3,253,153
3,253,153
3,253,153
3,253,154
3,253,154
3,253,154
3,253,153
3,255,152
3,255,152
3,255,152
3,255,153
3,255,153
3,253,154
3,253,156
3,253,156
3,253,157
3,255,157
3,255,157
3,255,158
3,255,158
3,255,158
3,255,158
3,255,158
3,255,158
3,255,158
3,255,158
3,255,158
3,255,158
3,255,158
3,255,159
3,255,159
3,255,159
3,255,159
3,255,159
3,255,158
3,255,158
3,255,158
3,253,157
3,253,157
3,253,157
3,253,156
3,255,153
3,255,153
3,255,153
3,255,153
3,255,153
3,255,153
3,255,153
3,255,153
3,255,154
3,255,154
3,255,156
3,255,157
3,255,157
3,255,156
3,255,156
3,255,156
3,255,156
3,253,156
3,253,155
3,253,154
3,252,154
3,252,154
3,252,153
3,252,152
3,252,152
3,252,150
3,250,150
3,250,149
3,252,148
3,253,147
3,253,145
3,255,144
3,255,143
3,255,142
3,255,142
3,255,142
3,253,140
3,253,139
3,249,137
3,249,135
3,249,133
3,249,129
3,249,126
3,251,121
3,253,116
3,255,114
3,255,113
3,255,113
4,255,111
3,255,113
3,255,115
3,253,118
3,255,117
3,255,121
3,255,125
3,253,130
3,253,133
3,253,136
3,253,139
3,253,142
3,253,144
3,253,145
3,253,146
3,253,147
3,252,148
3,253,148
3,253,149
3,253,151
3,253,152
3,253,153
3,253,153
3,255,153
3,255,153
3,255,153
3,255,153
3,255,153
3,255,153
3,255,153
3,255,153
3,255,153
3,255,153
3,255,153
3,255,153
3,255,153
3,253,153
3,253,153
3,253,153
3,253,153
3,253,152
3,253,152
3,253,152
3,255,152
3,255,152
3,255,152
3,253,153
3,253,154
3,253,156
3,253,156
3,253,156
3,253,157
3,255,157
3,255,158
3,255,158
3,255,158
3,255,158
3,255,158
3,255,158
3,255,158
3,255,158
3,255,158
3,255,158
3,255,158
3,255,159
3,255,159
3,255,159
3,255,158
3,255,158
3,255,158
3,255,158
3,255,158
3,255,157
3,253,157
3,253,157
3,253,156
3,253,156
3,255,153
3,255,153
3,255,153
3,255,153
3,255,153
3,255,152
3,255,152
3,255,153
3,255,154
3,255,154
3,255,156
3,255,156
3,255,156
3,255,156
3,255,156
3,255,156
3,253,155
3,253,155
3,253,154
3,253,154
3,252,153
3,252,152
3,252,152
3,252,152
3,250,150
3,250,150
3,250,148
3,250,147
3,251,145
3,253,142
3,253,141
3,255,140
3,255,139
3,255,138
3,253,138
3,253,137
3,251,135
3,249,133
3,249,130
3,249,128
3,249,126
3,251,121
3,253,118
3,255,116
3,255,115
3,255,114
3,255,113
3,255,113
3,253,115
4,253,118
3,255,119
3,255,123
3,255,126
3,253,132
3,253,135
3,253,137
3,253,141
3,253,142
3,253,144
3,251,145
3,252,146
3,252,147
3,252,147
3,253,148
3,253,149
3,253,151
3,253,152
3,253,153
3,253,153
3,253,153
3,253,153
3,253,153
3,255,153
3,255,153
3,255,153
3,255,153
3,255,153
3,255,153
3,253,153
3,253,152
3,253,152
3,253,152
3,253,153
3,253,152
3,253,152
3,253,151
3,253,151
3,253,151
3,253,152
3,255,152
3,253,152
3,253,152
3,253,154
3,253,154
3,253,156
3,253,156
3,255,156
3,255,157
3,255,157
3,255,158
3,255,158
3,255,158
3,255,158
3,255,158
3,255,158
3,255,158
3,255,158
3,255,158
3,255,158
3,255,158
3,255,159
3,255,158
3,255,158
3,255,158
3,255,158
3,255,158
3,255,157
3,253,157
3,252,157
3,252,157
3,252,157
3,253,156
3,255,153
3,255,153
3,255,153
3,255,153
3,255,152
3,255,152
3,255,152
3,255,153
3,255,153
3,255,154
3,255,154
3,255,154
3,255,156
3,255,156
3,255,156
3,255,155
3,255,154
3,253,154
3,253,154
3,253,154
3,252,153
3,252,152
3,252,152
3,252,151
3,250,150
3,250,149
3,250,147
3,250,145
3,250,142
3,251,141
3,253,138
3,253,137
3,253,135
3,253,135
3,251,133
3,251,132
3,251,130
3,249,128
3,249,126
3,251,123
3,251,121
3,253,118
3,255,117
3,255,116
3,255,116
3,255,115
3,255,115
3,253,117
4,253,120
3,253,125
3,253,130
3,253,132
3,253,136
3,253,138
3,251,141
3,251,142
3,251,144
3,251,145
3,252,146
3,253,147
3,253,147
3,253,148
3,253,148
3,253,149
3,253,149
3,253,152
3,253,153
3,253,153
3,253,153
3,253,153
3,253,153
3,253,153
3,253,153
3,253,153
3,253,152
3,253,153
3,253,152
3,253,152
3,253,152
3,253,152
3,253,152
3,253,151
3,253,151
3,253,151
3,253,150
3,253,151
3,253,151
3,253,152
3,253,152
3,253,153
3,253,154
3,253,154
3,253,154
3,255,156
3,255,156
3,255,156
3,255,157
3,255,157
3,255,158
3,255,158
3,255,158
3,255,158
3,255,158
3,255,158
3,255,158
3,255,158
3,255,158
3,255,158
3,253,158
3,253,158
3,253,158
3,253,158
3,253,157
3,253,157
3,252,157
3,252,157
3,252,157
3,252,157
3,253,154
3,255,153
3,255,153
3,255,153
3,255,153
3,253,152
3,253,152
3,255,152
3,255,152
3,255,153
3,255,153
3,255,154
3,255,154
3,255,154
3,255,156
3,255,154
3,255,154
3,253,154
3,253,154
3,253,154
3,253,152
3,253,152
3,253,152
3,252,151
3,252,150
3,252,149
3,250,147
3,250,145
3,250,142
3,250,140
3,249,138
3,249,135
3,251,134
3,251,131
3,251,129
3,251,129
3,251,127
3,251,125
3,251,123
3,251,122
3,253,121
3,255,119
3,255,117
3,255,117
3,255,117
3,255,116
4,255,116
4,253,117
3,253,126
3,253,130
3,251,135
3,251,137
3,251,139
3,251,141
3,251,142
3,251,144
3,251,145
3,252,146
3,253,146
3,253,146
3,253,147
3,253,147
3,253,148
3,253,149
3,253,149
3,253,149
3,253,151
3,253,151
3,253,151
3,253,152
3,253,152
3,253,152
3,253,151
3,253,151
3,253,151
3,252,152
3,252,152
3,253,152
3,253,151
3,253,151
3,253,150
3,253,150
3,253,149
3,252,149
3,252,150
3,252,151
3,252,152
3,253,153
3,253,153
3,253,153
3,253,153
3,255,153
3,255,155
3,255,155
3,255,156
3,255,156
3,255,156
3,255,156
3,255,157
3,255,157
3,255,158
3,255,158
3,255,158
3,255,158
3,255,158
3,255,157
3,253,156
3,253,156
3,253,156
3,253,156
3,253,157
3,253,157
3,253,157
3,252,157
3,252,157
3,253,155
3,253,154
3,255,153
3,255,153
3,255,153
3,253,153
3,252,153
3,252,152
3,252,152
3,253,152
3,255,152
3,253,153
3,255,153
3,255,153
3,255,153
3,255,153
3,255,153
3,253,153
3,253,153
3,253,153
3,253,152
3,253,152
3,253,152
3,253,151
3,253,150
3,252,149
3,252,147
3,251,145
3,250,142
3,250,140
3,249,137
3,249,134
3,249,131
3,249,129
3,251,128
3,251,126
3,251,123
3,251,121
3,251,121
3,251,121
3,253,120
3,255,119
3,255,118
3,255,118
3,255,118
4,255,118
3,253,118
4,253,120
3,251,131
3,251,135
3,251,137
3,251,139
3,251,140
3,251,142
3,251,143
3,251,145
3,253,145
3,253,145
3,253,146
3,253,146
3,253,147
3,253,147
3,253,147
3,253,149
3,253,149
3,253,149
3,253,149
3,253,150
3,253,150
3,253,150
3,253,150
3,253,151
3,252,151
3,252,151
3,252,151
3,252,151
3,253,151
3,253,150
3,253,149
3,253,149
3,253,149
3,253,149
3,252,149
3,252,151
3,252,152
3,252,153
3,252,153
3,252,153
3,253,153
3,255,153
3,255,153
3,255,153
3,255,154
3,255,155
3,255,156
3,255,156
3,255,156
3,255,156
3,255,156
3,255,157
3,255,157
3,255,157
3,255,156
3,255,156
3,255,156
3,255,156
3,253,156
3,253,156
3,253,156
3,253,156
3,253,156
3,252,156
3,253,155
3,253,154
3,253,154
3,255,153
3,255,153
3,255,153
3,253,153
3,252,153
3,252,152
3,252,152
3,252,152
3,253,152
3,253,152
3,253,153
3,253,153
3,253,153
3,255,153
3,253,153
3,253,152
3,252,152
3,252,152
3,253,151
3,253,149
3,253,149
3,253,149
3,253,148
3,253,146
3,251,143
3,251,142
3,249,139
3,249,137
3,249,133
3,249,130
3,249,129
3,249,126
3,249,122
3,251,120
3,251,118
3,251,117
3,253,117
3,255,118
3,255,118
3,255,118
3,255,119
3,255,119
3,253,119
3,253,120
3,253,131
3,253,135
3,251,137
3,251,138
3,251,140
3,251,141
3,251,143
3,251,143
3,251,144
3,251,145
3,251,145
3,253,145
3,253,145
3,253,146
3,253,147
3,253,147
3,253,147
3,253,147
3,253,148
3,253,148
3,253,148
3,253,149
3,252,149
3,252,149
3,252,150
3,252,150
3,252,150
3,252,148
3,252,148
3,253,148
3,253,147
3,253,147
3,253,148
3,253,148
3,252,149
3,252,151
3,252,152
3,252,152
3,252,152
3,252,152
3,252,152
3,255,152
3,255,153
3,255,153
3,255,153
3,255,154
3,255,154
3,255,154
3,255,154
3,255,156
3,255,156
3,253,156
3,253,155
3,253,155
3,253,155
3,253,154
3,253,154
3,253,154
3,253,154
3,253,154
3,253,154
3,252,154
3,252,154
3,252,154
3,253,154
3,253,153
3,253,153
3,255,153
3,253,153
3,252,153
3,252,153
3,252,152
3,252,152
3,252,152
3,252,152
3,252,152
3,253,152
3,252,152
3,252,152
3,252,152
3,252,151
3,252,150
3,252,150
3,252,149
3,252,149
3,253,147
3,253,147
3,253,146
3,253,143
3,253,142
3,251,139
3,251,138
3,251,136
3,251,133
3,249,129
3,249,126
3,249,123
3,249,120
3,251,118
3,251,116
3,253,115
3,255,116
3,255,117
3,255,117
3,255,118
3,255,119
3,255,119
3,253,121
3,253,122
3,253,134
3,253,135
3,253,137
3,253,140
3,253,141
3,251,143
3,251,143
3,251,143
3,251,144
3,251,144
3,251,145
3,251,145
3,251,145
3,251,145
3,251,145
3,253,145
3,251,145
3,251,145
3,252,146
3,253,146
3,252,147
3,252,147
3,252,148
3,252,148
3,252,147
3,252,146
3,252,146
3,253,146
3,253,146
3,253,145
3,253,146
3,253,147
3,252,147
3,252,149
3,252,150
3,252,151
3,252,152
3,252,152
3,252,152
3,253,152
3,253,152
3,253,152
3,253,153
3,253,153
3,255,153
3,255,153
3,255,153
3,255,153
3,253,154
3,253,154
3,253,153
3,253,153
3,253,153
3,253,153
3,253,153
3,253,153
3,253,153
3,253,153
3,252,153
3,252,153
3,252,153
3,252,153
3,252,153
3,253,153
3,253,153
3,253,153
3,252,153
3,252,153
3,252,153
3,252,152
3,250,152
2,250,151
3,252,151
3,252,151
3,252,151
3,252,151
3,252,150
3,252,150
3,250,150
3,250,148
3,250,148
3,252,146
3,252,146
3,253,145
3,253,143
3,253,142
3,253,139
3,253,137
3,253,136
3,253,133
3,251,129
3,251,127
3,251,125
3,251,122
3,251,119
3,251,115
3,253,115
3,255,115
3,255,115
3,255,115
3,255,116
3,255,117
3,255,119
3,255,121
3,253,122
3,253,132
3,253,135
3,253,137
3,253,138
3,253,141
3,251,142
3,251,143
3,251,143
3,251,143
3,251,143
3,251,143
3,251,143
3,251,143
3,251,143
3,251,143
3,251,143
3,251,143
3,251,143
3,253,144
3,253,144
3,253,145
3,253,146
3,252,146
3,252,146
3,252,146
3,251,145
3,251,144
3,253,144
3,253,143
3,253,143
3,253,145
3,253,146
3,252,147
3,252,148
3,252,149
3,252,149
3,252,150
3,252,150
3,252,150
3,253,150
3,253,150
3,253,152
3,253,152
3,253,152
3,253,152
3,253,152
3,253,152
3,253,152
3,253,153
3,252,153
3,252,153
3,252,153
3,252,153
3,252,152
3,252,152
3,252,152
3,252,152
3,252,153
3,252,153
3,252,153
3,252,153
3,252,153
3,252,152
3,252,153
3,252,153
3,252,153
3,252,153
3,250,152
3,250,150
2,250,149
2,250,149
3,252,149
3,252,149
3,252,149
3,252,149
3,250,149
3,250,148
3,250,148
3,250,145
3,250,144
3,250,143
3,251,142
3,251,139
3,253,138
3,253,137
3,253,136
3,253,133
3,253,129
3,253,127
3,253,125
3,253,122
3,255,119
3,255,117
3,255,115
3,255,115
3,255,114
3,255,114
3,255,115
3,255,115
3,255,118
3,255,119
3,255,121
3,253,123
3,255,135
3,255,137
3,253,138
3,253,140
3,251,141
3,251,142
3,251,143
3,251,143
3,251,143
3,251,142
3,253,142
3,253,141
3,253,141
3,251,141
3,251,141
3,253,141
3,253,142
3,253,142
3,253,142
3,253,143
3,253,143
3,253,143
3,251,143
3,253,143
3,253,142
3,253,142
3,253,142
3,253,142
3,253,143
3,253,144
3,251,145
3,252,146
3,252,147
3,252,148
3,252,148
3,252,148
3,252,148
3,252,148
3,253,149
3,253,149
3,253,150
3,253,150
3,253,152
3,253,152
3,253,152
3,253,152
3,252,152
3,252,152
3,252,152
3,252,152
3,252,152
3,252,152
3,252,152
3,252,152
3,252,152
3,252,152
3,252,152
3,252,152
3,252,152
3,253,152
3,253,152
3,253,152
3,252,152
3,252,151
3,252,150
3,252,149
3,252,149
2,250,149
2,250,149
3,252,149
2,250,148
3,250,148
3,250,148
3,250,147
3,250,145
3,250,144
3,250,142
3,250,141
3,249,139
3,251,138
3,251,135
3,253,134
3,253,131
3,253,129
3,253,127
3,253,124
4,255,120
3,255,119
3,255,117
3,255,115
3,255,114
3,255,114
3,255,114
3,255,115
3,255,115
3,255,115
3,255,119
3,255,119
3,253,123
3,255,137
3,253,138
3,253,139
3,251,140
3,250,140
3,250,140
3,251,139
3,251,138
3,251,138
3,253,138
3,253,138
3,251,138
3,251,138
3,251,138
3,253,139
3,253,139
3,253,141
3,253,141
3,253,141
3,253,141
3,253,141
3,253,141
3,253,141
3,253,141
3,253,141
3,253,141
3,253,141
3,253,142
3,251,143
3,251,144
3,251,145
3,252,146
3,252,146
3,252,146
3,253,146
3,253,147
3,253,147
3,253,147
3,253,147
3,253,149
3,253,149
3,253,149
3,253,149
3,252,150
3,252,150
3,252,150
3,252,150
3,252,150
3,252,150
3,252,150
3,252,150
3,252,150
3,252,150
3,252,150
3,252,150
3,252,150
3,252,150
3,252,150
3,252,150
3,252,150
3,252,150
3,252,149
3,252,148
3,252,148
3,252,148
3,252,148
3,252,147
3,252,147
3,250,146
3,250,146
3,250,145
3,250,143
3,250,142
3,250,140
3,249,138
3,249,137
3,249,135
3,251,134
3,251,131
3,251,127
3,253,125
3,253,123
3,253,120
3,255,118
3,255,114
3,255,114
3,255,114
3,255,114
3,255,114
3,255,114
3,255,115
3,255,115
3,255,116
3,255,119
3,253,121
3,253,137
3,251,138
3,251,138
3,251,138
3,251,137
3,251,135
3,253,134
3,253,134
3,253,134
3,253,134
3,253,134
3,253,134
3,253,135
3,253,138
3,253,138
3,255,139
3,253,139
3,253,140
3,253,141
3,253,141
3,253,140
3,253,140
3,253,140
3,253,140
3,253,140
3,253,140
3,251,141
3,251,142
3,251,144
3,251,144
3,251,144
3,253,144
3,253,146
3,253,146
3,253,146
3,253,146
3,253,147
3,253,147
3,253,147
3,253,147
3,252,148
3,252,148
3,252,148
3,252,148
3,252,148
3,252,148
3,252,148
3,252,148
3,252,148
3,252,148
3,252,148
3,252,148
3,252,148
3,253,148
3,253,148
3,253,148
3,253,148
3,253,147
3,252,147
3,252,147
3,252,147
3,252,147
3,252,146
3,252,146
3,251,145
3,251,142
3,251,142
3,250,142
3,250,141
3,249,139
3,249,138
3,249,137
3,249,135
3,249,134
3,251,131
3,251,127
3,251,125
3,253,121
3,253,117
3,253,116
3,255,113
3,255,113
3,255,113
3,255,113
3,255,113
3,255,114
3,255,114
3,255,115
3,255,116
3,255,119
3,253,122
3,251,134
3,251,133
3,251,132
3,251,131
3,253,129
3,253,126
3,253,123
3,253,123
3,253,125
3,253,126
3,253,130
3,255,132
3,255,135
3,255,137
3,255,138
3,253,138
3,253,139
3,253,139
3,253,139
3,253,139
3,253,140
3,253,140
3,253,140
3,253,140
3,253,140
3,253,140
3,253,141
3,251,141
3,253,141
3,253,142
3,253,142
3,253,143
3,253,143
3,253,143
3,253,144
3,253,145
3,253,145
3,253,145
3,253,145
3,251,145
3,252,146
3,252,146
3,252,146
3,252,146
3,252,146
3,252,146
3,253,146
3,253,146
3,253,146
3,253,146
3,253,145
3,253,145
3,253,145
3,253,146
3,253,146
3,253,146
3,253,146
3,252,146
3,251,143
3,251,143
3,251,142
3,251,141
3,251,141
3,251,138
3,251,138
3,251,137
3,251,136
3,249,134
3,249,131
3,249,128
3,249,126
3,251,125
3,251,123
3,253,121
3,253,117
3,253,113
3,253,110
3,255,110
3,255,110
3,255,112
3,255,112
3,255,112
3,255,113
3,255,114
3,255,115
3,255,119
3,255,121
3,251,130
3,251,128
3,253,123
3,255,122
3,255,119
3,255,118
3,253,119
3,253,122
3,255,124
3,255,126
3,255,130
3,255,132
3,255,135
3,253,137
3,253,138
3,253,138
3,253,139
3,253,139
3,253,139
3,253,140
3,253,139
3,253,139
3,251,139
3,253,139
3,253,139
3,253,141
3,253,141
3,253,141
3,253,141
3,253,142
3,253,142
3,253,142
3,253,142
3,253,143
3,253,143
3,253,143
3,253,143
3,251,143
3,251,143
3,251,144
3,251,144
3,251,145
3,251,145
3,253,145
3,253,145
3,253,145
3,253,143
3,255,143
3,253,143
3,253,143
3,253,142
3,253,143
3,253,143
3,253,143
3,253,142
3,251,142
3,251,142
3,251,141
3,251,138
3,251,137
3,253,137
3,251,136
3,253,133
3,253,131
3,251,129
3,251,127
3,251,125
3,251,120
3,253,119
3,253,117
3,253,116
3,253,112
3,253,112
3,255,111
3,255,110
3,255,110
3,255,110
3,255,112
3,255,112
3,255,113
3,255,115
3,255,117
4,255,120
3,255,122
3,255,117
3,255,116
3,255,115
3,255,116
3,255,118
3,255,119
3,255,122
3,255,124
3,255,127
3,255,130
3,253,132
3,253,135
3,253,137
3,253,138
3,251,139
3,251,139
3,251,140
3,251,139
3,251,139
3,251,139
3,253,139
3,253,139
3,253,139
3,253,140
3,253,141
3,253,141
3,253,141
3,253,141
3,253,142
3,253,142
3,253,142
3,253,142
3,253,142
3,253,142
3,253,142
3,253,142
3,251,142
3,251,142
3,251,142
3,251,142
3,251,142
3,253,142
3,253,141
3,253,141
3,255,140
3,255,140
3,253,141
3,253,141
3,253,141
3,253,141
3,251,141
3,251,140
3,251,139
3,251,138
3,251,137
3,251,134
3,253,132
3,253,130
3,253,127
3,253,124
3,253,121
3,253,120
3,253,119
3,253,116
3,255,114
3,253,112
3,253,112
3,253,112
3,253,111
3,253,111
3,255,110
3,255,110
3,255,110
3,255,110
3,255,113
3,253,115
3,255,117
3,253,120
3,255,114
3,255,114
3,255,114
3,255,115
3,255,118
3,255,119
3,255,122
3,255,125
3,253,127
3,253,131
3,251,135
3,251,137
3,251,138
3,251,139
3,251,139
3,251,139
3,253,139
3,253,139
3,253,139
3,253,139
3,253,139
3,253,139
3,253,140
3,253,141
3,253,141
3,253,141
3,253,141
3,253,141
3,253,142
3,253,142
3,253,142
3,253,142
3,253,142
3,253,142
3,253,142
3,251,142
3,251,141
3,251,141
3,253,141
3,253,140
3,253,140
3,255,138
3,255,137
3,255,137
3,255,138
3,253,138
3,253,138
3,253,138
3,251,138
3,251,137
3,251,137
3,251,136
3,251,132
3,251,130
3,251,127
3,253,123
3,253,120
3,253,116
3,255,114
3,255,113
3,255,111
3,255,111
3,255,110
3,255,110
3,255,110
3,253,110
3,253,111
3,253,112
3,255,112
3,255,113
3,255,113
3,253,115
3,253,117
3,255,114
3,255,115
3,255,115
3,255,116
3,255,119
3,255,122
3,253,125
3,253,127
3,253,130
3,251,132
3,251,136
3,251,137
3,253,138
3,253,139
3,253,139
3,253,139
3,253,138
3,253,138
3,253,138
3,253,138
3,253,138
3,253,139
3,253,140
3,253,140
3,253,141
3,253,141
3,253,141
3,253,141
3,253,141
3,253,141
3,253,141
3,253,141
3,253,141
3,251,141
3,251,139
3,251,139
3,251,139
3,253,137
3,253,137
3,255,136
3,255,136
3,255,135
3,255,135
3,253,135
3,253,135
3,251,135
3,251,135
3,251,135
3,249,132
3,249,131
3,251,127
3,251,125
3,253,120
3,255,116
3,255,114
3,255,113
3,255,112
3,255,110
3,255,110
3,255,110
3,255,110
3,255,110
3,255,110
3,253,111
3,253,112
3,253,113
3,253,114
3,253,115
3,253,120
3,255,115
3,255,116
3,255,119
3,255,122
3,253,125
3,253,127
3,253,130
3,253,132
3,253,135
3,253,136
3,253,137
3,253,138
3,253,138
3,253,138
3,253,138
3,253,138
3,255,138
3,255,138
3,255,138
3,253,138
3,253,139
3,253,139
3,253,139
3,253,139
3,253,139
3,251,139
3,253,139
3,251,139
3,251,139
3,251,139
3,251,139
3,251,137
3,251,136
3,251,136
3,251,136
3,253,135
3,253,134
3,255,132
3,255,132
3,255,132
3,255,132
3,253,131
3,251,131
3,251,131
3,251,131
3,249,128
3,249,127
3,251,125
3,251,120
3,253,117
3,255,115
3,255,113
3,255,113
3,255,112
3,255,110
3,255,110
3,255,110
3,255,110
3,255,110
3,253,110
3,250,113
3,251,115
3,251,117
3,253,121
3,253,123
3,253,125
3,253,127
3,253,130
3,253,131
3,253,132
3,253,135
3,253,135
3,253,135
3,253,135
3,253,135
3,253,135
3,255,135
3,253,136
3,253,136
3,253,136
3,253,136
3,251,136
3,251,136
3,251,136
3,251,136
3,251,136
3,251,136
3,251,136
3,251,136
3,251,136
3,251,136
3,251,133
3,251,133
3,251,133
3,251,133
3,253,132
3,253,131
3,253,130
3,253,130
3,253,128
3,253,128
3,253,128
3,251,128
3,251,128
3,251,128
3,251,126
3,251,123
3,253,120
3,253,120
3,253,117
3,255,115
3,255,114
3,255,113
3,255,112
3,255,110
4,255,110
3,253,110
3,253,112
3,253,113
3,251,116
3,253,127
3,253,128
3,253,130
3,253,131
3,251,132
3,253,132
3,251,132
3,253,132
3,253,132
3,253,132
3,253,132
3,253,132
3,251,131
3,251,131
3,251,131
3,251,131
3,251,131
3,251,131
3,251,131
3,251,131
3,251,131
3,251,131
3,251,131
3,251,131
3,251,129
3,251,129
3,251,129
3,251,129
3,253,129
3,253,128
3,253,128
3,253,126
3,253,126
3,253,125
3,253,125
3,251,125
3,251,125
3,251,125
3,251,123
3,251,122
3,253,121
3,253,120
3,253,117
3,253,116
3,255,115
3,255,113
3,255,113
3,253,113
3,253,114
3,251,128
3,251,128
3,253,128
3,253,127
3,253,127
3,253,127
3,253,127
3,251,127
3,251,127
3,251,126
3,251,126
3,253,125
3,253,125
3,253,125
3,253,125
3,251,125
3,251,126
3,251,126
3,251,126
3,251,126
3,251,126
3,253,125
3,253,125
3,253,125
3,253,125
3,253,124
3,253,124
3,253,124
3,253,124
3,253,124
3,253,124
3,251,122
3,253,122
3,253,122
3,253,122
3,253,121
3,253,120
3,253,120
3,253,120
3,253,125
3,253,125
3,251,125
3,251,124
3,251,124
3,253,123
3,253,123
3,253,122
3,253,123
3,253,123
3,253,123
3,253,123
3,253,123
3,253,123
3,253,123
3,253,123
3,255,123
3,253,124
3,253,124
3,253,124
3,253,124
3,253,124
3,253,124
3,253,124
3,253,124
3,253,124
3,251,122
3,253,122
3,253,122
3,253,123
