L,A,B
38,159,150
38,160,151
38,160,151
38,160,151
38,158,151
38,158,151
38,158,151
38,158,151
38,158,151
38,158,151
38,158,151
38,158,151
38,158,150
38,158,151
38,158,151
38,158,150
38,158,150
37,159,150
37,159,150
37,159,150
37,159,150
38,159,150
38,158,151
38,158,151
38,158,151
38,158,151
38,158,151
38,158,151
38,158,151
38,159,150
39,160,151
39,160,151
38,160,151
38,160,151
38,160,151
38,160,151
38,160,151
39,159,151
38,158,151
38,158,151
38,158,151
38,158,151
38,158,151
38,158,151
38,158,151
38,158,150
38,158,150
38,158,150
38,158,150
38,158,150
38,158,150
38,158,150
38,158,150
37,159,150
37,159,150
38,158,150
38,158,151
38,158,151
38,158,151
38,158,151
38,158,151
38,158,151
38,158,151
38,158,151
38,159,150
38,159,150
38,159,150
38,159,150
38,159,150
38,160,151
38,160,151
38,160,151
38,160,151
39,160,151
40,159,150
40,159,150
38,160,151
38,160,151
38,160,151
38,160,151
38,160,151
38,158,151
38,158,151
38,158,151
38,158,151
38,158,151
38,158,151
38,158,151
38,158,150
38,158,150
38,158,150
38,158,150
38,158,150
38,158,150
38,158,150
38,158,150
38,158,150
38,158,150
38,158,150
38,158,150
38,158,151
38,158,151
38,158,151
38,158,151
38,158,151
38,158,151
38,158,151
38,158,151
37,159,150
37,159,150
37,159,150
37,159,150
38,158,150
38,158,151
38,158,151
38,158,151
38,158,151
38,158,151
38,159,150
38,160,151
38,160,151
38,160,151
38,160,151
38,160,151
38,160,151
39,159,151
39,160,151
40,159,150
40,159,150
40,159,150
39,159,151
38,160,151
38,160,151
39,159,151
38,158,151
38,158,151
38,158,151
38,158,151
38,158,151
38,158,151
38,158,151
38,158,150
38,158,150
38,158,150
38,158,150
38,158,150
38,158,150
38,158,150
38,158,150
38,158,150
38,158,150
38,158,150
38,158,151
38,158,151
38,158,151
38,158,151
38,158,151
38,158,151
38,158,151
38,158,151
38,158,150
38,158,150
38,158,150
38,158,150
38,158,150
38,158,150
38,158,150
38,158,150
38,158,150
38,158,151
38,158,151
38,158,151
38,158,151
38,158,151
39,159,151
38,160,151
38,160,151
38,160,151
38,160,151
38,160,151
38,160,151
38,160,151
38,160,151
38,160,151
39,159,151
40,160,151
40,160,151
40,159,151
40,159,151
40,159,150
39,159,151
38,160,151
38,160,151
39,159,151
39,159,151
38,158,151
38,158,151
38,158,151
38,159,150
38,159,150
38,158,151
38,158,151
38,158,151
38,158,151
38,158,150
38,158,150
38,158,150
38,158,150
38,158,150
38,158,150
38,158,150
38,158,151
38,158,151
38,158,151
38,158,151
38,158,151
38,158,151
38,158,151
38,158,151
38,158,151
38,158,150
38,158,150
38,158,150
38,158,150
38,158,150
38,158,150
38,158,150
38,158,150
38,158,150
38,158,150
38,158,151
38,158,151
38,158,151
38,158,151
38,158,151
38,158,151
38,158,151
38,158,151
40,160,151
40,160,151
40,160,151
39,159,151
38,160,151
38,160,151
38,160,151
38,160,151
38,160,151
38,160,151
38,160,151
39,159,151
40,160,151
40,160,151
40,160,151
40,160,151
41,159,151
41,159,151
40,159,150
39,159,151
38,160,151
39,159,151
39,159,151
39,159,151
38,159,150
38,160,151
38,160,151
38,160,151
38,159,150
38,159,150
38,158,151
38,158,151
38,158,151
38,158,151
38,158,151
38,158,151
38,158,151
38,158,151
38,158,151
38,158,151
38,158,151
38,158,151
38,158,151
38,158,151
38,158,151
38,158,151
38,158,151
38,158,151
38,158,151
38,158,150
38,158,150
38,158,150
38,158,150
38,158,150
38,158,150
38,158,150
38,158,150
38,158,150
38,158,151
38,158,151
38,158,151
38,158,151
38,158,151
38,158,151
38,158,151
38,158,151
38,158,151
38,158,150
38,158,150
40,160,151
40,160,151
40,160,151
40,160,151
40,160,151
40,160,151
40,160,151
39,160,151
38,160,151
38,160,151
38,160,151
38,160,151
39,159,151
39,159,151
40,160,151
40,160,151
40,160,151
42,160,152
42,160,151
42,160,151
41,160,151
40,159,150
39,159,151
39,159,151
39,159,151
39,159,151
38,160,151
38,160,151
38,160,151
38,160,151
38,160,151
38,160,151
38,160,151
39,159,151
39,159,151
38,158,151
38,158,151
38,158,151
38,158,151
38,158,151
38,158,151
39,159,151
39,159,151
39,159,151
39,159,151
38,158,151
38,158,151
38,158,151
38,158,151
38,158,151
38,158,151
38,158,151
38,158,150
38,158,150
38,158,150
38,158,150
38,158,150
38,158,150
38,158,150
38,158,150
38,158,151
38,158,151
38,158,151
38,158,151
38,158,151
38,158,151
38,158,151
38,158,151
38,158,151
38,158,150
38,158,150
38,158,150
36,158,149
40,160,151
40,160,151
40,160,151
40,160,151
40,160,151
40,160,151
40,160,151
40,160,151
40,160,151
40,160,151
40,160,151
40,160,151
39,160,151
39,159,151
39,159,151
39,159,151
40,160,151
40,160,151
40,160,151
40,160,151
42,161,152
45,160,152
45,160,152
43,161,151
40,159,151
39,159,151
39,159,151
39,159,151
39,159,151
38,160,151
39,159,151
40,160,151
40,160,151
40,160,151
40,160,151
40,160,151
40,160,151
40,160,151
39,159,151
39,159,151
39,159,151
39,159,151
39,159,151
39,159,151
39,159,151
39,159,151
39,159,151
39,159,151
39,159,151
39,159,151
39,159,151
39,159,151
39,159,151
38,158,151
38,158,151
38,158,151
38,158,151
38,158,150
38,158,150
38,158,150
38,158,150
38,158,150
38,158,150
38,158,151
38,158,151
38,158,151
38,158,151
38,158,151
38,158,151
38,158,151
38,158,151
38,158,150
38,158,150
38,158,150
37,158,150
36,158,149
36,156,149
36,156,149
36,157,149
40,160,151
40,160,151
40,160,151
40,160,151
40,160,151
40,160,151
40,160,151
41,160,151
41,160,151
40,160,151
40,160,151
40,160,151
40,160,151
40,160,151
40,160,151
40,160,151
40,160,151
40,160,151
40,160,151
40,160,151
40,160,151
41,160,152
43,161,153
45,160,152
45,160,152
43,161,152
41,159,151
39,160,151
39,160,151
38,160,151
39,160,151
40,160,151
40,160,151
40,160,151
40,160,151
40,160,151
40,160,151
40,160,151
40,160,151
40,160,151
40,160,151
40,160,151
40,160,151
40,160,151
40,160,151
40,160,151
40,159,151
40,159,151
40,159,150
40,159,150
40,159,150
40,159,150
39,159,151
39,159,151
39,159,151
39,159,151
38,158,151
38,158,151
38,158,151
38,158,150
38,158,150
38,158,150
38,158,150
38,158,150
38,158,150
38,158,151
38,158,151
38,158,151
38,158,151
38,158,151
38,158,151
38,158,151
38,158,151
38,158,150
38,158,150
38,158,150
36,158,149
36,158,149
36,156,149
36,156,149
36,157,149
36,157,149
36,157,149
40,160,151
40,160,151
40,160,151
40,160,151
40,160,151
40,160,151
40,160,151
40,160,151
40,160,151
40,160,151
40,160,151
40,160,151
40,160,151
40,160,151
40,160,151
40,160,151
40,160,151
40,160,151
40,160,151
40,160,151
40,160,151
40,160,151
41,160,152
42,159,152
42,161,152
43,161,152
43,161,152
42,160,152
41,159,151
40,160,151
40,160,151
40,160,151
40,160,151
40,160,151
40,160,151
40,160,151
42,160,152
42,160,152
42,160,152
41,160,151
41,160,151
42,161,152
42,161,152
42,161,152
42,161,152
42,161,152
42,161,152
42,161,152
42,160,152
42,160,152
42,160,152
42,160,152
42,160,152
42,160,152
40,159,150
40,159,150
39,159,151
39,159,151
39,159,151
39,159,151
38,158,151
38,158,151
38,158,151
38,158,150
38,158,150
38,158,150
38,158,150
38,158,151
38,158,151
38,158,151
38,158,151
38,158,151
38,158,151
38,158,151
38,158,151
38,158,151
38,158,150
38,158,150
37,158,150
36,158,149
36,158,149
36,156,149
36,156,149
36,156,149
36,156,149
36,156,149
36,157,148
41,160,151
41,160,151
41,160,151
41,160,151
41,160,151
41,160,151
40,160,151
40,160,151
40,160,151
40,160,151
40,160,151
41,160,151
41,160,151
40,160,151
40,160,151
40,160,151
40,160,151
40,160,151
40,160,151
40,160,151
40,160,151
40,160,151
40,160,151
41,160,152
42,159,152
42,161,152
42,161,152
42,161,152
42,160,152
42,160,152
42,160,152
40,160,151
40,160,151
40,160,151
40,160,151
40,160,151
42,160,152
42,159,152
42,161,152
42,161,152
42,161,152
42,161,152
42,161,152
42,161,152
42,161,152
42,161,152
42,161,152
42,161,152
42,161,152
42,161,152
42,161,152
42,161,152
42,161,152
42,161,152
42,160,152
42,160,152
42,160,152
42,160,152
41,159,151
40,159,150
40,158,151
40,158,150
40,158,150
38,158,151
38,158,151
38,158,151
38,158,150
38,158,151
38,158,151
38,158,151
38,158,151
38,158,151
38,158,151
38,158,151
38,158,151
38,158,151
38,158,151
38,158,151
38,158,151
38,158,150
38,158,150
37,158,150
36,158,149
36,158,149
36,158,149
36,158,149
36,156,149
36,156,149
36,156,149
36,157,149
35,156,148
41,160,151
41,160,151
41,160,151
42,161,152
42,161,152
42,161,152
42,161,152
42,161,152
41,160,151
41,160,151
41,160,151
41,160,151
41,160,151
41,160,151
41,160,151
41,160,151
41,160,151
40,160,151
40,160,151
40,160,151
40,160,151
40,160,151
40,160,151
41,160,151
41,160,151
42,161,152
42,161,152
42,161,152
42,161,152
42,161,152
42,159,152
42,159,152
42,160,152
41,160,151
40,160,151
40,160,151
41,160,151
42,160,152
42,161,152
42,161,152
42,161,152
42,161,152
42,161,152
42,161,152
42,161,152
42,161,153
42,161,153
43,161,152
43,161,152
43,161,152
43,161,152
43,161,152
43,161,152
43,160,152
43,160,152
42,161,152
42,161,152
42,161,152
42,161,152
42,161,152
43,161,152
42,160,151
40,159,151
40,159,151
40,158,151
39,159,151
38,158,151
38,158,151
38,158,151
38,158,151
38,158,151
38,158,151
38,158,151
38,158,151
39,159,151
39,159,151
39,159,151
39,159,151
38,158,151
38,158,151
38,158,151
38,158,151
38,158,150
38,158,150
38,158,150
38,158,150
38,158,150
38,158,150
37,158,150
36,158,149
36,156,149
36,156,149
36,157,149
34,156,148
34,155,148
40,160,151
40,160,151
41,160,151
41,160,151
41,160,151
42,161,152
42,160,151
42,161,152
42,161,152
42,161,152
42,161,152
42,161,152
41,160,151
41,160,151
42,161,152
42,161,152
42,161,152
42,161,152
41,160,151
41,160,151
40,160,151
40,160,151
40,160,151
41,160,151
41,160,151
42,161,152
42,161,152
42,161,152
42,161,152
42,161,152
42,161,152
42,161,152
42,161,152
42,159,152
42,159,152
41,160,151
41,160,151
41,160,151
41,160,151
42,161,152
42,161,152
42,161,152
42,161,152
42,161,152
42,161,152
42,161,152
42,161,153
43,161,153
43,161,153
43,161,153
43,161,153
43,161,152
43,161,152
43,161,152
43,161,152
43,161,152
43,161,152
43,161,152
43,160,152
43,160,152
43,161,152
43,161,152
43,161,151
43,161,151
42,160,151
41,160,151
40,159,151
40,159,151
39,159,151
38,158,151
38,158,151
38,158,151
38,158,151
38,158,151
39,159,151
39,159,151
38,160,151
39,159,151
39,159,151
39,159,151
39,159,151
39,159,151
38,158,151
38,158,151
38,158,151
38,158,151
38,158,151
38,158,150
38,158,150
38,158,150
38,158,150
38,158,150
36,158,149
36,156,149
36,156,149
36,157,149
34,156,148
34,155,148
33,156,147
40,160,151
40,160,151
40,160,151
40,160,151
40,160,151
41,160,151
41,160,151
42,161,152
43,160,152
43,160,152
43,160,152
43,161,152
43,161,152
43,161,152
42,161,152
43,160,152
43,160,152
43,160,152
43,160,152
42,161,152
42,161,152
41,160,151
41,160,151
41,160,151
41,160,151
42,161,152
42,161,152
42,161,152
42,161,152
42,161,152
42,161,152
42,161,152
42,161,152
42,161,152
42,161,152
42,161,152
42,161,152
42,160,152
41,160,151
42,161,152
42,161,152
42,161,152
42,161,152
42,161,152
42,161,152
42,161,152
42,161,152
42,161,153
43,161,153
43,161,153
43,161,153
43,161,153
43,161,153
43,161,153
43,161,153
43,161,153
43,162,153
43,162,153
43,161,152
43,161,152
43,161,152
43,161,152
43,161,152
43,161,152
43,161,151
43,161,151
43,161,152
42,160,151
42,160,152
40,159,151
40,160,151
39,159,151
39,159,151
39,159,151
39,159,151
39,159,151
39,159,151
39,159,151
38,160,151
40,159,150
40,159,150
39,159,151
38,160,151
39,159,151
39,159,151
38,158,151
38,158,151
38,158,151
38,158,151
38,158,151
38,158,151
38,158,151
38,158,150
38,158,150
38,158,150
36,158,149
36,156,149
36,157,149
36,157,149
34,155,148
34,155,148
32,155,146
32,155,146
40,160,151
40,160,151
40,160,151
40,160,151
40,160,151
41,160,151
42,161,152
42,161,152
43,160,152
43,161,152
43,161,152
43,162,153
43,162,153
43,162,153
43,162,153
43,161,152
43,161,152
43,161,152
43,161,152
43,161,152
43,161,152
43,160,152
42,161,152
42,161,152
42,161,152
42,161,152
42,161,152
42,161,152
42,161,152
42,161,152
42,161,152
42,161,152
42,161,152
42,161,152
42,161,152
42,161,152
42,161,152
42,161,152
42,161,152
42,161,152
42,161,152
42,161,152
42,161,152
42,161,152
42,161,152
42,161,152
42,161,152
43,161,153
43,161,153
43,161,153
43,161,153
43,161,153
43,161,153
43,161,153
43,161,153
43,161,153
43,161,153
43,162,153
43,162,153
43,162,153
43,161,152
43,161,152
43,161,152
43,162,153
44,161,152
44,161,152
44,161,152
43,161,152
43,161,152
42,161,152
41,160,151
40,160,151
40,160,151
40,159,151
40,159,151
40,159,150
40,159,150
40,159,150
40,159,150
40,159,150
40,159,150
40,159,150
40,159,150
38,160,151
38,160,151
38,160,151
38,160,151
38,158,151
38,158,151
38,158,151
38,158,151
38,158,151
38,158,151
38,158,151
38,158,150
38,158,150
38,158,150
36,158,149
36,156,149
36,157,148
35,156,148
34,155,147
33,155,147
32,155,146
32,155,146
40,160,151
40,160,151
40,160,151
40,160,151
40,160,151
40,160,151
41,160,152
41,160,152
42,161,153
42,161,153
43,161,152
43,162,153
43,162,153
43,162,153
43,162,153
43,162,153
43,162,153
43,162,153
43,162,153
43,162,153
43,162,153
43,162,153
43,162,153
43,162,153
43,162,153
43,161,152
42,161,152
42,161,152
42,161,152
42,161,152
42,161,152
42,161,152
42,161,152
42,161,152
42,161,152
42,161,152
42,161,152
42,161,152
42,161,152
42,161,152
43,160,152
43,160,152
43,160,152
43,160,152
43,161,152
43,161,153
43,161,153
43,161,153
43,161,153
43,161,153
43,161,153
43,161,153
43,161,153
43,161,153
43,161,153
43,161,153
43,161,153
43,162,153
43,162,153
43,162,153
43,162,153
43,162,153
43,162,153
43,162,153
43,162,153
43,162,153
44,161,152
44,161,152
44,161,152
43,161,152
43,161,152
42,161,152
42,161,152
41,160,151
41,160,151
40,160,151
41,159,151
40,159,151
40,159,151
40,159,150
40,159,150
40,159,150
40,159,150
40,159,150
40,159,150
39,159,151
38,160,151
38,160,151
38,160,151
38,160,151
39,159,151
38,158,151
38,158,151
38,158,151
38,158,151
38,158,151
38,158,151
38,158,150
38,158,150
38,158,150
36,158,149
36,157,148
36,157,148
34,155,147
34,155,147
33,156,147
32,155,146
32,155,146
31,156,146
41,160,151
41,160,151
41,160,151
41,160,151
41,160,152
41,160,152
41,160,152
42,161,152
42,161,152
43,161,153
43,161,152
43,162,153
43,162,153
45,162,154
45,162,154
45,162,154
45,162,154
45,162,154
43,162,153
43,162,153
43,162,153
43,162,153
43,162,153
43,162,153
43,162,153
43,162,153
43,162,153
43,161,152
42,161,152
42,161,152
42,161,152
42,161,152
42,161,152
42,161,152
42,161,152
42,161,152
42,161,152
42,161,152
42,161,153
43,160,152
43,160,152
43,160,152
43,161,152
43,161,152
43,161,152
43,161,152
43,161,152
43,161,153
43,161,153
43,161,153
43,161,153
43,161,153
43,161,153
43,161,153
43,161,153
43,161,153
43,161,153
43,161,153
43,161,153
43,162,153
43,162,153
43,162,153
43,162,153
43,162,153
43,162,153
43,161,152
43,162,153
43,162,153
44,161,152
44,161,152
44,161,152
43,161,152
43,161,152
43,161,152
42,161,152
42,161,152
42,160,151
42,160,151
41,160,151
41,160,151
41,159,151
40,159,151
40,159,151
40,159,151
40,159,151
40,159,151
39,160,151
38,160,151
38,160,151
38,160,151
38,160,151
39,159,151
39,159,151
39,159,151
39,159,151
39,159,151
38,158,151
38,158,151
38,158,151
38,158,150
38,158,150
37,158,149
36,158,149
36,157,148
36,157,148
34,155,147
33,156,146
32,155,146
32,155,146
32,155,146
31,156,146
41,160,151
41,160,151
41,160,151
41,160,151
41,160,151
41,160,151
42,161,152
42,161,152
42,161,152
42,161,153
43,161,153
43,161,153
43,162,153
44,162,153
45,162,154
45,162,154
45,162,154
45,162,154
45,162,154
44,162,153
44,162,153
44,162,153
44,162,153
44,162,153
44,162,153
44,162,153
43,162,153
43,162,153
43,162,153
43,162,153
43,161,152
42,161,152
42,161,152
42,161,152
42,161,152
42,161,152
43,161,153
43,161,153
43,161,153
43,161,153
43,161,152
43,162,153
43,162,153
43,161,152
43,161,152
43,161,152
43,161,152
43,161,152
43,161,152
43,162,153
43,162,153
43,162,153
43,162,153
43,161,153
43,161,153
43,161,153
43,161,153
43,161,153
43,161,153
43,161,153
43,161,153
43,162,153
43,162,153
43,161,152
43,161,152
43,162,153
43,162,153
43,162,154
43,162,153
43,162,153
44,161,152
44,161,152
44,161,152
44,161,152
43,161,152
43,161,152
42,161,152
42,161,152
42,160,151
42,160,151
42,161,152
41,159,151
41,159,151
41,159,151
41,159,151
41,159,151
41,159,151
40,160,151
40,160,151
40,160,151
39,159,151
38,160,151
38,160,151
38,160,151
38,160,151
38,160,151
38,160,151
39,159,151
39,159,151
38,158,151
38,158,151
38,158,151
38,158,150
38,158,150
36,158,149
36,156,149
36,157,148
35,156,148
34,155,147
33,156,147
32,155,146
32,155,146
31,156,146
31,154,146
31,155,146
42,161,152
42,161,152
42,161,152
42,161,152
42,161,152
42,161,152
42,161,152
42,161,152
42,161,153
43,160,152
43,161,152
43,162,153
43,162,153
45,162,154
45,162,154
45,162,154
45,162,154
45,162,154
45,162,154
45,162,154
44,162,153
44,162,153
44,162,153
44,162,153
44,162,153
44,162,153
44,162,153
45,162,154
45,162,154
43,162,153
43,162,153
43,161,152
43,161,152
42,161,152
42,161,152
43,161,152
43,161,152
43,161,152
43,161,152
43,162,153
43,162,153
43,162,153
43,162,153
43,162,153
43,162,153
43,162,153
43,162,153
43,162,153
43,162,153
43,162,153
43,162,153
43,162,153
43,162,153
43,162,153
43,162,153
43,162,153
43,161,153
43,161,153
43,161,153
43,161,153
43,162,153
43,162,153
43,162,153
43,162,153
43,162,153
43,161,152
43,161,152
43,162,153
43,161,152
43,162,153
43,162,153
43,162,153
44,161,152
44,161,152
44,161,152
43,161,152
43,161,152
42,161,152
42,161,152
42,161,152
42,161,152
42,161,152
42,161,152
42,160,152
42,160,152
41,159,151
41,159,151
41,159,151
40,160,151
40,160,151
40,160,151
40,160,151
40,160,151
39,159,151
39,159,151
39,159,151
39,159,151
39,159,151
40,159,151
39,159,151
39,159,151
39,159,151
38,158,150
38,158,150
38,158,150
38,158,150
36,158,149
36,156,149
36,157,148
34,156,147
34,155,148
32,155,146
32,155,146
31,156,146
31,154,146
31,155,146
31,155,146
42,161,152
42,161,152
42,161,152
42,161,152
42,161,152
42,161,152
42,161,152
43,160,152
43,160,152
43,160,152
43,161,153
43,161,152
43,162,153
43,162,153
45,162,154
45,162,154
45,162,154
45,162,154
45,162,154
45,162,154
45,162,154
45,162,154
44,162,153
44,162,153
44,162,153
44,162,153
44,162,153
44,162,153
44,162,153
44,162,153
44,162,153
44,162,153
43,162,153
43,161,152
43,161,152
43,161,152
43,161,152
43,162,153
43,162,153
43,162,153
43,162,153
43,162,153
44,162,153
43,162,153
43,162,153
43,162,153
43,162,153
43,162,153
43,162,153
43,162,153
43,162,153
43,162,153
43,162,153
43,162,153
43,162,153
43,162,153
43,162,153
43,162,153
43,161,153
43,161,153
43,161,153
43,161,153
43,162,153
43,162,153
43,162,153
43,162,153
43,161,152
43,161,152
43,161,152
43,161,152
43,161,152
43,162,153
43,162,153
43,162,153
43,162,153
44,161,152
44,161,152
43,161,152
43,161,152
42,161,152
42,161,152
42,161,152
42,161,152
42,161,152
42,161,152
42,161,152
42,161,152
42,160,152
42,160,152
41,160,151
40,160,151
40,160,151
40,160,151
40,160,151
40,160,151
40,160,151
40,160,151
40,160,151
40,160,151
41,159,152
41,159,152
40,159,151
40,159,150
40,159,151
39,159,151
38,158,150
38,158,150
38,158,150
36,158,149
36,158,149
36,157,148
36,157,148
34,155,148
33,155,147
32,155,146
31,156,146
31,155,146
31,155,146
31,155,146
31,155,146
30,154,145
43,160,152
43,161,152
43,162,153
44,161,153
43,160,152
43,160,152
43,161,152
43,160,152
43,160,152
43,160,152
43,161,152
43,161,153
43,162,153
43,162,153
45,162,154
45,162,154
45,162,154
45,162,154
45,162,154
45,162,154
45,162,154
45,162,154
45,162,154
44,162,153
44,162,153
44,162,153
44,162,153
44,162,153
44,162,153
44,162,153
45,162,154
45,162,154
45,162,154
45,162,154
43,162,153
43,161,152
43,161,152
43,162,153
43,162,153
43,162,153
43,162,153
43,162,153
44,162,153
44,162,153
45,162,154
45,162,154
45,162,154
45,162,154
43,162,153
43,162,153
43,162,153
43,162,153
43,161,153
43,161,153
43,161,153
43,161,153
43,162,153
43,162,153
43,161,153
43,161,153
43,161,153
43,161,153
43,161,153
43,161,153
43,162,153
43,162,153
43,161,152
43,161,152
43,161,152
43,161,152
43,161,152
43,162,153
43,162,153
43,162,153
43,162,153
43,162,153
43,162,153
44,161,152
43,161,152
43,161,152
42,161,152
42,161,152
42,161,152
42,161,152
42,161,152
42,161,152
42,161,152
42,161,152
42,161,152
42,160,152
41,160,151
40,160,151
40,160,151
40,160,151
40,160,151
40,160,151
41,160,151
42,160,152
42,160,152
42,161,152
42,161,152
42,160,152
42,160,152
41,159,151
40,159,151
40,159,150
38,158,150
38,158,150
38,158,150
38,158,150
36,158,149
36,156,149
36,157,148
36,157,149
34,155,148
33,155,147
32,155,146
32,155,146
31,155,146
31,155,146
30,154,145
30,154,145
29,154,145
43,161,152
44,161,152
43,162,153
45,162,154
45,162,154
45,162,154
43,162,153
44,161,153
43,162,153
43,162,153
43,162,153
43,162,153
43,162,153
43,162,153
43,162,153
44,162,153
45,162,154
45,162,154
45,162,154
45,162,154
45,162,154
45,162,154
45,162,154
45,162,154
45,162,154
44,162,153
44,162,153
44,162,153
44,162,153
44,162,153
44,162,153
45,162,154
45,162,154
45,162,154
45,162,154
43,162,153
43,162,153
43,162,153
43,162,153
43,162,153
43,162,153
43,162,153
44,162,153
44,162,153
44,162,153
45,162,154
45,162,154
45,162,154
45,162,154
45,162,154
43,162,153
43,162,153
43,161,153
43,161,153
43,161,153
43,161,153
43,161,153
43,161,153
43,161,153
43,161,153
43,161,153
43,161,153
43,161,153
43,161,153
43,161,153
43,161,152
43,161,152
43,161,152
43,161,152
43,161,152
43,161,153
43,162,153
43,162,153
43,162,153
43,162,153
43,162,153
43,162,153
43,162,153
43,162,153
43,161,152
43,161,152
42,161,152
42,161,152
42,161,152
42,161,152
42,161,152
42,161,152
43,160,152
43,160,152
43,160,152
42,161,152
41,160,151
41,160,151
41,160,151
41,160,151
41,160,151
41,160,151
42,161,152
42,161,152
42,161,152
42,160,152
42,160,152
42,160,152
42,161,152
42,160,152
41,159,151
40,159,150
39,159,151
38,158,150
38,158,150
38,158,150
38,158,150
36,158,149
36,156,149
36,157,149
34,155,148
34,155,147
32,155,146
32,155,146
31,155,146
31,155,146
30,154,145
29,154,145
29,154,145
29,153,145
43,162,153
45,162,154
45,162,154
45,162,154
45,162,154
45,162,154
45,162,154
45,162,154
45,162,154
43,162,153
43,162,153
43,162,153
43,162,153
43,162,153
43,162,153
43,162,154
45,162,154
45,162,154
45,162,154
45,162,154
45,162,154
45,162,154
45,162,154
45,162,154
45,162,154
45,162,154
44,162,153
44,162,153
44,162,153
44,162,153
44,162,153
45,162,154
45,162,154
45,162,154
45,162,154
43,162,153
43,162,153
43,162,153
43,162,153
43,162,153
43,162,153
43,162,153
43,162,154
44,162,154
44,162,153
44,162,153
45,162,154
45,162,154
45,162,154
45,162,154
45,162,154
44,162,153
43,162,153
43,161,153
43,161,153
43,161,153
43,161,153
43,161,153
43,161,153
43,161,153
43,161,153
43,161,153
43,161,153
43,161,153
43,161,153
43,161,153
43,161,153
43,161,153
43,161,153
43,161,152
43,161,152
44,161,153
44,161,153
45,162,154
45,162,154
43,162,153
43,162,153
43,162,153
43,162,153
43,161,152
43,161,152
43,161,152
43,161,152
42,161,152
43,161,152
43,161,152
43,161,152
42,161,152
43,160,152
43,160,152
43,160,152
43,160,152
42,161,152
42,161,152
41,160,152
42,161,152
42,161,152
42,161,152
42,161,152
43,160,152
43,161,152
43,161,152
43,161,152
42,160,152
42,160,152
42,161,152
42,160,152
40,160,151
38,160,150
38,159,150
38,159,150
38,158,150
38,158,150
36,158,149
36,158,149
36,156,149
36,157,149
34,155,147
33,155,147
32,155,146
32,155,146
31,155,146
30,154,145
30,154,145
29,153,145
29,153,145
29,153,145
43,162,153
45,162,154
45,162,154
45,162,154
45,162,154
45,162,154
45,162,154
45,162,154
45,162,154
45,162,154
45,162,154
44,162,153
43,162,153
43,162,153
44,162,154
44,162,154
44,162,154
44,162,154
44,162,154
45,162,154
45,162,154
45,162,154
45,162,154
45,162,154
45,162,154
45,162,154
45,162,154
44,162,153
44,162,153
44,162,153
43,162,153
43,162,153
43,162,153
43,162,153
43,162,153
43,162,153
43,162,153
43,162,153
43,162,153
43,162,153
43,162,153
43,162,153
43,162,153
44,162,154
44,162,154
44,162,153
45,163,154
46,163,154
46,163,154
45,163,154
45,162,154
45,162,154
44,162,153
43,162,154
43,161,153
43,161,153
43,161,153
43,161,153
43,161,153
43,161,153
43,161,153
43,161,153
43,161,153
42,161,153
42,161,153
42,161,153
42,161,153
43,161,153
43,161,153
43,161,153
43,161,152
44,161,153
45,162,154
46,162,154
45,162,154
45,162,154
45,162,154
44,162,153
43,162,153
43,162,153
43,162,153
43,161,152
43,161,152
43,161,152
43,161,152
43,161,152
43,161,152
43,161,152
43,161,152
43,161,152
43,160,152
43,160,152
43,160,152
42,161,152
42,161,152
42,161,152
42,161,152
42,161,152
42,161,152
43,160,152
43,161,152
43,161,153
43,161,153
43,161,152
43,161,152
43,160,152
42,161,152
42,160,152
40,160,151
38,160,151
38,159,150
38,159,150
38,158,150
38,158,150
38,158,150
36,158,149
36,156,149
36,156,149
35,156,148
34,155,147
33,155,147
33,155,146
32,155,146
31,155,146
30,154,145
29,154,145
29,154,145
29,154,145
29,154,145
43,162,153
43,162,153
44,162,153
45,162,154
45,162,154
45,162,154
45,162,154
45,162,154
45,162,154
45,162,154
44,162,153
44,162,153
44,162,153
44,162,153
44,162,153
44,162,153
44,162,154
44,162,154
44,162,154
44,162,154
44,162,154
45,162,155
45,162,154
45,162,154
45,162,154
45,162,154
45,162,154
45,162,154
44,162,153
44,162,153
44,162,153
43,162,153
43,162,153
43,162,153
43,162,153
43,162,153
43,162,153
43,162,153
43,162,153
43,162,153
43,162,153
43,162,153
43,162,153
43,162,153
43,162,154
43,162,154
44,162,154
44,162,154
46,163,154
46,163,154
46,163,154
45,163,154
45,162,154
44,162,153
44,162,153
43,162,154
43,161,153
43,161,153
43,161,153
43,161,153
43,161,153
43,161,153
43,161,153
43,161,153
43,161,153
42,161,153
42,161,153
42,161,153
42,161,153
43,161,153
43,161,153
43,162,153
43,162,153
45,162,154
46,162,154
47,164,154
47,164,154
45,162,154
44,162,153
44,162,153
44,162,154
43,162,154
43,162,154
43,162,154
43,162,153
43,162,153
43,162,153
43,162,153
43,161,152
43,161,152
43,161,153
43,161,153
43,161,153
42,161,153
43,160,152
42,161,152
42,161,152
42,161,152
42,161,152
42,161,152
43,160,152
43,161,152
43,161,152
43,161,152
43,161,152
43,161,153
43,161,153
43,161,152
43,160,152
42,161,152
40,160,151
40,160,151
38,160,151
38,159,150
38,158,151
38,158,150
38,158,150
38,158,150
36,158,149
36,157,149
36,157,149
35,155,148
34,155,147
33,155,147
32,155,146
32,155,146
31,155,146
30,154,145
29,154,145
29,154,145
29,154,145
29,154,145
30,154,145
43,162,153
43,162,153
43,162,153
44,162,153
44,162,153
45,162,154
45,162,154
45,162,154
45,162,154
45,162,154
45,162,154
45,162,154
45,162,154
44,162,153
44,162,153
44,162,153
44,162,153
44,162,154
44,162,154
44,162,154
44,162,154
45,162,155
45,162,154
46,162,154
46,162,154
45,162,154
45,162,154
45,162,154
44,162,153
44,162,153
44,162,153
43,162,153
43,162,153
43,162,153
43,162,153
43,162,153
43,161,153
43,161,153
43,161,153
43,161,153
43,162,153
43,162,153
43,162,153
43,162,153
43,162,153
43,162,153
44,162,154
44,162,154
44,162,153
44,162,153
46,163,154
46,163,154
45,162,154
44,162,153
44,162,153
44,162,153
44,162,153
43,162,154
43,161,153
43,161,153
43,161,153
43,161,153
43,161,153
43,161,153
43,161,153
43,161,153
43,161,153
42,161,153
42,161,153
42,161,153
43,161,152
44,161,153
46,162,154
46,162,154
46,162,154
46,163,154
47,164,154
47,164,154
46,162,154
44,162,153
44,162,153
44,162,154
43,162,154
43,162,154
43,162,154
43,162,154
43,162,153
43,162,153
43,162,153
43,162,153
43,162,154
43,161,153
43,161,153
43,161,153
43,161,153
42,161,153
42,161,153
42,161,152
42,161,152
43,160,152
43,160,152
43,161,152
43,162,153
43,162,153
43,162,153
43,162,153
43,162,153
44,161,153
43,161,153
43,161,153
43,160,152
42,160,152
41,159,151
39,160,151
38,160,151
38,158,151
38,158,151
38,158,150
38,158,150
37,158,150
37,157,149
36,157,149
36,156,149
34,156,147
34,155,147
32,155,146
32,155,146
31,155,146
30,154,145
30,154,145
29,154,145
29,154,145
29,154,145
30,154,145
30,154,145
43,162,153
43,162,153
43,162,154
43,162,154
44,162,154
44,162,154
44,162,153
45,162,154
45,162,154
45,163,154
45,163,154
45,162,154
45,162,154
45,162,154
44,162,153
44,162,153
44,162,153
44,162,153
44,162,153
44,162,153
44,162,154
45,161,155
45,162,154
46,162,154
46,162,154
46,162,154
45,163,154
45,163,154
45,162,154
45,162,154
44,162,153
44,162,153
43,162,153
43,162,153
43,162,153
43,161,153
43,161,153
43,161,153
43,161,153
43,161,153
43,162,154
43,162,153
43,162,153
43,162,153
43,162,153
44,162,153
44,162,153
44,162,153
44,162,153
44,162,153
44,162,153
45,162,154
45,162,154
45,162,154
44,162,153
44,162,153
44,162,153
44,162,153
43,162,154
43,161,153
43,161,153
43,161,153
43,162,154
43,162,154
43,162,154
43,162,154
43,162,154
43,161,153
43,161,153
43,161,153
43,162,153
47,161,154
47,161,154
46,162,154
46,162,154
46,162,154
46,162,154
46,163,154
46,162,154
45,162,154
44,162,153
44,162,154
43,162,154
43,162,154
43,162,154
43,162,154
43,162,154
43,162,154
43,162,153
43,162,153
43,162,154
43,162,154
43,162,154
43,161,153
43,161,153
43,161,153
43,161,153
43,161,153
42,161,153
42,161,153
42,161,153
43,161,152
43,162,153
43,162,153
43,162,153
43,162,153
43,162,153
43,162,153
43,162,153
43,162,153
43,161,152
43,161,152
43,160,152
42,160,152
41,159,151
40,159,150
38,158,151
38,158,151
38,158,151
38,158,150
38,158,150
37,158,149
37,157,149
36,157,149
36,157,148
34,156,147
33,155,147
32,155,146
32,155,146
31,155,146
30,154,145
29,154,145
29,154,145
29,154,145
29,154,145
30,154,145
31,154,146
43,162,153
43,162,153
43,162,153
43,162,154
43,162,154
44,162,154
44,162,154
45,162,154
45,162,154
45,162,154
45,162,154
45,162,154
45,162,154
45,162,154
45,162,154
45,162,154
44,162,153
44,162,153
44,162,153
44,162,153
44,162,153
45,162,154
45,162,154
45,162,154
45,163,154
46,162,154
45,163,154
45,162,154
45,162,154
45,162,154
45,162,154
45,162,154
44,162,153
44,162,153
43,162,153
43,162,153
43,161,153
43,161,153
43,161,153
43,161,153
43,162,154
43,162,153
43,162,153
45,162,154
45,162,154
45,162,152
45,162,153
44,162,152
44,162,153
44,162,153
44,162,153
44,162,153
45,162,154
45,162,154
45,162,154
44,162,153
44,162,153
44,162,153
44,162,153
43,162,154
43,162,154
43,162,154
43,162,154
44,162,153
45,162,154
45,162,154
45,162,154
45,162,154
43,162,154
43,162,154
43,162,154
46,162,154
47,161,154
47,161,154
46,163,154
46,162,154
46,162,154
46,162,154
45,162,154
45,162,154
44,162,153
44,162,154
43,162,154
43,162,154
43,162,154
43,162,154
43,162,154
43,162,154
43,162,154
43,162,154
43,162,154
43,162,154
43,162,154
43,162,154
43,162,154
43,162,154
43,162,154
43,161,153
43,161,153
43,161,153
43,161,153
43,161,153
43,162,153
43,162,153
43,162,153
43,162,153
43,162,153
43,162,153
43,162,153
43,162,153
43,162,153
43,162,153
43,161,152
43,160,152
42,161,152
42,160,152
40,159,150
39,159,151
38,158,151
38,158,151
38,158,151
38,158,150
38,158,150
37,157,149
37,157,149
36,157,149
36,156,149
34,155,147
33,155,147
32,155,146
31,155,146
30,154,145
30,154,145
29,154,145
28,154,144
28,154,145
29,154,145
30,154,145
31,154,146
43,162,153
43,162,153
43,162,153
43,162,153
43,162,154
43,162,154
44,162,153
44,162,153
45,162,154
45,162,154
45,162,154
45,162,154
45,162,154
45,162,154
45,162,154
45,162,154
45,162,154
44,162,153
44,162,153
44,162,153
44,162,153
44,162,153
44,162,153
45,162,154
45,162,154
45,162,154
45,163,154
45,162,154
45,162,154
45,162,154
45,162,154
45,162,154
45,162,154
45,162,154
44,162,153
44,162,153
43,162,153
43,162,154
43,161,153
43,162,154
43,162,154
43,162,154
44,162,153
45,162,154
45,162,154
45,162,152
45,162,152
45,162,152
45,162,153
44,162,152
44,162,153
44,162,153
44,162,153
44,162,153
45,162,154
45,162,154
44,162,153
44,162,153
44,162,153
44,162,153
44,162,153
43,162,153
43,162,153
45,162,154
45,162,154
46,163,154
45,163,154
45,163,154
45,162,154
45,161,155
45,161,155
45,162,155
46,162,154
46,163,154
46,163,154
46,163,154
46,162,154
45,162,154
45,162,154
45,162,154
44,162,154
43,162,154
43,162,154
43,162,154
43,162,154
43,162,154
43,162,154
43,162,154
43,162,154
43,162,154
43,162,154
43,162,153
43,162,153
43,162,154
44,162,153
44,162,153
44,162,153
43,162,153
43,162,153
43,162,154
43,161,153
43,161,153
43,161,153
43,161,152
43,162,153
43,162,153
43,162,153
43,162,153
43,162,153
43,162,153
43,162,153
43,162,153
43,162,153
43,161,152
43,160,152
43,160,152
42,160,152
41,159,151
40,159,150
38,158,151
38,158,151
38,158,151
38,158,150
38,158,150
38,158,150
37,157,149
36,158,149
36,157,149
36,157,148
34,155,147
32,155,146
32,155,146
31,155,146
30,154,145
28,154,144
28,154,145
28,154,145
29,153,145
29,154,145
30,154,145
31,155,146
45,162,154
45,162,154
45,162,154
45,162,154
44,162,153
43,162,153
44,162,153
44,162,153
45,162,154
45,162,154
45,162,154
45,163,154
45,162,154
45,163,154
45,162,154
45,162,154
45,162,154
45,162,154
44,162,153
44,162,153
44,162,153
44,162,153
44,162,153
44,162,153
45,162,154
45,162,154
45,163,154
45,163,154
45,162,154
45,162,154
45,162,154
45,162,154
45,162,154
45,162,154
45,162,154
44,162,153
44,162,153
44,162,153
43,162,153
43,162,154
43,162,154
43,162,154
44,162,153
44,162,153
45,162,154
45,162,153
45,162,152
45,162,152
45,162,152
45,162,153
44,162,152
44,162,153
44,162,153
44,162,153
44,162,153
45,162,154
45,162,154
44,162,153
44,162,153
44,162,153
44,162,153
44,162,153
44,162,153
45,162,154
45,162,154
47,163,154
47,163,154
47,163,154
45,163,154
45,163,154
45,163,155
45,161,155
45,162,154
46,162,154
46,162,154
46,162,154
46,162,154
45,162,154
45,162,154
44,162,153
43,162,153
43,161,153
43,162,154
43,162,154
43,162,154
43,162,154
44,162,153
43,162,153
43,162,153
43,162,153
43,162,153
43,162,153
43,162,153
43,162,153
43,162,153
43,162,153
44,162,153
44,162,153
43,162,153
43,162,153
43,162,154
43,161,153
43,161,153
43,161,153
43,162,153
43,162,153
43,162,153
43,162,153
43,162,153
43,162,153
43,162,153
43,162,153
43,162,153
43,162,153
43,161,152
43,160,152
42,161,152
42,161,152
42,160,152
40,159,150
38,160,151
38,159,150
38,159,150
38,159,150
38,158,150
38,158,150
37,158,150
36,158,149
36,157,149
36,157,149
34,156,147
33,155,147
32,155,146
31,155,146
30,154,145
29,153,145
28,154,144
29,153,145
29,153,145
29,153,145
30,154,145
31,155,146
32,155,146
45,162,154
45,162,154
45,162,154
45,162,154
45,162,154
45,162,154
44,162,153
45,162,154
45,162,154
45,162,154
45,162,154
45,162,154
45,162,154
45,162,154
45,162,154
45,162,154
45,162,154
45,162,154
44,162,153
44,162,153
43,162,154
43,162,154
44,162,153
44,162,153
44,162,153
45,162,154
45,162,154
45,163,154
45,163,154
45,162,154
45,162,154
45,162,154
45,162,154
45,162,154
45,162,154
44,162,153
44,162,153
44,162,153
44,162,153
44,162,153
43,162,153
43,162,154
44,162,153
44,162,153
44,162,153
45,162,154
45,162,154
45,162,153
45,162,152
45,162,153
45,162,153
44,162,153
44,162,153
44,162,153
44,162,153
45,162,154
45,162,154
45,162,154
45,162,154
45,162,154
45,162,154
44,162,153
44,162,153
45,162,154
46,162,154
46,163,154
47,163,154
47,163,154
47,163,155
47,163,155
45,163,154
45,163,154
45,163,154
45,163,154
46,162,154
45,163,154
45,163,154
45,162,154
45,162,154
44,162,153
43,162,153
43,162,154
43,161,153
43,162,154
43,162,154
43,162,154
44,162,153
44,162,153
44,162,153
44,162,153
43,162,153
43,162,153
43,162,153
43,162,153
43,162,153
43,162,153
43,162,153
43,162,153
43,162,153
43,162,153
43,162,154
43,161,153
43,161,153
43,161,153
43,161,153
43,161,153
43,162,153
43,162,153
43,162,153
43,162,153
43,162,153
43,162,153
43,162,153
43,162,153
43,162,153
43,160,152
42,161,152
42,161,152
42,161,152
41,159,151
40,159,150
38,160,151
38,159,150
38,159,150
38,159,150
38,158,151
38,158,150
38,158,150
37,158,150
37,157,149
36,157,149
36,157,149
34,155,146
33,155,147
32,155,146
31,155,146
30,154,145
29,153,145
29,153,145
29,153,145
29,153,145
29,154,145
31,155,146
31,155,146
32,155,146
45,162,154
45,162,154
45,162,154
45,162,154
45,162,154
45,162,154
45,162,154
45,163,154
45,163,154
45,163,154
45,163,154
45,163,154
45,163,154
45,162,154
45,162,154
45,162,154
45,162,154
45,162,154
44,162,153
43,162,153
43,162,154
43,162,154
43,162,154
44,162,153
44,162,153
45,162,154
45,162,154
45,162,154
45,163,154
45,163,154
45,162,154
45,162,154
45,162,154
45,162,154
45,162,154
45,162,154
44,162,153
44,162,153
44,162,153
44,162,153
44,162,153
44,162,153
44,162,153
44,162,153
44,162,153
44,162,153
45,162,154
45,162,154
45,162,154
45,162,154
45,162,154
45,162,154
44,162,153
44,162,153
44,162,153
45,162,154
45,162,154
45,162,154
45,163,154
45,162,154
45,162,154
45,162,154
45,162,154
45,162,154
46,162,154
46,163,154
47,163,154
47,163,155
47,163,155
47,163,155
47,163,155
47,163,155
45,163,154
45,163,154
46,162,154
46,162,154
45,163,154
45,163,154
45,162,154
45,162,154
44,162,153
43,162,153
43,162,154
43,162,154
43,162,154
44,162,153
44,162,153
44,162,153
44,162,153
44,162,153
44,162,153
45,162,154
43,162,153
43,162,153
43,162,153
43,162,153
43,162,153
43,162,153
43,162,153
43,162,153
43,162,153
43,161,153
43,161,153
43,161,153
43,161,153
43,161,153
43,161,153
43,162,153
43,162,153
43,162,153
43,162,153
43,162,153
43,162,153
43,162,153
43,162,153
43,162,153
43,160,152
42,161,152
42,161,152
42,160,152
41,159,151
40,159,151
39,160,151
39,159,151
38,159,150
38,159,150
38,158,151
38,158,151
38,158,150
37,158,150
37,157,149
37,157,149
36,157,149
36,156,147
34,155,146
33,155,146
31,155,146
30,154,145
30,154,145
29,153,145
29,153,145
29,153,145
30,154,145
30,154,145
31,155,146
31,155,146
32,155,146
45,162,154
45,162,154
45,162,154
45,162,154
45,162,154
45,163,154
45,163,154
45,163,154
45,163,154
45,163,154
45,163,154
45,163,154
45,163,154
45,163,154
45,162,154
45,162,154
45,162,154
45,162,154
45,162,154
45,162,154
44,162,153
43,162,154
43,162,154
43,162,154
44,162,153
44,162,153
45,162,154
45,162,154
45,162,154
45,162,154
45,163,154
45,162,154
45,162,154
45,162,154
45,162,154
45,162,154
44,162,153
44,162,153
44,162,153
44,162,153
44,162,153
44,162,153
44,162,153
44,162,153
44,162,153
44,162,153
44,162,153
45,162,154
45,162,154
45,162,154
45,162,154
45,162,154
45,162,154
45,162,154
45,162,154
45,162,154
45,163,154
45,163,154
45,163,154
45,163,154
46,163,154
46,163,154
46,163,155
45,163,154
46,163,155
46,163,154
46,163,154
47,163,155
47,163,155
47,163,155
47,163,155
47,163,155
47,163,155
46,163,155
46,162,154
46,162,154
45,163,154
45,163,154
45,163,154
45,162,154
45,162,154
45,162,154
44,162,153
43,162,153
43,162,154
43,162,154
44,162,153
44,162,153
44,162,153
45,162,154
45,162,154
45,162,154
45,162,154
45,162,154
43,162,153
43,162,153
43,162,153
43,162,153
43,162,153
43,162,153
43,161,153
43,161,153
43,161,153
43,161,153
43,161,153
43,161,153
43,161,153
43,161,153
43,162,153
43,162,153
43,162,153
43,162,154
43,162,153
43,162,153
43,162,153
43,161,152
43,161,152
43,160,152
42,161,152
42,161,152
42,160,152
41,159,151
40,159,151
40,159,150
40,159,150
39,159,151
39,159,151
38,158,151
38,158,151
38,158,150
38,158,150
37,158,150
37,157,149
37,157,149
37,156,148
35,155,147
33,155,147
32,155,146
31,155,146
30,154,145
30,154,145
29,154,145
30,154,145
30,154,145
31,155,146
31,155,146
31,155,146
32,155,146
32,155,146
44,162,153
45,162,154
45,163,154
45,163,154
45,163,154
45,163,154
45,163,154
45,163,154
45,163,154
45,163,154
45,163,154
45,163,154
45,163,154
45,163,154
45,163,154
45,162,154
45,162,154
45,162,154
45,162,154
45,162,154
45,162,154
43,162,153
43,162,154
43,162,154
44,162,153
44,162,153
44,162,153
45,162,154
45,162,154
45,162,154
45,162,154
45,162,154
45,162,154
45,162,154
45,162,154
45,162,154
43,162,153
43,162,153
43,162,153
44,162,153
44,162,153
44,162,153
44,162,153
44,162,153
44,162,153
44,162,153
44,162,153
44,162,153
45,162,154
45,162,154
45,162,154
45,162,154
45,162,154
45,162,154
45,162,154
45,162,154
45,163,154
45,163,154
45,163,154
46,163,155
46,163,155
46,163,154
46,163,154
46,163,155
46,163,155
46,163,155
46,163,155
46,163,154
46,164,155
46,163,155
47,164,155
46,163,155
47,163,155
47,163,155
46,163,154
46,163,154
46,163,154
46,163,154
46,163,155
45,163,154
45,163,154
45,162,154
45,162,154
45,162,154
45,162,154
44,162,153
44,162,153
45,162,154
45,162,154
45,162,154
45,162,154
45,162,154
45,162,154
45,162,154
45,162,154
43,162,153
43,162,153
43,162,153
43,162,153
43,162,153
43,161,153
43,161,153
43,161,153
43,161,153
43,161,153
43,161,153
43,161,153
43,161,153
43,161,153
43,161,153
43,162,153
43,161,153
43,161,153
43,161,153
43,162,153
43,161,152
43,161,152
43,160,152
43,161,152
43,161,152
42,161,152
42,160,152
42,160,152
41,159,151
40,159,151
40,159,150
40,159,150
39,159,151
39,159,151
38,158,151
38,159,150
38,158,151
38,158,150
38,157,150
37,157,149
36,157,149
36,156,149
34,155,147
33,155,147
32,155,146
31,155,146
31,155,146
30,154,145
30,154,145
31,155,146
31,155,146
31,155,146
31,155,146
31,155,146
32,155,146
32,155,146
45,162,154
45,163,154
45,163,154
45,163,154
45,163,154
45,163,154
45,163,154
45,163,154
45,163,154
45,163,154
45,163,154
45,163,154
45,163,154
45,163,154
45,163,154
45,163,154
45,162,154
45,162,154
45,162,154
45,162,154
43,162,153
43,162,153
43,162,154
43,162,154
44,162,153
44,162,153
44,162,153
44,162,153
45,162,154
45,162,154
45,162,154
45,162,154
45,162,154
45,162,154
43,162,153
43,162,153
43,161,152
43,162,153
43,162,153
43,162,153
44,162,153
44,162,153
44,162,153
44,162,153
44,162,153
44,162,153
45,162,154
45,162,154
45,162,154
45,162,154
45,162,154
45,162,154
45,162,154
45,162,154
45,163,154
45,163,154
45,163,154
46,163,155
46,163,155
46,163,155
47,163,155
47,163,154
47,163,154
46,163,155
46,163,155
46,163,155
46,163,155
46,164,155
46,163,155
46,163,155
46,163,155
46,163,155
47,163,155
47,163,155
46,163,154
46,163,154
46,163,154
46,163,154
46,163,154
46,163,154
46,162,154
45,162,154
45,162,154
45,162,154
45,162,154
45,162,154
45,162,154
45,162,154
45,162,154
45,162,154
45,162,154
45,162,154
45,162,154
45,162,154
45,162,154
45,162,154
43,162,153
43,162,153
43,162,153
43,161,153
43,161,153
43,161,153
43,161,153
43,161,153
43,161,153
43,161,153
43,161,153
43,161,153
43,161,153
43,161,153
43,161,153
43,161,153
43,161,153
43,161,153
43,162,153
43,162,153
43,161,152
43,161,152
43,161,152
43,161,152
42,160,151
42,160,152
42,160,152
42,160,152
41,159,151
40,159,151
40,159,151
40,159,150
40,159,151
39,159,151
38,160,151
38,158,151
38,158,151
38,158,150
38,157,150
37,157,149
36,157,149
35,156,148
34,155,147
33,156,146
32,155,146
32,155,146
31,155,146
31,155,146
31,155,146
31,155,146
31,155,146
31,155,146
31,155,146
31,155,146
32,155,146
44,162,153
45,162,154
45,162,154
45,163,154
45,163,154
45,163,154
45,163,154
45,163,154
45,162,154
45,162,154
45,163,154
45,163,154
45,163,154
45,163,154
45,163,154
45,163,154
45,163,154
45,162,154
45,162,154
45,162,154
45,162,154
43,162,153
43,162,153
43,162,153
43,162,154
44,162,153
44,162,153
44,162,153
44,162,153
44,162,153
44,162,153
44,162,153
44,162,153
44,162,153
43,162,153
43,162,153
43,161,152
42,161,152
43,161,152
43,161,152
43,162,153
44,162,153
44,162,153
44,162,153
45,162,154
45,163,154
45,163,154
45,163,154
45,163,154
45,163,154
45,163,154
45,163,154
45,163,154
45,163,154
45,163,154
45,163,154
45,163,154
46,163,155
47,163,155
47,163,155
47,163,155
47,163,155
47,163,155
47,163,155
46,163,155
45,163,154
45,163,154
46,163,154
46,163,154
46,163,155
46,163,155
46,163,155
46,163,155
47,163,155
46,163,155
46,163,154
46,163,154
46,163,154
46,163,154
46,163,154
46,163,154
46,163,154
45,163,154
45,162,154
45,162,154
45,162,154
45,162,154
45,162,154
45,162,154
45,162,154
45,162,154
45,162,154
45,162,154
45,162,154
45,162,154
45,162,154
45,162,154
43,162,153
43,162,153
43,162,153
43,161,153
43,161,153
43,161,153
43,161,153
43,161,153
43,161,153
43,161,153
43,161,153
43,161,153
43,161,153
43,161,153
43,161,153
43,161,153
43,161,153
43,161,153
43,162,153
44,161,152
44,161,152
43,161,152
43,161,152
43,161,152
43,161,152
42,161,152
42,160,152
42,160,152
42,160,152
41,159,151
40,159,151
40,159,151
40,159,150
40,159,151
39,159,151
39,159,151
39,159,151
38,158,150
38,158,150
38,157,150
36,157,149
36,157,148
34,156,147
33,156,147
33,156,146
32,155,146
32,155,146
32,155,146
32,155,146
32,155,146
31,155,146
31,155,146
31,155,146
31,155,146
31,155,146
32,155,146
43,162,153
43,162,154
44,162,153
45,162,154
45,162,154
45,162,154
45,162,154
45,162,154
45,162,154
45,162,154
45,162,154
45,162,154
45,162,154
45,163,154
45,163,154
45,163,154
45,163,154
45,163,154
45,163,154
45,162,154
45,162,154
45,162,154
44,162,153
44,162,153
44,162,153
44,162,153
44,162,153
44,162,153
44,162,153
44,162,153
44,162,153
44,162,153
44,162,153
44,162,153
43,162,153
43,161,152
42,161,152
42,161,152
42,161,152
42,161,152
43,161,153
43,162,153
44,162,153
44,162,153
45,162,154
45,163,154
45,163,154
46,163,155
46,163,154
45,163,154
45,163,154
45,163,154
45,163,154
45,163,154
45,163,154
46,163,155
46,163,155
47,163,155
47,163,155
47,163,155
46,163,155
46,163,155
46,163,155
47,163,155
45,163,154
45,163,154
45,163,154
45,163,155
45,163,155
45,163,155
46,163,155
46,163,155
46,163,155
46,163,155
46,163,154
46,163,155
46,163,155
46,163,154
46,163,154
46,163,154
46,163,154
46,163,155
45,163,154
45,163,154
45,163,154
45,162,154
45,162,154
45,162,154
45,162,154
45,162,154
45,162,154
45,162,154
45,163,154
45,163,154
45,162,154
45,162,154
45,162,154
45,162,154
45,162,154
43,162,153
43,162,153
43,161,153
43,161,153
43,161,153
43,161,153
43,161,153
43,161,153
43,161,153
43,162,153
43,161,153
43,161,153
43,161,153
43,161,153
43,161,153
43,161,153
43,162,153
43,162,153
44,161,152
44,161,152
43,161,152
43,161,152
43,161,152
43,161,152
42,161,152
42,161,152
42,160,152
42,160,152
42,160,152
42,160,152
41,160,151
40,159,151
40,159,150
40,159,151
39,159,151
39,159,151
39,159,151
38,158,150
38,158,150
38,157,150
36,156,149
35,156,148
34,158,147
34,156,147
33,156,147
33,156,146
32,155,146
32,155,146
32,155,146
32,155,146
32,155,146
31,155,146
31,155,146
31,155,146
32,155,146
32,155,146
43,162,153
43,162,153
43,162,154
43,162,153
44,162,153
44,162,153
44,162,153
45,162,154
45,162,154
45,162,154
45,162,154
45,162,154
45,162,154
45,162,154
45,162,154
45,163,154
45,163,154
45,163,154
45,163,154
45,163,154
45,162,154
45,162,154
45,162,154
44,162,153
44,162,153
44,162,153
44,162,153
44,162,153
44,162,153
44,162,153
44,162,153
44,162,153
44,162,153
44,162,153
43,162,153
43,161,152
42,161,152
41,160,151
42,161,152
42,161,152
42,161,153
42,161,153
43,162,154
44,162,153
45,162,154
45,163,154
46,163,155
47,163,155
47,163,155
47,163,155
46,163,155
45,163,154
45,163,154
45,163,154
45,163,155
45,163,155
46,163,155
47,163,155
46,163,155
46,163,155
46,163,155
46,163,155
46,163,155
46,163,155
45,163,154
45,163,154
45,163,154
45,163,154
45,163,154
45,163,155
45,163,155
46,163,155
46,163,155
46,163,155
46,163,155
46,163,155
46,163,155
46,163,155
46,162,154
46,162,154
46,163,154
46,163,154
46,163,155
45,163,154
45,163,154
45,163,154
45,162,154
45,162,154
45,162,154
45,162,154
45,162,154
45,163,154
45,163,154
45,163,154
45,163,154
45,163,154
45,163,154
45,162,154
45,162,154
44,162,153
44,162,153
43,162,153
43,162,153
43,162,154
43,161,153
43,161,153
43,161,153
43,162,153
43,162,153
43,162,153
43,162,153
43,161,153
43,161,153
43,161,153
43,161,153
43,161,153
43,162,153
43,162,153
44,161,152
44,161,152
43,161,152
43,161,152
43,161,152
43,161,152
42,161,152
42,161,152
42,161,152
42,160,152
42,160,152
42,160,152
42,160,152
42,160,152
42,160,152
40,159,151
40,159,150
40,159,150
39,159,151
39,159,151
38,158,150
38,158,150
36,158,149
36,156,149
36,157,148
35,156,148
34,156,147
33,156,147
33,156,146
32,155,146
32,155,146
32,155,146
32,155,146
31,155,146
31,155,146
31,155,146
31,155,146
32,155,146
32,155,146
42,161,152
43,161,152
43,161,152
43,161,153
43,162,153
43,162,153
43,162,153
44,162,153
45,162,154
45,162,154
45,162,154
45,162,154
45,162,154
45,162,154
45,162,154
45,162,154
45,162,154
45,163,154
45,163,154
45,163,154
45,162,154
45,162,154
45,162,154
45,162,154
44,162,153
44,162,153
44,162,153
44,162,153
44,162,153
44,162,153
44,162,153
44,162,153
44,162,153
44,162,153
43,162,153
43,161,152
42,161,152
41,160,152
41,160,152
41,160,152
42,161,152
42,161,153
42,161,153
43,162,154
45,162,154
45,163,154
46,163,155
47,163,155
47,163,155
47,163,155
47,163,155
47,163,155
46,163,155
45,163,155
45,163,155
45,163,155
46,163,154
46,163,155
46,164,155
46,163,155
46,163,155
47,163,155
47,163,155
47,163,155
46,163,155
45,163,154
45,163,154
45,163,154
45,162,154
45,162,154
45,163,154
45,163,155
46,163,154
46,163,155
46,163,155
46,163,155
46,163,155
46,163,155
45,163,154
45,163,154
46,162,154
46,162,154
45,163,154
45,163,154
45,163,154
45,163,154
45,163,154
45,163,154
45,162,154
45,162,154
45,162,154
45,162,154
45,163,154
45,163,154
45,163,154
45,163,154
45,163,154
45,163,154
45,163,154
45,162,154
45,162,154
45,162,154
44,162,153
43,162,153
43,162,153
43,162,153
43,162,153
43,162,153
43,162,153
43,162,153
43,162,153
43,162,153
43,161,153
43,161,153
43,161,153
43,161,153
43,161,152
43,161,152
43,162,153
44,161,152
43,161,152
43,161,152
43,161,152
43,161,152
43,161,152
42,161,152
42,161,152
42,161,152
42,161,152
42,161,152
42,161,152
42,160,151
42,160,151
42,160,151
42,160,152
41,159,151
40,159,150
40,159,150
39,159,151
39,159,151
38,158,150
37,159,149
36,157,149
36,158,148
36,156,149
35,157,148
35,156,148
34,156,147
33,156,146
32,155,146
32,155,146
32,155,146
32,155,146
31,155,146
31,155,146
31,155,146
32,155,146
32,155,146
32,155,146
41,160,152
42,161,152
42,161,152
42,161,152
43,161,153
43,161,152
43,162,153
43,162,153
43,162,153
45,162,154
45,162,154
45,162,154
45,162,154
45,162,154
45,162,154
45,162,154
45,162,154
45,162,154
45,162,154
45,162,154
45,162,154
45,162,154
45,162,154
45,162,154
44,162,153
44,162,153
44,162,153
44,162,153
44,162,153
44,162,153
44,162,153
45,162,154
45,162,154
45,162,154
45,162,154
43,162,153
43,161,153
41,160,152
41,160,152
41,160,152
41,160,152
41,160,152
42,161,153
43,161,153
43,162,153
45,162,154
46,163,155
47,163,155
47,163,155
47,163,155
47,163,155
47,163,155
47,163,155
47,163,155
46,163,154
45,163,155
45,163,155
46,163,155
46,163,155
46,163,155
46,163,155
46,163,155
47,163,155
47,163,155
47,163,155
46,163,155
45,163,154
45,163,154
45,162,154
45,162,154
45,162,154
45,162,154
45,162,154
45,163,154
46,163,155
46,163,154
46,163,154
46,163,155
45,163,154
45,163,154
45,163,154
46,162,154
45,163,154
45,163,154
45,163,154
45,163,154
45,163,155
45,163,155
45,163,155
45,163,155
45,163,155
45,163,154
45,163,154
46,163,155
46,163,155
46,163,155
45,163,154
45,163,154
45,163,154
45,163,154
45,163,154
45,162,154
45,162,154
44,162,153
44,162,153
44,162,153
44,162,153
43,162,153
43,162,153
43,162,153
43,162,153
43,162,153
43,162,153
43,161,153
43,161,153
43,161,153
43,161,153
43,161,152
43,161,152
43,161,152
43,161,152
43,161,152
43,161,152
43,161,152
43,161,152
43,161,152
42,161,152
42,161,152
42,161,152
42,161,152
42,161,152
42,160,151
42,160,151
42,160,151
42,160,151
42,160,151
42,160,152
42,160,152
40,159,150
40,159,150
39,159,151
38,158,150
38,158,150
38,158,150
38,158,150
36,158,149
36,156,149
36,156,149
35,157,148
33,156,147
33,156,146
32,155,146
32,155,146
32,155,146
32,155,146
31,155,146
32,154,146
32,155,146
32,155,146
32,155,146
32,155,146
40,161,151
40,162,151
42,161,152
42,161,152
42,161,152
43,161,152
43,161,152
43,162,153
45,162,154
45,162,154
45,162,154
45,162,154
45,162,154
45,162,154
45,162,154
44,162,153
44,162,153
44,162,153
44,162,153
45,162,154
45,162,154
45,162,154
45,162,154
45,162,154
44,162,153
44,162,153
44,162,153
44,162,153
44,162,153
45,162,154
45,162,154
45,162,154
45,162,154
45,162,154
45,162,154
43,161,152
42,161,152
41,160,152
41,160,152
41,160,152
41,160,152
42,161,152
43,161,153
43,162,154
45,162,154
45,163,154
47,163,155
47,163,155
47,163,155
47,163,155
48,163,155
48,163,155
47,163,155
47,163,155
46,164,155
46,164,155
46,163,154
46,163,155
46,163,155
46,163,155
46,163,155
46,163,155
47,163,155
47,163,155
46,163,155
46,163,154
46,162,154
45,163,154
45,162,154
45,162,154
45,162,154
45,162,154
45,162,154
45,163,154
46,163,155
46,163,155
47,163,155
46,163,155
45,163,154
45,161,155
45,163,155
46,162,154
46,162,154
46,162,154
45,163,154
45,163,155
45,163,155
45,163,155
45,163,155
45,163,155
45,163,155
45,163,154
47,163,155
47,163,155
47,163,155
47,163,155
47,163,155
46,163,155
45,163,154
45,163,154
45,163,154
45,163,154
45,162,154
44,162,153
44,162,153
44,162,153
45,162,154
45,162,154
43,162,153
43,162,153
43,162,153
43,162,153
43,162,153
43,162,153
43,161,153
43,161,153
43,161,153
43,161,152
43,161,152
43,161,152
43,161,152
43,161,152
44,161,152
44,161,152
44,161,152
44,161,152
42,161,152
42,161,152
42,161,152
42,161,152
43,161,152
43,161,152
43,161,152
43,161,152
42,160,151
42,160,151
42,160,151
42,160,152
41,159,151
40,159,151
40,159,150
40,159,150
38,158,150
38,158,150
38,158,150
38,158,150
37,158,149
36,158,149
36,156,149
35,157,148
33,156,147
33,156,146
32,155,146
32,155,146
32,155,146
32,155,146
32,155,146
32,155,146
32,155,146
32,155,146
32,155,146
40,161,151
40,161,151
40,161,151
41,160,151
42,161,152
42,161,152
43,161,152
43,162,153
43,162,153
45,162,154
45,162,154
45,162,154
45,162,154
45,162,154
45,162,154
45,162,154
44,162,153
44,162,153
44,162,153
44,162,153
44,162,153
44,162,153
45,162,154
45,162,154
44,162,153
44,162,153
44,162,153
44,162,153
45,162,154
45,162,154
45,162,154
45,162,154
46,162,154
45,162,153
45,162,154
45,162,154
43,162,153
43,161,153
41,160,152
41,160,152
41,160,152
42,161,152
43,161,153
43,162,154
45,162,154
45,163,154
47,163,155
47,163,155
47,163,155
47,163,155
48,163,155
48,164,155
48,163,155
48,163,155
47,163,155
47,163,155
46,164,155
46,164,155
46,164,155
46,164,155
46,164,155
46,164,155
47,163,155
47,163,155
47,163,155
47,163,155
46,163,154
46,163,154
46,162,154
45,162,154
45,162,154
45,162,154
45,162,154
45,162,154
45,163,154
45,163,154
45,163,154
46,163,155
46,163,155
45,163,154
45,161,155
46,162,154
46,162,154
46,162,154
46,162,154
45,163,155
45,163,155
45,163,155
45,163,155
45,163,155
45,163,155
45,163,155
47,163,155
47,163,155
47,163,155
47,163,155
47,163,155
47,163,155
46,164,155
46,163,154
46,163,155
46,163,155
45,163,154
45,163,154
45,162,154
44,162,153
44,162,153
45,162,154
45,162,154
45,162,154
45,162,154
43,162,153
43,162,153
43,162,153
43,162,153
43,162,154
43,161,153
43,161,153
43,161,153
43,161,152
43,161,152
43,161,152
43,162,153
43,162,153
44,161,152
44,161,152
44,161,152
43,162,153
43,162,153
43,160,152
43,160,152
43,161,152
43,161,152
43,161,152
43,161,152
43,161,152
43,161,152
42,160,151
42,160,152
42,160,152
41,160,151
40,159,151
40,159,150
40,159,150
39,159,151
38,158,150
38,158,150
38,158,150
38,158,150
37,158,149
36,158,148
34,158,147
33,156,146
32,155,146
32,155,146
32,155,146
32,155,146
32,155,146
32,155,146
32,155,146
32,155,146
32,155,146
32,155,146
40,161,151
40,161,151
40,161,151
40,161,151
41,160,151
42,161,152
43,161,152
43,161,152
43,162,153
45,162,154
45,162,154
45,162,154
45,162,154
45,162,154
45,162,154
45,162,154
45,162,154
44,162,153
44,162,153
43,162,154
43,162,154
44,162,154
44,162,154
44,162,154
44,162,153
44,162,153
44,162,153
44,162,153
45,162,154
45,162,154
45,162,154
45,162,154
45,163,154
46,162,154
45,162,153
45,162,154
45,162,154
45,162,154
43,161,153
42,161,153
42,161,152
42,161,152
43,162,154
44,162,154
45,161,155
45,163,154
47,163,155
47,163,155
47,163,155
47,163,155
48,163,155
48,163,155
48,164,155
48,164,155
48,163,156
48,163,156
47,163,155
47,163,155
47,163,155
47,163,155
47,163,155
47,163,155
47,163,155
47,163,155
47,163,155
47,163,155
47,163,155
47,163,154
46,163,154
46,163,154
46,162,154
45,162,154
45,162,154
45,162,154
45,162,154
45,163,154
45,163,154
45,163,154
45,163,154
46,163,155
45,163,154
45,163,154
45,163,154
46,162,154
45,163,154
45,163,154
45,163,154
45,162,154
45,161,155
45,163,155
45,163,155
45,163,155
47,163,155
47,163,155
47,163,155
47,163,155
47,163,155
47,163,155
47,163,155
47,163,155
47,163,155
47,163,155
46,163,155
46,163,155
46,163,155
45,163,154
45,162,154
45,162,154
45,162,154
45,162,154
45,162,154
45,162,154
45,162,154
45,162,154
43,162,153
43,162,153
43,162,153
43,162,154
43,162,154
43,162,154
43,162,153
43,162,153
43,162,153
43,162,153
43,162,153
43,162,153
43,162,153
43,162,153
43,162,153
43,162,153
43,162,153
43,162,153
43,162,153
43,160,152
43,160,152
43,160,152
43,160,152
43,160,152
43,161,152
42,160,152
42,160,152
42,160,152
42,161,152
41,159,151
40,159,151
40,159,151
40,159,150
40,158,151
39,159,151
38,158,150
38,158,150
38,158,150
36,156,149
34,158,147
33,156,146
32,155,146
32,155,146
32,155,146
32,154,146
32,154,146
32,155,146
32,155,146
32,155,146
32,155,146
32,155,146
40,161,151
40,161,151
40,161,151
41,160,151
42,161,152
43,161,152
43,161,152
43,162,153
45,162,154
45,162,154
45,162,154
45,162,154
45,162,154
45,162,154
45,162,154
45,162,154
45,162,154
44,162,153
43,162,154
43,162,154
43,162,154
43,162,154
43,162,154
44,162,154
44,162,153
44,162,153
44,162,153
44,162,153
45,162,154
45,162,154
45,163,154
45,163,154
45,163,154
46,162,154
46,162,154
46,162,154
45,162,154
45,162,154
45,162,154
43,162,154
43,162,154
44,162,154
44,162,154
45,161,155
45,163,154
47,163,155
47,163,155
47,163,155
47,163,155
48,163,156
48,163,156
48,164,156
48,164,156
48,164,156
48,163,156
48,163,156
48,163,156
48,163,156
47,163,155
47,163,155
47,163,155
47,163,155
47,163,155
47,163,155
47,163,155
47,163,155
47,163,155
47,163,155
47,163,155
47,163,155
46,163,154
45,163,154
45,162,154
45,162,154
45,162,154
45,163,154
45,163,154
45,163,154
46,163,154
46,163,154
46,163,154
46,163,154
46,163,154
45,163,154
45,163,154
45,163,154
45,162,154
45,162,154
45,162,154
45,162,154
45,163,154
45,163,154
47,163,155
47,163,155
47,163,155
47,163,155
47,163,155
47,163,155
47,163,155
47,163,155
47,163,155
47,163,155
47,163,155
47,163,155
46,163,155
46,163,155
46,163,155
45,163,154
45,163,155
45,162,154
45,161,155
45,161,155
45,162,154
45,162,154
45,162,154
45,162,154
45,162,154
44,162,153
43,162,153
43,162,153
43,162,153
43,162,153
44,162,153
44,162,153
44,162,153
45,162,154
43,162,153
43,162,153
43,162,153
43,162,153
43,162,153
43,162,153
43,162,153
43,162,153
43,162,153
43,162,153
43,162,153
43,161,152
43,161,152
43,161,152
43,160,152
42,160,152
42,160,152
42,160,152
42,160,152
42,160,152
42,160,152
40,159,151
40,159,151
40,159,150
40,159,150
38,158,150
38,158,150
36,156,149
34,156,147
33,155,147
33,155,146
32,155,146
32,155,146
32,155,146
32,155,146
32,155,146
32,155,146
32,155,146
32,155,146
40,160,151
40,160,151
40,160,151
41,160,151
42,161,152
43,161,152
43,162,153
43,162,153
45,162,154
45,162,154
45,162,154
45,162,154
45,162,154
45,162,154
45,163,154
45,163,154
45,162,154
45,162,154
45,162,154
43,162,153
43,162,154
43,162,154
43,162,154
44,162,154
44,162,154
44,162,153
44,162,153
44,162,153
45,162,154
45,162,154
45,163,154
45,163,154
45,163,154
46,163,155
46,163,154
46,163,154
46,162,154
46,162,154
45,162,154
45,162,154
45,162,154
45,162,154
45,162,154
45,162,154
46,164,155
47,163,155
47,163,155
47,163,155
47,163,155
48,163,156
48,163,156
48,164,156
48,164,156
48,164,156
48,164,156
48,163,156
48,163,156
48,163,156
48,163,156
48,163,156
48,163,156
47,163,155
47,163,155
47,163,155
47,163,155
47,163,155
47,163,155
47,163,155
47,163,155
47,163,155
47,163,155
47,163,155
46,163,155
45,163,154
45,163,154
45,163,154
45,163,154
45,163,154
45,163,154
46,163,154
46,163,154
46,163,154
47,163,155
47,163,155
46,163,154
45,163,154
45,163,154
45,162,154
45,162,154
45,162,154
45,162,154
45,162,154
45,163,154
46,163,155
47,163,155
47,164,155
47,164,155
48,163,155
48,163,155
47,163,155
47,163,155
47,163,155
47,163,155
47,163,155
47,163,155
47,163,155
47,163,155
47,163,155
47,163,155
46,163,155
46,163,155
45,163,155
45,163,155
45,163,154
45,163,154
45,163,154
45,162,154
45,162,154
45,162,154
44,162,153
44,162,153
44,162,153
44,162,153
44,162,153
44,162,153
44,162,153
45,162,154
45,162,154
43,162,153
43,162,153
43,162,153
43,162,153
43,162,153
45,162,154
45,162,154
45,162,154
45,162,154
45,162,154
45,162,154
45,162,154
44,161,153
43,162,153
43,161,152
43,160,152
43,161,152
42,160,152
42,160,151
42,160,151
42,160,152
42,160,152
41,159,151
40,159,151
40,159,150
39,159,151
38,158,150
36,156,149
34,156,147
33,155,147
33,155,146
32,155,146
32,155,146
32,155,146
32,155,146
32,155,146
32,155,146
32,155,146
32,155,146
40,160,151
40,160,151
40,160,151
41,160,151
41,160,151
43,161,152
43,162,153
44,162,153
44,162,153
45,162,154
45,162,154
45,162,154
45,162,154
45,163,154
45,163,154
45,163,154
45,163,154
45,162,154
45,162,154
45,162,154
44,162,153
43,162,153
43,162,154
44,162,153
44,162,153
44,162,153
45,162,154
44,162,153
45,162,154
45,162,154
45,163,154
45,163,154
46,163,155
46,163,155
47,163,155
46,163,154
46,163,154
46,163,154
46,163,155
45,163,154
45,162,154
45,162,154
45,162,154
46,163,154
46,164,155
47,163,155
47,163,155
47,163,155
47,163,155
48,163,156
48,163,156
48,163,156
49,163,157
49,163,157
49,163,157
48,163,156
48,163,156
48,163,156
48,163,156
48,163,156
48,163,156
48,163,156
48,163,156
47,163,155
47,163,155
47,163,155
47,163,155
46,164,155
47,163,155
47,163,155
47,163,154
47,163,154
47,163,155
46,163,155
46,163,154
45,163,154
45,163,154
45,163,154
45,163,154
45,163,154
46,163,154
46,163,154
47,163,155
47,163,155
47,163,155
47,163,155
46,163,154
45,163,154
45,162,154
45,162,154
45,162,154
45,162,154
45,162,154
45,163,154
46,163,154
46,163,155
47,164,155
47,164,155
48,163,155
48,163,155
48,163,156
48,163,156
47,163,155
47,163,155
46,164,155
47,163,155
47,163,155
47,163,155
46,163,155
46,163,155
46,163,155
46,163,155
46,163,155
46,163,154
45,163,154
45,163,154
45,163,154
45,163,154
45,163,154
45,162,154
45,162,154
44,162,153
44,162,153
44,162,153
44,162,153
44,162,153
44,162,153
44,162,153
44,162,153
43,162,153
43,162,153
43,162,153
43,162,153
45,162,154
45,162,154
45,162,154
45,162,154
45,162,154
45,162,154
45,162,154
45,162,154
45,162,154
45,162,154
45,162,154
45,162,154
43,161,153
43,161,152
43,161,152
42,160,151
42,160,151
42,160,152
42,160,152
41,159,151
40,159,151
40,159,150
39,159,151
38,158,150
36,156,149
34,155,147
33,155,147
33,155,146
32,155,146
32,155,146
32,155,146
32,155,146
32,155,146
32,155,146
32,155,146
32,155,146
40,160,151
40,160,151
41,160,151
41,160,151
43,161,152
43,162,153
43,162,153
44,162,153
45,162,154
45,162,154
45,162,154
45,162,154
45,163,154
45,163,154
45,163,154
45,163,154
45,163,154
45,162,154
45,162,154
45,162,154
44,162,153
44,162,153
44,162,153
45,162,154
45,162,154
45,162,154
45,162,154
45,162,154
45,162,154
45,163,154
45,163,154
46,163,155
47,163,155
47,163,155
46,163,155
47,163,155
47,163,155
46,163,155
46,163,155
46,163,155
46,163,155
47,163,155
47,163,155
47,163,155
47,163,155
47,163,155
48,163,155
48,163,155
48,163,156
48,163,156
48,163,156
48,163,156
48,163,156
48,163,156
48,163,156
48,163,156
48,163,156
48,163,156
49,163,157
48,163,156
48,163,156
48,163,156
47,163,155
47,163,155
47,163,155
47,163,155
46,164,155
46,164,155
47,163,154
47,163,155
47,163,154
47,163,155
46,163,154
46,163,155
45,163,154
45,163,154
45,163,154
45,163,154
45,163,154
45,163,154
46,163,154
46,163,154
47,163,155
47,163,155
47,163,155
47,163,155
46,163,154
45,163,154
45,162,154
45,162,154
45,162,154
45,162,154
45,162,154
45,162,154
45,163,154
46,163,155
46,163,155
47,164,155
48,163,155
48,163,155
48,163,155
47,163,155
47,163,155
46,164,155
46,164,155
46,164,155
47,163,155
47,163,155
46,163,155
46,163,155
46,163,155
46,163,155
46,163,155
46,164,155
46,163,155
46,163,155
45,163,154
45,163,154
45,163,154
45,162,154
45,162,154
45,162,154
44,162,153
44,162,153
44,162,153
44,162,153
44,162,153
44,162,153
43,162,153
43,162,153
43,161,153
43,161,153
43,162,154
43,162,153
45,162,154
45,162,154
45,162,154
46,162,154
46,162,154
46,162,154
46,163,154
46,163,154
45,163,154
45,162,154
45,162,154
45,162,154
45,162,153
43,161,152
43,161,152
42,160,151
42,160,152
42,160,152
42,160,152
41,159,151
40,159,151
40,159,150
38,158,150
38,158,150
36,157,148
34,155,147
33,155,147
33,155,146
33,155,146
33,155,146
32,155,146
32,155,146
32,155,146
32,155,146
32,155,146
40,159,151
40,160,151
41,160,151
41,160,151
42,161,152
43,161,152
43,162,153
44,162,153
44,162,153
45,162,154
45,162,154
45,163,154
45,163,154
45,163,154
45,163,154
46,163,155
46,163,155
45,163,154
45,163,154
45,162,154
45,162,154
45,162,154
44,162,153
45,162,154
45,162,154
45,162,154
45,163,154
45,163,154
45,163,154
45,163,154
45,163,154
47,163,155
47,163,155
47,163,155
46,163,155
46,163,155
46,163,155
46,163,155
47,163,155
47,163,155
47,163,155
47,163,155
47,163,155
47,163,155
47,163,155
47,163,155
48,163,155
48,163,155
48,163,155
48,163,156
48,163,156
48,163,156
48,163,156
49,163,157
49,163,157
49,163,157
49,163,157
49,163,157
49,163,157
49,163,156
49,163,157
48,163,156
48,163,156
47,163,155
47,163,155
46,164,155
46,164,155
47,163,155
46,163,155
46,163,155
46,163,155
46,163,154
46,163,155
46,163,155
46,163,154
45,163,154
45,162,154
45,162,154
45,162,154
45,162,154
45,163,154
46,163,155
46,163,154
47,163,154
47,163,155
47,163,155
47,163,155
46,163,154
46,163,154
45,163,154
45,162,154
45,162,154
45,162,154
45,162,154
45,163,154
45,163,154
46,163,154
46,163,155
46,163,155
47,163,155
47,163,155
47,163,155
47,163,155
46,164,155
46,164,155
46,163,154
46,163,154
46,163,154
46,163,155
46,163,155
46,163,155
46,163,155
46,163,155
47,163,155
47,163,155
47,163,155
47,163,155
46,163,155
46,163,155
45,163,154
45,163,154
45,162,154
45,162,154
44,162,153
44,162,153
44,162,153
44,162,153
44,162,153
44,162,153
43,162,153
43,162,154
43,161,153
43,161,153
43,161,153
43,162,154
45,162,154
45,162,154
45,162,154
46,162,154
46,163,154
48,163,155
48,163,155
48,163,155
47,163,155
46,163,154
46,162,154
46,162,154
45,162,154
45,162,153
44,161,152
43,160,152
42,160,152
42,160,152
42,160,152
42,160,151
41,160,150
40,159,150
39,159,151
38,158,150
36,158,149
35,156,148
34,155,147
33,155,147
32,155,146
32,155,146
32,155,146
32,155,146
32,155,146
32,155,146
32,155,146
32,155,146
39,159,151
40,159,150
40,160,151
41,160,151
42,161,152
43,161,152
43,162,153
44,162,153
45,162,154
45,163,154
45,163,154
45,163,154
45,163,154
45,163,154
45,163,154
45,163,154
46,163,155
46,163,154
46,163,154
45,163,154
45,162,154
45,162,154
45,162,154
45,162,154
45,162,154
45,163,154
45,163,154
45,163,154
45,163,154
45,163,154
45,163,155
46,163,155
47,163,155
47,163,155
47,164,155
47,164,155
47,164,155
47,164,155
47,164,155
47,164,155
47,164,155
47,163,155
47,163,155
47,163,155
47,163,155
48,163,155
48,163,155
48,163,155
48,163,155
48,163,155
48,163,156
48,163,156
48,163,156
48,163,156
49,163,157
49,163,157
49,163,157
49,163,157
49,163,157
50,164,156
51,164,155
50,164,155
48,163,155
48,163,155
47,163,155
47,163,155
46,164,155
46,163,155
46,163,155
46,163,155
45,163,154
45,163,154
45,163,154
45,163,154
45,163,154
45,163,154
45,162,154
45,162,154
45,162,154
45,162,154
45,162,154
45,162,154
45,163,154
46,163,154
47,163,155
47,163,155
47,163,155
47,163,155
47,163,155
46,163,154
46,163,154
46,162,154
45,163,154
45,163,154
45,163,154
45,163,154
45,163,154
46,163,154
46,163,155
46,163,155
46,163,155
47,163,155
47,163,155
47,163,155
46,164,155
46,163,154
46,163,154
46,163,154
46,163,155
46,163,155
46,163,155
46,163,155
46,163,155
47,163,155
47,163,155
47,163,155
47,163,155
47,163,155
46,163,155
46,163,155
46,163,155
45,163,154
45,163,154
45,162,154
44,162,153
44,162,153
44,162,153
44,162,153
44,162,153
44,162,153
44,162,153
43,162,153
43,162,154
43,161,153
43,162,154
43,162,154
43,162,153
45,162,154
45,163,154
45,163,154
47,163,155
50,164,156
50,164,156
50,164,156
49,163,156
47,163,155
46,163,154
46,162,154
46,162,154
45,162,153
45,162,153
43,161,152
42,160,152
41,160,151
42,160,152
41,159,151
41,160,150
40,159,151
40,159,150
39,159,151
38,158,150
36,156,149
35,156,148
33,156,147
33,156,146
32,155,146
32,155,146
32,155,146
32,155,146
32,155,146
32,155,146
32,155,146
32,155,146
39,159,151
40,160,151
41,160,151
42,161,152
43,161,152
43,162,153
43,162,153
44,162,153
45,162,154
45,163,154
45,163,154
45,163,154
45,163,154
45,163,154
45,163,154
45,163,154
46,163,155
46,163,154
46,163,154
46,162,154
45,162,154
45,162,154
45,162,154
45,162,154
45,162,154
45,163,154
45,163,154
45,163,154
46,164,155
46,163,154
46,164,155
47,163,155
47,163,155
47,163,155
47,163,155
47,164,155
47,164,155
47,164,155
47,164,155
47,164,155
47,164,155
47,164,155
47,164,155
48,163,155
48,163,155
48,163,155
48,163,155
47,164,155
47,164,155
48,163,155
48,163,156
48,163,156
48,163,156
48,163,156
48,163,156
48,163,156
49,163,157
49,163,157
49,163,157
51,164,156
51,165,156
51,164,155
50,164,155
48,163,155
47,163,155
46,163,155
46,163,154
45,163,154
45,163,154
45,163,154
45,163,154
45,163,154
45,163,154
45,162,154
45,162,154
45,162,154
45,162,154
45,162,154
45,162,154
44,162,153
44,162,153
45,162,154
45,162,154
45,163,154
46,163,155
47,164,155
47,163,155
47,163,155
47,163,155
46,163,154
46,163,154
46,163,154
46,162,154
45,163,154
45,163,154
45,163,154
45,163,154
45,163,154
46,163,155
46,164,155
46,164,155
47,163,155
47,163,155
47,163,155
46,163,154
46,163,154
46,163,154
46,163,154
46,163,155
46,163,155
46,163,155
46,163,155
46,163,155
47,163,155
47,163,155
47,163,155
47,163,155
47,163,155
47,163,155
47,163,155
46,163,155
46,163,155
45,163,154
45,162,154
44,162,154
44,162,154
44,162,153
44,162,153
44,162,153
44,162,153
44,162,153
44,162,153
43,162,154
43,162,154
43,162,154
43,162,154
43,162,154
45,162,154
45,163,154
46,163,155
47,163,155
50,164,156
50,164,156
50,164,156
49,163,156
48,163,155
47,163,155
46,163,154
46,162,154
46,162,154
45,162,154
43,161,153
42,161,152
41,160,151
41,159,151
41,159,151
40,159,151
40,159,151
40,159,150
39,159,151
39,159,151
37,158,149
36,157,148
33,156,147
33,156,147
32,155,146
32,155,146
32,155,146
32,155,146
32,155,146
32,155,146
32,155,146
32,155,146
39,159,151
40,160,151
41,160,151
42,161,152
43,161,152
43,162,153
44,162,153
44,162,153
45,162,154
45,162,154
45,163,154
45,163,154
45,163,154
45,163,154
45,163,154
45,163,154
45,163,154
46,163,155
46,163,155
46,163,154
46,163,154
45,162,154
45,162,154
45,162,154
45,162,154
45,162,154
45,163,154
45,163,154
47,163,155
47,163,155
47,163,155
47,163,155
47,163,155
47,163,155
48,163,155
48,163,155
48,163,156
48,163,156
47,164,155
47,164,155
47,164,155
47,164,155
47,164,155
47,164,155
47,164,155
47,164,155
47,164,155
47,164,155
47,164,155
47,164,155
47,164,155
48,163,156
48,163,156
48,163,156
48,163,156
48,163,156
48,163,156
48,163,156
49,163,157
49,163,157
50,164,156
51,164,155
51,164,155
49,163,155
47,163,155
47,163,155
46,163,155
45,163,155
45,163,154
45,163,154
45,163,154
45,163,154
45,162,154
44,162,153
45,162,154
45,162,154
45,162,154
45,162,154
45,162,154
45,162,154
44,162,154
44,162,154
44,162,153
45,162,154
45,163,154
46,163,155
46,163,155
47,164,154
47,163,155
47,163,155
47,163,155
46,163,154
46,163,154
46,163,154
46,162,154
45,163,154
45,163,154
45,163,154
45,163,154
46,163,155
46,163,154
46,164,155
46,164,155
47,163,155
46,163,154
46,163,154
45,163,155
45,163,155
46,163,154
46,163,155
46,163,155
46,163,155
46,163,155
46,163,155
47,163,155
47,163,155
47,163,155
47,163,155
47,163,155
47,163,155
47,163,155
47,163,155
46,163,155
45,163,154
45,163,154
45,162,154
44,162,153
44,162,153
44,162,153
44,162,153
44,162,153
44,162,153
44,162,153
44,162,153
43,162,154
43,162,154
43,162,154
43,162,154
45,162,154
45,163,154
46,163,154
47,164,155
48,163,156
50,164,157
49,163,157
49,163,157
48,163,156
47,163,155
47,163,155
46,162,154
46,162,154
45,162,154
43,161,153
42,160,152
42,160,152
40,159,151
40,160,151
39,160,151
40,159,150
40,159,150
40,159,150
39,159,151
38,158,150
36,156,149
35,156,148
33,156,147
33,156,146
32,155,146
32,155,146
32,155,146
32,155,146
32,155,146
32,155,146
32,155,146
32,155,146
40,160,151
41,160,151
43,161,152
43,161,152
43,162,152
44,162,152
44,162,153
45,162,154
45,162,154
45,162,154
45,163,154
45,163,154
45,163,154
45,163,154
45,162,154
45,163,154
45,163,154
46,163,154
46,163,155
46,163,154
46,163,154
45,163,154
45,162,154
45,162,154
45,162,154
45,162,154
45,163,154
46,163,155
47,163,155
47,163,155
47,163,155
47,163,155
47,163,155
48,163,156
48,163,156
48,163,156
48,163,156
48,163,156
48,163,156
48,165,156
48,165,156
48,165,156
48,165,156
48,165,156
48,165,155
48,165,155
47,164,155
47,164,155
47,164,155
47,164,155
47,164,155
47,164,155
47,163,155
47,163,155
47,163,155
48,163,156
48,163,156
48,163,156
48,163,156
48,163,156
48,163,155
49,163,156
48,163,155
48,163,155
47,163,155
46,163,155
45,163,154
45,162,154
45,162,154
45,162,154
45,162,154
45,162,154
45,162,154
44,162,153
45,162,154
45,162,154
45,162,154
45,162,154
45,162,154
44,162,154
44,162,154
44,162,154
44,162,154
44,162,153
45,162,154
46,163,154
46,163,155
47,164,154
47,163,155
47,163,155
47,163,155
47,163,155
46,163,154
46,163,154
46,162,154
46,162,154
45,163,154
45,163,154
45,163,154
45,163,154
45,163,155
45,163,155
46,163,154
46,163,154
45,163,155
45,163,155
45,163,155
45,163,155
46,163,154
46,163,155
46,163,155
46,163,155
46,163,155
47,164,155
47,163,155
47,163,155
47,163,155
48,163,155
47,163,155
47,163,155
47,163,155
47,163,155
47,163,155
46,163,155
45,163,154
45,163,154
45,162,154
44,162,153
45,162,154
45,162,154
45,162,154
45,162,154
45,162,154
44,162,153
44,162,153
44,162,153
44,162,153
44,162,153
45,162,154
45,163,154
46,163,155
46,163,155
47,164,155
48,163,156
49,163,157
48,163,156
48,163,156
47,163,155
47,163,155
46,162,154
46,162,154
45,162,154
43,161,152
42,160,152
40,159,151
39,160,151
38,160,150
38,160,150
39,160,151
39,160,151
40,159,150
40,159,150
39,159,151
38,158,150
36,157,148
34,155,147
33,155,147
31,156,146
31,156,146
32,155,146
32,155,146
32,155,146
32,155,146
32,155,146
32,155,146
40,160,151
41,160,151
43,161,152
43,162,152
44,162,152
44,162,152
44,162,152
45,162,154
45,162,154
45,162,154
45,162,154
45,162,154
45,162,154
45,162,154
45,162,154
45,162,154
45,162,154
45,163,154
45,163,154
46,163,154
46,163,155
46,163,155
45,163,154
45,162,154
45,162,154
45,162,154
45,162,154
45,163,154
47,163,155
47,163,155
47,163,155
47,163,155
47,163,155
48,163,156
48,163,156
48,163,156
48,163,156
48,163,156
48,163,156
48,164,156
49,165,157
49,165,157
48,165,156
48,165,156
49,165,157
48,164,156
48,164,155
48,163,155
47,164,155
47,164,155
47,164,155
46,163,155
46,163,155
46,163,155
46,164,155
47,163,155
47,163,155
47,163,155
48,163,156
48,163,156
48,163,156
48,163,156
48,163,156
48,163,156
47,163,155
46,163,155
45,163,154
45,162,154
45,162,154
45,162,154
45,162,154
45,162,154
45,162,154
45,162,154
45,162,154
45,162,154
45,162,154
45,163,154
46,162,154
45,162,154
44,162,153
44,162,154
43,162,154
43,162,154
44,162,153
45,162,154
45,163,154
46,163,155
47,163,155
47,163,155
47,163,155
47,163,155
47,163,155
46,163,154
46,163,154
46,163,154
46,162,154
45,163,154
45,163,154
45,163,154
45,163,155
45,163,155
45,163,155
45,163,155
46,163,154
45,163,155
46,163,154
46,163,154
46,163,154
46,163,155
46,163,155
46,163,155
46,163,155
46,163,155
47,163,155
47,163,155
47,163,155
48,163,155
48,163,155
48,163,155
48,163,155
47,163,155
47,163,155
47,163,155
47,163,155
47,163,155
46,163,155
45,163,154
45,162,154
45,162,154
45,162,154
45,162,154
45,162,154
45,162,154
45,162,154
45,162,154
45,162,154
45,162,154
45,162,154
45,163,154
46,163,154
46,163,155
46,163,155
46,163,155
47,164,155
48,163,156
48,163,156
48,163,156
47,163,155
47,163,155
46,162,154
46,162,154
45,162,154
43,161,152
42,160,152
40,158,151
38,160,150
37,159,150
37,159,150
38,160,150
39,160,151
39,160,151
40,159,150
39,159,151
38,158,150
36,156,149
34,156,147
33,155,147
31,156,146
31,156,146
31,156,146
32,155,146
32,155,146
32,155,146
32,155,146
32,155,146
32,155,146
41,160,151
42,161,152
43,161,152
43,162,152
44,162,152
44,162,152
45,162,153
45,162,153
45,162,154
45,162,154
45,162,154
45,162,154
45,162,154
45,162,154
45,162,154
45,162,154
45,162,154
45,162,154
45,163,154
46,163,155
46,163,155
46,163,155
45,163,154
45,162,154
45,162,154
45,162,154
45,162,154
45,163,154
46,163,155
47,163,155
47,163,155
48,163,156
48,163,156
48,163,156
48,163,156
48,163,156
48,163,156
48,163,156
48,164,156
48,164,156
49,165,157
49,165,157
49,165,157
49,165,157
49,165,157
48,164,156
48,164,155
48,163,155
47,163,155
47,164,155
46,163,155
46,163,155
46,163,155
45,163,155
45,163,155
46,164,155
47,163,155
47,163,155
47,163,155
47,163,155
47,163,155
47,164,155
46,163,155
46,164,155
46,163,154
45,163,154
45,163,154
45,163,154
45,163,154
45,162,154
45,162,154
45,162,154
45,162,154
45,162,154
45,162,154
45,163,154
45,163,154
46,163,154
46,163,154
46,162,154
45,162,154
43,162,153
43,162,154
43,162,154
44,162,154
44,162,153
45,163,154
46,163,154
47,163,155
47,163,155
47,163,155
47,163,155
47,163,155
47,163,155
46,163,154
46,163,154
46,163,154
45,163,154
45,163,154
45,163,154
45,163,155
45,163,155
45,163,155
45,163,155
45,163,155
45,163,155
46,163,154
46,163,154
46,163,154
46,164,155
46,163,155
46,163,155
46,163,155
47,163,155
47,163,155
47,163,155
48,163,155
48,163,156
48,163,156
48,163,156
48,163,156
48,163,155
48,163,155
48,163,155
48,163,155
47,163,155
47,163,155
46,163,155
46,163,155
46,163,155
45,163,154
46,163,155
46,163,155
45,163,154
45,163,154
45,162,154
45,163,154
45,163,154
45,163,154
45,163,154
46,163,155
47,163,155
46,163,155
46,163,155
47,164,155
47,163,155
48,163,156
48,163,156
47,163,155
47,163,155
46,162,154
46,162,154
45,162,154
43,161,152
42,160,152
39,159,151
37,159,150
37,159,150
37,159,150
38,159,150
39,160,151
40,160,151
40,159,151
40,159,151
39,159,151
38,158,150
36,157,148
33,155,147
33,154,147
31,156,146
31,156,146
32,155,146
32,155,146
32,155,146
32,155,146
32,155,146
31,156,146
40,160,151
40,160,151
42,161,152
43,161,152
43,162,152
44,162,152
44,162,152
45,162,153
45,162,153
45,162,154
45,162,154
45,162,154
45,163,154
45,162,154
45,162,154
45,162,154
45,162,154
45,162,154
45,162,154
45,163,154
45,163,154
46,163,155
45,163,154
45,163,154
45,163,154
45,162,154
45,162,154
45,162,154
45,163,154
46,163,155
47,163,155
48,163,155
48,163,156
48,163,156
48,163,156
48,163,156
48,163,156
48,163,156
48,163,156
48,163,156
48,164,156
48,164,156
49,165,157
49,165,157
49,165,157
49,165,157
48,164,156
48,164,155
48,163,155
47,163,155
47,163,155
46,163,155
45,163,155
45,162,154
45,162,154
45,162,154
45,163,155
46,164,155
47,163,155
47,163,155
47,163,155
46,163,155
46,163,155
46,163,155
46,163,155
45,163,155
45,163,154
45,163,154
45,163,154
45,163,154
45,163,154
45,163,154
45,163,154
45,163,154
45,163,154
45,163,154
45,163,154
46,163,154
46,163,154
46,163,154
46,163,154
45,162,154
43,162,154
43,162,154
43,161,153
43,162,154
44,162,153
45,162,154
45,163,154
46,163,155
47,163,155
47,163,155
47,163,155
47,163,155
47,163,155
47,163,155
47,163,154
46,163,154
46,163,155
45,163,154
45,163,155
45,163,155
45,163,155
45,163,155
45,163,155
45,163,155
45,163,155
46,163,155
46,163,155
47,163,155
46,164,155
46,164,155
47,163,155
47,163,155
47,163,155
47,163,155
48,163,156
48,163,156
48,163,156
48,163,156
48,163,156
48,163,156
48,163,156
48,163,156
48,163,155
48,163,155
48,163,155
48,163,155
47,163,155
47,163,155
46,163,155
46,163,155
46,163,155
46,163,155
46,163,155
45,163,154
45,163,154
45,163,154
45,163,154
45,163,154
45,163,154
45,163,154
46,163,155
47,163,155
46,163,155
47,163,155
47,163,155
47,163,155
47,163,155
47,163,155
47,163,155
46,163,154
46,162,154
45,162,154
42,160,152
42,160,152
38,160,150
38,159,150
37,159,150
37,159,150
38,159,150
39,160,151
40,160,151
41,159,151
40,159,151
40,159,150
38,158,150
36,156,149
34,156,147
33,155,147
31,156,146
31,156,146
32,155,146
32,155,146
32,155,146
32,155,146
32,155,146
32,155,146
32,155,146
39,160,151
40,160,151
41,160,151
42,161,152
43,162,152
44,162,152
44,162,152
45,162,153
45,162,153
45,162,154
45,162,154
45,162,154
45,163,154
45,162,154
45,162,154
45,162,154
45,162,154
45,162,154
45,162,154
45,163,154
45,163,154
45,163,154
45,163,154
45,163,154
45,162,154
45,162,154
45,162,154
45,162,154
45,163,154
46,163,155
47,164,155
48,163,155
48,163,156
48,163,156
48,163,156
48,163,156
48,163,156
48,163,156
48,163,156
48,163,156
48,164,156
48,164,156
48,164,156
48,164,156
48,164,156
48,164,156
48,164,156
48,163,155
47,163,155
47,163,155
47,163,155
46,163,154
45,162,154
44,162,154
44,162,154
45,161,155
45,163,155
45,163,154
46,163,155
47,163,155
46,163,155
46,163,155
46,163,155
46,163,155
45,163,155
45,163,155
45,163,155
45,163,154
45,163,154
45,163,154
45,163,154
45,163,154
45,163,154
45,163,154
45,163,154
45,163,155
46,163,154
46,163,154
46,163,154
46,163,154
46,162,154
45,162,153
43,162,153
43,161,153
43,161,153
43,161,153
43,162,153
44,162,153
45,163,154
46,163,154
46,164,154
47,163,155
47,163,155
47,163,155
47,163,155
47,163,155
47,163,154
47,163,155
47,163,155
46,163,155
45,163,155
45,163,155
45,163,155
45,163,155
45,163,155
45,163,155
46,163,154
46,164,155
47,163,155
47,163,155
47,163,155
47,163,155
47,163,155
47,163,155
47,163,155
47,163,155
48,163,156
48,163,156
48,163,156
48,163,156
48,163,156
48,163,156
48,164,156
48,164,156
48,164,156
48,164,155
48,164,155
48,163,155
48,163,155
48,163,155
47,163,155
46,163,154
46,163,155
46,163,155
46,163,155
45,163,154
45,163,154
45,163,154
45,163,155
45,163,155
45,163,155
45,163,154
45,163,154
46,163,155
47,163,155
46,163,155
47,163,155
47,163,155
47,163,155
47,163,155
47,163,155
46,163,155
45,163,154
45,162,154
43,161,152
42,161,152
39,160,151
38,160,150
38,159,150
38,159,150
39,160,151
40,160,151
40,160,151
42,160,152
41,159,151
40,159,150
39,159,151
37,158,149
36,155,148
34,155,147
33,155,147
32,155,146
32,155,146
32,155,146
32,155,146
32,155,146
32,155,146
32,155,146
32,155,146
38,159,150
38,159,150
38,160,150
40,160,151
41,160,151
42,161,151
43,162,152
44,162,152
45,162,153
45,162,153
45,162,154
45,162,154
45,162,154
45,163,154
45,162,154
45,162,154
45,162,154
45,162,154
45,162,154
45,162,154
45,163,154
45,163,154
45,163,154
45,163,154
45,163,154
45,162,154
45,162,154
45,162,154
45,162,154
45,163,154
46,163,155
47,164,155
48,163,155
48,163,156
48,164,156
48,163,156
48,163,156
49,163,157
48,163,156
48,163,156
48,163,156
49,163,157
48,163,156
48,164,156
49,163,157
49,163,157
48,163,156
48,163,155
47,163,155
47,163,155
47,163,155
46,163,155
45,163,154
45,162,154
44,162,154
44,162,154
45,161,155
45,163,154
45,163,154
46,163,155
47,163,155
46,163,155
46,163,155
46,163,155
46,163,155
45,163,155
45,163,155
45,163,155
45,163,154
45,163,154
45,163,154
45,163,154
45,163,154
45,163,154
45,163,154
45,163,154
46,163,154
46,163,154
46,164,155
47,163,154
46,163,154
46,162,154
45,162,153
43,162,153
43,161,152
43,161,153
43,161,153
43,162,153
44,162,153
45,162,154
46,163,154
46,163,154
46,164,154
46,164,154
47,163,154
47,163,154
47,163,154
47,163,154
46,163,155
46,163,155
47,163,155
46,164,155
45,163,155
45,163,155
45,163,155
45,163,155
46,163,155
47,163,155
47,163,155
47,163,155
47,163,155
47,163,155
47,163,155
47,163,155
47,163,155
47,163,155
48,163,156
48,163,156
48,163,156
48,163,156
48,163,156
48,164,156
48,164,156
48,164,156
48,164,156
49,165,157
49,165,156
49,165,156
48,164,155
48,164,155
48,163,155
47,164,155
46,163,155
46,163,155
46,163,154
46,163,155
46,163,155
45,163,154
45,163,154
45,163,155
45,163,155
45,163,155
45,163,154
45,163,154
45,163,154
45,163,154
46,163,155
46,163,155
47,164,155
47,164,155
47,164,155
47,163,155
47,163,155
46,163,155
46,162,154
44,161,152
42,161,152
41,160,151
39,160,151
38,160,150
38,160,150
40,159,151
42,160,151
42,160,151
42,160,151
42,160,152
41,159,151
40,159,150
38,158,150
36,157,149
35,155,148
34,155,147
33,156,146
33,156,146
33,156,146
32,155,146
32,155,146
32,155,146
32,155,146
32,155,146
32,155,146
37,159,150
36,159,149
37,159,149
38,159,150
40,160,151
42,161,152
43,162,153
44,162,152
45,162,153
45,162,153
45,162,154
45,162,154
45,163,154
45,163,154
45,163,154
45,163,154
45,162,154
45,162,154
45,162,154
45,162,154
45,163,154
45,163,154
45,163,154
45,163,154
45,162,154
44,162,153
44,162,153
45,162,154
45,162,154
45,162,154
46,163,155
47,163,155
48,163,155
48,163,156
48,164,156
48,164,156
48,163,156
49,163,157
48,163,156
48,163,156
48,163,156
48,163,156
48,163,156
48,163,156
48,163,156
48,163,156
48,163,156
47,163,155
47,163,155
47,163,155
46,163,155
45,163,154
45,162,154
45,162,154
44,162,154
45,162,154
45,162,154
45,163,154
45,163,154
46,163,155
47,163,155
47,163,155
46,163,155
46,163,154
46,163,155
46,163,155
45,163,155
45,163,155
45,163,154
45,163,154
46,163,155
46,163,155
46,163,155
46,163,155
46,163,155
46,163,155
46,163,155
46,164,155
46,164,155
47,163,155
46,163,154
46,162,154
45,162,153
43,162,153
43,161,152
43,161,153
43,161,153
43,162,153
44,162,153
44,162,153
45,162,154
46,163,154
46,163,154
46,164,154
46,164,154
46,164,154
46,164,154
46,163,155
46,163,155
46,163,155
46,163,155
46,164,155
46,164,155
46,163,154
46,163,154
46,163,154
47,163,155
47,163,155
47,163,155
47,163,155
47,163,155
47,163,155
47,163,155
47,163,155
47,163,155
47,163,155
47,163,155
48,163,156
48,163,156
48,163,156
48,163,156
48,164,156
49,165,157
49,165,157
50,164,157
50,164,157
49,165,156
49,165,156
49,165,156
49,165,156
48,164,155
47,164,155
47,164,155
47,164,155
46,163,155
46,163,154
46,163,154
45,163,155
45,163,155
45,163,155
45,163,155
45,163,155
45,163,155
45,163,154
45,163,154
45,163,154
45,163,154
46,163,155
46,163,155
47,164,155
47,164,155
47,164,155
46,163,155
46,163,155
46,162,154
45,162,153
43,161,152
42,161,152
42,161,152
40,160,151
40,160,151
42,160,151
43,161,152
43,161,152
43,161,152
42,161,152
42,160,152
40,159,150
40,158,150
37,157,149
36,155,148
34,156,147
34,155,147
33,156,147
33,156,146
33,156,146
32,155,146
32,155,146
32,155,146
32,155,146
32,155,146
37,159,150
36,159,149
36,159,149
37,159,150
37,159,150
40,160,151
40,160,151
42,161,152
43,162,153
45,162,153
45,162,153
45,162,154
45,162,154
45,163,154
45,163,154
45,163,154
45,163,154
45,163,154
45,162,154
45,162,154
45,163,154
45,163,154
45,163,154
45,163,154
45,162,154
44,162,153
44,162,153
44,162,153
44,162,153
45,162,154
45,162,154
47,163,155
47,163,155
48,163,155
48,163,155
48,164,156
48,164,156
48,163,156
48,163,156
48,163,156
48,163,156
48,163,156
48,163,156
48,163,156
48,163,156
48,163,156
47,163,155
47,163,155
47,163,155
46,163,155
45,163,154
45,163,154
45,162,154
44,162,153
44,162,153
44,162,154
45,162,154
45,162,154
45,163,154
46,163,155
46,163,155
47,163,155
47,163,155
47,163,155
46,163,155
46,163,155
46,163,155
46,163,155
46,163,154
46,163,155
46,163,155
46,163,155
46,163,155
46,163,155
46,163,155
46,163,155
47,163,155
46,163,155
46,163,155
47,163,155
47,163,155
46,163,155
45,163,154
45,162,154
43,162,153
43,162,153
43,162,153
43,162,153
44,162,153
44,162,153
45,162,154
45,162,154
45,162,154
46,163,154
46,163,154
46,163,154
46,163,154
46,163,154
46,163,155
46,163,155
46,163,155
46,163,155
47,163,155
47,163,155
47,163,155
47,163,155
47,163,155
47,163,155
47,163,155
47,163,155
47,163,155
47,163,155
47,163,155
47,163,155
47,163,155
47,163,155
47,163,155
47,163,155
47,163,155
48,163,156
48,163,156
48,163,156
48,164,156
50,165,157
50,165,157
50,165,157
50,165,156
50,165,156
50,165,156
50,165,156
49,165,156
49,165,156
48,165,155
48,165,156
48,165,156
47,164,155
46,163,155
46,163,155
46,163,154
46,163,154
46,163,154
46,163,154
46,163,154
45,163,154
45,163,154
45,163,154
45,163,154
45,162,154
45,163,154
46,163,155
46,163,155
46,163,155
46,163,155
46,163,155
46,163,155
46,163,155
46,162,154
45,162,154
43,162,153
43,160,152
43,160,152
43,161,152
43,161,152
43,161,152
43,161,152
43,161,152
43,160,152
42,160,152
40,159,150
39,159,151
38,157,150
36,157,149
36,155,148
34,156,147
34,155,147
33,156,146
33,156,146
32,155,146
32,155,146
32,155,146
32,155,146
32,155,146
32,155,146
37,159,150
36,159,149
36,159,149
37,159,150
37,159,150
38,160,151
40,160,151
42,161,152
43,162,153
45,162,154
45,162,154
45,162,154
45,162,154
45,163,154
45,163,154
45,163,154
45,163,154
45,163,154
45,163,154
45,163,154
45,163,154
45,163,154
45,163,154
45,163,154
45,162,154
44,162,153
44,162,153
44,162,153
44,162,153
45,162,154
45,162,154
46,163,155
47,164,155
48,163,155
48,163,155
48,164,155
48,164,156
48,163,156
48,163,156
48,163,156
48,163,156
48,163,156
47,163,155
47,163,155
47,163,155
46,163,155
45,163,154
45,163,154
45,162,154
45,162,154
45,162,154
45,162,154
44,162,153
44,162,153
44,162,154
44,162,153
45,162,154
45,163,154
45,163,154
47,163,155
47,163,155
47,163,155
47,163,155
47,163,155
47,163,155
47,164,155
46,163,155
46,163,155
47,163,155
47,163,155
47,163,155
47,163,155
47,163,155
47,163,155
47,163,155
47,163,155
47,163,155
46,163,155
46,163,155
46,163,155
46,163,155
46,163,155
45,163,154
45,163,154
45,162,154
44,162,153
44,162,153
44,162,153
44,162,153
45,162,154
45,162,154
45,162,154
45,162,154
45,163,154
45,163,154
45,163,154
45,162,154
46,163,154
46,163,154
46,163,155
46,163,155
47,164,155
47,163,155
47,163,155
47,163,155
47,163,155
48,163,156
48,163,156
47,163,155
47,163,155
47,163,155
47,163,155
47,163,155
47,163,155
47,163,155
47,163,155
47,163,155
47,163,155
47,163,155
47,164,155
47,164,155
48,163,155
49,165,156
50,165,156
50,165,156
50,165,156
50,166,156
50,165,156
49,166,156
50,165,156
50,165,156
48,165,155
48,165,156
48,165,156
48,165,156
48,165,156
48,163,156
48,163,156
47,163,155
47,163,155
47,163,155
47,163,155
47,163,155
46,163,155
45,163,154
45,163,154
45,163,154
45,162,154
45,163,154
45,163,154
46,163,155
46,163,155
46,163,155
46,163,155
47,163,155
47,163,155
46,163,155
45,163,154
45,162,154
45,162,154
45,162,154
45,162,154
45,162,153
44,161,152
44,161,152
43,161,152
43,160,152
42,160,152
40,159,150
39,159,151
38,158,150
36,157,149
36,157,149
34,156,147
34,156,147
34,155,147
33,155,147
32,155,146
32,155,146
32,155,146
32,155,146
32,155,146
32,155,146
37,159,150
37,159,150
37,159,150
37,159,150
38,159,150
38,159,150
40,160,151
40,160,151
43,161,152
43,162,153
45,162,154
45,162,154
45,162,154
45,163,154
45,163,154
45,163,154
46,163,154
46,163,154
46,163,154
46,163,155
46,163,155
45,163,154
45,163,154
45,163,154
45,163,154
45,163,154
45,162,154
44,162,153
45,162,154
45,162,154
45,162,154
45,162,154
47,163,155
47,163,155
48,163,155
48,163,155
47,164,155
48,164,155
48,163,155
48,163,155
48,163,156
47,163,155
47,163,155
46,164,155
46,164,155
45,163,154
45,163,154
45,163,154
45,162,154
44,162,153
44,162,153
43,162,153
43,162,154
43,162,154
43,162,154
44,162,154
44,162,154
45,162,154
45,163,154
47,163,155
47,163,155
47,163,155
47,163,155
47,163,155
47,163,155
47,163,155
47,164,155
47,164,155
47,164,155
47,164,155
47,163,155
47,163,155
47,163,155
47,163,155
47,163,155
47,163,155
47,163,155
47,163,155
46,163,155
46,163,155
46,163,155
46,163,155
46,163,155
45,163,154
45,163,154
45,163,154
45,163,154
45,162,154
45,162,154
45,162,154
45,162,154
45,163,154
45,163,154
45,162,154
45,162,154
45,162,154
45,162,154
45,162,154
45,162,154
46,163,154
46,163,154
47,163,155
47,163,155
47,163,155
47,163,155
47,163,155
48,163,156
48,163,156
48,163,156
48,163,156
47,163,155
47,163,155
47,163,155
47,163,155
47,163,155
47,163,155
47,163,155
47,163,155
47,164,155
47,164,155
47,164,155
47,164,155
47,164,155
48,164,155
50,165,156
50,165,156
49,166,156
50,165,156
49,166,156
49,166,156
49,166,156
48,165,155
48,165,155
48,165,156
48,165,156
48,165,156
49,165,157
48,164,156
48,164,156
48,164,156
48,163,155
47,163,155
47,163,155
47,163,155
47,163,155
46,163,155
45,163,154
45,163,154
45,163,154
45,163,154
45,163,154
46,163,155
46,163,155
47,163,155
47,163,155
47,163,155
47,163,155
47,163,155
46,163,155
45,163,154
46,162,154
46,162,154
45,162,154
45,162,154
45,162,153
44,161,152
44,161,152
43,160,152
42,160,152
40,159,150
39,159,151
38,158,150
37,157,149
36,156,149
35,156,148
34,155,147
34,155,147
33,155,147
32,155,146
32,155,146
32,155,146
32,155,146
32,155,146
32,155,146
32,155,146
38,159,150
38,159,150
37,159,150
38,159,150
38,159,150
38,160,151
40,160,151
41,160,151
43,161,152
43,162,153
45,162,154
45,162,154
45,162,154
45,163,154
45,163,154
45,163,154
45,163,154
46,163,154
46,163,154
46,163,154
46,163,155
46,163,155
45,163,154
45,163,154
45,163,154
45,163,154
45,163,154
45,163,154
45,162,154
45,162,154
45,162,154
45,163,154
47,163,155
47,163,155
48,163,155
48,163,155
47,164,155
48,163,155
48,163,155
48,163,155
47,163,155
47,163,155
47,163,155
46,164,155
47,163,155
45,163,154
45,163,154
45,163,154
45,162,154
44,162,153
44,162,153
43,162,153
43,162,154
43,162,154
43,162,154
44,162,154
44,162,154
45,162,154
46,163,155
46,163,155
47,163,155
47,163,155
47,163,155
47,163,155
47,163,155
47,163,155
47,163,155
47,163,155
47,164,155
47,163,155
47,163,155
47,163,155
47,163,155
47,163,155
47,163,155
47,163,155
47,163,155
47,163,155
46,163,155
47,163,155
47,163,155
46,163,155
46,163,155
46,163,155
45,163,154
45,163,154
45,163,154
46,163,155
46,163,155
46,163,155
46,163,155
46,163,155
46,163,154
45,163,154
45,162,154
45,162,154
45,162,154
45,162,154
45,162,154
45,163,154
46,163,155
47,163,155
47,163,155
47,163,155
47,163,155
48,163,156
48,163,156
48,163,156
48,163,156
48,163,156
47,163,155
47,163,155
47,163,155
47,163,155
47,163,155
47,163,155
47,163,155
47,163,155
47,164,155
47,164,155
47,164,155
47,164,155
47,164,155
48,163,155
49,165,156
49,166,156
49,166,156
49,166,156
49,166,156
49,166,156
49,166,156
49,165,157
48,165,156
48,165,156
48,165,156
48,165,156
49,165,157
49,165,157
48,164,156
48,164,156
48,163,155
48,163,155
48,163,155
47,163,155
47,163,155
47,163,155
46,163,155
45,163,154
45,163,154
45,163,154
45,163,154
45,163,154
46,163,154
47,163,155
47,163,155
47,163,155
47,163,155
47,163,155
47,163,155
46,163,155
46,163,155
46,162,154
46,162,154
45,162,154
45,162,153
45,162,153
43,162,153
43,160,152
42,160,152
40,159,150
38,158,150
38,158,150
36,158,149
36,156,149
36,157,148
34,155,147
34,155,147
33,155,147
32,155,146
32,155,146
32,155,146
32,155,146
32,155,146
32,155,146
32,155,146
38,159,150
38,159,150
38,159,150
38,160,151
39,160,151
40,160,151
40,160,151
42,161,152
43,162,153
43,162,153
44,162,153
44,162,153
45,162,154
45,162,154
45,162,154
45,162,154
45,163,154
46,163,154
46,163,154
46,163,155
47,163,155
47,163,155
46,163,155
46,163,155
45,163,154
45,163,154
45,163,154
45,163,154
45,163,154
45,163,154
45,163,154
47,163,155
47,163,155
47,163,155
48,163,155
48,163,155
47,164,155
48,163,155
48,164,155
48,164,155
48,163,155
47,163,155
47,163,155
46,164,155
47,163,155
45,163,154
45,163,154
45,163,154
45,162,154
44,162,153
44,162,153
44,162,153
43,162,153
43,162,154
44,162,154
44,162,154
44,162,154
46,163,154
46,163,155
46,163,155
47,163,155
47,163,155
47,163,155
47,163,155
47,163,155
47,163,155
47,163,155
47,163,155
47,163,155
47,163,155
47,163,155
47,163,155
47,163,155
47,163,155
47,163,155
47,163,155
47,163,155
47,163,154
46,163,155
47,163,155
46,163,155
46,163,155
47,163,155
46,163,155
46,163,155
47,163,155
47,163,155
47,163,155
46,163,155
46,163,155
46,163,155
46,163,155
47,163,155
47,163,155
47,163,155
45,163,154
45,162,154
45,162,154
45,162,154
45,163,154
46,163,155
46,163,155
47,164,155
47,164,155
47,164,155
47,164,155
47,164,155
48,163,156
48,163,156
48,163,156
47,163,155
47,163,155
47,163,155
47,163,155
47,163,155
47,163,155
47,163,155
47,163,155
47,163,155
48,163,156
48,163,156
48,163,156
48,163,156
48,163,155
49,165,156
48,165,155
49,166,156
49,166,156
49,166,156
49,166,156
49,165,157
49,165,157
48,165,156
48,165,156
48,165,156
48,165,156
48,165,156
49,165,157
49,165,157
48,164,156
48,164,156
48,163,155
48,163,155
47,163,155
47,163,155
47,163,155
46,163,155
45,163,154
45,163,154
45,162,154
45,163,154
45,163,154
46,163,155
47,163,155
47,163,155
47,163,155
47,163,155
47,163,155
47,163,155
47,163,155
46,163,155
46,163,154
46,162,154
46,162,154
45,162,153
45,162,153
43,162,153
43,160,152
42,160,152
39,159,151
38,158,150
38,158,150
36,158,149
36,156,149
36,157,148
34,156,147
34,155,147
33,155,147
32,155,146
32,155,146
32,155,146
32,155,146
32,155,146
32,155,146
32,155,146
38,160,151
38,160,151
38,160,150
38,160,150
39,160,151
40,160,151
40,160,151
41,160,151
43,161,152
43,162,153
43,162,153
44,162,153
44,162,153
44,162,153
45,162,154
45,162,154
45,162,154
45,162,154
45,163,154
46,163,154
46,163,155
47,163,155
47,163,155
47,163,155
46,163,155
45,163,154
45,163,154
45,163,154
45,163,154
45,163,154
45,163,154
45,163,154
47,163,155
47,163,155
47,163,155
47,163,155
48,163,155
48,163,156
48,163,155
48,164,155
48,164,155
48,164,155
47,163,155
47,163,155
47,163,155
47,163,155
47,163,155
45,163,154
45,163,154
45,163,154
45,162,154
44,162,153
44,162,153
44,162,153
44,162,153
44,162,153
44,162,153
45,163,154
46,163,155
46,163,155
46,163,155
47,163,155
47,163,155
47,163,155
47,163,155
47,163,155
47,163,155
47,163,155
47,163,155
47,163,155
47,163,155
46,163,155
46,163,155
46,163,155
46,163,155
47,163,155
47,163,155
47,163,155
47,163,154
46,163,155
47,163,155
46,163,155
46,163,155
47,163,155
47,163,155
47,163,155
47,163,155
47,163,155
47,163,155
47,164,155
46,163,155
47,164,155
47,164,155
47,164,155
47,163,155
47,163,155
47,163,155
46,163,154
45,162,154
46,163,154
46,163,154
46,163,155
46,163,155
46,163,155
46,163,155
47,164,155
47,164,155
47,164,155
48,163,156
48,163,156
47,163,155
47,163,155
47,163,155
47,163,155
47,163,155
47,163,155
47,163,155
47,163,155
48,163,156
48,163,156
48,163,156
48,163,156
48,163,156
48,163,156
48,163,156
48,165,156
48,165,156
48,165,156
49,165,157
49,165,157
49,165,157
49,165,157
49,165,157
50,165,157
50,165,157
48,165,156
48,165,156
48,165,156
49,165,157
49,165,157
48,164,156
48,164,156
48,163,155
48,163,155
48,163,155
47,163,155
47,163,155
46,163,155
45,163,154
45,162,154
45,162,154
45,163,154
45,163,154
46,163,155
47,163,155
47,163,155
47,163,155
47,163,155
47,163,155
47,163,155
47,163,155
47,163,155
46,163,155
45,163,154
45,163,154
45,162,153
45,162,153
44,161,152
43,161,152
42,160,152
39,159,151
38,158,150
38,158,150
36,158,149
36,156,149
36,157,148
35,156,148
34,155,147
34,155,147
33,155,146
32,155,146
32,155,146
32,155,146
32,155,146
32,155,146
32,155,146
32,155,146
38,160,151
38,160,151
39,160,151
40,160,151
40,160,151
40,160,151
41,160,151
42,161,152
43,161,152
43,162,153
44,162,153
44,162,153
44,162,153
44,162,153
44,162,153
45,162,154
45,162,154
45,162,154
45,162,154
46,163,154
46,163,155
47,163,155
47,163,155
47,163,155
46,163,155
45,163,154
45,163,154
45,163,154
45,163,154
45,163,154
45,163,154
46,163,155
47,163,155
47,163,155
47,163,155
47,163,155
48,163,156
48,163,156
48,163,156
48,164,155
48,164,156
48,164,155
48,163,156
47,163,155
47,163,155
47,163,155
47,163,155
46,163,155
46,163,155
45,163,154
45,163,154
45,163,154
45,162,154
45,162,154
45,162,154
45,162,154
45,163,154
46,163,154
46,163,155
46,163,155
47,163,155
47,163,155
47,163,155
47,163,155
47,163,155
47,163,155
47,163,155
47,163,155
46,164,155
46,163,154
46,163,154
46,163,154
46,163,154
46,163,155
46,163,155
46,163,155
47,163,155
47,163,154
47,163,154
47,163,155
47,163,155
47,163,155
46,163,155
47,163,155
47,163,155
47,163,155
47,163,155
48,163,155
47,163,155
47,163,155
47,164,155
47,164,155
47,164,155
47,164,155
47,163,155
47,163,155
47,163,155
47,163,155
46,163,154
46,163,154
46,163,154
46,163,154
46,163,154
46,163,155
46,163,155
46,163,155
46,163,155
47,164,155
48,163,156
47,163,155
47,163,155
47,163,155
47,163,155
47,163,155
47,163,155
47,163,155
48,163,156
48,163,156
48,163,156
48,163,156
48,163,156
48,163,156
48,163,156
48,163,156
48,163,156
48,163,156
48,165,156
48,165,156
49,165,157
49,165,157
49,165,157
50,165,157
50,165,157
50,165,157
50,165,157
50,165,157
50,165,157
50,165,157
50,165,157
49,165,157
49,165,157
48,164,156
48,163,156
48,163,155
48,163,155
47,163,155
47,163,155
45,163,154
45,163,154
45,162,154
45,162,154
45,163,154
45,163,154
45,163,154
46,163,155
47,163,155
47,163,155
46,163,155
46,163,155
46,163,155
47,163,155
47,163,155
47,163,155
46,163,155
46,162,154
45,162,153
45,162,153
45,162,153
44,161,152
42,160,151
40,159,150
39,159,151
38,158,150
38,158,150
36,156,149
36,157,148
36,157,148
34,156,147
34,155,147
33,155,147
33,155,146
32,155,146
32,155,146
32,155,146
32,155,146
32,155,146
32,155,146
40,160,151
40,160,151
40,160,151
40,160,151
40,160,151
40,160,151
41,160,151
42,161,152
43,161,152
43,162,153
44,162,153
44,162,153
44,162,153
44,162,153
44,162,153
44,162,153
44,162,153
45,162,154
45,162,154
45,162,154
45,162,154
46,163,155
46,163,155
47,163,155
45,163,154
45,163,154
45,163,154
45,163,154
45,163,154
45,163,154
45,163,154
45,163,154
45,163,154
47,163,155
47,163,155
47,163,155
47,163,155
48,163,156
48,163,156
48,163,156
49,163,157
49,163,157
48,163,156
48,163,156
48,163,156
47,163,155
47,163,155
47,163,155
47,163,155
47,163,155
46,163,155
46,163,155
45,163,154
45,163,154
45,163,154
45,163,154
45,163,154
46,163,154
46,163,154
46,163,155
46,163,155
46,163,155
47,163,155
47,163,155
47,163,155
47,163,155
47,163,155
47,163,155
46,163,155
45,163,155
45,163,155
45,163,155
45,163,155
45,163,155
45,163,154
45,163,154
45,163,154
46,163,155
46,163,155
47,163,155
46,163,155
46,163,155
46,163,155
46,163,155
46,163,155
47,164,155
47,163,155
48,163,155
48,163,155
48,163,155
47,164,155
47,164,155
47,164,155
47,164,155
47,164,155
47,164,155
47,163,155
47,163,155
47,163,155
47,163,155
46,163,155
46,163,155
46,163,154
46,163,154
46,163,155
46,163,155
46,163,155
46,163,155
46,163,155
47,163,155
47,163,155
47,163,155
47,163,155
47,163,155
47,163,155
47,163,155
47,163,155
48,163,156
48,163,156
48,163,156
48,163,156
48,163,156
48,163,156
48,163,156
48,163,156
48,163,156
48,163,156
48,164,156
49,165,157
50,165,157
50,165,157
50,165,157
50,165,157
50,165,157
50,165,157
50,165,157
50,165,157
50,165,157
50,165,157
50,165,157
49,165,157
49,165,157
48,164,156
48,163,155
48,163,155
48,163,155
47,163,155
47,163,155
45,163,154
45,162,154
45,162,154
45,162,154
45,162,154
45,163,154
46,163,155
46,163,155
47,163,155
46,163,155
46,163,155
46,163,155
46,163,155
46,163,155
47,163,155
47,163,155
46,163,155
46,162,154
46,162,154
45,162,153
45,162,153
45,162,153
43,161,152
41,159,151
39,159,151
38,158,150
38,158,150
36,156,149
36,156,149
36,157,148
34,156,147
34,155,147
33,155,147
33,155,147
33,155,146
32,155,146
32,155,146
32,155,146
32,155,146
32,155,146
33,156,146
40,160,151
40,160,151
40,160,151
40,160,151
40,160,151
41,160,151
42,161,152
43,161,152
43,162,153
43,162,153
44,162,153
44,162,153
44,162,153
44,162,153
44,162,153
44,162,153
44,162,153
44,162,153
44,162,153
45,162,154
45,162,154
45,163,155
45,163,155
45,163,154
45,163,154
45,163,154
45,163,154
45,163,154
45,163,154
45,162,154
45,162,154
45,162,154
45,163,154
46,163,155
46,163,155
47,163,155
47,163,155
48,163,156
48,163,156
48,163,156
48,163,156
48,163,156
48,163,156
48,163,156
48,163,156
47,163,155
47,163,155
47,163,155
47,163,155
47,163,155
46,163,155
46,163,155
46,163,155
46,163,155
46,163,155
45,163,154
46,163,155
46,163,155
46,163,155
46,163,155
46,163,155
46,163,155
46,163,155
46,163,155
46,163,155
46,163,155
46,163,155
46,163,155
46,163,155
45,163,155
45,163,155
45,163,155
45,163,155
45,162,154
45,162,154
45,162,154
45,163,154
45,163,154
45,163,154
46,163,155
46,163,155
46,163,155
46,163,155
46,163,155
46,163,155
47,164,155
47,164,155
48,163,155
48,163,155
47,164,155
47,164,155
47,164,155
47,164,155
47,164,155
47,164,155
47,164,155
47,163,155
47,163,155
47,163,155
47,163,155
47,163,155
46,163,155
46,163,154
46,163,154
46,163,155
46,163,155
46,163,155
46,163,155
46,163,155
46,163,155
47,163,155
47,163,155
47,163,155
47,163,155
47,163,155
47,163,155
47,163,155
48,163,156
48,163,156
48,163,156
48,163,156
48,163,156
48,163,156
48,163,156
48,163,156
48,163,156
48,163,156
48,164,156
49,165,157
50,165,157
50,165,157
50,165,157
50,165,157
50,165,157
50,165,157
50,165,157
50,165,157
50,165,157
50,165,157
50,165,157
50,165,157
49,165,157
48,164,156
48,164,156
48,163,155
47,164,155
47,164,155
47,163,155
45,163,154
45,163,154
45,162,154
45,162,154
45,163,154
45,163,154
46,163,155
47,163,155
46,164,155
46,163,155
46,163,155
46,163,155
46,163,155
46,163,155
47,163,155
47,163,155
47,163,155
46,163,155
45,163,154
45,162,154
45,162,153
45,162,153
45,162,153
41,160,150
40,159,150
39,159,151
38,158,150
36,156,149
36,156,149
36,157,148
36,157,148
34,156,147
34,156,147
33,155,147
33,155,146
32,155,146
32,155,146
32,155,146
32,155,146
33,156,146
33,156,146
40,160,151
40,160,151
40,160,151
40,160,151
41,160,151
42,161,152
43,161,152
43,162,153
44,162,153
44,162,153
44,162,153
44,162,153
44,162,153
44,162,153
44,162,153
44,162,153
44,162,153
44,162,153
44,162,153
45,162,154
45,162,154
45,163,155
45,163,155
45,163,155
45,163,154
45,163,154
45,162,154
45,163,154
45,163,154
45,162,154
45,162,154
45,163,154
45,163,154
45,163,154
46,164,155
47,163,155
47,163,155
48,163,156
48,163,156
48,163,156
48,163,156
48,163,156
48,163,156
48,163,156
48,163,156
48,163,156
47,163,155
47,163,155
47,163,155
47,163,155
47,163,155
47,163,155
46,163,155
46,163,155
46,163,155
46,163,155
47,163,155
47,163,155
46,163,155
46,163,155
46,163,155
46,163,155
46,163,155
46,163,155
46,163,155
46,163,155
46,163,155
46,163,154
46,163,155
45,163,154
45,163,154
45,163,155
45,162,154
45,162,154
44,162,154
45,162,154
45,162,154
45,162,154
45,163,154
45,163,154
46,163,154
46,163,154
46,163,155
46,163,155
46,163,155
46,163,155
47,164,155
47,164,155
47,164,155
47,164,155
47,164,155
47,164,155
47,164,155
47,164,155
47,164,155
47,164,155
47,164,155
47,163,155
47,163,155
47,163,155
47,163,155
46,163,155
46,163,155
46,163,154
46,163,155
46,163,155
45,163,155
45,163,155
46,163,155
46,163,155
46,163,155
47,163,155
47,163,155
47,163,155
47,163,155
47,163,155
48,163,156
48,163,156
48,163,156
48,163,156
48,163,156
48,163,156
48,163,156
48,163,156
48,163,156
48,163,156
48,163,156
48,163,156
49,165,157
50,165,157
50,165,157
50,165,157
50,165,157
50,165,157
50,165,157
50,165,157
50,165,157
50,165,157
50,165,157
50,165,157
50,165,157
49,165,157
49,165,157
48,164,156
48,163,155
48,163,155
47,163,155
47,163,155
45,163,154
45,163,154
45,163,154
45,163,154
45,163,154
46,163,155
47,163,155
47,163,155
46,164,155
46,163,155
46,163,155
46,163,155
46,163,155
46,163,155
47,163,155
47,163,155
47,163,155
46,163,155
46,163,155
45,163,154
46,162,154
45,162,153
45,162,153
42,161,152
40,159,150
39,159,151
38,158,150
36,156,149
36,156,149
36,156,149
36,157,148
35,156,148
34,156,147
34,155,147
34,155,147
33,156,146
32,155,146
32,155,146
33,156,146
33,156,146
33,156,146
40,160,151
40,160,151
40,160,151
40,160,151
40,160,151
42,161,152
42,161,152
43,162,153
43,162,153
44,162,153
44,162,153
44,162,153
44,162,153
44,162,153
44,162,153
44,162,153
45,162,154
45,162,154
45,162,154
45,162,154
45,162,154
45,162,154
45,163,155
45,163,155
45,163,155
45,163,154
45,163,154
45,162,154
45,162,154
45,162,154
45,162,154
45,162,154
45,163,154
45,163,154
45,163,154
46,163,154
47,163,155
47,163,155
48,163,156
48,163,156
48,163,156
48,163,156
48,163,156
48,163,156
48,163,156
48,163,156
48,163,156
48,163,155
47,163,155
47,163,155
47,163,155
47,163,155
47,163,155
46,163,155
46,163,155
46,163,155
46,163,155
46,163,155
47,163,155
46,163,155
46,163,155
46,163,155
46,163,155
46,163,154
46,163,154
46,163,154
46,163,155
46,163,154
46,163,154
46,163,155
45,163,154
45,163,154
45,162,154
45,162,154
45,162,154
44,162,154
45,162,154
45,162,154
45,162,154
45,163,154
45,163,154
45,163,154
45,163,154
46,163,154
46,163,155
46,163,155
46,163,155
47,164,155
47,164,155
47,164,155
47,164,155
47,164,155
47,164,155
47,164,155
47,164,155
47,164,155
47,164,155
47,164,155
47,164,155
47,163,155
47,163,155
47,163,155
47,163,155
46,163,155
46,163,154
46,163,155
45,163,154
45,163,155
45,163,155
46,163,155
46,163,155
46,163,155
47,163,155
47,163,155
47,163,155
47,163,155
47,163,155
48,163,156
48,163,156
48,163,156
48,163,156
48,163,156
48,163,156
48,163,156
48,163,156
48,163,156
48,163,156
48,163,156
48,163,156
50,165,157
50,165,157
50,165,157
50,165,157
50,165,157
50,165,157
50,165,157
50,165,157
50,165,157
50,165,157
50,165,157
50,165,157
50,165,157
50,164,157
50,164,157
49,163,157
48,164,155
48,163,155
48,163,155
47,163,155
47,163,155
45,163,154
45,163,154
45,163,154
46,163,155
47,163,155
47,163,155
46,164,155
46,164,155
46,163,155
46,163,155
46,163,155
46,163,155
47,163,155
47,163,155
47,163,155
47,163,155
46,163,155
46,163,155
46,163,155
45,163,154
45,162,153
45,162,154
43,161,152
40,159,151
39,159,151
38,159,150
38,158,150
36,156,149
36,158,148
36,158,148
36,156,149
36,157,148
35,156,148
34,156,147
34,156,147
33,156,146
33,156,146
33,156,146
33,156,146
33,156,146
34,155,147
40,160,151
40,160,151
40,160,151
40,160,151
40,160,151
42,161,152
43,161,152
43,161,153
43,162,153
44,162,153
44,162,153
44,162,153
44,162,153
44,162,153
45,162,154
45,162,154
45,162,154
45,162,154
45,162,154
45,162,154
45,162,154
45,163,154
45,163,154
45,163,155
45,163,155
45,163,154
45,163,154
45,162,154
45,162,154
45,162,154
45,162,154
45,161,155
45,163,155
45,163,155
45,163,155
46,163,154
47,163,155
48,163,156
48,163,156
48,163,156
48,163,156
48,163,156
48,163,156
48,163,156
48,163,156
48,163,156
48,163,156
48,163,155
48,163,155
47,163,155
47,163,155
47,163,155
47,164,155
47,164,155
47,164,155
47,164,155
46,163,155
46,163,155
46,163,155
46,163,155
46,163,155
46,163,154
46,163,154
45,163,154
45,163,154
46,163,154
46,163,154
46,163,154
46,163,154
46,163,155
45,163,154
45,163,154
45,162,154
45,162,154
45,162,154
45,162,154
45,162,154
45,162,154
45,162,154
45,162,154
45,162,154
45,163,154
45,163,154
45,163,154
46,163,154
46,163,155
46,163,155
46,163,155
47,164,155
47,164,155
47,164,155
47,164,155
47,164,155
47,164,155
47,164,155
47,164,155
47,164,155
47,164,155
47,164,155
47,163,155
47,163,155
47,163,155
47,163,155
47,163,155
47,163,155
46,163,154
45,163,154
45,163,154
45,163,154
45,163,155
46,163,155
46,163,155
46,163,155
47,163,155
47,163,155
47,163,155
48,163,156
48,163,156
48,163,156
48,163,156
48,163,156
48,163,156
48,163,156
48,163,156
48,163,156
48,163,156
48,163,156
48,163,156
48,164,156
50,165,157
50,165,157
50,165,157
50,165,157
50,165,157
50,165,157
50,165,157
50,165,157
50,165,157
50,165,157
50,165,157
50,165,157
50,165,157
50,165,157
49,165,157
48,164,156
48,164,156
48,163,156
47,164,155
47,164,155
46,163,155
47,163,155
46,163,155
47,163,155
47,163,155
47,163,155
47,163,155
47,163,155
47,163,155
46,164,155
46,164,155
46,164,155
47,163,155
47,163,155
47,163,155
47,163,155
47,163,155
47,163,155
46,163,155
46,163,155
45,163,154
45,162,154
45,162,154
43,162,153
42,161,152
40,159,150
38,160,150
37,159,149
36,157,149
36,156,149
36,156,149
36,156,149
36,156,149
36,157,148
34,158,147
34,158,147
34,156,147
33,156,147
33,156,147
33,156,147
34,155,147
34,155,147
40,160,151
40,160,151
40,160,151
40,160,151
41,160,152
42,161,153
43,161,153
43,161,153
43,162,154
43,162,154
44,162,153
44,162,153
44,162,153
44,162,153
45,162,154
45,162,154
45,162,154
45,162,154
45,163,154
45,163,154
45,163,154
45,163,154
45,163,154
45,163,154
45,163,154
45,163,154
45,163,155
45,161,155
45,161,155
45,163,155
45,163,155
45,163,155
45,163,155
45,163,155
46,163,154
46,164,155
47,163,155
48,163,156
48,163,156
48,163,156
48,163,156
48,163,156
48,163,156
48,163,156
48,163,156
48,163,156
48,163,156
48,163,155
48,163,155
47,163,155
47,163,155
47,163,155
47,163,155
47,164,155
47,164,155
47,164,155
46,163,155
46,163,155
46,163,155
46,163,155
46,163,154
45,162,154
45,162,154
45,162,154
45,162,154
45,162,154
45,163,154
46,163,154
46,163,154
46,163,154
46,163,154
45,163,154
45,162,154
45,162,154
45,162,154
45,162,154
45,162,154
45,162,154
45,162,154
45,162,154
45,162,154
45,162,154
45,163,154
45,163,154
46,163,154
46,163,155
46,163,155
46,163,155
46,163,155
46,163,155
47,164,155
47,164,155
47,164,155
47,164,155
47,164,155
47,164,155
47,164,155
47,164,155
47,164,155
47,164,155
47,163,155
47,163,155
47,163,155
47,163,155
47,163,155
46,163,155
45,163,154
45,163,154
45,163,154
45,163,154
46,163,155
46,163,155
46,163,155
46,164,155
47,163,155
47,163,155
48,163,156
48,163,156
48,163,156
48,163,156
48,163,156
48,163,156
48,163,156
48,163,156
48,163,156
48,163,156
48,163,156
48,164,156
50,165,157
50,165,157
50,165,157
50,165,157
50,165,157
50,165,157
50,165,157
50,165,157
50,165,157
50,165,157
50,165,157
50,165,157
50,165,157
50,165,157
50,165,157
49,165,157
48,164,156
48,164,156
48,163,156
48,163,156
47,163,155
47,164,155
47,163,155
47,163,155
47,163,155
47,163,155
47,163,155
47,163,155
47,163,155
47,163,155
47,163,155
47,163,155
47,163,155
47,163,155
47,163,155
47,163,155
47,163,155
47,163,155
47,163,155
46,164,155
46,163,154
45,163,154
46,162,154
45,162,154
43,162,153
42,161,152
40,160,151
38,160,150
37,159,149
37,159,149
36,158,149
36,156,149
36,156,149
36,156,149
36,156,149
36,158,148
34,158,147
34,158,147
34,156,147
33,156,147
33,156,147
34,155,147
34,156,147
40,160,151
40,160,151
40,160,151
40,160,151
40,160,151
42,161,152
42,161,153
43,161,153
43,161,153
43,161,153
43,162,154
43,162,154
44,162,153
44,162,153
44,162,153
45,162,154
45,162,154
45,163,154
45,163,154
47,163,155
46,163,155
47,163,155
47,163,155
46,163,155
46,163,155
45,163,154
45,163,155
45,163,155
45,163,155
45,163,155
45,163,155
45,163,155
45,163,155
45,163,155
46,163,154
46,164,155
47,163,155
48,163,156
48,163,156
48,163,156
48,163,156
48,163,156
48,163,156
48,163,156
48,163,156
48,163,156
48,163,156
48,163,156
47,164,155
47,164,155
47,164,155
47,163,155
47,164,155
47,164,155
47,164,155
47,164,155
47,164,155
47,164,155
46,163,155
46,163,155
46,163,154
45,163,154
45,162,154
45,162,154
45,162,154
45,162,154
45,162,154
45,162,154
45,163,154
46,163,154
46,163,154
46,163,154
46,163,154
45,163,154
45,162,154
45,162,154
45,162,154
45,162,154
45,162,154
45,162,154
45,162,154
45,162,154
45,162,154
45,162,154
45,163,154
46,163,154
46,163,155
46,163,155
46,163,155
46,163,155
46,163,155
46,163,155
46,163,155
46,163,155
47,164,155
47,164,155
47,164,155
47,164,155
47,164,155
46,163,155
46,163,155
47,163,155
47,163,155
47,163,155
47,163,155
47,163,155
45,163,154
45,163,154
45,163,154
45,163,154
45,163,154
45,163,154
46,163,155
46,163,155
47,163,155
47,163,155
48,163,156
48,163,156
48,163,156
48,163,156
48,163,156
48,163,156
48,163,156
48,163,156
48,163,156
48,163,156
48,163,156
48,163,156
48,164,156
49,165,157
50,165,157
50,165,157
50,165,157
50,165,157
50,165,157
50,165,157
50,165,157
50,165,157
50,165,157
50,165,157
50,165,157
50,165,157
50,165,157
50,165,157
50,165,157
49,165,157
48,164,156
48,164,156
48,163,156
48,163,155
47,163,155
47,163,155
47,163,155
47,163,155
47,163,155
47,163,155
48,163,156
48,163,156
47,163,155
47,163,155
47,163,155
47,163,155
47,163,155
47,163,155
47,163,155
47,163,155
47,163,155
47,163,155
47,163,155
46,164,155
46,163,155
46,162,154
45,162,154
44,161,153
43,160,152
41,159,151
38,160,150
38,159,150
37,159,149
38,158,150
36,158,149
36,158,149
36,158,149
36,156,149
36,156,149
36,158,148
34,158,147
34,158,147
34,158,147
34,156,147
34,156,147
35,156,148
36,157,148
40,160,151
40,160,151
40,160,151
40,160,151
41,160,152
42,161,152
43,161,153
43,161,153
43,161,153
43,161,153
43,162,154
43,162,154
43,162,153
44,162,153
44,162,153
45,162,154
45,163,154
46,163,155
47,163,155
47,163,155
47,164,155
47,163,155
47,163,155
47,163,155
47,163,155
46,163,155
46,163,155
45,163,155
45,163,155
45,163,155
45,163,155
45,163,155
46,164,155
46,164,155
47,163,155
48,163,156
48,163,156
48,163,156
48,163,156
48,164,156
48,163,156
48,163,156
48,163,156
48,163,156
48,163,156
48,163,156
48,163,156
48,163,155
47,164,155
47,164,155
47,164,155
47,164,155
47,164,155
47,164,155
47,164,155
47,164,155
47,164,155
47,164,155
46,163,155
46,163,155
45,163,154
45,163,154
45,162,154
45,162,154
45,162,154
45,162,154
45,162,154
45,162,154
45,162,154
45,163,154
46,163,154
46,163,155
46,163,155
46,163,154
45,163,154
45,163,154
45,162,154
45,162,154
45,162,154
45,162,154
45,162,154
45,162,154
45,162,154
45,162,154
45,163,154
45,163,154
46,163,154
46,163,155
46,163,155
46,163,155
46,163,155
46,163,155
46,163,155
46,163,155
46,163,155
47,164,155
47,164,155
46,163,155
46,163,155
46,163,155
46,163,155
46,163,155
47,163,155
47,163,155
47,163,155
47,163,155
45,163,154
45,163,154
45,163,154
45,162,154
45,162,154
45,163,154
46,163,154
46,163,155
47,163,155
47,163,155
48,163,156
48,163,156
48,163,156
48,163,156
48,163,156
48,163,156
48,163,156
48,163,156
48,163,156
48,163,156
48,163,156
48,163,156
49,165,157
49,165,157
50,165,157
50,165,157
50,165,157
50,165,157
50,165,157
50,165,157
50,165,157
50,165,157
50,165,157
50,165,157
48,165,156
48,165,156
49,165,157
50,165,157
50,165,157
50,165,157
48,164,156
48,164,156
48,164,155
48,163,155
48,163,155
48,163,156
47,163,155
48,163,156
48,163,156
49,163,157
49,163,157
49,163,157
48,163,156
48,163,156
47,163,155
47,163,155
47,163,155
47,163,155
47,163,155
47,163,155
47,163,155
48,163,156
48,163,156
47,163,155
47,163,154
46,163,154
46,162,154
45,162,154
43,161,153
42,161,152
39,160,151
38,160,150
37,159,149
38,158,150
38,158,150
38,158,150
36,158,149
36,158,149
36,158,149
36,156,149
36,156,149
34,158,147
34,158,147
35,156,148
35,156,148
35,156,148
35,156,148
40,160,151
40,160,151
40,160,151
41,160,151
42,161,152
42,161,153
43,161,153
43,161,153
43,161,153
43,161,153
43,162,154
43,162,153
44,162,153
44,162,153
45,162,154
45,163,154
46,163,155
47,163,155
47,163,155
47,164,155
47,164,155
47,164,155
47,164,155
47,164,155
47,163,155
47,163,155
46,164,155
46,164,155
46,164,155
46,164,155
47,163,155
47,163,155
47,163,155
47,163,155
48,163,156
48,163,156
48,163,156
48,164,156
48,164,156
48,164,156
48,164,156
48,163,156
48,163,156
48,163,156
48,163,156
48,163,156
48,163,155
48,163,155
47,164,155
47,164,155
47,164,155
47,164,155
47,164,155
47,164,155
47,164,155
47,164,155
47,164,155
47,164,155
46,163,155
46,163,155
45,163,154
45,163,154
45,162,154
45,162,154
45,162,154
45,162,154
45,162,154
45,162,154
45,162,154
46,163,154
46,163,155
46,163,155
46,163,155
46,163,155
46,163,154
46,163,154
45,163,154
45,163,154
45,162,154
45,162,154
45,162,154
45,162,154
45,162,154
45,162,154
45,163,154
45,163,154
46,163,154
46,163,155
46,163,155
46,163,155
46,163,155
46,163,155
46,163,155
46,163,155
46,163,155
46,163,155
46,163,155
46,163,155
46,163,155
46,163,155
46,163,155
46,163,155
47,163,155
47,163,155
47,163,155
47,163,155
46,163,155
45,163,154
45,163,154
45,162,154
45,162,154
45,163,154
46,163,154
46,163,155
47,163,155
47,163,155
48,163,156
48,163,156
48,163,156
48,163,156
48,163,156
48,163,156
48,163,156
48,163,156
48,163,156
48,163,156
48,163,156
48,163,156
49,165,157
49,165,157
50,165,157
50,165,157
50,165,157
50,165,157
50,165,157
50,165,157
50,165,157
50,165,157
50,165,157
50,165,157
50,165,157
48,165,156
48,165,156
50,165,157
50,165,157
50,165,157
50,165,157
48,164,156
48,164,156
48,164,155
48,164,155
48,164,156
48,164,156
48,164,156
48,164,156
49,163,157
49,163,157
49,163,157
49,163,157
49,163,157
48,163,156
48,163,156
47,163,155
47,163,155
47,163,155
48,163,156
48,163,156
48,163,156
48,163,156
48,163,156
48,163,155
46,163,154
46,162,154
45,162,154
44,161,153
42,161,152
41,159,151
39,159,151
38,160,150
38,158,150
38,158,150
38,158,150
38,158,150
37,158,150
37,158,149
37,158,149
36,158,149
36,156,149
34,158,147
34,158,147
34,156,147
34,156,147
34,158,147
40,160,151
41,160,151
42,161,152
42,161,152
43,161,152
43,161,152
43,161,152
43,162,153
43,162,153
43,162,153
43,162,153
45,162,154
44,162,153
45,162,154
45,163,154
45,163,154
46,163,155
47,163,154
47,163,155
47,163,155
47,163,155
47,163,155
47,164,155
47,164,155
47,163,155
46,164,155
46,163,155
46,163,155
47,163,155
47,163,155
47,163,155
47,163,155
48,163,156
48,163,156
48,163,156
48,163,156
48,164,156
48,164,156
48,164,156
48,164,156
48,164,156
48,164,156
48,163,156
48,163,156
48,163,156
48,163,156
48,163,155
48,163,155
47,164,155
47,164,155
47,164,155
47,164,155
47,164,155
47,164,155
47,164,155
47,164,155
47,163,155
47,163,155
46,163,155
46,163,155
46,163,155
45,163,154
45,163,154
45,163,154
45,162,154
45,162,154
45,162,154
45,162,154
46,163,154
46,163,155
46,163,155
46,163,155
46,163,155
46,163,155
46,163,155
46,163,154
46,163,154
46,163,154
45,163,154
45,163,154
45,163,154
45,162,154
45,162,154
45,163,154
45,163,154
46,163,154
46,163,154
46,163,155
46,163,155
46,163,155
46,163,155
46,163,155
46,163,155
46,163,155
46,163,155
46,163,155
46,163,155
46,163,155
46,163,155
46,163,155
46,163,155
46,164,155
47,163,155
47,163,155
47,163,155
47,163,155
47,163,155
46,163,155
45,163,154
45,163,154
45,163,154
46,163,155
46,163,155
46,163,155
47,163,155
47,163,155
48,163,156
48,163,156
48,163,156
48,163,156
48,163,156
48,163,156
48,163,156
48,163,156
48,163,156
48,163,156
48,163,156
48,163,156
48,164,156
49,165,157
48,165,156
49,165,157
49,165,157
50,165,157
50,165,157
50,165,157
50,165,157
50,165,157
50,165,157
50,165,157
50,165,157
48,165,156
48,165,156
49,165,157
50,165,157
50,165,157
50,165,157
50,165,157
49,165,157
49,165,157
49,165,157
48,164,156
49,165,157
49,165,157
48,164,156
48,164,156
50,164,157
50,164,157
50,164,157
50,164,157
50,164,156
49,163,157
48,163,156
48,163,156
48,163,156
48,163,156
48,163,156
48,163,156
48,163,156
48,163,156
48,163,155
46,163,154
46,162,154
46,162,154
45,162,154
43,160,152
42,161,152
40,159,151
38,160,150
38,160,150
39,159,151
38,158,150
38,158,150
38,158,150
38,158,150
38,158,150
37,158,149
36,158,149
35,157,148
34,158,147
33,157,147
33,157,147
33,157,147
41,160,151
41,160,151
42,161,152
42,161,152
43,161,152
43,161,152
43,161,152
43,162,153
44,162,153
44,162,153
45,162,154
45,162,154
45,162,154
45,162,154
45,162,154
45,163,154
45,163,154
46,163,155
47,163,154
47,163,155
47,163,155
47,163,155
47,163,155
47,164,155
47,164,155
46,163,155
46,163,155
46,163,155
46,163,155
47,164,155
47,163,155
47,163,155
48,163,156
48,163,156
48,163,156
48,163,156
48,163,156
48,164,156
48,164,156
48,164,156
48,164,156
48,164,155
48,164,155
48,163,155
48,163,155
47,164,155
47,164,155
47,164,155
47,164,155
47,164,155
46,163,155
46,163,155
46,163,155
46,163,155
46,163,155
46,163,155
46,163,155
47,163,155
47,163,155
47,163,155
46,163,155
46,163,155
46,163,154
46,163,154
46,163,154
46,163,155
46,163,155
46,163,155
46,163,155
46,163,155
46,163,155
46,163,155
47,164,155
47,164,155
46,163,155
46,163,155
46,163,154
46,163,154
46,163,154
45,163,154
45,163,154
45,163,154
45,163,154
45,163,154
45,163,154
45,163,154
46,163,154
46,163,154
46,163,155
46,163,155
46,163,155
46,163,155
46,163,155
46,163,155
46,163,155
46,163,155
46,163,155
46,163,155
46,163,155
46,163,155
46,163,155
46,163,155
46,163,155
47,163,155
47,163,155
47,163,155
47,163,155
47,163,155
47,163,155
46,163,154
46,163,154
46,163,154
46,163,155
46,163,155
46,163,155
47,163,155
47,163,155
48,163,156
48,163,156
48,163,156
48,163,156
48,163,156
48,163,156
48,163,156
48,163,156
48,163,156
48,163,156
48,163,156
48,163,156
48,164,156
49,165,157
48,165,156
48,165,156
49,165,157
50,165,157
50,165,157
50,165,157
50,165,157
50,165,157
50,165,157
50,165,157
48,165,156
48,165,156
48,165,156
49,165,157
49,165,157
50,165,157
50,165,157
50,165,157
50,165,157
50,165,156
50,165,156
50,165,157
50,165,157
50,165,157
50,165,157
50,165,157
50,165,157
50,164,157
50,164,157
50,164,156
50,164,156
50,164,156
50,164,157
49,163,157
49,163,157
48,163,156
48,163,156
48,163,156
48,163,156
48,163,156
48,163,156
47,163,154
46,163,154
46,162,154
45,162,154
43,161,152
42,161,152
42,160,152
40,159,151
38,160,150
39,159,151
39,159,151
38,158,150
38,158,151
38,158,151
38,158,150
38,158,150
36,158,149
36,158,149
35,157,148
34,157,148
34,157,148
34,158,147
35,156,148
42,161,152
42,161,152
42,161,152
43,161,152
43,161,152
43,161,152
43,162,153
44,162,153
45,162,154
45,162,154
45,162,154
45,162,154
45,162,154
45,162,154
45,162,154
45,163,154
45,163,154
46,163,154
46,163,154
46,163,155
47,164,155
47,163,155
47,163,155
47,163,155
46,163,154
46,163,154
46,163,155
46,163,155
47,164,155
47,164,155
47,163,155
48,163,156
48,163,156
48,163,156
48,163,156
48,163,156
48,163,156
47,164,155
48,165,156
48,165,156
48,164,155
48,164,155
48,163,155
48,163,155
48,163,155
47,164,155
47,164,155
46,163,155
46,163,155
46,163,155
46,163,155
46,163,155
46,163,155
46,163,155
46,163,155
46,163,155
46,163,155
47,163,155
47,163,155
47,163,155
47,163,155
47,163,155
46,163,155
46,163,155
47,164,155
47,164,155
47,164,155
46,163,155
46,163,155
46,163,155
47,164,155
47,164,155
47,164,155
47,164,155
47,164,155
46,163,155
46,163,155
46,163,154
46,163,154
46,163,154
45,163,154
45,163,154
45,163,154
45,163,154
45,163,154
45,163,154
46,163,154
46,163,154
46,163,155
46,163,155
46,163,155
46,163,155
46,163,155
46,163,155
46,163,155
46,163,155
46,163,155
46,163,155
46,163,155
46,163,155
46,163,155
46,163,155
46,163,155
47,163,155
47,163,155
47,163,155
47,163,155
47,163,155
47,163,155
47,163,155
46,163,155
46,163,155
46,163,155
46,163,155
46,163,155
47,163,155
47,163,155
48,163,156
48,163,156
48,163,156
48,163,156
48,163,156
48,163,156
48,163,156
48,163,156
48,163,156
48,163,156
48,163,156
48,163,156
48,164,156
48,164,156
49,165,157
50,165,157
50,165,157
50,165,157
50,165,157
50,165,157
50,165,157
50,165,157
50,165,157
50,165,157
48,165,156
48,165,156
48,165,156
48,165,156
49,165,157
50,165,157
50,165,157
50,166,156
50,166,156
51,165,157
50,165,156
50,165,157
50,165,157
50,165,157
50,165,157
50,165,157
50,165,157
50,165,157
50,165,156
50,164,156
51,165,157
50,164,156
50,164,156
49,163,157
49,163,157
48,164,156
48,164,156
48,164,156
49,163,157
48,163,156
48,163,156
47,163,155
46,163,154
46,162,154
45,162,154
43,161,152
43,160,152
42,161,152
42,160,152
40,159,151
39,159,151
39,159,151
39,159,151
38,158,151
38,158,151
38,158,150
38,158,150
38,158,150
36,158,149
36,157,148
35,157,148
34,157,148
34,158,147
34,158,147
42,161,152
43,161,152
43,161,152
43,161,153
43,161,153
43,161,153
43,162,153
44,162,153
45,162,154
45,162,154
45,162,154
45,162,154
45,162,154
45,162,154
45,162,154
45,163,154
45,163,154
45,163,154
45,163,154
46,163,154
46,163,155
47,163,155
46,163,155
45,163,154
45,163,155
45,163,155
45,163,155
46,163,155
46,163,155
47,164,155
47,164,155
48,163,156
48,163,156
48,163,156
48,163,156
48,163,156
48,163,156
47,164,155
47,164,155
47,164,155
47,164,155
48,163,155
48,163,155
48,163,155
47,163,155
46,163,155
46,163,155
46,163,155
46,163,155
46,163,155
46,163,155
46,163,155
46,163,155
46,163,155
46,163,155
46,163,155
46,163,155
47,163,155
47,163,155
47,163,155
47,163,155
47,163,155
47,164,155
47,164,155
47,164,155
47,164,155
47,164,155
47,164,155
47,164,155
47,164,155
47,164,155
47,164,154
47,164,155
47,164,154
47,164,154
47,164,154
46,163,155
46,163,154
46,163,154
45,163,154
45,163,154
45,163,154
45,163,154
45,163,154
45,163,154
45,163,154
46,163,154
46,163,155
46,163,155
46,163,155
46,163,155
46,163,155
46,163,154
46,163,155
46,163,155
46,163,155
46,163,155
46,163,155
46,163,155
46,163,155
46,163,155
46,163,155
47,164,155
47,164,155
47,164,155
47,164,155
47,163,155
47,163,155
47,163,155
47,163,155
47,163,155
46,163,155
46,163,155
46,163,155
46,163,155
47,163,155
47,163,155
48,163,156
48,163,156
48,163,156
48,163,156
48,163,156
48,163,156
48,163,156
48,163,156
48,163,156
48,163,156
48,163,156
48,163,156
48,164,156
48,164,156
49,165,157
50,165,157
50,165,157
50,165,157
50,165,157
50,165,157
50,165,157
50,165,157
50,165,157
50,165,157
48,165,156
48,165,156
48,165,156
49,165,157
50,165,157
50,165,157
51,166,157
51,166,157
51,166,157
51,165,157
51,165,157
50,165,157
50,165,157
50,165,157
50,165,157
50,165,157
50,165,157
50,166,156
50,166,156
51,165,157
51,165,157
51,165,157
51,165,157
50,164,156
50,164,157
49,165,157
48,164,156
48,164,156
48,164,156
49,163,157
48,163,156
47,163,155
47,163,154
46,162,154
45,162,154
45,162,154
43,160,152
42,161,152
42,161,152
41,159,151
40,159,151
39,159,151
38,160,151
39,159,151
38,158,151
38,158,150
38,158,150
38,158,150
36,158,149
36,156,149
36,157,149
35,157,148
34,158,147
34,158,147
43,161,152
44,161,152
43,161,152
43,161,152
43,162,153
43,162,153
43,162,153
44,162,153
45,162,154
45,162,154
45,162,154
45,162,154
45,162,154
45,163,154
45,163,154
45,163,154
45,163,154
45,163,154
45,163,154
45,163,154
46,163,155
46,163,155
45,163,154
45,163,154
45,162,154
45,162,154
45,163,155
46,163,155
46,163,155
46,163,155
47,164,155
48,163,156
48,163,156
48,163,156
48,163,155
48,163,155
48,163,155
47,164,155
47,164,155
47,164,155
47,164,155
47,164,155
47,163,155
46,164,155
46,164,155
46,163,155
46,163,155
46,163,155
46,163,155
46,163,155
46,163,155
46,163,155
46,163,155
46,163,155
46,163,155
46,163,155
46,163,155
47,164,155
47,163,155
47,163,155
47,163,155
47,163,155
47,164,155
47,164,155
47,164,155
47,164,155
47,164,155
47,164,155
47,164,155
47,164,155
47,164,155
47,164,155
47,164,155
47,164,154
47,164,154
47,164,154
46,163,155
46,163,154
46,163,154
45,163,154
45,163,154
45,163,154
45,163,154
45,163,154
45,162,154
45,163,154
45,163,154
46,163,154
46,163,154
46,163,155
46,163,155
46,163,155
46,163,154
46,163,155
46,163,155
46,163,155
46,163,155
46,163,155
46,163,155
46,163,155
46,163,155
46,163,155
47,164,155
47,164,155
47,164,155
47,164,155
47,164,155
46,163,155
46,163,155
47,163,155
47,163,155
46,164,155
46,163,155
46,163,155
46,163,155
46,163,155
47,163,155
47,163,155
48,163,156
48,163,156
48,163,156
48,163,156
48,163,156
48,163,156
48,163,156
48,163,156
48,163,156
48,163,156
48,163,156
48,164,156
49,165,157
50,165,157
50,165,157
50,165,157
50,165,157
50,165,157
50,165,157
50,165,157
50,165,157
50,165,157
49,165,157
48,165,156
48,165,156
49,165,157
49,165,157
50,165,157
51,166,157
51,166,157
52,165,157
51,165,157
51,165,157
51,165,157
51,165,157
50,165,157
50,165,157
50,165,157
50,165,157
50,166,156
50,166,156
50,166,156
50,166,156
51,165,157
51,165,157
51,165,157
50,164,156
50,164,157
49,165,157
49,165,157
49,165,157
49,165,157
49,163,157
49,163,157
47,163,155
47,163,155
46,163,154
45,162,154
45,162,154
43,160,152
42,161,152
42,160,151
42,160,152
40,159,151
40,159,150
38,160,151
38,160,151
38,158,151
38,158,150
38,158,150
38,158,150
36,158,149
36,156,149
36,157,148
36,157,148
36,157,148
36,157,148
44,161,152
44,161,152
44,161,152
43,162,153
43,162,153
43,162,153
44,162,153
45,162,154
45,162,154
45,162,154
45,162,154
45,162,154
45,163,154
45,163,154
45,163,154
45,163,154
45,163,154
45,163,154
45,163,154
45,163,154
45,163,154
45,163,154
45,163,154
45,162,154
45,162,154
45,162,154
45,163,155
45,163,155
46,163,155
46,163,155
47,163,155
48,163,155
48,163,155
48,163,155
48,163,155
48,163,155
48,163,155
47,163,155
47,164,155
47,164,155
46,163,155
45,163,155
45,163,155
45,163,155
45,163,155
45,163,155
45,163,155
46,163,155
46,163,155
46,163,155
46,163,155
46,163,155
46,163,155
46,163,155
46,163,155
47,164,155
47,164,155
47,164,155
47,164,155
47,164,155
47,164,155
47,164,155
47,164,155
47,164,155
47,164,155
47,164,155
47,164,155
47,164,155
47,164,155
47,164,155
47,164,155
47,164,155
47,164,155
47,164,154
47,164,154
47,163,155
47,163,155
46,163,155
45,163,154
45,163,154
45,163,154
45,163,154
45,163,154
45,162,154
45,162,154
45,162,154
45,162,154
46,163,154
46,163,154
46,163,155
46,163,155
46,163,155
46,163,154
46,163,155
46,163,155
46,163,155
46,163,155
46,163,155
46,163,155
46,163,155
46,163,155
46,163,155
47,164,155
47,164,155
47,164,155
47,164,155
47,164,155
46,163,155
47,163,155
47,163,155
47,163,155
47,163,155
47,163,155
46,163,155
46,163,155
46,163,155
47,164,155
47,163,155
48,163,155
48,163,156
48,163,156
48,163,156
48,163,156
48,163,156
48,163,156
48,163,156
48,163,156
48,163,156
48,164,156
48,164,156
49,165,157
50,165,157
50,165,157
50,165,157
51,165,157
51,165,157
51,165,157
50,165,157
50,165,157
49,165,157
49,165,157
49,165,157
49,165,157
49,165,157
50,165,157
51,166,157
51,166,157
52,165,157
52,165,157
52,165,157
52,165,157
51,165,157
51,165,157
50,166,156
50,165,157
50,165,157
51,166,157
51,166,157
51,166,157
51,166,157
50,166,156
50,166,156
50,165,157
50,165,157
50,165,157
50,165,157
50,165,157
49,165,157
49,165,157
50,164,157
50,164,157
49,163,156
49,163,156
47,163,155
47,163,154
46,162,154
45,162,154
43,161,152
42,161,152
42,161,152
41,159,151
40,159,151
40,159,150
38,160,150
38,160,151
38,160,151
38,158,151
38,158,150
38,158,150
36,158,149
36,158,149
36,156,149
36,157,148
36,157,148
36,157,148
44,161,152
44,161,152
45,162,153
45,162,153
44,162,153
44,162,153
44,162,153
45,162,154
45,162,154
45,162,154
45,162,154
45,162,154
45,162,154
45,162,154
45,162,154
45,163,154
45,163,154
45,163,154
45,163,154
45,163,154
45,163,154
45,163,154
45,163,154
45,162,154
45,162,154
45,162,154
45,162,154
45,163,155
45,163,155
47,163,155
47,163,155
47,163,155
48,163,155
48,163,155
48,163,155
48,163,155
48,163,155
47,163,155
47,163,155
47,163,155
47,163,155
45,163,154
45,163,155
45,162,154
45,163,155
45,163,155
45,163,155
45,163,155
45,163,155
46,163,155
47,163,155
46,163,155
46,163,155
46,163,155
46,163,155
47,164,155
47,164,155
47,164,155
47,164,155
47,164,155
47,164,155
47,164,155
47,164,155
47,164,155
47,164,155
47,164,155
47,164,155
47,164,155
47,164,155
47,164,155
47,164,155
47,164,155
47,164,155
47,164,154
47,164,155
47,164,155
46,163,155
47,163,155
45,163,154
45,163,154
45,163,154
45,162,154
45,162,154
45,162,154
45,162,154
45,162,154
45,163,154
45,163,154
46,163,155
46,163,155
46,163,155
46,163,155
47,163,155
46,163,155
46,163,155
46,163,155
46,163,155
46,163,155
46,163,155
46,163,155
46,163,155
46,163,155
46,163,155
47,164,155
47,164,155
47,164,155
47,164,155
47,164,155
46,163,155
47,164,155
47,163,155
47,163,155
47,163,155
47,163,155
46,163,155
46,163,155
46,163,155
47,164,155
47,163,155
47,163,155
48,163,156
48,163,156
48,163,156
48,163,156
48,163,156
48,163,156
48,163,156
48,163,156
48,163,156
48,163,156
49,165,157
49,165,157
50,165,157
50,165,157
51,165,157
51,165,157
51,165,157
51,165,157
51,165,157
50,166,156
50,165,157
49,165,157
49,165,157
49,165,157
50,165,157
51,166,157
52,165,157
52,165,157
52,165,157
52,165,157
52,165,157
52,165,157
51,165,157
51,165,157
50,166,156
50,166,156
51,166,157
51,166,157
51,165,157
51,166,157
51,166,157
51,166,157
50,166,156
50,166,156
50,165,157
50,165,157
50,165,157
50,165,157
50,165,157
50,165,157
51,165,158
50,164,156
50,164,156
49,163,156
48,163,155
47,163,155
46,163,155
45,162,154
43,161,152
42,161,152
42,160,152
41,159,151
40,159,151
40,159,151
40,159,150
38,160,150
38,160,151
39,159,151
38,158,150
38,158,150
38,158,150
36,158,149
36,156,149
36,156,149
36,157,148
36,157,148
36,157,148
44,161,152
44,161,152
45,162,153
45,162,153
44,162,153
44,162,153
44,162,153
44,162,153
45,162,154
45,162,154
45,163,154
45,163,154
45,163,154
45,162,154
45,163,154
45,163,154
45,163,154
45,163,154
45,163,154
45,163,154
45,163,154
45,163,154
45,162,154
45,162,154
45,162,154
44,162,153
44,162,153
45,162,154
45,163,154
47,163,155
47,163,155
47,163,155
48,163,155
48,163,155
48,163,155
48,163,155
47,163,155
47,163,155
47,163,155
47,163,155
45,163,154
45,163,154
45,161,155
45,162,154
44,162,154
44,162,154
45,162,154
45,163,154
45,163,154
46,163,155
46,163,155
46,163,155
46,163,155
47,164,155
47,164,155
47,164,155
47,164,155
47,164,155
47,164,155
47,164,155
47,164,155
47,164,155
47,164,155
47,164,155
47,164,155
47,164,155
47,164,155
47,164,155
47,164,155
47,164,155
47,164,155
47,164,155
47,164,155
47,164,155
47,164,155
46,163,155
46,163,155
47,163,155
45,163,154
45,163,154
45,162,154
45,162,154
45,162,154
45,162,154
45,162,154
45,162,154
45,163,154
45,163,154
46,163,155
46,163,155
46,163,155
47,163,155
48,163,155
47,163,155
46,163,155
46,163,155
46,163,155
46,163,155
46,163,155
46,163,155
46,163,155
46,163,155
47,164,155
47,164,155
47,164,155
47,164,155
47,164,155
47,164,155
47,164,155
47,163,155
47,163,155
47,163,155
47,163,155
47,163,155
46,163,155
46,163,155
46,163,155
46,163,155
47,163,155
47,163,155
47,163,155
48,163,156
48,163,156
48,163,156
48,163,156
48,163,156
48,163,156
48,163,156
48,163,156
48,163,156
49,165,157
49,165,157
50,165,157
50,165,157
51,165,157
51,165,157
51,165,157
51,165,157
51,165,157
50,165,157
49,165,157
49,165,157
49,165,157
50,165,157
51,166,157
51,166,157
52,165,157
52,165,157
52,165,157
52,165,157
52,165,157
52,165,157
51,165,157
51,165,157
51,166,157
51,166,157
51,166,157
51,166,157
51,166,157
51,166,157
51,166,157
51,166,157
50,166,156
50,166,156
50,165,157
50,165,157
50,165,157
50,165,157
50,165,157
50,165,157
50,165,157
51,165,157
50,164,156
50,164,156
49,163,156
47,163,155
46,163,155
45,162,154
43,162,153
42,161,152
42,160,152
41,159,151
41,159,151
41,159,151
40,159,150
39,160,151
38,160,151
38,160,151
38,158,151
38,158,150
38,158,150
36,158,149
37,157,149
37,157,149
36,157,149
36,157,149
36,157,148
44,161,152
45,162,152
45,162,152
45,162,153
44,162,153
44,162,153
44,162,153
44,162,153
45,162,154
45,162,154
45,163,154
45,163,154
45,163,154
45,163,154
45,163,154
45,163,154
45,163,154
45,163,154
45,163,154
45,163,154
45,162,154
45,162,154
45,162,154
44,162,153
44,162,153
44,162,153
44,162,154
44,162,154
45,163,154
46,163,155
47,163,155
48,163,155
48,163,155
48,163,155
48,163,155
48,163,155
47,163,155
47,163,155
47,163,155
46,163,155
45,163,154
45,162,154
45,162,154
44,162,154
44,162,154
44,162,154
44,162,154
44,162,153
45,163,154
45,163,154
46,163,154
46,163,155
46,163,155
47,164,155
47,164,155
47,164,155
47,164,155
47,164,155
47,164,155
47,164,155
47,164,155
48,163,155
48,163,155
47,164,155
47,164,155
47,164,155
47,164,155
47,164,155
47,164,155
47,164,155
47,164,155
47,164,155
47,164,155
47,164,155
47,164,155
46,163,155
46,163,155
47,163,155
47,163,155
45,163,154
45,162,154
45,162,154
45,162,154
45,162,154
45,163,154
45,163,154
45,163,154
45,163,154
46,163,155
46,163,155
47,163,155
48,163,155
48,163,155
48,163,155
47,163,155
46,163,155
46,163,155
46,163,155
46,163,155
46,163,155
46,163,155
47,164,155
47,164,155
47,164,155
47,164,155
47,164,155
47,164,155
47,164,155
47,164,155
47,163,155
47,163,155
47,163,155
47,163,155
46,163,155
46,163,155
46,163,155
46,163,155
46,163,155
46,163,155
47,163,155
47,163,155
47,163,155
48,163,156
48,163,156
48,163,156
48,163,156
48,163,156
48,163,156
48,163,156
48,163,156
49,165,157
49,165,157
50,165,157
50,165,157
50,166,156
51,165,157
51,166,157
51,166,157
51,166,157
50,165,157
50,165,157
50,165,157
50,165,157
51,166,157
51,166,157
52,165,157
52,165,157
52,165,157
52,165,157
52,165,157
52,165,157
52,165,157
51,165,157
51,165,157
51,166,158
51,166,158
51,166,158
51,165,157
51,165,157
51,166,157
51,166,157
51,166,157
50,166,156
50,165,157
50,165,157
50,165,157
50,165,157
50,165,157
50,165,157
50,165,157
50,165,157
50,165,157
50,166,156
50,165,156
48,164,155
48,163,155
47,163,155
45,163,154
45,162,154
43,161,152
42,161,152
42,160,152
41,159,151
41,159,151
40,159,151
39,160,151
38,160,151
38,160,151
38,158,151
38,158,151
38,158,150
38,158,150
37,157,149
37,157,149
37,157,149
36,157,149
36,156,149
44,161,152
45,162,152
45,162,153
45,162,153
44,162,153
44,162,153
44,162,153
44,162,153
45,162,154
45,162,154
45,162,154
45,162,154
45,163,154
45,162,154
45,162,154
45,163,154
45,163,154
45,163,154
45,163,154
45,163,154
45,162,154
45,162,154
45,162,154
44,162,153
43,162,153
43,162,154
44,162,154
44,162,154
45,163,154
46,163,155
47,163,155
48,163,155
48,163,155
47,164,155
47,164,155
48,163,155
47,163,155
47,163,155
47,163,155
46,163,155
45,163,154
45,162,154
45,162,154
45,162,154
44,162,153
44,162,153
44,162,153
44,162,153
44,162,153
45,163,154
46,163,154
46,163,155
47,164,154
47,164,154
47,163,155
47,164,154
47,164,155
47,164,155
47,164,155
47,164,155
47,163,155
47,163,155
47,163,155
47,164,155
47,164,155
46,163,155
46,163,155
46,163,155
46,163,155
46,163,155
47,164,155
47,164,155
47,164,155
47,164,155
47,164,155
47,164,155
46,163,155
47,163,155
47,163,155
46,163,154
45,163,154
45,162,154
45,162,154
45,163,154
45,163,154
45,163,154
45,163,154
45,163,154
46,163,155
46,163,155
46,163,155
48,163,156
48,163,155
48,163,155
47,163,155
47,164,155
46,163,155
46,163,155
47,164,155
47,164,155
47,164,155
47,164,155
47,164,155
47,164,155
47,164,155
47,164,155
47,164,155
47,164,155
47,163,155
47,163,155
47,163,155
47,163,155
47,163,155
46,163,155
46,163,155
46,163,155
46,163,155
46,163,155
46,163,155
46,163,155
46,164,155
47,163,155
47,163,155
47,163,155
47,163,155
48,163,156
48,163,156
48,163,156
48,163,156
48,163,156
49,165,157
49,165,157
50,165,157
50,165,157
51,166,157
51,166,157
51,166,157
51,166,157
51,166,157
50,165,157
50,165,157
50,165,157
50,165,157
51,166,157
51,166,157
52,165,157
52,165,157
52,165,157
52,165,157
52,165,157
52,165,157
52,165,157
51,165,157
51,165,157
51,165,158
51,165,158
51,165,158
51,165,157
51,165,157
51,166,157
51,166,157
51,166,157
50,165,157
50,165,157
50,165,157
50,165,157
50,165,157
50,165,157
50,165,157
50,165,157
50,165,157
50,165,157
50,165,157
50,165,157
48,164,156
48,164,156
47,163,155
46,163,155
45,162,154
45,162,154
43,160,152
42,161,152
42,160,152
41,159,151
41,159,151
40,160,151
39,159,151
38,160,151
38,158,151
38,158,151
38,158,150
38,158,150
37,158,149
37,157,149
37,157,149
37,157,149
36,158,149
44,161,152
44,161,152
44,161,152
44,161,152
44,162,153
44,162,153
44,162,153
44,162,153
44,162,153
45,162,154
45,162,154
45,162,154
45,162,154
45,162,154
45,162,154
45,162,154
45,163,154
45,163,154
46,162,154
45,163,154
45,162,154
45,162,154
45,162,154
43,162,153
43,162,154
43,162,154
44,162,154
44,162,154
45,163,154
47,163,155
47,163,155
48,163,155
48,163,155
47,164,155
47,164,155
47,164,155
47,163,155
47,163,155
47,163,155
46,163,155
45,163,154
46,162,154
45,162,154
45,162,154
44,162,153
44,162,153
44,162,153
44,162,153
44,162,153
45,163,154
46,163,154
46,163,154
47,164,154
47,164,154
47,163,155
47,163,155
47,164,155
47,164,155
47,163,155
47,163,155
47,163,155
47,163,155
47,163,155
46,163,154
46,163,155
46,163,155
46,163,155
46,163,155
46,163,155
46,163,155
46,163,155
47,164,155
47,164,155
47,164,155
47,164,155
47,164,155
47,163,155
47,163,155
47,163,155
46,163,155
46,163,154
45,163,154
45,163,154
45,163,154
45,163,154
45,163,154
45,163,154
46,163,154
46,163,155
46,163,155
46,163,155
46,163,155
47,163,155
47,163,155
47,164,155
47,164,155
47,164,155
47,164,155
47,164,155
47,164,155
47,164,155
47,164,155
47,164,155
47,164,155
47,164,155
47,164,155
47,164,155
47,164,155
47,164,155
47,163,155
47,163,155
47,163,155
46,163,155
46,163,155
46,163,155
46,163,154
46,163,154
46,163,155
46,163,155
46,163,155
46,163,155
47,163,155
47,163,155
47,163,155
47,163,155
47,163,155
48,163,156
48,163,156
48,163,156
48,163,156
49,165,157
49,165,157
50,165,157
50,165,157
50,165,157
51,166,157
51,166,157
51,166,157
51,166,157
51,166,157
51,166,157
51,166,157
51,166,157
51,166,157
51,166,157
52,165,157
52,165,157
52,165,157
52,165,157
52,165,157
52,165,157
52,165,157
51,165,157
51,165,157
51,165,158
51,165,158
51,165,157
51,165,157
52,165,157
51,165,157
51,166,157
51,166,157
50,165,157
50,165,157
50,165,157
50,165,157
50,165,157
50,165,157
50,165,157
50,165,157
50,165,157
50,165,157
50,165,157
50,165,157
50,165,157
48,164,156
48,163,155
47,163,155
45,163,154
45,162,154
43,162,153
43,160,152
42,161,152
42,160,152
42,160,152
40,160,151
39,160,151
40,159,150
39,159,151
38,158,151
38,158,151
38,158,150
38,158,150
37,158,149
37,157,149
37,157,149
36,158,149
44,161,152
44,161,152
44,161,152
44,161,152
43,162,153
43,162,153
43,162,153
43,162,154
44,162,153
44,162,153
45,162,154
45,162,154
45,162,154
45,162,154
45,162,154
45,162,154
45,162,154
45,163,154
45,163,154
45,163,154
45,163,154
45,162,154
45,162,154
45,162,154
43,162,153
43,162,154
43,162,154
43,162,154
44,162,154
45,163,155
47,163,155
47,163,155
48,163,155
48,163,155
47,164,155
47,164,155
47,164,155
47,164,155
47,164,155
47,163,155
47,163,155
45,163,154
46,162,154
45,162,154
45,162,154
45,162,154
44,162,153
44,162,153
44,162,153
45,162,154
45,162,154
45,163,154
46,163,154
46,163,155
47,164,154
47,163,155
47,164,155
47,164,155
47,163,155
47,163,155
47,163,155
47,163,155
47,163,155
47,163,155
46,163,154
46,163,154
46,163,155
45,163,155
45,163,155
45,163,155
46,163,154
46,163,155
46,163,155
47,164,155
47,164,155
47,164,155
47,164,155
47,163,155
47,163,155
47,163,155
46,163,155
46,163,155
46,163,154
46,163,154
46,163,154
46,163,154
46,163,154
46,163,154
46,163,154
46,163,154
46,163,155
46,163,155
46,163,155
47,163,155
47,163,155
47,163,155
47,164,155
47,164,155
47,164,155
47,164,155
47,164,155
47,164,155
47,164,155
47,164,155
47,164,155
47,164,155
47,164,155
47,164,155
47,164,155
47,164,155
47,163,155
47,163,155
47,163,155
46,163,155
46,163,155
46,163,155
46,163,154
46,163,154
46,163,155
46,163,155
46,163,155
46,163,155
46,164,155
47,163,155
47,163,155
47,163,155
47,163,155
47,163,155
48,163,156
48,163,156
48,163,156
49,165,157
50,165,157
50,165,157
50,165,157
51,166,158
51,166,158
51,166,157
51,166,157
51,166,157
51,166,157
51,166,157
51,166,157
51,166,157
51,166,157
52,165,157
52,165,157
52,165,157
52,165,157
52,165,157
52,165,157
52,165,157
52,165,157
51,165,158
51,165,158
51,165,158
51,165,158
52,165,158
52,165,157
52,165,157
52,165,157
52,165,157
51,166,157
50,165,157
50,165,157
50,165,157
50,165,157
50,165,157
50,165,157
50,165,157
50,165,157
50,165,157
50,165,157
50,165,157
50,165,157
50,165,157
49,165,157
48,164,156
47,163,155
46,163,155
46,162,154
45,162,154
43,161,152
43,160,152
41,160,151
41,160,151
40,160,151
40,160,151
40,159,150
39,159,151
39,159,151
38,158,150
38,158,150
38,158,150
38,158,150
38,158,150
38,158,150
38,158,150
38,158,150
44,161,152
44,161,152
44,161,152
44,161,152
43,162,153
43,162,153
43,162,154
43,162,154
44,162,153
44,162,153
44,162,153
45,162,154
45,162,154
45,162,154
45,162,154
45,162,154
45,162,154
45,163,154
45,163,154
45,163,154
45,163,154
45,162,154
45,162,154
43,162,153
43,162,153
43,162,154
43,162,154
44,162,154
45,162,154
46,164,155
47,163,155
47,163,155
48,163,155
48,163,155
48,163,155
47,164,155
47,164,155
47,164,155
47,164,155
46,163,155
46,163,155
46,163,155
45,163,154
45,163,154
45,162,154
45,162,154
45,162,154
45,162,154
45,162,154
45,162,154
45,162,154
45,163,154
46,163,154
46,163,154
46,163,155
47,164,155
47,164,155
47,164,155
47,163,155
47,163,155
47,163,155
47,163,155
47,163,155
47,163,155
46,164,155
46,163,154
45,163,155
45,163,155
45,163,155
45,163,155
45,163,154
46,163,154
46,163,155
47,164,155
47,164,155
47,164,155
47,164,155
47,164,155
47,164,155
47,164,155
46,163,155
46,163,155
46,163,155
46,163,154
46,163,155
46,163,155
46,163,155
46,163,154
46,163,154
46,163,154
46,163,155
46,163,155
46,163,155
46,163,155
47,163,155
47,164,155
47,164,155
47,164,155
47,164,155
47,164,155
47,164,155
47,164,155
47,164,155
47,164,155
47,164,155
47,164,155
47,164,155
47,164,155
47,164,155
47,164,155
47,164,155
47,163,155
47,163,155
46,163,155
46,163,155
46,163,155
46,163,155
46,163,155
46,163,155
46,163,155
46,163,155
46,163,155
47,163,155
46,164,155
46,164,155
46,164,155
47,163,155
47,163,155
48,163,156
48,163,156
48,163,156
49,165,157
50,165,157
50,165,157
50,165,157
51,166,158
51,166,158
51,166,157
51,166,157
51,166,157
51,166,157
51,166,157
51,166,157
51,166,157
52,165,157
52,166,158
52,166,158
52,166,158
52,166,158
52,166,158
52,166,158
52,165,157
52,165,158
51,165,158
51,165,158
51,165,158
52,165,158
52,165,157
52,165,157
52,166,158
52,166,158
52,166,158
52,165,157
50,165,157
50,165,157
50,165,157
50,165,157
50,165,157
50,165,157
50,165,157
50,165,157
51,166,158
50,165,157
50,165,157
50,165,157
51,165,158
50,164,157
49,163,157
48,163,155
47,163,155
46,163,154
45,162,154
45,162,154
43,161,152
42,161,152
41,160,151
42,160,152
41,159,151
40,159,151
40,159,150
39,159,151
38,158,151
38,158,151
38,158,150
38,158,150
38,158,150
38,158,150
38,158,150
38,158,150
43,161,152
44,161,152
44,161,152
44,161,152
43,162,153
43,162,153
43,162,153
43,162,154
43,162,153
44,162,153
44,162,153
45,162,154
45,162,154
45,162,154
45,162,154
45,162,154
45,162,154
45,163,154
45,163,154
45,163,154
45,163,154
45,162,154
45,162,154
45,162,154
43,162,154
43,162,154
43,162,154
45,162,154
45,163,155
47,163,155
47,163,155
47,163,155
48,163,156
48,163,156
48,163,156
48,163,156
48,163,156
47,164,155
47,164,155
47,164,155
46,163,155
46,163,155
46,163,155
45,163,154
45,163,154
45,163,154
45,163,154
45,163,154
45,162,154
45,162,154
45,162,154
45,163,154
45,163,154
46,163,154
46,163,155
46,163,155
47,164,155
47,164,155
47,163,155
47,163,155
47,163,155
47,163,155
47,163,155
47,163,155
47,163,155
46,164,155
45,163,155
45,163,155
45,163,155
45,163,154
45,163,154
46,163,154
46,163,155
47,164,155
47,164,155
47,164,155
47,164,155
47,164,155
47,164,155
47,164,155
46,163,155
46,163,155
46,163,155
46,163,155
46,163,155
46,163,155
46,163,155
46,163,155
46,163,155
46,163,155
46,163,155
46,163,155
46,163,155
46,163,155
46,163,155
47,164,155
47,164,155
47,164,155
47,164,155
47,164,155
47,164,155
47,164,155
47,164,155
47,164,155
47,164,155
47,164,155
47,164,155
47,164,155
47,164,155
47,164,155
47,164,155
47,163,155
47,164,155
46,163,155
46,163,155
46,163,155
46,163,155
46,163,155
46,163,155
46,163,155
46,163,155
47,163,155
47,163,155
47,163,155
47,163,155
47,163,155
47,163,155
48,163,156
48,163,156
48,163,156
48,164,156
49,165,157
50,165,157
50,165,157
50,165,157
50,165,157
51,165,158
51,165,158
51,165,157
51,165,157
51,165,157
51,165,157
51,165,157
52,165,157
52,165,157
52,166,158
52,166,158
52,166,158
52,166,158
52,166,158
52,166,158
52,166,158
52,165,157
52,165,158
52,165,158
52,165,158
52,165,158
52,165,157
52,165,157
52,166,158
52,166,158
52,166,158
52,165,157
52,165,157
50,165,157
50,165,157
50,165,157
50,165,157
50,165,157
50,165,157
50,165,157
51,166,158
50,165,157
50,165,157
50,165,157
51,165,158
51,165,158
50,164,157
49,163,156
48,163,155
46,163,154
46,162,154
45,162,154
43,161,152
42,161,152
42,161,152
42,160,152
42,160,152
41,159,151
40,159,150
40,159,150
38,158,151
38,158,151
38,158,151
38,158,151
38,158,151
38,158,151
38,158,150
38,158,150
43,161,152
44,161,152
44,161,152
44,161,152
43,162,153
43,162,153
43,162,153
43,162,154
43,162,153
44,162,153
44,162,153
45,162,154
45,162,154
45,162,154
45,162,154
45,162,154
45,162,154
45,162,154
45,163,154
45,163,154
45,163,154
45,162,154
45,162,154
45,162,154
44,162,154
44,162,154
45,162,154
45,163,155
46,163,154
47,163,155
47,163,155
47,163,155
48,163,156
48,163,156
48,163,156
48,163,156
48,163,156
48,163,156
47,164,155
47,164,155
47,164,155
46,163,155
46,163,155
46,163,155
46,163,154
46,163,155
45,163,154
45,163,154
45,163,154
45,163,154
45,163,154
45,163,154
46,163,154
46,163,154
46,163,154
46,163,155
46,163,155
47,164,155
47,164,155
47,163,155
47,163,155
47,163,155
47,163,155
47,163,155
47,163,155
46,164,155
46,164,155
46,163,155
45,163,154
45,163,154
46,163,154
46,163,155
46,163,155
47,164,155
47,164,155
47,164,155
47,164,155
47,164,155
47,164,155
47,164,155
47,164,155
46,163,155
46,163,155
46,163,155
46,163,155
46,163,155
46,163,155
46,163,155
46,163,155
46,163,155
46,163,155
46,163,155
46,163,155
47,164,155
47,164,155
47,164,155
47,164,155
47,164,155
47,164,155
47,164,155
47,164,155
47,164,155
47,164,155
47,164,155
47,164,155
47,164,155
47,164,155
47,164,155
47,164,155
47,164,155
47,164,155
47,163,155
47,164,155
46,163,155
46,163,155
46,163,155
46,163,155
46,163,155
46,163,155
47,163,155
47,163,155
47,163,155
47,163,155
47,163,155
47,163,155
47,163,155
47,163,155
48,163,156
48,163,156
48,164,156
48,164,156
49,165,157
50,165,157
50,165,157
50,165,157
50,165,157
51,165,158
51,165,158
51,165,157
51,165,157
52,165,157
52,165,157
51,165,157
52,165,157
52,165,157
52,166,158
52,166,158
52,166,158
52,166,158
52,166,158
52,166,158
52,166,158
52,165,157
52,165,158
52,165,158
52,165,158
52,165,158
52,165,157
52,165,157
52,166,158
52,166,158
52,166,158
52,165,157
52,165,157
51,166,157
50,165,157
50,165,157
50,165,157
50,165,157
50,165,157
50,165,157
51,166,158
50,165,157
51,166,158
51,165,158
51,165,158
51,165,158
51,165,157
49,163,156
48,163,155
47,163,155
46,163,155
45,162,154
44,162,153
43,161,152
42,161,152
42,160,152
42,160,152
42,160,152
40,159,150
40,159,150
39,159,151
38,158,151
38,158,151
38,158,151
38,158,151
38,158,151
38,158,150
38,158,150
43,161,152
44,161,152
44,161,152
43,162,153
43,162,153
43,162,153
43,162,153
43,162,154
43,162,153
44,162,153
44,162,153
44,162,153
45,162,154
45,162,154
45,162,154
45,162,154
45,162,154
45,162,154
45,162,154
45,163,154
45,163,154
45,163,154
45,162,154
45,162,154
45,162,154
45,162,154
45,163,155
45,163,155
47,163,155
47,163,155
47,163,155
48,163,156
48,163,156
48,163,156
48,163,156
48,163,156
48,163,156
48,163,156
48,163,156
47,164,155
47,164,155
47,164,155
46,163,155
46,163,155
47,163,155
47,163,155
47,163,155
47,163,155
46,163,155
46,163,155
46,163,155
46,163,154
46,163,154
46,163,154
46,163,154
46,163,155
46,163,155
46,163,155
47,164,155
47,164,155
47,164,155
47,164,155
47,164,155
47,164,155
47,164,155
47,164,155
46,163,155
46,163,155
46,163,155
46,163,155
46,163,155
46,163,155
47,164,155
47,164,155
47,164,155
47,164,155
47,164,155
47,164,155
47,164,155
47,164,155
47,164,155
46,163,155
46,163,155
46,163,155
46,163,155
46,163,155
46,163,155
46,163,155
46,163,155
46,163,155
46,163,155
47,164,155
47,164,155
47,164,155
47,164,155
47,164,155
47,164,155
47,164,155
47,164,155
47,164,155
47,164,155
47,164,155
47,164,155
47,164,155
47,164,155
47,164,155
47,164,155
47,164,155
47,164,155
47,164,155
47,164,155
47,164,155
47,164,155
47,164,155
46,163,155
46,163,155
46,163,155
46,163,155
47,164,155
47,163,155
47,163,155
47,163,155
47,163,155
47,163,155
47,163,155
47,163,155
48,163,156
48,163,156
48,163,156
48,164,156
48,164,156
48,164,156
50,165,157
50,165,157
50,165,157
50,165,157
50,165,157
51,166,158
51,165,158
51,165,157
52,165,157
52,165,157
52,165,158
52,165,157
52,165,157
52,166,158
52,166,158
52,166,158
52,166,158
52,166,158
52,166,158
52,166,158
52,165,157
52,165,157
52,165,158
51,166,158
51,166,158
52,165,157
52,165,157
52,166,158
52,166,158
52,166,158
52,165,157
52,165,157
52,165,157
51,166,157
51,166,158
51,166,158
51,166,158
51,166,158
51,166,158
51,166,158
50,165,157
51,166,158
51,165,158
51,165,158
51,165,158
51,165,157
50,164,156
49,163,156
47,163,155
46,163,155
45,162,154
45,162,154
43,161,152
42,161,152
42,160,152
42,160,152
40,159,151
40,159,151
40,159,150
39,159,151
38,158,151
38,158,151
38,158,151
38,158,151
38,158,151
39,159,151
39,159,151
44,161,152
44,161,152
44,161,152
43,162,153
43,162,153
43,162,153
43,162,153
43,162,153
43,162,153
44,162,153
44,162,153
45,162,154
45,162,154
45,162,154
45,162,154
45,162,154
45,162,154
45,162,154
45,162,154
45,162,154
45,163,154
45,163,154
45,163,154
45,163,155
45,163,155
45,163,155
46,163,154
47,163,155
47,163,155
47,163,155
48,163,156
48,163,156
48,163,156
48,163,156
48,163,156
48,163,156
48,163,156
48,163,156
48,163,156
48,163,156
48,163,156
47,163,155
47,164,155
47,163,155
47,163,155
47,163,155
47,163,155
47,163,155
47,163,155
47,163,155
46,163,155
46,163,154
46,163,154
46,163,154
46,163,154
46,163,154
46,163,155
46,163,155
46,163,155
47,164,155
47,164,155
47,164,155
47,164,155
47,164,155
47,164,155
47,164,155
47,164,155
47,164,155
46,163,155
46,163,155
46,163,155
47,164,155
47,164,155
47,164,155
47,164,155
47,164,155
47,164,155
47,164,155
47,164,155
47,164,155
47,164,155
47,164,155
46,163,155
46,163,155
46,163,155
46,163,155
46,163,155
46,163,155
46,163,155
47,163,155
47,163,155
47,164,155
47,164,155
47,164,155
47,164,155
47,164,155
47,164,155
47,164,155
47,164,155
47,164,155
47,164,155
47,164,155
47,164,155
47,164,155
47,164,155
47,164,155
47,164,155
47,164,155
47,164,155
47,164,155
47,164,155
47,164,155
47,164,155
47,164,155
47,164,155
47,164,155
47,164,155
47,164,155
47,164,155
47,164,155
47,164,155
47,164,155
47,163,155
47,163,155
48,163,156
48,163,156
48,163,156
48,163,156
49,163,157
49,163,157
49,163,157
49,163,157
50,164,157
50,165,157
50,165,157
50,165,157
50,165,157
50,165,157
51,166,158
51,165,158
51,165,158
51,165,158
51,165,158
51,165,158
52,165,158
52,165,157
52,166,158
52,166,158
52,166,158
52,166,158
52,166,158
52,166,158
52,165,157
52,165,157
52,165,158
51,166,158
51,166,158
52,165,157
52,165,157
52,165,157
52,165,157
52,165,157
52,165,157
52,165,157
52,165,157
52,165,157
51,165,158
51,166,158
51,166,158
51,166,158
51,166,158
51,166,158
51,166,158
51,165,158
51,165,158
51,165,158
51,165,158
51,165,157
50,164,156
49,163,156
47,163,155
46,163,155
45,162,154
45,162,154
43,161,152
42,161,152
42,160,152
42,160,152
40,159,151
40,159,150
40,159,150
39,159,151
39,159,151
38,158,151
38,158,151
38,158,151
39,159,151
39,159,151
39,159,151
44,161,152
44,161,152
44,161,152
43,162,153
43,162,153
43,162,153
43,162,153
43,162,153
44,162,153
44,162,153
44,162,153
45,162,154
45,162,154
45,162,154
45,162,154
44,162,153
44,162,153
44,162,153
45,162,154
45,162,154
45,163,154
45,163,155
46,163,155
46,163,155
46,163,155
47,163,155
47,163,155
47,163,155
47,163,155
48,163,156
48,163,156
48,163,156
48,163,156
48,163,156
48,163,156
48,163,156
48,163,156
48,163,156
48,163,156
48,163,156
48,163,156
47,163,155
47,163,155
47,163,155
47,163,155
47,163,155
47,163,155
47,163,155
47,163,155
47,163,155
46,163,155
46,163,154
46,163,154
46,163,154
46,163,154
46,163,154
46,163,155
46,163,155
46,163,155
46,163,155
46,163,155
46,163,155
46,163,155
46,163,155
47,164,155
47,164,155
47,164,155
47,164,155
47,164,155
47,164,155
47,164,155
47,164,155
47,164,155
47,164,155
47,164,155
47,164,155
47,164,155
47,164,155
47,164,155
47,164,155
47,164,155
47,164,155
46,163,155
46,163,155
46,163,155
46,163,155
46,163,155
46,163,155
47,163,155
47,163,155
47,163,155
47,163,155
47,164,155
47,164,155
47,164,155
47,164,155
47,164,155
47,164,155
47,164,155
47,164,155
47,164,155
47,164,155
47,164,155
46,163,155
46,163,155
47,164,155
47,164,155
47,164,155
47,164,155
47,164,155
47,164,155
47,164,155
47,164,155
47,164,155
47,164,155
47,164,155
47,164,155
47,164,155
47,164,155
47,164,155
47,164,155
47,164,155
47,164,155
47,164,155
48,163,156
48,164,156
48,164,156
48,164,156
49,163,157
49,163,157
49,163,157
49,163,157
50,165,157
50,165,157
50,165,157
50,165,157
50,165,157
50,165,157
50,165,157
51,166,158
51,166,158
51,165,158
51,165,158
51,165,158
51,165,158
52,165,158
52,165,157
52,165,157
52,166,158
52,166,158
52,166,158
52,165,157
52,165,157
52,165,157
52,165,157
51,166,158
52,165,157
52,165,157
52,165,157
52,165,157
52,165,157
52,165,157
52,165,157
52,165,157
52,165,157
52,165,157
52,165,157
51,165,157
51,165,158
51,165,158
51,165,158
51,165,158
51,165,158
51,165,158
51,165,158
51,165,158
51,165,158
51,165,157
50,164,156
48,164,155
47,163,155
46,163,155
45,162,154
45,162,154
43,160,152
41,160,151
42,160,152
41,159,151
40,159,151
40,159,150
40,159,151
38,160,151
38,160,151
38,160,151
39,159,151
39,159,151
40,159,150
40,159,150
39,160,151
45,162,153
45,162,154
43,162,153
43,162,153
43,162,153
43,162,153
43,162,153
44,162,153
44,162,153
44,162,153
45,162,154
45,162,154
45,162,154
45,162,154
44,162,153
44,162,153
44,162,153
44,162,153
44,162,153
45,163,155
45,163,155
46,163,154
47,163,155
47,164,155
47,163,155
48,163,156
48,163,156
48,163,156
48,163,156
48,163,156
48,163,156
48,163,156
48,163,156
48,163,156
48,163,156
48,163,156
48,163,156
48,163,156
48,163,156
48,163,156
48,163,156
47,163,155
47,163,155
47,163,155
47,163,155
47,163,155
47,163,155
47,163,155
47,163,155
47,163,155
46,163,155
46,163,155
46,163,155
46,163,154
46,163,154
46,163,155
47,163,155
47,163,155
46,163,155
46,163,155
46,163,155
46,163,155
46,163,155
46,163,155
46,163,155
47,164,155
47,164,155
47,164,155
47,164,155
47,164,155
47,164,155
47,164,155
47,164,155
47,164,155
47,164,155
47,164,155
47,164,155
47,164,155
47,164,155
47,164,155
47,164,155
47,164,155
46,163,155
46,163,155
46,163,154
46,163,155
46,163,155
46,163,155
46,164,155
47,163,155
47,163,155
47,163,155
47,163,155
47,164,155
47,164,155
47,164,155
47,164,155
47,164,155
47,164,155
47,164,155
47,163,155
47,163,155
46,163,155
46,163,154
46,163,155
46,163,155
47,164,155
47,164,155
47,164,155
47,164,155
47,164,155
47,164,155
47,164,155
47,164,155
47,164,155
47,164,155
47,164,155
47,164,155
47,164,155
47,164,155
47,164,155
47,164,155
48,165,156
48,165,156
48,165,156
49,165,157
49,165,157
49,165,157
48,164,156
48,164,156
48,164,156
49,165,157
50,165,157
50,165,157
50,165,157
50,165,157
50,165,157
50,165,157
50,165,157
50,165,157
50,165,157
51,166,158
51,165,158
51,165,158
51,165,158
51,165,158
52,165,157
52,165,157
52,165,157
52,165,157
52,166,158
52,166,158
52,165,157
52,165,157
52,165,157
51,166,157
51,166,157
52,165,157
52,165,157
51,165,157
52,165,157
52,165,157
52,165,157
52,165,157
52,165,157
52,165,157
52,165,157
52,165,157
52,165,157
52,165,157
52,165,157
52,165,157
52,165,157
52,165,157
51,165,157
51,165,158
51,165,158
51,165,157
50,166,156
48,164,155
47,163,155
47,163,155
45,163,154
44,162,153
42,161,152
41,160,151
40,160,151
40,160,151
40,159,151
40,160,151
39,159,151
38,160,151
38,160,151
38,160,151
38,160,151
38,160,151
39,160,151
39,160,151
39,160,151
45,162,154
45,162,154
43,162,153
43,162,153
43,162,153
43,162,153
43,162,153
45,162,154
45,162,154
45,162,154
45,162,154
45,162,154
45,162,154
44,162,153
44,162,153
44,162,153
44,162,153
44,162,153
45,162,154
45,163,154
45,163,155
46,164,155
47,163,155
47,164,155
47,163,155
48,163,156
48,163,156
48,163,156
48,163,156
48,163,156
48,163,156
48,163,156
48,163,156
48,163,156
48,163,156
48,163,156
48,163,156
48,163,156
48,163,156
48,163,156
48,163,156
47,163,155
47,163,155
47,163,155
47,163,155
47,163,155
47,163,155
47,163,155
47,164,155
47,164,155
46,163,155
46,163,155
46,163,155
46,163,155
46,163,154
47,163,155
47,163,154
47,163,155
46,163,155
46,163,155
46,163,155
46,163,155
46,163,155
46,163,155
46,163,155
47,164,155
47,164,155
47,164,155
47,164,155
47,164,155
47,164,155
47,164,155
47,164,155
47,164,155
47,164,155
47,164,155
47,164,155
47,164,155
47,164,155
47,164,155
47,164,154
47,164,155
46,163,155
46,163,155
46,163,154
46,163,155
46,163,155
46,163,155
46,164,155
47,163,155
47,163,155
47,163,155
47,164,155
47,164,155
47,164,155
47,164,155
47,164,155
47,164,155
47,164,155
47,164,155
47,163,155
47,163,155
46,163,155
46,163,154
46,163,154
46,163,155
46,163,155
47,164,155
47,164,155
47,164,155
47,164,155
47,164,155
47,164,155
47,164,155
47,164,155
47,164,155
47,164,155
47,164,155
47,164,155
47,164,155
47,164,155
48,165,156
48,165,156
48,165,156
48,165,156
49,165,157
49,165,157
50,165,157
50,165,157
50,165,157
50,165,157
50,165,157
50,165,157
50,165,157
50,165,157
50,165,157
50,165,157
50,165,157
50,165,157
50,165,157
50,165,157
51,165,158
51,165,158
51,165,158
51,165,158
51,165,158
52,165,157
52,165,157
52,165,157
52,165,157
52,166,158
53,165,157
52,165,157
52,165,157
51,166,157
51,166,157
51,166,157
52,165,157
52,165,157
51,165,157
51,165,157
51,165,157
51,165,158
51,165,158
51,165,158
52,165,157
52,165,157
52,165,157
52,165,157
52,165,157
52,165,157
52,166,158
52,166,158
52,165,157
52,165,157
52,165,157
51,165,157
51,165,157
50,166,156
48,164,155
47,163,155
47,163,155
45,163,154
45,162,154
43,160,152
41,160,151
40,160,151
40,160,151
40,160,151
40,160,151
39,159,151
39,159,151
38,160,151
38,160,151
38,160,151
38,160,151
39,160,151
39,160,151
39,160,151
45,162,154
43,162,153
43,162,153
43,162,153
43,162,153
43,162,153
43,162,153
45,162,154
45,162,154
45,162,154
45,162,154
45,162,154
45,162,154
44,162,153
44,162,153
44,162,153
44,162,153
44,162,153
45,162,154
45,163,154
45,163,154
47,163,155
47,163,155
47,163,155
48,163,155
48,163,156
48,163,156
48,163,156
48,163,156
48,163,156
48,163,156
48,163,156
48,163,156
48,163,156
48,163,156
48,163,156
48,163,156
48,163,156
49,163,157
48,163,156
48,163,156
48,163,156
47,163,155
47,163,155
47,163,155
47,163,155
48,163,155
47,164,155
47,164,155
47,164,155
46,163,155
46,163,155
46,163,155
46,163,155
46,163,155
47,163,155
47,163,155
47,163,155
47,163,155
47,164,155
47,164,155
46,163,155
47,163,155
47,163,155
47,164,155
47,164,155
47,164,155
47,164,155
47,164,155
47,164,155
47,164,155
47,164,155
47,164,155
47,164,155
47,164,155
47,164,155
47,164,155
47,164,155
47,164,155
47,164,155
47,164,155
46,163,155
46,163,155
46,163,154
46,163,154
46,163,155
45,163,155
46,163,155
46,163,154
47,163,155
47,163,155
47,164,155
47,164,155
47,164,155
47,164,155
47,164,155
47,164,155
47,164,155
47,164,155
47,163,155
47,163,155
47,163,155
46,163,155
45,163,154
45,163,155
45,163,155
46,163,155
46,163,155
47,164,155
47,164,155
47,164,155
47,164,155
47,164,155
47,164,155
47,164,155
47,164,155
47,164,155
47,164,155
47,164,155
47,164,155
47,164,155
48,165,156
48,165,156
48,165,156
50,165,157
50,165,157
50,165,157
50,165,157
50,165,157
50,165,157
50,165,157
50,165,157
50,165,157
50,165,157
50,165,157
50,165,157
50,165,157
50,165,157
50,165,157
50,165,157
50,165,157
51,165,158
51,165,158
51,165,158
51,165,158
51,165,158
51,165,158
52,165,157
52,165,157
52,165,157
53,165,157
54,166,158
53,165,157
53,165,157
51,166,157
51,166,157
51,166,157
51,166,157
52,165,157
51,165,157
51,165,157
51,165,158
51,165,158
51,165,158
51,165,158
51,165,158
52,165,157
52,165,157
52,165,157
52,165,157
52,166,158
52,166,158
52,166,158
52,166,158
52,166,158
52,165,157
52,165,157
51,166,157
50,166,156
50,165,156
48,164,155
47,163,155
45,163,154
45,162,154
43,161,152
41,160,151
40,160,151
40,160,151
40,160,151
40,160,151
39,159,151
39,159,151
38,160,151
38,160,151
38,160,151
38,160,151
39,160,151
40,159,150
40,159,150
43,162,153
43,162,153
43,161,153
43,161,153
43,161,153
43,162,153
43,162,153
45,162,154
45,162,154
45,162,154
45,162,154
45,162,154
45,162,154
44,162,153
44,162,153
44,162,153
44,162,153
44,162,153
45,162,154
45,163,154
45,163,154
47,163,155
47,163,155
47,163,155
48,163,155
48,163,156
48,163,156
48,163,156
48,163,156
48,163,156
48,163,156
48,163,156
48,163,156
48,163,156
48,163,156
48,163,156
49,163,157
49,163,157
49,163,157
49,163,157
49,163,157
48,163,156
48,163,156
48,163,156
48,163,156
48,163,155
47,164,155
47,164,155
47,164,155
47,164,155
47,164,155
46,163,155
46,163,155
46,163,155
46,163,155
47,163,155
47,163,155
47,164,155
47,164,155
47,164,155
47,164,155
47,164,155
47,163,155
47,163,155
47,163,155
47,163,155
47,164,155
47,164,155
47,164,155
47,164,155
47,164,155
47,164,155
47,164,155
47,164,155
46,163,155
46,163,155
46,163,155
47,164,155
47,164,155
47,164,155
46,163,155
46,163,155
46,163,154
46,163,154
46,163,154
45,163,155
45,163,155
45,163,155
46,163,154
47,163,155
47,163,155
47,164,155
47,164,155
47,164,155
47,164,155
47,164,155
47,164,155
47,164,155
47,164,155
47,164,155
47,163,155
47,163,155
46,163,154
45,163,154
45,163,155
45,163,154
45,163,154
46,163,155
47,164,155
47,164,155
47,164,155
47,164,155
47,164,155
47,164,155
47,164,155
47,164,155
47,164,155
47,164,155
47,164,155
47,164,155
47,164,155
48,165,156
48,165,156
49,165,157
50,165,157
50,165,157
50,165,157
50,165,157
50,165,157
50,165,157
50,165,157
50,165,157
50,165,157
50,165,157
50,165,157
50,165,157
50,165,157
51,166,158
51,166,158
51,165,158
51,165,158
51,165,158
51,165,158
51,165,158
51,165,158
51,165,158
52,165,158
52,165,157
52,166,158
53,165,157
54,166,158
56,166,157
56,166,157
53,165,157
51,166,157
51,166,157
51,166,157
51,166,157
51,166,157
51,165,157
51,165,157
51,165,158
51,165,158
51,165,158
51,165,158
51,165,158
52,165,157
52,165,157
52,165,157
52,166,158
52,166,158
52,166,158
52,166,158
52,166,158
53,165,157
53,165,157
52,165,157
51,166,157
50,166,156
50,165,156
48,164,155
47,163,155
45,163,154
45,162,154
43,162,153
42,161,152
41,160,151
40,160,151
40,160,151
40,160,151
40,160,151
39,159,151
38,160,151
38,160,151
38,160,151
38,160,151
39,160,151
40,159,150
40,159,150
43,162,153
43,162,154
43,161,153
43,161,153
43,161,153
43,161,153
43,162,153
45,162,154
45,162,154
45,162,154
44,162,153
44,162,153
44,162,153
44,162,153
44,162,153
44,162,153
44,162,153
44,162,153
45,162,154
45,163,154
45,163,154
47,163,155
47,163,155
47,163,155
48,163,155
48,163,156
48,163,156
48,163,156
48,163,156
48,163,156
48,163,156
48,163,156
48,163,156
48,164,156
48,164,156
48,164,156
49,163,157
49,163,157
49,163,157
49,163,157
49,163,157
49,163,157
48,163,156
48,163,156
48,163,156
48,163,156
47,164,155
47,164,155
47,164,155
47,164,155
47,164,155
47,164,155
47,164,155
47,164,155
46,163,155
47,163,155
47,163,155
47,164,155
47,164,155
47,164,155
47,163,155
47,163,155
47,163,155
47,163,155
47,163,155
47,163,155
47,163,155
47,163,155
47,163,155
47,163,155
46,163,155
46,163,155
46,163,155
46,163,155
46,163,155
46,163,155
46,163,155
46,163,155
46,163,155
46,163,155
46,163,155
46,163,155
46,163,154
46,163,154
46,163,154
45,163,155
45,163,155
45,163,155
46,163,155
47,163,155
47,163,155
47,164,155
47,164,155
47,164,155
47,164,155
47,164,155
47,164,155
47,164,155
47,164,155
47,164,155
47,164,154
47,164,154
46,163,155
46,163,154
45,163,155
45,163,154
45,164,155
46,163,155
46,163,155
47,164,155
47,164,155
47,164,155
47,164,155
47,164,155
47,164,155
47,164,155
47,164,155
47,164,155
47,164,155
47,164,155
47,164,155
47,164,155
49,165,157
50,165,157
50,165,157
50,165,157
50,165,157
50,165,157
50,165,157
50,165,157
50,165,157
50,165,157
50,165,157
50,165,157
50,165,157
51,166,157
51,166,157
51,165,157
51,165,158
51,165,158
51,165,158
51,165,158
51,165,158
51,165,158
51,165,158
51,165,158
52,165,157
52,166,158
52,166,158
53,166,158
54,166,158
56,166,157
56,166,157
53,166,158
51,166,157
51,166,157
51,166,157
51,166,157
51,166,157
51,165,157
51,165,157
51,165,157
51,165,157
51,165,158
51,165,158
51,165,158
51,165,158
52,165,157
52,165,157
52,166,158
53,166,158
53,166,158
53,166,158
53,165,157
53,165,157
53,165,157
53,165,157
52,165,157
51,166,157
50,165,156
49,165,156
48,164,155
46,163,155
45,163,154
45,162,154
43,160,152
43,160,152
41,160,151
40,160,151
40,160,151
40,160,151
39,159,151
39,159,151
38,160,151
38,160,151
39,160,151
39,160,151
40,159,150
40,159,151
43,162,153
43,161,153
43,161,153
43,161,153
43,161,153
43,162,154
43,162,153
45,162,154
45,162,154
45,162,154
44,162,153
44,162,153
44,162,153
44,162,153
44,162,153
44,162,153
44,162,153
45,162,154
45,162,154
45,163,154
45,163,154
47,163,155
47,163,155
48,163,155
48,163,155
48,163,156
48,163,156
48,163,156
48,163,156
48,163,156
48,163,156
48,163,156
48,164,156
49,165,157
48,164,156
49,163,157
49,163,157
49,163,157
49,163,157
49,163,157
49,163,157
48,163,156
48,163,156
48,163,156
48,163,156
48,163,156
48,163,155
47,164,155
47,164,155
47,164,155
47,164,155
47,164,155
47,164,155
47,164,155
47,164,155
47,164,155
47,164,155
47,164,155
47,164,155
47,164,155
47,164,155
47,163,155
47,163,155
47,163,155
47,163,155
47,163,155
47,163,155
47,163,155
47,163,155
47,163,155
47,163,155
46,163,155
46,163,154
46,163,154
46,163,154
46,163,154
46,163,155
46,163,155
46,163,155
46,163,155
46,163,155
46,163,155
46,163,154
46,163,154
46,163,155
46,163,155
46,163,155
46,163,155
46,163,155
46,163,155
46,163,155
46,163,155
47,164,155
47,164,155
47,164,155
47,164,155
47,164,155
47,164,155
47,164,155
47,164,155
47,164,155
47,164,154
47,164,155
46,163,155
46,163,155
45,163,155
46,163,155
46,163,155
47,164,155
47,164,155
47,164,155
47,164,155
47,164,155
47,164,155
47,164,155
47,164,155
47,164,155
47,164,155
47,164,155
47,164,155
47,164,155
47,164,155
49,165,157
50,165,157
50,165,157
50,165,157
50,165,157
50,165,157
50,165,157
50,165,157
50,165,157
50,165,157
50,165,157
50,165,157
50,165,157
51,166,158
51,166,157
51,165,157
51,165,158
51,165,158
51,165,158
51,165,158
51,165,158
51,165,158
51,165,158
52,165,158
52,165,157
52,166,158
52,166,158
53,166,158
54,166,158
54,166,158
54,166,158
52,166,158
52,165,157
51,166,157
51,166,157
51,166,157
51,166,157
51,165,157
52,165,157
51,165,157
52,165,157
51,165,158
51,165,158
51,165,158
51,165,158
51,165,158
52,165,157
53,166,158
53,166,158
53,166,158
53,166,158
52,166,158
53,165,157
53,165,157
52,166,158
52,165,157
51,166,157
51,166,157
50,165,156
48,164,155
46,163,155
45,163,154
45,162,154
43,162,153
43,160,152
42,161,152
41,160,151
40,160,151
40,160,151
40,160,151
39,160,151
38,160,151
38,160,151
39,160,151
39,160,151
40,159,151
41,159,151
43,162,154
43,161,153
43,161,153
43,161,153
43,161,153
43,161,153
43,162,153
44,162,153
44,162,153
44,162,153
44,162,153
44,162,153
44,162,153
44,162,153
44,162,153
44,162,153
45,162,154
45,162,154
45,163,154
45,163,154
45,163,154
47,163,155
47,163,155
48,163,155
48,163,155
48,163,156
48,163,156
48,163,156
48,163,156
48,163,156
48,163,156
48,164,156
49,165,157
49,165,157
49,165,157
49,163,157
49,163,157
49,163,157
49,163,157
49,163,157
49,163,157
48,163,156
48,163,156
48,163,156
48,163,156
48,163,156
48,163,156
48,163,155
47,164,155
47,164,155
47,164,155
47,164,155
47,164,155
47,164,155
46,163,155
47,164,155
47,164,155
47,164,155
47,164,155
47,164,155
47,164,155
48,163,155
47,163,155
47,164,155
47,164,155
47,163,155
47,163,155
47,163,155
47,163,155
47,163,155
46,163,155
45,163,154
45,163,154
46,163,154
46,163,154
46,163,154
46,163,155
46,163,155
46,163,155
46,163,155
46,163,155
46,163,155
46,163,155
46,163,154
46,163,154
46,163,155
46,163,155
46,163,155
46,163,155
46,163,155
46,163,155
46,163,155
46,163,155
47,164,155
47,164,155
47,164,155
47,164,155
47,164,155
47,164,155
47,164,155
47,164,155
47,164,155
47,164,155
47,164,155
46,163,155
46,163,155
46,163,155
47,164,155
47,164,155
47,164,155
47,164,155
47,164,155
47,164,155
47,164,155
47,164,155
47,164,155
47,164,155
47,164,155
47,164,155
47,164,155
47,164,155
47,164,155
48,163,156
49,165,157
50,165,157
50,165,157
50,165,157
50,165,157
50,166,156
51,166,157
51,166,157
51,166,157
50,165,157
50,165,157
50,165,157
51,166,157
51,166,157
51,165,157
51,165,157
51,165,158
51,165,158
51,165,158
51,165,158
51,165,158
51,165,158
52,165,157
52,166,158
52,166,158
53,166,158
53,166,158
53,166,158
53,166,158
53,166,158
52,166,158
51,166,157
51,166,157
51,166,157
51,166,157
51,166,157
51,166,157
52,165,157
52,165,157
52,165,157
52,165,157
51,165,158
51,165,158
51,165,158
51,165,158
52,165,157
53,166,158
53,166,158
53,166,158
53,166,158
52,166,158
52,166,158
52,166,158
52,166,158
52,165,157
52,165,157
51,166,157
50,165,156
48,164,155
47,163,154
45,163,154
45,162,154
43,162,153
43,160,152
42,161,152
42,161,152
42,160,152
42,160,152
41,159,151
40,159,150
40,159,150
38,160,151
39,160,151
39,160,151
40,159,151
41,159,151
43,162,153
43,162,153
43,162,154
43,161,153
43,161,153
43,161,153
43,161,153
43,162,154
43,162,154
44,162,153
44,162,153
44,162,153
44,162,153
44,162,153
44,162,153
44,162,153
45,162,154
45,162,154
45,162,154
45,163,154
45,163,154
45,163,154
47,163,155
47,163,155
48,163,155
48,163,155
48,163,156
48,163,156
48,163,156
48,163,156
48,163,156
48,164,156
49,165,157
49,165,157
49,165,157
50,165,157
50,164,157
49,163,157
49,163,157
49,163,157
49,163,157
48,163,156
48,163,156
48,163,156
48,163,156
48,163,156
48,163,156
48,163,156
48,163,155
48,163,155
47,164,155
47,164,155
47,164,155
47,164,155
47,164,155
47,164,155
47,164,155
47,164,155
47,164,155
47,164,155
47,164,155
47,164,155
47,164,155
47,164,155
47,164,155
47,164,155
47,164,155
47,163,155
47,163,155
47,163,155
47,163,155
46,163,155
45,163,154
45,163,154
46,163,154
46,163,154
46,163,155
46,163,155
46,163,155
46,163,155
46,163,155
46,163,155
46,163,155
46,163,155
46,163,155
46,163,155
46,163,155
46,163,155
46,163,155
46,163,155
46,163,155
46,163,155
46,163,155
46,163,155
47,164,155
47,164,155
47,164,155
47,164,155
47,164,155
47,164,155
47,164,155
47,164,155
47,164,155
47,164,155
47,164,155
47,164,155
47,164,155
47,164,155
47,164,155
47,164,155
47,164,155
47,164,155
47,164,155
47,164,155
47,164,155
47,164,155
47,164,155
47,164,155
47,164,155
47,164,155
47,164,155
47,164,155
47,164,155
48,163,156
49,165,157
50,165,157
50,165,157
50,165,157
50,166,156
51,166,157
51,166,157
51,166,157
51,166,157
51,166,157
51,166,157
51,166,157
51,166,157
51,166,158
51,165,158
52,165,157
52,165,157
52,165,157
51,165,158
51,165,158
51,165,158
51,165,158
52,165,157
52,166,158
52,166,158
52,166,158
53,166,158
53,166,158
53,166,158
52,166,158
52,165,157
51,166,157
51,166,157
51,166,157
51,166,157
51,166,157
51,166,157
51,165,157
52,165,157
52,165,157
52,165,157
52,165,157
51,165,158
51,165,158
51,165,158
51,166,158
52,166,158
53,166,158
53,166,158
53,166,158
52,166,158
52,166,158
52,166,158
52,166,158
52,165,157
52,165,157
51,165,157
51,165,157
50,164,156
47,163,155
45,163,154
45,162,154
43,162,153
43,161,152
43,160,152
42,161,152
42,161,152
42,160,152
41,159,151
41,159,151
40,159,150
39,160,151
39,160,151
39,160,151
40,160,151
42,160,152
42,160,152
43,162,153
43,162,153
43,161,153
43,161,153
43,161,153
43,162,154
43,162,154
43,162,154
44,162,153
44,162,153
44,162,153
44,162,153
45,162,154
45,162,154
45,162,154
45,162,154
45,162,154
45,163,154
45,163,154
45,163,154
45,163,154
46,163,155
47,163,155
47,163,155
48,163,155
48,163,156
48,163,156
48,163,156
48,163,156
48,164,156
49,165,157
49,165,157
49,165,157
49,165,157
50,165,157
49,165,157
49,163,157
49,163,157
48,164,156
48,163,156
48,163,156
48,163,156
48,163,156
48,163,156
48,163,156
48,163,156
48,163,156
48,164,156
48,164,155
48,164,155
48,164,155
48,163,155
47,164,155
47,164,155
47,164,155
47,164,155
47,164,155
47,164,155
47,164,155
47,164,155
47,164,155
47,164,155
47,164,155
47,164,155
47,164,155
47,164,155
47,163,155
47,163,155
47,163,155
47,163,155
47,163,155
46,163,154
46,163,154
46,163,155
46,163,155
46,163,155
46,163,155
46,163,155
46,163,155
46,163,155
46,163,155
46,163,155
47,164,155
47,164,155
47,164,155
47,164,155
47,164,155
46,163,155
46,163,155
46,163,155
46,163,155
46,163,155
46,163,155
47,164,155
47,164,155
47,164,155
48,165,155
48,165,155
48,165,155
48,165,155
48,165,155
48,165,155
48,165,155
47,164,155
47,164,155
47,164,155
47,164,155
47,164,155
47,164,155
47,164,155
47,164,155
47,164,155
48,165,155
48,165,155
47,164,155
47,164,155
47,164,155
47,164,155
47,164,155
47,164,155
47,164,155
47,164,155
48,163,156
49,165,157
50,165,157
50,165,157
50,165,157
51,166,157
51,166,157
51,166,157
51,166,157
51,166,157
51,166,157
51,166,157
51,166,157
50,165,157
50,165,157
50,165,157
51,165,158
52,165,157
52,165,157
52,165,157
51,165,158
51,165,158
51,165,158
52,165,157
52,166,158
52,166,158
52,166,158
52,166,158
52,166,158
52,166,158
52,165,157
52,165,157
52,165,157
51,166,157
51,166,157
51,166,157
50,165,157
50,165,157
51,166,158
51,165,157
52,165,157
52,165,157
51,165,158
51,165,158
51,165,158
51,166,158
51,166,158
52,166,158
53,166,158
53,166,158
53,166,158
52,166,158
52,166,158
52,166,158
52,166,158
52,166,158
52,165,157
51,165,157
51,165,157
50,164,156
47,163,155
45,163,155
45,163,155
43,162,154
43,162,153
43,160,152
43,160,152
42,161,152
42,160,152
42,160,152
41,159,151
40,159,150
39,160,151
39,160,151
39,160,151
40,160,151
42,160,152
43,162,153
43,162,153
43,162,153
43,162,154
43,162,154
43,162,154
43,162,154
43,162,154
44,162,153
44,162,153
44,162,153
44,162,153
45,162,154
45,162,154
45,162,154
45,162,154
45,162,154
45,163,154
45,163,154
45,163,154
45,163,154
46,163,155
47,163,155
47,163,155
47,163,155
48,163,156
48,163,156
48,163,156
48,163,156
48,164,156
49,165,157
49,165,157
49,165,157
50,165,157
50,165,157
49,165,157
49,165,157
48,164,156
48,163,156
48,163,156
48,163,156
48,163,156
48,163,156
48,163,156
48,163,156
48,163,156
48,164,156
48,164,156
48,164,155
48,164,155
48,164,155
48,164,155
47,164,155
47,164,155
47,164,155
47,164,155
47,164,155
47,164,155
47,164,155
47,164,155
47,164,155
47,164,155
47,164,155
47,164,155
47,164,155
47,164,155
47,164,155
47,164,155
46,163,155
47,163,155
47,163,155
46,163,155
46,163,155
46,163,155
46,163,155
46,163,155
46,163,155
46,163,155
46,163,155
46,163,155
47,164,155
47,164,155
47,164,155
47,164,155
47,164,155
47,164,155
47,164,155
47,164,155
46,163,155
46,163,155
46,163,154
46,163,154
46,163,155
47,164,155
47,164,155
47,164,155
48,165,155
48,165,155
48,165,155
48,165,155
48,165,155
48,165,155
48,164,155
48,164,155
48,165,155
47,164,155
47,164,155
47,164,155
47,164,155
47,164,155
48,165,155
48,165,155
48,165,155
48,165,155
48,165,155
48,165,156
48,165,156
48,165,156
48,165,156
47,164,155
47,164,155
47,164,155
48,165,156
49,165,157
49,165,157
50,165,157
51,166,157
51,165,157
52,165,157
51,166,157
51,166,157
51,166,157
51,166,157
50,165,157
50,165,157
50,165,157
50,165,157
50,165,157
50,165,157
51,165,158
51,165,158
51,165,158
51,165,158
51,165,158
51,165,158
51,165,158
52,165,157
52,166,158
52,166,158
52,166,158
52,166,158
52,166,158
52,165,157
52,165,157
52,165,157
51,166,157
51,166,157
50,165,157
50,165,157
50,165,157
50,165,157
51,165,157
52,165,157
52,165,157
51,165,158
51,165,158
51,165,158
51,166,158
51,166,158
52,166,158
52,166,158
52,166,158
52,166,158
52,166,158
52,166,158
52,166,158
52,166,158
52,165,157
52,165,157
51,165,157
51,165,157
50,164,156
47,163,155
45,163,155
45,163,155
43,162,154
43,162,154
43,162,153
43,160,152
42,161,152
42,160,152
42,160,152
42,160,152
39,160,151
38,160,150
38,160,150
38,160,150
40,160,151
42,160,152
45,162,154
45,162,154
43,162,153
43,162,153
43,162,154
43,162,154
43,162,154
43,162,154
44,162,154
44,162,153
44,162,153
44,162,153
44,162,153
45,162,154
45,162,154
45,162,154
45,162,154
45,162,154
45,163,154
45,163,154
45,163,154
46,163,155
46,163,155
46,163,155
47,163,155
48,163,156
48,163,156
48,163,156
48,164,156
49,165,157
49,165,157
49,165,157
50,165,157
50,165,157
50,165,157
49,165,157
49,165,157
48,164,156
48,163,156
48,163,156
48,163,156
48,163,156
48,163,156
48,163,156
48,163,156
48,164,156
50,165,157
50,165,157
49,165,157
48,164,155
48,164,155
48,164,155
47,164,155
47,164,155
47,164,155
47,164,155
47,164,155
47,164,155
47,164,155
48,163,156
47,164,155
47,164,155
47,164,155
47,164,155
47,164,155
47,164,155
47,164,155
47,164,155
47,164,155
47,163,155
47,163,155
46,163,155
46,163,155
46,163,155
46,163,155
46,163,155
46,163,155
46,163,155
46,163,155
47,164,155
47,164,155
47,164,155
47,164,155
47,164,155
47,164,155
47,164,155
47,164,155
47,164,155
47,164,155
46,163,155
46,163,154
46,163,154
46,163,155
47,164,155
47,164,155
48,165,155
48,165,155
48,165,155
48,165,155
48,165,155
48,165,155
49,165,156
49,165,156
49,165,156
48,164,155
48,165,155
47,164,155
47,164,155
47,164,155
48,165,155
48,164,155
48,165,155
48,165,155
48,165,155
48,165,155
48,165,156
48,165,156
48,165,156
48,165,156
48,165,156
48,165,156
48,165,156
49,165,157
49,165,157
49,165,157
50,165,157
51,166,157
51,165,157
52,165,157
51,166,157
51,166,157
51,166,157
51,166,157
50,165,157
50,165,157
50,165,157
49,165,157
50,165,157
50,165,157
50,165,157
51,165,158
51,165,158
51,165,158
51,165,158
51,165,158
51,165,158
51,165,158
52,165,157
52,166,158
52,166,158
52,165,157
52,165,157
52,165,157
52,165,157
52,165,157
51,166,157
51,166,157
50,165,157
50,165,157
50,165,157
50,165,157
51,165,158
51,165,157
51,165,158
51,165,158
51,165,158
51,165,158
51,165,158
51,166,158
52,166,158
52,166,158
52,166,158
52,166,158
52,166,158
52,166,158
52,166,158
52,166,158
52,165,157
52,165,157
51,165,157
51,165,157
50,164,156
47,163,155
46,163,155
45,163,155
44,162,154
43,162,154
43,162,153
43,160,152
42,161,152
42,161,152
42,160,152
41,160,151
39,160,151
38,160,150
38,160,150
38,160,150
40,160,151
42,159,152
45,162,154
45,162,154
43,162,153
43,162,153
43,162,154
43,162,154
43,162,154
43,162,154
44,162,154
44,162,153
44,162,153
45,162,154
45,162,154
45,162,154
45,162,154
45,162,154
45,162,154
45,162,154
45,163,154
45,163,154
45,163,154
46,163,155
46,163,154
46,163,155
46,163,155
48,163,156
48,163,156
48,163,156
48,164,156
49,165,157
50,165,157
50,165,157
50,165,157
50,165,157
50,165,157
49,165,157
49,165,157
48,164,156
48,164,156
48,163,156
48,163,156
48,163,156
48,163,156
48,163,156
48,164,156
50,165,157
50,165,157
50,165,157
50,165,157
49,165,156
48,164,155
48,165,155
47,164,155
47,164,155
47,164,155
47,164,155
47,164,155
47,164,155
48,163,156
48,163,156
48,163,156
48,163,155
47,164,155
47,164,155
47,164,155
47,164,155
47,164,155
47,164,155
47,164,155
47,164,155
47,164,154
47,164,154
46,163,155
46,163,155
46,163,155
46,163,155
46,163,155
46,163,155
47,164,155
47,164,155
47,164,155
47,164,155
48,165,156
48,165,156
48,165,156
48,165,156
47,164,155
47,164,155
47,164,155
46,163,155
46,163,155
46,163,155
46,163,155
47,164,155
47,164,155
48,165,155
48,165,155
48,165,155
48,165,156
48,165,156
48,165,155
50,165,156
50,165,156
50,165,156
49,165,156
48,165,155
48,165,155
48,165,155
48,165,155
49,165,156
49,165,156
48,165,155
48,165,155
48,165,155
48,165,156
48,165,156
48,165,156
48,165,156
48,165,156
48,165,156
48,165,156
48,165,156
49,165,157
49,165,157
50,165,157
51,166,157
51,166,157
52,165,157
52,165,157
51,166,157
51,166,157
51,166,157
51,166,157
50,165,157
50,165,157
50,165,157
49,165,157
49,165,157
50,165,157
50,165,157
50,165,157
51,165,158
51,165,158
51,165,158
51,165,158
51,165,158
51,165,158
51,165,158
52,165,157
52,165,157
52,165,157
52,165,157
52,165,157
52,165,157
52,165,157
51,166,157
51,166,157
51,166,157
50,165,157
50,165,157
51,166,158
51,166,158
51,165,157
51,165,158
51,165,158
51,165,158
51,165,158
51,165,158
52,165,158
52,166,158
52,166,158
52,166,158
52,166,158
52,166,158
52,165,157
52,165,157
52,165,157
52,165,157
52,165,157
51,165,157
51,165,157
50,164,156
48,163,156
46,163,155
46,162,154
44,162,154
43,162,154
43,162,153
43,161,152
43,160,152
42,161,152
41,160,151
41,160,151
39,160,151
38,160,150
38,160,150
38,160,150
40,160,151
42,159,152
43,162,153
43,162,153
43,162,153
43,162,153
43,162,154
43,162,154
43,162,154
44,162,154
44,162,154
44,162,153
45,162,154
45,162,154
45,162,154
45,162,154
45,162,154
45,162,154
45,162,154
45,162,154
45,163,154
45,163,154
46,163,155
46,163,155
46,163,155
46,163,155
46,164,155
48,163,156
48,163,156
48,163,156
48,164,156
49,165,157
50,165,157
50,165,157
50,165,157
50,165,157
50,165,157
49,165,157
49,165,157
48,164,156
48,164,156
48,163,156
48,163,156
48,163,156
48,163,156
48,164,156
50,165,157
50,165,157
50,165,157
50,165,157
50,165,157
50,165,156
49,165,156
48,165,155
47,164,155
47,164,155
47,164,155
47,164,155
47,164,155
48,163,156
48,163,156
48,163,156
48,163,156
48,163,155
47,164,155
47,164,155
47,164,155
47,164,155
47,164,155
47,164,155
47,164,155
47,164,155
47,164,155
47,164,154
47,164,154
47,164,155
46,163,155
46,163,155
47,164,155
47,164,155
47,164,155
47,164,155
47,164,155
48,165,156
48,165,156
48,165,156
48,165,156
48,165,156
48,165,156
47,164,155
47,164,155
47,164,155
46,163,155
46,163,155
47,164,155
47,164,155
47,164,155
48,165,156
48,165,156
48,165,156
48,165,156
48,165,156
48,165,156
50,165,156
50,165,156
50,165,156
50,165,156
48,165,155
48,165,155
48,165,155
50,165,156
50,165,156
50,165,156
49,165,156
48,165,155
48,165,155
48,165,156
48,165,156
48,165,156
48,165,156
48,165,156
48,165,156
48,165,156
48,165,156
49,165,157
49,165,157
50,165,157
51,166,157
51,166,157
52,165,157
52,165,157
51,166,157
51,166,157
51,166,157
50,165,157
50,165,157
50,165,157
50,165,157
49,165,157
49,165,157
50,165,157
50,165,157
50,165,157
51,165,158
51,165,158
51,165,158
51,165,158
51,165,158
51,165,158
51,165,158
51,165,157
52,165,157
52,165,157
52,165,157
52,165,157
52,165,157
52,165,157
52,165,157
52,165,157
51,166,157
51,166,157
51,166,158
51,166,158
51,166,158
51,165,157
51,165,158
51,165,158
51,165,158
51,165,158
51,165,158
52,165,157
52,166,158
52,166,158
52,166,158
52,166,158
52,166,158
52,165,157
52,165,157
52,165,157
52,165,157
52,165,157
51,165,157
51,165,157
50,164,156
48,163,156
46,163,155
46,162,154
45,161,155
44,162,154
43,162,153
43,162,153
43,160,152
42,161,152
42,160,152
41,160,151
39,160,151
38,160,150
38,160,150
38,160,150
40,160,151
42,159,152
43,162,153
43,162,153
43,162,153
43,162,153
43,162,154
43,162,154
43,162,154
44,162,154
44,162,154
44,162,154
45,162,154
45,162,154
44,162,153
44,162,153
45,162,154
45,162,154
45,162,154
45,163,154
45,163,154
46,163,155
46,163,155
46,163,155
47,163,155
47,163,155
47,163,155
48,163,156
48,163,156
48,163,156
49,165,157
49,165,157
50,165,157
50,165,157
50,165,157
50,165,157
50,165,157
49,165,157
49,165,157
49,165,157
48,164,156
48,164,156
48,164,156
48,164,156
49,165,157
49,165,157
50,165,157
50,165,157
50,165,157
50,165,157
50,165,157
49,165,157
48,164,155
47,164,155
47,164,155
47,164,155
47,164,155
47,164,155
47,164,155
47,164,155
48,163,156
48,163,156
48,163,156
48,163,155
47,164,155
47,164,155
47,164,155
47,164,155
47,164,155
47,164,155
47,164,155
47,164,155
47,164,155
47,164,155
47,164,154
47,164,154
47,164,155
47,164,155
47,164,155
47,164,155
47,164,155
48,165,156
48,165,156
48,165,156
48,165,156
48,165,156
48,165,156
48,165,156
48,165,156
48,165,155
47,164,155
47,164,155
47,164,155
47,164,155
47,164,155
47,164,155
48,165,156
48,165,156
48,165,156
48,165,156
48,165,156
48,165,156
48,165,156
50,165,157
50,165,157
50,165,156
50,165,156
48,165,155
48,165,155
48,165,155
50,165,156
50,165,156
50,165,156
48,165,155
48,165,155
48,165,156
48,165,156
48,165,156
48,165,156
48,165,156
49,165,157
49,165,157
49,165,157
49,165,157
50,165,157
50,165,157
51,166,157
51,166,157
52,165,157
52,165,157
52,165,157
52,165,157
51,166,157
50,166,156
50,165,157
50,165,157
50,165,157
50,165,157
49,165,157
49,165,157
50,165,157
50,165,157
51,166,158
51,166,158
51,165,158
51,165,158
51,165,158
51,165,158
51,165,158
51,165,158
51,165,158
51,165,157
52,165,157
52,165,157
52,165,157
52,165,157
52,165,157
52,165,157
52,165,157
51,166,157
51,166,157
51,166,157
51,166,158
51,166,158
51,165,157
51,165,158
51,165,158
51,165,158
52,165,157
52,165,158
52,166,158
52,166,158
52,166,158
52,166,158
52,166,158
52,166,158
52,165,157
52,165,157
52,165,157
52,165,157
51,165,157
51,165,157
51,165,157
50,164,156
48,163,156
47,163,155
46,163,155
45,162,155
44,162,154
43,162,153
43,162,153
42,161,152
42,161,152
41,160,151
41,160,151
39,160,151
38,160,150
38,160,150
38,160,150
40,160,151
42,159,152
43,162,153
43,162,153
43,162,153
43,162,153
43,162,154
43,162,154
43,162,154
44,162,154
44,162,154
44,162,153
45,162,154
45,162,154
45,162,154
45,162,154
45,162,154
45,162,154
45,162,154
45,163,154
46,163,155
47,163,155
47,163,155
47,163,155
47,163,155
47,163,155
48,163,155
48,163,155
48,163,156
48,163,156
49,165,157
49,165,157
49,165,157
50,165,157
50,165,157
50,165,157
50,165,157
49,165,157
49,165,157
49,165,157
49,165,157
48,164,156
48,164,156
49,165,157
49,165,157
50,165,157
50,165,157
50,165,157
50,165,157
50,165,157
49,165,157
48,164,156
48,163,156
48,163,155
48,163,156
47,164,155
47,164,155
47,164,155
47,164,155
47,164,155
48,163,155
48,163,156
48,163,156
47,164,155
47,164,155
47,164,155
47,164,155
47,164,155
47,164,155
47,164,155
47,164,155
47,164,155
47,164,155
47,164,155
47,164,155
47,164,154
47,164,155
47,164,155
47,164,155
47,164,155
47,164,155
48,165,156
48,165,156
48,165,156
48,165,156
48,165,156
48,165,156
48,165,156
48,165,156
48,165,155
48,165,155
47,164,155
47,164,155
47,164,155
47,164,155
47,164,155
48,165,156
48,165,156
48,165,156
48,165,156
48,165,156
48,165,156
49,165,157
50,165,157
50,165,157
50,165,157
50,165,156
48,165,155
48,165,155
48,165,155
48,165,155
48,165,155
48,165,155
48,165,156
48,165,156
48,165,156
48,165,156
49,165,157
49,165,157
50,165,157
50,165,157
50,165,157
50,165,157
49,165,157
50,165,157
50,165,157
51,166,157
52,165,157
52,165,157
52,165,157
52,165,157
51,166,157
51,166,157
50,166,156
50,165,157
50,165,157
49,165,157
50,165,157
50,165,157
50,165,157
50,165,157
51,166,158
51,166,158
51,166,158
51,166,158
51,165,158
51,165,158
51,165,158
51,165,158
51,165,158
51,165,158
51,165,158
52,165,157
52,165,157
52,165,157
52,165,157
52,165,157
52,165,157
52,165,157
52,165,157
51,165,157
51,166,157
51,166,158
51,165,158
51,165,158
51,165,158
52,165,157
52,165,157
52,166,158
52,166,158
52,166,158
52,166,158
52,166,158
52,166,158
52,166,158
52,166,158
52,165,157
52,165,157
52,165,157
51,165,157
51,165,157
51,165,157
51,165,157
50,164,156
48,163,155
47,163,155
46,163,155
46,162,154
45,162,154
43,162,153
43,162,153
43,160,152
42,161,152
42,160,152
41,160,151
39,160,151
38,160,151
38,160,151
38,160,151
38,160,151
41,159,152
42,161,152
43,161,152
43,162,153
43,162,153
43,162,153
43,162,153
43,162,153
44,162,154
44,162,154
45,162,154
45,162,154
45,163,154
45,163,154
45,162,154
45,163,154
45,163,154
45,163,154
45,163,154
46,163,155
46,163,155
47,163,155
47,163,155
47,163,155
47,163,155
48,163,155
48,163,155
48,163,155
48,163,155
49,165,157
49,165,157
49,165,157
50,165,157
50,165,157
50,165,157
50,165,157
49,165,157
49,165,157
49,165,157
49,165,157
49,165,157
49,165,157
49,165,157
49,165,157
50,165,157
50,165,157
50,165,157
50,165,157
49,165,157
48,164,156
48,164,156
48,163,156
48,163,156
48,163,156
47,164,155
47,164,155
47,164,155
47,164,155
47,164,155
47,164,155
47,164,155
47,164,155
47,164,155
47,164,155
47,164,155
47,164,155
47,164,155
47,164,155
47,164,155
47,164,155
47,164,155
47,164,155
47,164,155
47,164,155
47,164,154
47,164,155
47,164,155
47,164,155
47,164,155
48,165,156
48,165,156
48,165,156
49,165,157
49,165,157
49,165,157
48,165,156
48,165,155
48,165,155
48,165,155
48,165,155
48,165,155
47,164,155
47,164,155
48,165,155
48,165,155
48,165,155
48,165,156
48,165,156
48,165,156
48,165,156
48,165,156
49,165,157
50,165,157
50,165,157
50,165,157
50,165,157
48,165,155
48,165,155
48,165,155
48,165,155
48,165,155
48,165,156
48,165,156
48,165,156
48,165,156
49,165,157
49,165,157
50,165,157
50,165,157
50,165,157
50,165,157
50,165,157
50,165,157
50,165,157
51,166,157
51,166,157
52,165,157
52,165,157
52,165,157
52,165,157
51,166,157
51,166,157
51,166,157
50,165,157
50,165,157
50,165,157
50,165,157
50,165,157
50,165,157
51,166,157
51,166,157
51,166,157
51,166,157
51,166,157
51,165,157
51,165,157
51,165,158
51,165,158
51,165,158
51,166,158
51,166,158
52,165,157
52,165,157
52,165,157
52,165,157
52,165,157
52,165,157
52,165,157
52,165,157
51,165,157
51,165,157
51,165,158
51,165,158
51,165,158
52,165,157
52,165,157
52,166,158
52,166,158
52,166,158
52,166,158
52,166,158
52,166,158
52,166,158
52,166,158
52,166,158
52,165,157
52,165,157
52,165,157
51,165,157
51,165,157
51,165,157
51,165,157
50,164,156
48,163,155
47,163,155
46,163,155
46,162,154
45,162,154
43,162,153
43,162,153
43,160,152
42,161,152
42,160,152
41,160,151
39,160,151
38,160,151
38,160,151
38,160,151
38,160,151
40,160,151
42,161,152
43,161,152
43,161,152
43,162,153
43,162,153
43,162,153
44,162,153
44,162,154
44,162,154
45,162,154
45,163,154
45,163,154
45,163,154
45,163,154
45,163,154
45,163,154
46,163,154
46,163,154
46,163,155
46,163,155
46,163,155
47,163,155
47,163,155
47,164,155
47,164,155
47,164,155
47,164,155
47,164,155
48,164,156
49,165,157
49,165,157
50,165,157
50,165,157
50,165,157
50,165,157
50,165,157
49,165,157
49,165,157
50,165,157
49,165,157
49,165,157
49,165,157
50,165,157
50,165,157
50,165,157
50,165,157
49,165,157
48,164,156
48,164,156
48,163,156
48,163,156
48,163,156
48,163,156
48,163,156
47,164,155
47,164,155
47,164,155
47,164,155
47,164,155
47,164,155
47,164,155
47,164,155
47,164,155
47,164,155
47,164,155
47,164,155
47,164,155
47,164,155
47,164,155
47,164,155
47,164,155
47,164,155
47,164,155
47,164,155
47,164,155
47,164,155
47,164,155
48,165,156
48,165,156
49,165,157
49,165,157
49,165,157
49,165,157
49,165,157
49,165,157
48,165,155
48,165,155
48,165,155
48,165,155
48,165,155
48,165,155
48,165,155
48,165,155
48,165,155
48,165,155
48,165,156
48,165,156
48,165,156
48,165,156
49,165,157
50,165,157
50,165,157
50,165,157
50,165,157
50,165,157
48,165,155
47,164,155
47,164,155
47,164,155
47,164,155
48,165,156
48,165,156
48,165,156
49,165,157
49,165,157
50,165,157
50,165,157
51,166,157
51,166,157
50,165,157
50,165,157
50,165,157
50,165,157
51,166,157
51,166,157
52,165,157
52,165,157
52,165,157
52,165,157
51,166,157
51,166,157
51,166,157
51,166,157
50,165,157
50,166,156
51,166,157
51,166,157
51,166,157
51,166,157
51,166,157
51,166,157
51,166,157
51,166,157
51,165,157
52,165,157
52,165,157
52,165,157
52,165,157
51,165,158
51,166,158
52,165,157
52,165,157
52,165,157
52,165,157
52,166,158
52,166,158
52,165,157
52,165,157
52,165,157
51,165,158
51,165,158
51,165,158
51,165,157
52,165,157
52,166,158
52,166,158
52,166,158
53,166,158
53,166,158
53,166,158
53,166,158
53,166,158
52,166,158
52,166,158
52,166,158
52,165,157
51,165,157
51,165,157
51,165,157
51,165,157
51,165,157
50,164,156
49,163,156
47,163,155
46,163,155
45,163,154
45,162,154
43,162,153
43,162,153
43,160,152
43,160,152
42,160,152
40,160,151
39,160,151
38,160,151
38,160,151
38,160,151
39,159,151
40,159,151
41,160,151
42,161,152
43,161,152
43,162,153
43,162,153
43,162,153
44,162,153
44,162,153
44,162,153
45,162,154
45,162,154
45,163,154
45,163,154
45,163,154
45,163,154
45,163,154
46,163,154
46,163,154
46,163,155
46,163,155
46,163,155
46,163,155
46,163,155
47,164,155
47,164,155
47,164,155
47,164,155
47,164,155
47,164,155
49,165,157
49,165,157
49,165,157
50,165,157
50,165,157
50,165,157
50,165,157
50,165,157
50,165,157
50,165,157
50,165,157
50,165,157
50,165,157
50,165,157
50,165,157
49,165,157
49,165,157
48,164,156
49,163,157
49,163,157
48,163,156
48,163,156
48,163,156
48,163,156
48,163,156
47,164,155
47,164,155
47,164,155
47,164,155
47,164,155
47,164,155
47,164,155
47,164,155
47,164,155
47,164,155
47,164,155
47,164,155
47,164,155
47,164,155
47,164,155
47,164,155
47,164,155
47,164,155
47,164,155
47,164,155
47,164,155
47,164,155
48,165,156
48,165,156
49,165,157
49,165,157
49,165,157
49,165,157
49,165,157
49,165,157
49,166,156
48,165,155
48,165,155
48,165,155
48,165,155
48,165,155
48,165,155
48,165,155
48,165,155
48,165,155
48,165,156
48,165,156
49,165,157
48,165,156
49,165,157
49,165,157
50,165,157
50,165,157
50,165,157
50,165,157
49,165,157
47,164,155
47,164,155
47,164,155
47,164,155
47,164,155
47,164,155
48,165,156
48,165,156
49,165,157
49,165,157
50,165,157
51,166,157
51,166,157
51,166,157
51,166,157
50,165,157
50,165,157
50,165,157
51,166,157
51,166,157
52,165,157
52,165,157
52,165,157
51,166,157
51,166,157
51,166,157
51,166,157
51,166,157
51,166,157
51,166,157
51,166,157
51,166,157
51,166,157
51,166,157
51,166,157
51,166,157
51,166,157
51,166,157
51,165,157
51,165,157
51,165,157
51,165,158
52,165,158
52,165,158
51,166,158
52,165,157
52,165,157
52,165,157
52,166,158
52,166,158
52,166,158
52,166,158
52,165,157
51,165,158
51,165,158
51,165,158
51,165,158
52,165,157
52,165,157
52,166,158
52,166,158
53,166,158
53,166,158
53,166,158
53,166,158
53,166,158
53,166,158
53,166,158
52,166,158
52,166,158
52,165,157
51,165,158
51,165,157
51,165,157
51,165,157
51,165,157
50,164,156
49,163,156
47,163,155
46,163,155
45,163,154
45,162,154
43,162,153
43,162,153
43,160,152
43,160,152
42,160,152
40,160,151
39,160,151
38,160,151
38,160,151
38,160,151
40,159,150
40,159,151
41,160,151
42,161,152
42,161,152
43,161,152
43,162,153
43,162,153
44,162,153
44,162,153
45,162,154
45,162,154
45,162,154
45,163,154
45,163,154
45,163,154
45,163,154
45,163,154
46,163,155
46,163,155
47,163,155
46,163,155
46,163,155
46,163,155
46,163,155
46,163,155
47,164,155
47,164,155
47,164,155
47,164,155
47,164,155
48,163,156
49,165,157
50,165,157
50,165,157
50,165,157
50,165,157
50,165,157
50,165,157
50,165,157
50,165,157
50,165,157
50,165,157
50,165,157
50,165,157
50,165,157
49,165,157
48,164,156
48,164,156
49,163,157
49,163,157
48,163,156
48,163,156
48,163,156
48,163,156
47,164,155
47,164,155
47,164,155
47,164,155
47,164,155
47,164,155
47,164,155
47,164,155
47,164,155
47,164,155
47,164,155
47,164,155
47,164,155
47,164,155
47,164,155
47,164,155
47,164,155
47,164,155
47,164,155
47,164,155
47,164,155
47,164,155
48,165,156
48,165,156
48,165,156
49,165,157
50,165,157
50,165,157
50,165,157
50,165,157
50,165,157
49,165,157
49,165,157
48,165,155
48,165,155
48,165,155
48,165,155
48,165,155
48,165,155
48,165,155
48,165,156
48,165,156
48,165,156
49,165,157
49,165,157
49,165,157
49,165,157
50,165,157
50,165,157
50,165,157
50,165,157
49,165,157
47,164,155
47,164,155
47,164,155
47,164,155
47,164,155
47,164,155
47,166,156
48,165,156
49,165,157
50,165,157
50,165,156
51,166,157
51,166,157
51,166,157
51,166,157
50,165,157
50,165,157
50,165,157
50,165,157
51,166,157
51,166,157
51,166,157
51,166,157
51,166,157
51,166,157
51,166,157
51,166,157
51,166,157
51,166,157
51,166,157
51,166,157
51,166,157
51,166,157
51,166,157
51,166,157
51,166,157
51,166,157
51,165,157
51,165,157
51,165,157
51,165,158
51,165,158
52,165,157
52,165,158
52,165,158
52,165,157
52,165,157
52,165,157
52,166,158
52,166,158
52,166,158
52,165,157
52,165,157
51,165,158
51,165,158
51,165,158
51,165,158
52,165,157
52,165,157
52,166,158
52,166,158
53,166,158
53,166,158
53,166,158
53,166,158
53,166,158
53,166,158
53,166,158
52,166,158
52,166,158
52,166,158
51,165,158
51,165,157
51,165,157
51,165,157
51,165,157
50,164,156
49,163,156
47,163,155
47,163,155
45,162,154
45,162,154
43,162,153
43,162,153
43,160,152
43,160,152
42,160,152
41,160,151
39,160,151
38,160,151
38,160,151
40,159,150
40,159,151
41,159,151
41,160,151
41,160,151
42,161,152
42,161,152
43,161,152
43,162,153
44,162,153
44,162,153
45,162,154
45,162,154
45,162,154
45,162,154
45,163,154
45,163,154
45,163,154
45,163,154
45,163,154
45,163,154
46,163,155
47,163,155
47,163,155
46,163,155
46,163,155
46,163,155
46,163,155
47,164,155
47,164,155
47,164,155
48,163,155
48,163,156
48,163,156
49,165,157
50,165,157
50,165,157
50,165,157
50,165,157
50,165,157
50,165,157
50,165,157
50,165,157
50,165,157
49,165,157
49,165,157
49,165,157
48,164,156
48,164,156
48,164,156
49,163,157
49,163,157
48,163,156
48,163,156
48,163,156
47,163,155
47,164,155
47,164,155
47,164,155
47,164,155
47,164,155
47,164,155
47,164,155
47,164,155
47,164,155
47,164,155
47,164,155
47,164,155
47,164,155
47,164,155
48,165,155
47,164,155
48,165,155
47,164,155
47,164,155
48,165,155
48,165,155
48,165,156
48,165,156
48,165,156
49,165,157
49,165,157
50,165,157
50,165,157
50,165,157
50,165,157
50,165,157
49,165,157
48,165,156
48,165,156
48,165,156
48,165,156
48,165,156
48,165,156
48,165,156
48,165,156
48,165,156
48,165,156
49,165,157
49,165,157
49,165,157
49,165,157
49,165,157
50,165,157
50,165,157
50,165,157
50,165,157
49,165,157
47,164,155
47,164,155
47,164,155
47,164,155
47,164,155
47,164,155
47,165,155
48,165,156
49,165,157
50,165,156
51,166,157
51,166,157
51,166,157
52,165,157
51,166,157
51,166,157
50,165,157
50,165,157
50,165,157
50,165,157
51,166,157
51,166,157
51,166,157
51,166,157
51,166,157
51,166,157
51,166,157
51,166,157
51,166,157
51,166,157
51,166,157
51,166,157
51,166,157
51,166,157
51,166,157
51,166,157
51,165,157
51,165,157
51,165,158
51,165,158
51,165,158
52,165,157
52,165,157
52,165,157
52,165,157
52,165,157
52,166,158
52,165,157
52,165,157
52,166,158
52,165,157
52,165,157
52,165,157
51,165,158
51,165,158
51,165,158
51,165,158
52,165,157
52,165,157
52,166,158
52,166,158
52,166,158
53,166,158
53,166,158
53,166,158
53,166,158
53,166,158
53,166,158
52,166,158
52,166,158
52,166,158
52,165,158
51,165,158
51,165,158
51,165,157
51,165,157
50,164,156
49,163,156
49,163,156
47,163,155
45,162,154
45,162,154
43,162,153
43,162,153
43,160,152
43,160,152
42,160,152
40,160,151
39,160,151
39,160,151
38,160,151
40,159,150
40,159,151
42,160,152
40,160,151
41,160,151
42,161,152
42,161,152
42,161,152
43,161,152
43,162,153
45,162,154
45,162,154
45,162,154
44,162,153
45,162,154
45,162,154
45,162,154
45,163,154
45,163,154
45,163,154
45,163,154
45,163,154
47,163,155
47,163,155
46,163,155
46,163,155
46,163,155
46,163,155
47,164,155
47,164,155
47,164,155
48,163,155
48,163,156
48,164,156
49,165,157
50,165,157
50,165,157
50,165,157
50,165,157
50,166,156
50,165,157
50,165,157
50,165,157
50,165,157
49,165,157
49,165,157
49,165,157
48,163,156
48,163,156
48,163,156
48,163,156
48,163,156
48,163,156
48,163,156
48,163,156
48,163,156
47,164,155
47,164,155
47,164,155
47,164,155
47,164,155
47,164,155
47,164,155
47,164,155
47,164,155
47,164,155
47,164,155
47,164,155
47,164,155
47,164,155
47,164,155
48,165,155
48,165,155
48,165,155
48,165,155
48,165,155
48,165,155
48,165,156
48,165,156
48,165,156
49,165,157
50,165,157
50,165,157
50,165,157
50,165,157
50,165,157
50,165,157
49,165,157
49,165,157
48,165,156
48,165,156
48,165,156
48,165,156
48,165,156
48,165,156
48,165,156
48,165,156
48,165,156
49,165,157
50,165,157
50,165,157
49,165,157
50,165,157
50,165,157
50,165,157
50,165,157
50,165,157
48,164,156
47,164,155
47,164,155
47,164,155
46,163,155
47,164,155
47,164,155
48,165,156
49,166,156
49,166,156
50,166,156
51,166,157
51,166,157
51,166,157
52,165,157
51,166,157
51,166,157
50,165,157
50,165,157
50,165,157
50,165,157
50,165,157
50,165,157
50,165,157
50,165,157
50,165,157
50,165,157
50,165,157
51,166,157
51,166,157
51,166,157
51,166,157
51,166,157
51,166,157
51,166,157
51,165,157
51,165,157
51,165,157
51,165,157
51,165,158
51,165,158
51,165,158
52,165,157
52,165,157
52,165,157
52,165,157
52,166,158
52,166,158
52,165,157
52,165,157
52,166,158
52,165,157
52,165,157
52,165,157
52,165,157
51,165,158
51,165,158
51,165,158
52,165,158
52,165,157
52,166,158
52,166,158
52,166,158
52,166,158
53,166,158
53,166,158
53,166,158
53,166,158
53,166,158
52,166,158
52,166,158
52,166,158
52,166,158
51,165,157
51,165,158
51,165,157
51,165,157
50,164,156
49,163,157
49,163,157
47,163,155
45,162,154
45,162,154
43,162,153
43,161,152
43,160,152
42,161,152
42,160,152
40,160,151
40,159,150
40,159,150
40,159,150
40,159,151
42,160,152
42,160,152
39,160,151
41,160,151
41,160,151
42,161,152
42,161,152
42,161,152
43,161,152
44,162,153
45,162,154
45,162,154
44,162,153
44,162,153
45,162,154
45,162,154
45,163,154
45,163,154
45,163,154
45,163,154
45,163,154
46,163,155
47,163,155
46,163,155
46,163,155
46,163,155
46,163,155
47,164,155
47,164,155
47,164,155
48,163,155
48,163,156
48,164,156
49,165,157
50,165,157
50,165,157
50,165,157
50,165,157
51,166,157
51,166,157
51,166,157
50,166,156
50,165,157
49,165,157
48,165,156
48,163,156
48,163,156
48,163,156
48,163,156
48,163,156
48,163,156
48,163,156
48,163,156
48,163,156
48,163,156
47,164,155
47,164,155
47,164,155
47,164,155
47,164,155
47,163,155
47,163,155
47,164,155
47,164,155
47,164,155
47,164,155
47,164,155
47,164,155
47,164,155
47,164,155
48,165,155
48,165,155
48,165,155
48,165,155
48,165,155
48,165,155
48,165,156
48,165,156
49,165,157
50,165,157
50,165,157
50,165,157
51,166,157
51,166,157
50,165,157
50,165,157
50,165,157
49,165,157
48,165,156
48,165,156
48,165,156
48,165,156
48,165,156
48,165,156
48,165,156
48,165,156
48,165,156
49,165,157
49,165,157
49,165,157
49,165,157
50,165,157
50,165,157
50,165,157
50,165,157
50,165,156
48,163,156
47,164,155
47,164,155
46,163,155
46,163,155
46,163,155
47,164,155
48,165,155
50,165,156
50,166,156
51,166,157
51,166,157
51,166,157
51,166,157
52,165,157
51,166,157
51,166,157
50,165,157
50,165,157
50,165,157
50,165,157
50,165,157
50,165,157
50,165,157
50,165,157
50,165,157
50,165,157
50,165,157
51,166,157
51,166,157
51,166,157
51,166,157
51,166,157
52,165,157
52,165,157
52,165,157
52,165,157
51,165,158
51,165,158
51,165,158
51,165,158
51,165,158
51,165,158
52,165,158
52,165,157
52,165,157
52,166,158
52,166,158
52,165,157
52,165,157
52,165,157
52,165,157
52,165,157
52,165,157
52,165,157
51,165,158
51,165,158
51,165,158
51,165,158
52,165,157
52,166,158
52,166,158
52,166,158
52,166,158
52,166,158
53,166,158
53,166,158
53,166,158
53,166,158
52,166,158
52,166,158
52,166,158
52,166,158
52,165,157
51,165,158
51,165,157
51,165,157
51,165,158
50,164,157
49,163,157
47,163,155
45,163,154
45,162,154
43,162,153
43,162,153
43,160,152
42,161,152
41,160,151
40,160,151
40,159,150
40,159,150
40,159,150
40,159,151
42,160,152
42,160,152
40,160,151
41,160,151
41,160,151
42,161,152
42,161,152
43,161,152
43,162,153
44,162,153
44,162,153
44,162,153
44,162,153
44,162,153
45,162,154
45,162,154
45,162,154
45,163,154
45,163,154
45,163,154
46,163,154
46,163,155
46,163,155
46,163,155
46,163,155
46,163,155
47,164,155
47,164,155
47,164,155
48,163,155
48,163,156
48,164,156
49,165,157
49,165,157
50,165,157
50,165,157
50,166,156
51,166,157
51,166,157
51,166,157
50,166,156
50,165,156
49,165,157
48,165,155
47,164,155
48,163,156
48,163,156
48,163,156
48,163,156
48,163,156
48,163,156
48,163,156
48,163,156
48,163,156
48,163,155
47,164,155
47,164,155
47,164,155
47,163,155
47,163,155
47,163,155
47,164,155
47,164,155
47,164,155
47,164,155
47,164,155
47,164,155
47,164,155
47,164,155
48,165,155
48,165,155
48,165,155
48,165,155
48,165,155
48,165,155
48,165,156
48,165,156
49,165,157
50,165,157
50,165,157
50,165,157
51,166,157
51,166,157
50,165,157
50,165,157
50,165,157
49,165,157
49,165,157
48,165,156
48,165,156
48,165,156
48,165,156
48,165,156
48,165,156
48,165,156
48,165,156
49,165,157
50,165,157
50,165,157
50,165,157
50,165,157
50,165,157
50,165,157
50,165,157
50,165,156
48,163,156
47,164,155
47,164,155
47,164,155
46,163,155
47,164,155
47,164,155
49,166,156
50,165,156
51,166,157
51,166,157
51,166,157
51,166,157
52,165,157
52,165,157
52,165,157
51,166,157
51,166,157
51,166,157
50,165,157
50,165,157
50,165,157
50,165,157
50,165,157
50,165,157
49,165,157
49,165,157
49,165,157
50,165,157
51,166,157
51,166,157
51,166,157
52,165,157
52,165,157
52,165,157
52,165,158
52,165,158
52,165,158
52,165,158
52,165,157
52,165,158
52,165,158
52,165,158
52,165,158
52,165,157
52,165,157
52,165,157
52,165,157
52,165,157
52,165,157
52,165,157
52,165,157
52,165,157
52,165,157
52,165,157
51,165,158
51,165,158
51,165,158
51,165,158
52,165,158
52,165,157
52,166,158
52,166,158
52,166,158
52,166,158
52,166,158
53,166,158
53,166,158
52,166,158
52,166,158
52,166,158
52,166,158
52,166,158
52,165,157
51,165,158
51,165,157
51,165,157
51,165,158
50,164,157
49,163,157
47,163,155
46,163,154
45,162,154
43,162,153
43,162,153
43,160,152
42,161,152
41,160,151
40,160,151
40,160,151
40,159,150
40,159,150
40,159,151
42,160,152
39,160,151
40,160,151
41,160,151
42,161,152
42,161,152
43,161,152
43,161,152
43,162,153
44,162,153
44,162,153
44,162,153
44,162,153
44,162,153
45,162,154
45,162,154
45,162,154
45,163,154
45,163,154
46,163,154
46,163,155
46,163,155
46,163,155
46,163,155
46,163,155
47,164,155
47,164,155
47,164,155
48,163,155
48,164,156
48,164,156
49,165,157
49,165,157
50,165,157
50,165,157
50,165,157
51,166,157
51,166,157
51,166,157
50,166,156
50,165,156
50,165,156
48,164,155
48,163,155
48,163,155
48,163,156
48,163,156
48,163,156
48,163,156
48,163,156
48,163,156
48,163,156
48,163,156
48,163,155
48,163,155
48,163,155
48,163,155
48,163,155
47,163,155
47,163,155
47,164,155
47,164,155
47,164,155
47,164,155
47,164,155
47,164,155
48,163,156
48,164,156
49,165,157
48,165,155
48,165,155
48,165,155
48,165,155
48,165,155
48,165,156
48,165,156
48,165,156
49,165,157
50,165,157
50,165,157
50,165,157
51,166,157
50,165,157
50,165,157
50,165,157
49,165,157
49,165,157
48,165,156
48,165,156
48,165,156
48,165,156
48,165,156
48,165,156
48,165,156
49,165,157
49,165,157
50,165,157
50,165,157
50,165,157
50,166,156
51,165,157
51,165,157
50,165,157
50,165,157
47,164,155
47,164,155
47,164,155
47,164,155
47,164,155
47,164,155
47,164,155
50,165,156
50,166,156
51,166,157
51,165,157
51,166,157
51,166,157
52,165,157
52,165,157
52,165,157
52,165,157
52,165,157
51,166,157
50,165,157
50,165,157
50,165,157
50,165,157
50,165,157
50,165,157
50,165,157
49,165,157
50,165,157
50,165,157
50,165,157
50,165,157
51,166,157
52,165,157
51,166,158
51,166,158
51,166,158
51,166,158
52,165,158
52,165,158
52,165,157
52,165,157
52,165,157
52,165,157
52,165,157
52,165,157
52,165,157
52,165,157
52,165,157
52,165,157
51,166,157
51,166,157
52,165,157
52,165,157
52,165,157
52,165,157
51,165,157
51,165,158
51,165,158
51,165,158
51,166,158
52,165,158
52,166,158
52,166,158
52,166,158
52,166,158
52,166,158
52,166,158
52,166,158
52,166,158
52,166,158
52,166,158
52,166,158
52,166,158
52,165,157
52,165,157
51,165,157
51,165,157
51,165,158
50,164,157
49,163,157
47,163,155
46,163,154
45,162,154
43,162,153
43,162,153
43,160,152
42,161,152
40,160,151
40,160,151
40,160,151
40,159,150
40,159,150
40,159,151
42,160,152
39,159,151
40,160,151
41,160,151
42,161,152
42,161,152
43,161,152
43,161,152
43,162,153
43,162,153
44,162,153
44,162,153
44,162,153
45,162,154
45,162,154
45,162,154
45,163,154
45,163,154
45,163,154
46,163,154
46,163,155
46,163,155
46,163,155
46,163,155
47,164,155
47,164,155
47,164,155
47,164,155
47,164,155
48,165,156
48,164,156
49,165,157
50,165,157
50,165,157
50,165,157
50,165,157
50,166,156
51,166,157
50,165,157
50,165,157
50,165,156
49,165,156
48,164,155
48,163,155
48,163,155
48,163,156
48,163,156
48,163,156
48,163,156
48,163,156
48,163,156
48,163,156
48,163,156
48,164,155
48,164,155
48,164,155
48,164,155
48,163,155
48,163,155
48,163,155
47,164,155
47,164,155
47,164,155
47,164,155
48,163,156
48,163,156
48,164,156
48,164,156
49,165,157
48,165,156
48,165,155
48,165,155
48,165,155
48,165,155
48,165,156
48,165,156
48,165,156
48,165,156
49,165,157
50,165,157
50,165,157
51,166,157
51,166,157
51,166,157
51,166,157
50,165,157
50,165,157
50,165,157
48,165,156
48,165,156
48,165,156
48,165,156
48,165,156
48,165,156
49,165,157
50,165,157
50,165,157
50,165,157
50,166,156
50,166,156
51,165,157
51,165,157
50,165,157
49,165,157
48,165,156
47,164,155
47,164,155
47,164,155
47,164,155
47,164,155
49,165,157
50,165,156
50,166,156
51,165,157
51,165,157
51,166,157
52,165,157
52,165,157
52,165,157
52,165,157
52,165,157
52,165,157
51,166,157
51,166,157
50,165,157
50,165,157
50,165,157
50,165,157
50,165,157
50,165,157
50,165,157
50,165,157
50,165,157
50,165,157
50,165,157
50,165,157
51,166,158
51,166,158
51,166,158
51,166,158
51,166,158
51,166,158
52,165,157
52,165,157
52,165,157
52,165,157
52,165,157
52,165,157
52,165,157
52,165,157
52,165,157
52,165,157
51,166,157
51,166,157
51,166,157
51,166,157
51,166,157
51,165,157
52,165,157
51,165,157
51,166,158
51,166,158
51,166,158
51,166,158
51,166,158
51,166,158
51,166,158
52,165,158
52,166,158
52,166,158
52,166,158
52,166,158
52,166,158
52,166,158
53,166,158
52,166,158
52,166,158
52,165,157
52,165,157
51,165,157
51,165,157
51,165,158
50,164,157
49,163,157
47,163,155
46,163,155
45,162,154
43,162,153
43,162,153
42,161,152
42,161,152
40,160,151
40,160,151
40,160,151
40,159,150
40,159,150
40,159,151
42,160,152
38,160,151
39,159,151
40,160,151
41,160,151
42,161,152
43,161,152
43,161,152
43,161,152
43,162,153
43,162,153
44,162,153
44,162,153
45,162,154
45,162,154
45,163,154
45,163,154
45,163,154
46,163,154
46,163,155
46,163,155
46,163,155
46,163,155
47,164,155
47,164,155
47,164,155
47,164,155
47,164,155
48,165,155
48,165,156
48,165,156
48,165,156
50,165,157
50,165,157
50,165,157
50,165,157
50,165,157
50,165,157
50,165,157
50,165,157
50,165,156
49,165,156
48,164,155
48,163,155
48,163,155
48,163,156
48,163,156
48,163,156
48,163,156
48,163,156
48,163,156
48,164,156
48,164,155
50,165,156
50,165,156
50,165,156
50,165,156
49,165,156
48,163,155
48,163,155
47,164,155
47,164,155
47,164,155
48,163,156
48,163,156
48,164,156
49,165,157
49,165,157
49,165,157
48,165,156
48,165,156
48,165,156
48,165,156
48,165,156
48,165,156
48,165,156
48,165,156
48,165,156
49,165,157
50,165,157
50,165,157
51,166,157
51,166,157
51,166,157
51,166,157
51,166,157
50,166,156
50,165,157
49,165,157
48,165,156
48,165,156
48,165,156
48,165,156
49,165,157
49,165,157
49,165,157
50,165,157
50,165,157
50,166,156
50,166,156
50,166,156
50,165,156
50,165,156
48,165,156
48,165,156
47,164,155
47,164,155
47,164,155
47,164,155
48,165,156
50,165,157
50,166,156
51,166,157
51,165,157
51,165,157
51,166,157
52,165,157
52,165,157
52,165,157
52,165,157
52,165,157
52,165,157
51,166,157
51,166,157
51,166,157
51,166,157
50,165,157
50,165,157
50,165,157
50,165,157
50,165,157
50,165,157
50,165,157
50,165,157
50,165,157
50,165,157
51,166,158
51,166,158
51,166,158
51,166,158
51,166,158
51,166,158
51,166,158
51,166,158
52,166,158
52,166,158
52,166,158
52,165,157
52,165,157
52,165,157
52,165,157
52,165,157
51,166,157
51,166,157
50,165,157
50,165,157
51,166,157
51,166,157
51,166,157
51,166,157
51,166,158
51,166,158
51,166,158
51,166,158
51,166,158
51,166,158
51,166,158
51,166,158
52,165,158
52,165,158
52,165,157
52,166,158
52,166,158
52,166,158
52,166,158
52,166,158
52,166,158
52,165,157
52,165,157
51,165,157
51,165,157
51,165,157
50,164,157
48,163,155
47,163,155
46,163,155
45,162,154
43,162,153
43,162,153
43,160,152
42,161,152
40,160,151
40,160,151
40,160,151
40,159,151
40,159,151
40,159,151
42,160,152
38,159,150
39,159,151
40,160,151
41,160,151
42,161,152
43,161,152
43,161,152
43,161,152
43,162,153
43,162,153
44,162,153
44,162,153
45,162,154
45,163,154
45,163,154
45,163,154
46,163,155
46,163,155
46,163,155
46,163,155
46,163,155
46,163,155
47,164,155
47,164,155
47,164,155
48,165,155
48,165,155
48,165,155
48,165,156
48,165,156
48,165,156
48,165,156
50,165,157
50,165,157
50,165,157
50,165,157
50,165,157
50,165,157
49,165,157
49,165,157
48,165,155
48,165,155
47,164,155
47,164,155
48,163,156
48,163,156
48,163,156
48,163,156
48,163,156
48,164,156
50,164,157
50,164,156
51,165,157
50,166,156
50,165,156
50,165,156
50,165,156
49,165,156
48,164,155
47,164,155
48,165,155
48,164,155
48,164,156
48,164,156
49,165,157
49,165,157
49,165,157
49,165,157
48,165,156
48,165,156
48,165,156
48,165,156
48,165,156
47,164,155
47,164,155
48,165,156
48,165,156
48,165,156
49,165,157
50,165,157
51,166,157
51,166,157
51,166,157
51,166,157
51,166,157
50,166,156
50,165,157
49,165,157
48,165,156
48,165,156
48,165,156
48,165,156
49,165,157
49,165,157
50,165,157
50,165,157
50,165,157
50,166,156
50,166,156
50,166,156
50,165,156
50,165,156
48,165,156
48,165,156
48,165,156
48,165,156
47,164,155
48,165,156
49,165,157
50,165,156
50,166,156
51,166,157
51,165,157
51,165,157
51,166,157
52,165,157
52,165,157
52,165,157
52,165,157
52,165,157
52,165,157
51,166,157
51,166,157
51,166,157
51,166,157
51,166,157
51,166,157
50,165,157
50,165,157
50,165,157
50,165,157
50,165,157
50,165,157
50,165,157
51,166,158
51,166,158
51,166,158
51,166,158
51,166,158
51,166,158
51,166,158
51,166,158
51,166,158
52,166,158
52,166,158
52,166,158
52,165,157
52,165,157
52,165,157
52,165,157
52,165,157
51,166,157
50,165,157
50,165,157
50,165,157
50,165,157
51,166,157
51,166,157
51,166,158
51,166,158
51,166,158
51,166,158
51,166,158
51,166,158
51,166,158
51,166,158
51,166,158
51,166,158
52,165,158
52,165,157
52,165,157
52,165,157
52,166,158
52,166,158
52,166,158
52,165,157
52,165,157
52,165,157
51,165,157
51,165,157
51,165,157
50,165,157
48,163,155
47,163,155
46,163,155
45,162,154
43,162,153
43,162,153
43,160,152
42,161,152
40,160,151
40,160,151
40,160,151
40,159,150
40,159,150
42,160,152
42,160,152
38,160,151
40,160,151
40,160,151
42,161,152
43,161,152
43,161,152
43,161,152
43,162,153
43,162,153
44,162,153
45,162,154
45,163,154
45,163,154
45,163,154
46,163,154
46,163,155
47,163,155
46,163,155
47,164,155
47,164,155
47,164,155
47,164,155
47,164,155
47,164,155
48,165,155
48,165,155
48,165,155
48,165,156
48,165,156
48,165,156
48,165,156
50,165,157
50,165,157
50,165,157
50,165,157
50,165,157
49,165,157
49,165,157
49,165,157
48,165,155
48,165,155
47,164,155
48,163,156
48,163,156
48,163,156
48,163,156
48,163,156
48,164,156
50,164,157
50,164,156
51,165,157
51,165,157
51,165,157
50,166,156
50,165,156
50,165,157
50,165,157
49,165,157
48,165,156
48,165,156
49,165,157
49,165,157
49,165,157
50,165,157
50,165,157
50,165,157
50,165,157
50,165,157
49,165,156
48,165,155
48,165,155
47,164,155
47,164,155
47,164,155
47,164,155
48,165,156
48,165,156
49,165,157
51,166,157
51,166,157
51,166,157
51,166,157
51,166,157
51,166,157
51,166,157
50,166,156
49,165,157
48,165,156
48,165,156
48,165,156
48,165,156
49,165,157
49,165,157
50,165,157
50,165,157
50,165,156
50,166,156
50,166,156
50,165,156
50,165,156
50,165,156
49,166,156
48,165,156
48,165,156
48,165,156
48,165,156
49,165,157
50,165,157
50,166,156
51,166,157
51,166,157
51,165,157
51,165,157
51,165,157
52,165,157
52,165,157
52,165,157
52,165,157
52,165,157
52,165,157
51,166,157
51,166,157
51,166,157
51,166,157
51,166,157
51,166,157
51,166,157
51,166,157
50,165,157
50,165,157
50,165,157
50,165,157
50,165,157
51,166,157
52,165,157
52,165,157
52,165,157
52,166,158
52,166,158
51,166,158
51,166,158
51,166,158
52,165,157
52,166,158
52,166,158
52,165,157
52,165,157
52,165,157
52,165,157
52,165,157
51,166,157
50,165,157
50,165,157
49,165,157
50,165,157
50,165,157
50,165,157
51,165,158
51,166,158
51,166,158
51,166,158
51,166,158
51,166,158
51,166,158
51,166,158
51,166,158
51,166,158
52,165,158
52,165,157
52,165,157
52,165,157
52,165,157
52,165,157
52,165,157
52,165,157
52,165,157
52,165,157
51,165,157
51,165,157
50,166,156
50,165,156
48,163,155
47,163,155
45,163,154
45,162,154
43,162,153
43,162,153
43,160,152
41,160,151
40,160,151
40,160,151
40,160,151
40,159,151
40,159,151
42,160,152
38,159,150
40,160,151
40,160,151
42,161,152
43,161,152
43,161,152
43,162,153
43,162,153
44,162,153
45,162,154
45,162,154
45,163,154
45,163,154
45,163,154
46,163,155
46,163,155
47,163,155
47,164,154
47,164,154
47,164,155
47,164,155
47,164,155
47,164,155
48,165,155
48,165,155
48,165,155
48,165,155
48,165,156
48,165,156
48,165,156
48,165,156
50,165,157
50,165,157
50,165,157
50,165,157
50,165,157
50,165,157
49,165,157
49,165,157
48,165,155
47,164,155
47,164,155
48,163,156
48,163,156
48,163,156
48,163,156
48,164,156
49,165,157
50,164,157
50,164,156
51,165,157
51,165,157
51,165,157
51,166,157
50,165,156
50,165,157
50,165,157
50,165,157
50,165,157
49,165,157
49,165,157
50,165,157
49,165,157
50,165,157
50,165,157
50,165,157
50,165,157
51,165,157
50,165,156
49,165,156
49,165,156
47,164,155
47,164,155
47,164,155
47,164,155
48,165,156
48,165,155
50,165,156
51,165,157
51,166,157
51,166,157
51,166,157
51,166,157
51,166,157
50,165,157
50,165,157
50,165,157
49,165,157
48,165,156
48,165,156
48,165,156
49,165,157
49,165,157
49,165,157
50,165,157
50,165,157
50,165,156
49,166,156
49,166,156
50,165,156
48,165,155
48,165,155
48,165,155
48,165,155
49,165,157
50,165,157
50,166,156
51,166,157
51,166,157
51,166,157
51,165,157
51,165,157
51,165,157
51,165,157
52,165,157
52,165,157
51,165,157
52,165,157
52,165,157
51,165,157
51,165,157
51,166,157
52,165,157
51,166,157
51,166,157
51,166,157
51,166,157
51,166,157
51,166,157
51,166,157
50,165,157
51,166,157
51,166,157
51,166,157
52,165,157
52,165,157
52,166,158
52,166,158
52,166,158
52,166,158
52,166,158
51,166,158
52,165,157
52,166,158
52,166,158
52,165,157
52,165,157
52,165,157
52,165,157
52,165,157
51,166,157
49,165,157
49,165,157
49,165,157
49,165,157
49,165,157
49,165,157
50,165,157
50,165,157
51,166,158
52,165,157
52,165,157
52,166,158
51,166,158
51,166,158
51,166,158
52,165,158
52,165,158
52,165,157
52,165,157
52,165,157
52,165,157
52,165,157
52,165,157
52,165,157
52,165,157
52,165,157
51,165,157
51,165,157
51,165,157
49,165,156
48,163,155
47,163,155
45,162,154
43,162,153
43,162,153
43,162,153
43,160,152
41,160,151
40,160,151
40,160,151
40,159,151
40,159,151
42,160,152
42,160,152
38,159,150
40,160,151
40,160,151
42,161,152
43,161,152
43,161,152
43,162,153
44,162,153
44,162,153
45,162,154
45,162,154
45,162,154
45,163,154
45,163,154
46,163,154
46,163,155
47,163,155
47,163,155
47,163,155
47,164,154
47,164,155
47,164,155
47,164,155
48,165,155
48,165,155
48,165,155
48,165,156
48,165,156
48,165,156
48,165,156
48,165,156
50,165,157
50,166,156
50,166,156
50,166,156
50,166,156
50,165,157
50,165,157
50,165,156
49,165,156
48,163,155
47,164,155
48,163,156
48,163,156
48,163,156
48,164,156
49,165,157
49,165,157
50,164,157
51,165,157
51,165,157
51,165,157
51,165,157
51,166,157
50,165,157
50,165,157
50,165,157
50,165,157
50,165,157
50,165,157
50,165,157
50,165,157
50,165,157
50,165,157
50,165,157
50,165,157
51,165,157
51,165,157
51,165,156
50,165,156
49,165,156
47,163,155
47,163,155
47,164,155
47,164,155
48,163,155
49,165,156
52,166,157
52,166,157
52,165,157
52,165,157
51,166,157
51,166,157
50,165,157
50,165,157
50,165,157
50,165,157
50,165,157
49,165,157
48,165,156
48,165,156
49,165,157
49,165,157
49,165,157
49,165,157
49,165,157
49,166,156
49,166,156
48,165,155
48,165,155
49,166,156
49,166,156
49,166,156
49,166,156
50,166,156
51,166,158
51,166,157
52,165,157
52,165,157
52,165,157
52,165,157
52,165,157
51,165,157
51,165,157
52,165,157
52,165,157
51,165,157
52,165,157
52,165,157
51,165,157
51,165,157
51,165,157
52,165,157
52,165,157
51,166,157
51,166,157
51,166,157
51,166,157
51,166,157
51,166,157
51,166,157
51,166,157
51,166,157
51,166,157
52,165,157
52,165,157
52,166,158
52,166,158
52,166,158
52,166,158
52,166,158
52,165,157
52,165,157
52,165,157
52,165,157
52,165,157
52,165,157
52,165,157
52,165,157
52,165,157
51,166,157
48,165,156
48,165,156
48,165,156
48,165,156
49,165,157
49,165,157
49,165,157
50,165,157
51,166,158
52,165,157
52,166,158
52,166,158
52,166,158
52,166,158
52,166,158
52,165,157
52,165,157
52,165,157
52,165,157
52,165,157
52,165,157
52,165,157
52,165,157
52,165,157
52,165,157
51,165,157
51,165,157
51,165,157
50,164,156
49,163,156
48,163,155
47,163,155
45,162,154
43,162,153
43,162,153
43,162,153
43,160,152
41,160,151
40,160,151
40,160,151
41,159,151
40,159,151
42,160,152
42,160,152
38,159,150
38,159,150
40,160,151
41,160,151
43,161,152
43,161,152
43,162,153
44,162,153
44,162,153
45,162,154
45,162,154
45,162,154
45,162,154
45,163,154
45,163,154
46,163,154
46,163,155
47,163,154
47,163,155
47,163,155
47,164,154
47,164,155
47,164,155
47,164,155
48,165,155
48,165,155
48,165,156
48,165,156
48,165,156
48,165,156
48,165,156
50,165,157
50,166,156
50,166,156
51,166,157
51,166,157
50,166,156
50,166,156
50,165,156
50,165,156
50,165,156
48,163,155
48,163,156
48,163,156
48,164,156
49,165,157
49,165,157
49,165,157
50,165,157
50,165,157
51,165,157
51,165,157
51,165,157
51,165,157
50,166,156
50,165,157
50,165,157
50,165,157
50,165,157
50,165,157
50,165,157
50,165,157
50,165,157
50,165,157
50,165,157
51,165,158
51,165,157
52,165,158
52,165,157
50,164,156
48,164,155
48,163,155
47,163,155
47,163,155
48,163,156
48,164,155
50,165,156
52,166,157
52,166,157
52,165,157
52,165,157
51,166,157
51,166,158
50,165,157
50,165,157
50,165,157
50,165,157
50,165,157
50,165,157
50,165,157
50,165,157
49,165,157
49,165,157
50,165,157
50,165,157
49,165,157
48,165,155
48,165,155
48,165,155
48,165,155
50,165,156
50,165,156
50,166,156
50,166,156
51,166,157
51,166,157
52,165,157
52,165,157
52,165,157
52,165,157
52,165,157
52,165,157
51,165,157
51,165,158
51,165,157
51,165,157
51,165,157
52,165,157
52,165,157
51,165,157
52,165,157
52,165,157
52,165,157
52,165,157
52,165,157
51,166,157
51,166,157
51,166,157
51,166,157
51,166,157
51,166,157
51,166,157
51,166,157
51,166,157
52,165,157
52,165,157
52,166,158
52,166,158
52,166,158
52,166,158
52,166,158
52,165,157
52,165,157
52,165,157
52,165,157
52,165,157
52,165,157
52,165,157
52,165,157
51,166,157
50,166,156
48,165,156
48,165,156
48,165,156
48,165,156
48,165,156
49,165,157
49,165,157
50,165,157
52,165,157
52,165,157
52,166,158
52,166,158
52,166,158
52,166,158
52,166,158
52,165,157
52,165,157
52,165,157
52,165,157
52,165,157
52,165,157
52,165,158
52,165,158
52,165,158
51,165,157
51,165,157
51,165,157
51,165,157
50,164,156
49,163,156
48,163,155
47,163,155
45,162,154
43,162,153
43,162,153
43,162,153
43,160,152
41,160,151
41,160,151
41,159,151
41,159,151
40,159,151
40,159,151
42,160,152
37,159,150
38,159,150
40,160,151
40,160,151
42,161,152
43,161,152
43,162,153
44,162,153
44,162,153
45,162,154
45,162,154
45,162,154
45,162,154
45,163,154
45,163,154
45,163,154
46,163,155
46,163,154
47,163,155
47,163,155
47,164,154
47,164,154
47,164,155
47,164,155
47,164,155
47,164,155
47,164,155
48,165,156
48,165,156
48,165,156
48,165,156
50,165,157
50,166,156
50,166,156
51,166,157
51,166,157
51,166,157
51,166,157
51,166,157
51,166,157
51,165,157
50,166,156
49,165,157
49,165,157
49,165,157
48,165,156
48,165,156
50,165,157
50,165,157
50,165,157
51,165,157
51,165,157
51,165,157
51,165,157
50,166,156
50,165,157
50,165,157
50,165,157
50,165,157
50,165,157
50,165,157
50,165,157
50,165,157
50,165,157
51,165,158
51,165,158
51,165,157
52,165,158
52,165,158
50,164,156
50,165,156
48,163,156
48,163,156
48,163,156
48,163,156
49,165,156
50,165,156
51,165,157
52,165,157
52,165,157
51,166,157
51,166,158
51,166,158
50,165,157
50,165,157
51,166,158
51,165,157
51,165,157
51,165,157
51,166,157
50,166,156
50,165,157
50,165,157
50,165,157
50,165,157
48,165,156
48,165,156
48,165,156
48,165,155
48,165,155
49,166,156
50,166,156
50,166,156
51,166,157
51,166,157
52,165,157
52,165,157
52,165,157
52,165,157
52,165,157
52,165,157
52,165,157
51,165,158
51,165,158
51,165,158
51,165,158
51,165,157
51,165,157
52,165,157
52,165,157
52,165,157
52,165,157
52,165,157
52,165,157
52,165,157
52,165,157
52,165,157
52,165,157
52,165,157
52,165,157
52,165,157
52,165,157
51,166,157
51,166,157
52,165,157
52,165,157
52,165,157
52,166,158
52,166,158
52,165,157
51,166,158
52,165,157
52,165,157
52,165,157
52,165,157
52,165,157
52,165,157
51,166,157
51,166,157
51,166,157
50,165,157
48,165,156
48,165,156
48,165,156
48,165,156
48,165,156
49,165,157
49,165,157
51,166,157
52,165,157
52,165,157
52,166,158
52,166,158
52,166,158
52,166,158
52,166,158
52,165,157
52,165,157
52,165,157
52,165,157
52,165,157
52,165,158
52,165,158
52,165,158
52,165,158
51,165,157
51,165,157
51,165,157
51,165,157
50,164,156
49,163,156
47,163,155
47,163,155
45,162,154
43,162,153
43,162,153
43,162,153
42,161,152
42,161,152
42,160,152
41,159,151
41,159,151
40,159,151
40,159,151
42,160,152
37,159,150
38,159,150
40,160,151
41,160,152
42,161,152
43,161,152
44,162,153
44,162,153
44,162,153
45,162,154
45,162,154
45,162,154
45,162,154
45,163,154
45,163,155
45,163,154
46,163,155
47,163,154
47,163,155
47,164,154
47,164,155
47,164,155
47,164,155
47,164,155
47,164,155
47,164,155
47,164,155
48,165,156
48,165,156
48,165,156
48,165,156
50,165,157
50,165,157
51,166,157
51,166,157
51,166,157
51,166,157
51,166,157
51,165,157
51,165,157
51,165,157
50,166,156
50,165,157
49,165,157
49,165,157
49,165,157
50,165,157
50,165,157
50,166,156
51,165,157
51,165,157
51,165,157
51,165,157
50,166,156
50,165,157
50,165,157
50,165,157
50,165,157
50,165,157
50,165,157
50,165,157
50,165,157
51,165,158
51,165,158
51,165,158
51,165,157
51,165,157
51,165,158
50,165,157
50,165,157
49,165,157
48,163,156
48,164,156
49,165,157
50,165,157
50,165,157
50,165,157
51,166,158
51,165,158
51,165,158
51,166,158
51,166,158
51,166,158
51,166,158
51,165,157
52,165,157
52,165,157
52,165,157
51,166,157
50,166,156
50,165,157
50,165,157
50,165,157
49,165,157
49,165,157
48,165,156
48,165,156
48,165,156
48,165,155
49,166,156
50,166,156
51,166,157
51,166,157
52,165,157
52,165,157
52,165,157
52,165,157
52,165,157
52,165,157
52,165,157
52,165,157
51,165,158
51,165,158
51,165,158
51,165,158
51,165,158
51,165,157
51,165,157
52,165,157
52,165,157
52,165,157
52,165,157
52,165,157
52,165,157
52,165,157
52,165,157
52,165,157
52,165,157
52,165,157
52,165,157
52,165,157
51,165,157
51,166,157
51,166,157
52,165,157
52,165,157
51,166,158
51,166,158
51,166,158
51,166,158
52,165,157
52,165,157
52,165,157
51,166,157
51,166,157
51,166,157
51,166,157
51,166,157
51,166,157
50,165,157
48,165,156
48,165,156
48,165,156
48,165,156
48,165,156
49,165,157
50,165,157
51,166,157
52,165,157
52,165,157
52,165,157
52,166,158
52,166,158
52,166,158
52,166,158
52,166,158
52,165,157
52,165,157
52,165,157
51,165,158
52,165,158
52,165,158
51,166,158
51,166,158
51,165,157
51,165,157
51,165,157
51,165,157
50,164,156
48,163,155
47,163,155
45,163,154
45,162,154
43,162,153
43,162,153
43,162,153
42,161,152
42,161,152
42,160,152
42,160,152
40,159,151
40,159,151
40,159,151
36,159,149
38,159,150
40,160,151
40,160,151
42,161,152
43,161,152
43,162,153
44,162,153
44,162,153
45,162,154
45,162,154
45,162,154
45,163,155
45,163,155
45,163,155
45,163,155
45,163,155
46,163,155
46,164,154
47,164,154
47,164,154
47,164,155
47,164,155
47,164,155
47,164,155
47,164,155
47,164,155
47,164,155
48,165,156
48,165,156
48,165,156
50,165,157
50,165,157
51,166,157
51,166,157
51,166,157
51,166,157
51,165,157
51,165,157
51,165,157
51,165,157
51,165,157
50,165,157
49,165,157
49,165,157
49,165,157
49,165,157
50,166,156
51,165,157
51,165,157
51,165,157
51,165,157
51,165,157
51,165,157
50,165,157
50,165,157
50,165,157
50,165,157
50,165,157
50,166,156
51,165,157
51,165,158
51,165,158
51,165,158
51,165,158
51,165,158
51,165,158
50,165,157
50,165,157
50,165,157
50,165,157
50,165,157
50,165,157
50,165,157
50,165,157
50,165,157
49,165,157
49,165,157
50,165,157
50,165,157
51,166,158
51,166,158
51,166,158
51,165,158
52,165,157
52,165,157
52,165,157
52,165,157
51,166,157
50,166,156
50,165,157
50,165,157
50,165,157
49,165,157
49,165,157
49,165,157
49,165,156
49,165,156
50,166,156
50,166,156
50,166,156
51,166,157
51,166,157
51,166,157
51,166,157
51,166,157
51,166,157
51,166,157
52,165,157
52,165,157
52,165,157
52,165,157
51,165,158
51,165,158
51,165,158
52,165,157
52,165,157
52,165,157
52,165,157
52,165,157
52,165,157
52,165,157
52,165,157
52,165,157
52,165,157
52,165,157
52,166,158
52,166,158
52,166,158
52,165,157
52,165,157
52,165,157
52,165,157
52,165,157
52,165,157
52,165,157
51,166,158
52,165,157
52,165,157
51,166,158
52,165,157
52,165,157
51,166,157
51,166,157
51,166,157
51,166,157
51,166,157
51,166,157
50,165,157
50,165,157
48,165,156
48,165,156
48,165,156
48,165,156
48,165,156
49,165,157
50,165,157
51,166,157
52,165,157
52,165,157
52,165,157
52,166,158
52,166,158
52,166,158
52,166,158
52,166,158
52,165,157
51,165,157
51,165,157
51,165,158
52,165,158
52,165,158
51,166,158
51,166,158
51,166,158
51,165,157
51,165,157
51,165,157
49,163,156
47,163,155
47,163,155
45,162,154
45,162,154
45,162,154
43,162,153
43,161,152
42,161,152
42,161,152
42,160,152
42,160,152
40,159,151
40,159,151
40,159,151
36,157,149
37,159,150
38,159,150
40,160,151
40,160,151
42,161,152
43,162,153
44,162,153
44,162,153
45,162,154
45,162,154
45,163,154
45,163,155
45,163,155
45,163,155
45,163,155
45,163,155
46,163,154
47,163,155
47,164,155
47,164,155
47,164,155
47,164,155
47,164,155
47,164,155
47,164,155
47,164,155
47,164,155
47,164,155
48,165,156
48,165,156
48,165,156
49,165,157
50,165,157
51,166,157
51,166,157
51,166,157
51,165,157
52,165,157
52,165,157
52,165,157
51,165,157
50,165,157
50,165,157
50,165,157
50,165,157
50,165,157
51,166,157
51,165,157
52,165,157
52,165,157
52,165,157
51,165,157
51,165,157
50,165,157
50,165,157
50,165,157
50,165,157
50,166,156
51,165,157
51,165,157
51,165,157
51,165,157
51,165,157
51,165,157
51,165,157
50,165,157
50,165,157
49,165,157
50,165,157
50,165,157
50,165,157
50,165,157
50,165,157
50,165,157
50,165,157
49,165,157
49,165,157
49,165,157
50,165,157
50,165,157
51,166,158
51,165,158
51,165,157
52,165,157
52,165,157
52,165,157
52,165,157
51,166,157
50,166,156
50,165,157
50,165,157
50,165,157
50,165,157
49,165,157
49,165,157
49,165,156
50,165,156
50,166,156
50,166,156
51,166,157
51,165,157
51,165,157
51,165,157
51,165,157
51,166,157
51,166,157
51,166,157
51,166,157
52,165,157
52,165,157
52,165,157
52,165,157
51,165,158
51,165,158
52,165,157
52,165,157
52,165,157
52,165,157
52,165,157
52,165,157
52,165,157
52,165,157
52,165,157
52,166,158
52,166,158
52,166,158
52,166,158
52,166,158
52,166,158
52,166,158
52,165,157
52,165,157
52,165,157
52,165,157
52,165,157
52,165,157
52,165,157
52,165,157
52,165,157
52,165,157
51,166,157
51,166,157
51,166,157
51,166,157
51,166,157
51,166,157
50,165,157
50,165,157
49,165,157
48,165,156
48,165,156
48,165,156
48,165,156
49,165,157
50,165,157
51,166,157
52,165,157
52,165,157
52,165,157
52,165,157
52,166,158
52,166,158
52,166,158
52,166,158
52,166,158
52,165,157
51,165,157
51,165,158
51,165,158
51,165,158
52,165,158
51,166,158
51,166,158
51,166,157
51,165,157
51,165,157
50,164,156
48,163,155
47,163,155
45,163,154
45,162,154
45,162,154
45,162,154
43,162,153
43,160,152
42,161,152
42,160,152
42,160,152
42,160,152
40,159,151
40,159,151
40,159,151
36,158,150
36,159,149
37,159,150
38,160,151
40,160,151
42,161,153
43,162,153
44,162,153
45,162,154
45,162,154
45,163,154
46,163,154
46,163,155
46,163,155
46,163,154
45,163,155
45,163,155
46,163,155
47,163,155
47,164,155
47,164,155
47,164,155
47,164,155
47,163,155
47,163,155
47,163,155
47,164,155
47,164,155
47,164,155
47,164,155
48,165,156
48,165,156
48,165,156
50,165,157
50,165,157
51,166,157
51,166,157
52,165,157
52,165,157
52,165,157
52,165,157
52,165,157
51,166,158
50,165,157
50,165,157
51,166,158
51,166,157
51,165,157
52,165,157
52,165,157
52,165,157
52,165,157
52,165,157
51,165,158
51,165,158
50,165,157
50,165,157
51,165,158
51,165,157
51,165,157
51,165,157
51,165,157
51,165,157
51,165,157
51,165,157
51,165,157
50,165,157
50,165,157
50,165,157
50,165,157
50,165,157
50,165,157
50,166,156
50,166,156
50,165,157
50,165,157
49,165,157
48,165,156
49,165,157
49,165,157
50,165,157
51,166,158
51,165,157
52,165,157
52,165,157
52,165,157
52,165,157
52,165,157
51,165,157
51,166,157
50,166,156
50,165,157
50,164,157
50,165,157
50,165,157
50,164,157
50,164,156
51,165,157
51,165,157
51,165,157
51,165,157
51,165,157
51,165,157
51,165,157
51,165,157
51,165,157
51,166,157
51,166,157
51,166,157
51,165,157
51,165,157
51,165,157
51,165,158
51,165,158
52,165,158
52,165,157
52,165,157
52,165,157
52,166,158
52,166,158
52,166,158
52,166,158
52,166,158
52,166,158
52,166,158
52,166,158
52,166,158
52,166,158
52,166,158
52,166,158
52,166,158
52,166,158
52,166,158
52,166,158
52,166,158
52,165,157
52,165,157
52,165,157
52,165,157
52,165,157
51,166,157
51,166,157
51,166,157
51,166,157
50,165,157
51,166,157
51,166,157
50,165,157
50,165,157
49,165,157
49,165,157
48,165,156
48,165,156
49,165,157
50,165,157
51,166,157
51,166,157
52,165,157
52,165,157
52,165,157
52,165,157
52,166,158
52,166,158
52,166,158
52,166,158
52,166,158
52,165,157
52,165,157
51,165,157
51,165,158
52,165,158
52,165,158
51,166,158
51,166,157
51,166,157
50,166,156
50,165,156
49,165,156
48,163,155
47,163,155
45,163,154
45,162,154
45,162,154
43,162,153
43,161,152
43,160,152
42,161,152
42,160,152
42,160,152
41,159,151
40,159,151
40,159,151
40,159,151
36,157,149
37,159,150
38,159,150
39,159,151
40,160,151
43,161,152
44,162,153
45,162,154
45,162,154
45,163,154
46,163,154
46,163,155
47,163,155
46,163,154
46,163,154
46,163,154
46,163,155
46,163,155
47,164,155
47,164,155
47,164,155
47,163,155
47,163,155
47,163,155
47,163,155
47,164,155
47,164,155
47,164,155
47,164,155
48,165,156
48,165,156
48,165,156
49,165,157
50,165,157
51,166,157
51,165,157
52,165,157
52,165,157
52,165,157
52,165,157
52,165,157
51,165,157
51,165,158
51,166,158
51,166,157
52,165,157
52,165,157
52,165,157
52,165,157
52,165,157
52,165,157
51,165,157
51,165,158
51,165,158
51,166,158
51,166,158
51,165,157
52,165,157
52,165,157
52,165,157
52,165,157
52,165,157
51,165,157
51,165,157
51,166,157
51,166,157
51,166,157
50,165,157
50,165,157
50,166,156
50,166,156
50,166,156
50,166,156
50,166,156
50,165,157
49,165,157
48,165,156
48,165,156
48,165,156
50,165,157
51,166,158
51,165,158
52,165,157
52,166,158
52,166,158
52,166,158
52,165,157
52,165,157
51,165,157
51,165,157
51,165,157
51,165,158
50,164,157
51,165,157
51,165,157
51,165,157
51,165,157
52,165,157
52,165,157
51,165,157
51,165,157
51,165,157
51,165,157
51,165,157
51,165,157
51,165,157
51,165,157
51,165,157
51,165,157
51,165,157
51,165,157
51,165,158
52,165,158
52,165,158
52,165,157
52,165,157
52,166,158
52,166,158
52,166,158
52,166,158
52,166,158
52,166,158
52,166,158
52,166,158
52,166,158
52,166,158
52,166,158
52,166,158
52,166,158
52,166,158
52,166,158
52,166,158
52,166,158
52,166,158
52,165,157
52,165,157
52,165,157
52,165,157
52,165,157
52,165,157
51,166,157
51,166,157
50,165,157
50,165,157
50,165,157
51,166,157
50,165,157
50,165,157
50,165,157
49,165,157
49,165,157
49,165,157
50,165,157
51,166,157
51,166,157
51,166,157
52,165,157
52,165,157
52,165,157
52,165,157
52,166,158
52,166,158
52,166,158
52,166,158
52,166,158
52,166,158
52,165,157
52,165,157
51,165,157
52,165,158
52,165,157
51,165,157
51,166,157
50,166,156
50,166,156
50,164,156
48,164,155
48,163,155
45,163,154
45,162,154
45,162,154
45,162,154
44,161,152
43,161,152
43,160,152
42,161,152
42,160,152
42,160,152
41,159,151
40,159,151
40,159,151
36,158,149
36,159,149
37,159,150
38,159,150
40,160,151
43,161,153
44,162,153
45,162,154
45,162,154
46,163,154
46,163,155
46,163,155
47,163,155
46,164,155
46,163,154
46,163,155
46,163,155
47,163,155
47,163,155
47,163,155
47,163,155
47,163,155
46,163,155
46,163,155
46,163,155
47,163,155
46,163,155
47,164,155
47,164,155
47,164,155
48,165,156
48,165,156
48,165,156
50,165,157
51,165,157
51,165,157
52,165,157
52,165,157
52,165,157
52,165,157
52,165,157
52,165,157
51,165,157
51,165,158
51,165,157
52,165,157
52,165,157
52,165,157
52,165,157
52,165,157
51,165,158
51,165,158
51,165,158
51,165,158
51,165,158
51,165,158
51,165,158
52,165,157
52,165,157
52,165,157
52,165,157
52,165,157
52,165,157
52,165,157
52,165,157
51,166,157
51,166,157
51,166,157
51,166,157
51,166,157
51,166,157
50,166,156
50,166,156
51,165,157
50,164,157
50,164,157
49,165,157
49,165,157
49,165,157
50,165,157
50,165,157
51,166,158
52,165,158
52,166,158
52,166,158
52,166,158
52,165,157
52,165,157
51,165,157
51,165,158
51,165,158
51,165,158
51,165,158
51,165,158
51,165,157
51,165,157
52,165,157
52,165,157
52,165,157
52,165,157
51,165,157
51,165,157
51,165,157
51,165,157
51,165,157
51,165,157
51,166,157
51,165,157
51,165,157
51,165,157
51,165,157
52,165,158
52,165,157
52,165,157
52,165,157
52,166,158
52,166,158
52,166,158
52,166,158
52,166,158
54,166,158
54,166,158
54,166,158
53,167,158
53,167,158
53,166,158
53,166,158
53,166,158
53,167,158
53,166,158
52,166,158
52,166,158
52,166,158
52,166,158
52,166,158
52,165,157
52,165,157
52,165,157
52,165,157
52,165,157
52,165,157
51,166,157
50,165,157
50,165,157
51,166,157
51,166,157
51,166,157
50,165,157
50,165,157
50,165,157
50,165,157
50,165,157
51,166,157
51,166,157
51,166,157
51,166,157
51,166,157
52,165,157
52,165,157
52,166,158
52,166,158
52,166,158
52,166,158
52,166,158
52,166,158
52,166,158
52,165,157
52,165,157
52,165,157
52,165,157
51,165,157
51,165,157
51,165,157
50,166,156
50,166,156
49,165,156
48,164,155
47,163,155
45,163,154
45,162,154
45,162,154
43,162,153
43,161,152
43,161,152
43,160,152
42,160,152
42,160,152
41,159,151
40,159,151
40,159,151
40,159,151
36,158,150
36,157,150
36,159,149
37,159,150
38,160,151
42,161,153
43,162,154
44,162,153
45,162,154
46,163,154
46,163,154
46,163,155
47,163,155
46,163,155
46,163,155
46,163,155
46,163,155
47,163,155
47,163,155
47,163,155
47,163,155
47,163,155
46,163,155
46,163,155
46,163,154
47,163,155
47,163,155
47,164,155
47,164,155
47,164,155
48,165,156
48,165,156
49,165,157
50,165,157
51,166,157
51,165,157
52,165,157
52,165,157
52,165,157
52,165,157
52,165,157
52,165,157
51,165,157
51,165,158
51,165,158
51,165,157
52,165,157
52,165,157
52,165,157
52,165,157
51,165,158
51,165,158
51,165,158
51,165,158
51,165,158
51,165,158
51,165,158
51,165,157
52,165,157
52,165,157
52,165,157
52,165,157
52,165,157
52,165,157
52,165,157
52,165,157
51,166,157
51,166,157
51,166,157
51,166,157
51,166,157
50,166,156
50,166,156
51,165,157
51,165,157
50,164,156
50,164,157
49,165,157
49,165,157
50,165,157
50,165,157
51,166,158
52,166,158
52,166,158
52,166,158
52,166,158
52,165,157
52,165,157
52,165,157
51,165,158
51,165,158
51,165,158
51,165,158
51,165,158
51,165,158
51,165,157
52,165,157
52,165,157
52,165,157
52,165,157
51,165,157
51,165,158
50,165,157
50,165,157
50,166,156
50,166,156
51,166,157
51,165,157
51,165,157
51,165,157
51,165,157
52,165,158
52,165,158
52,165,157
52,165,157
52,166,158
52,166,158
52,166,158
53,166,158
54,166,158
53,167,158
53,167,158
53,167,158
53,167,158
53,167,158
53,167,158
53,167,158
53,167,158
53,167,158
53,167,158
53,167,158
52,166,158
52,166,158
52,166,158
52,166,158
52,165,157
52,165,157
52,165,157
52,165,157
52,165,157
51,166,157
51,166,157
51,166,157
51,166,157
51,166,157
51,166,157
51,166,157
51,166,157
50,166,156
50,166,156
50,166,156
51,166,157
51,166,157
51,166,157
51,166,157
51,166,157
51,166,157
51,166,157
52,165,157
52,166,158
52,166,158
52,166,158
52,166,158
52,166,158
52,166,158
52,166,158
52,165,157
52,165,157
52,165,157
51,165,157
51,165,157
51,165,157
51,165,157
50,166,156
50,165,156
49,163,156
48,163,155
46,163,155
45,163,154
45,162,154
43,162,153
43,161,152
43,161,152
43,161,152
42,160,152
42,160,152
41,159,151
41,159,151
40,159,151
40,159,151
40,159,150
36,158,150
36,157,150
37,159,151
38,159,150
41,160,152
43,161,153
44,162,153
45,162,154
45,162,154
46,163,154
46,163,154
46,163,155
46,163,155
46,163,155
46,163,155
47,163,155
47,163,155
47,163,155
47,163,155
47,163,155
46,163,155
46,163,155
46,163,155
46,163,155
46,163,155
47,163,155
47,164,155
47,164,155
47,164,155
47,164,155
48,165,156
50,165,157
50,165,157
51,166,157
51,166,157
51,166,157
51,165,157
52,165,157
52,165,157
52,165,157
52,165,157
51,165,158
51,165,158
51,165,158
51,165,158
52,165,157
52,165,157
52,165,157
51,165,158
51,165,158
51,165,158
51,165,158
51,165,158
51,165,158
51,165,158
51,165,158
51,165,158
52,165,157
52,165,157
52,165,157
52,165,157
52,165,157
52,165,157
52,165,157
52,165,157
52,165,157
52,165,157
52,165,157
51,166,157
51,166,157
51,166,157
50,166,156
51,165,157
51,165,157
51,165,157
50,164,156
50,164,157
49,165,157
50,165,157
51,166,158
51,166,158
52,165,157
52,166,158
52,166,158
52,166,158
52,166,158
52,165,157
52,165,157
52,165,157
51,165,158
51,165,158
51,165,158
51,165,158
51,165,158
52,165,157
52,165,157
52,165,157
52,165,157
51,165,157
51,165,158
50,165,157
50,165,157
50,165,157
50,165,157
50,166,156
51,166,157
51,165,157
51,165,157
51,165,157
51,165,157
52,165,158
52,165,158
52,165,158
52,166,158
52,166,158
52,166,158
53,166,158
54,166,158
53,167,158
53,167,158
53,167,158
53,167,158
53,167,158
53,167,158
53,167,158
53,167,158
53,167,158
53,167,158
53,167,158
53,167,158
53,167,158
52,166,158
52,166,158
52,166,158
52,165,157
52,165,157
52,165,157
52,165,157
52,165,157
51,166,157
51,166,157
51,166,157
51,166,157
51,166,157
51,166,157
51,166,157
51,166,157
51,166,157
51,166,157
51,166,157
51,166,157
51,166,157
51,166,157
51,166,157
51,166,157
51,166,157
51,166,157
51,166,157
52,165,157
52,166,158
52,166,158
52,166,158
52,166,158
52,166,158
52,165,157
52,165,157
52,165,157
51,165,157
51,165,157
51,165,157
51,166,157
50,166,156
50,166,156
50,164,156
49,163,156
47,163,155
45,163,154
45,162,154
45,162,154
43,162,153
43,161,152
43,161,152
42,160,151
42,160,152
41,159,151
40,160,151
40,160,151
39,160,151
40,159,150
36,158,150
36,158,150
36,159,150
37,159,150
40,160,151
42,161,153
43,162,153
44,162,153
45,162,154
45,162,154
45,163,154
45,163,154
46,163,155
46,163,155
46,163,155
46,163,155
47,163,155
47,163,155
47,163,155
47,163,155
46,163,155
46,163,155
45,163,154
46,163,155
46,163,155
47,163,155
47,164,155
47,164,155
47,164,155
47,164,155
48,165,156
50,165,157
50,165,157
51,166,157
51,166,157
51,166,157
51,166,157
51,166,157
52,165,157
52,165,157
52,165,157
52,165,157
52,165,157
52,165,157
52,165,157
52,165,157
52,165,157
51,165,158
51,165,158
51,165,158
51,165,158
51,165,158
51,165,158
51,165,158
51,165,158
51,165,158
52,165,157
52,165,157
52,165,157
52,165,157
52,165,157
52,165,157
52,165,157
52,165,157
52,165,157
52,165,157
52,165,157
52,165,157
51,166,157
51,166,157
51,166,157
50,166,156
50,166,156
51,165,157
51,165,157
51,165,157
50,164,156
50,164,156
51,166,158
51,166,158
51,166,158
51,166,158
52,165,158
52,166,158
52,166,158
52,166,158
52,165,157
52,165,157
52,165,157
51,165,157
51,165,158
51,165,158
51,165,158
51,165,158
52,165,157
52,165,157
52,165,157
52,165,157
51,165,158
51,166,158
50,165,157
50,165,157
49,165,157
50,165,157
50,166,156
51,166,157
51,165,157
51,165,157
52,165,157
52,165,157
52,165,157
52,165,157
52,166,158
52,166,158
52,166,158
52,166,158
54,166,158
53,167,158
53,167,158
53,167,158
53,167,158
53,167,158
54,166,158
54,166,158
53,166,158
53,166,158
53,167,158
53,167,158
53,167,158
53,167,158
53,167,158
52,166,158
52,166,158
52,166,158
52,165,157
52,165,157
52,165,157
52,165,157
52,165,157
52,165,157
51,166,157
51,166,157
51,166,157
51,166,157
51,166,157
51,165,157
51,165,157
51,165,157
51,165,157
51,165,157
51,165,157
51,165,157
51,165,157
52,165,157
51,166,157
51,166,157
51,166,157
51,166,157
51,165,157
52,166,158
52,166,158
52,166,158
52,166,158
52,166,158
52,165,157
52,165,157
51,165,157
51,165,158
51,165,158
51,166,158
50,166,156
51,165,157
51,165,157
50,164,156
48,163,155
46,163,154
45,162,154
45,162,154
43,162,153
43,160,152
43,160,152
42,161,152
42,160,152
41,159,151
40,160,151
40,160,151
39,160,151
40,159,150
40,159,150
35,157,149
36,158,150
36,157,150
37,159,150
38,160,151
41,160,152
43,161,152
43,162,153
44,162,153
45,162,154
45,162,154
45,163,154
45,163,154
45,163,154
46,163,155
46,163,155
47,163,155
47,163,155
47,163,155
47,163,155
47,163,155
46,163,155
46,163,155
46,163,154
46,164,155
46,164,155
47,164,155
47,164,155
47,164,155
47,164,155
48,165,156
49,165,157
50,165,157
51,166,157
51,166,157
51,166,157
51,166,157
52,165,157
52,165,157
52,165,157
52,165,157
52,165,157
51,165,158
51,165,158
51,165,158
51,165,158
51,165,158
51,165,158
51,165,158
51,165,158
51,165,158
51,165,158
51,165,158
51,165,158
51,165,158
51,165,158
51,165,158
52,165,157
52,165,157
52,165,157
52,165,157
52,165,157
52,165,157
52,165,157
52,165,157
52,165,157
52,165,157
52,165,157
51,166,157
51,166,157
51,166,157
51,166,157
50,166,156
51,165,157
51,165,157
51,165,157
51,165,157
51,166,157
51,166,157
51,166,158
51,166,158
51,165,158
52,165,158
52,165,158
52,165,157
52,165,157
52,165,157
52,165,157
52,165,157
51,165,158
51,165,158
51,165,158
51,165,158
51,165,158
52,165,158
52,165,157
52,166,158
52,166,158
52,165,157
51,166,158
51,166,158
50,165,157
50,165,157
50,165,157
51,166,157
51,166,157
51,165,157
52,165,157
52,165,157
52,165,157
52,166,158
52,166,158
52,166,158
52,166,158
52,166,158
52,166,158
53,167,158
53,167,158
53,167,158
53,167,158
53,167,158
53,166,158
53,166,158
53,166,158
53,166,158
53,166,158
53,166,158
53,166,158
53,166,158
53,167,158
53,167,158
53,166,158
52,166,158
52,166,158
52,165,157
52,165,157
52,165,157
52,165,157
52,165,157
52,165,157
52,165,157
52,165,157
51,165,157
52,165,157
52,165,157
52,165,157
52,165,157
51,165,158
51,165,158
51,165,158
51,165,158
51,165,157
51,165,157
51,165,157
51,166,157
51,166,157
51,166,157
51,166,157
51,165,157
52,166,158
52,166,158
52,166,158
52,166,158
52,166,158
52,165,157
51,165,158
51,165,158
51,165,158
51,165,158
51,165,158
51,165,157
51,165,157
51,165,157
50,164,156
48,163,155
46,163,154
45,162,154
43,162,153
43,161,152
43,160,152
42,161,152
42,160,152
40,160,151
40,160,151
40,160,151
39,160,151
40,159,150
40,159,150
40,159,150
36,158,149
36,157,149
37,159,150
37,159,150
40,160,151
41,160,152
43,161,152
43,162,153
44,162,153
45,162,154
45,163,154
45,163,154
45,163,154
45,163,154
46,163,155
46,163,155
46,164,155
46,164,155
46,164,155
47,163,155
47,163,155
46,163,155
47,163,155
47,163,155
47,163,155
47,164,155
47,163,155
48,163,156
47,164,155
48,165,156
48,165,156
49,165,157
50,165,157
51,166,157
51,166,157
51,166,157
52,165,157
52,165,157
52,165,157
52,165,157
52,165,157
51,165,158
51,165,158
51,165,158
51,165,158
51,165,158
51,165,158
51,165,158
51,165,158
51,165,158
51,165,158
51,165,158
51,165,158
51,165,158
51,165,158
51,165,158
52,165,157
52,165,157
52,165,157
52,165,157
52,165,157
52,165,157
52,165,157
52,165,157
52,165,157
52,165,157
52,165,157
52,165,157
51,166,157
51,166,157
51,166,157
51,166,157
51,166,157
51,165,157
51,165,157
51,166,157
51,166,157
51,166,157
51,166,157
51,166,158
51,165,158
51,165,158
51,165,158
52,165,158
52,165,157
52,165,157
52,165,157
52,165,157
52,165,158
51,165,158
51,165,158
51,165,158
51,165,158
52,166,158
52,166,158
52,166,158
52,166,158
52,165,157
51,166,158
51,166,158
51,166,158
51,166,157
51,166,157
52,165,157
52,165,157
52,165,157
52,165,157
52,165,157
52,166,158
52,166,158
52,166,158
52,166,158
52,166,158
52,166,158
52,166,158
53,167,158
53,167,158
53,167,158
53,167,158
53,166,158
53,166,158
53,166,158
53,166,158
52,166,158
52,166,158
52,166,159
52,166,159
53,166,158
53,167,158
53,166,158
53,166,158
52,166,158
52,166,158
52,165,157
52,165,157
52,165,157
52,165,157
52,165,157
52,165,157
52,165,157
52,165,157
52,165,157
52,165,157
52,165,157
52,165,158
52,165,158
52,165,158
51,165,158
51,165,158
51,165,158
51,165,157
51,165,157
52,165,157
52,165,157
51,166,157
51,166,157
51,166,158
51,165,158
52,165,157
52,166,158
52,166,158
52,166,158
52,166,158
52,165,157
51,165,158
51,165,158
51,165,158
51,165,158
51,165,157
51,165,157
51,165,157
50,164,156
48,163,155
47,163,155
46,162,154
45,162,154
43,162,153
43,160,152
43,160,152
42,160,152
41,160,151
40,160,151
40,160,151
40,160,151
39,160,151
40,159,150
40,159,150
36,158,149
36,157,149
36,159,149
37,159,150
38,160,151
40,160,151
42,161,152
43,161,152
44,162,153
44,162,153
45,162,154
45,163,154
45,163,154
45,163,154
45,163,154
46,163,154
46,164,155
46,164,155
47,163,155
47,163,155
47,163,155
47,163,155
47,163,155
47,163,155
47,163,155
47,163,155
48,163,156
48,163,156
48,165,156
48,165,156
48,165,156
49,165,157
49,165,157
50,166,156
51,166,157
51,166,157
51,166,157
52,165,157
52,165,157
52,165,157
52,165,157
52,165,157
51,165,157
51,165,158
51,165,158
51,165,158
51,165,158
51,165,158
51,165,158
51,165,158
51,165,158
51,165,158
51,165,158
51,165,158
51,165,158
51,165,157
52,165,157
52,165,157
52,165,157
52,165,157
52,165,157
52,165,157
52,165,157
52,165,157
52,165,157
52,165,157
52,165,157
52,165,157
52,165,157
51,166,157
51,166,157
51,166,157
51,166,157
51,166,157
51,166,157
51,166,157
51,166,157
51,166,157
51,166,157
51,165,158
51,165,158
51,165,158
51,165,158
51,165,158
51,165,158
51,165,158
51,165,157
52,165,157
52,165,158
52,165,158
52,165,158
52,165,158
52,165,158
52,166,158
53,166,158
53,166,158
53,166,158
52,166,158
52,165,157
52,165,157
52,165,157
52,165,157
52,165,157
52,165,157
52,165,157
52,165,157
52,165,157
52,166,158
52,166,158
52,166,158
52,166,158
52,166,158
52,166,158
52,166,158
52,166,158
52,166,158
52,166,158
53,166,158
52,166,158
52,166,158
52,166,158
52,166,158
52,166,158
52,166,158
52,165,158
52,165,158
51,166,158
51,166,158
53,166,158
53,166,158
53,166,158
53,166,158
52,166,158
52,165,157
52,165,157
52,165,157
52,166,158
52,166,158
52,166,158
52,166,158
52,165,157
52,165,157
52,165,158
52,165,158
52,165,158
52,165,158
52,165,158
51,165,158
51,165,158
51,165,158
51,165,158
52,165,157
52,165,157
52,165,157
52,165,157
51,165,157
51,165,158
51,165,158
51,165,157
52,166,158
52,166,158
52,166,158
52,166,158
52,165,157
52,165,157
51,165,157
51,165,157
51,165,157
51,165,157
51,165,157
51,165,157
50,164,156
48,163,155
47,163,155
45,162,154
45,162,154
43,161,152
43,160,152
42,161,152
42,160,152
40,160,151
40,160,151
40,160,151
39,159,151
38,160,151
38,160,151
38,160,151
36,157,149
36,159,149
37,159,150
38,159,150
38,160,151
40,160,151
42,161,152
43,161,152
44,162,153
44,162,153
45,162,154
45,163,154
45,163,154
45,163,154
46,163,154
46,164,155
46,164,155
47,163,155
47,163,155
47,163,155
47,163,155
47,163,155
47,163,155
47,163,155
48,163,156
48,163,156
48,163,156
48,165,156
48,165,156
48,165,156
48,165,156
49,165,157
50,165,156
51,166,157
51,166,157
52,165,157
52,165,157
52,165,157
52,165,157
52,165,157
52,165,157
51,165,157
51,165,158
51,165,158
51,165,158
51,165,158
51,165,158
51,165,158
51,165,158
51,165,158
51,165,158
51,165,158
51,165,157
51,165,157
51,165,157
51,165,157
52,165,157
52,165,157
52,165,157
52,165,157
52,165,157
52,165,157
52,165,157
52,165,157
52,165,157
52,165,157
52,165,157
52,165,157
51,166,157
51,166,157
51,166,157
51,166,157
51,166,157
51,166,157
51,166,157
51,166,157
51,166,157
51,166,157
51,165,158
51,165,158
51,165,158
51,165,158
51,165,158
51,165,158
51,165,158
51,165,158
51,165,158
51,166,158
51,166,158
51,166,158
51,166,158
52,165,158
53,166,158
53,166,158
53,166,158
53,166,158
52,166,158
52,166,158
52,166,158
52,166,158
52,166,158
52,166,158
52,166,158
52,166,158
52,166,158
52,166,158
52,166,158
52,166,158
52,166,158
52,166,158
52,166,158
52,166,158
52,166,158
52,166,158
52,166,158
52,166,158
52,166,158
52,166,158
52,166,158
52,166,158
52,166,158
52,165,157
52,165,158
52,165,158
51,166,158
51,166,158
51,166,158
53,166,158
53,166,158
54,166,158
54,166,158
52,165,157
52,165,157
52,165,157
52,166,158
52,166,158
52,166,158
52,166,158
52,166,158
52,166,158
52,166,158
52,165,157
52,165,158
52,165,158
52,165,158
52,165,158
51,165,158
51,165,158
51,165,158
51,165,158
51,165,158
52,165,157
52,165,157
52,165,157
51,165,157
51,165,157
51,165,157
51,165,157
52,166,158
52,166,158
52,166,158
52,166,158
52,165,157
52,165,157
52,165,157
52,165,157
51,165,157
51,165,157
51,165,157
50,164,156
49,163,156
47,163,155
46,163,155
45,162,154
43,162,153
43,160,152
42,161,152
42,160,152
41,160,151
40,160,151
40,160,151
39,159,151
39,159,151
38,160,151
38,160,151
36,157,149
36,159,149
37,159,150
37,159,150
38,160,151
40,160,151
41,160,152
43,161,152
43,162,153
44,162,153
45,162,154
45,163,154
45,163,154
45,163,154
46,163,155
46,164,155
47,163,155
47,163,155
47,163,155
47,163,155
47,163,155
47,163,155
48,163,156
48,163,156
48,163,156
48,163,156
48,164,156
48,165,156
48,165,156
48,165,156
48,165,156
49,165,157
50,165,156
51,166,157
51,166,157
52,165,157
52,165,157
52,165,157
52,165,157
52,165,157
51,165,157
51,166,158
51,166,158
51,166,158
51,165,158
51,165,158
51,165,158
51,165,158
51,165,158
51,165,158
51,165,158
51,165,158
51,165,157
51,165,157
51,165,157
51,165,157
51,165,157
51,165,157
52,165,157
52,165,157
51,165,157
51,165,157
52,165,157
52,165,157
52,165,157
52,165,157
52,165,157
51,165,157
51,165,157
51,166,157
51,166,157
51,166,157
51,166,157
51,166,157
51,166,157
51,166,157
51,166,157
51,166,157
51,165,158
51,165,158
51,165,158
51,165,158
51,165,158
51,165,158
51,165,158
51,165,158
51,166,158
51,166,158
51,166,158
51,166,158
51,166,158
52,166,158
53,166,158
53,166,158
53,166,158
53,166,158
53,166,158
52,166,158
52,166,158
52,166,158
52,166,158
52,166,158
52,166,158
52,166,158
52,166,158
52,166,158
52,166,158
52,166,158
52,166,158
52,166,158
52,166,158
52,166,158
52,166,158
52,166,158
52,166,158
52,166,158
52,166,158
52,166,158
52,166,158
52,165,157
52,165,157
51,165,158
51,165,158
51,165,158
51,166,158
51,166,158
51,166,158
53,166,158
54,166,158
54,166,158
54,166,158
52,166,158
52,166,158
52,166,158
52,166,158
52,166,158
52,166,158
52,166,158
52,166,158
52,166,158
52,166,158
52,166,158
52,166,158
52,166,159
52,165,158
52,165,158
51,165,158
51,165,158
51,165,158
51,165,158
51,165,158
51,165,158
51,165,157
51,165,157
51,165,157
51,165,157
51,165,157
52,165,157
52,165,157
52,166,158
52,166,158
52,166,158
52,165,157
52,165,157
52,165,157
52,165,157
51,165,157
51,165,157
51,165,157
49,165,156
48,163,155
47,163,155
45,163,154
45,162,154
44,161,152
43,160,152
42,161,152
42,160,152
40,160,151
40,160,151
39,159,151
39,159,151
38,160,151
38,160,151
38,160,151
36,157,149
36,159,149
36,159,149
37,159,150
38,159,150
38,160,151
40,160,151
41,160,152
43,161,152
44,162,153
45,162,154
45,163,154
45,163,154
46,163,155
47,163,155
47,163,155
47,163,155
47,163,155
48,163,156
48,163,156
48,163,156
48,163,156
48,163,156
48,163,156
48,163,156
48,163,156
48,164,156
49,165,157
49,165,157
49,165,157
49,165,157
49,165,157
50,166,156
50,166,156
51,166,157
51,165,157
52,165,157
52,165,157
52,165,157
52,165,157
51,166,157
51,166,158
51,166,158
51,166,158
51,166,158
51,165,158
51,165,158
51,165,158
51,165,158
51,165,158
51,165,157
51,166,157
51,166,157
51,165,157
52,165,157
52,165,157
52,165,157
52,165,157
52,165,157
51,165,158
51,165,158
51,165,158
51,165,158
51,165,158
51,165,157
52,165,157
52,165,157
52,165,157
51,165,157
51,165,157
51,166,157
51,166,157
51,166,157
51,166,157
51,166,157
51,166,157
51,166,157
51,166,157
51,165,158
51,165,158
51,165,158
51,165,158
51,165,158
51,165,157
51,165,157
51,165,157
51,166,157
51,166,158
51,166,158
51,166,158
52,165,157
52,165,157
52,166,158
53,166,158
53,166,158
53,166,158
53,166,158
52,166,158
52,166,158
52,166,158
52,166,158
52,166,158
52,166,158
52,166,158
52,166,158
52,165,157
52,165,157
52,165,157
52,165,157
52,166,158
52,166,158
52,166,158
52,166,158
52,166,158
52,166,158
52,166,158
52,166,158
52,165,157
52,165,157
52,165,157
52,165,157
51,165,158
51,166,158
51,166,158
51,166,158
51,166,158
53,166,158
54,166,158
54,166,158
54,167,158
54,166,158
53,167,158
53,166,158
52,166,158
52,166,158
53,166,158
53,166,158
53,166,158
53,166,158
53,166,158
52,166,158
52,166,158
52,166,158
52,166,158
52,165,158
52,165,158
51,165,158
51,165,158
51,165,158
51,165,158
51,165,158
51,165,158
51,165,158
51,165,158
51,165,158
51,165,158
51,165,158
51,165,157
52,165,157
52,165,157
52,165,157
52,165,157
52,165,157
52,165,157
52,165,157
51,165,157
51,165,157
51,165,157
50,165,156
48,164,155
47,163,155
46,163,155
45,162,154
45,162,153
43,161,152
43,160,152
42,161,152
42,160,152
40,160,151
40,160,151
38,160,151
38,160,151
38,160,151
38,160,151
38,160,151
36,159,149
36,159,149
37,159,150
38,159,150
38,160,151
40,160,151
41,160,152
43,161,153
44,162,153
45,162,154
45,162,154
46,163,155
47,163,155
47,163,155
47,163,155
48,163,155
48,163,156
48,164,156
48,164,156
48,163,156
48,163,156
48,163,156
48,163,156
48,164,156
48,164,156
49,165,157
49,165,157
50,165,157
50,165,157
50,165,156
50,165,156
50,166,156
50,166,156
50,166,156
51,165,157
52,165,157
52,165,157
52,165,157
52,165,157
52,165,157
51,166,157
51,166,158
51,166,158
51,166,158
51,165,158
52,165,158
52,165,158
51,165,157
51,165,157
51,165,157
51,166,157
52,165,157
52,165,157
52,165,157
52,165,157
52,165,157
52,165,157
52,165,157
51,165,158
51,165,158
51,165,158
51,165,158
51,165,158
51,165,158
51,165,157
52,165,157
52,165,157
51,165,157
51,165,157
51,166,157
51,166,157
51,166,157
51,166,157
51,166,157
51,166,157
51,165,157
51,165,157
51,165,158
51,165,158
51,165,158
51,165,158
51,165,157
51,165,157
51,165,157
51,165,157
51,166,157
51,166,157
51,166,157
51,166,157
52,165,157
52,165,157
52,166,158
52,166,158
53,166,158
53,166,158
53,166,158
53,166,158
52,166,158
52,166,158
52,166,158
52,166,158
52,166,158
52,166,158
52,166,158
52,165,157
52,165,157
52,165,157
52,165,157
52,165,157
52,166,158
52,166,158
52,166,158
52,166,158
52,166,158
52,166,158
52,165,157
52,165,157
52,165,157
51,165,157
51,165,158
51,166,158
51,166,158
51,166,158
51,166,158
52,166,158
53,166,158
54,166,158
54,166,158
54,166,158
54,166,158
53,167,158
53,166,158
53,166,158
53,166,158
53,166,158
54,166,158
54,166,158
54,166,158
54,166,158
53,166,158
52,166,158
52,166,158
52,166,158
52,166,158
52,165,157
51,165,158
51,166,158
51,165,158
51,165,158
51,165,158
51,165,158
51,165,158
51,165,158
51,165,158
51,165,158
51,165,158
51,165,158
52,165,157
52,165,157
52,165,157
52,165,157
52,165,157
51,165,157
51,165,157
51,166,157
50,165,156
50,165,156
48,164,155
48,163,155
47,163,155
45,163,154
45,162,153
44,161,152
43,161,152
42,161,152
42,160,152
42,160,152
40,160,151
38,160,151
38,160,151
38,160,151
38,160,151
38,160,151
36,159,149
36,159,149
37,159,150
37,159,150
38,160,151
39,159,151
40,160,151
42,161,153
43,161,152
45,162,154
45,162,154
46,163,154
47,164,155
47,163,155
48,163,155
48,163,155
48,164,155
48,164,156
49,165,157
50,165,157
49,165,157
49,165,157
48,164,156
48,164,156
50,165,157
50,165,157
50,165,157
50,165,157
50,165,156
50,166,156
50,166,156
50,166,156
50,166,156
50,166,156
51,165,157
52,165,157
52,165,157
52,165,157
52,165,157
52,165,157
52,165,157
51,166,158
51,166,158
51,166,158
52,165,157
52,165,157
52,165,157
52,165,157
52,165,157
52,165,157
52,165,157
52,165,157
52,165,157
52,165,157
52,166,158
52,166,158
52,166,158
52,165,157
51,165,158
51,165,158
51,165,158
51,165,158
51,165,158
51,165,158
51,165,158
52,165,157
52,165,157
52,165,157
52,165,157
51,165,157
51,166,157
51,166,157
51,166,157
51,166,157
52,165,157
52,165,157
51,165,157
51,165,158
51,165,158
51,165,158
51,165,158
51,165,157
51,165,157
51,165,157
51,165,157
51,166,157
51,166,157
51,166,157
51,166,157
51,166,157
52,165,157
52,165,157
52,166,158
52,166,158
53,166,158
53,166,158
53,166,158
52,166,158
52,166,158
52,166,158
52,166,158
52,166,158
52,166,158
52,165,157
52,165,157
52,165,157
51,166,157
51,166,157
52,165,157
52,165,157
52,166,158
52,166,158
52,166,158
52,166,158
52,165,157
52,165,157
52,165,157
51,166,157
51,166,157
51,166,158
51,166,158
51,166,158
51,166,158
52,166,158
52,166,158
53,167,158
53,167,158
53,167,158
54,166,158
53,167,158
53,166,158
53,166,158
53,166,158
53,166,158
54,166,158
54,166,158
54,166,159
54,166,159
53,167,158
53,166,158
53,166,158
52,166,158
52,166,158
52,166,158
52,166,158
52,165,157
51,166,157
51,165,157
51,165,158
51,165,158
51,165,158
51,165,158
51,165,158
51,165,158
51,165,158
51,165,158
51,165,158
51,165,158
51,165,158
52,165,158
51,165,158
51,165,158
51,165,158
50,165,157
50,165,157
50,165,157
48,164,156
48,163,155
47,163,155
45,163,154
45,162,154
45,162,153
43,161,152
43,161,152
42,161,152
42,160,152
40,160,151
39,160,151
38,160,151
38,160,151
38,160,151
38,160,151
38,160,151
36,159,149
37,159,150
37,159,150
38,159,150
39,159,151
40,160,151
42,161,153
43,161,153
44,162,154
45,162,154
46,163,155
47,164,155
47,164,155
48,163,155
48,164,155
48,164,155
49,165,157
50,165,157
50,165,157
50,165,157
50,165,157
50,165,157
50,165,157
50,165,157
50,165,157
50,165,157
50,165,157
50,166,156
50,166,156
50,166,156
50,166,156
50,165,157
50,165,157
51,165,157
52,165,157
52,165,157
52,166,158
52,166,158
52,166,158
52,166,158
52,166,158
52,166,158
52,166,158
52,166,158
52,166,158
52,166,158
52,166,158
52,166,158
52,166,158
52,166,158
51,166,158
52,166,158
52,166,158
52,166,158
52,166,158
52,166,158
52,165,157
51,165,158
51,165,158
51,165,158
51,165,158
51,165,158
51,165,158
51,165,158
52,165,157
52,165,157
52,165,157
52,165,157
52,165,157
52,165,157
51,166,157
51,166,157
51,165,157
51,165,157
51,165,157
51,165,158
51,165,158
51,165,158
51,165,158
51,165,158
52,165,157
51,165,157
51,165,157
51,165,157
51,166,157
51,166,157
51,166,157
51,166,157
51,166,157
51,166,157
52,165,157
52,166,158
52,166,158
53,166,158
53,166,158
52,166,158
52,166,158
52,166,158
52,166,158
52,166,158
52,166,158
52,166,158
52,165,157
52,165,157
50,165,156
50,165,156
51,166,157
52,165,157
52,165,157
52,165,157
52,165,157
52,165,157
52,165,157
52,165,157
52,165,157
51,165,157
51,166,157
51,166,157
51,165,158
51,166,158
52,165,157
52,166,158
52,166,158
52,166,158
53,167,158
54,166,158
54,166,158
54,166,158
54,166,158
53,166,158
53,166,158
53,166,158
53,166,158
54,166,158
54,166,159
53,167,158
53,167,158
53,167,158
53,166,158
52,166,158
52,166,158
52,166,158
52,166,158
52,166,158
52,166,158
52,165,157
51,165,157
51,165,157
51,165,157
51,165,158
51,165,158
51,165,158
51,165,158
51,165,158
51,165,158
51,165,158
51,165,158
51,165,158
51,165,158
51,165,158
51,165,158
51,165,158
50,165,157
50,165,157
49,165,156
48,164,155
47,163,155
47,163,155
45,163,154
45,162,154
44,161,152
43,161,152
42,160,151
42,160,152
41,159,151
40,159,150
38,160,150
38,160,151
38,160,151
38,160,151
38,160,151
36,159,149
36,159,149
37,159,150
38,159,150
38,160,151
40,160,151
41,160,152
43,161,153
44,162,154
45,162,154
46,163,155
47,164,155
47,164,155
48,163,155
48,164,156
49,165,157
50,165,157
50,165,157
50,165,157
50,165,157
50,165,157
50,165,157
50,165,157
50,165,157
50,165,157
50,165,157
50,166,156
50,166,156
50,166,156
50,166,156
50,166,156
50,165,157
50,165,157
51,166,158
52,165,157
52,166,158
52,166,158
52,166,158
52,166,158
52,166,158
52,166,158
53,166,158
52,166,158
52,166,158
52,166,158
52,166,158
52,166,158
52,166,158
52,166,158
52,166,158
51,166,158
51,166,158
51,166,158
52,166,158
52,166,158
52,166,158
52,166,158
52,165,157
51,165,158
51,165,158
51,165,158
51,165,158
51,165,158
51,165,158
52,165,157
52,165,157
52,165,157
52,165,157
52,165,157
52,165,157
52,165,157
52,165,157
52,165,157
52,165,157
52,165,157
51,165,158
51,165,158
51,165,158
51,165,158
52,165,158
52,165,157
52,165,157
51,165,157
51,165,157
51,166,157
51,166,157
51,166,157
51,166,157
51,166,157
51,166,157
52,165,157
52,166,158
52,166,158
52,166,158
52,166,158
52,166,158
52,166,158
52,166,158
52,166,158
52,166,158
52,166,158
52,166,158
52,165,157
50,165,157
50,165,157
50,165,157
50,165,157
51,166,157
52,165,157
52,165,157
52,165,157
52,165,157
52,165,157
52,165,157
51,165,157
51,166,157
51,166,157
51,165,158
51,166,158
51,166,157
52,166,158
52,166,158
52,166,158
52,166,158
52,166,158
54,166,158
54,166,158
53,166,158
53,166,158
53,166,158
52,166,158
53,166,158
53,166,158
53,166,158
53,166,158
53,166,158
53,166,158
53,166,158
52,166,158
52,166,158
52,166,158
52,166,158
52,166,158
52,165,157
52,165,157
52,165,157
52,165,157
52,165,157
52,165,157
52,165,157
51,165,158
51,165,158
51,165,158
51,165,158
51,165,158
51,165,158
51,165,158
51,165,158
51,165,158
51,165,158
51,165,158
51,165,158
50,165,157
50,165,157
48,164,156
48,163,155
47,163,155
45,163,154
45,162,154
45,162,154
43,161,152
42,160,151
42,161,152
42,160,152
40,159,151
40,159,150
38,160,150
38,160,151
38,160,151
38,160,151
38,160,151
36,159,149
37,159,150
37,159,150
38,159,150
40,160,151
40,160,151
42,161,153
43,162,154
45,162,154
46,163,155
47,164,155
48,163,156
48,163,156
49,165,157
50,165,157
50,165,157
50,164,157
51,165,158
51,165,158
50,165,157
50,165,157
50,165,157
50,165,157
50,165,157
50,166,156
50,166,156
51,165,157
51,166,157
50,166,156
50,166,156
50,165,157
51,166,158
51,166,158
52,166,158
52,166,158
52,166,158
53,166,158
53,166,158
53,166,158
54,166,158
54,166,158
54,166,158
53,166,158
52,166,158
52,166,158
52,166,158
52,166,158
52,166,158
52,166,158
51,166,158
51,166,158
51,166,158
52,166,158
52,166,158
52,166,158
52,166,158
52,165,157
52,165,157
52,165,158
51,165,158
51,165,158
51,165,158
52,165,158
52,165,157
52,165,157
52,165,157
52,165,157
52,165,157
52,165,157
52,165,157
52,165,157
52,165,157
52,165,157
52,165,157
52,165,158
52,165,158
52,165,158
52,165,158
52,165,158
52,165,157
52,165,157
52,165,157
52,165,157
51,166,157
51,166,157
51,166,157
51,166,157
51,166,157
51,166,158
52,165,157
52,166,158
52,166,158
52,166,158
52,166,158
52,166,158
52,166,158
52,166,158
52,166,158
52,166,158
52,166,158
52,166,158
52,165,157
50,165,157
50,165,157
50,165,157
50,165,157
52,165,157
52,165,157
52,165,157
52,165,157
52,165,157
52,165,157
52,165,157
51,166,157
50,165,157
50,165,157
50,165,157
51,166,158
52,165,157
52,166,158
52,166,158
52,166,158
52,166,158
52,166,158
53,166,158
53,166,158
52,166,158
52,166,158
52,166,158
52,166,158
52,166,159
52,166,159
52,166,159
51,166,158
51,166,158
52,166,159
52,166,158
52,166,158
52,166,158
52,166,158
52,166,158
52,165,157
52,165,157
52,165,157
52,165,157
52,165,157
52,166,158
52,165,157
52,165,157
52,165,157
51,165,158
51,165,158
51,165,158
51,165,158
51,165,158
51,165,158
51,165,158
51,165,158
51,165,158
51,165,158
51,165,158
50,165,157
48,164,156
47,164,155
47,164,155
45,163,154
45,162,154
45,162,154
43,162,153
43,161,152
42,160,152
42,160,152
40,159,151
40,159,150
40,159,150
38,160,151
38,160,151
38,160,151
38,160,151
36,159,149
36,159,149
37,159,150
38,159,150
38,160,151
40,160,151
41,160,152
43,161,153
44,162,154
45,163,155
47,163,155
48,163,156
48,163,156
49,165,157
50,165,157
51,165,158
51,165,157
51,165,157
51,165,157
51,165,157
51,165,158
51,165,158
51,165,158
51,165,157
51,165,157
51,165,157
51,165,157
51,165,157
51,166,157
51,166,157
51,166,158
51,166,158
52,165,157
52,166,158
52,166,158
53,166,158
53,166,158
53,166,158
54,166,158
54,166,158
54,166,158
54,166,158
54,166,158
54,166,158
53,166,158
53,166,158
52,166,158
52,166,158
52,166,158
51,166,158
51,166,158
51,166,158
52,166,158
52,166,158
52,166,158
52,166,158
52,166,158
52,165,157
52,165,158
52,165,158
52,165,158
52,165,158
52,165,157
52,165,157
52,165,157
52,166,158
52,166,158
52,166,158
52,166,158
52,165,157
52,165,157
52,165,157
52,165,157
52,165,157
52,165,158
52,165,158
52,165,158
52,165,158
52,165,158
52,165,157
52,165,157
52,165,157
52,165,157
52,165,157
52,165,157
52,165,157
52,165,157
52,165,157
52,165,157
52,165,157
52,166,158
52,166,158
52,166,158
52,166,158
52,166,158
52,166,158
52,166,158
52,166,158
52,166,158
52,166,158
52,166,158
51,166,157
50,165,157
50,165,157
50,165,157
51,165,158
52,165,157
52,165,157
52,165,157
52,165,157
52,165,157
52,165,157
51,165,157
51,166,157
50,165,157
50,165,157
51,165,158
51,166,157
52,166,158
52,166,158
52,166,158
52,166,158
52,166,158
53,167,158
53,167,158
53,166,158
52,166,158
52,166,158
52,166,158
52,166,158
51,166,158
51,166,158
51,166,158
51,166,158
51,166,158
52,166,159
52,166,158
52,166,158
52,166,158
52,166,158
52,165,157
52,165,157
52,165,157
52,165,157
52,166,158
52,166,158
52,166,158
52,166,158
52,166,158
52,165,157
52,165,157
51,165,158
51,165,158
51,165,158
51,165,158
51,165,158
51,165,158
51,165,158
51,165,158
51,165,158
50,164,157
49,163,157
48,163,156
47,163,155
46,163,155
45,162,154
45,162,154
45,162,154
44,161,153
43,161,152
42,160,152
41,159,151
40,159,151
40,159,150
40,159,150
40,159,150
38,160,151
39,160,151
39,160,151
36,159,149
37,159,150
38,159,150
38,160,151
40,160,151
41,160,152
42,161,153
43,162,154
45,163,155
47,163,155
48,163,156
49,165,157
50,165,157
50,165,157
51,165,158
51,165,157
51,165,157
51,165,157
51,165,157
51,165,157
51,165,157
51,165,157
52,165,157
52,165,157
52,165,157
52,165,157
52,165,157
51,165,157
51,166,157
51,166,158
51,166,158
52,166,158
52,166,158
52,166,158
52,166,158
53,166,158
53,166,158
54,166,158
54,166,158
54,166,158
54,166,158
54,166,158
54,166,158
54,166,158
53,166,158
53,166,158
52,166,158
51,166,158
51,166,158
51,166,158
51,166,158
52,166,158
52,166,158
52,166,158
52,166,158
52,166,158
52,166,158
52,165,157
52,165,157
52,165,157
52,166,158
52,166,158
52,166,158
52,166,158
52,166,158
52,166,158
52,166,158
52,166,158
52,166,158
52,166,158
52,165,157
52,165,157
52,165,158
52,165,158
52,165,158
52,165,158
52,166,158
52,166,158
52,166,158
52,166,158
52,166,158
52,166,158
52,165,157
52,165,157
52,165,157
52,165,157
52,165,157
52,165,157
52,166,158
52,166,158
52,166,158
52,166,158
53,166,158
53,166,158
52,166,158
52,166,158
52,166,158
52,166,158
52,166,158
52,166,158
51,166,158
51,166,158
50,165,157
51,166,158
52,165,157
52,165,157
52,165,157
52,165,157
52,165,157
52,165,157
52,165,157
52,165,157
51,166,158
51,165,158
51,165,158
51,166,157
52,165,157
52,166,158
53,166,158
54,166,158
54,166,158
53,167,158
53,167,158
54,166,158
53,166,158
53,166,158
52,166,158
52,166,158
52,166,158
51,166,158
51,166,158
51,166,158
51,166,158
51,166,158
52,165,157
52,166,158
52,166,158
52,166,158
52,165,157
52,165,157
52,165,157
52,165,157
52,165,157
52,166,158
52,166,158
52,166,158
52,166,158
52,166,158
52,165,157
52,165,157
51,165,158
51,165,158
51,165,158
51,165,158
51,165,158
51,165,158
51,165,158
51,165,158
51,165,158
50,164,157
48,164,156
48,163,156
47,164,155
46,163,154
45,162,154
45,162,154
45,162,154
44,161,153
43,161,152
42,160,152
42,160,152
40,159,151
40,159,150
40,159,150
39,160,151
39,160,151
39,160,151
36,157,149
36,159,149
37,159,150
38,159,150
38,160,151
40,160,151
41,160,152
43,161,153
45,162,154
46,163,155
47,163,155
49,165,157
50,165,157
51,165,158
51,165,157
52,165,157
52,165,157
52,165,157
52,165,157
52,165,157
52,165,157
52,165,157
52,165,157
52,165,157
52,165,157
52,165,157
52,165,157
52,165,157
51,165,157
52,165,158
52,165,158
52,166,158
52,166,158
52,166,158
52,166,158
52,166,158
53,166,158
53,166,158
54,166,158
54,166,158
54,166,158
54,166,158
54,166,158
53,167,158
53,167,158
53,166,158
52,166,158
51,166,158
51,166,158
51,166,158
51,166,158
52,166,158
52,166,158
52,166,158
52,166,158
52,166,158
52,166,158
52,166,158
52,166,158
52,166,158
52,166,158
52,166,158
52,166,158
52,166,158
52,166,158
52,166,158
52,166,158
52,166,158
52,166,158
52,166,158
52,166,158
52,166,158
52,165,157
52,166,158
52,166,158
52,166,158
52,166,158
52,166,158
52,166,158
52,166,158
52,166,158
52,166,158
52,166,158
52,166,158
52,166,158
52,165,157
52,165,157
52,165,157
52,165,157
52,166,158
52,166,158
52,166,158
53,166,158
54,166,158
54,166,158
54,166,158
54,166,158
52,166,158
52,166,158
52,166,158
52,165,157
51,166,158
51,166,158
51,166,158
52,165,157
52,165,157
52,165,157
52,166,158
52,166,158
52,166,158
52,165,157
52,165,157
51,165,158
51,165,158
51,166,158
52,166,158
53,167,158
53,167,158
54,167,158
54,167,158
54,167,158
53,167,158
53,167,158
54,166,158
54,166,158
53,166,158
52,166,158
52,166,158
51,166,158
51,166,158
51,166,158
52,165,158
52,165,158
52,165,157
52,166,158
53,165,157
53,165,157
52,166,158
52,165,157
52,165,157
52,165,157
52,165,158
52,165,157
52,165,157
52,166,158
52,166,158
52,166,158
52,166,158
52,165,157
51,165,158
51,165,158
51,165,158
51,165,158
51,165,158
52,165,157
52,165,157
52,165,157
51,165,158
50,164,157
49,163,157
48,163,156
47,163,155
46,163,155
45,162,154
45,162,154
45,162,154
45,162,154
43,161,153
43,161,152
42,160,152
42,160,152
41,159,151
40,159,150
40,159,150
40,159,150
40,159,150
40,159,150
36,159,149
36,159,149
37,159,150
38,160,151
40,160,151
40,160,151
42,161,153
44,162,154
46,163,155
47,163,155
49,165,157
50,165,157
51,165,158
52,165,157
52,165,157
52,165,157
52,165,157
52,165,157
52,165,157
52,165,157
52,166,158
52,165,157
52,166,158
52,166,158
52,165,157
52,165,157
52,165,157
52,165,157
52,165,158
52,165,158
52,165,158
52,166,158
52,166,158
52,166,158
52,166,158
52,166,158
52,166,158
53,166,158
53,166,158
53,166,158
53,167,158
53,167,158
53,167,158
53,167,158
53,167,158
52,166,158
51,166,158
51,166,158
51,166,158
52,166,158
52,166,158
52,166,158
52,166,158
52,166,158
52,166,158
52,166,158
52,166,158
52,166,158
52,166,158
52,166,158
52,166,158
52,166,158
52,166,158
52,166,158
52,166,158
52,166,158
52,166,158
52,166,158
52,166,158
52,166,158
52,166,158
52,166,158
52,166,158
52,166,158
54,166,158
54,167,158
54,167,158
54,167,158
54,167,158
52,166,158
52,166,158
52,166,158
52,166,158
52,166,158
52,166,158
52,165,157
52,165,157
52,166,158
52,166,158
53,166,158
54,166,158
54,166,158
54,166,158
54,166,158
54,166,158
54,166,158
54,166,158
53,166,158
52,166,158
52,166,158
52,165,157
51,166,158
52,165,157
52,166,158
52,166,158
52,166,158
52,166,158
52,166,158
52,166,158
52,166,158
52,166,158
52,166,159
52,166,158
52,167,159
53,167,158
54,167,158
54,167,158
54,167,158
54,167,158
54,167,158
54,167,158
54,167,158
54,167,158
54,167,158
54,166,158
53,166,158
52,166,159
51,166,158
51,166,158
51,166,158
52,165,157
52,165,157
52,165,157
52,165,157
53,165,157
53,165,157
52,165,157
52,165,157
52,165,157
52,165,157
52,165,157
52,165,157
52,165,157
52,166,158
52,166,158
52,166,158
52,165,157
52,165,157
52,165,157
51,165,158
51,165,158
51,165,158
52,165,157
52,165,157
52,165,157
52,165,157
51,165,157
50,164,157
48,164,156
48,163,156
47,163,155
46,163,155
45,162,154
44,162,153
45,162,154
45,162,154
43,161,152
43,161,152
42,161,152
42,161,152
42,160,152
40,159,151
40,159,150
40,159,150
40,159,150
35,157,148
36,159,149
37,159,150
38,159,150
38,160,151
40,160,151
41,160,152
43,162,154
45,162,154
46,163,155
48,163,156
50,165,157
51,165,158
52,165,157
52,165,157
52,166,158
52,166,158
52,166,158
52,166,158
52,166,158
52,166,158
52,166,158
52,166,158
52,166,158
52,166,158
52,165,157
52,165,157
52,165,157
52,165,158
51,166,158
51,166,158
52,165,157
52,166,158
52,166,158
52,166,158
52,166,158
52,166,158
52,166,158
52,166,158
52,166,158
52,166,158
53,167,158
53,167,158
53,167,158
53,167,158
52,166,158
52,166,158
52,166,158
52,166,158
52,166,158
52,166,158
52,166,158
52,166,158
52,166,158
52,166,158
52,166,158
52,166,158
52,166,158
52,166,158
52,166,158
52,166,158
52,166,158
52,166,158
52,166,158
52,166,158
52,166,158
52,166,158
52,166,158
52,166,158
52,166,158
52,166,158
53,166,158
54,166,158
54,167,159
55,167,158
56,166,158
54,167,158
54,167,158
54,167,158
54,167,158
53,166,158
52,166,158
52,166,158
52,166,158
52,166,158
52,166,159
52,166,159
53,166,158
53,166,158
54,166,158
54,166,158
54,167,158
54,167,158
54,167,158
54,167,158
54,167,158
54,167,158
54,166,158
54,166,158
52,166,158
52,166,158
52,166,158
52,166,158
52,166,158
52,166,158
52,166,158
52,166,158
52,166,158
52,166,158
52,166,158
52,166,158
53,166,158
53,166,158
53,167,158
53,167,158
54,167,158
54,167,158
54,167,159
54,167,159
54,167,159
54,167,159
54,167,159
54,167,158
54,167,158
54,166,158
53,167,158
52,166,159
52,165,158
51,166,158
52,165,158
52,165,157
52,165,157
52,165,157
52,165,157
52,165,157
52,165,157
52,165,157
52,165,157
52,165,157
52,165,157
52,165,157
52,166,158
52,166,158
52,166,158
52,166,158
52,166,158
52,165,157
52,165,157
52,165,157
51,165,158
51,165,158
51,165,158
52,165,157
52,165,157
52,165,157
51,165,157
51,165,157
50,164,156
48,164,156
47,163,155
47,163,155
45,163,154
45,162,154
45,162,154
45,162,154
44,161,152
43,161,152
42,161,152
42,161,152
42,160,151
42,161,152
42,160,152
40,159,150
40,159,150
40,159,151
35,157,148
36,159,149
37,159,150
38,159,150
38,160,151
40,160,151
43,161,153
45,162,154
46,163,155
47,163,155
49,165,157
51,165,158
52,165,157
52,165,157
52,166,158
52,166,158
52,166,158
52,166,158
53,166,158
53,166,158
53,166,158
53,166,158
53,166,158
52,166,158
52,165,157
52,165,157
52,165,157
52,165,158
51,166,158
51,166,158
52,165,157
52,165,157
52,165,157
52,165,157
52,165,157
52,165,157
52,165,157
52,165,157
52,165,157
52,165,157
52,166,158
53,166,158
52,166,158
52,166,158
52,166,158
52,166,158
52,166,158
52,166,158
52,166,158
52,166,158
52,166,158
52,166,158
52,166,158
52,166,158
52,166,158
52,166,158
52,166,158
52,166,158
52,166,158
52,166,158
52,166,158
52,166,158
52,166,158
52,166,158
52,166,158
52,166,158
52,166,158
52,166,158
52,166,158
53,166,158
54,166,159
54,166,158
54,167,159
55,167,158
56,166,158
54,167,158
54,167,158
54,167,158
54,167,158
52,166,158
52,166,158
52,166,158
52,166,158
52,166,159
52,166,159
52,166,159
53,166,158
53,167,158
53,167,158
54,167,158
54,167,158
54,167,159
54,167,159
54,167,159
54,167,158
54,167,158
54,167,158
54,166,158
54,166,158
52,166,158
52,166,158
52,166,158
52,166,158
52,166,158
52,166,158
52,166,158
52,166,158
52,166,158
52,166,158
52,166,158
53,166,158
53,167,158
53,167,158
54,167,158
54,167,158
54,167,158
54,167,159
54,167,159
54,167,159
54,167,159
54,167,159
54,167,159
54,167,158
54,167,158
53,167,158
52,166,159
52,165,158
52,165,158
52,165,157
52,165,157
52,165,157
52,165,157
52,165,157
52,165,157
52,165,157
52,165,157
52,165,158
52,165,158
52,165,157
52,165,157
52,166,158
52,166,158
52,166,158
52,166,158
52,165,157
52,165,157
52,165,157
52,165,157
51,165,157
51,165,157
52,165,157
52,165,157
52,165,157
52,165,157
51,165,157
51,165,157
50,165,156
48,163,155
47,163,155
46,163,155
45,162,154
45,162,154
45,162,154
43,162,153
43,161,152
43,161,152
42,161,152
42,160,152
42,160,151
42,160,151
42,160,151
42,160,152
41,159,151
34,157,148
35,157,148
36,159,149
37,159,150
38,160,151
40,160,151
41,160,152
43,162,154
45,163,155
47,163,155
48,164,156
51,165,158
52,165,157
52,166,158
52,166,158
52,166,158
53,166,158
53,166,158
54,166,158
53,167,158
53,166,158
53,166,158
53,166,158
53,166,158
52,166,158
52,166,158
52,165,157
52,165,157
52,165,157
52,165,157
52,165,157
52,165,157
52,165,157
52,165,157
51,165,157
51,166,158
52,165,158
52,165,158
51,166,158
51,166,158
52,165,157
51,166,158
52,166,158
52,166,158
52,166,158
52,166,158
52,166,158
52,166,158
52,166,158
52,166,158
52,166,158
52,166,158
52,166,158
52,166,158
52,166,158
52,166,158
52,166,158
52,166,158
52,166,158
52,166,158
52,166,158
52,166,158
52,166,158
52,166,158
52,166,158
52,166,158
52,166,158
52,166,158
54,166,159
54,166,159
54,166,159
54,167,158
54,167,158
54,167,159
54,167,158
54,167,158
54,167,158
54,167,158
54,166,158
52,166,158
52,166,158
52,166,158
52,166,159
52,166,159
52,167,159
53,166,158
53,167,158
53,167,158
54,167,158
54,167,158
54,167,159
54,167,159
54,167,159
54,167,159
54,167,159
54,167,159
54,167,158
54,167,158
54,166,158
54,166,158
54,166,158
52,166,158
52,166,158
52,166,158
52,166,158
52,166,158
52,166,158
52,166,158
52,166,158
52,166,158
53,166,158
53,167,158
53,167,158
54,167,158
54,167,158
54,167,158
54,167,159
54,167,159
54,167,159
54,167,159
54,167,159
54,167,158
54,167,158
54,167,158
53,167,158
53,166,158
52,166,158
52,166,158
52,166,158
52,166,158
52,166,158
52,165,157
52,165,157
52,165,157
51,165,158
51,165,158
51,165,158
52,165,158
52,165,157
52,166,158
52,166,158
52,166,158
52,165,157
52,165,157
52,165,157
52,165,157
52,165,157
51,165,157
51,165,157
51,165,157
51,165,157
52,165,157
52,165,157
51,165,157
51,165,157
50,164,156
49,163,156
47,163,155
47,163,155
45,163,154
45,162,154
45,162,154
43,162,153
43,161,152
43,161,152
42,161,152
42,160,152
42,160,152
42,160,152
42,160,152
42,160,152
40,159,150
40,159,151
35,157,148
36,158,149
36,159,149
37,159,150
38,160,151
40,160,151
43,161,153
44,162,154
46,164,155
48,163,156
51,165,158
52,165,157
52,166,158
52,166,158
53,166,158
53,166,158
54,167,158
54,167,158
54,167,158
53,167,158
53,167,158
53,166,158
53,166,158
52,166,158
52,166,158
52,165,157
52,165,157
52,165,157
52,165,157
52,165,157
52,165,157
51,166,157
51,166,157
51,166,158
51,166,158
51,166,158
51,166,158
51,166,158
51,166,158
51,166,158
51,166,158
51,166,158
52,166,158
52,166,158
52,166,158
52,166,158
52,166,158
52,166,158
52,166,158
52,166,158
52,166,158
52,166,158
52,166,158
52,166,158
52,166,158
52,166,158
52,166,158
52,166,158
52,166,158
52,166,158
52,166,158
52,166,158
52,166,158
52,166,158
52,166,158
53,166,158
54,166,158
54,166,159
54,167,159
54,167,159
54,167,158
54,167,158
54,167,158
54,167,158
54,167,158
54,167,158
54,166,158
52,166,158
52,166,158
52,166,158
52,166,159
52,166,159
53,166,158
52,167,159
53,167,158
53,167,158
54,167,158
54,167,158
54,167,159
54,167,159
54,167,159
54,167,159
55,167,159
55,167,159
54,167,159
54,167,159
54,167,158
54,167,158
54,166,158
53,167,158
53,167,158
54,166,158
52,166,158
52,166,158
52,166,158
52,166,158
52,166,158
53,166,158
52,166,158
53,166,158
53,166,158
53,167,158
54,167,158
54,167,158
54,167,158
54,167,159
54,167,159
54,167,159
54,167,159
54,167,158
54,167,158
54,167,158
54,166,158
53,167,158
54,166,159
53,166,158
52,166,158
52,166,158
52,166,158
52,166,158
52,166,158
52,165,157
52,165,157
51,165,158
51,166,158
51,166,158
52,165,158
52,166,158
52,166,158
52,166,158
52,166,158
52,165,157
52,165,157
52,165,157
52,165,157
52,165,157
51,165,157
51,165,157
51,165,157
51,165,157
51,165,157
51,165,157
51,165,157
51,165,157
50,164,156
49,163,156
47,163,155
45,163,154
45,162,154
45,162,154
43,162,153
43,160,152
42,160,151
42,160,151
41,159,151
40,159,151
40,159,151
40,159,151
41,160,151
40,159,150
40,159,150
35,157,148
36,157,149
36,159,149
38,159,150
40,160,151
42,161,152
43,162,154
45,163,155
48,163,156
50,164,157
51,165,157
52,166,158
52,166,158
53,166,158
54,166,158
54,167,158
54,167,158
54,167,158
54,167,158
54,167,158
54,166,158
53,166,158
52,166,158
52,166,158
52,165,157
52,165,157
52,165,157
52,165,157
52,165,157
51,166,157
51,166,157
50,165,157
50,165,157
50,165,157
50,165,157
50,165,157
51,166,158
51,166,158
51,166,158
51,166,158
51,166,158
52,166,158
52,166,158
52,166,158
52,166,158
52,166,158
52,166,158
52,166,158
52,166,158
52,166,158
52,166,158
52,166,158
52,166,158
52,166,158
52,166,158
52,166,158
52,166,158
52,166,158
52,166,158
52,166,158
52,166,158
52,166,158
52,166,158
52,166,158
54,166,158
54,166,158
54,167,159
54,167,159
54,167,159
54,167,158
54,167,158
54,167,158
54,167,158
54,167,158
54,167,158
53,166,158
52,166,158
52,166,158
52,166,158
52,166,159
52,166,159
53,166,158
53,167,158
53,167,158
53,167,158
54,167,158
54,167,159
54,167,159
55,167,159
56,168,160
56,168,160
56,168,160
55,167,159
55,167,159
54,167,159
54,167,159
54,167,158
54,167,158
54,166,158
54,166,158
54,166,158
54,166,158
54,166,158
54,166,158
54,166,158
52,166,158
53,166,158
52,166,158
52,166,158
52,166,158
53,167,158
53,167,158
54,167,158
54,167,158
54,167,158
54,167,158
54,167,158
54,167,158
54,167,158
54,166,158
54,166,158
54,166,158
54,166,159
54,166,159
54,166,159
53,166,158
53,166,158
53,166,158
53,166,158
52,166,158
52,166,158
52,165,157
52,165,158
51,166,158
51,166,158
52,165,157
52,166,158
52,166,158
52,166,158
52,166,158
52,166,158
52,165,157
50,165,157
52,165,157
51,165,157
51,165,157
51,165,157
52,165,157
51,165,157
51,165,157
51,165,157
51,165,157
50,164,156
49,163,156
47,163,155
46,163,154
46,162,154
45,162,154
44,161,153
43,161,152
42,160,152
42,160,152
40,159,151
40,159,151
40,159,150
39,159,151
39,159,151
39,159,151
39,159,151
35,157,148
35,157,148
36,159,149
37,159,150
38,160,151
40,160,151
43,161,153
44,162,154
46,164,155
49,163,157
51,165,157
52,165,157
52,166,158
52,166,158
53,166,158
54,167,158
54,167,158
54,167,158
54,167,158
54,167,158
54,166,158
53,166,158
52,166,158
52,166,158
52,165,157
52,165,157
52,165,157
52,165,157
51,165,157
51,166,157
50,166,156
50,165,157
50,165,157
50,165,157
50,165,157
50,165,157
50,165,157
51,166,158
51,166,158
51,166,158
52,165,158
52,166,158
54,166,158
52,166,158
53,166,158
53,166,158
53,166,158
53,166,158
53,166,158
52,166,158
52,166,158
52,166,158
52,166,158
52,166,158
52,166,158
52,166,158
52,166,158
52,166,158
52,166,158
52,166,158
52,166,158
52,166,158
53,166,158
54,166,158
54,166,158
54,166,158
54,167,158
54,167,159
54,167,158
53,167,158
53,167,158
53,167,158
53,167,158
54,166,158
54,166,158
52,166,158
52,166,158
52,166,158
52,166,159
52,166,159
53,166,158
53,166,158
53,167,158
53,167,158
54,167,158
54,167,158
54,167,159
55,167,159
56,167,160
56,168,160
56,168,160
56,168,160
55,167,159
55,167,159
55,167,159
54,167,159
54,167,159
54,167,159
54,167,158
54,167,158
54,166,158
54,167,158
54,167,158
54,167,158
54,166,158
54,166,158
53,166,158
52,166,158
52,166,158
52,166,158
52,166,158
52,166,158
53,167,158
53,167,158
53,167,158
54,166,158
54,166,158
54,166,158
54,166,158
54,166,158
54,166,158
54,166,158
54,166,158
54,166,159
54,166,159
53,166,158
53,166,158
53,166,158
53,166,158
53,166,158
52,166,158
52,166,158
52,165,157
51,166,158
51,166,158
53,166,158
53,166,158
52,166,158
52,166,158
52,166,158
52,165,157
50,165,157
50,165,157
50,165,157
51,165,157
51,165,157
52,165,157
52,165,157
51,165,157
51,165,157
51,165,157
51,165,157
50,164,157
49,163,157
46,163,154
46,162,154
45,162,154
45,162,154
43,161,152
42,160,152
42,160,152
40,159,151
40,159,150
39,159,151
38,158,151
38,158,151
39,159,151
39,159,151
39,159,151
35,157,148
36,158,149
36,159,149
38,160,151
40,160,151
42,161,152
43,161,153
45,161,155
48,163,156
50,165,156
51,165,157
52,165,157
52,166,158
52,166,158
53,166,158
54,167,158
54,167,158
54,167,158
54,166,158
54,166,158
53,166,158
52,166,158
52,166,158
52,166,158
52,165,157
52,165,157
52,165,157
52,165,157
51,165,157
50,166,156
50,165,157
50,165,157
50,165,157
50,165,157
50,165,157
50,165,157
50,165,157
51,166,158
52,165,158
52,166,158
54,166,158
54,167,158
54,167,158
54,167,158
54,166,158
53,166,158
53,166,158
53,166,158
52,166,158
52,166,158
52,166,158
52,166,158
52,166,158
52,166,158
52,166,158
52,166,158
52,166,158
52,166,158
52,166,158
52,166,158
53,166,158
54,166,158
53,167,158
53,167,158
54,166,158
54,167,158
54,167,158
53,167,158
53,167,158
53,167,158
53,167,158
53,167,158
54,166,158
53,166,158
52,166,158
52,166,158
52,166,158
52,166,159
53,166,158
53,166,158
53,167,158
53,167,158
53,167,158
54,167,158
54,167,159
54,167,159
56,167,160
56,168,160
56,168,160
56,168,160
56,168,160
55,167,159
55,167,159
55,167,159
55,167,159
54,167,159
54,167,159
54,167,159
54,167,158
54,167,158
54,167,158
54,167,158
54,167,158
54,167,158
54,166,158
53,166,158
52,166,158
52,166,158
52,166,158
52,166,158
52,166,158
52,166,158
54,166,158
54,166,158
54,166,158
54,166,158
53,166,158
53,166,158
53,166,158
53,166,158
54,166,158
54,166,158
54,167,158
54,167,158
54,166,158
53,166,158
53,166,158
53,166,158
53,166,158
53,166,158
52,166,158
52,166,158
52,166,158
54,166,158
54,166,158
53,166,158
53,166,158
52,166,158
52,165,157
50,165,157
49,165,157
49,165,157
50,165,157
50,166,156
52,165,157
52,165,157
52,165,157
51,165,157
51,165,157
51,165,157
50,164,156
49,163,157
48,163,156
46,162,154
45,162,154
45,162,154
43,161,152
43,161,152
42,160,152
41,160,151
40,159,150
39,159,151
38,158,151
38,158,151
38,158,151
38,158,151
38,158,151
35,157,148
36,159,149
38,159,150
40,160,151
40,160,151
42,161,153
43,162,154
46,163,155
48,163,156
50,165,156
50,166,156
51,166,157
52,165,157
52,166,158
52,166,158
53,166,158
53,166,158
53,166,158
53,166,158
52,166,158
52,166,158
52,166,158
52,165,157
52,165,157
52,165,157
52,165,157
51,165,157
51,165,157
51,165,157
50,165,157
50,165,157
48,164,156
49,165,157
50,165,157
50,165,157
50,165,157
50,165,157
52,165,158
54,166,159
54,167,158
54,167,158
54,167,158
54,167,158
54,166,158
53,167,158
53,167,158
53,167,158
53,167,158
52,166,158
52,166,158
52,166,158
52,166,158
52,166,158
52,166,158
52,166,158
52,166,158
52,166,158
52,166,158
53,166,158
53,167,158
53,167,158
53,167,158
53,167,158
53,167,158
53,167,158
53,167,158
53,167,158
53,167,158
53,167,158
53,167,158
53,167,158
54,166,158
53,166,158
52,166,158
52,166,158
52,166,158
53,166,158
53,166,158
53,167,158
53,167,158
53,167,158
54,167,158
54,167,159
54,167,159
56,167,160
56,168,160
56,168,160
56,168,160
56,168,160
56,167,160
55,167,159
55,167,159
55,167,159
55,167,159
54,167,159
54,167,159
54,167,159
54,167,159
54,167,159
54,167,159
54,167,159
54,167,159
54,167,158
54,167,158
53,166,158
52,166,158
52,166,158
52,166,158
52,166,158
52,166,158
52,166,158
53,166,158
53,166,158
53,166,158
53,166,158
53,166,158
53,166,158
53,166,158
53,166,158
53,166,158
54,166,158
54,167,158
54,167,158
54,167,158
54,166,158
53,166,158
53,166,158
53,166,158
53,166,158
53,166,158
52,166,158
54,166,158
54,167,158
54,167,158
54,167,158
53,166,158
52,166,158
52,165,157
51,165,157
49,165,157
49,165,157
50,165,157
51,165,157
53,165,157
53,165,157
52,165,157
51,165,157
51,165,157
51,165,157
50,164,157
49,163,157
47,163,155
45,163,154
45,162,154
43,162,153
43,160,152
42,161,152
42,160,152
40,159,151
39,159,151
38,158,151
38,158,151
38,158,151
38,158,151
38,158,151
35,157,148
36,157,149
37,159,150
38,160,151
40,160,151
41,160,152
42,161,153
43,162,154
46,163,155
47,164,155
48,165,156
49,165,157
50,166,156
52,165,157
52,165,158
52,166,158
53,166,158
53,166,158
52,166,158
52,166,158
52,166,158
52,166,158
52,165,157
52,165,157
52,165,157
52,165,157
52,165,157
51,165,157
51,165,157
50,165,157
48,164,156
48,163,156
48,163,156
49,165,157
49,165,157
49,165,157
50,165,157
52,165,158
54,166,159
54,166,158
54,167,158
54,167,158
54,167,158
54,167,158
53,167,158
53,167,158
53,167,158
53,167,158
53,167,158
52,166,158
52,166,158
52,166,158
52,166,158
51,166,158
51,166,158
52,166,158
52,166,158
53,166,158
54,166,158
54,166,158
53,167,158
53,167,158
53,167,158
53,167,158
53,167,158
53,167,158
53,167,158
53,167,158
53,167,158
53,167,158
53,167,158
54,166,158
53,166,158
52,166,158
52,166,158
53,166,158
53,167,158
53,167,158
53,167,158
53,167,158
53,167,158
54,167,158
54,167,159
55,167,159
56,167,160
56,167,160
56,168,160
56,167,160
56,167,160
55,167,160
54,167,159
54,167,159
54,167,159
54,167,159
54,167,159
54,167,159
54,167,159
54,167,159
54,167,159
54,167,159
54,167,159
54,167,159
54,167,159
54,167,158
54,166,158
52,166,158
52,166,158
52,166,158
52,166,158
52,166,158
52,166,158
52,166,158
53,166,158
53,166,158
53,166,158
53,166,158
53,166,158
53,166,158
53,166,158
53,166,158
54,166,158
54,166,158
54,167,158
54,167,158
54,167,158
53,166,158
53,166,158
53,166,158
53,166,158
53,166,158
53,166,158
54,167,158
54,167,158
54,167,158
54,167,158
54,166,158
52,166,158
51,165,157
51,165,157
50,165,157
50,165,157
51,165,158
52,165,157
52,166,158
52,166,158
52,165,157
52,165,157
51,165,157
50,164,156
50,164,157
49,163,157
46,163,154
45,162,154
43,162,153
43,160,152
42,161,152
42,161,152
42,160,152
40,159,150
39,159,151
38,158,151
38,158,151
38,158,151
38,158,151
38,158,151
36,158,148
36,159,149
38,159,150
38,160,151
40,160,151
41,160,152
43,161,153
44,162,154
46,163,155
47,164,155
48,165,156
50,165,157
50,165,157
51,165,158
52,165,158
52,166,158
52,166,158
52,166,158
52,166,158
52,166,158
52,165,157
52,165,157
52,165,157
52,165,157
52,165,157
52,165,157
51,165,157
51,165,157
50,165,157
48,164,156
48,163,156
48,163,156
49,165,157
49,165,157
49,165,157
50,165,157
51,166,158
52,166,158
54,166,159
54,166,158
54,166,158
54,166,158
54,166,158
53,167,158
53,167,158
53,167,158
53,167,158
53,167,158
52,166,158
52,166,158
52,166,158
52,166,158
51,166,158
51,166,158
51,166,158
52,166,158
53,167,158
54,166,158
54,166,158
53,167,158
53,167,158
53,167,158
53,167,158
53,167,158
53,167,158
53,167,158
53,167,158
53,167,158
53,167,158
53,167,158
54,166,158
54,166,158
52,166,158
53,166,158
53,167,158
53,167,158
53,167,158
53,167,158
53,167,158
54,167,158
54,167,159
54,167,159
55,167,159
56,167,160
56,168,160
56,167,160
56,167,160
55,167,160
54,167,159
54,167,159
54,167,159
54,167,159
54,167,159
54,167,159
54,167,159
54,167,159
54,167,159
54,167,159
54,167,159
54,167,159
54,167,159
54,167,159
54,167,158
54,166,158
52,166,158
52,166,158
52,166,158
52,166,158
52,166,158
52,166,158
52,166,158
52,166,158
52,166,158
52,166,158
52,166,158
53,166,158
53,166,158
53,166,158
53,166,158
54,166,158
54,166,158
54,167,158
54,167,158
54,167,158
53,166,158
53,166,158
53,166,158
53,166,158
53,166,158
54,166,158
54,167,158
54,167,158
54,167,158
54,167,158
54,167,158
52,165,157
51,165,157
51,165,157
51,165,157
51,165,157
52,165,157
52,165,157
52,166,158
52,166,158
52,165,157
51,165,157
51,165,157
50,164,156
49,163,156
49,163,156
46,163,154
45,162,154
43,162,153
43,160,152
42,161,152
42,160,152
42,160,152
40,159,150
38,158,151
38,158,151
38,158,151
38,158,151
38,158,151
36,159,149
37,159,150
38,160,151
40,160,151
40,160,151
42,161,152
43,161,153
45,162,154
46,163,155
47,164,155
48,164,156
49,165,157
51,165,158
51,165,158
52,165,158
52,166,158
52,165,158
52,165,158
52,165,157
52,165,157
52,165,157
52,165,157
52,165,157
52,165,157
52,165,157
51,165,157
51,165,157
51,165,157
50,165,157
48,164,156
49,165,157
49,165,157
50,165,157
50,165,157
50,165,157
51,166,158
51,166,158
52,166,159
54,166,158
54,166,158
53,167,158
53,167,158
54,166,158
54,166,158
53,167,158
53,167,158
53,166,158
52,166,158
52,166,158
52,166,158
51,166,158
51,166,158
51,166,158
51,166,158
52,166,158
53,166,158
54,166,158
54,166,158
54,166,158
53,167,158
53,167,158
53,167,158
53,167,158
53,167,158
53,167,158
53,167,158
53,167,158
53,167,158
53,167,158
53,166,158
53,167,158
53,167,158
53,167,158
53,167,158
53,167,158
53,167,158
53,167,158
54,167,158
54,167,159
54,167,159
54,167,159
56,167,160
56,167,160
56,167,160
56,167,160
56,167,160
54,167,159
54,167,159
54,167,159
54,167,159
54,167,159
54,167,159
54,167,159
54,167,159
54,167,159
54,167,159
54,167,159
54,167,159
54,167,159
54,167,159
54,167,159
54,167,158
54,166,158
53,166,158
52,166,158
52,166,158
52,166,158
52,166,158
52,166,158
52,166,158
52,166,158
53,166,158
53,166,158
53,166,158
53,166,158
53,166,158
53,166,158
53,166,158
54,166,158
54,166,158
54,167,158
54,167,158
54,167,158
54,167,158
53,166,158
53,166,158
53,166,158
53,166,158
53,166,158
54,167,158
54,167,158
54,167,158
54,167,158
54,167,158
52,166,158
52,165,157
51,165,157
51,165,157
52,165,157
52,165,157
52,165,157
52,165,157
52,165,157
52,165,157
51,165,157
51,165,157
50,164,156
49,163,156
48,163,155
46,163,154
45,162,154
43,160,152
42,161,152
42,161,152
42,160,152
40,159,150
40,159,150
38,158,151
38,158,151
38,158,151
38,158,151
36,157,149
37,159,150
38,159,150
38,160,151
40,160,151
40,160,151
42,161,152
43,161,153
45,162,154
46,163,155
48,163,156
49,163,157
50,164,157
51,165,158
52,165,158
52,165,158
52,165,158
52,165,157
52,165,157
51,165,157
52,165,157
52,165,157
52,165,157
52,165,157
52,165,157
51,165,157
51,165,157
51,165,157
50,165,157
50,165,157
50,165,157
50,165,157
50,165,157
50,165,157
50,165,157
51,166,158
51,166,158
51,166,158
52,166,158
52,166,158
52,166,158
52,166,158
53,166,158
53,166,158
52,166,158
52,166,158
52,166,158
52,166,158
52,166,158
52,166,158
52,166,158
51,166,158
51,166,158
51,166,158
52,166,158
53,166,158
53,166,158
53,166,158
53,166,158
53,166,158
52,166,158
52,166,158
52,166,158
52,166,158
52,166,158
52,166,158
52,166,158
52,166,158
52,166,158
52,166,158
53,167,158
53,167,158
53,167,158
53,167,158
53,167,158
53,167,158
54,167,158
54,167,158
54,167,159
54,167,159
55,167,159
56,167,160
56,167,160
55,168,160
55,168,160
56,167,160
54,167,159
54,167,159
54,167,159
54,167,159
54,167,159
54,167,159
54,167,159
54,167,159
54,167,159
54,167,159
54,167,159
54,167,159
54,167,159
54,167,159
54,167,159
54,167,158
54,166,158
53,166,158
52,166,158
52,166,158
52,166,158
52,166,158
52,166,158
52,166,158
52,166,158
53,166,158
53,166,158
53,166,158
53,166,158
53,166,158
53,166,158
53,166,158
54,166,158
54,166,158
54,167,158
54,167,158
54,167,158
54,167,158
53,166,158
53,166,158
53,166,158
53,166,158
53,166,158
53,166,158
54,167,158
54,167,158
54,167,158
53,166,158
52,165,157
52,165,157
52,165,157
52,165,157
52,165,157
52,165,157
52,165,157
52,165,157
52,165,157
52,165,157
51,165,157
51,165,157
50,164,155
49,163,155
47,163,154
46,162,154
45,162,154
43,160,152
41,160,151
42,160,152
41,159,151
40,159,150
39,159,151
38,158,151
38,158,151
38,158,151
38,158,151
37,159,150
37,159,150
38,159,150
38,160,151
40,160,151
40,160,152
42,161,153
43,161,153
45,162,154
46,164,155
48,163,156
49,165,157
50,165,157
51,166,158
51,166,158
52,165,157
52,165,157
52,165,157
51,165,157
51,165,157
52,165,157
52,165,157
52,165,157
52,165,157
52,165,157
51,165,157
51,165,157
51,165,157
51,165,157
50,164,157
50,164,157
50,165,157
50,165,157
50,165,157
51,166,158
51,166,158
51,166,158
52,165,158
52,165,157
52,166,158
52,166,158
52,166,158
52,166,158
52,166,158
52,165,158
52,165,158
52,166,158
52,166,158
51,166,158
51,166,158
51,166,158
51,166,158
51,166,158
52,166,158
53,166,158
53,166,158
52,166,158
52,166,158
52,166,158
52,166,158
52,166,158
52,166,158
52,166,158
52,166,158
52,166,158
52,166,158
52,166,158
52,166,158
52,166,158
53,167,158
53,167,158
53,167,158
53,167,158
53,167,158
54,167,158
54,167,158
54,167,159
54,167,159
54,167,159
56,167,160
56,167,160
55,168,159
55,168,160
55,168,160
56,167,160
54,167,159
54,167,159
54,167,159
54,167,159
54,167,159
54,167,158
54,167,159
54,167,159
54,167,159
54,167,159
54,167,159
54,167,159
54,167,159
54,167,159
54,167,159
54,167,158
54,166,158
53,166,158
53,166,158
52,166,158
52,166,158
52,166,158
52,166,158
52,166,158
52,166,158
52,166,158
52,166,158
53,166,158
53,166,158
53,166,158
53,166,158
53,166,158
54,166,158
54,166,158
54,167,158
54,167,158
54,167,158
54,167,158
53,166,158
53,166,158
53,166,158
53,166,158
53,166,158
53,166,158
53,166,158
53,166,158
53,166,158
53,166,158
52,165,157
52,165,157
52,165,157
52,165,157
52,165,157
52,165,157
52,165,157
51,165,157
51,165,157
51,165,157
51,165,157
51,165,156
50,163,156
48,163,155
46,163,154
45,162,154
43,160,152
42,161,152
42,160,152
41,159,151
40,159,150
39,159,151
38,158,151
38,158,151
38,158,151
38,158,151
38,158,150
38,158,151
38,160,151
38,160,151
40,160,151
40,160,151
42,161,153
43,162,154
45,163,155
48,163,156
48,164,156
50,165,157
51,166,157
51,166,157
52,165,157
52,165,157
51,165,157
51,165,157
51,165,157
51,165,157
51,165,157
52,165,158
52,165,158
52,165,157
51,165,157
51,165,157
51,165,157
51,165,157
51,165,157
51,165,157
51,165,157
51,165,157
50,166,156
51,166,158
51,166,158
51,166,158
52,165,158
52,165,158
51,165,158
51,165,158
51,165,158
51,165,158
51,165,158
51,165,158
51,165,158
52,165,158
52,165,158
52,165,158
52,165,157
52,165,157
52,166,158
52,166,158
52,166,158
52,166,158
52,166,158
52,166,158
52,166,158
52,166,158
52,166,158
52,166,158
52,166,158
52,166,158
52,166,158
52,166,158
52,166,158
52,166,158
52,166,158
52,166,158
53,166,158
53,167,158
53,167,158
53,167,158
53,167,158
54,167,158
54,167,158
54,167,159
54,167,159
54,167,159
55,167,159
56,167,160
55,168,159
55,168,160
55,168,160
55,167,160
54,167,159
54,167,159
54,167,159
54,167,159
54,167,159
54,167,158
54,167,158
54,167,159
54,167,159
54,167,159
54,167,159
54,167,159
54,167,159
54,167,159
54,167,158
54,167,158
54,167,158
53,166,158
53,166,158
52,166,158
52,166,158
52,166,158
52,166,158
52,166,158
52,166,158
52,166,158
53,166,158
53,166,158
53,166,158
52,166,158
52,166,158
53,166,158
54,166,158
54,167,158
54,167,158
54,167,158
54,167,158
54,167,158
53,166,158
53,166,158
53,166,158
53,166,158
53,166,158
53,166,158
53,166,158
53,166,158
53,166,158
52,166,158
52,165,158
52,165,158
52,165,157
52,165,157
52,165,157
52,165,157
51,165,157
51,165,157
51,165,157
51,165,157
51,165,156
50,164,155
49,163,154
47,163,154
46,162,154
43,162,153
43,160,152
42,160,152
41,159,151
40,159,151
40,159,150
39,159,151
38,158,151
38,158,151
38,158,151
38,158,150
38,158,151
38,160,151
38,160,151
40,160,151
41,160,152
43,161,153
44,162,154
46,163,155
48,164,156
50,165,157
51,166,157
51,166,157
51,166,157
52,165,157
51,165,157
51,165,157
51,165,157
51,166,158
51,165,158
51,165,158
51,165,158
51,165,158
51,165,158
51,165,157
51,165,157
51,165,158
51,165,157
51,165,157
51,165,157
51,165,157
51,165,157
51,165,157
52,165,157
52,165,158
51,165,158
51,165,158
51,165,158
51,165,158
51,165,158
51,165,158
51,165,158
51,166,158
51,165,158
51,165,158
52,165,158
52,165,158
52,165,158
52,165,158
52,166,158
52,166,158
52,166,158
52,166,158
52,166,158
52,166,158
52,166,158
52,166,158
52,166,158
52,166,158
52,166,158
52,166,158
52,166,158
52,166,158
52,166,158
52,166,158
52,166,158
52,166,158
52,166,158
53,167,158
53,167,158
53,167,158
54,167,158
54,167,158
54,167,159
54,167,159
54,167,159
54,167,159
54,167,159
54,167,159
55,168,159
55,168,160
55,168,160
54,167,159
54,167,159
54,167,159
54,167,159
54,167,158
54,167,158
54,167,158
54,167,158
54,167,158
54,167,159
54,167,159
54,167,159
54,167,159
54,167,159
54,167,159
54,167,158
54,167,158
54,167,158
53,166,158
53,166,158
53,166,158
53,166,158
52,166,158
52,166,158
52,166,158
52,166,158
53,166,158
53,166,158
53,166,158
53,166,158
53,166,158
53,166,158
53,166,158
54,166,158
54,167,158
54,167,158
54,167,158
54,167,158
54,167,158
54,166,158
53,166,158
53,166,158
53,166,158
53,166,158
53,166,158
53,166,158
53,166,158
52,166,158
52,166,158
52,165,158
52,165,158
52,165,158
52,165,158
51,165,157
51,165,157
51,165,157
51,165,157
51,165,157
50,164,156
50,164,155
49,163,155
47,163,154
46,162,154
45,162,153
43,160,152
42,160,152
41,159,151
40,160,151
39,160,151
39,159,151
38,158,151
38,158,151
38,158,151
38,158,150
38,158,151
38,160,151
38,160,151
40,160,151
41,160,152
43,161,153
45,163,155
47,164,155
48,164,155
50,166,156
51,166,157
51,166,157
51,166,157
51,166,157
51,166,157
51,166,157
51,166,158
51,165,158
51,165,158
51,165,158
51,165,158
51,165,158
51,165,158
51,165,158
51,165,158
51,165,158
51,165,157
51,165,157
51,165,157
51,165,157
52,165,157
52,165,157
52,165,157
51,165,158
51,165,158
51,165,158
51,165,158
51,165,158
51,165,158
51,165,158
50,165,157
50,165,157
51,166,158
51,166,158
51,166,158
51,166,158
51,166,158
52,166,158
52,166,158
52,166,158
52,166,158
52,166,158
52,166,158
52,166,158
52,166,158
52,166,158
52,166,158
52,166,158
52,166,158
52,166,158
52,166,158
52,166,158
52,166,158
52,166,158
52,166,158
52,166,158
52,166,158
54,166,158
54,166,158
54,167,158
54,167,158
54,167,159
54,167,159
54,167,159
54,167,159
54,167,159
54,167,159
54,167,159
54,167,159
54,167,159
54,167,159
54,167,159
54,167,158
54,167,158
54,167,158
54,167,158
54,167,158
54,167,158
54,167,158
54,167,158
54,167,158
54,167,158
54,167,159
54,167,159
54,167,158
54,167,158
54,167,158
54,167,158
53,166,158
53,166,158
53,166,158
53,166,158
52,166,158
52,166,158
52,166,158
52,166,158
53,166,158
53,166,158
53,166,158
53,166,158
52,166,158
52,166,158
52,166,158
54,166,158
54,167,158
54,167,158
54,167,158
54,167,158
54,167,158
54,167,158
54,166,158
53,166,158
53,166,158
53,166,158
53,166,158
52,166,158
52,166,158
52,166,158
51,166,158
51,166,158
52,165,158
52,165,158
51,165,158
51,165,157
51,165,157
51,165,157
50,164,156
50,164,156
49,163,156
48,164,154
47,163,154
46,163,154
45,162,153
43,162,153
42,161,152
42,160,152
40,159,151
40,159,150
39,159,151
38,160,151
38,159,150
38,158,151
38,158,151
38,158,151
38,160,151
38,160,151
40,160,151
42,161,153
43,162,154
46,163,155
47,164,155
48,165,155
50,166,156
51,166,157
51,166,157
51,166,157
51,166,157
51,166,157
51,166,157
51,165,158
52,165,158
51,165,158
51,165,158
51,165,158
51,165,158
51,165,158
51,165,158
51,165,158
51,165,157
51,165,157
52,165,157
52,165,157
52,165,157
52,165,157
52,165,157
51,165,157
51,165,158
51,165,158
51,165,158
51,165,158
51,165,158
50,165,157
50,165,157
50,165,157
50,165,157
51,166,158
51,166,158
51,166,158
51,166,158
52,166,158
52,166,158
52,166,158
52,166,158
52,166,158
52,166,158
52,166,158
52,166,158
52,166,158
52,166,158
52,166,158
52,166,158
52,165,157
52,165,157
52,165,157
52,165,157
52,165,157
52,166,158
52,166,158
52,166,158
54,166,158
54,166,158
54,167,158
54,167,158
54,167,159
54,167,159
54,167,159
54,167,159
54,167,159
54,167,159
54,167,159
54,167,159
54,167,159
54,167,159
54,167,158
54,167,158
54,167,158
54,167,158
54,167,158
54,167,158
54,167,158
54,167,158
54,167,158
54,167,158
54,167,158
54,167,159
54,167,159
54,167,159
54,167,158
54,167,158
54,167,158
53,166,158
53,166,158
53,166,158
53,166,158
52,166,158
52,166,158
52,166,158
52,166,158
53,166,158
53,166,158
53,166,158
53,166,158
53,166,158
53,166,158
53,166,158
54,166,158
54,167,158
54,167,158
54,167,158
54,167,158
54,167,158
54,167,158
54,167,158
53,166,158
53,166,158
53,166,158
52,166,158
52,166,158
52,166,158
52,166,158
51,166,158
52,165,158
52,165,158
51,165,158
51,165,158
51,165,158
50,164,156
50,164,156
49,163,156
49,163,156
48,163,155
47,163,155
46,163,155
45,162,154
43,162,153
43,160,152
42,161,152
42,160,152
40,159,150
40,159,150
39,159,151
39,159,151
38,158,151
38,158,150
38,158,151
38,160,151
38,160,151
40,160,151
41,160,152
43,161,153
44,162,154
46,163,155
47,164,155
48,165,155
50,165,156
50,166,156
50,166,156
50,166,156
50,165,157
50,165,157
50,165,157
51,165,158
51,165,158
51,165,158
51,165,158
51,165,158
51,165,158
51,165,158
52,165,158
52,165,158
52,165,158
52,165,157
52,165,157
52,165,157
52,165,157
52,165,157
52,165,157
51,165,158
51,165,158
51,165,158
51,165,158
51,165,158
50,165,157
49,165,157
49,165,157
50,165,157
50,165,157
51,166,158
51,166,158
52,165,157
52,165,157
52,166,158
52,166,158
52,166,158
52,166,158
52,166,158
52,165,157
52,165,158
52,165,158
51,166,158
52,165,157
52,165,157
52,165,157
52,165,157
52,165,157
52,165,157
52,165,157
52,165,157
52,166,158
52,166,158
52,166,158
54,166,158
54,167,158
54,167,158
54,167,159
54,167,159
54,167,159
54,167,159
54,167,159
54,167,159
54,167,159
54,167,159
54,167,159
54,167,158
54,167,158
54,167,158
54,167,158
54,167,158
54,167,158
54,167,158
54,167,158
54,167,158
54,167,158
54,167,158
54,167,158
54,167,158
54,167,159
54,167,158
54,167,158
54,167,158
54,167,158
53,166,158
53,166,158
53,166,158
53,166,158
53,166,158
52,166,158
52,166,158
53,166,158
53,166,158
53,166,158
53,166,158
53,166,158
53,166,158
53,166,158
53,166,158
54,166,158
54,167,158
54,167,158
54,167,158
54,167,158
54,167,158
54,167,158
54,167,158
54,167,158
53,166,158
53,166,158
52,166,158
52,166,158
52,166,158
52,165,157
52,165,157
51,166,158
51,165,158
51,165,158
51,165,158
50,164,157
50,164,156
49,163,156
48,163,155
47,163,155
47,163,155
46,163,155
45,162,154
45,162,154
43,161,152
42,161,152
42,160,152
40,159,151
40,159,150
40,159,150
39,159,151
39,159,151
39,159,151
38,158,150
38,158,151
38,160,151
38,160,151
40,160,151
41,160,152
43,161,153
44,162,154
45,163,155
46,163,155
47,164,155
49,165,156
50,165,156
50,165,156
50,165,157
50,165,157
50,165,157
51,165,158
51,165,158
51,165,158
51,165,158
51,165,158
51,165,158
52,165,158
52,166,158
52,166,158
52,166,158
52,165,157
52,165,157
52,165,157
52,165,157
52,165,157
52,165,158
51,165,158
51,165,158
51,165,158
51,165,157
51,165,157
51,165,157
50,165,157
49,165,157
49,165,157
50,165,157
51,166,158
51,166,158
51,166,158
51,166,158
52,165,157
52,165,157
52,165,157
52,165,157
52,165,157
52,165,158
52,165,158
52,165,158
51,166,158
51,166,158
52,165,157
52,165,157
52,165,157
52,165,157
52,165,157
52,165,157
52,165,157
52,165,157
52,166,158
52,166,158
52,166,158
54,166,158
54,167,158
54,167,159
54,167,159
54,167,159
54,167,159
54,167,159
54,167,159
54,167,159
54,167,159
54,167,158
54,167,158
54,167,158
54,166,158
53,166,158
54,166,158
54,166,158
53,166,158
53,167,158
53,167,158
54,167,158
54,167,158
54,167,158
54,167,158
54,167,158
54,167,158
54,167,158
54,167,158
53,166,158
53,166,158
53,166,158
53,166,158
53,166,158
53,166,158
53,166,158
53,166,158
53,166,158
53,166,158
53,166,158
53,166,158
53,166,158
53,166,158
53,166,158
53,166,158
53,166,158
54,167,158
54,167,158
54,167,158
54,167,158
54,167,158
54,167,158
54,167,158
54,167,158
54,166,158
53,166,158
52,166,158
52,166,158
52,166,158
52,165,157
52,165,157
52,165,157
51,165,158
51,165,158
50,164,157
49,163,157
49,163,156
48,163,155
47,163,155
47,163,155
46,163,154
45,162,153
45,162,154
43,162,153
43,160,152
42,161,152
40,159,151
40,159,150
40,159,150
40,159,150
39,159,151
39,159,151
38,158,150
38,158,151
38,159,150
38,160,151
40,160,151
41,160,152
43,161,153
43,162,154
45,162,154
46,163,155
47,163,155
48,164,156
50,164,157
50,164,157
50,164,156
50,164,156
51,165,157
51,165,157
51,165,158
51,165,158
51,165,158
52,165,158
52,166,158
52,166,158
52,166,158
52,166,158
52,166,158
52,166,158
52,166,158
52,165,157
52,165,158
52,165,158
51,165,158
51,165,158
51,165,158
51,165,157
51,165,157
51,165,157
51,165,157
50,165,157
50,165,157
50,165,157
51,165,157
52,165,157
51,166,158
52,165,158
52,165,157
52,165,157
52,165,157
52,165,157
52,165,157
52,165,158
52,165,158
52,165,158
51,166,158
51,166,158
51,166,157
51,166,157
51,166,157
51,166,157
51,166,157
51,166,157
51,166,157
52,165,157
52,165,157
52,166,158
52,166,158
54,166,158
54,167,158
54,167,158
54,167,159
54,167,159
54,167,159
54,167,159
54,167,159
54,167,159
54,167,158
54,167,158
54,166,158
53,166,158
53,166,158
53,166,158
53,166,158
52,166,158
52,166,158
52,166,158
53,166,158
54,166,158
54,167,158
54,167,158
54,167,158
54,167,158
54,167,158
54,167,158
54,167,158
53,166,158
53,166,158
53,166,158
53,166,158
53,166,158
53,166,158
53,166,158
53,166,158
53,166,158
53,166,158
53,166,158
53,166,158
53,166,158
53,166,158
53,166,158
53,166,158
53,166,158
54,167,158
54,167,158
54,167,158
54,167,158
54,167,158
54,167,158
54,167,158
54,167,158
54,166,158
53,166,158
52,166,158
52,166,158
52,166,158
52,165,157
52,165,157
52,165,157
51,165,157
51,165,158
49,163,157
48,163,156
47,163,155
47,163,154
46,163,155
46,162,154
46,162,154
45,162,153
45,162,154
43,161,152
42,161,152
42,160,152
40,159,150
40,159,150
40,159,150
39,159,151
39,159,151
38,158,150
38,158,150
38,159,150
38,160,151
40,160,151
41,160,152
42,161,153
43,162,154
45,162,154
46,163,154
47,163,155
48,164,156
48,164,156
49,165,157
50,165,157
50,165,157
50,165,157
51,165,158
51,165,158
51,165,158
52,165,158
52,166,158
52,166,158
52,166,158
53,166,158
52,166,158
52,166,158
52,166,158
52,165,158
52,165,158
51,165,158
51,165,158
51,165,158
51,165,158
51,165,157
51,165,157
51,165,157
51,165,157
51,165,157
51,165,157
51,165,157
51,165,157
52,165,157
52,165,157
52,165,157
52,165,157
52,165,157
52,165,157
52,165,157
52,165,157
52,165,157
52,165,158
51,165,158
51,165,158
51,166,158
51,166,158
51,166,157
51,166,157
51,166,157
51,166,157
51,166,157
51,166,157
52,165,157
52,165,157
52,166,158
53,166,158
54,166,158
54,167,158
54,167,158
54,167,159
54,167,159
54,167,159
54,167,159
54,167,159
54,167,158
54,167,158
54,166,158
53,166,158
53,166,158
52,166,158
52,166,158
52,166,158
52,165,157
52,166,158
52,166,158
52,166,158
53,166,158
54,167,158
54,167,158
54,167,158
54,167,158
54,167,158
54,167,158
54,167,158
53,166,158
53,166,158
53,166,158
53,166,158
53,166,158
53,166,158
53,166,158
53,166,158
53,166,158
53,166,158
53,166,158
53,166,158
53,166,158
53,166,158
53,166,158
53,166,158
53,166,158
54,166,158
54,167,158
54,167,158
54,167,158
54,167,158
54,167,158
54,167,158
54,166,158
54,166,158
53,166,158
52,166,158
52,166,158
52,166,158
52,165,157
52,165,157
51,165,157
51,165,157
49,163,156
48,163,156
47,163,155
47,163,155
46,163,155
45,163,154
46,162,154
45,162,153
45,162,153
43,162,153
43,160,152
42,160,152
41,159,151
39,160,151
39,160,151
39,160,151
39,159,151
38,158,150
38,158,150
38,159,150
38,159,150
39,159,151
40,160,151
41,160,152
43,161,153
44,162,154
45,163,155
46,164,155
48,163,156
48,164,156
48,164,156
49,165,157
50,165,157
50,164,157
51,165,158
51,165,157
52,165,158
52,165,158
52,166,158
52,166,158
52,166,158
52,166,158
52,166,158
52,165,157
52,165,158
52,165,158
51,165,158
51,165,158
51,165,158
51,165,158
51,165,157
51,165,157
51,165,157
51,165,157
51,165,157
51,165,157
51,165,157
51,165,157
51,165,158
52,165,158
52,165,157
52,165,157
52,165,157
52,165,157
52,165,157
52,165,157
52,165,157
52,165,157
51,165,157
51,165,158
51,166,158
51,166,158
51,166,157
51,166,157
51,166,157
51,166,157
51,166,157
51,166,157
51,166,157
52,165,157
52,166,158
53,166,158
54,166,158
53,167,158
54,167,158
54,167,158
54,167,159
54,167,159
54,167,159
54,167,158
54,167,158
54,167,158
53,166,158
52,166,158
52,166,158
52,166,158
52,166,158
52,165,157
52,165,157
52,166,158
52,166,158
52,166,158
53,166,158
54,166,158
54,167,158
54,167,158
54,167,158
54,167,158
54,167,158
54,167,158
53,166,158
53,166,158
53,166,158
53,166,158
53,166,158
53,166,158
53,166,158
53,166,158
53,166,158
53,166,158
53,166,158
53,166,158
53,166,158
53,166,158
53,166,158
53,166,158
53,166,158
53,166,158
54,167,158
54,167,158
54,167,158
54,167,158
54,167,158
54,167,158
54,166,158
53,166,158
52,166,158
52,166,158
52,166,158
52,165,157
52,165,157
52,165,157
51,165,157
50,164,156
48,164,155
47,163,155
46,164,155
45,163,154
45,163,154
45,162,153
45,162,153
45,162,153
44,161,152
43,160,152
42,160,152
41,159,151
39,160,151
38,160,150
38,160,150
38,160,150
38,158,150
38,158,150
37,159,150
38,159,150
38,159,150
40,160,151
41,160,152
42,161,153
43,162,154
44,162,154
45,163,155
45,163,155
45,163,155
46,163,155
48,163,156
50,164,157
51,165,158
51,165,158
51,165,158
52,165,158
51,166,158
52,166,158
52,166,158
52,166,158
52,166,158
52,165,157
51,165,158
51,165,158
51,165,158
51,165,158
51,165,158
51,165,158
51,165,158
51,165,157
51,165,157
51,165,157
51,165,157
51,165,157
51,165,157
51,165,158
51,165,158
52,165,158
52,165,158
52,165,157
52,165,157
52,166,158
52,165,157
52,165,157
52,165,157
52,165,157
52,165,157
51,165,158
51,166,158
51,166,158
51,166,157
51,166,157
51,166,157
51,166,157
51,166,157
51,166,157
51,166,157
52,165,157
52,166,158
53,166,158
53,166,158
54,166,158
54,167,158
54,167,158
54,167,158
54,167,158
54,167,158
54,167,158
54,167,158
54,166,158
52,166,158
52,166,158
52,166,158
52,166,158
52,166,158
52,165,157
52,165,157
52,166,158
52,166,158
52,166,158
53,166,158
54,166,158
54,167,158
54,167,158
54,167,158
54,167,158
54,167,158
54,167,158
53,166,158
53,166,158
53,166,158
53,166,158
53,166,158
53,166,158
53,166,158
53,166,158
53,166,158
53,166,158
53,166,158
53,166,158
53,166,158
53,166,158
53,166,158
53,166,158
53,166,158
53,166,158
53,166,158
54,167,158
54,167,158
54,167,158
54,166,158
54,166,158
53,166,158
52,166,158
52,166,158
52,165,157
52,165,157
52,165,157
52,165,157
51,165,157
51,165,157
49,163,156
47,163,155
47,163,155
45,163,154
45,163,154
45,162,154
45,162,154
45,162,153
44,161,152
43,161,152
42,161,152
41,159,151
39,160,151
38,160,150
38,160,150
38,160,150
38,158,150
37,159,150
36,159,149
37,159,150
38,159,150
38,160,151
40,160,151
42,161,152
42,161,153
42,161,153
43,161,153
44,162,154
45,163,155
46,163,154
48,163,156
50,164,157
51,165,158
51,165,158
51,166,158
51,166,158
51,166,158
51,166,158
52,165,158
52,165,158
51,165,157
51,165,158
51,165,158
51,165,158
51,165,158
51,165,158
51,165,158
51,165,158
51,165,158
51,165,157
51,165,158
51,165,158
51,165,158
51,165,158
51,165,158
51,165,158
52,165,158
52,165,158
52,165,157
52,166,158
52,166,158
52,166,158
52,166,158
52,165,157
52,165,157
52,165,157
52,165,157
51,165,157
51,166,157
51,166,157
51,166,157
51,166,157
52,165,157
51,166,157
51,165,157
51,165,157
52,165,157
52,165,157
53,166,158
53,166,158
54,166,158
54,167,158
54,167,158
54,167,158
54,167,158
54,167,158
54,167,158
54,167,158
52,166,158
52,166,158
52,166,158
52,165,157
52,166,158
52,166,158
52,166,158
52,166,158
52,166,158
52,166,158
52,166,158
53,166,158
54,166,158
54,166,158
54,167,158
54,167,158
54,167,158
54,167,158
54,167,158
53,166,158
53,166,158
53,166,158
53,166,158
53,166,158
53,166,158
53,166,158
53,166,158
53,166,158
53,166,158
53,166,158
53,166,158
53,166,158
53,166,158
53,166,158
53,166,158
53,166,158
53,166,158
53,166,158
53,166,158
54,166,158
54,166,158
54,166,158
53,166,158
52,166,158
52,166,158
52,165,157
52,165,157
52,165,157
52,165,157
51,165,157
51,165,157
49,163,156
48,163,155
47,163,155
47,163,155
45,163,154
45,162,154
45,162,154
45,162,154
44,161,152
43,161,152
42,160,151
42,160,152
40,159,150
39,160,151
38,160,150
38,160,151
36,159,149
36,159,149
36,159,149
37,159,150
38,159,150
38,160,151
40,159,151
42,159,152
42,161,152
42,161,152
43,161,153
44,162,154
45,161,155
46,163,155
48,163,156
50,164,157
51,165,158
51,166,158
51,166,158
51,166,158
51,166,158
52,165,158
52,165,158
51,165,157
51,165,157
51,165,158
51,165,158
51,165,158
51,165,158
51,165,158
51,165,158
51,165,158
51,165,158
51,165,158
51,165,158
51,165,158
51,165,158
51,165,158
51,165,158
51,165,158
52,165,158
52,166,158
52,166,158
52,166,158
52,166,158
52,166,158
52,165,157
52,165,157
52,165,157
52,165,157
52,165,157
52,165,157
52,165,157
52,165,157
52,165,157
52,165,157
52,165,157
51,165,157
51,165,157
52,165,158
52,165,158
52,166,158
53,166,158
53,166,158
54,167,158
54,167,158
54,167,158
54,167,158
54,167,158
54,166,158
54,166,158
52,166,158
52,166,158
52,166,158
52,165,157
52,166,158
52,166,158
52,166,158
52,166,158
52,166,158
52,166,158
53,166,158
53,166,158
53,167,158
53,167,158
54,167,158
54,167,158
54,167,158
54,167,158
54,167,158
54,167,158
53,166,158
53,166,158
53,166,158
53,166,158
53,166,158
53,166,158
53,166,158
53,166,158
53,166,158
53,166,158
53,166,158
53,166,158
53,166,158
53,166,158
52,166,158
52,166,158
52,166,158
52,166,158
52,166,158
53,166,158
53,166,158
53,166,158
52,166,158
52,165,158
52,165,157
52,165,157
51,165,157
51,165,157
51,165,157
51,165,157
49,163,156
48,163,155
47,163,155
47,163,155
45,163,154
45,162,154
45,162,154
45,162,154
44,161,153
43,161,152
42,160,152
42,160,152
40,159,151
39,160,151
38,160,150
38,160,151
36,159,149
36,159,149
36,159,149
37,159,150
38,159,150
38,159,150
40,159,151
42,160,152
42,160,152
42,161,152
42,161,152
44,162,154
45,162,155
48,163,156
49,163,157
50,165,157
50,165,157
51,166,158
51,166,158
51,166,158
51,166,158
51,166,158
51,165,157
51,165,157
51,165,158
51,165,158
51,165,158
51,165,158
51,165,158
52,165,158
52,165,158
51,165,158
51,165,158
51,165,158
51,165,158
51,165,158
51,165,158
51,165,158
51,165,158
52,165,158
52,166,158
52,166,158
52,166,158
52,166,158
52,166,158
52,165,157
52,165,157
52,165,157
52,165,157
52,165,157
52,165,157
52,165,157
52,165,157
52,165,157
52,165,157
52,165,157
52,165,157
52,165,158
51,166,158
52,165,158
52,166,158
52,166,158
53,166,158
54,166,158
54,167,158
54,167,158
54,167,158
54,166,158
54,166,158
53,166,158
52,166,158
52,166,158
52,166,158
52,165,157
52,166,158
52,166,158
52,166,158
52,166,158
52,166,158
53,166,158
53,166,158
53,167,158
53,167,158
53,167,158
54,167,158
54,167,158
54,167,158
54,167,158
54,167,158
54,167,158
54,167,158
53,166,158
53,166,158
53,166,158
53,166,158
53,166,158
53,166,158
53,166,158
53,166,158
53,166,158
53,166,158
53,166,158
52,166,158
52,166,158
52,166,158
52,166,158
52,166,158
52,166,158
52,166,158
52,166,158
52,166,158
52,165,157
51,165,158
51,165,158
51,165,158
51,165,157
50,164,156
50,164,156
50,164,156
49,163,157
48,163,156
47,163,155
46,164,155
46,163,155
45,162,154
45,162,154
45,162,154
43,162,153
43,161,152
42,160,152
42,160,152
40,159,151
40,159,150
40,159,150
38,160,151
36,157,149
36,159,149
36,159,149
36,159,149
38,159,150
39,159,151
40,159,150
42,160,152
42,160,152
42,161,152
43,161,153
44,162,154
46,163,155
48,163,156
49,165,157
50,165,157
50,165,157
51,166,158
51,166,158
51,166,158
51,166,158
51,166,157
51,165,157
51,165,158
51,165,158
51,165,158
51,165,158
52,165,158
52,165,157
52,165,157
52,165,158
51,165,158
51,165,158
51,165,158
51,165,158
51,165,158
51,165,158
51,165,158
52,165,158
52,166,158
52,166,158
52,166,158
52,166,158
52,166,158
52,165,157
52,165,157
52,165,157
52,165,157
52,165,157
52,165,157
52,165,157
52,165,157
52,165,157
52,166,158
52,165,157
52,165,158
52,165,158
52,165,158
52,165,158
52,166,158
52,166,158
53,166,158
54,166,158
54,167,158
54,167,158
54,167,158
54,166,158
54,166,158
53,166,158
52,166,158
52,166,158
52,166,158
52,165,157
52,166,158
52,166,158
52,166,158
52,166,158
52,166,158
53,166,158
53,166,158
53,167,158
53,167,158
53,167,158
54,167,158
54,167,158
54,167,158
54,167,158
54,167,158
54,167,158
54,167,158
53,166,158
53,166,158
53,166,158
53,166,158
53,166,158
53,166,158
53,166,158
53,166,158
53,166,158
53,166,158
52,166,158
52,166,158
52,166,158
52,166,158
52,166,158
52,166,158
52,166,158
52,166,158
52,165,158
52,165,158
51,165,158
51,165,158
50,164,157
50,164,157
50,164,157
50,164,157
49,163,157
48,163,156
48,163,155
47,163,155
47,163,155
45,163,154
45,163,154
45,162,154
45,162,154
43,162,153
43,160,152
42,160,152
42,160,152
41,160,151
40,159,151
40,159,150
40,159,150
36,159,149
36,159,149
38,158,150
38,158,151
39,159,151
40,159,150
40,159,151
42,159,152
42,161,152
43,162,154
45,161,155
47,163,155
48,164,156
50,165,157
50,165,157
50,165,157
51,166,158
51,166,158
51,166,158
51,165,157
51,165,157
51,165,158
51,165,158
51,165,158
52,165,158
52,165,157
52,166,158
52,166,158
52,166,158
52,165,158
51,165,158
51,165,158
51,165,158
51,165,158
51,165,158
51,165,158
52,166,158
52,166,158
52,166,158
52,166,158
52,166,158
52,166,158
52,166,158
52,166,158
52,166,158
52,165,157
52,165,157
52,165,157
52,165,157
52,165,157
52,166,158
52,166,158
52,166,158
52,165,158
52,165,158
52,165,158
52,165,158
52,166,158
52,166,158
53,166,158
54,166,158
54,167,158
54,167,158
54,167,158
54,167,158
54,166,158
53,166,158
53,166,158
52,166,158
52,166,158
52,165,157
52,165,157
52,166,158
52,166,158
52,166,158
53,166,158
53,166,158
54,166,158
54,167,158
54,167,158
54,167,158
54,167,159
54,167,159
54,167,159
54,167,158
54,167,158
54,167,158
54,167,158
54,167,158
53,166,158
53,166,158
52,166,158
52,166,158
53,166,158
53,166,158
53,166,158
53,166,158
52,166,158
52,166,158
52,166,158
52,166,158
52,166,158
52,166,158
52,166,158
52,166,158
52,165,158
52,165,158
51,165,158
51,165,158
51,165,158
50,164,157
50,164,157
49,163,157
48,163,155
48,163,155
47,163,154
47,163,154
46,163,154
45,163,154
45,163,154
45,162,154
45,162,154
43,162,153
43,160,152
42,161,152
42,161,152
42,160,152
40,159,151
40,159,150
36,156,149
37,158,150
37,158,150
38,158,150
38,158,151
39,159,151
40,159,151
40,160,151
42,161,152
43,162,154
45,161,155
48,163,156
49,165,157
50,165,157
50,165,157
51,166,158
51,166,158
51,166,158
52,165,157
51,165,157
51,165,157
51,165,158
52,165,158
52,165,158
52,166,158
52,166,158
53,166,158
53,166,158
52,165,158
51,165,158
51,165,158
51,165,158
51,165,158
51,165,158
51,165,158
52,166,158
52,166,158
53,166,158
53,166,158
52,166,158
52,166,158
52,166,158
52,166,158
52,166,158
52,166,158
52,165,157
52,165,157
52,166,158
52,166,158
52,166,158
52,166,158
52,166,158
52,165,157
52,165,158
52,165,158
52,165,157
52,166,158
52,166,158
53,166,158
54,167,158
54,167,158
54,167,158
54,167,158
54,167,158
54,167,158
54,166,158
53,166,158
53,166,158
52,166,158
52,165,157
52,165,158
52,165,158
52,165,158
52,166,158
53,166,158
54,166,158
54,167,158
54,167,158
54,167,159
54,167,159
54,167,159
54,167,159
54,167,159
54,167,159
54,167,158
54,167,158
54,167,158
54,166,158
54,166,158
52,166,158
52,166,158
52,166,158
52,166,158
52,166,158
52,166,158
52,166,158
52,166,158
52,166,158
52,166,158
52,165,157
52,165,158
52,165,158
52,165,158
52,165,158
52,165,158
52,165,158
51,165,158
51,165,158
50,164,157
49,163,157
49,163,157
48,163,156
47,163,155
47,163,154
46,163,154
46,162,154
46,162,154
46,162,154
45,162,154
45,162,154
43,162,153
43,161,152
43,160,152
42,161,152
42,160,152
41,159,151
40,159,151
36,156,149
36,156,149
37,158,150
38,158,150
38,158,151
38,160,151
39,159,151
40,160,151
42,161,152
43,162,154
46,163,155
48,163,156
49,165,157
50,165,157
50,165,157
51,166,158
51,166,157
51,166,157
51,166,157
51,165,158
51,166,158
52,165,158
52,165,158
52,166,158
53,166,158
53,166,158
53,166,158
52,166,158
51,165,158
51,165,158
51,165,158
51,165,158
51,165,158
51,165,158
52,166,158
53,166,158
54,166,159
54,166,159
54,166,159
53,166,158
52,166,158
52,166,158
52,166,158
52,166,158
52,166,158
52,166,158
52,166,158
52,166,158
52,166,158
52,166,158
52,166,158
52,165,157
52,165,157
52,165,157
52,166,158
52,166,158
52,166,158
53,166,158
54,167,158
54,167,158
54,167,158
54,167,158
54,167,158
54,167,158
54,167,158
53,166,158
53,166,158
52,166,158
52,165,157
51,166,158
51,166,158
51,166,158
53,166,158
53,166,158
54,167,158
54,167,158
54,167,158
54,167,159
54,167,159
54,167,159
54,167,159
54,167,159
54,167,159
54,167,158
54,167,158
54,167,158
54,166,158
54,166,158
52,166,158
52,166,158
52,166,158
52,166,158
52,166,158
52,166,158
52,166,158
52,166,158
52,165,157
52,165,157
52,165,157
52,165,158
52,165,158
52,165,158
52,165,158
52,165,158
51,165,158
51,165,158
51,165,158
49,163,157
49,163,157
48,163,156
47,163,155
47,163,154
46,163,154
46,162,154
46,162,154
46,162,154
45,162,154
45,162,154
44,161,153
43,161,153
43,160,152
42,161,152
42,161,152
42,160,152
41,159,151
36,156,149
36,156,149
36,156,149
36,159,149
38,159,150
38,160,151
39,159,151
40,160,151
42,161,153
44,162,154
46,163,155
47,164,155
48,164,156
50,165,157
50,165,157
50,166,156
51,166,157
51,166,157
51,166,158
51,166,158
52,165,157
52,166,158
52,166,158
52,166,158
52,166,158
52,166,158
52,166,158
52,165,157
51,165,158
51,165,158
51,165,158
51,165,158
51,165,158
52,165,158
53,166,158
53,166,158
53,167,158
54,166,158
53,166,158
53,166,158
53,166,158
52,166,158
52,166,158
52,166,158
52,166,158
52,166,158
52,166,158
52,166,158
52,166,158
52,166,158
52,165,157
52,165,157
52,166,158
52,166,158
52,166,158
53,166,158
53,166,158
54,167,158
54,167,158
54,167,158
54,167,158
54,167,158
54,167,158
54,167,158
54,167,158
53,166,158
53,166,158
52,165,157
51,166,158
51,166,158
51,166,158
53,166,158
54,167,158
54,167,158
54,167,158
54,167,159
54,167,159
54,167,159
54,167,159
54,167,159
54,167,159
54,167,158
54,167,158
54,167,158
54,167,158
54,166,158
54,166,158
52,166,158
52,166,158
52,166,158
52,166,158
52,166,158
52,166,158
52,166,158
52,165,157
52,165,157
52,165,157
52,165,157
52,165,157
52,165,157
52,165,158
52,165,158
52,165,158
51,165,158
51,165,158
50,164,157
49,163,157
48,163,156
47,163,155
47,163,154
46,163,154
46,162,154
46,162,154
46,162,154
45,162,154
45,162,154
45,162,154
43,161,153
43,161,152
43,160,152
42,161,152
42,160,152
42,160,152
36,156,149
36,156,149
36,158,149
36,159,149
38,159,150
38,160,151
40,160,151
41,160,152
42,161,153
44,162,154
46,163,155
47,164,155
47,164,155
49,165,157
49,165,157
50,165,157
50,165,157
51,166,158
52,165,157
52,165,157
52,165,157
52,166,158
52,166,158
52,166,158
52,166,158
52,165,157
52,165,157
51,165,157
51,165,158
51,165,158
51,165,158
51,165,158
52,165,158
52,166,158
53,166,158
53,167,158
53,167,158
53,166,158
53,166,158
53,166,158
53,166,158
52,166,158
52,166,158
52,166,158
52,166,158
52,166,158
52,166,158
52,166,158
52,166,158
52,166,158
52,166,158
52,166,158
52,166,158
52,166,158
53,166,158
53,166,158
54,167,159
54,167,159
54,167,159
54,167,159
54,167,158
54,167,158
54,167,158
54,167,158
54,167,158
53,166,158
53,166,158
52,165,157
51,166,158
52,166,158
53,166,158
54,167,158
54,167,158
54,167,158
54,167,159
54,167,159
54,167,159
54,167,159
54,167,159
54,167,158
54,167,158
54,167,158
54,167,158
54,166,158
54,166,158
53,166,158
53,166,158
52,166,158
52,166,158
52,166,158
52,166,158
52,165,157
52,165,157
51,165,157
51,165,157
51,165,157
52,165,157
52,165,157
52,165,157
52,165,157
52,165,157
52,165,158
51,165,158
51,165,158
49,163,157
48,163,156
47,163,155
47,163,154
46,163,155
46,162,154
45,163,154
45,163,154
45,162,154
45,162,154
45,162,154
43,162,153
43,160,152
43,160,152
42,161,152
42,161,152
42,160,152
36,156,149
36,159,149
36,159,149
37,159,150
38,160,151
40,160,151
41,160,152
42,161,153
43,162,154
46,163,155
46,163,155
47,164,155
47,164,155
48,165,156
50,165,157
50,165,157
50,166,156
51,165,157
52,165,157
52,165,157
52,166,158
52,165,157
52,165,157
52,165,157
52,165,157
51,165,157
51,165,157
51,165,158
51,165,158
51,165,158
51,166,158
51,166,158
52,166,159
53,166,158
53,166,158
53,166,158
53,166,158
53,166,158
52,166,158
52,166,158
52,166,158
52,166,158
52,166,158
52,166,158
52,166,158
52,166,158
52,166,158
52,165,157
52,166,158
52,166,158
52,166,158
52,166,158
52,166,158
53,166,158
54,167,159
54,167,159
54,167,159
54,167,159
54,167,159
54,167,158
54,167,158
54,167,158
54,167,158
53,166,158
53,166,158
52,166,158
52,166,158
53,166,158
53,166,158
54,167,159
54,167,159
54,167,159
54,167,159
54,167,159
54,167,158
54,167,158
54,167,158
54,167,158
54,167,158
54,167,158
54,166,158
54,166,158
54,166,158
53,166,158
53,166,158
52,166,158
52,166,158
52,166,158
52,165,157
51,165,158
50,165,157
51,165,158
51,165,157
51,165,157
51,165,157
51,165,157
52,165,157
52,165,157
52,165,157
52,165,157
51,165,158
49,163,157
48,163,156
47,163,155
46,164,155
46,163,155
45,163,154
45,163,154
45,162,154
45,162,154
45,162,154
45,162,154
43,162,153
43,161,152
43,160,152
42,161,152
42,161,152
36,158,149
36,159,149
37,159,150
37,159,150
38,160,151
40,160,151
40,160,151
42,161,153
43,162,154
44,162,154
46,163,155
46,163,155
47,164,155
47,164,155
48,164,156
50,165,157
51,165,157
51,165,157
51,165,157
51,165,157
51,165,157
51,165,157
51,165,157
51,165,157
51,165,157
51,165,157
51,165,158
51,166,158
51,166,158
51,166,158
51,166,158
51,166,158
52,166,158
52,166,158
52,166,158
52,166,158
52,166,158
52,166,158
52,165,157
52,165,157
52,165,157
51,165,158
52,165,157
52,166,158
52,166,158
52,165,157
52,165,157
52,165,157
52,165,157
52,166,158
52,166,158
52,166,158
53,166,158
54,167,159
54,167,159
54,167,159
54,167,159
54,167,159
54,167,159
54,167,159
54,167,158
54,167,158
53,166,158
53,166,158
53,166,158
53,166,158
53,166,158
54,167,159
54,167,159
54,167,159
54,167,159
54,167,159
54,167,159
54,167,159
54,167,158
54,167,158
54,166,158
54,166,158
54,166,158
54,166,158
54,166,158
54,166,158
53,166,158
53,166,158
52,166,158
52,166,158
52,165,157
51,165,157
50,165,157
50,165,157
50,165,157
51,165,158
51,165,157
51,165,157
51,165,157
51,165,157
52,165,157
51,165,157
51,165,157
50,164,156
48,163,156
47,163,155
46,164,155
46,163,154
45,163,154
45,162,154
45,162,154
45,162,154
45,162,154
45,162,154
45,162,154
43,162,153
43,160,152
43,160,152
42,161,152
36,159,149
37,159,150
38,159,150
38,160,151
40,160,151
40,160,151
42,161,153
43,161,153
44,162,154
44,162,154
46,163,155
46,163,155
47,163,155
48,163,156
49,163,157
51,165,157
51,165,157
51,165,157
51,165,157
51,165,157
51,165,157
51,165,157
51,165,157
51,165,157
50,165,157
50,165,157
51,166,158
51,166,158
51,166,158
52,165,157
52,165,157
52,165,158
52,166,158
52,165,157
52,165,157
52,165,157
52,165,157
52,165,157
50,165,157
50,165,157
50,165,157
51,165,158
51,165,158
51,165,158
52,165,157
52,165,157
52,165,157
52,166,158
52,166,158
52,166,158
53,166,158
54,167,159
54,167,159
54,167,159
54,167,159
54,167,159
54,167,159
54,167,159
54,167,159
54,167,158
54,167,158
53,166,158
53,166,158
53,166,158
53,166,158
54,167,158
54,167,159
54,167,159
54,167,159
54,167,159
54,167,159
54,167,159
54,167,159
53,166,158
53,166,158
53,166,158
53,166,158
53,166,158
53,166,158
53,166,158
53,166,158
53,166,158
52,166,158
52,165,157
51,165,157
51,165,157
50,165,157
49,165,157
48,164,156
48,164,156
50,165,156
50,165,156
51,165,157
51,165,157
50,164,156
50,164,156
49,163,156
48,163,155
47,163,155
46,164,155
45,163,155
45,161,155
45,162,154
45,162,154
45,162,154
45,162,154
45,162,154
45,162,154
45,162,154
43,162,153
42,161,152
37,159,150
37,159,150
38,159,150
38,160,151
40,160,151
40,160,151
41,160,152
42,161,153
43,162,154
44,162,154
45,162,154
46,163,154
46,164,155
47,163,155
49,163,157
50,164,156
51,165,157
51,165,157
51,165,157
51,165,157
51,165,157
51,165,157
49,165,156
48,165,156
50,165,157
50,165,156
51,166,158
51,166,158
52,165,157
51,166,158
52,165,158
52,165,157
52,165,157
52,165,157
52,165,157
52,165,157
51,165,157
50,165,157
50,165,157
50,165,157
51,165,158
51,165,158
51,165,158
51,165,158
51,165,158
52,165,157
52,166,158
52,166,158
52,166,158
53,166,158
54,167,159
54,167,159
54,167,159
54,167,159
54,167,159
54,167,159
54,167,159
54,167,159
54,167,159
54,167,158
53,166,158
53,166,158
53,166,158
53,166,158
54,167,158
54,167,159
54,167,159
54,167,159
54,167,159
54,167,159
54,167,159
53,166,158
53,166,158
53,166,158
52,166,158
52,166,158
53,166,158
53,166,158
53,166,158
53,166,158
52,166,158
52,165,157
51,165,157
51,165,157
50,164,156
48,164,156
48,164,156
48,164,156
48,164,155
48,164,155
48,164,155
48,164,155
48,164,155
48,163,155
48,163,155
47,163,154
46,163,155
45,162,155
45,161,155
45,161,155
45,162,154
43,162,153
45,162,154
45,162,154
45,162,154
45,162,154
45,162,154
45,162,154
43,162,153
38,158,150
38,159,150
38,160,151
40,160,151
40,160,151
41,160,152
42,161,153
43,161,153
44,162,154
45,162,154
45,163,155
46,164,155
47,163,155
48,163,156
48,164,155
50,165,156
50,166,156
50,164,156
48,164,155
48,163,155
48,163,155
47,164,155
48,165,155
48,165,155
50,165,156
50,165,157
51,166,157
51,166,158
51,165,158
51,165,157
51,165,157
51,165,157
51,165,157
51,165,157
51,165,157
51,165,157
50,165,157
50,166,156
51,165,157
51,165,157
51,165,158
51,165,157
51,165,157
52,165,157
52,166,158
52,166,158
53,166,158
53,166,158
54,167,159
54,167,159
54,167,159
54,167,159
54,167,159
54,167,159
54,167,159
54,167,159
54,167,159
54,167,158
53,166,158
53,166,158
53,166,158
53,166,158
54,167,159
54,167,159
54,167,159
54,167,159
54,167,159
54,167,159
53,166,158
53,166,158
53,166,158
52,166,158
52,165,157
52,165,157
52,166,158
52,166,158
52,166,158
52,166,158
52,165,157
52,165,157
51,165,157
51,165,157
50,164,156
49,163,157
48,164,156
48,164,156
48,163,155
48,164,155
48,163,155
47,163,155
47,163,155
46,164,155
45,163,155
45,162,155
45,162,155
44,161,154
44,161,154
43,162,154
43,162,153
43,162,153
43,162,153
43,162,153
45,162,154
45,162,154
45,162,154
38,158,151
38,159,150
38,160,151
40,160,151
40,160,151
41,160,152
42,161,152
43,161,153
43,161,153
44,162,154
45,162,154
46,163,155
46,163,155
47,164,155
48,163,155
48,164,155
48,163,155
47,163,155
47,163,155
47,163,155
47,164,155
47,164,155
48,165,155
48,165,155
49,165,157
50,165,157
51,166,158
51,166,158
51,165,157
51,165,157
51,165,157
51,165,157
51,165,157
51,165,157
51,165,157
51,165,157
51,165,157
51,165,157
51,165,157
51,165,158
51,165,157
51,165,157
52,165,157
52,166,158
52,166,158
52,166,158
52,166,158
54,166,159
54,167,159
54,167,159
54,167,159
54,167,159
54,167,159
54,167,159
54,167,159
54,167,159
53,166,158
53,166,158
53,166,158
53,166,158
53,166,158
53,166,158
54,167,159
54,167,159
54,167,159
54,167,159
53,166,158
53,166,158
53,166,158
52,166,158
51,165,157
51,165,157
51,165,158
51,165,157
52,166,158
52,165,157
52,165,157
52,165,157
51,165,157
51,165,157
51,165,157
50,164,156
49,163,156
49,163,156
48,163,155
48,163,155
47,163,155
47,163,155
47,163,155
46,163,155
45,161,155
44,162,154
43,162,154
44,161,154
44,161,154
43,161,153
43,161,153
43,161,152
43,161,152
43,162,153
43,162,153
45,162,154
45,162,154
38,160,151
39,159,151
40,160,151
40,160,151
41,160,151
41,160,152
42,161,152
43,161,153
43,161,153
43,162,154
44,162,154
46,163,154
46,163,155
47,163,155
47,163,155
47,163,155
47,163,155
47,163,155
47,163,155
46,163,155
47,164,155
47,164,155
48,165,156
48,165,156
49,165,157
50,165,157
50,165,157
51,166,157
51,165,157
51,165,157
51,165,157
51,165,157
51,165,157
51,165,157
51,165,157
51,165,157
51,165,158
51,165,158
51,165,157
51,165,157
52,165,157
52,166,158
52,166,158
52,166,158
52,166,158
52,166,158
54,167,159
54,167,159
54,167,159
54,167,159
54,167,159
54,167,159
54,167,159
53,166,158
53,166,158
53,166,158
53,166,158
53,166,158
53,166,158
53,166,158
53,166,158
54,166,158
54,166,158
53,166,158
53,166,158
53,166,158
52,166,158
51,165,158
51,165,158
50,164,157
50,165,157
50,165,157
50,165,157
51,166,157
51,166,157
51,166,157
51,165,157
51,165,157
50,164,156
49,163,156
49,163,156
48,163,155
47,163,155
47,163,155
46,164,155
45,163,155
45,161,155
44,162,154
44,162,154
43,162,154
43,161,153
43,161,153
43,161,153
43,161,153
43,161,153
43,161,152
43,161,152
43,162,153
44,161,153
39,159,151
40,160,151
40,160,151
40,160,151
41,160,152
41,160,152
41,160,152
41,160,152
41,160,151
42,161,152
43,162,153
44,162,153
44,162,153
45,163,154
45,163,154
46,163,155
46,163,155
46,163,155
46,163,154
46,163,154
45,163,155
46,163,155
47,164,155
48,164,156
49,165,156
50,166,156
50,166,156
50,166,156
51,165,157
51,165,157
51,165,157
51,165,157
51,165,157
51,165,158
51,165,158
51,165,158
51,165,157
51,165,157
51,165,157
52,165,157
52,166,158
52,166,158
52,166,158
52,166,158
52,166,158
54,166,159
54,167,158
54,167,158
54,167,158
53,166,158
53,166,158
53,166,158
53,166,158
53,166,158
52,166,158
52,166,158
52,166,158
53,166,158
53,166,158
53,166,158
53,166,158
53,166,158
52,166,158
52,166,158
51,165,158
51,165,158
50,164,157
49,165,157
49,165,157
50,165,157
50,165,157
50,165,157
50,166,156
50,166,156
51,165,157
50,164,156
49,163,156
49,163,156
48,163,155
47,163,155
45,163,154
45,162,154
45,161,155
45,162,154
44,162,154
44,162,154
43,162,154
43,161,153
43,161,153
43,161,153
43,161,153
43,161,153
43,161,153
43,161,152
43,161,152
40,160,151
40,160,151
40,160,151
40,160,151
40,160,151
40,160,151
41,160,152
41,160,151
42,161,152
42,161,152
43,161,152
43,162,153
45,162,154
45,162,154
46,162,154
45,162,154
45,162,154
45,162,154
44,162,154
45,162,154
45,163,155
46,163,155
47,163,155
48,164,155
49,165,156
49,165,157
50,165,157
50,165,157
50,165,157
50,165,157
51,165,158
50,165,157
50,165,157
50,165,157
51,165,158
51,165,157
51,165,157
52,165,157
52,165,157
52,166,158
52,166,158
52,166,158
52,166,158
53,166,158
53,166,158
53,166,158
53,166,158
53,166,158
53,166,158
52,166,158
52,166,158
52,166,158
52,166,158
52,166,158
52,166,158
52,166,158
52,166,158
52,166,158
52,166,158
52,166,158
52,166,158
51,165,157
51,165,158
50,164,157
50,164,157
49,165,157
49,165,157
49,165,157
50,165,157
50,165,157
50,166,156
51,165,157
51,165,157
50,164,156
49,163,156
48,163,155
47,163,154
45,163,154
45,162,154
44,162,154
44,162,154
45,162,154
45,162,154
43,162,154
43,162,154
43,161,153
43,161,153
43,161,153
43,162,154
43,162,154
43,162,153
40,160,151
40,160,151
40,160,151
40,160,151
40,160,151
40,160,151
41,160,151
42,161,152
42,161,152
43,161,152
43,162,153
45,162,154
45,162,154
45,162,154
45,162,154
44,162,153
44,162,153
44,162,154
44,162,154
45,163,154
46,163,154
47,164,155
47,164,155
47,164,155
48,165,156
49,165,157
49,165,157
50,165,157
50,165,157
50,165,157
50,165,157
50,165,157
50,165,157
50,165,157
51,165,157
51,165,157
51,165,157
52,165,157
52,165,157
52,165,157
52,166,158
52,166,158
52,166,158
53,166,158
53,166,158
52,166,158
52,166,158
52,166,158
52,166,158
52,166,158
52,166,158
52,166,158
52,166,158
52,166,158
52,166,158
52,166,158
52,166,158
52,166,158
52,165,157
51,165,157
50,165,157
50,165,157
49,165,157
49,165,157
48,164,156
49,165,157
50,165,157
50,166,156
50,166,156
50,166,156
49,165,156
48,164,155
48,163,155
47,163,155
46,163,155
45,162,154
45,162,154
45,162,154
44,162,154
45,162,154
45,162,154
45,162,154
43,162,153
43,162,154
43,162,154
43,162,154
45,162,154
40,160,151
40,160,151
40,160,151
40,160,151
40,160,151
41,160,151
41,160,151
42,161,152
42,161,152
43,161,152
43,162,153
43,162,153
43,162,153
43,162,153
43,162,153
43,162,154
43,162,154
44,162,154
45,162,154
45,163,155
46,163,155
47,164,155
47,164,155
47,164,155
48,163,156
48,163,156
48,163,156
48,164,156
48,164,156
48,164,156
48,163,156
48,163,156
49,165,157
51,165,157
51,165,157
51,165,157
51,165,158
52,165,158
52,165,158
52,166,158
52,166,158
52,166,158
52,166,158
52,166,158
52,166,158
52,165,157
52,165,157
52,165,157
52,166,158
52,166,158
52,166,158
52,166,158
52,166,158
52,166,158
52,166,158
52,165,157
51,165,157
51,166,157
50,165,157
50,165,157
50,164,157
50,164,157
49,163,157
49,163,157
48,164,156
48,165,156
50,165,156
48,164,155
48,164,155
48,163,155
47,163,155
46,163,155
45,162,154
45,162,154
43,162,153
43,162,153
45,162,154
45,162,154
45,162,154
45,162,154
45,162,154
45,162,154
45,162,154
40,160,151
40,160,151
40,160,151
40,160,151
41,160,151
41,160,151
42,161,152
42,161,152
42,161,152
42,161,152
42,161,152
42,161,152
42,161,152
43,161,153
43,161,152
43,162,153
43,162,154
44,162,154
44,162,154
45,162,154
46,163,155
46,163,155
46,163,155
47,164,155
47,164,155
47,164,155
47,164,155
47,164,155
46,164,155
47,163,155
48,163,156
49,163,157
50,164,157
51,165,158
51,165,158
51,165,158
52,165,158
52,165,157
52,166,158
52,166,158
52,166,158
52,165,157
52,165,157
52,165,157
52,165,157
52,165,157
52,165,157
52,165,157
52,166,158
52,166,158
52,166,158
52,166,158
52,166,158
51,165,157
51,166,157
50,166,156
50,165,157
50,165,157
49,165,157
48,164,156
48,164,156
48,164,156
48,163,155
48,164,155
48,164,155
48,164,155
48,163,155
47,163,155
47,163,155
45,163,154
45,162,154
45,162,154
43,162,153
43,162,153
45,162,154
45,162,154
45,162,154
45,162,154
45,162,154
40,160,151
40,160,151
41,160,151
41,160,151
42,161,152
42,161,152
42,161,152
42,161,152
41,160,151
41,160,151
41,160,151
41,160,151
42,161,152
43,161,152
43,161,153
43,161,153
43,161,153
43,162,154
44,162,154
45,162,154
45,162,154
45,162,154
45,163,155
46,163,155
46,163,155
46,163,155
46,163,155
46,164,155
47,163,155
48,163,156
50,164,157
51,165,158
51,165,158
51,165,158
52,165,157
52,165,157
52,165,157
52,165,157
52,165,157
51,165,157
51,165,157
51,165,157
51,165,157
51,165,157
52,165,157
52,165,157
52,166,158
52,166,158
52,166,158
51,165,157
51,166,157
50,166,156
50,166,156
50,165,156
50,165,157
48,164,156
48,164,155
48,163,155
47,163,155
47,163,155
47,164,155
47,164,155
47,164,155
47,163,155
47,163,154
46,163,154
45,163,154
45,162,154
45,162,154
45,162,154
45,162,154
45,162,154
45,162,154
40,160,151
40,160,151
41,160,151
41,160,151
41,160,151
41,160,151
41,160,151
40,160,151
41,160,151
41,160,151
41,160,151
41,160,151
42,161,152
42,161,152
42,161,153
42,161,153
43,161,153
43,162,154
43,162,154
43,162,154
44,162,154
45,162,154
45,162,154
45,162,154
45,163,155
46,163,155
46,163,154
47,163,155
48,163,156
49,165,157
50,165,157
50,165,157
51,165,158
51,165,157
51,165,157
51,165,157
51,165,157
51,165,157
51,165,157
51,165,157
51,165,157
51,165,157
50,166,156
50,165,157
50,165,157
50,165,157
50,165,157
50,165,157
50,166,156
50,165,156
50,165,156
50,165,156
48,164,155
48,164,155
48,163,155
47,163,155
46,164,155
46,164,155
46,163,155
46,163,155
46,163,155
47,163,155
47,163,154
46,163,154
45,163,154
45,162,154
45,162,154
45,162,154
45,162,154
40,160,151
40,160,151
40,160,151
40,160,151
40,160,151
41,160,151
41,160,151
41,160,151
41,160,151
41,160,151
41,160,152
41,160,152
41,160,152
42,161,152
42,161,153
43,161,153
43,161,153
43,162,154
43,162,153
44,162,154
44,162,154
45,162,154
45,162,154
46,163,155
46,164,155
48,163,156
48,163,156
48,164,156
50,165,157
50,165,157
50,165,157
51,166,158
51,166,157
51,166,157
50,166,156
50,166,156
50,165,156
50,165,157
49,165,157
48,165,156
48,165,156
48,165,156
48,165,156
48,165,156
49,165,157
49,165,156
49,165,156
48,164,155
48,164,155
48,164,155
47,163,155
47,163,155
46,163,154
46,163,154
46,163,154
46,163,155
47,163,155
47,163,155
47,163,155
46,163,154
46,162,154
45,163,154
45,162,154
42,160,152
42,160,152
42,160,152
42,160,152
41,160,151
41,160,151
41,160,151
40,160,151
40,160,151
40,160,151
41,160,152
41,160,152
41,160,152
41,160,152
41,160,152
42,161,152
43,161,153
43,162,154
44,162,154
45,162,154
45,162,154
45,163,155
46,164,155
48,163,156
48,163,156
48,163,156
49,165,157
50,165,157
50,165,157
50,165,156
50,165,156
48,164,156
48,164,156
48,163,156
47,164,155
47,164,155
47,164,155
47,164,155
47,164,155
47,164,155
47,164,155
47,163,155
48,163,156
48,163,156
48,163,155
47,163,155
47,163,155
46,163,155
46,163,155
45,163,155
45,163,155
46,163,154
46,163,155
46,163,155
47,163,154
47,163,154
46,163,154
42,161,152
41,160,151
41,160,151
40,160,151
40,160,151
40,160,151
40,160,151
41,160,152
41,160,152
41,160,152
41,160,152
41,160,152
42,161,152
43,161,153
43,162,154
44,162,154
45,162,154
45,161,155
46,163,154
47,163,155
47,163,155
48,163,156
48,163,156
48,163,155
48,163,156
48,163,155
48,163,156
47,163,155
46,163,155
46,163,155
46,163,155
46,163,155
46,163,155
46,163,155
46,163,155
46,163,155
46,164,155
47,163,155
47,163,155
47,163,155
47,163,155
46,163,154
46,163,154
45,163,155
45,163,155
45,161,155
45,161,155
45,163,155
46,163,154
41,160,151
40,160,151
40,160,151
40,160,151
40,160,151
40,160,151
40,160,151
40,160,151
42,161,152
43,161,152
43,162,153
45,162,154
45,162,154
45,162,154
46,163,155
46,164,155
47,163,155
47,163,155
47,163,155
47,163,155
47,163,155
46,164,155
46,163,155
45,163,155
45,162,154
45,163,155
45,163,155
45,163,155
46,163,155
46,163,154
46,163,154
46,163,155
46,163,155
46,163,155
46,163,155
46,163,155
45,163,154
45,163,154
45,163,155
40,160,151
40,160,151
40,160,151
40,160,151
42,161,152
43,162,153
44,162,153
45,162,154
45,162,154
45,163,154
45,163,154
47,163,155
47,163,155
47,163,155
47,163,155
46,163,155
45,163,155
45,162,154
44,162,154
44,162,154
44,162,154
45,162,154
45,163,155
45,163,155
46,163,155
46,163,155
46,163,155
46,163,155
46,163,155
45,163,154
