L,A,B
72,176,168
71,174,168
72,175,168
72,175,168
72,175,168
71,175,168
71,175,168
71,175,168
71,175,168
72,175,167
72,175,167
72,176,168
72,176,168
72,176,168
72,176,168
72,176,168
72,175,167
72,175,167
72,175,167
72,175,167
72,175,168
71,175,168
71,175,168
72,175,168
72,175,168
72,175,167
72,175,167
72,175,167
72,175,167
72,175,167
70,175,167
71,175,167
71,175,167
71,175,167
71,175,167
70,175,167
70,175,167
71,175,168
71,175,168
71,175,168
71,175,168
71,175,168
72,175,167
72,175,167
72,175,167
72,176,168
72,176,168
72,176,168
72,176,168
72,175,167
72,175,167
72,175,167
72,175,167
72,175,167
72,175,167
71,175,168
71,175,168
72,175,167
72,175,167
72,175,167
72,175,167
72,175,167
72,175,167
72,175,167
72,175,167
72,175,167
71,175,167
71,175,167
71,175,167
72,176,168
72,175,167
71,175,167
70,175,167
70,174,168
70,174,168
70,174,168
71,175,167
71,175,167
70,175,167
70,175,167
70,174,168
70,175,168
71,175,168
71,175,168
71,175,168
71,175,168
72,175,167
72,175,167
72,176,168
72,176,168
72,176,168
72,176,168
72,176,168
72,175,167
72,175,167
72,175,167
72,175,167
72,175,167
72,175,167
72,175,167
72,175,167
72,175,167
72,175,167
72,175,167
72,175,167
72,175,167
72,175,167
72,175,167
72,175,167
71,175,168
70,175,168
71,175,167
71,175,167
71,175,167
71,175,168
72,175,168
72,175,168
72,175,168
74,176,169
73,176,169
73,176,168
73,175,168
72,176,168
72,175,167
70,175,167
70,175,167
70,174,168
70,174,168
70,174,168
70,174,167
70,174,167
70,174,168
70,174,168
70,174,168
70,174,168
70,175,168
71,175,168
71,175,168
71,175,168
72,175,167
72,175,167
72,175,167
72,176,168
72,176,168
72,176,168
72,176,168
72,175,167
72,175,167
72,175,167
72,175,167
72,175,167
72,175,167
72,175,167
72,175,167
72,175,167
72,175,167
72,175,167
72,175,167
72,175,167
72,175,167
72,175,167
71,175,168
70,175,168
70,175,168
70,175,167
71,175,167
71,175,167
71,175,167
72,175,167
72,175,168
72,175,168
72,175,168
72,176,168
72,175,168
72,175,168
74,176,169
74,176,169
74,176,169
74,176,169
74,176,169
74,176,169
73,176,168
73,175,168
72,175,167
71,175,168
70,174,167
70,174,168
70,174,168
70,174,168
70,174,167
70,174,167
70,174,168
70,174,168
70,174,168
70,175,168
71,175,168
71,175,168
71,175,168
72,175,167
72,175,167
72,175,167
72,175,167
72,176,168
72,176,168
72,176,168
72,176,168
72,175,167
72,175,167
72,175,167
72,175,167
72,175,167
72,175,167
72,175,167
72,175,167
72,175,167
72,175,167
72,175,167
72,175,167
72,175,167
72,175,167
71,175,168
71,175,168
71,175,168
70,175,168
70,175,167
70,175,167
71,175,168
72,175,167
72,175,167
72,175,167
72,175,167
72,175,168
72,175,168
72,175,168
72,175,168
72,175,168
72,175,168
72,175,168
73,176,169
73,176,169
74,176,169
74,176,169
74,176,169
74,176,169
74,176,169
74,176,169
74,176,169
73,176,168
73,176,168
72,176,168
72,175,167
70,175,167
70,174,167
70,174,167
70,174,167
70,174,167
70,174,167
70,174,167
70,175,167
70,175,168
71,175,168
71,175,168
71,175,168
71,175,168
72,175,167
72,175,167
72,175,167
72,175,167
72,176,167
72,176,168
72,176,168
72,176,168
72,176,168
72,175,167
72,175,167
72,175,167
72,175,167
72,175,167
72,175,167
72,175,167
72,175,167
72,175,167
72,175,167
72,175,167
72,175,167
72,175,167
71,175,168
71,175,168
71,175,168
71,175,168
71,175,168
71,175,168
72,175,167
72,175,167
72,175,167
72,175,167
72,175,167
72,175,167
72,175,168
72,175,168
71,175,168
71,175,168
71,175,168
71,175,168
71,175,168
71,175,168
71,175,168
72,175,168
72,176,168
73,175,169
73,176,169
74,176,169
74,176,169
74,176,169
74,176,169
74,176,169
74,176,169
74,176,169
74,176,169
73,176,168
72,176,168
72,175,167
71,175,167
70,175,167
70,175,167
70,174,167
70,174,167
70,175,167
70,175,167
70,175,167
70,175,168
71,175,168
71,175,168
71,175,168
72,175,167
72,175,167
72,175,167
72,175,167
72,175,167
72,176,167
72,176,168
72,176,168
72,176,168
72,176,168
72,176,168
72,175,167
72,175,167
72,175,167
72,175,167
72,175,167
72,175,167
72,175,167
72,175,167
72,175,167
72,175,167
72,175,167
71,175,168
71,175,168
71,175,168
71,175,168
71,175,168
72,175,167
72,175,167
72,175,167
72,175,167
72,175,167
72,175,167
72,175,167
72,175,167
71,175,168
71,175,168
71,175,168
71,175,168
71,175,168
71,175,167
71,175,167
71,175,167
71,175,167
71,175,167
71,175,167
72,175,167
72,175,168
72,175,168
72,175,168
72,176,168
73,175,169
73,176,169
74,176,169
74,176,169
74,176,169
74,176,169
74,176,169
74,176,169
74,176,169
74,176,169
73,176,168
72,176,168
72,176,168
72,175,167
70,175,167
70,175,167
70,175,167
70,175,167
70,175,167
70,175,167
71,175,168
71,175,168
71,175,168
72,175,167
72,175,167
72,175,167
72,175,167
72,175,167
72,175,167
72,175,167
72,176,167
72,176,167
72,176,168
72,176,168
72,176,168
72,176,168
72,176,168
72,176,168
72,175,167
72,175,167
72,175,167
72,175,167
72,175,167
72,175,167
72,175,167
72,175,167
71,175,168
70,175,167
70,175,167
71,175,168
71,175,168
72,175,167
72,175,167
72,175,167
72,175,167
72,175,167
72,175,167
72,175,167
72,175,167
71,175,168
71,175,168
71,175,168
71,175,168
71,175,168
71,175,168
71,175,167
71,175,167
71,175,167
71,175,167
71,175,167
71,175,167
71,175,167
71,175,167
71,174,168
72,176,168
72,176,168
72,176,168
72,176,168
72,176,168
72,176,168
72,176,168
73,176,169
73,176,169
73,176,169
74,176,169
74,176,169
74,176,169
74,176,169
73,176,169
73,176,169
73,176,169
73,176,168
72,176,168
72,176,168
72,176,168
72,175,167
71,175,168
70,175,167
70,175,167
70,175,167
72,175,167
72,175,167
72,175,167
72,175,167
72,175,167
72,175,167
72,175,167
72,175,167
72,175,167
72,176,167
72,176,167
72,176,167
72,176,168
72,176,168
72,176,168
72,176,168
72,176,168
72,176,168
72,176,168
72,176,168
72,175,167
72,175,167
72,175,167
72,175,167
72,175,167
72,175,167
72,175,167
71,175,168
70,175,167
70,175,167
70,175,167
71,175,168
72,175,167
72,175,167
72,175,167
72,175,167
72,175,167
72,175,167
72,175,167
72,175,167
70,174,168
70,174,168
71,175,168
71,175,168
71,175,168
71,175,167
71,175,167
71,175,167
71,175,167
71,175,167
71,175,167
71,175,167
71,175,167
71,175,167
71,174,168
71,174,168
71,175,168
72,176,168
72,176,168
72,176,168
73,175,168
73,175,169
73,175,169
73,175,169
73,175,169
72,176,168
73,176,169
73,176,169
74,176,169
74,176,169
74,176,169
74,176,170
74,176,170
73,176,169
73,176,169
73,176,169
73,176,169
73,176,168
72,176,168
72,176,168
72,176,168
72,175,167
72,175,167
72,175,167
72,175,167
72,175,167
72,175,167
72,175,167
72,175,167
72,175,167
72,175,167
72,175,167
72,175,167
72,176,168
72,176,168
72,176,168
72,176,168
72,176,168
72,176,168
72,176,168
72,176,168
72,176,168
72,176,168
72,176,168
72,176,168
72,176,168
72,175,167
72,175,167
72,175,167
72,175,167
72,175,167
72,175,167
71,175,168
70,175,167
70,175,167
70,175,168
71,175,168
71,175,168
71,175,168
72,175,167
72,175,167
72,175,167
72,175,167
72,175,167
70,175,167
70,174,168
70,174,168
70,175,167
71,175,168
71,175,167
71,175,167
71,175,167
71,175,167
71,175,167
71,175,167
71,175,167
71,175,167
71,175,167
71,175,167
71,174,168
71,174,168
71,174,168
71,175,168
72,175,168
72,175,167
72,176,168
72,176,168
72,176,168
73,175,168
73,175,169
73,175,169
73,175,169
73,175,169
73,175,169
73,175,169
73,176,169
73,176,169
74,176,169
74,176,169
74,176,170
74,176,170
74,176,170
73,176,169
73,176,169
73,176,169
73,176,169
73,176,169
73,176,168
72,176,168
72,176,168
72,176,168
72,175,167
72,175,167
72,175,167
72,175,167
72,175,167
72,175,167
72,175,167
72,175,167
72,175,168
72,176,168
72,176,168
72,176,168
72,176,168
72,176,168
72,176,168
73,176,169
73,176,169
73,176,169
73,176,169
73,176,169
73,176,168
72,176,168
72,176,168
72,176,168
72,176,168
72,175,167
72,175,167
72,175,167
72,175,167
72,175,167
71,175,168
70,175,167
70,175,168
71,175,168
71,175,168
71,175,168
71,175,168
71,175,168
72,175,167
72,175,167
72,175,167
72,175,167
70,175,167
70,175,167
70,175,168
70,175,167
71,175,168
71,175,167
71,175,167
71,175,167
71,175,167
71,175,167
71,175,167
71,175,167
71,175,167
71,175,167
71,175,167
71,175,167
71,174,168
70,175,168
71,175,168
71,175,168
72,175,168
72,175,168
72,175,167
72,175,167
72,176,168
72,176,168
72,176,168
72,176,168
73,175,169
73,175,169
73,175,169
73,175,169
73,175,169
73,176,169
73,176,169
73,176,169
73,176,170
74,176,169
74,176,170
74,176,170
74,176,170
74,176,170
74,177,170
73,176,169
73,176,169
73,176,169
73,176,169
73,176,169
73,176,168
72,176,168
72,176,168
72,176,168
72,176,168
72,176,168
72,176,168
72,176,168
72,176,168
72,176,168
73,176,169
73,176,169
73,176,169
73,176,169
73,176,169
73,176,169
73,176,169
73,176,169
73,176,169
73,176,169
73,176,169
73,176,169
73,176,169
73,176,169
73,176,168
73,176,168
73,176,168
73,176,168
72,176,168
72,176,167
72,176,167
72,175,167
72,175,167
72,175,167
71,175,168
71,175,168
71,175,168
71,175,168
71,175,168
71,175,168
72,175,168
72,175,168
72,175,167
72,175,167
72,175,167
70,175,167
70,175,168
70,175,167
70,175,167
71,175,168
72,175,167
72,175,167
71,175,167
71,175,167
71,175,167
71,175,167
71,175,167
71,175,167
71,175,167
71,175,167
71,175,167
71,175,167
70,175,167
71,175,168
72,175,168
72,175,168
72,175,168
72,175,168
72,175,168
72,175,168
72,176,168
72,176,168
72,176,168
72,176,168
72,176,168
72,176,168
73,175,169
73,175,169
73,175,169
73,175,169
73,176,169
73,176,169
73,176,169
73,176,169
73,176,169
74,176,169
74,176,170
74,176,170
74,176,170
74,176,170
74,176,170
74,176,170
74,177,170
74,177,170
73,176,169
73,176,169
73,176,168
73,176,168
73,176,168
73,176,168
72,176,168
72,176,168
72,176,168
72,176,168
73,176,169
73,176,169
73,176,169
73,176,169
73,176,169
73,176,169
73,176,169
73,176,169
73,176,169
73,176,169
73,176,169
73,176,169
73,176,169
73,176,169
73,176,169
73,176,169
73,176,169
73,176,168
73,176,168
73,176,168
73,176,168
73,176,168
73,176,168
72,176,168
72,176,168
72,176,168
72,175,167
72,175,168
71,175,168
71,175,168
71,175,168
71,175,168
72,175,168
72,175,168
72,175,168
72,175,168
72,175,168
72,175,167
71,175,168
71,174,168
71,175,167
70,175,167
71,175,167
72,175,167
72,175,167
71,175,167
71,175,167
71,175,167
71,175,167
71,175,167
71,175,167
71,175,167
71,175,167
71,175,167
71,175,167
71,175,167
72,175,167
72,175,168
72,175,168
72,175,168
72,175,168
72,175,168
72,175,167
72,175,167
72,175,168
72,175,168
72,175,167
72,176,168
72,176,168
72,176,168
72,176,168
72,176,168
72,176,168
72,176,168
73,175,169
73,176,169
73,176,169
73,176,169
73,176,169
73,176,169
73,176,169
73,176,169
74,176,170
74,176,170
74,176,170
74,176,170
74,176,170
74,176,170
74,177,170
74,177,170
74,177,170
74,177,170
73,176,169
73,176,169
73,176,168
73,176,168
73,176,168
73,176,169
73,176,169
73,176,169
73,176,169
73,176,169
73,176,169
73,176,169
73,176,169
73,176,169
73,176,169
74,177,170
74,177,170
74,177,170
73,176,169
73,176,169
73,176,169
74,177,170
74,177,170
74,177,170
74,177,170
74,177,170
74,176,169
74,176,169
74,176,169
74,176,169
73,176,168
73,176,168
73,176,168
73,176,168
72,176,168
72,176,168
72,176,168
72,176,168
72,176,168
72,176,168
72,176,168
72,176,168
72,176,168
72,176,168
72,175,168
72,175,168
72,175,168
72,175,168
71,175,168
71,175,168
72,175,167
72,175,167
72,175,167
72,175,167
72,175,167
71,175,167
71,175,167
71,175,167
71,175,167
71,175,167
71,175,167
71,175,167
71,175,167
71,175,167
72,175,167
72,175,167
72,175,168
72,175,168
72,175,168
72,175,168
72,175,168
72,175,167
72,175,167
72,175,167
72,175,167
72,175,168
72,175,167
72,175,167
72,176,168
72,176,168
72,176,168
72,176,168
72,176,168
72,176,168
72,176,168
72,176,168
73,176,169
73,176,169
73,176,169
73,176,170
73,176,170
73,176,170
73,176,169
74,177,170
74,176,170
74,176,170
74,176,170
74,176,170
74,176,170
74,177,170
74,177,170
74,177,170
74,177,170
74,177,170
74,177,170
74,177,170
74,177,169
73,176,168
73,176,168
73,176,169
73,176,169
73,176,169
73,176,169
74,176,169
74,176,169
74,176,169
74,176,169
74,177,170
74,177,170
74,177,170
74,177,170
74,177,170
74,177,170
74,177,170
74,177,170
74,177,170
74,177,170
74,177,170
74,177,170
74,176,170
74,176,170
74,176,169
74,176,169
74,176,169
73,176,168
73,176,168
73,176,168
73,176,168
73,176,168
73,176,168
73,175,168
73,175,169
73,175,169
73,176,169
73,176,169
73,176,169
73,176,169
73,176,169
72,176,168
72,176,168
72,175,168
72,175,168
72,175,168
72,175,168
72,175,168
72,175,167
72,176,168
72,176,168
72,175,167
72,175,167
72,175,167
72,175,167
71,175,167
71,175,167
71,175,167
71,175,167
71,175,167
72,175,167
72,175,167
72,175,167
72,176,168
72,176,168
72,175,168
72,175,168
72,175,168
72,175,167
72,176,168
72,176,168
72,176,168
72,175,167
70,175,167
72,175,167
72,175,167
72,176,168
72,176,168
72,176,168
72,176,168
72,176,168
72,176,168
72,176,168
73,176,168
73,176,169
73,176,169
73,176,169
73,176,169
73,176,170
73,176,170
73,176,170
73,176,170
74,177,170
74,177,170
75,177,170
75,177,170
75,177,170
75,177,170
75,177,170
75,177,170
75,177,170
75,177,170
75,177,170
74,177,170
74,177,170
74,177,170
74,177,170
74,177,170
74,177,170
73,176,169
73,176,169
73,176,169
73,176,169
73,176,169
74,177,170
74,176,170
74,176,170
74,176,170
74,177,170
74,177,170
75,177,170
75,177,170
75,177,170
75,177,170
75,177,170
75,177,170
75,177,170
75,177,170
74,177,170
74,177,170
74,176,170
74,176,170
74,176,169
74,176,169
74,177,169
74,177,169
74,177,169
74,177,169
73,176,168
74,176,169
74,176,169
74,176,169
74,176,169
74,176,169
74,176,169
74,176,169
74,176,169
73,176,169
73,176,169
73,176,169
73,176,169
72,176,168
72,176,168
72,176,168
72,176,168
72,176,168
72,176,168
72,176,168
72,176,168
72,176,168
72,175,167
72,175,167
72,175,167
72,175,167
72,175,167
72,175,167
72,175,167
72,175,167
72,176,168
72,176,168
72,176,168
72,176,168
72,176,168
72,175,168
72,175,168
72,176,168
72,176,168
72,176,168
72,176,168
72,176,168
72,176,168
72,175,167
70,175,167
71,175,168
72,175,167
72,175,167
72,176,168
72,176,168
72,176,168
72,176,168
72,176,168
73,176,168
73,176,168
73,176,168
73,176,169
73,176,169
73,176,169
73,176,169
73,176,170
73,176,170
73,176,169
74,177,170
74,177,170
75,177,170
75,177,170
75,177,170
75,177,170
75,177,170
75,177,170
75,177,170
75,177,170
75,177,170
75,177,170
75,177,170
75,177,170
75,177,170
74,177,170
74,177,170
74,177,170
74,177,170
74,177,170
74,177,170
74,177,170
74,177,170
74,176,170
74,176,170
74,176,170
75,176,169
75,177,170
75,177,170
75,177,170
75,177,170
75,177,170
75,177,170
75,177,170
75,177,170
75,177,170
75,177,170
75,177,170
75,177,170
74,177,170
74,177,170
74,177,170
74,177,170
74,177,169
74,177,169
74,177,169
74,177,169
74,177,169
74,176,170
74,176,169
74,176,169
74,176,169
74,176,169
74,176,169
74,176,169
74,176,169
74,176,169
74,176,169
74,176,169
74,176,169
73,176,169
73,176,169
73,176,169
73,176,169
72,176,168
72,176,168
72,176,168
72,176,168
72,176,168
72,175,167
72,175,167
72,175,167
72,175,167
72,175,167
72,175,167
72,175,167
72,175,167
72,176,168
72,176,168
73,176,168
73,176,168
73,176,169
72,176,168
72,176,168
72,176,168
72,176,168
72,176,168
72,176,168
72,176,168
72,176,168
72,175,167
72,175,167
70,174,168
70,174,167
70,175,167
72,175,167
72,175,167
72,176,168
72,176,168
72,176,168
72,176,168
72,176,168
73,176,168
73,176,168
73,176,168
73,176,168
73,176,169
73,176,169
73,176,169
73,176,169
73,176,169
74,177,170
74,177,170
74,177,170
75,177,170
75,177,170
75,177,170
75,177,170
75,177,170
75,177,170
75,177,170
75,177,170
75,177,170
75,177,170
75,177,170
75,177,170
75,177,170
75,177,170
75,177,170
75,177,170
75,177,170
75,177,170
75,177,170
75,177,170
75,177,170
75,177,170
75,177,170
75,177,170
75,177,170
75,177,170
75,177,170
75,177,170
75,177,170
75,177,170
75,177,170
75,177,170
75,177,170
75,177,170
75,177,170
75,177,170
75,177,170
75,177,170
75,177,170
75,177,170
75,177,170
75,177,170
75,177,170
75,177,170
75,177,170
74,177,170
74,177,170
74,176,170
74,176,170
74,176,170
74,176,170
74,176,170
74,176,170
74,176,170
74,176,170
74,176,170
74,176,170
74,176,169
74,176,169
74,176,169
73,176,169
73,176,169
73,176,169
73,176,169
73,176,169
73,176,169
72,176,168
72,176,168
72,176,168
72,176,168
72,175,167
72,175,167
72,175,167
72,175,167
72,175,167
72,176,167
73,176,168
73,176,168
73,176,168
73,176,168
73,176,169
73,176,169
73,176,168
72,176,168
72,176,168
72,176,168
72,176,168
72,176,168
72,176,168
72,176,168
72,175,167
72,175,167
71,175,167
70,174,168
70,174,168
70,174,167
70,175,167
72,175,167
72,175,167
72,176,168
72,176,168
72,176,168
72,176,168
72,176,168
73,176,168
73,176,168
73,176,168
73,176,168
73,176,169
73,176,169
73,176,169
73,176,169
74,177,170
74,176,170
74,177,170
75,177,170
75,177,170
75,177,170
75,177,170
75,177,170
75,177,170
75,177,170
75,177,170
75,177,170
75,177,170
75,177,170
75,177,170
75,177,170
75,177,170
75,177,170
75,177,170
75,177,170
75,177,170
75,177,170
75,177,170
75,177,170
75,177,170
75,177,170
75,177,170
76,177,170
76,177,170
76,177,170
76,177,170
76,177,170
76,177,170
76,177,170
76,177,170
76,177,170
76,177,170
75,177,170
75,177,170
75,177,170
75,177,170
75,177,170
75,177,170
75,177,170
75,177,170
75,177,170
75,177,170
75,177,170
75,177,170
75,177,170
75,177,170
75,177,170
74,176,170
74,176,170
74,176,170
74,176,170
74,176,170
74,176,170
74,176,170
74,176,170
74,176,170
74,176,170
74,176,170
74,176,169
74,176,169
74,176,169
73,176,169
73,176,169
73,176,169
73,176,169
73,176,169
73,176,169
72,176,168
72,176,168
72,176,168
72,176,167
72,176,167
72,176,168
72,176,168
72,176,168
73,176,168
73,176,168
73,176,168
74,176,169
74,176,169
74,176,169
73,176,168
73,176,168
73,176,168
72,176,168
72,176,168
72,176,168
72,176,168
72,176,168
72,176,168
72,175,167
72,175,167
71,175,167
70,174,168
70,174,168
70,174,168
70,174,168
70,174,167
70,175,167
72,175,167
72,176,168
72,176,168
72,176,168
72,176,168
73,176,168
73,176,168
73,176,168
73,176,168
73,176,168
73,176,169
73,176,169
73,176,169
73,176,169
74,177,170
74,177,170
74,177,170
75,177,170
75,177,170
75,177,170
75,177,170
76,177,170
76,177,170
76,177,170
76,177,170
76,177,170
76,177,170
76,177,170
76,177,170
76,177,170
76,177,170
76,177,170
76,177,170
76,177,170
75,177,170
75,177,170
75,177,170
75,177,170
75,177,170
75,177,170
76,177,170
76,177,170
77,177,171
77,177,171
77,177,171
77,177,171
77,177,171
77,177,171
77,177,171
77,177,171
76,178,170
76,178,170
76,178,170
76,177,170
76,177,170
76,177,170
76,177,170
75,177,170
75,177,170
75,177,170
75,177,170
75,177,170
75,177,170
75,177,170
75,177,170
75,177,170
75,177,170
75,177,170
75,177,170
75,177,170
75,177,170
75,177,170
75,177,170
75,177,170
75,177,170
74,176,170
74,176,170
74,176,170
74,176,170
74,176,170
74,176,169
74,176,169
74,176,169
74,176,169
74,176,169
73,176,169
73,176,169
73,176,169
72,176,168
72,176,168
72,176,168
72,176,168
72,176,168
72,176,168
72,176,168
73,176,169
73,176,169
73,176,169
73,176,169
73,176,168
73,176,168
73,176,168
73,176,168
73,176,168
73,176,168
73,176,168
72,176,168
72,176,168
72,176,168
72,176,168
72,175,167
72,175,167
71,175,167
71,175,167
70,174,167
70,174,167
70,174,168
70,174,168
70,174,168
70,174,168
70,174,167
72,175,167
72,175,167
72,176,167
72,176,168
72,176,168
72,176,168
73,176,168
73,176,168
73,176,168
73,176,168
73,176,169
73,176,169
73,176,169
74,177,170
74,177,170
74,177,170
74,177,170
75,177,170
75,177,170
75,177,170
75,177,170
76,177,170
76,177,170
76,177,170
76,177,170
76,177,170
76,177,170
76,177,170
76,177,170
76,177,170
76,177,170
76,177,170
76,177,170
76,178,170
76,178,170
76,178,170
76,178,170
76,178,170
77,177,171
77,177,171
77,177,171
77,177,171
77,177,171
77,177,171
77,177,171
77,177,171
77,177,171
77,177,171
77,177,171
77,177,171
78,178,171
78,178,171
77,177,171
77,177,171
76,178,170
76,178,170
76,178,170
76,178,170
76,177,170
75,177,170
75,177,170
75,177,170
75,177,170
75,177,170
75,177,170
75,177,170
75,177,170
75,177,170
75,177,170
76,177,170
76,177,170
76,177,170
76,177,170
75,177,170
75,177,170
75,177,170
75,177,170
75,177,170
75,177,170
74,176,170
74,176,170
74,176,170
74,176,170
74,176,170
74,176,170
74,176,169
74,176,169
73,176,169
73,176,169
73,176,169
73,176,169
73,175,169
73,175,169
72,176,168
72,176,168
72,176,168
72,176,168
73,176,169
73,176,169
73,176,169
74,176,169
74,176,169
74,176,169
74,176,169
73,176,168
73,176,168
73,176,168
73,176,168
72,176,168
72,176,168
72,176,168
72,175,167
72,175,167
71,175,167
71,175,167
70,174,168
70,174,168
71,175,167
70,174,167
70,174,168
70,174,168
70,174,168
70,174,168
71,175,168
72,175,167
72,176,167
72,176,168
72,176,168
72,176,168
73,176,169
73,176,168
73,176,168
73,176,168
73,176,169
73,176,169
73,176,169
74,177,170
74,177,170
75,177,170
75,177,170
75,177,170
75,177,170
75,177,170
75,177,170
76,177,170
76,177,170
76,177,170
76,177,170
76,177,170
76,177,170
76,177,170
76,177,170
76,177,170
76,177,170
76,177,170
77,178,171
77,178,171
77,178,171
77,178,171
77,177,171
77,177,171
77,177,171
78,178,171
78,178,171
78,178,171
78,178,171
78,178,171
78,178,171
78,178,171
78,178,171
78,178,171
78,178,171
78,178,171
79,178,171
79,178,171
79,179,171
78,178,171
78,178,171
78,178,171
77,177,171
77,177,171
76,178,170
76,178,170
76,178,170
76,177,170
75,177,170
75,177,170
75,177,170
75,177,170
75,177,170
75,177,170
76,177,170
76,177,170
76,177,170
76,177,170
76,177,170
76,177,170
76,177,170
76,177,170
76,177,170
76,177,170
76,177,170
76,177,170
76,177,170
76,177,170
76,177,170
75,177,170
75,176,169
74,176,170
74,176,170
74,176,170
74,176,169
74,176,169
73,176,169
73,176,169
73,176,169
73,176,169
73,176,169
73,176,169
73,176,169
73,176,169
73,176,169
73,176,169
74,176,169
74,176,169
74,176,169
74,176,169
74,176,169
73,176,168
73,176,168
74,176,169
73,176,168
73,176,168
73,176,168
73,175,168
72,175,167
72,175,167
71,175,168
70,175,168
70,174,168
70,174,168
70,174,168
70,175,167
70,175,167
70,174,168
70,174,168
70,174,168
70,174,168
70,175,168
72,175,167
72,175,167
72,176,167
72,176,168
73,176,168
73,176,168
73,176,169
73,176,168
73,176,168
73,176,169
74,177,170
74,177,170
74,177,170
74,177,170
75,177,170
75,177,170
75,177,170
75,177,170
75,177,170
75,177,170
76,177,170
76,177,170
76,177,170
76,177,170
76,177,170
76,177,170
77,177,171
77,177,171
77,177,171
77,177,171
77,177,171
77,177,171
78,178,171
78,178,171
78,178,171
78,178,171
78,178,171
78,178,171
78,178,171
78,178,171
79,178,171
79,178,171
79,178,171
79,178,171
79,178,171
78,178,171
79,179,171
79,179,171
79,178,171
79,178,171
79,179,171
79,179,171
79,178,171
79,179,171
79,179,171
78,178,171
78,178,171
78,178,171
77,177,171
77,177,171
76,178,170
76,178,170
76,178,170
76,177,170
76,177,170
76,177,170
76,177,170
76,177,170
76,177,170
76,177,170
76,177,170
76,177,170
76,177,170
76,177,170
76,177,170
76,177,170
76,177,170
76,177,170
76,177,170
76,177,170
76,177,170
76,177,170
76,177,170
76,177,170
76,177,170
75,177,170
75,176,169
74,176,170
74,177,170
74,176,170
74,176,169
74,176,169
74,176,169
74,176,169
74,176,169
73,176,169
73,176,169
73,176,169
73,176,169
74,176,169
74,176,169
74,176,169
73,176,168
73,176,168
73,176,168
73,176,168
73,176,168
74,176,169
74,176,169
73,176,168
73,176,168
73,176,168
72,176,168
72,175,167
70,175,167
70,174,168
70,174,168
70,174,168
70,174,168
70,174,167
72,175,167
70,175,167
70,174,168
70,174,168
70,174,168
70,174,168
71,175,168
72,175,168
72,175,168
72,176,167
72,176,167
73,176,168
73,176,168
73,176,169
73,176,169
73,176,169
74,177,170
74,177,170
74,177,170
74,177,170
75,177,170
75,177,170
75,177,170
75,177,170
75,177,170
75,177,170
75,177,170
76,177,170
76,177,170
77,177,171
77,177,171
77,177,171
77,177,171
77,177,171
77,177,171
77,177,171
77,177,171
78,178,171
78,178,171
78,178,171
78,178,171
78,178,171
78,178,171
78,178,171
78,178,171
78,178,171
79,178,171
79,178,171
79,178,171
79,178,171
79,178,171
79,178,171
79,178,171
79,179,171
79,179,172
79,179,172
79,179,171
79,179,171
79,179,171
79,179,171
79,179,172
79,179,171
79,179,171
79,179,171
78,178,171
78,178,171
78,178,171
77,177,171
77,177,171
77,177,171
76,178,170
77,177,171
77,177,171
76,177,170
76,177,170
76,177,170
76,177,170
76,177,170
76,177,170
76,177,170
76,177,170
76,177,170
76,178,170
76,178,170
76,178,170
76,178,170
76,177,170
76,177,170
76,177,170
76,177,170
76,177,170
76,177,170
76,177,170
76,177,170
75,177,170
75,177,170
75,177,170
75,177,169
74,177,170
74,177,170
74,177,170
74,177,170
74,177,170
74,176,169
73,176,169
74,176,169
74,176,169
74,176,169
74,176,169
74,176,169
73,176,169
73,176,169
73,176,169
73,176,169
73,176,168
74,176,169
74,176,169
74,176,169
73,176,168
73,175,168
73,175,168
71,175,167
70,175,167
70,174,168
70,174,168
70,174,168
70,174,168
70,174,167
70,174,167
72,175,167
72,175,167
70,174,168
70,174,168
70,174,168
70,174,168
70,174,168
70,175,168
72,175,168
72,175,168
72,175,168
72,176,168
73,176,168
73,176,168
73,176,168
73,176,168
74,177,170
74,177,170
74,177,170
74,177,170
74,177,170
74,177,170
75,177,170
75,177,170
75,177,170
75,177,170
75,177,170
76,177,170
76,177,170
76,178,170
77,177,171
77,177,171
77,177,171
77,177,171
77,177,171
77,177,171
78,178,171
78,178,171
78,178,171
78,178,171
78,178,171
78,178,171
79,178,171
79,178,171
79,178,171
79,178,171
79,178,171
79,178,171
79,178,171
79,178,171
79,178,171
79,178,171
79,178,171
79,178,171
79,179,171
79,179,171
79,179,172
79,179,172
79,179,172
79,179,172
79,179,171
79,179,171
79,179,171
79,179,172
79,179,171
79,178,171
79,179,171
78,178,171
78,178,171
78,178,171
77,177,171
77,177,171
77,177,171
77,177,170
77,177,170
77,177,170
77,177,171
76,178,170
76,177,170
76,177,170
76,177,170
76,177,170
76,177,170
76,178,170
76,178,170
77,177,171
77,177,171
77,177,171
77,177,171
76,178,170
76,178,170
76,178,170
76,178,170
77,177,171
77,177,171
77,177,171
76,177,170
76,177,170
75,177,170
75,177,170
75,177,170
75,177,170
75,177,169
75,177,169
74,177,170
74,177,170
74,177,170
74,176,170
74,176,169
74,176,169
74,176,169
74,176,169
73,176,169
73,176,169
73,176,169
73,176,169
73,176,169
73,176,168
74,176,169
74,176,169
73,175,168
73,175,168
73,175,168
73,175,168
71,175,167
70,174,168
70,174,168
70,174,168
70,174,168
70,174,168
70,174,167
70,174,167
70,174,167
72,175,167
72,175,167
70,174,168
70,174,168
70,174,168
70,174,168
70,174,168
71,175,168
72,175,168
72,175,168
72,175,168
72,176,168
73,176,169
73,176,169
73,176,168
74,177,169
74,177,170
74,177,170
74,177,170
74,177,170
74,177,170
75,177,170
75,177,170
75,177,170
75,177,170
75,177,170
76,177,170
76,177,170
76,177,170
76,178,170
77,177,171
77,177,171
77,177,171
77,177,171
78,178,171
78,178,171
78,178,171
78,178,171
78,178,171
78,178,171
78,178,171
79,178,171
79,178,171
79,178,171
79,179,171
79,179,171
79,179,171
79,179,171
79,179,171
79,179,171
79,179,171
79,179,171
79,179,171
79,179,171
79,179,171
79,179,171
79,179,172
79,179,172
79,179,172
79,179,172
79,179,172
79,179,172
80,179,172
79,179,172
79,179,172
79,179,172
79,179,172
79,179,171
79,179,171
78,178,171
78,178,171
78,178,171
78,178,171
78,178,171
78,178,171
77,177,170
77,177,170
77,177,170
77,177,171
76,178,170
76,178,170
76,178,170
76,178,170
76,178,170
78,178,171
78,178,171
78,178,171
78,178,171
78,178,171
78,178,171
77,177,171
77,177,171
77,177,171
77,177,171
77,177,171
77,177,171
77,177,171
76,178,170
76,178,170
76,177,170
76,177,170
76,177,170
76,177,170
75,177,170
75,177,170
75,177,170
75,177,170
75,177,170
74,177,170
74,176,170
74,176,169
74,176,169
74,176,169
73,176,169
73,176,169
73,176,169
73,176,169
73,176,169
73,176,169
73,176,168
73,176,168
73,176,168
73,175,168
73,175,168
73,175,168
72,176,168
71,175,168
70,174,168
70,174,168
70,174,168
70,174,168
70,174,167
70,174,167
70,174,167
69,173,167
72,175,167
72,175,167
70,175,167
70,174,168
70,174,168
70,174,168
70,174,168
70,175,168
72,175,168
72,175,168
72,175,168
72,176,168
73,176,169
73,176,169
74,177,170
74,177,170
74,177,170
74,177,170
74,177,170
74,177,170
74,177,170
75,177,170
75,177,170
75,177,170
75,177,170
76,177,170
76,177,170
76,177,170
76,178,170
76,178,170
77,177,171
77,177,171
78,178,171
78,178,171
78,178,171
78,178,171
78,178,171
78,178,171
78,178,171
79,178,171
79,178,171
79,178,171
79,178,171
79,179,171
79,179,171
79,179,171
79,179,171
79,179,171
79,179,171
79,179,171
79,179,171
79,179,171
79,179,171
79,179,171
79,179,171
79,179,171
79,179,172
79,179,172
79,179,172
79,179,172
80,179,172
80,179,172
80,179,172
80,179,172
80,179,172
80,179,172
80,179,172
79,179,172
79,179,172
79,179,172
79,179,171
78,178,171
78,178,171
78,178,171
78,178,171
78,178,171
78,178,171
78,178,171
78,178,171
77,177,170
77,177,171
77,177,171
77,177,171
78,178,171
78,178,171
78,178,171
78,178,171
78,178,171
78,178,171
78,178,171
78,178,171
78,178,171
78,178,171
77,177,171
77,177,171
77,177,171
78,178,171
78,178,171
78,178,171
77,178,171
77,178,171
76,178,170
76,177,170
76,177,170
76,177,170
76,177,170
76,177,170
75,177,170
75,177,170
75,177,170
74,177,170
74,176,170
74,176,169
74,176,169
73,176,169
73,176,169
73,176,169
73,176,169
73,176,169
73,176,169
73,176,169
73,176,168
73,176,168
73,175,168
73,175,168
73,175,168
73,175,168
71,175,168
71,175,168
70,174,168
70,174,168
70,174,168
70,174,168
70,174,167
70,174,167
69,173,167
69,173,167
71,175,168
71,175,167
71,175,167
70,175,167
70,174,168
70,174,168
70,174,168
72,175,168
72,175,168
72,175,168
72,175,168
72,176,168
73,176,169
73,176,169
74,177,170
74,177,170
74,177,170
74,177,170
75,177,170
75,177,170
75,177,170
75,177,170
75,177,170
75,177,170
76,177,170
76,177,170
76,177,170
76,178,170
76,178,170
76,178,170
77,178,171
78,178,171
78,178,171
78,178,171
78,178,171
78,178,171
78,178,171
78,178,171
79,179,171
79,178,171
79,178,171
79,179,171
79,179,171
79,179,171
79,179,171
79,179,171
79,179,171
79,179,171
80,179,171
80,179,171
79,179,171
79,179,171
79,179,171
79,179,171
79,179,172
79,179,172
80,179,172
80,179,172
80,179,172
80,179,172
80,179,172
80,179,172
80,179,172
80,179,172
80,179,172
80,179,172
80,179,172
80,179,172
80,179,172
80,179,171
79,179,172
79,179,172
79,179,171
79,179,171
78,178,171
78,178,171
79,178,171
79,178,171
79,178,171
79,178,171
79,178,171
78,178,171
78,178,171
78,178,171
78,178,171
78,178,171
78,178,171
78,178,171
79,179,171
79,179,171
79,178,171
79,178,171
79,179,171
78,178,171
78,178,171
78,178,171
78,178,171
78,178,171
78,178,171
78,178,171
78,178,171
77,178,171
77,178,171
76,178,170
76,178,170
76,178,170
76,177,170
76,177,170
76,177,170
75,177,170
75,177,170
75,177,170
74,176,170
74,176,170
74,176,169
74,176,169
73,176,169
73,176,169
73,176,169
73,176,169
73,176,169
73,176,169
73,176,169
73,176,168
73,176,168
73,175,168
73,175,168
73,175,168
72,176,168
71,175,168
71,175,168
70,174,168
70,174,168
70,174,168
70,174,167
70,174,167
70,174,167
69,173,167
69,173,167
71,175,168
71,174,168
71,175,167
71,175,167
71,175,167
71,175,167
70,175,168
70,175,168
72,175,168
72,175,168
72,176,168
72,176,168
73,176,169
73,176,169
74,177,170
74,177,170
74,177,170
75,177,170
75,177,170
75,177,170
75,177,170
75,177,170
75,177,170
75,177,170
76,177,170
76,177,170
76,177,170
76,178,170
76,178,170
77,178,171
77,178,171
78,178,171
78,178,171
78,178,171
78,178,171
78,178,171
78,178,171
79,179,171
79,179,171
79,178,171
79,179,171
79,179,171
79,179,171
79,179,171
79,179,171
79,179,171
80,179,171
80,179,171
80,179,171
80,179,171
80,179,171
80,179,171
80,179,171
80,179,172
80,179,172
80,179,172
80,179,172
80,179,172
80,179,172
80,179,172
80,179,172
80,179,172
80,179,172
81,180,173
81,180,173
81,180,173
81,180,172
81,180,172
80,179,172
80,179,172
80,179,172
80,179,172
80,179,172
79,179,172
79,179,172
79,179,171
79,178,171
79,178,171
79,178,171
79,178,171
79,178,171
79,178,171
79,178,171
79,178,171
78,178,171
78,178,171
78,178,171
78,178,171
79,179,171
79,178,171
79,178,171
79,178,171
79,178,171
79,178,171
79,178,171
79,178,171
79,178,171
78,178,171
78,178,171
78,178,171
78,178,171
78,178,171
78,178,171
78,178,171
77,178,171
76,178,170
76,178,170
76,178,170
76,177,170
76,177,170
75,177,170
75,177,170
75,177,170
75,177,170
74,176,170
74,176,170
74,176,169
74,176,169
73,176,169
73,176,169
73,176,169
73,176,169
73,176,169
73,176,169
73,176,168
73,176,168
73,176,168
73,175,168
73,175,168
73,176,168
72,176,168
72,175,167
71,175,168
70,174,168
70,174,168
70,174,168
70,174,167
70,174,167
70,174,167
69,173,167
69,173,167
71,174,168
71,174,168
71,174,168
71,175,167
71,175,167
71,175,167
71,175,167
72,175,167
72,176,168
72,176,168
72,176,168
73,176,169
73,176,169
73,176,169
74,177,170
74,177,170
75,177,170
75,177,170
75,177,170
75,177,170
75,177,170
75,177,170
75,177,170
76,177,170
76,177,170
76,177,170
76,178,170
76,178,170
77,178,171
77,178,171
77,178,171
78,178,172
78,178,171
78,178,171
78,178,171
79,179,171
79,179,171
79,179,171
79,179,171
79,178,171
79,179,171
79,179,171
79,179,171
79,179,171
79,179,171
79,179,171
80,179,172
80,179,172
80,179,172
80,179,172
80,179,172
80,179,172
80,179,172
80,179,172
80,179,172
80,179,172
80,179,172
80,179,172
80,179,172
80,179,172
80,179,172
80,179,172
82,180,172
82,180,172
82,180,172
82,180,173
82,180,173
82,180,173
82,180,172
81,180,173
80,179,172
80,179,172
80,179,172
80,179,172
80,179,172
79,179,172
79,179,172
79,179,171
79,179,171
79,179,171
79,179,171
79,179,171
79,179,171
79,179,171
79,179,171
79,179,172
79,179,172
79,179,172
79,179,172
79,179,172
79,179,171
79,179,171
79,179,171
79,179,171
79,179,171
79,179,171
79,179,171
79,179,171
79,178,171
79,179,171
78,178,171
78,178,171
78,178,171
78,178,171
78,178,171
78,178,171
77,177,171
77,177,171
77,177,171
76,178,170
76,177,170
76,177,170
75,177,170
75,177,170
75,177,170
74,176,170
74,176,170
74,176,170
74,176,169
74,176,169
74,176,169
73,176,169
73,176,169
73,176,169
73,176,168
73,176,168
73,176,168
73,176,168
73,176,168
73,176,168
73,176,168
72,176,168
72,175,167
71,175,168
70,175,167
70,174,168
70,174,168
70,174,167
70,174,167
70,174,167
68,174,166
69,173,167
69,173,167
71,174,168
71,174,168
71,174,168
71,174,168
71,175,167
71,175,167
71,175,167
72,175,167
72,176,168
72,176,168
72,176,168
73,176,169
73,176,169
73,176,169
74,177,170
74,177,170
75,177,170
75,177,170
75,177,170
75,177,170
75,177,170
75,177,170
75,177,170
76,177,170
76,177,170
76,177,170
76,178,170
76,178,170
77,178,171
77,178,171
77,178,171
78,178,172
78,178,172
78,178,171
79,179,171
79,178,171
79,178,171
79,178,171
79,178,171
79,179,171
79,179,171
79,179,171
79,179,171
79,179,171
79,179,171
80,179,172
80,179,172
80,179,172
80,179,172
80,179,172
80,179,172
80,179,172
80,179,172
80,179,172
80,179,172
80,179,172
80,179,172
80,179,172
80,179,172
80,179,172
80,179,172
81,180,173
82,180,172
82,180,172
82,180,172
82,180,172
82,180,173
82,180,173
82,180,173
82,180,173
82,180,172
82,180,172
80,179,172
80,179,172
80,179,172
80,179,172
80,179,172
79,179,172
79,179,172
79,179,171
79,179,171
79,179,171
79,179,171
79,179,171
79,179,171
79,179,172
79,179,172
79,179,172
79,179,172
79,179,172
79,179,172
79,179,172
79,179,172
79,179,171
79,179,171
79,179,171
79,179,171
79,179,171
79,179,171
79,179,171
79,178,171
79,179,171
78,178,171
78,178,171
78,178,171
78,178,171
78,178,171
78,178,171
77,177,171
77,177,171
77,177,171
77,177,171
76,177,170
76,177,170
75,177,170
75,177,170
75,177,170
74,176,170
74,176,170
74,176,170
74,176,169
74,176,169
74,176,169
73,176,169
73,176,169
73,176,168
73,176,168
73,176,168
73,176,168
73,176,168
72,176,168
72,176,168
72,176,168
72,176,168
72,175,167
71,175,167
71,175,167
70,174,168
70,174,167
70,174,167
70,174,167
69,173,167
69,173,167
69,173,167
68,172,166
70,174,168
70,174,168
70,175,168
70,175,168
70,175,168
70,175,168
71,175,167
72,175,167
72,176,168
72,176,168
73,176,168
73,176,168
73,176,169
73,176,169
74,177,170
75,177,170
75,177,170
75,177,170
75,177,170
75,177,170
75,177,170
75,177,170
75,177,170
76,177,170
76,177,170
76,177,170
76,178,170
77,178,171
77,178,171
78,178,172
78,178,172
79,179,171
79,179,171
79,179,171
79,178,171
79,179,171
79,179,171
79,179,171
79,179,171
79,179,171
79,179,171
79,179,171
79,179,171
79,179,171
79,179,172
80,179,172
80,179,172
80,179,172
80,179,172
80,179,172
80,179,172
80,179,172
80,179,172
80,179,172
81,180,173
82,180,172
82,180,172
82,180,172
82,180,172
82,180,172
82,180,172
82,180,173
82,180,173
82,180,172
82,180,172
82,180,173
82,180,173
82,180,173
82,180,173
82,180,173
82,180,174
82,180,173
82,180,173
82,180,172
81,180,173
80,179,172
80,179,172
80,179,172
80,179,172
80,179,172
80,179,172
80,179,171
80,179,171
80,179,171
79,179,171
79,179,171
79,179,172
79,179,172
80,179,172
80,179,172
80,179,172
80,179,172
80,179,172
80,179,172
80,179,172
80,179,172
80,179,172
80,179,172
80,179,172
79,179,172
79,179,172
79,179,172
79,179,171
79,179,171
79,179,171
79,178,171
79,178,171
79,178,171
78,178,171
78,178,171
77,177,171
77,177,171
77,177,171
77,177,171
76,177,170
75,177,170
75,177,170
75,177,170
75,177,170
74,176,170
74,176,170
74,176,170
74,176,169
74,176,169
74,176,169
73,176,169
73,176,168
73,176,168
72,176,168
72,176,168
72,176,168
72,176,168
72,176,168
72,176,168
72,176,168
72,176,168
72,175,167
71,175,167
70,174,167
70,174,167
70,174,167
70,174,167
70,174,167
69,173,167
69,173,167
68,172,166
68,172,166
70,174,168
70,174,168
70,174,168
70,174,168
70,175,168
70,175,168
71,175,168
72,175,167
72,176,168
73,176,168
73,176,168
73,176,168
73,176,168
74,177,169
74,177,170
74,177,170
75,177,170
75,177,170
75,177,170
75,177,170
75,177,170
75,177,170
75,177,170
76,177,170
76,177,170
76,177,170
76,178,170
77,178,171
77,178,171
78,178,171
78,178,171
79,179,171
79,178,171
79,179,171
79,179,171
79,179,171
79,179,171
79,179,171
79,179,171
79,179,171
79,179,171
79,179,171
79,179,171
79,179,171
79,179,171
80,179,172
80,179,172
80,179,172
80,179,172
80,179,172
80,179,172
80,179,172
80,179,172
80,179,172
81,180,173
82,180,172
82,180,173
82,180,173
82,180,173
82,180,172
82,180,172
82,180,173
82,180,173
82,180,173
82,180,174
82,180,174
82,180,174
82,180,173
82,180,173
82,180,174
82,180,174
82,180,174
82,180,174
82,180,173
82,180,173
82,180,172
80,179,172
80,179,172
80,179,172
80,179,172
80,179,172
80,179,172
80,179,172
80,179,172
80,179,172
80,179,172
80,179,172
80,179,172
80,179,172
80,179,172
80,179,172
80,179,172
80,179,172
80,179,172
80,179,172
80,179,172
80,179,172
80,179,172
80,179,172
80,179,172
80,179,172
79,179,172
79,179,172
79,179,172
79,179,171
79,179,171
79,178,171
79,178,171
79,178,171
79,178,171
78,178,171
78,178,171
78,178,171
77,177,171
77,177,171
77,177,171
76,177,170
76,177,170
75,177,170
75,177,170
75,177,170
74,176,170
74,176,170
74,176,170
74,176,169
74,176,169
73,176,169
73,176,168
72,176,168
72,176,168
72,176,168
72,176,168
72,176,168
72,176,168
72,176,168
72,176,168
72,176,168
72,175,167
71,175,167
70,174,168
70,174,167
70,174,167
70,174,167
70,174,167
69,173,167
69,173,167
68,172,166
68,172,166
68,172,166
70,174,168
70,174,168
70,174,168
70,174,168
70,174,168
70,175,168
71,175,168
72,175,168
72,176,168
73,176,168
73,176,168
73,176,168
74,177,169
74,177,169
74,177,169
75,177,170
75,177,170
75,177,170
75,177,170
75,177,170
75,177,170
75,177,170
75,177,170
76,177,170
76,177,170
77,178,171
77,178,171
77,178,171
77,178,171
78,178,171
78,178,171
79,178,171
79,179,171
79,179,171
79,179,171
79,179,171
79,179,171
79,179,171
79,179,171
79,179,171
79,179,171
79,179,171
79,179,171
79,179,171
79,179,171
80,179,172
80,179,172
80,179,172
80,179,172
80,179,172
80,179,172
80,179,172
80,179,172
80,179,172
81,180,173
82,180,172
82,180,172
82,180,173
82,180,173
82,180,173
82,180,173
82,180,173
82,180,174
82,180,174
82,180,174
82,180,174
82,180,174
82,180,174
82,180,174
82,180,174
82,180,174
82,180,174
82,180,174
82,180,174
82,180,174
82,180,173
82,180,173
82,180,172
82,180,172
80,179,172
80,179,172
80,179,172
80,179,172
80,179,172
80,179,172
80,179,172
80,179,172
80,179,172
80,179,172
80,179,172
81,180,173
81,180,173
81,180,173
81,180,173
81,180,173
82,180,172
82,180,172
82,180,172
82,180,172
81,180,173
80,179,172
80,179,172
80,179,172
80,179,172
79,179,172
79,179,172
79,179,172
79,179,172
79,179,171
79,179,171
79,178,171
79,178,171
78,178,171
78,178,171
78,178,171
78,178,171
77,177,171
77,177,171
77,177,171
76,177,170
76,177,170
75,177,170
75,176,169
74,176,170
74,176,170
74,176,169
74,176,169
73,176,169
73,175,168
72,176,168
72,176,168
72,176,168
72,176,168
72,176,168
72,176,168
72,176,168
72,176,168
72,176,168
72,175,167
70,175,168
70,174,168
70,174,167
70,174,167
70,174,167
69,173,167
69,173,167
69,173,167
68,172,166
68,172,166
68,172,166
68,172,166
70,174,168
70,174,168
70,174,168
70,174,168
70,175,168
71,175,168
72,175,168
72,176,168
73,176,168
73,176,168
74,177,169
74,177,169
74,177,169
74,177,169
75,177,169
75,177,170
75,177,170
75,177,170
75,177,170
75,177,170
75,177,170
75,177,170
76,177,170
76,177,170
77,178,171
77,178,171
77,178,171
78,178,171
78,178,171
78,178,171
79,178,171
79,179,171
79,179,171
79,179,171
79,179,171
79,179,171
79,179,171
79,179,171
79,179,171
79,179,171
79,179,171
79,179,171
79,179,171
79,179,171
80,179,171
80,179,172
80,179,172
80,179,172
80,179,172
80,179,172
80,179,172
80,179,172
80,179,172
81,180,173
82,180,172
82,180,172
82,180,173
82,180,173
82,180,173
82,180,173
82,180,173
82,180,173
82,180,173
82,180,174
82,180,174
82,180,174
82,180,174
82,180,174
82,180,174
82,180,174
82,180,174
82,180,174
82,180,174
82,180,174
82,180,174
82,180,174
82,180,173
82,180,173
82,180,172
82,180,172
81,180,173
81,180,173
81,180,173
80,179,172
80,179,172
80,179,172
80,179,172
80,179,172
81,180,173
82,180,172
82,180,172
82,180,172
82,180,172
82,180,172
82,180,172
82,180,172
82,180,172
82,180,172
82,180,172
82,180,172
82,180,172
82,180,172
80,179,172
80,179,172
80,179,172
80,179,172
80,179,172
80,179,172
79,179,172
79,179,172
79,179,171
79,179,171
79,178,171
79,178,171
78,178,171
78,178,171
78,178,171
78,178,171
77,177,171
77,177,171
76,177,170
76,177,170
75,177,170
74,176,170
74,176,170
74,176,169
74,176,169
73,176,169
73,175,169
73,175,168
72,176,168
72,176,168
72,176,168
72,176,168
72,176,168
72,176,168
72,176,168
72,175,167
71,175,168
70,174,168
70,174,168
69,174,167
70,174,167
70,174,167
69,174,167
69,173,167
69,173,167
68,172,166
68,172,166
68,172,166
68,172,166
70,174,168
70,174,168
70,174,168
70,174,168
70,175,168
71,175,168
72,175,168
72,176,168
73,176,169
73,176,169
74,177,169
74,177,169
74,177,169
74,177,169
75,177,169
75,177,170
75,177,170
75,177,170
75,177,170
75,177,170
75,177,170
75,177,170
76,177,170
77,177,171
77,177,171
78,178,171
78,178,171
78,178,171
78,178,171
78,178,171
79,178,171
79,179,171
79,179,171
79,179,171
79,179,171
79,179,171
80,179,171
80,179,171
80,179,171
80,179,171
80,179,171
79,179,171
79,179,171
79,179,171
80,179,171
80,179,171
80,179,172
80,179,172
80,179,172
80,179,172
80,179,172
80,179,172
80,179,172
81,180,173
81,180,173
82,180,172
82,180,173
82,180,172
82,180,173
82,180,173
82,180,173
82,180,173
82,180,173
82,180,173
82,180,174
82,180,174
82,180,174
82,180,174
82,180,174
82,180,174
82,180,174
82,180,174
82,180,174
82,180,174
82,180,174
82,180,174
82,180,174
82,180,174
82,180,174
82,180,173
82,180,172
82,180,172
82,180,172
82,180,172
82,180,172
82,180,172
82,180,172
82,180,172
82,180,172
82,180,172
82,180,172
82,180,172
82,180,172
82,180,172
82,180,172
82,180,172
82,180,173
82,180,173
82,180,173
82,180,173
82,180,172
82,180,172
82,180,172
82,180,172
80,179,172
80,179,172
80,179,172
80,179,172
80,179,172
80,179,172
80,179,172
80,179,172
79,179,172
79,179,172
79,179,171
79,179,171
79,179,171
79,178,171
79,178,171
78,178,171
77,177,171
77,177,171
77,177,171
76,177,170
75,177,170
74,176,170
74,176,170
74,176,169
73,176,169
73,176,169
73,175,168
72,176,168
72,176,168
72,176,168
72,176,168
72,176,168
72,176,168
72,176,168
72,175,167
72,175,167
71,175,168
70,174,168
70,174,168
70,174,167
70,174,167
70,174,167
68,174,166
69,173,167
69,173,167
68,172,166
68,172,166
69,173,167
69,173,167
70,174,168
70,174,168
70,174,168
70,174,168
70,175,168
71,175,168
72,175,167
72,176,168
73,176,169
73,176,169
74,177,170
74,177,169
74,177,169
75,177,169
75,177,169
75,177,170
75,177,170
75,177,170
75,177,170
75,177,170
75,177,170
76,177,170
76,177,170
77,177,171
78,178,171
78,178,171
78,178,171
78,178,171
78,178,171
79,179,171
79,179,171
79,179,171
79,179,171
79,179,171
79,179,171
79,179,171
79,179,171
80,179,171
80,179,171
80,179,171
80,179,171
80,179,171
80,179,171
80,179,171
80,179,171
80,179,171
80,179,172
80,179,172
80,179,172
80,179,172
80,179,172
80,179,172
80,179,172
81,180,173
82,180,173
82,180,173
82,180,173
82,180,173
82,180,173
82,180,173
82,180,172
82,180,173
82,180,173
82,180,173
82,180,173
82,180,174
82,180,174
82,180,174
82,180,174
82,180,174
82,180,174
82,180,174
82,180,174
82,180,174
82,180,174
82,180,174
82,180,174
82,180,174
82,180,174
82,180,174
82,180,174
82,180,174
82,180,173
82,180,173
82,180,173
82,180,173
82,180,173
82,180,173
82,180,173
82,180,174
82,180,174
82,180,174
82,180,174
82,180,174
82,180,174
82,180,174
82,180,174
82,180,173
82,180,173
82,180,173
82,180,173
82,180,174
82,180,173
82,180,173
82,180,173
82,180,173
82,180,172
82,180,172
80,179,172
80,179,172
80,179,172
80,179,172
80,179,172
80,179,172
80,179,172
80,179,171
80,179,171
80,179,171
79,179,171
79,179,171
79,178,171
78,178,171
78,178,171
77,177,171
77,177,171
76,177,170
75,177,170
74,176,170
74,176,170
74,176,169
73,176,169
73,176,169
72,176,168
72,176,168
72,176,168
72,176,168
72,176,168
72,176,168
72,176,168
72,175,167
72,175,167
71,175,168
70,175,168
70,174,168
69,174,167
70,174,167
70,174,167
70,174,167
68,174,166
68,174,166
68,174,166
69,173,167
69,173,167
69,173,167
69,173,167
70,174,168
70,174,168
70,174,168
70,174,168
70,175,167
71,175,168
72,175,167
72,176,168
73,176,168
73,176,168
74,177,169
75,177,169
75,177,169
75,177,170
75,177,170
75,177,170
76,177,170
76,177,170
76,177,170
76,177,170
76,177,170
76,178,170
77,177,171
78,178,171
78,178,171
78,178,171
78,178,171
78,178,171
79,179,171
79,179,171
79,179,171
79,179,171
79,179,171
79,179,171
79,179,171
79,179,171
79,179,171
80,179,171
80,179,171
80,179,172
80,179,172
80,179,172
80,179,172
80,179,171
80,179,172
80,179,172
80,179,172
80,179,172
81,180,173
82,180,172
82,180,172
82,180,172
82,180,172
82,180,173
82,180,173
82,180,173
82,180,173
82,180,173
82,180,173
82,180,173
82,180,172
82,180,173
82,180,173
82,180,173
82,180,173
82,180,173
82,180,174
82,180,174
82,180,174
82,180,174
82,180,174
82,180,174
82,180,174
82,180,174
82,180,174
82,180,174
82,180,174
82,180,174
82,180,174
82,180,174
82,180,174
82,180,174
82,180,174
82,180,174
82,180,174
82,180,174
82,180,174
82,180,174
82,180,174
82,180,174
82,180,174
82,180,174
82,180,174
82,180,174
82,180,174
82,180,174
82,180,174
82,180,174
82,180,174
82,180,174
82,180,174
82,180,174
82,180,174
82,180,174
82,180,173
82,180,173
82,180,173
82,180,173
82,180,172
82,180,172
82,180,172
82,180,172
82,180,172
82,180,172
80,179,172
80,179,172
80,179,172
80,179,172
80,179,171
80,179,171
80,179,171
79,179,171
79,179,171
79,179,171
78,178,171
78,178,171
77,177,171
77,177,171
75,177,170
74,176,170
74,176,170
74,176,169
73,176,169
73,176,169
72,176,168
73,175,168
73,175,168
72,176,168
72,176,168
72,176,168
72,176,168
72,175,167
71,175,168
71,175,168
70,175,168
70,174,168
70,174,168
70,174,168
70,174,167
70,174,167
70,174,167
70,174,167
70,174,167
70,174,167
70,174,167
69,173,167
69,173,167
70,174,168
70,174,168
70,174,168
70,174,168
70,174,168
70,175,167
72,175,167
72,175,167
73,176,168
73,176,168
74,177,169
75,177,169
75,177,170
75,177,170
75,177,170
76,177,170
76,177,170
76,177,170
76,177,170
76,178,170
76,178,170
77,178,171
78,178,171
78,178,171
78,178,171
78,178,171
78,178,171
78,178,171
79,179,171
79,179,171
79,179,171
79,178,171
79,179,171
79,179,171
79,179,171
79,179,171
79,179,171
80,179,171
80,179,171
80,179,172
80,179,172
80,179,172
80,179,172
80,179,172
80,179,172
80,179,172
80,179,172
80,179,172
81,180,173
82,180,172
82,180,172
82,180,172
82,180,172
82,180,172
82,180,173
82,180,173
82,180,173
82,180,173
82,180,173
82,180,173
82,180,173
82,180,173
82,180,172
82,180,173
82,180,173
82,180,173
82,180,173
82,180,174
82,180,174
82,180,174
82,180,174
82,180,174
82,180,174
82,180,174
82,180,174
82,180,174
82,180,174
82,180,174
82,180,174
82,180,174
82,180,174
82,180,174
82,180,174
82,180,174
82,180,174
82,180,174
82,180,174
82,180,174
82,180,174
82,180,174
82,180,174
82,180,174
82,180,174
82,180,174
82,180,174
82,180,174
82,180,174
82,180,174
82,180,174
82,180,174
82,180,174
82,180,174
82,180,174
82,180,174
82,180,174
82,180,174
82,180,173
82,180,173
82,180,173
82,180,172
82,180,172
82,180,172
82,180,172
82,180,172
82,180,172
82,180,172
82,180,172
82,180,172
80,179,172
80,179,172
80,179,172
80,179,171
80,179,171
80,179,171
79,179,171
79,179,171
79,178,171
78,178,171
78,178,171
77,177,171
76,177,170
75,177,170
74,176,170
74,176,169
74,176,169
73,176,169
73,175,169
73,175,168
72,176,168
72,176,168
72,176,168
72,176,168
72,176,168
72,175,167
72,175,167
71,175,168
71,175,168
71,174,168
71,175,167
71,175,167
70,174,168
70,174,168
71,175,167
70,174,168
70,174,167
70,174,167
70,174,167
70,174,167
69,173,167
70,174,168
70,174,168
70,174,168
70,174,168
70,174,168
70,175,168
72,175,167
72,175,167
72,176,167
73,176,168
74,177,169
74,177,169
75,177,170
75,177,170
75,177,170
76,177,170
76,177,170
76,177,170
76,178,170
76,178,170
77,178,171
77,178,171
78,178,171
78,178,171
78,178,171
79,178,171
79,178,171
79,178,171
79,179,171
79,179,171
79,179,171
79,179,171
79,179,171
79,179,171
79,179,171
79,179,171
79,179,171
80,179,171
80,179,172
80,179,172
80,179,172
80,179,172
80,179,172
80,179,172
80,179,172
80,179,172
80,179,172
80,179,172
81,180,173
82,180,172
82,180,173
82,180,173
82,180,173
82,180,174
82,180,174
82,180,174
82,180,173
82,180,173
82,180,173
82,180,173
82,180,173
82,180,173
82,180,173
82,180,172
82,180,172
82,180,173
82,180,173
82,180,173
82,180,173
82,180,174
82,180,174
82,180,174
82,180,174
82,180,174
82,180,174
82,180,174
82,180,174
82,180,174
82,180,174
82,180,174
82,180,174
82,180,174
82,180,174
82,180,174
82,180,174
82,180,174
82,180,174
82,180,174
82,180,174
82,180,174
82,180,174
82,180,174
82,180,174
82,180,174
82,180,174
82,180,174
82,180,174
82,180,174
82,180,174
82,180,174
82,180,174
82,180,174
82,180,174
82,180,174
82,180,174
82,180,174
82,180,174
82,180,174
82,180,174
82,180,173
82,180,173
82,180,173
82,180,172
82,180,172
82,180,172
82,180,172
82,180,172
82,180,172
82,180,172
82,180,172
82,180,172
82,180,172
81,180,172
80,179,172
80,179,171
80,179,171
79,179,171
79,179,171
79,178,171
78,178,171
78,178,171
77,177,171
76,177,170
75,177,170
74,176,170
74,176,169
74,176,169
73,176,169
73,176,169
73,175,168
72,176,168
72,176,168
72,176,168
72,176,168
72,176,168
72,176,168
72,175,167
72,175,167
71,175,167
71,175,167
71,175,167
71,175,167
71,175,167
71,175,167
71,175,167
71,175,167
70,174,168
70,174,167
70,174,167
69,174,167
69,173,167
70,174,168
70,174,168
70,174,168
70,174,168
70,174,168
72,175,168
72,175,167
72,176,168
73,176,168
73,176,168
74,177,169
74,177,169
75,177,170
75,177,170
76,177,170
76,177,170
76,177,170
76,178,170
76,178,170
77,178,171
78,178,171
78,178,171
78,178,171
79,179,171
79,178,171
79,178,171
79,178,171
79,178,171
79,179,171
79,179,171
79,179,171
79,179,171
79,179,171
79,179,171
79,179,171
79,179,171
80,179,171
80,179,172
80,179,172
80,179,172
80,179,172
80,179,172
80,179,172
80,179,172
80,179,172
80,179,172
80,179,172
80,179,172
82,180,172
82,180,173
82,180,173
82,180,173
82,180,173
82,180,174
82,180,174
82,180,174
82,180,174
82,180,174
82,180,173
82,180,173
82,180,173
82,180,173
82,180,172
82,180,172
82,180,172
82,180,173
82,180,173
82,180,173
82,180,173
82,180,173
82,180,174
82,180,174
82,180,174
82,180,174
82,180,174
82,180,174
82,180,174
82,180,174
82,180,174
82,180,174
82,180,174
82,180,174
82,180,174
82,180,174
82,180,174
82,180,174
82,180,174
82,180,174
82,180,174
82,180,174
82,180,174
82,180,174
82,180,174
82,180,174
82,180,174
82,180,174
82,180,174
82,180,174
82,180,174
82,180,174
82,180,174
82,180,174
82,180,174
82,180,174
82,180,174
82,180,174
82,180,174
82,180,174
82,180,174
82,180,174
82,180,173
82,180,173
82,180,173
82,180,172
82,180,172
82,180,172
82,180,172
82,180,173
82,180,173
82,180,173
82,180,173
82,180,172
82,180,172
82,180,172
80,179,172
80,179,171
80,179,171
79,179,171
79,179,171
79,178,171
78,178,171
77,177,171
77,177,171
76,177,170
75,176,169
74,176,170
74,176,169
74,176,169
74,176,169
73,176,168
72,176,168
72,176,168
72,176,168
72,176,168
72,176,168
72,176,168
72,176,168
72,176,168
72,176,168
72,176,168
72,176,168
71,175,167
71,175,167
71,175,167
71,175,167
71,175,167
71,175,167
71,175,167
70,174,167
70,174,167
69,174,167
70,174,168
70,174,168
70,174,168
70,174,168
70,174,168
71,175,168
72,175,168
72,176,168
73,176,168
74,177,169
74,177,169
74,177,169
75,177,169
75,177,170
75,177,170
76,177,170
76,177,170
76,178,170
77,177,171
78,178,171
78,178,171
78,178,171
78,178,171
78,178,171
79,179,171
79,178,171
79,178,171
79,178,171
79,179,171
79,179,171
79,179,171
79,179,171
79,179,171
79,179,171
79,179,172
79,179,172
80,179,172
80,179,172
80,179,172
80,179,172
80,179,172
80,179,172
80,179,172
80,179,172
80,179,172
80,179,172
80,179,172
80,179,172
82,180,172
82,180,172
82,180,172
82,180,174
82,180,174
82,180,174
82,180,173
82,180,173
82,180,173
82,180,174
82,180,174
82,180,174
82,180,174
82,180,174
82,180,173
82,180,173
82,180,173
82,180,173
82,180,173
82,180,173
82,180,173
82,180,173
82,180,173
82,180,174
82,180,174
82,180,174
82,180,174
82,180,174
82,180,174
82,180,174
82,180,174
82,180,174
82,180,174
82,180,174
82,180,174
82,180,174
82,180,174
82,180,174
82,180,174
82,180,174
82,180,174
82,180,174
82,180,174
82,180,174
82,180,174
82,180,174
82,180,174
82,180,174
82,180,174
82,180,174
82,180,174
82,180,174
82,180,174
82,180,174
82,180,174
82,180,174
82,180,174
82,180,174
82,180,174
82,180,174
82,180,174
82,180,173
82,180,173
82,180,173
82,180,173
82,180,173
82,180,173
82,180,173
82,180,172
82,180,173
82,180,173
82,180,173
82,180,173
82,181,173
82,180,173
82,180,172
82,180,172
82,180,172
80,179,172
80,179,172
80,179,171
79,179,171
79,179,171
79,178,171
78,178,171
77,177,171
77,177,171
76,177,170
75,176,169
74,177,170
73,176,169
73,176,169
73,176,169
73,176,168
72,176,168
72,176,168
72,176,168
72,176,168
72,176,168
73,176,168
72,176,168
72,176,168
72,176,168
72,176,168
72,176,168
72,175,167
72,175,167
72,175,167
72,175,167
71,175,167
71,175,167
71,175,167
70,174,167
70,174,167
68,174,166
70,174,168
70,174,168
70,174,168
70,174,168
70,174,168
71,175,168
71,175,168
72,176,168
73,176,168
73,176,168
74,177,169
74,177,169
75,177,169
75,177,169
76,177,170
76,177,170
76,177,170
76,178,170
77,177,171
77,177,171
78,178,171
78,178,171
78,178,171
78,178,171
79,179,171
79,178,171
79,178,171
79,179,171
79,179,171
79,179,171
79,179,171
79,179,171
79,179,171
79,179,171
79,179,172
80,179,172
80,179,172
80,179,172
80,179,172
80,179,172
80,179,172
80,179,172
80,179,172
80,179,172
80,179,172
80,179,172
80,179,172
80,179,172
82,180,172
82,180,172
82,180,173
82,180,173
82,180,174
82,180,174
82,180,174
82,180,174
82,180,173
82,180,174
82,180,174
82,180,174
82,180,174
82,180,174
82,180,173
82,180,173
82,180,173
82,180,173
82,180,173
82,180,173
82,180,173
82,180,173
82,180,173
82,180,174
82,180,174
82,180,174
82,180,174
82,180,174
82,180,174
82,180,174
82,180,174
82,180,174
82,180,174
82,180,174
82,180,174
82,180,174
82,180,174
82,180,174
82,180,174
82,180,174
82,180,174
82,180,174
82,180,174
82,180,174
82,180,174
82,180,174
82,180,174
82,180,174
82,180,174
82,180,174
82,180,174
82,180,174
82,180,174
82,180,174
82,180,174
82,180,174
82,180,174
82,180,174
82,180,174
82,180,174
82,180,174
82,180,174
82,180,173
82,180,173
82,180,173
82,180,173
82,180,173
82,180,173
82,180,173
82,180,174
82,180,174
82,180,174
82,180,174
82,180,173
82,181,173
82,181,173
82,181,173
82,180,173
82,180,172
82,180,172
80,179,172
80,179,172
80,179,171
79,179,171
79,179,171
79,179,171
78,178,171
77,177,171
77,177,171
76,177,170
75,177,170
74,177,170
74,177,170
73,176,169
73,176,168
73,176,168
73,176,168
73,176,168
73,176,168
73,176,168
73,175,168
73,176,168
73,176,168
73,176,168
72,176,168
72,176,168
72,176,168
72,176,168
72,176,168
72,176,168
72,176,168
72,175,167
71,175,167
71,175,167
70,174,168
70,174,167
69,174,167
70,175,168
70,175,168
70,175,168
70,175,168
71,175,168
71,175,168
72,176,168
73,176,169
73,176,168
74,177,169
74,177,169
75,177,169
75,177,169
76,177,170
76,177,170
76,177,170
76,178,170
77,177,171
78,178,171
78,178,171
78,178,171
78,178,171
78,178,171
78,178,171
79,178,171
79,178,171
79,179,171
79,179,171
79,179,171
80,179,171
80,179,171
80,179,171
80,179,172
80,179,172
80,179,172
80,179,172
80,179,172
80,179,172
80,179,172
80,179,172
80,179,172
81,180,173
82,180,172
82,180,172
82,180,172
82,180,172
82,180,172
82,180,172
82,180,172
82,180,173
82,180,173
82,180,174
82,180,174
82,180,174
82,180,174
82,180,174
82,180,174
82,180,174
82,180,174
82,180,174
82,180,174
82,180,174
82,180,173
82,180,173
82,180,173
82,180,173
82,180,173
82,180,173
82,180,173
82,180,173
82,180,174
82,180,174
82,180,174
82,180,174
82,180,174
82,180,174
82,180,174
82,180,174
82,180,174
82,180,174
82,180,174
82,180,174
82,180,174
82,180,174
82,180,174
82,180,174
82,180,174
82,180,174
82,180,174
82,180,174
82,180,174
82,180,174
82,180,174
82,180,174
82,180,174
82,180,174
82,180,174
82,180,174
82,180,174
82,180,174
82,180,174
82,180,174
82,180,174
82,180,174
82,180,174
82,180,174
82,180,174
82,180,174
82,180,174
82,180,174
82,180,173
82,180,173
82,180,173
82,180,174
82,180,173
82,180,173
82,180,173
82,180,174
82,180,174
82,180,174
82,180,174
82,181,173
82,181,173
82,181,173
82,181,173
82,181,173
82,180,173
82,180,172
82,180,172
80,179,172
80,179,172
80,179,172
79,179,172
79,179,171
79,179,171
78,178,171
77,177,171
77,177,171
76,178,170
75,177,170
75,177,169
74,177,170
73,176,169
73,176,169
74,176,169
74,176,169
74,176,169
74,176,168
74,176,168
73,175,168
73,176,168
73,176,168
73,176,168
73,176,168
73,176,168
73,176,168
73,176,168
73,176,168
72,176,168
72,176,168
72,176,168
71,175,167
71,175,167
70,174,167
70,174,167
70,175,167
70,175,168
70,175,168
71,175,168
71,175,168
71,175,168
72,175,168
73,176,169
73,176,168
74,177,169
74,177,169
75,177,169
75,177,169
76,177,170
76,177,170
76,177,170
76,178,170
77,177,171
78,178,171
78,178,171
78,178,171
78,178,171
78,178,171
78,178,171
79,179,171
79,178,171
79,179,171
79,179,171
79,179,171
80,179,171
80,179,171
80,179,172
80,179,172
80,179,172
80,179,172
80,179,172
80,179,172
80,179,172
80,179,172
80,179,172
81,180,173
82,180,172
82,180,172
82,180,172
82,180,172
82,180,172
82,180,172
82,180,173
82,180,173
82,180,173
82,180,173
82,180,173
82,180,174
82,180,174
82,180,174
82,180,174
82,180,174
82,180,174
82,180,174
82,180,174
82,180,174
82,180,174
82,180,174
82,180,173
82,180,173
82,180,173
82,180,173
82,180,173
82,180,173
82,180,173
82,180,174
82,180,174
82,180,174
82,180,174
82,180,174
82,180,174
82,180,174
82,180,174
82,180,174
82,180,174
82,180,174
82,180,174
82,180,174
82,180,174
82,180,174
82,180,174
82,180,174
82,180,174
82,180,174
82,180,174
82,180,174
82,180,174
82,180,174
82,180,174
82,180,174
82,180,174
82,180,174
82,180,174
82,180,174
82,180,174
82,180,174
82,180,174
82,180,174
82,180,174
82,180,174
82,180,174
82,180,174
82,180,174
82,180,174
82,180,174
82,180,174
82,180,174
82,180,174
82,180,174
82,180,174
82,180,174
82,180,173
82,180,173
82,180,174
82,180,174
82,180,174
82,180,174
82,181,173
83,181,174
83,181,174
83,181,174
82,181,173
82,181,173
82,180,173
82,180,172
82,180,172
80,179,172
80,179,172
80,179,172
79,179,172
79,179,172
79,179,171
78,178,171
77,177,171
77,178,171
76,178,170
76,177,170
75,176,169
74,177,170
73,176,169
74,176,169
74,176,169
74,176,169
74,176,168
74,176,168
74,176,169
73,176,169
73,176,169
73,176,169
73,176,168
74,176,169
74,176,169
74,176,169
73,176,168
73,176,168
73,176,168
72,176,168
72,176,168
71,175,167
71,175,167
70,174,168
70,174,167
72,175,167
71,175,168
71,175,168
71,175,168
71,175,168
71,175,168
72,175,168
73,176,169
73,176,169
74,177,169
75,177,169
75,177,169
76,177,169
76,177,170
76,177,170
76,177,170
76,178,170
78,178,171
78,178,171
78,178,171
79,178,171
79,178,171
79,178,171
79,179,171
79,179,171
79,179,172
79,179,171
79,179,171
79,179,171
80,179,171
80,179,171
80,179,172
80,179,172
80,179,172
80,179,172
80,179,172
80,179,172
80,179,172
80,179,172
81,180,173
82,180,172
82,180,172
82,180,173
82,180,173
82,180,173
82,180,172
82,180,172
82,180,173
82,180,173
82,180,173
82,180,173
82,180,173
82,180,173
82,180,174
82,180,174
82,180,174
82,180,174
82,180,174
82,180,174
82,180,174
82,180,174
82,180,174
82,180,174
82,180,174
82,180,173
82,180,173
82,180,173
82,180,173
82,180,173
82,180,174
82,180,174
82,180,174
82,180,174
82,180,174
82,180,174
82,180,174
82,180,174
82,180,174
82,180,174
82,180,174
82,180,174
82,180,174
82,180,174
82,180,174
82,180,174
82,180,174
82,180,174
82,180,174
82,180,174
82,180,174
82,180,174
82,180,174
82,180,174
82,180,174
82,180,174
82,180,174
82,180,174
82,180,174
82,180,174
82,180,174
82,180,174
82,180,174
82,180,174
82,180,174
82,180,174
82,180,174
82,180,174
82,180,174
82,180,174
82,180,174
82,180,174
82,180,174
82,180,174
82,180,174
82,180,174
82,180,174
82,180,174
82,180,174
82,180,174
82,180,174
82,180,174
82,180,174
82,180,174
83,181,174
83,181,174
83,181,174
83,181,174
83,181,174
82,181,173
82,180,173
82,180,173
82,180,172
82,180,172
81,180,173
80,179,172
80,179,172
80,179,172
79,179,172
79,179,171
79,179,171
78,178,171
78,178,171
77,177,171
76,177,170
75,177,170
75,177,169
74,177,170
75,177,169
75,177,169
75,177,169
75,177,169
74,177,169
73,176,169
73,176,169
73,176,169
73,176,168
74,176,169
74,176,169
74,176,169
74,176,169
73,176,168
73,176,168
73,176,168
72,176,168
72,176,168
71,175,167
71,175,167
70,174,167
70,174,167
72,175,167
72,175,167
72,175,167
71,175,168
71,175,168
72,175,168
72,176,168
73,176,169
74,177,170
74,177,169
75,177,169
76,177,169
76,177,170
76,177,170
76,178,170
77,178,171
78,178,171
78,178,171
78,178,171
79,178,171
79,178,171
79,178,171
79,178,171
79,178,171
79,179,172
79,179,171
79,179,171
79,179,171
80,179,171
80,179,171
80,179,172
80,179,172
80,179,172
80,179,172
80,179,172
80,179,172
80,179,172
82,180,172
82,180,172
82,180,172
82,180,172
82,180,173
82,180,173
82,180,173
82,180,173
82,180,173
82,180,174
82,180,173
82,180,173
82,180,173
82,180,173
82,180,174
82,180,174
82,180,174
82,180,174
82,180,174
82,180,174
82,180,174
82,180,174
82,180,174
82,180,174
82,180,174
82,180,174
82,180,174
82,180,174
82,180,174
82,180,174
82,180,174
82,180,174
82,180,174
82,180,174
82,180,174
82,180,174
82,180,174
82,180,174
82,180,174
82,180,174
82,180,174
82,180,174
82,180,174
82,180,174
82,180,174
82,180,174
82,180,174
82,180,174
82,180,174
82,180,174
82,180,174
82,180,174
82,180,174
82,180,174
82,180,174
82,180,174
82,180,174
82,180,174
82,180,174
82,180,174
82,180,174
82,180,174
82,180,174
82,180,174
82,180,174
82,180,174
82,180,174
82,180,174
82,180,174
82,180,174
82,180,174
82,180,174
82,180,174
82,180,174
82,180,174
82,180,174
82,180,174
82,180,174
82,180,174
82,180,174
82,180,174
82,180,174
82,180,174
82,180,174
82,180,174
82,180,174
83,181,174
83,181,174
83,181,174
83,181,174
83,181,174
83,181,174
82,181,173
82,180,173
82,180,173
82,180,173
82,180,172
81,180,173
80,179,172
80,179,172
80,179,172
80,179,172
79,179,172
79,179,172
79,179,171
78,178,171
77,177,171
76,177,170
75,177,170
75,177,169
75,177,169
75,177,170
75,177,169
75,177,169
75,177,169
74,177,170
74,177,170
73,176,168
73,176,168
73,176,168
74,176,169
74,176,169
74,176,169
74,176,169
73,176,168
73,176,168
73,175,168
72,176,168
71,175,167
71,175,167
70,174,168
70,174,167
72,175,167
72,175,167
72,175,167
72,175,167
72,175,168
72,175,168
72,176,168
73,176,169
73,176,169
74,177,170
75,177,169
75,177,169
76,177,170
76,177,170
76,178,170
77,178,171
78,178,171
78,178,171
78,178,171
79,178,171
79,178,171
79,178,171
79,178,171
79,178,171
79,179,171
79,179,172
79,179,172
80,179,172
80,179,172
80,179,172
80,179,172
80,179,172
80,179,172
80,179,172
81,180,173
82,180,172
82,180,172
82,180,172
82,180,172
82,180,172
82,180,172
82,180,173
82,180,173
82,180,174
82,180,174
82,180,174
82,180,174
82,180,174
82,180,174
82,180,174
82,180,174
82,180,174
82,180,174
82,180,174
82,180,174
82,180,174
82,180,174
82,180,174
82,180,174
82,180,174
82,180,174
82,180,174
82,180,174
82,180,174
82,180,174
82,180,174
82,180,174
82,180,174
82,180,174
82,180,174
82,180,174
82,180,174
82,180,174
82,180,174
82,180,174
82,180,174
82,180,174
82,180,174
82,180,174
82,180,174
82,180,174
82,180,174
82,180,174
82,180,174
82,180,174
82,180,174
82,180,174
82,180,174
82,180,174
82,180,174
82,180,174
82,180,174
82,180,174
82,180,174
82,180,174
82,180,174
82,180,174
82,180,174
82,180,174
82,180,174
82,180,174
82,180,174
82,180,174
83,180,173
83,180,173
83,180,173
83,180,173
83,180,173
83,180,173
82,180,174
82,180,174
82,180,174
82,180,174
82,180,174
82,180,174
82,180,174
82,180,174
82,180,174
82,180,174
82,180,174
82,180,174
82,180,174
82,180,174
82,180,174
82,180,174
83,181,174
83,181,174
83,181,174
83,181,174
83,181,174
82,181,174
82,181,174
83,180,174
82,180,173
82,180,173
82,180,172
82,180,172
80,179,172
80,179,172
80,179,172
80,179,172
79,179,172
79,179,171
79,178,171
78,178,171
78,178,171
76,178,170
76,177,170
75,177,170
75,177,170
75,177,170
75,177,170
75,177,169
74,177,170
74,177,170
74,177,169
73,176,168
73,176,168
74,176,169
74,176,169
74,176,169
73,176,168
73,176,168
73,176,168
73,175,168
72,176,168
72,176,168
71,175,167
71,175,167
70,174,167
70,174,167
72,175,167
72,175,167
71,175,168
72,175,167
72,175,167
72,175,168
72,176,168
72,176,168
73,176,169
73,176,169
75,177,170
75,177,169
76,177,169
76,178,170
76,178,170
77,177,170
78,178,171
78,178,171
78,178,171
79,178,171
79,178,171
79,178,171
79,178,171
79,178,171
79,179,172
79,179,172
79,179,172
79,179,172
80,179,172
80,179,172
80,179,172
80,179,172
80,179,172
82,180,172
82,180,172
82,180,172
82,180,173
82,180,173
82,180,172
82,180,172
82,180,172
82,180,173
82,180,174
82,180,174
82,180,174
82,180,174
82,180,174
82,180,174
82,180,174
82,180,174
82,180,174
82,180,174
82,180,174
82,180,174
82,180,174
82,180,174
82,180,174
82,180,174
82,180,174
82,180,174
82,180,174
82,180,174
82,180,174
82,180,174
82,180,174
82,180,174
82,180,174
82,180,174
82,180,174
82,180,174
82,180,174
82,180,174
82,180,174
82,180,174
82,180,174
82,180,174
82,180,174
82,180,174
82,180,174
82,180,174
82,180,174
82,180,174
82,180,174
82,180,174
82,180,174
82,180,174
82,180,174
82,180,174
82,180,174
82,180,174
82,180,174
82,180,174
82,180,174
82,180,174
82,180,174
82,180,174
82,180,174
82,180,174
82,180,174
82,180,174
82,180,174
82,180,174
82,180,174
83,180,173
83,180,173
83,180,173
83,180,173
83,180,173
83,180,173
83,180,173
82,180,174
82,180,174
82,180,174
82,180,174
82,180,174
82,180,174
82,180,174
82,180,174
82,180,174
82,180,174
82,180,174
82,180,174
82,180,174
82,180,174
82,180,174
82,180,174
82,180,174
83,181,174
83,181,174
83,181,174
83,181,174
83,181,174
82,181,174
83,180,174
82,180,174
82,180,174
82,180,173
82,180,172
82,180,172
80,179,172
80,179,172
80,179,172
80,179,172
80,179,171
79,179,171
79,178,171
78,178,171
78,178,171
76,178,170
76,177,170
76,177,170
76,177,170
75,177,170
75,177,170
75,177,169
74,177,170
74,177,169
74,177,169
73,176,168
73,176,168
74,176,169
74,176,169
73,176,168
73,176,168
73,176,168
73,175,168
72,176,168
72,176,168
71,175,167
71,175,167
70,174,168
70,174,167
70,174,167
72,175,167
72,175,167
71,175,168
72,175,167
72,175,167
72,175,168
72,176,168
72,176,168
73,176,169
74,176,170
75,177,170
76,177,170
76,178,170
76,178,170
78,178,171
78,178,171
78,178,171
78,178,171
79,178,171
79,178,171
79,178,171
79,178,171
79,178,171
79,179,171
79,179,172
79,179,172
79,179,172
80,179,172
80,179,172
80,179,172
80,179,172
80,179,172
82,180,172
82,180,172
82,180,172
82,180,173
82,180,173
82,180,173
82,180,173
82,180,173
82,180,174
82,180,174
82,180,174
82,180,174
82,180,174
82,180,174
82,180,174
82,180,174
82,180,174
82,180,174
82,180,174
82,180,174
82,180,174
82,180,174
82,180,174
82,180,174
82,180,174
82,180,174
82,180,174
82,180,174
82,180,174
82,180,174
82,180,174
82,180,174
82,180,174
82,180,174
82,180,174
82,180,174
82,180,174
82,180,174
82,180,174
82,180,174
82,180,174
82,180,174
82,180,174
82,180,174
82,180,174
82,180,174
82,180,174
82,180,174
82,180,174
82,180,174
82,180,174
82,180,174
82,180,174
82,180,174
82,180,174
82,180,174
82,180,174
82,180,174
82,180,174
82,180,174
82,180,174
82,180,174
82,180,174
82,180,174
82,180,174
82,180,174
82,180,174
82,180,174
82,180,174
82,180,174
82,180,174
82,180,174
83,180,173
83,180,173
83,180,173
83,180,173
83,180,173
82,180,174
82,180,174
82,180,174
82,180,174
82,180,174
83,180,173
83,180,173
83,180,173
83,180,173
82,180,174
82,180,174
82,180,174
82,180,174
82,180,174
82,180,174
82,180,174
82,180,174
82,180,174
82,180,174
82,181,174
83,181,174
83,181,174
83,181,174
83,181,174
83,181,174
83,180,174
82,180,174
82,180,174
82,180,173
82,180,172
82,180,172
80,179,172
80,179,172
80,179,172
80,179,171
80,179,171
79,179,171
79,179,171
79,178,171
78,178,171
77,178,171
76,178,170
76,177,170
76,177,170
75,177,170
75,177,170
74,177,170
74,177,169
74,177,169
73,176,168
73,176,168
74,176,169
73,176,168
73,176,168
73,176,169
73,175,168
73,175,168
72,176,168
72,175,167
71,175,167
71,175,167
71,175,167
70,174,167
70,174,167
72,175,167
72,175,167
72,175,167
71,175,168
71,175,168
72,175,168
72,175,168
72,176,168
73,176,169
73,176,169
75,177,170
75,177,170
76,177,169
76,178,170
77,177,170
78,178,171
78,178,171
78,178,171
79,178,171
79,178,171
79,179,171
79,179,171
79,179,171
79,179,171
79,179,171
79,179,172
79,179,172
80,179,172
80,179,172
80,179,172
80,179,172
80,179,172
82,180,172
82,180,172
82,180,172
82,180,172
82,180,173
82,180,173
82,180,173
82,180,173
82,180,173
82,180,174
82,180,174
82,180,174
82,180,174
82,180,174
82,180,174
82,180,174
82,180,174
82,180,174
82,180,174
82,180,174
82,180,174
82,180,174
82,180,174
82,180,174
82,180,174
82,180,174
82,180,174
82,180,174
82,180,174
82,180,174
82,180,174
82,180,174
82,180,174
82,180,174
82,180,174
82,180,174
82,180,174
82,180,174
82,180,174
82,180,174
82,180,174
82,180,174
82,180,174
82,180,174
82,180,174
82,180,174
82,180,174
82,180,174
82,180,174
82,180,174
82,180,174
82,180,174
82,180,174
82,180,174
82,180,174
82,180,174
82,180,174
82,180,174
82,180,174
82,180,174
82,180,174
82,180,174
82,180,174
82,180,174
82,180,174
82,180,174
82,180,174
82,180,174
82,180,174
82,180,174
82,180,174
82,180,174
82,180,174
83,180,173
83,180,173
83,180,173
83,180,173
82,180,174
82,180,174
82,180,174
82,180,174
82,180,174
83,180,173
83,180,173
83,180,173
83,180,173
83,180,173
83,180,173
82,180,174
82,180,174
82,180,174
82,180,174
82,180,174
82,180,174
82,180,174
82,180,174
82,180,174
82,180,174
82,181,173
83,181,174
83,181,174
83,181,174
83,181,174
83,181,174
83,180,174
82,180,174
82,180,174
82,180,173
82,180,173
82,180,172
80,179,172
80,179,172
80,179,172
80,179,171
79,179,171
79,179,171
79,178,171
79,178,171
78,178,171
78,178,171
77,177,171
76,177,170
76,177,170
75,177,170
75,177,170
74,177,169
74,177,169
74,176,169
74,176,169
74,176,169
73,176,168
73,176,169
73,175,169
73,175,169
73,175,169
72,175,167
72,175,167
72,175,167
71,175,167
71,175,167
70,174,168
70,174,167
70,174,167
72,175,167
72,175,167
72,175,167
71,176,168
71,176,168
71,176,168
72,175,168
72,176,168
73,176,169
74,176,170
75,177,170
76,177,170
76,178,170
77,178,171
77,178,171
78,178,171
78,178,171
78,178,171
79,178,171
79,179,171
79,179,171
79,179,171
79,179,172
79,179,172
79,179,172
79,179,172
80,179,172
80,179,172
80,179,172
80,179,172
80,179,172
81,180,173
82,180,172
82,180,172
82,180,172
82,180,172
82,180,173
82,180,173
82,180,173
82,180,173
82,180,174
82,180,174
82,180,174
82,180,174
82,180,174
82,180,174
82,180,174
82,180,174
82,180,174
82,180,174
82,180,174
82,180,174
82,180,174
82,180,174
82,180,174
82,180,174
82,180,174
82,180,174
82,180,174
82,180,174
82,180,174
82,180,174
82,180,174
82,180,174
82,180,174
82,180,174
82,180,174
82,180,174
82,180,174
82,180,174
82,180,174
82,180,174
82,180,174
82,180,174
82,180,174
82,180,174
82,180,174
82,180,174
82,180,174
82,180,174
82,180,174
82,180,174
82,180,174
82,180,174
82,180,174
82,180,174
82,180,174
82,180,174
82,180,174
82,180,174
82,180,174
82,180,174
82,180,174
82,180,174
82,180,174
82,180,174
82,180,174
82,180,174
82,180,174
82,180,174
82,180,174
82,180,174
82,180,174
82,180,174
83,180,173
83,180,173
83,180,173
83,180,173
83,180,173
83,180,173
82,180,174
82,180,174
82,180,174
83,180,173
83,180,173
83,180,173
83,180,173
83,180,173
83,180,173
83,180,173
83,180,173
82,180,174
82,180,174
82,180,174
82,180,174
82,180,174
82,180,174
82,180,174
82,180,174
82,180,174
82,180,174
82,180,174
83,181,174
83,181,174
83,181,174
83,181,174
83,181,174
83,180,174
82,180,174
82,180,174
82,180,173
82,180,172
81,180,173
80,179,172
80,179,172
80,179,172
80,179,172
79,179,171
79,179,171
79,178,171
79,178,171
79,178,171
78,178,171
77,177,171
76,177,170
75,177,170
75,177,170
75,177,170
74,177,170
74,176,169
74,176,169
74,176,169
73,176,169
73,176,169
73,175,169
73,175,169
73,175,169
72,175,168
72,175,167
72,175,167
71,175,167
71,175,167
70,174,168
70,174,168
70,174,167
72,175,167
72,175,167
72,175,167
72,175,167
72,175,168
71,176,168
72,175,168
72,176,168
73,176,169
73,176,169
75,177,170
75,177,170
76,177,170
76,178,170
77,178,171
77,178,171
77,178,171
78,178,172
79,179,171
79,179,171
79,179,172
79,179,171
79,179,172
79,179,172
79,179,172
80,179,172
80,179,172
80,179,172
80,179,172
80,179,172
80,179,172
81,180,173
82,180,172
82,180,172
82,180,172
82,180,172
82,180,173
82,180,174
82,180,174
82,180,174
82,180,174
82,180,174
82,180,174
82,180,174
82,180,174
82,180,174
82,180,174
82,180,174
82,180,174
82,180,174
82,180,174
82,180,174
82,180,174
82,180,174
82,180,174
82,180,174
82,180,174
82,180,174
82,180,174
82,180,174
82,180,174
82,180,174
82,180,174
82,180,174
82,180,174
82,180,174
82,180,174
82,180,174
82,180,174
82,180,174
82,180,174
82,180,174
82,180,174
82,180,174
82,180,174
82,180,174
82,180,174
82,180,174
82,180,174
82,180,174
82,180,174
82,180,174
82,180,174
82,180,174
82,180,174
82,180,174
82,180,174
82,180,174
82,180,174
82,180,174
82,180,174
82,180,174
82,180,174
82,180,174
82,180,174
82,180,174
82,180,174
82,180,174
82,180,174
82,180,174
82,180,174
82,180,174
82,180,174
82,180,174
82,180,174
82,180,174
83,180,173
83,180,173
83,180,173
83,180,173
83,180,173
83,180,173
83,180,173
83,180,173
83,180,173
83,180,173
83,180,173
83,180,173
83,180,173
83,180,173
83,180,173
83,180,173
82,180,174
82,180,174
82,180,174
82,180,174
82,180,174
82,180,174
82,180,174
82,180,174
82,180,174
82,180,174
82,180,174
83,181,174
83,181,174
83,181,174
84,181,175
84,181,175
83,181,174
83,181,174
83,180,174
82,180,173
82,180,173
82,180,172
80,179,172
80,179,172
80,179,172
80,179,172
80,179,172
79,179,172
79,179,171
79,179,171
79,178,171
79,178,171
78,178,171
77,177,171
76,177,170
75,177,170
75,177,170
75,177,169
74,176,170
74,176,169
74,176,169
74,176,169
73,176,169
73,175,169
73,175,169
73,175,169
72,175,168
72,175,167
72,175,167
71,175,167
71,175,167
70,174,168
70,174,168
70,174,168
70,174,167
72,175,167
72,175,167
72,175,167
72,175,167
72,175,167
72,175,168
72,176,168
72,176,168
73,176,169
74,177,170
75,177,170
75,177,170
76,177,170
76,177,170
77,178,171
77,178,171
77,178,171
78,178,172
79,179,171
79,179,172
79,179,172
80,179,172
80,179,172
81,180,173
82,180,172
82,180,172
82,180,172
82,180,172
82,180,172
82,180,172
81,180,173
82,180,172
82,180,172
82,180,172
82,180,172
82,180,172
82,180,174
82,180,174
82,180,174
82,180,174
82,180,174
82,180,174
82,180,174
82,180,174
82,180,174
82,180,174
82,180,174
82,180,174
82,180,174
82,180,174
82,180,174
82,180,174
82,180,174
82,180,174
82,180,174
82,180,174
82,180,174
82,180,174
82,180,174
82,180,174
82,180,174
82,180,174
82,180,174
82,180,174
82,180,174
82,180,174
82,180,174
82,180,174
82,180,174
82,180,174
82,180,174
82,180,174
82,180,174
82,180,174
82,180,174
82,180,174
82,180,174
82,180,174
82,180,174
82,180,174
82,180,174
82,180,174
82,180,174
82,180,174
82,180,174
82,180,174
82,180,174
82,180,174
82,180,174
82,180,174
82,180,174
82,180,174
82,180,174
82,180,174
82,180,174
82,180,174
82,180,174
82,180,174
82,180,174
82,180,174
82,180,174
82,180,174
82,180,174
82,180,174
82,180,174
82,180,174
82,180,174
83,180,173
83,180,173
83,180,173
84,181,174
84,181,174
84,181,174
84,181,174
84,181,174
83,181,174
83,180,173
83,180,173
83,180,173
83,180,173
83,180,173
83,180,173
83,180,173
82,180,174
82,180,174
82,180,174
82,180,174
82,180,174
82,180,174
82,180,174
82,180,174
82,180,174
82,180,174
83,181,174
84,181,175
84,181,175
85,181,174
85,182,174
85,182,174
84,181,174
83,181,174
83,180,173
83,180,173
82,180,173
82,180,172
80,179,172
80,179,172
80,179,172
80,179,172
80,179,172
79,179,172
79,179,171
79,179,171
79,178,171
79,178,171
78,178,171
77,177,171
75,177,170
75,177,170
75,177,170
75,176,169
74,176,170
74,176,169
74,176,169
73,176,169
73,175,169
73,175,169
73,175,169
72,175,168
72,175,167
72,175,167
71,175,167
71,175,167
70,174,168
70,174,168
70,174,168
70,174,168
72,175,167
72,175,167
72,175,167
72,175,167
72,175,167
72,175,167
72,176,168
72,176,168
73,176,169
74,177,170
74,177,170
75,177,170
75,177,170
76,177,170
76,177,170
77,178,171
77,178,171
77,178,171
78,178,172
79,179,171
79,179,172
80,179,172
81,180,173
82,180,172
82,180,172
82,180,172
82,180,172
82,180,172
82,180,172
82,180,173
82,180,172
82,180,172
82,180,172
82,180,172
82,180,172
82,180,172
82,180,173
82,180,174
82,180,174
82,180,174
82,180,174
82,180,174
82,180,174
82,180,174
82,180,174
82,180,174
82,180,174
82,180,174
82,180,174
82,180,174
82,180,174
82,180,174
82,180,174
82,180,174
82,180,174
82,180,174
82,180,174
82,180,174
82,180,174
82,180,174
82,180,174
82,180,174
82,180,174
82,180,174
82,180,174
82,180,174
82,180,174
82,180,174
82,180,174
82,180,174
82,180,174
82,180,174
82,180,174
82,180,174
82,180,174
82,180,174
82,180,174
82,180,174
82,180,174
82,180,174
82,180,174
82,180,174
82,180,174
82,180,174
82,180,174
82,180,174
82,180,174
82,180,174
82,180,174
82,180,174
82,180,174
82,180,174
82,180,174
82,180,174
82,180,174
82,180,174
82,180,174
82,180,174
82,180,174
82,180,174
82,180,174
82,180,174
82,180,174
82,180,174
82,180,174
82,180,174
82,180,174
82,180,174
83,180,173
83,180,173
84,181,174
84,181,174
84,181,174
84,181,174
84,181,174
84,181,174
84,181,174
83,180,173
83,180,173
83,180,173
83,180,173
83,180,173
83,180,173
83,180,173
82,180,174
82,180,174
82,180,174
82,180,174
82,180,174
82,180,174
82,180,174
82,180,174
82,180,174
82,180,174
83,181,174
84,181,175
84,181,175
85,182,174
86,182,174
86,182,174
86,182,174
84,181,174
83,181,174
83,181,174
83,180,173
82,180,172
81,180,173
80,179,172
80,179,172
80,179,172
80,179,172
80,179,172
79,179,172
79,179,171
79,179,171
79,178,171
79,178,171
77,177,170
77,177,171
75,177,170
75,177,170
75,177,170
75,176,169
74,176,170
74,176,169
74,176,169
73,175,169
73,175,169
73,175,169
73,175,168
72,175,167
71,175,167
71,175,167
71,175,167
70,174,168
70,174,168
70,174,168
70,174,168
70,174,168
72,175,167
72,175,167
72,175,167
72,175,167
72,175,167
72,175,167
72,176,168
73,176,169
73,176,169
74,177,170
74,177,170
75,177,170
75,177,170
76,177,170
76,177,170
77,178,171
77,178,171
77,178,171
78,178,172
79,179,171
79,179,172
81,180,173
82,180,172
82,180,172
82,180,172
82,180,172
82,180,172
82,180,173
82,180,173
82,180,173
82,180,173
82,180,172
82,180,172
82,180,173
82,180,173
82,180,173
82,180,174
82,180,174
82,180,174
82,180,174
82,180,174
82,180,174
82,180,174
82,180,174
82,180,174
82,180,174
82,180,174
82,180,174
82,180,174
82,180,174
82,180,174
82,180,174
82,180,174
82,180,174
82,180,174
82,180,174
82,180,174
82,180,174
82,180,174
82,180,174
82,180,174
82,180,174
82,180,174
82,180,174
82,180,174
82,180,174
82,180,174
82,180,174
82,180,174
82,180,174
82,180,174
82,180,174
82,180,174
82,180,174
82,180,174
82,180,174
82,180,174
82,180,174
82,180,174
82,180,174
82,180,174
82,180,174
82,180,174
82,180,174
82,180,174
82,180,174
82,180,174
82,180,174
82,180,174
82,180,174
82,180,174
82,180,174
82,180,174
82,180,174
82,180,174
82,180,174
82,180,174
82,180,174
82,180,174
82,180,174
82,180,174
82,180,174
82,180,174
82,180,174
82,180,174
82,180,174
82,180,174
82,180,174
83,180,173
84,181,174
84,181,174
84,181,174
84,181,174
84,181,174
84,181,174
84,181,174
84,181,174
83,180,173
83,180,173
83,180,173
83,180,173
83,180,173
83,180,173
83,180,173
83,180,173
82,180,174
82,180,174
82,180,174
82,180,174
82,180,174
82,180,174
82,180,174
82,180,174
82,180,174
83,181,174
84,181,175
84,181,175
85,182,175
86,182,174
87,182,175
87,182,175
86,182,175
84,181,174
84,181,174
83,181,174
82,180,173
82,180,172
81,180,173
81,180,173
80,179,172
80,179,172
80,179,172
80,179,172
79,179,172
79,179,171
79,178,171
79,178,171
78,178,171
77,177,170
76,177,170
75,177,170
75,177,170
75,177,170
75,176,169
74,176,170
74,176,169
73,176,169
73,175,169
73,175,169
73,175,168
72,176,168
71,175,167
71,175,167
71,175,167
70,174,168
70,174,168
70,174,168
70,174,168
70,174,168
70,175,167
71,175,168
72,175,167
72,175,167
72,175,167
72,175,167
72,176,167
73,176,168
73,176,168
73,176,168
74,177,170
74,177,169
75,177,169
75,177,170
76,177,170
76,177,170
77,178,171
77,178,171
77,178,171
78,178,172
79,179,171
79,179,172
82,180,172
82,180,172
82,180,172
82,180,172
82,180,172
82,180,172
82,180,173
82,180,173
82,180,173
82,180,173
82,180,173
82,180,173
82,180,173
82,180,173
82,180,173
82,180,173
82,180,174
82,180,174
82,180,174
82,180,174
82,180,174
82,180,174
82,180,174
82,180,174
82,180,174
82,180,174
82,180,174
82,180,174
82,180,174
82,180,174
82,180,174
82,180,174
82,180,174
82,180,174
82,180,174
82,180,174
82,180,174
82,180,174
82,180,174
82,180,174
82,180,174
82,180,174
82,180,174
82,180,174
82,180,174
82,180,174
82,180,174
82,180,174
82,180,174
82,180,174
82,180,174
82,180,174
82,180,174
82,180,174
82,180,174
82,180,174
82,180,174
82,180,174
82,180,174
82,180,174
82,180,174
82,180,174
82,180,174
82,180,174
82,180,174
82,180,174
82,180,174
82,180,174
82,180,174
82,180,174
82,180,174
82,180,174
82,180,174
82,180,174
82,180,174
82,180,174
82,180,174
82,180,174
82,180,174
82,180,174
82,180,174
82,180,174
82,180,174
82,180,174
82,180,174
82,180,174
83,180,174
84,181,174
84,181,174
84,181,174
84,181,174
84,181,174
84,181,174
84,181,174
84,181,174
84,181,174
83,180,173
82,180,174
82,180,174
82,180,174
83,180,173
83,180,173
83,180,173
83,180,173
82,180,174
82,180,174
82,180,174
82,180,174
82,180,174
82,180,174
82,180,174
82,180,174
83,180,174
84,181,175
84,181,175
84,181,175
85,182,175
86,182,175
87,182,175
87,182,175
87,182,175
86,182,175
84,181,174
84,181,174
83,180,173
82,180,173
82,180,172
81,180,173
81,180,173
81,180,173
80,179,172
80,179,172
79,179,172
79,179,172
79,179,171
79,178,171
79,178,171
78,178,171
77,177,171
76,177,170
75,177,170
75,177,170
75,176,169
74,176,170
74,176,169
74,176,169
73,176,169
73,175,169
73,175,169
73,175,168
71,175,167
71,175,167
70,174,168
70,174,168
70,174,168
70,174,168
70,174,168
70,174,168
70,174,168
70,175,167
71,175,168
72,175,167
72,175,167
72,175,167
72,176,167
73,176,168
73,176,168
73,176,168
73,176,168
74,177,170
74,177,169
75,177,169
75,177,170
76,177,170
76,177,170
77,178,171
77,178,171
77,178,171
78,178,171
79,179,172
79,179,172
82,180,172
82,180,172
82,180,172
82,180,172
82,180,172
82,180,172
82,180,173
82,180,174
82,180,174
82,180,174
82,180,174
82,180,174
82,180,173
82,180,173
82,180,173
82,180,173
82,180,174
82,180,174
82,180,174
82,180,174
82,180,174
82,180,174
82,180,174
82,180,174
82,180,174
82,180,174
82,180,174
82,180,174
82,180,174
82,180,174
82,180,174
82,180,174
82,180,174
82,180,174
82,180,174
82,180,174
82,180,174
82,180,174
82,180,174
82,180,174
82,180,174
82,180,174
82,180,174
82,180,174
82,180,174
82,180,174
83,180,173
83,180,173
83,180,173
82,180,174
82,180,174
82,180,174
82,180,174
82,180,174
82,180,174
82,180,174
82,180,174
82,180,174
82,180,174
82,180,174
82,180,174
82,180,174
82,180,174
82,180,174
82,180,174
82,180,174
82,180,174
82,180,174
82,180,174
82,180,174
82,180,174
82,180,174
82,180,174
82,180,174
82,180,174
82,180,174
82,180,174
82,180,174
82,180,174
83,180,173
83,180,173
83,180,173
83,180,174
82,180,174
82,180,174
82,180,174
83,181,174
84,181,174
84,181,174
84,181,174
84,181,174
84,181,174
84,181,174
84,181,174
84,181,174
84,181,174
83,180,173
82,180,174
82,180,174
82,180,174
82,180,174
82,180,174
83,180,173
82,180,174
82,180,174
82,180,174
82,180,174
82,180,174
82,180,174
82,180,174
83,180,174
83,180,174
83,181,174
84,181,175
84,181,175
84,181,175
85,182,175
85,182,175
87,182,175
87,182,175
87,182,175
86,182,174
85,182,174
84,181,174
84,181,174
83,180,173
82,180,173
82,180,172
81,180,172
81,180,172
80,179,172
80,179,172
80,179,172
79,179,172
79,179,171
79,179,171
79,178,171
78,178,171
77,177,170
77,177,171
76,177,170
75,177,170
75,177,170
74,176,170
74,176,170
74,176,169
73,176,169
73,175,169
73,175,169
73,175,168
71,175,167
71,175,167
70,174,168
70,174,168
70,174,168
70,174,168
70,174,168
70,174,168
70,174,168
70,174,168
70,175,168
70,175,168
71,175,168
72,175,167
72,175,167
73,176,168
73,176,168
73,176,168
73,176,168
73,176,168
74,177,170
74,177,169
75,177,169
75,177,170
76,177,170
76,177,170
77,178,171
77,178,171
78,178,172
79,179,171
79,179,172
79,179,172
82,180,172
82,180,172
82,180,172
82,180,172
82,180,172
82,180,173
82,180,174
82,180,174
82,180,174
82,180,174
82,180,174
82,180,174
82,180,173
82,180,173
82,180,173
82,180,173
82,180,174
82,180,174
82,180,174
82,180,174
82,180,174
82,180,174
82,180,174
82,180,174
82,180,174
82,180,174
82,180,174
82,180,174
82,180,174
82,180,174
82,180,174
82,180,174
82,180,174
82,180,174
82,180,174
82,180,174
82,180,174
82,180,174
82,180,174
82,180,174
82,180,174
82,180,174
82,180,174
82,180,174
82,180,174
82,180,174
83,180,173
83,180,173
83,180,173
83,180,173
83,180,173
82,180,174
82,180,174
82,180,174
82,180,174
82,180,174
82,180,174
82,180,174
82,180,174
82,180,174
82,180,174
82,180,174
82,180,174
82,180,174
82,180,174
82,180,174
83,180,173
83,180,173
83,180,173
83,180,173
83,180,173
83,180,174
83,180,174
83,180,174
83,180,173
82,180,174
82,180,174
82,180,174
82,180,174
83,180,173
83,180,173
83,180,173
83,180,174
83,180,174
83,180,174
83,181,174
84,181,174
84,181,174
84,181,174
84,181,174
84,181,174
84,181,174
84,181,174
84,181,174
84,181,174
84,181,174
83,180,173
82,180,174
82,180,174
82,180,174
82,180,174
82,180,174
82,180,174
82,180,174
82,180,174
82,180,174
82,180,174
83,180,173
83,180,173
83,180,173
83,180,173
83,180,173
83,181,174
84,181,175
84,181,175
84,181,175
85,182,175
85,182,175
85,182,175
87,182,175
87,182,175
86,182,175
85,182,174
84,181,174
84,181,174
83,181,174
83,180,173
82,180,172
82,180,172
81,180,172
81,180,173
80,179,172
80,179,172
79,179,172
79,179,171
79,179,171
79,178,171
79,178,171
78,178,171
77,177,170
77,177,171
76,177,170
75,177,170
75,176,169
74,177,170
73,176,169
73,176,169
73,176,169
72,176,168
73,175,169
72,176,168
71,175,167
71,175,167
70,174,168
70,174,168
70,174,168
70,174,168
70,174,168
70,174,168
70,174,167
70,174,168
70,175,168
70,175,168
71,175,168
72,175,167
72,176,168
73,176,168
73,176,168
73,176,168
73,176,168
73,176,168
74,177,170
74,177,169
75,177,170
75,177,170
76,177,170
76,177,170
77,178,171
77,178,171
78,178,172
79,179,171
79,179,172
79,179,172
82,180,172
82,180,172
82,180,172
82,180,173
82,180,173
82,180,173
82,180,174
82,180,174
82,180,174
82,180,174
82,180,174
82,180,174
82,180,174
82,180,173
82,180,174
82,180,174
82,180,174
82,180,174
82,180,174
82,180,174
82,180,174
82,180,174
82,180,174
82,180,174
82,180,174
82,180,174
82,180,174
82,180,174
82,180,174
82,180,174
82,180,174
82,180,174
82,180,174
82,180,174
82,180,174
82,180,174
82,180,174
82,180,174
82,180,174
82,180,174
82,180,174
82,180,174
82,180,174
82,180,174
82,180,174
83,180,173
83,180,173
83,180,173
83,180,173
83,180,173
83,180,173
83,180,173
83,180,173
82,180,174
82,180,174
82,180,174
82,180,174
82,180,174
82,180,174
82,180,174
82,180,174
82,180,174
82,180,174
82,180,174
82,180,174
82,180,174
83,180,173
83,180,173
83,180,173
83,180,173
83,180,173
83,180,173
83,181,174
83,181,174
83,180,173
83,180,173
83,180,173
83,180,173
83,180,173
83,180,173
83,180,173
83,181,174
83,181,174
83,181,174
83,181,174
84,181,174
84,181,174
84,181,174
84,181,174
84,181,174
84,181,174
84,181,174
84,181,174
84,181,174
84,181,174
84,181,174
83,180,173
83,180,173
82,180,174
82,180,174
82,180,174
82,180,174
82,180,174
82,180,174
82,180,174
82,180,174
82,180,174
83,180,173
83,180,173
83,180,173
83,180,173
83,180,173
83,180,173
84,181,174
84,181,174
84,181,174
84,181,175
85,182,175
85,182,174
85,182,174
85,182,174
85,182,174
85,182,174
84,181,174
84,181,174
84,181,174
83,180,173
82,180,173
82,180,172
82,180,172
81,180,173
80,179,172
80,179,172
80,179,172
79,179,171
79,179,171
79,179,171
79,178,171
78,178,171
77,177,170
77,177,171
76,177,170
76,177,170
75,177,169
74,177,170
74,177,170
73,176,169
73,176,169
73,176,169
73,175,169
72,176,168
72,175,168
70,175,167
70,174,168
70,174,168
70,174,168
70,174,168
70,174,168
70,174,168
70,175,167
70,174,168
70,174,168
70,175,168
71,175,168
72,175,167
72,176,168
72,176,168
73,176,168
73,176,168
73,176,168
73,176,168
73,176,168
74,177,170
74,177,170
75,177,170
75,177,170
76,177,170
76,178,170
77,178,171
78,178,172
79,179,171
79,179,172
79,179,172
79,179,172
82,180,172
82,180,173
82,180,173
82,180,173
82,180,173
82,180,173
82,180,174
82,180,174
82,180,174
82,180,174
82,180,174
82,180,174
82,180,174
82,180,174
82,180,174
82,180,174
82,180,174
82,180,174
82,180,174
82,180,174
82,180,174
82,180,174
82,180,174
82,180,174
82,180,174
82,180,174
82,180,174
82,180,174
82,180,174
82,180,174
82,180,174
82,180,174
82,180,174
82,180,174
82,180,174
82,180,174
82,180,174
82,180,174
82,180,174
82,180,174
82,180,174
83,180,173
83,180,173
83,180,173
83,180,173
83,180,173
83,180,173
83,180,173
83,180,173
83,180,173
83,180,173
83,180,173
83,180,173
83,180,173
83,180,173
82,180,174
82,180,174
82,180,174
82,180,174
82,180,174
82,180,174
82,180,174
82,180,174
82,180,174
82,180,174
83,180,173
83,180,173
83,180,173
83,180,173
83,180,173
83,180,173
84,181,174
84,181,174
83,181,174
83,180,173
83,180,173
83,180,173
83,180,173
83,180,173
83,180,173
83,181,174
83,181,174
84,181,174
84,181,174
84,181,174
84,181,174
84,181,174
84,181,174
84,181,174
84,181,174
84,181,174
84,181,174
84,181,174
84,181,174
84,181,174
84,181,174
83,180,173
83,180,173
83,180,173
83,180,173
82,180,174
82,180,174
82,180,174
82,180,174
82,180,174
82,180,174
82,180,174
83,180,173
83,180,173
83,180,173
83,180,173
83,180,173
83,180,173
83,181,174
84,181,174
84,181,174
84,181,174
84,181,174
85,182,174
85,182,174
85,182,174
85,182,174
84,181,174
84,181,174
84,181,174
83,181,174
83,180,173
82,180,173
82,180,172
82,180,172
82,180,172
80,179,172
80,179,172
80,179,172
80,179,172
79,179,171
79,179,171
79,179,171
79,178,171
77,177,170
77,177,171
76,178,170
76,177,170
75,177,170
74,177,170
74,177,170
73,176,169
73,176,169
73,176,169
72,176,168
72,176,168
72,176,168
71,175,168
70,174,168
70,174,168
70,174,168
70,174,168
70,174,168
70,175,167
71,175,167
71,175,167
70,174,168
70,174,168
70,175,168
71,175,168
72,175,167
72,176,168
73,176,168
73,176,168
73,176,168
73,176,168
73,176,168
74,177,169
74,177,170
74,177,170
75,177,170
75,177,170
76,177,170
76,178,170
77,178,171
79,179,171
79,179,171
79,179,172
79,179,172
80,179,172
81,180,173
82,180,173
82,180,173
82,180,173
82,180,173
82,180,173
82,180,174
82,180,174
82,180,174
82,180,174
82,180,174
82,180,174
82,180,174
82,180,174
82,180,174
82,180,174
82,180,174
82,180,174
82,180,174
82,180,174
82,180,174
82,180,174
82,180,174
82,180,174
82,180,174
82,180,174
82,180,174
82,180,174
82,180,174
82,180,174
82,180,174
82,180,174
82,180,174
82,180,174
82,180,174
82,180,174
82,180,174
82,180,174
82,180,174
82,180,174
83,180,173
83,180,173
83,180,173
83,180,173
83,180,173
83,180,173
83,180,173
83,180,173
83,180,173
83,180,173
83,180,173
83,180,173
83,180,173
83,180,173
83,180,173
83,180,173
83,180,173
82,180,174
82,180,174
82,180,174
82,180,174
82,180,174
82,180,174
83,180,173
83,180,173
83,180,173
83,180,173
83,180,173
83,180,173
83,180,173
84,181,174
84,181,174
84,181,174
84,181,174
83,181,174
83,180,173
83,180,173
83,180,173
83,180,173
83,180,173
84,181,174
84,181,174
84,181,174
84,181,174
84,181,174
84,181,174
84,181,174
84,181,174
84,181,174
84,181,174
84,181,174
84,181,174
84,181,174
84,181,174
84,181,174
84,181,174
83,180,173
83,180,173
83,180,173
83,180,173
83,180,173
83,180,173
83,180,173
82,180,174
82,180,174
82,180,174
82,180,174
83,180,173
83,180,173
83,180,173
83,180,173
83,180,173
83,180,173
83,180,173
83,181,174
84,181,174
84,181,174
84,181,174
84,181,174
84,181,174
84,181,174
84,181,174
84,181,174
84,181,174
84,181,174
83,180,173
82,180,173
82,180,173
82,180,172
82,180,172
82,180,172
81,180,173
80,179,172
80,179,172
80,179,172
79,179,171
79,179,171
79,179,171
79,178,171
78,178,171
77,177,171
76,178,170
76,178,170
75,177,170
74,177,170
74,177,170
74,177,169
73,176,169
73,176,168
72,176,168
72,176,168
72,176,168
72,175,167
70,175,167
70,174,168
70,174,168
70,174,168
70,174,168
70,175,167
71,175,167
72,175,167
70,174,168
70,175,168
71,175,168
72,175,167
72,176,168
73,176,168
73,176,168
73,176,168
73,176,168
74,177,169
74,177,169
74,177,169
74,177,170
75,177,170
75,177,170
76,177,170
76,178,170
77,178,171
78,178,172
79,179,171
79,179,172
79,179,172
80,179,172
80,179,172
81,180,174
82,180,173
82,180,173
82,180,173
82,180,173
82,180,173
82,180,174
82,180,174
82,180,174
82,180,174
82,180,174
82,180,174
82,180,174
82,180,174
82,180,174
82,180,174
82,180,174
82,180,174
82,180,174
82,180,174
82,180,174
82,180,174
82,180,174
82,180,174
82,180,174
82,180,174
82,180,174
82,180,174
82,180,174
82,180,174
82,180,174
82,180,174
82,180,174
82,180,174
82,180,174
82,180,174
82,180,174
82,180,174
82,180,174
82,180,174
83,180,173
83,180,173
83,180,173
83,180,173
83,180,173
83,180,173
83,180,173
83,180,173
83,180,173
83,180,173
83,180,173
83,180,173
83,180,173
83,180,173
83,180,173
83,180,173
83,180,173
83,180,173
83,180,173
83,180,173
83,180,173
83,180,173
83,180,173
83,180,173
83,180,173
83,180,173
83,180,173
83,180,173
83,180,173
83,181,174
84,181,174
84,181,174
84,181,174
84,181,174
84,181,174
83,180,173
83,180,173
83,180,173
83,180,173
83,180,173
84,181,174
84,181,174
84,181,174
84,181,174
84,181,174
84,181,174
84,181,174
84,181,174
84,181,174
84,181,174
84,181,174
84,181,174
84,181,174
84,181,174
84,181,174
84,181,174
83,180,173
83,180,173
83,180,173
83,180,173
83,180,173
83,180,173
83,180,173
83,180,173
83,180,173
82,180,174
83,180,173
83,180,173
83,180,173
83,180,173
83,180,173
83,180,173
83,180,173
83,180,173
83,180,173
83,180,173
84,181,174
84,181,174
84,181,174
84,181,174
84,181,174
84,181,174
84,181,174
84,181,174
83,180,173
83,180,173
82,180,173
82,180,173
82,180,172
82,180,172
82,180,172
81,180,173
80,179,172
80,179,172
80,179,172
80,179,172
79,179,171
79,179,171
79,178,171
78,178,171
78,178,171
77,177,171
76,178,170
76,177,170
75,177,170
74,177,170
74,177,169
73,176,168
73,176,168
73,176,168
72,176,168
72,176,168
72,176,168
72,175,167
70,175,167
70,174,168
70,174,168
70,174,168
71,175,167
71,175,167
72,175,167
70,174,168
70,174,168
70,175,167
72,175,168
72,175,167
72,176,167
73,176,168
73,176,169
73,176,168
74,177,169
74,177,169
74,177,170
74,177,170
75,177,169
75,177,170
76,177,170
76,177,170
77,178,171
77,178,171
79,179,171
79,179,172
79,179,172
80,179,172
80,179,172
80,179,172
81,180,174
82,180,173
82,180,173
82,180,173
82,180,173
82,180,173
82,180,174
82,180,174
82,180,174
82,180,174
82,180,174
82,180,174
82,180,174
82,180,174
82,180,174
82,180,174
82,180,174
82,180,174
82,180,174
82,180,174
82,180,174
82,180,174
82,180,174
82,180,174
82,180,174
82,180,174
82,180,174
82,180,174
82,180,174
82,180,174
82,180,174
82,180,174
82,180,174
82,180,174
82,180,174
82,180,174
82,180,174
82,180,174
82,180,174
82,180,174
83,180,173
83,180,173
83,180,173
83,180,173
83,180,173
83,180,173
83,180,173
83,180,173
83,180,173
83,180,173
83,180,173
83,180,173
83,180,173
83,180,173
83,180,173
83,180,173
83,180,173
83,180,173
83,180,173
83,180,173
83,180,173
83,180,173
83,180,173
83,180,173
83,180,173
83,180,173
83,180,173
83,180,173
83,180,173
84,181,174
84,181,174
84,181,174
84,181,174
84,181,174
83,181,174
83,180,173
83,180,173
83,180,173
83,180,173
83,180,173
84,181,174
84,181,174
84,181,174
84,181,174
84,181,174
84,181,174
84,181,174
84,181,174
84,181,174
84,181,174
84,181,174
84,181,174
84,181,174
84,181,174
84,181,174
84,181,174
83,181,174
83,180,173
83,180,173
83,180,173
83,180,173
83,180,173
83,180,173
83,180,173
83,180,173
83,180,173
83,180,173
83,180,174
83,180,173
83,180,173
83,180,173
83,180,173
83,180,173
83,180,173
83,180,173
83,180,173
84,181,174
84,181,174
84,181,174
84,181,174
84,181,174
84,181,174
84,181,174
83,180,173
83,180,173
82,180,174
82,180,174
82,180,174
82,180,172
82,180,172
82,180,172
82,180,172
80,179,172
80,179,172
80,179,172
80,179,172
79,179,171
79,179,171
79,178,171
79,178,171
78,178,171
78,178,171
76,178,170
76,178,170
75,177,170
74,177,170
74,176,169
74,177,169
73,176,168
73,176,168
73,176,168
72,176,168
72,176,168
72,175,167
71,175,167
71,175,167
71,175,167
71,175,167
71,175,167
71,175,167
72,175,167
72,176,168
70,175,168
70,175,167
72,175,167
72,175,167
72,175,167
72,176,167
73,176,169
73,176,169
73,176,169
74,177,170
74,177,169
74,177,170
75,177,170
75,177,170
75,177,170
76,177,170
76,178,170
77,178,171
79,179,171
79,179,172
79,179,172
80,179,172
80,179,172
80,179,172
80,179,172
82,180,173
82,180,173
82,180,173
82,180,173
82,180,173
82,180,173
82,180,174
82,180,174
82,180,174
82,180,174
82,180,174
82,180,174
82,180,174
82,180,174
82,180,174
82,180,174
82,180,174
82,180,174
82,180,174
82,180,174
82,180,174
82,180,174
82,180,174
82,180,174
82,180,174
82,180,174
82,180,174
82,180,174
82,180,174
82,180,174
82,180,174
82,180,174
82,180,174
82,180,174
82,180,174
82,180,174
82,180,174
82,180,174
82,180,174
82,180,174
82,180,174
83,180,173
83,180,173
83,180,173
83,180,173
83,180,173
83,180,173
83,180,173
83,180,173
83,180,173
83,180,173
83,180,173
83,180,173
83,180,173
83,180,173
83,180,173
83,180,173
83,180,173
83,180,173
83,180,173
83,180,173
83,180,173
83,180,173
83,180,173
83,180,173
83,180,173
83,180,173
83,180,173
84,181,174
84,181,174
84,181,174
84,181,174
84,181,174
84,181,174
83,181,174
83,181,174
83,180,173
83,180,173
83,180,173
83,180,173
84,181,174
84,181,174
84,181,174
84,181,174
84,181,174
84,181,174
84,181,174
84,181,174
84,181,174
84,181,174
84,181,174
84,181,174
84,181,174
84,181,174
84,181,174
84,181,174
84,181,174
83,181,174
83,180,173
83,180,173
83,180,173
83,180,173
83,180,173
83,180,173
83,180,173
83,180,173
83,180,173
83,180,173
83,180,173
83,180,173
83,180,173
83,180,173
83,180,173
83,180,173
83,180,173
83,180,173
84,181,174
84,181,174
84,181,174
84,181,174
84,181,174
84,181,174
84,181,174
83,180,173
83,180,173
82,180,174
82,180,174
82,180,173
82,180,172
82,180,172
82,180,172
82,180,172
82,180,172
80,179,172
80,179,172
80,179,172
80,179,171
79,179,171
79,179,171
79,178,171
79,178,171
78,178,171
77,177,171
77,177,171
75,177,170
74,177,170
74,176,170
74,177,170
73,176,168
73,176,168
73,176,168
72,176,168
72,176,168
72,176,168
71,175,167
71,175,167
71,175,167
71,175,167
71,175,167
71,175,167
72,175,167
72,176,168
71,175,167
71,175,168
71,175,168
72,175,167
72,175,167
72,175,168
73,176,169
73,176,169
73,176,169
73,176,169
74,177,170
74,177,170
75,177,170
75,177,170
75,177,170
76,177,170
76,177,170
77,178,171
77,178,171
79,179,171
79,179,172
80,179,172
80,179,172
80,179,172
80,179,172
80,179,172
82,180,172
82,180,173
82,180,173
82,180,173
82,180,173
82,180,173
82,180,174
82,180,174
82,180,174
82,180,174
82,180,174
82,180,174
82,180,174
82,180,174
82,180,174
82,180,174
82,180,174
82,180,174
82,180,174
82,180,174
82,180,174
82,180,174
82,180,174
82,180,174
82,180,174
82,180,174
82,180,174
82,180,174
82,180,174
82,180,174
82,180,174
82,180,174
82,180,174
82,180,174
82,180,174
82,180,174
82,180,174
82,180,174
82,180,174
82,180,174
82,180,174
83,180,173
83,180,173
83,180,173
83,180,173
83,180,173
83,180,173
83,180,173
83,180,173
83,180,173
84,181,174
83,181,174
83,181,174
83,181,174
83,181,174
83,181,174
83,181,174
84,181,174
84,181,174
84,181,174
84,181,174
84,181,174
83,180,173
83,180,173
83,180,173
83,180,173
83,180,173
83,180,173
84,181,174
84,181,174
84,181,174
84,181,174
84,181,174
84,181,174
83,181,174
83,181,174
83,180,173
83,180,173
83,180,173
83,180,173
84,181,174
84,181,174
84,181,174
84,181,174
84,181,174
84,181,174
84,181,174
84,181,174
84,181,174
84,181,174
84,181,174
84,181,174
84,181,174
84,181,174
84,181,174
84,181,174
84,181,174
84,181,174
84,181,174
84,181,174
84,181,174
84,181,174
84,181,174
84,181,174
84,181,174
84,181,174
84,181,174
84,181,174
84,181,174
84,181,174
84,181,174
84,181,174
84,181,174
84,181,174
84,181,174
84,181,174
84,181,174
84,181,174
84,181,174
84,181,174
84,181,174
84,181,174
84,181,174
83,180,173
83,180,173
82,180,174
82,180,174
82,180,173
82,180,173
82,180,172
82,180,173
82,180,172
82,180,172
80,179,172
80,179,172
80,179,172
80,179,171
79,179,171
79,179,171
79,178,171
79,178,171
78,178,171
78,178,171
77,177,171
76,177,170
75,177,170
74,176,170
74,176,170
73,176,169
73,176,169
73,176,168
73,176,168
72,176,168
72,175,167
71,175,167
71,175,167
71,175,167
71,175,167
71,175,167
71,175,167
72,175,167
72,176,168
72,176,168
71,175,167
71,175,167
72,175,167
72,175,167
72,175,167
72,176,167
73,176,169
73,176,169
73,176,169
73,176,169
74,177,170
75,177,170
75,177,170
75,177,170
76,177,170
76,177,170
77,178,171
77,178,171
79,179,171
79,179,172
79,179,172
80,179,172
80,179,172
80,179,172
80,179,172
82,180,172
82,180,172
82,180,172
82,180,173
82,180,173
82,180,173
82,180,174
82,180,174
82,180,174
82,180,174
82,180,174
82,180,174
82,180,174
82,180,174
82,180,174
82,180,174
82,180,174
82,180,174
82,180,174
82,180,174
82,180,174
82,180,174
82,180,174
82,180,174
82,180,174
82,180,174
82,180,174
82,180,174
82,180,174
82,180,174
82,180,174
82,180,174
82,180,174
82,180,174
82,180,174
82,180,174
82,180,174
82,180,174
82,180,174
82,180,174
82,180,174
82,180,174
83,180,173
83,180,173
83,180,173
83,180,173
83,180,173
83,180,173
83,180,173
83,180,173
84,181,174
84,181,174
84,181,174
84,181,174
83,181,174
84,181,174
84,181,174
84,181,174
84,181,174
84,181,174
84,181,174
84,181,174
84,181,174
84,181,174
84,181,174
83,180,173
83,180,173
83,180,173
83,180,173
84,181,174
84,181,174
84,181,174
84,181,174
84,181,174
84,181,174
83,181,174
83,181,174
83,180,173
83,180,173
83,180,173
83,180,173
84,181,174
84,181,174
84,181,174
84,181,174
84,181,174
84,181,174
84,181,174
84,181,174
84,181,174
84,181,174
84,181,174
84,181,174
84,181,174
84,181,174
84,181,174
84,181,174
84,181,174
84,181,174
84,181,174
84,181,174
84,181,174
84,181,174
84,181,174
84,181,174
84,181,174
84,181,174
84,181,174
84,181,174
84,181,174
84,181,174
84,181,174
84,181,174
84,181,174
84,181,174
84,181,174
84,181,174
84,181,174
84,181,174
84,181,174
84,181,174
84,181,174
84,181,174
84,181,174
83,180,173
83,180,173
83,180,173
82,180,174
82,180,174
82,180,173
82,180,172
82,180,172
82,180,172
82,180,172
82,180,172
80,179,172
80,179,172
80,179,171
79,179,171
79,179,171
79,179,171
79,178,171
78,178,171
78,178,171
77,177,171
77,177,171
76,177,170
74,176,170
74,176,170
73,176,169
73,176,169
73,176,169
73,176,169
72,176,168
72,176,168
71,175,167
71,175,167
71,175,167
71,175,167
71,175,167
71,175,167
72,175,167
72,176,168
72,176,168
71,175,167
72,175,167
72,175,167
72,175,167
72,175,167
72,176,167
73,176,169
73,176,169
73,176,169
74,177,170
75,177,170
75,177,170
75,177,170
75,177,170
76,177,170
76,177,170
77,178,171
78,178,172
79,179,171
79,179,172
79,179,172
80,179,172
80,179,172
80,179,172
80,179,172
82,180,172
82,180,173
82,180,173
82,180,173
82,180,174
82,180,174
82,180,174
82,180,174
82,180,174
82,180,174
82,180,174
82,180,174
82,180,174
82,180,174
82,180,174
82,180,174
82,180,174
82,180,174
82,180,174
82,180,174
82,180,174
82,180,174
82,180,174
82,180,174
82,180,174
82,180,174
82,180,174
82,180,174
82,180,174
82,180,174
82,180,174
82,180,174
82,180,174
82,180,174
82,180,174
82,180,174
82,180,174
82,180,174
82,180,174
82,180,174
82,180,174
82,180,174
83,180,173
83,180,173
83,180,173
83,180,173
83,180,173
83,180,173
84,181,174
84,181,174
84,181,174
84,181,174
84,181,174
84,181,174
84,181,174
84,181,174
84,181,174
84,181,174
84,181,174
84,181,174
84,181,174
84,181,174
84,181,174
84,181,174
84,181,174
83,180,173
83,180,173
83,180,173
84,181,174
84,181,174
84,181,174
84,181,174
84,181,174
84,181,174
84,181,174
83,181,174
83,181,174
83,180,173
83,180,173
83,180,173
83,180,173
84,181,174
84,181,174
84,181,174
84,181,174
84,181,174
84,181,174
84,181,174
84,181,174
84,181,174
84,181,174
84,181,174
84,181,174
84,181,174
84,181,174
84,181,174
84,181,174
84,181,174
84,181,174
84,181,174
84,181,174
84,181,174
84,181,174
84,181,174
84,181,174
84,181,174
84,181,174
84,181,174
84,181,174
84,181,174
84,181,174
84,181,174
84,181,174
84,181,174
84,181,174
84,181,174
84,181,174
84,181,174
84,181,174
84,181,174
84,181,174
84,181,174
84,181,174
84,181,174
83,180,173
83,180,173
83,180,173
82,180,174
82,180,174
82,180,174
82,180,174
82,180,172
82,180,172
82,180,172
82,180,172
80,179,172
80,179,172
80,179,171
80,179,171
79,179,171
79,179,171
79,178,171
79,178,171
78,178,171
78,178,171
77,177,171
76,177,170
75,177,170
74,176,170
74,176,170
73,176,169
73,176,169
73,176,169
73,176,168
72,176,168
72,175,167
71,175,167
71,175,167
71,175,167
71,175,167
71,175,167
72,175,167
72,175,167
72,175,167
71,175,167
71,175,167
72,175,167
72,175,167
72,175,167
72,176,167
72,176,168
73,176,169
73,176,169
73,176,169
75,177,170
75,177,170
75,177,170
75,177,170
75,177,170
76,177,170
77,178,171
77,178,171
79,179,171
79,179,171
79,179,172
79,179,172
80,179,172
80,179,172
80,179,172
81,180,173
82,180,173
82,180,173
82,180,174
82,180,174
82,180,174
82,180,174
82,180,174
82,180,174
82,180,174
82,180,174
82,180,174
82,180,174
82,180,174
82,180,174
82,180,174
82,180,174
82,180,174
82,180,174
82,180,174
82,180,174
82,180,174
82,180,174
82,180,174
82,180,174
82,180,174
82,180,174
82,180,174
82,180,174
82,180,174
82,180,174
82,180,174
82,180,174
82,180,174
82,180,174
82,180,174
82,180,174
82,180,174
82,180,174
82,180,174
82,180,174
82,180,174
83,180,174
83,180,173
83,180,173
83,180,173
83,180,173
83,180,173
84,181,174
84,181,174
84,181,174
84,181,174
84,181,174
84,181,174
84,181,174
84,181,174
84,181,174
84,181,174
84,181,174
84,181,174
84,181,174
84,181,174
84,181,174
84,181,174
84,181,174
84,181,174
84,181,174
83,180,173
84,181,174
84,181,174
84,181,174
84,181,174
84,181,174
84,181,174
84,181,174
84,181,174
83,181,174
83,180,173
83,180,173
83,180,173
83,180,173
83,180,173
84,181,174
84,181,174
84,181,174
84,181,174
84,181,174
84,181,174
84,181,174
84,181,174
84,181,174
84,181,174
84,181,174
84,181,174
84,181,174
84,181,174
84,181,174
84,181,174
84,181,174
84,181,174
84,181,174
84,181,174
84,181,174
84,181,174
84,181,174
84,181,174
84,181,174
84,181,174
84,181,174
84,181,174
84,181,174
84,181,174
84,181,174
84,181,174
84,181,174
84,181,174
84,181,174
84,181,174
84,181,174
84,181,174
84,181,174
84,181,174
84,181,174
84,181,174
84,181,174
84,181,174
83,180,173
83,180,173
82,180,174
82,180,174
82,180,174
82,180,174
82,180,173
82,180,172
82,180,172
82,180,172
80,179,172
80,179,171
80,179,171
79,179,171
79,179,171
79,179,171
79,178,171
79,178,171
78,178,171
78,178,171
77,177,171
77,177,171
76,177,170
75,177,170
74,177,170
74,177,170
73,176,169
73,176,169
73,176,169
72,176,168
72,175,167
72,175,167
71,175,167
71,175,167
71,175,167
71,175,167
72,175,167
72,175,167
72,175,167
72,175,167
71,175,167
71,175,167
72,175,167
72,175,167
72,175,167
72,176,167
73,176,169
73,176,169
73,176,169
74,177,170
75,177,170
75,177,170
75,177,170
75,177,170
76,177,170
76,177,170
77,178,171
78,178,172
79,179,171
79,179,171
79,179,172
79,179,172
80,179,172
80,179,172
80,179,172
82,180,172
82,180,173
82,180,174
82,180,174
82,180,174
82,180,174
82,180,174
82,180,174
82,180,174
82,180,174
82,180,174
82,180,174
82,180,174
82,180,174
82,180,174
82,180,174
82,180,174
82,180,174
82,180,174
82,180,174
82,180,174
82,180,174
82,180,174
82,180,174
82,180,174
82,180,174
82,180,174
82,180,174
82,180,174
82,180,174
82,180,174
82,180,174
82,180,174
82,180,174
82,180,174
82,180,174
82,180,174
82,180,174
82,180,174
82,180,174
82,180,174
83,180,174
83,180,173
83,180,173
83,181,174
84,181,174
84,181,174
84,181,174
84,181,174
84,181,174
84,181,174
84,181,174
84,181,174
84,181,174
84,181,174
84,181,174
84,181,174
84,181,174
84,181,174
84,181,174
84,181,174
84,181,174
84,181,174
84,181,174
83,180,173
84,181,174
84,181,174
84,181,174
84,181,174
84,181,174
84,181,174
84,181,174
84,181,174
84,181,174
84,181,174
84,181,174
84,181,174
84,181,174
83,180,173
83,180,173
83,180,173
84,181,174
84,181,174
84,181,174
84,181,174
84,181,174
84,181,174
84,181,174
84,181,174
84,181,174
84,181,175
84,181,175
84,181,175
84,181,175
84,181,175
84,181,175
84,181,174
84,181,174
84,181,174
84,181,174
84,181,174
84,181,174
84,181,174
84,181,174
84,181,174
84,181,174
84,181,174
84,181,174
84,181,174
84,181,174
84,181,174
84,181,174
84,181,174
84,181,174
84,181,174
84,181,174
84,181,174
84,181,174
84,181,174
84,181,174
84,181,174
84,181,174
84,181,174
84,181,174
84,181,174
84,181,174
83,180,173
83,180,173
82,180,174
82,180,174
82,180,174
82,180,174
82,180,173
82,180,172
82,180,172
82,180,172
80,179,172
80,179,171
80,179,171
80,179,171
79,179,171
79,179,171
79,178,171
79,178,171
79,178,171
78,178,171
78,178,171
77,177,171
77,177,171
76,177,170
75,177,170
74,177,170
73,176,169
73,176,169
73,176,169
73,176,169
72,176,168
72,175,167
72,175,167
72,175,167
72,175,167
72,175,167
72,175,167
72,175,167
72,175,167
72,175,167
71,175,167
71,175,167
71,175,167
72,175,167
72,175,167
72,176,168
73,176,169
73,176,169
73,176,169
75,177,170
75,177,170
75,177,170
75,177,170
75,177,170
76,177,170
77,178,171
78,178,172
79,179,171
79,178,171
79,179,172
79,179,172
79,179,172
80,179,172
80,179,172
80,179,172
82,180,172
82,180,174
82,180,174
82,180,174
82,180,174
82,180,174
82,180,174
82,180,174
82,180,174
82,180,174
82,180,174
82,180,174
82,180,174
82,180,174
82,180,174
82,180,174
82,180,174
82,180,174
82,180,174
82,180,174
82,180,174
82,180,174
82,180,174
82,180,174
82,180,174
82,180,174
82,180,174
82,180,174
82,180,174
82,180,174
82,180,174
82,180,174
82,180,174
82,180,174
82,180,174
82,180,174
82,180,174
82,180,174
82,180,174
82,180,174
82,180,174
83,180,174
83,180,173
83,181,174
84,181,174
84,181,174
84,181,174
84,181,174
84,181,174
84,181,174
84,181,174
84,181,174
84,181,174
84,181,174
84,181,174
84,181,174
84,181,174
84,181,174
84,181,174
84,181,174
84,181,174
84,181,174
84,181,174
83,180,173
83,180,173
83,180,173
84,181,174
84,181,174
84,181,174
84,181,174
84,181,174
84,181,174
84,181,174
84,181,174
84,181,174
84,181,174
84,181,174
84,181,174
83,180,173
83,180,173
84,181,174
84,181,174
84,181,174
84,181,174
84,181,174
84,181,174
84,181,174
84,181,174
84,181,174
84,181,174
84,181,175
84,181,175
84,181,175
84,181,175
84,181,175
84,181,175
84,181,175
84,181,174
84,181,174
84,181,174
84,181,174
84,181,174
84,181,174
84,181,174
84,181,174
84,181,174
84,181,174
84,181,174
84,181,174
84,181,174
84,181,174
84,181,174
84,181,174
84,181,174
84,181,174
84,181,174
84,181,174
84,181,174
84,181,174
84,181,174
84,181,174
84,181,174
84,181,174
84,181,174
84,181,174
84,181,174
83,180,173
83,180,173
82,180,174
82,180,174
82,180,174
82,180,174
82,180,173
82,180,172
82,180,172
82,180,172
80,179,172
80,179,171
80,179,171
80,179,171
79,179,171
79,179,171
79,179,171
79,178,171
79,178,171
79,178,171
78,178,171
78,178,171
77,177,171
76,177,170
75,177,170
74,177,170
74,177,170
73,176,169
73,176,169
73,176,169
72,176,168
72,175,167
72,175,167
72,175,167
72,175,167
72,175,167
71,175,167
72,175,167
72,175,167
72,175,168
70,175,167
71,175,167
71,175,167
72,175,167
72,175,167
72,176,168
72,176,168
73,176,169
73,176,169
74,177,170
75,177,170
75,177,170
75,177,170
75,177,170
76,177,170
76,178,170
77,178,171
78,178,172
79,178,171
79,179,171
79,179,171
79,179,172
79,179,172
79,179,172
80,179,172
80,179,172
82,180,173
82,180,174
82,180,174
82,180,174
82,180,174
82,180,174
82,180,174
82,180,174
82,180,174
82,180,174
82,180,174
82,180,174
82,180,174
82,180,174
82,180,174
82,180,174
82,180,174
82,180,174
82,180,174
82,180,174
82,180,174
82,180,174
82,180,174
82,180,174
82,180,174
82,180,174
82,180,174
82,180,174
82,180,174
82,180,174
82,180,174
82,180,174
82,180,174
82,180,174
82,180,174
82,180,174
82,180,174
82,180,174
82,180,174
82,180,174
82,180,174
83,180,174
83,181,174
84,181,174
84,181,174
84,181,174
84,181,174
84,181,174
84,181,174
84,181,174
84,181,174
84,181,174
84,181,174
84,181,174
84,181,174
84,181,174
84,181,174
84,181,174
84,181,174
84,181,174
84,181,174
84,181,174
83,180,173
83,180,173
83,180,173
83,180,173
83,181,174
84,181,174
84,181,174
84,181,174
84,181,174
84,181,174
84,181,174
84,181,174
84,181,174
84,181,174
84,181,174
84,181,174
84,181,174
84,181,174
84,181,174
84,181,174
84,181,174
84,181,174
84,181,174
84,181,174
84,181,174
84,181,174
84,181,174
84,181,175
84,181,175
84,181,175
84,181,175
84,181,175
84,181,175
84,181,175
84,181,175
84,181,175
84,181,174
84,181,174
84,181,174
84,181,174
84,181,174
84,181,174
84,181,174
84,181,174
84,181,174
84,181,174
84,181,174
84,181,174
84,181,174
84,181,174
84,181,174
84,181,174
84,181,174
84,181,174
84,181,174
84,181,174
84,181,174
84,181,174
84,181,174
84,181,174
84,181,174
84,181,174
84,181,174
84,181,174
83,180,173
83,180,173
83,180,173
82,180,174
82,180,174
82,180,174
82,180,174
82,180,173
82,180,172
82,180,172
80,179,172
80,179,172
80,179,171
80,179,171
80,179,171
79,179,171
79,179,171
79,179,171
79,178,171
79,178,171
78,178,171
78,178,171
77,177,171
77,177,171
75,177,170
75,177,170
74,177,170
73,176,169
73,176,169
73,176,169
72,176,168
72,176,168
72,176,168
72,176,168
72,175,167
72,175,167
71,175,167
71,175,168
71,175,168
72,175,168
72,175,168
71,175,167
71,175,167
71,175,167
72,175,167
72,175,167
72,176,168
72,176,168
73,176,169
73,176,169
74,177,170
75,177,170
75,177,170
75,177,170
75,177,170
76,177,170
76,178,170
78,178,172
78,178,172
79,178,171
79,179,171
79,179,171
79,179,172
79,179,172
79,179,172
80,179,172
80,179,172
82,180,173
82,180,174
82,180,174
82,180,174
82,180,174
82,180,174
82,180,174
82,180,174
82,180,174
82,180,174
82,180,174
82,180,174
82,180,174
82,180,174
82,180,174
82,180,174
82,180,174
82,180,174
82,180,174
82,180,174
82,180,174
82,180,174
82,180,174
82,180,174
82,180,174
82,180,174
82,180,174
82,180,174
82,180,174
82,180,174
82,180,174
82,180,174
82,180,174
82,180,174
82,180,174
82,180,174
83,180,173
82,180,174
82,180,174
82,180,174
82,180,174
83,180,173
84,181,174
84,181,174
84,181,174
84,181,174
84,181,174
84,181,174
84,181,174
84,181,174
84,181,174
84,181,174
84,181,174
84,181,174
84,181,174
84,181,174
84,181,174
84,181,174
84,181,174
84,181,174
84,181,174
84,181,174
83,180,173
83,180,173
83,180,173
83,180,173
83,180,173
83,181,174
84,181,174
84,181,174
84,181,174
84,181,174
84,181,174
84,181,174
84,181,174
84,181,174
84,181,174
84,181,174
84,181,174
84,181,174
84,181,174
84,181,174
84,181,174
84,181,174
84,181,174
84,181,174
84,181,174
84,181,174
84,181,174
84,181,174
84,181,175
84,181,175
84,181,175
84,181,175
84,181,175
85,182,175
85,182,175
85,182,175
85,182,174
84,181,174
84,181,174
84,181,174
84,181,174
84,181,174
84,181,174
84,181,174
84,181,174
84,181,174
84,181,174
84,181,174
84,181,174
84,181,174
84,181,174
84,181,174
84,181,174
84,181,174
84,181,174
84,181,174
84,181,174
84,181,174
84,181,174
84,181,174
84,181,174
84,181,174
84,181,174
84,181,174
83,180,173
83,180,173
83,180,173
82,180,174
82,180,174
82,180,174
82,180,174
82,180,173
82,180,172
82,180,172
80,179,172
80,179,172
80,179,171
80,179,171
80,179,171
79,179,171
79,179,171
79,179,171
79,179,171
79,178,171
78,178,171
78,178,171
78,178,171
77,177,171
75,177,170
75,177,170
74,177,170
74,177,170
74,176,169
73,176,169
72,176,168
72,176,168
72,176,168
72,176,168
72,175,167
72,175,167
71,175,168
71,175,168
71,175,168
72,175,168
72,175,168
71,175,167
71,175,167
72,175,167
72,175,167
72,176,168
72,176,168
73,176,169
73,176,169
73,176,169
74,177,170
75,177,170
75,177,170
75,177,170
76,177,170
76,178,170
77,178,171
78,178,172
79,179,171
79,178,171
79,179,171
79,179,171
79,179,171
79,179,172
79,179,172
80,179,172
80,179,172
82,180,173
82,180,174
82,180,174
82,180,174
82,180,174
82,180,174
82,180,174
82,180,174
82,180,174
82,180,174
82,180,174
82,180,174
82,180,174
82,180,174
82,180,174
82,180,174
82,180,174
82,180,174
82,180,174
82,180,174
82,180,174
82,180,174
82,180,174
82,180,174
82,180,174
82,180,174
82,180,174
82,180,174
82,180,174
82,180,174
82,180,174
82,180,174
82,180,174
82,180,174
83,180,173
83,180,173
83,180,173
83,180,173
82,180,174
82,180,174
83,180,174
83,180,173
83,181,174
84,181,174
84,181,174
84,181,174
84,181,174
84,181,174
84,181,174
84,181,174
84,181,174
84,181,174
84,181,174
84,181,174
84,181,174
84,181,174
84,181,174
84,181,174
84,181,174
84,181,174
84,181,174
84,181,174
83,180,173
83,180,173
83,180,173
83,180,173
83,180,173
83,180,173
83,181,174
83,181,174
83,181,174
83,181,174
84,181,174
84,181,174
84,181,174
84,181,174
84,181,174
84,181,174
84,181,174
84,181,174
84,181,174
84,181,174
84,181,174
84,181,174
84,181,174
84,181,174
84,181,174
84,181,174
84,181,174
84,181,174
84,181,175
84,181,175
84,181,175
84,181,175
85,182,175
85,182,175
85,182,175
85,182,175
85,182,174
85,182,174
84,181,174
84,181,174
84,181,174
84,181,174
84,181,174
84,181,174
84,181,174
84,181,174
84,181,174
84,181,174
84,181,174
84,181,174
84,181,174
84,181,174
84,181,174
84,181,174
84,181,174
84,181,174
84,181,174
84,181,174
84,181,174
84,181,174
84,181,174
84,181,174
84,181,174
84,181,174
83,180,173
83,180,173
83,180,173
83,180,173
82,180,174
82,180,174
82,180,174
82,180,174
82,180,172
82,180,172
80,179,172
80,179,172
80,179,172
80,179,171
80,179,171
80,179,171
79,179,171
79,179,171
79,179,171
79,178,171
79,178,171
78,178,171
78,178,171
77,177,171
76,177,170
75,177,170
74,177,170
74,177,170
74,176,169
73,176,169
73,176,168
72,176,168
72,176,168
72,176,168
72,176,168
72,175,167
71,175,168
71,175,168
71,175,168
72,175,168
72,175,168
71,175,168
72,175,167
72,175,167
72,176,168
72,176,168
73,176,169
73,176,169
73,176,169
74,177,170
75,177,169
75,177,170
75,177,170
75,177,170
76,177,170
76,178,170
77,178,171
78,178,172
79,179,171
79,179,171
79,179,171
79,179,171
79,179,171
79,179,172
79,179,172
80,179,172
80,179,172
82,180,173
82,180,174
82,180,174
82,180,174
82,180,174
82,180,174
82,180,174
82,180,174
82,180,174
82,180,174
82,180,174
82,180,174
82,180,174
82,180,174
82,180,174
82,180,174
82,180,174
82,180,174
82,180,174
82,180,174
82,180,174
82,180,174
82,180,174
82,180,174
82,180,174
82,180,174
82,180,174
82,180,174
82,180,174
82,180,174
82,180,174
82,180,174
82,180,174
82,180,174
83,180,173
83,180,173
83,180,173
83,180,173
83,180,173
82,180,174
82,180,174
83,180,173
83,181,174
84,181,174
84,181,174
84,181,174
84,181,174
84,181,174
84,181,174
84,181,174
84,181,174
84,181,174
84,181,174
84,181,174
84,181,174
84,181,174
84,181,174
84,181,174
84,181,174
84,181,174
84,181,174
84,181,174
83,180,173
83,180,173
83,180,173
83,180,173
83,180,173
83,180,173
83,180,173
83,180,173
83,180,173
83,180,173
83,181,174
84,181,174
84,181,174
84,181,174
84,181,174
84,181,174
84,181,174
84,181,174
84,181,174
84,181,174
84,181,174
84,181,174
84,181,174
84,181,174
84,181,174
84,181,174
84,181,174
84,181,174
84,181,174
84,181,175
84,181,175
84,181,175
85,182,175
85,182,175
85,182,175
85,182,175
85,182,174
85,182,174
85,182,174
84,181,174
84,181,174
84,181,174
84,181,174
84,181,174
84,181,174
84,181,174
84,181,174
84,181,174
84,181,174
84,181,174
84,181,174
84,181,174
84,181,174
84,181,174
84,181,174
84,181,174
84,181,174
84,181,174
84,181,174
84,181,174
84,181,174
84,181,174
84,181,174
84,181,174
83,180,173
83,180,173
83,180,173
83,180,173
82,180,174
82,180,174
82,180,174
82,180,174
82,180,172
82,180,172
82,180,172
80,179,172
80,179,172
80,179,172
80,179,172
80,179,171
79,179,171
79,179,171
79,179,171
79,179,171
79,178,171
78,178,171
78,178,171
77,177,171
76,178,170
75,177,170
74,177,170
74,177,170
74,176,169
74,176,169
73,176,168
73,176,168
72,176,168
72,176,168
72,176,168
72,175,167
71,175,168
71,175,168
72,175,167
72,175,168
72,175,168
71,175,168
72,175,167
72,175,167
72,175,167
72,176,168
72,176,168
73,176,169
73,176,169
73,176,169
74,177,170
75,177,170
75,177,170
75,177,170
76,177,170
76,178,170
77,178,171
78,178,172
78,178,171
79,179,171
79,179,171
79,179,171
79,179,171
79,179,171
79,179,172
79,179,172
80,179,172
81,180,173
82,180,174
82,180,174
82,180,174
82,180,174
82,180,174
82,180,174
82,180,174
82,180,174
82,180,174
82,180,174
82,180,174
82,180,174
82,180,174
82,180,174
82,180,174
82,180,174
82,180,174
82,180,174
82,180,174
82,180,174
82,180,174
82,180,174
82,180,174
82,180,174
83,180,173
83,180,173
83,180,173
82,180,174
82,180,174
82,180,174
82,180,174
82,180,174
82,180,174
82,180,174
82,180,174
83,180,173
83,180,173
83,180,173
83,180,173
83,180,173
83,180,173
83,180,173
83,180,173
83,181,174
84,181,174
84,181,174
84,181,174
84,181,174
84,181,174
84,181,174
84,181,174
84,181,174
84,181,174
84,181,174
84,181,174
84,181,174
84,181,174
84,181,174
84,181,174
84,181,174
84,181,174
83,181,174
83,180,173
83,180,173
83,180,173
83,180,173
83,180,173
82,180,174
82,180,174
83,180,174
83,180,174
83,180,173
83,180,173
83,181,174
84,181,174
84,181,174
84,181,174
84,181,174
84,181,174
84,181,174
84,181,174
84,181,174
84,181,174
84,181,174
84,181,174
84,181,174
84,181,174
84,181,174
84,181,174
84,181,174
84,181,174
84,181,175
84,181,175
85,182,175
85,182,175
85,182,175
85,182,175
85,182,175
85,182,175
85,182,174
85,182,174
85,182,174
84,181,174
84,181,174
84,181,174
84,181,174
84,181,174
84,181,174
84,181,174
84,181,174
84,181,174
84,181,174
84,181,174
84,181,174
84,181,174
84,181,174
84,181,174
84,181,174
84,181,174
84,181,174
84,181,174
84,181,174
84,181,174
84,181,174
84,181,174
84,181,174
83,180,173
83,180,173
83,180,173
83,180,173
82,180,174
82,180,174
82,180,174
82,180,174
82,180,173
82,180,172
82,180,172
82,180,172
80,179,172
80,179,172
80,179,172
80,179,172
79,179,172
79,179,172
79,179,172
79,179,171
79,179,171
78,178,171
78,178,171
78,178,171
76,178,170
75,177,170
74,177,170
74,177,170
74,176,169
74,176,169
74,176,169
73,176,168
73,176,168
72,176,168
72,176,168
72,175,167
72,175,167
72,175,167
72,175,168
72,175,168
72,175,168
72,176,168
72,175,167
72,175,167
72,175,167
72,176,168
72,176,168
73,176,169
73,176,169
73,176,169
73,176,169
75,177,169
75,177,170
75,177,170
75,177,170
76,177,170
76,178,170
77,178,171
78,178,172
79,179,171
79,179,171
79,179,171
79,179,171
79,179,171
79,179,171
79,179,172
79,179,172
80,179,172
82,180,172
82,180,174
82,180,174
82,180,174
82,180,174
82,180,174
82,180,174
82,180,174
82,180,174
82,180,174
82,180,174
82,180,174
82,180,174
82,180,174
82,180,174
82,180,174
82,180,174
82,180,174
82,180,174
82,180,174
82,180,174
82,180,174
82,180,174
82,180,174
82,180,174
83,180,173
83,180,173
83,180,173
82,180,174
82,180,174
82,180,174
82,180,174
82,180,174
82,180,174
82,180,174
82,180,174
83,180,173
83,180,173
83,180,173
83,180,173
83,180,173
83,180,173
82,180,174
83,180,174
83,180,173
83,181,174
83,181,174
83,181,174
84,181,174
84,181,174
84,181,174
84,181,174
84,181,174
84,181,174
84,181,174
84,181,174
84,181,174
84,181,174
83,181,174
83,181,174
83,181,174
83,181,174
83,181,174
83,180,173
83,180,173
83,180,173
83,180,173
82,180,174
82,180,174
82,180,174
82,180,174
83,180,173
83,180,173
83,180,173
83,180,173
84,181,174
84,181,174
84,181,174
84,181,174
84,181,174
84,181,174
84,181,174
84,181,174
84,181,174
84,181,174
84,181,174
84,181,174
84,181,174
84,181,174
84,181,174
84,181,174
84,181,174
84,181,174
84,181,174
84,181,175
85,182,175
85,182,175
85,182,175
85,182,175
85,182,175
85,182,175
85,182,174
85,182,174
84,181,174
84,181,174
84,181,174
84,181,174
84,181,174
84,181,174
84,181,174
84,181,174
84,181,174
85,182,174
85,182,174
84,181,174
84,181,174
84,181,174
84,181,174
84,181,174
84,181,174
84,181,174
84,181,174
84,181,174
84,181,174
84,181,174
84,181,174
84,181,174
83,180,173
83,180,173
83,180,173
83,180,173
82,180,174
82,180,174
82,180,174
82,180,174
82,180,174
82,180,173
82,180,172
82,180,172
80,179,172
80,179,172
80,179,172
80,179,172
80,179,172
79,179,172
79,179,172
79,179,172
79,179,171
79,178,171
78,178,171
78,178,171
76,178,170
76,177,170
75,177,170
74,177,170
74,176,169
74,176,169
74,176,169
74,176,169
73,176,168
73,175,168
72,176,168
72,175,167
72,175,167
72,175,167
72,175,167
72,175,168
72,176,168
72,176,168
72,175,167
72,175,167
72,175,167
72,176,168
72,176,168
73,176,169
73,176,169
73,176,169
74,177,170
75,177,170
75,177,170
75,177,170
76,177,170
76,178,170
77,177,171
78,178,171
78,178,171
79,179,171
79,179,172
79,179,171
79,179,171
79,179,171
79,179,172
79,179,172
80,179,172
80,179,172
82,180,172
82,180,174
82,180,174
82,180,174
82,180,174
82,180,174
82,180,174
82,180,174
82,180,174
82,180,174
82,180,174
82,180,174
82,180,174
82,180,174
82,180,174
82,180,174
82,180,174
82,180,174
82,180,174
82,180,174
82,180,174
82,180,174
82,180,174
82,180,174
83,180,173
83,180,173
83,180,173
83,180,173
82,180,174
82,180,174
82,180,174
82,180,174
82,180,174
82,180,174
82,180,174
83,180,173
83,180,173
83,180,173
83,180,173
83,180,173
83,180,173
82,180,174
82,180,174
82,180,174
83,180,173
83,180,173
83,180,173
83,180,173
83,180,173
83,180,173
83,180,173
83,180,173
83,180,173
83,180,173
83,180,173
83,180,173
83,180,173
83,180,173
83,180,173
83,180,173
83,180,173
83,180,173
83,180,173
84,181,174
84,181,174
83,180,173
83,180,173
82,180,174
82,180,174
82,180,174
83,180,173
83,180,173
83,180,173
83,180,173
83,180,173
83,180,173
84,181,174
84,181,174
84,181,174
84,181,174
84,181,174
84,181,174
84,181,174
84,181,174
84,181,174
84,181,174
84,181,174
84,181,174
84,181,174
84,181,174
84,181,174
84,181,174
84,181,174
84,181,174
84,181,174
84,181,174
84,181,175
85,182,175
85,182,175
85,182,175
85,182,175
85,182,175
84,181,175
84,181,175
84,181,175
84,181,175
84,181,175
84,181,175
84,181,175
84,181,175
84,181,175
84,181,175
85,182,175
85,182,174
85,182,174
84,181,174
84,181,174
84,181,174
84,181,174
84,181,174
84,181,174
84,181,174
84,181,174
84,181,174
84,181,174
84,181,174
84,181,174
83,180,173
83,180,173
83,180,173
83,180,173
82,180,174
82,180,174
82,180,174
82,180,174
82,180,174
82,180,174
82,180,173
82,180,173
82,180,172
82,180,172
80,179,172
80,179,172
80,179,172
80,179,172
79,179,172
79,179,172
79,179,171
79,179,171
79,178,171
78,178,171
77,177,171
76,177,170
75,177,170
74,177,170
74,176,170
74,176,169
74,176,169
74,176,169
73,176,168
73,176,168
73,175,169
72,175,168
72,175,168
72,175,168
72,176,168
72,176,168
72,176,168
72,176,168
72,176,168
72,176,168
72,176,168
72,176,168
72,176,168
72,176,168
73,176,169
73,176,169
74,177,170
75,177,170
75,177,170
75,177,170
76,177,170
77,177,171
77,177,171
78,178,171
79,179,171
79,179,171
79,179,171
80,179,171
80,179,171
79,179,171
79,179,172
79,179,172
80,179,172
81,180,173
82,180,173
82,180,174
82,180,174
82,180,174
82,180,174
82,180,174
82,180,174
82,180,174
82,180,174
82,180,174
82,180,174
82,180,174
82,180,174
82,180,174
82,180,174
82,180,174
82,180,174
82,180,174
82,180,174
83,180,173
82,180,174
82,180,174
82,180,174
83,180,173
83,180,173
83,180,173
83,180,173
83,180,173
82,180,174
82,180,174
82,180,174
82,180,174
82,180,174
82,180,174
82,180,174
83,180,173
83,180,173
83,180,173
83,180,173
83,180,173
82,180,174
82,180,174
82,180,174
82,180,174
82,180,174
83,180,173
83,180,173
83,180,173
83,180,173
83,180,173
83,180,173
83,180,173
83,180,173
83,180,173
83,180,173
83,180,173
83,180,173
83,180,173
83,180,173
83,180,173
83,180,173
83,180,173
83,180,173
84,181,174
84,181,174
84,181,174
83,180,173
82,180,174
82,180,174
83,180,173
83,180,173
83,180,173
83,180,173
83,180,173
83,180,173
83,180,173
83,180,173
84,181,174
84,181,174
84,181,174
84,181,174
84,181,174
84,181,174
84,181,174
84,181,174
84,181,174
84,181,174
84,181,174
84,181,174
84,181,174
84,181,174
84,181,174
84,181,174
84,181,174
84,181,174
84,181,174
84,181,174
84,181,174
84,181,175
85,182,175
85,182,175
85,182,175
84,181,175
84,181,175
84,181,175
84,181,175
84,181,175
84,181,175
84,181,175
84,181,175
84,181,175
84,181,175
85,182,175
85,182,175
85,182,174
84,181,174
84,181,174
84,181,174
84,181,174
84,181,174
84,181,174
84,181,174
84,181,174
84,181,174
84,181,174
84,181,174
84,181,174
83,180,173
83,180,173
83,180,173
83,180,173
83,180,173
83,180,173
82,180,174
82,180,174
82,180,174
82,180,174
82,180,174
82,180,173
82,180,172
82,180,172
80,179,172
80,179,172
80,179,172
80,179,172
80,179,172
80,179,172
79,179,171
79,179,171
79,178,171
78,178,171
78,178,171
77,177,171
76,177,170
75,177,170
74,176,170
74,176,170
74,176,169
74,176,169
74,176,169
73,176,169
73,175,169
72,176,168
72,175,168
72,175,168
73,175,169
72,176,168
72,176,168
72,176,168
72,176,167
72,176,167
72,175,167
72,176,167
72,176,167
72,176,168
73,176,169
73,176,169
74,177,170
75,177,170
75,177,170
76,177,170
76,178,170
77,177,171
78,178,171
78,178,172
79,179,171
79,179,171
80,179,171
80,179,171
80,179,171
80,179,171
80,179,172
80,179,172
80,179,172
81,180,174
82,180,173
82,180,174
82,180,174
82,180,174
82,180,174
82,180,174
82,180,174
82,180,174
82,180,174
82,180,174
82,180,174
82,180,174
82,180,174
82,180,174
82,180,174
82,180,174
82,180,174
82,180,174
82,180,174
83,180,173
83,180,173
82,180,174
83,180,173
83,180,173
83,180,173
83,180,173
83,180,173
83,180,173
82,180,174
82,180,174
82,180,174
82,180,174
82,180,174
82,180,174
82,180,174
83,180,173
83,180,173
83,180,173
83,180,173
82,180,174
82,180,174
82,180,174
82,180,174
82,180,174
82,180,174
82,180,174
83,180,173
83,180,173
83,180,173
83,180,173
83,180,173
83,180,173
83,180,173
83,180,173
83,180,173
83,180,173
83,180,173
83,180,173
83,180,173
83,180,173
83,180,173
83,180,173
83,180,173
84,181,174
84,181,174
84,181,174
84,181,174
83,180,173
83,180,173
83,180,173
83,180,173
83,180,173
83,180,173
83,180,173
83,180,173
83,180,173
83,180,173
83,180,173
84,181,174
84,181,174
84,181,174
84,181,174
84,181,174
84,181,174
84,181,174
84,181,174
84,181,174
84,181,174
84,181,174
84,181,174
84,181,174
84,181,174
84,181,174
84,181,174
84,181,174
84,181,174
84,181,174
84,181,174
84,181,175
84,181,175
84,181,175
84,181,175
84,181,175
84,181,175
84,181,175
84,181,175
84,181,175
84,181,175
84,181,175
84,181,175
84,181,175
84,181,175
84,181,175
84,181,175
84,181,175
84,181,174
84,181,174
84,181,174
84,181,174
84,181,174
84,181,174
84,181,174
84,181,174
84,181,174
84,181,174
84,181,174
84,181,174
83,180,173
83,180,173
83,180,173
83,180,173
83,180,173
83,180,173
83,180,173
82,180,174
82,180,174
82,180,174
82,180,174
82,180,174
82,180,173
82,180,172
82,180,172
81,180,173
80,179,172
80,179,172
80,179,172
80,179,172
79,179,171
79,179,171
79,179,171
79,178,171
78,178,171
77,177,171
76,177,170
75,177,170
74,177,170
74,176,170
74,176,170
74,176,169
74,176,169
73,176,169
73,176,169
72,176,168
72,176,168
72,176,168
72,176,168
72,176,168
72,176,168
73,176,169
72,176,167
72,176,167
72,175,167
72,175,167
72,176,167
72,176,167
73,176,169
73,176,169
74,177,170
74,177,170
75,177,170
75,177,170
76,177,170
76,178,170
77,178,171
78,178,171
78,178,172
79,179,171
79,179,171
80,179,171
80,179,171
80,179,171
80,179,172
80,179,172
80,179,172
80,179,172
82,180,173
82,180,173
82,180,174
82,180,174
82,180,174
82,180,174
82,180,174
82,180,174
82,180,174
82,180,174
82,180,174
82,180,174
82,180,174
82,180,174
82,180,174
82,180,174
82,180,174
82,180,174
82,180,174
82,180,174
82,180,174
82,180,174
82,180,174
83,180,173
83,180,173
83,180,173
83,180,173
83,180,173
82,180,174
82,180,174
82,180,174
82,180,174
82,180,174
82,180,174
82,180,174
82,180,174
83,180,173
83,180,173
82,180,174
82,180,174
82,180,174
82,180,174
82,180,174
82,180,174
82,180,174
82,180,174
82,180,174
82,180,174
82,180,174
82,180,174
82,180,174
82,180,174
83,180,173
83,180,173
83,180,173
83,180,173
83,180,173
83,180,173
83,180,173
83,180,173
83,180,173
83,180,173
83,180,173
83,180,173
84,181,174
84,181,174
84,181,174
84,181,174
83,180,173
83,180,173
83,180,173
83,180,173
83,180,173
83,180,173
83,180,173
83,180,173
83,180,173
83,180,173
83,180,173
83,180,173
83,180,173
84,181,174
84,181,174
84,181,174
84,181,174
84,181,174
84,181,174
84,181,174
83,181,174
83,181,174
83,181,174
84,181,174
84,181,174
84,181,174
84,181,174
84,181,174
84,181,174
84,181,174
84,181,174
84,181,174
84,181,175
84,181,175
84,181,175
84,181,175
84,181,175
84,181,175
84,181,175
84,181,175
84,181,175
84,181,175
84,181,175
84,181,175
84,181,175
84,181,175
84,181,175
84,181,175
84,181,174
84,181,174
84,181,174
84,181,174
84,181,174
84,181,174
84,181,174
84,181,174
84,181,174
84,181,174
84,181,174
84,181,174
83,180,173
83,180,173
83,180,173
83,180,173
83,180,173
83,180,173
83,180,173
82,180,174
82,180,174
82,180,174
82,180,174
82,180,174
82,180,173
82,180,173
82,180,172
82,180,172
82,180,172
80,179,172
80,179,172
80,179,172
80,179,171
79,179,171
79,179,171
79,178,171
79,178,171
78,178,171
77,177,171
75,177,170
75,177,170
74,176,170
74,176,170
74,176,170
74,176,169
74,176,169
73,176,169
73,176,169
72,176,168
72,176,168
72,176,168
72,176,168
73,176,169
73,176,169
73,176,169
72,176,167
72,175,167
72,175,167
72,175,167
72,176,167
72,176,167
73,176,169
73,176,169
74,177,170
74,177,170
75,177,170
75,177,170
76,177,170
76,178,170
77,177,171
78,178,171
79,179,171
79,179,172
80,179,171
80,179,171
80,179,171
80,179,171
80,179,172
80,179,172
80,179,172
80,179,172
82,180,173
82,180,173
82,180,174
82,180,174
82,180,174
82,180,174
82,180,174
82,180,174
82,180,174
82,180,174
82,180,174
82,180,174
82,180,174
82,180,174
82,180,174
82,180,174
82,180,174
82,180,174
82,180,174
82,180,174
82,180,174
82,180,174
82,180,174
83,180,173
83,180,173
82,180,174
82,180,174
82,180,174
82,180,174
82,180,174
82,180,174
82,180,174
82,180,174
82,180,174
82,180,174
83,180,173
83,180,173
83,180,173
82,180,174
82,180,174
82,180,174
82,180,174
82,180,174
82,180,174
82,180,174
82,180,174
82,180,174
82,180,174
82,180,174
82,180,174
82,180,174
82,180,174
82,180,174
83,180,173
83,180,173
83,180,173
83,180,173
83,180,173
83,180,173
83,180,173
83,180,173
83,180,173
83,180,173
83,180,173
84,181,174
84,181,174
84,181,174
84,181,174
83,181,174
83,180,173
83,180,173
83,180,173
83,180,173
83,180,173
83,180,173
83,180,173
83,180,173
83,180,173
82,180,174
82,180,174
82,180,174
82,180,174
82,180,174
82,180,174
82,180,174
83,180,173
83,180,173
83,180,173
83,180,173
83,180,173
83,180,173
83,181,174
84,181,174
84,181,174
84,181,174
84,181,174
84,181,174
84,181,174
84,181,174
84,181,174
84,181,175
84,181,175
84,181,175
84,181,175
84,181,175
84,181,175
84,181,175
84,181,175
84,181,175
84,181,175
84,181,175
84,181,175
84,181,175
84,181,175
84,181,175
84,181,175
84,181,174
84,181,174
84,181,174
84,181,174
84,181,174
84,181,174
84,181,174
84,181,174
84,181,174
84,181,174
84,181,174
84,181,174
83,180,173
83,180,173
83,180,173
83,180,173
83,180,173
83,180,173
83,180,173
83,180,173
82,180,174
82,180,174
82,180,174
82,180,174
82,180,174
82,180,173
82,180,173
82,180,172
82,180,172
82,180,172
81,180,173
80,179,172
80,179,172
80,179,171
79,179,171
79,179,171
79,178,171
78,178,171
77,177,171
75,177,170
75,177,170
74,176,170
74,176,170
74,176,170
74,176,170
74,176,169
74,176,169
73,176,169
73,176,169
73,176,169
73,176,169
73,176,169
73,176,169
73,176,169
73,176,169
72,175,167
72,175,167
72,175,167
72,176,167
72,176,168
73,176,168
73,176,169
73,176,169
74,177,170
74,177,170
75,177,170
75,177,170
76,177,170
77,177,171
77,178,171
78,178,171
79,179,171
79,179,171
80,179,171
80,179,171
80,179,171
80,179,171
80,179,172
80,179,172
80,179,172
80,179,172
82,180,173
82,180,173
82,180,174
82,180,174
82,180,174
82,180,174
82,180,174
82,180,174
82,180,174
82,180,174
82,180,174
82,180,174
82,180,174
82,180,174
82,180,174
82,180,174
82,180,174
82,180,174
82,180,174
82,180,174
83,180,173
83,180,173
82,180,174
83,180,173
82,180,174
82,180,174
82,180,174
82,180,174
82,180,174
82,180,174
82,180,174
82,180,174
82,180,174
83,180,173
83,180,173
83,180,173
83,180,173
82,180,174
82,180,174
82,180,174
82,180,174
82,180,174
82,180,174
82,180,174
82,180,174
82,180,174
82,180,174
82,180,174
82,180,174
82,180,174
82,180,174
82,180,174
82,180,174
83,180,173
83,180,173
83,180,173
83,180,173
83,180,173
83,180,173
83,180,173
83,180,173
83,180,173
83,180,173
83,180,173
84,181,174
84,181,174
84,181,174
84,181,174
83,181,174
83,181,174
83,180,173
83,180,173
83,180,173
83,180,173
83,180,173
83,180,173
83,180,173
83,180,173
82,180,174
82,180,174
82,180,174
82,180,174
82,180,174
82,180,174
82,180,174
82,180,174
83,180,173
83,180,173
83,180,173
83,180,173
83,180,173
83,180,173
83,181,174
84,181,174
84,181,174
84,181,174
84,181,174
84,181,174
84,181,174
84,181,174
84,181,175
84,181,175
84,181,175
84,181,175
84,181,175
84,181,175
84,181,175
84,181,175
84,181,175
84,181,175
84,181,175
84,181,175
84,181,175
84,181,175
84,181,175
84,181,175
84,181,174
84,181,174
84,181,174
84,181,174
84,181,174
84,181,174
84,181,174
84,181,174
84,181,174
84,181,174
84,181,174
84,181,174
83,180,173
83,180,173
83,180,173
83,180,173
83,180,173
83,180,173
83,180,173
83,180,173
83,180,173
82,180,174
82,180,174
82,180,174
82,180,174
82,180,173
82,180,173
82,180,172
82,180,172
82,180,172
82,180,172
81,180,173
80,179,172
80,179,171
80,179,171
79,179,171
79,178,171
78,178,171
77,177,171
76,177,170
75,177,170
75,177,170
74,176,170
74,176,170
74,176,170
74,176,170
74,176,169
74,176,169
73,176,169
73,176,169
73,176,169
73,176,169
73,176,169
73,176,169
74,176,169
72,175,167
72,175,167
72,175,167
72,176,167
72,176,168
73,176,168
73,176,169
73,176,169
74,177,170
74,177,170
75,177,170
76,177,170
76,177,170
76,178,170
77,178,171
78,178,171
79,179,171
79,179,171
80,179,171
80,179,171
80,179,171
80,179,171
80,179,172
80,179,172
80,179,172
80,179,172
82,180,173
82,180,174
82,180,174
82,180,174
82,180,174
82,180,174
82,180,174
82,180,174
82,180,174
82,180,174
82,180,174
82,180,174
82,180,174
82,180,174
82,180,174
82,180,174
82,180,174
82,180,174
82,180,174
83,180,173
83,180,173
83,180,173
83,180,173
83,180,173
83,180,173
82,180,174
82,180,174
82,180,174
82,180,174
82,180,174
82,180,174
82,180,174
83,180,174
83,180,173
83,180,173
83,180,173
83,180,173
82,180,174
82,180,174
82,180,174
82,180,174
82,180,174
82,180,174
82,180,174
82,180,174
82,180,174
82,180,174
82,180,174
82,180,174
82,180,174
82,180,174
82,180,174
82,180,174
82,180,174
83,180,173
83,180,173
83,180,173
83,180,173
83,180,173
83,180,173
83,180,173
83,180,173
83,180,173
83,181,174
84,181,174
84,181,174
84,181,174
84,181,174
84,181,174
83,181,174
84,181,174
84,181,174
84,181,174
83,180,173
83,180,173
83,180,173
83,180,173
83,180,173
82,180,174
82,180,174
82,180,174
82,180,174
82,180,174
82,180,174
82,180,174
82,180,174
82,180,174
83,180,173
83,180,173
83,180,173
83,180,173
83,180,173
84,181,174
84,181,174
84,181,174
84,181,174
84,181,174
84,181,174
84,181,174
84,181,174
84,181,175
84,181,175
84,181,175
84,181,175
84,181,175
84,181,175
84,181,175
84,181,175
84,181,175
84,181,175
84,181,175
84,181,175
84,181,175
84,181,175
84,181,175
84,181,175
84,181,174
84,181,174
84,181,174
84,181,174
84,181,174
84,181,174
84,181,174
84,181,174
84,181,174
84,181,174
84,181,174
84,181,174
84,181,174
83,180,173
83,180,173
84,181,174
84,181,174
84,181,174
84,181,174
83,180,173
83,180,173
82,180,174
82,180,174
82,180,174
82,180,174
82,180,174
82,180,173
82,180,173
82,180,172
82,180,172
82,180,172
82,180,172
81,180,173
80,179,172
80,179,171
79,179,171
79,178,171
78,178,171
77,177,171
76,178,170
75,177,170
75,177,170
75,177,170
74,176,170
74,176,170
74,176,170
74,176,170
74,176,169
74,176,169
74,176,169
74,176,169
73,176,169
73,176,169
73,176,169
73,176,169
72,175,167
72,176,167
72,176,167
72,176,168
73,176,168
73,176,168
73,176,169
73,176,169
74,177,170
75,177,170
75,177,170
76,177,170
76,178,170
77,177,171
77,178,171
79,179,171
79,179,171
79,179,171
80,179,171
80,179,171
80,179,171
80,179,172
80,179,172
80,179,172
80,179,172
82,180,172
82,180,173
82,180,174
82,180,174
82,180,174
82,180,174
82,180,174
82,180,174
82,180,174
82,180,174
82,180,174
82,180,174
82,180,174
82,180,174
82,180,174
82,180,174
82,180,174
82,180,174
82,180,174
83,180,173
83,180,173
83,180,173
83,180,173
83,180,173
83,180,173
83,180,173
83,180,173
82,180,174
83,180,174
83,180,174
83,180,174
83,180,174
83,180,173
83,180,173
83,180,173
83,180,173
83,180,173
83,180,173
83,180,173
83,180,174
82,180,174
82,180,174
82,180,174
82,180,174
82,180,174
82,180,174
82,180,174
82,180,174
82,180,174
82,180,174
82,180,174
82,180,174
82,180,174
82,180,174
82,180,173
83,180,173
83,180,173
83,180,173
83,180,173
83,180,173
83,180,173
83,180,173
83,180,173
83,181,174
84,181,174
84,181,174
84,181,174
84,181,174
84,181,174
84,181,174
84,181,174
84,181,174
84,181,174
84,181,174
84,181,174
83,181,174
83,180,173
83,180,173
83,180,173
83,180,173
83,180,173
82,180,174
82,180,174
82,180,174
82,180,174
82,180,174
82,180,174
82,180,174
83,180,173
83,180,173
83,180,173
83,180,173
83,180,173
84,181,174
84,181,174
84,181,174
84,181,174
84,181,174
84,181,174
84,181,174
84,181,174
84,181,175
84,181,175
84,181,175
84,181,175
84,181,175
84,181,175
84,181,175
84,181,175
84,181,175
84,181,175
84,181,175
84,181,175
84,181,175
84,181,175
84,181,175
84,181,175
84,181,175
84,181,174
84,181,174
84,181,174
84,181,174
84,181,174
84,181,174
84,181,174
84,181,174
84,181,174
84,181,174
84,181,174
84,181,174
84,181,174
84,181,174
84,181,174
84,181,174
84,181,174
84,181,174
84,181,174
83,180,173
82,180,174
82,180,174
82,180,174
82,180,174
82,180,174
82,180,174
82,180,174
82,180,173
82,180,173
82,180,172
82,180,172
82,180,172
80,179,172
80,179,171
80,179,171
79,179,171
79,179,171
78,178,171
76,178,170
76,177,170
75,177,170
75,177,170
75,177,170
74,176,170
74,176,170
74,176,170
74,176,170
74,176,169
74,176,169
74,176,169
74,176,169
73,176,169
73,176,169
73,176,169
72,176,167
72,176,167
72,176,167
72,176,168
73,176,168
73,176,168
73,176,168
73,176,169
73,176,169
74,177,170
75,177,170
76,177,170
76,177,170
77,177,171
77,177,171
78,178,171
79,179,171
79,179,171
79,179,171
80,179,171
80,179,171
80,179,171
80,179,172
80,179,172
80,179,172
80,179,172
82,180,172
82,180,174
82,180,174
82,180,174
82,180,174
82,180,174
82,180,174
82,180,174
82,180,174
82,180,174
82,180,174
82,180,174
82,180,174
82,180,174
82,180,174
82,180,174
82,180,174
82,180,174
83,180,173
83,180,173
83,180,173
83,180,173
83,181,174
84,181,174
84,181,174
84,181,174
84,181,174
83,181,174
83,181,174
83,181,174
83,181,174
83,181,174
83,181,174
83,181,174
83,181,174
83,181,174
83,181,174
83,180,173
83,180,173
83,180,174
83,180,174
82,180,174
82,180,174
82,180,174
82,180,174
82,180,174
82,180,174
82,180,174
82,180,174
82,180,174
82,180,174
82,180,174
82,180,173
82,180,173
83,180,173
83,180,173
83,180,173
83,180,173
83,180,173
83,180,173
83,180,173
83,180,173
83,180,173
83,181,174
84,181,174
84,181,174
84,181,174
84,181,174
84,181,174
84,181,174
84,181,174
84,181,174
84,181,174
84,181,174
84,181,174
84,181,174
83,180,173
83,180,173
83,180,173
83,180,173
83,180,173
83,180,173
82,180,174
82,180,174
82,180,174
82,180,174
82,180,174
82,180,174
83,180,173
83,180,173
83,180,173
83,180,173
83,180,173
84,181,174
84,181,174
84,181,174
84,181,174
84,181,174
84,181,174
84,181,174
84,181,174
84,181,175
84,181,175
84,181,175
84,181,175
84,181,175
84,181,175
84,181,175
84,181,175
84,181,175
84,181,175
84,181,175
84,181,175
84,181,175
84,181,175
84,181,175
84,181,175
84,181,175
84,181,174
84,181,174
84,181,174
84,181,174
84,181,174
84,181,174
84,181,174
84,181,174
84,181,174
84,181,174
84,181,174
84,181,174
84,181,174
84,181,174
84,181,174
84,181,174
84,181,174
84,181,174
84,181,174
83,180,173
83,180,173
82,180,174
82,180,174
82,180,174
82,180,174
82,180,174
82,180,174
82,180,174
82,180,174
82,180,173
82,180,172
82,180,172
81,180,173
80,179,172
80,179,171
79,179,171
79,179,171
78,178,171
76,178,170
76,178,170
75,177,170
75,177,170
75,177,170
75,177,170
74,176,170
74,176,170
74,176,170
74,176,169
74,176,169
74,176,169
74,176,169
73,176,169
73,176,169
72,176,168
73,176,169
72,176,168
72,176,168
72,176,168
72,176,168
73,176,168
73,176,168
73,176,168
73,176,169
74,177,170
75,177,170
76,177,170
76,177,170
76,177,170
76,178,170
77,177,171
79,179,171
79,179,171
79,178,171
79,179,171
79,179,171
80,179,171
80,179,172
80,179,172
80,179,172
80,179,172
82,180,172
82,180,173
82,180,174
82,180,174
82,180,174
82,180,174
82,180,174
82,180,174
82,180,174
82,180,174
82,180,174
82,180,174
82,180,174
82,180,174
82,180,174
82,180,174
82,180,174
82,180,174
82,180,174
82,180,174
83,180,173
83,180,173
83,181,174
84,181,174
84,181,174
84,181,174
84,181,174
84,181,174
84,181,174
84,181,174
84,181,174
84,181,174
84,181,174
83,181,174
83,181,174
83,181,174
83,181,174
83,181,174
83,181,174
83,180,173
83,180,174
83,180,174
83,180,174
82,180,174
82,180,174
82,180,174
82,180,174
82,180,174
82,180,174
82,180,174
82,180,174
82,180,174
82,180,173
82,180,173
83,180,173
83,180,173
83,180,173
83,180,173
83,180,173
83,180,173
83,180,173
83,180,173
83,180,173
83,180,173
84,181,174
84,181,174
84,181,174
84,181,174
84,181,174
84,181,174
84,181,174
84,181,174
84,181,174
84,181,174
84,181,174
84,181,174
84,181,174
83,180,173
83,180,173
83,180,173
83,180,173
83,180,173
83,180,173
82,180,174
82,180,174
82,180,174
82,180,174
82,180,174
82,180,174
83,180,173
83,180,173
83,180,173
83,180,173
84,181,174
84,181,174
84,181,174
84,181,174
84,181,174
84,181,174
84,181,174
84,181,174
84,181,174
84,181,175
84,181,175
84,181,175
84,181,175
84,181,175
84,181,175
84,181,175
84,181,175
84,181,175
84,181,175
84,181,175
84,181,175
84,181,175
84,181,175
84,181,175
84,181,175
84,181,175
84,181,175
84,181,174
84,181,174
84,181,174
84,181,174
84,181,174
84,181,174
84,181,174
84,181,174
84,181,174
84,181,174
84,181,174
84,181,174
84,181,174
84,181,174
84,181,174
84,181,174
84,181,174
84,181,174
83,180,173
83,180,173
82,180,174
82,180,174
82,180,174
82,180,174
82,180,174
82,180,174
82,180,174
82,180,174
82,180,174
82,180,173
82,180,172
82,180,172
80,179,172
80,179,172
79,179,172
79,179,171
78,178,171
77,178,171
76,178,170
76,177,170
75,177,170
75,177,170
75,177,170
75,177,170
75,177,170
74,176,170
74,176,170
74,176,169
74,176,169
73,176,169
73,176,169
72,176,168
72,176,168
72,176,168
72,176,168
72,176,168
72,176,168
73,176,168
73,176,168
73,176,169
73,176,169
74,177,170
74,177,170
75,177,170
76,177,170
76,177,170
76,177,170
76,178,170
77,178,171
79,179,171
79,179,171
79,179,171
79,179,171
79,179,171
79,179,171
80,179,172
80,179,172
80,179,172
80,179,172
82,180,173
82,180,173
82,180,174
82,180,174
82,180,174
82,180,174
82,180,174
82,180,174
82,180,174
82,180,174
82,180,174
82,180,174
82,180,174
82,180,174
82,180,174
82,180,174
82,180,174
82,180,174
82,180,174
82,180,174
83,180,173
83,180,173
83,181,174
84,181,174
84,181,174
84,181,174
84,181,174
84,181,174
84,181,174
84,181,174
84,181,174
84,181,174
84,181,174
83,181,174
83,181,174
83,181,174
83,181,174
83,181,174
83,181,174
83,180,173
83,180,174
83,180,174
83,180,174
83,180,174
82,180,174
82,180,174
82,180,174
82,180,174
82,180,174
82,180,174
82,180,173
82,180,173
82,180,173
82,180,173
83,180,173
83,180,173
83,180,173
83,180,173
83,180,173
83,180,173
83,180,173
83,180,173
83,180,173
83,180,173
84,181,174
84,181,174
84,181,174
84,181,174
84,181,174
84,181,174
84,181,174
84,181,174
84,181,174
84,181,174
84,181,174
84,181,174
83,180,173
83,180,173
83,180,173
83,180,173
83,180,173
83,180,173
82,180,174
82,180,174
82,180,174
82,180,174
82,180,174
82,180,174
82,180,174
83,180,173
83,180,173
83,180,173
84,181,174
84,181,174
84,181,174
84,181,174
84,181,174
84,181,174
84,181,174
84,181,174
84,181,174
84,181,174
84,181,175
84,181,175
84,181,175
84,181,175
84,181,175
84,181,175
84,181,175
84,181,175
84,181,175
84,181,175
84,181,175
84,181,175
84,181,175
84,181,175
84,181,175
84,181,175
84,181,175
84,181,175
84,181,174
84,181,174
84,181,174
84,181,174
84,181,174
84,181,174
84,181,174
84,181,174
84,181,174
84,181,174
84,181,174
84,181,174
84,181,174
84,181,174
84,181,174
84,181,174
84,181,174
84,181,174
83,180,173
83,180,174
82,180,174
82,180,174
82,180,174
82,180,174
82,180,174
82,180,174
82,180,174
82,180,174
82,180,174
82,180,174
82,180,172
82,180,172
80,179,172
80,179,172
79,179,172
79,179,172
78,178,171
78,178,171
76,178,170
76,178,170
75,177,170
75,177,170
75,177,170
75,177,170
75,177,170
75,177,169
74,177,170
74,176,169
74,176,169
73,176,169
72,176,168
72,176,168
72,176,168
72,176,168
72,176,168
72,176,168
72,176,168
72,176,168
73,176,169
73,176,169
73,176,169
74,177,170
74,176,170
75,177,170
76,177,170
76,177,170
76,177,170
76,178,170
77,178,171
79,179,171
79,179,171
79,179,171
79,179,171
79,179,171
79,179,171
80,179,172
80,179,172
80,179,172
80,179,172
82,180,173
82,180,173
82,180,174
82,180,174
82,180,174
82,180,174
82,180,174
82,180,174
82,180,174
82,180,174
82,180,174
82,180,174
82,180,174
82,180,174
82,180,174
82,180,174
82,180,174
82,180,174
82,180,174
82,180,174
82,180,174
82,180,174
83,180,173
83,180,173
83,181,174
83,181,174
83,181,174
84,181,174
84,181,174
84,181,174
84,181,174
84,181,174
83,181,174
83,181,174
83,181,174
83,181,174
82,180,174
82,180,174
82,180,174
82,180,174
83,180,173
83,180,174
83,180,174
83,180,174
82,180,174
82,180,174
82,180,174
82,180,174
82,180,174
82,180,174
82,180,174
82,180,173
82,180,173
82,180,173
83,180,173
83,180,173
83,180,173
83,180,173
83,180,173
83,180,173
83,180,173
83,180,173
83,180,173
83,180,173
83,180,173
84,181,174
84,181,174
84,181,174
84,181,174
84,181,174
84,181,174
84,181,174
84,181,174
84,181,174
84,181,174
83,180,173
83,180,173
83,180,173
83,180,173
83,180,173
83,180,173
83,180,173
82,180,174
82,180,174
82,180,174
82,180,174
82,180,174
82,180,174
82,180,174
82,180,174
83,180,173
83,180,173
84,181,174
84,181,174
84,181,174
84,181,174
84,181,174
84,181,174
84,181,174
84,181,174
84,181,174
84,181,174
84,181,175
84,181,175
84,181,175
84,181,175
84,181,175
84,181,175
84,181,175
84,181,175
84,181,175
84,181,175
84,181,175
84,181,175
84,181,175
84,181,175
84,181,175
84,181,175
84,181,175
84,181,175
84,181,174
84,181,174
84,181,174
84,181,174
84,181,174
84,181,174
84,181,174
84,181,174
84,181,174
84,181,174
84,181,174
84,181,174
84,181,174
84,181,174
84,181,174
84,181,174
84,181,174
83,181,174
83,180,173
82,180,174
82,180,174
82,180,174
82,180,174
82,180,174
82,180,174
82,180,174
82,180,174
82,180,174
82,180,174
82,180,174
82,180,172
82,180,172
80,179,172
80,179,172
79,179,172
79,179,171
79,178,171
78,178,171
77,177,171
76,178,170
75,177,170
75,177,170
75,177,170
75,177,170
75,177,170
75,177,170
74,177,170
73,176,169
73,176,169
73,176,169
73,176,169
72,176,168
72,176,168
72,176,168
72,176,168
72,176,168
72,176,168
72,176,168
73,176,169
73,176,169
73,176,169
74,177,170
74,176,170
75,177,170
76,177,170
76,177,170
76,177,170
77,178,171
78,178,172
79,179,171
79,179,171
79,179,171
79,179,171
79,179,171
79,179,171
80,179,172
80,179,172
80,179,172
80,179,172
82,180,172
82,180,174
82,180,174
82,180,174
82,180,174
82,180,174
82,180,174
82,180,174
82,180,174
82,180,174
82,180,174
82,180,174
82,180,174
82,180,174
82,180,174
82,180,174
82,180,174
82,180,174
82,180,174
82,180,174
82,180,174
82,180,174
83,180,173
83,180,173
83,180,174
83,180,173
83,180,173
83,180,173
83,180,173
83,180,173
83,180,173
83,180,173
83,180,173
83,180,173
83,180,174
82,180,174
82,180,174
82,180,174
82,180,174
82,180,174
82,180,173
83,180,173
83,180,173
82,180,173
82,180,174
82,180,174
82,180,174
82,180,174
82,180,174
82,180,174
82,180,174
82,180,174
82,180,174
82,180,174
83,180,173
83,180,173
83,180,173
83,180,173
83,180,173
83,180,173
83,180,173
83,180,173
83,180,173
83,180,173
83,180,173
83,180,173
83,180,173
83,181,174
83,181,174
83,181,174
83,181,174
82,180,174
82,180,174
82,180,174
82,180,174
82,180,174
82,180,174
83,180,173
83,180,173
83,180,173
82,180,174
82,180,174
82,180,174
82,180,174
82,180,174
82,180,174
82,180,174
82,180,174
82,180,174
82,180,174
83,180,173
83,180,173
84,181,174
84,181,174
84,181,174
84,181,174
84,181,174
84,181,174
84,181,174
84,181,174
84,181,174
84,181,174
84,181,175
84,181,175
84,181,175
84,181,175
84,181,175
84,181,175
84,181,175
84,181,175
84,181,175
84,181,175
84,181,175
84,181,175
84,181,175
84,181,175
84,181,175
84,181,175
84,181,175
84,181,175
84,181,174
84,181,174
84,181,174
84,181,174
84,181,174
84,181,174
84,181,174
84,181,174
84,181,174
84,181,174
84,181,174
84,181,174
84,181,174
84,181,174
84,181,174
84,181,174
84,181,174
83,181,174
83,180,173
83,180,174
82,180,174
82,180,174
82,180,174
82,180,174
82,180,174
82,180,174
82,180,174
82,180,174
82,180,174
82,180,174
82,180,172
82,180,172
80,179,172
80,179,172
79,179,172
79,179,172
79,178,171
78,178,171
77,177,171
76,178,170
75,177,170
75,177,170
75,177,170
75,177,170
75,177,170
75,177,170
74,177,170
74,177,170
74,176,169
73,176,169
73,176,169
73,176,169
72,176,168
72,176,168
72,176,168
72,176,168
72,176,168
72,176,168
73,176,169
73,176,169
73,176,169
74,177,170
74,177,170
75,176,169
76,177,170
76,177,170
76,178,170
77,178,171
78,178,172
79,179,171
79,179,171
79,179,171
79,179,171
79,179,171
79,179,171
80,179,172
80,179,172
80,179,172
80,179,172
82,180,172
82,180,174
82,180,174
82,180,174
82,180,174
82,180,174
82,180,174
82,180,174
82,180,174
82,180,174
82,180,174
82,180,174
82,180,174
82,180,174
82,180,174
82,180,174
82,180,174
82,180,174
82,180,174
82,180,174
82,180,174
82,180,174
83,180,173
83,180,173
83,180,174
83,180,173
83,180,173
83,180,173
83,180,173
83,180,173
83,180,173
83,180,173
83,180,173
83,180,173
83,180,174
82,180,174
82,180,174
82,180,173
82,180,173
82,180,173
82,180,173
83,180,173
83,180,174
82,180,173
82,180,174
82,180,174
82,180,174
82,180,173
83,180,173
83,180,173
83,180,174
83,180,174
83,180,174
83,180,174
83,180,173
83,180,173
83,180,173
83,180,173
83,180,173
83,180,173
83,180,173
83,180,173
83,180,173
83,180,173
83,180,173
83,180,173
83,180,174
82,180,174
82,180,174
82,180,174
82,180,174
82,180,174
82,180,174
82,180,174
82,180,174
82,180,174
82,180,174
82,180,174
82,180,174
82,180,174
82,180,174
82,180,174
82,180,174
82,180,174
82,180,174
82,180,174
82,180,174
82,180,174
82,180,174
82,180,174
82,180,174
83,180,173
84,181,174
84,181,174
84,181,174
84,181,174
84,181,174
84,181,174
84,181,174
84,181,174
84,181,174
84,181,174
84,181,175
84,181,175
84,181,175
84,181,175
84,181,175
84,181,175
84,181,175
84,181,175
84,181,175
84,181,175
84,181,175
84,181,175
84,181,175
84,181,175
84,181,175
84,181,175
84,181,175
84,181,175
84,181,174
84,181,174
84,181,174
84,181,174
84,181,174
84,181,174
84,181,174
84,181,174
84,181,174
84,181,174
84,181,174
84,181,174
84,181,174
84,181,174
84,181,174
84,181,174
84,181,174
83,181,174
83,180,173
83,180,174
82,180,174
82,180,174
82,180,174
82,180,174
82,180,174
82,180,174
82,180,174
82,180,174
82,180,174
82,180,174
82,180,173
82,180,172
80,179,172
80,179,172
79,179,172
79,179,172
79,178,171
78,178,171
77,177,171
77,177,171
76,177,170
76,177,170
75,177,170
75,177,170
75,177,170
75,177,170
75,177,169
74,176,170
74,176,169
73,176,169
73,176,169
73,176,169
73,176,169
73,176,169
72,176,168
72,176,168
72,176,168
72,176,168
73,176,169
73,176,169
73,176,169
74,177,170
74,177,170
75,177,169
75,177,170
76,177,170
77,178,171
77,178,171
78,178,172
79,179,171
79,179,171
79,179,171
79,179,171
79,179,171
79,179,171
80,179,172
80,179,172
80,179,172
80,179,172
82,180,172
82,180,174
82,180,174
82,180,174
82,180,174
82,180,174
82,180,174
82,180,174
82,180,174
82,180,174
82,180,174
82,180,174
82,180,174
82,180,174
82,180,174
82,180,174
82,180,174
82,180,174
82,180,174
82,180,174
82,180,174
82,180,174
82,180,174
82,180,174
83,180,173
83,180,173
83,180,173
83,180,173
82,180,174
83,180,173
83,180,173
83,180,173
83,180,173
83,180,173
82,180,174
82,180,174
82,180,174
82,180,173
82,180,173
82,180,173
83,180,173
84,180,173
84,180,173
83,180,174
82,180,173
82,180,173
82,180,173
83,180,173
83,180,173
83,180,173
83,181,174
83,181,174
83,180,174
83,180,174
83,180,174
83,180,173
83,180,173
83,180,173
83,180,173
83,180,173
83,180,173
83,180,173
83,180,173
83,180,173
83,180,173
82,180,174
82,180,174
82,180,174
82,180,174
82,180,174
82,180,174
82,180,174
82,180,174
82,180,174
82,180,174
82,180,174
82,180,174
82,180,174
82,180,174
82,180,174
82,180,174
82,180,174
82,180,174
82,180,174
82,180,174
82,180,174
82,180,174
82,180,174
82,180,174
82,180,174
82,180,174
83,180,173
84,181,174
84,181,174
84,181,174
84,181,174
84,181,174
84,181,174
84,181,174
84,181,174
84,181,174
84,181,174
84,181,175
84,181,175
84,181,175
84,181,175
85,182,175
85,182,175
85,182,175
85,182,175
84,181,175
84,181,175
84,181,175
84,181,175
84,181,175
84,181,175
84,181,175
84,181,175
84,181,175
84,181,175
84,181,174
84,181,174
84,181,174
84,181,174
84,181,174
84,181,174
84,181,174
84,181,174
84,181,174
84,181,174
84,181,174
84,181,174
84,181,174
84,181,174
84,181,174
84,181,174
84,181,174
83,181,174
83,180,173
83,180,173
83,180,173
82,180,174
82,180,174
82,180,174
82,180,174
82,180,174
82,180,174
82,180,174
82,180,174
82,180,174
82,180,174
82,180,172
81,180,173
80,179,172
80,179,172
79,179,172
79,178,171
78,178,171
77,177,170
77,177,171
76,177,170
76,177,170
75,177,170
75,177,170
75,177,170
75,177,170
75,176,169
74,176,170
74,176,169
73,176,169
73,176,169
73,176,169
73,176,169
73,176,169
72,176,168
72,176,168
72,176,168
72,176,168
73,176,169
73,176,169
73,176,169
74,177,170
75,177,169
75,177,170
76,177,170
76,177,170
77,178,171
77,178,171
78,178,172
79,179,171
79,179,171
79,179,171
79,179,171
79,179,171
79,179,171
80,179,172
80,179,172
80,179,172
80,179,172
82,180,172
82,180,173
82,180,174
82,180,174
82,180,174
82,180,174
82,180,174
82,180,174
82,180,174
82,180,174
82,180,174
82,180,174
82,180,174
82,180,174
82,180,174
82,180,174
82,180,174
82,180,174
82,180,174
82,180,174
82,180,174
82,180,174
82,180,174
83,180,173
83,180,173
83,180,173
83,180,173
83,180,173
82,180,174
82,180,174
83,180,173
83,180,173
83,180,173
83,180,173
82,180,174
82,180,174
82,180,174
82,180,173
82,180,173
82,179,173
82,179,173
84,180,173
84,180,173
83,180,173
82,180,173
82,180,174
82,180,174
83,180,173
83,180,173
83,181,174
83,181,174
83,181,174
83,181,174
83,180,174
83,180,174
83,180,174
83,180,173
83,180,173
83,180,173
83,180,173
83,180,173
83,180,173
83,180,173
83,180,173
83,180,173
82,180,174
82,180,174
82,180,174
82,180,174
82,180,174
82,180,174
82,180,174
82,180,174
82,180,174
82,180,174
82,180,174
82,180,174
82,180,174
82,180,174
82,180,174
82,180,174
82,180,174
82,180,174
82,180,174
82,180,174
82,180,174
82,180,174
82,180,174
82,180,174
82,180,174
83,180,173
83,180,173
84,181,174
84,181,174
84,181,174
84,181,174
84,181,174
84,181,174
84,181,174
84,181,174
84,181,174
84,181,174
84,181,175
84,181,175
84,181,175
84,181,175
85,182,175
85,182,175
85,182,175
85,182,175
85,182,175
84,181,175
84,181,175
84,181,175
84,181,175
85,182,175
85,182,175
84,181,175
84,181,175
84,181,175
84,181,174
84,181,174
84,181,174
84,181,174
84,181,174
84,181,174
84,181,174
84,181,174
84,181,174
84,181,174
84,181,174
84,181,174
84,181,174
84,181,174
84,181,174
84,181,174
84,181,174
84,181,174
83,180,173
83,180,173
83,180,173
83,180,173
82,180,174
82,180,174
82,180,174
82,180,174
82,180,174
82,180,174
82,180,174
82,180,174
82,180,174
82,180,172
82,180,172
80,179,172
80,179,172
79,179,172
79,179,171
78,178,171
77,177,171
77,177,171
76,177,170
76,177,170
75,177,170
75,177,170
75,177,170
75,177,170
74,176,170
74,176,170
74,176,169
74,176,169
73,176,169
73,176,169
73,176,169
74,176,169
72,175,167
72,176,168
72,176,168
72,176,168
73,176,169
73,176,169
73,176,169
74,177,170
75,177,169
75,177,170
76,177,170
76,178,170
77,178,171
77,178,171
78,178,172
79,179,171
79,178,171
79,179,171
79,179,171
79,179,171
79,179,171
80,179,172
80,179,172
80,179,172
80,179,172
82,180,172
82,180,173
82,180,173
82,180,174
82,180,174
82,180,174
82,180,174
82,180,174
82,180,174
82,180,174
82,180,174
82,180,174
82,180,174
82,180,174
82,180,174
82,180,174
82,180,174
82,180,174
82,180,174
82,180,174
82,180,174
82,180,174
82,180,174
83,180,173
83,180,173
83,180,173
83,180,173
82,180,174
82,180,174
82,180,174
83,180,173
83,180,173
83,180,173
83,180,173
82,180,174
82,180,174
82,180,174
82,180,173
82,180,173
81,179,173
82,179,172
82,179,172
82,179,173
82,180,172
82,180,174
82,180,174
82,180,174
83,180,173
83,181,174
83,181,174
83,181,174
83,181,174
83,181,174
83,181,174
83,180,174
83,180,174
83,180,173
83,180,173
83,180,173
83,180,173
83,180,173
83,180,173
83,180,173
83,180,173
83,180,173
83,180,174
83,180,174
83,180,174
82,180,174
82,180,174
82,180,174
82,180,174
82,180,174
82,180,174
82,180,174
82,180,174
82,180,174
82,180,174
82,180,174
82,180,174
82,180,174
82,180,174
83,180,173
83,180,173
83,180,173
82,180,174
82,180,174
82,180,174
82,180,174
82,180,174
83,180,173
83,180,173
84,181,174
84,181,174
84,181,174
84,181,174
84,181,174
84,181,174
84,181,174
84,181,174
84,181,174
84,181,174
84,181,175
84,181,175
84,181,175
84,181,175
85,182,175
85,182,175
85,182,175
85,182,175
85,182,175
85,182,175
85,182,175
85,182,175
85,182,175
85,182,175
85,182,175
85,182,175
84,181,175
84,181,175
84,181,174
84,181,174
84,181,174
84,181,174
84,181,174
84,181,174
84,181,174
84,181,174
84,181,174
84,181,174
84,181,174
84,181,174
84,181,174
84,181,174
84,181,174
84,181,174
84,181,174
84,181,174
83,180,173
83,180,173
83,180,173
83,180,173
82,180,174
82,180,174
82,180,174
82,180,174
82,180,174
82,180,174
82,180,174
82,180,174
82,180,174
82,180,173
82,180,172
80,179,172
80,179,172
79,179,172
79,179,171
78,178,171
77,177,170
77,177,171
76,177,170
76,177,170
75,177,170
75,177,170
75,177,170
75,177,170
74,176,170
74,176,170
74,176,169
74,176,169
73,176,169
73,176,169
73,176,169
74,176,169
72,175,167
72,176,168
72,176,168
72,176,168
73,176,169
73,176,169
74,177,170
74,177,170
75,177,170
75,177,170
76,177,170
77,178,171
77,178,171
77,178,171
78,178,172
79,179,171
79,178,171
79,179,171
79,179,171
79,179,171
79,179,171
80,179,172
80,179,172
80,179,172
80,179,172
81,180,173
82,180,173
82,180,173
82,180,174
82,180,174
82,180,174
82,180,174
82,180,174
82,180,174
82,180,174
82,180,174
82,180,174
82,180,174
82,180,174
82,180,174
82,180,174
82,180,174
82,180,174
82,180,174
82,180,174
82,180,174
82,180,174
82,180,174
82,180,174
82,180,174
82,180,174
82,180,174
82,180,174
82,180,174
82,180,174
83,180,173
83,180,173
83,180,173
83,180,173
83,180,173
82,180,174
82,180,174
82,180,173
81,180,174
81,180,174
81,179,173
82,179,172
82,180,172
82,180,173
82,180,174
82,180,174
82,180,174
83,180,173
83,181,174
84,181,174
84,181,174
84,181,174
83,181,174
83,181,174
83,180,173
83,180,174
82,180,174
82,180,174
83,180,173
83,180,173
83,180,173
83,180,173
83,180,173
83,180,173
83,180,173
83,181,174
83,181,174
83,181,174
83,181,174
83,180,174
82,180,174
82,180,174
82,180,174
82,180,174
82,180,174
82,180,174
82,180,174
82,180,174
82,180,174
82,180,174
82,180,174
83,180,173
83,180,173
83,180,173
83,180,173
83,180,173
83,180,173
83,180,173
83,180,173
83,180,173
83,180,173
83,180,173
84,181,174
84,181,174
84,181,174
84,181,174
84,181,174
84,181,174
84,181,174
84,181,174
84,181,174
84,181,174
84,181,175
84,181,175
84,181,175
84,181,175
85,182,175
85,182,175
85,182,175
85,182,175
85,182,175
85,182,175
85,182,175
85,182,175
85,182,175
85,182,175
85,182,175
85,182,175
84,181,175
84,181,175
84,181,174
84,181,174
84,181,174
84,181,174
84,181,174
84,181,174
84,181,174
84,181,174
84,181,174
84,181,174
84,181,174
84,181,174
84,181,174
84,181,174
84,181,174
84,181,174
84,181,174
84,181,174
83,180,173
83,180,173
83,180,173
82,180,174
82,180,174
82,180,174
82,180,174
82,180,174
82,180,174
82,180,174
82,180,174
82,180,174
82,180,174
82,180,174
82,180,172
82,180,172
80,179,172
79,179,172
79,179,171
78,178,171
78,178,171
77,177,171
77,177,171
76,177,170
75,177,170
75,177,170
75,177,170
75,177,170
74,177,170
74,176,170
74,176,169
73,176,169
73,176,169
73,176,169
73,176,169
73,176,169
72,175,167
72,176,167
72,176,168
72,176,168
73,176,169
73,176,169
74,177,170
75,177,169
75,177,170
76,177,170
76,177,170
77,178,171
77,178,171
77,178,171
79,179,171
79,179,171
79,179,171
79,179,171
79,179,171
79,179,171
80,179,171
80,179,172
80,179,172
80,179,172
80,179,172
81,180,173
82,180,173
82,180,173
82,180,174
82,180,174
82,180,174
82,180,174
82,180,174
82,180,174
82,180,174
82,180,174
82,180,174
82,180,174
82,180,174
82,180,174
82,180,174
82,180,174
82,180,174
82,180,174
82,180,174
82,180,174
82,180,174
82,180,174
82,180,174
82,180,174
82,180,174
82,180,174
82,180,174
82,180,174
82,180,174
82,180,174
83,180,173
83,180,173
83,180,173
83,180,173
82,180,174
82,180,174
82,180,173
82,180,173
81,180,174
81,180,173
81,180,173
82,180,172
82,180,173
82,180,174
82,180,174
82,180,174
83,180,173
84,181,174
84,181,174
84,181,174
84,181,174
84,181,174
83,181,174
83,181,174
83,180,174
83,180,174
82,180,174
83,180,174
83,180,173
83,180,173
83,180,173
83,180,173
84,181,174
84,181,174
84,181,174
84,181,174
84,181,174
84,181,174
83,181,174
83,180,174
82,180,174
82,180,174
82,180,174
82,180,174
82,180,174
82,180,174
82,180,174
82,180,174
82,180,174
83,180,173
83,180,173
83,180,173
83,180,173
83,180,173
83,180,173
83,180,173
83,180,173
83,180,173
83,180,173
83,180,173
83,180,173
84,181,174
84,181,174
84,181,174
84,181,174
84,181,174
84,181,174
84,181,174
84,181,174
84,181,174
84,181,174
84,181,175
84,181,175
84,181,175
84,181,175
85,182,175
85,182,175
85,182,175
85,182,175
85,182,175
85,182,175
85,182,175
85,182,175
85,182,175
85,182,175
85,182,175
85,182,175
84,181,175
84,181,175
84,181,174
84,181,174
84,181,174
84,181,174
84,181,174
84,181,174
84,181,174
84,181,174
84,181,174
84,181,174
84,181,174
84,181,174
84,181,174
84,181,174
84,181,174
84,181,174
84,181,174
84,181,174
83,180,173
83,180,173
83,180,173
82,180,174
82,180,174
82,180,174
82,180,174
82,180,174
82,180,174
82,180,174
82,180,174
82,180,174
82,180,174
82,180,174
82,180,172
82,180,172
80,179,172
79,179,172
79,179,171
78,178,171
78,178,171
77,177,171
77,177,171
76,177,170
75,177,170
75,177,170
75,177,170
75,177,170
74,177,170
74,176,170
74,176,169
73,176,169
73,176,170
73,176,170
73,176,170
73,176,170
72,175,167
72,176,168
72,176,168
72,176,168
73,176,169
73,176,169
74,177,170
75,177,170
75,177,170
76,177,170
76,177,170
77,178,171
77,178,171
78,178,172
79,179,171
79,179,171
79,179,171
79,179,171
79,179,171
80,179,171
80,179,171
80,179,172
80,179,172
80,179,172
80,179,172
81,180,174
82,180,173
82,180,173
82,180,174
82,180,174
82,180,174
82,180,174
82,180,174
82,180,174
82,180,174
82,180,174
82,180,174
82,180,174
82,180,174
82,180,174
82,180,174
82,180,174
82,180,174
82,180,174
82,180,174
82,180,174
82,180,174
82,180,174
82,180,174
82,180,174
82,180,174
82,180,174
82,180,174
82,180,174
82,180,174
82,180,174
83,180,173
83,180,173
83,180,173
83,180,173
83,180,173
82,180,174
82,180,174
82,180,173
81,180,174
81,180,174
81,180,174
82,180,172
82,180,174
82,180,174
82,180,174
83,180,173
83,181,174
84,181,174
84,181,174
84,181,174
84,181,174
84,181,174
84,181,174
84,181,174
83,181,174
83,180,173
83,180,174
83,180,174
83,180,173
83,180,173
83,181,174
84,181,174
84,181,174
84,181,174
84,181,174
84,181,174
84,181,174
84,181,174
83,181,174
83,180,174
82,180,174
82,180,174
82,180,174
82,180,174
82,180,174
82,180,174
82,180,174
82,180,174
83,180,173
83,180,173
83,180,173
83,180,173
83,180,173
83,180,173
83,180,173
83,180,173
83,180,173
83,180,173
83,180,173
83,180,173
83,180,173
84,181,174
84,181,174
84,181,174
84,181,174
84,181,174
84,181,174
84,181,174
84,181,174
84,181,174
84,181,174
84,181,175
84,181,175
84,181,175
84,181,175
85,182,175
85,182,175
85,182,175
85,182,175
85,182,175
85,182,175
85,182,175
85,182,175
85,182,175
85,182,175
85,182,175
85,182,175
84,181,175
84,181,175
84,181,174
84,181,174
84,181,174
84,181,174
84,181,174
84,181,174
84,181,174
84,181,174
84,181,174
84,181,174
84,181,174
84,181,174
84,181,174
84,181,174
84,181,174
84,181,174
84,181,174
84,181,174
83,180,173
83,180,173
83,180,173
82,180,174
82,180,174
82,180,174
82,180,174
82,180,174
82,180,174
82,180,174
82,180,174
82,180,174
82,180,174
82,180,174
82,180,173
82,180,172
80,179,172
80,179,172
79,179,172
78,178,171
78,178,171
77,177,171
77,177,171
76,177,170
75,177,170
75,177,170
75,177,170
75,177,170
74,177,170
74,177,170
74,176,169
73,176,170
73,176,170
73,176,170
73,176,170
73,176,170
72,176,168
72,176,168
72,176,168
72,176,168
72,176,168
73,176,169
74,177,170
75,177,170
75,177,170
76,177,170
76,177,170
77,178,171
77,178,171
79,179,171
79,179,171
79,179,171
79,179,171
80,179,171
80,179,171
80,179,171
80,179,171
80,179,172
80,179,172
80,179,172
80,179,172
81,180,173
82,180,173
82,180,173
82,180,174
82,180,174
82,180,174
82,180,174
82,180,174
82,180,174
82,180,174
82,180,174
82,180,174
82,180,174
82,180,174
82,180,174
82,180,174
82,180,174
82,180,174
82,180,174
82,180,174
82,180,174
82,180,174
82,180,174
82,180,174
82,180,174
82,180,174
82,180,174
82,180,174
82,180,174
82,180,174
82,180,174
83,180,173
83,180,173
83,180,173
83,180,173
83,180,173
82,180,173
82,180,174
82,180,174
82,180,173
82,180,173
82,180,174
82,180,174
82,180,174
83,180,174
83,180,173
83,181,174
84,181,174
84,181,174
84,181,174
84,181,174
84,181,174
84,181,174
84,181,174
84,181,174
84,181,174
83,181,174
83,181,174
83,181,174
83,181,174
84,181,174
84,181,174
84,181,174
84,181,174
84,181,174
84,181,174
84,181,174
84,181,174
84,181,174
84,181,174
83,180,173
82,180,174
82,180,174
82,180,174
82,180,174
82,180,174
82,180,174
82,180,174
83,180,173
83,180,173
83,180,173
83,181,174
83,181,174
83,181,174
83,180,173
83,180,173
83,180,173
83,180,173
83,180,173
83,180,173
83,180,173
83,180,173
83,181,174
84,181,174
84,181,174
84,181,174
84,181,174
84,181,174
84,181,174
84,181,174
84,181,174
84,181,174
84,181,175
84,181,175
84,181,175
84,181,175
85,182,175
85,182,175
85,182,175
85,182,175
85,182,175
85,182,175
85,182,175
85,182,175
85,182,175
85,182,175
85,182,175
85,182,175
84,181,175
84,181,175
84,181,174
84,181,174
84,181,174
84,181,174
84,181,174
84,181,174
84,181,174
84,181,174
84,181,174
84,181,174
84,181,174
84,181,174
84,181,174
84,181,174
84,181,174
84,181,174
84,181,174
84,181,174
83,180,173
83,180,173
83,180,173
83,180,173
83,180,173
83,180,173
83,180,173
82,180,174
82,180,174
82,180,174
82,180,174
82,180,174
82,180,174
82,180,174
82,180,173
82,180,173
80,179,172
80,179,172
79,179,172
79,179,171
78,178,171
77,177,171
77,177,171
76,177,170
75,177,170
75,177,170
75,177,170
75,177,170
74,177,170
74,177,170
74,176,169
73,176,170
73,176,170
73,176,170
73,176,170
73,176,170
72,176,168
72,176,168
72,176,168
72,176,168
72,176,168
73,176,169
74,177,170
75,177,170
75,177,170
76,177,170
76,177,170
77,178,171
77,178,171
79,179,171
79,179,171
79,179,171
80,179,171
80,179,171
80,179,171
80,179,171
80,179,171
80,179,172
80,179,172
80,179,172
80,179,172
81,180,173
82,180,172
82,180,173
82,180,174
82,180,174
82,180,174
82,180,174
82,180,174
82,180,174
82,180,174
82,180,174
82,180,174
82,180,174
82,180,174
82,180,174
82,180,174
82,180,174
82,180,174
82,180,174
82,180,174
82,180,174
82,180,174
82,180,174
82,180,174
82,180,174
82,180,174
82,180,174
82,180,174
82,180,174
82,180,174
82,180,174
82,180,174
83,180,173
83,180,173
83,180,173
83,180,173
83,180,173
82,180,174
82,180,174
82,180,174
82,180,174
82,180,174
82,180,173
83,180,174
83,180,174
83,181,174
83,181,174
84,181,174
84,181,174
84,181,174
84,181,174
84,181,174
84,181,174
84,181,174
84,181,174
84,181,174
84,181,174
84,181,174
84,181,174
84,181,174
84,181,174
84,181,174
84,181,174
84,181,174
84,181,174
84,181,174
84,181,174
84,181,174
84,181,174
84,181,174
83,180,173
83,180,173
82,180,174
82,180,174
82,180,174
82,180,174
82,180,174
83,180,173
83,180,173
83,180,173
83,181,174
83,181,174
83,181,174
84,181,174
83,181,174
83,180,173
83,180,173
83,180,173
83,180,173
83,180,173
83,180,173
83,180,173
83,181,174
84,181,174
84,181,174
84,181,174
84,181,174
84,181,174
84,181,174
84,181,174
84,181,174
84,181,174
84,181,175
84,181,175
84,181,175
85,182,175
85,182,175
85,182,175
85,182,175
85,182,175
85,182,175
85,182,175
85,182,175
85,182,175
85,182,175
85,182,175
85,182,175
85,182,175
84,181,175
84,181,175
84,181,174
84,181,174
84,181,174
84,181,174
84,181,174
84,181,174
84,181,174
84,181,174
84,181,174
84,181,174
84,181,174
84,181,174
84,181,174
84,181,174
84,181,174
84,181,174
84,181,174
84,181,174
83,180,173
83,180,173
83,180,173
83,180,173
83,180,173
83,180,173
83,180,173
83,180,173
82,180,174
82,180,174
82,180,174
82,180,174
82,180,174
82,180,174
82,180,173
82,180,173
80,179,172
80,179,172
79,179,172
79,179,171
77,177,170
77,177,171
77,177,171
76,177,170
75,177,170
75,177,170
75,177,170
75,177,170
74,177,170
74,177,170
74,176,169
73,176,170
73,176,170
73,176,170
74,176,169
74,176,169
72,176,168
72,176,168
72,176,168
72,176,168
72,176,168
72,176,168
73,176,169
74,177,170
75,177,170
75,177,170
76,177,170
76,177,170
77,178,171
78,178,172
79,179,171
79,179,171
80,179,171
80,179,171
80,179,171
80,179,171
80,179,171
80,179,171
80,179,172
80,179,172
80,179,172
81,180,173
82,180,172
82,180,173
82,180,173
82,180,173
82,180,174
82,180,174
82,180,174
82,180,174
82,180,174
82,180,174
82,180,174
82,180,174
82,180,174
82,180,174
82,180,174
82,180,174
82,180,174
82,180,174
82,180,174
82,180,174
82,180,174
83,180,173
83,180,173
82,180,174
82,180,174
82,180,174
82,180,174
82,180,174
82,180,174
82,180,174
82,180,174
82,180,174
82,180,174
83,180,173
83,180,173
83,180,173
83,180,173
82,180,174
82,180,174
82,180,174
82,180,174
82,180,174
82,180,174
83,180,174
83,180,174
83,181,174
83,181,174
84,181,174
84,181,174
84,181,174
84,181,174
84,181,174
84,181,174
84,181,174
84,181,174
84,181,174
84,181,174
84,181,174
84,181,174
84,181,174
84,181,174
84,181,174
84,181,174
84,181,174
84,181,174
84,181,174
84,181,174
84,181,174
84,181,174
83,181,174
83,180,173
83,180,173
82,180,174
82,180,174
82,180,174
82,180,174
82,180,174
83,180,173
83,180,173
83,181,174
83,181,174
83,181,174
83,181,174
84,181,174
83,181,174
83,181,174
83,180,173
83,180,173
83,180,173
83,180,173
83,180,173
84,181,174
84,181,174
84,181,174
84,181,174
84,181,174
84,181,174
84,181,174
84,181,174
84,181,174
84,181,174
84,181,174
84,181,174
84,181,175
84,181,175
84,181,175
85,182,175
85,182,175
85,182,175
85,182,175
85,182,175
85,182,175
85,182,175
85,182,175
85,182,175
85,182,175
85,182,175
84,181,175
84,181,175
84,181,175
84,181,174
84,181,174
84,181,174
84,181,174
84,181,174
84,181,174
84,181,174
84,181,174
84,181,174
84,181,174
84,181,174
84,181,174
84,181,174
84,181,174
84,181,174
84,181,174
84,181,174
84,181,174
83,180,173
83,180,173
83,180,173
83,180,173
83,180,173
83,180,173
83,180,173
82,180,174
82,180,174
82,180,174
82,180,174
82,180,174
82,180,174
82,180,174
82,180,174
82,180,172
80,179,172
80,179,172
79,179,172
79,178,171
79,178,171
77,177,171
77,177,171
76,177,170
75,177,170
75,177,170
75,177,170
75,177,170
74,177,170
74,177,170
74,176,169
74,176,169
73,176,170
73,176,170
74,176,169
74,176,169
74,176,169
72,176,168
72,176,168
72,176,168
72,176,168
73,176,169
73,176,169
74,177,170
75,177,170
75,177,170
76,177,170
76,177,170
77,178,171
78,178,172
79,179,171
79,179,171
79,179,171
80,179,171
80,179,171
80,179,171
80,179,171
80,179,171
80,179,172
80,179,172
80,179,172
81,180,173
82,180,173
82,180,173
82,180,173
82,180,173
82,180,173
82,180,174
82,180,174
82,180,174
82,180,174
82,180,174
82,180,174
82,180,174
82,180,174
82,180,174
82,180,174
82,180,174
82,180,174
82,180,174
82,180,174
82,180,174
82,180,174
83,180,173
83,180,173
83,180,173
83,180,173
83,180,173
83,180,173
83,180,173
83,180,173
82,180,174
82,180,174
82,180,174
82,180,174
83,180,173
83,180,173
83,180,173
83,180,173
83,180,173
82,180,174
82,180,174
82,180,174
82,180,174
82,180,174
82,180,174
83,180,174
83,181,174
84,181,174
84,181,174
84,181,174
84,181,174
84,181,174
84,181,174
84,181,174
84,181,174
84,181,174
84,181,174
84,181,174
84,181,174
84,181,174
84,181,174
84,181,174
84,181,174
84,181,174
84,181,174
84,181,174
84,181,174
84,181,174
84,181,174
83,181,174
83,180,173
83,180,173
83,180,173
82,180,174
82,180,174
82,180,174
82,180,174
83,180,173
83,180,173
83,180,173
83,180,173
83,181,174
83,181,174
83,181,174
83,181,174
83,181,174
83,181,174
83,180,173
83,180,173
83,180,173
83,180,173
84,181,174
84,181,174
84,181,174
84,181,174
84,181,174
84,181,174
84,181,174
84,181,174
84,181,174
84,181,174
84,181,174
84,181,174
84,181,174
84,181,174
84,181,175
84,181,175
84,181,175
84,181,175
84,181,175
84,181,175
84,181,175
84,181,175
85,182,175
85,182,175
85,182,175
85,182,175
84,181,175
84,181,175
84,181,175
84,181,175
84,181,175
84,181,175
84,181,174
84,181,174
84,181,174
84,181,174
84,181,174
84,181,174
84,181,174
84,181,174
84,181,174
84,181,174
84,181,174
84,181,174
84,181,174
84,181,174
84,181,174
84,181,174
84,181,174
83,180,173
83,180,173
83,180,173
83,180,173
83,180,173
82,180,174
82,180,174
82,180,174
82,180,174
82,180,174
82,180,174
82,180,174
82,180,174
82,180,174
82,180,172
82,180,172
80,179,172
80,179,171
79,179,171
79,178,171
78,178,171
77,177,171
76,178,170
76,177,170
75,177,170
75,177,170
75,177,170
74,177,170
74,176,170
74,176,170
74,176,169
74,176,169
74,176,169
74,176,169
74,176,169
72,175,168
72,176,168
72,176,168
73,176,169
73,176,169
73,176,169
74,177,170
75,177,170
75,177,170
76,177,170
76,177,170
77,178,171
78,178,172
78,178,172
79,179,171
79,179,171
80,179,171
80,179,171
80,179,171
80,179,171
80,179,172
80,179,172
80,179,172
81,180,173
82,180,172
82,180,173
82,180,173
82,180,173
82,180,173
82,180,173
82,180,174
82,180,174
82,180,174
82,180,174
82,180,174
82,180,174
82,180,174
82,180,174
82,180,174
82,180,174
82,180,174
82,180,174
82,180,174
82,180,174
82,180,174
82,180,174
83,180,173
83,180,173
83,180,173
84,181,174
84,181,174
84,181,174
84,181,174
83,181,174
83,180,173
83,180,173
83,180,173
83,180,173
83,180,173
83,180,173
83,180,173
83,180,173
83,180,173
82,180,174
82,180,174
82,180,174
82,180,174
82,180,174
82,180,174
83,180,174
83,181,174
83,181,174
84,181,174
84,181,174
84,181,174
84,181,174
84,181,174
84,181,174
84,181,174
84,181,174
84,181,174
84,181,174
84,181,174
84,181,174
84,181,174
84,181,174
84,181,174
84,181,174
84,181,174
83,181,174
83,181,174
83,180,174
83,180,173
83,180,173
83,180,173
83,180,173
83,180,173
83,180,173
82,180,174
82,180,174
82,180,174
83,180,173
83,180,173
83,180,173
83,180,173
83,180,174
83,180,174
82,180,174
82,180,174
83,180,174
83,180,173
83,181,174
83,181,174
83,181,174
83,181,174
84,181,174
84,181,174
84,181,174
84,181,174
84,181,174
84,181,174
84,181,174
84,181,174
84,181,174
84,181,174
84,181,174
84,181,174
84,181,174
84,181,174
84,181,175
84,181,175
84,181,175
84,181,175
84,181,175
84,181,175
84,181,175
84,181,175
84,181,175
84,181,175
84,181,175
84,181,175
84,181,175
84,181,175
84,181,175
84,181,175
84,181,175
84,181,175
84,181,175
84,181,175
84,181,174
84,181,174
84,181,174
84,181,174
84,181,174
84,181,174
84,181,174
84,181,174
84,181,174
84,181,174
84,181,174
84,181,174
84,181,174
84,181,174
84,181,174
84,181,174
83,180,173
83,180,173
83,180,173
83,180,173
82,180,174
82,180,174
82,180,174
82,180,174
82,180,174
82,180,174
82,180,174
82,180,174
82,180,174
82,180,172
82,180,172
80,179,172
80,179,171
79,179,171
79,179,171
78,178,171
77,177,171
77,178,171
76,178,170
76,177,170
75,177,170
75,177,170
75,177,170
74,176,170
74,176,170
74,176,170
74,176,169
74,176,169
74,176,169
74,176,169
72,175,168
72,175,168
73,176,169
73,176,169
74,176,169
73,176,169
74,177,170
75,177,170
75,177,170
76,177,170
76,178,170
77,178,171
78,178,172
78,178,172
79,179,171
79,179,171
80,179,171
80,179,171
80,179,171
80,179,172
80,179,172
80,179,172
80,179,172
81,180,173
82,180,172
82,180,173
82,180,173
82,180,173
82,180,173
82,180,173
82,180,174
82,180,174
82,180,174
82,180,174
82,180,174
82,180,174
82,180,174
82,180,174
82,180,174
82,180,174
82,180,174
82,180,174
82,180,174
82,180,174
82,180,174
82,180,174
83,180,173
83,180,173
84,181,174
84,181,174
84,181,174
84,181,174
84,181,174
84,181,174
83,181,174
83,180,173
83,180,173
83,180,173
83,180,173
83,180,173
83,180,173
83,180,173
83,180,173
83,180,173
82,180,174
82,180,174
82,180,174
82,180,174
82,180,174
83,180,174
83,180,174
83,181,174
84,181,174
84,181,174
84,181,174
84,181,174
84,181,174
84,181,174
84,181,174
84,181,174
84,181,174
84,181,174
84,181,174
84,181,174
84,181,174
84,181,174
84,181,174
84,181,174
84,181,174
83,181,174
83,181,174
82,180,174
83,180,174
83,180,173
83,180,173
83,180,173
83,180,173
83,180,173
83,180,173
83,180,173
83,180,173
83,180,173
83,180,173
83,180,173
83,180,173
83,180,174
82,180,174
82,180,174
82,180,174
82,180,174
83,180,174
83,181,174
83,181,174
84,181,174
84,181,174
84,181,174
84,181,174
84,181,174
84,181,174
84,181,174
84,181,174
84,181,174
84,181,174
84,181,174
84,181,174
84,181,174
84,181,174
84,181,174
84,181,174
84,181,174
84,181,175
84,181,175
84,181,175
84,181,175
84,181,175
84,181,175
84,181,175
84,181,175
84,181,175
84,181,175
84,181,174
84,181,174
84,181,175
84,181,175
84,181,175
84,181,175
84,181,175
84,181,175
84,181,175
84,181,175
84,181,174
84,181,174
84,181,174
84,181,174
84,181,174
84,181,174
84,181,174
84,181,174
84,181,174
84,181,174
84,181,174
84,181,174
84,181,174
84,181,174
84,181,174
83,181,174
83,180,173
83,180,173
83,180,173
82,180,174
82,180,174
82,180,174
82,180,174
82,180,174
82,180,174
82,180,174
82,180,174
82,180,174
82,180,172
82,180,172
82,180,172
80,179,172
79,179,171
79,179,171
79,178,171
78,178,171
77,178,171
77,178,171
76,178,170
76,177,170
76,177,170
75,177,170
74,176,170
74,176,170
74,176,170
74,176,170
74,176,169
74,176,169
74,176,169
72,175,168
73,175,169
73,176,169
74,176,169
74,176,169
73,176,169
74,177,170
75,177,170
75,177,170
76,177,170
76,178,170
77,178,171
78,178,172
78,178,172
79,179,171
79,179,172
80,179,171
80,179,171
80,179,171
80,179,172
80,179,172
80,179,172
81,180,173
81,180,173
82,180,173
82,180,173
82,180,173
82,180,173
82,180,173
82,180,174
82,180,174
82,180,174
82,180,174
82,180,174
82,180,174
82,180,174
82,180,174
82,180,174
82,180,174
82,180,174
82,180,174
82,180,174
82,180,174
82,180,174
82,180,174
82,180,174
82,180,174
84,181,174
84,181,174
84,181,174
84,181,174
84,181,174
84,181,174
84,181,174
84,181,174
83,180,173
83,180,173
83,180,173
83,180,173
83,180,173
83,180,173
83,180,173
83,180,173
83,180,173
82,180,174
82,180,174
82,180,174
82,180,174
82,180,174
83,180,174
83,180,173
83,181,174
84,181,174
84,181,174
84,181,174
84,181,174
84,181,174
84,181,174
84,181,174
84,181,174
84,181,174
84,181,174
84,181,174
84,181,174
84,181,174
84,181,174
84,181,174
84,181,174
84,181,174
83,181,174
83,181,174
82,180,174
83,180,174
83,180,173
83,180,173
83,180,173
83,180,173
83,180,173
83,180,173
83,180,173
83,180,173
83,180,173
83,180,173
83,180,173
83,180,173
83,180,173
82,180,174
82,180,174
82,180,174
82,180,174
83,181,174
83,181,174
84,181,174
84,181,174
84,181,174
84,181,174
84,181,174
84,181,174
84,181,174
84,181,174
84,181,174
84,181,174
84,181,174
84,181,174
84,181,174
84,181,174
84,181,174
84,181,174
84,181,174
84,181,174
84,181,174
84,181,175
84,181,175
84,181,175
84,181,175
84,181,175
84,181,175
84,181,175
84,181,175
84,181,174
84,181,174
84,181,174
84,181,174
84,181,175
84,181,175
84,181,175
84,181,175
84,181,175
84,181,175
84,181,175
84,181,175
84,181,174
84,181,174
84,181,174
84,181,174
84,181,174
84,181,174
84,181,174
84,181,174
84,181,174
84,181,174
84,181,174
84,181,174
84,181,174
84,181,174
84,181,174
83,181,174
83,180,173
83,180,173
82,180,174
82,180,174
82,180,174
82,180,174
82,180,174
82,180,174
82,180,174
82,180,174
82,180,174
82,180,173
82,180,172
82,180,172
80,179,172
80,179,171
79,179,171
79,178,171
78,178,172
77,178,171
77,178,171
77,178,171
76,178,170
76,177,170
76,177,170
75,177,170
74,176,170
74,176,170
74,176,170
74,177,170
74,177,170
74,176,170
72,175,168
73,175,169
73,176,169
74,176,169
74,176,169
73,176,169
74,177,170
75,177,170
75,177,170
76,177,170
76,178,170
77,178,171
78,178,172
78,178,172
79,179,171
80,179,171
80,179,171
80,179,171
80,179,171
80,179,172
80,179,172
80,179,172
81,180,173
81,180,173
82,180,173
82,180,173
82,180,173
82,180,174
82,180,174
82,180,174
82,180,174
82,180,174
82,180,174
82,180,174
82,180,174
82,180,174
82,180,174
82,180,174
82,180,174
82,180,174
82,180,174
82,180,174
82,180,174
82,180,174
82,180,174
82,180,174
82,180,174
84,181,174
84,181,174
84,181,174
84,181,174
84,181,174
84,181,174
84,181,174
84,181,174
83,180,173
83,180,173
83,180,173
83,180,173
83,180,173
83,180,173
83,180,173
83,180,173
83,180,173
82,180,174
82,180,174
82,180,174
82,180,174
82,180,174
83,180,174
83,180,173
83,181,174
84,181,174
84,181,174
84,181,174
84,181,174
84,181,174
84,181,174
84,181,174
84,181,174
84,181,174
84,181,174
84,181,174
84,181,174
84,181,174
84,181,174
84,181,174
84,181,174
84,181,174
84,181,174
83,181,174
83,180,173
83,180,173
83,180,173
83,180,173
83,180,173
83,180,173
83,180,173
83,180,173
83,180,173
83,180,173
83,180,173
83,180,173
83,180,173
83,180,173
83,180,173
83,180,173
82,180,174
83,180,173
84,181,174
84,181,174
84,181,174
84,181,174
84,181,174
84,181,174
84,181,174
84,181,174
84,181,174
84,181,174
84,181,174
84,181,174
84,181,174
84,181,174
84,181,174
84,181,174
84,181,174
84,181,174
84,181,174
84,181,174
84,181,174
84,181,174
84,181,175
84,181,175
84,181,175
84,181,175
84,181,175
84,181,175
84,181,175
84,181,175
84,181,174
84,181,174
84,181,174
84,181,174
84,181,175
85,182,175
85,182,175
84,181,175
84,181,175
84,181,175
84,181,175
84,181,175
84,181,174
84,181,174
84,181,174
84,181,174
84,181,174
84,181,174
84,181,174
84,181,174
84,181,174
84,181,174
84,181,174
84,181,174
84,181,174
84,181,174
84,181,174
84,181,174
83,180,173
83,180,173
83,180,173
83,180,173
82,180,174
82,180,174
82,180,174
82,180,174
82,180,174
82,180,174
82,180,174
82,180,174
82,180,172
82,180,172
80,179,172
80,179,172
79,179,171
79,179,171
78,178,172
77,178,171
77,178,171
77,178,171
77,178,171
76,178,170
76,177,170
75,177,170
75,177,170
75,177,170
74,176,170
74,177,170
74,176,170
74,176,170
72,175,168
72,176,168
73,176,168
73,176,168
73,176,168
74,177,170
74,177,170
75,177,170
75,177,170
76,177,170
76,178,170
77,178,171
78,178,172
78,178,172
79,179,171
80,179,171
80,179,171
80,179,171
80,179,171
80,179,172
80,179,172
80,179,172
81,180,173
82,180,172
82,180,173
82,180,174
82,180,174
82,180,174
82,180,174
82,180,174
82,180,174
82,180,174
82,180,174
82,180,174
82,180,174
82,180,174
82,180,174
82,180,174
82,180,174
82,180,174
82,180,174
82,180,174
82,180,174
82,180,174
82,180,174
82,180,174
82,180,174
84,181,174
84,181,174
84,181,174
84,181,174
84,181,174
84,181,174
84,181,174
84,181,174
83,180,173
83,180,173
83,180,173
83,180,173
83,180,173
83,180,173
83,180,173
83,180,173
83,180,173
82,180,174
82,180,174
82,180,174
82,180,174
82,180,174
83,180,173
83,180,173
84,181,174
84,181,174
84,181,174
84,181,174
84,181,174
84,181,174
84,181,174
84,181,174
84,181,174
84,181,174
84,181,174
84,181,174
84,181,174
84,181,174
84,181,174
84,181,174
84,181,174
84,181,174
84,181,174
84,181,174
84,181,174
83,181,174
83,180,173
83,180,173
83,180,173
84,181,174
84,181,174
84,181,174
84,181,174
84,181,174
84,181,174
84,181,174
84,181,174
84,181,174
84,181,174
84,181,174
84,181,174
84,181,174
84,181,174
84,181,174
84,181,174
84,181,174
84,181,174
84,181,174
84,181,174
84,181,174
84,181,174
84,181,174
84,181,174
84,181,174
84,181,174
84,181,174
84,181,174
84,181,174
84,181,174
84,181,174
84,181,174
84,181,174
84,181,174
84,181,174
84,181,175
84,181,175
84,181,175
84,181,175
84,181,175
84,181,175
84,181,175
84,181,175
84,181,174
84,181,174
84,181,174
84,181,174
85,182,175
85,182,175
85,182,175
85,182,175
84,181,175
84,181,175
84,181,175
84,181,175
84,181,174
84,181,174
84,181,174
84,181,174
84,181,174
84,181,174
84,181,174
84,181,174
84,181,174
84,181,174
84,181,174
84,181,174
84,181,174
84,181,174
84,181,174
84,181,174
83,181,174
83,180,173
83,180,173
83,180,173
83,180,173
82,180,174
82,180,174
82,180,174
82,180,174
82,180,174
82,180,174
82,180,174
82,180,173
82,180,172
80,179,172
80,179,172
79,179,172
79,179,171
78,178,172
77,178,171
77,178,171
77,178,171
77,178,171
76,178,170
76,178,170
76,177,170
75,177,170
75,177,170
75,177,170
74,177,170
74,176,170
74,176,170
72,175,168
72,175,168
72,176,168
73,176,169
73,176,169
73,176,169
74,177,170
75,177,170
75,177,170
76,177,170
76,178,170
77,178,171
78,178,172
79,179,171
79,179,171
80,179,171
80,179,171
80,179,171
80,179,171
80,179,172
80,179,172
81,180,173
81,180,173
82,180,172
82,180,173
82,180,174
82,180,174
82,180,174
82,180,174
82,180,174
82,180,174
82,180,174
82,180,174
82,180,174
82,180,174
82,180,174
82,180,174
82,180,174
82,180,174
82,180,174
82,180,174
82,180,174
82,180,174
82,180,174
82,180,174
82,180,174
82,180,174
84,181,174
84,181,174
84,181,174
84,181,174
84,181,174
84,181,174
84,181,174
84,181,174
83,180,173
83,180,173
83,180,173
83,180,173
83,180,173
83,180,173
83,180,173
83,180,173
83,180,173
82,180,174
82,180,174
82,180,174
82,180,174
82,180,174
83,180,173
83,181,174
84,181,174
84,181,174
84,181,174
84,181,174
84,181,174
84,181,174
84,181,174
84,181,174
84,181,174
84,181,174
84,181,174
84,181,174
84,181,174
84,181,174
84,181,174
84,181,174
84,181,174
84,181,174
84,181,174
84,181,174
84,181,174
84,181,174
84,181,174
84,181,174
84,181,174
84,181,174
84,181,174
84,181,174
84,181,174
84,181,174
84,181,174
84,181,174
84,181,174
84,181,174
84,181,174
84,181,174
84,181,174
84,181,174
84,181,174
84,181,174
84,181,174
84,181,174
84,181,174
84,181,174
84,181,174
84,181,174
84,181,174
84,181,174
84,181,174
84,181,174
84,181,174
84,181,174
84,181,174
84,181,174
84,181,174
84,181,174
84,181,174
84,181,174
84,181,174
84,181,174
84,181,175
84,181,175
84,181,175
84,181,175
84,181,175
84,181,175
84,181,175
84,181,175
84,181,174
84,181,174
84,181,174
84,181,174
85,182,175
85,182,175
85,182,175
85,182,175
84,181,175
84,181,175
84,181,175
84,181,175
84,181,174
84,181,174
84,181,174
84,181,174
84,181,174
84,181,174
84,181,174
84,181,174
84,181,174
84,181,174
84,181,174
84,181,174
84,181,174
84,181,174
84,181,174
84,181,174
84,181,174
83,180,173
83,180,173
83,180,173
83,180,173
82,180,174
82,180,174
82,180,174
82,180,174
82,180,174
82,180,174
82,180,174
82,180,173
82,180,172
80,179,172
80,179,172
79,179,172
79,179,171
78,178,171
77,178,171
77,178,171
77,178,171
77,178,171
76,178,170
76,178,170
76,178,170
76,177,170
75,177,170
75,177,170
75,177,170
75,177,170
74,177,170
72,175,167
72,175,167
72,176,168
72,176,168
73,176,169
73,176,169
74,177,170
75,177,170
75,177,170
76,177,170
76,178,170
77,178,171
78,178,172
79,179,171
79,179,171
80,179,171
80,179,171
80,179,171
80,179,171
80,179,172
80,179,172
81,180,173
82,180,172
82,180,173
82,180,173
82,180,174
82,180,174
82,180,174
82,180,174
82,180,174
82,180,174
82,180,174
82,180,174
82,180,174
82,180,174
82,180,174
82,180,174
82,180,174
82,180,174
82,180,174
82,180,174
82,180,174
82,180,174
82,180,174
82,180,174
82,180,174
83,180,173
84,181,174
84,181,174
84,181,174
84,181,174
84,181,174
84,181,174
84,181,174
84,181,174
83,180,173
83,180,173
83,180,173
83,180,173
83,180,173
83,180,173
83,180,173
82,180,174
82,180,174
82,180,174
82,180,174
82,180,174
82,180,174
82,180,174
83,180,173
84,181,174
84,181,174
84,181,174
84,181,174
84,181,174
84,181,174
84,181,174
84,181,174
84,181,174
84,181,174
84,181,174
84,181,174
84,181,174
84,181,174
84,181,174
84,181,174
84,181,174
84,181,174
84,181,174
84,181,174
84,181,174
84,181,174
84,181,174
84,181,174
84,181,174
84,181,174
84,181,174
84,181,174
84,181,174
84,181,174
84,181,174
84,181,174
84,181,174
84,181,174
84,181,174
84,181,174
84,181,174
84,181,174
84,181,174
84,181,174
84,181,174
84,181,174
84,181,174
84,181,174
84,181,174
84,181,174
84,181,174
84,181,174
84,181,174
84,181,174
84,181,174
84,181,174
84,181,174
84,181,174
84,181,174
84,181,174
84,181,174
84,181,174
84,181,174
84,181,174
84,181,174
84,181,175
84,181,175
84,181,175
84,181,175
84,181,175
84,181,175
84,181,175
84,181,175
84,181,174
84,181,174
84,181,174
84,181,174
85,182,175
85,182,175
85,182,175
85,182,175
84,181,175
84,181,175
84,181,175
84,181,175
84,181,174
84,181,174
84,181,174
84,181,174
84,181,174
84,181,174
84,181,174
84,181,174
84,181,174
84,181,174
84,181,174
84,181,174
84,181,174
84,181,174
84,181,174
84,181,174
84,181,174
84,181,174
83,180,173
83,180,173
83,180,173
83,180,174
82,180,174
82,180,174
82,180,174
82,180,174
82,180,174
82,180,174
82,180,173
82,180,172
80,179,172
80,179,172
79,179,172
79,179,171
78,178,171
78,178,172
78,178,171
78,178,171
77,178,171
76,178,170
76,178,170
76,178,170
76,178,170
75,177,170
75,177,170
75,177,170
75,177,170
75,177,170
72,175,167
72,175,167
72,175,168
72,176,168
73,176,169
73,176,169
74,177,170
75,177,169
75,177,170
76,177,170
76,178,170
77,178,171
78,178,172
79,179,171
79,179,171
80,179,171
80,179,171
80,179,171
80,179,171
80,179,172
80,179,172
82,180,172
82,180,172
82,180,173
82,180,173
82,180,174
82,180,174
82,180,174
82,180,174
82,180,174
82,180,174
82,180,174
82,180,174
82,180,174
82,180,174
82,180,174
82,180,174
82,180,174
82,180,174
82,180,174
82,180,174
82,180,174
82,180,174
82,180,174
82,180,174
82,180,174
83,180,173
84,181,174
84,181,174
84,181,174
84,181,174
84,181,174
84,181,174
84,181,174
84,181,174
83,180,173
83,180,173
83,180,173
83,180,173
82,180,174
82,180,174
82,180,174
82,180,174
82,180,174
82,180,174
82,180,174
82,180,174
82,180,174
82,180,174
84,181,174
84,181,174
84,181,174
84,181,174
84,181,174
84,181,174
84,181,174
84,181,174
84,181,174
84,181,174
84,181,174
84,181,174
84,181,174
84,181,174
84,181,174
84,181,174
84,181,174
84,181,174
84,181,174
84,181,174
84,181,174
84,181,174
84,181,174
84,181,174
84,181,174
84,181,174
84,181,174
84,181,174
84,181,174
84,181,174
84,181,174
84,181,174
84,181,174
84,181,174
84,181,174
84,181,174
84,181,174
84,181,174
84,181,174
84,181,174
84,181,174
84,181,174
84,181,174
84,181,174
84,181,174
84,181,174
84,181,174
84,181,174
84,181,174
84,181,174
84,181,174
84,181,174
84,181,174
84,181,174
84,181,174
84,181,174
84,181,174
84,181,174
84,181,174
84,181,174
84,181,174
84,181,174
84,181,175
84,181,175
84,181,175
84,181,175
84,181,175
84,181,175
84,181,175
84,181,175
84,181,174
84,181,174
84,181,174
84,181,174
85,182,175
85,182,175
85,182,175
85,182,175
84,181,175
84,181,175
84,181,175
84,181,175
84,181,174
84,181,174
84,181,174
84,181,174
84,181,174
84,181,174
84,181,174
84,181,174
84,181,174
84,181,174
84,181,174
84,181,174
84,181,174
84,181,174
84,181,174
84,181,174
84,181,174
84,181,174
84,181,174
83,180,173
83,180,173
83,180,174
82,180,174
82,180,174
82,180,174
82,180,174
82,180,174
82,180,174
82,180,173
82,180,172
80,179,172
80,179,172
79,179,172
79,179,172
78,178,171
78,178,172
78,178,171
78,178,171
77,178,171
76,178,170
76,178,170
76,178,170
76,177,170
76,177,170
75,177,170
75,177,170
75,177,170
75,177,170
72,175,167
72,175,167
72,175,167
72,176,168
73,176,169
73,176,169
73,176,169
75,177,169
75,177,170
76,177,170
76,177,170
77,178,171
78,178,172
79,179,171
79,179,171
79,179,171
80,179,171
80,179,171
80,179,171
80,179,172
80,179,172
82,180,172
82,180,172
82,180,173
82,180,173
82,180,174
82,180,174
82,180,174
82,180,174
82,180,174
82,180,174
82,180,174
82,180,174
82,180,174
82,180,174
82,180,174
82,180,174
82,180,174
82,180,174
82,180,174
82,180,174
82,180,174
82,180,174
82,180,174
82,180,174
83,180,173
83,181,174
84,181,174
84,181,174
84,181,174
84,181,174
84,181,174
84,181,174
84,181,174
84,181,174
83,180,173
83,180,173
82,180,174
82,180,174
82,180,174
82,180,174
82,180,174
82,180,174
82,180,174
82,180,174
82,180,174
82,180,174
82,180,174
83,180,173
84,181,174
84,181,174
84,181,174
84,181,174
84,181,174
84,181,174
84,181,174
84,181,174
84,181,174
84,181,174
84,181,174
84,181,174
84,181,174
84,181,174
84,181,174
84,181,174
84,181,174
84,181,174
84,181,174
84,181,174
84,181,174
84,181,174
84,181,174
84,181,174
84,181,174
84,181,174
84,181,174
84,181,174
84,181,174
84,181,174
84,181,174
84,181,174
84,181,174
84,181,174
84,181,174
84,181,174
84,181,174
84,181,174
84,181,174
84,181,174
84,181,174
84,181,174
84,181,174
84,181,174
84,181,174
84,181,174
84,181,174
84,181,174
84,181,174
84,181,174
84,181,174
84,181,174
84,181,174
84,181,174
84,181,174
84,181,174
84,181,174
84,181,174
84,181,174
84,181,174
84,181,174
84,181,174
84,181,175
84,181,175
84,181,175
84,181,175
84,181,175
84,181,175
84,181,175
84,181,175
84,181,174
84,181,174
84,181,174
84,181,174
85,182,175
85,182,175
85,182,175
85,182,175
84,181,175
84,181,175
84,181,175
84,181,175
84,181,174
84,181,174
84,181,174
84,181,174
84,181,174
84,181,174
84,181,174
84,181,174
84,181,174
84,181,174
84,181,174
84,181,174
84,181,174
84,181,174
84,181,174
84,181,174
84,181,174
84,181,174
84,181,174
84,181,174
83,181,174
83,180,173
83,180,174
82,180,174
82,180,174
82,180,174
82,180,174
82,180,174
82,180,173
82,180,172
80,179,172
80,179,172
79,179,172
79,179,172
78,178,171
78,178,172
78,178,171
78,178,171
77,178,171
76,178,170
76,178,170
76,178,170
76,177,170
76,177,170
75,177,170
75,177,170
75,177,170
75,177,170
72,175,167
72,175,167
72,175,167
72,176,167
72,176,168
73,176,169
73,176,169
74,177,170
75,177,169
75,177,169
76,177,170
77,178,171
77,178,171
78,178,172
79,179,171
79,179,171
79,179,171
80,179,171
80,179,171
80,179,172
80,179,172
82,180,172
82,180,172
82,180,173
82,180,173
82,180,174
82,180,174
82,180,174
82,180,174
82,180,174
82,180,174
82,180,174
82,180,174
82,180,174
82,180,174
82,180,174
82,180,174
82,180,174
82,180,174
82,180,174
82,180,174
82,180,174
82,180,174
82,180,174
83,180,174
83,181,174
83,181,174
84,181,174
84,181,174
84,181,174
84,181,174
84,181,174
84,181,174
84,181,174
83,181,174
83,180,173
83,180,173
82,180,174
82,180,174
82,180,174
82,180,174
82,180,174
82,180,174
82,180,174
82,180,174
82,180,174
82,180,174
83,180,173
84,181,174
84,181,174
84,181,174
84,181,174
84,181,174
84,181,174
84,181,174
84,181,174
84,181,174
84,181,174
84,181,174
84,181,174
84,181,174
84,181,174
84,181,174
84,181,174
84,181,174
84,181,174
84,181,174
84,181,174
84,181,174
84,181,174
84,181,174
84,181,174
84,181,174
84,181,174
84,181,174
84,181,174
84,181,174
84,181,174
84,181,174
84,181,174
84,181,174
84,181,174
84,181,174
84,181,174
84,181,174
84,181,174
84,181,174
84,181,174
84,181,174
84,181,174
84,181,174
84,181,174
84,181,174
84,181,174
84,181,174
84,181,174
84,181,174
84,181,174
84,181,174
84,181,174
84,181,174
84,181,174
84,181,174
84,181,174
84,181,174
84,181,174
84,181,174
84,181,174
84,181,174
84,181,174
84,181,174
84,181,175
84,181,175
84,181,175
84,181,175
84,181,175
84,181,175
84,181,175
84,181,175
84,181,174
84,181,174
84,181,174
84,181,174
85,182,175
85,182,175
85,182,175
85,182,175
84,181,175
84,181,175
84,181,175
84,181,175
84,181,174
84,181,174
84,181,174
84,181,174
84,181,174
84,181,174
84,181,174
84,181,174
84,181,174
84,181,174
84,181,174
84,181,174
84,181,174
84,181,174
84,181,174
84,181,174
84,181,174
84,181,174
84,181,174
84,181,174
84,181,174
83,181,174
83,180,174
82,180,174
82,180,174
82,180,174
82,180,174
82,180,174
82,180,173
82,180,172
80,179,172
80,179,172
79,179,172
79,179,172
78,178,171
78,178,172
78,178,171
78,178,171
77,178,171
76,178,170
76,178,170
76,177,170
76,177,170
75,177,170
75,177,170
75,177,170
75,177,170
75,177,170
72,175,167
72,175,167
72,175,167
72,175,167
72,176,168
73,176,169
73,176,169
73,176,169
75,177,169
75,177,170
76,177,170
76,177,170
77,178,171
78,178,172
79,179,171
79,179,171
79,179,171
79,179,171
80,179,171
80,179,172
80,179,172
81,180,173
82,180,172
82,180,173
82,180,173
82,180,174
82,180,174
82,180,174
82,180,174
82,180,174
82,180,174
82,180,174
82,180,174
82,180,174
82,180,173
82,180,174
82,180,174
82,180,174
82,180,174
82,180,174
82,180,174
82,180,174
82,180,174
82,180,174
83,180,174
83,181,174
83,181,174
84,181,174
84,181,174
84,181,174
84,181,174
84,181,174
84,181,174
84,181,174
83,181,174
83,180,173
83,180,173
83,180,173
82,180,174
82,180,174
82,180,174
82,180,174
82,180,174
82,180,174
82,180,174
82,180,174
83,180,173
83,180,173
84,181,174
84,181,174
84,181,174
84,181,174
84,181,174
84,181,174
84,181,174
84,181,174
84,181,174
84,181,174
84,181,174
84,181,174
84,181,174
84,181,174
84,181,174
84,181,174
84,181,174
84,181,174
84,181,174
84,181,174
84,181,174
84,181,174
84,181,174
84,181,174
84,181,174
84,181,174
84,181,174
84,181,174
84,181,174
84,181,174
84,181,174
84,181,174
84,181,174
84,181,174
84,181,174
84,181,174
84,181,174
84,181,174
84,181,174
84,181,174
84,181,174
84,181,174
84,181,174
84,181,174
84,181,174
84,181,174
84,181,174
84,181,174
84,181,174
84,181,174
84,181,174
84,181,174
84,181,174
84,181,174
84,181,174
84,181,174
84,181,174
84,181,174
84,181,174
84,181,174
84,181,174
84,181,174
84,181,174
84,181,175
84,181,175
84,181,175
84,181,175
84,181,175
84,181,175
84,181,175
84,181,175
84,181,174
84,181,174
84,181,174
84,181,174
85,182,175
85,182,175
85,182,175
85,182,175
84,181,175
84,181,175
84,181,175
84,181,175
84,181,174
84,181,174
84,181,174
84,181,174
84,181,174
84,181,174
84,181,174
84,181,174
84,181,174
84,181,174
84,181,174
84,181,174
84,181,174
84,181,174
84,181,174
84,181,174
84,181,174
84,181,174
84,181,174
84,181,174
84,181,174
84,181,174
83,181,174
83,180,173
82,180,174
82,180,174
82,180,174
82,180,174
82,180,173
82,180,172
80,179,172
80,179,172
79,179,172
79,179,171
78,178,171
78,178,171
78,178,171
78,178,171
77,177,171
76,178,170
76,178,170
76,177,170
75,177,170
75,177,170
75,177,170
75,177,170
75,177,170
75,177,170
72,175,167
72,175,167
72,175,167
72,175,167
72,176,168
72,176,168
73,176,169
73,176,169
74,177,170
75,177,170
76,177,170
76,177,170
77,178,171
77,178,171
78,178,172
79,179,172
79,179,171
79,179,171
80,179,171
80,179,172
80,179,172
80,179,172
82,180,172
82,180,173
82,180,173
82,180,174
82,180,174
82,180,174
82,180,174
82,180,174
82,180,174
82,180,174
82,180,174
82,180,174
82,180,173
82,180,174
82,180,174
82,180,174
82,180,174
82,180,174
82,180,174
82,180,174
82,180,174
83,180,174
83,181,174
83,181,174
83,181,174
84,181,174
84,181,174
84,181,174
84,181,174
84,181,174
84,181,174
84,181,174
83,181,174
83,180,173
83,180,173
83,180,173
83,180,173
82,180,174
82,180,174
82,180,174
82,180,174
82,180,174
82,180,174
83,180,173
83,180,173
83,181,174
84,181,174
84,181,174
84,181,174
84,181,174
84,181,174
84,181,174
84,181,174
84,181,174
84,181,174
84,181,174
84,181,174
84,181,174
84,181,174
84,181,174
84,181,174
84,181,174
84,181,174
84,181,174
84,181,174
84,181,174
84,181,174
84,181,174
84,181,174
84,181,174
84,181,174
84,181,174
84,181,174
84,181,174
84,181,174
84,181,174
84,181,174
84,181,174
84,181,174
84,181,174
84,181,174
84,181,174
84,181,174
84,181,174
84,181,174
84,181,174
84,181,174
84,181,174
84,181,174
84,181,174
84,181,174
84,181,174
84,181,174
84,181,174
84,181,174
84,181,174
84,181,174
84,181,174
84,181,174
84,181,174
84,181,174
84,181,174
84,181,174
84,181,174
84,181,174
84,181,174
84,181,174
84,181,174
84,181,174
84,181,175
84,181,175
84,181,175
84,181,175
84,181,175
84,181,175
84,181,175
84,181,175
84,181,174
84,181,174
84,181,174
84,181,174
85,182,175
85,182,175
85,182,175
84,181,175
84,181,175
84,181,175
84,181,175
84,181,175
84,181,174
84,181,174
84,181,174
84,181,174
84,181,174
84,181,174
84,181,174
84,181,174
84,181,174
84,181,174
84,181,174
84,181,174
84,181,174
84,181,174
84,181,174
84,181,174
84,181,174
84,181,174
84,181,174
84,181,174
84,181,174
84,181,174
84,181,174
83,181,174
83,180,173
82,180,174
82,180,174
82,180,174
82,180,173
82,180,172
80,179,172
80,179,172
79,179,172
79,179,171
78,178,171
78,178,171
78,178,171
78,178,171
77,177,171
76,178,170
76,177,170
76,177,170
75,177,170
75,177,170
75,177,170
75,177,170
75,177,170
75,177,170
72,175,167
72,175,167
72,175,167
72,175,167
72,175,167
72,176,168
73,176,169
74,176,169
74,177,170
75,177,170
75,177,170
76,177,170
77,178,171
77,178,171
78,178,172
79,179,171
79,179,171
79,179,171
79,179,171
80,179,172
80,179,172
80,179,172
81,180,173
82,180,173
82,180,173
82,180,174
82,180,174
82,180,174
82,180,174
82,180,174
82,180,174
82,180,174
82,180,174
82,180,174
82,180,174
82,180,174
82,180,174
82,180,174
82,180,174
82,180,174
82,180,174
82,180,174
82,180,174
83,181,174
83,181,174
83,181,174
84,181,174
84,181,174
84,181,174
84,181,174
84,181,174
84,181,174
84,181,174
84,181,174
83,181,174
83,180,173
83,180,173
83,180,173
83,180,173
83,180,173
83,180,173
82,180,174
82,180,174
82,180,174
83,180,173
83,180,173
83,181,174
84,181,174
84,181,174
84,181,174
84,181,174
84,181,174
84,181,174
84,181,174
84,181,174
84,181,174
84,181,174
84,181,174
84,181,174
84,181,174
84,181,174
84,181,174
84,181,174
84,181,174
84,181,174
84,181,174
84,181,174
84,181,174
84,181,174
84,181,174
84,181,174
84,181,174
84,181,174
84,181,174
84,181,174
84,181,174
83,181,174
84,181,174
84,181,174
84,181,174
84,181,174
84,181,174
84,181,174
84,181,174
84,181,174
84,181,174
84,181,174
84,181,174
84,181,174
84,181,174
84,181,174
84,181,174
84,181,174
84,181,174
84,181,174
84,181,174
84,181,174
84,181,174
84,181,174
84,181,174
84,181,174
84,181,174
84,181,174
84,181,174
84,181,174
84,181,174
84,181,174
84,181,174
84,181,174
84,181,174
84,181,174
84,181,175
84,181,175
84,181,175
84,181,175
84,181,175
84,181,175
84,181,175
84,181,175
84,181,174
84,181,174
84,181,174
84,181,174
84,181,175
85,182,175
85,182,175
84,181,175
84,181,175
84,181,175
84,181,175
84,181,175
84,181,174
84,181,174
84,181,174
84,181,174
84,181,174
84,181,174
84,181,174
84,181,174
84,181,174
84,181,174
84,181,174
84,181,174
84,181,174
84,181,174
84,181,174
84,181,174
84,181,174
84,181,174
84,181,174
84,181,174
84,181,174
84,181,174
84,181,174
83,181,174
83,180,173
82,180,174
82,180,173
82,180,173
82,180,173
82,180,172
80,179,172
80,179,172
79,179,171
79,178,171
78,178,171
78,178,171
78,178,171
78,178,171
77,177,171
76,178,170
76,177,170
75,177,170
75,177,170
75,177,170
75,177,170
75,177,170
75,177,170
75,177,170
72,175,167
72,175,167
72,175,167
72,175,168
72,176,168
72,176,168
74,176,169
74,176,169
74,177,170
75,177,170
76,177,170
76,177,170
77,178,171
78,178,172
79,179,171
79,179,171
79,179,171
79,179,172
79,179,172
80,179,172
80,179,172
80,179,172
82,180,173
82,180,173
82,180,173
82,180,174
82,180,174
82,180,174
82,180,174
82,180,174
82,180,174
82,180,173
82,180,173
82,180,174
82,180,174
82,180,174
82,180,174
82,180,174
82,180,174
82,180,174
82,180,174
82,180,174
83,181,174
83,181,174
83,181,174
84,181,174
84,181,174
84,181,174
84,181,174
84,181,174
84,181,174
84,181,174
84,181,174
84,181,174
83,180,173
83,180,173
83,180,173
83,180,173
83,180,173
83,180,173
83,180,173
83,180,173
83,180,173
83,180,173
83,180,173
83,181,174
84,181,174
84,181,174
84,181,174
84,181,174
84,181,174
84,181,174
84,181,174
84,181,174
84,181,174
84,181,174
84,181,174
84,181,174
84,181,174
84,181,174
84,181,174
84,181,174
84,181,174
84,181,174
84,181,174
84,181,174
84,181,174
84,181,174
84,181,174
84,181,174
84,181,174
84,181,174
84,181,174
84,181,174
84,181,174
84,181,174
84,181,174
84,181,174
84,181,174
84,181,174
84,181,174
84,181,174
84,181,174
84,181,174
84,181,174
84,181,174
84,181,174
84,181,174
84,181,174
84,181,174
84,181,174
84,181,174
84,181,174
84,181,174
84,181,174
84,181,174
84,181,174
84,181,174
84,181,174
84,181,174
84,181,174
84,181,174
84,181,174
84,181,174
84,181,174
84,181,174
84,181,174
84,181,174
84,181,174
84,181,174
84,181,175
84,181,175
84,181,175
84,181,175
84,181,175
84,181,175
84,181,175
84,181,175
84,181,174
84,181,174
84,181,174
84,181,174
84,181,175
84,181,175
84,181,175
84,181,175
84,181,175
84,181,175
84,181,175
84,181,175
84,181,174
84,181,174
84,181,174
84,181,174
84,181,174
84,181,174
84,181,174
84,181,174
84,181,174
84,181,174
84,181,174
84,181,174
84,181,174
84,181,174
84,181,174
84,181,174
84,181,174
84,181,174
84,181,174
84,181,174
84,181,174
83,181,174
83,181,174
83,181,174
83,180,173
82,180,174
82,180,173
82,180,173
82,180,173
82,180,172
80,179,172
80,179,172
79,179,171
79,178,171
78,178,171
78,178,171
78,178,171
78,178,171
77,178,171
76,178,170
75,177,170
75,177,170
75,177,170
75,177,170
75,177,170
75,177,170
75,177,170
72,175,167
72,175,167
72,175,167
72,175,167
72,176,168
72,176,168
73,176,169
74,176,169
74,176,170
75,177,169
75,177,170
76,177,170
77,178,171
78,178,172
79,179,171
79,179,171
79,179,171
79,179,172
79,179,172
80,179,172
80,179,172
80,179,172
82,180,173
82,180,173
82,180,173
82,180,174
82,180,174
82,180,174
82,180,174
82,180,174
82,180,174
82,180,174
82,180,174
82,180,174
82,180,174
82,180,174
82,180,174
82,180,174
82,180,174
82,180,174
82,180,174
82,180,174
83,181,174
83,181,174
84,181,174
84,181,174
84,181,174
84,181,174
84,181,174
84,181,174
84,181,174
84,181,174
84,181,174
84,181,174
83,181,174
83,180,173
83,180,173
83,180,173
83,180,173
83,180,173
83,180,173
83,180,173
83,180,173
83,180,173
83,180,173
83,181,174
84,181,174
84,181,174
84,181,174
84,181,174
84,181,174
84,181,174
84,181,174
84,181,174
84,181,174
84,181,174
84,181,174
84,181,174
84,181,174
84,181,174
84,181,174
84,181,174
84,181,174
84,181,174
84,181,174
84,181,174
84,181,174
84,181,174
84,181,174
84,181,174
84,181,174
84,181,174
84,181,174
84,181,174
84,181,174
84,181,174
84,181,174
84,181,174
84,181,174
84,181,174
84,181,174
84,181,174
84,181,174
84,181,174
84,181,174
84,181,174
84,181,174
84,181,174
84,181,174
84,181,174
84,181,174
84,181,174
84,181,174
84,181,174
84,181,174
84,181,174
84,181,174
84,181,174
84,181,174
84,181,174
84,181,174
84,181,174
84,181,174
84,181,174
84,181,174
84,181,174
84,181,174
84,181,174
84,181,174
84,181,175
84,181,175
84,181,175
84,181,175
84,181,175
84,181,175
84,181,175
84,181,175
84,181,175
84,181,175
84,181,174
84,181,174
84,181,174
84,181,175
84,181,175
84,181,175
84,181,175
84,181,175
84,181,175
84,181,175
84,181,175
84,181,175
84,181,174
84,181,174
84,181,174
84,181,174
84,181,174
84,181,174
84,181,174
84,181,174
84,181,174
84,181,174
84,181,174
84,181,174
84,181,174
84,181,174
84,181,174
84,181,174
84,181,174
84,181,174
84,181,174
83,181,174
83,181,174
83,181,174
83,180,174
82,180,174
82,180,174
82,180,174
82,180,173
82,180,173
82,180,172
80,179,172
80,179,172
79,179,171
79,178,171
78,178,171
78,178,171
78,178,171
78,178,171
77,178,171
76,178,170
75,177,170
75,177,170
75,177,170
75,177,170
75,177,170
75,177,170
75,177,170
70,175,167
72,175,167
72,175,167
72,175,167
72,176,168
72,176,168
73,175,169
74,176,169
74,176,169
74,176,170
75,177,170
76,177,170
76,178,170
77,178,171
79,179,171
79,179,171
79,179,172
79,179,172
79,179,172
80,179,172
80,179,172
80,179,172
82,180,173
82,180,173
82,180,173
82,180,174
82,180,174
82,180,174
82,180,174
82,180,174
82,180,174
82,180,174
82,180,174
82,180,174
82,180,174
82,180,174
82,180,174
82,180,174
82,180,174
82,180,174
82,180,174
83,180,174
83,181,174
83,181,174
84,181,174
84,181,174
84,181,174
84,181,174
84,181,174
84,181,174
84,181,174
84,181,174
84,181,174
84,181,174
84,181,174
83,181,174
83,180,173
83,180,173
83,180,173
83,180,173
83,180,173
83,180,173
83,180,173
83,180,173
83,180,173
83,181,174
84,181,174
84,181,174
84,181,174
84,181,174
84,181,174
84,181,174
84,181,174
84,181,174
84,181,174
84,181,174
84,181,174
84,181,174
84,181,174
84,181,174
84,181,174
84,181,174
84,181,174
84,181,174
84,181,174
84,181,174
84,181,174
84,181,174
84,181,174
84,181,174
84,181,174
84,181,174
84,181,174
84,181,174
84,181,174
84,181,174
84,181,174
84,181,174
84,181,174
84,181,174
84,181,174
84,181,174
84,181,174
84,181,174
84,181,174
84,181,174
84,181,174
84,181,174
84,181,174
84,181,174
84,181,174
84,181,174
84,181,174
84,181,174
84,181,174
84,181,174
84,181,174
84,181,174
84,181,174
84,181,174
84,181,174
84,181,174
84,181,174
84,181,174
84,181,174
84,181,174
84,181,174
84,181,174
84,181,175
84,181,175
84,181,175
84,181,175
84,181,175
84,181,175
84,181,175
84,181,175
84,181,175
84,181,175
84,181,175
84,181,175
84,181,174
84,181,174
84,181,175
84,181,175
84,181,175
84,181,175
84,181,175
84,181,175
84,181,175
84,181,175
84,181,175
84,181,175
84,181,174
84,181,174
84,181,174
84,181,174
84,181,174
84,181,174
84,181,174
84,181,174
84,181,174
84,181,174
84,181,174
84,181,174
84,181,174
84,181,174
83,181,174
83,181,174
84,181,174
83,181,174
83,181,174
83,181,174
83,180,174
82,180,174
82,180,174
82,180,174
82,180,174
82,180,173
82,180,173
82,180,172
80,179,172
80,179,171
79,179,171
79,178,171
78,178,171
78,178,171
78,178,171
77,177,170
77,178,171
76,178,170
75,177,170
75,177,170
75,177,170
75,177,170
75,177,170
75,177,170
75,177,170
71,175,167
70,175,167
72,175,167
72,175,167
72,176,167
72,176,168
72,176,168
73,176,169
74,176,169
74,176,170
74,176,170
75,177,170
76,178,170
77,178,171
78,178,172
79,179,171
79,179,172
79,179,172
79,179,172
80,179,172
80,179,172
80,179,172
82,180,172
82,180,173
82,180,174
82,180,174
82,180,174
82,180,174
82,180,174
82,180,174
82,180,174
82,180,174
82,180,174
82,180,174
82,180,174
82,180,174
82,180,174
82,180,174
82,180,174
82,180,174
83,180,174
83,180,174
83,181,174
83,181,174
84,181,174
84,181,174
84,181,174
84,181,174
84,181,174
84,181,174
84,181,174
84,181,174
84,181,174
84,181,174
84,181,174
84,181,174
84,181,174
83,181,174
83,180,173
83,180,173
83,180,173
83,180,173
83,180,173
83,180,173
83,180,173
83,181,174
84,181,174
84,181,174
84,181,174
84,181,174
84,181,174
84,181,174
84,181,174
84,181,174
84,181,175
84,181,175
84,181,174
84,181,174
84,181,174
84,181,174
84,181,174
84,181,174
84,181,174
84,181,174
84,181,174
84,181,174
84,181,174
84,181,174
84,181,174
84,181,174
84,181,174
84,181,174
84,181,174
84,181,174
84,181,174
84,181,174
84,181,174
84,181,174
84,181,174
84,181,174
84,181,174
84,181,174
84,181,174
84,181,174
84,181,174
84,181,174
84,181,175
84,181,175
84,181,175
84,181,175
84,181,175
84,181,175
84,181,174
84,181,174
84,181,174
84,181,174
84,181,174
84,181,174
84,181,174
84,181,174
84,181,175
84,181,175
84,181,175
84,181,175
84,181,175
84,181,175
84,181,175
84,181,175
84,181,175
84,181,175
84,181,175
84,181,175
84,181,175
84,181,175
84,181,175
84,181,175
84,181,175
85,182,175
85,182,175
85,182,175
85,182,175
84,181,175
84,181,174
84,181,174
84,181,175
84,181,175
84,181,175
84,181,175
84,181,175
84,181,175
84,181,175
84,181,175
84,181,174
84,181,174
84,181,174
84,181,174
84,181,174
84,181,174
84,181,174
84,181,174
84,181,174
84,181,174
84,181,174
84,181,174
84,181,174
83,181,174
83,181,174
83,180,173
83,180,173
83,180,173
83,180,174
83,180,174
82,180,174
82,180,174
82,180,174
82,180,174
82,180,174
82,180,173
82,180,172
81,180,173
80,179,172
80,179,171
79,179,171
79,178,171
78,178,171
78,178,171
78,178,171
77,178,171
76,178,170
76,178,170
75,177,170
75,177,170
75,177,170
75,177,169
75,177,169
75,177,170
75,177,170
71,175,167
72,175,167
72,175,167
72,175,167
72,176,167
72,176,168
72,176,168
73,176,169
74,176,169
74,176,169
74,176,170
75,176,169
76,177,170
76,178,170
78,178,172
79,179,171
79,179,172
79,179,172
79,179,172
80,179,172
80,179,172
80,179,172
82,180,172
82,180,173
82,180,174
82,180,174
82,180,174
82,180,174
82,180,174
82,180,174
82,180,174
82,180,174
82,180,174
82,180,174
82,180,174
82,180,174
82,180,174
82,180,174
82,180,174
82,180,174
83,180,174
83,180,174
83,181,174
83,181,174
84,181,174
84,181,174
84,181,174
84,181,174
84,181,174
84,181,174
84,181,174
84,181,174
84,181,174
84,181,174
84,181,174
84,181,174
84,181,174
84,181,174
84,181,174
83,181,174
83,180,173
83,180,173
83,180,173
83,180,173
83,180,173
83,180,173
84,181,174
84,181,174
84,181,174
84,181,174
84,181,174
84,181,174
84,181,174
84,181,174
84,181,175
84,181,175
84,181,175
84,181,174
84,181,174
84,181,174
84,181,174
84,181,174
84,181,174
84,181,174
84,181,174
84,181,174
84,181,174
84,181,174
84,181,174
84,181,174
84,181,174
84,181,174
84,181,174
84,181,174
84,181,174
84,181,174
84,181,174
84,181,174
84,181,174
84,181,174
84,181,174
84,181,174
84,181,174
84,181,174
84,181,174
84,181,175
84,181,175
84,181,175
84,181,175
84,181,175
84,181,175
84,181,175
84,181,174
84,181,174
84,181,174
84,181,174
84,181,174
84,181,174
84,181,174
84,181,174
84,181,175
84,181,175
84,181,175
84,181,175
84,181,175
84,181,175
84,181,175
84,181,175
84,181,175
84,181,175
84,181,175
84,181,175
84,181,175
84,181,175
84,181,175
85,182,175
85,182,175
85,182,175
85,182,175
85,182,175
85,182,175
85,182,175
84,181,174
84,181,174
84,181,174
84,181,175
84,181,175
84,181,175
84,181,175
84,181,175
84,181,175
84,181,175
84,181,175
84,181,174
84,181,174
84,181,174
84,181,174
84,181,174
84,181,174
84,181,174
84,181,174
84,181,174
84,181,174
84,181,174
84,181,174
83,181,174
83,180,173
83,180,173
83,180,173
83,180,173
83,180,173
82,180,174
82,180,174
82,180,174
82,180,174
82,180,174
82,180,174
82,180,173
82,180,172
81,180,173
80,179,171
80,179,171
79,179,171
79,178,171
78,178,171
78,178,171
77,177,170
76,178,170
76,178,170
76,177,170
75,177,170
75,177,170
75,177,170
75,177,170
75,177,170
75,177,170
75,177,170
72,175,167
72,175,167
72,176,167
72,176,167
72,176,168
72,176,168
73,175,169
73,176,169
74,176,169
74,176,170
74,176,170
76,177,170
76,178,170
78,178,172
79,179,171
79,179,172
79,179,172
79,179,172
80,179,172
80,179,172
80,179,172
82,180,172
82,180,173
82,180,174
82,180,174
82,180,174
82,180,174
82,180,174
82,180,174
82,180,174
82,180,174
82,180,174
82,180,174
82,180,174
82,180,174
82,180,174
82,180,174
82,180,174
82,180,174
83,180,174
83,180,173
83,181,174
83,181,174
84,181,174
84,181,174
84,181,174
84,181,174
84,181,174
84,181,174
84,181,174
84,181,174
84,181,174
84,181,174
84,181,174
84,181,174
84,181,174
84,181,174
84,181,174
83,181,174
83,180,173
83,180,174
82,180,174
82,180,174
83,180,173
83,180,173
84,181,174
84,181,174
84,181,174
84,181,174
84,181,174
84,181,174
84,181,174
84,181,174
84,181,175
84,181,175
84,181,175
84,181,175
84,181,174
84,181,174
84,181,174
84,181,174
84,181,174
84,181,174
84,181,174
84,181,174
84,181,174
84,181,174
84,181,174
84,181,174
84,181,174
84,181,174
84,181,174
84,181,174
84,181,174
84,181,174
84,181,174
84,181,174
84,181,174
84,181,174
84,181,174
84,181,174
84,181,174
84,181,174
84,181,175
84,181,175
84,181,175
84,181,175
84,181,175
84,181,175
84,181,175
84,181,175
84,181,175
84,181,174
84,181,174
84,181,174
84,181,174
84,181,174
84,181,174
84,181,174
84,181,175
84,181,175
84,181,175
84,181,175
84,181,175
84,181,175
84,181,175
84,181,175
84,181,175
84,181,175
84,181,175
84,181,175
84,181,175
84,181,175
85,182,175
85,182,175
85,182,175
85,182,175
85,182,175
85,182,175
85,182,175
85,182,175
84,181,174
84,181,174
84,181,174
84,181,174
84,181,175
84,181,175
84,181,175
84,181,175
84,181,175
84,181,175
84,181,175
84,181,175
84,181,174
84,181,174
84,181,174
84,181,174
84,181,174
84,181,174
84,181,174
84,181,174
84,181,174
84,181,174
84,181,174
83,181,174
83,180,173
83,180,173
83,180,173
83,180,173
83,180,173
82,180,174
82,180,174
82,180,174
82,180,174
82,180,174
82,180,174
82,180,172
82,180,172
81,180,173
80,179,171
80,179,171
79,179,171
79,178,171
78,178,171
78,178,171
77,178,171
76,178,170
76,178,170
76,177,170
75,177,170
75,177,170
75,177,170
75,177,170
75,177,170
75,177,170
71,175,167
72,175,167
72,175,167
72,176,167
72,176,168
72,176,168
72,176,168
73,176,169
73,176,169
73,176,169
74,177,170
76,177,171
76,178,170
77,178,171
79,179,171
79,179,172
79,179,172
79,179,172
80,179,172
80,179,172
80,179,172
82,180,172
82,180,173
82,180,173
82,180,174
82,180,174
82,180,174
82,180,174
82,180,174
82,180,174
82,180,174
82,180,174
82,180,174
82,180,174
82,180,174
82,180,174
82,180,174
82,180,174
82,180,174
83,180,174
83,180,174
83,181,174
83,181,174
84,181,174
84,181,174
84,181,174
84,181,174
84,181,174
84,181,174
84,181,174
84,181,174
84,181,174
84,181,174
84,181,174
84,181,174
84,181,174
84,181,174
84,181,174
83,180,173
83,180,174
82,180,174
82,180,174
82,180,174
83,180,173
83,180,173
84,181,174
84,181,174
84,181,174
84,181,174
84,181,174
84,181,174
84,181,174
84,181,174
84,181,175
84,181,175
84,181,175
84,181,175
84,181,174
84,181,174
84,181,174
84,181,174
84,181,174
84,181,174
84,181,174
84,181,174
84,181,174
84,181,174
84,181,174
84,181,174
84,181,174
84,181,174
84,181,174
84,181,174
84,181,174
84,181,174
84,181,174
84,181,174
84,181,174
84,181,174
84,181,174
84,181,174
84,181,174
84,181,174
84,181,175
84,181,175
84,181,175
84,181,175
84,181,175
84,181,175
84,181,175
84,181,175
84,181,174
84,181,174
84,181,174
84,181,174
84,181,174
84,181,174
84,181,174
84,181,174
84,181,175
84,181,175
84,181,175
84,181,175
84,181,175
84,181,175
84,181,175
84,181,175
84,181,175
84,181,175
84,181,175
84,181,175
84,181,175
85,182,175
85,182,175
85,182,175
85,182,175
85,182,175
85,182,175
85,182,175
85,182,175
85,182,175
84,181,174
84,181,174
84,181,174
84,181,174
84,181,175
84,181,175
84,181,175
84,181,175
84,181,175
84,181,175
84,181,175
84,181,174
84,181,174
84,181,174
84,181,174
84,181,174
84,181,174
84,181,174
84,181,174
84,181,174
84,181,174
84,181,174
84,181,174
84,181,174
83,180,173
83,180,173
83,180,173
83,180,173
83,180,173
82,180,174
82,180,174
82,180,174
82,180,174
82,180,174
82,180,174
82,180,172
82,180,172
80,179,172
80,179,171
80,179,171
79,179,171
78,178,171
77,178,171
77,178,171
76,178,170
76,178,170
76,178,170
76,177,170
75,177,170
75,177,170
75,177,170
75,177,169
75,177,170
75,177,170
71,175,167
72,175,167
72,175,167
72,176,167
72,176,168
72,176,168
72,176,168
73,176,169
73,176,169
73,176,169
74,176,170
76,177,171
76,177,171
77,178,172
79,179,171
79,179,172
79,179,172
79,179,172
80,179,172
80,179,172
80,179,172
82,180,172
82,180,172
82,180,173
82,180,174
82,180,174
82,180,174
82,180,174
82,180,174
82,180,174
82,180,174
82,180,174
82,180,174
82,180,174
82,180,174
82,180,174
82,180,174
82,180,174
82,180,174
82,180,174
83,180,174
83,181,174
83,181,174
84,181,174
84,181,174
84,181,174
84,181,174
84,181,174
84,181,174
84,181,174
84,181,174
84,181,174
84,181,174
84,181,174
84,181,174
84,181,174
84,181,174
84,181,174
83,181,174
83,180,174
82,180,174
82,180,174
82,180,174
83,180,173
83,181,174
84,181,174
84,181,174
84,181,174
84,181,174
84,181,174
84,181,174
84,181,174
84,181,174
84,181,174
84,181,175
84,181,175
84,181,174
84,181,174
84,181,174
84,181,174
84,181,174
84,181,174
84,181,174
84,181,174
84,181,174
84,181,174
84,181,174
84,181,174
83,180,173
83,180,173
83,180,173
84,181,174
84,181,174
84,181,174
84,181,174
84,181,174
84,181,174
84,181,174
84,181,174
84,181,174
84,181,174
84,181,174
84,181,174
84,181,175
84,181,175
84,181,175
84,181,175
84,181,175
84,181,175
84,181,175
84,181,174
84,181,174
84,181,174
84,181,174
84,181,174
84,181,174
84,181,174
84,181,174
84,181,174
84,181,174
84,181,175
84,181,175
84,181,175
84,181,175
84,181,175
85,182,175
85,182,175
85,182,175
85,182,175
85,182,175
85,182,175
85,182,175
85,182,175
85,182,175
85,182,175
85,182,175
85,182,175
85,182,175
85,182,175
85,182,175
85,182,175
84,181,174
84,181,174
84,181,174
84,181,174
84,181,175
84,181,175
84,181,175
84,181,175
84,181,175
84,181,175
84,181,175
84,181,174
84,181,174
85,182,174
85,182,174
85,182,174
84,181,174
84,181,174
84,181,174
84,181,174
84,181,174
84,181,174
84,181,174
84,181,174
83,180,173
83,180,173
83,180,173
83,180,173
83,180,173
82,180,174
82,180,174
82,180,174
82,180,174
82,180,174
82,180,173
82,180,172
82,180,172
80,179,172
80,179,172
79,179,171
79,179,171
78,178,172
77,178,171
77,178,171
76,178,170
76,178,170
76,177,170
76,177,170
75,177,170
75,177,170
75,177,169
75,177,169
75,177,170
75,177,170
71,175,167
72,175,167
72,175,167
72,175,167
72,176,168
72,176,168
72,176,168
73,176,169
73,176,169
73,176,169
75,177,170
76,177,171
76,177,171
77,178,172
79,179,171
79,179,171
79,179,172
79,179,172
79,179,172
80,179,172
80,179,172
81,180,173
82,180,172
82,180,173
82,180,174
82,180,174
82,180,174
82,180,174
82,180,174
82,180,174
82,180,174
82,180,174
82,180,174
82,180,174
82,180,174
82,180,174
82,180,174
82,180,174
82,180,174
82,180,174
83,180,174
83,181,174
83,181,174
84,181,174
84,181,174
84,181,174
84,181,174
84,181,174
84,181,174
84,181,174
84,181,174
84,181,174
84,181,174
84,181,174
84,181,174
84,181,174
84,181,174
84,181,174
83,181,174
83,180,174
83,180,174
83,180,174
83,180,173
84,181,174
84,181,174
84,181,174
84,181,174
84,181,174
84,181,174
84,181,174
84,181,174
84,181,174
84,181,174
84,181,174
84,181,175
84,181,175
84,181,174
84,181,174
84,181,174
84,181,174
84,181,174
84,181,174
84,181,174
84,181,174
84,181,174
84,181,174
83,181,174
83,180,173
83,180,173
83,180,173
83,180,173
83,180,173
84,181,174
84,181,174
84,181,174
84,181,174
84,181,174
84,181,174
84,181,174
84,181,174
84,181,174
84,181,174
84,181,174
84,181,174
84,181,175
84,181,175
84,181,175
84,181,175
84,181,175
84,181,175
84,181,174
84,181,174
84,181,174
84,181,174
84,181,174
84,181,174
84,181,174
84,181,174
84,181,174
84,181,174
84,181,174
84,181,175
84,181,175
84,181,175
85,182,175
85,182,175
85,182,175
85,182,175
85,182,175
85,182,175
85,182,175
85,182,175
85,182,175
85,182,175
85,182,175
85,182,175
85,182,175
85,182,175
85,182,175
85,182,175
85,182,175
84,181,174
84,181,174
84,181,174
84,181,174
84,181,175
84,181,175
84,181,175
84,181,175
84,181,175
84,181,175
84,181,175
84,181,174
84,181,174
85,182,174
85,182,174
85,182,174
84,181,174
84,181,174
84,181,174
84,181,174
84,181,174
84,181,174
84,181,174
84,181,174
83,180,173
83,180,173
83,180,173
83,180,173
82,180,174
82,180,174
82,180,174
82,180,174
82,180,174
82,180,174
82,180,173
82,180,172
81,180,173
80,179,171
79,179,171
79,179,172
79,179,171
77,178,171
77,178,171
77,178,171
76,178,170
76,178,170
76,177,170
76,177,170
75,177,170
74,177,170
74,177,170
74,177,170
75,177,170
75,177,170
70,174,168
70,175,167
72,175,167
72,175,167
72,175,167
72,176,167
72,176,168
72,176,168
73,176,169
73,176,169
75,177,170
76,177,171
76,177,171
77,178,171
78,178,172
79,179,171
79,179,172
79,179,172
79,179,172
80,179,172
80,179,172
81,180,173
81,180,173
82,180,173
82,180,174
82,180,174
82,180,174
82,180,174
82,180,174
82,180,174
82,180,174
82,180,174
82,180,174
82,180,174
82,180,174
82,180,174
82,180,174
82,180,174
82,180,174
82,180,174
83,180,174
83,181,174
83,181,174
84,181,174
84,181,174
84,181,174
84,181,174
84,181,174
84,181,174
84,181,174
84,181,174
84,181,174
84,181,174
84,181,174
84,181,174
84,181,174
84,181,174
84,181,174
84,181,174
84,181,174
84,181,174
84,181,174
84,181,174
84,181,174
84,181,174
84,181,174
84,181,174
84,181,174
84,181,174
84,181,174
84,181,174
84,181,174
84,181,174
84,181,174
84,181,175
84,181,175
84,181,174
84,181,174
84,181,174
84,181,174
84,181,174
84,181,174
84,181,174
84,181,174
84,181,174
83,181,174
83,180,173
83,180,173
83,180,173
83,180,173
83,180,173
83,180,173
83,180,173
84,181,174
84,181,174
84,181,174
84,181,174
84,181,174
84,181,174
84,181,174
84,181,174
84,181,174
84,181,174
84,181,174
84,181,174
84,181,175
84,181,175
84,181,175
84,181,175
84,181,174
84,181,174
84,181,174
84,181,174
84,181,174
84,181,174
84,181,174
84,181,174
84,181,174
84,181,174
84,181,174
84,181,174
84,181,175
84,181,175
85,182,175
85,182,175
85,182,175
85,182,175
85,182,175
85,182,175
85,182,175
85,182,175
85,182,175
85,182,175
85,182,175
85,182,175
85,182,175
85,182,175
85,182,175
85,182,175
85,182,175
85,182,175
84,181,174
84,181,174
84,181,174
84,181,174
84,181,175
84,181,175
84,181,175
84,181,175
84,181,175
84,181,175
84,181,175
84,181,174
84,181,174
85,182,174
85,182,174
85,182,174
84,181,174
84,181,174
84,181,174
84,181,174
84,181,174
84,181,174
84,181,174
84,181,174
83,180,173
83,180,173
83,180,173
82,180,174
82,180,174
82,180,174
82,180,174
82,180,174
82,180,174
82,180,173
82,180,172
82,180,172
80,179,172
80,179,171
79,179,171
79,179,171
78,178,171
77,178,171
77,178,171
77,178,171
76,178,170
76,178,170
76,177,170
76,177,170
75,177,170
74,177,170
74,177,170
74,177,170
75,177,170
75,177,170
70,175,167
72,175,167
72,175,167
72,175,167
72,175,167
72,176,167
72,176,168
73,176,169
75,177,169
75,177,170
76,177,171
76,177,170
77,178,171
78,178,172
79,179,171
79,179,171
79,179,171
79,179,172
80,179,172
80,179,172
81,180,173
81,180,173
81,180,173
82,180,173
82,180,174
82,180,174
82,180,174
82,180,174
82,180,174
82,180,174
82,180,174
82,180,174
82,180,174
82,180,174
82,180,174
82,180,174
82,180,174
82,180,174
82,180,174
83,180,174
83,181,174
83,181,174
84,181,174
84,181,174
84,181,174
84,181,174
84,181,174
84,181,174
84,181,174
84,181,174
84,181,174
84,181,174
84,181,174
84,181,174
84,181,174
84,181,174
84,181,174
84,181,174
84,181,174
84,181,174
84,181,174
84,181,174
84,181,174
84,181,174
84,181,174
84,181,174
84,181,174
84,181,174
84,181,174
84,181,174
84,181,174
84,181,174
84,181,174
84,181,174
84,181,174
84,181,174
84,181,174
84,181,174
84,181,174
84,181,174
84,181,174
84,181,174
84,181,174
84,181,174
83,180,173
83,180,173
83,180,173
83,180,173
83,180,173
83,180,173
83,180,173
83,180,173
84,181,174
84,181,174
84,181,174
84,181,174
84,181,174
84,181,174
84,181,174
84,181,174
84,181,174
84,181,174
84,181,174
84,181,174
84,181,175
84,181,175
84,181,175
84,181,175
84,181,174
84,181,174
84,181,174
84,181,174
84,181,174
84,181,174
84,181,174
84,181,174
84,181,174
84,181,174
84,181,174
84,181,174
84,181,175
84,181,175
85,182,175
85,182,175
85,182,175
85,182,175
85,182,175
85,182,175
85,182,175
85,182,175
85,182,175
85,182,175
85,182,175
85,182,175
85,182,175
85,182,175
85,182,175
85,182,175
85,182,175
85,182,175
85,182,174
84,181,174
84,181,174
84,181,174
84,181,175
84,181,175
84,181,175
84,181,175
84,181,175
84,181,175
84,181,175
84,181,174
84,181,174
84,181,174
84,181,174
84,181,174
84,181,174
84,181,174
84,181,174
84,181,174
84,181,174
84,181,174
84,181,174
83,181,174
83,180,173
83,180,173
82,180,174
82,180,174
82,180,174
82,180,174
82,180,174
82,180,174
82,180,173
82,180,173
82,180,172
80,179,172
80,179,172
80,179,171
79,179,171
79,179,171
78,178,172
77,178,171
77,178,171
77,178,171
76,178,170
76,178,170
76,177,170
76,177,170
75,177,170
74,177,170
74,177,170
74,177,170
75,177,170
70,174,168
70,175,167
72,175,167
72,175,167
72,175,167
72,176,167
72,176,168
73,176,169
75,177,169
75,177,170
76,177,170
76,177,170
77,178,171
78,178,172
79,179,171
79,179,171
79,179,171
79,179,172
79,179,172
80,179,172
81,180,173
81,180,173
81,180,173
82,180,173
82,180,174
82,180,174
82,180,174
82,180,174
82,180,174
82,180,174
82,180,174
82,180,174
82,180,174
82,180,174
82,180,174
82,180,174
82,180,174
82,180,174
83,180,174
83,180,174
83,181,174
83,181,174
84,181,174
84,181,174
84,181,174
84,181,174
84,181,174
84,181,174
84,181,174
84,181,174
84,181,174
84,181,174
84,181,174
84,181,174
84,181,174
84,181,174
84,181,174
84,181,174
84,181,174
84,181,174
84,181,174
84,181,174
84,181,174
84,181,174
84,181,174
84,181,174
84,181,174
84,181,174
84,181,174
84,181,174
84,181,174
84,181,174
84,181,174
84,181,174
84,181,174
84,181,174
84,181,174
84,181,174
84,181,174
84,181,174
84,181,174
84,181,174
84,181,174
84,181,174
83,180,173
83,180,173
83,180,173
83,180,173
83,180,173
83,180,173
83,180,173
83,180,173
84,181,174
84,181,174
84,181,174
84,181,174
84,181,174
84,181,174
84,181,174
84,181,174
84,181,174
84,181,174
84,181,174
84,181,174
84,181,174
84,181,175
84,181,175
84,181,174
84,181,174
84,181,174
84,181,174
84,181,174
84,181,174
84,181,174
84,181,174
84,181,174
84,181,174
84,181,174
84,181,174
84,181,174
84,181,175
84,181,175
85,182,175
85,182,175
85,182,175
85,182,175
85,182,175
85,182,175
85,182,175
85,182,175
85,182,175
85,182,175
85,182,175
85,182,175
85,182,175
85,182,175
85,182,175
85,182,175
85,182,175
85,182,175
85,182,174
85,182,174
84,181,174
84,181,174
84,181,175
84,181,175
84,181,175
84,181,175
84,181,175
84,181,175
84,181,175
84,181,175
84,181,174
84,181,174
84,181,174
84,181,174
84,181,174
84,181,174
84,181,174
84,181,174
84,181,174
84,181,174
84,181,174
83,181,174
83,180,173
83,180,174
82,180,174
82,180,174
82,180,174
82,180,174
82,180,174
82,180,173
82,180,173
82,180,172
81,180,173
80,179,172
80,179,171
79,179,171
79,179,171
79,179,171
78,178,172
77,178,171
77,178,171
76,178,170
76,178,170
76,178,170
76,177,170
75,177,170
75,177,170
74,177,170
74,177,170
74,177,170
75,177,170
70,174,168
70,175,167
70,175,167
72,175,167
72,175,167
72,175,167
72,176,168
73,176,169
74,177,170
75,177,170
76,177,170
76,177,170
77,178,171
78,178,172
79,179,171
79,179,171
79,179,172
79,179,172
79,179,172
80,179,172
80,179,172
81,180,173
81,180,173
81,180,174
82,180,174
82,180,174
82,180,174
82,180,174
82,180,174
82,180,174
82,180,174
82,180,174
82,180,174
82,180,174
82,180,174
82,180,174
83,180,173
83,180,173
83,180,173
83,180,173
83,181,174
83,181,174
83,181,174
84,181,174
84,181,174
84,181,174
84,181,174
84,181,174
84,181,174
84,181,174
84,181,174
84,181,174
84,181,174
84,181,174
84,181,174
84,181,174
84,181,174
84,181,174
84,181,174
84,181,174
84,181,174
84,181,174
84,181,174
84,181,174
84,181,174
84,181,174
84,181,174
84,181,174
84,181,174
84,181,174
84,181,174
84,181,174
84,181,174
84,181,174
84,181,174
84,181,174
84,181,174
84,181,174
84,181,174
84,181,174
84,181,174
84,181,174
84,181,174
84,181,174
84,181,174
83,180,173
83,180,173
83,180,173
83,180,173
83,180,173
83,180,173
83,180,173
84,181,174
84,181,174
84,181,174
84,181,174
84,181,174
84,181,174
84,181,174
84,181,174
84,181,174
84,181,174
84,181,174
84,181,174
84,181,174
84,181,174
84,181,174
84,181,174
84,181,174
84,181,174
84,181,174
84,181,174
84,181,174
84,181,174
84,181,174
84,181,174
84,181,174
84,181,174
84,181,174
84,181,174
84,181,175
84,181,175
85,182,175
85,182,175
85,182,175
85,182,175
85,182,175
85,182,175
85,182,175
85,182,175
85,182,175
85,182,175
85,182,175
85,182,175
85,182,175
85,182,175
85,182,175
85,182,175
85,182,175
85,182,175
85,182,174
85,182,174
85,182,174
84,181,174
84,181,175
84,181,175
84,181,175
84,181,175
84,181,175
84,181,175
84,181,175
84,181,175
84,181,174
84,181,174
84,181,174
84,181,174
84,181,174
84,181,174
84,181,174
84,181,174
84,181,174
84,181,174
83,181,174
83,181,174
83,180,174
82,180,174
82,180,174
82,180,174
82,180,174
82,180,174
82,180,174
82,180,173
82,180,173
82,180,172
80,179,172
80,179,172
80,179,171
79,179,171
79,179,171
79,179,171
78,178,172
77,178,171
77,178,171
76,178,170
76,178,170
76,178,170
76,177,170
75,177,170
75,177,170
75,177,169
75,177,170
75,177,170
75,177,170
69,174,167
70,174,168
70,175,167
72,175,167
72,175,167
72,175,167
72,176,168
73,176,169
74,177,170
75,177,169
76,177,170
76,177,170
77,178,171
78,178,172
79,179,171
79,179,171
79,179,172
79,179,172
80,179,172
80,179,172
80,179,172
81,180,173
81,180,173
82,180,173
82,180,174
82,180,174
82,180,174
82,180,174
82,180,174
82,180,174
82,180,174
82,180,174
82,180,174
83,180,173
83,180,173
83,180,173
83,180,173
83,180,173
83,180,173
83,180,173
83,181,174
83,181,174
84,181,174
84,181,174
84,181,174
84,181,174
84,181,174
84,181,174
84,181,174
84,181,174
84,181,174
84,181,174
84,181,174
84,181,174
84,181,174
84,181,175
84,181,175
84,181,175
84,181,175
84,181,175
84,181,175
84,181,174
84,181,174
84,181,174
84,181,174
84,181,174
84,181,174
84,181,174
84,181,174
84,181,174
84,181,174
84,181,174
84,181,174
84,181,174
84,181,174
84,181,174
84,181,174
84,181,174
84,181,174
84,181,174
84,181,174
84,181,174
84,181,174
84,181,174
84,181,174
84,181,174
83,180,173
83,180,173
83,180,173
83,180,173
83,180,173
84,181,174
84,181,174
84,181,174
84,181,174
84,181,174
84,181,174
84,181,174
84,181,174
84,181,174
84,181,174
84,181,174
84,181,174
84,181,174
84,181,174
84,181,174
84,181,174
84,181,174
84,181,174
83,181,174
84,181,174
84,181,174
84,181,174
84,181,174
84,181,174
84,181,174
84,181,174
84,181,174
84,181,174
84,181,174
84,181,175
84,181,175
85,182,175
85,182,175
85,182,175
85,182,175
85,182,175
85,182,175
85,182,175
85,182,175
85,182,175
85,182,175
85,182,175
85,182,175
85,182,175
85,182,175
85,182,175
85,182,175
85,182,175
85,182,175
85,182,174
85,182,174
85,182,174
85,182,174
84,181,175
84,181,175
84,181,175
84,181,175
84,181,175
84,181,175
84,181,175
84,181,175
84,181,174
84,181,174
84,181,174
84,181,174
84,181,174
84,181,174
84,181,174
84,181,174
84,181,174
84,181,174
83,181,174
83,181,174
83,180,174
82,180,174
82,180,174
82,180,174
82,180,174
82,180,174
82,180,174
82,180,173
82,180,172
80,179,172
80,179,172
80,179,172
80,179,171
79,179,172
79,179,171
78,178,172
77,178,171
77,178,171
76,178,170
76,178,170
76,178,170
76,178,170
76,177,170
75,177,170
75,177,170
75,177,170
75,177,170
75,177,170
75,177,170
70,174,168
70,175,167
70,175,167
72,175,167
72,175,167
72,176,168
73,176,169
74,177,170
75,177,169
76,177,170
76,177,170
77,178,171
78,178,172
78,178,172
79,179,171
79,179,172
79,179,172
80,179,172
80,179,172
80,179,172
80,179,172
81,180,173
82,180,172
82,180,173
82,180,174
82,180,174
82,180,174
82,180,174
82,180,174
82,180,174
82,180,174
82,180,174
83,180,173
83,180,173
83,180,173
83,180,173
83,180,173
83,180,173
83,180,173
83,181,174
84,181,174
84,181,174
84,181,174
84,181,174
84,181,174
84,181,174
84,181,174
84,181,174
84,181,174
84,181,174
84,181,174
84,181,174
84,181,174
84,181,175
84,181,175
84,181,175
84,181,175
84,181,175
84,181,175
84,181,175
84,181,175
84,181,174
84,181,174
84,181,174
84,181,174
84,181,174
84,181,174
84,181,174
84,181,174
84,181,174
84,181,174
84,181,174
84,181,174
84,181,174
84,181,174
84,181,174
84,181,174
84,181,174
84,181,174
84,181,174
84,181,174
84,181,174
84,181,174
84,181,174
84,181,174
84,181,174
83,181,174
83,180,173
83,180,173
84,181,174
84,181,174
84,181,174
84,181,174
84,181,174
84,181,174
84,181,174
84,181,174
84,181,174
84,181,174
84,181,174
84,181,174
84,181,174
84,181,174
84,181,174
84,181,174
84,181,174
84,181,174
84,181,174
83,181,174
84,181,174
84,181,174
84,181,174
84,181,174
84,181,174
84,181,174
84,181,174
84,181,174
84,181,174
84,181,175
84,181,175
84,181,175
85,182,175
85,182,175
85,182,175
85,182,175
85,182,175
85,182,175
85,182,175
85,182,175
85,182,175
85,182,175
85,182,175
85,182,175
85,182,175
85,182,175
85,182,175
85,182,175
85,182,175
85,182,175
85,182,174
85,182,174
85,182,174
85,182,174
84,181,175
84,181,175
84,181,175
84,181,175
84,181,175
84,181,175
84,181,175
84,181,175
84,181,174
84,181,174
84,181,174
84,181,174
84,181,174
84,181,174
84,181,174
84,181,174
84,181,174
84,181,174
83,181,174
83,181,174
83,180,174
82,180,174
82,180,174
82,180,174
82,180,174
82,180,174
82,180,174
82,180,173
82,180,172
80,179,172
80,179,172
80,179,172
79,179,172
79,179,172
79,179,171
78,178,172
77,178,171
76,178,170
76,178,170
76,178,170
76,178,170
76,178,170
76,177,170
75,177,170
75,177,170
75,177,170
75,177,170
75,177,170
70,174,168
70,174,168
70,175,167
72,175,167
72,175,167
72,176,168
73,176,169
74,177,170
75,177,169
76,177,170
76,177,170
77,178,171
77,178,171
78,178,172
79,179,171
79,179,171
79,179,172
80,179,172
80,179,172
80,179,172
80,179,172
81,180,173
82,180,172
82,180,173
82,180,174
82,180,174
82,180,174
82,180,174
82,180,174
82,180,174
82,180,174
83,180,173
83,180,173
83,180,173
83,180,173
83,180,173
83,180,173
83,180,173
83,180,173
83,181,174
84,181,174
84,181,174
84,181,174
84,181,174
84,181,174
84,181,174
84,181,174
84,181,174
84,181,174
84,181,174
84,181,174
84,181,174
84,181,175
84,181,175
84,181,175
85,182,175
85,182,175
84,181,175
84,181,175
84,181,175
84,181,175
84,181,175
84,181,175
84,181,174
84,181,174
84,181,174
84,181,174
84,181,174
84,181,174
84,181,174
84,181,174
84,181,174
84,181,174
84,181,174
84,181,174
84,181,174
84,181,174
84,181,174
84,181,174
84,181,174
84,181,174
84,181,174
84,181,174
84,181,174
84,181,174
84,181,174
84,181,174
84,181,174
84,181,174
84,181,174
84,181,174
84,181,174
84,181,174
84,181,174
84,181,174
84,181,174
84,181,174
84,181,174
84,181,174
84,181,174
84,181,174
84,181,174
84,181,174
84,181,174
84,181,174
84,181,174
84,181,174
84,181,174
84,181,174
84,181,174
84,181,174
84,181,174
84,181,174
84,181,174
84,181,174
84,181,174
84,181,174
84,181,175
84,181,175
84,181,175
84,181,175
85,182,175
85,182,175
85,182,175
85,182,175
85,182,175
85,182,175
85,182,175
85,182,175
85,182,175
85,182,175
85,182,175
85,182,175
85,182,175
85,182,175
85,182,175
85,182,175
85,182,175
85,182,175
85,182,174
85,182,174
85,182,174
84,181,174
84,181,175
84,181,175
84,181,175
84,181,175
84,181,175
84,181,175
84,181,175
84,181,175
84,181,174
84,181,174
84,181,174
84,181,174
84,181,174
84,181,174
84,181,174
84,181,174
84,181,174
84,181,174
83,181,174
83,181,174
82,180,174
82,180,174
82,180,174
82,180,174
82,180,174
82,180,174
82,180,174
82,180,173
82,180,172
80,179,172
80,179,172
80,179,172
79,179,172
79,179,171
78,178,171
78,178,172
77,178,171
76,178,170
76,178,170
76,178,170
76,178,170
76,178,170
76,177,170
75,177,170
75,177,170
75,177,170
75,177,170
75,177,170
69,174,167
70,174,168
70,175,167
70,175,167
72,175,167
72,176,168
73,176,169
74,177,170
75,177,169
76,177,170
76,177,170
77,178,171
77,178,171
78,178,171
79,179,171
79,179,171
79,179,172
80,179,172
80,179,172
80,179,172
80,179,172
82,180,172
82,180,172
82,180,173
82,180,174
82,180,174
82,180,174
82,180,174
82,180,174
82,180,174
82,180,174
83,180,173
83,180,173
83,180,173
83,180,173
83,180,173
83,180,173
83,180,173
83,180,173
83,181,174
84,181,174
84,181,174
84,181,174
84,181,174
84,181,174
84,181,174
84,181,174
84,181,174
84,181,174
84,181,174
84,181,174
84,181,175
84,181,175
84,181,175
85,182,175
85,182,175
85,182,175
85,182,175
85,182,175
84,181,175
84,181,175
84,181,175
84,181,175
84,181,174
84,181,174
84,181,174
84,181,174
84,181,174
84,181,174
84,181,174
84,181,174
84,181,174
84,181,174
84,181,174
84,181,174
84,181,174
84,181,174
84,181,174
84,181,174
84,181,174
84,181,174
84,181,174
84,181,174
84,181,174
84,181,174
84,181,174
84,181,174
84,181,174
84,181,174
84,181,174
84,181,174
84,181,174
84,181,174
84,181,174
84,181,174
84,181,174
84,181,174
84,181,174
84,181,174
84,181,174
84,181,174
84,181,174
84,181,174
84,181,174
84,181,174
84,181,174
84,181,174
84,181,174
84,181,175
84,181,174
84,181,174
84,181,174
84,181,174
84,181,174
84,181,174
84,181,174
84,181,174
84,181,175
84,181,175
84,181,175
84,181,175
85,182,175
85,182,175
85,182,175
85,182,175
85,182,175
85,182,175
85,182,175
85,182,175
85,182,175
85,182,175
85,182,175
85,182,175
85,182,175
85,182,175
85,182,175
85,182,175
85,182,175
85,182,175
85,182,174
85,182,174
84,181,174
84,181,174
84,181,175
84,181,175
84,181,175
84,181,175
84,181,175
84,181,175
84,181,175
84,181,175
84,181,174
84,181,174
84,181,174
84,181,174
84,181,174
84,181,174
84,181,174
84,181,174
84,181,174
84,181,174
83,181,174
83,181,174
82,180,174
82,180,174
82,180,174
82,180,174
82,180,174
82,180,174
82,180,174
82,180,173
82,180,172
80,179,172
80,179,172
80,179,172
79,179,171
79,179,171
78,178,171
78,178,171
77,178,171
76,178,170
76,178,170
76,178,170
76,178,170
76,178,170
76,177,170
75,177,170
75,177,170
75,177,170
75,177,170
75,177,170
69,174,167
70,174,168
70,175,168
72,175,168
72,176,168
73,176,169
74,176,170
75,177,169
76,177,170
76,177,170
76,178,170
77,178,171
78,178,171
78,178,171
79,179,172
79,179,171
79,179,171
80,179,172
80,179,172
80,179,172
82,180,172
82,180,172
82,180,173
82,180,174
82,180,174
82,180,174
82,180,174
82,180,174
83,180,174
83,180,173
83,180,173
83,180,173
83,180,173
83,180,173
83,180,173
83,180,173
83,180,173
83,181,174
84,181,174
84,181,174
84,181,174
84,181,174
84,181,174
84,181,174
84,181,174
84,181,174
84,181,174
84,181,174
84,181,174
84,181,175
84,181,175
84,181,175
84,181,175
85,182,175
85,182,175
85,182,175
85,182,175
85,182,175
84,181,175
84,181,175
84,181,175
84,181,175
84,181,175
84,181,174
84,181,174
84,181,174
84,181,174
84,181,174
84,181,174
84,181,174
84,181,174
84,181,174
84,181,174
84,181,174
84,181,174
83,181,174
83,181,174
83,181,174
84,181,174
84,181,174
84,181,174
84,181,174
84,181,174
84,181,174
84,181,174
84,181,174
84,181,174
84,181,174
84,181,174
84,181,174
84,181,174
84,181,174
84,181,174
84,181,174
84,181,174
84,181,174
84,181,174
84,181,174
84,181,174
84,181,174
84,181,174
84,181,174
84,181,174
84,181,174
84,181,174
84,181,174
84,181,175
84,181,175
84,181,175
84,181,175
84,181,174
84,181,174
84,181,174
84,181,174
84,181,175
84,181,175
84,181,175
84,181,175
84,181,175
84,181,175
84,181,175
85,182,175
85,182,175
85,182,175
85,182,175
85,182,175
85,182,175
85,182,175
85,182,175
85,182,175
85,182,175
85,182,175
85,182,175
85,182,175
85,182,175
85,182,175
85,182,175
85,182,175
84,181,174
84,181,174
84,181,174
84,181,174
84,181,175
84,181,175
84,181,175
84,181,175
84,181,175
84,181,175
84,181,175
84,181,175
84,181,174
84,181,174
84,181,174
84,181,174
84,181,174
84,181,174
84,181,174
84,181,174
84,181,174
83,181,174
83,181,174
83,181,174
82,180,174
82,180,174
82,180,174
82,180,174
82,180,174
82,180,174
82,180,173
82,180,173
81,180,173
80,179,172
80,179,172
79,179,172
79,179,171
79,179,171
78,178,171
78,178,171
77,177,171
76,178,170
76,178,170
76,178,170
76,178,170
76,178,170
76,177,170
75,177,170
75,177,170
75,177,170
75,177,170
69,174,167
69,174,167
71,174,168
72,175,168
72,175,168
73,176,169
73,176,169
75,177,169
75,177,169
76,177,170
76,177,170
77,178,171
77,178,171
78,178,171
79,179,171
79,179,171
79,179,171
80,179,172
80,179,172
80,179,172
82,180,172
82,180,172
82,180,174
82,180,174
82,180,174
82,180,174
83,180,174
83,180,174
83,180,173
83,180,173
83,180,173
83,181,174
83,181,174
83,180,173
83,180,173
83,180,173
83,181,174
83,181,174
83,181,174
84,181,174
84,181,174
84,181,174
84,181,174
84,181,174
84,181,174
84,181,174
84,181,174
84,181,174
84,181,175
84,181,175
84,181,175
84,181,175
84,181,175
85,182,175
85,182,175
85,182,175
85,182,175
84,181,175
84,181,175
84,181,175
84,181,175
84,181,175
84,181,175
84,181,174
84,181,174
84,181,174
84,181,174
84,181,174
84,181,174
84,181,174
84,181,174
84,181,174
84,181,174
83,181,174
83,181,174
83,180,173
83,180,173
83,180,173
83,180,173
83,181,174
84,181,174
84,181,174
84,181,174
84,181,174
84,181,174
84,181,174
84,181,174
84,181,174
84,181,174
84,181,174
84,181,174
84,181,174
84,181,174
84,181,174
84,181,174
84,181,174
84,181,174
84,181,174
84,181,174
84,181,174
84,181,174
84,181,174
84,181,174
84,181,174
84,181,174
84,181,174
84,181,175
84,181,175
84,181,175
84,181,175
84,181,175
84,181,174
84,181,174
84,181,175
84,181,175
84,181,175
84,181,175
84,181,175
84,181,175
84,181,175
84,181,175
84,181,175
85,182,175
85,182,175
85,182,175
85,182,175
85,182,175
85,182,175
85,182,175
85,182,175
85,182,175
85,182,175
85,182,175
85,182,175
85,182,175
84,181,175
84,181,175
84,181,175
84,181,174
84,181,174
84,181,174
84,181,174
84,181,175
84,181,175
84,181,175
84,181,175
84,181,175
84,181,175
84,181,175
84,181,175
84,181,174
84,181,174
84,181,174
84,181,174
84,181,174
84,181,174
84,181,174
84,181,174
83,181,174
83,181,174
83,181,174
83,181,174
82,180,174
82,180,174
82,180,174
82,180,174
82,180,174
82,180,173
82,180,173
82,180,173
80,179,172
80,179,172
80,179,172
79,179,172
79,179,171
78,178,172
78,178,172
78,178,171
77,177,171
77,177,171
76,178,170
76,178,170
76,178,170
76,177,170
75,177,170
75,177,170
75,177,170
75,177,170
75,177,170
69,174,167
69,174,167
70,174,168
71,174,168
72,175,168
72,176,168
73,176,169
75,177,169
75,177,170
76,177,170
76,177,170
76,177,170
77,178,171
78,178,171
79,179,171
79,179,171
79,179,171
80,179,172
80,179,172
80,179,172
82,180,172
82,180,173
82,180,174
82,180,174
82,180,174
82,180,174
83,181,174
83,181,174
83,181,174
84,181,174
84,181,174
84,181,174
84,181,174
84,181,174
84,181,174
84,181,174
84,181,174
83,181,174
83,181,174
83,181,174
84,181,174
84,181,174
84,181,174
84,181,174
84,181,174
84,181,174
84,181,175
84,181,175
84,181,175
84,181,175
84,181,175
84,181,175
84,181,175
84,181,175
84,181,175
84,181,175
84,181,175
84,181,175
84,181,175
84,181,175
84,181,175
84,181,175
84,181,175
84,181,174
84,181,174
84,181,174
84,181,174
84,181,174
84,181,174
84,181,174
84,181,174
84,181,174
83,181,174
83,181,174
83,180,173
83,180,173
83,180,173
83,180,173
83,180,173
83,180,173
83,180,173
83,180,173
84,181,174
84,181,174
84,181,174
84,181,174
84,181,174
84,181,174
84,181,174
84,181,174
84,181,174
84,181,174
84,181,174
84,181,174
84,181,174
84,181,174
84,181,174
84,181,174
84,181,174
84,181,174
84,181,174
84,181,174
84,181,174
84,181,174
84,181,174
84,181,174
84,181,175
85,182,175
85,182,175
85,182,175
85,182,175
85,182,175
85,182,175
85,182,175
85,182,175
85,182,175
84,181,175
84,181,175
84,181,175
84,181,175
84,181,175
84,181,175
84,181,175
84,181,175
84,181,175
84,181,175
84,181,175
84,181,175
85,182,175
85,182,175
85,182,175
85,182,175
85,182,175
85,182,175
84,181,175
84,181,175
84,181,175
84,181,175
84,181,174
84,181,174
84,181,174
84,181,174
84,181,175
84,181,175
84,181,175
85,182,175
85,182,175
85,182,175
84,181,175
84,181,175
84,181,174
84,181,174
84,181,174
84,181,174
84,181,174
84,181,174
83,180,173
83,180,173
83,180,173
83,180,173
83,180,174
82,180,174
82,181,173
82,181,173
82,181,173
82,181,173
82,181,173
82,181,173
82,180,173
82,180,172
80,179,172
80,179,172
79,179,172
79,179,171
79,179,171
78,178,172
78,178,171
78,178,171
77,177,171
77,177,171
76,178,170
76,178,170
76,178,170
76,177,170
75,177,170
75,177,170
75,177,170
75,177,170
75,177,170
69,174,167
70,174,167
71,174,168
72,175,168
72,175,168
73,176,169
74,177,170
75,177,170
75,177,170
76,177,170
76,177,170
77,177,171
78,178,171
78,178,171
79,179,171
79,179,172
79,179,172
80,179,172
80,179,172
82,180,172
82,180,172
82,180,174
82,180,174
82,180,174
83,181,174
83,181,174
84,181,174
84,181,174
84,181,174
84,181,174
84,181,174
84,181,174
84,181,174
84,181,174
84,181,174
84,181,174
84,181,174
83,181,174
83,181,174
83,181,174
84,181,174
84,181,174
84,181,174
84,181,174
84,181,175
84,181,175
84,181,175
84,181,175
84,181,175
84,181,175
84,181,175
84,181,175
84,181,175
84,181,175
84,181,175
84,181,175
84,181,175
84,181,175
84,181,175
84,181,175
84,181,175
84,181,175
84,181,174
84,181,174
84,181,174
84,181,174
84,181,174
84,181,174
84,181,174
84,181,174
84,181,174
83,181,174
83,181,174
83,180,173
82,180,174
82,180,174
83,180,173
83,180,173
83,180,173
83,180,173
83,180,173
84,181,174
84,181,174
84,181,174
84,181,174
84,181,174
84,181,174
84,181,174
84,181,174
84,181,174
84,181,174
84,181,174
84,181,174
84,181,174
84,181,174
84,181,174
84,181,174
84,181,174
84,181,174
84,181,174
84,181,174
84,181,174
84,181,174
84,181,174
84,181,174
85,182,175
85,182,175
85,182,175
85,182,175
85,182,175
85,182,175
85,182,175
85,182,175
85,182,175
85,182,175
85,182,175
84,181,175
84,181,175
84,181,175
84,181,175
84,181,175
84,181,175
84,181,175
84,181,175
84,181,175
84,181,175
84,181,175
84,181,175
85,182,175
85,182,175
85,182,175
85,182,175
85,182,175
84,181,175
84,181,175
84,181,175
84,181,174
84,181,174
84,181,174
84,181,174
84,181,174
84,181,175
84,181,175
85,182,175
85,182,175
85,182,175
85,182,175
84,181,175
84,181,175
84,181,174
84,181,174
84,181,174
84,181,174
83,181,174
83,180,173
83,180,173
83,180,173
83,180,173
83,180,174
82,180,174
82,180,174
82,181,173
82,181,173
82,181,173
82,181,173
82,181,173
82,181,173
82,180,173
81,180,173
80,179,172
80,179,172
79,179,172
79,179,171
78,178,172
78,178,172
78,178,171
78,178,171
77,177,171
77,177,171
77,177,171
76,178,170
76,177,170
76,177,170
75,177,170
75,177,170
75,177,170
75,177,170
67,173,166
70,174,167
70,174,167
72,175,168
72,175,168
73,176,169
74,177,170
75,177,170
75,177,170
76,177,170
76,177,170
76,178,170
78,178,171
78,178,171
79,179,171
79,179,172
79,179,172
79,179,172
80,179,172
82,180,172
82,180,172
82,180,173
82,180,174
83,180,174
83,181,174
84,181,174
84,181,174
84,181,174
84,181,174
84,181,174
84,181,174
84,181,174
84,181,174
84,181,174
84,181,174
84,181,174
84,181,174
84,181,174
84,181,174
84,181,174
84,181,174
84,181,174
84,181,174
84,181,174
84,181,175
84,181,175
84,181,175
84,181,175
84,181,175
84,181,175
84,181,175
84,181,175
84,181,175
84,181,175
84,181,175
84,181,175
84,181,175
84,181,175
84,181,175
84,181,175
84,181,175
84,181,175
84,181,175
84,181,174
84,181,174
84,181,174
84,181,174
84,181,174
84,181,174
84,181,174
84,181,174
84,181,174
83,181,174
83,180,173
83,180,173
83,180,173
83,180,173
83,180,173
83,180,173
83,180,173
83,180,173
83,180,173
84,181,174
84,181,174
84,181,174
84,181,174
84,181,174
84,181,174
84,181,174
84,181,174
84,181,174
84,181,174
84,181,174
84,181,174
84,181,174
84,181,174
84,181,174
84,181,174
84,181,174
84,181,174
84,181,174
84,181,174
84,181,174
84,181,174
84,181,174
85,182,175
85,182,175
85,182,175
85,182,175
85,182,175
85,182,175
85,182,175
85,182,175
85,182,175
85,182,175
85,182,175
85,182,175
84,181,175
84,181,175
84,181,175
84,181,175
84,181,175
84,181,175
84,181,175
84,181,175
84,181,175
84,181,175
84,181,175
84,181,175
85,182,175
85,182,175
85,182,175
84,181,175
84,181,175
84,181,175
84,181,175
84,181,174
84,181,174
84,181,174
84,181,174
84,181,174
84,181,175
85,182,175
85,182,175
85,182,175
85,182,175
85,182,175
84,181,175
84,181,175
84,181,174
84,181,174
84,181,174
84,181,174
83,180,173
83,180,173
83,180,173
83,180,173
83,180,173
82,180,174
82,180,174
82,180,173
82,181,173
82,181,173
82,181,173
82,181,173
82,181,173
82,180,173
82,180,173
81,180,173
80,180,172
79,179,172
79,179,171
79,179,171
78,178,172
78,178,172
78,178,171
78,178,171
77,177,171
77,177,171
77,177,171
76,178,170
76,177,170
76,177,170
75,177,170
75,177,170
75,177,170
75,177,170
69,174,167
70,174,167
72,175,168
72,175,168
73,176,169
74,177,170
75,177,170
75,177,170
76,177,170
76,178,170
76,178,170
77,178,171
78,178,171
79,179,171
79,179,171
79,179,172
79,179,172
80,179,172
81,180,173
82,180,172
82,180,172
82,180,173
83,180,174
83,181,174
84,181,174
84,181,174
84,181,174
84,181,174
84,181,174
84,181,174
84,181,174
84,181,174
84,181,174
84,181,174
84,181,174
84,181,174
84,181,174
84,181,174
84,181,174
84,181,174
84,181,174
84,181,174
84,181,174
84,181,174
84,181,175
84,181,175
84,181,175
84,181,175
84,181,175
84,181,175
84,181,175
84,181,175
84,181,175
84,181,175
84,181,175
84,181,175
84,181,175
84,181,175
84,181,175
84,181,175
84,181,175
84,181,175
84,181,175
84,181,174
84,181,174
84,181,174
84,181,174
84,181,174
84,181,174
84,181,174
84,181,174
84,181,174
83,180,173
83,180,173
83,180,173
83,180,173
83,180,173
83,180,173
83,180,173
83,180,173
84,181,174
84,181,174
84,181,174
84,181,174
84,181,174
84,181,174
84,181,174
84,181,174
84,181,174
84,181,174
84,181,174
84,181,174
84,181,174
84,181,174
84,181,174
84,181,174
84,181,174
84,181,174
84,181,174
84,181,174
84,181,174
84,181,174
84,181,174
85,182,174
85,182,175
85,182,175
85,182,175
85,182,175
85,182,175
85,182,175
85,182,175
85,182,175
85,182,175
85,182,175
85,182,175
85,182,175
84,181,175
84,181,175
84,181,175
84,181,175
84,181,175
84,181,175
84,181,175
84,181,175
84,181,175
84,181,175
84,181,175
84,181,175
85,182,175
85,182,175
85,182,175
84,181,175
84,181,175
84,181,175
84,181,174
84,181,174
84,181,174
84,181,174
84,181,174
84,181,174
84,181,175
85,182,175
85,182,175
85,182,175
85,182,175
84,181,175
84,181,175
84,181,175
84,181,174
84,181,174
84,181,174
84,181,174
83,180,173
83,180,173
83,180,173
83,180,173
82,180,174
82,180,174
82,180,174
82,180,173
82,181,173
82,181,173
82,181,173
82,181,173
81,180,173
81,180,173
82,180,173
81,180,173
80,179,172
79,179,172
79,179,171
79,179,171
79,179,171
78,178,172
78,178,171
78,178,171
78,178,171
77,177,171
77,177,171
76,178,170
76,177,170
76,177,170
75,177,170
75,177,170
75,177,170
69,174,167
69,174,167
71,175,168
72,175,168
73,176,169
74,177,170
75,177,170
75,177,170
76,177,170
76,178,170
77,178,171
77,178,171
78,178,172
79,179,171
79,179,171
79,179,172
79,179,172
80,179,172
81,180,173
82,180,172
82,180,172
82,180,173
82,180,173
84,181,174
84,181,174
84,181,174
85,182,174
85,182,174
85,182,174
84,181,174
84,181,174
84,181,174
84,181,174
84,181,174
84,181,174
84,181,174
84,181,174
84,181,174
84,181,174
84,181,174
84,181,174
84,181,174
84,181,174
84,181,174
84,181,174
84,181,175
84,181,175
84,181,175
84,181,175
84,181,175
84,181,175
84,181,175
84,181,175
84,181,175
84,181,175
84,181,175
84,181,175
84,181,175
84,181,175
84,181,175
84,181,175
84,181,175
84,181,175
84,181,175
84,181,174
84,181,174
84,181,174
84,181,174
84,181,174
84,181,174
84,181,174
84,181,174
83,180,173
83,180,173
83,180,173
83,180,173
83,180,173
83,180,173
83,180,173
83,180,173
84,181,174
84,181,174
84,181,174
84,181,174
84,181,174
84,181,174
84,181,174
84,181,174
84,181,174
84,181,174
84,181,174
84,181,174
84,181,174
84,181,174
84,181,174
84,181,174
84,181,174
84,181,174
84,181,174
84,181,174
84,181,174
84,181,174
85,182,174
85,182,175
85,182,175
85,182,175
85,182,175
85,182,175
85,182,175
85,182,175
85,182,175
85,182,175
85,182,175
85,182,175
85,182,175
85,182,175
84,181,175
84,181,175
84,181,175
84,181,175
84,181,175
84,181,175
84,181,175
84,181,175
84,181,175
84,181,175
84,181,175
84,181,175
85,182,175
85,182,175
85,182,175
85,182,175
84,181,175
84,181,175
84,181,174
84,181,174
84,181,174
84,181,174
84,181,174
84,181,174
84,181,174
84,181,175
85,182,175
85,182,175
84,181,175
84,181,175
84,181,175
84,181,174
84,181,174
84,181,174
84,181,174
84,181,174
83,180,173
83,180,173
83,180,173
83,180,173
82,180,174
82,180,174
82,180,174
82,180,174
82,181,173
82,181,173
82,181,173
82,180,173
81,180,173
81,180,173
81,180,173
81,180,173
80,179,172
79,179,172
79,179,171
79,179,171
79,179,171
78,178,172
78,178,171
78,178,171
78,178,171
77,177,171
76,178,170
76,178,170
76,177,170
76,177,170
76,177,170
76,177,170
75,177,170
69,174,167
69,174,167
71,175,168
72,175,168
73,176,169
74,177,170
74,177,170
75,177,170
76,178,170
77,178,171
77,178,171
78,178,172
78,178,172
79,179,171
79,179,172
79,179,172
79,179,172
80,179,172
81,180,173
82,180,173
82,180,173
82,181,173
82,181,173
84,181,174
84,181,174
85,182,174
85,182,174
86,182,175
86,182,175
85,182,174
85,182,174
84,181,174
84,181,174
84,181,174
84,181,174
84,181,174
84,181,174
84,181,174
84,181,174
84,181,174
84,181,174
84,181,174
84,181,174
84,181,174
84,181,174
84,181,174
84,181,175
84,181,175
84,181,175
84,181,175
84,181,175
84,181,175
84,181,175
84,181,175
84,181,175
84,181,175
84,181,175
84,181,175
84,181,175
84,181,175
84,181,175
84,181,175
84,181,175
84,181,175
84,181,175
84,181,175
84,181,175
84,181,174
84,181,174
84,181,174
84,181,174
84,181,174
83,180,173
83,180,173
83,180,173
83,180,173
83,180,173
83,180,173
83,180,173
84,181,174
84,181,174
84,181,174
84,181,174
84,181,174
84,181,174
84,181,174
84,181,174
84,181,174
84,181,174
84,181,174
84,181,174
84,181,174
84,181,174
84,181,174
84,181,174
84,181,174
84,181,174
84,181,174
84,181,174
85,182,174
85,182,174
85,182,174
85,182,175
85,182,175
85,182,175
85,182,175
85,182,175
85,182,175
85,182,175
85,182,175
85,182,175
85,182,175
85,182,175
85,182,175
85,182,175
85,182,175
84,181,175
84,181,175
84,181,175
84,181,175
84,181,175
84,181,174
84,181,174
84,181,175
84,181,175
84,181,175
84,181,175
84,181,175
84,181,175
85,182,175
85,182,175
85,182,175
85,182,175
84,181,174
84,181,174
84,181,174
84,181,174
84,181,174
84,181,174
84,181,174
84,181,174
84,181,174
84,181,175
84,181,175
84,181,175
84,181,175
84,181,174
84,181,174
84,181,174
84,181,174
84,181,174
84,181,174
83,180,173
83,180,173
83,180,173
82,180,174
82,180,174
82,180,174
82,180,174
82,180,174
82,181,173
82,181,173
82,181,173
82,180,173
82,180,173
81,180,173
81,180,173
80,179,172
79,179,172
79,179,172
79,179,171
79,179,171
79,179,171
79,179,171
78,178,171
78,178,171
78,178,171
77,177,171
76,178,170
76,177,170
76,177,170
76,177,170
76,177,170
76,177,170
75,177,170
69,174,167
71,175,168
72,175,168
72,176,168
73,176,169
74,177,170
75,177,169
76,177,170
77,178,171
77,178,171
77,178,171
78,178,172
79,179,171
79,179,171
79,179,172
79,179,172
80,179,172
81,180,173
82,180,173
82,180,173
82,181,173
82,181,173
83,181,174
84,181,174
85,182,174
86,182,175
86,182,175
86,182,175
86,182,174
85,182,174
85,182,174
85,182,174
84,181,175
84,181,174
84,181,174
84,181,174
84,181,174
84,181,174
84,181,174
84,181,174
84,181,174
84,181,174
84,181,174
84,181,174
84,181,174
84,181,174
84,181,175
84,181,175
84,181,175
84,181,175
84,181,175
84,181,175
84,181,175
84,181,175
84,181,175
84,181,175
84,181,175
84,181,175
84,181,175
84,181,175
84,181,175
84,181,175
84,181,175
84,181,175
84,181,175
84,181,175
84,181,175
84,181,175
84,181,175
84,181,175
84,181,174
83,180,173
83,180,173
83,180,173
83,180,173
83,180,173
83,180,173
83,181,174
84,181,174
84,181,174
84,181,174
84,181,174
84,181,174
84,181,174
84,181,174
84,181,174
84,181,174
84,181,174
84,181,175
84,181,175
84,181,175
84,181,175
84,181,175
84,181,175
84,181,175
84,181,175
84,181,175
85,182,175
85,182,175
85,182,175
85,182,175
85,182,175
85,182,175
85,182,175
85,182,175
85,182,175
85,182,175
85,182,175
85,182,175
85,182,175
85,182,175
85,182,175
85,182,175
85,182,175
85,182,175
84,181,175
84,181,175
84,181,175
84,181,175
84,181,174
84,181,174
84,181,174
84,181,175
84,181,175
84,181,175
84,181,175
84,181,175
84,181,175
84,181,175
85,182,175
85,182,175
85,182,175
84,181,174
84,181,174
84,181,174
84,181,174
84,181,174
84,181,174
84,181,174
84,181,174
84,181,174
84,181,174
84,181,174
84,181,174
84,181,174
84,181,174
84,181,174
84,181,174
84,181,174
84,181,174
83,181,174
83,180,173
83,180,173
83,180,173
82,180,174
82,180,174
82,180,174
82,180,174
82,181,173
82,181,173
82,181,173
82,180,173
82,180,173
81,180,173
81,180,173
81,180,173
80,179,172
79,179,172
79,179,171
79,179,171
79,179,171
79,179,171
79,179,171
78,178,171
78,178,171
78,178,171
77,178,171
76,178,170
76,177,170
76,177,170
76,177,170
75,177,170
75,177,170
69,174,168
70,174,168
71,175,168
72,176,168
73,176,169
74,176,170
75,177,169
76,177,170
77,178,171
77,178,171
77,178,171
78,178,172
79,179,171
79,179,171
79,179,172
80,179,172
80,179,172
81,180,173
82,180,173
82,181,173
82,181,173
82,181,173
83,181,174
84,181,174
85,182,174
85,182,174
86,182,175
86,182,175
85,182,174
85,182,174
85,182,174
85,182,175
85,182,175
84,181,175
84,181,175
84,181,175
84,181,174
84,181,174
84,181,174
84,181,174
84,181,174
84,181,174
84,181,174
84,181,174
84,181,174
84,181,174
84,181,174
84,181,175
84,181,175
84,181,175
84,181,175
84,181,175
84,181,175
84,181,175
84,181,175
84,181,175
84,181,175
84,181,175
84,181,175
84,181,175
84,181,175
84,181,175
84,181,175
84,181,175
84,181,175
84,181,175
84,181,175
84,181,175
84,181,175
84,181,175
84,181,175
83,181,174
83,180,173
83,180,173
83,180,173
83,181,174
83,181,174
84,181,174
84,181,174
84,181,174
84,181,174
84,181,174
84,181,174
84,181,174
84,181,174
84,181,174
84,181,174
84,181,175
84,181,175
84,181,175
84,181,175
84,181,175
84,181,175
84,181,175
84,181,175
84,181,175
84,181,175
85,182,175
85,182,175
85,182,175
85,182,175
85,182,175
85,182,175
85,182,175
85,182,175
85,182,175
85,182,175
85,182,175
85,182,175
85,182,175
85,182,175
85,182,175
85,182,175
85,182,175
85,182,175
84,181,175
84,181,175
84,181,175
84,181,175
84,181,174
84,181,174
84,181,174
84,181,174
84,181,175
84,181,175
84,181,175
84,181,175
84,181,175
84,181,175
84,181,175
84,181,175
84,181,174
84,181,174
84,181,174
84,181,174
84,181,174
84,181,174
84,181,174
84,181,174
84,181,174
84,181,174
84,181,174
84,181,174
84,181,174
84,181,174
84,181,174
84,181,174
84,181,174
84,181,174
84,181,174
83,181,174
83,180,173
83,180,173
83,180,173
82,180,174
82,180,174
82,180,174
82,180,174
82,181,173
82,181,173
82,181,173
82,180,173
81,180,173
81,180,173
81,180,173
81,180,173
80,179,172
79,179,172
79,179,171
79,179,171
79,179,171
79,179,171
79,179,171
78,178,171
78,178,171
78,178,171
77,178,171
76,178,170
76,177,170
76,177,170
75,177,170
75,177,170
75,177,170
70,174,168
71,175,168
72,175,168
72,176,168
73,176,169
74,177,170
75,177,169
76,178,170
77,178,171
77,178,171
77,178,171
79,179,171
79,179,171
79,179,172
80,179,172
80,179,172
81,180,173
82,180,173
82,181,173
82,181,173
82,181,173
83,181,174
84,181,174
84,181,174
85,182,175
85,182,174
85,182,174
85,182,174
85,182,174
85,182,175
85,182,175
84,181,175
84,181,175
84,181,175
84,181,175
84,181,175
84,181,174
84,181,174
84,181,174
84,181,174
84,181,174
84,181,174
84,181,174
84,181,174
84,181,174
84,181,174
84,181,174
84,181,175
84,181,175
84,181,175
84,181,175
84,181,175
84,181,175
84,181,175
84,181,175
84,181,175
84,181,175
84,181,175
84,181,175
84,181,175
84,181,175
84,181,175
84,181,175
84,181,175
84,181,175
84,181,175
84,181,175
84,181,175
84,181,175
84,181,175
84,181,175
83,181,174
83,181,174
83,181,174
84,181,174
84,181,174
84,181,174
84,181,174
84,181,174
84,181,174
84,181,174
84,181,174
84,181,174
84,181,174
84,181,174
84,181,174
84,181,175
84,181,175
84,181,175
84,181,175
84,181,175
84,181,175
84,181,175
84,181,175
84,181,175
84,181,175
85,182,175
85,182,175
85,182,175
85,182,175
85,182,175
85,182,175
85,182,175
85,182,175
85,182,175
85,182,175
85,182,175
85,182,175
85,182,175
85,182,175
85,182,175
85,182,175
85,182,175
85,182,175
84,181,175
84,181,175
84,181,175
84,181,175
84,181,174
84,181,174
84,181,174
84,181,174
84,181,175
84,181,175
84,181,175
84,181,175
84,181,175
84,181,175
84,181,175
84,181,175
84,181,174
84,181,174
84,181,174
84,181,174
84,181,174
84,181,174
84,181,174
84,181,174
84,181,174
84,181,174
84,181,174
84,181,174
83,180,173
83,180,173
84,181,174
84,181,174
84,181,174
84,181,174
84,181,174
83,181,174
83,180,173
83,180,173
83,180,173
82,180,174
82,180,174
82,180,174
82,180,174
82,181,173
82,181,173
82,181,173
81,180,173
81,180,173
81,180,173
81,180,173
80,179,171
79,179,172
79,179,172
79,179,171
79,179,171
79,179,171
78,178,172
78,178,171
78,178,171
78,178,171
77,177,171
76,178,170
76,178,170
76,177,170
76,177,170
75,177,170
75,177,170
69,174,167
70,174,168
71,175,168
72,176,168
73,176,169
74,177,170
75,177,169
76,178,170
77,178,171
77,178,171
77,178,171
79,179,171
79,179,171
79,179,171
80,179,172
80,179,171
81,180,173
81,180,173
82,180,173
82,181,173
82,181,173
83,181,174
83,181,174
84,181,174
84,181,174
85,182,175
85,182,174
85,182,174
85,182,174
85,182,174
84,181,175
84,181,175
84,181,175
84,181,175
84,181,175
84,181,175
84,181,175
84,181,174
84,181,174
84,181,174
84,181,174
84,181,174
84,181,174
84,181,174
84,181,174
84,181,174
84,181,174
84,181,175
84,181,175
84,181,175
84,181,175
84,181,175
84,181,175
84,181,175
84,181,175
84,181,175
84,181,175
84,181,175
84,181,175
84,181,175
84,181,175
84,181,175
84,181,175
84,181,175
84,181,175
84,181,175
84,181,175
84,181,175
84,181,175
84,181,175
84,181,175
84,181,174
84,181,174
84,181,174
84,181,174
84,181,174
84,181,174
84,181,174
84,181,174
84,181,174
84,181,174
84,181,174
84,181,174
84,181,174
84,181,174
84,181,174
84,181,175
84,181,175
84,181,175
84,181,175
84,181,175
84,181,175
84,181,175
84,181,175
84,181,175
85,182,175
85,182,175
85,182,175
85,182,175
85,182,175
85,182,175
85,182,175
85,182,175
85,182,175
85,182,175
85,182,175
85,182,175
85,182,175
85,182,175
85,182,175
85,182,175
85,182,175
85,182,175
85,182,175
84,181,175
84,181,175
84,181,175
84,181,175
84,181,174
84,181,174
84,181,174
84,181,174
84,181,174
84,181,175
84,181,175
84,181,175
84,181,175
84,181,175
84,181,175
84,181,174
84,181,174
84,181,174
84,181,174
84,181,174
84,181,174
84,181,174
84,181,174
84,181,174
84,181,174
84,181,174
84,181,174
83,180,173
83,180,173
83,180,173
83,180,173
83,181,174
84,181,174
84,181,174
84,181,174
83,181,174
83,180,173
83,180,173
83,180,173
82,180,174
82,180,174
82,180,174
82,181,173
82,181,173
82,181,173
81,180,173
81,180,173
81,180,173
81,180,173
80,179,172
79,179,172
79,179,172
79,179,171
79,179,171
78,178,172
78,178,172
78,178,172
78,178,171
78,178,171
77,177,171
77,177,171
76,178,170
76,177,170
76,177,170
75,177,170
75,177,170
75,177,170
69,174,168
70,174,168
71,175,168
72,176,168
73,176,169
74,177,170
75,177,169
76,178,170
77,178,171
77,178,171
77,178,171
79,179,171
79,179,171
80,179,172
80,179,172
81,180,173
81,180,173
82,180,173
82,180,173
82,181,173
83,181,173
83,181,174
83,181,174
84,181,174
84,181,174
84,181,174
84,181,174
84,181,174
84,181,174
84,181,174
84,181,175
84,181,175
84,181,175
84,181,175
84,181,175
84,181,175
84,181,175
84,181,174
84,181,174
84,181,174
84,181,174
84,181,174
84,181,174
84,181,174
84,181,174
84,181,174
84,181,174
84,181,175
84,181,175
84,181,175
84,181,175
84,181,175
84,181,175
84,181,175
84,181,175
84,181,174
84,181,174
84,181,174
84,181,175
84,181,175
84,181,175
84,181,175
84,181,175
84,181,175
84,181,175
84,181,175
84,181,175
84,181,175
84,181,175
84,181,174
84,181,174
84,181,174
84,181,174
84,181,174
84,181,174
84,181,174
84,181,174
84,181,174
84,181,174
84,181,174
84,181,174
84,181,174
84,181,174
84,181,174
84,181,174
84,181,175
84,181,175
84,181,175
84,181,175
84,181,175
84,181,175
84,181,175
84,181,175
85,182,175
85,182,175
85,182,175
85,182,175
85,182,175
85,182,175
85,182,175
85,182,175
85,182,175
85,182,175
85,182,175
85,182,175
85,182,175
85,182,175
85,182,175
85,182,175
85,182,175
85,182,175
85,182,175
85,182,175
84,181,175
84,181,175
84,181,175
84,181,175
84,181,174
84,181,174
84,181,174
84,181,174
84,181,174
84,181,175
84,181,175
84,181,175
84,181,175
84,181,175
84,181,175
84,181,174
84,181,174
84,181,174
84,181,174
84,181,174
84,181,174
84,181,174
84,181,174
84,181,174
84,181,174
84,181,174
83,180,173
83,180,173
83,180,173
83,180,173
83,180,173
83,180,173
83,181,174
84,181,174
84,181,174
83,181,174
83,180,173
83,180,173
83,180,173
83,180,173
82,180,173
82,180,173
82,181,173
82,181,173
82,181,173
81,180,173
81,180,173
81,180,172
80,179,171
80,179,172
79,179,172
79,179,171
79,179,171
78,178,172
78,178,172
77,178,171
77,178,171
78,178,171
77,177,171
77,178,171
76,178,170
76,178,170
76,177,170
75,177,170
75,177,170
75,177,170
69,174,167
69,174,168
70,174,168
71,175,168
72,176,169
74,176,170
75,177,169
76,177,170
76,178,170
77,178,171
77,178,171
78,178,172
79,179,171
79,179,172
80,179,172
81,180,173
81,180,173
82,180,173
81,180,173
82,181,173
82,181,173
83,181,173
83,181,174
83,181,174
84,181,174
84,181,174
84,181,174
84,181,174
84,181,174
84,181,174
84,181,174
84,181,174
84,181,175
84,181,175
84,181,175
84,181,175
84,181,175
84,181,174
84,181,174
84,181,174
84,181,174
84,181,174
84,181,174
84,181,174
84,181,174
84,181,174
84,181,174
84,181,175
84,181,175
84,181,175
84,181,175
84,181,175
84,181,175
84,181,175
84,181,174
84,181,174
84,181,174
84,181,174
84,181,174
84,181,175
84,181,175
84,181,175
84,181,175
84,181,175
84,181,175
84,181,175
84,181,175
84,181,175
84,181,175
84,181,174
84,181,174
84,181,174
84,181,174
84,181,174
84,181,174
84,181,174
84,181,174
84,181,174
84,181,174
84,181,174
84,181,174
84,181,174
84,181,174
84,181,174
84,181,174
84,181,175
84,181,175
84,181,175
84,181,175
84,181,175
84,181,175
85,182,175
85,182,175
85,182,175
85,182,175
85,182,175
85,182,175
85,182,175
85,182,175
85,182,175
85,182,175
85,182,175
85,182,175
85,182,175
85,182,175
85,182,175
85,182,175
85,182,175
85,182,175
85,182,175
85,182,175
85,182,175
85,182,175
84,181,175
84,181,175
84,181,175
84,181,175
84,181,174
84,181,174
84,181,174
84,181,174
84,181,174
84,181,174
84,181,175
84,181,175
84,181,175
84,181,175
84,181,174
84,181,174
84,181,174
84,181,174
84,181,174
84,181,174
84,181,174
84,181,174
84,181,174
84,181,174
84,181,174
83,180,173
83,180,173
83,180,173
83,180,173
83,180,173
83,180,173
83,180,173
83,180,173
84,181,174
84,181,174
83,181,174
83,180,173
83,180,173
83,180,173
82,180,174
82,180,174
82,180,174
82,181,173
82,181,173
81,180,173
81,180,173
81,180,172
80,179,171
80,179,171
79,179,172
79,179,172
79,179,171
78,178,172
78,178,172
77,178,171
77,178,171
77,178,171
77,178,171
77,177,171
76,178,170
76,178,170
76,177,170
75,177,170
75,177,170
75,177,170
75,177,169
68,174,167
69,174,167
70,174,168
71,176,169
73,176,169
74,177,170
75,177,169
76,177,170
76,178,170
77,178,171
78,178,172
79,179,171
79,179,172
80,179,172
81,180,173
81,180,173
82,180,173
82,181,173
82,181,173
82,181,173
82,181,173
83,181,173
83,181,174
83,180,173
83,181,174
83,181,174
84,181,174
84,181,174
84,181,174
84,181,174
84,181,174
84,181,174
84,181,175
84,181,175
84,181,175
84,181,174
84,181,174
84,181,174
84,181,174
84,181,174
84,181,174
84,181,174
84,181,174
84,181,174
84,181,174
84,181,174
84,181,174
84,181,174
84,181,175
84,181,175
84,181,175
84,181,175
84,181,174
84,181,174
84,181,174
84,181,174
84,181,174
84,181,174
84,181,174
84,181,175
84,181,175
84,181,175
84,181,175
84,181,175
84,181,175
84,181,175
84,181,175
84,181,175
84,181,174
84,181,174
84,181,174
84,181,174
84,181,174
84,181,174
84,181,174
84,181,174
84,181,174
84,181,174
84,181,174
84,181,174
84,181,174
84,181,174
84,181,174
84,181,174
84,181,175
84,181,175
84,181,175
84,181,175
85,182,175
85,182,175
85,182,175
85,182,175
85,182,175
85,182,175
85,182,175
85,182,175
85,182,175
85,182,175
85,182,175
85,182,175
85,182,175
85,182,175
85,182,175
85,182,175
85,182,175
85,182,175
85,182,175
85,182,175
85,182,175
85,182,175
85,182,175
85,182,175
84,181,175
84,181,175
84,181,175
84,181,175
84,181,174
84,181,174
84,181,174
84,181,174
84,181,174
84,181,174
84,181,174
84,181,175
84,181,175
84,181,174
84,181,174
84,181,174
84,181,174
84,181,174
84,181,174
84,181,174
84,181,174
84,181,174
84,181,174
84,181,174
84,181,174
83,180,173
83,180,173
83,180,173
82,180,173
82,180,173
82,180,173
82,180,173
83,180,173
84,181,174
84,181,174
83,180,173
83,180,173
83,180,173
83,180,173
82,180,174
82,180,174
82,180,174
82,181,173
82,181,173
81,180,173
81,180,173
81,180,172
80,179,171
80,179,171
79,179,172
79,179,171
79,179,171
78,178,172
77,178,171
77,178,171
77,178,171
77,178,171
77,177,171
76,178,170
76,178,170
76,177,170
75,177,170
75,177,170
75,177,169
75,177,169
68,173,167
68,174,167
69,174,167
70,174,168
72,176,169
73,176,170
74,177,170
75,177,170
76,178,170
77,178,171
78,178,172
79,179,171
79,179,172
80,179,172
81,180,173
81,180,173
82,180,173
82,181,173
82,181,173
82,181,173
82,181,173
82,180,174
82,180,174
82,180,174
82,180,174
83,180,173
83,180,173
83,180,173
83,181,174
83,181,174
84,181,174
84,181,174
84,181,175
84,181,175
84,181,175
84,181,174
84,181,174
84,181,174
84,181,174
84,181,174
84,181,174
84,181,174
84,181,174
84,181,174
84,181,174
84,181,174
84,181,174
84,181,174
84,181,175
84,181,175
84,181,175
84,181,175
84,181,174
84,181,174
84,181,174
84,181,174
84,181,174
84,181,174
84,181,174
84,181,175
84,181,175
84,181,175
84,181,175
84,181,175
84,181,175
84,181,175
84,181,175
84,181,175
84,181,174
84,181,174
84,181,174
84,181,174
84,181,174
84,181,174
84,181,174
84,181,174
84,181,174
84,181,174
84,181,174
84,181,174
84,181,174
84,181,174
84,181,174
84,181,174
84,181,175
84,181,175
84,181,175
84,181,175
85,182,175
85,182,175
85,182,175
85,182,175
85,182,175
85,182,175
85,182,175
85,182,175
85,182,175
85,182,175
85,182,175
85,182,175
85,182,175
85,182,175
85,182,175
85,182,175
85,182,175
85,182,175
85,182,175
85,182,175
85,182,175
85,182,175
85,182,175
85,182,175
84,181,175
84,181,175
84,181,175
84,181,175
84,181,174
84,181,174
84,181,174
84,181,174
84,181,174
84,181,174
84,181,174
84,181,174
84,181,174
84,181,174
84,181,174
84,181,174
84,181,174
84,181,174
84,181,174
84,181,174
84,181,174
84,181,174
84,181,174
84,181,174
83,181,174
83,180,173
83,180,173
82,180,173
82,180,173
82,180,173
82,180,174
82,180,174
82,180,174
83,180,174
83,180,174
83,180,173
83,180,173
83,180,173
82,180,174
82,180,174
82,180,174
82,180,174
82,180,173
82,180,173
81,180,173
81,180,173
80,179,171
80,179,171
79,179,171
79,179,171
79,179,171
79,179,171
78,178,172
77,178,171
77,178,171
77,177,171
77,177,171
77,177,171
76,178,170
76,177,170
75,177,170
75,177,170
75,177,169
75,177,169
74,177,170
68,173,167
68,174,167
69,174,167
71,175,168
72,176,169
73,176,170
75,177,169
75,177,170
76,178,170
77,178,171
78,178,172
79,179,172
80,179,172
81,180,173
81,180,173
82,180,173
82,181,173
82,181,173
82,181,173
82,180,174
82,180,174
82,180,174
82,180,174
82,180,174
82,180,174
83,180,173
83,180,173
83,180,173
83,180,173
83,180,173
83,181,174
83,181,174
83,181,174
84,181,175
84,181,174
84,181,174
84,181,174
84,181,174
84,181,174
84,181,174
84,181,174
84,181,174
84,181,174
84,181,174
84,181,174
84,181,174
84,181,174
84,181,174
84,181,174
84,181,174
84,181,174
84,181,174
84,181,174
84,181,174
84,181,174
84,181,174
84,181,174
84,181,174
84,181,174
84,181,174
84,181,174
84,181,174
84,181,174
84,181,175
84,181,175
84,181,175
84,181,174
84,181,174
84,181,174
84,181,174
84,181,174
84,181,174
84,181,174
84,181,174
84,181,174
84,181,174
84,181,174
84,181,174
84,181,174
84,181,174
84,181,174
84,181,174
84,181,174
84,181,175
84,181,175
84,181,175
84,181,175
85,182,175
85,182,175
85,182,175
85,182,175
85,182,175
85,182,175
85,182,175
85,182,175
85,182,175
85,182,175
85,182,175
85,182,175
85,182,175
85,182,175
85,182,175
85,182,175
85,182,175
85,182,175
85,182,175
85,182,175
85,182,175
85,182,175
85,182,175
85,182,175
84,181,175
84,181,175
84,181,175
84,181,175
84,181,174
84,181,174
84,181,174
84,181,174
84,181,174
84,181,174
84,181,174
84,181,174
84,181,174
84,181,174
84,181,174
84,181,174
84,181,174
84,181,174
84,181,174
84,181,174
84,181,174
84,181,174
84,181,174
84,181,174
83,181,174
83,180,173
83,180,173
82,180,173
82,180,173
82,180,173
82,180,174
82,180,174
82,180,174
82,180,174
83,180,174
83,180,174
83,180,174
83,180,173
82,180,173
82,180,174
82,180,174
82,180,173
82,180,172
82,180,173
81,180,173
80,179,171
80,179,171
80,179,171
79,179,171
79,179,171
79,179,171
79,179,171
78,178,172
77,178,171
78,178,171
77,177,171
77,177,171
77,177,171
76,177,170
75,177,170
75,177,170
75,177,169
74,177,170
74,177,170
67,173,166
67,173,166
69,174,167
70,174,168
71,176,169
73,176,169
73,176,169
75,177,170
76,178,170
77,178,171
78,178,172
79,179,172
80,179,172
81,180,173
81,180,173
82,180,173
82,181,173
82,181,173
82,180,173
82,180,174
82,180,174
82,180,174
82,180,174
82,180,174
82,180,174
83,180,173
83,180,173
83,180,173
83,180,174
83,180,174
83,180,174
82,180,174
83,181,174
83,181,174
84,181,174
84,181,174
84,181,174
84,181,174
84,181,174
84,181,174
84,181,174
84,181,174
84,181,174
84,181,174
84,181,174
84,181,174
84,181,174
84,181,174
84,181,174
84,181,174
84,181,174
84,181,174
84,181,174
84,181,174
84,181,174
84,181,174
84,181,174
84,181,174
84,181,174
84,181,174
84,181,174
84,181,174
84,181,174
84,181,174
84,181,175
84,181,174
84,181,174
84,181,174
84,181,174
84,181,174
84,181,174
84,181,174
84,181,174
84,181,174
84,181,174
84,181,174
84,181,174
84,181,174
84,181,174
84,181,174
84,181,174
84,181,174
84,181,174
84,181,175
84,181,175
84,181,175
84,181,175
84,181,175
85,182,175
85,182,175
85,182,175
85,182,175
85,182,175
85,182,175
85,182,175
85,182,175
85,182,175
85,182,175
85,182,175
85,182,175
85,182,175
85,182,175
85,182,175
85,182,175
85,182,175
85,182,175
85,182,175
85,182,175
85,182,175
85,182,175
85,182,175
85,182,175
84,181,175
84,181,175
84,181,175
84,181,174
84,181,174
84,181,174
84,181,174
84,181,174
84,181,174
84,181,174
84,181,174
84,181,174
84,181,174
84,181,174
84,181,174
84,181,174
84,181,174
84,181,174
84,181,174
84,181,174
84,181,174
84,181,174
84,181,174
84,181,174
83,181,174
83,180,173
82,180,173
82,180,173
82,180,173
82,180,174
82,180,174
82,180,174
82,180,174
82,180,174
83,180,174
83,180,174
83,180,173
82,180,173
82,180,173
82,180,173
82,180,172
82,180,172
81,180,173
80,179,171
80,179,171
80,179,171
79,179,171
79,179,171
79,179,171
79,179,171
78,178,172
77,178,171
77,178,171
77,178,171
77,177,171
77,177,171
77,177,171
76,177,170
75,177,170
75,177,170
75,177,169
74,177,170
74,177,170
67,173,166
67,173,166
69,174,167
70,175,168
71,176,169
73,176,169
75,177,169
76,177,170
77,178,171
78,178,172
78,178,172
79,179,172
80,180,172
81,180,173
81,180,173
82,180,173
82,181,173
82,181,173
82,180,174
82,180,174
82,180,174
82,180,174
82,180,174
82,180,174
82,180,174
83,180,173
83,180,174
83,180,174
83,180,174
82,180,174
82,180,174
83,180,174
83,181,174
83,181,174
84,181,174
84,181,174
84,181,174
84,181,174
84,181,174
84,181,174
84,181,174
84,181,174
84,181,174
84,181,174
84,181,174
84,181,174
84,181,174
84,181,174
84,181,174
84,181,174
84,181,174
84,181,174
84,181,174
84,181,174
84,181,174
84,181,174
84,181,174
84,181,174
84,181,174
84,181,174
84,181,174
84,181,174
84,181,174
84,181,174
84,181,174
84,181,174
84,181,174
84,181,174
84,181,174
84,181,174
84,181,174
84,181,174
84,181,174
84,181,174
84,181,174
84,181,174
84,181,174
84,181,174
84,181,174
84,181,174
84,181,174
84,181,174
84,181,175
84,181,175
84,181,175
84,181,175
84,181,175
84,181,175
84,181,175
84,181,175
84,181,175
85,182,175
85,182,175
85,182,175
85,182,175
85,182,175
85,182,175
85,182,175
85,182,175
85,182,175
85,182,175
85,182,175
85,182,175
85,182,175
85,182,175
85,182,175
85,182,175
85,182,175
85,182,175
85,182,175
84,181,175
84,181,175
84,181,175
84,181,175
84,181,174
84,181,174
84,181,174
84,181,174
84,181,174
84,181,174
84,181,174
84,181,174
84,181,174
84,181,174
84,181,174
84,181,174
84,181,174
85,182,174
85,182,174
85,182,174
85,182,174
85,182,174
84,181,174
84,181,174
84,181,174
83,181,174
83,180,173
82,180,173
82,180,173
82,180,174
82,180,174
82,180,174
82,180,174
82,180,174
82,180,174
82,180,174
82,180,174
82,180,173
82,180,173
82,180,173
82,180,172
82,180,172
82,180,172
81,180,172
80,179,171
80,179,171
80,179,171
79,179,172
79,179,171
79,179,171
79,179,171
78,178,172
77,178,171
77,178,171
77,178,171
77,178,171
77,177,171
77,177,171
76,177,170
75,177,170
75,176,169
74,177,170
74,177,170
66,173,166
67,173,166
68,174,167
70,174,168
71,175,168
72,176,169
73,176,170
75,177,170
76,178,170
77,178,171
78,178,172
79,179,172
80,179,172
81,180,173
81,180,173
81,180,173
82,180,173
82,180,173
82,180,173
82,180,174
82,180,174
82,180,174
82,180,174
82,180,174
82,180,174
83,180,174
83,180,174
82,180,174
82,180,174
82,180,174
82,180,174
82,180,174
83,180,173
83,181,174
84,181,174
84,181,174
84,181,174
84,181,174
84,181,174
84,181,174
84,181,174
84,181,174
84,181,174
84,181,174
84,181,174
84,181,174
84,181,174
84,181,174
84,181,174
84,181,174
84,181,174
84,181,174
84,181,174
84,181,174
84,181,174
84,181,174
84,181,174
84,181,174
84,181,174
84,181,174
84,181,174
84,181,174
84,181,174
84,181,174
84,181,174
84,181,174
84,181,174
84,181,174
84,181,174
84,181,174
84,181,174
84,181,174
84,181,174
84,181,174
84,181,174
84,181,174
84,181,174
84,181,174
84,181,174
84,181,174
84,181,174
84,181,174
84,181,175
84,181,175
84,181,175
84,181,175
84,181,175
84,181,175
84,181,175
84,181,175
84,181,175
84,181,175
85,182,175
85,182,175
85,182,175
85,182,175
85,182,175
85,182,175
85,182,175
85,182,175
85,182,175
85,182,175
85,182,175
85,182,175
85,182,175
85,182,175
85,182,175
85,182,175
85,182,175
84,181,175
84,181,175
84,181,175
84,181,175
84,181,175
84,181,174
84,181,174
84,181,174
84,181,174
84,181,174
84,181,174
84,181,174
84,181,174
84,181,174
84,181,174
84,181,174
84,181,174
85,182,174
85,182,174
85,182,174
85,182,174
85,182,174
85,182,174
85,182,174
84,181,174
84,181,174
84,181,174
83,180,173
82,180,173
82,180,174
82,180,174
82,180,174
82,180,174
82,180,174
82,180,174
82,180,174
82,180,174
82,180,174
82,180,173
82,180,173
82,180,173
82,180,173
82,180,172
81,180,172
80,179,171
80,179,171
80,179,171
79,179,171
79,179,172
79,179,171
79,179,171
78,178,172
78,179,171
78,178,172
77,178,171
77,178,171
77,178,171
77,177,171
77,177,171
76,177,170
75,177,170
74,176,170
74,177,170
73,176,169
66,173,166
67,173,166
69,174,167
70,174,168
71,176,169
72,176,169
74,176,170
76,177,171
77,178,171
78,178,172
79,179,171
79,179,172
80,179,172
81,180,173
81,180,173
81,180,173
82,180,173
82,180,173
82,180,173
82,180,174
82,180,174
82,180,174
82,180,174
82,180,174
82,180,174
82,180,174
82,180,174
82,180,174
82,180,174
82,180,174
82,180,174
82,180,174
83,180,173
83,180,173
84,181,174
84,181,174
84,181,174
84,181,174
84,181,174
84,181,174
84,181,174
84,181,174
84,181,174
84,181,174
84,181,174
84,181,174
84,181,174
84,181,174
84,181,174
84,181,174
84,181,174
84,181,174
84,181,174
84,181,174
84,181,174
84,181,174
84,181,174
84,181,174
84,181,174
84,181,174
84,181,174
84,181,174
84,181,174
84,181,174
84,181,174
84,181,174
84,181,174
84,181,174
84,181,174
84,181,174
84,181,174
84,181,174
84,181,174
84,181,174
84,181,174
84,181,174
84,181,174
84,181,174
84,181,174
84,181,174
84,181,174
84,181,174
84,181,175
84,181,175
84,181,175
84,181,175
84,181,175
84,181,175
84,181,175
84,181,175
84,181,175
84,181,175
84,181,175
85,182,175
85,182,175
85,182,175
85,182,175
85,182,175
84,181,175
84,181,175
84,181,175
84,181,175
84,181,175
84,181,175
84,181,175
84,181,175
84,181,175
84,181,175
84,181,175
84,181,175
84,181,175
84,181,175
84,181,175
84,181,174
84,181,174
84,181,174
84,181,174
84,181,174
84,181,174
84,181,174
84,181,174
84,181,174
84,181,174
84,181,174
84,181,174
85,182,174
85,182,174
85,182,174
85,182,174
85,182,174
85,182,174
84,181,174
84,181,174
84,181,174
84,181,174
83,181,174
83,180,174
82,180,174
82,180,174
82,180,174
82,180,174
82,180,174
82,180,174
82,180,174
82,180,174
82,180,174
82,181,173
82,181,173
82,180,173
82,180,172
82,180,172
80,179,171
80,179,171
80,179,171
79,179,171
79,179,172
79,179,171
79,179,171
79,179,171
78,179,171
78,179,171
78,178,172
78,178,172
77,178,171
77,178,171
77,178,171
77,177,171
76,177,170
75,176,169
74,177,170
73,176,169
67,173,166
68,174,167
69,174,168
70,174,168
72,176,169
73,176,169
75,177,170
76,178,170
78,178,172
79,179,171
79,179,172
80,179,172
80,180,172
81,180,173
81,180,173
82,180,173
82,180,173
82,180,173
82,181,173
82,180,174
82,180,174
82,180,174
82,180,174
82,180,174
82,180,174
82,180,174
82,180,174
82,180,174
82,180,174
82,180,174
82,180,174
82,180,173
83,180,173
83,180,173
84,181,174
84,181,174
84,181,174
84,181,174
83,181,174
83,181,174
83,181,174
83,181,174
84,181,174
84,181,174
84,181,174
84,181,174
84,181,174
84,181,174
84,181,174
84,181,174
84,181,174
84,181,174
84,181,174
84,181,174
84,181,174
84,181,174
84,181,174
84,181,174
84,181,174
84,181,174
84,181,174
84,181,174
84,181,174
84,181,174
84,181,174
84,181,174
84,181,174
84,181,174
84,181,174
84,181,174
84,181,174
84,181,174
84,181,174
84,181,174
84,181,174
84,181,174
84,181,174
84,181,174
84,181,174
84,181,174
84,181,174
84,181,174
84,181,175
84,181,175
84,181,175
84,181,175
84,181,175
84,181,175
84,181,175
84,181,175
84,181,175
84,181,175
84,181,175
85,182,175
85,182,175
84,181,175
84,181,175
84,181,175
84,181,175
84,181,175
84,181,175
84,181,175
84,181,175
84,181,175
84,181,175
84,181,175
84,181,175
84,181,175
84,181,175
84,181,175
84,181,175
84,181,175
84,181,174
84,181,174
84,181,174
84,181,174
84,181,174
84,181,174
84,181,174
84,181,174
84,181,174
84,181,174
84,181,174
84,181,174
84,181,174
85,182,174
85,182,174
85,182,174
85,182,174
85,182,174
84,181,174
84,181,174
84,181,174
84,181,174
83,180,173
82,180,174
82,180,174
82,180,174
82,180,174
82,180,174
82,180,174
82,180,174
82,180,174
82,180,174
82,180,174
82,181,173
82,181,173
82,180,173
82,180,172
82,180,172
80,179,171
80,179,171
80,179,171
79,179,171
79,179,172
79,179,171
79,179,171
79,179,171
79,179,171
78,178,172
78,178,172
78,178,172
77,178,171
77,178,171
76,178,170
76,178,170
76,177,170
74,177,170
74,177,170
66,173,166
67,173,166
69,174,167
70,174,168
71,176,169
72,176,169
74,176,170
76,177,170
77,178,171
78,178,172
79,179,171
79,179,172
80,179,172
80,179,172
81,180,173
81,180,173
82,180,173
82,180,173
82,180,173
82,181,173
82,180,174
82,180,174
82,180,174
82,180,174
82,180,174
82,180,174
82,180,174
82,180,174
82,180,174
82,180,174
82,180,174
82,180,174
82,180,174
82,180,174
82,180,174
82,180,174
82,180,174
83,180,173
83,180,173
83,180,173
83,180,173
83,180,173
83,180,173
83,180,173
83,180,173
83,180,173
83,181,174
83,181,174
83,181,174
84,181,174
84,181,174
84,181,174
84,181,174
84,181,174
84,181,174
84,181,174
84,181,174
84,181,174
84,181,174
84,181,174
84,181,174
84,181,174
84,181,174
84,181,174
84,181,174
84,181,174
84,181,174
84,181,174
84,181,174
84,181,174
84,181,174
84,181,174
84,181,174
84,181,174
84,181,174
84,181,174
84,181,174
84,181,174
84,181,174
84,181,174
84,181,174
84,181,174
84,181,174
84,181,174
84,181,174
84,181,174
84,181,174
84,181,175
84,181,175
84,181,175
84,181,175
84,181,175
84,181,175
84,181,175
84,181,175
84,181,175
84,181,175
84,181,175
84,181,175
84,181,175
84,181,175
84,181,175
84,181,175
84,181,175
84,181,175
84,181,175
84,181,175
84,181,175
84,181,175
84,181,175
84,181,175
84,181,174
84,181,174
84,181,174
84,181,174
84,181,174
84,181,174
84,181,174
84,181,174
84,181,174
84,181,174
84,181,174
84,181,174
84,181,174
84,181,174
84,181,174
84,181,174
84,181,174
84,181,174
84,181,174
84,181,174
84,181,174
84,181,174
83,180,173
82,180,174
82,180,174
82,180,174
82,180,174
82,180,174
82,180,174
82,180,174
82,180,174
82,180,174
82,180,174
82,180,174
82,181,173
82,180,173
82,180,173
82,180,172
81,180,172
80,179,171
80,179,171
79,179,171
79,179,171
79,179,172
79,179,172
79,179,171
79,179,171
79,179,171
79,179,171
79,179,171
78,178,171
77,178,171
77,178,171
76,178,170
76,177,170
75,177,170
74,177,170
73,176,169
67,173,166
68,174,167
69,174,168
70,175,168
71,176,169
73,176,169
75,177,170
76,177,170
77,178,171
79,179,171
79,179,172
79,179,172
79,179,172
80,180,172
81,180,173
81,180,173
81,180,173
82,180,173
82,181,173
82,180,174
82,180,174
82,180,174
82,180,174
82,180,174
82,180,174
82,180,174
82,180,174
82,180,174
82,180,174
82,180,174
82,180,174
82,180,174
82,180,174
82,180,174
82,180,174
82,180,174
82,180,174
82,180,174
82,180,174
82,180,174
82,180,174
83,180,173
83,180,173
83,180,173
83,180,173
83,180,174
83,181,174
83,181,174
84,181,174
84,181,174
84,181,174
84,181,174
84,181,174
84,181,174
84,181,174
84,181,174
84,181,174
84,181,174
84,181,174
84,181,174
84,181,174
84,181,174
84,181,174
84,181,174
84,181,174
84,181,174
84,181,174
84,181,174
84,181,174
84,181,174
84,181,174
84,181,174
84,181,174
84,181,174
84,181,174
84,181,174
84,181,174
84,181,174
84,181,174
84,181,174
84,181,174
84,181,174
84,181,174
84,181,174
84,181,174
84,181,174
84,181,174
84,181,174
84,181,175
84,181,175
84,181,175
84,181,175
84,181,175
84,181,175
84,181,175
84,181,175
84,181,175
84,181,175
84,181,175
84,181,175
84,181,175
84,181,175
84,181,175
84,181,175
84,181,175
84,181,175
84,181,175
84,181,175
84,181,175
84,181,174
84,181,174
84,181,174
84,181,174
84,181,174
84,181,174
84,181,174
84,181,174
84,181,174
84,181,174
84,181,174
84,181,174
84,181,174
84,181,174
84,181,174
84,181,174
84,181,174
84,181,174
84,181,174
84,181,174
84,181,174
84,181,174
83,181,174
83,180,173
82,180,174
82,180,174
82,180,174
82,180,174
82,180,174
82,180,174
82,180,174
82,180,174
82,180,174
82,180,174
82,180,173
82,180,173
82,180,173
82,180,173
81,180,173
81,180,172
80,179,171
80,179,171
79,179,171
79,179,171
79,179,172
79,179,171
79,178,171
79,178,171
79,178,171
79,178,171
79,178,171
78,178,171
77,178,170
77,178,171
76,178,170
76,177,170
74,177,170
74,177,170
67,173,166
69,174,168
70,174,168
71,175,168
72,176,169
73,176,169
76,177,170
76,178,170
78,178,172
79,179,171
79,179,172
79,179,172
79,179,171
80,180,172
81,180,173
81,180,173
82,180,173
82,180,173
82,181,173
82,180,174
82,180,174
82,180,174
82,180,174
82,180,174
82,180,174
82,180,174
82,180,174
82,180,174
82,180,174
82,180,174
82,180,174
82,180,174
82,180,174
82,180,174
82,180,174
82,180,174
82,180,174
82,180,174
82,180,174
82,180,174
82,180,174
82,180,174
82,180,174
82,180,174
83,180,174
83,180,174
83,181,174
84,181,174
84,181,174
84,181,174
84,181,174
84,181,174
84,181,174
84,181,174
84,181,174
84,181,174
84,181,174
84,181,174
84,181,174
84,181,174
84,181,174
84,181,174
84,181,174
84,181,174
84,181,174
84,181,174
84,181,174
84,181,174
84,181,174
84,181,174
84,181,174
84,181,174
84,181,174
84,181,174
84,181,174
84,181,174
84,181,174
84,181,174
84,181,174
84,181,174
84,181,174
84,181,174
84,181,174
84,181,174
84,181,174
84,181,174
84,181,174
84,181,174
84,181,175
84,181,175
84,181,175
84,181,175
84,181,175
84,181,175
84,181,175
84,181,174
84,181,174
84,181,174
84,181,174
84,181,174
84,181,174
84,181,174
84,181,174
84,181,174
84,181,174
84,181,174
84,181,174
84,181,174
84,181,174
84,181,174
84,181,174
84,181,174
84,181,174
84,181,174
84,181,174
84,181,174
84,181,174
84,181,174
84,181,174
84,181,174
84,181,174
84,181,174
84,181,174
84,181,174
84,181,174
84,181,174
84,181,174
84,181,174
83,180,173
83,180,173
83,180,173
82,180,174
82,180,174
82,180,174
82,180,174
82,180,174
82,180,174
82,180,174
82,180,174
82,180,174
82,180,174
82,180,174
82,181,173
82,180,173
82,180,173
81,180,173
81,180,173
81,180,173
80,179,172
80,179,172
79,179,171
79,179,171
79,179,171
79,179,171
79,178,171
79,178,171
79,178,171
79,178,171
78,178,171
77,178,171
77,178,171
76,178,170
76,177,170
75,177,170
74,177,170
67,173,166
68,174,167
69,174,168
71,174,168
71,176,169
72,176,168
74,177,170
76,177,170
76,178,170
78,178,172
79,179,171
79,179,171
79,179,171
79,179,171
80,180,172
81,180,173
81,180,173
82,180,173
82,180,173
82,180,173
82,180,174
82,180,174
82,180,174
82,180,174
82,180,174
82,180,174
82,180,174
82,180,174
82,180,174
82,180,174
82,180,174
82,180,174
82,180,174
82,180,174
82,180,174
82,180,174
82,180,174
82,180,174
82,180,174
82,180,174
82,180,174
82,180,174
82,180,174
82,180,174
82,180,174
83,180,174
83,181,174
84,181,174
84,181,174
84,181,174
84,181,174
84,181,174
84,181,174
84,181,174
84,181,174
84,181,174
84,181,174
84,181,174
84,181,174
84,181,174
84,181,174
84,181,174
84,181,174
84,181,174
84,181,174
84,181,174
84,181,174
84,181,174
84,181,174
84,181,174
84,181,174
84,181,174
84,181,174
84,181,174
84,181,174
84,181,174
84,181,174
84,181,174
84,181,174
84,181,174
84,181,174
84,181,174
84,181,174
84,181,174
84,181,174
84,181,174
84,181,174
84,181,174
84,181,174
84,181,174
84,181,174
84,181,175
84,181,175
84,181,174
84,181,174
84,181,174
84,181,174
84,181,174
84,181,174
84,181,174
84,181,174
84,181,174
84,181,174
84,181,174
84,181,174
84,181,174
84,181,174
84,181,174
84,181,174
84,181,174
84,181,174
84,181,174
84,181,174
84,181,174
84,181,174
84,181,174
84,181,174
84,181,174
84,181,174
84,181,174
84,181,174
84,181,174
84,181,174
84,181,174
84,181,174
84,181,174
84,181,174
83,180,173
83,180,173
83,180,173
82,180,174
82,180,174
82,180,174
82,180,174
82,180,174
82,180,174
82,180,174
82,180,174
82,180,174
82,180,174
82,180,174
82,180,173
82,180,172
82,180,173
81,180,173
81,180,173
81,180,173
81,180,173
80,179,172
80,179,172
80,179,171
79,179,171
79,179,171
79,179,171
79,179,171
79,178,171
79,178,171
79,178,171
78,178,171
77,178,171
76,178,170
76,177,170
75,177,170
75,177,169
74,177,170
68,173,166
69,174,167
69,174,168
70,175,168
72,175,168
73,176,169
74,177,170
76,177,170
76,178,170
77,178,171
79,179,171
78,179,172
79,179,171
79,179,172
80,179,172
80,180,172
81,180,173
82,180,173
82,180,172
82,180,174
82,180,174
82,180,174
82,180,174
82,180,174
82,180,174
82,180,174
82,180,174
82,180,174
82,180,174
82,180,174
82,180,174
82,180,174
82,180,174
82,180,174
82,180,174
82,180,174
82,180,174
82,180,174
82,180,174
82,180,174
82,180,174
82,180,174
82,180,174
82,180,174
82,180,174
84,181,174
84,181,174
84,181,174
84,181,174
84,181,174
84,181,174
84,181,174
84,181,174
84,181,174
84,181,174
84,181,174
84,181,174
84,181,174
84,181,174
84,181,174
84,181,174
84,181,174
84,181,174
84,181,174
84,181,174
84,181,174
84,181,174
84,181,174
84,181,174
84,181,174
84,181,174
84,181,174
84,181,174
84,181,174
84,181,174
84,181,174
84,181,174
84,181,174
84,181,174
84,181,174
84,181,174
84,181,174
84,181,174
84,181,174
84,181,174
84,181,174
84,181,174
84,181,174
84,181,174
84,181,174
84,181,174
84,181,174
84,181,174
84,181,174
84,181,174
84,181,174
84,181,174
84,181,174
84,181,174
84,181,174
84,181,174
84,181,174
84,181,174
84,181,174
84,181,174
84,181,174
84,181,174
84,181,174
84,181,174
84,181,174
84,181,174
84,181,174
84,181,174
84,181,174
84,181,174
84,181,174
84,181,174
84,181,174
84,181,174
84,181,174
84,181,174
84,181,174
84,181,174
84,181,174
84,181,174
83,180,173
83,180,173
83,180,173
82,180,174
82,180,174
82,180,174
82,180,174
82,180,174
82,180,174
82,180,174
82,180,174
82,180,173
82,180,173
82,180,173
82,180,173
82,180,172
82,180,172
81,180,173
81,180,173
81,180,173
81,180,173
80,179,172
80,179,172
80,179,172
80,179,171
80,179,171
79,179,171
79,179,171
79,179,171
79,178,171
79,178,171
79,178,171
78,178,171
76,178,170
76,177,170
76,177,170
75,177,170
74,177,170
68,174,166
69,174,168
70,174,168
71,175,168
72,176,168
73,176,169
74,177,170
76,177,170
76,178,170
77,178,171
78,178,172
79,179,171
79,179,172
79,179,172
80,179,172
80,180,172
81,180,173
82,180,172
82,180,172
82,180,174
82,180,174
82,180,174
82,180,174
82,180,174
82,180,174
82,180,174
82,180,174
82,180,174
82,180,174
82,180,174
82,180,174
82,180,174
82,180,174
82,180,174
82,180,174
82,180,174
82,180,174
82,180,174
82,180,174
82,180,174
82,180,174
82,180,174
82,180,174
82,180,174
84,181,174
84,181,174
84,181,174
84,181,174
84,181,174
84,181,174
84,181,174
84,181,174
84,181,174
84,181,174
84,181,174
84,181,174
84,181,174
84,181,174
84,181,174
84,181,174
84,181,174
84,181,174
84,181,174
84,181,174
84,181,174
84,181,174
84,181,174
84,181,174
84,181,174
84,181,174
84,181,174
84,181,174
84,181,174
84,181,174
84,181,174
84,181,174
84,181,174
84,181,174
84,181,174
84,181,174
84,181,174
84,181,174
84,181,174
84,181,174
84,181,174
84,181,174
84,181,174
84,181,174
84,181,174
84,181,174
84,181,174
84,181,174
84,181,174
84,181,174
84,181,174
84,181,174
84,181,174
84,181,174
84,181,174
84,181,174
84,181,174
84,181,174
84,181,174
84,181,174
84,181,174
84,181,174
84,181,174
84,181,174
84,181,174
84,181,174
84,181,174
84,181,174
84,181,174
84,181,174
84,181,174
84,181,174
84,181,174
84,181,174
84,181,174
84,181,174
84,181,174
84,181,174
84,181,174
84,181,174
83,180,173
83,180,173
82,180,174
82,180,174
82,180,174
82,180,174
82,180,174
82,180,174
82,180,174
82,180,173
82,180,173
82,180,173
82,180,173
82,180,173
82,180,172
82,180,172
82,180,172
81,180,173
80,179,172
80,180,172
80,179,172
80,179,172
80,179,172
80,179,172
80,179,171
80,179,171
80,179,171
79,179,171
79,178,171
79,178,171
79,178,171
78,178,171
77,177,171
76,177,170
76,177,170
75,177,170
74,177,170
68,173,166
69,174,167
69,174,167
70,174,168
71,175,168
72,176,168
73,176,169
74,177,170
76,177,170
76,178,170
77,178,171
78,178,172
79,179,171
79,179,172
79,179,172
80,179,172
80,179,172
81,180,173
82,180,172
82,180,172
82,180,173
82,180,174
82,180,174
82,180,174
82,180,174
82,180,174
82,180,174
82,180,174
82,180,174
82,180,174
82,180,174
82,180,174
82,180,174
82,180,174
82,180,174
82,180,174
82,180,174
82,180,174
82,180,174
82,180,174
82,180,174
82,180,174
82,180,174
82,180,174
83,180,173
84,181,174
84,181,174
84,181,174
84,181,174
84,181,174
84,181,174
84,181,174
84,181,174
84,181,174
84,181,174
84,181,174
84,181,174
84,181,174
84,181,174
84,181,174
84,181,174
84,181,174
84,181,174
84,181,174
84,181,174
84,181,174
84,181,174
84,181,174
84,181,174
84,181,174
84,181,174
84,181,174
84,181,174
84,181,174
84,181,174
84,181,174
84,181,174
84,181,174
84,181,174
84,181,174
84,181,174
84,181,174
84,181,174
84,181,174
84,181,174
84,181,174
84,181,174
84,181,174
84,181,174
84,181,174
84,181,174
84,181,175
84,181,175
84,181,175
84,181,175
84,181,175
84,181,175
84,181,175
84,181,175
84,181,175
84,181,175
84,181,175
84,181,175
84,181,175
84,181,175
84,181,175
84,181,174
84,181,174
84,181,174
84,181,174
84,181,174
84,181,174
84,181,174
84,181,174
84,181,174
84,181,174
84,181,174
84,181,174
84,181,174
84,181,174
84,181,174
84,181,174
84,181,174
83,181,174
83,180,173
83,180,174
82,180,174
82,180,174
82,180,174
82,180,174
82,180,174
82,180,174
82,180,172
82,180,173
82,180,173
82,180,173
82,180,173
82,180,172
82,180,172
82,180,172
80,179,172
80,179,172
80,179,172
80,179,172
80,179,172
80,179,172
80,179,172
80,179,172
80,179,172
80,179,171
80,179,171
79,179,171
79,178,171
79,178,171
79,178,171
77,177,170
77,177,171
76,177,170
75,177,170
74,177,170
74,177,170
68,173,167
69,174,167
69,174,167
70,174,168
71,175,168
72,176,168
73,176,169
74,177,170
76,177,170
76,178,170
77,178,171
78,178,172
79,179,171
79,179,171
79,179,172
80,179,172
80,179,172
81,180,173
82,180,172
82,180,173
82,180,173
82,180,174
82,180,174
82,180,174
82,180,174
82,180,174
82,180,174
82,180,174
82,180,174
82,180,174
82,180,174
82,180,174
82,180,174
82,180,174
82,180,174
82,180,174
82,180,174
82,180,174
82,180,174
82,180,174
82,180,174
82,180,174
83,180,173
83,180,173
83,180,173
84,181,174
84,181,174
84,181,174
84,181,174
84,181,174
84,181,174
84,181,174
84,181,174
83,181,174
83,181,174
83,181,174
84,181,174
84,181,174
84,181,174
84,181,174
84,181,174
84,181,174
84,181,174
84,181,174
84,181,174
84,181,174
84,181,174
84,181,174
84,181,174
84,181,174
84,181,174
84,181,174
84,181,174
84,181,174
83,180,173
83,180,173
83,180,173
84,181,174
84,181,174
84,181,174
84,181,174
84,181,174
84,181,174
84,181,174
84,181,174
84,181,174
84,181,174
84,181,174
84,181,175
84,181,175
84,181,175
84,181,175
84,181,175
84,181,175
84,181,175
84,181,175
84,181,175
84,181,175
84,181,175
84,181,175
84,181,175
84,181,175
84,181,175
84,181,175
84,181,175
84,181,175
84,181,174
84,181,174
84,181,174
84,181,174
84,181,174
84,181,174
84,181,174
84,181,174
84,181,174
84,181,174
84,181,174
84,181,174
84,181,174
84,181,174
84,181,174
83,181,174
83,181,174
83,180,174
82,180,174
82,180,174
82,180,174
82,180,174
82,180,174
82,180,174
82,180,174
82,180,172
82,180,172
82,180,172
82,180,172
82,180,172
82,180,172
82,180,172
81,180,173
80,179,172
80,179,172
80,179,172
80,179,172
80,179,172
80,179,172
80,179,172
80,179,172
80,179,172
80,179,171
80,179,171
79,179,171
79,178,171
79,178,171
79,178,171
77,177,171
76,177,170
75,177,170
74,177,170
74,177,170
67,173,166
69,174,167
69,174,167
70,174,168
71,175,168
72,176,169
73,176,170
74,177,170
76,177,170
77,178,171
77,178,171
77,178,171
79,179,171
79,179,171
79,179,172
80,179,172
80,179,172
81,180,173
82,180,172
82,180,172
82,180,173
82,180,174
82,180,174
82,180,174
82,180,174
82,180,174
82,180,174
82,180,174
82,180,174
82,180,174
82,180,174
82,180,174
82,180,174
82,180,174
82,180,174
82,180,174
82,180,174
82,180,174
82,180,174
82,180,174
82,180,174
83,180,173
83,180,173
83,180,173
83,180,173
83,180,173
83,180,173
83,180,173
83,180,173
83,180,173
83,180,173
83,180,173
83,180,173
83,180,173
83,180,173
83,180,173
83,180,173
83,180,173
83,180,173
83,180,173
83,180,173
83,180,173
83,180,173
83,180,173
83,180,173
83,180,173
83,180,173
83,180,173
83,180,173
83,180,173
83,180,173
83,180,173
83,180,173
83,180,173
83,180,173
83,180,173
83,180,173
83,180,173
84,181,174
84,181,174
84,181,174
84,181,174
84,181,174
84,181,174
84,181,174
84,181,175
84,181,175
84,181,175
84,181,175
84,181,175
84,181,175
84,181,175
84,181,175
84,181,175
84,181,175
84,181,175
84,181,175
84,181,175
84,181,175
84,181,175
84,181,175
84,181,175
84,181,175
84,181,175
84,181,175
84,181,175
84,181,174
84,181,174
84,181,174
84,181,174
84,181,174
84,181,174
84,181,174
84,181,174
84,181,174
84,181,174
84,181,174
84,181,174
83,180,173
83,180,173
82,180,174
82,180,174
82,180,174
82,180,174
82,180,174
82,180,174
82,180,174
82,180,174
82,180,174
82,180,172
82,180,172
82,180,172
82,180,172
82,180,172
82,180,172
82,180,172
81,180,173
80,179,172
80,179,172
80,179,172
80,179,172
80,179,172
80,179,172
80,179,172
80,179,172
80,179,172
80,179,172
80,179,171
80,179,171
79,179,171
79,178,171
79,178,171
78,178,171
77,177,171
75,177,170
74,177,170
74,177,170
67,173,166
69,174,167
69,174,168
70,174,168
71,175,168
72,176,169
73,176,170
75,177,169
76,177,170
77,178,171
77,178,171
78,178,172
79,179,171
79,179,172
80,179,172
80,179,172
80,179,172
81,180,173
81,180,173
82,180,172
82,180,173
82,180,173
82,180,173
82,180,174
82,180,174
82,180,174
82,180,174
82,180,174
82,180,174
82,180,174
82,180,174
82,180,174
82,180,174
82,180,174
82,180,174
82,180,174
82,180,174
82,180,174
82,180,174
82,180,174
83,180,173
83,180,173
83,180,173
83,180,173
83,180,173
83,180,173
83,180,173
83,180,173
83,180,173
83,180,173
83,180,173
83,180,173
83,180,173
83,180,174
82,180,174
82,180,174
83,180,173
83,180,173
83,180,173
83,180,173
83,180,173
83,180,173
83,180,173
83,180,173
83,180,173
83,180,173
83,180,173
83,180,173
83,180,173
83,180,173
83,180,173
83,180,173
83,180,173
83,180,173
83,180,173
83,180,173
83,180,173
84,181,174
84,181,174
84,181,174
84,181,174
84,181,174
84,181,174
84,181,175
84,181,175
84,181,175
84,181,175
84,181,175
84,181,175
84,181,175
84,181,175
84,181,175
84,181,175
84,181,175
84,181,175
84,181,175
84,181,175
84,181,175
84,181,175
84,181,175
84,181,175
84,181,175
84,181,175
84,181,175
84,181,175
84,181,174
84,181,174
84,181,174
84,181,174
84,181,174
84,181,174
84,181,174
84,181,174
84,181,174
84,181,174
83,180,173
83,180,173
82,180,174
82,180,174
82,180,174
82,180,174
82,180,174
82,180,174
82,180,174
82,180,174
82,180,174
82,180,174
82,180,174
82,180,173
82,180,172
82,180,172
82,180,172
81,180,173
81,180,173
81,180,173
80,179,172
80,179,172
80,179,172
80,179,172
79,179,172
79,179,172
80,179,172
80,179,172
80,179,172
80,179,172
80,179,172
80,179,172
79,179,171
79,179,171
79,178,171
78,178,171
77,177,171
75,177,170
74,177,170
74,177,170
68,174,167
69,174,167
69,174,168
71,175,168
71,176,169
73,176,169
74,177,170
75,177,169
76,177,170
77,178,171
77,178,171
78,178,172
79,179,171
79,179,172
79,179,172
80,179,172
80,179,172
81,180,173
81,180,173
82,180,172
82,180,173
82,180,173
82,180,173
82,180,173
82,180,174
82,180,174
82,180,174
82,180,174
82,180,174
82,180,174
82,180,174
82,180,174
82,180,174
82,180,174
82,180,174
82,180,174
82,180,174
82,180,174
82,180,174
83,180,173
83,180,173
83,180,173
83,180,173
83,180,173
83,180,173
83,180,173
83,180,173
83,180,173
83,180,173
83,180,173
83,180,173
83,180,173
83,180,173
82,180,174
82,180,174
82,180,174
82,180,174
83,180,173
83,180,173
83,180,173
83,180,173
83,180,173
83,180,173
83,180,173
83,180,173
83,180,173
83,180,173
83,180,173
83,180,173
83,180,173
83,180,173
83,180,173
83,180,173
83,180,173
83,180,173
83,180,173
83,180,173
83,181,174
84,181,174
84,181,174
84,181,174
84,181,175
84,181,175
84,181,175
84,181,175
84,181,175
84,181,175
84,181,175
84,181,175
84,181,175
84,181,175
84,181,175
85,182,175
85,182,175
85,182,175
85,182,175
85,182,175
85,182,175
85,182,175
85,182,175
84,181,175
84,181,175
84,181,175
84,181,175
84,181,174
84,181,174
84,181,174
84,181,174
84,181,174
84,181,174
84,181,174
84,181,174
84,181,174
83,180,173
83,180,173
82,180,174
82,180,174
82,180,174
82,180,174
82,180,174
83,180,174
83,180,174
83,180,174
82,180,174
82,180,174
82,180,174
82,180,173
82,180,172
82,180,172
82,180,172
81,180,173
80,179,172
80,179,172
80,179,172
80,179,172
80,179,171
79,179,171
79,179,171
79,179,172
79,179,172
79,179,172
80,179,172
80,179,172
80,179,172
80,179,172
79,179,172
79,179,171
79,178,171
78,178,171
77,177,171
76,177,170
75,177,170
74,177,170
68,174,167
69,174,167
69,174,168
71,175,168
71,176,169
73,176,169
74,177,170
75,177,169
76,177,170
77,178,171
77,178,171
78,178,172
79,179,171
79,179,172
79,179,172
80,179,172
80,179,172
81,180,173
81,180,173
81,180,173
82,180,172
82,180,172
82,180,172
82,180,172
82,180,172
82,180,174
82,180,174
82,180,174
82,180,174
82,180,174
82,180,174
82,180,174
82,180,174
82,180,174
82,180,174
82,180,174
82,180,174
82,180,174
82,180,174
83,180,173
83,180,173
83,180,173
83,180,173
83,180,173
83,180,173
83,180,173
83,180,173
83,180,173
83,180,173
83,180,173
83,180,173
83,180,173
82,180,174
82,180,174
82,180,174
82,180,174
82,180,174
82,180,174
83,180,173
83,180,173
83,180,173
83,180,173
83,180,173
83,180,173
83,180,173
83,180,173
83,180,173
83,180,173
83,180,173
83,180,173
83,180,173
83,180,173
83,180,173
82,180,174
82,180,174
82,180,174
83,180,173
83,180,173
84,181,174
84,181,174
84,181,175
84,181,175
84,181,175
84,181,175
84,181,175
84,181,175
84,181,175
84,181,175
84,181,175
84,181,175
84,181,175
85,182,175
85,182,175
85,182,175
85,182,175
85,182,175
85,182,175
85,182,175
85,182,175
85,182,175
84,181,175
84,181,175
84,181,175
84,181,174
84,181,174
84,181,174
84,181,174
84,181,174
84,181,174
84,181,174
84,181,174
83,180,173
83,180,173
82,180,173
82,180,174
82,180,174
82,180,174
82,180,174
82,180,174
82,180,174
82,180,174
82,180,174
82,180,174
82,180,174
82,180,173
82,180,173
82,180,172
81,180,173
80,179,172
80,179,172
80,179,172
80,179,172
80,179,172
79,179,172
79,179,172
79,179,172
79,179,172
79,179,171
79,179,171
79,179,172
79,179,172
79,179,172
79,179,172
79,179,172
79,179,172
79,179,171
78,178,171
77,177,170
76,177,170
75,177,170
74,176,170
68,173,167
68,174,167
69,174,167
69,174,168
71,175,168
72,175,168
73,176,169
74,177,170
75,177,170
76,177,170
77,178,171
77,178,171
78,178,172
79,179,171
79,179,171
79,179,172
80,179,172
80,179,172
80,179,172
80,179,172
80,179,172
80,179,172
80,179,172
80,179,172
80,179,172
80,179,172
82,180,172
82,180,173
82,180,173
82,180,174
82,180,174
82,180,174
82,180,174
82,180,174
82,180,174
82,180,174
82,180,174
82,180,174
82,180,174
82,180,174
82,180,174
82,180,174
83,180,173
83,180,173
83,180,173
83,180,173
83,180,173
83,180,173
83,180,173
83,180,173
83,180,173
82,180,174
82,180,174
82,180,174
82,180,174
82,180,174
82,180,174
82,180,174
82,180,174
83,180,173
83,180,173
83,180,173
83,180,173
83,180,173
83,180,173
83,180,173
83,180,173
83,180,173
83,180,173
83,180,173
83,180,173
83,180,173
83,180,173
82,180,174
82,180,174
82,180,174
82,180,174
83,180,173
83,180,173
84,181,174
84,181,175
84,181,175
84,181,175
84,181,175
84,181,175
84,181,175
84,181,175
84,181,175
84,181,175
84,181,175
85,182,175
85,182,175
85,182,175
85,182,175
85,182,175
85,182,175
85,182,175
85,182,175
85,182,175
85,182,175
84,181,175
84,181,175
84,181,175
84,181,174
84,181,174
84,181,174
84,181,174
84,181,174
84,181,174
83,180,173
83,180,173
82,180,173
82,180,174
82,180,174
82,180,174
82,180,174
82,180,174
82,180,174
82,180,174
82,180,174
82,180,174
82,180,173
82,180,173
82,180,172
82,180,172
82,180,172
82,180,172
81,180,172
80,179,172
80,179,171
80,179,171
80,179,171
79,179,171
79,179,171
79,179,171
79,179,172
79,179,171
79,179,171
79,179,171
79,179,171
79,179,171
79,179,171
79,179,171
78,178,171
78,178,171
78,178,171
77,177,171
76,177,170
75,177,170
75,176,169
74,176,170
68,174,167
69,174,167
69,174,168
70,174,168
71,175,168
72,176,168
73,176,170
74,177,170
75,177,170
76,177,170
77,178,171
77,178,171
78,178,172
79,179,171
79,179,171
79,179,171
79,179,172
79,179,172
80,179,172
80,179,172
80,179,172
80,179,172
80,179,172
80,179,172
80,179,172
80,179,172
81,180,173
82,180,172
82,180,172
82,180,174
82,180,174
82,180,174
82,180,174
82,180,174
82,180,174
82,180,173
82,180,173
82,180,174
82,180,174
82,180,174
82,180,174
82,180,174
82,180,174
82,180,174
82,180,174
82,180,174
82,180,174
82,180,174
82,180,174
82,180,174
82,180,174
82,180,174
82,180,174
82,180,174
82,180,174
82,180,174
82,180,174
82,180,174
82,180,174
83,180,173
83,180,173
83,180,173
83,180,173
83,180,173
83,180,173
83,180,173
83,180,173
83,180,173
83,180,173
83,180,173
83,180,173
83,180,173
82,180,174
82,180,174
82,180,174
83,180,173
83,180,173
83,180,173
83,181,174
83,181,174
84,181,175
84,181,175
84,181,175
84,181,175
84,181,175
84,181,175
84,181,175
84,181,175
84,181,175
84,181,175
85,182,175
85,182,175
85,182,175
85,182,175
85,182,175
85,182,175
85,182,175
85,182,175
84,181,175
84,181,175
84,181,175
84,181,175
84,181,174
84,181,174
84,181,174
84,181,174
83,181,174
83,180,173
82,180,174
82,180,174
82,180,174
82,180,174
82,180,173
82,180,173
82,180,173
82,180,173
82,180,173
82,180,172
82,180,172
82,180,172
82,180,172
82,180,172
82,180,172
82,180,172
82,180,172
81,180,173
80,179,172
80,179,172
80,179,171
80,179,171
80,179,171
79,179,171
79,179,171
79,179,171
79,178,171
79,179,171
78,178,171
78,178,171
78,178,171
78,178,171
78,178,171
78,178,172
77,178,171
77,177,171
77,177,171
76,177,170
75,177,170
75,176,169
74,177,170
68,173,167
69,174,167
69,174,167
70,174,168
71,175,168
71,176,169
73,176,169
74,177,170
75,177,170
76,177,170
76,178,170
77,178,171
78,178,172
79,179,171
79,179,171
79,179,171
79,179,172
79,179,172
79,179,172
79,179,172
79,179,172
80,179,172
80,179,172
80,179,172
80,179,172
80,179,172
81,180,173
82,180,172
82,180,172
82,180,172
82,180,173
82,180,173
82,180,173
82,180,173
82,180,173
82,180,173
82,180,173
82,180,174
82,180,174
82,180,174
82,180,174
82,180,174
82,180,174
82,180,174
82,180,174
82,180,174
82,180,174
82,180,174
82,180,174
82,180,174
82,180,174
82,180,174
82,180,174
82,180,174
82,180,174
82,180,174
82,180,174
82,180,174
82,180,174
83,180,173
83,180,173
83,180,173
83,180,173
83,180,173
83,180,173
83,180,173
83,180,173
83,180,173
83,180,173
83,180,173
83,180,174
82,180,174
82,180,174
82,180,174
82,180,174
83,180,173
83,180,173
83,180,173
83,181,174
83,181,174
83,181,174
83,181,174
84,181,175
84,181,175
84,181,175
84,181,175
84,181,175
84,181,175
84,181,175
84,181,175
85,182,175
85,182,175
85,182,175
85,182,175
85,182,175
85,182,175
84,181,175
84,181,175
84,181,175
84,181,175
84,181,174
84,181,174
84,181,174
84,181,174
83,181,174
83,180,174
82,180,174
82,180,174
82,180,174
82,180,174
82,180,174
82,180,173
82,180,173
82,180,173
82,180,172
82,180,172
82,180,172
82,180,172
82,180,172
82,180,172
82,180,172
82,180,172
82,180,172
82,180,172
81,180,173
80,179,172
80,179,171
80,179,171
80,179,171
80,179,171
79,179,171
79,179,171
79,179,171
79,178,171
79,179,171
78,178,171
78,178,171
78,178,171
77,178,171
77,178,171
77,178,171
77,178,171
76,177,170
76,177,170
75,177,170
75,176,169
74,176,170
68,174,166
69,174,167
69,174,167
70,174,168
71,175,168
71,176,169
73,176,169
74,177,170
75,177,170
76,177,170
76,178,170
77,178,171
77,178,171
78,178,172
79,179,171
79,179,171
79,179,172
79,179,172
79,179,172
79,179,172
79,179,172
80,179,172
80,179,172
80,179,172
80,179,172
81,180,173
81,180,173
82,180,172
82,180,172
82,180,172
82,180,173
82,180,173
82,180,173
82,180,173
82,180,173
82,180,173
82,180,174
82,180,174
82,180,174
82,180,174
82,180,174
82,180,174
82,180,174
82,180,174
82,180,174
82,180,174
82,180,174
82,180,174
82,180,174
82,180,174
82,180,174
82,180,174
82,180,174
82,180,174
82,180,174
82,180,174
82,180,174
82,180,174
83,180,173
83,180,173
83,180,173
83,180,173
83,180,173
83,180,173
83,180,173
83,181,174
83,180,173
83,180,173
83,180,173
83,180,174
82,180,174
82,180,174
82,180,174
83,180,173
83,180,173
83,180,173
83,181,174
83,181,174
83,181,174
83,181,174
83,181,174
83,181,174
84,181,175
84,181,175
84,181,175
84,181,175
84,181,175
84,181,175
84,181,175
84,181,175
85,182,175
85,182,175
85,182,175
85,182,175
84,181,175
84,181,175
84,181,175
84,181,175
84,181,175
84,181,174
84,181,174
84,181,174
84,181,174
83,181,174
82,180,174
82,180,174
82,180,174
82,180,174
82,180,174
82,180,174
82,180,174
82,180,174
82,180,172
82,180,172
82,180,172
82,180,172
82,180,172
82,180,172
82,180,172
82,180,172
82,180,172
82,180,172
82,180,172
81,180,173
80,180,172
80,179,172
80,179,172
80,179,171
80,179,171
80,179,171
80,179,171
79,179,171
79,179,171
78,178,171
78,178,171
78,178,171
77,178,171
77,178,171
77,178,171
76,177,170
76,177,170
76,177,170
75,177,170
74,176,170
74,176,170
69,174,167
69,174,167
70,174,168
70,174,168
71,175,168
71,176,169
73,176,169
73,176,169
75,177,170
75,177,170
76,178,170
77,178,171
77,178,171
78,178,172
79,179,171
79,179,171
79,179,172
79,179,172
79,179,172
79,179,172
79,179,172
80,179,172
80,179,172
80,179,172
80,179,172
81,180,173
81,180,173
82,180,172
82,180,172
82,180,172
82,180,173
82,180,173
82,180,173
82,180,173
82,180,174
82,180,174
82,180,174
82,180,174
82,180,174
82,180,174
82,180,174
82,180,174
82,180,174
82,180,174
82,180,174
82,180,174
82,180,174
82,180,174
82,180,174
82,180,174
82,180,174
82,180,174
82,180,174
82,180,174
82,180,174
82,180,174
82,180,174
82,180,174
82,180,174
83,180,173
83,180,173
83,180,173
83,180,173
83,181,174
84,181,174
84,181,174
83,181,174
83,180,173
83,180,173
83,180,173
83,180,173
83,180,173
83,180,173
83,180,173
83,180,173
83,181,174
83,181,174
83,181,174
83,181,174
83,181,174
83,181,174
83,181,174
84,181,175
84,181,175
84,181,174
84,181,174
84,181,174
84,181,174
84,181,174
84,181,174
84,181,174
84,181,174
84,181,174
84,181,175
84,181,175
84,181,175
84,181,175
84,181,174
84,181,174
84,181,174
84,181,175
83,181,174
82,180,174
82,180,174
82,180,174
82,180,174
82,180,174
82,180,174
82,180,174
82,180,173
82,180,172
82,180,172
82,180,172
82,180,172
82,180,172
82,180,172
82,180,172
82,180,172
82,180,172
82,180,172
82,180,172
82,180,172
81,180,173
81,180,173
80,180,172
80,179,172
80,179,172
80,179,172
80,179,172
80,179,171
79,179,171
79,178,171
79,179,171
78,178,171
78,178,171
77,178,171
77,178,171
76,177,170
76,177,170
76,177,170
75,177,170
74,177,170
74,177,170
69,174,167
69,174,167
70,174,168
70,175,168
72,175,168
72,175,168
72,176,168
73,176,169
75,177,169
75,177,170
76,178,170
76,178,170
77,178,171
78,178,172
78,178,172
79,179,171
79,179,171
79,179,172
79,179,172
79,179,172
79,179,172
80,179,172
80,179,172
80,179,172
80,179,172
81,180,173
81,180,173
81,180,173
82,180,172
82,180,173
82,180,173
82,180,173
82,180,173
82,180,174
82,180,174
82,180,174
82,180,174
82,180,174
82,180,174
82,180,174
82,180,174
82,180,174
82,180,174
82,180,174
82,180,174
82,180,174
82,180,174
82,180,174
82,180,174
82,180,174
82,180,174
82,180,174
82,180,174
82,180,174
82,180,174
82,180,174
82,180,174
82,180,174
83,180,174
83,180,174
83,180,174
83,181,174
84,181,174
84,181,174
84,181,174
83,181,174
83,180,173
83,180,173
83,180,173
83,180,173
83,180,173
83,180,173
83,180,173
82,180,174
83,180,174
83,181,174
83,181,174
83,181,174
83,181,174
83,181,174
83,181,174
83,181,174
84,181,175
84,181,174
84,181,174
84,181,174
84,181,174
84,181,174
84,181,174
84,181,174
84,181,174
84,181,174
84,181,174
84,181,175
84,181,175
84,181,174
84,181,174
84,181,174
83,181,174
83,181,174
82,180,174
82,180,174
82,180,174
82,180,174
82,180,174
82,180,174
82,180,174
82,180,173
82,180,172
82,180,173
82,180,172
82,180,172
82,180,172
82,180,172
82,180,172
82,180,172
82,180,172
82,180,172
82,180,172
82,180,172
81,180,173
81,180,173
81,180,173
81,180,173
80,180,172
80,180,172
80,179,172
80,179,172
80,179,172
80,179,171
79,179,171
79,178,171
78,178,171
77,178,171
77,178,171
76,177,170
76,177,170
76,177,170
75,177,170
74,177,170
74,177,170
69,174,167
69,174,167
70,175,167
70,175,168
71,175,168
72,175,168
72,176,168
73,176,169
74,177,170
75,177,170
76,177,170
76,178,170
77,178,171
77,178,171
78,178,171
78,178,171
79,179,171
79,179,172
79,179,172
79,179,172
79,179,172
80,179,172
80,179,172
80,179,172
80,179,172
80,179,172
80,179,172
80,179,172
80,179,172
81,180,173
81,180,173
82,180,172
82,180,172
82,180,173
82,180,173
82,180,174
82,180,174
82,180,174
82,180,174
82,180,174
82,180,174
82,180,174
82,180,174
82,180,174
82,180,174
82,180,174
82,180,174
82,180,174
82,180,174
82,180,174
82,180,174
82,180,174
82,180,174
82,180,174
82,180,174
82,180,174
82,180,174
82,180,174
83,180,174
83,181,174
83,181,174
84,181,174
84,181,174
84,181,174
84,181,174
83,180,173
83,180,173
83,180,173
83,180,173
83,180,173
82,180,174
82,180,174
82,180,174
82,180,174
82,180,174
83,181,174
83,181,174
83,181,174
83,181,174
83,181,174
83,181,174
83,181,174
83,180,173
83,180,173
84,181,174
84,181,174
84,181,174
84,181,174
84,181,174
84,181,174
84,181,174
84,181,174
83,181,174
83,181,174
83,180,173
83,180,173
83,180,173
83,180,173
82,180,174
82,180,174
82,180,174
82,180,174
82,180,174
82,180,174
82,180,173
82,180,173
82,180,173
82,180,172
82,180,172
82,180,172
82,180,172
82,180,172
82,180,172
82,180,172
82,180,172
82,180,172
82,180,172
82,180,172
81,180,173
81,180,173
81,180,173
81,180,173
80,180,172
80,180,172
80,179,172
80,179,172
80,179,172
80,179,172
80,179,172
79,179,172
79,179,171
77,178,171
76,178,170
76,177,170
76,177,170
75,177,170
75,177,170
75,177,169
74,177,170
69,174,167
69,174,167
70,174,168
70,174,168
71,175,168
72,175,168
72,176,168
73,176,169
74,177,170
75,177,170
76,177,170
76,177,170
77,178,171
77,178,171
78,178,172
78,178,171
79,179,171
79,179,171
79,179,172
79,179,172
79,179,172
79,179,172
80,179,172
80,179,172
80,179,172
80,179,172
80,179,172
80,179,172
80,179,172
80,179,172
81,180,173
82,180,172
82,180,172
82,180,173
82,180,173
82,180,173
82,180,173
82,180,174
82,180,174
82,180,174
82,180,174
82,180,174
82,180,174
82,180,174
82,180,174
82,180,174
82,180,174
82,180,174
82,180,174
82,180,174
82,180,174
82,180,174
82,180,174
82,180,174
82,180,174
82,180,174
82,180,174
82,180,174
83,180,174
83,181,174
83,181,174
84,181,174
84,181,174
84,181,174
83,180,173
83,180,173
83,180,173
83,180,173
83,180,173
83,180,173
82,180,174
82,180,174
82,180,174
82,180,174
82,180,174
83,181,174
83,181,174
83,181,174
83,181,174
83,180,174
83,180,174
83,180,173
83,180,173
83,180,173
83,180,173
84,181,174
84,181,174
84,181,174
83,181,174
83,181,174
83,181,174
82,180,174
82,180,174
82,180,174
82,180,174
82,180,174
82,180,174
82,180,174
82,180,174
82,180,174
82,180,174
82,180,173
82,180,173
82,180,173
82,180,172
82,180,172
82,180,172
82,180,172
82,180,172
82,180,172
82,180,172
82,180,172
82,180,172
82,180,172
82,180,172
82,180,172
81,180,173
81,180,173
81,180,173
80,180,172
80,180,172
80,180,172
80,179,172
80,179,172
80,179,172
80,179,172
80,179,172
80,179,172
79,179,172
78,178,171
76,178,170
76,177,170
76,177,170
75,177,170
75,177,170
74,177,170
74,177,170
69,174,167
69,174,167
69,174,167
70,174,168
71,175,168
72,175,168
73,176,169
74,177,170
74,177,170
75,177,170
76,177,170
76,177,170
77,178,171
77,178,171
78,178,171
78,178,171
78,178,171
79,179,171
79,179,172
79,179,172
79,179,172
79,179,172
80,179,172
80,179,172
80,179,172
80,179,172
80,179,172
80,179,172
80,179,172
80,179,172
81,180,173
81,180,173
82,180,172
82,180,173
82,180,173
82,180,173
82,180,173
82,180,174
82,180,174
82,180,174
82,180,174
82,180,174
82,180,174
82,180,174
82,180,174
82,180,174
82,180,174
82,180,174
82,180,174
82,180,174
82,180,174
82,180,174
82,180,174
82,180,174
82,180,174
82,180,174
82,180,174
82,180,174
82,180,174
83,181,174
84,181,174
84,181,174
83,180,173
83,180,173
83,180,173
83,180,173
83,180,173
83,180,173
82,180,174
82,180,174
82,180,174
82,180,174
82,180,174
82,180,174
82,180,174
82,180,174
82,180,174
82,180,174
82,180,174
82,180,174
82,180,174
82,180,174
82,180,174
82,180,174
82,180,174
82,180,174
82,180,174
82,180,174
82,180,174
82,180,174
82,180,174
82,180,174
82,180,174
82,180,174
82,180,174
82,180,173
82,180,173
82,180,173
82,180,173
82,180,173
82,180,172
82,180,172
82,180,172
82,180,172
82,180,172
82,180,172
82,180,172
82,180,172
82,180,172
82,180,172
82,180,172
81,180,173
80,179,172
80,179,172
80,179,172
80,179,172
80,179,172
80,179,172
80,179,172
80,179,172
80,179,172
80,179,172
80,179,172
80,179,172
80,179,172
80,179,172
79,179,172
79,179,171
76,178,170
76,177,170
76,177,170
75,177,170
75,177,170
75,177,169
74,177,170
69,174,166
69,174,166
70,174,168
70,174,168
72,175,168
72,176,168
73,176,169
74,177,170
74,177,170
75,177,170
76,177,170
76,178,170
77,178,171
78,178,171
78,178,171
78,178,171
78,178,171
79,179,171
79,179,172
79,179,171
79,179,171
79,179,171
79,179,171
80,179,172
80,179,172
80,179,172
80,179,172
80,179,172
80,179,172
80,179,172
80,179,172
81,180,173
82,180,172
82,180,172
82,180,172
82,180,172
82,180,173
82,180,173
82,180,174
82,180,174
82,180,174
82,180,174
82,180,174
82,180,174
82,180,174
82,180,174
82,180,174
82,180,174
82,180,174
82,180,174
82,180,174
82,180,174
82,180,174
82,180,174
82,180,174
82,180,174
82,180,174
82,180,174
82,180,174
83,181,174
83,180,174
83,180,173
83,180,173
83,180,173
83,180,173
82,180,174
82,180,174
82,180,174
82,180,174
82,180,174
82,180,174
82,180,174
82,180,174
82,180,174
82,180,174
82,180,174
82,180,174
82,180,174
82,180,174
82,180,174
82,180,174
82,180,174
82,180,174
82,180,174
82,180,174
82,180,174
82,180,174
82,180,174
82,180,174
82,180,174
82,180,174
82,180,174
82,180,174
82,180,174
82,180,173
82,180,173
82,180,173
82,180,173
82,180,172
82,180,172
82,180,172
82,180,172
82,180,172
82,180,172
82,180,172
81,180,173
81,180,173
81,180,173
81,180,173
80,179,172
80,179,172
80,179,172
80,179,172
80,179,172
80,179,172
80,179,172
80,179,172
80,179,172
80,179,172
80,179,172
80,179,172
80,179,172
80,179,172
80,179,172
79,179,172
79,179,172
78,178,172
76,178,170
76,177,170
75,177,170
75,177,170
74,177,170
74,176,170
69,174,167
70,174,168
70,174,168
72,175,168
72,176,168
73,176,169
74,177,170
74,177,170
75,177,170
76,177,170
76,177,170
77,177,171
77,177,171
78,178,171
78,178,171
78,178,171
78,178,171
79,178,171
79,179,171
79,179,171
79,179,171
79,179,171
79,179,171
79,179,171
79,179,172
79,179,172
79,179,172
79,179,172
80,179,172
80,179,172
80,179,172
80,179,172
80,179,172
80,179,172
81,180,173
82,180,172
82,180,172
82,180,173
82,180,174
82,180,174
82,180,174
82,180,174
82,180,174
82,180,174
82,180,174
82,180,174
82,180,174
82,180,174
82,180,174
82,180,174
82,180,174
82,180,174
82,180,174
82,180,174
82,180,174
82,180,174
82,180,174
82,180,174
82,180,174
82,180,174
82,180,174
82,180,174
82,180,174
82,180,174
82,180,174
82,180,174
82,180,174
82,180,174
82,180,174
82,180,174
82,180,174
82,180,174
82,180,174
82,180,174
82,180,174
82,180,173
82,180,173
82,180,173
82,180,174
82,180,174
82,180,174
82,180,174
82,180,174
82,180,174
82,180,174
82,180,174
82,180,174
82,180,174
82,180,174
82,180,174
82,180,174
82,180,173
82,180,173
82,180,173
82,180,172
82,180,172
82,180,172
82,180,172
82,180,172
81,180,173
81,180,173
80,179,172
80,179,172
80,179,172
80,179,172
80,179,172
80,179,172
80,179,172
80,179,172
80,179,172
80,179,172
80,179,172
80,179,172
79,179,172
79,179,172
79,179,172
79,179,171
79,179,171
79,179,172
79,179,172
79,179,172
79,179,172
79,179,171
78,178,171
76,178,170
76,177,170
75,177,170
75,177,170
74,177,170
69,174,167
70,174,168
70,174,168
72,175,168
72,176,168
73,176,169
73,176,169
74,177,170
75,177,170
76,177,170
76,178,170
77,177,171
77,177,171
77,177,171
78,178,171
78,178,171
78,178,171
78,178,171
79,179,171
79,179,171
79,179,171
79,179,171
79,179,171
79,179,172
79,179,172
79,179,172
79,179,172
79,179,172
79,179,172
79,179,172
79,179,172
80,179,172
80,179,172
80,179,172
80,179,172
81,180,173
82,180,172
82,180,172
82,180,173
82,180,173
82,180,174
82,180,174
82,180,174
82,180,174
82,180,174
82,180,174
82,180,174
82,180,174
82,180,174
82,180,174
82,180,174
82,180,174
82,180,174
82,180,174
82,180,174
82,180,174
82,180,174
82,180,174
82,180,174
82,180,174
82,180,174
82,180,174
82,180,174
82,180,174
82,180,174
82,180,174
82,180,174
82,180,174
82,180,174
82,180,174
82,180,174
82,180,173
82,180,174
82,180,173
82,180,173
82,180,173
82,180,173
82,180,173
82,180,173
82,180,173
82,180,173
82,180,173
82,180,174
82,180,174
82,180,174
82,180,174
82,180,173
82,180,173
82,180,173
82,180,172
82,180,172
82,180,173
82,180,172
82,180,172
82,180,172
82,180,172
82,180,172
81,180,173
80,179,172
80,179,172
80,179,172
80,179,172
80,179,172
80,179,172
80,179,171
80,179,171
80,179,172
80,179,172
80,179,172
80,179,172
79,179,172
79,179,172
79,179,171
79,179,171
79,179,171
79,179,171
79,179,171
79,179,171
79,179,171
79,179,172
79,179,171
78,178,171
78,178,171
76,178,170
75,177,170
75,177,170
74,176,170
69,174,167
70,174,168
72,175,168
72,175,168
73,176,169
73,176,169
73,176,169
74,177,170
75,177,170
76,177,170
76,178,170
77,177,171
77,177,171
77,177,171
77,177,171
78,178,171
78,178,171
78,178,171
79,178,171
79,178,171
79,178,171
79,178,171
78,178,171
78,178,171
78,178,171
78,178,171
78,178,171
79,179,171
79,179,171
79,179,172
79,179,172
80,179,172
80,179,172
80,179,172
80,179,172
81,180,173
82,180,172
82,180,172
82,180,172
82,180,173
82,180,173
82,180,173
82,180,173
82,180,172
82,180,172
82,180,172
82,180,172
82,180,172
82,180,172
82,180,173
82,180,173
82,180,173
82,181,173
82,181,173
82,181,173
82,181,173
82,180,174
82,180,174
82,180,174
82,180,174
82,180,174
82,180,174
82,180,174
82,180,174
82,180,174
82,180,174
82,180,173
82,180,174
82,180,173
82,180,173
82,180,172
82,180,172
82,180,172
82,180,172
82,180,172
82,180,172
82,180,172
82,180,172
82,180,172
82,180,173
82,180,173
82,180,173
82,180,172
82,180,172
82,180,172
82,180,172
82,180,172
82,180,172
82,180,172
82,180,172
82,180,172
82,180,172
80,179,172
80,179,172
80,179,172
80,179,172
80,179,172
80,179,172
80,179,172
80,179,172
80,179,172
80,179,171
80,179,171
80,179,171
80,179,171
80,179,171
80,179,172
79,179,172
79,179,172
79,179,172
79,179,171
79,179,171
79,179,171
79,179,171
79,179,171
79,179,171
79,178,171
79,178,171
78,178,171
78,178,171
77,178,171
76,178,170
76,177,170
75,177,170
74,176,170
70,174,167
70,174,168
72,175,168
72,176,168
73,176,169
73,176,169
73,176,169
74,177,170
75,177,170
75,177,170
76,177,170
76,177,170
76,178,170
76,178,170
77,177,171
77,177,171
78,178,171
78,178,171
78,178,171
78,178,171
78,178,171
78,178,171
78,178,171
78,178,171
78,178,171
78,178,171
78,178,171
78,178,171
79,179,171
79,179,172
79,179,172
80,179,172
80,179,172
80,179,172
80,179,172
80,179,172
81,180,173
82,180,172
82,180,172
82,180,172
82,180,172
82,180,172
82,180,172
82,180,172
82,180,172
82,180,172
82,180,172
82,180,172
82,180,172
82,180,173
82,180,173
82,181,173
82,181,173
82,181,173
82,181,173
82,181,173
82,180,173
82,180,174
82,180,174
82,180,174
82,180,174
82,180,174
82,180,173
82,180,173
82,180,173
82,180,173
82,180,172
82,180,172
82,180,172
82,180,172
82,180,172
82,180,172
82,180,172
82,180,172
82,180,172
82,180,172
82,180,172
82,180,172
82,180,172
82,180,172
82,180,172
82,180,172
82,180,172
82,180,172
82,180,172
82,180,172
82,180,172
82,180,172
82,180,172
81,180,173
80,179,172
80,179,172
80,179,172
80,179,172
80,179,172
80,179,172
80,179,172
80,179,172
80,179,172
80,179,171
80,179,171
80,179,171
80,179,171
80,179,171
79,179,171
79,179,172
79,179,172
79,179,172
79,179,172
79,179,172
79,179,171
79,179,171
79,179,171
79,178,171
79,178,171
78,178,171
78,178,171
78,178,171
77,178,171
76,178,170
76,178,170
75,177,170
74,176,170
70,174,167
70,174,168
72,175,168
72,176,168
73,176,169
73,176,169
73,176,169
74,177,170
75,177,170
75,177,170
75,177,170
75,177,170
76,177,170
76,177,170
76,178,170
76,178,170
77,178,171
78,178,171
78,178,171
78,178,171
78,178,171
78,178,171
78,178,171
78,178,171
78,178,171
78,178,171
78,178,171
78,178,171
78,178,171
79,179,171
79,179,172
79,179,172
80,179,172
80,179,172
80,179,172
80,179,172
81,180,173
81,180,173
81,180,173
81,180,173
81,180,173
81,180,173
81,180,173
81,180,173
82,180,172
82,180,172
82,180,172
82,180,172
82,180,172
82,180,173
82,181,173
82,181,173
82,181,173
82,181,173
82,181,173
82,180,173
82,180,173
82,180,174
82,180,173
82,180,173
82,180,173
82,180,173
82,180,173
82,180,173
82,180,172
82,180,172
82,180,172
82,180,172
81,180,173
81,180,173
81,180,173
81,180,173
82,180,172
82,180,172
82,180,172
82,180,172
82,180,172
81,180,173
81,180,173
81,180,173
82,180,172
82,180,172
82,180,172
82,180,172
82,180,172
82,180,172
82,180,172
80,179,172
80,179,172
80,179,172
80,179,172
80,179,172
80,179,172
80,179,172
80,179,172
80,179,172
80,179,172
80,179,171
80,179,171
80,179,171
80,179,171
79,179,171
79,179,171
79,179,171
79,179,172
79,179,172
79,179,172
79,179,171
79,179,171
79,179,171
79,178,171
79,179,171
78,178,171
78,178,171
78,178,171
77,177,171
76,178,170
76,178,170
76,178,170
76,177,170
75,177,170
70,174,168
71,175,168
72,175,168
72,176,168
73,176,169
73,176,169
73,176,169
74,177,170
75,177,169
75,177,169
75,177,170
75,177,170
76,177,170
76,177,170
76,177,170
76,178,170
77,178,171
78,178,171
78,178,171
78,178,171
78,178,171
78,178,171
78,178,171
78,178,171
78,178,171
78,178,171
78,178,171
78,178,171
78,178,171
79,179,171
79,179,172
80,179,172
80,179,172
80,179,172
80,179,172
80,179,172
80,179,172
80,179,172
80,179,172
80,180,172
81,180,173
81,180,173
81,180,173
81,180,173
82,180,172
82,180,172
82,180,172
82,180,172
82,180,173
82,181,173
82,181,173
82,181,173
82,181,173
82,180,172
82,180,172
82,180,172
82,180,172
82,180,173
82,180,172
82,180,173
82,180,172
82,180,172
82,180,172
81,180,173
81,180,173
81,180,173
81,180,173
80,180,172
80,180,172
80,179,172
80,179,172
80,179,172
81,180,173
81,180,173
81,180,173
81,180,173
81,180,173
81,180,173
81,180,173
81,180,173
81,180,173
82,180,172
82,180,172
82,180,172
80,179,172
80,179,172
80,179,172
80,179,172
80,179,172
80,179,172
80,179,172
80,179,172
80,179,172
80,179,172
80,179,172
80,179,171
80,179,171
79,179,171
79,179,171
79,179,171
79,179,171
79,179,171
79,179,171
79,179,171
79,179,171
79,179,171
79,179,171
79,178,171
78,178,171
78,178,171
78,178,171
77,178,171
76,178,170
76,178,170
76,178,170
76,178,170
76,177,170
70,174,168
70,175,168
72,175,168
72,176,168
73,176,169
73,176,169
73,176,169
73,176,169
73,176,169
73,176,170
74,176,170
75,177,170
75,177,170
75,177,170
75,177,170
75,177,170
76,177,170
76,177,170
77,177,171
77,177,171
77,177,171
77,177,171
77,177,171
77,177,171
77,177,171
78,178,171
78,178,171
78,178,171
78,178,171
79,179,171
79,179,171
79,179,172
79,179,172
79,179,172
79,179,172
79,179,172
79,179,172
79,179,172
80,179,172
80,179,172
80,179,172
80,179,172
80,179,172
80,179,172
81,180,173
81,180,173
82,180,172
82,180,172
82,180,172
82,180,172
82,180,172
82,180,172
82,180,172
82,180,172
81,180,173
80,179,172
80,179,172
80,179,172
80,179,172
80,179,172
80,179,172
80,179,172
80,179,172
80,179,171
80,179,171
80,179,171
80,179,171
80,179,171
80,179,171
80,179,171
80,179,171
80,179,171
80,179,171
80,179,171
80,179,171
80,179,171
80,179,171
80,179,171
80,179,171
80,179,171
80,179,171
80,179,171
80,179,171
80,179,171
80,179,171
80,179,172
80,179,172
80,179,172
80,179,172
80,179,172
79,179,172
79,179,172
79,179,172
79,179,172
79,179,171
79,179,171
79,179,171
79,179,171
79,179,171
79,179,171
79,179,171
79,178,171
79,178,171
79,179,171
79,179,171
79,178,171
79,178,171
78,178,172
77,178,171
77,178,171
76,178,170
76,178,170
76,178,170
76,178,170
76,178,170
70,174,168
72,175,168
72,176,168
73,176,169
73,176,169
73,176,169
73,176,169
73,176,170
73,176,170
73,176,170
74,177,170
75,177,170
75,177,170
75,177,170
75,177,170
75,177,170
76,177,170
76,177,170
76,177,170
76,178,170
77,177,171
77,177,171
77,177,171
77,177,171
78,178,171
78,178,171
78,178,172
78,178,172
78,178,172
79,179,171
79,179,171
79,179,171
79,179,172
79,179,172
79,179,171
79,179,171
79,179,171
79,179,171
79,179,171
79,179,172
80,179,172
80,179,172
80,179,172
80,179,172
80,179,172
81,180,173
82,180,172
82,180,172
82,180,172
82,180,172
80,179,172
80,179,172
80,179,172
80,179,171
80,179,171
80,179,171
80,179,172
80,179,172
80,179,171
80,179,171
80,179,171
80,179,171
80,179,171
80,179,171
80,179,171
80,179,171
80,179,171
80,179,171
80,179,171
80,179,171
80,179,171
80,179,171
80,179,171
80,179,171
80,179,171
80,179,171
80,179,171
80,179,171
80,179,171
80,179,171
80,179,171
80,179,171
80,179,171
80,179,171
80,179,172
80,179,172
79,179,172
79,179,172
79,179,171
79,179,171
79,179,171
79,179,172
79,179,171
79,179,171
79,179,171
79,179,171
79,179,171
79,179,171
79,179,171
79,178,171
79,178,171
79,179,171
79,178,171
79,178,171
78,178,172
77,178,171
77,178,171
76,178,170
76,178,170
76,178,170
76,178,170
70,174,168
71,175,168
72,176,168
73,176,169
73,176,169
73,176,169
73,176,169
73,176,169
73,176,169
73,176,169
74,177,170
75,177,170
75,177,170
75,177,170
75,177,170
75,177,170
75,177,170
75,177,170
76,177,170
76,177,170
76,177,170
77,177,171
77,177,171
77,177,171
77,177,171
77,178,171
77,178,171
77,178,171
78,178,172
78,178,171
78,178,171
78,178,171
78,178,171
78,178,171
78,178,171
78,178,171
78,178,171
78,178,171
78,178,171
79,179,171
79,179,172
79,179,172
79,179,172
80,179,172
80,179,172
80,179,172
80,179,172
80,179,172
80,179,172
80,179,172
80,179,172
80,179,171
80,179,171
80,179,171
80,179,171
80,179,171
80,179,171
80,179,171
80,179,171
80,179,171
80,179,171
80,179,171
80,179,171
80,179,171
80,179,171
80,179,171
80,179,171
80,179,171
80,179,171
80,179,171
79,179,171
79,179,171
79,179,171
79,179,171
79,179,171
79,179,171
79,179,171
79,179,171
79,179,171
79,179,171
79,179,171
79,179,171
79,179,171
79,179,171
79,179,171
79,179,171
79,179,171
79,179,171
79,179,171
79,179,171
79,179,171
79,178,171
79,179,171
79,179,171
79,179,171
79,179,171
79,179,171
79,178,171
79,178,171
79,178,171
79,178,171
79,178,171
78,178,171
78,178,171
77,178,171
77,178,171
76,178,170
76,178,170
76,177,170
72,175,168
72,176,168
73,176,169
73,176,169
73,176,169
73,176,169
73,176,169
73,176,169
74,177,170
74,177,170
75,177,170
75,177,170
75,177,170
75,177,170
75,177,170
75,177,170
75,177,170
75,177,170
75,177,170
76,177,170
76,177,170
76,178,170
77,178,171
77,178,171
77,178,171
77,178,171
77,178,171
77,178,171
78,178,171
78,178,171
78,178,171
78,178,171
78,178,171
78,178,171
78,178,171
78,178,171
78,178,171
78,178,171
78,178,171
79,179,171
79,179,171
79,179,172
79,179,172
79,179,172
79,179,172
79,179,172
79,179,172
79,179,172
79,179,172
80,179,172
80,179,171
80,179,171
80,179,171
80,179,171
80,179,171
80,179,171
80,179,171
80,179,171
80,179,171
80,179,171
80,179,171
79,179,171
79,179,171
80,179,171
79,179,171
80,179,171
80,179,171
79,179,171
79,179,171
79,179,171
79,179,171
79,179,171
79,179,171
79,179,171
79,179,171
79,179,171
79,179,171
79,179,171
79,179,171
79,179,171
79,179,171
79,179,171
79,179,171
79,179,171
79,179,171
79,179,171
79,179,171
79,179,171
79,179,171
79,179,171
79,178,171
79,179,171
79,179,171
79,179,171
79,179,171
79,179,171
79,178,171
79,178,171
79,178,171
79,178,171
78,178,171
78,178,171
77,178,171
76,178,170
76,177,170
71,175,168
72,176,168
72,176,168
72,176,168
73,176,169
73,176,169
73,176,169
73,176,169
74,177,170
75,177,170
75,177,170
75,177,170
75,177,170
75,177,170
75,177,170
75,177,170
75,177,170
75,177,170
75,177,170
76,177,170
76,177,170
76,177,170
76,178,170
77,178,171
77,178,171
77,178,171
77,178,171
77,178,171
78,178,171
78,178,171
78,178,171
78,178,171
77,177,171
77,177,171
77,177,171
77,177,171
77,177,171
78,178,171
78,178,171
78,178,171
78,178,171
79,179,171
79,179,171
79,179,171
79,179,171
79,179,171
79,179,171
79,179,172
79,179,172
80,179,171
80,179,171
80,179,171
80,179,171
80,179,171
79,179,172
79,179,172
79,179,172
79,179,172
79,179,171
79,179,171
79,179,171
79,179,171
79,179,171
79,179,171
79,179,171
79,179,171
79,179,171
79,179,171
79,179,171
79,179,171
79,179,171
79,179,171
79,179,171
79,179,171
79,179,171
79,179,171
79,179,171
79,179,171
79,179,172
79,179,172
79,179,172
79,179,172
79,179,171
79,179,171
79,179,171
79,179,171
79,179,171
78,178,171
79,179,171
79,178,171
79,178,171
79,178,171
79,178,171
79,178,171
79,178,171
79,178,171
79,178,171
79,178,171
78,178,171
78,178,171
77,178,171
77,178,171
76,177,170
72,175,168
72,176,168
72,176,168
73,176,169
73,176,169
74,176,169
74,176,170
74,177,170
75,177,170
75,177,170
75,177,170
75,177,170
75,177,170
75,177,170
75,177,170
75,177,170
75,177,170
75,177,170
76,177,170
76,177,170
76,177,170
76,177,170
76,177,170
76,178,170
77,178,171
77,178,171
77,178,171
76,178,170
77,177,171
77,177,171
77,177,171
77,177,171
77,177,171
77,177,171
76,178,170
76,178,170
76,178,170
77,177,171
78,178,171
78,178,171
78,178,171
78,178,171
78,178,171
78,178,172
78,178,172
78,178,172
79,179,171
79,179,172
79,179,172
79,179,172
79,179,172
79,179,172
79,179,172
79,179,172
79,179,172
79,179,172
79,179,171
79,179,171
79,179,171
79,179,171
79,179,171
79,179,171
79,179,171
79,179,171
79,179,171
79,179,171
79,179,171
79,179,171
79,179,171
79,179,171
79,179,171
79,179,171
79,179,171
79,179,171
78,178,171
78,178,171
79,179,171
79,179,171
79,179,172
79,179,171
79,179,171
79,178,171
79,179,171
79,179,171
79,179,171
78,178,171
78,178,171
78,178,171
79,178,171
79,178,171
79,178,171
79,178,171
79,178,171
79,179,171
79,179,171
78,178,171
78,178,171
77,178,171
77,178,171
72,176,168
72,176,168
73,176,169
73,176,169
74,176,169
74,177,170
74,177,170
75,177,170
75,177,170
75,177,170
75,177,170
75,177,170
75,177,170
74,176,170
75,177,170
75,177,170
75,177,170
75,177,170
76,177,170
76,177,170
76,177,170
76,177,170
76,177,170
76,177,170
76,177,170
76,178,170
77,177,171
77,177,171
76,177,170
76,177,170
76,177,170
76,177,170
76,177,170
76,177,170
76,177,170
76,178,170
77,177,171
78,178,171
78,178,171
78,178,171
78,178,171
78,178,172
78,178,172
78,178,172
78,179,171
78,178,172
79,179,171
79,179,171
79,179,171
79,179,171
79,179,171
79,179,171
79,179,171
79,179,171
79,179,171
79,179,171
79,179,171
79,179,171
79,179,171
79,179,171
79,179,171
79,179,171
79,179,171
79,179,171
79,179,171
79,179,171
79,179,171
79,179,171
79,179,171
79,179,171
78,178,171
78,178,171
78,178,171
78,178,171
78,178,171
78,178,171
79,179,171
79,179,171
79,178,171
79,178,171
79,179,171
78,178,171
78,178,171
78,178,171
78,178,171
78,178,171
78,178,171
78,178,171
79,179,171
79,179,171
79,179,171
79,179,171
79,179,171
78,178,171
77,178,171
72,176,168
73,176,169
73,176,169
74,177,170
74,177,170
75,177,170
75,177,170
75,177,170
75,177,170
75,177,170
74,176,170
74,176,170
74,176,170
75,177,170
75,177,170
75,177,170
75,177,170
75,177,170
76,177,170
76,177,170
76,177,170
76,177,170
76,177,170
76,177,170
76,177,170
76,177,170
76,177,170
76,177,170
76,177,170
76,177,170
76,177,170
76,177,170
76,177,170
76,177,170
76,178,170
77,178,171
77,178,171
78,178,171
78,178,171
77,178,171
77,178,171
77,178,171
77,178,171
77,178,171
78,178,172
78,178,172
79,179,171
79,179,171
79,179,171
79,179,171
79,179,171
79,179,171
79,179,171
79,178,171
79,179,171
79,179,171
79,179,171
79,179,171
79,179,171
79,179,171
79,179,171
79,179,171
79,179,171
79,179,171
79,179,171
79,179,171
78,178,171
78,178,171
78,178,171
78,178,171
78,178,171
78,178,171
78,178,171
78,178,171
79,179,171
79,179,171
79,179,171
79,179,171
78,178,171
78,178,171
78,178,171
78,178,171
78,178,171
78,178,171
78,178,171
78,178,171
78,178,171
78,178,171
78,178,171
78,178,171
78,178,172
73,176,169
73,176,169
74,177,170
74,177,170
74,177,170
74,177,170
74,177,170
74,177,170
74,176,170
74,176,170
74,176,170
74,176,170
75,177,170
75,177,170
75,177,170
75,177,170
75,177,170
75,177,170
75,177,170
75,177,170
75,177,170
75,177,170
75,177,170
76,177,170
76,177,170
76,177,170
76,177,170
76,177,170
76,177,170
76,177,170
76,177,170
76,177,170
76,177,170
76,178,170
77,178,171
77,178,171
77,178,171
77,178,171
77,178,171
77,178,171
77,178,171
77,178,171
77,178,171
77,178,171
78,178,172
78,178,172
78,178,172
79,179,171
79,179,171
79,179,171
78,178,171
78,178,171
78,178,171
78,178,171
78,178,171
77,178,171
78,178,172
78,178,172
78,178,172
78,178,172
78,178,172
78,178,172
78,178,172
78,178,171
78,178,171
78,178,171
78,178,171
78,178,171
78,178,171
78,178,171
78,178,171
78,178,172
79,179,171
79,179,171
79,179,171
78,178,171
78,178,171
78,178,171
78,178,171
78,178,171
78,178,171
78,178,171
78,178,171
78,178,171
78,178,171
78,178,171
78,178,172
73,176,169
74,177,170
74,177,169
74,177,169
74,177,170
74,177,170
74,177,170
74,176,170
74,176,170
74,176,170
74,176,170
75,177,170
75,177,170
75,177,170
75,177,170
75,177,170
75,177,170
75,177,170
75,177,170
75,177,170
75,177,170
75,177,170
76,177,170
76,177,170
76,177,170
76,177,170
76,177,170
76,177,170
76,177,170
76,177,170
76,177,170
76,177,170
76,178,170
77,178,171
77,178,171
77,178,171
77,178,171
77,178,171
77,178,171
77,178,171
77,178,171
77,178,171
77,178,171
77,178,171
78,178,172
78,178,172
78,178,172
78,178,171
78,178,171
78,178,171
78,178,171
78,178,171
77,178,171
77,178,171
77,178,171
77,178,171
77,178,171
77,178,171
77,178,171
77,178,171
78,178,172
78,178,171
78,178,171
78,178,171
78,178,171
78,178,171
78,178,171
78,178,171
78,178,171
78,178,172
79,179,171
79,179,171
79,179,171
78,178,172
78,178,171
78,178,171
78,178,171
78,178,171
78,178,171
78,178,171
78,178,171
78,178,171
78,178,171
74,177,169
74,177,169
74,177,169
73,176,169
74,177,170
74,177,170
74,176,170
74,176,170
74,176,170
75,177,170
75,177,170
75,177,170
75,177,170
75,177,170
75,177,170
75,177,170
75,177,170
75,177,170
75,177,170
75,177,169
75,177,169
76,177,170
76,177,170
76,177,170
76,177,170
76,177,170
76,177,170
76,177,170
76,177,170
76,177,170
76,178,170
77,178,171
77,178,171
77,178,171
77,178,171
77,178,171
76,178,170
76,177,170
76,177,170
76,177,170
76,178,170
76,178,170
76,178,170
76,178,170
76,178,170
76,178,170
76,178,170
76,178,170
76,178,170
76,178,170
76,178,170
76,178,170
76,178,170
76,178,170
77,178,171
77,178,171
78,178,171
77,178,171
78,178,171
78,178,171
78,178,171
78,178,171
78,178,171
78,178,171
78,178,171
78,178,171
78,178,172
79,179,171
79,179,171
79,179,171
78,178,172
78,178,172
78,178,171
78,178,171
78,178,171
78,178,171
78,178,171
78,178,171
78,178,171
73,176,169
73,176,169
73,176,169
74,177,170
74,177,170
74,176,170
74,177,170
75,177,170
75,177,170
75,177,170
75,177,170
75,177,170
75,177,170
75,177,170
75,177,169
75,177,170
75,177,169
75,177,169
75,177,169
76,177,170
76,177,170
76,177,170
76,177,170
76,177,170
76,177,170
76,177,170
76,177,170
76,177,170
76,177,170
76,178,170
76,178,170
76,178,170
76,177,170
76,177,170
76,177,170
75,177,170
76,177,170
76,177,170
76,177,170
76,177,170
76,177,170
76,178,170
76,178,170
76,178,170
76,178,170
76,178,170
76,178,170
76,177,170
76,177,170
76,177,170
76,178,170
76,178,170
77,177,171
78,178,171
78,178,171
78,178,171
78,178,171
78,178,171
78,178,171
78,178,171
78,178,171
78,178,171
78,178,172
79,179,171
79,179,171
79,179,171
79,179,171
79,179,171
78,178,171
78,178,171
78,178,171
78,178,171
78,178,171
73,176,169
74,177,170
74,177,170
74,177,170
74,177,170
75,177,169
75,177,170
75,177,170
75,177,170
75,177,170
74,177,170
74,176,170
74,176,170
74,177,170
75,177,169
74,177,170
74,177,170
74,177,170
74,177,170
74,177,170
74,177,170
74,177,170
74,177,170
75,177,169
75,177,169
75,177,169
76,177,170
76,177,170
76,177,170
75,177,169
75,177,169
75,177,170
75,177,169
75,177,170
75,177,170
75,177,170
75,177,170
75,177,170
75,177,170
76,177,170
76,177,170
76,178,170
76,178,170
76,177,170
76,177,170
76,177,170
76,177,170
76,177,170
76,177,170
76,177,170
77,177,171
77,177,171
78,178,171
78,178,171
78,178,171
78,178,171
78,178,171
78,178,171
78,178,171
79,179,171
79,179,171
79,179,171
79,179,171
79,179,171
79,179,171
79,179,171
78,178,171
78,178,171
78,178,171
74,177,170
74,177,170
74,177,170
75,177,169
75,177,170
75,177,170
74,177,170
74,177,170
74,176,170
74,176,170
74,177,170
74,177,170
75,177,169
74,177,170
74,177,170
74,177,170
74,177,170
74,177,170
74,177,170
74,177,170
74,177,170
75,177,169
75,177,169
75,177,169
75,177,169
75,177,169
75,177,169
75,177,170
75,177,170
75,177,170
75,177,170
75,177,170
75,177,170
75,177,170
75,177,170
75,177,170
75,177,170
75,177,170
76,177,170
76,177,170
76,177,170
76,177,170
75,177,170
75,177,170
75,177,170
76,177,171
76,177,170
76,177,170
77,177,171
77,177,171
78,178,171
78,178,171
78,178,171
78,178,171
78,178,171
79,179,171
79,179,171
79,179,171
79,179,171
79,179,171
79,179,171
79,179,171
79,179,171
73,176,169
73,176,169
73,176,169
73,176,169
73,176,169
74,177,170
74,176,170
74,177,170
74,177,170
74,177,170
74,177,170
74,177,170
74,176,170
74,176,170
74,177,170
75,177,169
75,177,169
75,177,169
75,177,170
75,177,170
75,177,169
75,177,170
75,177,169
75,177,170
75,177,170
75,177,170
75,177,170
75,177,170
75,177,170
75,177,170
75,177,170
75,177,170
75,177,170
75,177,170
75,177,170
75,177,170
75,177,170
75,177,170
75,177,170
75,177,170
75,177,170
75,177,170
75,177,170
76,177,170
76,177,170
77,177,171
77,177,171
77,177,171
78,178,171
78,178,171
78,178,171
79,179,171
79,179,171
79,179,171
79,178,171
79,179,171
79,179,171
73,176,169
73,176,169
73,176,169
73,176,169
74,177,170
74,177,170
74,177,170
74,177,170
74,177,170
74,177,170
74,177,170
74,177,170
74,177,170
75,177,169
75,177,170
75,177,170
75,177,170
75,177,170
75,177,170
75,177,170
75,177,170
75,177,170
75,177,170
75,177,170
75,177,170
75,177,170
75,177,170
75,177,170
75,177,170
75,177,170
75,177,170
75,177,170
75,177,170
75,177,170
75,177,170
75,177,170
75,177,170
75,177,170
75,177,170
76,177,170
76,177,170
77,177,171
77,177,171
77,177,171
78,178,171
78,178,171
78,178,171
78,178,171
79,179,171
73,176,169
73,176,169
74,177,170
74,177,170
74,176,170
74,176,170
74,177,170
74,177,170
75,177,169
75,177,170
75,177,170
75,177,170
75,177,170
75,177,170
75,177,170
75,177,170
75,177,170
75,177,169
75,177,170
75,177,170
75,177,170
75,177,170
75,177,170
75,177,170
75,177,170
75,177,170
75,177,170
75,177,170
75,177,170
75,177,170
75,177,170
75,177,170
75,177,170
75,177,170
75,177,170
76,177,170
77,177,171
77,177,171
77,177,171
74,176,170
74,176,170
74,177,170
75,177,169
75,177,169
75,177,170
75,177,170
75,177,170
75,177,170
75,177,170
75,177,170
75,177,170
75,177,170
75,177,170
75,177,170
75,177,170
75,177,170
75,177,170
75,177,170
75,177,170
75,177,170
75,177,170
75,177,170
75,177,170
75,177,170
75,177,170
75,177,170
75,177,170
75,177,170
75,177,170
