B,G,R
5,10,29
3,8,30
4,9,31
6,10,33
5,10,32
5,10,32
5,9,31
4,9,30
4,9,30
5,9,29
5,9,29
6,10,29
6,10,29
6,10,29
6,10,29
6,10,29
5,10,29
5,9,30
5,9,30
6,10,31
7,11,32
8,11,33
8,12,36
11,15,37
11,15,39
8,12,36
7,11,35
6,10,33
5,10,33
4,9,32
5,9,30
4,9,30
3,8,29
3,8,29
3,8,29
3,8,29
4,9,30
5,9,30
5,9,30
5,9,30
4,9,30
4,9,30
4,9,29
5,9,29
5,9,29
6,10,29
6,10,29
6,10,29
6,10,29
6,10,29
6,10,29
5,10,29
5,10,30
6,10,31
8,11,32
8,12,37
13,16,39
18,22,47
18,22,47
12,16,40
8,12,36
7,11,35
6,9,33
5,9,32
4,9,31
4,9,30
4,9,30
4,9,30
5,9,29
5,8,32
5,8,32
5,9,31
5,9,31
5,9,31
4,8,30
4,8,29
3,8,29
3,8,29
3,8,28
3,8,29
4,9,29
4,9,29
4,9,29
4,9,29
4,9,29
4,9,29
4,9,29
5,9,29
5,9,29
5,9,29
6,10,29
6,10,29
5,9,28
6,10,29
6,10,29
5,10,29
6,10,30
6,10,31
7,11,33
11,15,39
17,21,46
20,24,49
22,26,51
18,22,47
8,12,36
7,11,35
6,9,33
5,9,32
4,9,30
4,9,30
4,9,30
5,9,29
5,9,29
5,9,29
5,9,29
5,9,29
5,9,30
5,9,31
5,8,32
5,8,32
5,8,32
5,8,31
5,8,31
5,8,31
5,9,31
5,9,30
5,9,30
4,8,29
4,8,29
3,8,29
3,8,28
3,8,28
3,8,28
4,8,28
4,9,28
4,9,28
4,8,28
4,8,28
4,8,28
4,8,28
5,9,28
6,9,28
6,9,28
6,9,28
6,9,29
5,9,28
5,9,29
6,10,29
6,10,29
6,10,31
6,10,32
7,11,33
11,15,39
20,24,49
24,28,52
24,28,53
20,24,49
13,17,41
6,9,33
5,9,32
5,9,32
5,9,30
5,9,30
5,9,29
5,9,29
5,9,29
5,9,29
6,10,29
6,10,31
6,10,31
6,10,32
5,10,31
5,10,31
5,9,32
5,9,33
5,9,32
6,9,33
6,9,33
6,9,33
6,8,32
5,8,31
5,8,31
5,8,30
5,8,30
6,9,30
6,9,30
6,9,30
5,8,29
4,8,28
4,8,28
4,8,28
4,8,28
4,8,28
4,9,28
4,9,28
4,9,28
4,8,28
4,8,28
4,8,28
5,8,28
5,8,28
6,9,28
6,9,28
6,9,28
6,9,28
5,9,28
5,9,29
6,10,29
6,10,30
6,10,31
7,10,32
8,11,35
12,17,42
19,24,49
24,28,53
25,29,54
17,21,46
8,12,36
6,9,33
5,9,32
5,9,31
5,9,30
6,9,30
5,9,29
6,9,29
6,9,29
6,10,29
6,10,31
8,13,34
11,16,37
10,15,36
7,11,32
5,10,32
5,10,31
5,9,31
5,9,31
5,9,33
5,9,33
5,8,29
5,8,30
5,9,30
6,9,32
6,10,33
7,10,33
7,10,33
7,10,33
6,8,32
5,8,29
5,8,29
5,8,29
5,8,29
6,9,30
5,8,29
5,8,29
5,8,29
5,8,28
4,8,28
4,8,28
5,8,28
4,9,28
5,9,28
4,9,28
4,8,27
4,8,27
4,8,27
5,8,27
5,8,28
6,9,28
6,9,28
6,9,28
5,9,28
5,9,28
5,9,29
6,9,29
6,9,31
6,10,32
7,10,33
8,12,37
13,17,41
17,21,45
17,22,46
17,21,46
13,17,41
5,9,33
5,9,32
5,9,30
5,9,30
5,9,30
6,9,29
6,9,29
6,9,29
6,10,29
6,10,30
8,13,34
18,23,44
19,24,45
17,22,43
11,16,37
7,11,34
6,10,31
5,9,31
5,9,31
5,9,32
4,9,32
4,8,32
4,8,32
4,8,32
5,8,29
5,8,29
5,8,29
5,8,29
5,8,30
6,9,30
6,9,32
7,10,33
7,10,33
7,10,33
5,8,29
5,8,29
5,8,29
5,8,29
5,8,29
5,8,29
5,8,29
5,8,29
5,8,29
5,8,29
5,8,28
5,8,28
5,8,28
5,9,28
5,9,28
5,9,28
4,8,27
4,8,27
5,8,27
5,9,28
6,9,28
6,9,28
6,9,28
6,9,28
6,9,28
5,9,28
5,9,29
6,9,30
6,9,31
6,10,32
7,10,33
8,13,36
12,17,41
13,18,42
14,20,43
13,17,41
5,9,33
4,9,31
4,9,30
4,9,30
5,9,29
5,9,29
5,9,29
5,9,29
6,9,29
6,10,30
8,13,34
18,23,44
20,25,46
20,25,46
18,23,44
13,18,39
8,13,34
6,10,31
5,9,31
5,9,30
5,9,31
4,9,32
4,8,32
4,8,32
4,8,32
4,9,32
4,9,32
6,9,30
5,8,29
5,8,29
5,8,29
5,8,29
5,8,29
5,8,29
5,8,29
6,9,30
6,9,32
7,10,33
7,10,33
6,9,32
5,8,29
5,8,29
5,8,29
5,8,29
5,8,29
5,8,29
5,8,29
5,8,29
5,8,29
5,8,29
5,8,29
5,8,29
5,9,29
5,9,29
5,9,29
5,9,28
5,8,28
5,8,28
5,8,28
5,8,28
6,9,28
6,9,28
7,9,29
7,9,29
6,9,29
5,8,29
5,8,30
5,9,30
5,9,31
5,9,32
7,10,33
7,11,35
8,14,38
8,14,38
8,13,37
7,12,33
4,9,30
4,9,30
4,9,29
4,9,29
4,9,28
5,9,28
5,9,28
5,9,29
6,10,29
8,12,32
17,21,40
20,25,46
23,28,49
23,28,49
17,22,43
10,15,36
7,11,32
6,10,31
6,9,30
5,9,30
5,9,30
4,9,30
4,9,32
4,8,32
4,9,32
4,9,32
4,9,32
5,9,31
5,10,31
5,10,31
6,9,30
6,9,30
6,9,30
5,8,29
5,8,29
5,8,29
5,8,29
5,8,29
5,8,29
5,8,29
6,9,30
6,9,32
7,10,33
6,9,32
6,8,31
5,8,31
5,7,29
5,7,29
5,7,29
5,8,29
5,8,29
5,8,29
5,8,29
5,8,29
5,8,29
5,8,29
5,8,29
5,9,29
5,9,29
5,9,29
5,9,29
5,8,29
5,8,29
5,8,29
5,9,29
5,9,29
6,9,29
6,9,30
7,9,30
6,9,30
5,8,30
5,8,30
5,8,31
5,8,32
5,9,32
6,9,33
6,11,34
7,12,34
7,12,33
5,11,31
4,9,30
4,9,30
3,9,29
3,9,29
4,9,28
4,9,28
5,9,28
5,9,28
5,9,29
7,11,30
11,15,34
20,25,46
21,26,47
25,30,51
20,25,46
14,18,40
8,13,34
7,10,31
6,10,31
6,9,30
5,9,30
5,9,30
5,9,30
4,9,31
5,9,32
5,9,32
5,9,32
5,9,32
5,10,31
5,10,31
5,10,31
5,10,32
5,10,32
6,10,31
6,9,30
6,9,30
6,9,30
6,9,30
6,9,30
5,8,29
5,8,29
5,8,29
5,8,29
5,8,29
5,8,29
6,9,30
6,9,32
7,10,33
6,9,32
5,8,31
5,8,31
5,7,30
4,7,29
4,7,29
4,7,29
5,8,29
5,8,29
5,8,29
5,8,29
5,8,29
5,8,29
5,8,30
5,8,30
5,8,30
5,9,30
5,8,29
5,8,29
5,8,29
5,8,29
5,9,29
6,9,30
6,10,31
6,10,31
6,9,31
5,8,31
5,8,31
4,8,31
3,7,32
5,8,32
5,8,33
5,9,33
5,9,33
5,9,33
5,9,31
4,9,30
4,9,30
4,9,30
3,9,29
3,9,29
3,9,28
4,9,28
4,9,28
5,9,28
5,9,29
6,10,31
11,15,37
21,26,47
21,26,47
21,26,47
14,19,42
10,14,35
7,10,32
6,10,31
6,9,30
6,9,30
6,9,30
5,9,30
5,9,30
5,9,31
5,9,32
5,10,32
5,9,32
5,9,32
5,10,31
5,10,31
5,10,31
5,10,31
5,10,31
4,9,31
4,9,30
4,8,31
5,8,31
6,9,31
6,9,30
6,9,30
6,9,30
6,9,30
6,9,30
5,8,29
5,8,29
5,8,29
5,8,29
5,8,29
5,8,29
6,9,30
7,9,33
7,10,33
6,9,32
5,8,32
5,7,31
4,7,31
4,7,31
4,7,30
4,7,29
4,8,30
5,8,30
5,8,30
5,8,30
5,8,30
5,8,30
5,8,30
5,8,30
5,8,30
5,9,30
5,9,30
5,9,30
5,9,29
5,9,30
6,10,31
6,10,31
7,10,32
7,10,32
6,9,32
5,8,32
5,8,32
4,8,32
3,8,32
5,8,32
5,9,33
5,9,33
5,9,33
4,9,31
4,9,31
4,9,30
4,9,30
4,9,30
3,9,29
3,8,29
3,8,29
4,8,29
4,8,28
4,9,29
5,9,31
5,9,32
10,14,35
17,21,42
17,21,42
14,19,42
14,18,42
8,12,34
7,10,31
6,9,31
6,9,30
6,9,30
6,9,30
5,9,30
5,9,31
5,9,32
5,10,33
5,10,33
5,10,33
5,10,33
5,10,32
5,10,31
5,10,31
5,10,31
5,10,31
5,9,31
4,9,30
4,9,30
4,9,31
5,8,32
4,8,31
4,8,31
5,8,30
5,9,30
5,9,30
5,9,30
6,9,30
6,9,30
5,8,29
5,8,29
5,8,29
5,8,29
5,8,29
5,8,29
5,8,30
9,12,34
9,12,34
9,12,34
6,9,33
5,8,32
5,8,32
4,7,31
4,7,31
4,7,31
4,7,31
4,8,31
4,8,31
4,8,31
4,8,31
4,8,31
4,8,31
4,8,31
4,8,31
4,8,31
4,8,32
5,8,32
5,8,33
5,8,34
5,9,34
6,10,34
6,10,33
6,9,33
6,9,33
5,9,33
5,8,33
5,8,33
4,8,33
3,8,33
5,10,34
6,10,34
5,9,33
5,9,33
4,9,31
4,9,31
4,9,30
4,9,30
4,9,30
4,9,29
3,9,29
4,9,29
4,9,29
4,9,29
5,9,30
5,9,32
6,10,34
7,11,35
11,16,40
14,18,42
14,18,42
9,14,39
7,11,33
6,10,31
6,9,31
6,9,30
6,9,30
6,9,30
6,9,30
6,10,31
7,12,33
8,12,33
8,12,36
8,12,36
6,10,34
5,10,33
5,10,32
5,10,32
5,10,31
5,10,31
5,10,31
4,9,30
4,9,30
4,9,31
4,9,32
5,9,32
6,8,31
6,8,31
5,8,31
4,8,31
3,8,30
4,8,30
4,8,30
5,9,30
5,8,29
5,9,30
6,9,30
5,8,29
5,8,29
5,8,29
5,8,29
5,8,29
5,8,29
5,8,30
6,10,34
6,10,34
6,10,34
6,10,34
5,9,33
5,8,32
4,8,32
4,8,32
4,7,31
4,7,31
4,8,31
4,8,31
4,8,31
4,8,32
4,8,32
4,8,32
4,8,32
4,8,32
4,8,32
4,8,33
5,8,34
5,8,35
5,9,35
6,10,35
7,10,36
6,10,35
6,9,34
5,9,34
5,9,34
5,9,33
5,9,34
5,10,35
7,11,37
7,11,37
7,11,36
7,10,35
7,9,33
5,9,33
5,9,32
4,9,31
4,9,31
4,9,31
4,9,31
4,9,30
5,9,30
5,9,30
5,9,31
5,9,32
6,10,35
6,10,35
6,10,35
9,13,35
9,14,39
9,14,39
7,11,36
7,10,34
6,10,31
6,9,31
6,9,30
6,9,30
6,9,30
6,9,31
7,10,32
8,12,34
9,12,36
12,16,40
14,18,42
10,14,38
7,11,34
6,10,33
5,10,32
5,10,31
5,10,31
5,10,31
5,10,31
5,10,31
5,10,31
5,9,32
5,9,32
5,9,32
5,9,33
6,9,31
6,8,31
6,8,31
6,8,31
6,8,31
4,8,31
3,8,30
3,8,30
3,8,30
4,8,30
5,8,30
5,9,30
6,9,30
6,8,30
5,8,30
5,8,30
5,8,30
5,8,30
5,8,30
5,8,32
5,8,33
6,9,33
6,9,34
6,9,34
6,9,33
5,8,33
5,8,32
4,8,32
4,8,31
4,8,31
4,8,31
4,8,32
4,8,32
4,8,33
4,8,33
4,8,33
4,8,33
4,8,33
4,8,34
4,8,35
5,8,35
5,9,36
6,9,36
7,10,36
7,10,36
6,10,36
5,9,36
5,9,36
5,9,36
5,9,36
8,13,40
12,17,42
12,17,44
11,15,42
10,14,39
7,11,36
7,10,34
6,9,33
5,9,33
5,9,32
5,9,32
5,9,32
5,9,32
5,9,33
5,9,33
5,9,33
6,10,34
6,10,34
6,10,35
6,10,35
6,10,35
6,10,35
7,10,35
8,11,35
8,11,35
7,10,34
7,10,33
6,9,32
6,9,31
6,9,31
6,9,31
6,10,32
7,11,34
10,13,36
15,19,43
19,23,48
20,24,48
17,21,45
14,18,42
7,11,35
5,10,33
5,10,32
5,10,32
6,10,32
5,10,32
5,10,32
6,11,32
6,11,32
5,10,32
5,9,33
5,9,33
5,9,33
5,9,33
6,9,31
6,9,31
6,9,31
6,9,31
6,9,31
6,9,31
5,9,31
4,9,31
3,8,30
3,8,30
4,8,30
5,8,30
5,8,30
6,8,30
5,8,30
5,8,30
5,8,30
5,8,30
4,8,30
4,8,32
4,8,32
5,8,32
6,8,33
6,9,34
6,9,34
6,8,33
6,8,33
6,8,33
5,8,32
4,8,32
4,8,32
4,8,32
4,8,33
4,8,33
4,8,33
4,8,33
4,8,33
4,8,34
4,8,35
4,8,35
5,8,35
5,9,36
6,9,37
7,9,38
7,9,38
7,10,38
6,9,36
5,9,36
5,9,36
5,9,36
5,12,41
9,15,42
12,17,44
12,17,44
11,17,42
10,14,42
7,11,36
7,9,34
5,9,34
5,9,33
5,9,33
5,9,33
5,9,33
5,9,33
7,9,34
7,10,35
7,10,35
7,10,35
7,10,35
7,10,35
6,9,34
6,9,34
6,10,34
7,10,35
8,10,35
8,11,35
8,10,34
7,10,33
6,10,33
6,9,32
6,9,32
7,10,32
7,11,33
9,12,35
13,17,41
22,26,50
22,26,50
23,28,52
22,26,50
19,23,48
15,19,43
8,12,37
6,10,34
6,10,34
6,11,34
6,10,33
6,10,33
7,12,33
7,12,33
7,12,33
6,11,33
6,11,34
5,10,33
5,9,33
5,9,33
6,9,30
6,9,30
6,9,30
6,9,30
6,9,30
6,9,30
6,9,30
6,9,31
6,9,32
5,9,32
4,9,31
4,8,31
4,8,31
4,8,31
5,8,30
6,8,30
5,8,30
5,8,31
5,8,31
4,8,31
4,8,32
4,8,32
4,8,32
4,8,33
5,8,33
6,8,33
6,8,34
6,8,34
6,8,33
6,8,33
5,8,33
4,8,33
4,8,33
4,9,33
4,8,33
4,8,33
4,8,33
4,8,34
4,8,35
4,8,36
4,8,37
5,9,37
6,9,38
6,9,38
7,9,38
7,9,39
7,9,39
6,9,39
6,9,38
5,9,38
5,9,38
5,9,39
5,12,41
9,15,42
12,17,44
12,17,44
10,15,42
9,11,38
7,9,36
6,9,34
5,9,34
5,9,33
5,9,33
5,9,33
5,9,34
6,9,34
7,10,35
7,10,35
7,10,35
7,11,35
7,10,35
7,10,35
6,9,33
6,9,33
6,9,33
6,10,34
6,10,34
7,10,34
7,10,34
6,10,34
6,10,33
6,9,33
6,9,33
7,10,33
8,12,35
12,16,40
21,25,50
27,31,55
26,31,55
27,31,56
26,30,55
21,25,50
18,22,46
16,20,45
8,12,36
7,11,35
7,11,35
7,11,35
7,12,34
8,13,36
10,15,36
10,15,37
8,15,40
8,15,40
8,12,37
7,12,37
6,11,36
5,10,35
5,9,34
5,8,30
6,9,30
6,9,30
6,9,30
6,9,30
6,9,30
6,9,30
6,9,31
6,10,34
6,10,34
6,10,33
4,9,32
4,9,32
4,8,31
5,8,31
5,8,31
6,8,32
6,8,32
5,8,32
5,8,32
4,8,32
4,8,32
4,8,32
4,8,32
4,8,33
5,8,33
6,8,33
6,8,34
6,8,34
5,8,34
5,8,34
5,8,33
4,8,33
4,8,33
4,9,33
4,9,33
5,9,34
5,9,35
5,9,37
5,10,39
7,12,41
8,12,42
10,14,43
8,12,41
7,10,39
7,10,39
7,9,39
7,9,39
7,9,39
6,9,39
5,9,39
5,9,38
4,9,38
5,10,39
6,13,41
8,14,42
8,14,42
7,11,37
6,9,36
5,9,34
5,9,34
5,9,34
5,9,34
5,9,34
5,9,34
5,9,34
6,10,35
7,10,35
7,10,35
7,10,35
7,10,35
7,10,34
6,9,34
6,9,33
6,9,33
6,9,33
6,9,33
6,10,34
6,10,34
6,10,34
6,10,34
6,10,33
6,10,33
6,10,33
7,11,34
8,12,36
17,21,46
27,31,55
27,31,55
26,31,55
27,31,56
26,30,55
23,28,53
20,24,48
18,22,46
11,15,39
7,11,35
6,10,35
6,10,35
6,10,35
10,14,37
13,17,41
11,16,41
13,18,43
13,18,43
11,16,42
11,16,42
13,17,42
8,12,37
6,11,36
6,11,36
4,8,30
5,8,30
5,8,30
6,9,30
5,8,29
6,9,30
5,8,30
5,8,30
6,9,30
6,10,34
9,13,37
10,15,38
10,15,38
5,10,34
4,9,33
5,9,32
6,8,32
6,8,32
6,8,32
6,8,32
6,8,32
5,8,32
4,8,32
4,8,32
4,8,32
4,8,33
5,8,33
6,8,33
6,8,34
6,8,34
6,8,34
5,8,35
5,8,34
4,8,34
4,8,34
4,8,34
5,9,35
5,9,36
6,10,37
6,11,39
9,13,42
10,15,44
11,17,49
11,17,47
12,16,47
10,14,45
8,12,41
7,10,40
7,9,39
7,9,39
6,9,39
6,9,39
5,9,39
5,9,39
4,8,38
4,9,38
4,9,38
5,9,37
5,8,37
5,8,36
5,8,36
5,9,35
5,9,34
5,9,34
5,9,34
5,9,34
5,9,34
6,9,35
6,10,35
7,10,36
6,10,36
6,10,36
6,9,35
6,9,34
6,9,34
6,9,33
5,9,33
5,9,33
5,9,33
6,9,34
6,10,34
6,10,34
6,10,34
6,10,34
6,10,34
6,10,35
8,12,36
13,17,41
25,29,53
27,31,55
27,31,55
23,27,51
23,27,51
21,25,50
21,25,50
19,23,48
18,22,46
8,12,37
7,10,35
6,10,34
6,10,33
5,9,33
7,10,35
10,14,39
11,16,41
13,18,43
14,18,44
17,21,47
17,21,47
17,21,47
14,18,43
9,13,37
8,12,37
7,12,37
7,12,37
4,7,30
4,7,29
4,8,29
5,8,29
5,8,29
5,8,29
5,8,29
5,8,29
5,8,30
5,9,31
6,10,34
7,13,36
10,15,38
10,15,38
7,12,37
5,10,34
5,9,33
6,9,33
6,8,33
6,9,33
6,8,33
6,8,32
5,8,33
4,8,33
4,8,33
4,8,33
4,8,33
5,8,34
5,8,34
6,8,36
6,8,36
5,8,36
4,8,36
4,8,36
4,8,36
3,8,36
4,8,36
5,9,37
5,10,38
7,12,42
9,14,44
12,17,50
13,19,52
14,21,52
13,18,50
13,17,49
12,16,45
8,12,43
7,10,40
7,9,39
6,9,39
6,8,39
6,9,39
6,9,39
5,9,39
4,8,38
4,9,37
4,8,37
4,8,37
4,8,36
4,8,36
4,8,36
4,8,36
4,8,34
4,8,34
5,9,34
5,9,34
5,9,35
6,10,35
6,10,36
6,10,36
6,10,36
6,9,36
6,9,35
6,9,35
6,9,34
6,9,34
5,9,34
5,9,34
5,9,34
5,9,34
6,10,34
6,10,34
6,10,34
6,10,34
6,10,35
7,11,35
13,17,41
23,27,52
27,31,55
28,32,56
27,31,55
21,25,50
18,22,46
18,21,45
15,19,44
15,19,44
13,16,40
7,10,34
6,9,33
6,8,32
5,8,32
5,9,33
6,9,33
6,10,34
9,14,38
13,18,43
14,19,46
18,23,48
20,26,49
20,26,49
18,22,49
13,17,42
9,13,38
8,12,37
7,12,37
8,12,37
4,7,28
4,7,28
4,7,28
4,7,28
4,7,29
5,8,29
5,8,29
5,8,29
5,8,30
5,8,30
5,8,31
5,9,32
6,9,33
6,10,34
9,13,37
9,13,37
6,11,36
5,10,34
5,9,34
5,9,34
5,8,33
6,9,34
6,8,34
5,8,34
5,8,34
4,8,34
4,8,34
4,8,34
4,8,34
5,8,36
5,8,36
5,8,36
5,8,37
5,8,36
4,8,36
3,8,36
2,8,36
2,7,36
3,8,37
4,9,38
6,11,40
10,15,45
13,19,52
16,23,55
17,23,56
16,23,56
14,20,54
13,18,52
12,16,45
7,12,43
7,10,41
6,9,39
6,9,39
6,8,39
6,9,39
6,9,39
5,9,39
5,9,38
4,9,37
4,8,37
4,8,37
4,8,36
4,8,36
4,8,36
4,8,36
4,8,36
4,8,36
5,9,36
5,9,36
6,10,38
6,10,38
6,10,37
6,10,37
6,10,37
6,10,37
6,9,37
6,9,37
6,9,35
6,9,35
5,9,35
5,10,35
5,9,34
5,9,34
5,9,34
5,9,34
5,10,34
6,10,35
6,10,35
8,12,36
19,23,48
27,31,55
30,34,58
30,34,58
27,31,55
18,22,46
17,20,44
14,16,40
11,15,39
10,12,36
8,10,34
6,9,33
6,9,32
6,8,32
5,8,32
5,9,32
5,9,32
5,9,32
6,11,33
7,12,37
13,18,42
18,24,48
29,33,57
29,33,57
29,33,57
14,18,43
9,13,38
8,12,37
7,12,36
7,12,36
7,12,35
6,11,35
4,7,28
4,7,28
4,7,28
4,7,28
4,7,28
4,7,28
5,8,29
5,8,29
5,8,29
5,8,30
5,8,30
5,8,32
5,9,32
5,9,33
5,9,34
6,10,34
6,11,36
5,10,34
5,9,34
5,9,34
5,9,34
5,8,34
5,8,34
5,8,35
5,8,34
5,8,34
4,9,34
4,9,36
4,8,36
4,8,36
5,8,36
5,8,37
5,8,37
5,8,37
5,8,37
3,8,37
3,8,37
2,8,37
2,7,37
2,7,38
3,8,40
5,11,43
13,19,52
16,23,56
19,25,58
19,26,59
17,23,57
14,20,54
12,17,52
9,13,45
7,10,42
6,10,41
6,9,40
6,9,39
6,8,39
6,9,39
6,9,39
6,9,39
5,9,38
5,9,38
4,8,37
4,8,37
4,8,36
4,8,36
4,8,36
5,8,36
4,8,36
4,9,36
5,9,38
6,10,39
7,11,40
7,11,40
6,10,39
6,10,39
5,10,38
5,10,37
6,10,37
6,10,37
6,10,37
6,10,37
6,10,35
6,10,35
6,10,35
5,10,35
5,10,35
6,10,35
6,10,35
6,10,35
6,11,36
13,17,41
23,27,52
30,34,59
30,34,59
30,34,59
23,27,51
15,19,43
12,15,39
10,12,36
8,11,35
7,9,33
6,9,33
6,9,32
6,9,31
6,8,31
5,8,31
5,9,31
5,9,31
5,8,32
5,9,32
6,10,32
7,11,35
16,21,42
29,33,57
29,33,57
29,33,57
14,18,43
9,13,38
7,12,36
6,11,35
6,11,35
5,11,34
4,10,33
4,9,33
4,7,28
4,7,28
4,7,28
4,7,28
4,7,28
4,7,28
4,7,28
4,7,29
5,8,29
5,8,29
5,8,31
4,8,32
4,8,32
4,8,33
5,9,33
5,9,34
6,10,34
6,10,34
5,9,34
5,9,34
4,9,34
4,8,35
5,8,35
5,8,35
5,8,35
5,8,36
5,9,36
5,9,36
4,9,36
4,8,36
4,8,37
5,8,37
5,8,37
5,8,37
5,9,37
5,9,37
4,9,37
3,8,37
2,8,38
2,8,38
2,8,40
3,8,41
3,9,43
12,17,52
16,23,56
18,25,58
17,24,59
16,23,56
11,20,54
9,14,45
5,10,42
5,9,42
5,9,41
5,9,41
6,9,40
6,9,40
6,9,39
6,9,39
6,9,39
5,9,39
5,9,38
4,8,38
4,8,37
5,8,37
4,8,36
5,8,36
5,8,36
5,8,37
4,9,38
5,9,39
5,10,40
7,12,40
7,12,40
6,11,40
5,10,39
5,10,39
5,10,39
6,10,39
6,10,39
6,10,39
6,10,39
6,10,38
6,10,38
6,10,38
6,10,37
6,10,37
6,10,36
6,10,36
6,10,38
9,14,40
17,21,48
25,29,57
32,36,60
32,36,60
30,34,59
20,24,48
12,16,40
10,12,36
8,10,34
7,10,34
7,9,33
6,9,32
6,9,31
6,9,30
6,9,30
6,9,30
5,9,30
5,9,30
5,8,30
5,9,31
5,9,32
6,10,32
7,11,35
18,24,47
18,24,47
16,20,44
10,14,38
8,12,36
6,11,35
5,10,33
5,9,32
5,9,32
4,9,32
4,9,32
5,9,32
4,7,29
4,7,29
4,7,29
5,7,29
4,7,29
4,7,28
4,7,28
4,7,29
5,7,29
5,8,30
5,8,31
5,8,32
5,8,32
4,8,33
5,9,33
5,9,34
5,9,34
5,9,34
5,9,34
5,9,34
4,9,34
4,8,34
4,8,35
4,8,35
5,8,35
5,8,36
5,9,36
5,9,37
5,9,38
5,9,38
4,9,38
5,8,37
5,8,37
6,8,37
6,9,38
6,9,38
5,9,38
5,9,38
4,9,38
3,8,39
3,8,39
3,8,40
3,8,41
3,8,43
5,11,45
13,18,53
16,23,56
17,23,58
16,20,55
10,17,50
4,10,43
4,10,42
4,9,42
5,9,42
5,9,41
6,9,40
6,9,40
6,9,40
6,9,40
6,9,39
5,9,39
5,9,39
5,9,38
5,8,38
5,8,38
5,8,37
5,8,37
5,8,38
5,8,38
4,9,39
4,9,39
5,10,40
5,11,40
5,11,40
4,10,40
5,10,40
5,10,39
5,10,39
6,10,40
6,10,40
6,10,40
6,10,40
6,10,39
6,10,39
6,10,39
6,10,38
6,10,38
7,11,39
7,11,39
9,14,42
16,20,46
24,28,53
30,34,58
31,34,60
31,34,60
30,34,58
18,22,46
10,13,38
7,10,34
7,9,34
7,9,34
7,9,33
6,9,32
6,9,31
6,9,31
6,9,30
6,9,30
6,9,30
5,9,30
5,8,30
5,9,30
5,9,31
5,10,31
6,11,33
8,13,36
15,20,42
10,14,38
7,11,35
6,10,35
5,9,33
4,8,32
4,8,32
4,9,32
4,9,31
4,9,31
5,9,31
5,9,31
5,7,31
5,7,30
5,7,30
5,8,29
5,8,29
5,8,29
5,8,29
4,7,29
4,7,29
5,8,31
4,8,31
5,8,33
4,8,33
4,8,33
4,8,34
4,8,34
5,8,34
5,9,34
5,9,36
5,9,35
5,9,34
4,9,34
4,8,35
4,8,35
4,8,36
4,8,36
5,8,36
5,8,37
5,10,39
5,10,40
6,11,42
6,10,40
5,9,39
5,8,39
6,9,39
6,10,39
6,10,39
6,10,39
6,10,39
6,9,39
5,9,40
3,8,40
3,8,40
3,8,41
3,8,42
4,8,43
6,9,44
10,17,50
11,17,52
5,12,45
4,10,43
3,10,43
3,9,42
4,9,42
5,10,42
6,9,42
6,9,41
6,9,41
6,9,40
6,9,40
6,9,40
5,9,39
5,9,39
5,9,39
5,9,39
5,9,39
5,8,39
5,9,39
5,9,39
5,9,39
4,9,39
4,9,39
4,9,40
4,10,41
4,10,41
4,10,41
4,10,41
5,10,41
5,10,40
6,11,41
7,11,41
7,11,41
7,11,41
6,11,40
6,11,40
6,11,40
7,12,40
8,12,42
8,14,43
12,19,46
17,21,48
22,28,55
25,29,57
29,33,58
29,33,58
29,33,58
19,22,50
12,16,41
7,10,36
7,9,34
6,9,34
6,9,34
6,9,33
6,9,33
6,9,31
6,9,31
6,9,30
6,9,30
6,9,30
6,9,30
5,9,30
5,9,30
6,9,30
6,10,31
6,11,33
8,12,34
8,13,36
7,11,35
6,10,34
4,8,32
4,8,32
4,8,31
4,8,30
4,8,30
5,9,30
5,9,31
6,9,31
6,9,31
6,9,31
6,8,32
6,8,31
5,8,31
6,8,31
5,8,31
5,8,30
6,8,30
5,8,30
5,8,30
5,8,30
4,8,31
4,8,32
4,8,33
4,8,33
4,8,34
4,8,34
4,8,34
5,9,35
5,9,36
5,9,37
6,9,38
7,10,38
7,10,38
5,9,36
4,8,36
4,8,36
4,8,36
4,8,36
4,8,37
5,9,38
5,10,40
6,11,43
6,12,44
6,11,43
5,10,41
6,9,41
6,9,41
7,10,41
7,11,41
7,11,41
7,10,40
6,10,40
6,9,40
6,9,40
5,8,41
5,8,41
4,8,41
4,8,42
5,9,43
5,10,43
5,10,43
4,10,43
4,10,43
3,10,43
4,10,43
4,10,43
7,11,44
7,10,43
7,10,42
6,9,41
6,8,41
5,8,40
5,8,40
5,9,40
4,9,40
5,9,40
5,9,40
5,9,40
6,9,40
5,9,40
5,9,40
5,9,40
4,9,40
4,9,40
4,9,40
4,9,41
3,10,41
3,10,41
4,11,42
5,11,42
7,12,43
8,15,46
10,15,46
8,13,44
8,12,41
7,12,41
7,12,41
7,12,41
8,12,43
12,19,46
17,22,52
20,24,53
20,26,55
24,28,57
25,29,57
26,31,58
25,29,57
21,25,54
12,16,43
8,10,38
6,9,37
6,9,34
6,9,34
6,9,34
6,9,34
6,9,34
6,10,33
7,10,33
7,10,31
7,10,31
7,10,31
7,10,31
6,9,30
6,10,31
6,10,31
6,10,31
7,12,34
8,12,34
7,11,34
6,10,34
6,10,34
4,8,32
4,8,31
4,8,30
4,8,30
5,9,30
6,9,30
6,9,30
6,9,30
6,9,30
6,9,30
6,9,30
5,9,31
6,8,32
6,9,33
6,8,32
6,8,32
5,8,32
5,8,32
5,8,31
6,8,31
5,8,30
5,8,31
5,8,32
4,8,33
4,8,33
4,8,33
4,8,34
4,8,35
4,8,35
4,8,36
5,9,36
5,9,38
7,10,38
7,10,38
8,11,39
8,11,39
5,9,37
5,8,37
4,8,36
4,8,36
4,8,37
4,8,39
4,9,40
5,11,42
6,12,44
8,13,46
7,12,45
6,11,43
6,9,42
6,9,42
7,9,42
7,10,41
7,10,41
7,10,41
7,9,40
6,9,40
6,9,40
6,9,41
6,9,41
4,8,41
4,8,41
4,9,42
4,9,43
4,10,43
4,10,43
4,10,43
4,10,43
4,10,44
6,11,46
9,13,47
8,12,46
6,9,43
6,9,42
5,8,41
5,8,41
5,8,41
4,8,41
4,8,41
4,9,42
5,10,42
6,10,42
6,10,41
5,10,41
5,9,41
4,9,40
4,9,40
3,9,40
3,9,41
3,9,41
3,9,42
3,10,42
5,11,44
7,14,45
9,17,50
11,18,50
11,18,50
10,15,49
8,13,44
5,11,41
5,11,41
6,12,42
8,14,43
14,20,49
18,23,53
20,26,55
24,28,57
25,29,57
25,29,57
25,29,57
22,26,55
13,18,49
8,12,41
7,10,39
6,9,37
6,9,37
6,9,34
6,9,34
6,9,34
6,10,34
6,10,34
7,10,34
7,10,33
7,10,33
7,10,33
6,10,32
6,9,32
6,10,32
6,10,33
7,12,33
7,12,34
8,12,34
6,11,34
6,10,34
6,10,34
4,8,32
4,8,31
4,8,30
5,9,30
6,9,30
6,9,30
6,9,30
6,9,30
6,9,30
6,9,30
6,10,30
6,9,31
6,10,31
6,8,32
6,8,32
6,9,34
6,8,32
5,8,32
5,8,32
5,8,32
6,8,32
6,8,32
6,9,32
5,8,32
5,8,33
4,8,33
4,8,34
4,8,35
4,8,35
4,8,36
5,9,36
5,9,37
5,9,38
6,9,38
7,10,39
7,11,40
8,12,41
8,12,41
7,10,38
5,9,37
4,8,37
4,8,37
4,8,38
4,9,39
4,9,41
4,9,44
5,12,45
8,13,46
7,12,46
7,12,45
6,11,43
6,10,43
7,9,42
8,9,42
7,9,42
7,9,41
7,9,41
7,9,41
6,9,40
6,9,41
6,9,41
5,9,41
4,8,41
4,9,42
4,9,42
4,9,43
4,10,43
5,10,43
5,11,45
10,14,49
11,19,54
11,16,50
10,14,49
8,12,46
6,9,42
5,8,41
4,8,41
4,8,41
3,8,41
4,9,42
5,9,42
6,10,44
6,11,44
6,11,44
6,10,42
5,10,41
5,10,41
4,9,41
3,9,41
3,9,41
2,9,41
2,9,42
3,10,43
5,12,45
8,15,50
10,17,50
13,19,52
12,18,51
9,15,49
5,11,44
5,10,42
5,10,42
5,10,42
9,14,45
14,20,49
18,24,53
21,26,57
24,28,57
24,28,57
24,28,57
22,26,55
16,20,49
8,12,42
8,11,41
7,10,40
7,9,39
6,9,38
6,10,37
6,9,35
6,10,35
6,10,35
6,10,35
6,10,34
7,10,34
7,10,34
7,10,33
6,10,33
6,10,33
7,10,33
7,12,33
7,12,34
8,12,35
7,12,34
6,11,34
6,10,34
6,10,34
4,9,32
6,9,32
6,9,30
6,9,30
6,9,30
6,9,29
6,9,29
6,9,29
6,9,29
6,10,30
6,10,30
6,10,31
7,11,31
7,11,34
6,8,32
6,10,34
6,10,34
7,10,34
6,9,34
5,8,33
5,8,33
6,9,33
6,9,32
6,9,33
6,9,33
6,9,33
5,8,33
4,8,34
4,8,35
4,8,35
4,8,36
4,8,37
6,10,39
7,12,41
6,10,41
7,12,41
7,12,41
7,12,41
8,12,41
8,12,41
5,9,38
5,9,38
5,8,38
4,8,37
4,8,39
4,8,40
3,9,42
3,9,44
4,11,45
6,13,46
6,12,46
6,12,46
6,11,44
6,8,43
6,8,43
7,8,42
7,8,42
7,8,42
7,8,42
7,9,41
6,9,40
6,9,40
6,9,41
5,9,40
4,9,40
4,9,41
4,9,42
4,10,42
5,10,43
5,11,45
9,15,50
15,21,56
16,22,57
15,20,54
11,16,50
7,11,46
5,8,42
4,8,41
3,8,41
3,8,41
3,8,42
3,9,43
4,10,44
8,14,47
9,14,49
8,14,47
6,11,46
5,11,43
5,10,42
5,10,42
4,9,42
3,9,42
2,9,42
2,10,43
4,12,45
8,17,50
9,17,50
10,18,51
13,20,53
11,18,51
5,11,45
4,10,43
4,10,42
5,10,41
5,10,41
6,11,42
9,14,45
16,21,52
20,25,55
20,26,55
20,25,55
20,25,54
15,20,49
8,12,42
7,10,41
7,10,41
7,10,41
7,10,40
6,10,39
6,10,38
6,10,37
6,10,36
6,10,35
6,10,35
6,10,35
6,10,34
6,10,34
6,9,34
6,10,34
6,10,33
7,12,34
8,12,35
8,12,36
8,12,36
8,12,36
6,12,34
6,11,34
6,11,34
6,11,34
6,11,32
6,10,30
6,9,30
6,9,29
5,9,29
6,9,29
6,9,29
6,9,29
6,10,29
6,10,30
6,10,31
7,11,32
7,12,35
8,13,38
5,8,31
6,8,32
6,8,33
6,9,34
6,9,35
5,9,34
5,8,34
5,9,34
6,9,34
6,9,33
6,9,33
6,9,34
5,9,34
5,8,34
4,8,35
4,8,35
4,8,36
4,8,37
6,10,39
8,12,41
9,15,45
9,15,45
8,12,43
7,11,41
5,9,40
5,9,39
5,9,38
5,9,38
5,9,38
5,8,38
4,8,39
4,8,39
4,8,41
3,9,42
3,9,44
5,11,45
6,13,46
6,12,46
8,12,46
6,9,45
6,8,43
6,8,43
6,8,42
6,8,42
6,8,42
6,8,42
6,8,42
6,8,41
6,9,40
5,9,40
4,9,40
4,9,40
4,9,41
4,10,42
4,10,43
5,10,43
7,13,47
11,16,51
15,21,56
16,22,57
15,20,54
9,15,50
5,10,43
4,8,42
3,8,41
3,8,41
3,8,42
3,9,42
3,9,44
7,13,48
10,18,52
10,18,52
10,16,52
9,14,49
6,11,46
6,11,44
5,10,43
5,10,42
4,10,43
4,10,44
4,12,45
8,17,50
9,18,52
9,18,52
11,18,52
13,20,53
8,13,46
4,9,44
4,9,43
4,9,42
4,9,41
5,10,41
5,10,41
7,11,42
9,14,45
13,17,48
14,19,50
14,19,50
13,18,49
8,12,42
7,10,41
5,9,41
5,9,41
6,10,41
6,10,41
6,10,40
6,10,39
6,10,37
6,9,37
5,9,36
5,9,36
5,9,35
5,9,35
5,9,34
5,9,34
5,9,34
5,10,34
7,12,34
8,12,36
10,14,38
10,14,38
8,12,36
6,12,35
6,12,34
6,11,34
6,11,34
6,11,32
6,11,32
6,9,29
5,9,29
5,9,28
5,9,28
5,9,28
5,9,28
6,9,29
6,10,29
6,10,30
7,11,32
9,15,38
18,22,46
23,28,53
5,7,31
5,7,31
5,8,32
6,8,33
5,8,35
5,9,35
5,9,34
5,9,34
5,9,35
7,10,36
7,11,38
7,11,35
6,9,35
5,9,35
4,8,35
4,8,35
4,8,36
4,8,37
4,8,39
6,10,39
11,15,45
12,16,47
12,16,47
9,12,45
6,10,41
5,9,39
5,9,38
6,9,38
5,9,38
5,9,38
5,8,38
5,8,39
4,8,39
4,8,41
4,9,42
4,9,44
6,11,45
9,15,50
8,14,48
9,13,48
6,10,45
6,8,45
6,8,43
6,7,44
6,8,43
6,8,43
6,8,42
6,8,42
6,8,41
6,9,40
5,9,40
5,9,40
4,9,40
4,9,40
4,9,41
4,10,42
4,11,44
8,14,47
12,16,51
15,21,56
15,21,56
10,16,51
9,14,47
5,9,42
4,8,41
3,8,41
3,8,41
3,9,42
3,9,43
3,10,44
9,17,50
12,20,55
12,20,55
10,17,52
8,14,49
7,12,49
7,11,46
6,11,45
8,14,48
6,12,46
5,12,46
8,17,51
9,17,52
11,18,52
9,17,52
9,17,51
7,11,46
5,9,44
4,9,43
4,8,42
4,8,42
4,8,41
5,8,41
5,9,41
6,10,42
7,11,42
8,11,43
8,12,43
7,12,43
7,11,43
6,9,41
5,9,41
5,9,40
5,9,41
5,9,41
6,10,41
6,10,39
6,10,39
6,10,38
5,9,37
5,9,37
5,9,36
5,9,36
5,9,35
5,9,34
5,9,34
5,9,34
5,9,34
6,10,34
8,12,36
10,15,39
10,15,39
6,12,35
6,12,34
6,11,34
6,11,34
6,11,32
6,11,32
6,10,30
6,10,29
5,9,28
5,9,28
5,9,28
5,9,28
5,9,28
5,9,28
6,10,29
6,10,30
7,12,32
13,17,42
21,25,50
27,30,56
22,27,52
5,7,31
5,7,31
5,7,31
5,8,32
5,8,33
4,8,35
5,9,35
5,9,35
5,9,36
6,10,39
8,13,42
9,13,42
9,13,39
7,11,38
5,9,36
4,8,35
4,8,36
4,8,36
4,8,37
5,8,39
6,10,41
11,15,45
13,16,47
13,16,47
7,12,43
5,9,40
5,9,39
5,9,38
5,9,38
5,9,38
5,9,38
5,9,38
5,8,39
4,8,39
4,8,41
4,9,42
4,10,44
7,13,46
9,15,50
9,15,50
9,15,50
6,10,45
6,8,45
6,8,43
6,7,44
6,8,43
6,8,43
6,8,43
6,8,42
6,9,41
6,9,40
5,9,40
5,9,40
4,9,40
4,9,40
4,10,41
4,10,43
5,11,44
8,14,47
10,16,51
13,18,52
12,18,51
10,16,50
6,12,46
4,9,42
4,9,42
3,8,41
3,8,42
3,9,42
3,9,43
5,12,47
10,17,50
11,18,55
11,18,55
10,16,50
8,14,49
7,12,49
8,14,49
10,15,49
13,19,52
13,20,53
12,19,52
10,17,51
11,17,52
11,17,52
8,17,51
7,11,46
5,9,44
4,9,43
4,9,43
4,8,43
4,8,42
5,8,42
6,8,42
6,9,41
6,9,42
7,9,42
7,9,43
7,10,42
7,10,42
7,9,42
5,9,40
5,9,40
4,9,40
4,9,40
4,9,40
4,10,40
6,10,39
6,10,39
6,10,38
5,9,37
5,9,37
5,9,37
5,9,36
5,9,35
5,9,34
5,9,34
5,9,34
5,9,34
6,10,34
9,13,37
11,16,39
11,16,39
6,12,35
6,11,34
6,10,32
6,10,30
6,10,30
6,10,30
6,10,29
5,9,28
5,9,28
5,9,28
5,9,28
5,9,28
5,9,28
5,9,28
5,9,28
6,10,29
7,11,31
8,12,35
16,20,44
27,30,56
23,28,53
21,25,50
5,7,30
5,7,31
4,7,31
4,7,31
5,8,33
5,8,35
5,9,35
5,9,36
5,9,37
5,10,39
7,12,42
13,20,46
13,20,46
13,20,46
9,13,39
5,9,38
4,8,36
4,8,36
4,8,38
4,8,38
5,9,39
6,10,41
9,13,44
9,13,44
9,12,44
6,9,41
5,9,39
5,8,39
5,9,38
5,9,38
5,9,38
5,9,38
5,9,38
5,8,38
4,8,39
4,8,39
4,9,42
5,10,43
7,13,46
9,15,49
9,15,48
9,15,48
6,10,45
6,8,45
6,8,43
6,7,43
6,8,43
6,8,43
6,8,42
6,9,42
6,9,40
6,9,40
5,9,40
5,9,40
4,9,40
4,9,40
4,10,41
4,10,43
5,11,44
8,14,47
10,16,51
12,18,52
12,18,51
10,16,50
6,12,44
4,9,42
4,9,41
3,8,41
3,8,41
4,9,42
4,9,43
7,12,47
10,15,49
10,16,49
10,16,51
9,12,47
7,11,45
6,11,45
9,15,49
10,17,50
13,19,52
13,20,53
12,19,52
11,18,52
10,17,51
9,17,51
7,11,46
6,9,44
5,9,43
5,8,43
5,8,43
5,8,43
6,8,43
6,8,42
6,8,42
7,9,42
7,9,42
7,9,42
7,9,43
7,9,42
7,9,42
7,9,41
5,9,40
5,9,40
4,9,40
4,9,40
4,9,40
4,10,39
6,10,39
6,10,39
5,10,38
5,9,37
5,9,37
5,9,37
5,9,37
5,9,36
5,9,35
5,9,34
4,9,34
5,9,34
5,9,34
9,13,37
11,16,39
11,16,39
7,12,35
6,10,31
5,10,30
5,9,29
5,9,29
5,9,28
5,9,28
5,9,28
5,9,28
5,9,28
5,9,28
5,9,28
5,9,28
5,9,28
5,9,28
5,9,29
6,10,29
7,11,32
11,14,38
20,22,46
21,25,50
18,21,46
16,20,44
5,7,31
5,7,30
5,7,31
4,7,31
4,7,32
5,8,33
5,10,35
5,9,37
5,10,38
5,10,40
6,10,41
7,12,42
17,21,50
17,21,50
17,21,50
9,13,41
5,9,38
5,9,38
5,9,38
5,9,38
5,8,38
6,9,39
7,10,41
8,11,42
8,11,42
8,11,42
6,9,40
5,8,39
5,8,39
5,9,39
6,10,39
6,10,38
6,10,38
5,9,38
5,8,38
4,8,39
4,8,39
4,8,40
5,9,42
6,11,45
8,14,47
8,13,46
6,11,45
6,10,44
5,8,43
5,7,43
6,7,42
6,8,43
6,8,42
6,8,42
6,9,41
6,9,40
6,9,40
6,9,40
6,9,40
5,9,40
5,9,40
5,9,41
5,10,43
6,12,45
9,14,48
11,17,51
12,18,52
12,18,51
10,16,49
6,12,43
4,9,41
4,9,40
3,8,40
3,8,40
4,9,42
4,9,42
7,9,44
9,13,47
9,13,48
9,12,47
6,10,42
5,9,41
4,9,41
4,10,44
8,14,49
12,19,52
13,20,53
12,19,52
11,18,52
9,16,51
7,13,46
5,11,44
5,9,43
5,9,43
5,8,43
6,8,43
6,8,43
6,8,43
7,8,43
7,9,43
7,9,43
7,9,43
7,9,43
7,9,43
7,9,42
7,9,42
7,9,41
6,9,40
6,9,40
5,9,40
5,9,40
5,9,39
5,9,39
6,10,39
6,10,39
6,10,38
5,9,37
5,9,37
5,9,37
5,9,37
5,9,37
5,9,37
5,9,34
4,9,34
4,9,34
4,9,34
5,9,34
9,13,37
7,12,35
6,10,33
6,10,30
5,9,29
5,9,29
5,9,28
5,9,28
5,9,28
5,9,28
5,9,28
5,9,28
5,9,28
5,9,28
5,9,28
5,9,28
5,9,28
5,9,28
5,9,29
7,10,31
8,11,34
11,14,38
16,20,44
14,18,44
14,18,44
11,15,40
6,8,32
6,8,31
6,8,31
5,8,32
5,8,32
5,8,33
6,10,35
8,12,38
6,10,38
5,10,40
6,10,41
6,11,41
7,12,42
12,18,49
12,18,49
12,18,49
9,13,41
5,9,39
5,9,38
5,9,38
5,9,39
5,9,39
6,9,40
7,9,41
7,10,42
8,10,42
7,10,42
5,8,40
5,8,39
5,8,39
5,9,39
6,9,39
6,9,39
6,9,38
5,9,38
5,8,38
5,8,39
4,8,39
4,8,39
5,8,40
5,9,42
6,11,43
6,11,45
6,10,44
4,9,42
4,8,42
5,8,42
6,8,42
6,8,42
6,8,42
6,8,42
6,9,40
6,9,40
6,9,40
6,9,40
6,9,40
6,9,40
5,9,40
6,9,42
6,11,43
9,14,47
11,17,51
13,18,53
16,21,53
13,18,51
10,16,49
6,10,41
4,9,40
4,9,40
4,8,40
4,8,40
4,8,41
5,8,42
7,9,43
7,9,43
7,10,43
7,10,43
6,9,41
4,9,41
4,9,41
4,9,41
4,10,42
5,11,45
9,16,49
9,16,49
6,13,46
6,11,44
5,10,43
4,9,43
5,9,43
5,9,43
5,8,43
6,8,43
6,8,43
6,8,43
7,8,43
7,9,43
7,9,43
7,9,43
7,9,43
7,9,43
7,9,42
7,9,42
7,9,42
7,9,41
6,9,40
6,9,40
6,9,40
6,9,39
6,9,39
6,10,39
6,10,39
6,10,39
6,10,38
5,9,38
5,9,37
5,9,37
5,9,38
6,10,38
5,9,37
4,9,34
4,9,34
4,9,34
4,9,34
5,9,34
6,10,34
6,10,32
6,9,30
5,9,29
5,9,29
5,9,28
5,9,28
5,9,28
5,9,28
5,9,28
5,9,28
5,9,28
5,9,28
5,9,28
5,9,28
5,9,28
5,9,28
5,9,29
6,9,30
7,10,32
8,11,34
11,13,37
11,13,37
11,13,37
8,12,37
7,10,35
6,8,32
6,8,32
6,8,32
5,8,32
5,8,33
6,9,35
9,13,38
9,14,40
9,14,40
5,10,41
5,10,41
5,10,41
6,11,42
9,14,43
10,14,44
10,14,43
6,10,40
5,9,39
5,9,39
5,9,39
5,9,39
5,9,39
6,9,40
6,9,41
6,9,41
6,9,41
6,8,41
5,8,40
5,8,39
5,8,39
5,8,39
6,9,39
6,9,39
5,9,39
5,8,39
5,8,39
5,8,39
5,8,39
5,8,39
5,8,39
4,9,40
4,10,42
4,10,42
4,10,40
3,9,40
3,8,40
4,8,41
5,8,42
6,8,42
6,8,42
6,8,42
6,9,40
6,9,40
6,9,40
6,9,40
6,9,40
6,9,40
5,9,40
6,10,43
9,14,47
12,18,52
17,22,57
17,23,58
17,22,55
16,21,53
8,13,46
6,9,40
4,9,40
4,9,40
4,8,40
4,8,40
4,8,42
6,9,42
7,9,43
7,9,43
7,9,43
7,10,41
6,9,40
5,9,40
4,9,40
4,9,40
4,9,41
4,10,41
5,10,43
5,10,43
5,10,43
5,10,43
4,9,43
4,9,42
4,9,43
4,9,43
5,9,43
6,9,43
6,9,43
6,9,43
7,9,43
7,9,44
7,9,44
7,9,44
7,9,43
7,9,43
7,9,43
7,9,42
7,9,42
7,9,41
7,9,41
6,9,40
6,9,40
6,9,40
6,10,40
6,10,40
6,10,39
6,10,39
6,10,38
5,9,38
5,9,38
6,10,38
7,11,39
8,12,40
8,12,39
5,9,36
4,9,34
4,9,34
4,9,34
4,9,34
5,9,33
6,9,33
6,9,30
5,9,29
5,9,28
5,9,28
5,9,28
5,9,28
5,9,28
5,9,29
6,10,29
6,9,29
5,9,29
5,9,29
5,9,28
5,9,28
5,9,28
5,9,29
6,9,30
7,10,31
7,10,31
7,10,32
7,10,34
7,10,34
7,10,34
7,9,34
5,8,32
5,8,32
5,8,32
5,8,32
5,8,33
5,8,33
6,10,35
7,11,38
9,13,40
8,13,40
6,10,41
5,10,39
5,9,39
4,9,39
6,11,42
7,12,43
6,11,40
5,9,39
5,9,39
5,9,39
5,9,39
6,9,39
6,9,40
6,9,41
6,9,41
6,9,41
6,8,41
5,8,41
5,8,40
5,8,40
5,8,39
5,8,39
6,9,39
6,9,39
6,9,39
6,9,39
5,8,39
5,8,39
5,8,39
5,8,39
5,8,39
4,9,39
4,9,39
4,9,39
4,9,39
3,9,39
3,8,40
3,8,40
5,8,40
6,8,42
6,8,42
6,8,40
6,9,40
6,9,40
6,9,40
6,9,40
6,9,40
6,9,40
6,10,41
6,11,43
12,17,52
18,23,58
19,23,58
18,23,58
17,22,55
13,18,50
8,11,42
5,9,40
5,9,39
5,9,39
5,8,40
5,8,40
5,8,41
6,8,42
6,8,42
7,9,42
7,9,42
6,9,40
6,9,40
6,9,40
5,9,40
4,8,40
4,9,40
5,9,41
5,10,42
5,9,42
5,10,42
5,10,42
4,9,42
4,9,42
4,9,43
4,9,43
5,9,43
5,9,43
6,9,43
6,9,43
6,9,44
7,9,44
7,9,44
7,9,44
7,9,44
7,9,44
7,9,43
7,9,43
7,9,42
8,9,42
8,9,41
7,9,41
7,9,41
6,9,40
6,9,40
6,9,40
6,10,40
6,9,39
6,9,39
6,9,39
6,10,39
6,10,39
8,11,40
8,12,40
8,12,40
5,9,37
4,9,36
4,9,34
4,8,34
4,9,34
5,9,33
5,9,33
5,9,32
5,9,30
5,9,29
5,9,29
5,9,29
5,9,29
5,9,29
6,9,29
6,10,30
6,10,29
6,9,29
5,9,29
5,9,28
5,9,28
5,9,29
5,9,29
6,9,29
6,10,30
7,10,31
7,10,31
7,10,32
7,10,32
7,9,33
7,9,33
6,9,33
5,8,33
5,8,33
5,8,32
5,8,33
5,8,33
5,8,33
5,8,33
6,9,36
6,10,38
7,11,38
6,10,38
5,9,39
4,8,38
3,8,38
3,8,39
5,9,39
6,10,40
6,9,40
5,9,39
6,9,39
6,9,39
5,8,39
6,8,40
6,8,41
6,9,42
6,8,42
6,8,41
6,8,41
5,8,41
5,8,40
5,8,40
5,8,40
5,8,40
6,9,40
6,9,40
6,9,39
6,9,39
6,9,39
6,9,39
5,9,39
5,9,39
5,9,39
4,9,39
4,9,39
4,9,39
4,9,39
3,9,39
3,9,40
4,8,40
4,8,40
6,8,40
6,8,40
6,9,40
6,9,40
6,9,40
6,9,40
6,9,40
5,9,40
6,9,41
6,10,42
9,14,47
12,17,52
18,23,58
18,23,58
17,22,55
12,18,50
8,11,42
6,10,40
5,9,39
5,8,39
5,8,39
5,8,39
5,8,40
6,8,42
6,8,42
6,8,42
6,9,42
6,9,42
6,9,40
6,9,40
6,9,39
5,9,39
5,9,39
5,9,40
5,9,41
5,9,41
5,9,42
5,9,42
5,9,42
5,9,42
5,9,42
5,9,43
4,9,43
5,9,43
5,9,43
5,9,43
5,9,43
5,9,44
6,9,44
7,9,44
7,9,44
7,9,44
7,9,44
7,9,43
7,9,43
7,9,43
8,9,43
8,9,42
7,9,42
7,9,41
7,9,41
6,9,40
6,9,40
6,9,40
6,9,40
6,9,39
6,10,39
6,10,39
6,10,40
7,11,41
8,11,40
7,11,40
6,10,38
5,9,37
4,9,36
4,9,35
4,9,34
5,9,34
5,9,33
5,9,33
5,9,32
5,9,30
5,9,30
5,9,30
5,8,30
5,8,31
6,9,31
6,10,31
7,10,31
6,10,31
6,9,30
5,9,29
5,9,29
5,9,29
5,9,29
6,9,30
7,10,30
7,10,31
7,10,31
7,10,31
7,10,31
7,9,32
7,9,33
7,9,33
6,9,33
5,9,34
5,8,33
5,8,33
5,8,33
4,8,33
4,8,33
4,8,33
4,8,35
5,8,36
5,9,37
5,9,38
5,9,38
4,8,38
3,8,38
3,7,38
3,8,38
3,8,39
5,9,40
5,9,40
5,8,40
6,8,40
6,8,40
6,8,40
6,8,41
6,8,42
6,8,42
6,8,42
6,8,42
6,8,41
5,8,41
5,8,40
5,8,40
5,8,40
6,9,40
6,9,40
6,9,40
6,9,39
6,9,39
6,9,39
6,9,39
5,9,39
5,9,39
5,9,39
5,9,39
4,9,39
4,10,39
4,10,39
4,9,39
4,9,39
4,8,40
4,8,40
5,8,40
5,9,40
6,9,40
6,9,40
5,9,40
5,9,40
5,9,40
5,9,41
5,10,41
6,10,42
6,11,44
12,17,51
18,23,56
17,22,55
12,16,50
8,11,42
5,9,41
5,9,39
5,9,39
5,8,38
5,9,39
6,9,39
6,8,40
6,8,42
6,8,42
6,8,42
6,9,42
6,9,41
6,9,40
6,9,40
6,9,39
6,9,39
5,9,39
5,8,40
5,9,41
5,9,41
5,9,42
6,9,42
6,9,43
5,9,43
5,9,43
5,9,43
4,9,43
4,9,43
4,9,43
5,9,43
5,9,44
5,9,44
5,9,44
7,9,44
7,9,44
7,9,44
7,9,44
7,9,44
7,9,43
7,9,43
7,9,43
7,9,43
7,9,43
7,9,43
7,9,41
6,9,41
6,9,40
6,9,40
6,9,40
6,9,40
6,9,40
6,10,40
6,10,40
7,10,40
7,10,40
6,10,40
6,10,39
6,10,39
5,9,38
5,9,36
5,9,35
5,9,34
5,9,34
5,9,34
5,9,33
5,9,33
5,9,32
5,8,32
5,8,32
5,8,31
6,9,32
7,10,32
7,10,32
7,11,32
7,10,31
6,9,30
6,9,30
6,9,30
6,9,29
6,9,30
6,10,30
7,10,30
7,10,30
7,10,31
7,10,31
7,9,31
7,9,32
7,9,33
7,9,33
7,9,33
6,11,36
8,11,37
6,9,36
5,8,34
4,8,33
4,8,33
4,8,33
4,8,34
4,8,36
4,8,36
5,8,37
5,8,37
5,8,38
4,8,38
4,8,38
4,8,38
3,8,38
4,8,39
5,8,39
5,8,40
5,8,40
6,8,41
6,8,41
6,8,42
6,8,42
6,8,42
6,8,42
6,8,42
6,8,42
6,8,42
6,8,41
5,8,40
6,8,40
6,9,40
6,9,40
6,9,40
6,9,39
5,9,39
6,9,39
6,9,39
6,9,39
5,9,39
6,9,39
5,9,39
5,10,39
5,10,39
5,10,39
5,10,39
4,10,40
4,9,40
4,9,40
4,9,40
4,9,40
5,9,40
4,9,40
4,9,40
5,9,40
5,9,40
5,9,40
5,10,41
5,10,41
5,10,43
6,11,44
6,11,44
10,14,49
10,14,48
6,10,43
5,9,42
5,9,39
5,9,39
5,9,38
5,9,38
5,9,39
6,9,40
6,8,40
6,8,42
6,8,42
6,8,42
6,9,42
6,9,40
6,9,40
6,9,40
6,9,40
6,9,39
6,8,40
6,8,41
6,8,42
6,8,42
6,9,42
7,9,43
7,9,43
7,9,43
5,9,43
5,9,43
4,9,43
4,9,43
4,8,43
4,8,44
4,9,44
5,9,44
5,9,44
6,9,44
6,9,44
7,9,44
7,9,44
7,9,44
7,9,43
7,9,43
7,9,43
7,9,43
7,9,43
7,9,43
7,9,43
7,9,43
6,9,41
6,9,40
6,9,40
6,9,40
6,9,40
7,10,40
7,10,41
7,10,41
7,10,40
6,10,40
6,10,39
6,10,39
6,10,39
6,10,38
6,10,38
5,9,36
5,9,35
5,9,34
5,9,34
5,9,33
5,9,33
5,9,33
5,8,32
5,8,32
6,9,33
7,10,34
12,14,38
12,16,39
15,18,39
8,11,33
6,9,30
6,10,30
6,9,30
6,10,30
6,10,30
7,10,30
7,10,30
7,10,30
7,10,31
7,10,31
7,9,31
7,9,32
7,9,33
7,9,33
7,9,34
9,13,38
9,13,38
9,13,39
8,12,38
5,9,36
4,8,35
4,8,35
4,8,35
4,8,36
4,8,36
4,8,37
5,8,37
5,8,38
5,8,38
5,8,39
4,8,38
4,8,38
5,8,39
5,8,39
6,8,40
6,8,41
6,8,41
6,8,42
6,8,42
6,8,42
6,8,42
6,8,42
6,8,42
6,8,42
6,8,42
6,8,42
6,8,42
6,8,40
6,9,40
6,9,40
6,9,39
6,9,39
6,9,39
5,9,38
5,9,38
5,9,38
5,9,38
5,9,38
5,9,38
5,9,38
5,9,39
5,10,39
6,10,39
5,10,41
5,10,42
5,9,41
5,9,40
5,9,40
5,9,40
5,9,40
4,9,40
4,9,40
4,9,40
4,9,40
4,9,40
4,9,41
5,10,41
5,10,41
5,10,43
5,10,43
6,11,44
5,9,42
5,9,42
5,8,41
5,9,39
5,9,38
5,9,38
5,9,38
5,9,39
6,9,39
6,9,40
6,8,42
6,8,42
6,8,42
6,8,42
6,9,40
6,9,40
6,9,40
6,9,40
6,9,39
6,8,41
6,8,42
6,8,42
6,8,42
7,9,43
7,9,44
7,9,44
7,9,44
6,9,44
5,9,44
5,8,44
4,8,44
4,8,44
4,8,45
4,8,45
5,9,45
5,9,45
5,9,45
6,9,45
6,9,45
7,9,44
7,9,44
6,9,44
7,9,43
7,9,43
7,9,43
7,9,43
7,9,43
7,9,43
6,9,43
6,9,43
6,9,41
6,9,41
6,9,40
6,9,41
6,9,41
6,9,41
6,9,41
6,10,40
6,9,40
6,10,40
6,10,40
7,10,40
8,12,40
8,12,40
6,10,38
6,10,37
6,10,36
6,10,35
6,9,34
5,9,34
6,9,34
6,9,34
6,9,34
6,10,35
11,14,38
15,18,40
19,23,47
23,25,49
16,19,40
8,11,33
7,10,31
7,10,30
6,10,30
6,10,30
7,10,30
6,10,30
7,10,30
7,10,30
7,10,30
7,10,31
7,10,31
7,9,31
7,9,33
7,9,33
7,9,34
8,12,37
8,12,37
9,13,39
8,12,39
7,11,37
5,9,36
5,8,36
4,8,36
4,8,36
4,8,37
5,8,38
5,8,38
5,8,39
5,8,39
5,9,39
5,8,39
5,8,39
6,8,40
6,8,41
6,9,42
6,9,42
6,8,42
6,8,42
6,8,42
6,8,42
6,8,42
6,8,42
6,8,42
6,8,42
6,8,42
6,8,42
6,9,41
6,9,40
6,9,40
6,9,40
6,9,39
5,9,38
5,9,37
5,8,37
5,9,37
5,9,37
5,9,37
5,9,38
5,9,38
5,9,38
5,9,38
5,9,39
6,10,40
6,10,42
6,10,42
6,9,42
5,9,41
5,9,40
5,9,40
5,9,40
4,9,40
4,9,40
4,9,40
4,9,40
4,9,40
4,9,40
4,9,41
4,9,41
4,9,41
5,9,42
5,9,42
5,8,41
5,8,41
5,8,39
5,9,39
5,9,38
5,9,38
5,9,38
5,9,38
6,9,39
6,9,40
6,8,42
6,8,42
6,8,42
6,8,42
6,9,40
6,9,40
6,9,40
6,9,40
6,8,40
6,8,41
6,8,42
6,8,43
7,9,43
7,9,44
7,9,44
7,9,44
7,9,44
6,8,44
5,8,45
5,8,45
4,8,45
4,8,45
4,8,45
4,8,45
5,9,45
5,9,47
6,9,47
6,9,47
6,9,46
6,9,45
6,9,45
6,9,44
6,9,44
6,9,43
6,9,43
6,9,43
6,9,43
6,9,43
6,9,43
6,9,43
6,9,42
6,9,41
6,9,41
6,9,41
6,9,41
6,9,41
6,9,41
6,9,41
6,9,40
6,9,40
6,10,40
7,11,40
8,12,41
8,12,41
8,12,40
7,11,38
6,10,38
6,10,37
6,10,35
6,10,35
6,10,35
6,9,35
6,10,35
6,10,35
11,14,38
19,23,47
24,28,51
25,28,52
25,27,51
14,16,40
8,11,33
7,10,31
7,10,31
7,10,30
7,10,30
7,10,30
7,10,30
7,10,30
7,10,30
7,10,31
7,10,31
7,10,31
7,9,32
7,9,33
6,9,33
5,9,34
6,10,35
5,9,36
8,12,38
8,12,39
8,11,39
6,9,38
5,9,38
5,9,38
5,8,38
5,8,38
5,8,39
5,8,39
5,8,39
6,9,40
6,9,40
6,9,40
6,9,41
6,9,42
6,9,42
6,9,42
6,8,42
6,8,42
6,8,42
6,8,42
6,8,42
6,8,42
6,8,42
6,8,42
6,8,42
6,8,42
6,9,42
6,9,41
6,9,40
6,9,40
6,9,39
6,9,39
5,9,38
5,9,37
4,8,37
5,9,37
5,9,37
5,9,37
5,9,38
5,9,38
5,9,38
5,9,38
5,9,39
6,9,39
6,8,42
6,9,42
6,9,42
5,9,40
5,9,40
5,9,40
5,9,40
5,9,40
4,9,40
4,9,40
4,9,40
4,9,40
4,9,40
4,9,40
4,9,40
4,9,40
4,9,40
5,8,41
5,8,39
5,8,39
5,8,39
5,9,39
5,9,38
5,9,38
5,9,38
5,9,38
6,9,39
6,9,40
6,9,40
6,8,42
6,8,42
6,8,42
6,9,40
6,9,40
6,9,40
6,9,40
6,8,41
6,8,42
6,8,42
6,8,43
6,9,43
7,9,44
7,9,44
7,9,44
7,9,44
6,8,44
5,8,45
5,8,45
4,8,45
4,8,45
5,8,46
5,8,46
6,10,48
6,10,48
6,10,48
6,10,47
6,10,47
6,9,47
6,9,46
6,9,45
5,8,44
5,8,44
5,8,44
5,8,44
6,9,44
6,9,44
6,9,44
6,9,43
7,10,43
6,10,42
6,9,42
6,9,42
6,9,42
6,9,42
6,9,42
6,9,41
6,9,41
6,9,40
6,9,40
7,11,41
8,12,41
8,12,41
7,11,40
7,11,40
7,11,38
6,10,37
6,10,37
6,10,36
6,10,35
6,9,35
6,10,35
6,10,35
7,11,36
18,22,47
23,25,49
25,28,52
23,25,49
19,21,45
10,12,36
8,10,34
7,10,31
7,10,31
7,10,31
7,10,30
7,10,30
7,10,30
7,10,30
7,10,30
7,10,31
7,10,31
6,9,31
5,9,33
5,9,33
6,9,34
4,8,32
4,8,34
4,8,35
4,8,36
6,11,37
8,12,39
8,12,43
7,11,41
7,11,41
6,9,39
5,8,39
5,8,39
5,8,39
5,8,39
6,8,40
6,9,40
6,9,41
7,9,42
7,9,42
7,9,42
7,9,43
6,9,42
6,8,42
6,8,42
6,8,42
6,8,42
6,8,42
6,8,42
6,8,42
6,8,42
6,8,42
6,9,42
6,9,42
6,9,41
6,9,40
6,9,40
5,9,39
5,9,39
5,9,38
4,8,37
4,8,37
4,8,37
4,8,37
4,8,37
5,9,37
5,9,38
5,9,38
5,9,38
5,9,39
5,8,39
5,8,40
5,8,41
6,9,41
5,9,40
5,9,40
5,9,39
5,9,39
5,9,39
4,9,40
4,9,40
4,9,40
4,9,40
4,9,40
4,9,40
4,9,40
4,9,40
5,9,40
5,8,39
5,8,39
5,8,39
5,9,39
5,9,39
5,9,38
5,9,38
5,9,38
5,9,38
5,9,39
6,9,39
6,9,40
6,8,42
6,8,42
6,8,41
6,9,40
6,9,40
6,9,40
6,9,40
6,8,41
6,8,41
6,8,42
6,8,42
6,8,43
6,8,43
7,9,44
7,9,44
6,8,44
6,8,44
5,8,44
5,8,45
4,8,45
4,8,46
5,8,46
5,11,48
7,12,49
8,11,49
7,11,49
7,10,48
7,10,47
6,9,47
6,9,46
6,9,46
5,8,45
5,8,44
5,8,44
5,9,44
5,9,44
6,9,44
7,10,45
7,12,46
8,13,46
8,13,46
8,10,44
7,10,42
7,9,42
6,8,42
6,8,42
6,8,42
6,9,42
6,9,41
6,9,40
6,9,41
7,11,41
7,11,40
7,11,40
7,11,40
7,11,39
6,10,38
6,10,37
6,10,37
6,9,36
6,9,35
6,10,35
6,10,35
6,10,35
11,15,40
20,24,48
24,27,51
20,24,48
14,16,40
9,11,35
8,10,34
7,10,33
7,10,31
7,10,31
7,10,31
7,10,31
7,10,30
7,10,30
7,10,30
6,10,30
5,10,31
5,10,31
5,10,32
5,9,33
6,10,33
6,9,34
4,8,33
4,8,34
4,8,35
4,8,36
5,9,37
5,10,38
7,12,43
7,12,43
7,12,43
6,10,41
5,9,39
5,9,39
5,8,39
6,8,40
6,8,40
6,9,41
7,9,42
7,9,43
7,9,43
7,9,43
7,9,43
7,8,42
6,8,42
6,8,42
6,8,42
6,8,42
6,8,42
6,8,42
6,8,42
6,8,42
6,8,42
6,9,42
6,9,41
6,9,40
6,9,40
6,9,39
5,9,39
5,9,39
5,9,38
5,9,38
4,8,37
5,8,37
5,8,37
5,8,37
5,9,37
5,9,38
5,9,38
5,9,38
5,8,38
5,8,39
5,8,39
5,8,40
6,8,40
5,9,40
5,9,40
6,9,39
5,9,39
5,9,39
4,9,39
4,9,39
4,9,40
3,8,39
4,9,40
4,9,40
4,9,40
4,9,39
4,8,39
5,8,39
5,8,39
5,9,39
6,10,39
6,10,39
6,10,38
5,9,38
5,9,38
5,9,38
5,9,38
6,9,39
6,9,40
6,8,41
6,8,41
6,8,40
6,9,40
6,9,40
6,9,40
6,9,40
6,9,41
5,8,41
5,8,42
6,8,42
6,8,42
6,8,42
6,8,43
6,8,43
6,8,43
6,8,43
6,8,44
5,8,45
5,8,45
5,8,45
5,10,46
8,14,51
13,19,54
11,16,54
8,11,49
7,11,49
7,10,48
6,9,47
6,9,47
5,9,46
5,8,46
4,8,45
4,8,44
4,9,44
5,9,45
6,11,48
10,15,52
13,19,56
18,23,56
13,18,51
8,13,46
8,10,44
6,9,42
6,8,42
6,8,42
6,8,42
6,8,42
6,8,41
6,9,40
6,9,40
7,10,40
7,10,40
7,11,40
6,10,39
6,10,39
6,10,38
6,9,37
5,9,37
5,9,37
5,9,35
5,9,35
5,9,35
6,10,35
7,11,36
10,14,39
18,20,44
14,16,40
10,12,36
9,11,35
8,10,34
8,10,34
7,10,34
7,10,32
7,10,31
7,10,31
7,10,30
6,11,30
5,10,30
5,10,30
5,10,30
5,10,31
5,10,31
5,10,33
6,10,33
6,10,34
4,8,32
4,8,33
4,8,33
3,7,35
4,8,35
4,8,36
4,8,37
5,9,41
6,10,42
6,10,42
5,9,41
5,8,41
5,8,40
5,8,40
6,8,41
6,8,42
6,8,42
6,8,42
7,9,42
7,9,43
7,9,42
7,8,42
7,8,42
6,8,42
6,8,42
6,8,42
6,8,42
6,8,42
6,8,42
6,8,42
6,8,42
6,8,42
6,9,41
6,9,40
6,9,40
6,9,40
5,9,39
5,9,39
5,9,39
5,9,39
5,9,39
5,9,39
5,8,38
5,8,38
5,8,38
5,8,38
5,9,38
5,9,38
5,9,38
5,9,38
5,8,38
5,8,39
5,8,39
5,9,40
5,9,40
5,9,39
6,9,39
5,9,39
5,9,39
4,9,39
4,9,39
3,8,39
3,8,39
4,9,39
4,9,40
4,9,39
4,9,39
5,9,39
5,8,39
5,9,39
6,10,39
6,10,39
6,10,39
6,10,38
5,9,38
5,9,38
5,9,38
5,9,38
5,9,39
6,9,40
6,9,41
6,9,41
6,9,41
6,9,41
6,9,40
6,10,40
6,10,40
5,10,41
5,9,41
5,9,41
5,9,41
6,9,42
6,8,42
6,8,42
6,8,42
6,8,42
6,8,43
6,8,44
6,8,45
5,9,45
6,10,46
7,13,48
13,19,54
15,21,58
15,19,57
8,14,51
8,11,49
8,11,49
7,10,48
6,9,47
6,9,47
5,9,46
4,8,46
4,8,46
4,9,46
6,11,48
11,17,54
16,24,58
20,25,62
22,27,62
19,24,58
15,20,53
8,13,46
8,10,44
6,9,43
6,9,42
6,8,42
6,8,42
6,8,41
6,9,41
6,9,41
6,10,40
7,10,40
7,10,40
6,10,39
6,10,39
6,10,38
6,10,37
5,9,37
5,9,37
5,9,36
5,9,35
5,9,34
5,9,34
6,10,34
7,11,35
8,11,35
8,11,35
8,10,34
8,10,34
8,10,34
7,10,34
7,10,34
7,10,34
7,10,32
7,10,31
7,11,31
5,11,31
5,10,30
5,10,30
5,10,30
5,10,31
5,10,32
5,10,33
6,10,34
6,10,34
6,10,34
4,8,32
4,8,32
4,8,33
4,8,33
3,7,35
4,7,36
4,8,36
4,8,38
4,8,40
5,10,41
5,10,42
5,9,42
5,8,42
5,8,41
5,8,41
5,8,42
6,8,42
6,8,42
6,8,42
6,9,42
7,9,42
7,9,42
6,8,42
6,8,42
6,8,42
6,8,42
6,8,42
6,8,42
6,8,42
6,8,42
6,8,41
6,8,41
6,9,41
6,9,40
6,9,40
6,9,39
6,9,39
5,9,39
5,9,39
5,9,38
5,9,39
5,9,40
5,9,40
5,9,39
5,9,39
5,8,38
5,8,38
5,9,38
5,9,38
5,9,38
5,9,38
5,9,39
5,9,39
5,8,39
5,9,39
5,9,39
5,9,39
5,9,39
5,9,39
5,9,39
4,9,39
4,9,39
4,9,40
4,9,40
4,9,40
4,9,40
4,9,40
4,9,39
5,9,39
5,9,39
5,9,39
6,9,39
6,10,39
6,10,39
6,10,38
5,10,38
5,9,38
5,9,38
5,9,38
5,9,39
6,9,40
6,9,41
6,9,42
6,9,42
6,9,42
6,10,41
6,10,40
6,10,41
6,10,41
5,10,41
4,9,41
4,9,41
4,9,42
6,9,42
6,8,42
6,8,42
6,8,42
6,8,43
6,8,43
6,9,45
7,10,46
7,12,46
9,13,48
13,19,54
15,21,58
15,19,57
8,11,49
8,11,49
7,11,48
7,10,48
6,10,47
5,9,46
5,8,46
4,8,45
4,8,46
5,10,47
6,12,49
13,19,56
20,25,62
25,30,65
25,30,65
24,28,62
18,23,56
13,18,51
8,11,46
7,10,44
7,9,43
6,9,43
6,9,42
6,9,42
6,9,42
6,9,41
6,9,41
7,10,40
7,10,40
6,10,39
6,10,39
6,10,38
6,10,38
5,9,37
5,9,37
5,9,37
5,9,35
5,9,34
5,9,34
5,10,34
6,10,34
6,10,34
6,10,34
7,10,33
7,9,33
7,10,33
7,10,33
7,10,34
8,10,34
7,10,32
7,11,31
6,11,31
5,11,30
5,11,30
5,11,30
5,11,30
5,10,30
5,10,31
6,10,33
6,11,34
6,10,34
6,10,34
6,10,35
4,8,32
4,8,32
4,8,33
4,8,34
3,7,35
4,8,36
4,8,36
4,8,38
4,8,40
5,9,42
5,10,43
5,9,42
5,8,42
5,8,42
5,8,42
5,8,42
6,8,42
6,8,42
6,9,42
6,9,42
6,9,42
6,9,42
6,9,42
6,8,42
6,8,42
6,8,42
6,8,42
6,8,42
6,8,41
6,8,41
6,8,40
6,9,39
6,9,39
6,9,39
6,9,39
6,9,39
5,9,39
5,9,39
5,9,39
5,9,39
5,9,39
6,9,40
6,9,40
5,9,39
5,9,39
5,9,38
5,9,38
5,9,38
5,9,38
5,9,38
5,9,39
5,9,39
5,9,39
5,9,39
5,9,40
5,9,40
5,9,40
5,9,39
5,9,39
5,9,39
5,9,40
4,9,40
4,9,40
4,9,40
4,9,40
4,9,40
4,9,40
4,9,40
5,9,39
5,9,39
5,9,39
6,9,39
6,9,39
6,10,39
6,10,39
6,10,38
5,9,38
5,9,38
5,9,39
5,9,40
6,9,41
6,9,42
7,9,43
6,9,43
6,10,43
6,10,42
6,11,42
6,11,42
6,11,42
6,11,42
5,10,42
4,9,42
4,9,42
4,9,42
5,9,42
6,8,42
6,8,42
6,9,43
7,9,44
7,10,45
8,12,46
9,12,47
9,13,47
9,14,48
10,16,51
8,11,49
7,10,48
7,11,48
7,11,47
7,10,46
6,10,46
5,10,46
4,9,45
4,8,45
4,8,45
5,9,46
7,12,49
15,19,57
21,26,63
25,30,66
25,30,66
24,29,63
17,22,55
12,16,51
9,11,46
8,10,44
7,10,44
7,9,43
7,9,43
6,8,42
6,9,42
6,9,42
6,9,41
7,10,41
6,10,40
6,10,39
6,10,39
6,10,38
6,10,38
5,9,37
5,9,37
5,9,37
5,9,35
5,9,35
5,9,34
5,10,34
5,10,34
6,9,34
6,9,33
6,9,33
7,9,32
7,9,33
7,9,33
7,10,33
7,10,32
7,10,31
6,10,31
6,11,30
6,11,30
5,11,30
4,10,30
5,11,30
5,11,30
6,11,31
6,12,31
6,12,33
6,10,34
6,10,34
6,10,35
5,8,32
4,8,33
4,8,33
4,8,34
4,8,35
4,8,36
4,8,36
4,8,38
4,8,39
4,8,40
5,9,42
5,9,44
5,9,44
5,9,43
4,8,43
4,8,43
4,8,42
4,8,43
5,8,43
5,9,42
5,9,42
5,9,42
5,9,42
5,9,42
5,9,42
5,9,42
5,9,42
5,9,42
6,9,41
6,9,41
6,9,40
6,9,40
6,9,39
6,9,39
6,9,39
6,9,39
6,9,39
5,9,39
5,9,39
5,9,39
5,9,39
5,9,39
6,9,40
6,9,40
5,9,39
5,9,39
5,9,39
5,9,39
5,9,38
5,10,39
5,10,39
5,9,39
5,9,39
5,9,40
5,9,40
5,9,40
5,9,40
5,9,40
5,9,40
5,10,40
5,10,41
5,10,42
5,9,42
4,9,42
4,9,42
4,9,41
4,9,40
4,9,40
4,9,40
4,9,40
4,9,40
5,9,40
6,9,39
6,9,39
6,9,39
6,10,39
6,10,40
6,10,41
5,10,41
6,10,42
7,10,43
7,11,44
7,10,44
7,10,45
7,10,43
7,10,43
6,11,43
8,12,47
9,15,49
11,16,49
8,14,47
6,12,44
5,10,43
5,9,42
4,9,42
5,9,42
5,8,42
6,8,42
6,9,43
7,10,45
9,12,46
9,13,47
9,12,47
6,11,46
6,10,46
6,10,46
6,10,46
6,10,46
6,10,46
6,10,46
6,10,46
6,10,45
6,10,45
5,9,45
5,9,45
4,9,45
5,9,46
5,10,48
9,15,52
16,24,60
23,28,63
24,29,63
21,25,60
14,18,53
9,12,47
8,11,46
8,10,45
7,10,44
7,9,44
7,9,43
6,8,43
6,8,42
6,8,42
6,8,42
6,9,41
6,10,41
6,10,40
6,10,40
6,10,39
6,10,38
6,10,38
6,10,38
5,9,37
5,10,36
5,9,35
5,10,35
6,10,34
6,10,34
6,9,34
6,9,33
6,9,33
6,9,32
7,9,32
7,9,32
7,9,32
6,9,31
6,10,31
6,10,30
6,10,30
6,11,30
5,11,30
4,10,30
4,10,30
5,11,30
6,11,31
6,12,31
6,12,31
6,11,33
5,10,34
5,10,35
6,10,35
5,8,33
5,8,33
4,8,33
4,8,34
4,8,36
4,8,36
4,8,36
5,8,38
4,8,39
4,8,39
4,8,41
4,8,42
4,9,43
4,9,43
4,8,43
4,8,43
4,8,43
4,8,43
4,8,43
4,8,42
4,8,42
4,9,42
4,9,42
4,9,42
4,9,42
4,9,42
5,9,42
5,9,43
5,9,42
5,9,41
5,9,40
6,9,40
6,9,40
6,9,39
6,9,39
6,9,39
6,9,39
6,9,39
5,9,39
6,9,39
5,9,39
5,8,39
5,8,40
6,9,40
5,8,40
5,9,39
6,9,39
5,9,39
5,9,39
6,10,39
6,10,39
6,10,39
6,10,39
5,10,39
5,10,40
5,9,40
5,9,41
5,9,41
5,9,41
5,10,41
6,10,43
6,10,43
6,10,43
5,10,43
5,10,43
4,9,42
4,9,42
4,9,41
4,9,41
4,9,41
4,9,40
4,9,40
4,9,40
5,9,40
6,9,40
6,9,40
6,10,41
7,10,41
9,11,45
9,14,46
9,14,47
9,14,47
8,13,46
7,11,46
7,11,46
7,10,45
7,11,46
8,12,47
10,14,49
11,16,50
14,20,53
13,19,52
9,16,49
5,11,44
5,10,44
4,9,43
4,9,43
4,9,43
5,8,43
5,8,43
7,10,44
9,12,46
9,12,47
6,11,46
5,9,44
5,9,44
6,9,45
6,9,45
6,9,45
6,10,45
6,10,45
6,10,45
6,10,45
5,9,45
5,9,44
5,9,44
4,8,44
4,8,44
5,9,46
5,10,48
9,15,52
14,18,53
15,19,54
12,16,52
9,12,47
8,10,47
8,10,46
8,10,46
7,10,45
7,9,44
7,9,44
7,9,43
6,8,43
6,8,42
6,8,42
6,9,42
6,9,42
7,10,41
7,10,40
6,10,40
6,10,39
6,10,38
6,10,38
6,10,38
6,10,38
5,10,37
5,10,35
6,10,35
6,10,35
6,10,34
6,9,34
7,9,33
7,9,33
7,9,33
7,9,32
6,9,31
6,9,31
6,9,30
6,9,30
6,9,30
6,10,30
5,10,30
4,10,29
4,10,29
4,10,30
5,10,30
5,11,31
5,11,31
5,10,31
5,10,33
5,10,34
5,10,35
6,10,35
5,8,34
5,8,34
4,8,34
5,9,36
5,9,36
7,11,40
5,9,40
5,8,39
5,8,41
4,8,41
4,8,41
5,8,42
5,9,44
5,9,44
5,9,44
4,8,43
4,8,43
4,8,43
4,8,43
4,8,43
4,9,42
4,9,42
4,9,42
4,9,42
4,9,42
4,9,42
4,9,42
4,9,43
5,9,43
5,10,43
6,10,41
6,9,40
6,9,40
6,9,40
6,9,39
6,9,39
6,9,39
6,9,39
5,9,39
6,9,40
6,9,41
5,8,40
5,8,40
6,8,40
5,8,40
5,8,40
6,9,40
6,9,39
6,9,39
6,10,39
6,10,39
6,10,39
6,9,40
6,10,40
5,9,40
5,9,41
4,9,41
4,9,41
4,9,42
5,10,42
5,10,43
6,11,45
6,11,45
5,10,43
5,10,43
4,9,43
4,9,42
4,9,42
4,9,42
4,9,42
4,9,41
4,9,41
4,9,40
4,9,40
5,9,40
6,9,41
7,10,41
9,11,45
14,16,50
14,16,50
13,18,51
11,16,49
9,14,47
7,11,46
7,11,46
7,11,46
8,12,47
9,13,48
12,18,52
16,23,56
19,23,58
19,23,58
13,19,53
8,14,49
6,11,45
5,10,44
4,9,43
4,9,43
4,9,43
4,8,44
4,8,45
6,10,45
6,10,46
5,9,45
5,8,44
5,9,44
5,9,44
5,9,44
5,9,44
5,10,44
6,10,45
5,10,44
5,10,44
5,9,44
5,9,44
5,9,44
4,8,44
4,8,44
4,8,44
4,9,45
5,9,46
5,10,47
5,11,47
6,10,46
6,10,46
6,9,46
6,10,46
7,10,46
7,9,45
7,9,45
7,9,44
6,9,44
6,8,43
6,8,43
6,8,42
6,9,42
6,9,42
6,9,42
7,10,41
6,10,41
6,10,40
6,10,40
6,10,39
6,10,39
6,10,39
7,11,39
7,11,39
7,11,37
7,11,36
7,10,35
7,10,34
7,10,34
6,9,33
6,9,33
6,9,32
6,9,31
6,9,30
6,9,30
6,9,30
6,9,30
6,10,30
5,10,30
5,10,29
5,10,29
5,10,30
5,10,30
5,10,31
5,10,31
5,10,31
5,10,31
5,10,33
5,10,34
6,10,35
5,9,36
5,9,35
5,8,35
5,8,36
6,10,36
7,11,40
9,12,42
8,12,43
5,9,41
5,8,42
5,8,42
4,8,42
4,8,43
4,8,43
4,8,43
4,8,43
4,8,43
4,8,43
4,8,43
4,9,43
4,9,43
5,9,43
5,9,43
4,9,42
4,9,42
4,9,42
4,9,43
4,9,43
5,9,43
5,9,43
5,10,43
6,10,43
6,10,41
6,9,40
6,9,40
6,9,40
6,8,40
6,9,40
6,9,41
5,9,41
6,9,41
6,9,42
6,8,42
5,8,41
6,8,41
5,8,40
5,8,40
6,9,40
6,9,40
6,9,39
6,10,39
6,10,40
6,9,40
6,9,40
6,9,40
6,9,41
5,9,41
5,9,41
4,9,42
4,9,42
5,9,43
5,10,44
6,11,45
6,11,45
5,10,44
4,9,43
4,9,43
4,9,42
4,9,42
4,9,42
4,9,42
4,9,42
4,9,42
4,9,41
4,9,40
5,9,40
7,10,41
9,11,45
13,16,50
14,18,52
14,18,52
14,19,52
12,17,50
8,13,46
6,11,45
5,10,45
7,11,46
8,12,47
10,15,49
16,21,56
19,23,58
20,25,60
19,23,60
16,20,56
13,17,53
10,13,51
6,10,47
5,9,44
5,9,45
4,8,45
4,8,45
4,8,45
4,8,45
4,8,45
5,8,45
5,8,44
5,8,44
5,9,44
5,9,44
5,9,43
5,10,44
5,10,44
5,10,44
5,10,44
5,10,44
5,9,44
5,9,44
4,9,44
4,9,44
4,9,44
4,9,44
4,9,44
4,9,44
5,9,44
5,9,44
5,9,44
5,9,45
6,9,45
6,9,46
6,9,45
6,9,45
6,9,44
6,9,44
6,9,44
6,8,43
6,9,43
6,9,43
6,9,42
6,9,42
6,10,42
6,10,42
6,10,42
6,10,41
6,10,41
6,10,41
7,10,41
8,12,41
10,13,43
9,12,40
8,12,39
7,11,36
7,10,35
7,10,35
6,9,33
6,9,33
6,9,33
6,9,32
5,9,31
6,9,30
6,9,30
6,9,30
6,10,30
6,10,30
5,10,29
5,10,30
6,10,31
6,10,31
5,10,31
5,10,31
5,10,31
5,10,31
5,10,32
6,10,33
6,10,35
6,10,35
5,9,35
5,8,35
5,8,36
5,9,36
7,11,40
11,15,46
12,16,48
11,16,48
8,12,46
5,9,43
5,8,43
4,8,43
4,8,43
4,8,43
4,8,43
4,8,43
4,8,43
4,8,43
4,8,43
4,9,44
5,9,44
5,9,44
5,10,44
5,9,43
5,9,43
4,9,43
4,9,43
4,9,43
4,9,43
5,9,43
5,9,43
6,9,43
6,9,43
6,9,42
6,9,42
6,8,41
6,8,41
5,9,41
5,9,42
5,9,42
6,9,42
6,9,43
6,9,43
6,9,43
6,9,42
6,8,41
5,8,40
6,8,40
6,9,40
6,9,40
6,9,40
6,9,40
6,9,40
6,9,40
6,9,41
6,9,42
6,9,42
5,9,42
5,9,42
5,9,42
5,9,42
5,9,43
5,9,43
6,10,44
5,9,43
5,8,42
4,8,42
4,8,42
4,8,42
4,8,42
4,8,42
4,9,42
4,9,42
4,8,40
5,9,40
5,9,40
6,9,41
7,10,43
9,12,45
14,17,50
14,17,50
12,17,50
7,12,46
6,10,45
5,9,44
5,9,44
5,11,46
10,14,49
14,18,53
16,21,54
17,21,58
19,23,58
19,22,58
13,17,54
13,16,52
11,15,51
10,13,50
6,10,45
6,9,45
5,8,45
4,8,45
4,8,45
4,8,45
4,8,45
5,8,44
5,8,44
5,8,44
5,9,44
5,9,44
5,9,44
5,10,44
5,10,44
5,10,44
5,10,44
5,10,44
5,9,44
5,9,44
4,9,44
4,9,44
3,9,44
3,9,44
4,9,44
4,9,44
4,9,44
5,9,44
5,9,44
5,9,44
5,9,45
6,9,46
6,9,46
6,9,46
6,9,45
6,9,44
5,9,44
5,9,44
5,9,44
5,9,43
5,9,43
6,9,43
6,9,43
6,10,43
6,10,43
6,10,42
6,10,42
6,10,42
7,11,42
10,15,44
12,17,46
12,17,46
9,12,40
7,11,37
7,10,36
7,10,35
6,10,35
6,9,34
6,9,33
6,9,33
6,9,32
6,9,32
6,9,31
6,9,31
6,10,31
6,11,32
7,11,32
7,11,31
7,10,31
6,10,31
6,10,30
5,9,30
5,9,30
5,9,31
5,10,31
6,10,33
6,10,33
6,10,34
5,9,34
5,8,35
5,8,36
5,8,36
5,9,37
9,13,42
12,16,47
12,17,49
12,16,49
9,12,47
5,9,44
5,8,43
4,8,43
4,8,43
4,8,43
4,8,43
4,8,43
4,8,43
4,8,44
5,8,44
5,9,45
5,9,46
5,9,46
5,10,44
5,9,44
5,9,43
5,9,43
4,9,43
4,9,43
4,8,43
5,9,43
5,9,43
6,9,43
6,9,43
6,9,42
6,9,42
6,8,42
5,8,42
4,9,42
4,8,42
4,8,42
5,9,43
6,9,44
7,9,44
7,9,43
7,9,42
6,8,41
6,8,41
6,8,41
6,9,41
6,9,41
6,9,41
6,9,41
6,9,40
6,9,41
6,9,42
6,9,42
6,8,42
5,8,42
5,8,42
5,8,41
5,8,41
5,9,41
5,9,42
5,9,43
5,8,42
5,8,42
4,8,42
4,8,42
4,8,41
4,8,41
4,8,41
4,9,41
4,9,41
5,9,40
5,9,40
5,9,40
6,9,41
7,10,41
7,11,45
9,12,45
9,12,46
7,12,45
5,10,43
5,10,43
5,9,43
5,10,44
8,12,47
13,18,51
16,21,54
16,21,54
16,20,54
16,20,54
13,16,52
10,13,50
11,15,51
10,14,51
10,13,50
8,11,48
7,10,45
5,8,45
4,8,44
4,7,44
4,7,43
5,8,43
6,8,44
5,8,44
5,8,43
5,9,43
5,9,44
5,9,44
5,10,44
6,10,44
6,10,44
5,10,44
5,10,44
5,10,44
5,9,44
4,9,43
3,9,44
3,9,44
3,9,44
3,9,44
4,9,44
4,9,44
5,9,44
5,9,44
5,9,44
5,9,45
5,9,46
6,9,46
6,9,46
6,9,46
5,9,44
5,9,44
5,9,44
5,9,44
5,9,44
5,9,44
5,9,43
6,9,43
6,9,43
6,10,43
6,10,43
6,10,43
5,10,43
7,11,43
10,13,44
11,15,46
11,15,46
9,12,40
8,11,39
7,11,37
7,10,36
6,10,35
6,10,35
6,10,34
6,10,34
6,9,33
6,10,33
6,10,33
7,11,33
7,12,33
7,12,33
8,12,33
8,11,33
8,11,32
7,10,31
6,10,30
6,9,30
5,9,30
5,9,30
5,10,31
5,10,31
5,10,33
6,10,34
6,10,35
5,9,34
5,8,35
5,8,36
5,8,36
6,10,39
9,13,42
11,15,47
11,15,49
11,15,48
7,11,47
5,9,45
4,8,44
4,8,43
4,8,43
4,8,43
4,8,43
4,8,43
4,8,43
5,8,44
5,8,45
5,9,46
5,9,46
5,9,46
6,9,46
5,9,44
5,9,44
5,9,44
4,9,44
4,9,43
4,8,43
4,8,43
5,9,43
6,9,43
6,9,43
6,9,42
6,9,42
6,8,42
4,8,42
4,9,42
4,9,42
4,9,42
4,9,43
5,9,44
7,10,44
7,10,43
7,9,43
6,8,42
6,8,42
6,8,42
6,9,41
6,9,41
6,9,41
6,9,41
6,8,41
6,8,42
6,8,42
6,8,42
6,8,42
5,8,41
5,8,41
5,8,41
5,8,41
5,8,41
5,8,41
5,8,41
5,8,41
4,7,41
4,7,41
5,8,41
5,8,41
5,8,41
5,8,41
5,9,41
5,9,40
5,9,40
5,9,40
5,9,40
6,9,40
6,9,40
7,10,41
7,10,43
7,10,43
4,9,43
4,9,43
4,9,43
5,10,43
6,11,45
11,16,48
13,18,51
14,19,52
11,16,48
9,13,48
7,12,46
7,11,46
8,12,47
8,12,48
10,13,49
10,13,49
8,11,48
7,9,45
6,8,45
6,8,44
5,7,44
5,7,43
6,8,43
6,8,43
6,8,43
5,8,43
5,8,43
5,9,43
5,9,43
5,10,44
6,10,45
6,10,45
6,10,44
5,10,44
5,10,44
5,9,44
3,9,44
3,9,44
3,9,44
3,9,44
4,9,44
5,9,44
5,9,44
5,9,44
5,9,44
5,9,44
5,9,45
5,9,46
5,9,46
5,9,46
5,9,46
5,9,46
5,9,44
5,9,44
5,9,44
5,9,44
5,9,44
5,9,44
5,9,44
5,9,44
5,9,43
5,9,43
5,9,43
5,10,43
5,10,42
7,11,42
9,12,43
9,12,41
7,11,40
7,11,39
6,10,37
6,10,36
6,10,35
6,10,35
6,10,35
6,10,35
6,10,34
6,10,34
7,11,34
8,12,37
10,12,36
9,12,35
9,12,33
8,12,33
8,11,32
7,10,32
6,9,31
6,9,30
6,9,30
5,9,30
5,10,30
5,10,31
5,10,32
6,11,33
6,11,34
5,9,33
5,9,34
5,9,35
5,8,36
5,8,38
5,10,39
6,10,42
9,13,46
10,14,47
8,12,46
5,9,46
4,8,44
4,8,44
4,8,43
4,8,43
4,8,43
4,8,43
4,8,43
4,8,43
5,8,44
5,8,46
5,8,46
5,8,46
5,8,46
5,9,46
5,9,44
5,9,44
5,9,44
4,8,44
4,8,44
4,8,43
4,8,43
5,9,43
6,9,43
6,9,42
6,9,42
6,9,42
4,9,42
4,9,42
4,9,42
4,9,42
4,9,42
5,9,43
5,10,43
6,10,43
6,10,43
7,9,43
7,9,43
6,8,42
6,8,42
6,9,42
6,8,42
6,8,42
6,8,42
6,8,42
6,8,42
6,8,42
6,8,42
5,8,41
5,8,39
5,8,39
5,8,39
5,8,39
5,8,40
5,8,41
5,8,41
5,7,41
4,7,41
5,7,41
5,8,41
5,8,41
5,8,40
5,8,40
5,8,39
5,9,40
5,9,39
5,9,39
6,9,40
6,9,40
6,9,40
6,9,40
6,9,41
5,9,41
4,9,41
4,8,41
4,9,42
5,10,43
6,11,44
9,14,47
11,16,49
10,15,47
7,12,44
5,9,43
4,9,42
4,9,42
4,9,43
5,10,43
8,12,47
8,12,47
7,10,45
6,9,44
6,8,43
6,8,43
6,8,43
6,8,43
6,8,43
6,8,43
6,8,43
5,8,43
5,8,43
5,8,43
5,9,44
6,10,45
6,11,45
6,11,45
6,10,45
6,10,44
5,9,44
5,9,44
4,9,44
3,9,44
3,9,44
3,9,44
5,9,45
5,10,45
5,9,44
5,9,44
5,9,44
4,9,44
5,9,44
5,9,45
5,9,46
5,9,46
6,9,46
5,9,46
5,9,46
5,9,44
5,9,44
5,9,44
5,9,44
5,9,44
5,9,44
5,9,44
5,9,43
5,9,43
4,9,43
4,9,42
5,10,41
5,10,41
6,11,40
7,11,40
7,11,40
7,11,39
7,11,38
6,10,37
6,10,36
6,10,35
6,10,35
6,10,35
6,10,35
6,10,35
9,13,37
10,14,38
10,14,38
10,13,36
9,12,35
9,12,33
8,11,33
7,9,32
6,9,31
6,9,31
6,9,30
6,9,30
5,10,30
5,10,31
5,10,31
6,10,32
6,11,34
6,11,35
4,8,33
5,9,35
5,9,36
4,8,37
4,8,38
4,8,39
5,8,40
6,10,43
7,11,44
5,9,44
5,8,44
4,8,44
4,8,43
4,8,43
4,8,43
4,8,43
4,8,43
4,8,43
4,8,43
5,8,45
5,8,46
5,8,46
5,8,46
5,8,46
5,9,46
5,9,45
5,8,45
5,8,44
4,8,44
4,8,44
4,8,43
4,8,43
5,9,43
5,9,43
6,9,42
6,9,42
6,9,41
5,9,41
4,9,41
4,9,42
4,9,42
4,9,42
5,9,42
5,10,43
6,10,43
6,10,43
6,9,43
7,9,42
7,9,42
7,9,43
7,9,43
6,9,42
6,8,42
6,8,42
6,8,42
6,8,42
6,8,40
6,8,40
5,8,39
5,8,39
5,8,39
5,8,39
5,9,39
5,9,39
6,8,39
5,8,39
5,8,39
4,8,39
5,8,39
5,8,39
5,8,39
5,8,39
5,8,39
5,9,39
5,9,39
5,9,39
5,9,39
5,9,39
5,9,39
5,9,40
5,9,40
5,9,40
5,9,41
4,8,41
3,8,41
3,8,41
5,9,42
5,10,43
6,11,44
8,13,45
6,11,42
5,9,42
4,9,42
4,8,41
3,8,42
4,8,42
4,9,42
5,9,42
6,9,42
6,10,43
6,9,42
6,8,42
6,8,42
6,8,42
6,8,42
6,8,42
6,8,42
6,8,43
5,8,43
5,8,43
4,8,43
4,8,43
6,10,45
7,11,45
7,11,45
6,11,45
6,10,45
5,9,44
5,9,44
4,8,44
4,8,43
4,8,44
4,8,44
5,9,45
5,10,45
5,9,44
5,9,44
5,9,44
5,9,44
5,9,44
5,9,45
5,9,45
5,9,46
6,9,47
6,10,47
6,10,47
6,10,47
6,10,47
6,9,47
5,9,44
5,9,44
5,9,44
5,9,44
5,9,43
4,9,43
4,9,43
4,9,42
4,10,41
5,10,41
5,10,40
6,11,40
6,11,40
7,11,39
7,11,39
7,11,38
7,11,36
6,10,36
6,10,35
6,10,35
6,10,35
6,10,35
10,14,38
12,16,41
12,16,41
12,14,39
10,12,36
9,11,34
7,10,33
7,9,32
6,9,32
6,9,31
6,9,31
6,10,30
5,10,30
5,10,31
5,10,31
5,10,32
6,10,33
6,11,35
4,8,33
5,9,34
6,10,35
6,10,37
5,9,38
5,8,39
4,8,39
4,8,39
5,8,42
5,9,42
4,9,43
4,9,43
4,8,43
4,8,43
4,8,43
4,8,43
4,8,43
4,8,43
4,8,43
4,8,43
5,8,44
5,8,46
5,8,46
5,8,46
5,8,46
5,9,46
5,9,46
4,9,46
5,9,45
4,8,44
4,8,44
4,8,43
4,8,43
5,9,43
5,9,43
5,9,42
6,9,41
6,9,40
6,9,40
5,9,40
4,9,40
4,9,41
5,9,42
5,10,42
5,10,43
5,10,43
6,9,43
6,9,42
6,9,42
7,9,43
7,9,43
7,9,43
7,9,43
6,8,42
6,8,42
6,8,41
6,8,40
5,8,39
5,8,39
5,8,39
5,8,38
5,9,38
5,9,38
5,9,38
5,9,38
5,9,38
4,8,38
4,8,38
4,8,38
4,8,38
5,8,39
5,8,39
5,8,38
5,9,38
5,9,38
5,9,38
5,9,38
5,9,38
5,8,39
5,8,39
5,8,39
5,8,39
4,8,40
4,8,40
3,8,40
3,8,40
3,8,41
5,8,41
5,8,41
5,10,42
5,10,41
5,9,39
5,9,40
4,8,40
4,8,41
4,8,41
4,9,41
4,9,42
5,9,42
6,9,42
6,10,42
6,9,42
6,9,42
6,8,42
6,8,41
6,8,41
6,8,42
6,8,42
5,8,42
5,8,43
4,8,43
4,8,43
4,8,43
5,9,44
6,10,45
6,11,45
6,10,45
6,10,45
5,9,44
4,9,43
4,8,43
4,8,43
4,8,44
4,8,44
5,9,44
5,9,44
5,9,44
5,9,43
5,9,44
5,9,44
5,9,44
4,9,44
5,9,45
5,9,46
6,11,47
9,15,52
9,15,52
8,11,49
7,10,48
6,10,47
6,9,47
6,9,45
5,9,44
5,9,44
5,9,44
5,9,43
4,9,43
5,9,42
5,10,41
5,10,41
5,10,40
6,11,41
7,11,40
7,11,40
8,12,40
8,12,40
7,11,38
6,10,36
6,10,35
6,10,35
6,10,35
6,10,35
10,14,38
12,16,41
12,16,41
12,14,39
10,12,36
9,11,34
7,9,33
7,9,33
7,9,32
7,9,32
6,10,31
6,10,31
6,10,31
5,10,31
5,10,31
5,10,32
6,10,33
6,10,34
6,10,35
4,8,33
5,9,35
6,10,37
6,10,37
5,9,39
5,8,39
5,8,39
5,8,39
5,8,40
4,9,41
4,9,42
4,9,42
4,8,42
4,8,42
4,8,42
4,8,43
4,8,43
4,8,43
4,8,43
4,8,43
5,8,44
5,8,45
5,8,46
5,8,46
5,8,46
5,9,46
5,9,47
5,9,47
5,9,46
4,9,45
4,9,44
4,9,44
4,9,43
5,9,43
5,9,43
5,9,42
5,9,41
6,9,40
6,9,40
6,9,40
5,9,40
5,9,40
5,9,42
5,9,42
5,9,42
5,9,42
5,9,42
6,9,42
6,9,41
6,9,42
7,9,43
7,9,43
6,9,42
6,8,42
6,8,40
5,8,40
5,8,39
5,9,39
5,9,39
5,9,38
5,9,38
5,9,38
5,9,38
5,9,38
5,9,38
5,9,37
4,8,37
4,8,37
4,8,37
4,8,37
5,8,38
5,8,38
5,8,38
5,8,38
5,8,37
4,8,37
4,8,37
5,8,37
5,8,37
5,8,37
5,8,38
4,8,38
4,8,39
4,8,39
4,8,39
3,8,39
3,8,39
4,8,39
5,8,39
5,9,39
5,9,39
5,8,39
5,8,39
4,8,39
4,8,40
4,9,41
4,9,42
5,10,42
6,10,43
6,10,43
6,10,42
6,9,42
6,9,42
6,9,42
6,8,41
6,8,41
6,8,41
6,8,41
5,8,42
6,8,42
5,8,43
4,8,43
4,8,43
5,8,43
6,9,44
6,10,45
6,10,45
5,9,44
5,9,43
4,8,43
4,8,43
4,8,43
4,8,43
4,9,43
4,9,44
5,9,43
5,9,43
5,9,43
5,9,43
5,9,43
4,9,44
4,9,44
4,9,45
5,10,46
8,14,51
9,15,52
9,15,52
8,14,51
8,11,49
7,10,48
6,9,47
6,9,47
5,9,44
5,9,44
5,9,44
5,9,43
4,9,43
5,9,43
5,10,41
5,10,41
5,10,41
6,11,41
7,12,41
9,13,41
9,14,44
9,15,43
8,12,40
7,11,36
6,10,35
6,10,35
6,9,35
5,9,34
6,10,35
9,13,38
10,14,39
10,13,38
8,10,35
7,9,34
7,9,33
7,9,33
7,9,32
7,10,32
7,10,32
6,11,31
6,11,31
5,11,31
5,10,31
5,10,32
5,10,33
5,10,34
6,10,35
4,8,33
4,8,34
5,8,35
5,9,36
5,9,37
5,8,39
5,8,39
5,8,39
5,8,39
5,8,40
4,8,40
4,9,40
4,9,42
4,8,42
4,8,42
4,8,42
4,9,42
4,8,43
4,8,43
4,8,43
4,8,43
5,8,44
4,8,44
4,8,45
4,8,45
4,8,46
4,9,46
4,10,47
5,10,48
6,11,48
5,10,48
5,9,45
5,9,44
5,9,44
5,10,43
5,9,43
5,9,43
6,9,43
6,9,40
6,9,40
6,9,40
6,9,40
6,9,40
6,9,40
6,9,42
6,9,42
5,9,42
5,9,42
5,9,40
6,9,40
6,9,40
6,9,40
6,9,41
6,9,41
6,9,40
6,8,40
5,8,39
5,8,39
5,8,38
5,8,38
5,8,38
5,9,38
5,9,38
5,9,37
5,9,37
4,8,37
4,8,37
4,8,37
4,8,37
4,8,37
4,8,37
4,8,38
5,8,38
4,8,37
4,8,37
4,8,37
4,8,37
4,8,37
5,8,37
5,8,37
5,8,37
5,8,37
4,8,38
4,8,38
4,8,38
4,8,38
3,8,38
3,8,38
4,8,38
4,8,39
5,8,39
5,8,38
5,8,38
4,8,38
4,8,38
4,9,40
4,9,41
7,12,43
7,12,43
8,12,43
8,12,43
7,12,43
7,10,43
7,10,42
7,9,42
6,9,41
6,9,41
6,8,41
6,8,41
6,8,42
6,8,42
5,8,42
5,8,42
5,8,43
5,8,42
6,9,42
6,9,42
6,9,44
5,8,43
4,8,43
4,8,43
4,8,43
4,8,43
4,8,43
4,9,43
4,8,43
4,8,42
5,9,42
5,9,42
5,9,42
5,9,42
4,9,43
4,9,44
4,9,45
4,10,45
6,12,48
8,14,51
8,14,51
8,11,49
7,11,48
6,9,47
6,9,47
6,9,47
5,9,44
5,9,44
5,9,44
5,9,44
5,9,43
5,9,43
5,10,43
5,10,42
5,10,41
6,11,43
7,12,44
9,15,45
12,16,46
13,18,48
12,16,44
8,12,40
6,10,36
6,10,35
6,10,35
6,10,35
6,10,35
6,10,35
8,10,36
7,10,35
7,9,34
7,9,33
7,9,33
7,9,33
7,10,33
7,10,32
7,10,31
7,11,31
6,11,31
5,10,31
5,10,31
5,10,31
5,10,33
5,10,34
6,10,35
6,10,35
4,8,33
4,8,34
5,8,35
5,8,36
5,8,36
5,8,37
5,8,39
5,8,39
5,8,39
5,8,39
4,9,40
4,9,40
4,9,40
4,9,40
4,9,41
4,9,42
4,9,42
4,9,42
4,9,43
4,9,43
4,9,43
4,8,43
4,8,44
4,8,45
4,8,45
4,8,46
4,9,46
4,10,47
5,11,48
7,13,50
7,13,50
8,13,50
8,13,50
7,11,49
6,11,44
5,10,44
6,9,43
6,9,43
6,9,42
6,9,40
6,9,40
6,9,40
6,9,40
6,9,40
6,9,41
6,9,41
5,9,41
5,9,40
4,9,40
4,9,40
4,9,40
6,9,40
6,9,40
6,9,40
5,8,40
5,8,39
5,8,39
5,8,38
5,8,38
5,8,38
5,8,38
4,8,37
4,8,36
3,7,36
3,7,36
4,7,37
4,8,37
4,8,37
4,8,37
4,8,37
4,8,37
4,8,37
4,8,38
4,8,38
4,8,37
4,8,37
4,8,37
4,8,37
4,8,37
5,8,37
5,8,37
4,8,37
4,8,37
4,8,37
4,8,37
4,8,37
3,7,37
3,8,37
4,8,37
4,8,38
4,8,38
5,8,38
5,8,37
5,8,37
5,8,38
5,9,40
8,13,44
13,16,50
16,21,54
16,21,54
16,21,54
9,13,47
7,12,44
7,10,43
7,10,43
6,9,42
5,9,41
6,8,41
6,8,42
6,8,42
6,8,42
6,8,42
6,8,42
6,9,42
6,9,41
6,9,41
6,9,41
5,9,41
5,8,41
4,8,41
4,9,41
4,9,42
4,9,42
4,9,42
4,9,42
4,9,42
4,9,42
5,9,42
5,9,42
5,9,42
5,9,42
4,9,42
4,9,43
4,9,44
4,10,45
4,10,46
6,12,48
7,11,49
7,11,48
6,10,48
6,9,47
6,9,47
6,9,47
5,9,46
5,9,44
5,9,44
5,9,44
5,9,44
5,9,44
5,9,44
5,10,44
5,10,44
6,10,44
7,12,45
12,16,46
13,18,50
15,20,51
15,19,48
12,16,44
7,11,37
6,10,36
6,10,35
6,10,35
6,10,35
6,10,35
6,10,35
6,9,34
7,9,34
7,9,33
7,9,33
7,9,33
7,10,33
7,10,32
7,10,31
7,11,31
7,11,31
6,10,31
5,10,31
5,10,31
5,10,33
6,10,34
6,10,35
7,11,36
4,8,32
4,8,33
4,8,35
5,8,35
5,8,36
5,8,36
5,8,37
5,8,38
5,8,39
5,8,39
5,9,39
4,9,39
4,9,39
4,9,40
4,9,40
4,9,40
4,9,41
4,9,41
4,9,42
4,9,42
4,9,43
4,8,43
4,8,43
4,8,43
4,8,44
4,8,45
3,8,45
3,8,46
4,10,47
5,11,48
7,13,50
8,14,51
11,17,54
13,18,56
12,17,56
10,13,51
8,11,49
7,10,44
6,9,43
6,9,42
6,9,42
6,9,42
6,9,40
6,9,40
6,9,42
6,9,42
6,9,41
5,9,41
4,9,40
4,9,40
4,9,40
4,9,40
5,9,40
6,9,40
5,9,40
5,8,39
5,8,39
4,8,38
4,8,38
4,8,38
4,8,37
4,8,36
3,7,35
3,7,35
3,7,35
3,7,36
3,7,36
3,7,37
4,7,37
4,7,37
4,7,37
4,8,37
4,8,37
4,8,38
4,8,38
4,8,38
4,7,37
4,7,37
4,7,37
4,7,37
5,8,37
5,8,37
5,7,37
4,7,37
4,7,37
4,7,37
3,7,37
3,7,37
4,8,37
4,8,37
4,8,37
4,8,37
5,8,37
5,8,37
5,8,38
5,9,39
8,12,43
13,16,50
16,21,54
18,22,57
19,23,58
17,22,55
15,20,53
9,14,47
7,12,44
7,10,43
6,9,43
5,9,42
5,8,42
6,8,42
6,8,42
6,8,42
6,8,42
6,9,41
6,9,40
6,9,39
5,9,39
5,9,39
5,9,39
5,8,39
4,8,39
4,9,39
4,9,40
4,9,40
4,9,41
4,9,41
4,9,41
4,9,40
5,9,40
5,9,40
5,9,40
5,9,42
5,9,42
4,9,42
4,9,43
4,9,44
4,10,46
5,11,47
6,10,48
6,10,47
6,9,47
6,9,47
6,9,47
6,9,47
6,9,47
5,9,46
5,9,45
5,9,44
5,9,44
5,9,44
5,9,44
5,9,44
5,10,44
6,10,45
7,11,45
11,16,48
15,20,51
18,21,52
18,21,52
15,19,48
10,14,40
7,11,36
6,10,35
6,10,35
6,10,35
6,10,35
6,10,35
6,9,34
6,9,34
7,9,33
7,9,33
7,9,33
7,10,32
7,10,31
7,10,31
7,11,31
7,11,31
6,10,31
6,10,31
6,10,31
6,10,33
6,10,34
6,10,35
7,11,37
7,11,38
4,8,33
4,8,33
5,8,35
5,7,36
5,7,36
4,8,36
4,8,37
4,8,37
4,8,39
5,8,39
5,9,39
4,9,39
4,9,39
4,9,39
4,9,40
4,9,40
4,9,40
4,9,41
4,9,42
4,9,42
4,9,43
4,8,43
4,8,43
4,8,43
3,8,44
3,8,44
2,8,45
3,8,45
4,9,46
5,10,47
7,12,49
9,15,52
12,17,55
13,19,56
14,19,57
13,19,56
11,15,51
8,11,49
7,9,45
6,9,43
6,9,43
6,9,43
6,9,42
6,9,42
7,9,42
6,8,42
6,8,42
6,9,41
5,9,40
4,9,40
4,9,40
4,9,40
5,9,40
5,9,40
5,9,40
5,8,39
5,8,39
4,8,38
4,7,38
4,8,37
4,8,37
4,7,36
3,7,35
3,7,35
3,7,35
3,7,35
3,7,36
3,7,36
3,7,37
3,7,37
4,7,37
4,7,37
4,7,37
4,7,37
4,7,37
4,7,37
3,7,37
3,7,37
4,7,37
4,8,37
5,8,37
5,8,37
5,7,37
4,7,37
4,7,37
4,7,36
4,7,36
4,7,36
4,7,37
4,8,37
4,8,37
4,8,37
4,8,37
4,8,37
5,8,38
8,11,42
13,16,50
17,21,55
19,23,57
21,24,58
23,27,61
19,23,58
17,21,55
13,18,51
7,11,44
6,9,43
6,9,43
5,9,42
5,8,42
6,8,42
6,8,41
6,8,41
6,8,40
6,9,39
6,9,39
6,9,39
5,8,39
5,8,38
5,8,39
5,8,39
5,8,39
4,9,39
4,9,39
4,9,39
4,9,40
4,9,40
4,9,40
5,9,40
5,9,40
5,9,40
5,9,40
5,9,40
5,9,41
4,9,42
4,9,42
4,9,43
3,9,44
4,9,46
5,9,47
6,9,47
6,9,47
6,9,47
6,9,47
6,9,47
6,9,47
6,9,46
6,9,45
5,9,45
5,9,45
5,9,44
5,9,44
5,9,44
6,10,44
6,11,44
6,11,45
7,12,45
13,18,51
17,20,52
17,20,51
15,20,49
14,17,45
7,11,37
6,10,36
6,10,35
6,10,35
6,10,35
6,9,34
6,9,34
6,9,33
6,9,33
6,9,33
6,9,31
7,10,31
7,10,31
7,10,30
7,10,30
7,10,30
6,10,30
6,10,30
6,10,31
5,10,32
6,10,34
6,10,35
7,11,37
7,11,38
4,8,33
5,8,34
5,7,35
5,7,35
5,7,36
5,8,36
4,8,36
4,8,37
4,8,38
4,8,39
4,9,39
4,9,39
4,9,39
4,9,39
4,9,40
4,9,40
4,9,40
4,9,42
4,9,42
4,9,42
4,9,42
4,8,43
4,8,43
3,8,43
2,8,43
2,8,44
2,8,44
3,8,44
4,9,45
5,9,46
7,11,48
9,15,52
12,17,55
13,19,56
15,20,58
14,19,56
12,19,56
10,15,51
7,11,46
6,9,45
6,9,43
6,9,43
7,9,43
8,9,43
8,9,43
7,9,42
6,8,42
6,8,41
5,8,41
5,9,40
4,9,40
4,9,40
6,9,40
5,9,40
5,8,40
5,8,39
5,8,39
5,8,39
4,8,38
4,8,37
4,8,37
4,7,36
3,7,36
3,7,36
3,7,36
3,7,36
3,7,36
3,7,36
4,7,37
4,7,37
4,7,37
4,7,37
4,7,37
3,7,37
3,7,37
3,7,37
3,7,37
3,7,37
3,7,37
3,7,36
5,7,36
5,7,36
4,7,36
4,7,35
4,7,35
4,7,35
4,6,35
4,6,35
4,6,36
4,6,36
4,6,37
4,7,37
4,8,37
4,8,37
6,8,39
12,15,49
17,21,55
21,24,57
23,27,61
23,27,61
23,27,61
23,25,59
17,19,53
9,12,47
6,10,43
5,9,43
5,9,42
5,9,41
5,9,41
5,9,41
5,8,40
5,9,39
6,9,39
6,9,39
6,9,39
6,9,38
5,8,38
5,8,38
5,8,38
5,8,38
5,8,39
5,8,39
4,9,39
4,9,39
4,9,39
4,9,39
5,9,39
5,9,39
5,9,39
5,9,39
5,9,40
5,9,40
5,9,41
4,9,41
4,9,42
4,9,43
3,9,43
4,9,44
5,9,46
5,9,47
6,9,47
6,9,47
6,9,47
6,9,47
6,9,47
6,9,46
6,9,45
5,9,45
5,9,45
5,9,44
5,9,44
5,9,44
5,10,44
5,10,44
6,10,44
6,11,44
9,13,45
13,18,49
15,18,49
14,17,45
10,14,41
8,12,37
7,11,36
6,10,35
6,10,35
6,10,35
6,9,34
6,9,34
6,9,33
6,9,32
6,9,31
6,9,30
6,9,30
6,10,29
6,10,29
7,10,29
7,10,30
6,10,30
6,10,30
6,10,30
6,10,32
6,10,35
6,11,36
7,11,37
7,11,38
4,8,32
4,8,33
6,8,35
6,8,35
5,8,36
5,8,36
5,8,36
5,8,37
4,8,37
4,8,38
4,9,38
4,9,39
4,9,39
4,9,39
4,9,40
4,9,40
4,9,40
4,9,41
4,9,42
4,9,42
4,9,42
4,9,42
3,8,42
2,8,43
2,8,43
2,8,43
2,8,44
2,8,44
3,8,44
4,9,45
5,9,46
7,11,47
8,14,51
11,17,54
12,18,56
14,20,58
15,20,58
14,19,57
12,19,56
8,11,47
6,8,45
6,8,45
6,8,44
8,9,44
9,10,45
9,10,44
8,9,43
6,8,42
6,8,42
5,8,41
5,8,41
5,9,40
6,9,40
6,9,40
5,8,40
5,8,40
5,8,39
5,8,39
5,8,38
4,8,38
4,8,37
4,8,37
4,8,37
4,7,37
4,8,37
3,7,36
3,7,36
3,7,36
4,7,37
4,7,37
4,7,37
4,7,37
4,7,37
4,7,37
3,7,37
3,7,37
3,7,37
3,7,37
3,7,37
3,7,37
3,7,36
4,7,36
4,7,36
4,7,35
4,7,35
4,7,35
4,7,35
4,6,35
3,6,35
4,6,35
4,6,36
4,6,36
4,6,37
4,7,37
5,8,38
7,10,42
14,16,51
19,22,57
23,26,60
24,27,61
23,26,60
23,25,59
17,21,55
14,18,51
9,12,46
5,9,43
5,9,40
5,9,40
5,9,40
5,9,40
5,9,40
5,9,38
5,9,38
5,9,38
6,9,38
6,9,38
6,9,38
5,9,38
5,9,38
5,8,39
5,8,39
5,8,39
5,8,39
5,9,39
5,9,39
4,9,39
4,9,38
5,9,39
5,9,39
5,9,39
6,9,40
6,9,40
5,9,40
5,9,41
5,9,41
4,9,42
4,9,42
4,9,43
5,9,44
5,9,44
6,9,46
6,9,47
6,9,47
6,9,47
6,9,47
6,9,47
6,9,46
6,9,46
5,9,45
5,9,45
5,9,44
5,9,44
5,9,44
5,10,43
5,10,43
5,10,42
6,10,42
7,10,42
9,13,43
11,14,45
11,14,43
10,13,40
7,11,37
7,10,36
6,10,35
6,10,35
6,10,35
6,9,34
6,9,33
6,9,32
6,9,31
6,9,30
6,9,30
6,10,29
4,10,29
4,10,29
7,10,29
6,10,29
6,10,29
6,10,30
6,10,30
6,10,31
6,10,35
7,11,37
7,12,38
7,12,38
7,11,38
4,8,32
6,8,33
6,8,35
6,8,35
6,8,36
5,8,36
5,8,36
4,8,37
4,8,37
4,9,38
4,9,38
4,9,39
4,9,39
4,9,40
4,10,41
4,10,42
4,9,41
4,9,42
4,9,42
4,9,42
3,9,42
3,8,42
3,8,43
2,8,43
2,8,43
2,8,43
2,8,44
3,8,45
4,8,45
4,9,46
5,9,46
7,11,47
8,14,51
11,16,54
12,17,55
13,19,57
14,20,58
14,20,58
12,19,56
8,13,50
5,8,45
5,8,45
5,9,45
9,10,45
9,11,46
9,11,46
8,10,44
6,8,42
6,8,42
6,8,42
6,8,42
6,9,40
6,9,40
6,9,40
6,9,40
5,8,40
5,8,39
5,8,39
4,8,38
4,8,38
4,8,37
4,8,37
4,8,37
4,8,37
4,8,37
4,8,37
4,8,37
4,8,37
4,8,37
4,8,37
4,8,37
4,8,37
4,8,37
4,8,37
4,8,37
4,7,37
4,8,37
4,8,37
4,8,37
3,7,37
3,7,36
3,7,36
4,7,35
4,7,35
4,7,35
4,7,35
4,7,34
4,6,34
4,6,34
4,6,35
4,6,36
4,6,36
4,6,37
4,7,37
6,8,39
12,14,48
14,18,51
19,21,56
21,24,59
23,25,59
19,21,56
18,20,54
15,19,51
13,16,47
9,12,43
5,9,40
5,9,39
5,9,38
5,9,39
5,9,39
5,9,39
5,9,38
5,9,38
5,9,38
5,9,38
5,9,38
5,9,38
5,9,38
5,9,39
5,9,39
5,8,39
5,8,39
5,8,39
5,8,39
5,8,39
4,8,38
4,9,38
5,9,38
5,9,39
5,9,39
6,9,40
6,9,40
5,9,40
5,9,41
5,9,41
5,9,41
5,10,42
5,9,43
5,10,44
5,10,44
6,9,46
6,9,47
6,9,47
6,9,47
6,9,47
6,9,47
6,9,45
5,9,45
5,9,44
5,9,44
5,9,44
5,9,44
5,9,44
5,10,43
5,10,42
5,10,41
6,10,41
6,10,41
7,11,41
7,11,41
9,13,41
7,11,40
6,10,37
6,10,35
6,10,35
6,9,34
6,9,34
6,9,33
6,9,32
6,9,32
6,9,31
6,9,30
6,9,30
5,10,29
4,10,29
4,10,29
6,10,28
6,10,29
6,10,28
6,9,29
6,9,30
6,10,30
6,10,35
7,12,37
8,12,38
7,12,38
6,11,37
4,8,31
5,7,32
6,8,33
6,8,35
6,8,35
6,8,36
6,8,36
5,8,36
4,8,37
4,8,37
4,9,38
4,9,39
4,9,40
4,9,40
4,9,41
5,10,43
5,10,43
5,10,43
5,10,43
4,9,42
4,9,42
4,9,42
4,9,43
2,8,43
2,8,43
2,8,43
2,8,44
3,8,44
3,8,45
4,8,45
5,9,46
5,9,46
7,11,49
8,14,51
11,16,54
12,17,54
15,21,58
16,22,59
15,21,58
12,19,56
8,13,48
5,8,46
5,8,45
5,9,45
9,11,46
9,11,46
9,11,46
7,9,43
6,8,42
6,8,42
6,8,42
6,8,42
6,9,41
6,9,40
6,9,40
6,9,40
6,9,39
5,8,39
5,8,38
5,8,38
4,8,38
4,8,38
4,8,38
4,8,38
4,8,37
4,8,37
4,8,37
4,8,37
4,8,37
4,8,37
4,8,37
4,8,37
4,8,37
4,8,37
4,8,37
4,8,37
4,8,37
4,8,37
5,8,38
5,8,38
4,8,37
3,7,36
3,7,35
3,7,35
3,7,35
4,7,35
4,7,34
4,7,34
4,7,34
4,6,34
4,6,34
3,6,35
3,6,36
4,7,36
4,8,38
7,10,42
12,15,48
14,18,51
19,21,55
21,24,57
19,21,55
18,20,54
16,19,51
13,16,47
9,12,43
6,9,40
5,9,39
5,9,38
5,9,38
5,9,38
5,9,39
6,9,39
5,9,38
5,9,38
5,9,38
5,9,38
5,9,38
5,9,38
5,9,39
5,9,39
5,9,39
5,8,39
5,8,39
5,8,39
5,8,39
5,8,39
5,8,38
5,8,38
5,9,38
5,9,39
5,9,39
6,9,40
6,9,40
6,9,40
5,9,40
5,9,40
5,9,41
5,10,42
5,9,43
5,9,43
6,9,44
6,9,45
6,9,47
6,9,47
6,9,47
6,9,47
6,9,46
5,9,45
5,9,44
5,9,44
5,9,44
5,9,44
5,9,44
5,9,43
5,10,42
4,9,42
5,9,41
5,10,41
6,10,40
7,10,40
7,11,41
7,11,41
7,11,39
6,10,36
6,10,35
6,10,35
6,9,34
6,9,34
6,9,33
6,8,32
6,8,32
6,9,31
6,9,30
5,9,30
4,9,29
4,10,29
4,10,29
4,10,28
5,10,28
6,10,28
6,9,29
6,9,29
6,10,30
6,10,35
8,12,37
9,14,39
9,14,39
6,11,36
5,10,35
4,8,32
4,7,32
6,8,34
6,8,35
6,8,35
6,8,36
6,8,36
5,8,37
5,8,37
4,8,37
4,9,38
4,9,39
3,9,40
4,9,41
4,9,42
5,10,43
6,11,46
6,11,46
6,10,45
5,10,44
4,9,42
4,9,43
4,9,43
3,8,43
2,8,44
2,8,44
2,8,45
3,9,45
3,8,46
4,8,45
4,9,46
5,9,46
8,11,49
10,14,52
11,16,54
13,19,56
19,25,62
19,25,62
16,22,59
12,19,56
7,11,47
5,9,46
5,9,45
6,9,45
8,10,45
9,11,45
8,10,45
7,9,43
6,8,42
6,8,42
6,8,41
6,8,41
6,9,40
6,9,40
6,9,40
6,9,40
6,9,39
5,9,39
5,8,38
5,8,38
5,8,38
5,8,38
5,8,38
5,8,38
5,8,38
4,8,38
4,8,38
4,8,37
4,8,37
4,8,37
4,8,38
5,8,38
5,8,38
5,8,38
5,8,38
5,8,38
5,8,38
5,8,38
5,8,38
5,8,38
4,8,38
3,7,36
3,7,35
3,7,35
3,7,35
4,7,35
4,7,34
4,7,34
4,7,34
4,7,34
3,7,34
3,6,35
3,6,35
3,7,36
4,8,38
6,10,41
10,13,44
12,16,48
14,18,51
18,20,54
16,18,50
15,17,50
13,16,47
9,12,43
6,9,40
5,8,39
5,8,38
5,8,38
5,9,38
5,9,38
5,9,39
5,9,39
5,9,38
5,9,38
5,9,38
5,9,38
5,9,39
5,9,39
6,9,40
5,9,40
5,9,39
5,9,39
5,8,39
5,8,39
5,8,39
5,8,38
4,8,38
4,8,38
5,8,38
5,8,38
5,9,39
6,9,40
6,9,40
6,9,40
6,9,40
5,8,40
5,8,40
6,9,42
5,9,42
6,9,43
6,10,44
6,9,45
6,9,46
6,9,47
6,9,47
6,9,46
5,9,45
5,9,44
5,9,44
5,9,44
5,9,44
5,9,44
5,9,43
5,9,43
5,10,42
4,9,42
5,9,41
5,10,41
6,10,41
7,10,40
7,11,40
7,11,40
7,11,38
6,10,36
6,10,35
6,10,35
6,9,34
5,9,34
6,9,33
6,8,32
6,8,32
6,8,31
6,9,31
5,9,30
4,9,30
4,10,29
4,10,29
4,10,28
5,10,28
5,9,28
5,9,28
5,9,29
5,9,31
6,10,35
8,12,37
9,14,39
9,14,39
6,11,36
6,10,35
4,8,32
4,7,32
6,8,34
7,8,35
7,8,35
6,8,36
5,8,36
5,8,37
5,8,37
4,9,38
4,9,39
4,9,39
4,9,41
4,9,42
4,10,43
5,10,46
7,11,47
7,12,47
7,12,48
7,11,46
6,10,45
4,9,45
4,9,45
3,9,44
2,8,45
2,8,45
2,8,45
3,8,46
3,8,46
3,8,46
4,9,46
5,9,46
8,11,49
11,14,52
13,17,54
19,24,61
22,26,64
22,26,64
18,24,61
12,15,53
8,10,47
7,9,46
7,9,45
7,9,44
7,9,43
7,9,44
7,9,43
7,9,43
6,8,42
6,8,42
6,8,41
6,8,41
6,9,40
6,9,40
6,9,40
6,9,40
6,9,39
5,9,39
5,8,38
5,8,38
5,8,38
5,8,38
5,8,38
5,8,38
5,8,38
4,8,38
4,8,38
4,8,38
4,8,38
4,8,38
5,8,39
5,8,39
5,8,38
5,8,38
5,8,38
5,8,38
5,8,38
5,8,39
5,8,39
5,9,39
5,8,38
4,8,38
3,7,36
3,7,35
3,7,35
3,7,35
4,8,35
4,8,34
4,8,34
4,8,34
4,7,35
3,7,35
3,7,36
3,7,36
4,8,37
5,9,39
7,12,41
10,13,44
11,14,46
11,14,45
10,13,44
8,11,42
7,10,41
6,9,40
5,8,39
5,8,39
5,8,38
5,8,38
5,8,38
5,9,39
5,9,39
5,9,39
5,9,39
5,9,39
5,9,39
5,9,39
5,9,40
5,9,40
6,10,41
6,9,40
6,9,40
5,9,39
5,9,39
5,9,39
5,8,38
5,8,38
4,8,38
4,8,38
5,8,38
5,9,39
6,9,40
6,9,40
6,9,40
6,9,40
5,8,40
5,8,40
5,8,40
6,8,42
5,8,42
6,9,43
6,9,44
6,10,45
6,10,46
6,10,46
6,9,46
6,9,46
5,9,44
5,9,44
5,9,44
5,9,44
5,9,44
5,9,43
5,9,43
5,9,43
5,10,42
5,10,42
5,10,42
6,10,41
6,10,41
7,10,41
7,10,40
7,10,40
6,10,38
6,10,37
6,10,35
6,10,35
5,9,34
5,9,34
5,9,34
5,8,33
6,8,32
6,8,32
6,9,31
6,9,31
5,9,30
4,10,30
4,10,29
5,10,29
5,10,29
5,9,29
5,9,29
5,9,29
5,9,32
5,9,34
7,12,36
9,13,38
9,14,39
7,12,37
6,11,36
4,8,32
4,8,32
4,8,32
6,8,33
6,8,35
6,8,35
6,8,36
5,8,36
5,8,37
5,8,37
5,9,38
4,9,39
4,9,40
4,9,42
4,9,43
4,9,43
5,10,46
7,12,49
8,14,49
9,14,51
9,13,48
7,11,46
7,13,48
7,13,48
5,10,47
3,9,46
2,8,46
3,8,46
3,8,46
3,8,46
3,8,46
4,8,46
4,9,47
7,10,48
11,13,51
15,19,56
19,21,59
22,25,63
22,25,63
16,19,57
11,13,50
8,10,46
7,9,45
7,9,44
7,9,43
7,9,43
7,9,43
7,9,43
7,9,43
6,9,42
6,8,42
6,8,41
6,9,41
6,9,40
6,9,40
6,9,40
6,9,40
6,9,40
6,9,39
5,9,39
5,9,38
5,8,38
5,8,38
5,8,38
5,8,38
5,8,38
4,8,38
4,8,38
4,8,38
5,8,38
5,8,39
5,8,39
5,8,39
5,8,39
5,8,39
5,8,39
5,8,39
5,8,39
5,8,39
5,8,39
5,9,39
5,8,39
4,8,38
4,7,36
3,7,35
3,7,35
3,7,35
4,8,35
4,8,35
5,9,34
5,9,35
4,8,35
4,8,36
4,8,36
4,8,36
4,8,38
4,9,38
5,10,39
6,11,41
6,11,41
6,10,41
6,9,40
5,8,39
5,8,39
5,8,39
4,7,38
4,7,38
5,8,38
5,8,39
5,8,39
5,9,39
6,9,39
6,9,39
5,9,39
5,9,39
5,9,39
5,9,41
5,9,43
6,10,42
6,11,41
6,10,40
6,10,40
5,9,39
5,9,39
5,9,38
5,9,38
5,9,38
5,8,38
5,8,39
5,8,39
6,9,40
7,10,41
7,10,41
6,9,40
6,9,40
6,8,40
6,8,40
6,8,41
6,8,41
5,8,42
5,8,42
6,9,43
6,10,44
6,10,45
6,10,46
6,10,46
6,9,45
5,9,44
5,9,44
5,9,44
5,9,44
4,9,43
5,9,43
5,9,43
5,9,43
5,10,43
5,10,43
5,10,43
6,10,42
6,10,41
7,10,41
7,10,41
7,10,40
6,10,39
6,10,38
6,10,36
6,10,35
5,9,34
5,9,34
5,9,34
5,9,33
6,8,33
6,8,32
6,9,32
6,9,32
6,9,32
6,10,31
5,10,30
6,10,30
6,10,29
6,9,29
5,9,29
5,9,30
5,9,32
5,9,33
5,10,35
7,12,37
8,13,38
8,13,38
6,11,36
6,10,35
4,8,32
4,8,32
4,8,33
5,8,34
6,8,35
6,8,35
6,8,36
5,8,36
5,8,37
5,8,38
5,8,39
5,8,39
4,8,42
4,8,42
4,8,43
4,9,45
5,10,46
7,11,49
8,14,49
9,14,50
9,14,49
7,13,48
8,13,49
9,13,50
7,13,49
5,11,48
4,10,47
3,9,46
3,8,46
3,8,46
3,8,46
4,8,46
4,8,46
7,9,47
8,11,49
12,14,52
18,19,57
18,19,57
16,19,57
11,13,50
8,10,47
7,9,44
7,9,44
7,9,43
7,9,43
7,9,43
7,9,43
7,9,43
7,9,42
6,9,42
6,9,41
6,9,41
6,9,41
6,9,41
6,9,40
6,9,40
6,9,40
6,9,40
6,9,40
6,9,39
5,9,39
5,9,39
5,8,39
5,8,39
5,8,39
5,8,39
4,8,38
4,8,38
5,8,39
5,8,39
6,9,40
6,9,40
5,8,39
5,8,39
5,8,39
5,8,39
5,8,39
5,8,39
5,8,39
5,8,39
5,8,39
5,8,38
4,8,38
4,7,37
3,7,36
3,7,36
3,7,36
4,8,36
5,8,36
5,9,37
5,9,38
6,10,39
6,11,40
5,10,39
4,9,39
4,9,38
3,8,38
3,8,38
5,8,39
5,8,39
5,8,39
5,8,39
5,8,39
5,8,39
5,8,39
4,7,38
5,8,39
5,8,39
5,8,39
5,8,39
5,8,39
5,8,39
5,8,39
5,8,39
5,8,39
5,9,41
6,10,44
7,11,45
7,11,44
7,11,44
5,10,41
5,10,40
5,10,39
5,9,39
5,9,38
5,9,38
5,9,38
5,9,39
6,9,40
7,10,41
7,10,41
7,10,41
7,10,41
6,9,40
6,9,40
6,8,40
6,8,40
6,8,42
6,8,42
5,8,42
5,8,42
5,9,42
5,9,43
6,10,45
6,10,45
6,10,45
5,9,44
5,9,44
5,9,44
5,9,44
5,9,44
5,9,43
5,9,43
5,9,43
5,9,43
5,9,43
5,10,43
5,10,43
5,10,42
6,10,42
7,10,41
7,10,41
6,10,41
6,10,39
6,10,38
6,10,37
6,10,36
5,9,35
5,9,34
5,9,34
5,9,34
6,9,33
6,8,33
6,9,32
6,9,32
7,10,33
7,10,33
8,12,33
7,11,31
6,10,30
6,10,30
5,9,30
5,9,30
5,8,32
5,9,33
5,10,34
6,11,36
8,12,37
8,13,38
7,12,37
6,10,35
4,8,32
4,8,32
4,8,33
4,8,34
5,8,35
6,8,35
6,8,36
5,8,37
5,8,38
5,8,38
6,8,39
5,8,40
4,8,42
4,8,42
4,8,43
4,8,45
4,9,46
5,11,46
6,11,48
8,13,49
8,13,48
7,13,48
8,13,49
9,14,50
8,13,50
7,13,50
6,12,49
4,10,47
3,9,46
3,8,46
3,7,46
4,7,46
4,7,45
4,8,46
7,9,47
8,10,48
11,13,51
12,13,51
11,12,50
9,10,48
8,10,45
7,9,44
7,9,44
7,9,43
7,9,43
7,9,43
7,9,43
6,8,42
6,8,42
6,9,42
6,9,42
6,8,41
6,8,41
6,8,41
5,8,40
5,8,40
6,9,40
6,9,40
6,9,40
6,9,40
6,9,40
5,9,40
5,8,39
5,8,39
5,8,39
5,8,39
5,8,39
5,8,39
5,8,39
6,9,40
6,9,40
6,9,40
6,9,40
5,8,39
5,8,39
5,8,39
5,8,39
5,8,38
5,9,39
5,9,39
5,9,38
5,8,38
5,8,38
4,8,37
4,7,37
4,7,36
4,7,36
4,8,38
5,9,39
6,10,39
7,12,42
11,16,47
11,16,47
7,13,44
6,11,42
4,9,39
2,8,37
2,8,38
3,8,38
4,8,38
5,8,39
5,8,39
5,8,39
4,7,38
5,8,39
4,7,38
5,8,39
6,9,40
6,9,40
5,8,39
5,8,39
5,8,39
5,8,39
5,8,39
5,8,40
5,9,42
6,10,44
7,12,45
7,12,45
7,12,44
5,10,41
5,10,39
4,9,39
5,9,39
5,9,39
5,9,39
5,9,39
6,9,40
8,11,42
10,12,45
10,13,46
9,12,44
7,10,41
6,9,41
6,9,40
6,8,40
6,8,42
6,8,42
6,8,42
5,8,42
5,8,42
5,9,42
5,9,42
5,10,44
6,10,45
6,10,45
5,9,44
5,9,44
5,9,44
4,8,43
4,8,43
4,8,43
4,8,43
4,9,43
5,9,43
5,9,43
5,10,43
5,10,43
5,10,43
6,10,43
7,9,42
7,9,41
7,10,41
7,10,40
6,10,39
6,10,38
6,10,37
6,9,35
5,9,35
5,9,34
5,9,34
6,9,34
6,9,33
6,9,33
6,9,33
7,10,34
9,13,37
10,13,37
8,12,33
7,11,31
6,10,30
6,9,30
5,9,30
5,9,32
5,9,33
5,10,34
7,12,37
8,13,38
8,13,38
8,13,38
6,11,36
4,8,32
4,8,32
4,8,33
4,8,34
5,8,35
6,8,36
6,8,37
6,8,37
5,8,38
5,8,38
6,8,39
6,8,39
6,8,40
5,8,42
4,8,42
4,8,43
3,8,43
4,8,45
4,9,46
5,10,46
6,11,48
6,11,46
6,10,45
6,11,46
7,13,49
6,12,49
7,13,50
7,13,50
6,12,49
4,10,47
4,8,47
4,8,46
4,8,45
4,7,45
4,8,45
5,8,46
7,9,46
8,10,48
9,10,48
8,9,46
7,9,45
7,9,44
7,9,44
6,8,43
6,8,43
6,8,43
7,9,43
7,9,43
6,8,42
6,9,42
7,9,42
6,9,42
6,8,42
6,8,42
5,7,41
5,7,41
5,7,41
5,7,41
6,9,41
6,9,41
7,9,43
6,9,42
6,8,41
5,8,41
5,8,40
5,7,40
5,7,39
5,7,39
5,8,39
5,8,39
6,9,40
7,10,41
6,9,40
6,9,40
6,9,40
6,9,40
6,9,40
5,9,39
5,9,38
6,9,40
6,9,39
5,9,38
5,9,38
5,8,38
4,8,37
4,7,37
4,7,37
4,7,38
4,8,39
5,9,40
7,12,42
12,17,48
15,20,53
15,20,52
11,17,50
7,13,44
5,11,40
2,7,39
2,7,38
3,7,38
4,8,39
5,8,39
5,8,39
5,8,39
5,8,39
5,8,39
4,7,38
6,9,40
7,10,41
6,9,40
6,9,40
5,9,39
5,8,39
5,8,39
5,8,39
5,8,40
5,9,41
6,10,43
6,11,44
6,11,44
5,11,41
4,10,40
4,9,39
4,9,39
4,9,39
5,9,39
5,9,39
5,9,39
6,9,40
8,11,44
10,12,45
10,13,46
9,12,44
7,10,41
6,9,41
6,8,40
6,8,41
6,8,42
6,8,42
6,8,42
5,8,42
5,9,42
5,9,42
4,9,42
5,9,44
6,10,44
5,9,44
5,9,44
4,8,43
4,8,43
4,8,43
4,8,43
4,8,43
4,8,43
4,8,43
4,8,43
5,9,43
5,9,43
5,10,43
5,9,43
6,9,43
7,9,43
7,9,43
7,10,42
7,10,41
7,10,40
6,10,39
6,10,38
6,9,37
5,9,35
5,9,34
5,9,34
6,9,34
5,9,33
6,9,33
6,9,33
8,11,35
10,14,38
10,14,38
10,13,37
8,11,32
7,10,30
6,9,30
5,9,30
5,9,32
5,9,33
6,10,34
8,13,37
9,13,38
9,13,38
8,13,38
7,11,36
6,10,35
4,8,32
4,8,33
4,8,34
5,8,35
6,8,37
6,9,37
6,9,39
6,9,39
6,9,39
6,8,39
6,8,39
6,8,39
6,8,40
5,8,42
5,8,42
4,8,42
4,8,43
4,8,43
4,9,45
4,9,45
5,10,44
5,10,43
5,10,43
5,9,43
5,10,44
5,10,45
5,11,48
6,12,49
7,12,50
5,11,47
5,10,47
4,8,46
4,8,45
4,8,45
4,8,45
4,8,45
5,8,45
6,8,46
7,9,46
7,9,45
7,9,44
7,9,44
7,9,44
6,8,43
6,8,43
7,9,43
7,9,43
7,9,43
7,9,43
7,9,43
7,9,43
6,9,42
6,8,42
6,8,42
5,7,41
5,7,41
5,7,41
5,7,41
6,9,41
7,9,42
7,9,43
7,9,43
6,9,42
5,7,41
5,7,41
5,7,41
5,7,41
5,7,40
5,8,40
5,8,40
6,9,40
6,9,40
6,9,40
6,9,40
5,8,39
5,8,39
5,8,39
5,8,39
5,9,38
5,9,39
5,9,38
5,9,38
5,8,38
5,8,37
4,7,37
4,7,37
4,7,38
4,7,39
5,8,40
6,10,41
9,14,47
15,21,54
18,23,56
16,21,56
15,20,53
11,17,51
6,11,44
4,8,40
4,8,39
4,7,39
5,8,39
5,8,39
5,8,39
5,8,39
5,8,39
5,8,39
5,8,39
6,9,40
7,10,41
6,9,40
5,9,39
5,8,39
5,8,38
5,8,38
5,8,39
5,8,39
5,9,41
5,9,42
5,10,43
4,9,41
4,9,40
4,9,39
3,9,39
3,8,38
3,9,38
4,9,39
4,9,39
5,9,39
6,9,40
6,11,42
8,11,44
10,13,44
7,11,44
6,10,41
6,9,41
6,8,41
6,8,41
6,8,42
6,8,42
6,9,42
5,9,42
5,9,43
5,9,43
4,9,43
5,9,44
5,9,44
5,9,44
5,9,44
5,9,44
4,8,43
4,8,43
4,8,43
4,8,43
4,8,43
4,8,43
4,8,43
5,9,43
5,9,43
5,9,43
5,9,43
6,9,43
6,9,43
7,9,43
7,9,43
8,10,44
8,11,41
7,11,40
6,10,38
6,10,37
6,9,36
5,9,35
5,9,34
6,9,34
5,9,33
5,9,33
5,9,33
6,9,33
9,13,37
9,13,37
8,11,34
7,10,32
6,9,30
6,9,30
6,9,31
6,9,33
6,10,34
7,11,35
8,12,37
9,13,38
8,13,38
7,11,36
6,10,35
6,10,35
4,8,33
4,8,34
4,9,35
5,9,37
7,11,40
7,11,40
6,9,40
6,8,39
6,8,39
5,8,39
6,8,39
6,8,40
6,8,40
6,8,40
6,8,42
4,8,42
4,8,42
4,9,43
4,9,43
4,9,43
5,9,43
5,9,43
5,9,43
4,8,43
4,9,43
4,9,43
4,10,45
5,11,48
6,12,49
5,11,47
5,10,47
4,9,45
4,8,45
4,8,44
4,8,43
4,8,43
4,8,44
5,8,44
6,9,45
6,9,44
6,9,44
7,9,44
7,9,44
7,9,44
7,9,43
7,9,43
7,9,43
7,9,43
7,9,43
6,9,43
6,8,42
6,8,42
6,8,42
5,7,42
5,7,41
5,7,41
5,7,41
5,7,41
5,8,41
6,9,42
7,9,43
7,9,43
6,8,42
5,8,41
5,7,41
5,7,41
5,7,41
5,7,41
5,8,40
5,8,40
6,9,40
6,9,40
6,9,40
6,9,40
5,8,39
5,8,39
5,8,39
5,8,38
5,8,38
5,9,38
5,9,38
4,8,37
4,8,37
4,7,37
4,7,37
4,7,37
4,7,38
4,7,38
4,8,40
6,9,41
10,16,49
15,21,56
18,23,56
18,23,56
15,21,56
15,20,53
10,15,48
6,10,42
5,8,40
5,8,39
5,8,40
5,8,39
5,8,39
5,8,39
5,8,39
5,8,39
6,9,40
6,9,40
7,10,41
6,9,40
5,8,39
4,8,38
4,8,38
5,8,38
5,8,38
5,9,39
5,9,39
5,9,41
5,10,41
5,9,40
4,9,39
4,9,39
3,8,38
3,8,38
3,8,39
4,8,39
4,9,39
5,9,40
6,9,40
6,10,41
6,11,42
6,11,43
5,9,41
5,8,39
5,8,40
5,8,41
5,8,41
6,8,42
6,9,42
6,9,43
6,10,43
6,10,43
5,10,43
5,9,43
5,9,44
5,9,44
5,9,44
5,9,44
5,9,44
5,9,44
5,9,44
5,9,44
5,9,44
5,9,44
4,8,43
5,9,44
5,9,43
5,9,43
5,8,43
5,8,43
6,8,43
6,8,43
6,9,43
7,9,43
8,10,44
8,11,43
7,11,41
6,10,39
6,10,37
6,9,37
5,9,35
5,9,34
5,9,34
5,9,33
5,9,33
5,8,32
5,8,32
5,9,33
7,10,33
7,10,32
6,9,31
6,9,30
6,9,30
6,9,31
6,10,33
6,11,34
7,11,35
8,12,36
8,12,37
7,11,36
7,11,35
6,10,35
6,10,35
4,8,33
4,8,34
5,9,36
8,12,41
10,13,43
10,13,43
7,10,41
6,8,40
6,8,40
5,8,39
6,8,40
6,9,40
6,9,40
6,8,40
6,9,40
6,9,42
4,8,42
4,9,42
4,9,42
4,9,42
4,9,42
5,9,41
5,9,41
4,8,42
4,9,43
4,9,43
4,9,43
4,9,43
4,10,44
5,10,45
5,9,44
4,9,43
4,8,43
4,8,43
4,8,43
4,8,43
4,8,43
5,8,44
5,9,44
6,9,45
6,9,45
7,10,45
7,9,44
7,9,44
7,9,44
7,9,44
7,9,44
7,9,43
6,9,43
6,8,43
6,8,42
6,8,42
5,8,42
5,7,41
5,7,41
5,7,41
5,7,40
5,7,40
5,8,40
6,8,41
6,9,42
6,8,41
5,8,41
5,8,41
5,7,41
5,7,41
5,7,41
5,7,41
5,8,40
5,8,40
5,8,39
6,9,40
6,9,40
5,8,39
5,8,39
5,8,39
4,8,38
4,8,38
4,8,38
5,8,38
4,8,37
4,8,37
4,8,37
4,7,36
4,7,36
4,7,37
4,7,37
4,7,37
4,8,39
4,9,40
7,12,46
13,19,54
15,21,56
15,21,56
15,21,56
15,20,54
10,16,50
6,11,44
5,8,40
5,8,40
5,8,40
5,8,40
5,8,40
5,8,40
5,8,39
5,8,39
5,8,39
5,8,39
5,8,39
4,8,38
4,7,38
4,7,37
4,7,37
4,8,37
4,8,37
5,9,38
5,9,39
5,9,39
5,9,39
5,9,39
4,9,39
4,8,38
3,8,38
3,8,38
3,8,39
3,8,39
4,9,40
5,10,40
6,9,41
5,9,41
5,9,40
5,8,39
3,8,39
3,8,39
3,8,39
4,8,40
4,8,41
6,9,42
6,10,44
8,13,46
8,11,46
8,11,49
8,12,49
8,12,49
8,12,49
11,15,50
8,12,47
6,10,45
6,10,45
6,10,45
5,9,44
5,9,44
5,9,44
5,9,44
5,9,44
5,9,44
5,9,44
5,9,43
5,9,43
5,8,43
6,8,43
6,8,43
6,9,43
7,9,43
7,10,44
7,10,43
7,10,41
6,9,40
6,9,38
6,9,37
5,9,35
5,9,34
5,9,34
5,9,33
5,8,32
5,8,32
5,8,32
5,8,32
5,9,32
5,9,32
5,9,31
5,9,30
5,9,30
6,9,30
6,10,34
6,11,34
7,11,35
7,11,35
7,11,35
6,10,35
6,10,35
6,10,35
6,10,35
4,8,32
4,8,34
4,8,36
6,10,38
10,14,43
10,15,46
10,15,46
7,12,44
5,8,42
5,8,41
5,8,40
5,8,40
6,9,40
6,9,40
6,9,40
6,9,40
6,9,40
5,9,40
4,9,40
4,9,40
4,9,40
4,9,41
5,9,41
5,9,41
4,8,41
4,9,42
4,9,42
4,9,42
4,9,42
4,9,43
4,9,43
4,9,43
4,9,43
4,8,43
4,8,43
4,8,43
4,8,43
4,8,43
5,9,43
5,9,44
5,11,46
6,11,46
7,11,46
7,11,46
7,11,46
8,11,46
9,12,47
8,10,44
7,9,44
7,9,43
6,9,43
5,8,42
5,7,42
5,7,42
5,7,41
5,7,41
5,7,40
5,8,40
5,8,39
5,8,39
5,8,39
5,8,39
5,8,39
5,8,40
5,8,41
5,8,41
5,7,41
5,7,41
5,7,40
5,8,40
5,8,39
5,8,39
5,8,39
5,8,39
5,8,39
5,8,39
5,8,39
4,8,38
4,8,37
4,8,37
4,8,37
4,8,37
4,8,36
4,7,36
4,7,36
4,7,36
4,7,36
4,7,36
3,6,37
3,7,37
2,7,38
3,8,41
7,13,48
12,18,53
15,21,55
15,21,55
13,20,53
10,16,50
6,11,44
6,8,41
5,8,41
5,7,41
5,7,41
5,7,40
5,7,40
5,7,39
5,8,39
5,8,39
5,8,39
5,8,38
4,7,38
4,7,38
4,7,37
4,7,37
4,8,37
4,8,37
4,8,37
5,8,38
5,9,38
4,9,39
4,9,38
4,8,38
4,8,38
3,8,38
3,8,38
3,8,39
3,8,39
5,10,41
9,14,45
6,11,44
4,9,41
3,8,39
3,8,39
3,8,39
3,8,39
3,8,39
3,8,39
4,9,41
4,9,42
8,13,46
12,17,50
13,17,53
12,17,54
13,18,55
13,18,55
12,17,54
12,18,54
12,18,53
11,15,50
10,14,49
7,13,49
6,10,45
5,9,44
5,9,44
5,9,44
5,9,44
5,9,44
5,9,44
5,9,44
5,8,43
5,8,43
6,8,43
6,8,43
6,8,43
6,9,43
7,9,43
6,10,42
6,10,41
6,9,40
6,9,38
6,9,37
5,9,36
5,9,35
5,9,34
5,9,33
5,8,32
5,8,32
5,8,32
5,8,32
5,9,32
5,9,32
4,9,31
4,9,30
5,9,30
5,9,30
6,10,32
6,10,34
6,10,34
6,10,34
6,10,34
6,10,34
6,10,34
6,10,34
6,10,34
6,10,34
4,8,33
4,8,34
4,8,36
6,10,39
8,14,43
10,14,45
7,14,45
5,10,43
5,8,42
5,8,41
5,8,40
5,8,40
6,9,40
6,9,40
6,9,40
6,9,40
6,9,40
5,9,40
5,9,40
5,9,40
5,9,40
5,9,40
5,9,40
5,9,41
5,9,41
4,9,42
4,9,42
4,9,42
4,9,42
4,9,42
4,8,42
4,9,42
4,9,43
4,8,42
5,8,43
5,8,43
4,8,43
4,8,43
4,9,43
5,10,44
5,11,46
5,11,46
7,11,46
8,12,47
10,13,48
11,16,51
12,17,52
13,17,52
8,12,47
7,9,44
6,9,43
5,8,43
5,8,42
6,8,42
5,7,41
5,7,41
5,8,40
5,8,39
5,8,39
5,8,39
5,8,39
5,8,39
5,8,39
5,8,39
5,8,39
5,8,40
5,8,40
5,7,40
5,7,40
5,7,39
5,7,39
5,8,39
5,8,39
5,8,39
5,8,39
5,8,39
5,8,39
4,8,38
4,8,37
4,8,37
4,8,37
4,8,36
4,8,36
4,7,36
4,7,36
4,7,36
4,7,36
4,7,36
4,7,37
3,7,37
2,7,38
2,7,39
3,9,44
8,14,49
13,19,53
14,20,54
13,19,53
10,15,48
6,10,42
5,8,41
5,8,41
5,7,40
5,7,40
5,7,40
5,7,40
5,7,40
5,7,39
5,8,39
5,8,39
4,7,38
4,7,38
4,7,37
3,7,36
3,7,36
4,8,36
4,8,36
4,8,36
5,8,37
5,9,37
5,9,38
5,9,38
4,8,38
4,8,38
3,8,38
3,8,38
4,8,39
5,10,41
11,16,49
11,16,49
11,16,47
4,9,41
3,8,39
3,8,38
3,8,38
3,8,38
3,8,38
3,8,39
3,8,41
4,9,42
8,13,47
12,17,51
13,17,53
12,17,54
13,18,55
13,18,55
12,17,54
12,18,54
12,18,53
11,15,50
10,14,49
7,13,49
6,10,45
5,9,44
5,9,44
5,9,44
5,9,44
5,9,44
5,9,44
5,9,44
5,9,44
5,9,44
6,9,44
6,8,43
6,9,43
6,9,43
6,9,43
6,9,42
5,9,40
5,9,39
6,9,39
6,9,37
6,10,37
5,9,35
5,9,34
5,9,33
5,9,32
5,8,32
5,8,32
5,8,32
5,8,31
4,9,31
4,9,30
4,9,30
4,9,30
4,9,30
4,9,32
6,10,32
6,10,34
6,10,34
6,10,34
6,10,34
6,10,34
6,10,34
5,9,34
6,10,34
4,8,34
4,8,35
4,8,36
4,10,39
6,12,43
7,12,43
5,10,43
5,9,43
5,9,42
5,8,41
5,8,40
6,9,40
6,9,40
6,9,40
6,9,40
6,9,40
6,9,40
5,9,39
5,9,39
5,9,39
5,9,39
5,9,39
5,9,40
5,9,41
5,9,41
5,10,42
4,9,42
4,9,42
4,9,42
4,9,42
4,8,42
4,9,42
4,9,43
5,8,42
6,9,43
6,9,43
5,9,43
5,8,43
5,9,43
4,9,44
5,11,46
5,11,46
7,13,48
9,14,50
10,16,51
12,18,54
16,20,55
17,23,59
13,17,52
8,11,46
5,9,44
5,8,43
5,8,42
5,8,42
5,8,41
5,8,40
5,8,39
5,8,39
5,8,39
5,8,38
5,9,38
5,8,38
5,8,38
5,8,39
5,8,39
5,8,39
5,8,40
5,8,40
5,7,40
4,7,39
4,7,39
4,7,38
4,7,39
5,8,39
5,8,39
5,8,39
5,9,39
4,8,38
4,8,37
4,8,37
4,8,37
4,8,36
4,8,36
4,8,36
4,7,36
4,7,36
4,7,36
4,7,36
4,7,37
3,7,37
3,7,37
3,7,38
3,8,39
3,9,44
7,13,48
9,14,48
9,14,48
7,11,44
5,9,41
5,8,40
5,8,40
4,7,40
4,6,40
4,7,40
4,7,40
4,7,40
5,7,39
5,8,40
5,8,39
4,8,38
4,7,38
3,7,37
3,7,36
3,7,36
3,7,36
3,7,36
4,8,36
5,8,36
5,8,37
5,8,37
5,8,37
5,8,38
4,8,38
4,8,38
4,8,38
4,8,40
9,14,45
12,17,49
12,17,49
12,17,48
8,13,44
3,8,39
3,8,38
3,8,38
3,8,38
3,8,38
3,9,38
4,9,39
5,9,42
8,12,46
11,16,51
13,17,53
12,17,54
12,17,54
12,17,54
12,16,53
12,16,53
12,16,51
10,14,50
10,14,49
7,13,49
6,9,44
6,9,44
6,9,44
5,9,44
5,9,44
5,9,44
5,9,44
5,9,44
5,9,44
5,9,44
6,9,44
6,9,44
6,9,43
6,9,43
6,9,43
6,9,42
6,9,40
6,9,39
6,9,39
6,9,38
6,10,37
6,9,35
6,9,34
5,9,33
5,9,33
5,9,32
5,9,32
5,9,31
5,9,31
5,9,30
4,9,30
4,9,30
4,9,30
4,9,30
4,9,30
4,9,31
4,9,32
5,9,32
5,10,33
5,10,33
5,10,33
5,10,33
5,9,33
5,9,33
4,8,35
4,8,35
4,8,36
4,8,38
5,10,39
5,10,42
5,9,42
5,9,41
5,9,41
5,9,40
6,9,40
6,9,40
6,9,40
6,9,40
6,9,40
6,9,40
6,9,40
6,9,39
5,9,39
5,9,39
5,9,39
4,9,39
5,9,40
5,9,41
5,10,42
5,10,43
5,10,43
4,10,43
4,9,43
4,9,43
4,9,42
4,9,43
5,9,43
6,9,43
6,9,43
6,9,43
6,9,43
5,9,43
5,9,43
4,9,43
4,9,44
4,9,44
7,13,48
10,14,51
11,17,53
16,22,59
17,23,60
18,23,60
15,19,56
11,14,50
6,9,44
6,8,43
6,8,43
5,8,42
5,8,41
5,8,40
5,8,40
5,8,39
5,8,39
5,9,38
5,9,38
5,9,38
5,9,38
5,9,38
5,9,39
5,9,40
6,9,40
5,8,40
5,8,40
4,7,39
4,7,39
3,7,39
3,7,39
5,8,39
5,8,40
5,9,40
6,10,39
4,9,38
4,8,37
4,8,37
4,8,37
4,8,36
4,8,36
4,8,36
4,7,36
4,7,36
4,7,37
4,7,37
4,7,37
3,7,37
3,7,37
3,6,37
3,6,38
3,7,38
4,7,39
5,9,42
5,9,41
5,9,40
5,9,39
5,8,39
5,8,39
4,7,39
4,7,39
4,7,40
4,7,40
4,7,40
5,8,41
5,9,42
5,9,41
4,8,38
4,8,38
3,7,37
3,7,36
3,7,37
4,7,36
4,7,36
4,7,36
4,8,36
5,8,36
5,8,37
5,8,37
5,8,37
4,8,38
4,8,38
4,8,38
4,8,39
6,11,42
11,16,48
11,16,48
11,16,47
4,9,40
3,9,38
3,9,37
2,8,37
3,9,38
3,9,38
4,9,38
4,9,39
5,8,39
5,9,42
8,11,44
8,12,47
8,12,47
8,12,47
8,12,47
7,12,47
6,11,46
6,10,44
6,9,43
6,8,43
6,8,43
6,8,43
6,8,43
6,9,44
6,9,44
5,9,44
5,9,44
5,9,45
5,9,44
5,9,44
5,9,44
6,9,45
6,9,45
6,10,44
6,9,44
6,9,43
6,9,42
6,9,40
6,9,40
6,9,39
6,10,39
6,10,38
6,10,37
6,9,35
5,9,34
5,9,33
5,9,32
5,9,31
5,9,31
5,9,30
5,9,30
5,9,30
5,10,30
4,10,29
4,10,29
4,9,30
4,9,30
4,9,30
4,9,31
5,9,32
5,9,32
5,9,32
5,10,32
5,10,32
5,9,33
4,8,35
4,8,35
4,8,36
4,8,37
4,8,39
4,9,40
5,9,40
5,9,40
5,9,40
6,9,40
6,9,40
6,9,40
6,9,40
6,8,40
6,8,41
6,9,40
6,9,40
6,9,40
5,9,39
4,9,39
4,9,40
4,9,40
4,9,41
5,9,42
5,10,43
5,10,43
5,11,46
6,13,48
7,13,46
5,10,43
4,9,43
5,9,43
5,9,43
6,9,43
6,9,43
6,9,43
6,9,43
6,8,43
4,8,43
4,8,43
4,9,43
4,9,44
5,11,46
8,14,51
12,18,54
18,24,60
18,24,61
18,24,61
17,23,59
13,17,52
8,11,47
6,9,44
6,8,43
6,8,43
6,8,41
5,8,41
5,8,40
5,8,39
5,9,38
5,9,38
5,9,38
5,9,38
5,9,38
5,9,38
6,10,39
7,10,40
7,10,40
6,9,40
5,8,40
4,7,39
3,7,39
2,6,39
3,7,39
3,8,39
6,10,41
7,10,41
7,10,40
5,9,38
4,8,37
4,8,37
4,8,36
4,8,36
4,8,36
4,7,36
4,7,37
4,7,37
4,7,37
4,7,37
4,7,37
4,7,37
3,7,37
3,6,37
3,6,37
3,6,37
3,6,37
4,7,38
4,8,38
4,8,38
4,8,38
4,8,37
4,8,38
4,7,38
4,7,38
4,7,39
4,7,40
4,7,40
5,9,42
6,11,44
6,11,44
5,9,41
4,8,39
3,8,38
3,7,37
3,7,37
4,7,36
4,7,36
4,7,36
4,7,36
4,7,36
4,7,36
5,8,37
5,8,37
4,8,38
4,8,38
4,8,38
4,8,38
4,9,41
7,12,43
9,14,45
6,11,42
4,9,38
4,9,37
3,9,37
3,9,37
4,9,37
4,9,37
4,9,38
4,8,38
5,8,39
5,8,40
6,9,41
6,9,42
6,10,43
7,10,43
6,10,43
6,9,43
6,9,43
6,9,43
6,8,42
6,8,43
6,8,43
6,8,43
6,8,43
6,8,43
6,9,44
6,9,44
5,9,45
5,9,46
5,9,45
5,9,45
5,9,45
5,9,46
7,10,47
7,11,47
7,10,45
7,10,44
7,9,42
6,10,41
6,10,40
6,10,39
6,10,39
6,10,38
6,10,38
6,10,37
6,10,35
6,9,33
6,9,33
6,9,31
5,9,31
6,9,30
6,9,30
6,10,30
6,10,29
6,10,29
4,10,29
4,9,30
4,9,30
4,9,30
4,9,31
4,9,31
5,9,31
5,10,31
5,10,31
5,10,32
5,10,33
5,8,34
4,8,35
4,8,35
4,8,36
3,8,36
4,8,38
4,8,39
5,9,40
5,9,40
6,9,40
6,9,40
6,9,40
6,9,40
6,8,41
6,8,42
6,8,42
6,8,42
6,8,42
6,9,40
4,9,40
4,9,40
4,9,40
4,9,40
4,9,42
4,9,43
5,9,43
5,11,46
6,13,48
11,17,52
11,17,52
8,13,48
5,10,43
6,9,43
6,9,43
6,9,43
6,8,43
6,8,43
6,9,43
6,8,43
5,8,43
4,8,43
4,8,43
4,8,43
5,11,46
8,14,51
12,18,55
18,24,61
18,24,61
18,24,61
17,23,60
13,17,54
8,11,47
6,9,45
6,8,44
6,8,43
6,8,42
6,8,41
5,8,40
5,8,39
5,9,39
5,9,38
5,9,38
5,9,38
5,9,38
6,10,39
7,10,40
7,11,41
7,10,41
6,9,40
4,8,40
3,7,38
2,7,38
2,6,38
2,7,39
3,7,39
4,9,41
7,10,41
7,10,40
5,9,38
4,9,38
4,8,37
4,8,36
4,8,37
4,7,37
4,7,37
4,7,37
4,7,37
4,7,37
4,7,37
4,7,37
4,7,37
4,7,36
3,6,36
3,6,36
3,6,36
3,6,37
3,6,37
4,7,37
4,8,37
4,8,37
4,8,37
4,8,37
4,7,37
3,7,38
3,7,38
4,7,39
3,7,40
5,9,42
6,11,44
6,11,44
6,11,44
4,8,41
3,8,38
3,8,38
4,8,37
4,8,37
4,7,36
4,7,36
4,7,36
4,7,36
4,7,36
5,7,37
5,8,38
5,8,38
4,8,38
4,8,38
4,8,38
4,8,38
5,9,40
5,9,40
5,9,38
4,9,38
4,9,37
4,9,37
5,9,37
5,9,37
5,9,37
5,9,37
5,8,38
5,8,39
5,8,39
6,9,40
6,9,40
6,9,40
6,9,41
6,9,41
6,9,42
6,9,42
6,9,42
6,8,42
6,8,42
6,8,43
6,8,43
6,8,43
6,8,43
6,9,44
6,9,45
6,9,46
5,9,46
5,9,46
5,9,46
5,9,46
5,9,46
6,10,47
7,11,47
7,10,46
7,10,44
7,10,43
7,10,41
7,10,40
7,10,40
7,10,39
7,10,39
6,10,38
6,10,37
6,9,37
6,9,35
6,9,33
6,9,33
6,9,31
6,9,30
6,9,29
6,10,29
6,10,29
6,10,29
4,10,29
4,9,30
4,9,30
4,9,30
4,9,30
4,9,31
5,10,31
5,10,31
5,10,31
5,10,32
5,10,33
6,10,34
5,8,33
5,8,34
4,8,35
4,8,36
4,7,36
4,8,37
4,8,39
5,8,39
6,9,40
6,9,40
6,9,40
6,9,40
6,9,42
6,8,42
6,8,42
6,8,42
6,8,42
6,8,42
4,9,42
4,9,40
4,9,40
4,9,42
4,9,42
4,9,43
4,9,43
4,9,44
5,10,46
6,13,49
11,17,52
11,17,52
8,13,49
6,10,45
6,9,43
6,9,43
6,9,43
6,9,44
7,9,44
6,9,43
6,8,43
6,8,43
5,8,43
4,9,43
4,9,44
5,10,45
8,14,50
12,18,55
17,22,59
18,24,61
18,23,61
17,23,60
13,17,53
9,11,47
7,9,46
6,8,44
6,8,43
6,8,43
6,8,42
5,8,41
5,8,40
5,8,39
5,9,38
5,9,38
5,9,38
6,10,38
6,10,39
7,10,40
7,11,40
7,10,41
5,8,40
3,7,39
3,7,38
2,7,38
2,7,38
2,7,38
3,8,39
4,8,40
4,8,39
4,9,38
5,9,38
4,8,38
4,7,37
4,7,37
4,7,37
4,7,37
4,7,38
4,7,38
4,7,38
4,7,37
4,7,37
3,7,37
4,7,35
4,7,35
3,6,35
3,6,35
3,6,35
3,6,36
3,6,36
3,7,37
3,7,37
4,7,37
4,8,37
4,8,37
4,7,37
3,7,37
3,7,38
3,7,38
3,7,39
3,8,40
5,10,43
6,11,44
6,11,44
6,11,43
5,9,40
4,8,38
5,8,38
5,8,37
5,8,37
4,7,36
4,7,36
4,7,36
5,7,36
5,8,37
5,8,37
5,8,38
5,8,38
5,8,38
5,8,38
4,8,37
5,9,38
5,9,38
5,9,37
4,9,37
4,9,37
4,9,37
5,9,37
5,9,37
5,9,37
5,8,37
5,8,38
5,8,38
5,8,39
6,9,40
6,9,40
6,9,40
6,9,40
6,9,40
6,9,40
6,9,40
6,9,41
6,9,42
6,8,42
6,8,43
6,8,43
6,8,43
6,9,44
6,9,44
6,9,46
6,10,47
5,9,47
5,9,46
5,8,46
5,8,46
5,9,46
6,9,47
7,10,47
7,9,46
7,9,44
7,9,43
7,10,41
7,10,41
7,10,40
7,11,40
7,11,39
6,10,38
6,10,38
6,9,37
6,9,36
6,9,35
6,9,33
6,9,31
6,9,30
6,10,29
6,10,29
6,10,29
6,10,29
6,10,29
4,9,30
4,9,30
4,9,30
4,9,30
4,9,30
5,10,31
5,10,31
5,10,31
5,10,32
6,10,34
6,10,34
5,7,33
5,8,34
5,8,35
4,7,36
4,7,36
5,8,37
5,8,39
5,8,39
6,9,40
6,9,40
6,9,40
6,9,40
6,8,42
6,8,42
6,8,42
6,8,42
6,8,42
6,9,42
4,9,42
4,9,42
4,9,42
4,9,42
4,9,42
4,9,43
4,9,43
3,9,44
3,9,45
3,11,48
6,13,50
10,14,51
7,12,49
6,10,45
6,9,43
6,9,43
6,9,43
6,8,43
6,9,44
7,9,44
6,9,43
6,8,43
5,8,43
5,8,43
4,9,44
5,9,44
7,13,48
12,17,55
16,21,59
18,23,59
18,22,59
16,20,57
11,14,52
8,11,47
7,9,45
6,8,44
6,8,43
6,8,43
6,8,42
5,8,41
5,8,39
5,8,39
5,8,38
5,9,38
5,9,38
5,9,38
6,10,39
6,10,39
6,10,40
6,9,40
5,8,39
4,7,38
3,7,37
3,7,37
3,7,37
3,7,37
3,8,38
4,8,38
4,7,38
4,8,38
4,7,38
4,7,38
3,7,37
4,7,38
4,7,38
4,7,38
4,7,39
4,7,38
4,7,38
4,7,37
4,7,37
3,7,35
4,7,35
4,7,35
3,6,35
3,5,35
3,5,35
3,5,35
3,6,36
3,7,36
3,7,36
3,7,36
3,7,36
3,7,36
3,7,37
3,7,37
3,7,37
3,7,38
3,8,39
3,8,40
3,8,41
5,10,43
6,11,44
6,11,44
6,9,41
5,9,40
5,9,38
5,8,38
5,8,37
5,8,36
4,7,36
4,7,36
5,7,36
5,8,36
5,8,37
5,8,37
5,8,37
5,8,37
5,8,37
4,8,37
5,8,37
5,8,37
5,8,37
5,9,37
5,9,37
4,9,37
4,9,37
4,8,37
4,8,37
4,8,37
4,8,37
5,8,38
5,8,39
6,9,40
6,9,40
6,9,40
6,9,40
6,9,40
6,9,40
6,9,40
6,9,40
6,9,42
6,9,42
6,8,43
6,8,43
6,8,43
6,9,44
6,9,44
6,9,45
6,10,46
6,9,47
5,9,46
5,8,46
5,8,46
5,8,46
6,9,46
6,9,46
7,9,45
7,9,44
7,9,44
7,10,42
7,10,41
7,10,40
7,10,40
6,11,40
6,10,38
6,10,38
6,9,37
6,9,36
5,9,35
5,9,34
5,9,33
5,9,31
5,9,29
6,10,29
6,10,29
6,9,29
6,9,30
4,9,30
4,9,30
4,9,30
4,9,30
4,9,30
5,9,31
5,10,31
5,10,31
5,10,33
6,10,34
6,10,34
5,7,33
5,7,33
5,8,35
5,7,36
5,7,36
5,8,37
5,8,39
5,8,39
6,8,40
6,9,40
6,8,42
6,8,42
6,8,42
6,8,42
6,8,42
6,8,42
4,9,42
4,9,42
4,9,42
4,9,42
4,9,42
4,9,42
4,9,42
4,9,43
4,8,43
3,9,44
3,9,45
3,9,46
4,9,46
6,12,47
6,10,46
6,8,43
6,8,43
6,8,43
6,8,43
6,8,43
6,9,44
6,9,44
6,9,44
6,9,44
5,9,44
5,8,43
4,8,43
4,9,44
4,10,45
9,14,50
14,19,56
18,21,57
16,20,57
14,17,53
9,11,47
7,9,46
6,8,44
6,8,43
6,8,43
6,8,42
5,8,41
5,8,41
5,8,39
5,8,38
5,8,38
5,8,38
5,9,38
5,9,38
5,9,39
6,10,39
6,9,40
5,9,39
5,8,39
4,8,38
4,8,37
3,7,37
3,7,37
3,7,37
3,8,37
4,7,38
4,7,38
4,8,38
4,7,38
4,7,38
4,7,38
4,7,38
4,7,39
4,7,40
4,7,40
6,8,40
5,8,38
4,7,37
4,7,36
4,7,35
4,7,35
4,7,34
3,7,34
3,6,35
3,6,35
3,6,35
3,6,35
3,7,36
3,7,36
3,7,36
3,7,36
3,7,36
3,7,36
4,7,37
4,7,37
3,7,38
3,7,38
3,8,39
3,8,40
5,9,42
6,11,44
6,11,44
6,11,43
6,9,40
5,8,39
4,8,38
5,8,37
5,8,36
5,7,36
5,7,36
5,7,36
5,7,36
5,8,36
5,8,37
5,8,37
5,8,37
4,8,37
4,8,37
5,8,37
5,8,37
5,8,37
5,8,36
5,8,37
4,8,37
4,8,37
4,8,37
4,8,37
4,8,37
5,8,38
5,8,39
5,8,39
6,9,40
6,9,40
6,9,40
6,9,40
6,9,40
6,9,40
6,9,40
6,9,40
6,9,41
6,9,42
6,9,43
5,9,43
5,9,43
5,9,44
5,9,44
6,9,45
6,9,46
6,9,46
6,9,46
5,8,46
5,8,46
6,8,46
6,8,46
6,9,45
6,9,44
6,9,44
6,9,44
5,9,43
5,10,41
5,10,40
5,10,40
6,11,40
6,10,39
6,10,38
6,10,38
6,9,37
6,9,36
6,9,34
5,9,33
5,9,31
5,9,31
6,9,30
6,9,29
6,9,30
6,9,30
4,9,30
4,9,30
4,9,30
4,9,30
4,9,30
4,9,31
5,9,31
5,9,32
5,10,33
6,10,34
6,10,34
5,7,33
5,7,33
5,8,35
5,7,36
5,8,36
5,8,37
5,8,39
5,8,39
6,8,40
6,8,40
6,8,42
6,8,42
6,8,42
6,8,42
6,8,42
6,9,42
4,9,42
4,9,42
4,9,42
4,9,42
4,9,42
4,9,42
4,9,42
4,9,43
4,9,43
4,9,44
3,9,45
3,9,45
3,9,46
4,9,46
5,9,45
6,8,43
6,8,43
6,8,43
6,8,43
6,8,43
6,9,44
6,9,44
6,9,44
6,9,44
6,9,44
5,9,44
4,9,44
4,9,44
4,9,44
5,10,45
9,14,50
12,15,53
12,15,53
11,14,50
8,11,46
6,8,44
6,8,43
6,8,43
6,8,42
5,7,42
5,8,41
5,7,41
5,8,39
5,8,38
5,8,38
5,8,38
5,9,38
5,9,38
5,9,38
5,9,39
5,9,39
5,9,39
6,9,39
5,9,38
5,9,37
4,8,37
4,7,36
4,8,37
4,7,37
4,7,37
4,7,38
4,8,38
4,7,38
4,7,38
4,7,38
4,7,38
4,7,39
5,7,40
8,10,43
8,10,43
7,9,40
4,7,38
4,7,35
4,7,35
4,7,34
4,7,33
3,7,33
3,6,34
3,6,35
3,6,35
3,6,35
3,7,36
3,7,36
3,7,36
3,7,36
3,7,35
3,7,35
4,7,37
4,7,37
3,7,37
3,7,38
3,7,38
3,7,40
5,9,41
6,10,43
6,11,43
6,10,43
6,9,40
4,8,39
4,7,38
5,8,37
5,8,37
5,8,36
5,8,36
5,8,36
5,8,36
5,8,36
5,8,37
5,8,37
5,8,37
5,8,37
5,8,37
5,8,36
5,8,36
5,8,36
5,8,36
5,8,36
5,8,37
5,8,37
4,8,37
4,8,37
5,8,38
5,8,39
5,8,39
6,9,40
6,9,40
6,9,40
6,9,40
6,9,40
6,9,40
6,9,40
6,9,40
6,9,40
6,9,41
6,9,42
5,9,43
5,9,43
5,9,44
5,9,44
5,9,44
6,9,45
6,10,46
6,10,46
6,9,46
6,9,46
6,8,46
6,8,45
6,8,44
6,8,44
6,9,44
6,9,44
6,9,44
5,9,44
5,10,43
5,10,41
5,11,40
5,11,40
5,11,40
6,11,39
6,11,39
6,10,38
6,9,37
6,9,35
5,9,34
5,9,33
5,9,31
5,9,31
6,9,30
6,9,30
6,9,30
4,9,30
4,9,30
4,9,30
4,9,30
4,9,30
4,9,31
4,9,32
5,9,32
5,9,33
6,10,34
6,10,34
5,7,31
5,7,32
5,7,33
5,7,35
5,7,36
5,7,36
5,8,37
5,8,39
6,8,40
6,8,40
6,8,42
6,8,42
6,8,42
6,8,42
6,8,42
6,8,42
4,9,42
4,9,42
4,9,42
4,9,42
4,9,42
4,9,42
4,9,42
5,9,43
5,9,43
5,9,43
4,8,44
4,9,45
3,9,46
4,9,46
4,9,46
5,8,45
6,8,43
6,8,43
6,8,43
6,8,43
6,9,44
6,9,44
6,9,44
5,9,44
6,9,44
6,9,44
5,9,44
5,9,44
4,9,44
4,9,44
4,9,44
8,12,46
9,13,48
10,13,48
9,11,46
7,9,44
6,8,42
6,8,42
6,8,42
6,8,42
5,7,41
5,7,41
5,7,41
5,7,38
5,8,38
5,8,38
4,8,38
5,9,38
5,8,38
5,8,38
5,8,38
5,9,39
6,9,40
6,9,40
6,9,38
5,9,37
4,8,37
4,7,36
4,7,37
4,7,37
4,7,37
5,7,38
5,8,38
4,7,38
4,7,38
4,7,38
4,7,38
4,7,39
5,7,40
8,10,43
8,10,43
7,9,39
5,7,37
4,7,35
4,7,34
4,7,34
4,7,33
3,7,33
3,7,34
3,6,35
3,6,35
3,6,35
3,7,36
3,7,36
3,7,36
3,7,36
3,7,35
3,7,35
4,7,36
4,7,37
4,7,38
4,8,38
4,8,38
4,8,39
5,8,41
5,10,42
6,11,43
6,10,43
5,9,40
4,8,40
3,8,39
5,8,38
5,8,38
5,8,36
5,8,36
5,8,36
5,8,36
5,8,36
4,8,37
5,8,37
5,8,37
5,8,37
5,8,37
5,8,37
5,8,37
5,8,36
5,8,36
5,8,36
4,8,37
5,8,37
4,8,37
4,8,38
5,8,39
5,8,39
6,8,40
6,9,40
6,9,40
6,9,40
6,9,40
6,9,40
6,9,40
6,9,40
6,9,40
6,9,40
4,9,41
4,9,42
5,9,43
5,9,43
5,9,44
5,9,44
5,9,44
6,10,45
6,10,46
7,10,47
7,10,47
7,9,47
7,9,46
7,9,45
7,9,44
6,9,44
6,9,44
6,9,44
6,9,44
5,10,44
5,10,44
5,11,42
5,11,41
5,11,40
5,11,40
5,11,40
6,12,40
7,12,40
6,11,39
6,10,36
5,10,34
5,9,33
5,9,33
5,9,32
6,9,32
6,9,30
6,9,30
4,9,30
4,9,30
4,9,30
4,9,30
4,9,30
4,9,31
4,9,32
4,9,32
5,9,33
5,9,34
6,10,34
6,10,34
5,7,31
5,7,32
6,7,33
6,7,35
5,7,36
5,7,36
5,7,37
5,8,39
6,8,40
6,8,42
6,8,42
6,8,42
6,8,42
6,8,42
6,8,42
4,8,42
4,9,42
4,9,42
4,9,42
4,9,42
4,9,42
5,9,43
5,9,43
5,9,43
5,9,43
6,9,44
5,9,45
4,9,46
4,9,46
4,9,46
4,9,45
5,8,44
5,8,43
6,8,43
6,8,43
6,8,43
6,9,44
6,9,44
6,9,44
6,9,44
6,9,44
6,9,44
5,9,44
4,9,44
4,8,43
4,8,43
4,9,44
8,11,46
9,12,46
9,12,46
7,10,45
6,8,42
6,8,42
6,8,42
6,8,41
5,8,41
5,7,41
5,7,41
5,7,39
5,7,39
5,8,38
5,8,38
5,8,38
5,9,38
5,9,38
5,8,38
5,8,39
5,9,39
6,9,40
6,9,40
6,9,39
5,9,37
5,8,37
5,7,36
5,7,37
5,7,37
5,7,38
5,7,38
5,8,38
4,7,38
4,7,37
3,7,37
3,7,37
3,7,37
4,7,38
4,7,40
6,8,39
4,7,38
4,7,35
4,7,35
4,7,35
4,7,34
4,7,33
4,7,33
3,7,34
3,6,35
3,6,35
3,7,36
3,7,36
3,7,36
3,7,36
3,8,36
3,7,35
3,8,35
5,8,36
5,8,37
4,8,38
5,8,39
5,8,39
4,8,40
5,9,41
5,9,42
5,10,43
5,10,43
4,8,41
3,8,40
3,8,39
4,8,39
5,8,38
5,8,37
5,8,36
5,8,36
4,8,36
4,8,36
4,8,37
4,8,37
5,8,37
5,8,39
6,8,39
6,8,38
5,8,37
5,8,37
5,8,37
4,8,37
4,8,37
5,8,38
5,8,38
5,8,39
5,8,39
6,9,40
6,9,41
6,9,41
6,9,41
6,9,41
6,9,41
6,9,40
6,9,40
5,9,40
5,9,40
4,9,40
4,9,41
4,9,42
4,9,43
5,9,43
5,9,44
5,9,44
5,9,44
6,10,45
6,10,47
7,10,47
7,10,47
7,10,47
7,9,45
7,9,45
7,9,44
6,9,44
6,9,44
6,9,44
6,9,46
6,10,46
7,12,47
6,12,44
5,12,42
5,12,42
5,12,42
6,12,42
8,13,43
11,16,44
12,16,43
9,14,40
6,11,35
6,9,34
6,9,33
6,9,33
6,9,32
6,9,32
6,9,30
4,9,30
4,9,30
4,9,30
4,9,30
4,9,30
4,9,30
4,9,32
4,8,32
5,9,33
5,9,33
6,10,34
6,10,35
5,7,31
5,7,32
6,7,33
6,7,35
6,7,36
5,7,37
5,7,37
5,8,39
6,8,41
6,8,42
6,8,42
6,8,42
6,8,43
6,8,43
5,8,43
4,8,43
4,9,43
4,9,43
4,9,43
4,9,43
5,9,43
5,9,43
5,9,43
5,9,43
5,9,43
7,9,44
7,9,46
7,10,48
8,14,51
6,11,47
5,10,46
6,9,45
6,8,43
6,8,43
6,8,43
6,8,43
6,9,44
5,9,44
6,9,44
6,9,44
6,9,45
6,9,45
5,9,44
5,9,44
4,8,43
4,8,43
5,9,44
8,11,46
8,11,46
8,11,46
7,9,43
6,8,42
5,8,41
5,8,41
5,8,41
5,8,41
5,8,41
5,7,40
5,7,39
5,8,39
5,8,39
5,9,38
5,9,38
5,9,38
5,9,38
5,8,38
5,8,39
6,9,40
7,10,41
7,10,41
6,9,39
5,8,37
5,7,37
4,6,37
5,7,37
5,7,37
5,7,38
5,7,38
5,7,38
4,7,37
4,7,37
3,7,37
3,7,37
3,7,37
3,7,37
3,6,37
3,6,37
3,6,37
3,6,36
4,7,35
4,7,35
4,7,34
4,8,35
4,8,34
3,7,34
3,7,35
3,7,35
3,7,36
3,7,36
3,8,36
3,8,36
3,8,36
3,8,35
3,8,35
4,8,36
5,8,38
5,8,38
5,8,39
5,8,39
5,8,39
5,8,40
5,9,41
5,10,43
6,10,44
5,10,43
3,8,41
3,8,41
5,10,41
5,9,40
5,10,39
5,8,38
4,8,38
4,7,37
4,7,37
4,8,38
4,8,39
5,9,40
7,11,40
7,12,42
7,11,40
6,9,39
5,8,37
5,8,37
4,8,37
4,8,37
5,8,38
5,8,39
5,8,39
6,9,40
6,9,40
6,9,41
6,9,41
6,9,41
6,9,42
6,9,42
5,9,42
5,9,41
5,9,41
4,9,40
4,9,41
4,9,42
4,9,42
4,9,43
4,9,43
5,9,44
5,9,44
5,9,45
6,9,46
6,10,47
7,10,47
7,10,47
7,9,47
7,9,46
7,9,45
7,9,44
7,9,44
7,9,44
7,9,46
7,10,47
8,13,48
9,15,47
8,13,47
6,12,43
6,12,43
6,12,43
8,13,43
11,16,47
14,19,47
14,19,47
12,16,43
8,12,38
6,10,35
6,9,33
6,9,33
6,8,33
6,8,32
6,8,32
4,8,30
4,9,30
4,9,30
4,9,30
4,9,30
4,9,30
4,9,31
4,9,32
5,9,33
5,9,34
6,10,35
6,10,35
5,7,32
5,7,32
6,7,33
6,7,36
6,8,36
5,8,37
5,8,38
5,8,39
6,8,41
6,8,42
6,8,43
6,8,43
6,8,43
6,8,43
4,8,43
4,8,43
4,8,43
4,9,43
5,9,44
5,9,44
5,9,44
5,9,43
5,9,43
5,9,43
6,9,44
7,9,45
7,10,48
9,14,53
9,14,53
8,14,51
6,10,47
6,9,44
6,9,44
6,9,44
6,9,43
6,9,43
5,9,44
5,9,44
5,9,44
5,9,45
6,9,45
6,10,45
5,9,45
5,9,44
5,9,44
5,9,44
7,10,44
8,11,46
8,11,46
8,11,46
7,9,43
6,8,42
5,8,40
5,8,40
5,8,40
5,8,39
5,8,39
5,8,39
5,8,39
5,8,39
5,8,39
5,9,38
5,9,38
5,9,38
5,9,38
5,9,39
5,9,39
6,9,40
7,10,41
7,10,41
5,8,39
5,7,37
4,6,37
4,6,37
4,6,37
4,6,38
5,7,38
5,7,38
4,7,38
3,7,37
3,7,37
3,7,36
3,7,36
3,7,36
3,7,36
3,6,36
3,6,36
3,6,36
3,6,36
3,6,36
4,7,35
4,8,35
4,8,36
4,8,36
3,7,36
3,7,36
3,7,36
4,8,37
5,9,38
5,9,38
3,9,37
4,9,37
3,8,36
3,8,36
5,9,36
5,8,38
5,8,38
5,8,39
5,8,39
5,8,39
5,8,40
5,9,41
5,10,43
6,10,44
6,11,44
6,11,44
6,11,44
6,11,43
7,10,41
7,10,40
5,10,39
4,8,38
4,8,38
4,7,38
4,8,38
4,8,39
6,10,40
8,12,43
10,15,46
10,15,46
7,11,40
5,8,38
4,8,38
4,8,38
5,8,38
5,8,39
5,8,39
6,9,40
6,9,40
6,9,41
7,9,42
6,9,42
6,9,42
6,9,42
5,9,42
4,9,42
4,9,42
4,9,41
4,9,41
4,9,41
4,9,42
4,9,42
4,9,43
4,9,43
5,9,44
5,9,44
5,9,46
6,10,46
6,10,47
6,10,47
7,10,47
7,9,47
7,9,46
8,9,46
7,9,44
7,9,44
7,9,45
7,9,46
7,12,48
8,14,49
9,15,49
8,14,47
6,12,43
6,12,43
7,13,43
8,14,44
14,19,49
15,19,49
15,19,49
13,18,44
8,13,39
7,11,35
6,10,34
6,9,33
6,9,33
6,9,33
6,8,32
4,8,30
4,9,30
4,9,30
4,9,30
4,9,30
4,9,30
4,9,31
4,9,32
5,9,33
6,10,34
6,10,35
6,10,35
5,7,32
5,7,32
5,7,34
5,7,36
5,8,37
5,8,37
5,8,38
5,8,40
6,9,42
7,9,43
7,9,43
7,9,43
6,8,43
5,8,43
4,8,43
4,8,43
4,8,43
5,8,44
5,9,44
5,9,44
5,9,44
5,9,44
5,9,44
5,9,44
5,9,45
6,10,46
7,11,49
9,14,53
9,14,53
8,14,51
6,11,48
6,9,44
6,9,44
6,9,44
5,9,43
5,9,43
5,9,44
5,9,44
5,9,44
5,9,45
5,9,45
5,9,46
5,9,45
5,9,44
6,9,44
7,10,44
8,10,45
9,11,45
9,11,45
9,11,44
7,9,42
5,9,40
5,8,39
5,8,38
5,8,39
5,8,39
5,8,39
5,8,39
5,8,39
5,8,39
5,9,39
5,9,39
5,9,38
5,9,38
5,9,38
5,9,39
5,9,39
6,9,39
6,9,39
5,9,39
5,8,38
4,7,37
4,6,37
4,6,37
4,6,38
4,7,38
4,7,38
4,7,38
4,7,38
4,7,37
3,7,36
3,7,36
3,7,36
3,7,36
3,7,36
3,7,36
2,6,37
3,6,37
3,6,37
3,7,38
5,8,38
5,9,38
5,9,37
4,8,37
4,8,37
4,8,37
4,8,37
7,11,40
9,13,42
8,12,41
5,9,38
5,9,38
4,9,37
3,8,36
4,9,38
5,8,39
5,8,39
5,8,39
5,8,39
5,8,39
5,8,40
5,8,41
6,9,43
6,10,44
6,11,44
6,11,44
6,11,44
7,12,44
7,11,43
7,11,43
5,10,40
4,8,38
4,8,38
3,7,38
4,8,39
5,8,39
6,9,40
7,12,43
10,15,46
10,15,46
6,10,40
5,8,38
5,8,38
4,8,38
5,8,38
5,8,39
5,8,39
6,9,40
6,9,40
6,9,40
6,9,42
6,8,42
6,8,42
5,8,42
4,9,42
4,9,42
4,9,42
4,9,42
4,9,42
4,9,42
4,9,42
4,8,43
4,8,43
4,8,44
4,9,44
5,9,46
5,9,46
5,10,47
5,10,47
5,10,47
5,9,47
7,9,47
7,9,47
7,9,46
7,9,46
7,9,46
7,9,46
7,10,47
7,11,48
7,13,49
9,15,49
7,13,47
5,12,43
5,12,43
6,12,43
7,12,43
11,16,47
14,18,47
14,18,47
10,15,41
7,12,38
7,11,35
7,10,34
6,9,34
6,8,33
6,8,33
6,8,32
4,8,30
4,9,30
4,9,30
4,9,30
4,9,30
4,9,30
4,9,30
4,9,32
5,9,33
6,10,34
6,10,35
6,10,35
5,7,32
5,7,33
5,7,35
5,8,36
5,8,37
5,8,38
5,8,38
6,8,41
7,9,43
7,9,43
7,9,43
7,9,43
6,8,43
4,8,43
4,8,43
4,8,43
5,8,44
5,9,44
5,9,44
5,9,44
5,9,44
5,9,44
5,9,44
5,9,44
5,9,45
6,10,46
7,10,49
7,12,49
7,12,51
6,12,49
5,10,47
5,9,44
6,9,44
5,9,44
5,9,43
5,9,43
5,9,44
4,9,44
4,9,44
4,9,45
5,9,46
5,9,46
6,10,46
7,10,45
7,9,44
7,10,44
8,10,45
8,10,45
8,10,44
7,9,43
6,9,40
5,9,39
5,8,38
5,8,38
5,8,38
5,8,38
5,8,38
5,8,39
5,8,39
5,8,39
5,9,39
5,9,38
5,9,38
5,9,38
5,9,38
5,9,39
5,9,39
5,9,39
5,9,39
5,8,39
5,8,38
4,8,38
4,7,38
4,7,38
4,7,38
4,7,38
4,7,38
4,7,38
4,7,37
4,7,37
4,7,36
4,8,36
3,7,36
3,7,36
3,7,36
3,7,37
3,6,37
3,6,38
3,6,39
4,8,39
6,10,39
6,10,39
6,9,38
5,9,37
4,8,37
4,8,37
6,9,40
8,11,41
9,13,42
8,12,42
5,10,39
5,9,38
3,8,37
3,8,37
3,9,38
5,9,39
4,8,39
5,8,39
5,9,39
5,8,40
6,9,41
6,9,43
7,10,44
6,10,44
6,11,44
6,11,44
7,12,45
8,12,45
7,12,45
7,11,43
5,9,39
3,8,38
3,7,38
3,7,38
4,8,38
4,8,39
5,9,39
6,10,40
6,11,42
6,10,40
6,9,39
5,8,38
5,8,38
5,8,38
5,8,38
5,8,39
5,8,39
5,8,40
5,8,40
6,9,40
6,9,42
6,9,42
6,9,42
5,9,42
5,9,42
4,9,42
4,9,42
4,9,42
4,9,42
4,9,42
4,9,43
4,8,43
4,8,44
4,8,44
4,9,45
4,9,46
4,9,46
4,9,47
4,10,47
5,10,47
5,9,47
6,9,47
7,9,47
7,9,47
7,9,47
7,9,47
7,9,47
7,9,47
6,10,47
7,11,47
7,12,47
6,11,45
5,10,43
5,10,43
5,10,42
6,11,42
7,12,42
8,13,44
8,13,42
8,12,40
6,11,36
6,10,35
6,9,34
6,8,34
6,8,33
6,8,33
6,8,32
4,8,30
4,9,30
4,9,29
4,9,29
4,9,29
4,9,30
4,9,30
4,9,31
5,9,33
6,10,34
6,10,35
6,10,35
5,7,32
5,7,33
5,8,36
5,8,37
5,8,37
5,8,38
6,9,39
6,9,41
7,9,43
7,9,43
6,9,43
5,8,43
4,8,43
4,8,43
4,8,43
4,8,44
5,8,44
5,8,44
5,9,44
5,9,44
5,9,44
5,9,44
5,9,44
5,9,44
5,9,45
5,9,46
5,10,49
5,11,49
5,11,49
5,10,49
5,10,46
5,9,44
5,9,44
5,9,44
5,9,44
5,9,43
4,9,44
4,9,44
3,9,45
3,9,45
3,9,46
5,9,46
7,11,48
8,11,46
8,10,45
7,10,44
7,9,44
7,9,44
7,9,43
6,9,42
6,9,40
5,9,39
5,9,38
5,8,38
5,8,38
4,8,38
4,8,37
4,8,37
5,8,38
5,8,38
5,9,38
5,9,38
5,9,38
5,9,38
5,9,38
5,8,38
5,9,38
5,9,38
5,9,38
5,9,38
5,9,38
4,8,37
4,7,37
4,7,37
4,7,38
4,7,38
4,7,38
4,7,38
4,7,37
4,8,37
4,8,37
4,8,36
4,8,36
4,7,36
4,7,37
3,7,37
3,6,38
3,7,39
4,7,40
6,10,44
8,12,45
7,11,44
5,9,39
3,8,38
3,7,37
3,7,38
5,9,40
7,10,41
8,11,42
7,11,41
5,9,40
5,9,38
4,8,37
3,8,37
4,9,38
5,9,39
5,9,39
5,9,39
5,9,40
5,8,40
6,9,43
8,10,44
7,10,44
6,10,44
6,10,44
6,11,44
7,11,44
7,11,44
7,11,44
7,10,41
5,9,38
3,8,37
3,7,37
3,7,38
3,8,38
4,8,38
5,8,38
5,8,39
5,8,39
5,8,38
5,8,37
5,8,38
5,8,37
5,8,38
5,8,38
5,8,39
5,8,39
5,8,40
5,8,40
6,9,40
6,9,41
6,9,42
6,9,42
5,9,42
5,9,42
4,9,42
4,9,43
4,9,43
4,9,43
4,9,43
4,8,43
4,8,43
5,8,44
4,8,45
4,9,46
4,9,46
4,9,46
4,9,47
4,10,47
5,10,47
5,9,47
5,9,47
5,9,47
6,10,47
6,9,47
6,9,47
6,9,47
6,9,46
6,9,46
6,10,46
6,11,46
6,10,44
5,10,43
5,10,42
5,10,41
5,10,41
6,11,41
7,11,41
7,11,40
6,11,38
6,10,36
6,10,35
6,9,34
6,8,34
7,8,33
6,8,33
6,8,32
4,9,30
4,9,30
4,9,30
4,10,29
4,10,30
4,10,30
4,9,30
4,9,31
5,9,33
6,10,34
6,10,35
6,10,35
5,7,33
5,7,35
4,8,36
4,8,37
4,8,37
5,8,38
5,9,39
6,9,42
7,9,43
6,9,43
6,8,43
4,8,43
4,8,43
4,8,43
4,8,43
5,8,45
5,8,45
5,8,44
5,9,44
5,9,44
5,9,44
5,9,44
5,9,44
5,9,44
5,9,45
5,9,46
5,9,46
5,10,49
5,10,49
5,10,48
5,10,46
5,10,45
5,9,44
5,9,44
5,9,44
5,9,44
4,9,44
3,9,44
3,9,45
3,9,45
3,9,46
5,9,46
6,11,46
8,11,46
7,10,45
7,10,44
6,9,44
6,9,43
6,9,42
6,9,41
5,9,40
5,9,39
5,9,38
5,9,38
5,8,38
4,8,38
4,8,37
4,8,37
4,8,38
5,9,38
5,9,38
5,9,38
5,9,38
5,9,38
5,9,38
4,8,37
4,8,37
4,8,37
5,9,38
5,9,38
5,9,38
4,9,37
4,8,38
4,7,37
4,7,37
4,7,37
4,7,38
4,7,37
4,8,37
4,8,37
4,8,37
4,8,37
4,8,37
4,8,37
4,7,37
4,7,38
4,7,39
4,7,40
4,10,45
10,17,49
11,17,49
11,15,45
4,9,40
3,9,39
3,8,38
4,7,38
4,7,40
6,9,40
6,9,40
5,9,40
5,8,39
4,8,38
4,8,38
4,8,38
4,9,39
5,10,40
5,10,40
6,10,42
7,10,43
7,10,43
8,10,44
9,11,45
7,10,44
6,9,43
6,9,43
6,9,43
6,9,43
7,10,43
7,10,41
7,10,40
5,9,38
5,8,37
3,8,37
3,7,36
4,7,37
4,7,38
5,7,38
5,8,38
5,8,37
5,8,37
5,8,37
5,8,37
5,8,37
6,8,38
5,8,38
5,8,38
5,8,39
5,8,39
5,8,39
6,9,40
6,9,42
6,10,43
6,10,44
5,9,44
5,9,44
5,9,44
5,9,44
5,9,44
5,9,44
4,9,43
4,8,44
5,9,44
5,9,45
5,9,46
5,9,46
4,9,46
4,9,47
4,9,47
4,10,47
5,10,47
5,10,47
5,10,47
5,10,47
6,10,48
5,10,47
5,9,47
5,9,47
5,9,46
6,9,46
6,10,46
6,10,45
5,10,44
5,10,43
5,10,41
5,10,41
5,10,41
6,11,41
7,11,40
7,11,40
6,11,38
6,10,36
6,10,35
6,9,34
7,9,34
7,8,33
6,8,33
5,9,31
5,9,31
4,9,30
4,10,30
4,10,30
4,10,30
4,10,30
4,10,30
5,9,31
5,10,33
6,10,34
6,10,35
6,10,36
4,7,33
4,7,35
4,7,36
4,8,37
4,8,37
4,8,38
5,9,39
6,9,41
7,9,43
7,9,43
6,8,43
4,8,43
4,8,43
4,8,43
4,8,43
5,8,45
5,8,45
5,8,44
5,9,44
5,9,44
5,9,44
5,9,44
5,9,44
5,9,44
5,9,45
5,9,46
5,9,46
5,9,47
5,10,47
5,10,47
5,10,46
5,10,45
5,9,44
5,9,44
5,9,44
4,9,44
4,9,44
4,9,44
3,9,45
3,9,45
3,9,46
5,9,46
6,10,46
6,10,46
6,10,45
6,9,44
6,9,43
6,9,43
6,8,42
6,8,41
5,8,39
5,8,39
5,8,38
5,8,38
5,8,38
4,8,38
4,8,37
4,8,37
4,8,37
4,8,38
5,9,38
5,9,38
5,9,38
5,9,38
5,9,38
4,8,37
4,8,37
4,8,37
4,8,37
4,8,37
4,9,37
4,8,37
3,8,37
3,7,36
3,7,36
4,7,37
4,7,37
4,8,37
4,8,37
4,8,37
4,8,37
4,8,37
4,8,37
4,8,37
4,7,37
4,7,38
4,7,39
4,7,41
7,12,48
11,17,52
11,17,52
7,12,45
4,9,40
3,8,39
3,8,38
4,8,38
4,8,38
5,8,39
5,8,39
4,8,39
4,8,38
4,8,38
4,8,38
4,8,39
4,9,42
5,10,42
5,10,43
6,10,43
7,10,43
7,10,43
8,10,44
9,11,45
7,9,43
5,9,42
6,9,42
6,9,41
6,9,41
6,10,41
7,10,40
6,10,39
5,9,38
5,8,36
5,8,36
4,7,36
4,7,36
5,7,37
5,7,37
5,7,37
5,7,37
5,8,37
5,8,37
6,8,37
5,8,37
6,8,37
6,8,38
5,8,38
5,8,38
5,8,39
5,8,39
6,9,40
6,10,41
7,10,43
6,10,44
5,9,44
5,9,44
5,9,44
5,9,44
5,9,44
5,9,44
5,9,44
4,9,44
5,9,45
5,9,46
5,9,46
5,9,46
4,9,46
4,9,47
4,9,47
4,9,47
5,10,47
5,10,47
5,10,47
6,10,47
6,10,47
5,10,47
5,9,47
5,9,46
5,9,46
5,9,46
5,10,45
5,10,44
5,10,43
5,10,43
5,10,41
5,10,41
6,10,41
6,10,41
7,11,40
7,11,40
7,11,38
6,10,36
6,10,35
6,10,34
6,9,34
6,8,33
6,8,33
6,8,32
5,9,31
4,9,30
4,10,30
4,10,30
4,10,30
4,10,30
4,9,30
5,10,32
6,10,34
6,10,35
6,10,36
6,10,36
4,7,33
4,7,35
4,8,36
4,8,37
4,8,37
4,8,38
5,9,39
6,9,40
6,9,42
6,8,42
6,8,42
5,8,43
4,8,43
4,8,43
4,8,43
4,8,44
5,8,44
5,8,44
5,8,44
5,9,44
5,9,44
5,9,44
5,9,44
5,9,44
5,9,46
5,9,46
5,9,46
5,9,46
5,9,46
5,10,46
5,10,46
5,10,45
5,9,44
5,9,44
5,9,44
4,9,44
4,9,44
4,9,44
4,9,44
4,9,44
4,9,44
4,9,46
5,9,45
5,10,45
5,9,44
6,9,43
6,9,43
5,8,42
5,8,41
5,8,41
5,8,40
5,8,40
5,8,39
5,8,38
4,8,38
4,8,38
4,8,38
4,8,37
4,8,38
4,8,38
5,9,38
5,9,38
5,9,38
5,9,38
5,8,38
4,8,37
4,7,36
3,7,36
3,7,36
3,7,36
3,7,36
3,8,36
3,8,36
3,7,36
3,7,36
3,7,36
4,8,37
4,8,37
4,8,37
4,8,37
4,8,37
4,8,37
4,8,37
4,8,37
4,7,37
4,7,38
4,7,40
4,9,45
11,17,52
11,17,52
11,17,52
7,12,45
3,9,39
3,8,38
3,7,37
4,7,37
4,7,38
4,7,38
4,7,38
4,7,38
4,7,38
4,7,38
4,7,39
4,8,40
5,8,42
5,10,42
5,10,43
6,10,43
7,10,43
6,10,43
7,10,43
9,11,45
5,9,41
5,8,40
5,9,40
5,9,40
5,9,39
6,9,39
6,9,39
6,9,38
5,8,37
5,7,36
4,7,35
4,7,35
4,7,35
4,7,36
5,7,36
5,7,37
5,7,37
5,8,37
5,8,37
6,8,37
5,8,37
6,8,37
6,8,37
5,8,37
5,8,38
5,8,38
5,8,38
6,9,39
6,9,40
6,10,43
6,10,44
5,9,44
5,10,44
5,10,45
5,10,45
5,10,45
6,10,45
5,9,45
5,9,45
5,9,46
5,9,46
5,9,47
5,9,46
5,9,46
4,9,47
4,9,47
5,9,47
5,10,48
6,10,48
6,10,47
6,10,47
6,10,47
5,9,47
5,9,46
5,9,46
5,9,45
5,9,45
5,10,44
5,10,43
5,10,43
5,10,42
5,10,41
5,10,41
6,10,40
7,10,40
7,11,40
7,11,40
7,11,37
6,10,36
6,10,35
6,10,34
6,9,34
6,9,33
6,8,32
6,8,32
5,8,31
4,9,31
4,9,30
4,9,30
4,9,30
4,9,30
5,9,32
5,10,33
6,10,34
6,10,35
6,10,36
6,10,36
4,7,33
4,7,35
4,8,35
4,8,37
4,8,37
4,8,38
5,9,39
6,9,40
6,9,41
6,8,42
6,8,42
5,8,43
4,8,43
4,8,43
4,8,44
4,8,45
5,8,45
4,8,44
4,8,44
4,9,44
5,9,44
5,9,44
5,9,44
5,9,45
5,9,46
5,8,46
5,8,46
5,9,46
5,9,46
5,9,46
5,9,45
5,9,44
5,9,44
5,9,44
5,9,44
4,9,43
4,9,43
4,9,44
4,9,44
4,9,44
4,9,44
4,9,44
4,9,44
4,9,43
4,9,43
5,9,43
5,9,42
5,9,42
5,8,41
5,8,41
5,8,40
5,7,40
5,7,39
5,8,39
5,8,38
4,8,38
4,8,38
4,8,38
4,9,38
5,9,38
5,9,38
5,9,38
5,9,38
5,9,38
5,8,38
5,8,37
4,7,36
3,7,36
3,7,36
3,7,36
3,7,36
3,7,36
3,8,36
3,8,36
3,7,36
3,8,36
4,8,37
4,8,37
4,8,37
4,8,37
4,8,37
4,8,37
4,8,37
4,7,37
4,7,37
4,7,38
4,8,39
4,10,45
10,17,52
10,17,52
10,17,52
7,12,45
3,9,39
3,7,37
3,7,37
4,7,37
4,7,37
4,7,37
4,7,37
3,6,37
4,7,38
4,7,38
4,7,39
4,7,40
5,8,41
5,8,42
5,10,43
5,8,42
5,8,42
5,8,42
5,8,41
5,8,40
5,8,39
5,8,39
5,8,39
5,8,38
5,8,38
5,9,39
6,9,38
5,8,37
5,8,36
4,7,35
4,7,35
4,7,35
4,7,35
4,7,35
5,7,36
5,7,37
5,8,37
5,8,37
5,8,37
6,8,37
6,8,37
6,8,37
5,8,37
5,8,37
5,8,38
5,8,38
5,8,38
6,9,39
6,9,40
6,9,41
6,9,43
5,9,44
5,10,44
6,10,45
6,10,46
6,10,46
6,10,46
6,10,46
5,9,46
6,9,47
6,10,47
6,10,47
5,9,47
5,9,47
5,9,47
5,9,47
5,9,47
6,9,48
7,10,47
7,10,47
6,10,47
5,9,47
5,9,46
5,9,45
5,9,44
5,9,44
5,9,44
5,9,43
5,10,43
5,10,42
5,10,42
5,10,41
6,10,40
6,10,40
7,11,40
7,11,40
7,11,40
7,11,37
6,10,35
6,10,35
6,10,34
6,9,34
6,9,33
6,8,32
6,8,32
5,8,32
5,8,31
4,9,31
4,9,31
4,9,31
5,9,32
5,10,33
6,10,34
6,10,35
6,10,36
6,10,36
6,10,36
4,7,33
4,7,35
4,7,35
4,8,37
4,8,37
5,8,38
6,8,39
6,8,40
6,8,41
6,8,42
6,8,42
6,8,43
5,8,43
5,8,43
5,8,44
5,8,45
5,8,45
4,8,44
4,8,44
5,9,44
5,9,44
5,9,44
5,9,44
5,9,45
5,8,46
5,8,46
5,8,46
5,9,46
5,9,46
5,9,44
5,9,44
5,9,44
5,9,44
5,9,44
4,9,43
4,8,43
4,8,43
4,8,43
4,9,44
4,9,44
4,9,44
4,9,44
4,9,43
4,9,43
4,9,43
5,9,43
5,9,43
5,9,42
5,8,42
5,8,41
5,7,40
5,7,40
5,7,40
5,8,39
5,8,39
5,9,40
5,9,39
4,9,39
5,9,38
5,9,39
5,9,39
6,9,39
6,9,38
5,9,38
5,8,38
5,8,37
4,7,36
3,7,36
3,7,36
3,7,36
3,7,36
3,7,36
3,7,36
3,8,36
3,8,36
4,8,37
4,8,37
4,8,37
4,8,37
4,8,37
4,8,37
4,8,37
4,7,37
3,7,36
3,7,37
3,7,37
3,8,39
4,9,43
5,11,48
7,13,48
7,13,46
3,9,43
3,8,38
3,7,37
3,7,37
4,8,37
4,8,37
4,8,38
4,7,37
3,6,37
4,7,38
4,7,39
4,7,39
4,7,40
5,7,40
5,7,40
4,7,40
5,8,40
5,8,40
5,8,40
5,7,39
4,8,39
4,8,38
4,8,38
4,8,38
4,8,38
5,8,38
5,9,38
5,9,37
4,8,36
4,7,35
3,7,35
3,7,35
3,7,35
4,7,35
4,7,35
4,7,36
5,8,37
5,8,37
6,8,37
6,8,37
6,8,37
5,8,37
5,8,37
5,8,37
5,8,37
5,8,38
5,8,38
5,8,38
6,9,38
6,9,39
6,9,40
5,9,41
5,9,43
5,10,44
6,11,46
7,12,49
7,12,49
7,11,48
6,10,48
6,10,48
7,10,48
7,10,48
7,10,48
6,10,47
5,9,47
5,9,47
6,9,47
6,9,47
7,9,47
7,9,47
7,9,47
7,9,47
6,9,47
5,9,46
5,9,44
5,9,44
4,9,43
4,9,43
4,9,42
4,9,42
5,9,42
5,9,42
5,10,41
6,10,40
7,10,40
7,11,40
7,11,40
7,11,39
7,11,37
6,10,35
6,10,34
6,10,34
6,9,33
6,9,33
6,8,32
6,8,32
6,8,32
5,8,32
5,8,32
4,8,32
4,9,32
5,9,32
5,9,33
6,10,34
7,11,36
7,11,36
7,11,36
6,10,36
4,7,33
4,7,35
4,7,35
4,8,37
4,8,37
5,9,38
6,9,39
6,9,40
6,8,41
6,8,42
6,8,42
6,8,43
6,8,43
6,8,44
5,8,45
5,8,45
5,8,45
5,8,45
5,8,44
5,9,44
5,9,44
5,9,44
5,9,44
5,8,46
5,8,46
5,8,46
5,8,46
5,9,46
5,9,44
5,9,44
5,9,44
5,9,44
5,9,44
4,8,43
4,8,43
4,8,43
4,8,43
4,8,43
5,9,43
5,9,43
5,9,43
4,9,43
4,9,43
4,9,42
4,9,42
4,9,42
5,9,42
5,9,42
5,8,42
5,8,41
5,8,40
5,7,40
5,7,40
5,8,39
5,8,40
5,9,41
6,11,42
6,12,44
6,12,43
6,11,42
6,10,40
6,9,39
6,9,39
5,9,38
5,8,38
4,8,37
4,8,37
3,7,36
3,7,36
3,7,36
3,7,36
3,7,36
3,7,36
4,8,37
4,8,37
4,8,37
4,8,37
4,8,37
4,8,37
4,8,37
4,8,37
4,8,37
4,8,37
3,7,36
3,7,37
3,8,37
3,8,39
3,8,41
4,10,43
5,11,45
4,10,43
2,7,39
3,7,38
4,7,37
4,7,37
4,8,37
4,8,37
4,8,37
4,8,37
3,7,37
3,7,37
4,7,38
4,7,38
4,7,39
5,7,39
4,7,39
4,7,39
4,7,39
5,7,39
4,7,39
4,7,38
4,7,38
4,8,38
4,8,37
4,8,38
4,8,37
4,8,37
5,8,37
4,8,37
4,8,36
3,7,35
3,7,35
3,7,35
3,7,35
4,7,35
4,7,35
4,8,36
5,9,37
6,9,37
6,9,37
6,9,37
6,8,37
5,8,37
5,7,37
5,8,37
5,8,38
5,8,38
5,8,38
5,8,38
6,9,38
6,9,39
5,9,40
5,9,40
4,9,41
4,9,43
4,9,46
6,12,49
6,12,49
6,11,48
6,10,48
7,12,49
7,12,49
7,12,49
7,12,49
6,10,47
5,9,47
5,9,47
6,9,47
6,9,47
7,9,47
7,9,47
7,9,47
6,9,47
6,9,46
5,9,45
5,9,44
5,9,44
5,9,43
4,9,43
4,9,42
4,9,42
4,9,42
4,9,42
5,9,41
6,10,40
6,10,40
7,10,40
7,11,39
7,11,39
6,10,37
6,10,35
6,10,34
6,10,34
6,9,33
6,9,33
6,8,32
6,8,32
6,8,32
6,8,32
5,8,32
4,8,32
4,9,32
5,9,33
5,9,33
6,10,35
6,11,36
7,11,36
6,10,36
6,10,36
4,7,33
4,7,35
4,8,35
4,8,37
4,8,37
5,8,38
5,8,39
6,8,40
6,8,42
6,8,42
6,8,42
6,8,43
6,9,44
6,9,46
7,10,48
6,9,47
5,9,46
5,8,46
5,8,45
5,8,45
5,9,44
5,9,46
5,9,46
5,8,46
5,8,46
5,8,46
5,8,46
5,9,44
5,9,44
5,9,44
5,9,44
5,9,44
4,8,43
4,8,43
4,8,43
4,8,43
4,8,43
4,8,43
5,9,44
5,9,44
5,9,43
4,9,43
4,9,42
4,9,42
4,9,42
4,9,42
5,9,42
5,9,42
5,8,41
5,8,40
5,8,40
5,7,39
5,7,39
5,8,39
5,9,41
6,11,44
7,14,47
13,20,55
12,21,52
8,13,46
6,11,42
6,9,40
4,9,39
4,8,38
4,8,38
4,8,37
4,8,37
3,7,36
3,7,36
3,7,36
3,7,36
4,8,37
4,8,37
4,8,37
4,8,37
4,8,37
4,8,37
4,8,37
5,9,38
4,8,37
4,8,37
4,8,37
4,8,37
3,7,36
3,7,37
3,7,37
3,7,37
3,8,39
2,8,41
2,9,43
2,8,40
2,7,39
3,7,38
4,7,38
4,7,38
5,8,38
5,8,37
4,8,37
4,8,37
3,7,37
3,7,37
3,7,37
3,7,37
4,7,37
4,7,38
4,7,38
4,7,38
4,7,38
4,7,39
4,7,38
4,7,38
4,7,38
4,7,37
4,8,37
4,8,37
4,8,37
4,8,37
4,8,37
4,8,36
3,7,35
3,7,35
3,7,35
3,7,35
3,7,35
3,7,35
4,7,35
4,8,36
6,9,37
6,10,38
6,9,38
6,9,38
5,8,38
5,8,38
5,8,38
5,8,38
5,8,38
5,9,38
5,9,38
5,9,38
6,9,38
5,9,39
5,8,39
3,8,40
3,9,41
3,9,43
4,10,45
6,12,49
6,12,49
5,10,46
5,10,46
6,10,48
6,10,48
6,10,48
6,11,49
5,9,47
5,9,46
5,9,47
6,9,47
6,9,47
7,9,47
7,9,47
7,9,47
7,9,47
6,9,47
6,9,46
5,9,44
5,9,44
4,9,43
4,9,43
4,9,42
4,9,42
4,9,42
4,9,42
5,9,42
5,10,40
6,10,40
6,10,39
7,10,39
7,11,38
6,10,37
6,10,35
6,10,34
6,9,33
6,9,33
6,8,32
6,8,32
6,8,32
6,8,32
6,8,31
5,8,31
5,8,32
5,9,32
5,9,33
6,10,34
6,11,35
6,11,36
7,11,37
6,10,36
6,10,36
4,8,33
4,7,33
4,7,35
4,8,35
4,8,37
4,8,37
5,8,38
5,8,38
5,8,41
6,8,42
5,8,42
5,8,43
5,8,43
6,9,46
8,11,49
9,13,51
8,12,50
6,9,47
5,8,47
5,8,46
5,8,46
5,9,46
6,9,46
6,9,46
5,9,46
5,9,46
5,9,45
5,9,45
5,9,44
5,9,44
5,9,44
5,9,44
5,9,44
4,8,43
4,8,43
4,8,43
4,8,43
4,8,43
5,9,43
5,9,43
5,9,43
5,9,43
4,9,42
4,9,42
4,9,42
4,9,42
4,9,42
5,9,41
5,9,41
5,8,40
5,8,40
5,8,39
5,8,39
5,8,39
5,8,39
6,11,42
7,14,47
13,20,55
15,22,55
15,22,55
12,18,52
7,12,43
4,9,42
4,8,39
4,8,38
3,8,37
3,7,37
3,7,36
3,7,36
3,7,36
3,7,36
4,8,37
4,8,37
4,8,37
4,8,37
4,8,37
4,8,37
4,8,37
4,8,37
4,8,37
4,8,37
4,8,37
4,8,37
4,8,37
4,8,37
3,7,37
3,7,37
3,7,37
2,7,39
1,7,39
1,8,40
2,8,39
3,8,39
3,7,39
4,8,38
6,9,38
5,9,38
5,8,38
5,8,38
4,8,37
4,8,37
4,7,37
4,7,37
3,7,36
4,7,37
4,8,37
4,8,37
4,7,38
4,8,38
4,8,38
4,7,38
4,7,38
4,7,38
4,8,37
4,8,37
4,8,37
4,8,37
4,8,37
4,8,37
3,7,36
3,7,35
3,7,35
3,7,35
3,7,35
3,7,35
3,7,35
4,7,36
5,9,37
6,10,38
7,11,39
7,11,39
7,10,39
5,9,38
5,8,38
5,8,38
5,8,38
5,9,39
5,9,40
6,9,40
6,9,39
6,9,39
5,9,39
5,9,39
4,9,40
3,9,41
4,10,44
5,11,46
7,13,48
7,12,48
6,10,46
5,9,46
5,9,46
5,9,46
4,10,47
6,10,47
5,9,47
5,9,46
5,9,47
6,9,47
6,8,46
6,9,47
7,9,47
7,9,47
6,9,47
6,9,47
5,9,46
5,9,44
5,8,44
4,8,43
4,8,43
4,9,43
4,9,43
4,9,42
4,9,42
5,10,42
5,10,41
5,10,40
6,10,40
6,10,39
6,10,39
6,10,38
6,10,35
6,10,34
6,9,33
6,9,33
6,8,32
6,8,32
6,8,32
6,8,31
6,8,31
5,8,31
5,9,31
5,9,32
5,9,33
6,10,34
7,11,36
7,11,37
7,11,37
6,10,37
6,10,36
6,10,37
4,8,33
4,8,35
4,8,35
4,8,37
4,8,37
5,8,38
5,8,38
5,8,41
5,8,42
5,8,42
5,8,43
5,9,44
7,10,48
10,13,51
11,17,54
11,17,54
8,12,50
6,9,47
5,9,47
5,8,46
6,8,46
6,9,46
6,9,46
5,9,46
5,9,45
5,9,45
5,9,44
5,9,44
5,9,45
5,9,44
5,9,44
5,9,44
5,9,44
4,8,43
4,8,43
4,8,43
4,8,43
5,9,43
5,9,43
5,9,43
5,9,43
4,9,43
4,9,42
4,9,42
4,9,42
4,9,41
5,9,41
5,8,40
5,8,40
5,8,39
5,8,39
5,8,39
5,8,39
5,9,39
6,11,43
13,20,53
15,22,55
16,23,57
16,23,57
12,19,52
7,12,45
4,9,40
3,8,38
3,8,38
3,8,37
3,7,37
3,7,36
3,7,36
3,7,36
3,7,36
3,7,36
4,8,37
4,8,37
4,8,37
4,8,37
4,8,37
4,8,37
4,8,37
4,8,37
4,8,37
5,9,38
5,9,38
5,9,38
4,8,37
4,8,37
3,8,37
2,7,37
1,7,37
1,7,39
1,8,39
2,8,39
3,8,40
4,9,40
6,9,40
6,9,39
6,9,39
5,9,38
5,8,38
4,8,37
4,8,37
4,8,37
4,8,37
4,7,36
4,8,37
4,8,37
4,8,37
4,8,37
4,8,38
5,8,38
4,8,38
4,8,38
4,8,38
4,8,38
4,8,37
4,8,37
4,8,37
4,8,37
4,8,37
3,7,36
3,7,36
3,7,35
3,7,35
3,7,35
3,7,35
3,7,36
4,7,36
5,9,37
6,10,38
7,11,39
7,11,39
7,10,39
5,9,39
5,9,38
5,8,38
5,9,39
6,10,41
7,12,43
9,12,43
6,10,41
6,9,40
5,9,40
5,9,40
4,9,40
4,9,41
5,11,44
7,13,48
7,13,48
6,11,46
5,10,45
5,9,45
5,8,45
4,8,45
4,9,46
4,9,47
5,9,46
5,9,46
5,9,47
6,8,46
6,8,46
6,9,47
6,9,47
7,9,47
6,9,47
6,9,47
6,9,46
5,9,46
5,9,44
5,9,44
4,9,43
4,9,43
4,9,43
5,9,43
5,10,43
5,10,42
5,10,42
6,10,41
6,10,40
7,10,40
7,11,39
6,10,38
6,10,37
6,10,35
6,9,34
6,9,33
6,8,33
6,8,32
6,8,32
6,8,31
6,8,31
5,8,31
5,9,31
5,9,32
6,9,33
6,10,34
8,12,37
8,12,37
7,12,37
6,11,37
6,10,37
4,8,33
4,8,35
4,8,35
4,8,37
4,8,37
5,8,38
5,8,38
5,9,40
4,8,42
4,8,42
4,8,42
4,9,43
5,11,46
10,16,51
11,17,54
11,17,54
8,14,51
6,10,47
6,9,47
5,8,46
6,9,46
6,9,46
6,9,46
6,9,46
5,9,44
5,9,44
5,9,44
5,9,44
6,10,45
6,10,45
5,9,44
5,9,44
4,8,43
4,8,43
4,8,43
4,8,43
4,8,43
4,8,43
5,9,43
5,9,43
5,9,43
4,9,42
4,9,42
4,9,42
4,9,42
4,9,41
4,9,40
5,9,40
5,8,39
5,8,39
5,8,39
5,8,39
5,8,38
5,8,39
6,11,42
11,16,51
12,20,53
14,20,55
12,20,53
11,16,49
4,9,42
3,8,39
3,7,37
3,7,37
3,7,37
3,7,36
3,7,36
3,7,36
3,7,35
3,7,36
3,7,36
4,8,37
4,8,37
4,8,37
4,8,37
4,8,37
4,8,37
4,8,37
4,8,37
4,8,37
4,8,37
5,9,38
5,9,38
5,9,38
4,8,37
4,8,37
2,8,37
2,8,37
1,8,38
1,8,39
3,8,39
4,9,40
7,12,43
7,11,43
6,10,40
6,9,39
5,9,39
5,8,38
4,8,37
4,8,37
4,8,37
4,8,36
3,7,36
4,8,36
4,8,37
4,8,37
4,8,37
4,8,37
4,8,38
4,8,38
4,8,38
5,8,38
5,9,38
4,8,38
4,8,38
4,8,37
4,8,37
4,8,37
3,7,36
3,7,36
3,7,36
3,7,36
3,7,36
3,7,36
3,7,36
4,8,37
5,9,37
6,10,39
7,11,40
7,11,40
6,10,39
5,9,39
5,9,38
5,9,38
6,9,40
9,14,45
9,16,48
10,16,48
9,13,44
6,10,40
5,9,40
5,9,40
5,9,40
4,10,42
6,11,45
8,14,48
8,14,48
6,10,45
5,9,43
5,8,43
5,8,43
4,8,44
4,8,46
4,9,46
5,8,46
5,9,46
5,9,47
5,9,47
5,8,46
6,9,47
6,9,47
6,9,47
6,9,47
6,9,47
6,9,47
5,9,46
5,8,45
5,8,44
5,8,44
5,9,44
5,9,44
5,9,44
5,10,44
5,10,43
5,10,43
5,10,42
6,10,40
6,10,40
6,10,39
6,10,38
6,10,37
6,10,35
6,9,34
6,9,33
7,8,32
7,8,32
6,8,32
6,8,31
6,9,30
5,9,30
5,9,31
6,9,32
6,9,32
6,10,34
8,12,37
8,12,37
6,11,37
6,11,37
6,10,36
4,8,33
4,8,35
4,8,35
4,8,37
4,8,37
4,8,38
5,8,38
5,9,39
4,9,41
3,8,41
4,8,42
4,9,42
4,10,44
7,13,48
10,15,51
10,15,51
7,11,48
6,10,47
6,9,46
6,9,46
6,9,46
6,9,46
6,9,46
5,9,45
5,9,44
5,9,44
5,9,44
5,9,44
6,10,45
6,10,45
5,9,44
5,9,44
4,8,43
4,8,43
4,8,43
4,8,43
4,8,43
4,8,43
5,9,43
5,9,43
5,9,43
4,9,42
4,9,42
4,9,42
4,9,42
4,9,40
4,9,40
5,9,40
5,9,39
5,9,39
5,8,39
5,8,38
4,8,38
4,8,37
4,9,38
7,12,44
11,16,51
12,18,52
11,16,49
5,10,42
3,8,40
3,7,37
3,7,37
3,7,36
3,7,36
4,7,36
3,7,35
3,7,35
3,7,35
3,7,35
3,7,35
3,7,36
4,8,37
4,8,37
4,8,37
4,8,37
4,8,37
4,8,37
4,8,37
4,8,37
4,8,37
4,8,37
5,9,38
5,9,38
5,9,38
4,8,37
3,8,37
2,8,37
2,8,37
2,8,39
3,9,39
7,12,43
9,12,43
9,12,43
6,10,40
6,9,39
5,8,39
5,8,38
4,8,38
4,8,37
4,8,37
4,8,36
4,8,36
4,8,36
4,8,37
4,8,37
4,8,37
4,8,37
4,8,37
4,8,37
5,8,38
5,9,38
5,9,38
5,9,38
4,8,38
4,8,37
4,8,37
4,8,37
3,7,36
3,7,36
3,7,36
3,7,36
3,7,36
4,8,37
4,8,37
4,8,37
6,10,39
7,11,40
7,11,40
7,11,40
5,9,40
4,9,39
4,8,39
4,8,39
5,9,42
9,14,45
9,16,48
10,16,48
9,13,44
6,11,43
6,10,40
5,9,40
5,9,41
5,11,43
7,13,48
8,15,49
8,15,49
7,13,48
6,10,43
5,8,43
5,8,43
4,8,44
4,8,45
4,8,46
4,8,46
5,9,47
5,9,47
5,9,47
6,9,47
6,9,47
6,9,47
7,10,48
6,9,47
6,9,47
6,9,47
5,9,46
5,8,46
5,8,45
5,8,45
5,8,45
5,9,45
6,10,46
6,10,45
6,10,44
5,10,43
5,10,42
6,10,41
6,10,40
6,10,39
6,10,38
6,10,37
6,9,35
6,9,34
6,9,33
7,8,32
7,8,32
6,8,32
6,9,31
6,9,31
6,9,30
5,9,31
6,9,31
6,10,32
6,10,34
7,11,36
7,11,36
6,11,36
5,10,36
5,10,36
4,8,33
4,8,35
4,8,36
4,8,36
5,8,37
4,8,38
5,8,38
5,9,39
4,9,40
4,8,41
4,9,41
4,9,42
4,9,42
4,10,44
4,11,45
6,11,47
5,10,46
5,9,45
5,9,45
5,9,45
6,9,46
6,9,45
6,9,45
5,9,44
5,9,44
5,9,44
5,9,44
5,9,44
5,9,44
5,9,44
5,9,44
5,9,44
4,8,43
4,8,43
4,8,43
4,8,43
4,8,43
4,9,43
5,9,43
5,9,43
5,9,43
4,9,42
4,9,42
4,9,42
4,9,42
4,9,40
4,9,40
5,9,40
5,9,39
5,9,39
5,8,38
4,8,37
4,8,37
4,8,37
4,8,37
4,9,40
7,12,43
5,12,45
4,9,41
3,8,40
3,7,37
3,7,36
3,7,36
4,7,36
4,7,36
4,7,36
4,7,35
4,7,35
3,7,35
3,7,35
3,7,35
4,8,36
4,8,37
4,8,37
4,8,37
4,8,37
4,8,37
4,8,37
4,8,37
4,8,37
4,8,37
4,8,37
5,9,38
5,9,38
5,9,38
5,9,38
4,8,37
3,8,37
3,8,37
3,8,38
4,8,39
7,11,42
8,12,43
8,11,43
6,9,40
5,8,39
5,8,39
5,9,38
5,8,38
4,8,37
4,8,37
4,8,37
4,8,36
4,8,36
4,8,37
4,8,37
4,8,37
4,8,37
4,8,37
4,8,37
5,9,38
5,9,38
5,9,38
5,9,38
4,8,37
4,8,37
4,8,37
4,8,37
3,7,36
4,7,37
4,7,37
4,8,37
4,8,37
4,8,37
5,9,38
6,11,40
6,11,40
7,11,40
6,11,40
5,9,39
4,9,39
4,8,39
4,8,39
4,8,40
4,9,41
6,11,44
9,14,45
9,13,44
7,11,44
6,9,41
6,9,40
5,9,40
5,9,41
5,10,43
6,12,45
8,15,48
8,15,48
6,10,45
6,8,43
5,8,43
5,8,43
5,8,43
5,8,45
4,8,46
5,8,46
5,9,47
5,9,47
5,9,47
5,9,47
6,9,47
6,10,47
6,10,47
6,9,47
6,9,47
6,9,47
6,9,47
5,8,46
5,8,46
5,8,46
5,8,46
5,9,46
6,10,47
6,10,47
6,10,45
6,10,44
6,10,43
6,10,41
6,10,40
6,10,39
6,10,38
6,10,37
6,9,35
6,9,34
6,9,33
6,9,33
6,8,32
6,8,31
6,9,30
6,9,30
6,9,30
5,9,31
6,10,31
6,10,32
6,10,34
6,11,35
6,10,35
5,10,35
5,10,35
5,10,36
4,8,33
4,8,35
4,8,36
4,8,36
5,8,37
4,8,37
5,8,38
5,9,39
5,9,40
4,9,40
4,9,41
4,9,41
4,9,42
4,9,42
4,10,43
4,10,44
4,10,44
4,10,45
4,10,45
5,9,45
5,9,45
6,9,45
5,9,44
5,9,44
5,9,44
5,9,44
5,9,44
5,9,44
5,9,44
5,9,44
5,9,44
5,9,44
5,9,44
4,8,43
4,8,43
4,8,43
5,8,44
5,9,43
5,9,43
5,9,43
5,9,43
4,9,42
4,9,42
4,9,42
4,9,42
4,9,41
5,9,40
5,9,40
5,9,40
5,9,39
5,9,38
5,8,38
4,8,37
4,8,37
4,8,37
4,8,37
4,8,37
4,8,40
3,7,37
3,6,36
3,7,36
3,7,36
4,7,36
4,7,36
4,7,36
4,7,36
4,8,36
5,8,36
5,8,36
4,8,36
4,8,36
4,8,37
4,8,37
4,8,37
4,8,37
4,8,37
5,9,38
4,8,37
4,8,37
4,8,37
4,8,37
4,8,37
4,8,37
5,9,38
5,9,38
5,9,38
5,9,38
4,8,38
4,8,38
4,8,38
4,8,38
5,9,39
7,10,42
5,8,39
4,7,38
4,7,38
4,8,38
5,8,38
4,8,38
4,8,37
5,9,37
4,8,37
4,8,36
4,8,37
4,8,37
4,8,37
4,8,37
4,8,37
4,8,37
4,8,37
4,8,37
5,9,38
5,9,38
5,9,38
4,8,37
4,8,37
4,8,37
4,8,37
4,8,37
4,8,37
4,8,37
4,8,38
5,8,38
5,9,39
7,11,40
7,11,40
7,11,40
6,11,40
5,9,40
4,9,39
4,8,39
4,8,39
4,8,39
3,8,40
4,9,42
4,9,42
4,9,44
6,10,44
6,9,42
6,9,40
6,9,40
5,9,40
5,9,41
5,10,42
5,10,43
6,11,44
6,10,44
6,9,43
5,8,42
5,8,42
5,8,43
5,8,43
5,8,45
5,8,46
5,9,47
5,9,47
5,10,47
5,10,47
5,10,48
5,10,48
5,10,47
6,10,47
6,9,47
6,9,47
6,9,47
6,9,47
6,9,47
5,9,46
5,9,46
6,9,46
6,9,47
7,10,47
7,10,47
6,10,46
6,10,44
6,10,43
6,10,42
6,10,40
6,10,39
6,10,38
6,9,37
6,9,34
6,9,34
6,9,33
6,9,32
6,8,32
6,9,31
6,9,30
6,9,30
5,9,30
5,9,30
6,10,31
6,10,32
5,10,33
6,10,34
6,10,35
5,10,35
5,10,35
5,10,36
5,8,33
4,8,35
4,7,36
4,7,36
4,7,37
5,8,37
5,8,38
5,9,39
5,9,40
5,9,40
4,9,41
4,9,41
4,9,41
3,9,42
3,9,42
3,9,43
3,9,43
3,9,44
4,10,45
4,10,45
5,10,45
5,10,45
5,9,44
5,9,44
5,9,44
5,9,44
5,9,44
5,9,44
5,9,44
5,9,44
5,9,44
5,9,44
4,8,43
4,8,43
4,8,43
5,8,44
5,8,44
5,9,44
5,9,44
5,9,43
4,9,43
4,9,42
4,9,42
4,9,42
4,9,42
4,9,41
5,9,40
5,9,40
5,9,40
6,9,39
5,9,38
5,8,38
4,8,37
4,8,37
4,8,37
4,8,37
3,7,37
3,7,36
3,7,36
3,6,36
3,6,36
4,6,36
4,7,35
4,7,35
4,7,36
4,8,36
4,8,36
5,8,36
5,8,36
5,8,37
4,8,37
4,8,37
4,8,37
4,8,37
4,8,38
4,8,38
5,8,38
4,8,38
4,8,37
4,8,37
4,8,37
4,8,37
4,8,37
4,8,37
4,8,38
5,8,38
5,8,38
4,8,38
4,8,38
4,8,38
4,8,38
4,8,38
4,8,39
4,8,38
4,7,38
4,7,37
4,8,38
4,8,38
4,8,38
4,8,37
5,8,37
4,8,37
4,8,36
4,8,37
4,8,37
4,8,37
4,8,37
4,8,37
4,8,37
4,8,37
4,8,37
5,9,38
5,9,38
4,8,37
4,8,37
4,8,37
4,8,37
4,8,37
4,8,37
4,8,37
4,8,38
5,8,38
5,8,39
6,9,39
7,11,40
7,11,40
6,11,40
5,10,40
4,9,40
4,8,39
3,8,39
3,8,40
3,8,40
3,8,40
3,8,42
3,8,42
4,9,42
5,8,42
6,9,41
6,9,40
6,9,40
5,9,40
5,9,40
5,9,42
5,9,43
4,9,43
5,9,43
5,8,43
5,8,42
5,8,42
5,8,43
5,8,43
5,8,45
5,9,46
5,9,47
5,10,47
5,10,47
5,10,47
5,10,48
5,10,47
5,10,47
5,10,47
6,10,47
6,9,47
6,9,47
6,9,47
6,9,47
6,9,47
6,9,47
6,9,47
6,9,47
6,10,47
6,10,47
6,10,45
6,10,44
6,10,43
6,10,41
6,10,40
6,10,39
6,10,38
5,9,37
5,9,34
5,9,34
5,9,32
6,9,32
6,8,31
6,9,31
6,9,30
6,9,30
5,9,30
5,9,30
5,10,31
5,10,32
5,10,33
5,10,34
5,10,34
5,10,35
5,10,35
5,10,36
5,8,34
4,8,35
4,7,36
4,7,36
4,7,36
5,8,37
5,8,39
6,8,39
5,9,40
5,8,40
5,9,41
4,9,41
4,9,41
3,9,42
2,9,42
2,9,43
2,8,43
3,9,43
3,10,45
5,10,45
5,10,46
5,10,45
5,9,44
5,9,44
5,9,44
5,9,44
5,9,44
4,8,43
4,8,43
5,9,44
5,9,44
5,9,44
5,9,44
5,9,44
5,9,44
5,9,44
5,9,44
5,9,45
5,9,44
5,9,44
4,9,43
4,9,43
4,9,42
4,9,42
4,9,42
4,9,42
5,9,40
5,9,40
6,9,40
6,9,40
5,9,39
5,9,38
4,8,37
4,8,37
4,8,37
3,7,36
3,7,36
3,7,36
3,7,36
3,6,36
3,6,36
4,7,36
4,7,36
4,7,36
4,7,36
4,8,36
4,8,37
5,8,37
5,8,37
5,8,37
4,8,37
4,8,37
5,8,38
5,8,38
5,8,38
5,8,38
5,8,38
5,8,38
4,8,38
4,8,37
4,8,37
4,8,37
4,8,37
4,8,38
4,8,38
4,8,38
4,8,38
4,8,38
4,8,38
4,8,38
4,8,38
4,8,38
4,8,38
4,8,38
4,7,37
4,8,37
4,8,37
4,8,38
4,8,37
4,8,37
5,8,37
4,8,37
4,8,37
4,8,37
4,8,37
4,8,37
4,8,37
4,8,37
4,8,37
4,8,37
4,8,37
4,8,37
4,8,37
4,8,37
4,8,37
4,8,37
4,8,37
4,8,37
4,8,38
4,8,38
5,8,38
5,8,39
5,8,39
6,9,40
6,9,40
6,11,40
5,9,39
4,9,39
4,8,39
3,8,39
3,8,39
3,8,40
3,8,40
3,8,41
3,8,41
3,8,42
3,8,42
4,8,42
6,8,41
6,9,40
6,9,40
6,9,40
6,9,41
5,9,42
5,9,43
4,9,43
4,8,43
4,8,43
5,8,42
5,8,42
5,8,43
5,8,43
5,8,44
5,9,47
5,9,47
5,10,47
5,10,47
4,10,47
5,10,48
5,10,47
5,10,48
5,10,47
5,10,47
6,10,47
6,9,47
6,9,47
6,9,47
6,9,47
6,9,47
6,9,47
6,9,47
5,9,46
6,9,46
6,9,45
6,9,44
6,10,43
6,10,41
6,10,39
6,10,39
6,10,38
6,9,37
5,9,34
5,9,34
5,9,33
5,9,32
6,9,31
6,9,31
6,10,31
5,9,31
5,9,30
5,10,31
5,10,31
5,10,32
5,10,33
5,10,34
5,10,34
5,9,34
5,10,35
5,10,35
5,8,34
5,8,35
5,7,36
5,8,36
5,8,37
5,8,38
6,8,39
6,8,40
6,8,41
6,8,41
5,9,41
5,9,41
4,9,42
3,9,42
3,9,43
2,9,43
3,9,43
3,9,45
3,10,46
4,10,47
5,10,47
5,9,47
5,9,44
5,9,44
5,9,44
5,9,44
5,9,44
5,9,44
4,8,43
4,8,43
5,9,44
5,9,44
5,9,44
5,9,44
5,9,44
5,9,45
5,9,46
5,9,46
5,9,45
5,9,44
4,9,43
4,9,43
4,9,43
4,9,42
4,9,42
5,9,42
5,9,41
5,9,40
6,9,40
6,9,40
6,9,39
5,9,38
5,9,38
4,8,37
4,8,37
3,7,37
3,7,36
3,7,36
3,7,36
4,7,36
4,7,36
4,7,36
4,7,36
4,7,36
4,8,37
4,8,37
4,8,37
4,8,37
4,8,38
5,8,38
5,8,38
5,8,39
5,8,39
5,8,39
5,8,38
5,8,38
5,8,38
5,8,38
4,8,38
4,8,37
4,8,37
4,8,37
4,8,37
4,8,38
4,8,38
4,8,38
4,8,38
4,8,38
4,8,38
4,8,38
4,8,38
4,8,38
4,8,38
4,8,38
4,8,38
4,8,37
4,8,37
4,8,38
4,8,37
4,8,37
5,8,37
5,8,37
4,8,37
5,8,37
4,8,37
4,8,37
4,8,37
4,8,37
4,8,37
4,8,37
4,8,37
4,8,37
4,8,37
4,8,37
4,8,37
4,8,37
4,8,37
4,8,37
5,8,38
5,8,38
5,8,39
5,8,39
6,9,40
6,9,40
6,9,40
6,9,40
4,8,39
4,8,39
4,8,39
3,8,39
3,8,39
3,8,40
4,9,40
3,8,42
3,8,42
3,8,42
4,8,42
5,8,41
6,8,41
6,9,40
6,9,40
6,9,40
6,9,41
6,9,42
5,9,43
4,8,43
4,8,43
4,8,43
4,8,43
4,8,43
5,8,43
5,8,43
5,9,44
5,9,46
5,9,47
5,10,47
5,10,47
4,10,47
5,11,48
4,10,47
4,10,47
4,10,47
5,10,47
6,10,47
6,9,47
6,9,47
6,9,47
6,9,47
6,9,47
6,9,47
6,9,47
5,9,46
6,9,45
6,9,44
6,9,44
6,10,43
6,10,41
7,10,39
6,10,39
6,10,38
6,10,35
5,9,34
5,9,34
5,9,33
5,9,32
5,9,32
6,10,31
6,10,31
5,10,31
5,10,31
5,10,31
5,10,31
5,9,32
5,9,33
6,9,33
6,9,34
5,9,34
5,9,35
5,10,35
5,8,34
5,8,35
5,8,36
5,8,36
5,8,37
6,8,38
6,8,39
6,8,40
6,7,41
6,8,41
6,8,42
5,8,42
5,9,42
4,9,43
3,9,43
3,9,44
3,9,45
3,10,46
4,10,47
5,10,48
5,10,49
5,10,48
5,9,47
5,9,44
5,9,44
5,9,44
5,9,44
5,9,44
4,8,43
4,8,43
5,9,44
5,9,44
5,9,44
5,9,44
5,9,44
5,9,46
5,9,46
5,9,46
5,9,46
5,9,45
5,9,44
5,9,43
5,9,43
4,9,43
5,9,43
5,9,42
5,9,41
6,9,40
6,9,40
6,9,40
6,9,40
6,9,39
6,9,39
5,9,38
4,8,37
4,8,37
4,8,37
4,7,36
3,7,36
4,7,36
4,7,36
4,7,36
4,7,36
4,8,37
4,8,37
4,8,38
4,8,38
4,8,38
4,8,39
4,8,39
4,8,39
5,8,39
5,8,39
5,8,39
5,8,39
5,8,39
5,8,38
5,8,38
5,8,39
5,8,39
4,8,38
5,8,38
4,8,38
4,8,38
4,8,38
5,8,39
4,7,38
4,7,38
4,7,38
4,7,39
5,8,38
4,8,38
4,8,38
4,8,38
4,8,38
4,8,37
4,8,37
4,8,37
4,8,37
4,8,37
5,8,38
5,8,38
5,8,38
5,8,38
5,8,38
4,8,37
4,8,38
4,8,38
4,8,38
4,8,38
4,8,38
4,8,38
4,8,37
4,8,37
4,8,37
5,9,38
5,9,38
5,9,38
5,9,38
5,8,39
5,8,39
6,9,40
6,9,40
6,9,40
6,9,40
5,9,40
4,8,39
4,8,39
4,8,39
3,8,39
4,8,40
4,9,41
4,9,42
6,9,43
4,9,43
6,8,42
6,8,42
6,8,42
6,9,42
7,9,41
7,9,40
7,9,40
6,9,41
5,9,42
5,9,43
4,8,43
4,8,43
4,8,43
5,8,43
5,8,43
5,8,43
6,9,43
6,9,44
5,9,45
5,9,47
5,10,47
5,10,47
4,10,47
4,10,47
4,10,47
4,10,47
4,10,47
5,10,47
5,10,47
6,9,47
6,9,47
6,9,47
6,9,47
6,9,47
6,9,47
6,9,47
5,9,45
6,9,45
6,9,44
6,9,44
7,10,43
7,10,41
7,10,39
6,10,39
6,10,38
6,10,35
5,9,34
5,9,33
5,9,33
5,9,32
5,9,32
6,10,32
6,10,32
6,11,32
6,11,32
6,11,32
6,10,33
6,10,33
6,9,33
6,9,34
6,9,34
6,9,35
6,9,35
5,10,36
5,8,33
5,7,35
5,8,36
5,8,36
5,8,37
6,8,38
6,8,39
6,8,41
6,7,41
6,7,42
6,8,42
5,8,43
5,8,43
4,8,43
4,9,43
3,9,44
4,9,45
4,9,46
5,10,47
6,10,48
6,10,49
6,10,48
5,9,47
5,9,47
5,9,44
5,9,44
5,9,44
5,9,44
5,9,44
5,8,44
5,8,44
5,8,44
5,8,44
5,9,44
5,9,45
5,9,46
6,9,47
6,9,47
6,9,46
5,9,45
5,9,44
5,9,43
5,9,43
5,9,43
5,9,43
5,9,43
5,9,42
5,9,41
6,9,40
6,9,40
6,9,40
6,9,39
6,9,39
5,8,39
4,8,38
4,8,37
4,8,37
4,8,37
4,7,37
4,7,37
4,7,37
4,7,37
4,7,37
4,8,38
4,8,38
4,8,39
4,8,39
4,8,40
4,8,41
4,8,40
4,8,39
5,8,39
5,8,39
5,8,39
5,8,39
5,8,39
5,8,39
5,8,39
6,9,40
6,9,40
6,8,40
5,8,39
5,8,39
5,7,39
5,7,39
5,7,39
5,7,39
5,7,39
5,7,39
5,7,39
5,8,39
5,8,39
5,8,38
5,8,38
5,8,38
4,8,38
4,8,37
4,8,38
4,8,38
5,8,38
5,8,38
5,8,38
5,8,38
5,8,38
5,8,38
5,8,38
4,8,38
4,8,38
4,8,38
4,8,38
4,8,38
5,8,38
5,9,38
5,9,38
5,9,38
5,9,38
5,9,38
5,8,38
5,8,38
5,8,39
5,8,39
6,9,40
6,9,40
6,9,40
6,9,40
5,8,40
4,8,39
4,8,39
3,8,39
3,8,40
4,9,42
5,10,44
6,11,44
9,14,48
7,11,44
6,9,43
6,8,43
6,8,42
6,8,42
7,9,41
7,9,41
7,9,41
5,9,41
5,9,42
5,9,43
4,9,43
4,9,43
4,8,43
4,8,43
4,8,43
5,8,43
5,8,43
5,9,43
5,9,44
5,9,46
5,10,47
5,10,47
4,10,47
4,10,47
4,10,47
4,10,47
4,10,47
5,10,47
5,9,47
5,9,47
6,9,47
6,9,47
6,9,47
6,9,47
6,9,46
6,9,46
5,9,45
6,9,44
6,9,44
7,9,44
7,10,43
7,10,42
7,10,40
7,10,39
6,10,38
6,9,35
5,9,34
5,9,33
5,9,33
5,9,33
5,10,33
6,11,33
7,12,34
8,13,36
12,16,39
8,13,34
7,11,34
6,10,34
6,10,34
6,9,35
6,9,35
6,9,35
6,9,35
5,10,37
5,8,33
5,7,33
4,8,36
5,8,36
5,8,37
6,8,38
6,8,39
6,8,41
6,8,42
6,8,42
6,8,43
5,8,43
5,8,43
4,8,43
4,8,44
4,8,45
4,8,45
4,9,46
5,10,47
6,10,48
6,10,48
6,10,48
6,9,47
5,9,47
5,9,47
5,9,44
5,9,44
5,9,44
5,9,44
5,8,44
5,8,44
5,8,44
5,8,45
5,8,45
5,8,46
5,9,46
6,9,47
6,9,47
6,9,46
5,9,45
5,9,44
5,9,43
5,9,43
5,9,43
5,9,43
5,9,43
5,9,43
5,9,42
5,9,41
6,9,40
6,9,40
6,9,40
6,9,39
5,9,39
5,8,38
5,8,38
5,8,38
5,8,38
5,8,38
4,8,38
4,8,38
4,8,38
4,8,38
5,8,38
5,8,39
5,8,39
5,8,41
4,7,41
4,8,42
4,7,41
5,8,40
5,8,40
5,8,39
5,8,39
5,8,39
5,8,39
5,8,40
5,8,40
6,9,41
6,9,42
6,8,42
6,8,40
5,8,40
5,7,39
5,7,39
5,7,39
5,7,40
5,7,40
5,7,41
5,7,41
5,8,40
5,8,40
5,8,39
5,8,39
5,8,38
5,8,38
5,8,38
5,8,38
5,8,38
5,8,39
5,8,39
5,8,39
5,8,39
5,8,39
5,8,39
5,8,39
5,8,39
5,8,38
4,8,38
5,8,38
5,8,38
5,9,38
5,9,38
5,9,38
5,9,38
5,9,38
5,9,38
5,8,38
5,8,39
4,8,39
4,9,40
5,9,40
6,9,40
6,9,40
6,10,41
6,10,41
5,9,41
4,8,41
3,8,41
3,8,41
4,9,43
10,15,49
14,19,52
14,19,53
9,14,51
7,10,45
6,8,43
6,8,43
6,8,42
6,8,42
5,9,41
5,9,41
5,9,41
5,9,42
4,9,42
4,9,43
4,9,43
4,9,42
4,8,42
4,8,42
4,8,43
4,8,43
5,9,43
5,9,44
5,9,45
5,9,46
5,10,47
5,10,47
4,10,47
4,10,47
4,10,47
4,10,47
4,9,47
5,9,47
5,9,46
5,9,46
5,9,46
5,9,46
5,9,46
5,9,46
5,9,45
6,9,44
6,9,44
7,9,44
8,10,44
8,11,43
8,11,42
8,11,41
7,10,38
6,10,37
6,9,35
5,9,34
5,9,34
5,9,33
5,9,33
5,10,34
7,11,35
8,13,36
12,16,39
13,18,41
13,18,41
9,13,39
7,11,35
7,10,35
6,9,35
6,9,35
6,9,35
6,9,36
6,10,37
5,8,32
4,7,33
4,8,35
4,8,36
5,8,37
5,8,38
6,8,39
6,8,41
6,8,42
6,8,42
6,8,43
5,8,43
4,8,43
4,8,43
4,8,44
4,8,45
4,8,45
4,8,46
5,9,47
5,9,47
5,9,47
6,9,47
6,9,47
5,9,47
5,9,46
5,9,45
5,9,44
5,9,44
5,9,44
5,9,44
5,8,44
5,8,44
5,8,45
5,8,45
5,8,45
5,9,46
6,9,46
6,9,46
6,9,46
5,9,45
5,9,44
5,9,44
5,9,43
5,9,43
5,9,43
5,9,43
5,9,43
5,9,43
4,9,42
5,9,40
6,9,40
6,9,40
6,9,40
6,9,39
5,9,39
5,9,39
5,8,39
5,8,38
5,8,38
5,8,38
4,8,38
4,8,38
4,8,38
5,8,39
5,8,39
5,8,40
5,8,41
5,7,41
5,8,42
5,8,42
5,8,41
5,8,40
5,8,40
5,8,39
5,8,39
4,8,40
4,8,41
4,8,41
5,9,42
6,9,42
5,8,42
5,8,41
5,8,40
5,7,39
5,8,39
5,7,40
5,7,41
5,7,41
5,7,41
5,7,41
5,8,41
5,8,41
5,8,41
5,8,41
5,8,40
5,8,39
5,8,39
5,8,39
5,8,39
5,8,39
5,8,39
5,8,39
5,8,39
5,8,39
5,8,39
5,8,39
5,8,39
5,8,39
4,8,39
5,8,38
5,9,38
5,9,38
5,9,38
5,9,38
5,9,38
5,9,38
5,9,39
5,9,39
5,8,39
5,9,40
5,9,40
6,9,40
6,9,40
6,10,41
6,10,42
6,10,42
5,9,42
4,8,42
4,8,42
4,8,42
5,10,44
14,20,53
17,23,60
17,23,60
14,19,53
8,13,49
7,9,45
6,9,44
5,8,43
5,8,43
5,9,42
5,9,42
5,9,42
5,9,42
4,9,42
4,9,42
4,9,42
4,9,42
4,9,42
4,8,42
4,8,43
4,8,43
4,8,43
5,8,44
5,9,45
5,9,46
5,10,46
5,10,47
4,10,47
4,10,47
4,10,47
4,9,46
4,9,46
5,9,46
5,9,45
5,9,45
5,9,46
5,9,46
5,9,46
5,9,45
6,9,44
6,9,44
7,9,44
7,9,44
8,10,44
8,11,43
8,11,42
8,11,40
6,10,39
6,10,37
6,9,35
5,9,34
5,9,34
5,9,33
5,9,34
5,9,35
7,11,36
9,13,38
13,18,41
16,21,44
18,23,45
13,18,41
9,13,39
7,11,36
6,9,36
6,9,36
6,9,36
6,9,37
6,10,38
4,8,32
4,7,33
4,8,33
4,8,35
4,8,36
5,8,38
5,8,39
6,8,41
6,8,42
6,8,42
6,8,42
4,8,43
4,8,43
4,8,43
4,8,43
4,8,44
4,8,45
4,8,45
5,8,46
5,9,47
5,9,47
5,9,47
5,9,47
5,9,46
5,9,46
5,9,45
5,9,44
5,9,44
5,9,44
5,9,44
5,9,44
5,9,44
5,8,45
5,8,45
5,8,45
5,9,45
5,9,46
6,9,46
6,9,45
5,9,44
5,9,44
5,9,44
5,9,44
5,9,43
5,9,43
5,9,43
5,9,43
5,9,43
4,9,42
4,9,42
5,9,40
6,9,40
6,9,40
6,9,40
6,9,39
5,9,39
5,8,39
5,8,39
5,8,39
4,7,38
4,7,38
4,7,38
4,7,38
5,8,39
5,8,39
5,8,39
5,8,41
5,7,41
5,7,42
5,7,41
5,8,41
5,8,40
5,8,40
5,8,39
5,8,40
4,7,40
4,8,41
4,8,41
5,10,43
5,10,43
5,8,42
5,8,41
5,8,41
5,8,40
5,8,40
6,8,40
5,7,41
5,7,41
5,7,41
5,7,41
5,7,41
5,7,41
5,7,41
5,7,41
5,7,41
5,7,41
5,7,41
5,8,39
5,8,39
5,8,39
5,8,39
5,8,39
5,8,39
5,8,39
5,8,39
5,8,39
5,8,39
5,8,39
5,8,39
5,8,39
5,9,39
5,9,39
5,9,39
6,9,39
6,9,39
5,9,39
6,9,39
6,9,40
6,9,40
6,9,40
6,9,40
6,9,40
6,9,40
6,9,41
6,10,42
6,10,42
4,9,42
4,8,42
3,8,42
4,8,42
8,14,49
16,22,59
18,24,60
18,24,60
16,22,59
9,13,51
7,9,47
6,9,45
5,8,45
5,8,44
5,9,43
5,9,43
5,9,42
4,9,42
4,9,42
4,9,42
4,9,42
4,9,42
4,9,42
4,8,42
4,8,42
4,8,43
4,8,43
5,8,44
5,9,45
5,9,46
5,9,46
5,9,47
4,10,47
4,10,47
4,10,47
4,9,46
4,9,46
4,9,45
5,9,44
5,9,44
5,9,45
5,9,45
5,9,45
5,9,45
6,9,44
6,9,44
7,9,44
7,9,44
8,10,43
8,10,43
7,11,41
6,10,40
6,10,39
6,9,36
6,9,35
5,8,34
5,8,34
5,8,34
5,9,34
6,9,35
7,11,36
9,13,38
15,19,44
19,23,48
19,24,48
19,23,48
12,16,41
8,11,37
5,9,37
5,9,36
5,9,37
6,9,37
7,11,40
4,8,32
4,7,33
4,8,33
4,8,35
4,8,36
4,8,37
5,8,39
6,8,40
6,8,42
6,8,42
6,8,42
4,8,42
4,8,42
4,8,43
4,8,43
4,8,43
4,8,43
4,8,45
5,8,45
5,8,46
5,9,46
5,9,46
5,9,46
5,9,46
5,9,45
5,9,45
5,9,45
5,9,44
5,9,44
5,9,44
5,9,44
5,9,45
5,9,45
5,9,45
5,9,45
5,9,44
5,9,44
5,9,44
5,9,44
5,9,44
5,9,44
5,9,44
4,8,43
4,8,43
5,9,44
5,9,44
5,9,44
4,9,43
4,9,43
4,9,42
4,9,42
5,9,40
6,9,40
6,9,40
6,9,40
6,9,40
5,8,39
5,8,39
5,8,39
5,8,38
4,7,38
4,7,38
4,8,38
5,8,39
5,8,39
5,8,39
5,7,40
5,7,41
5,7,41
5,7,41
5,8,40
5,8,40
5,8,40
5,8,39
4,8,40
3,7,40
3,8,41
3,8,41
4,9,43
5,8,43
5,8,42
5,8,42
5,8,41
5,7,40
6,8,40
6,8,40
5,7,41
5,7,41
5,7,41
5,7,41
5,7,41
5,7,41
5,7,41
5,7,41
5,7,41
5,7,41
5,7,41
5,8,41
5,8,39
5,8,39
5,8,39
5,8,39
5,8,39
5,8,39
5,8,40
5,8,40
5,8,39
5,8,39
5,8,39
5,9,39
5,9,39
6,10,40
6,10,40
6,9,40
6,9,40
5,9,40
5,8,40
5,8,40
6,9,40
6,9,40
6,9,40
6,9,40
6,9,40
6,9,40
6,9,41
6,9,42
4,9,41
4,8,42
3,8,42
4,9,43
12,16,51
16,22,59
18,24,60
17,23,60
10,15,53
7,10,49
5,9,46
5,9,45
5,8,45
5,8,45
5,10,45
6,10,44
5,10,43
4,9,42
4,9,42
4,9,42
4,9,42
4,9,42
4,9,42
4,8,42
4,8,42
4,8,43
5,8,43
5,8,44
5,8,45
5,9,46
5,9,46
4,9,47
4,9,47
3,9,47
3,9,47
4,9,46
4,9,46
4,9,44
5,9,44
5,9,44
5,9,44
5,9,44
5,9,44
5,9,44
6,9,44
7,9,44
7,9,44
7,9,44
7,10,43
7,10,43
6,10,41
5,10,40
5,10,39
5,9,37
5,9,35
5,8,34
5,8,34
5,8,34
5,8,34
6,9,35
7,11,36
9,13,38
15,19,44
18,22,47
19,23,48
18,23,48
15,20,45
9,14,39
5,9,37
5,9,37
5,9,37
6,10,38
8,13,41
3,7,32
3,7,33
4,7,35
4,8,35
4,8,36
5,8,38
5,8,39
6,8,40
6,8,42
5,8,42
5,8,42
4,8,42
4,8,43
4,8,43
4,8,43
4,8,43
4,8,43
4,8,45
5,8,45
5,8,46
5,8,46
5,8,45
5,9,44
5,9,44
5,9,44
5,9,44
5,9,44
5,9,44
5,9,44
5,9,44
5,9,44
5,9,44
5,9,44
5,9,44
5,9,44
5,9,44
5,9,44
5,9,44
5,9,44
5,9,44
5,9,44
4,8,43
4,8,43
4,8,43
5,9,44
5,9,44
5,9,44
4,9,43
4,9,42
4,9,42
6,9,42
6,9,40
6,9,40
6,9,40
6,9,40
6,9,40
5,8,39
5,8,39
5,8,39
5,8,38
5,8,38
5,8,38
5,8,38
5,8,39
5,8,39
5,7,39
5,7,39
5,7,40
5,7,40
5,8,39
5,8,39
5,9,39
5,8,39
4,8,40
4,8,40
3,8,41
3,8,41
5,10,43
5,8,43
5,8,42
5,8,41
5,8,41
5,7,40
5,8,40
6,8,40
6,8,40
5,7,41
5,7,41
5,7,41
5,7,41
5,7,41
5,7,41
5,7,41
5,7,41
5,7,41
5,7,41
5,8,41
5,8,41
5,8,41
5,8,40
5,8,40
5,8,41
5,8,41
6,8,41
5,8,40
5,8,40
5,8,39
5,8,39
5,9,40
6,11,42
9,13,45
10,14,46
9,14,46
6,10,42
6,9,42
6,9,41
6,9,40
6,9,40
6,9,40
6,9,40
6,9,40
6,9,40
6,9,40
6,9,40
6,9,41
5,9,41
4,8,41
4,8,42
6,10,45
13,18,53
16,22,59
18,24,60
16,22,59
9,13,51
5,9,47
5,9,45
5,9,45
5,9,45
5,9,45
7,11,46
7,11,46
6,11,44
5,10,43
5,9,42
4,9,42
4,9,42
4,8,42
5,8,42
4,8,42
4,8,43
5,8,43
5,8,44
5,8,44
5,8,45
5,9,46
5,8,46
4,8,47
3,9,47
3,9,47
3,9,47
4,9,46
4,9,46
4,9,45
5,9,44
5,9,44
5,9,44
5,9,44
5,9,44
6,9,44
6,9,44
7,9,44
7,9,44
7,9,43
7,10,43
6,10,41
5,10,41
5,10,40
5,10,39
5,9,37
5,9,36
5,9,34
5,9,34
5,8,34
5,8,34
5,9,34
6,10,35
8,12,37
10,14,39
15,19,44
18,22,47
15,20,45
11,16,41
8,13,39
5,9,37
5,9,37
5,9,37
7,12,40
4,7,32
3,7,33
3,7,34
4,7,35
4,7,35
4,8,37
5,8,38
5,8,39
5,8,40
5,8,41
5,8,42
4,8,42
4,8,42
4,8,43
4,8,43
4,8,43
4,8,43
4,8,43
4,8,44
4,8,44
4,8,43
5,8,44
5,8,44
5,8,44
5,9,44
5,9,44
5,9,44
5,9,44
5,9,44
5,9,44
5,9,44
5,9,44
5,9,44
5,9,44
5,9,44
5,9,44
4,8,43
5,9,44
5,9,44
5,9,44
5,9,44
5,9,44
4,8,43
4,8,43
5,9,44
5,9,44
5,9,44
5,9,43
5,9,42
5,9,42
6,9,42
6,9,42
6,9,40
6,9,40
6,9,40
6,9,40
5,8,39
5,8,39
5,8,39
5,8,38
5,8,38
5,8,38
5,8,38
5,8,38
5,8,38
4,8,38
5,7,38
5,8,39
5,8,39
5,8,39
5,8,38
5,9,39
5,8,39
5,9,39
4,8,40
5,10,41
5,10,43
5,10,44
5,10,43
5,8,43
5,8,41
5,8,41
5,8,40
5,8,40
6,8,40
6,8,41
5,7,41
5,7,41
5,7,41
5,7,41
5,7,41
5,7,41
5,7,41
5,7,41
5,7,41
6,8,42
6,8,42
6,8,42
5,8,41
5,8,41
5,8,41
5,8,41
6,8,41
6,8,42
5,8,42
5,8,41
5,8,41
5,8,41
6,11,43
9,14,46
13,18,51
13,18,51
13,18,51
10,15,47
7,11,44
6,9,42
6,9,41
6,9,41
6,9,40
6,9,40
6,9,40
6,9,40
6,9,40
6,9,40
6,9,40
5,9,41
5,8,41
5,9,42
10,14,49
13,18,53
15,21,56
16,22,59
13,17,52
6,10,48
5,9,44
5,9,44
5,9,44
5,9,45
6,9,45
7,11,46
7,11,46
7,11,44
6,10,43
5,9,43
5,8,42
5,8,42
5,8,42
6,8,42
5,8,43
5,8,43
5,8,43
5,8,44
5,8,45
5,8,46
5,8,46
5,8,46
3,8,47
3,8,47
3,9,47
3,9,47
4,9,47
4,9,46
4,8,45
4,8,45
5,9,44
5,9,44
5,9,44
5,9,44
6,9,44
7,9,44
7,9,44
7,9,43
7,9,43
5,10,43
5,10,41
5,10,41
5,10,41
5,10,40
6,10,39
6,9,37
5,9,34
5,9,34
5,9,34
4,8,33
5,9,33
5,9,34
8,12,37
9,13,38
11,15,40
15,20,45
11,16,41
9,14,39
5,10,37
5,9,37
5,9,37
5,10,37
8,12,40
4,7,32
4,7,33
3,7,34
4,7,35
4,7,35
4,8,36
4,8,37
5,8,38
5,8,39
5,8,39
5,8,41
5,8,42
5,8,42
4,8,43
4,8,43
4,8,43
4,8,43
4,8,43
4,8,43
4,8,43
4,8,43
5,8,44
5,8,44
5,9,44
5,9,44
5,9,44
4,8,43
4,8,43
4,8,43
5,9,44
5,9,44
5,9,44
5,9,44
5,9,44
4,8,43
4,8,43
4,8,43
5,9,44
5,9,44
5,9,44
5,9,44
5,9,44
5,9,44
5,9,44
5,9,44
5,9,44
5,9,44
5,9,44
5,9,43
5,9,42
6,9,42
6,9,42
6,9,40
6,9,40
6,9,40
6,9,40
6,9,40
5,8,39
5,8,39
5,8,39
5,8,38
5,8,38
5,8,38
4,8,38
4,8,38
4,8,38
4,7,38
5,8,38
5,8,38
5,9,38
5,8,38
5,9,39
5,8,39
5,8,39
5,8,40
6,10,41
6,11,44
6,11,44
6,10,44
5,9,43
5,8,42
5,8,41
5,8,41
6,8,40
6,8,41
6,8,41
6,8,41
5,7,41
5,7,41
5,7,41
5,7,41
5,7,41
5,7,41
5,7,41
6,8,42
6,8,42
6,8,42
6,8,42
6,8,42
5,8,41
5,7,41
5,8,41
6,8,42
6,8,42
6,8,42
6,8,43
5,9,43
6,8,43
9,14,46
14,19,52
16,21,54
16,21,54
16,20,53
13,18,51
10,15,47
7,9,43
6,9,42
6,9,41
6,9,40
6,9,40
6,9,40
6,9,40
6,9,40
6,9,40
6,9,40
5,8,40
5,8,41
6,9,43
10,14,49
12,17,51
13,17,52
12,16,52
7,12,48
5,9,44
5,9,44
5,9,44
5,9,44
5,9,43
5,9,44
6,9,44
7,11,44
6,10,44
6,9,43
6,8,43
5,8,43
5,8,42
6,8,42
6,8,43
6,8,43
6,8,43
6,8,44
5,8,45
5,8,46
5,8,46
5,8,46
5,8,47
3,8,47
3,8,47
3,9,47
4,9,47
4,9,47
4,9,47
4,8,46
4,8,45
5,8,45
5,9,45
5,9,44
6,9,44
6,9,44
7,9,44
7,9,44
7,9,43
7,9,43
6,10,43
5,10,43
5,10,41
5,10,41
6,12,41
8,12,39
7,10,38
5,9,35
5,9,34
5,9,34
4,9,33
5,9,33
5,9,34
5,9,33
6,10,34
9,13,38
9,13,38
9,13,38
7,12,37
5,10,37
5,9,36
5,10,37
5,10,37
7,11,39
4,7,32
4,7,33
4,7,34
4,7,35
4,7,35
4,7,36
4,8,37
5,8,38
5,8,39
5,8,39
5,8,40
5,8,41
5,8,42
4,8,42
4,8,43
4,8,43
4,8,43
4,8,43
4,8,43
4,8,43
4,8,43
4,8,43
5,9,44
5,9,44
5,9,44
5,9,44
4,8,43
4,8,43
4,8,43
5,9,44
5,9,44
5,9,44
5,9,44
5,9,44
4,8,43
4,8,43
4,8,43
5,9,44
5,9,44
5,9,44
5,9,44
5,9,44
5,9,44
5,9,44
5,9,44
5,9,44
5,9,44
5,9,44
5,9,43
5,9,43
6,9,42
6,8,42
6,8,42
6,9,40
6,9,40
6,9,40
6,9,40
5,8,39
5,8,39
5,8,39
5,9,38
5,9,38
4,8,38
4,8,37
4,8,37
4,8,38
4,8,38
5,8,38
5,9,38
5,9,38
5,9,38
5,8,39
5,8,39
5,8,39
5,8,41
6,10,43
6,11,44
7,12,45
6,11,44
6,9,44
5,8,43
5,8,43
6,9,42
7,9,41
6,9,42
6,8,41
5,7,41
5,7,41
5,7,41
5,7,41
5,7,41
5,7,41
5,7,41
5,7,42
6,8,42
6,8,42
6,8,42
6,8,42
5,7,42
5,7,41
5,7,41
5,7,41
5,8,42
5,8,42
5,8,43
5,8,43
6,9,43
7,12,45
14,19,52
20,25,58
22,26,61
20,25,59
18,22,57
15,20,53
11,15,50
7,11,46
7,9,42
7,9,42
7,9,41
7,9,40
6,9,40
6,9,40
6,9,40
6,9,40
6,9,40
6,8,40
6,8,41
6,9,42
7,10,44
11,16,49
11,16,49
6,12,47
5,9,44
5,9,44
5,9,43
5,9,43
5,9,43
5,8,42
5,8,43
6,8,43
6,8,43
6,8,43
6,8,43
6,8,43
6,8,43
5,8,43
6,8,43
6,8,43
6,8,43
5,8,43
5,8,44
5,8,45
5,8,46
5,8,46
5,8,47
5,8,47
3,8,47
3,8,47
3,8,47
4,9,47
4,9,47
4,9,47
4,8,46
4,8,46
5,8,45
5,9,45
5,9,44
6,9,44
7,9,44
7,9,44
7,9,44
7,9,43
7,10,43
6,10,43
5,10,43
6,11,43
8,15,45
11,16,45
9,15,43
8,13,39
5,10,37
5,9,34
5,9,34
4,8,33
4,8,33
5,9,33
4,8,33
5,9,33
5,9,33
5,10,34
5,10,34
5,10,35
5,10,35
5,10,35
5,10,36
5,10,37
6,11,38
5,7,32
4,7,33
4,7,34
4,7,35
4,7,35
4,7,35
4,8,37
5,8,38
5,8,38
5,8,39
5,8,39
5,8,40
5,8,42
5,8,42
4,8,42
4,8,43
4,8,43
4,8,43
4,8,43
4,8,43
4,8,43
4,8,43
4,8,43
5,9,44
5,9,44
5,9,44
4,8,43
4,8,43
4,8,43
4,8,43
5,9,44
5,9,44
5,9,44
5,9,44
4,8,43
4,8,43
4,8,43
5,9,44
5,9,44
5,9,44
5,9,44
5,9,44
5,9,44
5,9,44
5,9,44
5,9,44
5,9,44
5,9,44
5,9,44
5,9,43
6,9,42
6,8,42
6,8,42
6,8,42
6,9,40
6,9,40
6,9,40
5,8,39
5,8,39
5,8,39
5,9,38
5,9,38
4,8,38
4,8,37
4,8,37
4,8,37
4,8,38
5,8,38
5,9,38
5,9,38
5,8,38
5,8,39
5,8,39
5,8,41
5,8,41
6,10,43
6,11,45
7,12,45
6,11,45
6,10,44
6,9,44
6,9,43
7,9,43
7,9,43
7,9,42
6,8,42
6,8,41
5,7,41
5,7,41
5,7,41
5,7,41
5,7,41
5,7,42
5,7,42
6,8,42
6,8,42
6,8,42
5,7,42
5,7,42
5,7,41
5,7,41
5,7,41
5,7,41
5,7,42
4,8,42
5,8,43
5,9,44
11,15,50
20,25,58
21,25,60
23,27,62
22,26,61
18,24,59
16,20,55
11,15,50
7,12,46
7,9,44
6,9,42
6,9,41
7,9,40
6,9,40
6,9,40
6,9,40
6,9,40
6,9,40
6,9,40
6,9,40
6,9,41
6,9,43
6,10,43
5,10,44
5,9,43
5,9,43
5,9,43
5,9,42
5,9,42
5,8,42
5,8,42
5,8,42
6,8,42
6,8,43
6,8,43
6,8,43
6,8,43
6,8,43
6,8,43
6,8,43
6,8,43
5,8,43
5,8,44
5,8,45
5,8,45
5,8,46
5,7,46
4,7,46
4,8,47
3,8,47
3,8,47
3,8,47
4,9,47
4,9,48
4,10,48
4,8,47
4,8,46
5,8,45
5,9,45
5,9,45
5,9,44
6,9,44
7,9,44
7,9,43
7,9,43
7,10,43
6,10,43
6,11,43
8,16,45
13,21,50
14,21,50
13,20,47
9,15,43
8,12,37
5,10,34
5,9,33
4,8,33
5,9,33
5,9,33
4,8,32
5,9,33
5,9,33
5,10,34
5,10,34
5,10,35
5,10,35
5,10,35
5,10,36
6,10,37
6,11,37
4,7,33
4,7,34
4,7,35
4,7,35
4,7,35
4,7,36
4,8,38
5,8,38
5,8,38
5,8,39
5,8,40
5,8,41
5,8,42
5,8,42
4,8,43
4,8,43
4,8,43
4,8,43
4,8,43
4,8,43
4,8,43
4,8,43
5,9,44
5,9,44
4,8,43
4,8,43
4,8,43
4,8,43
4,8,43
4,8,43
4,8,43
4,9,44
4,8,43
4,8,43
4,8,43
4,8,43
4,9,44
5,9,44
5,9,44
5,9,44
5,9,44
5,9,44
5,9,44
5,9,44
5,9,44
5,9,44
5,9,44
5,9,44
5,9,43
6,8,43
6,8,42
6,8,42
6,8,42
6,8,40
6,8,40
6,9,40
5,8,39
5,8,39
5,8,39
5,9,38
5,9,38
5,9,38
4,8,37
4,8,37
4,8,37
5,9,38
5,9,38
5,9,38
5,9,38
5,8,38
5,7,39
5,7,40
5,7,41
5,7,42
5,8,43
6,10,45
7,12,45
7,12,47
8,12,48
8,10,47
8,10,47
7,9,45
7,9,44
6,8,43
6,8,42
6,8,42
5,7,41
5,7,41
5,7,41
5,7,41
5,7,42
5,7,42
5,7,42
6,8,42
6,8,42
5,7,42
5,7,42
5,7,41
5,7,41
5,7,41
5,7,41
5,7,41
4,7,41
4,7,42
4,8,42
5,9,44
11,15,50
16,22,59
21,25,60
23,27,62
22,26,61
18,22,59
16,20,55
10,14,49
7,12,47
7,11,44
7,9,44
6,9,42
7,9,41
6,9,40
6,9,40
6,9,40
6,9,40
6,9,40
6,9,40
6,8,40
5,8,41
6,9,41
5,8,42
5,9,42
5,9,42
5,9,43
5,8,42
5,8,42
5,8,42
5,8,42
5,8,42
5,8,42
6,8,42
6,8,42
6,8,43
6,8,43
6,8,43
6,8,43
6,8,43
6,8,43
6,8,43
5,8,44
5,8,44
5,8,45
5,8,46
5,8,46
5,7,46
4,7,46
4,7,46
3,7,47
3,8,47
3,8,47
4,9,48
5,10,49
6,10,49
5,9,48
4,8,46
5,8,45
5,9,45
5,9,45
5,9,44
6,9,44
7,9,43
7,9,43
6,9,43
6,10,43
6,11,43
6,14,44
11,20,47
13,21,50
14,21,50
13,20,47
9,16,43
6,11,35
5,10,35
5,9,33
5,9,33
5,9,33
5,9,33
5,9,33
5,9,33
5,9,33
5,9,34
5,10,34
5,11,35
6,11,35
6,11,36
6,11,37
6,11,37
4,7,33
4,7,34
4,7,35
4,7,35
4,7,35
4,7,36
4,8,37
5,8,38
5,8,38
5,8,39
5,8,40
5,8,41
5,8,42
5,8,42
4,8,43
4,8,43
4,8,43
4,8,43
4,8,43
4,8,43
4,8,43
4,8,43
4,8,43
4,8,43
4,8,43
4,8,43
4,8,43
4,8,43
4,8,43
4,8,43
4,8,43
4,8,43
4,8,43
3,8,43
3,8,43
4,8,43
4,8,43
4,9,44
5,9,44
5,9,44
5,9,44
5,9,44
5,9,44
5,9,44
5,9,44
5,9,44
5,9,44
5,9,43
5,9,43
6,8,43
6,8,42
6,8,42
6,8,42
6,8,40
6,9,40
6,9,40
5,8,39
5,8,39
5,9,39
5,9,38
5,9,38
5,9,38
5,9,38
5,9,38
5,9,38
5,9,38
5,9,38
5,9,38
5,8,38
5,8,38
5,7,40
5,7,41
5,7,41
4,7,41
4,7,43
4,8,44
7,11,45
9,12,49
9,13,50
9,12,50
9,12,47
8,10,47
7,9,45
6,8,43
5,7,42
5,7,42
5,7,41
5,7,41
5,7,41
5,7,41
5,7,41
5,7,41
5,7,42
5,7,42
5,7,42
5,7,42
5,7,41
5,7,41
5,7,41
5,7,41
5,7,41
5,7,41
4,7,40
4,7,41
4,7,42
5,8,43
7,11,46
11,15,50
15,20,57
20,24,59
18,24,59
14,20,57
10,14,49
8,13,48
7,12,47
7,11,45
7,10,44
7,10,43
7,9,42
7,9,40
6,9,40
6,9,40
6,9,40
6,9,40
6,9,40
6,8,40
6,8,41
6,8,41
5,8,41
5,8,42
5,8,42
5,8,42
6,8,42
5,8,42
6,8,42
6,8,42
6,8,42
6,8,42
6,8,42
6,8,43
5,8,43
5,8,43
5,8,43
5,8,43
4,8,43
4,8,43
5,8,43
5,8,44
5,8,44
5,8,46
5,8,46
5,8,46
5,8,46
5,8,46
4,7,46
4,7,47
3,8,47
3,8,47
5,10,49
6,11,50
6,11,50
5,10,48
5,8,46
5,8,45
5,9,45
5,9,45
5,9,44
5,9,44
6,9,43
6,9,43
6,9,43
6,10,43
6,11,43
6,14,44
9,17,47
12,20,50
12,20,48
9,16,43
8,12,39
6,11,36
5,10,35
5,10,34
5,9,33
5,9,33
5,9,33
5,9,33
5,9,33
5,9,33
6,10,34
6,11,35
7,12,37
9,14,39
7,12,39
7,11,38
7,11,38
5,7,33
4,7,34
4,7,34
4,7,35
4,7,35
4,7,36
4,8,37
5,8,38
5,8,38
5,8,39
5,8,40
5,8,41
6,8,42
5,8,42
5,8,42
4,8,43
4,8,43
4,8,43
4,8,43
4,8,43
4,8,43
4,8,43
4,8,43
4,8,43
4,8,43
4,8,43
4,8,43
4,8,43
4,8,43
4,8,43
4,8,43
4,8,43
3,8,43
3,8,43
3,8,43
3,9,44
4,8,43
4,8,43
4,8,43
5,9,44
5,9,44
5,9,44
5,9,44
5,9,44
5,9,44
5,9,44
5,9,44
5,9,43
5,8,43
6,8,43
6,8,42
6,8,42
6,8,42
6,8,40
6,8,40
5,8,39
5,8,39
5,8,39
5,8,39
5,9,38
5,9,38
5,9,38
5,9,38
5,9,38
5,9,38
5,9,38
5,8,38
5,8,38
5,8,38
5,7,38
5,7,39
5,7,41
5,7,41
4,7,42
4,7,42
4,8,43
8,11,48
9,13,50
11,15,51
11,14,51
10,12,48
7,10,47
6,9,45
5,8,43
5,7,42
5,7,42
5,7,41
5,7,41
5,7,41
5,7,41
5,7,41
5,7,41
5,7,41
5,7,41
5,7,41
5,7,41
5,7,41
5,7,41
5,7,41
5,7,41
5,7,41
5,7,40
4,7,40
4,7,40
4,7,41
4,7,42
5,10,43
7,11,46
8,12,47
9,15,50
8,14,49
7,13,48
6,11,45
6,11,45
6,11,45
7,11,45
7,11,44
7,11,44
7,9,43
6,9,41
6,9,40
6,9,40
6,9,40
6,9,40
6,9,40
6,9,40
6,8,40
6,8,41
5,8,41
5,8,42
5,8,42
6,8,42
6,8,42
6,8,42
6,8,42
6,8,42
6,8,42
5,8,42
5,8,42
5,8,43
4,8,43
4,8,43
4,8,43
4,8,43
4,8,43
4,8,43
4,8,43
4,8,43
5,8,44
5,8,45
5,8,46
5,8,46
5,8,46
5,8,46
4,7,46
4,7,47
3,8,47
3,8,47
4,9,48
6,11,50
6,11,50
6,10,48
5,9,47
5,9,45
4,9,45
4,9,44
4,9,44
5,9,43
5,9,43
5,9,42
5,9,42
6,10,42
6,10,42
6,14,42
9,17,46
11,19,47
11,18,46
9,15,42
6,12,37
6,10,36
6,10,35
5,10,34
5,9,33
5,9,33
5,9,33
5,9,33
5,9,33
5,9,33
6,10,34
7,12,35
10,15,40
11,16,41
10,15,40
7,12,39
7,11,39
5,7,32
5,7,33
4,6,34
4,7,35
4,7,35
4,7,36
4,8,37
4,8,38
5,8,38
5,8,39
5,8,40
6,8,41
6,8,42
6,8,42
6,8,42
4,8,43
4,8,43
4,8,43
4,8,43
4,8,43
4,8,43
4,8,43
4,8,43
4,8,43
4,8,43
4,8,43
4,8,43
4,8,43
4,8,43
4,8,43
3,8,43
3,8,43
3,8,43
3,8,43
3,8,43
4,9,44
4,8,43
4,8,43
4,8,43
4,8,43
4,8,43
4,8,43
4,8,43
4,8,43
4,8,43
4,8,43
4,8,43
5,8,43
5,8,43
6,8,43
6,8,42
6,8,42
6,8,42
6,9,40
6,9,40
6,9,40
5,8,39
5,8,39
5,8,39
5,9,39
5,9,38
5,9,38
5,9,38
5,9,38
5,9,38
5,8,38
5,8,38
4,8,38
5,8,38
4,7,38
4,7,39
4,7,40
4,7,41
4,7,42
4,8,42
4,9,43
4,9,45
8,12,49
10,14,50
9,13,50
7,11,47
6,9,45
5,8,44
5,7,43
5,7,42
5,8,42
5,7,41
5,7,41
5,7,41
5,7,41
5,7,41
5,7,41
5,7,41
5,7,41
5,7,41
5,7,41
5,7,41
5,7,41
5,7,41
5,7,39
5,7,39
5,7,39
4,7,39
4,7,40
4,7,40
4,8,42
4,8,43
6,10,45
7,12,47
8,12,47
7,12,47
5,11,46
5,10,44
5,10,44
5,10,44
6,10,44
6,10,44
6,9,43
7,9,43
6,9,43
6,9,41
6,9,41
7,9,41
6,9,40
6,9,40
6,9,40
6,8,41
6,8,41
6,8,41
6,8,42
6,8,42
6,8,42
6,8,42
6,8,42
5,8,42
5,8,42
5,8,42
5,8,42
4,8,42
4,8,43
4,8,43
4,8,43
4,8,43
4,8,43
4,8,43
4,8,43
4,8,43
4,8,43
4,8,44
5,8,45
5,8,45
5,8,46
5,8,46
4,8,46
4,8,46
4,8,47
3,8,47
3,8,47
3,9,47
5,9,47
6,10,48
6,9,47
5,9,47
5,9,45
4,9,45
4,9,44
4,9,43
4,9,43
5,9,42
5,9,42
5,9,42
6,9,42
6,10,42
6,13,42
9,16,45
10,17,46
10,16,45
9,14,42
6,11,37
6,10,36
6,10,35
6,10,34
5,9,33
5,9,33
5,9,33
5,9,33
5,9,33
5,9,33
6,10,34
7,12,36
10,15,40
11,16,41
10,15,40
7,12,39
7,12,39
5,6,32
5,6,32
4,6,34
4,6,34
4,7,35
4,7,36
4,7,36
4,8,37
4,8,38
5,8,39
5,8,39
5,8,41
6,8,42
6,8,42
6,8,42
6,8,43
6,8,43
4,8,43
4,8,43
4,8,43
4,8,43
4,8,43
4,8,43
4,8,43
4,8,43
4,8,43
4,8,43
4,8,43
4,8,43
4,8,43
3,8,43
3,8,43
3,9,44
3,9,44
3,9,44
3,9,44
4,8,43
4,8,43
4,8,43
4,8,43
4,8,43
4,8,43
4,8,43
4,8,43
4,8,43
4,8,43
4,8,43
5,8,43
5,9,43
6,9,43
6,8,43
6,8,42
6,8,42
6,9,40
6,9,40
6,9,40
5,8,39
5,8,39
5,8,39
5,9,39
5,9,39
5,9,38
5,9,38
5,9,38
5,9,38
5,9,38
5,8,38
5,8,38
5,8,38
5,8,38
5,7,38
5,8,39
4,8,41
4,7,41
4,7,42
4,8,42
4,8,43
5,10,45
8,12,47
7,12,47
6,10,45
6,9,44
4,8,43
5,7,42
5,7,42
5,8,42
5,7,42
5,7,41
6,8,42
6,8,42
5,7,41
5,7,41
5,7,41
5,7,41
5,7,41
5,7,41
5,7,41
5,7,41
5,8,39
5,8,39
5,8,39
5,8,39
5,8,39
4,7,39
4,8,40
4,8,40
4,8,42
5,10,43
6,11,46
8,12,47
7,12,47
5,10,44
5,10,43
5,10,43
5,10,44
5,10,44
6,10,44
5,10,43
6,10,43
6,9,43
6,9,43
7,9,43
7,9,43
6,9,41
6,9,40
6,8,41
6,8,41
6,8,41
6,8,42
6,8,42
6,8,42
6,8,42
6,8,42
6,8,42
5,8,42
5,8,42
5,8,42
4,8,43
4,8,43
4,8,43
4,8,43
4,8,43
4,8,43
4,8,43
4,8,43
4,8,43
4,8,43
4,8,43
4,8,43
4,8,44
5,8,45
5,8,46
5,8,46
5,8,46
4,8,47
4,8,47
3,8,47
3,8,47
3,9,47
4,9,47
5,9,47
5,9,47
5,9,46
5,9,45
4,9,44
4,9,43
4,9,43
4,9,42
4,9,42
5,9,42
5,9,42
5,9,41
5,10,41
6,12,41
6,14,42
7,14,42
7,14,42
7,12,39
6,10,37
7,10,36
6,10,35
6,10,34
6,10,34
5,9,33
5,9,33
5,9,33
5,9,33
5,9,33
6,10,34
6,11,36
8,12,37
10,15,40
8,12,40
7,11,39
7,12,39
5,6,32
5,6,32
4,6,34
4,7,35
4,7,36
4,7,36
4,8,37
4,8,38
5,8,39
5,8,39
6,8,41
6,8,42
6,8,42
6,8,43
6,8,43
6,8,43
5,8,43
5,8,43
5,9,44
5,9,44
5,8,44
4,8,44
4,8,44
4,8,44
4,8,44
4,8,44
4,8,43
4,8,44
4,8,44
4,9,44
4,9,45
5,11,47
5,11,46
4,10,46
4,9,44
4,8,44
4,8,43
4,8,43
4,8,43
4,8,43
4,8,43
4,8,43
4,8,43
4,8,43
4,8,43
4,8,43
5,9,43
5,9,44
6,9,44
6,8,43
6,8,42
6,8,42
6,9,40
6,9,40
6,9,40
5,9,39
5,9,39
5,9,39
6,10,39
6,10,39
6,10,39
6,9,39
5,9,39
5,9,38
5,9,39
5,8,39
5,8,38
5,8,39
5,8,38
5,8,38
4,8,39
4,8,39
4,8,40
3,8,41
3,8,42
3,8,42
4,8,44
6,10,45
7,11,45
6,10,45
5,9,44
4,8,43
4,7,42
5,7,42
5,8,42
5,8,42
6,8,42
6,8,42
6,8,42
5,7,41
5,7,41
5,7,41
5,7,41
5,7,41
5,7,41
5,7,41
5,8,39
5,8,39
5,8,39
5,8,39
5,8,39
5,8,38
5,8,39
5,8,40
4,8,40
4,8,42
5,9,43
5,10,45
7,12,47
7,12,47
5,10,44
5,10,43
5,10,43
5,10,43
5,10,43
5,10,43
5,9,43
5,10,43
6,10,43
7,11,44
7,12,45
7,12,45
6,9,41
6,9,41
6,8,41
6,8,41
6,8,42
6,8,42
6,8,42
6,8,42
6,8,42
6,8,42
6,8,42
5,8,42
4,8,42
4,8,42
4,8,43
4,8,43
4,8,43
4,8,43
4,8,43
4,8,43
4,8,43
4,8,43
4,8,43
4,8,43
3,8,43
4,8,43
4,8,44
4,8,45
5,8,46
5,8,46
5,8,47
5,9,47
4,9,47
4,8,47
3,9,47
3,9,47
4,9,47
5,9,47
5,9,47
5,9,46
5,9,45
4,9,44
4,9,43
4,9,43
4,9,42
4,9,42
4,9,42
5,9,42
4,9,41
4,10,41
5,10,40
6,12,41
7,13,41
6,12,40
6,11,39
7,10,36
7,10,36
7,10,35
7,9,34
6,9,33
5,9,33
5,9,33
5,9,33
5,9,33
5,9,33
6,10,34
6,11,36
7,12,37
7,12,38
7,11,38
6,11,39
5,6,32
5,6,32
5,6,34
4,6,35
4,7,36
4,7,36
4,8,37
5,8,38
5,8,39
5,8,40
5,8,42
6,8,42
6,8,42
6,8,43
6,8,43
6,8,43
5,8,43
5,9,44
5,9,44
5,9,44
5,9,44
5,9,45
5,8,45
4,8,45
4,8,45
4,8,45
4,8,45
4,8,45
4,8,45
5,9,46
5,11,48
6,12,49
5,11,48
5,10,46
4,9,46
4,8,44
4,8,43
4,8,43
4,8,43
4,8,43
4,8,43
4,8,43
4,8,43
4,8,43
4,8,43
4,8,44
5,8,44
5,9,44
6,9,44
6,8,43
6,8,43
6,8,42
6,9,42
6,9,40
5,9,40
5,9,39
5,9,39
5,9,39
5,9,39
6,10,39
6,9,39
5,9,39
5,9,39
5,9,39
5,9,40
5,8,39
5,8,39
5,8,39
5,8,39
5,8,38
5,8,39
4,8,39
4,8,40
3,8,41
3,8,41
3,8,41
3,8,42
4,9,44
6,10,45
6,10,45
5,9,44
4,8,43
4,8,43
4,8,42
5,8,42
6,8,42
6,8,42
6,8,42
6,8,42
6,8,42
5,7,42
5,7,41
5,7,41
5,7,41
5,7,41
5,8,40
5,8,39
5,8,39
5,8,39
5,8,39
5,9,39
5,9,38
5,9,39
5,9,40
4,8,40
4,8,41
4,9,43
4,10,44
9,14,48
9,14,48
9,14,47
5,10,44
5,10,43
5,10,43
5,10,43
5,10,43
5,8,42
5,9,43
6,10,43
7,11,45
8,12,45
8,12,45
7,9,43
6,9,42
6,8,41
6,8,41
6,8,41
6,8,42
6,8,42
6,8,42
6,8,42
6,8,42
5,8,42
5,8,42
4,8,42
4,8,42
4,8,42
4,8,43
4,8,43
4,8,43
4,8,43
4,8,43
4,8,43
4,8,43
4,8,43
4,8,43
4,8,43
4,8,43
4,8,44
4,8,45
4,8,45
5,8,46
5,9,47
5,9,47
5,9,47
4,9,47
3,9,47
3,9,47
4,9,47
5,9,47
6,9,47
6,9,46
6,9,45
5,9,45
4,9,43
4,9,43
4,10,43
5,9,42
5,9,42
5,9,41
5,9,40
5,10,40
5,10,40
6,11,40
7,11,40
7,11,39
7,10,37
7,10,35
6,10,35
6,9,34
6,9,33
6,9,33
5,9,33
5,9,33
5,9,33
5,9,33
5,9,33
5,10,34
6,11,36
6,11,36
6,11,37
6,11,37
6,11,38
5,6,32
5,6,32
5,6,32
5,6,35
4,7,36
4,7,36
5,8,38
5,8,38
5,8,39
5,8,40
5,8,42
5,8,42
6,8,42
6,8,43
6,8,43
6,8,43
5,8,43
5,9,44
5,9,44
5,9,44
5,9,45
5,9,45
5,8,45
5,8,45
5,8,45
5,8,46
5,8,46
5,8,46
5,9,46
5,11,48
6,11,49
6,12,49
5,11,48
4,10,47
4,9,46
4,8,45
4,8,44
4,8,43
4,8,43
4,8,43
4,8,43
4,8,43
4,8,44
4,8,44
4,8,44
5,9,44
5,8,44
6,8,44
6,8,44
6,8,43
6,8,43
6,9,42
6,9,42
6,9,40
5,9,40
5,9,39
5,9,39
5,9,39
5,9,39
5,9,39
5,9,39
4,9,39
4,9,40
5,9,40
5,9,40
5,9,40
5,8,40
5,8,40
5,8,39
5,8,39
5,8,39
5,8,40
4,8,41
3,8,41
3,8,41
3,8,41
3,8,41
4,9,43
5,10,45
6,10,45
6,9,45
4,8,44
4,8,43
5,8,42
5,8,42
6,8,42
6,8,42
6,8,42
6,8,42
6,8,42
6,8,42
5,7,42
5,7,41
5,7,41
5,8,41
5,8,41
5,8,39
5,8,39
5,8,39
5,8,39
5,9,39
5,9,39
5,9,40
5,9,40
4,8,41
4,8,42
4,9,43
6,12,48
10,15,50
10,15,50
9,15,50
6,12,47
5,10,43
5,10,43
5,9,43
5,8,42
5,8,42
5,9,42
6,9,43
7,9,44
7,10,45
7,10,45
7,9,43
6,8,42
6,8,42
6,8,41
6,8,41
6,8,42
6,8,42
6,8,42
6,8,42
5,8,42
5,8,42
5,8,42
5,8,42
4,8,42
4,8,42
4,8,43
4,8,43
4,8,43
4,8,43
4,8,43
4,8,43
4,8,43
4,8,43
4,8,43
4,8,43
4,8,43
4,8,44
4,8,45
5,8,46
6,9,47
6,9,47
6,9,47
5,9,47
5,9,47
4,9,47
4,9,47
4,9,47
5,9,47
6,9,46
5,9,45
6,9,45
6,10,45
5,10,44
5,10,43
5,10,43
5,10,42
5,9,42
5,9,40
4,9,40
5,10,39
5,10,39
6,10,39
6,10,39
6,10,36
7,10,35
7,10,34
7,9,34
6,9,34
6,9,33
5,9,33
5,9,33
5,9,33
5,9,33
5,9,33
5,9,33
6,10,34
6,11,36
6,11,36
6,11,36
6,11,37
6,11,37
5,6,32
5,6,32
5,6,32
5,6,35
5,6,36
5,7,36
5,8,37
5,8,38
5,8,39
5,8,41
5,8,42
4,8,42
4,8,43
4,8,43
5,8,43
5,8,43
5,8,43
5,9,44
5,9,44
5,9,44
5,9,45
6,10,45
5,9,45
5,8,45
5,8,45
5,8,46
5,8,46
5,8,46
5,9,46
5,11,48
5,11,49
5,11,49
4,10,48
3,9,47
3,9,46
3,8,46
3,8,44
3,8,44
4,8,43
4,8,43
4,8,43
4,8,44
4,8,45
5,8,45
5,9,45
5,9,45
5,9,44
6,8,44
6,8,43
6,8,43
6,8,43
6,9,43
6,9,42
5,9,42
4,9,40
4,9,40
4,9,40
4,9,39
4,9,39
4,9,39
4,9,40
4,9,40
4,9,40
5,9,40
6,9,41
5,9,41
6,8,42
6,8,41
6,8,40
5,8,40
6,8,40
5,8,41
4,8,41
4,8,41
3,8,41
3,8,41
3,8,41
4,9,42
6,10,45
6,10,45
6,10,45
5,9,45
6,8,44
5,8,43
6,8,43
6,8,43
6,8,43
6,8,43
6,8,43
6,8,42
6,8,42
5,7,42
5,7,42
5,8,41
5,8,41
5,8,41
5,8,41
5,8,41
5,8,40
5,8,40
5,9,40
5,9,40
5,9,40
5,9,41
4,9,41
3,9,42
4,10,45
6,14,50
10,15,52
10,15,52
9,15,52
6,12,48
5,10,45
5,10,43
5,9,43
5,8,42
5,8,42
5,9,42
5,9,43
7,9,44
7,9,44
7,9,44
7,9,44
6,8,42
6,8,42
6,8,41
6,8,41
6,8,42
6,8,42
6,8,42
6,8,42
5,8,42
5,8,42
5,8,42
5,8,42
5,8,42
4,8,42
4,8,43
4,8,43
4,8,43
4,8,43
4,8,43
4,8,43
4,8,43
4,8,43
4,8,43
4,8,43
4,8,43
4,8,44
5,8,45
5,8,46
5,9,46
6,9,47
6,9,47
5,9,47
5,8,47
5,9,47
5,8,47
5,9,47
5,9,46
5,9,46
5,9,46
5,9,45
6,10,45
5,10,45
5,10,44
5,10,43
5,10,43
5,10,42
5,10,40
5,10,39
5,10,39
5,10,39
6,10,38
6,10,36
6,10,35
6,10,34
7,10,34
6,9,34
6,9,33
6,8,33
5,8,32
4,8,32
4,8,32
4,8,32
5,9,33
5,9,33
6,10,34
6,11,36
6,11,36
6,11,36
6,11,37
6,11,38
5,6,32
5,6,32
5,6,34
5,6,36
5,7,36
5,7,37
5,8,38
5,8,39
5,8,41
4,8,42
4,8,42
4,8,43
4,8,43
4,8,43
4,8,43
5,8,43
5,9,44
5,9,44
5,9,44
5,9,45
6,10,45
5,9,45
5,9,45
5,8,45
5,8,45
4,8,45
4,8,46
4,9,46
4,9,46
4,10,48
4,10,47
3,9,46
3,9,46
3,9,46
3,9,46
3,9,45
3,9,44
3,9,44
3,9,44
4,8,45
5,9,45
6,9,47
6,9,47
6,9,47
6,9,47
6,9,46
6,8,44
6,8,43
6,8,43
6,8,43
6,9,43
5,9,42
4,9,42
4,9,42
4,9,40
4,9,40
4,9,40
4,9,40
4,9,40
4,9,40
4,9,40
4,9,40
4,9,40
6,9,42
5,8,42
6,8,42
6,8,42
6,8,42
6,8,42
6,8,42
6,8,42
5,8,42
4,8,42
4,8,41
4,8,41
4,9,42
4,9,42
5,10,45
6,10,45
6,10,45
6,9,46
6,8,46
6,8,43
6,8,43
6,8,43
6,8,43
6,8,43
6,8,43
6,8,42
6,8,42
6,8,42
6,8,42
6,8,42
6,8,42
6,8,42
6,8,42
6,8,42
6,8,42
5,8,41
5,9,41
5,9,41
5,9,41
4,9,42
3,9,43
3,9,44
3,11,47
6,14,50
9,15,53
9,15,53
9,15,52
6,12,49
5,10,47
5,9,44
5,9,43
5,8,43
5,8,42
5,8,43
5,9,43
7,9,44
7,9,44
7,9,44
7,9,44
6,8,42
6,8,42
6,8,41
6,8,41
6,9,42
6,9,42
6,8,42
5,8,42
5,8,43
5,8,43
5,8,42
5,7,42
5,7,42
5,7,42
4,7,42
4,7,42
4,8,43
4,8,43
4,8,43
4,8,43
4,8,43
4,8,43
4,8,43
4,8,43
4,8,43
4,8,44
5,8,45
5,8,45
5,8,46
5,9,47
5,8,47
5,8,46
5,8,46
5,8,47
5,8,47
5,9,47
6,9,47
6,9,46
5,9,46
6,9,46
6,10,45
5,10,45
5,10,44
5,10,43
5,10,43
5,10,43
5,10,40
5,10,39
5,10,39
5,10,38
6,10,36
5,10,35
5,9,34
6,10,34
6,9,34
6,9,33
6,8,33
5,8,32
4,8,32
4,8,32
4,8,32
4,8,32
5,9,33
5,9,33
6,10,34
6,11,35
6,11,36
6,11,36
6,11,37
5,6,32
5,6,32
5,6,33
5,6,35
5,7,36
5,7,37
5,7,38
5,8,39
5,8,41
4,8,42
4,8,42
4,8,43
4,8,43
4,8,43
4,8,43
4,8,43
4,8,43
5,9,44
5,9,44
5,9,44
5,9,44
5,9,44
5,9,44
5,8,45
4,8,45
4,8,45
4,8,46
4,9,46
4,9,46
3,9,46
3,9,46
3,9,46
3,9,46
3,9,46
3,9,46
3,9,46
3,9,45
3,9,45
3,9,45
4,9,46
6,12,49
7,13,50
10,16,53
11,14,52
8,11,49
6,9,47
6,9,47
6,8,45
6,8,44
6,9,43
6,9,43
5,9,43
4,9,42
4,9,42
4,9,42
4,9,40
4,9,40
4,9,40
4,9,40
4,9,40
4,9,40
4,9,40
4,9,40
5,9,40
5,9,41
6,8,42
6,8,42
6,8,42
6,8,42
6,8,42
6,8,42
6,8,42
6,8,42
5,8,41
4,9,42
4,9,42
4,9,42
5,9,43
6,10,45
6,10,45
6,10,46
6,9,46
6,8,44
5,8,43
5,8,43
6,8,43
6,8,43
6,8,43
6,8,43
6,8,42
6,8,42
6,8,42
6,8,42
6,8,42
6,8,42
6,8,42
6,8,42
6,8,42
5,8,42
5,9,42
5,9,43
4,9,43
3,9,43
3,9,45
3,9,46
4,11,50
7,14,52
9,15,54
9,15,53
9,15,52
5,11,49
5,10,47
5,9,45
5,9,44
4,8,43
4,8,43
5,8,43
5,8,43
5,9,44
7,9,44
7,9,44
6,9,44
6,8,42
6,8,42
6,9,42
6,9,42
6,9,42
6,9,42
6,8,42
5,8,43
5,8,43
5,8,43
5,8,43
5,7,42
5,7,42
5,7,42
5,7,42
4,7,42
4,8,43
4,8,43
4,8,43
4,8,43
4,8,43
4,8,43
4,8,43
4,8,43
4,8,43
5,8,44
5,8,44
5,8,45
5,8,46
5,8,46
5,8,46
5,8,46
5,8,46
5,8,46
5,8,46
5,8,46
6,9,46
6,9,46
6,9,46
6,9,46
6,10,46
6,10,45
6,10,44
5,10,44
5,10,43
5,10,43
5,10,41
6,10,39
6,10,39
6,10,38
6,10,36
5,9,35
5,9,34
6,9,34
6,9,34
5,9,33
5,8,33
5,8,32
4,8,32
4,8,32
4,8,32
4,8,32
5,9,33
5,9,33
6,10,34
6,10,35
6,11,36
6,11,36
6,11,37
5,7,31
5,7,32
5,7,32
5,7,35
5,7,36
4,7,37
5,7,37
5,7,38
4,8,39
4,8,41
4,8,42
4,8,43
4,8,43
4,8,43
4,8,43
4,8,43
4,8,43
4,8,43
4,8,43
4,8,43
5,9,44
5,9,44
5,8,44
4,8,44
4,8,45
4,8,45
4,8,46
4,8,46
3,9,46
3,9,46
3,9,46
3,9,46
3,9,46
3,9,46
3,9,46
4,9,46
4,9,46
4,9,46
5,10,47
6,12,48
6,12,49
10,16,53
13,17,55
13,17,55
11,15,53
10,13,51
7,10,48
6,9,47
6,9,45
6,9,44
6,9,44
5,9,43
5,9,43
4,9,42
4,9,42
4,9,40
4,9,40
4,9,40
4,9,40
4,9,40
4,9,40
4,9,40
4,9,40
5,9,40
6,9,40
6,8,41
6,8,41
6,8,41
6,8,41
6,8,42
6,8,42
6,9,41
6,9,41
6,9,41
6,9,42
5,9,42
4,9,42
5,9,43
6,9,44
6,9,45
6,9,46
6,9,46
6,9,44
5,9,43
5,8,42
5,8,42
5,9,42
6,9,42
5,9,42
6,8,42
6,8,42
6,8,42
6,8,42
6,9,42
6,9,43
6,9,43
6,9,43
6,8,43
5,9,43
5,9,43
4,9,43
3,9,44
3,9,45
3,10,45
4,11,48
6,14,51
9,17,57
10,17,56
9,17,56
7,14,53
5,10,49
4,9,47
4,9,46
4,9,45
4,9,44
4,8,43
4,9,43
5,9,44
5,9,44
7,9,44
7,9,44
7,9,44
6,8,43
6,8,42
6,9,42
6,9,42
6,9,42
6,9,42
6,8,43
5,8,43
5,8,43
5,8,43
6,8,43
5,8,43
5,8,43
5,8,43
5,8,43
4,8,43
4,8,43
4,8,43
4,8,43
4,8,43
4,8,43
4,8,43
4,8,43
4,8,43
4,8,43
5,8,44
5,9,44
5,9,45
5,8,46
5,8,46
5,8,46
5,8,46
5,8,46
5,8,46
5,8,46
5,8,46
5,8,46
6,9,46
6,9,46
6,9,46
6,10,46
6,10,46
6,10,44
6,10,44
5,10,43
5,10,43
6,10,42
6,10,39
6,10,39
6,10,38
6,10,36
5,9,35
5,9,34
5,9,34
5,9,34
5,9,33
5,9,33
5,8,32
5,8,32
4,8,32
4,8,32
5,9,33
5,9,33
5,9,33
5,9,33
6,10,35
6,10,35
6,11,36
6,11,37
5,7,31
4,7,32
4,7,35
4,7,36
4,7,37
5,7,37
5,7,38
5,8,39
4,8,41
4,8,42
4,8,43
4,8,43
4,8,43
4,8,43
4,8,43
4,8,43
4,8,43
4,8,43
4,8,43
4,8,43
4,8,43
4,8,43
4,8,43
4,8,44
4,8,45
4,8,45
4,8,46
3,9,46
3,9,46
3,9,46
3,9,46
3,9,46
3,9,46
3,9,46
5,11,48
5,11,48
5,11,48
5,11,48
6,12,48
6,12,49
11,16,53
13,19,56
15,19,56
14,18,56
12,15,53
8,11,49
6,9,47
6,9,47
6,9,44
5,9,44
5,9,44
5,9,44
5,9,43
5,9,43
4,9,42
4,9,42
4,9,40
4,9,40
4,9,40
4,9,40
4,9,40
4,9,40
5,9,40
6,9,40
6,8,40
6,8,40
6,9,41
6,9,41
6,9,41
6,9,41
6,9,41
6,9,40
6,9,40
6,9,42
6,9,42
5,8,42
5,8,42
6,9,42
6,9,44
6,9,44
6,9,44
6,9,43
5,9,43
4,9,42
4,9,42
4,9,42
4,9,42
4,9,42
4,9,42
4,9,42
5,8,42
5,9,42
6,9,43
6,9,43
6,9,43
6,9,43
5,8,43
4,9,43
4,9,43
3,9,44
3,9,45
3,9,45
4,10,46
4,11,50
8,15,54
11,18,57
10,17,57
8,16,56
6,12,51
4,10,49
4,9,48
4,9,47
4,9,47
4,9,45
4,9,44
4,9,44
4,9,44
5,9,45
7,9,45
7,9,44
7,9,44
7,9,44
6,9,43
6,9,43
6,9,43
6,9,43
6,9,43
6,8,43
6,8,43
6,8,44
6,8,45
6,8,45
5,8,45
5,8,45
5,8,44
4,8,43
4,8,43
4,8,43
4,8,43
4,8,43
4,8,43
4,8,43
4,8,43
4,8,43
4,8,43
4,8,44
5,8,44
5,9,44
5,9,44
5,8,45
5,8,46
5,8,46
5,8,46
5,8,46
5,8,46
5,8,46
5,8,46
5,8,46
5,8,46
6,9,47
6,9,46
6,9,46
6,10,46
5,10,44
5,10,43
5,10,43
5,10,43
7,12,43
7,12,41
6,10,39
5,9,38
5,9,36
5,9,34
5,9,34
5,9,34
5,9,34
5,9,33
5,9,33
5,9,33
5,9,33
5,9,33
5,9,33
5,9,33
5,9,33
5,9,33
5,9,34
6,10,35
6,10,35
6,11,36
4,7,31
4,7,32
4,7,34
4,7,35
4,7,37
5,7,37
5,7,38
5,8,39
4,8,41
4,8,42
4,8,42
4,8,43
4,8,43
4,8,43
4,8,43
4,8,43
4,8,43
4,8,43
4,8,43
4,8,43
4,8,43
4,8,43
4,8,43
4,8,43
4,8,44
4,8,45
4,8,45
3,9,46
3,9,46
3,9,46
3,9,46
3,9,46
4,10,47
5,11,48
5,11,48
6,12,48
5,11,48
5,11,48
5,11,48
5,11,47
6,12,49
13,19,56
15,21,58
15,20,58
13,16,54
10,13,51
7,9,47
6,9,47
6,9,46
5,9,44
5,9,44
5,9,44
5,9,43
5,9,43
5,9,43
4,9,42
4,9,42
4,9,40
4,9,40
4,9,40
4,9,40
5,9,40
5,9,40
6,9,40
6,9,40
6,9,40
6,9,40
6,9,41
6,9,40
6,9,40
6,9,40
6,9,40
6,9,40
6,9,40
6,9,42
6,8,42
6,8,42
6,8,42
6,8,42
6,8,43
6,9,43
5,9,42
4,9,42
4,9,42
4,9,41
4,9,42
4,9,42
4,9,42
4,9,42
4,9,42
4,9,42
5,9,43
5,9,43
5,9,43
5,9,43
5,9,43
4,9,43
4,9,43
4,9,44
3,9,45
3,9,45
4,9,46
4,10,47
4,11,50
8,15,56
10,16,57
9,16,56
7,14,53
4,10,50
4,10,49
3,9,48
4,9,47
4,9,47
4,9,47
4,9,46
4,10,46
4,10,47
7,10,47
7,9,47
7,9,46
7,9,45
7,9,44
7,9,44
7,9,43
7,9,43
7,9,43
7,9,43
7,8,44
6,8,44
7,8,45
6,8,46
6,8,46
5,8,45
5,8,45
5,8,45
4,8,45
4,8,44
4,8,43
5,8,44
4,8,44
4,8,44
4,8,43
4,8,43
4,8,43
4,8,44
5,8,44
5,9,44
5,9,44
5,9,44
5,9,45
5,8,46
5,8,46
5,8,46
5,8,46
5,8,46
5,8,46
5,8,46
5,8,46
6,9,47
6,9,47
6,9,47
6,10,46
6,10,46
5,10,44
5,10,43
5,10,43
6,12,43
8,12,43
8,13,44
8,13,41
6,10,38
5,9,36
5,9,34
5,9,34
5,9,34
5,9,34
5,9,34
5,9,33
5,9,33
5,9,33
5,9,33
5,9,33
5,9,33
5,9,33
5,9,33
6,10,34
6,10,35
6,11,36
6,11,37
3,7,31
3,7,31
4,7,34
4,7,35
4,7,36
4,7,37
5,7,38
5,8,39
4,8,40
4,8,41
4,8,42
4,8,43
4,8,43
4,8,43
4,8,43
4,8,44
4,8,45
4,8,45
4,9,44
5,9,44
4,8,43
4,8,43
4,8,43
4,8,43
4,8,43
4,8,44
4,8,45
4,8,46
3,9,46
3,9,46
3,9,46
4,9,46
4,9,46
5,11,48
5,11,48
5,11,48
5,11,48
5,10,47
4,10,47
4,10,47
4,10,47
6,12,49
13,18,56
13,16,54
10,16,53
9,13,51
7,9,47
6,9,47
5,9,46
5,8,45
5,9,44
5,9,44
5,9,43
5,9,43
5,9,43
5,9,43
4,9,42
4,9,42
4,9,42
4,9,41
5,9,41
5,9,40
5,9,40
6,9,40
6,9,40
6,9,40
6,9,40
6,9,40
6,9,40
6,9,40
6,9,40
6,9,40
6,9,40
6,9,40
6,8,42
6,8,42
6,8,42
6,8,42
6,8,42
6,8,42
6,8,42
5,9,42
4,9,42
4,9,41
4,9,41
4,9,41
4,9,42
4,9,42
4,9,42
4,9,42
4,9,42
4,9,43
4,9,43
4,9,43
4,8,43
4,8,43
4,8,43
4,9,43
4,9,44
4,9,45
3,9,46
4,10,47
4,11,48
5,11,50
7,14,54
9,16,56
7,14,54
4,10,50
4,9,49
4,9,48
3,8,48
4,9,47
4,9,47
4,10,47
4,10,47
4,10,47
5,11,49
8,12,50
8,11,49
7,9,48
6,9,46
6,9,45
7,9,44
7,9,44
7,9,44
7,9,44
7,9,44
7,9,44
7,8,45
7,8,46
6,8,46
5,8,46
5,8,45
5,8,45
4,8,45
4,8,45
5,8,45
5,8,46
5,9,46
5,8,45
4,8,45
4,8,45
4,8,45
4,8,45
4,8,45
5,8,45
5,9,45
5,9,44
5,9,45
5,9,46
5,9,46
5,8,46
5,8,46
5,8,46
5,8,46
5,8,46
5,8,46
5,8,46
6,9,47
6,9,47
6,9,47
7,10,47
6,10,46
5,10,43
5,10,43
5,10,43
5,11,42
8,12,42
9,13,43
9,13,41
6,10,39
5,9,37
5,9,35
5,9,34
5,9,34
5,9,34
5,9,34
5,9,34
5,9,33
5,9,33
5,9,33
5,9,33
5,9,33
5,9,33
5,9,34
6,10,34
6,10,35
7,11,36
6,12,37
3,7,31
3,7,34
4,7,35
4,7,35
4,7,37
5,7,38
5,8,39
5,8,40
4,8,41
4,8,42
4,8,43
4,8,43
4,8,43
4,8,44
4,8,45
4,9,45
5,9,45
5,9,45
5,9,44
5,9,44
5,9,44
4,8,43
4,8,43
4,8,43
4,8,44
4,8,44
4,8,45
4,8,46
4,8,46
4,8,46
4,8,46
5,9,46
5,9,46
5,11,48
5,9,46
4,8,46
3,9,46
3,9,46
3,9,46
4,10,47
4,10,47
6,12,49
10,15,52
9,13,51
8,12,49
6,10,47
5,8,46
5,8,46
5,8,45
5,8,44
5,8,44
5,9,43
5,9,43
5,9,43
5,9,43
5,9,43
4,9,43
4,9,42
4,9,42
5,9,42
5,9,41
5,9,41
6,9,40
6,9,40
6,9,40
6,9,40
6,9,40
6,9,40
6,9,40
6,9,40
6,9,40
6,9,42
6,9,42
6,8,42
6,8,42
6,8,42
6,8,42
6,8,42
6,8,42
6,9,42
5,9,42
4,9,41
4,9,40
4,9,40
4,9,41
4,9,42
4,9,42
4,9,42
4,9,42
4,9,42
4,9,42
4,9,43
4,9,43
4,8,43
4,8,43
4,8,43
4,9,43
4,9,44
4,9,45
4,9,46
4,9,46
4,10,48
5,11,50
6,11,51
6,12,52
5,10,50
4,9,49
4,9,48
4,9,48
4,8,48
4,9,47
4,9,47
4,10,47
4,10,47
5,11,49
8,12,51
9,12,52
9,12,52
7,10,49
6,9,47
6,9,46
6,9,45
7,9,44
7,9,44
7,9,44
7,9,44
7,9,44
6,8,45
6,8,46
5,8,46
5,8,46
4,7,45
4,7,45
4,7,45
4,8,45
5,8,46
6,9,47
6,9,47
5,9,46
5,8,45
4,8,45
4,8,45
4,8,45
5,8,46
5,8,46
5,9,46
5,9,46
6,9,46
6,9,46
6,9,47
6,9,46
6,9,47
5,8,46
5,8,46
5,8,46
5,8,46
5,8,46
6,9,47
6,9,47
6,10,47
7,10,47
5,10,44
5,10,43
5,10,42
5,10,41
5,11,41
7,12,41
8,12,41
8,12,41
7,11,39
5,9,37
5,9,34
5,9,34
5,9,34
5,9,34
5,9,34
5,9,34
5,9,33
5,9,33
5,9,33
5,9,33
6,10,34
6,10,34
6,10,34
6,10,35
6,11,35
7,11,36
3,7,31
3,7,33
3,7,34
4,7,35
4,7,37
5,8,38
5,8,39
5,8,39
5,8,41
5,8,42
4,8,43
4,8,43
4,8,44
3,8,45
3,9,45
3,9,46
5,9,46
6,10,46
6,10,45
5,9,45
5,9,44
5,9,44
5,8,44
4,8,44
4,8,44
4,8,44
4,8,45
4,8,46
4,8,46
5,8,46
5,8,46
5,8,46
5,8,46
5,8,46
5,8,46
4,8,46
3,8,46
3,9,46
3,9,46
3,9,46
4,10,47
4,10,47
6,12,49
6,12,49
6,10,47
5,9,47
5,8,46
5,8,46
5,8,45
5,8,44
4,8,44
5,9,44
5,9,44
5,9,44
5,9,43
5,9,43
5,9,43
5,9,43
5,9,43
5,9,42
5,9,42
5,9,42
6,9,41
6,9,41
6,9,41
6,9,41
6,9,41
4,9,41
4,9,41
4,9,41
5,9,42
5,9,42
6,9,42
6,9,42
6,8,42
6,8,42
6,8,42
6,8,42
6,8,42
6,9,42
5,9,42
4,9,41
4,9,40
4,9,40
4,9,41
4,9,42
4,9,42
4,9,42
4,9,42
4,9,42
4,9,43
4,9,43
4,8,43
4,8,43
4,8,43
4,8,43
4,9,44
4,9,45
5,9,45
4,9,46
4,9,47
5,9,47
5,10,48
5,10,49
5,10,49
5,9,49
4,9,48
4,9,48
5,9,48
5,9,48
4,9,47
5,9,47
4,10,47
5,10,47
5,12,50
8,14,54
10,14,54
10,13,53
6,10,49
6,9,48
5,9,46
6,9,46
6,9,45
6,9,44
6,9,44
6,9,44
6,9,45
6,9,46
5,8,46
5,8,46
5,8,46
4,7,45
4,7,45
4,7,45
4,7,45
5,8,46
6,9,47
6,9,47
6,9,47
5,8,46
5,8,46
5,8,46
5,8,46
5,8,46
5,8,46
5,9,46
6,9,46
6,9,46
6,9,47
6,9,47
6,9,47
6,9,47
6,9,47
5,9,46
5,8,46
5,9,46
5,9,46
5,9,46
6,9,47
6,9,47
6,10,44
5,10,43
5,10,43
5,10,41
5,10,41
5,10,40
6,11,40
6,11,40
6,11,40
6,10,38
5,9,37
5,9,34
5,9,34
5,9,34
5,9,34
5,9,34
5,9,33
5,9,33
5,9,33
5,9,33
6,10,34
6,10,34
6,10,34
6,10,34
6,10,35
6,11,35
7,11,37
3,7,33
3,7,34
4,7,35
4,7,35
5,7,37
5,8,38
5,8,39
5,8,40
5,8,41
4,8,42
4,8,43
3,8,44
3,8,45
3,9,46
5,9,47
6,10,47
6,10,47
6,10,46
6,9,45
5,9,45
5,9,45
5,9,44
5,8,44
4,8,44
4,8,45
4,8,45
4,8,46
5,8,46
5,8,46
5,8,46
5,8,46
5,8,46
5,8,46
5,8,46
5,8,46
3,8,46
3,9,46
3,9,46
3,9,46
4,10,47
4,10,47
5,10,47
5,10,47
5,9,47
5,8,46
5,8,46
5,8,46
5,8,45
5,8,45
4,8,44
5,9,44
5,9,44
5,9,44
5,8,44
5,8,44
5,9,43
5,9,43
5,9,43
5,9,43
5,9,43
5,9,42
6,9,42
6,9,42
6,9,42
5,9,41
5,9,41
4,9,41
4,9,42
4,9,42
4,9,42
4,9,42
4,9,42
5,9,42
5,9,42
6,9,42
6,9,42
6,9,42
6,9,42
5,9,42
5,9,42
4,9,41
4,9,41
4,9,41
4,9,42
4,9,42
4,9,42
4,9,42
4,9,42
5,9,43
5,9,43
5,9,43
4,9,43
4,8,43
4,8,43
4,8,43
5,9,44
5,9,45
6,9,46
5,9,47
5,9,47
5,9,47
5,10,48
5,9,48
5,9,48
5,9,48
5,9,47
5,9,47
6,9,47
5,9,47
5,9,47
5,9,47
5,10,47
5,10,49
7,13,51
8,15,54
10,15,54
10,13,53
6,10,49
6,9,49
5,9,48
6,10,46
6,9,45
6,9,45
6,9,45
5,9,45
6,9,46
6,9,46
6,9,46
5,8,46
5,8,46
4,7,45
4,7,45
4,7,45
4,7,45
5,8,46
6,9,47
6,9,47
6,9,47
5,8,46
5,8,46
5,8,46
5,8,46
5,8,46
5,8,46
5,8,46
5,8,46
6,9,46
6,9,47
6,9,47
6,9,47
6,9,47
6,9,47
5,9,46
5,9,46
5,9,46
5,9,46
5,9,46
5,9,46
6,9,44
5,10,44
5,10,43
5,10,41
5,10,40
5,10,40
5,10,40
5,10,40
6,10,39
6,10,38
5,10,37
5,9,34
5,9,34
5,9,34
5,9,34
5,9,34
5,9,34
5,9,33
5,9,33
5,9,33
5,9,33
6,10,34
6,10,34
6,10,34
6,10,35
6,11,35
7,11,36
3,7,32
3,7,34
4,7,35
4,7,35
4,7,37
5,7,38
5,8,38
5,8,39
4,8,41
4,8,41
4,8,42
3,8,43
3,8,45
4,9,46
6,11,49
6,12,49
6,11,48
6,10,47
6,9,46
5,8,46
5,9,46
5,9,46
5,8,45
5,8,45
4,8,45
4,8,45
5,8,46
5,8,46
5,8,46
5,8,46
5,8,46
5,8,46
5,8,46
5,8,46
5,8,46
5,9,46
4,9,46
4,9,46
4,9,46
4,9,47
4,9,47
5,9,47
5,9,46
5,9,46
5,8,46
5,8,46
5,8,45
5,8,45
5,9,45
4,9,44
4,9,44
4,9,45
5,9,45
5,8,45
5,8,45
5,9,45
5,9,44
5,9,43
5,9,43
5,9,43
5,9,43
5,9,43
5,9,42
5,9,42
5,9,42
4,9,42
4,9,42
4,9,42
4,9,42
4,9,42
4,9,42
4,9,42
5,9,42
5,9,43
5,9,42
5,9,42
5,9,42
5,9,42
5,9,42
4,9,42
4,9,42
4,9,42
4,9,42
4,9,42
4,9,42
4,9,42
4,9,42
5,9,43
5,9,43
5,9,44
5,9,44
4,9,43
4,8,43
4,8,43
4,8,43
5,9,44
5,9,45
6,9,46
5,9,47
5,9,47
5,9,47
5,9,48
5,9,47
5,9,48
5,9,48
5,9,47
5,9,47
6,9,47
5,9,47
5,9,47
5,9,47
5,10,47
5,11,50
7,13,51
8,13,53
7,12,52
7,11,51
6,10,50
5,9,49
5,9,48
6,10,47
6,10,46
6,10,46
5,9,45
5,9,46
5,9,46
6,9,47
6,9,47
5,9,47
5,8,46
4,8,46
4,7,45
4,7,45
4,8,46
5,8,46
6,9,47
6,9,47
6,9,47
6,9,47
5,8,46
5,8,46
5,8,46
5,8,46
5,8,46
5,8,46
5,8,46
5,8,46
5,8,46
5,9,46
5,8,46
5,9,46
5,9,46
5,9,45
5,9,44
5,9,44
5,9,44
5,9,44
5,9,44
5,9,44
5,9,43
6,10,42
6,10,41
6,10,40
5,10,39
5,10,39
5,10,38
5,10,38
5,10,37
5,9,35
5,9,34
5,9,34
5,9,34
5,9,34
5,9,34
5,9,33
5,9,33
5,9,33
5,9,33
5,9,33
6,10,34
6,10,34
6,10,34
6,10,35
6,11,35
7,11,36
3,7,32
3,7,33
4,7,34
4,7,35
4,7,37
5,7,38
5,7,38
5,7,39
5,7,41
4,7,41
4,7,42
3,8,43
3,8,45
5,9,46
6,11,48
6,11,48
6,10,48
6,10,47
6,9,46
5,8,46
5,9,46
5,8,46
5,8,46
5,8,45
4,8,45
4,8,45
5,8,46
5,8,46
5,8,46
5,8,46
6,9,46
6,9,46
6,9,46
5,9,46
5,9,46
5,9,46
5,9,46
5,9,47
4,9,46
4,9,46
5,9,46
5,9,46
5,8,46
5,8,46
5,9,46
5,9,45
5,9,45
5,9,45
5,9,45
5,9,45
4,9,45
4,9,45
4,9,46
5,9,46
5,9,46
5,9,46
5,10,45
5,9,44
5,9,44
5,9,44
5,8,43
5,9,43
5,9,43
5,9,43
4,9,43
4,9,42
4,9,42
4,9,42
4,9,42
4,9,43
4,9,43
5,9,43
5,9,43
5,9,43
5,9,43
5,9,43
5,9,43
5,9,42
4,9,42
4,9,42
4,9,42
4,9,42
4,9,42
4,9,42
5,9,43
5,9,43
5,9,43
5,9,43
5,9,44
5,9,44
4,9,43
4,8,43
4,8,43
4,8,43
5,9,44
5,9,44
5,9,45
6,9,47
5,9,47
5,9,47
5,9,47
5,9,47
5,9,47
5,9,47
5,9,48
5,9,48
4,9,47
4,9,47
5,9,47
5,9,47
5,10,47
5,11,49
6,13,50
8,15,53
7,12,52
6,11,51
6,11,50
6,10,50
6,10,49
7,10,49
7,12,50
7,10,48
6,10,47
5,10,46
5,9,46
5,9,47
6,9,47
7,11,49
7,11,49
6,9,47
4,8,46
4,8,46
4,8,45
4,8,46
5,8,46
5,8,46
6,9,47
6,9,47
6,9,47
6,9,47
5,8,46
5,8,46
5,8,46
5,8,46
5,8,46
5,8,46
5,8,46
5,8,46
5,8,46
5,8,46
5,8,46
5,9,45
5,9,44
5,9,44
5,9,44
5,9,44
5,9,44
5,9,44
5,9,43
5,9,42
6,10,41
6,10,40
6,10,39
5,10,38
5,10,38
5,10,37
5,10,36
5,9,35
5,9,34
5,9,34
5,9,34
5,9,34
5,9,34
5,9,34
5,9,33
5,9,33
5,9,33
5,9,33
6,10,34
6,10,34
6,10,34
6,10,34
7,11,35
7,11,36
7,11,37
3,7,33
3,7,34
4,7,35
4,7,36
5,7,37
5,7,38
5,7,39
5,7,41
5,7,41
4,7,42
4,8,43
3,8,45
3,8,46
5,9,47
5,9,47
5,8,47
6,9,47
5,8,46
5,8,46
5,8,46
5,8,46
5,8,46
5,8,46
5,8,46
5,8,46
5,8,46
5,8,46
6,9,47
6,9,47
6,9,47
6,9,47
6,9,46
6,9,46
6,9,46
6,9,46
5,9,47
5,9,47
5,9,47
5,9,46
5,8,46
5,8,46
5,8,46
5,8,46
5,9,46
6,9,45
5,9,45
5,9,45
5,9,45
5,9,45
4,9,45
4,9,45
4,9,46
4,9,46
5,9,46
6,11,46
6,11,48
5,9,46
5,9,46
5,9,45
5,9,44
5,9,43
5,9,43
5,9,43
4,9,43
4,9,43
4,9,43
4,9,43
4,9,43
4,9,43
4,9,43
5,9,43
5,9,43
5,9,43
5,9,43
4,9,43
4,9,42
4,9,42
4,9,42
4,9,42
4,9,42
4,9,42
4,9,43
5,9,43
5,9,43
5,9,43
5,9,44
5,9,44
5,9,44
5,9,44
4,8,43
4,8,43
4,8,43
5,9,44
5,9,44
5,9,45
6,9,47
6,10,48
6,10,48
5,9,48
5,9,48
5,9,48
5,9,48
5,9,48
5,9,48
5,9,48
4,9,48
4,9,47
4,9,47
5,9,48
6,10,48
7,13,50
8,15,54
8,15,54
7,13,52
6,11,50
5,10,49
5,10,49
6,10,50
7,12,51
7,13,51
7,13,50
6,10,47
5,9,47
4,9,47
4,9,47
6,10,50
8,12,53
8,12,53
7,11,49
5,9,46
4,9,46
4,8,46
4,8,46
4,8,46
5,8,46
5,8,46
6,9,47
6,9,47
6,9,47
6,9,47
5,8,46
5,8,46
5,8,46
5,8,46
5,8,46
5,8,46
5,8,46
5,8,46
5,8,46
5,8,45
5,9,44
4,9,44
4,9,43
4,9,43
4,9,43
4,9,42
5,9,42
5,9,42
5,9,42
6,10,41
6,10,39
6,10,38
6,10,38
5,10,37
5,10,35
5,9,35
5,9,34
5,9,34
5,9,34
5,9,33
5,9,33
5,9,33
5,9,33
5,9,33
5,9,33
5,9,33
6,9,33
6,10,34
6,10,34
6,10,34
6,10,35
7,11,35
7,11,36
3,7,33
3,7,34
3,7,34
4,7,35
4,7,37
5,7,38
5,7,38
5,7,41
5,7,41
4,7,42
4,8,43
3,8,44
3,8,46
5,8,47
5,8,47
5,8,47
5,8,47
5,8,46
5,8,46
5,8,46
6,9,47
5,8,46
5,8,46
5,8,46
5,8,46
6,9,47
6,9,47
6,9,47
6,9,47
6,9,47
6,9,47
6,9,47
6,9,45
6,9,45
6,9,46
6,9,47
6,9,47
6,9,47
5,9,47
5,8,46
5,8,46
5,8,46
5,8,46
5,9,46
5,9,45
5,9,44
5,9,44
4,9,44
4,9,45
4,9,45
3,9,46
4,9,46
4,9,47
5,10,47
7,12,50
7,12,50
6,11,48
6,9,47
5,9,47
5,8,46
5,9,46
5,9,44
5,9,43
5,9,43
4,9,43
4,9,43
4,9,43
4,9,44
4,9,44
5,9,44
5,9,44
5,9,44
5,9,44
5,9,43
5,9,43
5,9,43
4,9,42
4,9,42
4,9,42
5,9,42
4,9,43
4,9,43
5,9,44
5,9,44
5,9,44
5,9,44
5,9,44
5,9,44
5,9,44
5,9,44
5,9,44
5,9,44
5,9,44
5,9,44
5,9,45
6,10,47
6,10,48
6,11,49
5,10,49
5,10,48
5,10,48
4,9,48
3,9,48
4,9,48
4,9,48
4,9,48
4,9,48
4,9,48
4,10,48
6,12,50
10,17,54
11,18,55
10,16,54
7,13,52
5,10,50
5,9,49
5,10,49
5,10,49
7,12,51
7,13,51
7,13,50
5,10,47
4,8,46
4,8,46
4,8,47
5,10,50
8,12,53
8,12,53
7,12,49
5,10,47
4,9,46
4,9,46
4,9,46
4,8,46
5,8,46
5,8,46
6,9,47
6,9,47
6,9,47
6,9,47
5,8,46
5,8,46
5,8,46
5,8,46
5,8,46
5,8,46
5,8,46
5,8,46
5,8,46
5,8,44
5,9,44
4,9,43
4,9,43
4,9,43
4,9,42
4,9,42
4,9,42
5,9,41
5,10,41
6,10,39
6,10,39
6,10,38
5,10,37
5,9,35
5,9,35
5,9,34
5,9,34
5,9,33
5,9,33
5,9,33
5,9,33
5,9,33
5,9,33
5,9,33
5,9,33
6,9,33
6,10,34
6,10,34
6,10,34
6,10,34
6,11,35
7,11,36
7,12,37
3,7,33
3,7,34
3,7,34
4,7,35
4,7,37
5,7,38
5,7,39
5,7,41
4,7,42
4,8,43
3,8,44
3,8,45
4,8,47
5,8,47
5,8,46
5,8,46
5,8,46
5,8,46
5,8,46
5,9,47
5,8,46
5,8,46
5,9,47
5,9,47
6,9,47
6,9,47
6,9,47
6,9,47
6,9,47
6,10,47
6,10,46
6,10,45
6,9,45
6,9,45
6,9,45
6,9,46
6,9,46
5,9,46
5,8,46
5,8,46
5,8,46
5,8,45
5,8,45
5,9,44
5,9,44
4,9,44
4,8,44
4,9,44
4,9,45
3,9,45
4,9,46
4,9,47
5,9,48
6,12,50
6,12,50
6,10,50
6,9,48
5,9,48
5,9,47
6,9,47
6,9,46
5,9,44
5,9,44
4,9,44
4,9,44
4,9,44
4,9,44
5,9,44
5,9,44
5,9,44
5,9,44
5,9,44
5,9,43
4,9,43
4,9,43
4,9,42
4,9,42
4,9,42
4,9,42
4,9,43
5,9,43
5,9,44
5,9,44
5,9,44
5,9,44
5,9,44
5,9,44
5,9,44
4,8,44
4,8,44
4,9,44
5,9,44
5,9,44
5,9,45
5,10,48
6,11,50
6,11,50
5,11,50
4,10,49
4,9,48
3,9,48
3,9,48
4,9,48
4,9,48
4,9,48
3,9,48
4,9,48
4,10,49
9,16,54
13,19,58
13,19,58
10,18,55
6,13,50
4,10,48
4,9,48
4,9,48
4,10,48
5,10,48
7,12,50
4,10,47
4,10,47
4,8,46
3,8,46
3,8,46
4,9,47
5,11,50
6,12,50
5,11,48
4,9,46
4,9,46
4,9,46
4,9,46
4,9,46
5,8,46
5,8,46
5,8,47
6,9,47
6,9,47
6,9,47
5,8,47
5,8,46
5,8,46
5,8,46
5,8,46
5,8,47
5,8,47
5,9,46
5,9,46
5,9,44
4,9,43
4,9,43
4,9,43
4,9,42
4,9,42
4,9,42
4,9,42
5,10,41
6,10,40
6,10,39
6,10,38
6,10,38
5,10,36
5,9,35
5,9,35
5,9,34
5,9,34
5,9,33
5,9,33
5,9,33
5,9,33
5,9,33
5,9,33
5,9,33
6,10,33
6,10,34
6,10,34
6,10,34
6,10,34
6,10,35
7,11,35
7,11,36
3,7,32
3,7,33
3,7,34
3,7,34
4,7,35
5,7,37
5,7,39
5,8,39
4,8,41
4,8,42
4,8,44
3,8,45
4,8,46
4,8,46
4,8,46
5,8,46
5,8,46
5,7,46
5,8,47
5,9,47
5,9,47
5,9,47
6,9,48
6,9,48
6,9,48
6,9,48
6,9,47
6,9,48
6,10,47
6,10,47
6,10,47
6,9,45
6,9,45
6,9,45
5,9,45
5,9,45
5,9,46
5,9,46
5,9,46
5,8,46
5,8,45
5,9,45
5,9,44
4,9,44
4,9,44
4,9,44
4,9,44
4,9,44
4,9,44
4,8,44
4,9,46
4,9,46
4,9,48
5,9,50
5,11,50
5,10,50
6,10,49
6,9,48
6,9,47
6,9,47
6,9,47
6,9,45
5,9,44
5,9,44
5,9,44
5,9,44
5,9,44
5,9,44
5,9,44
5,9,44
5,9,44
5,9,44
5,9,43
4,9,43
4,9,43
4,9,43
4,9,43
4,9,43
5,9,43
5,9,43
5,9,44
5,9,44
5,9,44
5,9,44
5,9,44
5,9,44
5,9,44
5,9,44
4,9,44
4,9,44
4,9,44
4,9,44
5,9,44
5,9,45
6,10,48
6,11,50
6,11,50
5,11,50
5,10,49
4,9,48
3,9,48
3,9,48
4,9,48
4,9,48
4,9,48
3,9,48
4,9,48
4,10,49
9,13,53
12,19,58
12,19,58
10,15,54
6,12,50
4,10,48
4,9,48
4,9,48
4,10,48
5,10,48
5,10,47
4,9,46
4,9,45
4,9,45
4,8,45
4,8,45
5,8,46
5,9,46
5,10,48
5,9,46
4,9,46
4,9,46
4,9,46
4,9,45
4,9,45
5,9,45
5,8,46
5,8,46
6,9,47
6,9,47
6,9,48
6,8,47
5,8,47
5,8,47
5,8,47
5,8,47
5,9,47
5,9,47
5,9,47
5,9,44
4,9,44
4,9,44
4,9,43
4,9,43
4,9,43
4,9,42
4,9,42
4,10,41
5,10,40
6,10,39
6,10,39
6,10,38
6,10,37
5,9,36
5,9,34
5,9,34
5,9,34
5,9,34
5,9,33
5,9,33
5,9,33
5,9,33
5,9,33
5,10,33
5,10,33
6,10,33
6,10,34
6,10,34
6,10,34
6,10,34
6,10,35
6,11,35
7,11,36
3,7,32
3,7,33
3,7,34
3,7,35
4,7,35
4,7,37
4,8,38
4,8,39
4,8,42
4,8,44
3,8,45
4,8,46
4,8,46
4,7,46
5,7,46
5,7,46
5,7,47
5,8,47
5,9,48
5,9,48
6,9,48
6,10,48
6,10,48
6,10,48
6,10,48
5,10,48
5,10,48
5,10,48
6,10,48
6,10,48
6,10,47
6,9,45
6,9,45
5,9,44
5,9,44
5,9,44
5,9,44
5,9,44
5,9,44
5,9,44
5,9,44
5,9,44
4,9,44
4,9,44
4,9,44
4,9,44
4,9,44
4,9,44
4,8,44
4,9,45
4,9,46
4,9,46
4,9,48
4,9,50
5,10,50
6,10,50
6,10,50
6,9,48
6,9,47
6,9,47
7,9,46
7,9,44
5,9,44
5,9,44
5,9,44
5,9,44
5,9,44
5,9,44
5,9,44
5,9,44
5,9,44
5,9,44
5,9,43
5,9,43
4,9,43
5,9,43
5,9,43
5,9,43
5,9,43
5,9,44
5,9,44
5,9,44
6,9,45
6,9,47
5,9,46
5,9,46
5,9,44
5,9,44
5,9,44
5,9,44
5,9,44
5,9,44
5,9,45
6,10,46
6,10,49
5,11,50
5,10,49
4,10,48
4,9,48
4,9,48
3,9,48
4,9,48
4,9,48
4,9,48
3,9,48
3,9,48
4,9,49
4,9,49
9,13,53
9,14,54
8,13,52
6,12,49
4,10,49
4,10,48
4,10,48
4,10,48
5,10,47
5,9,46
5,9,45
5,9,44
5,9,44
4,8,44
4,8,44
4,8,44
4,8,44
4,8,43
4,8,43
4,8,44
4,9,44
4,9,44
5,9,45
5,9,45
5,9,45
5,8,46
5,8,46
6,9,47
6,8,47
6,8,48
6,8,48
5,8,47
5,8,47
5,8,48
5,9,48
5,9,47
5,9,47
4,9,46
4,9,44
3,9,44
3,9,44
4,9,44
4,9,43
4,9,43
4,9,43
4,10,42
4,10,41
5,10,40
6,11,39
6,11,39
6,11,39
6,10,37
5,9,36
5,9,34
5,9,34
5,9,34
5,9,34
5,9,34
5,9,34
5,10,33
5,10,33
5,10,33
5,10,33
5,10,33
5,10,33
6,10,34
6,10,34
6,10,34
6,10,34
6,10,35
6,10,35
3,7,32
3,7,32
3,7,34
3,7,34
4,7,35
4,7,36
4,7,37
4,8,38
4,8,40
4,8,43
4,8,45
4,8,46
4,8,46
4,7,46
5,7,46
5,7,47
5,7,47
5,8,47
5,9,48
5,9,48
6,9,48
6,10,48
6,10,49
6,10,49
5,10,49
5,10,49
4,10,49
4,10,48
5,10,48
6,10,48
6,9,48
6,9,47
6,9,45
6,9,45
5,9,44
5,9,44
5,10,44
5,9,44
5,9,44
5,9,44
5,9,44
5,9,44
4,9,44
4,8,44
4,8,44
4,8,44
4,8,44
4,8,43
4,9,44
4,9,44
4,9,46
4,9,46
4,9,47
4,9,49
5,10,50
6,11,51
6,12,52
7,10,49
7,9,48
7,9,47
7,9,46
7,9,44
6,9,44
5,9,44
5,9,44
5,9,44
5,9,44
5,9,44
5,9,44
5,9,44
5,9,44
5,9,44
5,9,44
5,9,44
5,9,43
5,9,43
5,9,43
5,9,43
5,9,44
5,9,44
5,9,44
5,9,45
6,9,46
6,9,47
6,9,47
6,9,47
5,9,46
5,9,45
5,9,44
5,9,44
5,9,44
5,9,44
4,9,45
4,10,45
4,10,46
4,10,48
4,10,48
4,9,47
4,9,47
4,9,47
4,9,48
4,9,48
4,9,48
4,9,48
4,9,48
4,8,48
4,8,48
4,9,48
4,10,48
5,11,50
5,11,49
5,11,49
5,11,49
5,11,48
5,10,48
5,10,48
5,10,47
5,9,46
5,9,44
5,9,44
5,9,44
5,9,44
5,8,44
4,8,44
4,8,43
4,8,43
4,8,43
4,8,43
4,8,44
5,9,44
5,9,44
5,9,45
5,9,45
5,8,46
5,8,46
6,8,47
6,8,47
6,8,48
6,8,48
5,8,48
5,8,48
5,9,48
5,9,48
4,9,47
4,9,47
3,9,46
3,9,44
3,9,44
3,9,44
3,9,44
4,9,44
4,10,43
4,10,43
5,10,43
5,10,41
5,11,40
6,11,39
6,11,39
6,11,39
6,10,38
5,9,36
5,9,34
5,9,34
5,9,34
5,9,34
6,10,34
6,10,34
6,10,34
6,11,34
5,11,33
5,11,34
5,10,34
5,10,34
6,10,34
6,10,34
6,10,34
6,10,35
7,11,35
7,11,36
3,7,32
3,7,33
3,7,34
4,7,35
4,7,35
4,7,36
4,8,37
5,9,40
6,9,45
4,9,46
5,9,47
5,8,46
5,7,46
5,7,47
5,7,47
5,7,47
5,8,48
5,8,48
4,9,48
5,9,48
5,10,49
5,10,49
5,10,49
5,10,49
4,10,49
4,10,49
4,10,49
5,10,49
5,10,49
6,9,48
6,9,47
6,9,47
6,9,45
5,9,44
5,9,44
5,10,44
5,9,44
5,9,44
5,9,44
5,9,44
5,9,44
5,9,44
5,8,45
5,8,45
5,9,44
5,9,44
5,8,44
5,9,44
4,9,44
4,9,44
3,9,46
3,9,46
3,9,48
4,10,50
6,12,53
7,13,53
8,13,52
7,10,48
7,10,47
7,9,45
7,9,45
6,9,44
5,9,44
5,9,44
5,9,44
4,8,43
4,8,43
4,8,43
4,8,43
4,9,44
4,9,44
4,9,44
5,9,44
4,9,44
5,9,44
5,9,44
5,9,44
5,9,44
5,9,44
5,9,45
6,9,46
6,9,47
6,9,47
6,9,47
6,9,47
6,9,47
6,9,47
5,9,46
5,9,44
5,9,44
5,9,44
4,9,45
4,9,45
4,9,45
4,9,45
4,9,47
4,9,47
4,9,47
5,9,47
5,9,47
5,9,48
4,9,48
4,9,48
4,8,48
4,8,48
4,8,48
4,9,48
4,9,48
4,9,48
5,10,48
5,10,48
5,10,48
6,11,48
6,11,48
6,11,47
6,10,46
5,9,45
5,9,44
5,9,44
5,9,44
5,9,44
5,9,44
5,8,44
4,8,43
4,8,43
4,8,43
4,8,43
4,8,44
5,8,44
5,9,44
5,9,45
5,8,45
5,8,46
5,8,46
5,8,47
6,8,48
6,8,49
6,9,49
5,9,49
5,8,48
5,9,48
5,9,47
4,9,47
4,9,46
3,9,44
3,9,44
3,9,44
3,9,44
3,9,44
4,9,44
5,10,44
5,11,44
6,11,44
6,11,41
6,11,40
7,11,39
6,10,39
6,10,38
6,10,38
5,9,36
5,9,34
5,9,34
5,9,34
6,10,34
6,10,34
6,10,35
7,11,35
10,14,38
6,11,34
5,11,34
5,11,34
5,11,34
6,11,34
6,11,34
6,10,35
7,11,35
7,11,36
4,7,32
4,7,33
4,7,34
4,7,35
4,7,35
4,8,36
4,8,37
5,9,40
6,10,45
6,11,48
6,10,48
5,9,47
5,7,47
5,7,47
5,7,47
6,8,47
5,8,48
5,9,48
5,9,48
4,9,48
4,9,48
5,10,49
5,10,49
5,10,49
4,10,49
4,10,49
4,10,49
5,10,49
6,10,49
6,10,49
6,9,48
6,9,47
6,9,47
6,9,45
5,9,45
5,9,44
5,9,44
5,9,44
5,9,44
5,9,44
5,9,44
5,9,45
5,9,46
5,9,46
5,9,46
5,9,44
5,9,44
5,9,44
5,9,44
4,9,44
3,9,46
3,9,46
3,9,47
4,11,50
6,12,53
7,13,53
7,13,52
7,11,50
7,10,46
7,10,45
6,9,45
6,9,44
5,9,44
5,9,44
5,9,44
4,8,43
4,9,44
4,9,44
4,9,44
4,9,44
4,9,44
4,9,45
5,9,45
4,9,45
5,9,44
5,9,44
5,9,44
5,9,44
5,9,45
5,9,45
6,9,46
6,8,46
6,8,47
6,9,47
6,9,48
6,9,48
6,9,47
6,9,47
5,9,45
5,9,45
5,9,44
4,9,44
4,9,45
4,8,45
4,8,45
4,9,45
4,9,45
4,9,45
5,9,46
5,9,47
5,9,47
5,9,47
5,9,48
4,9,47
4,8,47
4,9,47
5,9,47
4,9,47
4,9,47
4,9,47
5,9,47
5,9,47
6,11,48
6,11,48
7,11,47
7,11,46
6,10,45
5,9,45
5,9,44
5,9,44
5,9,44
5,9,44
5,9,44
5,8,44
4,8,43
4,8,43
4,8,44
4,8,44
5,8,45
5,8,45
5,8,46
5,8,46
5,8,46
5,8,46
6,8,47
6,9,48
7,9,49
7,9,50
7,9,50
6,9,49
5,9,48
5,9,47
5,9,47
4,9,46
3,9,44
3,9,44
3,9,44
4,9,44
4,9,44
4,9,44
5,10,44
8,11,44
8,11,44
6,11,42
6,11,40
6,11,39
6,10,39
6,10,38
6,9,37
5,9,34
5,9,34
5,9,34
5,9,34
5,9,34
6,10,34
7,11,35
12,16,40
12,16,40
12,16,40
6,11,35
5,11,34
5,11,34
6,11,34
6,11,35
6,10,35
7,11,36
7,11,37
4,8,33
4,8,34
4,8,34
4,8,35
4,8,36
4,8,38
5,9,40
7,13,48
9,14,51
11,14,52
7,10,48
5,8,47
5,8,47
6,8,47
6,8,48
6,8,48
6,9,48
5,9,48
4,9,48
4,9,48
5,9,48
4,9,48
4,9,48
4,10,49
4,10,49
5,10,49
5,10,49
6,10,49
7,10,49
7,9,49
7,9,48
6,9,47
6,9,47
6,9,46
6,9,45
5,9,45
5,9,44
5,9,44
5,9,44
5,9,45
6,8,46
6,9,46
6,9,46
5,9,46
5,9,46
5,9,44
5,9,44
5,9,44
4,9,44
3,9,46
3,9,46
3,9,47
3,9,47
5,12,50
7,13,52
7,13,51
7,11,48
6,11,46
6,10,45
6,10,45
5,9,44
5,9,44
5,9,44
5,9,44
4,9,44
4,9,44
4,9,44
4,9,44
4,9,45
4,9,45
4,9,45
4,9,46
4,9,46
4,9,46
5,9,45
5,9,45
5,9,45
5,9,45
5,9,46
5,8,46
5,8,46
6,8,47
6,9,48
7,9,48
7,10,48
7,10,48
7,10,48
6,9,47
6,9,45
5,9,45
5,9,45
4,9,44
4,8,44
4,8,44
4,8,44
4,9,44
4,9,44
5,9,45
5,9,45
5,9,45
5,9,46
5,9,47
5,9,47
5,9,47
5,9,47
5,9,47
5,9,47
5,9,46
5,9,46
5,9,46
5,9,46
5,9,47
6,10,47
7,10,47
7,10,46
6,10,46
6,9,45
5,9,45
5,9,44
5,9,44
5,9,44
5,8,44
5,8,44
4,8,44
4,8,45
4,8,45
5,8,45
5,8,45
5,8,46
5,8,46
5,8,46
5,8,46
5,8,46
5,8,47
7,9,49
8,11,51
9,12,52
9,11,51
6,9,49
6,9,48
5,9,47
5,9,46
5,9,46
4,9,44
4,9,44
4,9,44
4,8,43
4,9,44
5,9,44
7,10,44
8,11,44
8,11,44
7,11,41
6,10,40
6,10,39
6,10,38
5,9,37
5,9,36
5,9,34
5,9,34
5,9,34
5,9,34
5,9,34
6,10,34
7,11,35
12,16,40
12,16,40
12,16,40
9,13,38
6,11,36
6,11,35
6,11,35
6,11,35
6,11,36
7,11,36
4,8,33
4,8,34
4,8,34
4,8,35
4,8,36
3,8,38
4,9,40
7,13,48
12,17,53
12,18,55
12,16,53
6,9,48
6,9,47
6,8,47
6,8,48
6,8,48
6,8,48
5,8,48
5,9,48
5,9,48
4,9,48
4,9,48
4,9,48
5,10,49
5,10,49
5,10,49
5,10,49
6,10,49
7,10,50
7,11,52
7,11,50
7,9,49
6,9,47
6,9,47
6,9,47
6,9,46
6,9,45
6,9,45
6,9,45
6,9,46
6,9,46
6,9,46
6,9,47
6,9,47
5,9,46
5,9,45
5,9,44
5,9,44
5,9,45
3,9,46
3,9,46
3,9,47
3,9,47
2,9,48
5,11,49
6,11,48
6,11,46
6,10,46
6,10,45
5,10,45
5,9,45
5,10,45
5,10,45
5,10,45
4,9,45
4,9,45
4,9,45
4,9,46
3,9,46
3,9,46
3,9,46
3,9,46
4,10,46
4,9,46
4,9,46
5,9,46
5,9,46
5,9,46
5,9,46
5,8,47
5,8,47
6,8,48
7,9,48
7,10,49
7,10,48
7,10,48
7,10,48
6,9,47
6,9,46
5,9,45
5,9,44
5,9,44
4,8,43
4,8,43
4,8,43
4,8,44
5,9,44
5,9,44
5,9,45
6,9,45
5,9,45
6,9,46
6,9,47
5,9,47
6,9,47
6,9,47
6,9,47
5,9,46
5,9,46
5,9,46
5,9,45
5,9,45
6,9,46
6,10,46
7,10,46
6,10,46
6,10,46
5,9,45
5,9,45
5,9,44
5,9,44
5,8,44
5,8,45
5,8,46
5,8,46
5,8,46
5,8,45
5,8,46
5,8,46
5,8,46
5,8,46
5,8,46
5,8,46
5,8,47
6,10,49
8,12,51
9,13,54
9,13,54
7,9,50
6,9,49
6,9,47
5,9,47
5,9,46
5,9,44
5,9,44
5,9,44
4,8,43
5,9,43
5,9,44
6,9,44
7,10,44
7,10,43
6,10,40
6,10,39
6,9,38
5,9,37
5,9,36
5,9,34
5,9,34
5,9,34
5,9,34
5,9,34
5,9,34
6,10,34
7,11,35
9,13,37
12,16,40
10,14,38
8,12,37
6,11,36
6,11,36
6,11,36
6,11,36
7,11,36
7,11,39
4,8,33
4,8,34
3,8,34
3,8,35
3,8,38
4,9,40
6,12,45
12,18,55
16,20,56
16,21,57
11,16,54
7,9,48
6,9,48
6,8,48
6,8,48
5,8,48
5,8,48
5,8,48
5,9,48
4,9,48
4,9,48
4,9,48
5,10,49
5,10,49
5,10,49
5,10,49
6,10,50
7,11,52
7,13,54
8,14,55
7,12,52
6,9,48
6,9,48
6,9,47
6,9,47
6,9,47
6,9,46
6,9,46
6,9,46
6,9,47
6,9,47
6,9,47
6,9,47
6,9,47
5,9,46
5,9,45
5,9,45
5,9,46
4,9,46
3,9,47
3,9,47
2,9,47
2,9,47
3,10,48
5,10,48
5,10,46
5,10,45
5,10,45
5,10,45
5,10,45
5,10,46
5,10,47
5,10,47
5,10,46
4,10,46
4,9,46
3,9,46
3,9,46
3,9,46
3,9,46
3,9,47
3,10,47
3,9,47
4,9,46
5,9,47
5,9,47
5,9,47
6,9,47
6,8,48
6,8,48
6,9,49
7,9,50
8,10,50
7,10,49
7,9,49
7,9,48
6,9,47
5,8,46
5,8,46
5,9,45
5,8,44
4,8,43
4,8,43
4,8,43
5,8,44
5,9,44
5,9,44
5,9,45
6,9,45
5,9,46
6,9,46
6,9,47
6,9,47
6,9,47
6,9,47
6,9,47
6,9,46
6,9,46
5,9,45
5,9,45
5,9,45
5,9,46
6,9,46
6,10,46
6,10,46
6,9,46
5,9,46
5,9,46
5,9,45
5,9,45
5,9,46
5,8,46
5,8,46
5,8,46
5,8,46
5,8,46
5,8,46
5,8,46
5,8,46
5,8,46
5,8,46
5,8,46
5,8,46
5,9,48
7,12,51
8,13,54
8,13,54
7,9,49
6,9,49
6,9,47
5,9,46
5,9,46
5,9,44
5,9,44
5,9,44
5,9,44
5,9,43
5,9,44
7,9,44
7,10,43
6,9,42
6,9,40
6,9,38
5,9,37
5,9,36
5,9,34
5,9,34
5,9,34
5,9,34
5,9,34
5,9,34
5,9,33
5,9,33
6,10,34
6,10,35
8,12,37
7,12,37
6,11,36
6,11,36
6,11,36
6,11,36
6,11,36
6,11,39
4,8,34
4,8,34
3,8,34
3,7,34
3,8,37
4,9,39
5,11,44
12,18,55
16,22,59
20,24,62
20,24,62
11,14,52
7,9,48
6,9,47
6,8,47
5,8,47
5,8,48
5,8,48
5,8,48
4,9,48
4,9,48
5,9,48
5,10,49
5,10,49
5,10,49
5,10,49
5,11,52
7,12,54
8,15,56
11,17,57
11,17,57
10,15,54
6,11,49
6,10,48
5,9,48
5,9,47
5,9,47
5,9,47
6,9,47
6,9,47
6,9,47
6,9,47
6,9,47
6,9,47
5,9,46
5,9,46
5,9,46
5,9,46
4,9,46
3,9,47
3,9,47
2,9,47
2,9,48
3,10,48
5,10,48
5,10,46
5,10,46
5,10,46
5,10,46
4,10,47
5,10,47
5,10,47
5,10,47
5,10,47
5,10,47
4,10,46
3,9,46
3,9,46
3,10,47
4,10,47
4,10,49
4,10,48
4,10,47
4,10,47
5,9,48
5,9,47
5,9,48
6,9,48
6,9,48
6,9,49
7,9,50
7,9,50
8,10,50
7,9,50
7,9,49
7,9,48
6,9,47
6,8,47
5,8,46
5,9,46
5,8,45
5,8,44
5,8,44
5,8,44
5,8,44
5,9,44
5,9,46
5,9,46
6,9,47
5,9,47
6,9,47
6,9,47
6,9,47
6,9,47
6,9,47
6,9,47
6,9,46
6,9,46
5,9,45
5,9,45
5,9,45
5,9,46
5,9,46
5,9,46
5,9,46
5,9,46
5,9,46
5,9,46
5,9,46
5,9,46
5,9,46
5,9,46
5,9,46
5,8,46
5,8,46
5,8,46
5,8,46
5,8,46
5,8,46
5,8,46
5,8,46
5,8,46
5,8,46
4,8,47
4,9,48
5,10,49
7,10,49
7,9,49
6,9,48
6,9,47
5,9,46
5,9,44
5,9,44
5,9,44
5,9,44
5,9,43
5,9,43
6,9,43
7,9,43
7,9,43
6,9,40
6,9,39
5,9,37
5,9,36
5,8,34
5,8,34
5,9,34
5,9,34
5,9,34
5,9,34
5,9,33
5,9,33
5,9,33
6,10,34
6,10,34
6,10,35
6,11,36
6,11,36
6,11,36
6,11,36
6,11,36
6,11,38
6,12,40
4,8,34
3,7,34
3,7,34
3,7,36
3,8,38
4,10,44
15,19,54
19,24,59
21,25,62
21,25,62
13,16,54
7,10,48
6,9,47
6,8,47
6,8,47
6,8,47
5,8,47
5,8,47
5,8,48
5,9,48
5,9,48
5,9,49
5,10,49
5,10,49
5,10,49
5,10,51
6,13,54
10,15,57
11,18,58
11,18,58
10,17,56
7,12,52
5,10,49
4,10,48
4,9,48
4,9,47
4,9,47
5,9,47
5,9,47
5,9,47
6,9,47
6,9,47
5,9,47
5,8,46
5,9,46
5,9,46
5,9,46
5,9,46
4,9,47
3,9,47
2,9,48
2,9,48
3,10,48
5,11,48
5,10,48
5,10,47
5,10,48
4,10,47
4,10,47
4,10,48
5,10,48
5,10,48
5,10,48
5,10,47
4,10,47
4,9,47
4,9,47
4,10,47
5,12,49
7,14,52
7,14,52
5,12,50
5,11,49
6,10,48
5,10,48
6,9,48
6,9,49
6,9,49
6,9,49
7,9,50
7,9,50
7,9,50
7,9,50
6,9,48
6,9,48
6,9,48
6,9,47
5,9,46
5,9,46
5,8,46
5,8,46
5,8,46
5,8,46
5,8,46
5,9,46
5,9,47
6,10,47
6,10,48
6,9,48
6,9,48
6,9,48
6,9,48
6,9,48
6,9,47
6,9,47
6,9,47
6,9,47
5,9,46
5,9,46
5,9,46
5,9,46
5,9,46
5,9,46
5,9,46
5,9,46
5,9,47
5,8,46
5,8,46
5,9,46
5,9,46
5,9,46
5,9,47
5,9,47
5,9,47
5,9,47
5,8,46
5,8,46
5,8,46
6,9,47
5,8,46
5,8,46
5,8,46
4,8,46
3,8,47
4,9,47
5,9,47
5,9,47
5,9,47
5,9,46
5,9,46
5,9,44
5,9,44
5,9,43
5,9,43
5,9,43
6,9,43
6,9,43
7,9,43
7,9,41
6,9,40
6,9,38
5,9,36
5,9,36
5,8,34
5,9,34
5,9,33
5,9,33
5,9,33
5,9,33
5,9,33
5,9,33
6,10,34
6,10,34
6,10,34
6,10,35
6,10,35
6,11,36
6,11,36
6,11,36
6,11,36
6,12,39
3,7,33
3,7,34
3,7,35
3,8,37
4,8,39
7,12,45
17,22,57
19,24,59
19,23,58
13,16,54
7,11,48
6,9,47
6,9,47
5,8,47
5,8,47
5,8,47
5,8,47
5,8,47
5,8,47
5,8,48
5,9,48
5,9,49
5,10,49
5,10,49
5,10,51
5,11,52
7,14,56
11,18,58
11,18,58
10,17,56
5,12,52
4,11,50
4,10,49
3,10,49
3,9,48
4,9,48
4,9,47
4,9,47
4,9,47
5,9,47
5,9,47
5,9,47
5,9,46
5,9,46
6,9,46
5,10,46
5,10,47
4,10,47
4,9,48
3,9,48
2,9,48
3,10,49
6,13,51
9,16,54
6,11,49
5,10,48
5,10,48
4,10,48
5,10,48
5,10,48
5,10,48
5,10,48
5,10,47
4,9,47
4,9,47
4,9,47
4,10,49
7,14,52
9,15,53
9,15,55
8,14,53
7,14,53
7,11,50
5,10,49
6,9,49
6,9,49
5,9,49
5,9,49
6,9,50
7,9,50
7,9,50
6,8,49
6,8,48
6,9,48
6,9,48
6,9,47
6,9,47
5,8,46
5,8,46
5,8,46
5,8,46
5,8,46
5,8,47
6,9,47
6,11,47
6,11,48
6,11,49
6,9,48
5,9,48
6,9,48
6,9,49
6,9,49
7,9,48
7,10,48
6,10,47
6,10,47
5,10,47
5,9,47
5,9,46
5,9,46
5,9,46
5,9,46
5,9,46
5,9,46
5,9,47
5,9,47
5,9,47
5,9,47
5,9,47
5,9,47
5,9,47
5,10,47
5,9,47
5,9,47
6,9,47
6,9,47
6,9,47
6,9,47
5,8,46
5,8,46
5,8,46
3,8,46
3,8,46
3,8,46
3,8,46
5,9,47
5,8,46
5,8,46
5,9,45
5,9,44
5,9,43
5,9,43
5,9,43
5,9,42
6,9,42
6,9,42
7,9,40
6,9,40
6,9,39
6,9,37
5,9,36
5,9,35
5,9,34
5,9,33
5,9,33
5,9,33
5,9,33
5,9,33
5,9,33
6,10,34
6,10,34
6,10,34
6,10,34
6,10,34
6,10,35
6,11,36
6,11,36
6,11,36
6,11,38
3,8,33
3,8,33
3,8,35
3,8,37
5,9,39
7,12,45
14,19,52
15,21,55
15,19,54
12,16,51
7,11,48
6,10,47
6,9,47
5,9,47
6,8,47
5,8,47
5,8,47
5,7,47
5,7,47
5,8,47
5,8,48
5,9,48
5,9,49
5,9,49
4,10,50
4,10,51
4,11,52
5,13,54
8,15,56
5,13,53
4,12,52
4,10,50
3,10,50
3,10,49
3,9,49
4,9,48
4,9,48
4,9,48
4,9,48
5,9,48
5,9,47
5,9,47
5,9,47
5,9,46
6,9,46
6,10,46
6,10,46
5,9,47
4,9,48
4,9,48
3,10,49
6,13,52
9,17,55
12,20,57
12,17,57
8,14,52
5,10,49
4,10,48
4,10,48
5,10,48
5,10,48
5,9,47
5,9,47
4,9,46
4,9,46
4,9,47
4,10,47
6,12,53
10,16,55
11,17,57
11,17,57
9,14,54
7,14,53
5,11,50
5,9,49
4,9,49
4,9,49
5,9,49
5,8,49
5,9,50
6,9,50
6,8,49
6,9,49
6,9,48
6,9,47
6,9,47
6,9,47
5,8,47
5,8,46
5,7,46
5,8,47
5,8,47
5,9,47
6,9,48
6,11,49
5,11,49
5,11,50
5,10,50
5,9,49
6,9,49
6,9,50
7,9,49
7,9,49
7,10,49
6,10,47
5,10,47
4,10,47
4,9,47
4,9,47
4,9,47
4,9,46
4,9,46
4,9,46
5,9,47
5,9,47
5,9,47
5,9,47
6,9,47
5,9,47
5,9,47
5,10,47
5,10,47
5,10,47
5,9,47
6,9,47
6,9,47
6,9,47
6,9,47
5,9,46
5,8,46
5,8,46
4,8,46
3,8,46
3,8,46
3,8,46
4,8,46
5,8,45
5,8,45
5,9,45
5,9,44
4,9,43
5,9,42
5,9,42
5,9,42
6,9,41
6,10,41
7,9,40
6,9,40
6,9,39
6,9,37
6,9,35
5,9,34
5,9,33
5,9,33
5,9,33
5,9,33
5,9,33
5,9,33
6,10,34
6,10,34
6,10,34
6,10,34
6,10,34
6,10,34
6,10,35
6,11,36
6,11,36
6,11,37
6,12,39
4,8,34
4,8,35
4,8,36
5,8,37
5,9,39
7,12,45
11,16,50
11,16,50
11,13,48
7,11,47
7,10,47
6,9,47
6,9,47
6,9,47
6,9,47
5,8,47
5,7,47
5,7,47
5,7,47
5,8,47
5,8,48
5,8,49
5,9,49
4,9,50
4,10,51
3,10,51
4,10,51
4,11,51
4,11,51
4,10,50
3,10,50
3,10,50
3,9,50
4,9,49
4,9,49
4,9,49
4,9,48
5,9,48
5,9,48
5,9,48
5,9,47
5,9,47
6,9,46
6,9,46
6,10,46
6,10,46
5,9,47
4,9,48
4,9,48
4,10,50
9,17,55
14,21,60
15,22,61
15,22,61
13,17,58
8,12,52
4,10,48
5,10,48
5,9,48
5,9,47
5,9,47
5,9,47
5,9,46
4,8,46
4,9,47
4,9,47
4,10,49
7,14,53
11,17,57
11,18,58
11,18,57
9,14,54
7,12,51
5,10,50
4,9,49
4,9,49
4,8,49
4,8,49
5,8,49
5,9,50
6,8,49
6,9,49
7,9,48
6,9,48
6,9,47
6,9,47
5,8,47
5,8,47
5,8,47
5,8,47
4,8,47
4,9,48
4,9,48
4,10,49
4,10,49
5,10,50
5,10,50
5,9,49
6,9,50
7,9,50
7,9,50
7,9,49
7,10,49
5,10,49
4,10,48
4,10,47
4,10,47
4,10,47
4,9,47
4,9,47
4,9,47
4,9,47
4,9,47
5,9,47
5,9,47
5,9,47
6,9,47
6,9,47
6,10,47
5,10,47
4,10,47
5,10,47
5,9,47
6,9,47
6,9,47
6,9,47
6,9,47
5,9,46
5,8,46
4,8,46
4,8,46
4,9,45
3,8,45
4,8,45
4,8,45
5,8,45
5,8,45
5,9,44
6,10,43
5,9,43
5,10,42
5,9,42
5,9,41
6,9,40
6,9,40
6,9,40
6,9,39
6,9,37
6,9,36
5,9,35
5,9,34
5,9,33
5,9,33
5,9,33
5,9,33
5,9,33
6,10,34
6,10,34
6,10,34
6,10,34
6,10,34
6,10,34
6,10,35
6,10,35
6,11,36
6,11,36
6,11,38
4,8,35
4,8,36
5,8,37
5,8,38
5,9,41
7,10,44
7,11,46
7,11,46
7,11,46
7,11,46
7,10,47
6,10,47
6,9,47
6,9,47
6,9,47
5,8,47
5,7,47
5,7,47
5,8,47
5,8,47
5,8,48
5,9,49
4,9,49
4,9,50
3,9,50
4,10,51
4,10,51
4,9,50
4,9,50
4,9,50
4,9,50
4,9,50
5,9,50
5,9,49
5,9,49
5,9,49
5,9,49
5,10,49
5,10,48
5,9,48
6,10,47
6,10,47
6,9,47
6,9,47
6,9,46
6,9,47
4,9,47
4,9,48
4,10,50
13,19,60
18,24,62
18,25,64
18,25,64
15,22,61
9,14,54
5,10,49
5,9,48
5,9,48
5,8,47
5,8,47
5,8,47
5,8,47
4,8,46
4,8,47
3,8,48
3,9,48
4,11,52
10,17,58
11,18,59
11,18,59
10,17,56
7,14,53
4,10,50
4,9,49
4,9,49
4,8,49
4,8,49
5,8,49
5,9,50
6,8,49
6,9,49
7,10,49
6,9,48
6,9,47
6,9,47
5,8,47
5,8,47
4,8,47
4,8,47
3,8,47
3,9,47
3,9,48
3,10,48
3,10,49
5,10,50
5,10,50
5,10,50
6,10,50
7,11,52
7,11,52
7,10,50
7,10,50
4,10,49
4,10,49
4,10,48
4,10,48
4,10,48
4,10,48
4,9,47
4,9,47
4,9,47
4,10,47
4,9,47
5,9,47
6,9,47
6,9,47
6,9,47
6,10,47
5,10,47
4,10,47
4,10,47
5,10,47
6,9,47
6,9,47
6,9,46
6,9,46
5,8,45
5,8,44
5,8,44
5,8,44
5,9,44
5,9,44
4,9,44
5,9,44
5,9,44
5,9,44
6,10,44
6,10,44
5,10,43
5,10,42
5,10,41
5,9,40
5,9,40
6,9,40
6,9,39
6,9,38
6,9,37
6,9,35
6,9,35
5,9,34
5,9,33
5,9,33
5,9,33
5,9,33
6,10,34
6,10,34
6,10,34
6,10,34
6,10,34
6,10,34
6,10,34
6,10,35
6,11,36
6,11,36
6,11,37
5,9,34
5,8,36
5,8,36
5,8,37
5,9,39
5,9,41
7,10,43
7,10,44
7,11,46
7,11,46
7,11,47
7,11,48
7,10,48
6,9,47
6,9,47
5,8,47
5,8,47
5,8,47
5,8,47
5,8,47
5,9,48
5,9,48
5,9,49
4,9,50
4,9,50
4,9,50
4,9,50
4,9,50
4,9,50
5,9,50
5,9,50
5,9,50
5,9,50
5,9,50
5,9,49
5,9,49
5,10,49
5,10,49
5,10,49
6,10,49
6,10,47
6,10,47
6,9,47
6,9,46
6,9,46
5,9,47
4,9,47
4,9,47
4,10,50
9,16,55
15,21,61
15,22,62
15,22,61
13,17,58
8,13,53
4,10,49
5,9,48
5,8,47
5,8,47
5,8,47
5,8,47
5,8,47
5,8,46
4,8,47
3,8,48
3,8,49
4,9,51
9,16,57
11,18,59
11,18,59
10,17,59
7,14,53
4,10,50
4,9,49
4,8,49
4,8,49
4,8,49
4,8,49
5,9,50
6,9,50
7,11,50
7,11,49
6,9,48
6,9,47
6,9,47
5,8,47
5,8,47
4,9,47
4,9,47
3,9,47
3,9,47
2,9,48
2,9,48
2,10,48
3,10,49
5,10,50
5,11,51
7,11,52
9,15,54
9,11,52
7,11,52
6,10,50
4,10,50
4,9,49
4,9,49
4,9,49
4,9,49
4,10,49
4,9,48
4,9,48
4,10,48
4,10,48
5,10,48
5,10,48
6,10,47
6,9,47
6,9,47
6,10,47
5,10,47
4,10,47
4,10,47
5,10,47
6,9,47
6,9,46
6,9,46
6,9,45
6,8,44
5,8,43
5,8,43
5,8,44
5,9,44
5,9,44
5,9,44
5,9,44
5,9,44
5,10,44
6,10,44
6,11,44
6,11,43
6,11,42
5,10,41
5,10,40
5,9,40
5,9,39
6,9,39
6,9,38
6,10,37
6,10,36
6,10,35
6,10,34
5,9,33
5,9,33
5,9,33
5,9,33
6,10,34
6,10,34
6,10,34
6,10,34
6,10,34
6,10,34
6,10,35
6,11,35
6,11,36
6,11,36
6,12,38
5,8,34
5,8,36
5,8,37
5,9,38
5,9,40
6,9,41
6,10,42
6,11,43
7,12,46
11,15,50
12,17,52
11,15,52
7,10,48
6,9,48
6,9,47
5,8,47
5,8,47
5,8,47
5,8,47
5,9,48
5,9,48
4,9,49
4,9,49
4,9,50
4,9,50
5,9,50
5,9,50
5,9,50
5,9,50
5,9,50
5,9,50
5,9,50
6,9,50
6,9,49
6,9,49
5,9,49
5,10,49
5,10,49
6,9,48
6,10,48
6,9,47
6,9,46
6,9,46
6,9,45
5,9,46
5,9,47
4,9,47
4,10,48
6,11,52
10,17,56
13,19,60
13,17,58
8,14,54
6,11,51
5,10,48
5,9,48
5,8,47
5,8,47
5,8,47
5,8,47
5,8,47
5,8,47
5,8,48
3,8,48
3,8,49
3,9,50
6,12,53
11,18,59
11,18,59
10,17,59
8,14,54
5,10,51
4,9,50
4,8,49
4,8,49
4,8,49
5,8,49
5,9,50
7,10,50
7,11,50
7,11,49
6,9,47
6,9,47
6,9,47
5,9,47
4,9,47
4,9,47
4,9,47
3,9,47
3,9,48
2,9,48
2,9,48
2,9,48
3,10,49
3,10,51
6,12,52
8,15,54
10,15,56
10,15,56
7,11,52
6,10,50
5,9,50
4,9,50
4,9,50
4,9,50
4,9,49
4,9,49
4,9,49
4,9,49
4,9,48
4,10,48
4,10,48
5,10,48
6,10,47
6,10,47
6,10,47
5,10,47
5,10,47
4,10,47
5,10,47
5,9,47
5,9,47
6,9,46
6,9,45
6,9,44
6,9,43
5,8,43
5,8,43
5,9,43
5,9,44
6,9,44
5,9,44
6,9,44
6,9,44
6,10,43
6,10,44
6,11,44
7,11,43
7,11,41
6,11,40
5,10,40
5,10,39
5,9,39
5,9,38
6,9,38
6,10,37
6,10,37
7,11,35
6,10,35
5,9,33
5,9,33
5,9,33
5,9,33
6,10,34
6,10,34
6,10,34
6,10,34
6,10,34
5,10,35
6,10,35
6,11,36
6,11,36
7,13,38
4,8,34
5,8,36
5,9,37
5,9,38
5,9,39
5,10,41
6,11,42
8,13,46
13,18,52
14,20,53
14,20,56
11,17,54
7,11,48
6,9,47
5,9,47
5,9,47
5,8,47
5,9,47
5,9,48
5,9,49
4,9,49
4,9,49
4,9,50
5,9,50
5,9,50
5,9,50
5,9,50
5,9,50
5,9,50
5,9,50
6,9,50
7,9,50
7,9,49
6,9,49
6,9,48
6,9,48
6,9,48
6,9,48
6,9,47
6,9,47
6,9,46
6,9,45
5,9,45
5,9,46
5,9,47
5,9,47
4,9,47
5,11,48
6,11,52
8,15,55
8,13,54
5,11,50
5,10,48
5,9,47
5,9,47
5,8,47
5,8,47
5,8,47
6,8,47
6,8,48
6,9,48
5,9,48
4,8,49
3,8,49
3,9,50
5,10,52
9,16,59
10,17,59
10,17,59
10,15,55
7,11,52
5,9,50
5,8,49
4,8,49
4,7,48
5,8,49
5,9,49
6,9,49
7,9,49
6,9,49
6,9,47
6,9,47
5,9,47
5,9,47
4,9,47
4,9,47
4,9,47
4,9,48
3,9,48
3,9,48
2,9,48
1,9,48
2,10,49
3,10,49
6,14,54
11,16,57
11,16,57
11,16,57
8,12,53
6,10,50
5,9,50
4,9,50
5,9,50
4,9,50
5,9,50
5,9,50
4,9,49
4,9,49
4,9,49
4,10,49
4,10,49
5,10,49
6,10,49
6,10,48
6,10,47
5,10,47
5,10,47
5,10,47
5,10,47
5,9,47
5,9,47
5,9,45
6,9,44
5,9,44
5,9,43
5,9,43
5,9,43
5,9,43
5,9,43
6,9,44
6,9,44
6,9,44
6,10,43
6,10,43
6,10,43
7,11,43
7,11,41
7,11,40
7,11,40
5,10,40
5,9,39
5,9,38
5,9,38
5,9,38
6,10,38
7,11,38
7,11,37
7,11,35
6,10,35
5,9,33
5,9,33
5,9,34
6,10,34
6,10,34
6,10,34
6,10,35
6,10,35
5,10,35
5,10,35
6,11,36
6,12,38
4,8,33
5,8,34
5,9,36
5,9,37
5,9,38
5,10,40
6,11,41
8,14,46
15,20,53
16,22,58
17,23,58
15,21,58
11,17,54
6,10,48
5,9,47
5,9,47
5,9,47
5,9,47
5,9,49
5,9,49
5,9,49
5,9,49
5,9,50
5,9,50
5,9,50
5,9,50
5,9,50
5,9,50
5,9,50
5,9,50
6,9,50
7,9,50
7,9,49
7,9,49
6,9,48
6,9,48
6,9,48
6,9,48
6,9,48
6,9,47
5,9,46
5,9,45
5,9,45
5,9,45
5,9,44
5,9,46
5,9,46
5,9,47
5,10,48
4,10,48
4,9,48
4,9,47
4,9,45
4,9,46
5,9,47
5,8,47
5,8,47
5,8,47
6,9,48
6,9,48
6,9,49
6,9,49
5,9,49
3,8,49
3,9,49
5,10,52
9,16,59
10,17,59
12,17,59
12,16,56
7,11,52
5,9,50
5,9,49
5,8,49
5,7,48
5,8,49
5,8,49
5,9,49
6,9,47
6,9,47
6,9,47
6,9,47
5,9,47
5,9,47
4,9,47
4,9,47
4,9,47
4,9,48
4,9,48
4,9,48
2,9,48
1,9,48
1,10,49
3,11,50
6,13,54
8,15,55
10,15,57
10,15,57
7,10,52
6,9,50
5,9,50
5,9,50
5,9,50
4,9,50
4,9,50
4,9,50
4,9,50
4,9,49
4,9,49
4,10,50
4,10,50
6,11,50
6,11,50
6,11,49
6,10,49
5,10,48
5,10,47
5,9,47
5,9,47
5,9,47
5,9,47
5,9,44
5,9,44
5,9,44
5,9,43
5,9,43
5,9,43
5,9,43
5,9,43
6,9,43
6,10,43
6,10,43
6,10,43
6,10,41
6,10,40
7,11,40
7,11,40
7,11,40
7,11,40
6,11,39
5,10,38
5,9,37
5,9,37
5,9,37
6,10,38
8,12,39
8,12,39
8,12,36
7,10,35
6,10,35
5,10,35
5,10,34
6,10,34
6,10,35
6,10,35
6,11,35
6,11,36
5,10,36
6,11,37
6,11,38
6,12,39
4,8,33
4,9,34
4,9,35
5,9,37
5,10,39
6,11,41
8,14,43
13,20,53
16,22,57
17,23,58
16,22,58
12,18,54
8,13,50
6,11,49
5,11,49
5,10,48
5,10,49
5,11,50
5,10,50
4,9,49
4,9,49
5,9,50
5,9,50
5,9,50
5,9,50
5,9,50
5,9,50
5,9,50
5,9,50
5,9,49
6,9,49
6,9,48
6,9,48
6,9,48
6,9,48
6,9,48
6,9,48
6,8,48
6,8,47
5,9,46
5,9,45
5,9,44
5,9,44
5,9,44
5,9,44
4,9,44
4,9,44
4,9,45
4,8,45
4,8,45
4,8,44
4,9,44
4,9,45
5,8,46
5,8,46
5,8,47
5,8,47
6,9,48
6,10,49
6,10,49
5,10,49
4,9,49
3,9,49
3,9,49
5,10,52
7,13,58
13,16,59
13,17,59
13,17,58
7,11,52
6,10,51
5,9,50
5,8,49
5,7,48
5,8,48
5,8,48
6,9,48
6,9,47
6,9,47
6,9,47
6,9,47
6,9,47
5,9,47
5,9,47
4,9,48
4,9,48
4,9,48
4,9,48
4,10,48
3,9,48
2,9,48
2,10,49
3,10,49
3,10,50
6,13,54
7,14,54
7,11,53
6,9,51
6,9,50
5,9,50
5,9,50
5,9,50
5,9,50
5,9,50
5,9,50
4,9,50
4,9,50
4,9,50
4,10,50
4,10,50
6,11,51
6,12,51
6,12,50
6,11,49
6,10,48
5,10,47
6,9,47
6,9,47
6,9,47
5,9,45
5,9,44
5,9,44
5,9,44
5,9,43
5,9,43
5,9,43
5,9,43
5,10,43
5,10,43
5,10,43
6,10,43
6,10,40
6,10,40
6,10,40
6,10,40
7,11,40
7,11,39
7,11,39
6,11,38
5,10,36
5,9,36
5,9,36
5,9,36
5,10,38
8,12,39
8,12,39
8,11,36
7,10,35
6,10,35
6,10,35
6,10,35
6,10,35
6,10,35
6,11,36
8,13,38
6,12,38
5,11,38
6,11,39
6,12,40
4,8,33
4,9,34
4,10,35
5,10,38
6,11,41
8,12,41
13,18,49
14,20,53
15,20,57
15,20,57
12,17,54
8,14,50
6,11,49
6,11,50
6,11,50
6,11,50
5,11,50
5,11,50
4,8,49
4,8,49
5,9,49
4,9,49
5,9,50
5,9,50
5,9,50
5,9,50
5,9,50
5,9,50
5,9,49
5,9,49
5,9,48
5,9,48
5,8,48
6,8,48
6,9,48
6,9,48
6,8,48
6,8,48
6,9,47
5,9,46
5,9,45
5,9,44
5,9,44
5,9,44
5,9,44
4,9,44
4,9,44
4,8,44
4,8,44
3,8,44
3,8,44
4,8,44
5,8,45
5,8,46
5,8,47
5,8,48
5,9,48
5,9,49
5,9,49
5,10,49
3,9,49
3,8,49
3,9,49
4,10,52
7,13,58
13,18,60
13,18,60
13,18,59
9,11,52
6,9,50
5,9,50
5,8,49
5,8,48
5,8,48
5,9,48
5,9,48
5,9,48
5,9,47
5,9,47
5,9,47
5,9,47
5,9,47
5,9,48
5,9,48
4,9,48
5,9,48
5,9,48
4,9,48
4,9,48
3,9,48
2,9,49
2,10,49
2,9,49
5,10,50
6,9,52
6,9,50
6,9,50
6,9,50
5,9,50
5,9,50
5,9,50
5,9,50
5,9,50
5,9,50
5,9,50
4,9,50
4,9,50
4,10,51
5,10,51
7,13,53
7,13,53
7,13,53
6,11,50
6,10,49
6,9,48
6,9,47
6,9,47
6,9,47
5,9,44
5,9,44
5,9,44
5,9,43
5,9,43
4,9,42
4,9,42
5,10,42
5,10,43
5,10,43
5,10,43
5,10,40
6,10,40
6,10,39
6,10,39
6,10,39
6,10,39
7,11,38
7,11,38
6,10,36
5,9,35
5,9,35
5,9,35
5,9,35
5,10,35
6,10,37
6,10,36
7,10,35
6,10,35
6,10,35
6,10,35
6,10,35
6,10,35
6,11,36
8,13,38
10,16,41
11,16,42
7,13,42
6,12,41
4,9,34
4,9,34
5,10,36
5,10,39
6,12,41
8,14,44
13,18,49
13,20,53
13,18,54
9,15,50
7,13,47
5,10,46
5,10,47
6,10,48
6,11,50
5,11,50
5,10,50
4,9,49
5,9,49
5,9,49
4,8,49
4,9,49
5,9,50
5,9,50
5,9,50
5,9,50
5,9,50
5,9,49
5,9,49
5,9,49
5,9,49
5,8,48
6,8,49
6,9,49
6,9,49
6,9,49
6,9,48
6,9,48
6,9,47
5,9,46
5,9,44
5,9,44
5,9,44
5,9,44
4,9,44
4,8,44
4,8,44
4,8,44
3,8,44
3,8,44
3,8,44
4,8,45
4,8,46
4,8,47
5,8,48
5,8,48
5,8,48
4,8,48
3,9,48
3,8,49
2,8,49
2,9,49
4,10,52
7,13,57
13,15,59
13,17,59
13,17,58
7,11,52
6,9,50
5,9,50
5,8,49
5,8,48
5,8,48
5,8,48
5,8,47
5,9,47
5,9,47
5,9,47
5,9,47
5,9,47
5,9,47
5,9,47
5,9,48
5,9,47
6,9,48
6,9,48
5,9,48
4,9,48
4,9,48
2,9,48
2,10,49
2,9,49
4,10,50
5,9,50
6,9,50
6,9,50
5,9,50
5,8,50
5,9,50
5,9,50
5,9,50
5,9,50
5,9,50
5,9,50
4,9,50
4,9,50
5,9,50
5,10,51
6,11,51
7,12,51
7,12,51
6,11,50
6,10,49
6,9,48
6,9,47
6,9,47
6,9,47
5,9,44
5,9,44
5,9,44
4,9,43
4,9,42
4,9,42
4,9,42
4,9,42
5,10,42
5,10,41
5,10,40
5,10,40
5,9,39
6,10,38
6,10,38
6,10,38
6,10,38
6,10,36
6,10,35
5,9,35
5,9,34
5,9,34
5,9,34
5,9,34
5,10,35
6,10,35
6,10,35
6,10,35
6,10,35
6,10,35
6,10,35
6,10,35
6,11,36
8,13,38
9,15,40
11,16,42
12,18,45
9,15,44
4,9,34
5,9,35
5,10,37
5,10,40
7,12,43
8,14,44
10,15,47
9,14,47
7,13,46
6,10,45
5,10,45
5,10,45
5,10,46
5,10,47
5,9,49
5,9,49
5,9,49
5,9,49
5,9,49
4,8,49
4,9,49
5,9,50
5,9,50
5,9,50
5,9,50
5,9,50
5,9,50
4,9,49
4,9,49
4,9,49
4,8,49
6,9,49
6,9,49
6,9,49
6,9,49
6,9,49
6,9,48
6,9,48
6,9,47
5,9,45
5,9,44
5,9,44
5,9,44
4,8,43
4,8,43
4,8,43
4,8,44
3,8,44
3,8,45
3,8,45
3,8,46
4,8,46
4,8,47
4,8,48
4,8,48
4,8,48
3,8,48
3,8,48
2,8,49
2,8,49
3,9,50
4,10,53
5,11,56
8,14,58
9,15,58
8,14,57
6,10,51
5,9,50
5,9,50
4,9,50
4,9,49
4,9,49
4,9,48
4,8,48
5,9,48
5,9,48
5,9,48
5,9,48
4,9,48
4,9,48
4,9,48
5,10,48
5,10,48
6,9,48
6,9,48
5,9,48
4,9,48
4,9,48
3,9,48
3,10,49
3,9,49
4,10,50
6,9,50
6,9,50
6,9,50
5,9,50
5,8,50
5,9,50
5,9,50
4,8,50
5,9,50
5,9,50
5,9,50
5,9,50
5,9,50
5,9,50
5,9,50
6,10,50
6,11,50
6,11,50
6,11,50
6,9,49
6,9,48
6,9,48
6,9,47
5,9,47
5,9,44
5,9,44
5,9,43
4,9,43
4,9,42
4,9,42
4,9,42
5,10,41
5,10,41
5,10,40
5,10,40
5,9,39
5,9,38
5,9,38
6,9,37
5,9,36
5,9,35
5,9,34
5,9,34
5,9,34
5,9,34
5,9,34
5,9,34
5,9,34
5,10,34
5,10,34
6,10,34
6,10,35
6,10,35
6,10,35
6,10,35
6,10,35
6,12,36
7,13,38
8,14,40
9,15,42
11,18,45
5,9,34
5,9,36
5,9,38
5,10,39
6,10,41
6,10,42
6,10,42
6,10,42
5,10,43
5,10,43
5,10,43
5,9,45
5,9,45
5,9,46
5,9,47
5,8,47
5,9,47
4,9,47
4,8,47
4,9,48
5,9,49
5,9,50
5,9,50
5,9,50
5,10,50
4,9,50
4,9,49
4,9,49
4,9,49
4,9,49
5,9,50
6,9,50
7,9,50
7,9,49
7,9,49
7,9,49
6,9,48
6,9,47
6,9,47
6,9,45
5,9,44
5,9,44
4,8,43
4,8,43
4,8,44
4,8,44
4,8,44
3,8,45
3,8,45
3,8,46
4,8,47
4,8,48
4,8,48
4,8,48
4,8,48
3,8,48
3,8,48
2,8,49
3,9,50
3,9,52
4,10,53
4,10,53
6,10,55
7,13,56
6,10,52
3,9,50
3,9,50
3,9,50
4,9,50
4,9,50
4,9,50
4,9,49
4,9,49
4,9,48
3,10,48
4,9,48
4,9,48
4,9,48
4,9,48
4,9,48
5,10,48
5,10,48
5,10,48
5,9,48
5,9,48
4,9,48
4,9,48
3,9,49
3,9,49
3,9,50
5,10,50
6,9,50
7,9,50
6,9,50
5,9,50
5,9,50
5,9,51
4,9,51
4,8,51
5,9,50
5,9,50
5,9,50
5,9,50
5,9,50
5,9,50
5,9,50
6,10,50
6,11,50
6,11,50
6,11,50
6,10,49
6,9,48
6,9,48
6,9,47
5,9,46
5,9,44
5,9,44
5,9,43
5,9,43
5,10,42
5,10,41
5,10,41
5,10,40
5,10,40
5,10,40
5,10,39
5,10,38
5,9,38
5,9,36
5,9,35
5,9,34
5,9,34
5,9,34
5,9,34
5,9,34
5,9,33
5,9,33
5,9,34
6,10,34
5,10,34
5,10,34
6,10,34
6,10,34
6,10,34
6,10,34
6,10,35
6,11,36
7,12,36
7,13,38
8,14,40
8,14,42
5,9,34
5,9,36
5,9,37
5,9,38
6,9,39
5,9,39
6,9,40
5,10,40
5,10,41
5,9,41
5,9,42
5,9,43
5,9,44
5,9,45
5,8,46
5,8,47
4,9,47
4,9,47
4,8,47
4,9,47
4,10,49
6,11,50
7,13,53
7,12,53
5,10,51
4,9,50
3,8,49
3,9,50
3,9,50
4,9,50
4,9,50
6,10,51
6,9,50
7,9,50
6,9,49
6,9,49
6,9,48
6,9,47
6,9,47
6,9,45
5,9,44
5,9,44
5,9,44
5,9,44
5,8,44
5,8,44
4,9,45
4,9,46
3,9,46
3,9,46
4,9,48
4,9,49
4,9,49
4,8,49
3,8,49
3,8,49
3,8,49
3,8,50
3,9,51
3,9,52
4,10,52
4,10,53
4,10,53
3,9,52
3,9,50
3,8,50
3,8,49
3,8,49
3,9,50
4,9,50
4,9,50
3,9,50
3,9,49
3,9,49
3,9,49
3,9,49
3,9,48
3,9,48
3,9,48
3,9,48
4,9,48
4,10,48
5,9,48
5,9,49
5,9,49
4,9,49
4,9,49
3,9,50
3,10,50
5,11,52
7,12,53
7,12,52
7,9,52
6,9,51
5,8,51
5,8,51
4,8,51
4,8,52
4,8,52
4,8,51
5,9,51
5,9,50
5,9,50
5,9,49
5,9,49
6,9,50
6,11,50
6,11,50
6,11,50
6,11,49
5,10,49
5,9,48
6,9,48
5,9,47
5,9,46
5,9,44
5,9,44
5,10,43
5,10,42
5,10,42
5,10,41
5,10,40
5,10,40
5,10,40
5,10,39
5,9,38
5,9,37
5,9,36
5,9,35
5,9,34
5,9,34
5,9,34
5,9,33
5,9,33
5,9,33
5,9,33
5,9,33
5,10,33
6,10,34
6,10,34
6,10,34
6,10,34
6,10,34
6,10,34
6,10,34
6,11,35
6,11,36
7,12,36
7,13,38
7,14,40
7,14,42
5,9,35
5,9,36
5,9,37
6,9,38
5,9,39
6,9,39
5,9,39
5,9,40
5,9,40
6,9,41
5,9,42
5,9,43
5,8,44
5,8,45
4,8,46
4,9,46
4,9,47
4,9,47
4,10,47
5,10,49
8,14,54
9,15,56
9,15,56
7,12,53
4,9,50
3,8,49
3,8,49
3,9,50
3,9,50
4,9,50
6,10,51
6,10,51
6,9,50
5,9,49
5,9,48
6,9,48
6,9,48
6,10,47
6,10,45
6,9,45
5,9,44
5,9,44
5,9,44
5,8,44
4,8,45
4,9,46
4,9,46
4,9,46
4,9,47
4,10,49
5,9,50
4,9,50
4,9,50
4,9,49
3,8,49
3,9,50
3,9,50
3,9,50
3,9,52
3,9,52
3,9,52
3,9,52
3,9,51
3,9,50
3,8,50
2,8,49
3,8,49
3,9,50
3,9,50
3,9,50
3,9,50
3,9,49
3,8,49
2,8,49
2,9,49
2,9,49
2,9,49
2,9,49
3,9,49
3,9,49
3,9,49
4,9,49
4,9,49
4,9,49
3,9,49
3,9,50
3,9,51
5,10,52
7,13,54
9,15,57
9,15,57
7,12,52
7,9,52
5,8,51
4,8,51
4,9,52
4,9,52
4,9,52
4,9,51
5,9,50
5,9,49
4,9,49
5,9,49
5,9,49
6,9,49
6,11,50
6,11,50
5,11,49
5,10,49
5,9,48
5,9,48
5,9,47
5,9,46
5,9,44
5,9,44
5,10,43
5,10,43
5,11,42
5,10,41
5,10,40
5,10,40
5,10,39
5,10,38
5,10,38
5,10,38
5,10,36
5,10,35
5,9,34
5,9,34
5,9,34
5,9,33
5,9,33
5,9,33
5,9,32
5,9,33
5,10,33
6,10,33
6,10,34
6,10,34
6,10,34
6,10,34
6,10,34
6,10,34
6,11,35
6,11,35
6,12,36
6,12,37
7,13,38
7,13,40
5,9,36
5,9,37
6,9,37
6,9,38
6,9,38
6,9,39
6,10,39
6,10,39
6,10,40
6,9,40
6,9,42
6,8,43
5,8,43
5,8,44
4,9,46
4,9,46
4,10,46
4,10,47
7,13,51
15,21,60
15,21,60
11,18,58
7,13,54
4,9,50
3,8,49
3,8,49
3,9,50
3,9,50
4,9,50
5,10,51
5,9,50
5,9,49
4,9,48
5,9,48
6,9,48
6,10,48
6,10,47
6,10,45
6,10,45
5,9,44
5,9,44
5,9,44
5,8,44
4,8,45
4,9,46
4,9,46
4,9,47
4,10,49
6,11,51
6,11,51
5,10,51
4,9,50
4,9,50
3,9,50
3,9,50
3,9,50
3,9,50
3,9,51
3,9,52
3,9,52
3,9,52
3,9,50
3,9,50
3,8,49
2,8,49
3,8,49
3,9,50
3,9,50
3,9,50
3,9,50
3,9,50
3,9,49
2,9,49
2,9,49
2,9,49
2,9,49
2,9,49
3,9,50
3,9,50
3,9,49
3,9,49
3,9,50
3,9,50
3,9,50
3,9,51
3,9,51
4,10,52
6,13,55
9,15,57
9,15,57
7,12,55
5,9,52
4,9,52
4,9,51
4,9,52
5,10,52
5,10,52
5,9,51
5,9,50
5,9,49
4,8,48
5,9,48
6,9,48
6,9,48
7,11,49
7,11,50
7,12,50
6,11,49
5,10,48
5,9,47
5,9,46
5,9,45
5,9,44
5,9,44
5,10,43
5,10,42
5,10,41
5,10,40
5,10,40
5,10,39
5,10,38
5,10,38
5,10,37
5,10,37
5,10,35
5,9,34
5,9,34
5,9,33
5,9,33
5,9,33
5,9,33
5,9,32
5,9,32
5,10,31
5,10,32
6,10,32
6,10,34
6,10,34
6,10,34
6,10,34
6,11,34
6,11,35
6,11,35
6,11,36
5,12,36
5,12,37
6,12,39
5,9,36
6,9,37
6,9,37
6,9,37
6,10,38
6,10,38
6,10,39
6,10,39
6,9,40
6,9,40
6,9,42
6,8,42
4,9,43
4,9,44
4,9,45
4,10,46
4,10,47
11,17,54
17,24,61
17,24,61
11,18,58
6,10,51
4,9,50
3,9,49
3,8,49
4,9,50
4,9,50
5,9,50
5,9,50
5,9,50
5,9,49
5,9,48
6,9,48
6,9,48
7,10,48
7,10,47
6,10,46
6,10,45
5,9,45
5,9,44
5,9,44
5,8,45
4,8,46
4,8,46
4,9,46
4,9,47
6,10,50
6,11,51
6,11,51
6,10,51
4,10,51
3,9,50
3,9,50
3,9,49
3,9,50
3,9,50
3,9,50
3,9,52
3,9,52
3,9,51
3,8,50
3,8,50
3,8,49
3,8,49
3,8,49
3,8,49
3,9,50
3,9,50
3,9,50
3,9,50
3,9,50
3,9,49
3,9,49
3,9,50
3,9,50
3,9,50
3,9,50
3,9,50
3,9,50
3,9,50
3,9,51
3,9,51
3,9,51
3,9,51
3,9,52
3,10,52
5,11,54
6,13,56
7,13,56
5,10,53
4,9,52
3,9,51
3,9,51
4,9,51
5,9,51
5,9,51
5,9,50
5,9,49
5,9,48
5,8,48
5,9,48
6,9,48
6,9,48
8,12,51
8,13,52
9,14,52
8,13,50
6,11,48
5,10,47
5,10,46
5,10,44
5,10,44
5,10,43
5,10,42
5,10,41
5,10,40
5,10,40
5,10,39
5,10,38
5,10,37
5,9,37
5,10,35
5,9,35
5,9,34
5,9,34
5,9,33
5,9,33
5,9,33
5,9,33
5,9,32
5,9,32
5,10,31
5,10,31
5,10,31
6,10,32
6,10,32
6,10,34
6,10,34
6,11,34
6,11,35
6,11,35
6,11,35
6,11,36
5,12,37
5,12,38
6,9,36
6,9,37
6,9,37
6,10,37
6,10,37
6,10,38
6,10,38
6,9,39
6,9,40
6,9,40
6,9,42
4,9,42
4,9,44
4,10,45
4,10,47
8,14,50
14,20,57
16,22,59
16,22,59
11,18,57
4,10,51
4,9,49
4,9,49
4,8,49
4,9,50
5,9,50
5,9,50
5,9,49
6,9,49
6,9,49
6,9,48
6,9,48
6,10,48
7,10,47
6,10,47
6,10,45
6,10,45
5,9,45
5,9,45
5,9,46
5,8,46
5,8,46
4,8,46
4,8,46
4,9,48
6,9,49
6,10,51
6,10,51
5,10,51
4,9,50
3,9,50
3,9,49
3,9,49
3,9,49
3,9,50
3,9,50
3,9,51
3,9,50
3,9,50
4,8,50
4,8,49
4,8,49
4,8,49
4,8,49
4,9,49
4,9,50
3,9,50
3,9,50
3,9,50
3,8,49
3,8,49
3,9,50
3,9,50
3,9,50
3,9,50
3,9,50
3,9,50
3,9,51
3,9,51
3,9,51
3,8,51
3,8,51
3,9,51
3,9,51
3,9,52
3,9,52
5,10,53
5,10,53
5,9,52
4,9,51
3,9,51
3,9,51
4,9,50
5,9,50
5,9,50
5,9,49
5,9,48
5,9,47
5,9,47
5,9,47
6,9,47
6,9,48
8,11,49
9,15,52
9,15,52
9,15,52
7,13,49
6,10,47
6,10,46
5,10,44
5,10,43
5,10,42
6,10,41
5,10,40
5,10,39
5,10,38
5,10,37
5,9,37
5,9,36
5,9,35
5,9,35
5,9,34
5,9,34
5,9,33
5,9,33
5,9,33
5,9,33
5,9,33
5,9,33
5,9,32
5,10,31
5,10,31
5,10,31
5,10,32
6,10,33
6,10,34
6,11,34
6,11,35
6,11,35
6,11,35
6,11,36
6,12,36
5,12,37
6,9,36
6,9,35
6,10,35
6,10,35
6,10,36
6,10,37
6,9,38
5,9,39
5,9,40
4,9,41
4,9,42
4,9,43
4,10,45
5,11,48
11,17,54
15,21,57
15,21,58
14,20,57
9,15,52
4,9,49
4,9,49
4,9,49
4,9,49
5,9,49
5,9,49
5,9,49
5,9,49
5,9,49
5,9,48
6,9,48
6,9,48
6,10,48
6,10,47
6,10,46
6,10,45
5,9,45
5,9,45
5,9,45
5,9,46
5,8,46
5,8,46
5,8,47
5,8,48
5,9,48
5,9,49
6,9,50
5,10,51
5,9,50
4,9,50
2,9,49
2,9,49
2,9,48
2,9,48
3,9,49
3,9,50
3,9,50
4,9,50
4,9,50
4,8,50
4,9,49
4,9,49
4,9,49
4,9,49
5,9,49
4,9,49
4,9,50
4,9,50
4,8,49
3,8,49
3,8,49
3,9,50
3,9,50
3,9,50
3,9,50
3,9,50
3,9,51
3,9,52
3,9,51
3,9,51
3,8,51
3,8,51
3,8,51
3,8,51
3,9,51
3,9,51
3,9,52
5,9,51
5,9,51
5,9,51
4,9,50
4,9,50
5,9,50
5,9,50
5,10,49
5,9,48
5,9,47
5,9,46
5,9,46
5,9,46
5,9,46
6,9,47
7,10,48
9,14,52
9,15,52
11,16,53
10,15,52
7,12,46
6,11,45
6,10,44
5,10,42
5,10,42
6,10,40
5,10,39
5,9,38
5,10,38
5,10,36
5,9,35
5,9,35
5,9,35
5,9,34
5,9,33
5,9,33
5,9,33
5,9,33
5,9,33
5,9,33
5,9,33
5,9,33
5,9,33
5,10,32
5,10,31
5,10,32
5,10,33
6,10,33
6,10,34
6,11,34
6,11,35
6,11,35
6,11,36
6,12,37
6,12,37
6,9,35
6,10,35
6,10,35
6,10,36
6,10,36
5,9,37
5,9,38
4,9,39
4,9,40
4,9,42
4,9,44
5,11,45
9,15,52
15,21,57
16,22,59
15,21,58
14,20,57
8,13,52
4,9,49
4,9,48
4,9,48
5,9,49
5,9,49
5,9,49
5,9,49
5,9,48
5,9,48
5,9,48
6,9,48
6,9,47
6,9,47
6,10,46
6,10,45
6,10,45
5,9,45
5,8,45
5,8,45
5,8,46
5,8,46
5,8,47
5,8,47
5,8,48
5,8,49
5,8,49
5,9,50
5,9,50
4,9,50
3,9,50
2,9,49
2,9,48
2,9,48
2,9,48
3,9,48
4,9,49
4,9,50
5,8,50
5,8,50
5,8,49
5,8,49
5,8,49
5,9,49
5,9,49
5,9,49
5,9,49
4,9,49
4,9,49
4,8,49
4,8,49
4,8,49
4,9,50
4,9,50
5,9,50
5,9,50
4,10,51
3,10,51
4,9,52
3,9,51
3,9,50
3,8,50
3,8,50
3,8,50
3,8,50
3,9,50
3,9,50
4,9,50
4,9,50
5,9,50
5,9,50
4,9,50
5,9,50
5,10,49
5,10,48
5,10,48
5,9,47
5,9,46
5,9,45
5,9,45
5,9,44
5,9,45
5,9,45
6,10,47
8,14,51
9,16,52
16,21,56
16,21,56
10,15,50
7,12,45
6,11,43
6,10,42
6,10,40
6,10,39
5,10,38
5,9,38
5,9,37
5,9,35
5,9,34
5,9,34
5,9,34
5,9,33
5,9,33
5,9,33
5,9,33
5,9,33
5,9,33
5,9,33
5,9,33
5,9,33
5,9,33
5,10,33
5,10,33
5,10,33
5,10,33
6,10,34
6,10,34
6,11,34
6,11,35
6,11,35
6,12,36
6,12,37
6,10,35
6,10,35
6,10,36
5,10,36
5,9,36
4,9,37
4,9,38
4,9,40
4,9,42
4,10,44
6,11,46
13,18,54
16,22,58
16,22,59
15,21,58
14,20,57
6,12,49
4,9,48
4,9,48
4,9,48
5,8,48
5,9,48
5,9,48
5,9,48
5,8,47
5,9,47
5,9,47
5,9,47
6,9,46
6,9,45
6,9,45
5,9,44
5,9,44
4,8,45
4,8,45
4,8,45
4,8,46
5,9,47
5,9,47
5,8,48
5,8,48
5,8,48
5,8,49
5,8,49
5,9,50
4,9,50
3,9,49
2,9,49
2,9,49
2,9,49
3,9,48
3,9,49
4,9,49
5,9,49
5,8,49
5,8,49
5,8,49
5,9,49
5,9,49
5,9,49
5,9,49
5,9,49
5,9,49
4,9,49
4,8,49
4,8,49
4,8,49
4,8,49
4,9,50
4,9,50
5,9,50
5,10,51
5,10,51
5,10,51
5,9,51
4,9,50
4,9,50
4,8,49
5,8,49
4,9,49
4,9,49
3,9,49
4,9,50
4,9,50
5,9,50
5,9,50
5,9,50
5,9,49
5,9,49
5,9,48
5,9,48
5,10,47
5,9,45
5,9,45
5,9,44
5,9,44
5,9,44
5,9,44
4,9,44
5,10,45
6,14,49
14,20,57
16,22,57
16,22,57
16,21,54
8,13,45
7,11,42
6,10,41
6,10,39
6,10,39
5,10,38
5,9,37
5,9,36
5,9,35
5,9,34
5,9,34
6,9,34
5,9,33
5,9,33
5,9,33
5,9,33
5,9,33
5,9,33
5,9,33
5,9,33
5,9,33
5,9,33
5,10,33
6,10,33
6,10,33
6,10,34
6,10,34
6,10,34
6,11,34
6,11,35
6,11,36
6,12,37
6,11,35
6,10,36
6,10,36
5,9,36
4,8,37
4,8,37
4,9,38
4,9,40
5,9,43
7,12,46
14,19,54
16,22,57
16,22,58
15,21,57
11,17,54
6,10,49
4,9,48
4,9,47
4,9,48
5,8,48
5,8,48
5,8,48
5,8,47
5,8,46
5,8,46
5,8,45
5,9,45
5,9,45
5,9,44
5,9,44
4,9,43
4,8,44
4,8,44
4,8,45
4,8,45
4,8,46
5,9,47
5,9,47
5,9,48
5,8,48
5,8,48
5,8,48
5,8,49
4,8,49
4,8,49
3,9,49
3,9,49
3,9,49
3,9,48
3,9,48
4,9,48
4,9,49
4,9,49
5,8,49
5,8,49
5,8,49
5,9,49
5,9,49
5,9,49
5,9,49
5,9,49
5,9,49
4,9,49
4,8,49
4,8,49
4,8,49
4,8,49
4,8,49
4,9,50
5,9,50
5,10,51
5,10,51
5,10,51
5,9,50
5,9,50
5,9,49
5,8,49
5,9,49
5,9,49
4,9,49
4,9,49
5,9,50
5,9,50
5,9,49
6,9,49
6,9,49
5,9,48
5,9,47
5,9,47
5,9,46
5,10,45
5,9,45
5,9,44
5,9,44
5,9,44
4,9,43
4,9,43
4,9,44
4,10,44
5,10,45
9,16,51
16,21,54
16,21,54
12,16,51
8,13,44
7,11,41
6,10,40
6,10,39
6,10,38
5,10,38
5,9,36
5,9,35
5,9,34
5,9,34
5,9,33
6,9,33
5,9,33
5,9,33
5,9,33
5,9,33
6,9,33
6,9,33
5,9,33
5,9,33
6,9,33
5,9,33
5,10,34
6,10,34
5,10,34
5,10,34
6,10,34
6,10,34
6,11,35
6,11,36
6,12,37
7,11,36
7,11,36
5,9,36
4,8,37
4,8,37
4,8,38
4,9,39
5,9,41
7,11,45
14,18,52
16,21,57
16,21,57
14,19,54
9,14,49
5,9,46
4,9,45
4,8,45
4,9,46
5,8,46
5,9,46
5,9,46
5,8,45
4,8,45
4,8,45
5,8,44
4,9,43
4,9,43
4,9,43
4,8,43
4,8,43
4,8,43
4,8,43
4,8,44
3,8,45
4,8,45
4,9,47
5,9,47
5,9,47
5,9,48
5,8,48
5,8,47
5,8,48
4,8,48
4,8,49
3,9,49
3,9,48
3,9,48
3,9,48
3,9,48
4,9,48
4,9,49
4,9,49
4,9,49
4,8,49
5,9,49
5,9,49
5,9,49
5,9,49
5,9,49
5,9,49
4,8,49
4,8,49
4,8,49
4,8,49
4,8,49
4,8,49
4,8,49
4,9,50
5,9,50
5,9,50
5,9,50
5,9,50
5,9,50
5,9,50
5,9,49
5,8,49
5,8,49
6,9,49
6,9,49
6,9,49
7,9,49
7,9,49
7,9,49
6,9,49
6,9,48
6,9,47
5,9,47
5,9,45
5,9,45
5,10,45
5,10,45
5,9,44
5,10,44
5,9,43
4,9,43
3,9,43
3,9,43
3,9,44
4,10,44
6,11,46
8,15,51
9,15,49
8,14,44
7,12,41
6,11,40
6,11,39
6,10,38
6,10,38
5,10,36
5,10,35
5,10,35
5,9,34
5,9,34
5,9,33
5,9,33
5,9,33
5,9,33
5,9,33
6,9,33
6,9,33
6,9,33
6,9,33
6,9,33
6,9,33
5,10,34
6,10,34
6,10,34
6,10,34
5,10,34
6,10,34
6,11,35
6,11,36
6,12,37
6,11,37
4,8,37
4,8,37
4,8,37
4,9,38
5,9,39
5,9,41
7,12,45
14,18,51
14,17,53
11,14,49
6,10,46
5,8,45
4,8,44
5,8,44
5,8,44
5,8,44
5,9,44
4,9,44
4,9,43
4,8,43
4,9,43
4,9,43
4,9,43
4,9,43
4,9,43
4,8,43
4,8,43
4,8,43
4,8,43
4,8,44
3,8,45
4,8,46
4,9,47
5,9,47
5,9,47
5,9,47
5,9,47
5,8,47
5,8,47
4,8,47
4,9,47
4,9,47
3,9,48
3,9,48
4,9,48
4,9,48
4,9,48
4,9,49
4,9,49
4,9,49
5,9,49
5,9,49
5,9,49
5,9,49
6,8,49
5,8,49
4,8,48
4,8,48
4,8,49
4,8,49
4,8,49
4,8,49
4,8,49
4,9,50
4,9,50
4,9,50
5,9,50
5,9,50
5,9,50
5,9,50
5,9,50
5,9,49
5,8,49
6,9,49
6,9,49
6,9,50
6,9,49
7,9,49
7,9,49
7,9,49
6,9,48
6,9,47
6,9,47
5,9,45
5,9,44
5,9,44
5,9,44
5,10,45
5,10,45
5,10,44
5,10,43
4,9,43
3,9,43
3,9,43
3,9,43
4,9,44
5,10,44
6,11,44
6,13,44
6,12,41
6,11,40
6,11,39
6,11,38
6,10,38
6,10,36
6,10,36
5,10,35
5,10,35
5,9,34
5,9,33
5,9,33
5,9,33
5,9,33
5,9,33
6,9,33
6,9,33
6,9,33
6,9,33
6,9,33
5,9,33
5,9,33
5,10,34
6,10,34
6,10,34
6,10,35
6,10,35
6,11,36
5,11,36
5,9,36
4,8,36
4,8,36
5,9,37
5,9,38
5,9,38
5,9,40
7,10,41
7,12,45
6,10,45
5,9,42
5,9,42
5,9,42
5,9,42
5,9,42
4,9,43
4,9,43
4,9,43
4,9,42
4,8,42
4,9,43
4,9,43
4,9,43
4,9,43
4,9,43
4,9,43
4,8,43
4,8,43
4,8,43
4,9,45
5,9,45
4,9,46
5,9,47
5,9,47
5,9,47
5,9,47
6,9,47
6,9,47
5,9,47
5,9,47
4,9,47
4,9,47
3,9,47
3,9,47
4,10,48
4,10,49
4,10,49
4,9,49
4,9,49
4,9,49
4,9,49
5,9,49
5,9,49
5,9,49
5,9,49
5,8,49
4,8,49
4,8,49
4,8,49
4,8,49
4,8,49
4,9,50
4,9,50
4,9,50
4,9,50
4,9,50
5,9,50
5,9,50
5,9,50
5,9,50
5,9,49
4,8,49
4,8,49
5,9,49
6,9,50
6,9,50
7,9,50
7,9,49
7,9,49
6,9,48
6,9,47
6,9,47
5,9,45
5,9,44
5,9,44
4,9,44
5,9,44
5,10,45
5,10,46
5,11,45
5,11,44
4,10,43
4,10,42
3,9,42
4,9,42
4,9,43
5,10,43
5,10,44
6,11,41
6,10,39
6,10,39
6,10,38
6,10,37
6,10,36
6,10,36
5,10,36
5,10,35
5,10,34
5,9,34
5,9,33
5,9,33
5,9,33
5,9,33
5,9,33
5,9,33
6,9,33
6,9,33
6,9,33
6,9,33
6,9,33
5,10,34
5,10,34
6,10,34
6,10,35
5,11,35
5,11,36
5,12,37
4,8,35
4,8,35
5,9,36
5,9,37
5,9,37
5,9,38
5,9,38
5,9,38
5,9,39
5,9,39
5,9,39
5,9,39
5,9,40
5,9,40
5,9,41
4,9,42
4,9,42
4,9,42
4,9,42
4,9,42
5,10,43
5,10,43
5,10,43
5,10,43
4,9,43
4,9,43
4,9,43
5,10,43
6,10,45
6,10,46
5,10,47
5,9,47
5,9,47
5,9,47
6,9,47
6,9,47
6,9,47
6,9,47
5,9,47
5,9,47
4,9,47
4,9,47
4,9,47
4,9,48
4,9,49
5,10,49
5,10,50
4,10,51
5,10,50
5,10,50
5,10,50
5,10,50
5,9,50
5,9,49
4,8,49
4,8,49
4,8,49
4,8,49
4,8,49
5,9,50
5,9,50
4,9,50
4,9,50
3,9,50
3,9,50
4,9,50
4,9,50
5,9,50
5,9,50
4,9,49
4,8,49
4,8,49
4,9,49
5,9,50
6,9,50
6,9,50
7,9,49
6,9,48
6,9,47
6,9,47
6,9,45
5,9,44
5,9,44
4,9,44
4,9,44
4,10,46
5,10,47
6,12,47
9,15,47
6,12,45
5,11,43
4,10,42
4,9,42
4,9,41
5,9,40
5,9,40
5,9,40
6,10,39
6,10,39
6,10,38
5,10,37
5,10,36
5,10,35
5,10,35
5,10,35
5,10,35
5,9,33
5,9,33
5,9,33
5,9,33
5,9,33
5,9,33
5,9,33
5,9,33
6,9,33
6,9,33
6,9,33
6,9,33
6,10,33
5,10,34
5,10,34
6,10,35
6,11,35
5,11,36
5,12,37
4,8,34
5,9,34
5,9,35
5,9,36
5,9,36
5,9,37
5,9,37
4,9,37
5,9,38
5,9,38
5,9,38
5,9,39
5,9,39
5,9,39
4,9,39
4,9,39
4,9,40
4,9,41
5,9,42
5,10,42
5,10,42
5,10,43
5,10,43
4,9,43
4,9,43
4,9,43
6,10,45
7,10,46
7,10,46
6,10,46
5,9,47
5,9,46
5,9,47
6,9,47
6,9,47
7,10,48
6,9,47
6,9,47
5,9,47
4,9,47
4,9,47
4,9,47
5,10,48
5,11,49
7,12,52
9,14,53
7,11,52
6,10,51
5,10,50
5,10,50
5,10,50
5,10,50
5,9,49
4,9,49
4,8,49
4,8,49
4,8,49
4,8,49
5,9,50
5,9,50
5,9,50
5,9,50
4,9,50
4,9,50
4,9,50
4,9,50
4,9,49
4,9,49
4,8,49
4,8,49
4,9,49
4,9,49
5,9,49
6,9,48
6,9,48
6,9,48
6,9,47
6,9,47
5,9,44
5,9,44
5,9,44
4,9,44
3,9,44
3,9,44
4,10,47
6,12,47
10,16,52
10,16,52
9,15,47
6,12,44
5,11,42
4,9,40
5,9,39
5,9,38
5,9,38
5,9,38
5,9,38
5,9,37
5,9,37
5,9,35
5,9,35
5,10,35
5,10,35
5,10,34
5,9,33
5,9,33
5,9,33
5,9,32
5,9,33
5,9,33
5,9,33
5,9,32
5,9,32
6,10,32
6,10,33
6,10,33
6,10,33
6,10,34
5,10,34
5,10,34
6,11,35
6,11,36
6,12,37
5,9,33
5,9,33
5,9,34
5,9,34
5,9,34
4,9,34
4,9,35
5,9,36
5,9,37
5,9,38
5,9,38
5,9,38
5,9,38
5,9,38
5,9,38
5,9,38
5,9,39
5,9,40
5,10,41
5,10,42
5,10,42
5,10,42
4,9,42
4,9,42
4,9,43
5,10,43
6,10,45
6,10,46
5,9,46
5,8,46
5,8,46
5,8,46
6,9,47
6,9,47
6,9,47
6,9,47
6,9,47
5,9,47
5,9,46
5,9,46
5,9,47
5,10,48
6,11,50
9,14,53
11,16,56
13,18,57
10,15,54
6,11,51
6,10,51
6,10,50
5,10,49
5,10,49
4,9,49
4,8,49
4,8,49
4,8,49
4,9,49
5,9,50
5,9,50
5,9,50
5,9,50
4,9,50
4,9,50
4,9,50
4,9,49
4,9,49
4,9,49
4,9,48
4,9,48
4,9,48
4,9,48
5,9,48
5,9,48
6,9,47
6,9,47
5,9,44
5,9,44
5,9,44
5,9,44
4,9,43
3,9,44
2,9,44
2,9,44
3,10,47
9,15,48
10,16,52
10,16,52
10,15,48
6,12,43
5,11,40
5,9,38
5,9,38
5,9,37
5,9,37
5,9,37
5,9,37
5,9,36
5,9,35
5,9,34
5,9,34
5,9,34
5,9,33
5,9,33
5,9,33
5,9,32
4,9,32
4,9,31
5,9,31
5,9,31
5,9,31
5,10,31
5,10,31
5,10,32
6,10,33
6,10,33
6,10,34
5,10,34
5,10,34
5,10,34
6,11,36
6,11,37
5,9,33
5,9,33
5,9,33
4,9,34
4,9,34
4,9,34
5,9,35
5,9,35
5,9,36
5,9,36
5,9,37
5,9,37
5,9,38
5,9,38
5,9,38
5,9,38
5,9,39
5,10,40
5,10,41
5,9,41
5,9,42
4,9,42
4,9,42
5,9,43
5,10,43
5,9,45
5,9,45
5,8,45
4,8,45
5,8,46
6,9,47
6,9,47
6,9,47
6,9,47
6,9,47
5,9,46
5,9,46
5,9,46
5,9,46
5,9,47
5,11,49
9,14,53
11,16,56
13,18,57
10,15,54
9,12,51
7,11,51
6,10,49
5,10,49
5,9,48
4,9,48
4,9,48
4,8,49
4,8,49
4,9,49
5,9,49
5,9,49
5,9,50
5,9,50
5,9,50
4,9,49
4,9,49
4,9,48
4,9,48
4,9,48
4,9,48
4,9,48
4,9,48
4,9,47
5,9,47
5,9,46
5,9,45
5,9,44
5,9,44
5,9,44
4,9,43
4,9,43
4,9,43
4,9,43
3,9,43
3,9,44
4,10,45
5,10,47
9,15,48
9,15,48
7,14,45
5,12,41
5,11,38
5,10,37
5,10,37
5,10,37
6,10,36
6,10,36
6,9,36
5,9,35
5,9,34
5,9,34
5,9,34
5,9,33
5,9,33
5,9,33
5,9,32
5,9,31
4,9,30
4,9,30
4,9,30
4,9,31
5,10,31
5,10,31
5,10,31
5,10,32
6,10,34
6,10,34
6,10,34
6,10,34
6,10,34
6,11,35
5,9,33
5,9,33
4,9,33
4,9,33
4,9,33
5,9,33
5,9,33
4,9,33
5,9,34
5,9,35
5,9,35
5,9,36
5,9,37
5,9,38
5,9,38
5,9,38
5,9,38
5,9,39
5,9,39
5,9,40
4,8,41
4,8,41
5,9,42
5,9,43
5,8,43
5,8,43
5,8,43
4,8,43
5,8,43
6,8,46
6,9,46
6,9,47
6,9,46
6,9,46
5,9,46
5,8,45
5,8,46
5,8,46
5,8,46
5,9,46
6,12,49
9,14,53
10,16,54
10,14,53
7,12,51
7,10,49
5,10,49
5,9,48
4,8,47
4,8,47
4,8,48
4,8,48
4,8,49
4,8,49
4,9,49
5,9,49
5,9,49
5,9,49
5,9,49
4,9,49
4,9,48
4,9,48
4,9,48
4,9,48
4,9,47
4,9,47
4,9,46
4,9,46
5,9,45
5,9,44
5,9,44
5,9,44
5,9,43
5,9,42
4,9,42
4,9,42
4,9,42
4,9,42
4,9,42
4,9,43
4,10,43
5,10,44
6,10,43
6,12,43
6,11,41
5,10,38
5,10,37
5,10,36
5,10,36
6,10,36
6,11,36
6,10,36
6,9,36
5,9,34
5,9,34
5,9,33
5,9,33
6,9,33
6,9,33
6,9,32
6,9,31
5,9,30
5,9,30
4,9,30
4,9,30
4,10,31
4,10,31
5,10,31
5,10,31
5,11,34
6,10,34
6,10,34
6,10,34
5,10,34
5,10,35
5,9,33
4,9,33
4,9,33
4,9,33
4,8,33
4,8,33
4,8,33
4,8,33
4,8,33
4,8,35
4,8,36
4,8,36
4,8,37
4,8,37
4,9,37
4,8,37
4,8,38
4,8,39
4,8,39
5,8,39
5,8,41
5,8,42
5,8,42
5,8,42
5,8,42
5,8,42
5,8,43
5,8,43
6,8,43
6,9,44
6,8,44
6,8,44
5,8,44
5,8,44
5,8,44
4,8,45
4,8,45
4,8,45
5,8,46
5,9,47
7,12,50
7,12,51
7,10,49
6,10,48
5,9,46
5,8,46
4,8,46
4,8,47
4,9,47
4,8,48
4,8,48
4,9,49
4,9,49
5,9,49
5,10,49
5,10,49
4,9,49
4,9,48
3,9,48
4,9,47
4,9,47
4,9,47
4,9,46
5,9,46
5,9,45
5,9,44
5,9,44
5,9,43
5,9,42
5,9,42
5,9,40
5,9,40
5,9,40
4,9,40
4,9,40
4,9,40
4,9,40
4,9,40
5,9,40
5,9,41
5,10,41
5,10,40
5,9,38
5,9,37
5,10,36
5,10,36
5,10,36
6,11,36
6,11,36
6,11,36
5,10,35
5,9,34
5,9,34
5,9,33
6,9,33
7,9,33
7,10,33
7,10,31
6,9,30
6,9,30
5,9,30
5,9,30
4,9,31
4,10,31
4,10,31
5,10,31
5,11,34
6,11,34
6,11,34
6,10,34
6,11,34
5,9,33
5,8,32
4,8,32
4,8,33
4,8,33
4,8,33
4,8,33
4,8,33
4,8,33
4,8,35
4,8,35
4,8,36
4,8,36
4,8,36
4,8,36
4,8,37
4,8,37
5,8,38
5,8,39
5,8,39
5,8,39
5,8,40
5,8,42
5,8,42
5,8,42
5,8,42
5,8,42
5,8,42
6,8,42
6,8,42
6,9,42
6,9,42
5,8,42
4,8,42
4,8,43
4,8,43
4,8,43
4,8,44
4,9,45
5,9,45
6,9,46
6,9,46
5,9,46
5,9,45
5,8,45
4,8,46
4,8,46
4,9,47
4,9,47
4,9,48
4,9,49
5,10,49
5,10,49
5,10,49
5,10,49
5,10,48
4,9,47
4,9,46
4,9,46
4,9,46
4,9,46
5,9,44
5,9,44
5,10,44
5,9,43
5,9,43
5,9,42
5,9,40
5,9,40
5,9,39
5,9,39
5,9,39
5,9,39
5,9,39
5,9,39
5,9,39
5,9,39
5,9,39
5,8,39
5,8,39
5,9,37
4,9,37
4,9,36
4,9,36
4,10,36
5,11,36
6,11,36
6,12,37
6,12,37
6,11,36
5,10,34
5,9,34
6,9,33
7,10,33
7,10,32
7,10,31
7,10,31
6,9,30
6,9,30
5,9,30
5,9,31
5,10,31
5,10,31
5,11,32
5,11,34
6,12,35
6,11,35
5,11,35
5,11,35
4,8,32
4,8,32
4,8,33
4,8,33
4,8,33
4,8,33
4,8,33
4,8,34
4,8,35
4,8,35
4,8,35
4,8,36
4,8,36
4,8,36
4,8,36
4,8,37
4,8,37
5,8,38
5,8,39
4,8,39
5,8,39
5,8,40
5,8,41
5,8,41
5,8,41
5,8,41
6,8,41
6,8,41
6,8,41
6,9,42
5,8,41
4,8,42
4,8,42
4,8,42
4,8,42
4,8,43
4,9,43
4,9,43
5,9,44
5,9,44
5,8,44
5,8,45
5,8,45
4,8,45
4,8,45
4,9,46
4,9,47
4,9,48
4,10,49
5,10,49
5,10,49
5,10,49
5,10,49
5,10,48
4,9,46
4,9,46
4,9,46
4,9,44
4,9,44
5,9,44
5,9,43
5,10,43
5,10,42
5,10,41
5,10,40
5,9,39
5,9,39
5,9,39
5,9,39
5,9,39
5,9,39
6,9,38
6,9,38
6,9,38
6,9,38
5,8,37
5,8,37
5,8,37
5,8,36
4,8,36
4,9,35
4,9,35
4,10,35
5,10,36
7,12,37
7,15,42
7,15,42
6,12,37
6,10,35
6,10,34
6,10,33
7,10,33
7,10,31
7,10,31
7,10,31
6,10,31
6,9,31
5,9,31
5,10,31
5,10,32
5,10,33
5,11,35
6,13,36
6,12,37
6,12,37
4,8,32
4,8,32
4,8,33
4,8,33
4,8,33
4,8,33
4,8,34
4,8,34
5,9,34
5,9,34
5,9,34
4,8,35
4,8,35
4,8,35
4,8,36
4,8,36
4,8,37
5,8,37
4,8,37
5,8,38
5,8,38
5,8,38
5,8,39
5,8,39
5,8,39
6,8,40
6,8,40
6,8,40
6,9,40
5,9,40
4,9,40
4,9,41
4,9,42
4,9,42
4,9,42
4,9,42
4,9,42
4,9,43
5,9,43
5,8,43
5,8,43
5,8,44
5,8,44
4,9,45
4,9,46
4,9,46
4,9,48
5,10,48
8,14,50
10,15,53
10,15,49
6,11,49
5,10,47
4,9,46
4,9,45
4,9,43
4,9,43
5,9,43
5,9,43
5,9,43
5,9,41
5,10,40
5,10,39
5,9,39
5,9,39
5,9,39
5,9,37
5,9,37
5,9,37
5,9,37
6,9,36
6,9,36
6,9,35
6,9,36
6,8,36
5,8,36
5,8,36
5,8,36
4,8,35
4,9,35
4,9,35
4,10,35
4,10,35
7,14,41
9,16,43
9,16,43
9,16,43
6,10,35
6,10,33
6,10,33
7,10,31
7,10,31
7,10,31
7,10,31
6,10,31
5,9,31
5,9,31
5,9,32
5,10,33
5,11,34
6,13,38
9,17,42
9,17,42
4,8,33
4,8,33
4,8,33
4,8,33
4,8,34
5,8,34
5,9,34
5,9,34
4,8,34
4,8,34
4,8,34
4,8,34
4,8,35
4,8,35
4,8,35
4,8,36
4,8,36
4,8,37
4,8,37
5,8,38
5,8,38
5,8,38
5,8,38
5,8,39
5,9,39
5,9,39
6,9,40
5,9,39
5,9,39
4,9,39
4,9,40
4,9,40
4,9,42
4,9,42
4,9,42
4,9,42
5,9,42
5,8,42
5,8,43
5,9,43
5,8,44
5,9,44
5,9,45
5,9,46
5,10,48
8,14,50
11,17,53
12,18,54
12,17,53
10,15,49
6,11,47
5,9,45
4,9,43
4,9,42
5,9,42
5,9,42
5,9,40
5,10,40
5,10,40
5,10,39
5,10,39
5,10,38
5,9,37
5,9,37
5,9,37
5,9,36
5,8,36
5,9,36
5,9,36
6,9,35
6,9,35
6,9,35
6,8,36
5,8,36
5,8,36
5,8,36
4,8,35
4,9,35
4,9,35
4,9,35
4,10,35
6,11,38
8,15,42
8,15,42
6,11,38
6,10,35
6,10,34
6,10,32
6,10,31
7,10,31
7,10,31
7,10,31
6,10,31
5,10,31
4,9,31
4,10,33
4,10,34
5,13,37
9,17,43
4,8,33
5,8,34
5,9,34
5,9,34
5,9,34
5,9,34
4,8,33
4,8,33
4,8,33
4,8,33
4,8,33
4,8,34
4,8,34
4,8,34
4,8,34
4,8,34
4,9,35
4,9,36
5,9,37
5,8,37
5,8,38
5,8,38
5,9,38
5,9,38
5,9,38
5,9,39
5,9,38
5,9,38
5,9,39
4,9,39
4,9,40
4,9,40
4,9,40
4,9,40
5,9,40
5,8,40
5,8,42
5,9,42
5,8,43
5,9,43
5,9,44
5,9,45
5,11,47
8,14,50
11,17,53
12,18,54
12,17,53
10,15,49
6,11,45
5,9,43
5,9,42
5,9,41
5,9,40
5,9,40
5,9,40
5,10,39
5,10,39
5,10,39
5,9,38
5,9,37
5,9,37
5,9,36
5,9,36
5,8,36
5,8,36
5,8,36
5,8,35
5,9,35
5,9,34
6,9,34
6,9,35
6,9,35
5,9,35
5,8,35
5,9,34
4,9,34
4,9,34
5,9,34
5,10,35
5,11,35
6,11,38
6,11,38
6,11,36
5,10,34
5,10,34
5,10,31
6,10,31
6,10,31
7,10,31
7,10,31
6,10,31
5,10,31
4,10,33
4,10,33
4,10,35
5,9,34
5,9,34
5,9,34
5,9,34
4,8,33
4,8,33
4,8,33
4,8,33
4,8,33
4,8,33
4,8,33
4,8,33
4,8,33
4,8,33
4,9,34
4,9,34
4,9,35
4,8,36
5,8,37
5,8,37
5,8,37
5,9,38
5,9,38
5,9,38
5,9,38
5,9,38
5,9,38
4,9,38
4,9,38
4,9,39
4,9,39
4,9,40
5,9,39
5,9,39
5,9,39
6,9,40
5,8,41
4,8,43
4,9,43
4,9,44
4,10,45
5,11,47
8,14,50
12,18,53
10,15,49
5,11,46
5,10,42
5,9,41
5,9,40
5,9,40
5,9,40
5,9,40
5,9,39
5,9,39
5,9,38
5,9,37
5,9,37
5,9,36
5,9,36
5,9,36
5,9,36
5,8,36
5,8,36
5,8,35
5,8,35
5,9,35
5,9,34
6,9,35
6,9,35
6,9,35
5,9,35
5,9,35
5,9,34
5,9,34
5,9,34
5,9,34
5,10,34
5,10,35
6,11,35
6,11,36
5,11,34
5,10,34
5,10,33
5,10,31
5,10,31
6,10,31
6,10,31
6,10,31
5,10,32
5,10,33
4,10,33
5,8,33
5,8,33
4,8,33
4,8,33
4,8,32
4,8,32
4,8,32
4,8,32
4,8,32
4,8,33
4,8,33
4,8,33
4,9,33
4,9,33
4,9,34
4,8,34
4,8,35
4,8,36
4,8,36
4,8,36
5,9,37
5,9,37
5,9,37
5,9,37
5,9,38
4,9,38
4,9,38
4,9,38
4,9,39
4,9,39
5,9,39
5,9,39
5,9,39
5,9,39
5,8,39
5,8,41
4,8,41
4,9,43
4,9,43
5,10,44
5,11,46
5,11,46
5,11,44
5,9,42
5,9,41
5,9,40
5,9,39
5,9,39
5,9,39
5,9,38
5,9,38
5,9,37
5,9,37
5,9,36
5,9,36
5,9,36
5,9,35
5,9,35
5,9,35
5,9,35
5,8,35
5,8,35
5,9,35
5,9,35
5,10,35
6,10,35
6,10,36
6,10,36
6,9,35
6,9,35
5,9,34
5,9,34
5,9,34
5,9,34
5,9,34
5,10,35
6,10,35
5,11,34
5,10,34
5,10,34
5,10,33
5,10,32
5,10,32
6,10,31
6,10,32
5,10,32
5,10,33
4,8,32
4,8,32
4,8,32
4,8,32
4,8,32
4,8,32
4,8,32
4,8,32
4,8,32
4,8,32
4,8,32
4,9,33
4,8,33
4,8,33
4,8,33
4,8,33
4,8,35
4,8,35
4,8,36
4,8,36
5,9,36
5,9,36
5,9,37
4,9,37
4,9,37
4,9,37
4,9,38
4,9,38
5,9,38
5,9,38
5,8,38
5,8,38
4,8,39
4,8,39
4,8,39
4,8,41
4,9,41
5,9,42
5,9,42
5,9,42
5,9,41
5,9,39
5,9,39
5,9,38
5,9,38
5,9,37
5,9,37
5,9,37
5,9,36
5,9,36
5,9,34
4,8,34
4,8,34
5,9,35
5,9,35
5,9,35
5,9,35
5,9,35
5,9,35
5,9,35
5,9,35
5,10,36
5,10,35
6,10,36
6,10,36
6,10,36
6,9,36
6,9,36
5,9,34
5,9,34
5,9,34
5,9,34
5,9,34
5,10,34
5,10,34
5,10,34
5,10,34
5,10,34
5,10,34
5,11,32
5,11,32
5,11,32
5,11,32
4,8,32
4,8,32
4,8,32
4,8,32
4,8,32
4,8,32
4,8,32
4,8,32
4,8,32
4,8,32
4,8,32
4,8,33
4,8,32
4,8,33
4,8,33
4,8,33
4,8,33
4,8,33
4,8,33
4,8,34
4,8,34
4,8,36
4,8,36
5,9,36
4,9,37
4,8,36
4,8,36
4,8,36
4,8,37
4,8,37
4,8,37
4,8,37
4,8,38
4,8,38
5,9,38
5,9,38
5,9,38
5,9,38
5,9,38
4,8,38
4,8,38
4,8,37
4,8,36
4,8,36
5,9,34
5,9,34
5,9,34
4,8,33
4,8,33
4,8,33
4,8,33
5,9,34
6,10,35
6,10,35
6,10,35
5,9,34
5,9,34
5,9,34
5,9,35
5,10,36
6,10,36
6,11,36
7,11,36
7,10,36
6,10,35
6,10,35
5,9,34
5,9,34
5,9,34
5,9,34
5,9,34
5,9,34
6,10,34
5,10,34
5,10,34
5,11,34
5,11,34
5,11,34
6,11,34
4,8,32
4,8,32
4,8,32
4,8,32
4,8,32
4,8,32
4,8,32
4,8,32
4,8,32
4,8,32
4,8,32
4,8,32
4,8,32
4,8,32
4,8,33
4,8,33
4,8,33
4,8,33
4,8,33
4,8,34
4,8,34
4,8,35
4,8,35
4,8,35
4,8,35
4,8,35
4,8,36
4,8,36
4,8,36
4,8,36
4,8,37
4,9,37
5,9,37
5,9,37
4,9,36
4,8,36
4,8,36
4,8,36
4,8,34
4,8,34
4,8,33
4,8,33
4,8,33
4,8,33
4,8,33
4,8,33
4,8,33
4,8,33
5,9,34
6,10,35
6,10,35
6,10,35
5,9,34
5,9,34
4,9,34
5,9,35
6,10,36
6,10,36
6,11,36
7,11,36
7,10,36
6,10,35
6,10,35
5,9,34
5,9,34
5,9,34
5,9,34
5,9,34
6,10,34
6,10,35
6,10,34
6,10,34
6,11,35
4,8,32
4,8,32
4,8,32
4,8,32
4,8,32
4,8,32
4,8,32
4,8,32
4,8,32
4,8,32
4,8,32
4,8,32
4,8,32
4,8,33
4,8,33
4,8,33
4,8,33
4,8,33
4,8,33
4,8,34
4,8,33
4,8,33
4,8,33
4,8,33
4,8,33
4,8,33
4,8,33
4,8,34
4,8,34
4,9,34
5,9,34
4,9,34
4,8,34
4,8,34
4,8,33
4,8,33
4,8,33
4,8,33
4,8,32
4,8,32
4,8,33
4,8,33
4,8,33
4,8,33
5,9,33
5,9,33
5,9,34
6,10,35
6,10,35
6,10,35
4,9,34
4,9,34
4,9,34
5,9,34
6,10,35
6,10,35
6,10,35
6,10,35
6,10,35
6,10,35
6,10,35
6,10,35
5,9,34
5,9,34
5,9,34
5,9,34
6,10,35
6,10,35
6,10,35
4,8,32
4,8,32
4,8,32
4,8,32
4,8,32
4,8,32
4,8,32
4,8,32
4,8,32
4,8,32
4,8,32
4,8,32
4,8,33
4,8,33
4,8,33
4,8,33
4,8,33
4,8,33
4,8,33
4,8,33
4,8,33
4,8,33
4,8,33
4,8,33
4,8,33
4,8,33
4,8,33
4,8,33
4,8,33
4,8,33
4,8,33
4,8,33
4,8,33
4,8,33
4,8,32
4,8,32
4,8,32
4,8,32
4,8,32
4,8,33
5,9,33
5,9,33
5,9,33
5,9,34
5,9,34
5,9,34
5,9,34
5,9,34
5,9,34
5,9,34
5,9,34
5,9,34
5,9,34
5,9,34
6,10,35
6,10,35
6,10,35
6,10,35
6,10,35
5,9,34
5,9,34
5,9,34
6,10,35
4,9,32
4,9,32
4,9,31
4,8,32
4,8,32
4,8,32
4,8,32
4,8,32
4,8,32
4,8,32
4,8,32
4,8,32
4,8,32
4,8,33
4,8,33
4,8,33
4,8,33
4,8,33
4,8,33
4,8,32
4,8,32
4,8,32
4,8,32
4,8,32
4,8,32
4,8,32
4,8,32
4,8,32
4,8,32
4,8,32
4,8,32
4,8,32
4,8,32
4,8,32
5,9,33
4,8,32
4,8,32
5,9,33
5,9,33
5,9,33
5,9,33
5,9,34
5,9,34
5,9,34
5,9,34
5,9,34
5,9,34
5,9,33
5,9,33
5,9,33
5,9,33
5,9,34
5,9,34
6,10,35
6,10,35
6,10,35
6,10,35
4,8,32
4,8,32
4,8,32
4,8,32
4,8,32
4,8,32
4,8,32
4,8,32
4,8,32
5,8,32
5,8,32
4,8,32
4,8,33
4,8,32
4,8,32
4,8,32
4,8,32
4,8,32
4,8,32
4,8,32
4,8,32
4,8,32
4,8,32
4,8,32
4,8,32
4,8,32
4,8,32
4,8,32
4,8,32
4,8,32
5,9,33
5,9,33
4,8,32
5,9,33
5,9,33
5,9,33
5,9,33
5,9,34
5,9,34
5,9,34
5,9,34
5,9,34
5,9,34
5,9,33
5,9,33
5,9,33
5,9,33
5,9,33
5,9,33
5,8,32
6,8,32
6,8,32
6,8,32
5,8,32
5,8,32
5,8,32
4,8,32
4,8,32
4,8,32
4,8,32
4,8,32
4,8,32
4,8,32
4,8,32
4,8,32
4,8,32
4,8,32
4,8,32
4,8,32
4,8,32
4,8,32
4,8,32
4,8,32
4,8,32
5,9,33
4,8,32
4,8,32
5,9,33
5,9,33
5,9,33
5,9,33
5,9,33
5,9,34
5,9,34
5,9,34
5,9,34
5,9,34
5,9,33
5,8,32
5,8,32
4,8,32
4,8,32
4,8,32
4,8,32
4,8,32
4,8,32
4,8,32
4,8,32
4,8,32
4,8,32
4,8,32
4,8,32
4,8,32
4,8,32
4,8,32
4,8,32
4,8,32
5,9,33
5,9,33
5,9,33
4,8,32
5,9,33
5,9,33
5,9,33
5,9,33
5,9,33
5,9,34
4,8,32
