B,G,R
0,14,120
0,14,120
1,14,120
0,14,120
1,14,120
1,14,120
1,14,120
1,14,120
1,14,120
1,14,120
1,14,120
1,14,120
0,14,120
0,14,120
0,14,120
0,14,121
1,14,122
1,14,122
1,14,122
1,14,122
1,14,122
1,14,122
0,13,121
0,13,121
1,14,122
1,14,122
1,14,122
1,14,122
1,14,122
1,14,122
0,14,121
0,14,120
0,14,120
0,14,120
0,14,120
1,14,120
1,14,119
1,14,119
1,14,119
1,14,120
1,14,120
1,14,120
1,14,120
1,14,120
1,14,120
1,14,120
1,14,121
1,14,122
1,14,122
1,14,122
1,14,122
1,14,122
1,14,122
1,14,122
1,14,122
1,14,122
1,14,122
1,14,121
1,14,122
1,14,122
1,14,122
1,14,122
1,14,122
1,14,122
1,14,122
1,14,122
1,14,122
1,14,122
1,14,122
1,14,121
1,14,122
1,14,122
1,14,122
1,14,121
0,14,121
0,14,120
0,14,120
0,14,120
0,15,120
1,15,120
1,15,119
1,14,119
1,14,120
1,14,120
1,14,120
1,14,120
1,14,120
1,14,120
1,14,121
1,14,122
1,14,122
1,14,122
1,14,122
1,14,122
1,14,122
1,14,122
1,14,122
1,14,122
1,14,122
1,14,122
1,14,122
1,14,122
1,14,122
1,14,122
1,14,122
1,14,122
1,14,121
1,14,122
1,14,122
1,14,122
1,14,122
1,14,122
1,14,122
1,14,122
1,14,122
1,14,122
1,14,122
1,14,122
1,14,118
1,14,118
0,13,119
0,13,120
1,14,122
1,14,122
1,14,122
1,14,122
1,14,122
1,14,121
0,14,120
1,14,120
1,15,120
1,15,120
1,15,120
1,15,119
2,15,119
2,14,120
2,14,120
2,14,120
1,14,120
1,14,120
1,14,121
1,14,122
1,14,122
1,14,122
1,14,122
1,14,122
1,14,122
1,14,122
1,14,122
1,14,122
1,14,122
1,14,122
1,14,122
1,14,122
1,14,122
1,14,122
1,14,122
1,15,122
1,14,122
1,14,122
1,14,122
1,14,122
1,14,122
1,14,122
1,14,122
1,14,122
1,14,122
1,14,122
1,14,122
1,14,122
1,14,122
1,14,122
1,14,122
1,15,122
1,15,122
1,14,120
1,14,118
1,14,118
1,14,118
1,14,119
1,14,120
1,14,121
1,14,122
1,14,122
1,14,122
1,14,122
1,14,122
1,14,122
1,14,121
1,14,121
1,15,121
2,15,121
2,15,122
2,15,122
2,14,122
2,14,121
2,14,121
2,14,121
2,14,121
2,14,121
1,14,122
1,14,122
1,14,122
1,14,122
1,14,122
1,14,122
1,14,122
1,14,122
1,14,122
1,14,122
1,14,122
1,14,122
1,14,122
1,14,122
1,14,122
1,15,122
1,15,122
1,15,122
1,15,122
1,14,122
1,14,122
1,14,122
1,14,122
1,14,122
1,14,122
1,14,122
1,14,122
1,14,122
1,14,122
1,14,122
1,14,121
1,14,121
1,14,122
1,14,122
1,15,122
1,15,122
1,15,122
1,15,122
1,14,121
1,14,120
1,14,120
1,14,120
1,14,120
1,14,120
1,14,120
1,14,120
1,14,121
1,14,122
1,14,122
1,14,122
1,14,122
1,14,122
1,14,122
1,14,122
2,14,122
2,14,122
2,15,122
2,15,122
2,15,122
2,15,122
2,14,122
2,14,122
2,14,122
2,14,122
2,14,122
2,14,123
1,14,124
1,14,124
1,14,124
1,14,124
1,14,124
1,14,124
1,14,124
1,14,124
1,14,124
1,14,124
1,14,124
1,14,123
1,14,123
1,14,123
2,15,123
2,15,123
2,15,123
2,15,123
2,15,123
1,15,122
1,14,122
1,14,122
1,14,122
1,14,122
1,14,122
1,14,122
1,14,122
1,14,122
1,14,122
1,14,121
1,14,121
1,14,121
1,14,121
1,14,122
1,14,122
1,14,122
1,15,122
1,15,122
1,15,122
1,15,122
0,15,122
1,14,122
1,14,122
1,14,121
1,14,121
1,14,120
1,14,120
1,14,120
1,14,120
1,14,121
1,14,121
1,14,122
2,14,122
1,14,122
1,14,122
1,14,123
1,14,123
1,14,123
1,14,123
2,14,123
2,14,123
2,15,124
2,15,124
2,15,124
2,15,124
2,14,124
2,14,124
2,14,124
2,14,124
2,14,124
2,14,124
2,14,124
2,14,124
1,14,124
1,14,124
1,14,124
1,14,124
1,14,124
1,14,124
1,14,124
1,14,124
1,14,124
1,14,124
1,14,124
1,14,123
2,15,123
2,15,123
2,15,123
2,15,123
2,15,123
2,15,123
1,14,122
1,14,122
1,14,122
1,14,122
1,14,122
1,14,122
1,14,122
1,14,122
1,14,122
1,14,121
1,15,121
1,15,121
1,14,121
1,14,122
1,14,122
1,14,122
1,14,122
1,15,122
1,15,122
0,15,123
0,15,123
0,15,123
0,15,124
1,14,122
1,14,122
1,14,122
1,14,122
1,14,122
1,14,122
1,14,121
1,14,121
1,14,121
1,14,121
1,14,121
1,14,121
1,14,122
2,14,122
2,14,122
2,14,122
1,14,123
1,14,123
1,14,123
1,14,123
1,14,124
2,14,124
2,14,124
2,15,124
2,15,125
2,15,125
2,14,125
2,14,125
2,14,125
2,14,124
2,14,124
2,14,124
2,14,124
2,14,124
2,14,124
2,14,124
1,14,124
1,14,124
1,14,124
1,14,124
1,14,124
1,14,124
1,14,124
1,14,124
1,14,124
1,14,124
1,14,124
2,15,124
2,15,124
2,15,124
2,15,124
2,15,123
2,15,123
1,14,123
1,14,122
1,14,122
1,14,122
1,14,122
1,14,122
1,14,122
1,14,122
1,14,122
1,15,121
1,15,121
1,15,121
1,15,121
1,14,121
1,14,122
1,14,122
1,14,122
1,14,122
1,15,123
1,15,123
0,15,123
0,15,124
0,15,125
0,15,125
0,15,125
0,15,125
0,14,120
0,14,121
1,14,122
1,14,122
1,14,122
1,14,122
1,14,122
1,14,122
1,14,122
1,14,121
1,14,121
1,13,121
1,14,121
1,14,122
1,14,122
1,14,122
2,14,123
2,15,124
2,15,124
1,14,124
1,14,124
1,14,124
1,14,124
2,14,124
2,15,125
2,15,125
2,15,125
2,15,126
2,14,126
2,14,126
2,14,126
2,14,126
2,14,125
2,14,125
2,14,125
2,14,125
2,14,125
2,14,125
2,14,125
2,14,125
2,14,125
2,14,125
1,14,124
1,14,124
1,14,124
1,14,124
1,14,124
1,14,124
1,14,124
2,15,124
2,15,125
2,15,125
2,15,125
2,15,124
2,15,124
1,14,123
1,14,123
1,14,122
1,14,122
1,14,122
1,14,122
1,14,122
1,14,122
1,15,122
1,15,122
1,15,121
1,15,121
1,15,121
1,14,121
1,14,122
1,14,122
1,14,122
1,14,123
1,14,123
1,15,124
1,15,124
1,15,125
0,15,125
0,15,125
0,15,125
0,15,125
0,15,125
0,15,125
0,14,120
0,14,120
0,14,121
0,14,121
1,14,122
1,14,122
1,14,122
1,14,122
1,14,122
1,14,122
1,14,122
1,14,122
1,14,122
1,13,121
1,14,122
1,14,122
1,14,122
2,14,123
2,15,124
2,15,125
2,15,125
1,14,124
1,14,124
1,14,124
1,14,124
1,15,124
2,15,125
2,15,125
2,15,125
2,14,126
2,14,126
2,14,126
2,14,126
2,14,126
2,14,126
2,14,126
2,14,125
2,14,125
2,14,125
2,14,125
2,14,125
2,14,126
2,14,126
2,14,126
2,14,126
2,14,125
2,14,125
2,14,125
1,14,125
2,14,125
2,14,125
2,15,125
2,15,125
2,15,125
2,15,125
2,15,125
2,15,125
1,14,124
1,14,124
1,14,124
1,14,123
1,14,123
1,14,123
1,14,123
2,15,123
1,15,123
2,15,123
1,15,122
1,15,122
1,15,121
1,14,122
1,14,122
1,14,122
1,14,123
1,14,124
1,14,124
1,15,124
1,15,125
2,15,125
1,15,125
0,15,125
0,15,125
0,15,125
0,15,125
0,15,125
1,15,126
2,15,126
1,15,121
1,15,121
0,14,120
0,14,120
0,14,121
0,14,121
0,14,121
1,14,122
1,14,122
1,14,122
1,14,123
1,14,124
1,14,122
1,14,122
1,14,122
1,14,122
1,14,122
1,14,122
1,14,124
2,14,124
2,15,125
2,15,125
2,15,125
1,14,125
1,14,125
1,14,125
1,14,125
1,15,125
1,15,125
1,15,125
1,14,126
2,14,126
2,14,126
2,14,126
2,14,126
2,14,126
2,14,126
2,14,126
2,14,126
2,14,126
2,15,126
2,15,126
2,15,126
2,15,126
2,14,126
2,14,126
2,14,126
2,14,126
2,14,125
2,14,125
2,14,125
2,14,125
2,14,125
2,14,125
2,15,125
2,15,125
2,15,125
2,15,125
2,15,125
2,14,125
1,14,124
1,14,124
1,14,124
1,14,124
2,15,124
2,15,123
2,15,123
2,15,123
2,15,123
2,15,123
2,15,123
1,15,122
1,14,122
1,14,123
1,14,123
1,14,124
1,14,124
1,14,124
1,15,124
1,15,125
2,15,125
2,15,125
2,15,125
2,15,125
1,15,125
1,15,125
1,15,125
2,15,126
2,15,126
2,15,126
2,15,126
1,15,121
1,15,121
1,15,121
1,14,121
1,14,121
0,14,121
0,14,121
0,14,121
1,14,122
1,14,122
1,14,124
1,14,124
1,14,124
1,14,124
1,14,124
1,14,124
1,14,124
1,14,124
1,14,124
1,14,124
1,14,124
1,14,125
2,14,125
2,14,125
1,14,125
1,14,125
1,14,125
1,14,125
0,15,125
0,15,125
1,15,125
1,15,126
1,15,126
1,14,126
2,14,126
2,14,126
2,14,126
2,14,126
2,14,126
2,14,126
1,14,126
1,14,126
1,14,126
2,15,126
2,15,126
2,14,126
2,14,126
2,14,126
2,14,126
2,14,126
2,14,126
2,14,126
2,14,125
2,14,125
2,14,126
2,14,126
2,14,126
2,15,126
2,15,126
2,15,126
2,15,126
1,14,125
1,14,125
1,14,124
1,14,124
1,14,124
1,14,124
1,15,124
1,15,123
1,15,123
2,15,123
2,15,123
2,15,123
1,14,123
1,14,123
1,14,123
1,14,124
1,14,124
1,14,124
1,14,124
2,15,125
2,15,125
2,15,125
2,15,125
2,15,125
2,15,125
2,15,125
2,15,125
2,15,125
2,15,126
2,15,125
2,15,125
2,15,125
2,14,125
2,14,125
1,14,122
1,14,122
1,14,121
1,14,121
1,14,121
1,14,122
1,14,122
1,14,122
1,14,122
1,14,122
1,14,122
1,14,124
1,14,124
1,14,124
1,14,125
1,14,125
1,15,125
1,15,125
1,15,125
1,14,124
1,14,124
1,14,124
2,14,125
2,14,125
2,14,125
1,14,126
1,14,126
1,14,125
1,14,125
0,14,125
0,15,125
0,15,125
0,15,125
1,15,126
1,15,126
1,15,126
1,14,126
1,14,126
1,14,126
1,14,126
1,14,126
1,14,126
1,14,126
1,14,126
1,14,126
1,14,126
1,14,126
2,14,126
2,14,126
2,14,126
2,14,126
2,14,126
1,14,126
1,14,126
1,14,126
1,14,126
2,14,126
2,14,126
2,14,127
2,15,127
2,15,127
2,15,127
1,15,127
1,15,126
1,14,126
1,14,125
1,14,125
1,14,125
1,15,125
1,15,125
1,15,125
1,15,124
1,15,124
1,15,124
1,15,124
1,15,124
1,14,124
1,14,124
1,14,124
1,14,124
2,15,125
2,15,125
2,15,125
2,15,125
2,15,125
2,15,125
2,15,125
2,15,125
2,15,125
2,15,125
2,15,125
2,15,125
2,15,125
2,15,125
2,15,125
2,14,124
1,14,124
1,14,124
1,14,124
1,14,122
1,14,122
1,14,122
1,14,122
1,14,122
1,14,122
1,14,122
1,14,122
1,14,122
1,14,122
1,14,123
1,14,123
1,14,124
1,14,124
1,14,124
1,14,125
1,14,125
1,14,125
1,15,125
1,15,125
1,15,125
1,14,124
1,14,124
2,14,125
2,14,125
2,14,126
1,14,126
1,14,126
1,14,126
1,14,126
0,14,125
0,14,125
0,15,125
0,15,125
0,15,126
0,15,126
0,14,126
0,14,126
0,14,127
0,14,127
1,15,127
1,15,127
1,15,127
1,15,127
1,15,127
1,15,127
1,15,127
1,15,127
1,15,127
1,15,127
1,15,127
1,15,127
1,15,127
1,15,127
1,14,127
1,14,127
1,14,126
1,14,126
1,14,127
1,14,127
0,14,127
1,14,127
1,14,127
1,14,127
1,14,127
1,15,127
1,14,126
1,14,126
1,14,125
1,15,125
1,15,125
1,15,125
1,15,125
1,15,125
0,15,125
0,15,125
0,15,125
1,15,125
1,15,124
1,15,125
1,15,125
2,15,125
2,15,125
2,15,125
2,15,125
2,15,125
2,15,125
2,15,125
2,15,125
2,15,125
2,15,125
2,15,125
2,15,125
2,15,125
2,15,124
2,15,124
2,15,124
1,15,123
1,14,123
1,14,122
1,14,122
1,14,122
1,14,122
1,14,122
1,14,122
1,14,122
1,14,122
1,14,122
1,14,122
1,14,122
1,14,122
1,14,122
1,14,123
1,15,123
2,15,124
2,15,124
2,15,125
1,14,125
1,14,125
1,14,126
1,14,126
0,14,126
1,14,125
1,14,125
1,14,124
1,14,124
1,14,124
1,14,125
2,14,125
2,14,126
1,14,126
1,14,126
1,14,126
0,14,126
0,14,126
0,14,126
0,15,126
0,15,126
0,15,126
0,14,126
0,14,126
0,14,127
0,14,127
0,14,127
1,15,127
1,15,127
1,15,127
1,15,127
1,15,127
1,15,127
1,15,127
1,15,127
1,15,127
1,15,127
1,15,127
1,15,127
1,15,128
1,15,128
1,15,127
1,15,127
0,14,127
0,14,127
0,14,127
0,14,127
0,14,127
0,14,127
0,14,127
1,14,127
1,14,127
1,14,127
1,14,127
1,14,126
1,14,126
1,14,126
1,15,126
1,15,126
1,15,126
0,15,126
0,15,125
0,15,125
0,15,125
1,15,125
1,15,125
1,15,125
1,15,125
1,15,126
2,15,126
2,15,126
2,15,126
2,15,126
2,15,126
2,15,125
2,15,125
2,15,125
2,15,125
2,15,125
2,15,125
2,15,125
1,14,124
1,15,124
1,15,123
1,15,122
1,15,122
1,14,122
1,14,122
1,14,122
1,14,122
1,15,122
1,14,122
1,14,122
1,14,122
1,14,122
1,14,122
1,14,122
1,14,122
1,14,122
1,14,122
1,14,124
1,14,124
1,14,124
1,14,124
1,14,125
2,15,125
2,15,125
2,14,125
1,14,126
1,14,126
0,14,126
0,14,126
0,14,126
0,14,125
1,14,124
1,14,124
1,14,124
1,14,125
1,14,125
1,14,126
1,14,126
0,14,126
0,14,126
0,14,126
0,14,126
0,14,126
0,15,126
0,15,126
0,15,126
0,14,126
1,15,126
1,15,127
0,14,127
1,15,127
1,15,127
1,15,127
1,15,127
1,15,127
1,15,127
1,15,127
1,15,127
1,15,127
1,15,127
1,15,127
1,15,127
1,15,127
1,15,127
1,15,128
1,15,128
1,15,128
0,14,127
0,14,127
0,14,127
0,14,127
0,14,127
0,14,127
0,14,127
1,15,127
1,15,127
1,15,127
0,14,127
0,14,127
0,14,127
0,14,126
0,14,126
1,15,126
1,15,126
0,15,126
0,15,126
0,15,126
0,15,126
1,15,126
1,15,126
1,15,126
1,15,126
1,15,126
1,15,126
2,15,127
2,15,127
2,15,127
2,15,127
3,15,127
2,15,127
2,15,126
2,15,125
2,15,125
2,14,125
1,14,124
1,14,124
1,15,123
1,15,122
1,15,122
1,15,122
1,15,122
1,15,122
1,15,122
1,15,122
1,15,121
1,15,121
1,15,121
1,14,122
1,14,122
1,14,122
1,14,122
1,14,122
1,14,122
1,14,122
1,14,122
1,14,124
1,14,124
1,14,124
1,14,124
1,14,125
1,14,125
2,14,125
2,15,125
2,15,125
2,14,125
1,14,126
0,14,126
0,14,126
0,14,126
0,14,126
0,14,125
0,14,124
1,14,124
1,15,125
1,15,125
1,15,126
0,15,126
0,14,126
0,14,126
0,14,126
0,14,126
0,14,126
0,14,126
0,15,126
0,15,126
0,14,126
0,14,126
0,14,126
0,14,127
0,14,127
0,14,127
0,14,127
1,15,127
1,15,127
1,15,127
1,15,127
1,15,127
1,15,127
1,15,127
0,14,126
0,14,127
0,14,127
0,14,127
1,15,127
1,15,128
1,15,128
1,15,128
1,15,128
1,15,128
1,15,128
1,15,128
1,15,128
1,15,128
1,15,127
1,15,127
1,15,127
1,15,127
1,15,127
1,15,127
1,15,127
0,15,127
0,15,127
1,15,127
1,15,127
0,15,127
1,15,127
1,15,127
1,15,127
1,15,127
0,15,127
1,15,127
1,15,126
1,15,126
1,15,127
1,15,127
1,15,127
2,15,127
2,15,127
3,15,127
3,15,127
2,15,127
2,15,126
2,14,125
2,14,125
1,14,124
1,14,124
1,14,123
1,15,122
1,14,122
1,14,122
1,14,122
1,15,122
1,15,122
1,15,122
1,15,122
1,15,121
1,14,122
1,14,122
1,14,122
1,14,122
1,14,122
1,14,122
1,14,122
1,14,122
1,14,122
1,14,122
1,14,122
1,14,124
1,14,124
1,14,124
1,14,124
1,14,125
1,14,125
2,14,125
2,14,125
2,14,125
2,15,126
2,14,126
2,14,126
0,14,126
0,14,126
0,14,126
0,14,126
0,14,126
0,14,125
0,15,125
0,15,125
0,15,125
0,15,126
0,15,126
0,14,126
0,14,126
0,14,126
0,14,126
0,14,126
0,14,126
0,14,126
0,14,126
0,14,126
0,14,126
0,14,126
0,14,127
0,14,127
0,14,127
0,14,127
0,14,127
0,14,127
1,15,127
1,15,127
1,15,127
1,15,127
1,15,127
0,14,126
0,14,127
0,14,127
0,14,127
1,15,127
1,15,128
1,15,128
1,15,128
1,15,128
1,15,128
1,15,128
1,15,128
1,15,128
1,15,127
1,15,127
1,15,127
1,15,127
1,15,127
0,14,127
0,14,127
1,15,127
0,14,127
0,14,127
1,15,127
1,15,128
1,15,127
1,15,128
1,15,128
1,15,128
1,15,127
1,15,127
1,15,127
1,15,127
1,15,127
1,15,127
1,15,127
1,15,127
1,15,127
1,15,127
2,15,127
2,15,127
2,15,127
2,15,127
2,15,126
2,14,125
2,14,124
1,14,124
1,15,124
1,15,123
1,15,122
1,15,122
1,15,122
1,15,122
1,15,122
1,15,122
1,15,122
1,15,122
1,14,122
1,14,122
1,14,122
1,14,124
1,14,121
1,14,122
1,14,122
1,14,122
1,14,122
1,14,122
1,14,124
1,14,124
1,14,124
1,14,124
1,14,124
1,14,124
1,14,124
1,14,124
1,14,125
2,14,125
2,14,126
2,14,125
2,14,126
2,14,126
2,14,126
2,14,126
0,14,126
0,14,126
0,14,126
0,14,126
0,14,126
0,15,126
0,15,125
0,15,125
0,15,125
0,15,125
0,15,126
0,14,126
0,14,126
0,14,126
0,14,126
0,14,126
0,14,126
0,14,126
0,14,126
0,14,126
0,14,126
0,14,126
0,14,127
0,14,127
0,14,127
0,14,127
0,14,127
0,14,127
0,14,127
1,15,127
1,15,127
0,14,126
0,14,126
0,14,126
0,14,126
0,14,126
0,14,127
0,14,127
1,15,128
1,15,128
1,15,128
1,15,128
1,15,128
1,15,128
1,15,128
1,15,128
1,15,127
1,15,127
1,15,127
1,15,127
1,15,127
0,14,127
0,14,127
0,14,127
0,14,127
0,14,127
1,15,128
1,15,128
1,15,128
1,15,128
1,15,128
1,15,128
1,15,128
1,14,127
1,14,127
0,14,127
0,14,127
1,15,127
1,15,127
1,15,127
1,15,127
1,15,127
1,15,127
1,15,127
2,15,127
2,15,127
2,15,127
2,15,126
2,15,125
2,15,124
2,15,124
2,15,124
2,15,123
1,15,122
1,15,122
1,15,122
2,15,122
2,15,122
1,15,122
1,15,122
1,14,123
1,14,124
1,14,124
1,14,124
1,14,125
1,14,120
1,14,121
1,14,121
1,14,122
1,14,122
1,14,123
1,14,124
1,14,124
1,14,124
1,14,124
1,14,124
1,14,124
1,14,124
1,14,124
1,14,124
1,14,125
1,14,126
2,14,126
2,14,126
2,14,126
2,14,126
2,14,126
1,14,126
1,14,126
0,14,126
0,14,126
0,14,126
0,15,126
1,15,126
1,15,126
1,15,126
0,15,125
0,15,126
0,15,126
0,15,126
0,14,126
0,14,126
0,14,126
0,14,126
0,14,126
0,14,126
0,14,126
0,14,126
0,14,126
0,14,126
0,14,126
0,14,127
0,14,127
0,14,127
0,14,127
0,14,127
0,14,127
0,14,127
0,14,127
0,14,127
0,14,126
0,14,126
0,14,126
0,14,126
0,14,126
0,14,127
0,14,127
0,14,127
1,15,128
1,15,128
1,15,128
1,15,128
1,15,128
1,15,128
0,14,127
1,15,127
1,15,127
1,15,127
1,15,127
1,15,127
0,14,127
0,14,127
0,14,127
0,14,127
0,14,127
1,15,128
1,15,128
1,15,128
1,15,128
1,15,129
1,15,128
1,15,128
1,14,127
0,14,127
0,14,127
1,15,127
1,15,127
1,15,127
1,15,127
1,15,127
1,15,127
1,15,127
1,15,127
2,15,127
2,15,127
2,15,127
2,14,126
2,14,126
2,15,125
2,15,125
2,15,125
2,15,125
2,15,125
2,15,124
2,15,123
2,15,123
2,15,123
1,15,123
1,14,123
1,14,124
1,14,124
1,14,124
1,14,125
1,14,125
1,14,125
2,15,125
1,14,120
1,14,121
1,14,122
1,14,122
1,14,122
1,14,124
1,14,124
1,14,124
1,14,124
1,14,124
1,14,124
1,14,124
1,14,124
1,14,124
1,14,124
1,14,125
1,14,125
1,14,126
2,14,126
2,14,126
2,14,126
1,14,126
1,14,126
1,14,126
0,14,126
0,14,126
0,14,126
0,14,126
1,15,126
1,15,126
1,15,126
1,15,126
0,15,126
0,15,126
0,15,126
0,15,126
0,14,126
0,14,126
0,14,126
0,14,126
0,14,126
0,14,126
0,14,126
0,14,126
0,14,126
0,14,126
0,14,126
0,14,126
0,14,127
0,14,127
0,14,127
0,14,127
0,14,127
0,14,127
0,14,127
0,14,127
0,14,126
0,14,126
0,14,126
0,14,126
0,14,126
0,14,127
0,14,127
1,15,127
1,15,128
1,15,128
1,15,128
1,15,128
1,15,128
1,15,128
0,14,127
1,15,127
1,15,127
1,15,127
1,15,127
1,15,127
0,14,127
0,14,127
0,14,127
0,14,127
0,14,127
1,15,128
1,15,128
1,15,128
1,15,129
1,15,129
1,15,129
1,15,128
0,14,127
0,14,127
0,14,127
1,15,127
1,15,127
1,15,127
1,15,127
1,15,127
1,15,127
1,15,127
1,15,127
1,15,127
2,15,127
2,15,127
2,15,127
2,15,127
2,15,126
2,15,125
2,15,125
2,15,125
2,15,125
2,15,125
2,15,125
2,15,125
2,15,124
2,15,124
1,15,124
1,14,124
1,14,124
1,14,125
1,14,125
1,14,125
1,14,125
1,15,125
2,15,125
1,14,121
1,14,121
1,14,122
1,14,122
1,14,122
1,14,123
1,14,124
1,14,124
1,14,124
1,14,124
1,14,124
1,14,125
1,14,125
1,14,124
1,14,124
1,14,125
1,14,125
1,14,125
1,15,126
1,14,126
1,14,126
1,14,126
1,14,126
1,14,126
0,14,126
0,14,126
0,14,126
0,14,127
0,14,127
1,15,127
1,15,127
1,15,127
1,15,127
1,15,126
1,15,126
1,15,126
0,15,126
0,14,126
0,14,126
0,14,126
0,14,126
0,14,126
0,14,126
0,14,126
0,14,126
0,14,126
0,14,126
0,14,126
0,14,126
0,14,127
0,14,127
0,14,127
0,14,127
0,14,127
0,14,127
1,15,127
1,15,127
1,15,127
0,14,127
0,14,126
0,14,126
0,14,126
0,14,127
0,14,127
0,14,127
1,15,127
1,15,128
1,15,128
0,14,127
1,15,128
0,14,127
0,14,127
1,15,127
1,15,128
1,15,128
1,15,127
1,15,127
0,14,127
0,14,127
0,14,127
0,14,127
0,14,127
1,15,128
1,15,128
1,15,128
2,15,129
2,15,129
2,15,129
1,15,129
1,14,127
0,14,127
0,14,127
1,15,127
1,15,127
1,15,127
1,15,127
1,15,127
1,15,127
1,15,127
1,15,128
1,15,128
1,15,128
1,15,127
1,15,127
2,15,127
2,15,127
2,15,126
2,15,126
2,15,126
2,15,126
2,15,125
2,15,125
2,15,125
2,15,125
2,15,124
1,14,124
1,14,124
1,14,125
1,14,125
1,14,125
1,14,125
1,14,125
1,15,125
1,15,125
2,15,126
1,14,121
1,14,121
1,14,122
1,14,122
1,14,122
1,14,123
1,14,124
1,14,124
1,14,124
1,14,124
1,14,124
1,14,125
1,14,125
1,14,125
1,14,125
1,14,125
1,14,125
0,15,125
0,15,125
1,15,126
1,15,126
0,14,126
0,14,126
1,14,126
1,14,126
0,14,126
0,14,127
0,14,127
0,14,127
1,15,127
1,15,127
1,15,127
1,15,127
1,15,127
1,15,127
1,15,127
1,15,126
0,15,126
0,14,126
0,14,126
0,14,126
0,14,126
0,14,126
0,14,126
0,14,126
0,14,126
0,14,126
0,14,126
0,14,126
0,14,127
0,14,127
0,14,127
0,14,127
0,14,127
0,14,127
1,15,128
1,15,128
1,15,128
1,15,128
1,15,127
0,14,127
0,14,127
0,14,127
0,14,127
0,14,127
0,14,127
0,14,127
0,14,127
0,14,127
0,14,127
0,14,127
0,14,127
0,14,127
1,15,128
1,15,128
1,15,128
1,15,128
1,15,128
1,15,128
0,14,127
0,14,127
1,15,128
1,15,128
1,15,128
1,15,128
1,15,128
2,15,129
2,15,129
2,15,129
2,15,129
1,15,128
0,14,127
0,14,127
1,15,128
1,15,128
1,15,128
1,15,128
1,15,128
1,15,128
1,15,128
1,15,128
1,15,128
1,15,128
1,15,128
1,15,128
2,15,128
2,15,128
2,15,127
3,15,127
3,15,127
3,15,126
2,15,126
2,15,125
2,15,125
2,15,125
2,15,124
1,14,124
1,14,124
2,14,125
2,14,125
2,14,125
1,14,125
1,14,125
1,15,125
1,15,125
1,15,125
1,15,125
1,14,122
1,14,122
1,14,122
1,14,122
1,14,122
1,14,122
1,14,124
1,14,124
1,14,124
1,14,124
1,14,124
1,14,125
1,14,125
2,14,125
1,14,125
1,14,125
0,14,125
0,15,125
0,15,125
0,15,125
0,15,125
0,15,126
0,15,126
0,15,126
1,15,127
0,14,126
0,14,127
0,14,127
0,14,127
0,14,127
1,15,127
1,15,127
1,15,127
1,15,127
1,15,127
1,15,127
1,15,127
1,15,127
0,14,126
0,14,126
0,14,126
0,14,126
0,14,126
0,14,126
0,14,126
0,14,126
0,14,126
0,14,126
0,14,126
0,14,127
0,14,127
0,14,127
0,14,127
0,14,127
1,15,128
1,15,128
1,15,128
1,15,128
1,15,128
1,15,128
1,15,128
1,15,127
0,14,127
0,14,127
0,14,127
0,14,127
0,14,127
0,14,127
0,14,127
0,14,127
0,14,127
0,14,127
0,14,127
1,15,128
1,15,128
1,15,128
2,16,129
2,16,129
2,16,129
1,15,128
1,15,128
1,15,128
1,15,128
1,15,128
1,15,128
1,15,128
1,15,128
1,15,128
2,16,129
2,16,129
2,16,129
1,15,128
1,15,128
1,15,128
1,15,128
1,15,128
1,15,128
1,15,128
1,15,128
1,15,128
1,15,128
1,15,128
1,15,128
1,15,128
1,15,128
1,15,128
1,15,128
2,15,128
2,15,128
3,15,128
3,15,127
3,15,127
2,15,127
2,15,126
2,15,125
2,15,125
1,15,125
1,14,124
1,14,124
1,14,125
1,14,126
1,14,126
1,15,126
1,15,126
1,15,126
1,15,125
1,15,126
1,15,125
1,14,125
1,14,122
1,14,122
1,14,122
1,14,122
1,14,122
1,14,122
1,14,122
1,14,122
1,14,124
1,14,124
1,14,124
1,14,124
1,14,124
1,14,125
1,14,125
2,14,126
2,14,126
1,14,126
0,15,125
0,15,125
0,15,125
0,15,125
0,15,125
0,15,126
0,15,126
1,15,127
1,15,127
1,15,127
1,15,127
0,14,127
0,14,127
0,14,127
0,14,127
0,14,127
1,15,127
1,15,127
1,15,127
1,15,127
1,15,127
1,15,127
1,15,127
0,14,126
0,14,126
0,14,126
0,14,126
0,14,126
0,14,126
0,14,126
0,14,126
0,14,126
0,14,127
0,14,127
0,14,127
0,14,127
0,14,127
0,14,127
0,14,127
1,15,128
1,15,128
2,15,129
2,15,129
2,15,129
2,15,129
1,15,128
1,15,127
0,14,127
0,14,127
0,14,127
0,14,127
0,14,127
0,14,127
0,14,127
0,14,127
0,14,127
0,14,127
1,15,128
1,15,128
2,16,129
2,16,129
2,16,129
2,16,129
2,16,129
2,16,129
2,16,129
2,16,129
1,15,128
1,15,128
1,15,128
1,15,128
2,16,129
2,16,129
2,16,129
2,16,129
2,16,129
2,16,129
1,15,128
1,15,128
1,15,128
1,15,128
1,15,128
1,15,128
1,15,128
1,15,128
1,15,128
1,15,128
1,15,128
1,15,128
1,15,128
2,15,128
2,15,128
2,15,128
3,15,128
3,15,128
3,15,127
2,15,127
2,15,127
2,15,126
2,15,126
1,15,125
1,15,125
1,14,126
1,14,126
1,14,126
1,14,126
1,14,126
1,15,126
1,15,126
1,15,125
0,15,125
0,15,125
1,14,125
1,14,125
1,14,125
1,14,122
1,14,122
1,14,122
1,14,122
1,14,122
1,14,122
1,14,122
1,14,122
1,14,123
1,14,124
1,14,124
1,14,124
1,14,124
1,14,124
1,14,125
2,14,125
2,14,126
2,14,126
2,15,126
1,15,126
0,15,125
0,15,125
0,15,125
0,15,125
0,15,125
1,15,127
1,15,127
1,15,127
1,15,127
1,15,127
0,14,127
0,14,127
0,14,127
0,14,127
0,14,127
1,15,127
1,15,127
1,15,127
1,15,127
1,15,127
1,15,127
1,15,127
1,15,127
1,15,127
1,15,127
0,14,126
0,14,126
0,14,126
0,14,126
0,14,126
1,15,127
1,15,127
1,15,127
0,14,127
0,14,127
0,14,127
0,14,128
1,15,128
1,15,128
1,15,129
2,15,129
2,15,129
2,16,129
2,15,129
2,15,129
1,15,128
0,14,127
0,14,127
0,14,127
0,14,127
0,14,127
0,14,127
0,14,127
0,14,127
0,14,127
1,15,128
1,15,128
1,15,128
2,16,129
2,16,129
2,16,129
2,16,129
2,16,129
2,16,129
2,16,129
2,16,129
2,15,129
2,15,129
2,15,129
2,15,129
2,15,129
2,16,129
2,16,129
2,16,129
2,16,129
2,16,129
2,16,129
2,16,129
1,15,128
1,15,128
1,15,128
1,15,128
1,15,128
1,15,128
1,15,128
1,15,128
1,15,128
1,15,128
2,15,129
2,15,129
2,15,129
2,15,129
2,15,128
2,15,128
2,15,128
2,15,127
2,15,127
2,15,127
1,15,127
1,15,127
1,15,127
1,14,127
1,14,127
1,14,126
1,14,126
1,14,126
1,15,126
1,15,126
0,15,125
0,15,125
0,14,125
0,14,125
0,14,125
1,14,125
2,14,125
1,14,122
1,14,122
1,14,122
1,14,122
1,14,122
1,14,122
1,14,122
1,14,122
1,14,122
1,14,124
1,14,124
1,14,124
1,14,124
1,14,124
1,14,124
1,14,125
2,14,126
2,14,126
2,15,126
2,15,126
1,15,126
0,15,125
0,15,125
0,15,125
0,15,125
0,15,125
1,15,127
1,15,127
1,15,127
1,15,127
1,15,127
0,14,127
0,14,127
0,14,127
0,14,127
0,14,127
0,14,127
1,15,127
1,15,127
1,15,127
1,15,127
1,15,127
1,15,127
1,15,127
1,15,127
1,15,127
1,15,127
0,14,126
0,14,126
0,14,126
0,14,127
1,15,127
1,15,127
1,15,127
1,15,127
1,15,127
0,14,128
1,14,128
1,15,128
1,15,129
2,15,129
2,15,130
2,15,129
2,16,129
2,16,129
2,16,129
2,16,129
1,15,128
0,14,127
0,14,127
0,14,127
0,14,127
1,15,128
1,15,128
0,14,127
1,15,128
1,15,128
1,15,128
1,15,128
1,15,129
2,16,129
2,16,129
2,16,129
2,16,129
2,16,129
2,16,129
2,16,129
2,15,129
2,15,129
2,15,129
2,15,129
2,15,129
2,15,129
2,16,129
2,16,129
2,16,129
2,16,129
2,16,129
2,16,129
2,16,129
1,15,128
1,15,128
1,15,128
1,15,128
1,15,128
1,15,128
1,15,128
1,15,128
2,15,129
2,15,129
2,15,129
2,15,129
2,15,129
2,15,129
2,15,128
2,15,128
2,15,128
2,15,128
2,15,128
1,15,127
1,15,127
1,15,127
1,15,127
1,14,127
1,14,127
1,14,127
1,14,126
1,15,126
1,15,126
0,15,126
0,15,126
0,14,125
0,14,125
0,14,125
1,14,125
1,14,125
2,14,125
1,14,122
1,14,122
1,14,122
1,14,122
1,14,122
1,14,122
1,14,122
1,14,122
1,14,122
1,14,124
1,14,124
1,14,124
1,14,124
1,14,124
1,14,124
1,14,124
1,14,125
2,14,126
2,14,126
2,14,126
2,15,126
1,15,126
0,15,125
0,15,125
0,15,125
0,15,125
0,15,125
0,15,126
1,15,127
1,15,127
1,15,127
1,15,127
0,14,127
0,14,127
0,14,127
0,14,127
0,14,127
0,14,127
0,14,127
1,15,127
1,15,127
1,15,127
1,15,127
0,14,127
0,14,127
0,14,127
0,14,127
0,14,127
0,14,126
0,14,126
0,14,127
0,14,127
1,15,127
1,15,127
1,15,127
1,15,127
1,15,128
0,14,128
1,14,128
1,14,128
1,14,129
1,15,129
2,15,131
2,15,131
2,15,131
2,15,131
2,15,129
2,15,129
2,15,129
1,15,128
1,15,128
1,15,128
1,15,128
1,15,128
1,15,128
1,15,128
1,15,128
1,15,128
1,15,128
1,15,128
1,15,129
1,15,129
1,15,129
2,15,130
2,15,130
2,15,130
2,15,131
2,15,131
2,15,131
2,15,131
2,15,131
2,15,130
2,15,130
2,15,130
2,15,130
2,15,130
2,16,129
2,16,129
2,16,129
2,16,129
1,15,128
1,15,128
1,15,128
1,15,128
1,15,128
1,15,128
1,15,128
1,15,128
2,15,129
2,15,130
2,15,131
2,15,131
2,15,130
1,15,130
1,15,129
1,15,129
1,15,128
1,15,128
2,16,128
1,15,128
1,15,128
1,15,128
1,15,128
1,15,127
1,15,127
0,14,127
0,14,127
0,14,127
1,15,126
1,15,126
1,15,126
0,15,126
0,14,126
0,14,126
0,14,126
0,14,126
1,14,126
2,14,126
2,14,126
1,14,122
1,14,122
1,14,122
1,14,122
1,14,122
1,14,122
1,14,122
1,14,122
1,14,122
1,14,124
1,14,124
1,14,124
1,14,124
1,14,124
1,14,124
1,14,124
1,14,124
2,14,125
2,14,126
2,14,126
2,14,126
2,15,126
1,15,126
0,15,125
0,15,125
0,15,125
0,15,125
0,14,125
0,15,126
0,15,126
1,15,127
0,14,126
0,14,127
0,14,127
0,14,127
0,14,127
0,14,127
0,14,127
0,14,127
0,14,127
1,15,127
1,15,127
1,15,127
1,15,127
0,14,127
0,14,127
0,14,127
0,14,127
0,14,127
0,14,127
0,14,127
0,14,127
1,15,127
1,15,128
1,15,128
1,15,128
1,15,128
1,15,128
1,15,128
1,14,129
1,14,129
1,14,129
1,14,130
1,15,130
2,15,131
2,15,131
2,15,131
2,15,130
2,15,129
2,15,129
2,15,129
1,15,128
1,15,128
1,15,128
1,15,128
1,15,128
1,15,128
1,15,128
1,15,128
1,15,128
1,15,128
1,15,129
1,14,129
1,14,129
1,14,130
2,15,130
2,15,131
2,15,131
2,15,131
2,15,131
2,15,131
2,15,131
2,15,131
2,15,131
2,15,131
2,15,131
2,15,131
2,15,131
2,15,130
2,16,129
2,16,129
2,15,129
1,15,128
1,15,128
1,15,128
1,15,128
1,15,128
1,15,129
1,15,129
2,15,129
2,15,131
2,15,131
2,15,131
2,15,130
1,15,130
1,15,130
1,15,129
1,15,129
1,15,129
1,15,129
1,15,128
1,15,128
2,16,128
2,16,129
1,15,128
1,15,127
0,14,127
0,14,127
0,14,127
0,14,126
0,14,126
0,15,126
0,14,126
0,14,126
0,14,126
0,14,126
0,14,126
1,14,126
2,14,126
2,14,126
2,14,126
1,14,124
1,14,124
1,14,124
1,14,124
1,14,124
1,14,124
1,14,124
1,14,124
2,15,125
2,15,125
1,14,124
1,14,124
1,14,124
1,14,124
1,14,124
1,14,124
1,14,124
1,14,124
2,14,125
2,14,126
2,14,126
2,14,126
2,14,126
1,15,125
0,15,125
0,15,125
0,15,125
0,15,125
0,14,125
0,14,126
0,14,126
0,14,126
0,14,126
0,14,126
0,14,126
0,14,126
0,14,126
0,14,127
0,14,127
0,14,127
0,14,127
0,14,127
1,15,127
1,15,127
1,15,127
0,14,127
0,14,127
0,14,127
0,14,127
0,14,127
0,14,127
0,14,127
0,14,127
1,15,128
1,15,128
1,15,128
1,15,128
1,15,128
1,15,128
1,15,129
1,15,130
1,14,130
1,14,130
1,14,130
1,14,130
2,15,130
2,15,131
2,15,131
2,15,131
2,15,131
2,15,131
2,15,131
2,15,129
2,15,129
2,15,129
2,15,129
2,16,129
2,16,129
2,16,129
2,16,129
1,15,128
1,15,129
1,15,129
1,14,129
1,14,129
1,14,130
1,14,130
2,15,131
2,15,131
2,15,131
2,15,131
2,15,131
2,15,131
2,15,131
2,15,131
2,15,131
2,15,131
2,15,131
2,15,131
2,15,131
2,15,131
2,15,129
2,15,129
2,16,129
2,16,129
2,16,129
2,15,129
2,15,129
2,15,129
2,15,130
2,15,131
2,15,131
2,15,131
2,15,131
2,15,131
1,15,130
1,15,130
1,15,129
1,14,129
1,14,129
1,15,129
1,15,129
1,15,129
2,15,129
2,16,129
2,15,129
1,15,128
1,15,128
1,15,128
1,15,127
1,15,127
1,15,127
1,15,126
1,15,126
0,14,126
0,14,126
0,14,127
1,14,127
2,14,127
2,14,127
2,14,127
2,14,126
2,14,126
1,14,124
1,14,124
1,14,124
1,14,124
1,14,124
1,14,124
1,14,124
2,15,125
2,15,125
2,15,125
2,15,125
2,15,125
2,14,125
1,14,124
1,14,124
1,14,124
1,14,124
1,14,124
1,14,125
1,14,125
2,14,126
2,14,126
2,14,126
1,14,125
0,15,125
0,15,125
0,15,125
0,15,125
0,14,125
0,14,125
0,14,126
0,14,126
0,14,126
0,14,126
0,14,126
0,14,126
0,14,126
0,14,126
0,14,127
0,14,126
0,14,127
0,14,127
0,14,127
0,14,127
0,14,127
0,14,127
0,14,127
0,14,127
0,14,127
0,14,127
0,14,127
0,14,127
0,14,127
0,14,127
1,15,128
1,15,128
1,15,128
1,15,128
1,15,128
1,15,129
1,15,130
2,15,130
1,14,130
1,14,130
1,14,130
1,14,130
2,15,130
2,15,131
2,15,131
2,15,131
2,15,131
2,15,131
2,15,131
2,15,131
2,15,131
2,15,129
2,16,129
2,16,129
2,16,129
2,16,129
2,16,129
2,16,129
1,15,129
1,15,129
0,14,129
0,14,129
1,14,130
1,14,130
2,15,131
2,15,131
2,15,131
2,15,131
2,15,131
2,15,131
2,15,131
2,15,131
2,15,131
2,15,131
2,15,131
2,15,131
2,15,131
2,15,131
2,15,130
2,15,129
2,16,129
2,16,129
2,16,129
2,16,129
2,15,129
2,15,130
2,15,131
2,15,131
2,15,131
2,15,131
2,15,131
2,15,131
2,15,131
1,15,130
1,15,130
1,14,129
1,14,129
1,14,129
1,15,129
2,15,129
2,15,129
2,16,129
2,16,129
2,16,129
1,15,128
1,15,128
1,15,128
1,15,128
1,15,128
1,15,128
1,15,128
1,15,127
1,15,128
1,15,128
1,15,128
2,15,128
2,15,128
2,14,128
2,14,127
2,14,127
3,14,127
1,14,124
1,14,124
1,14,125
1,14,125
1,14,125
1,14,124
1,14,125
1,15,125
2,15,125
2,15,125
2,15,125
2,15,125
2,15,125
2,15,125
1,14,125
1,14,125
1,14,125
1,14,125
1,14,125
1,14,125
1,14,126
2,14,126
2,14,126
2,14,126
1,14,125
0,15,125
0,15,125
0,15,125
0,15,125
0,15,125
0,14,125
0,14,126
0,14,126
0,14,126
0,14,126
0,14,126
0,14,126
0,14,126
0,14,126
0,14,127
0,14,127
0,14,127
0,14,127
0,14,127
0,14,127
0,14,127
0,14,127
0,14,127
0,14,127
0,14,127
0,14,127
0,14,127
0,14,127
0,14,127
0,14,127
1,15,128
1,15,128
0,14,128
0,14,128
1,14,129
1,15,130
2,15,131
2,15,131
2,15,131
2,15,131
1,14,130
1,14,130
2,14,131
2,15,131
2,15,131
2,15,131
2,15,131
2,15,131
2,15,131
2,15,131
2,15,131
2,15,131
2,15,129
2,16,129
2,16,129
2,16,129
2,16,129
2,16,129
2,16,129
1,15,129
0,14,129
0,14,129
1,14,130
2,15,131
2,15,131
2,15,131
2,15,131
2,15,131
2,15,131
2,15,131
2,15,131
2,15,131
2,15,131
2,15,131
2,15,131
2,15,131
2,15,131
2,15,131
2,15,131
2,15,130
2,16,129
2,16,129
2,16,129
2,16,129
2,15,130
2,15,131
2,15,131
2,15,131
2,15,131
2,15,131
2,15,131
2,15,131
2,15,131
2,15,131
2,15,130
1,14,130
1,14,130
1,14,130
2,15,130
2,15,130
2,15,130
2,16,129
2,16,129
2,16,129
2,16,129
1,15,128
1,15,128
1,15,128
1,15,128
1,15,128
1,15,128
2,15,128
2,15,128
2,15,129
2,16,129
2,16,129
3,16,129
3,15,128
2,15,128
2,14,127
2,14,127
3,15,127
1,14,124
1,14,125
1,14,126
1,14,126
1,14,126
1,14,126
1,14,126
1,14,126
1,15,125
1,15,125
1,15,125
2,15,126
2,15,126
2,15,126
2,15,126
2,15,126
1,15,126
1,14,126
1,14,126
1,14,125
1,14,126
1,14,126
2,14,126
2,14,126
2,15,126
1,15,126
1,15,125
0,15,125
0,15,125
0,15,125
0,15,125
0,14,125
0,14,126
0,14,126
0,14,126
0,14,126
0,14,126
0,14,126
0,14,126
0,14,126
0,14,127
0,14,127
0,14,127
0,14,127
0,14,127
0,14,127
0,14,127
0,14,127
0,14,127
0,14,127
0,14,127
0,14,127
0,14,127
0,14,127
1,15,128
1,15,128
1,15,128
1,15,128
1,14,128
1,15,128
1,15,129
1,15,130
2,15,131
2,15,131
2,15,131
2,15,131
2,15,131
2,14,131
2,14,131
2,14,131
2,15,131
2,15,131
2,15,131
2,15,131
2,15,131
2,15,131
2,15,131
2,15,131
2,15,131
2,16,129
2,16,129
2,16,129
2,16,129
2,16,129
2,16,129
1,15,129
1,14,129
1,14,129
1,14,130
2,15,131
2,15,131
2,15,131
2,15,131
2,15,131
2,15,131
2,15,131
2,15,131
2,15,131
2,15,131
2,15,131
2,15,131
2,15,131
2,15,131
2,15,131
2,15,131
2,15,130
2,15,129
2,16,129
2,16,129
2,15,130
2,15,131
2,15,131
2,15,131
2,15,131
2,15,131
2,15,131
2,15,131
2,15,131
2,15,131
2,15,131
2,15,131
2,15,130
2,15,131
2,15,131
2,15,131
2,15,131
2,15,131
2,15,131
2,15,129
2,16,129
2,16,129
2,16,129
2,15,129
2,15,129
2,15,129
2,15,129
2,15,129
2,15,129
2,15,130
2,15,130
2,16,130
2,16,130
2,16,129
2,15,129
2,15,128
2,14,127
2,14,127
2,14,127
2,15,126
1,14,126
1,14,126
1,14,126
1,14,126
1,14,127
1,14,127
1,14,127
1,14,127
1,14,126
1,14,126
1,14,126
1,15,126
1,15,126
1,15,126
1,15,126
1,15,127
1,15,127
1,15,127
1,15,126
1,14,126
1,14,126
1,14,126
1,14,126
2,14,126
2,15,127
2,15,126
1,15,126
1,15,125
0,15,125
0,15,125
0,15,125
0,14,125
0,14,125
0,14,126
0,14,126
0,14,126
0,14,126
0,14,126
0,14,126
0,14,126
1,15,127
1,15,127
1,15,127
1,15,127
0,14,127
0,14,127
0,14,127
0,14,127
0,14,127
0,14,127
1,15,128
1,15,128
1,15,128
0,14,127
1,15,128
1,15,128
1,15,128
1,15,128
1,15,128
0,14,128
0,14,128
1,14,129
2,15,131
2,15,131
2,15,131
2,15,131
2,15,131
2,15,131
2,14,131
2,14,131
2,14,132
2,14,132
2,15,131
2,15,131
2,15,131
2,15,131
2,15,131
2,15,131
2,15,131
2,15,131
2,15,131
2,16,129
2,16,129
2,16,129
2,16,129
2,16,129
1,15,129
1,15,129
1,15,130
2,15,131
2,15,131
2,15,131
2,15,131
2,15,131
2,15,131
2,15,131
2,15,131
2,15,131
2,15,131
2,15,131
2,15,131
2,15,131
2,15,131
2,15,131
2,15,131
2,15,131
2,15,130
2,15,130
2,15,130
2,15,130
2,15,131
2,15,131
2,15,131
2,15,131
2,15,131
2,15,132
2,15,132
2,15,132
2,15,131
2,15,131
2,15,131
2,15,131
2,15,131
2,15,131
2,15,131
2,15,131
2,15,131
2,15,131
2,15,131
2,15,131
2,16,129
2,16,129
2,16,129
2,16,129
2,15,129
2,15,129
2,15,129
2,15,131
2,15,131
2,15,131
2,15,131
2,16,130
2,16,130
2,16,129
2,16,129
2,15,128
2,15,128
2,14,127
2,14,126
2,14,126
1,14,126
1,14,126
1,14,126
1,14,127
1,14,127
1,14,127
1,14,127
1,14,127
1,15,127
1,15,127
1,15,127
1,15,126
1,15,126
1,15,126
1,15,126
1,15,126
1,15,127
1,15,127
1,15,127
1,15,126
1,14,126
1,14,126
1,14,126
1,14,126
1,14,126
2,15,127
2,15,126
1,15,126
1,15,125
0,15,125
0,15,125
0,15,125
0,15,125
0,14,125
0,14,126
0,14,126
0,14,126
0,14,126
0,14,126
0,14,126
0,14,126
1,15,127
1,15,127
1,15,127
1,15,127
1,15,128
1,15,128
0,14,127
0,14,127
1,15,128
1,15,128
1,15,128
2,16,129
2,16,129
1,15,128
2,16,129
2,16,129
1,15,128
1,15,128
1,15,128
0,14,128
1,14,129
1,14,130
1,14,130
2,15,131
2,15,131
2,15,131
2,15,131
2,15,131
2,14,131
2,14,132
2,14,132
2,14,132
2,14,132
2,15,131
2,15,131
2,15,131
2,15,131
2,15,131
2,15,131
2,15,131
2,15,131
2,16,129
2,16,129
2,16,129
2,16,129
2,16,129
1,15,129
1,15,130
2,15,130
2,15,131
2,15,131
2,15,131
2,15,131
2,15,131
2,15,131
2,15,131
2,15,131
2,15,131
2,15,131
2,15,131
2,15,131
2,15,131
2,15,131
2,15,131
2,15,131
2,15,131
2,15,130
2,15,130
2,15,130
2,15,131
2,15,131
2,15,131
2,15,131
2,15,131
2,15,132
2,14,132
2,14,132
2,15,132
2,15,131
2,15,131
2,15,131
2,15,131
2,15,131
2,15,131
2,15,131
2,15,131
2,15,131
2,15,131
2,15,131
2,15,131
2,16,131
2,16,129
2,16,129
2,16,129
2,16,129
2,15,129
2,15,131
2,15,131
2,15,131
2,15,131
2,15,131
2,16,131
2,16,130
2,16,129
2,16,129
2,16,129
2,15,128
1,15,127
2,14,126
2,14,126
1,14,126
0,14,126
1,15,127
1,15,127
1,15,127
1,15,127
0,14,127
0,14,127
0,14,127
0,14,127
1,15,127
1,15,127
1,15,127
1,15,127
1,15,127
1,15,127
1,15,127
1,15,127
1,15,127
1,15,127
0,14,126
0,14,126
0,14,126
0,14,126
1,14,126
1,14,126
2,15,127
2,15,126
1,15,126
0,15,126
0,15,125
0,15,125
0,15,125
0,15,125
0,14,126
0,14,126
0,14,126
0,14,126
0,14,126
0,14,126
0,14,126
0,14,126
0,14,126
1,15,127
1,15,127
1,15,128
1,15,128
1,15,128
1,15,128
1,14,128
1,15,128
1,15,128
2,15,129
2,16,129
2,16,129
2,15,129
2,16,129
2,16,129
1,15,128
1,15,128
1,15,128
1,14,128
1,14,129
1,14,130
2,15,130
2,15,131
2,15,131
2,15,131
2,15,131
2,15,131
2,14,132
2,14,132
2,14,132
2,14,132
2,14,132
2,15,131
2,15,131
2,15,131
2,15,131
2,15,131
2,15,131
2,15,131
2,15,131
2,16,130
2,16,129
2,16,129
2,16,129
2,16,129
2,15,130
2,15,130
2,15,131
2,15,131
2,15,131
2,15,131
2,15,131
2,15,131
2,15,131
2,15,131
2,15,131
2,15,131
2,15,131
2,15,131
2,15,131
2,15,131
2,15,131
2,15,131
2,15,131
2,15,131
2,14,131
2,14,131
2,14,131
2,15,131
2,15,131
2,15,131
2,15,131
2,15,132
2,14,132
2,14,132
2,14,132
2,14,132
2,15,132
2,15,131
2,15,131
2,15,131
2,15,131
2,15,131
2,15,131
2,15,131
2,15,131
2,15,131
2,15,131
2,15,131
2,15,131
2,15,131
2,16,129
2,16,129
2,15,131
2,15,131
2,15,131
2,15,131
2,15,131
2,15,131
2,15,131
2,15,131
2,15,131
2,15,130
2,16,129
2,16,129
2,15,128
1,15,128
1,15,127
1,14,126
1,15,126
1,15,126
0,14,126
1,15,127
1,15,127
1,15,127
1,15,127
1,15,127
0,14,127
0,14,127
0,14,127
0,14,127
0,14,127
0,14,127
1,15,127
1,15,127
0,14,127
0,14,126
0,14,126
0,14,126
0,14,126
0,14,126
0,14,126
0,14,126
0,14,126
0,14,126
0,14,126
1,14,126
1,14,126
1,14,126
0,15,126
0,15,126
0,15,125
0,15,125
0,15,125
0,14,126
0,14,126
0,14,126
0,14,126
0,14,126
0,14,126
0,14,126
0,14,126
0,14,126
0,14,126
0,14,126
1,15,127
1,15,128
1,15,128
1,15,128
1,15,128
1,15,128
1,15,129
1,15,129
2,15,129
2,16,129
2,16,129
2,15,129
2,15,129
2,15,129
1,15,128
1,15,128
1,15,128
1,14,128
1,14,128
1,14,129
2,15,130
2,15,130
2,15,131
2,15,131
2,15,131
2,15,131
2,15,131
2,14,132
2,14,132
2,14,132
2,14,132
2,15,131
2,15,131
2,15,131
2,15,131
2,15,131
2,15,131
2,15,131
2,15,130
2,15,130
2,15,129
2,15,129
2,15,129
2,15,130
2,15,131
2,15,131
2,15,131
2,15,131
2,15,131
2,15,131
2,15,131
2,15,131
2,15,131
2,15,131
2,15,131
2,15,131
2,15,131
2,15,131
2,15,131
2,15,131
2,15,131
2,15,131
2,15,131
2,15,131
2,15,131
2,14,131
2,14,131
2,14,131
2,15,131
2,15,131
2,14,132
2,14,132
2,14,132
2,14,132
2,14,132
2,14,132
2,14,132
2,14,132
2,15,131
2,15,131
2,15,131
2,15,131
2,15,131
2,15,131
2,15,131
2,15,131
2,15,131
2,15,131
2,15,131
2,15,131
2,15,131
2,15,130
2,15,131
2,15,131
2,15,131
2,15,131
2,15,131
2,15,131
2,15,131
2,15,131
2,15,131
2,15,131
2,15,130
2,15,129
2,15,129
1,15,128
1,15,128
1,15,127
1,15,126
1,15,126
1,15,126
0,14,126
0,14,126
1,15,127
1,15,127
1,15,127
1,15,127
1,15,127
0,14,127
0,14,127
0,14,127
0,14,127
0,14,127
1,15,128
1,15,128
1,15,128
0,14,127
0,14,127
0,14,126
0,14,126
0,14,126
0,14,126
0,14,126
0,14,126
0,14,126
0,14,126
0,14,126
0,14,126
1,14,126
0,14,126
0,14,126
0,14,126
0,14,126
0,14,125
0,14,126
0,14,126
0,14,126
0,14,126
0,14,126
0,14,127
0,14,127
0,14,127
0,14,126
0,14,126
0,14,126
1,15,127
1,15,127
1,15,128
1,15,128
1,15,128
1,15,129
1,15,129
1,15,129
1,14,130
1,15,130
2,15,130
2,15,130
2,15,129
2,15,129
2,15,129
1,15,128
1,15,128
1,15,128
1,15,128
1,14,128
1,15,129
1,15,129
2,15,129
2,15,130
2,15,131
2,15,131
2,15,131
2,15,131
2,15,131
2,15,131
2,15,131
2,15,131
2,15,131
2,15,131
2,15,131
2,15,131
2,15,131
2,15,131
2,15,131
2,15,130
1,14,130
1,14,130
1,15,129
2,15,130
2,15,131
2,15,131
2,15,131
2,15,132
2,15,132
2,15,131
2,15,131
2,15,131
2,15,131
2,15,131
2,15,131
2,15,131
2,15,131
2,15,131
2,15,131
2,15,132
2,15,132
2,15,131
2,15,131
2,15,131
2,15,131
2,15,131
2,14,131
2,14,131
2,14,132
2,14,132
2,14,132
2,14,132
2,14,132
2,14,132
2,14,132
2,14,132
2,14,132
2,14,132
2,14,132
2,14,132
2,14,132
2,14,132
2,14,132
2,14,132
2,14,132
2,14,132
2,15,132
2,15,131
2,15,131
2,15,131
2,15,131
2,15,131
2,15,131
2,15,131
2,15,131
2,15,131
2,15,131
2,15,132
2,15,132
2,15,132
2,15,132
2,15,131
2,15,131
2,15,131
2,15,129
2,15,129
2,15,128
1,15,128
1,15,128
1,15,127
1,15,127
1,15,127
1,15,127
1,14,126
0,14,126
0,14,126
1,15,127
1,15,127
1,15,127
1,15,127
1,15,127
0,14,127
0,14,127
0,14,127
1,15,127
1,15,128
1,15,128
1,15,128
1,15,128
1,15,127
0,14,127
0,14,126
0,14,126
0,14,126
0,14,126
0,14,126
0,14,126
0,14,126
0,14,126
0,14,126
0,14,126
0,14,126
0,14,126
0,14,126
0,14,126
0,15,126
0,14,126
0,14,126
0,15,126
0,15,127
0,14,127
0,15,127
1,15,128
0,14,127
0,14,127
0,14,127
0,14,127
0,14,127
1,15,127
1,15,127
1,15,128
1,15,128
1,15,128
1,15,129
1,15,129
1,14,130
1,14,130
1,14,130
2,15,130
2,15,131
2,15,130
2,15,130
2,15,129
2,15,129
1,15,128
1,15,128
1,15,128
1,15,128
1,15,128
1,15,128
1,15,129
2,15,129
2,15,130
2,15,131
2,15,131
2,15,131
2,15,131
2,15,131
2,15,131
2,15,131
2,15,131
2,15,131
2,15,131
2,15,131
2,15,131
2,15,131
2,15,131
2,15,130
1,14,130
1,14,130
1,14,130
2,15,130
2,15,131
2,15,131
2,15,132
2,14,132
2,14,132
2,15,131
2,15,131
2,15,131
2,15,131
2,15,131
2,15,131
2,15,131
2,15,131
2,15,131
2,15,131
2,14,132
2,14,132
2,15,132
2,15,131
2,15,131
2,15,131
2,15,131
2,15,131
2,14,132
2,14,132
2,14,132
2,14,132
2,14,132
2,14,132
2,14,132
2,14,132
2,14,132
2,14,132
2,14,132
2,14,132
2,14,132
2,14,132
2,14,132
2,14,132
2,14,132
2,14,132
2,14,132
2,14,132
2,15,132
2,15,131
2,15,131
2,15,131
2,15,131
2,15,131
2,15,131
2,15,131
2,15,131
2,14,132
2,15,132
2,15,132
3,15,132
3,15,132
3,15,132
2,15,131
2,15,131
2,15,131
2,15,129
2,15,129
2,15,128
1,15,128
1,15,128
1,15,127
1,15,127
1,15,127
0,14,127
1,14,125
1,14,126
0,14,126
0,14,126
0,14,127
1,15,127
1,15,127
1,15,127
0,14,127
0,14,127
0,14,127
0,14,127
1,15,128
1,15,128
1,15,128
1,15,128
1,15,128
1,15,128
0,14,127
0,14,127
0,14,126
0,14,126
0,14,126
0,14,126
0,14,126
0,14,126
0,14,126
0,14,126
0,14,126
0,14,126
0,14,126
0,14,126
0,14,126
0,14,127
0,14,126
0,14,126
1,15,127
1,15,127
0,14,127
1,15,127
1,15,128
1,15,128
1,15,127
1,15,127
1,15,127
1,15,127
1,15,127
1,15,128
1,15,128
1,15,128
1,15,129
1,15,129
1,14,130
1,14,130
1,14,130
1,14,130
1,14,130
2,15,131
2,15,131
2,15,131
2,15,130
2,15,129
1,15,128
1,15,128
1,15,128
1,15,128
1,15,128
1,15,128
1,15,128
2,15,129
2,15,129
2,15,131
2,15,131
2,15,131
2,15,131
2,15,131
2,15,131
2,15,131
2,15,131
2,15,131
2,15,131
2,15,131
2,15,131
2,15,131
2,15,131
2,15,131
1,14,130
1,14,130
1,14,130
2,15,131
2,15,131
2,15,131
2,14,132
2,14,132
2,14,132
2,14,132
2,15,131
2,15,131
2,15,131
2,15,131
2,15,131
2,15,131
2,15,131
2,15,131
2,14,132
2,14,132
2,14,132
2,14,132
2,15,131
2,15,131
2,15,131
2,15,131
2,14,132
2,14,132
2,14,132
2,14,132
2,14,132
2,14,132
2,14,132
2,14,132
2,14,132
2,14,132
2,14,132
2,14,132
2,14,132
2,14,132
2,14,132
2,14,132
2,14,132
2,14,132
2,14,132
2,14,132
2,14,132
2,14,132
2,15,132
2,15,131
2,15,131
2,15,131
2,15,131
2,15,131
2,15,132
2,14,132
2,14,132
2,14,132
3,15,133
3,15,133
3,15,133
3,15,133
2,15,131
2,15,131
2,15,131
2,15,131
2,15,129
2,15,129
1,15,128
1,15,128
1,15,128
1,15,128
0,14,127
0,14,127
0,14,127
1,14,125
0,14,126
0,14,126
0,14,126
0,14,127
1,15,127
1,15,127
0,14,127
0,14,127
0,14,127
0,14,127
1,15,127
1,15,128
1,15,128
1,15,128
1,15,128
1,15,128
0,14,127
0,14,127
0,14,127
0,14,126
0,14,126
0,14,126
0,14,126
0,14,126
0,14,126
0,14,126
0,14,126
0,14,126
0,14,127
0,14,127
0,14,127
1,15,127
1,15,127
0,14,127
0,14,127
0,14,127
0,14,127
0,14,127
1,15,127
1,15,128
1,15,128
1,15,127
1,15,127
1,15,127
1,15,127
1,15,128
1,15,128
1,15,128
1,15,128
1,15,129
1,15,130
1,15,130
1,14,130
1,14,130
1,14,130
1,14,130
2,15,131
2,15,131
2,15,131
2,15,131
2,15,129
2,15,129
2,16,129
2,16,129
1,15,128
1,15,128
1,15,128
1,15,128
1,15,128
2,15,131
2,15,131
2,15,131
2,15,131
2,15,131
2,15,131
2,15,131
2,15,131
2,15,131
2,15,131
2,15,131
2,15,131
2,15,131
2,15,131
2,15,131
2,15,131
2,15,131
2,15,131
2,15,131
2,15,131
2,15,131
2,15,131
2,14,132
2,14,132
2,14,132
2,15,131
2,15,131
2,15,131
2,15,131
2,15,131
2,15,131
2,15,131
2,15,131
2,15,131
2,15,131
2,14,132
2,14,132
2,14,132
2,15,131
2,15,131
2,15,131
2,15,131
2,14,132
2,14,132
2,14,132
2,14,132
2,14,132
2,14,132
2,14,132
2,14,132
2,14,132
2,14,132
2,14,132
2,14,132
2,14,132
2,14,132
2,14,132
2,14,132
2,14,132
2,14,132
2,14,132
2,14,132
2,14,132
2,14,132
2,14,132
2,14,132
2,15,131
2,15,131
2,15,131
2,15,132
2,14,132
2,14,132
2,14,132
2,14,132
3,15,133
3,15,133
3,15,133
3,15,133
2,15,132
2,15,131
2,15,131
2,15,131
2,15,131
2,15,129
2,15,129
2,15,128
1,15,128
1,15,128
0,14,127
0,14,127
0,14,127
1,14,124
1,14,125
0,14,126
0,14,126
0,14,126
0,14,127
0,14,127
0,14,127
0,14,127
0,14,127
0,14,127
0,14,127
1,15,128
1,15,128
1,15,128
1,15,128
1,15,128
1,15,128
0,14,127
0,14,127
0,14,127
0,14,127
0,14,126
0,14,126
0,14,126
0,14,126
0,14,126
0,14,126
0,14,126
0,14,127
1,14,127
1,15,127
1,15,127
1,15,128
1,15,128
1,15,128
0,14,127
1,15,127
0,14,127
0,14,127
0,14,127
1,15,127
1,15,127
1,15,127
1,15,128
1,15,128
1,15,128
1,15,128
1,15,128
1,15,128
1,15,129
2,15,129
2,15,130
2,15,131
2,15,131
2,15,131
2,15,131
2,15,131
2,15,131
2,15,131
2,15,131
2,15,131
2,15,131
2,16,129
2,16,129
2,16,129
2,16,129
1,15,128
1,15,128
1,15,128
1,15,128
2,15,131
2,15,131
2,15,131
2,15,131
2,15,131
2,15,131
2,15,131
2,15,131
2,15,131
2,15,131
2,15,131
2,15,131
2,15,131
2,15,131
2,15,131
2,15,131
2,15,131
2,14,131
2,15,131
2,15,131
2,15,131
2,15,131
2,15,131
2,14,132
2,15,131
2,15,131
2,15,131
2,15,131
2,15,131
2,15,131
2,15,131
2,15,131
2,15,131
2,15,131
2,15,131
2,15,131
2,15,131
2,15,131
2,15,131
2,15,131
2,15,131
2,15,131
2,14,132
2,14,132
2,14,132
2,14,132
2,14,132
2,14,132
2,14,132
2,14,132
2,14,132
2,14,132
2,14,132
2,14,132
2,14,132
2,14,132
2,14,132
2,14,132
2,14,132
2,14,132
2,14,132
2,14,132
2,14,132
2,14,132
2,14,132
2,14,132
2,14,132
2,14,132
2,14,132
2,14,132
2,14,132
2,14,132
2,14,132
2,14,132
2,14,132
3,15,133
3,15,133
2,15,132
2,15,132
2,15,131
2,15,131
2,15,131
2,15,131
2,15,129
2,15,129
2,15,129
1,15,128
0,14,127
0,14,127
0,14,127
0,14,127
1,15,127
1,14,124
1,14,124
0,14,124
0,14,125
0,14,126
0,14,126
0,14,127
0,14,127
0,14,127
0,14,127
0,14,127
0,14,127
0,14,127
1,15,128
1,15,128
1,15,128
1,15,128
1,15,128
1,15,128
1,15,128
0,14,127
0,14,127
0,14,127
0,14,127
0,14,126
0,14,126
0,14,126
0,14,126
0,14,126
0,14,126
0,14,127
1,14,127
1,15,128
1,15,128
1,15,128
1,15,128
1,15,128
1,15,128
1,15,127
0,14,127
0,14,127
0,14,127
1,15,127
1,15,127
1,15,127
1,15,127
1,15,128
1,15,128
1,15,128
2,16,128
2,15,129
2,15,129
2,15,130
2,15,130
2,15,131
2,15,131
2,15,131
2,15,131
2,15,131
2,15,131
2,15,131
2,15,131
2,16,131
2,16,131
2,16,130
2,16,129
2,16,129
2,16,129
2,16,129
2,16,129
2,15,129
2,15,129
2,15,131
2,15,131
2,15,131
2,15,131
2,15,131
2,15,131
2,15,131
2,15,131
2,15,131
2,15,131
2,15,131
2,15,131
2,15,131
2,15,131
2,15,131
2,15,131
2,14,131
2,14,131
2,14,131
2,15,131
2,15,131
2,15,131
2,15,131
2,15,131
2,15,131
2,15,131
2,15,131
2,15,131
2,15,131
2,15,131
2,15,131
2,15,131
2,15,131
2,15,131
2,15,131
2,15,131
2,15,131
2,15,131
2,15,131
2,15,131
2,15,131
2,15,131
2,14,132
2,14,132
2,14,132
2,14,132
2,14,132
2,14,132
2,14,132
2,14,132
2,14,132
2,14,132
2,14,132
2,14,132
2,14,132
2,14,132
2,14,132
2,14,132
2,14,132
2,14,132
2,14,132
2,14,132
2,14,132
2,14,132
2,14,132
2,14,132
2,14,132
2,14,132
2,14,132
2,14,132
2,14,132
2,14,132
2,14,132
2,14,132
2,14,132
2,14,132
2,14,132
2,14,132
2,14,132
2,15,132
2,15,131
2,15,131
2,15,131
2,15,131
2,15,129
2,15,129
1,15,128
0,14,127
0,14,126
0,14,126
0,14,127
1,15,127
1,15,127
1,14,124
1,14,124
0,14,124
0,14,124
0,14,125
0,14,126
0,14,127
0,14,127
0,14,127
0,14,127
0,14,127
0,14,127
0,14,127
1,15,128
1,15,128
1,15,128
1,15,128
1,15,128
1,15,128
1,15,128
0,14,127
0,14,127
0,14,127
0,14,127
0,14,127
1,15,127
0,14,127
0,14,126
0,14,127
0,14,127
1,14,128
1,14,128
1,15,129
1,15,129
2,15,129
2,15,129
1,15,128
1,15,128
1,15,128
1,15,127
0,14,127
0,14,127
0,14,126
0,14,126
1,15,127
1,15,127
1,15,127
1,15,128
1,15,128
1,15,128
2,15,129
2,15,129
2,15,130
2,15,131
2,15,131
2,15,131
2,15,131
2,15,131
2,15,131
2,15,131
2,15,131
2,15,131
2,15,131
2,15,131
2,15,131
2,16,129
2,16,129
2,16,129
2,16,129
2,16,129
2,15,129
2,15,130
2,15,131
2,15,131
2,15,131
2,15,131
2,15,131
2,15,131
2,15,131
2,15,131
2,14,132
2,14,132
2,14,132
2,14,132
2,14,132
2,14,132
2,14,132
2,14,132
2,14,132
2,14,132
2,14,132
2,14,132
2,14,132
2,15,132
2,15,131
2,15,131
2,15,131
2,15,131
2,15,131
2,15,131
2,15,131
2,15,131
2,15,131
2,15,131
2,15,131
2,15,131
2,15,131
2,15,131
2,15,131
2,15,131
2,15,131
2,15,131
2,15,131
2,15,131
2,14,132
2,14,132
2,14,132
2,14,132
2,14,132
2,14,132
2,14,132
2,14,132
2,14,132
2,14,132
2,14,132
2,14,132
2,14,132
2,14,132
2,14,132
2,14,132
2,14,132
2,14,132
2,14,132
2,14,132
2,14,132
2,14,132
2,14,132
2,14,132
2,14,132
2,14,132
2,14,132
2,14,132
2,14,132
2,14,132
2,14,132
2,14,132
2,14,132
2,14,132
2,14,132
2,14,132
2,14,132
2,14,132
2,14,131
2,15,131
2,15,131
2,15,131
2,15,131
2,15,129
1,15,128
1,15,127
0,14,127
1,15,127
1,15,127
1,15,127
1,15,127
1,14,124
1,14,124
1,14,124
0,14,124
0,14,124
0,14,125
0,14,126
0,14,127
0,14,127
0,14,127
0,14,127
0,14,127
0,14,127
0,14,127
0,14,127
1,15,128
1,15,128
1,15,128
1,15,128
1,15,128
1,15,128
0,14,127
0,14,127
0,14,127
0,14,127
1,15,127
1,15,127
1,15,127
1,15,127
1,14,127
1,14,128
1,14,128
1,14,129
1,15,129
2,15,129
2,15,129
2,15,129
2,15,129
1,15,128
1,15,128
1,15,127
0,14,127
0,14,127
0,14,127
0,14,126
0,14,127
0,14,127
1,15,127
1,15,128
1,15,128
2,15,129
2,15,129
2,15,130
2,15,131
2,15,131
2,15,131
2,15,131
2,15,131
2,15,131
2,15,131
2,15,131
2,15,131
2,15,131
2,15,131
2,15,131
2,15,131
2,15,130
2,16,129
2,16,129
2,16,129
2,16,129
2,15,129
2,15,131
2,15,131
2,15,131
2,15,131
2,15,131
2,15,131
2,15,131
2,15,131
2,14,132
2,14,132
2,14,132
2,14,132
2,14,132
2,14,132
2,14,132
2,14,132
2,14,132
2,14,132
2,14,132
2,14,132
2,14,132
2,14,132
2,14,132
2,15,131
2,15,131
2,15,131
2,15,131
2,15,131
2,15,131
2,15,131
2,15,131
2,15,131
2,15,131
2,15,131
2,15,131
2,15,131
2,15,131
2,15,131
2,15,131
2,15,131
2,15,131
2,15,131
2,15,131
2,14,132
2,14,132
2,14,132
2,14,132
2,14,132
2,14,132
2,14,132
2,14,132
2,14,132
2,14,132
2,14,132
2,14,132
2,14,132
2,14,132
2,14,132
2,14,132
2,14,132
2,14,132
2,14,132
2,14,132
2,14,132
2,14,132
2,14,132
2,14,132
2,14,132
2,14,132
2,14,132
2,14,132
2,14,132
2,14,132
2,14,132
2,14,132
2,14,132
2,14,132
2,14,132
2,14,132
2,14,132
2,14,132
2,14,132
2,15,131
2,15,131
2,15,131
2,15,131
2,15,129
1,15,128
1,15,127
1,15,127
1,15,127
1,15,127
1,15,127
1,15,127
1,15,127
1,14,124
1,14,124
1,14,124
1,14,124
0,14,124
0,14,124
0,14,126
0,14,126
0,14,127
0,14,127
0,14,127
0,14,127
0,14,127
0,14,127
0,14,127
0,14,127
0,14,127
0,14,127
0,14,127
1,15,128
1,15,128
1,15,128
0,14,127
0,14,127
0,14,127
0,14,127
1,15,127
1,15,128
1,15,128
1,15,128
1,15,128
1,14,129
1,14,129
1,14,129
1,15,130
2,15,130
2,15,129
2,15,129
2,15,129
1,15,128
1,15,128
1,15,128
1,15,127
0,14,127
0,14,127
0,14,127
0,14,127
0,14,127
0,14,127
1,15,128
1,15,128
1,15,129
2,15,129
2,15,130
2,15,131
2,15,131
2,15,131
2,15,131
2,15,131
2,15,131
2,15,131
2,15,131
2,15,131
2,15,131
2,15,131
2,15,131
2,15,131
2,15,131
2,15,129
2,15,129
2,15,129
2,15,129
2,15,129
2,15,131
2,15,131
2,15,131
2,15,131
2,15,131
2,15,131
2,14,131
2,14,132
2,14,132
2,14,132
2,14,132
2,14,132
2,14,132
2,14,132
2,14,132
2,14,132
2,14,132
2,14,132
2,14,132
2,14,132
2,14,132
2,14,132
2,14,132
2,15,131
2,15,131
2,15,131
2,15,131
2,15,131
2,15,131
2,15,131
2,15,131
2,15,131
2,15,131
2,15,131
2,15,131
2,15,131
2,15,131
2,15,131
2,15,131
2,15,131
2,15,131
2,15,131
2,15,131
2,14,132
2,14,132
2,14,132
2,14,132
2,14,132
2,14,132
2,14,132
2,14,132
2,14,132
2,14,132
2,14,132
2,14,132
2,14,132
2,14,132
2,14,132
2,14,132
2,14,132
2,14,132
2,14,132
2,14,132
2,14,132
2,14,132
2,14,132
2,14,132
2,14,132
2,14,132
2,14,132
2,14,132
2,14,132
2,14,132
2,14,132
2,14,132
2,14,132
2,14,132
2,14,132
2,14,132
2,14,132
2,14,132
2,14,132
2,14,131
2,15,131
2,15,131
2,15,131
2,15,131
1,15,128
1,15,128
1,15,127
1,15,127
1,15,127
1,15,127
1,15,127
1,15,127
1,15,127
1,14,124
1,14,124
1,14,124
1,14,124
0,14,124
0,14,125
0,14,126
0,14,126
0,14,127
0,14,127
0,14,127
0,14,127
0,14,127
0,14,127
0,14,127
0,14,127
0,14,127
0,14,127
0,14,127
0,14,127
0,14,127
0,14,127
0,14,127
0,14,127
0,14,127
0,14,127
0,14,127
1,15,128
1,15,128
1,15,128
1,15,129
1,15,129
1,14,129
1,14,130
2,15,130
2,15,131
2,15,130
2,15,129
1,15,129
1,15,128
1,15,128
1,15,128
1,15,128
1,15,128
1,15,127
0,14,127
0,14,127
0,14,127
0,14,127
1,15,127
1,15,128
1,15,129
2,15,129
2,15,130
2,15,131
2,15,131
2,15,131
2,15,131
2,15,131
2,15,131
2,15,131
2,15,130
2,15,131
2,15,131
2,16,131
2,15,131
2,15,131
2,15,131
2,15,130
1,15,129
1,15,129
2,15,129
2,15,131
2,15,131
2,15,131
2,15,131
2,15,131
2,15,131
2,15,131
2,14,131
2,14,132
2,14,132
2,14,132
2,14,132
2,14,132
2,14,132
2,14,132
2,14,132
2,14,132
2,14,132
2,14,132
2,14,132
2,14,132
2,14,132
2,14,132
2,14,132
2,15,131
2,15,131
2,15,131
2,15,131
2,15,131
2,15,131
2,15,131
2,15,131
2,15,131
2,15,131
2,15,131
2,15,131
2,15,131
2,15,131
2,15,131
2,15,131
2,15,131
2,15,131
2,15,131
2,15,131
2,14,132
2,14,132
2,14,132
2,14,132
2,14,132
2,14,132
2,14,132
2,14,132
2,14,132
2,14,132
2,14,132
2,14,132
2,14,132
2,14,132
2,14,132
2,14,132
2,14,132
2,14,132
2,14,132
2,14,132
2,14,132
2,14,132
2,14,132
2,14,132
2,14,132
2,14,132
2,14,132
2,14,132
2,14,132
2,14,132
2,14,132
2,14,132
2,14,132
2,14,132
2,14,132
2,14,132
2,14,132
2,14,132
2,14,132
2,14,132
2,15,131
2,15,131
2,15,131
2,15,131
1,15,130
1,15,128
1,14,127
1,15,127
1,15,127
1,15,127
1,15,127
1,15,127
1,15,127
1,14,124
1,14,124
1,14,124
1,14,124
1,14,125
0,14,126
0,14,126
0,14,126
0,14,126
0,14,127
0,14,127
0,14,127
0,14,127
0,14,127
0,14,127
0,14,127
0,14,127
0,14,127
0,14,127
0,14,127
0,14,127
0,14,127
0,14,127
0,14,127
0,14,127
0,14,127
0,14,127
0,14,127
1,15,128
1,15,128
1,15,128
1,15,129
1,15,129
1,15,129
1,15,130
2,15,130
2,15,131
2,15,130
2,15,130
1,15,129
1,15,128
1,15,128
1,15,128
1,15,128
1,15,128
1,15,128
1,15,128
0,14,127
1,15,128
1,15,128
1,15,128
1,15,129
1,15,129
1,15,130
2,15,131
2,15,131
2,15,131
2,15,131
2,15,131
2,15,131
2,15,131
2,15,130
2,15,130
2,15,130
2,15,131
2,15,131
2,15,131
2,15,131
2,15,131
1,15,130
1,15,130
1,15,130
2,15,130
2,15,131
2,15,131
2,15,131
2,15,131
2,15,131
2,15,131
2,15,131
2,14,131
2,14,132
2,14,132
2,14,132
2,14,132
2,14,132
2,14,132
2,14,132
2,14,132
2,14,132
2,14,132
2,14,132
2,14,132
2,14,132
2,14,132
2,14,132
2,15,131
2,15,131
2,15,131
2,15,131
2,15,131
2,15,131
2,14,132
2,14,132
2,14,132
2,14,132
2,14,132
2,14,132
2,15,131
2,15,131
2,15,131
2,15,131
2,15,131
2,15,131
2,15,131
2,15,131
2,15,131
2,14,132
2,14,132
2,14,132
2,14,132
2,14,132
2,14,132
2,14,132
2,14,132
2,14,132
2,14,132
2,14,132
2,14,132
2,14,132
2,14,132
2,14,132
2,14,132
2,14,132
2,14,132
2,14,132
2,14,132
2,14,132
2,14,133
2,14,133
2,14,132
2,14,132
2,14,132
2,14,132
2,14,132
2,14,132
2,14,134
2,14,134
2,14,134
2,14,134
2,13,134
2,13,134
2,14,133
2,14,132
2,14,132
2,14,132
2,14,132
2,15,131
2,15,131
2,15,131
2,15,131
1,15,131
1,15,130
1,15,128
1,15,128
1,15,127
1,15,127
1,15,127
1,15,127
1,15,127
1,15,127
1,14,124
1,14,124
1,14,124
1,14,125
1,14,126
1,14,126
0,14,126
0,14,126
0,14,126
0,14,126
0,14,126
0,14,127
1,15,127
1,15,127
1,14,127
0,14,126
0,14,126
0,14,127
0,14,127
0,14,127
0,14,127
0,14,127
0,14,127
0,14,127
1,15,128
0,14,127
0,14,127
0,14,127
0,14,127
1,15,128
1,15,128
1,15,128
2,16,129
1,15,129
1,15,129
2,15,129
2,15,130
2,15,130
2,15,130
1,15,129
1,15,129
1,15,128
1,15,128
1,15,128
1,15,128
1,15,128
1,15,128
1,15,128
1,15,128
1,15,128
2,15,129
2,15,129
2,15,129
2,15,130
2,15,131
2,15,131
2,15,131
2,15,131
2,15,131
2,15,131
1,14,130
1,14,130
1,14,130
2,15,130
2,15,130
2,15,131
2,15,130
2,15,131
2,15,131
1,15,130
1,14,130
1,14,130
1,15,130
2,15,131
2,15,131
2,15,131
2,15,131
2,15,131
2,15,131
2,15,131
2,15,131
2,14,131
2,14,131
2,14,132
2,14,132
2,14,132
2,14,132
2,14,132
2,14,132
2,14,132
2,14,132
2,14,132
2,14,132
2,14,132
2,14,132
2,14,132
2,15,131
2,15,131
2,15,131
2,15,131
2,15,131
2,15,131
2,14,132
2,14,132
2,14,132
2,14,132
2,14,132
2,14,132
2,14,132
2,14,132
2,15,131
2,15,131
2,15,131
2,15,131
2,15,131
2,15,131
2,15,131
2,15,131
2,14,132
2,14,132
2,14,132
2,14,132
2,14,132
2,14,132
2,14,132
2,14,132
2,14,132
2,14,132
2,14,132
2,14,132
2,14,132
2,14,132
2,14,132
2,14,132
2,14,132
2,14,132
2,14,132
2,14,132
2,14,132
2,14,133
3,14,133
2,14,133
2,14,133
2,14,132
2,14,132
2,14,134
2,14,134
2,14,134
2,14,134
2,14,134
2,14,134
2,13,134
2,13,134
2,13,134
2,14,132
2,14,132
2,14,132
2,14,132
2,14,132
2,15,131
2,15,131
2,15,131
2,15,131
1,15,130
1,14,130
1,14,128
1,14,128
1,15,128
1,15,128
1,15,128
1,16,128
1,15,127
1,15,127
1,14,124
1,14,124
1,14,124
1,14,126
1,14,126
0,14,126
0,14,126
0,14,126
0,14,126
0,14,126
0,14,126
1,15,127
1,15,127
1,15,127
1,15,127
1,14,126
0,14,126
0,14,126
0,14,127
0,14,127
0,14,127
0,14,127
0,14,127
1,15,128
1,15,128
0,14,127
0,14,127
1,15,128
1,15,128
1,15,128
2,16,129
2,16,129
2,16,129
1,15,129
1,15,128
1,15,129
2,15,129
2,15,129
2,15,129
1,15,129
1,15,129
1,15,130
1,15,130
2,15,130
2,15,131
2,15,131
2,15,131
2,15,131
2,15,130
2,15,129
2,15,129
2,15,129
2,15,130
2,15,130
2,15,131
2,15,131
2,15,131
2,15,131
2,15,131
2,15,131
2,15,131
2,15,131
2,15,130
2,15,130
2,15,130
2,15,130
2,15,130
2,15,130
1,14,130
1,14,130
1,14,130
1,14,130
1,14,130
2,15,131
2,15,131
2,15,131
2,15,131
2,15,131
2,15,131
2,14,131
2,14,131
2,14,131
2,14,131
2,14,131
2,15,131
2,15,131
2,15,131
2,15,131
2,15,131
2,15,131
2,15,131
2,15,131
2,15,131
2,15,131
2,15,131
2,15,131
2,15,131
2,15,131
2,15,131
2,15,131
2,15,131
2,15,132
2,14,132
2,14,132
2,14,133
2,14,133
2,14,132
2,14,132
2,14,132
2,14,132
2,14,132
2,15,131
2,15,131
2,15,131
2,15,131
2,15,131
2,15,131
2,15,131
2,14,132
2,14,132
2,14,132
2,14,132
2,14,132
2,14,132
2,14,132
2,14,132
2,14,132
2,14,132
2,14,132
2,14,132
2,14,132
2,14,132
2,14,132
2,14,132
2,14,132
2,14,132
2,14,132
2,14,132
2,14,132
2,14,133
2,14,133
2,14,133
3,14,134
3,14,134
3,14,135
3,14,135
3,14,135
3,14,135
3,14,135
3,14,135
3,14,135
2,13,134
2,13,134
2,13,134
2,13,134
2,14,132
2,14,132
2,14,132
2,14,132
2,15,131
2,15,131
2,15,131
2,15,131
2,14,131
1,14,130
1,14,130
1,15,129
1,15,129
2,15,129
2,16,128
2,16,128
1,15,127
1,15,127
1,14,124
1,14,124
1,14,124
1,14,125
1,14,126
0,14,126
0,14,126
0,14,126
0,14,126
0,14,126
0,14,126
0,14,126
1,15,127
1,15,127
1,15,127
1,14,126
1,14,126
0,14,126
0,14,126
0,14,127
0,14,127
0,14,127
0,14,127
1,15,128
1,15,128
1,15,128
1,15,128
1,15,128
1,15,128
1,15,128
2,16,129
2,16,129
1,15,128
1,15,128
1,15,128
1,15,128
1,15,128
2,15,129
2,15,129
2,15,129
1,15,129
1,15,130
1,15,130
2,15,131
2,15,131
2,15,131
2,15,131
2,15,131
2,15,131
2,15,131
2,15,130
2,15,130
2,15,130
2,15,130
2,15,130
2,15,131
2,15,131
2,15,131
2,15,131
2,15,131
2,15,131
2,15,131
2,15,131
2,15,130
2,15,130
2,15,130
2,15,130
2,15,130
2,15,130
1,14,130
1,14,130
1,14,130
2,15,131
2,15,131
2,15,131
2,15,131
2,15,131
2,15,131
2,15,131
2,15,131
2,14,131
2,14,131
2,14,131
2,14,131
2,15,131
2,15,131
2,15,131
2,15,131
2,15,131
2,15,131
2,15,131
2,15,131
2,15,131
2,15,131
2,15,131
2,15,131
2,15,131
2,15,131
2,15,131
2,15,131
2,14,131
2,14,132
2,14,132
2,14,132
3,14,133
3,14,133
3,14,134
2,14,134
2,14,132
2,14,132
2,14,132
2,14,132
2,14,132
2,15,131
2,15,131
2,15,131
2,15,131
2,15,131
2,15,131
2,14,132
2,14,132
2,14,132
2,14,132
2,14,132
2,14,132
2,14,132
2,14,132
2,14,132
2,14,132
2,14,132
2,14,132
2,14,132
2,14,132
2,14,132
2,14,132
2,14,132
2,14,132
2,14,132
2,14,132
2,14,132
2,14,132
2,14,133
2,14,134
3,14,135
3,14,135
3,14,135
3,14,135
3,14,135
3,14,135
3,14,135
3,14,135
3,14,135
2,13,134
2,13,134
2,13,134
2,13,134
2,14,132
2,14,132
2,14,132
2,14,132
2,14,132
2,14,131
2,14,131
2,14,131
2,14,131
2,14,131
2,14,131
2,15,130
2,15,130
2,15,129
2,16,129
2,16,128
1,15,127
1,15,127
1,15,127
1,14,124
1,14,124
1,14,124
1,14,126
1,14,126
0,14,126
0,14,126
0,14,126
0,14,126
0,14,126
0,14,126
0,14,126
1,15,127
1,15,127
1,15,127
1,15,127
1,14,126
1,14,126
0,14,126
0,14,127
0,14,127
0,14,127
0,14,127
1,15,128
1,15,128
1,15,128
1,15,128
1,15,128
1,15,128
2,16,129
2,16,129
2,16,129
1,15,128
1,15,128
0,14,127
0,14,127
0,14,128
1,15,128
1,15,129
1,15,129
1,15,129
1,15,130
2,15,130
2,15,131
2,15,131
2,15,131
2,15,131
2,15,131
2,15,131
2,15,131
2,15,131
2,15,130
2,15,130
2,15,130
2,15,131
2,15,131
2,15,131
2,15,131
2,15,131
2,15,131
2,15,131
2,15,131
2,15,131
2,15,130
2,15,130
2,15,130
1,15,130
1,15,130
1,15,130
1,14,130
1,14,130
2,15,131
2,15,131
2,15,131
2,15,131
2,15,131
2,15,131
2,15,131
2,15,131
2,15,131
2,14,131
2,14,131
2,14,131
2,15,131
2,15,131
2,15,131
2,15,131
2,15,131
2,15,131
2,15,131
2,15,131
2,15,131
2,15,131
2,15,131
2,15,131
2,15,131
2,15,131
2,15,131
2,15,131
2,15,131
2,14,131
2,15,132
2,15,132
2,14,132
3,14,133
3,14,134
3,14,134
2,14,134
2,14,134
2,14,134
2,14,132
2,14,132
2,14,132
2,15,132
2,15,131
2,15,131
2,15,131
2,15,131
2,14,132
2,14,132
2,14,132
2,14,132
2,14,132
2,14,132
2,14,132
2,14,132
2,14,132
2,14,132
2,14,132
2,14,132
2,14,132
2,14,132
2,14,132
2,14,133
3,14,133
3,15,133
3,14,133
2,14,132
2,14,132
2,14,132
2,14,134
2,14,134
3,14,135
3,14,135
3,14,135
3,14,135
3,14,135
3,14,135
3,14,135
3,14,135
3,14,135
3,14,135
3,14,135
2,14,134
2,13,134
2,14,134
2,14,132
2,14,132
2,14,132
2,14,132
2,14,132
2,14,132
2,14,132
2,14,132
2,14,132
2,14,132
2,14,132
2,15,131
2,15,131
2,15,130
2,15,129
2,16,129
1,15,128
1,15,127
1,15,127
1,14,124
1,14,124
1,14,124
1,14,124
0,14,126
0,14,126
0,14,126
0,14,126
0,14,126
0,14,126
0,14,126
0,14,126
0,14,126
0,14,126
0,14,126
0,14,126
1,14,126
0,14,126
0,14,126
0,14,126
0,14,126
0,14,127
0,14,127
1,15,127
1,15,128
1,15,128
1,15,128
1,15,128
1,15,128
2,15,129
2,16,130
2,16,129
2,16,129
2,16,129
1,15,128
0,14,127
0,14,127
0,14,128
0,14,128
1,14,129
1,15,129
1,15,129
1,15,130
2,15,131
2,15,131
2,15,131
2,15,131
2,15,131
2,15,131
2,15,131
2,15,131
2,15,131
2,15,131
2,15,131
2,15,131
2,15,131
2,15,131
2,14,131
2,14,131
2,14,131
2,14,131
2,14,131
2,15,131
2,15,131
2,15,130
1,15,130
1,15,130
1,15,130
1,15,130
1,14,130
1,14,130
1,14,130
2,15,131
2,15,131
2,15,131
2,15,131
2,15,131
2,15,131
2,15,131
2,15,131
2,15,131
2,14,131
2,14,131
2,14,131
2,15,131
2,15,131
2,15,131
2,15,131
2,15,131
2,15,131
2,15,131
2,15,131
2,15,131
2,15,131
2,15,131
2,15,131
2,15,131
2,15,131
2,15,131
1,15,130
1,14,130
2,15,131
2,15,132
2,15,132
3,15,132
3,14,133
3,14,133
3,14,134
2,14,134
2,14,134
2,14,134
2,14,133
2,14,132
2,14,132
2,14,132
2,15,132
2,15,131
2,15,131
2,14,132
2,14,132
2,14,132
2,14,132
2,14,132
2,14,132
2,14,132
2,14,132
2,14,132
2,14,132
2,14,132
2,14,132
2,14,132
2,14,132
2,14,132
2,14,133
3,14,133
3,15,133
3,15,133
3,15,133
3,14,133
2,14,132
2,14,134
2,14,134
3,14,135
3,14,135
3,14,135
3,14,135
3,14,135
3,14,136
3,14,136
3,14,135
3,14,135
3,14,135
3,14,135
3,14,135
3,14,134
2,14,134
2,14,132
2,14,132
2,14,132
2,14,132
2,14,132
2,14,132
2,14,132
2,14,132
2,14,132
2,14,132
2,14,132
2,14,132
2,15,132
2,15,131
2,15,131
2,15,130
2,15,129
1,15,128
1,15,128
1,15,127
1,15,127
1,14,124
1,14,124
1,14,124
0,14,125
0,14,126
0,14,126
0,14,126
0,14,126
0,14,126
0,14,126
0,14,126
0,14,126
0,14,126
0,14,126
0,14,126
0,14,126
0,14,126
0,14,126
0,14,126
0,14,126
0,14,126
0,14,126
0,14,127
1,15,127
1,15,128
1,15,128
2,15,129
2,16,129
2,16,129
2,16,129
2,16,130
2,16,129
2,16,129
2,16,129
1,15,128
0,14,127
0,14,127
0,14,127
0,14,128
0,14,128
0,14,129
1,14,129
1,15,129
2,15,130
2,15,131
2,15,131
2,15,131
2,15,131
2,15,131
2,15,131
2,15,131
2,15,131
2,15,131
2,15,131
2,15,131
2,15,131
2,14,131
2,14,131
2,14,131
2,14,131
2,14,131
2,15,131
2,15,131
2,15,131
2,15,130
1,15,130
1,15,130
1,14,130
1,15,130
1,15,130
1,14,130
1,14,130
2,15,131
2,15,131
2,15,131
2,15,131
2,15,131
2,15,131
2,15,131
2,15,131
2,15,131
2,14,131
2,14,131
2,14,131
1,14,131
2,15,131
2,15,131
2,15,131
2,15,131
2,15,131
2,15,131
2,15,131
2,15,131
2,15,131
2,15,131
2,15,131
2,15,131
1,14,130
1,14,130
1,14,130
1,14,130
2,15,130
2,15,131
2,15,132
2,15,132
3,14,132
3,14,133
2,14,134
2,14,134
2,14,134
2,14,134
2,14,134
3,14,133
3,14,133
3,14,133
3,15,133
2,15,133
2,14,133
2,14,134
2,14,134
2,14,134
2,14,134
2,14,133
2,14,132
2,14,132
2,14,132
2,14,132
2,14,132
2,14,132
2,14,132
2,14,132
2,14,132
2,14,132
2,14,133
3,14,134
3,14,134
3,14,135
3,14,135
3,14,135
3,14,135
3,14,135
3,14,135
3,14,135
3,14,135
3,14,135
3,14,135
3,14,136
3,14,136
3,14,136
3,14,136
3,14,135
3,14,135
3,14,135
3,14,134
3,14,133
2,14,133
2,14,132
2,14,132
2,14,132
2,14,132
2,14,132
2,14,132
2,14,132
2,14,132
2,14,132
2,14,132
2,14,132
2,14,132
2,15,132
2,15,131
2,15,131
2,15,131
2,15,129
2,15,129
1,15,128
1,15,128
1,15,127
1,14,124
1,14,124
1,14,124
1,14,124
0,14,125
0,14,126
0,14,126
0,14,126
0,14,126
0,14,126
0,14,126
0,14,126
0,14,126
0,14,126
0,14,126
0,14,126
0,14,126
0,14,126
0,14,126
0,14,126
0,14,126
0,14,126
0,14,126
1,15,127
1,15,127
1,15,128
1,15,128
1,15,128
2,15,129
2,16,129
2,16,129
2,16,129
2,16,129
2,16,129
1,15,128
1,15,128
1,15,128
0,14,127
0,14,128
0,14,128
0,14,128
0,14,128
0,14,129
1,15,129
1,15,129
2,15,130
2,15,131
2,15,131
2,15,131
2,15,131
2,15,131
2,15,131
2,15,131
2,15,131
2,15,131
2,15,131
2,14,131
2,14,131
2,14,131
2,14,131
2,14,132
2,14,131
2,14,131
2,14,131
2,14,131
1,15,130
1,15,130
1,14,129
1,14,129
1,15,130
1,15,130
1,14,130
1,14,130
2,15,131
2,15,131
2,15,131
2,15,131
2,15,131
2,15,131
2,15,131
2,15,131
2,15,131
2,15,131
2,15,131
2,15,131
2,15,131
2,15,131
2,15,131
2,15,131
2,15,131
2,15,131
2,15,131
2,15,131
2,15,131
2,15,131
2,15,131
2,15,131
2,15,131
1,14,130
1,14,130
1,14,130
1,14,130
2,15,130
2,15,131
2,15,131
2,15,132
2,15,132
2,14,133
2,14,133
2,14,134
2,14,134
2,14,134
3,14,135
3,14,135
3,14,133
3,14,133
3,14,133
3,14,133
3,14,134
3,14,135
3,14,135
3,14,135
3,14,135
3,14,135
3,14,133
2,14,132
2,14,132
2,14,132
2,14,132
2,14,132
2,14,132
2,14,132
2,14,132
2,14,133
2,14,134
3,14,134
3,14,135
3,14,135
3,14,135
3,14,135
3,14,135
3,14,135
3,14,135
3,14,135
3,14,135
3,14,135
4,15,136
4,15,136
4,15,136
3,14,136
3,14,136
3,14,136
3,14,135
3,14,135
3,14,133
2,14,133
2,14,132
2,14,132
2,14,132
2,14,132
2,14,132
2,14,132
2,14,132
2,14,132
2,14,132
2,14,132
2,14,132
2,14,132
2,14,132
2,15,132
2,15,131
2,15,131
2,15,131
2,15,131
2,15,129
2,15,129
1,15,128
1,15,128
1,15,128
1,14,122
1,14,124
1,14,124
0,14,124
0,14,125
0,14,126
0,14,126
0,14,126
0,14,126
0,14,126
0,14,126
0,14,126
0,14,126
0,14,126
1,15,127
0,14,126
1,15,127
1,15,127
1,15,127
1,15,127
1,15,127
0,14,126
0,14,126
1,15,127
1,15,127
1,15,127
1,15,128
1,15,128
1,15,128
2,15,129
2,16,129
2,16,129
2,16,129
2,16,129
1,15,128
1,15,128
1,15,128
1,14,128
0,14,127
0,14,127
0,14,128
0,14,128
0,14,128
1,14,128
1,15,128
1,15,129
2,15,129
2,15,129
2,15,129
2,15,129
2,15,131
2,15,131
2,15,131
2,15,131
2,15,131
2,14,131
2,14,131
2,14,131
1,14,131
2,14,131
2,14,132
2,14,131
2,14,131
2,14,131
2,14,131
1,14,130
1,14,129
1,14,129
1,14,129
1,14,130
1,14,130
1,14,130
1,14,130
2,15,131
2,15,131
2,15,131
2,15,131
2,15,131
2,15,131
2,15,131
2,15,131
2,15,131
2,15,131
2,15,131
2,15,131
2,15,131
2,15,131
2,15,131
2,15,131
2,15,131
2,15,131
2,15,131
2,15,131
2,15,131
2,15,131
2,15,131
2,15,131
1,14,130
1,14,130
1,14,130
1,15,130
2,15,130
2,15,130
2,15,131
2,15,131
2,15,131
2,15,132
2,14,132
2,14,132
2,14,133
2,14,134
2,14,134
3,14,135
3,14,135
3,14,133
3,14,133
3,14,133
3,14,133
3,14,134
3,14,135
3,14,135
3,14,135
3,14,135
3,14,135
3,14,133
3,14,133
2,14,132
2,14,132
2,14,132
2,14,132
2,14,132
2,14,133
2,14,134
2,13,134
2,13,134
2,13,134
3,14,135
3,14,135
3,14,135
3,14,135
3,14,135
3,14,135
3,14,135
3,14,135
3,14,135
3,14,135
4,15,136
4,15,136
4,15,136
3,14,136
3,14,136
3,14,136
3,15,135
3,14,133
2,14,133
2,14,132
2,14,132
2,14,132
2,14,132
2,14,132
2,14,132
2,14,132
2,14,132
2,14,132
2,14,132
2,14,132
2,14,132
2,14,132
2,14,132
2,14,132
2,15,131
2,15,131
2,15,131
2,15,131
2,15,130
2,15,129
1,15,128
1,15,128
1,15,128
1,14,122
1,14,124
1,14,124
1,14,124
0,14,125
0,14,125
0,14,126
0,14,126
0,14,126
0,14,126
0,14,126
0,14,126
0,14,126
1,15,127
1,15,127
1,15,127
1,15,127
1,15,127
1,15,127
1,15,127
1,15,127
1,15,127
0,14,126
0,14,126
0,14,127
0,14,127
1,15,127
1,15,128
1,15,128
1,15,128
1,15,128
2,16,129
2,16,129
2,16,129
2,16,129
1,15,128
1,15,128
1,15,128
0,15,127
0,14,127
0,14,127
0,14,127
0,14,127
0,14,127
0,14,127
1,15,128
1,15,128
1,15,128
2,15,129
2,15,129
2,15,129
2,15,129
2,15,130
2,15,130
2,15,131
2,15,131
2,15,131
2,14,131
1,14,131
1,14,130
1,14,131
2,14,131
2,14,131
2,15,131
2,15,131
2,15,131
1,15,130
1,14,128
1,14,128
1,14,129
1,14,129
1,14,130
1,14,130
1,14,130
1,14,130
1,14,130
1,14,130
1,14,130
2,15,131
2,15,131
2,15,131
2,15,131
2,15,131
2,15,131
2,15,131
2,15,131
1,14,130
1,14,130
1,14,130
2,15,131
2,15,131
2,15,131
2,15,131
2,15,131
2,15,131
2,15,131
2,15,131
2,15,131
1,14,130
1,14,130
1,14,130
2,15,130
2,15,130
2,15,130
2,15,131
2,15,131
2,15,131
2,15,132
2,14,132
2,14,132
2,14,132
2,14,133
2,14,134
2,14,134
3,14,133
3,14,133
3,14,133
3,14,133
3,14,133
3,14,133
3,14,135
3,14,135
3,14,135
3,14,135
3,14,133
3,14,133
3,14,133
2,14,133
2,14,133
2,14,133
2,14,133
3,14,133
3,14,134
2,14,134
2,13,134
2,13,134
2,13,134
3,14,135
3,14,135
3,14,135
3,14,135
3,14,135
3,14,135
3,14,135
3,14,135
3,14,135
3,14,135
4,15,136
4,15,136
4,15,136
4,15,136
4,15,136
3,15,136
3,15,136
3,14,135
2,14,133
2,14,132
2,14,132
2,14,132
2,14,132
2,14,132
2,14,132
2,14,132
2,14,132
2,14,132
2,14,132
2,14,132
2,14,132
2,14,132
2,14,132
2,15,131
2,15,131
2,15,131
2,15,131
2,15,131
2,15,129
2,16,129
1,15,129
1,15,128
1,15,128
0,14,127
1,14,122
1,14,124
1,14,124
1,15,125
1,15,125
0,15,125
0,15,126
0,15,126
0,14,126
0,14,126
1,15,127
1,15,127
1,15,127
1,15,127
1,15,127
1,15,127
1,15,127
1,15,127
1,15,127
1,15,127
1,15,127
1,15,127
0,14,126
0,14,126
0,14,127
0,14,127
1,15,127
1,15,128
1,15,128
1,15,128
1,15,128
1,15,128
1,15,128
2,16,129
1,15,128
1,15,128
1,15,128
1,15,127
0,14,127
0,14,127
0,14,127
0,14,127
0,14,127
0,14,127
0,14,127
0,14,127
1,15,128
1,15,128
1,15,128
1,15,128
1,15,129
2,15,129
2,15,130
2,15,130
2,15,131
2,15,130
1,14,130
1,14,130
1,14,130
1,14,130
1,14,131
2,14,131
2,15,131
2,15,131
2,15,131
2,15,131
1,15,129
1,15,128
1,14,128
1,14,128
1,14,128
1,14,130
1,14,130
1,14,130
1,14,130
1,15,130
1,14,130
1,15,130
2,15,131
2,15,131
2,15,131
2,15,131
2,15,131
2,15,131
2,15,131
1,15,130
1,14,130
1,14,130
1,14,130
1,14,130
1,14,130
1,14,130
1,14,130
2,15,131
1,14,130
1,14,130
1,14,130
1,14,130
1,14,130
1,14,130
1,14,130
2,15,130
2,15,130
2,15,130
2,15,131
2,15,131
2,15,131
2,15,131
2,15,132
2,14,132
2,14,132
2,14,132
2,14,132
2,14,132
2,14,132
2,14,132
2,14,132
2,14,132
3,14,133
3,14,133
3,14,133
3,14,133
3,14,133
3,14,133
3,14,133
3,14,133
2,14,133
2,14,133
2,14,133
2,14,133
3,14,134
3,14,134
3,14,134
3,14,134
2,14,134
2,13,134
2,13,134
3,14,134
3,14,135
3,14,135
3,14,135
3,14,135
3,14,135
3,14,135
3,14,135
3,14,135
3,14,135
3,14,135
3,14,135
3,14,136
4,15,136
4,15,136
4,15,136
4,15,136
3,15,135
3,14,133
2,14,133
2,14,132
2,14,132
2,14,132
2,14,132
2,14,132
2,14,132
2,14,132
2,14,132
2,14,132
2,14,132
2,14,132
2,14,132
2,15,131
2,15,131
2,15,131
2,15,131
2,15,131
2,15,131
2,15,129
2,16,129
1,15,128
1,15,128
1,15,128
1,15,128
1,14,122
1,14,124
1,14,124
1,14,124
1,15,125
1,15,125
1,15,126
1,15,127
1,15,127
1,15,127
1,15,127
1,15,127
1,15,127
1,15,127
1,15,127
1,15,127
1,15,127
1,15,127
1,15,127
1,15,127
1,15,127
1,15,127
1,15,127
1,15,127
0,14,126
0,14,127
0,14,127
1,15,127
1,15,128
1,15,128
1,15,128
1,15,128
1,15,128
1,15,128
1,15,128
1,15,128
1,15,128
0,14,127
0,14,127
0,14,127
0,14,126
0,14,126
0,14,126
0,14,126
0,14,127
0,14,127
0,14,127
1,15,127
1,15,128
1,15,128
1,15,128
1,15,129
1,15,129
1,15,130
1,15,130
2,15,130
1,14,130
1,14,130
1,14,130
1,14,130
1,14,130
1,14,131
2,14,131
2,15,131
2,15,131
2,15,131
2,15,130
1,15,129
1,15,128
1,14,128
1,14,128
1,14,128
1,14,128
1,14,129
1,14,130
1,14,130
1,15,130
1,15,130
1,15,130
1,15,130
2,15,130
2,15,130
2,15,130
2,15,131
2,15,131
2,15,130
1,14,130
1,14,130
1,14,130
1,14,130
2,15,131
2,15,131
2,15,131
2,15,131
2,15,131
2,15,131
2,15,131
1,14,130
1,14,130
1,14,130
1,14,130
1,15,130
2,15,130
2,15,130
2,15,130
2,15,131
2,15,131
2,15,131
2,15,131
2,15,131
2,14,132
2,14,132
2,14,132
2,14,132
2,14,132
2,14,132
2,14,132
2,14,132
2,14,132
2,14,132
2,14,132
2,14,132
2,14,132
2,14,132
2,14,132
2,14,132
2,14,132
2,14,132
2,14,133
2,14,133
2,14,134
3,14,135
3,14,135
3,14,135
3,14,134
3,14,134
2,14,134
2,13,134
2,13,134
2,13,134
3,14,135
3,14,135
3,14,135
3,14,135
3,14,135
3,14,135
3,14,135
3,14,135
3,14,135
3,14,135
3,14,135
3,14,136
4,15,136
4,15,136
4,15,136
4,15,136
3,15,134
3,15,133
2,14,133
2,14,132
2,14,132
2,14,132
2,14,132
2,14,132
2,14,132
2,14,132
2,14,132
2,14,132
2,14,132
2,15,131
2,15,131
2,15,131
2,15,131
2,15,131
2,15,131
2,15,130
2,15,129
2,16,129
1,15,128
1,15,128
1,15,128
1,15,128
1,15,127
1,14,122
1,14,124
1,14,124
1,14,125
1,15,125
1,15,126
1,15,126
1,15,127
1,15,127
1,15,127
1,15,127
1,15,127
1,15,127
1,15,127
1,15,127
1,15,127
1,15,127
1,15,127
1,15,127
1,15,127
1,15,127
1,15,127
1,15,127
1,15,127
0,14,126
0,14,127
0,14,127
1,15,127
1,15,128
1,15,128
1,15,128
1,15,128
1,15,128
1,15,128
1,15,128
0,14,127
0,14,127
0,14,127
0,14,127
0,14,127
0,14,126
0,14,126
0,14,126
0,14,126
0,14,127
0,14,127
0,14,127
0,14,127
1,15,128
1,15,128
1,15,128
1,15,129
1,15,130
1,14,130
1,14,130
2,15,130
2,15,130
1,14,130
1,14,130
1,14,130
1,14,130
1,14,130
2,15,131
2,15,131
2,15,131
2,15,131
2,15,130
2,15,129
1,15,128
1,15,128
1,14,128
1,14,128
1,14,128
1,14,128
1,14,128
1,14,128
1,15,128
1,15,128
1,14,128
1,14,128
1,15,129
1,15,129
1,15,129
1,15,129
1,15,129
1,14,129
1,14,130
1,14,130
1,14,130
1,14,130
1,14,130
2,15,131
2,15,131
2,15,131
2,15,131
2,15,131
2,15,131
2,15,131
2,15,131
2,15,131
2,15,131
2,15,130
2,15,130
2,15,130
2,15,130
2,15,131
2,15,131
2,15,131
2,15,131
2,15,131
2,15,131
2,14,132
2,14,132
2,14,132
2,14,132
2,14,132
2,14,132
2,14,132
2,14,132
2,14,132
2,14,132
2,14,132
2,14,132
2,14,132
2,14,132
2,14,132
2,14,132
2,14,132
2,14,133
2,14,134
3,14,135
3,14,135
3,14,135
3,14,135
3,14,135
3,14,134
3,14,134
2,14,134
2,14,134
2,13,134
2,13,134
2,14,134
3,14,135
3,14,135
3,14,135
3,14,135
3,14,135
3,14,135
3,14,135
3,14,135
3,14,135
3,14,135
4,15,136
5,16,137
5,16,137
5,16,137
4,15,135
3,15,134
3,14,133
2,14,133
2,14,132
2,14,132
2,14,132
2,14,132
2,14,132
2,14,132
2,14,132
2,14,132
2,14,132
2,15,131
2,15,131
2,15,131
2,15,131
2,15,131
2,15,131
2,15,129
2,15,129
1,15,128
1,15,128
1,15,128
1,15,128
1,15,128
1,15,127
1,14,122
1,14,122
1,14,124
1,14,124
1,14,125
1,15,125
1,15,126
1,15,127
1,15,127
1,15,127
1,15,127
1,15,127
1,15,127
1,15,127
1,15,127
1,15,127
1,15,127
1,15,127
1,15,127
1,15,127
1,15,127
1,15,127
1,15,127
1,15,127
1,15,127
1,15,127
1,15,127
1,15,128
1,15,128
1,15,128
1,15,128
1,15,128
1,15,128
1,15,128
0,14,127
0,14,127
0,14,127
0,14,127
0,14,127
0,14,127
0,14,127
0,14,126
0,14,126
0,14,126
0,14,127
0,14,127
0,14,127
0,14,127
1,14,128
1,15,128
1,15,129
1,15,130
1,14,130
1,14,131
1,14,131
1,14,131
1,14,131
2,15,131
1,14,130
1,14,130
1,14,130
1,14,130
1,15,130
2,15,131
2,15,131
2,15,130
2,15,130
2,16,129
2,15,129
1,15,129
1,15,128
1,15,128
1,15,128
1,15,128
1,15,128
1,15,128
1,15,128
1,15,128
1,14,128
1,14,128
1,14,128
1,14,128
1,14,128
1,14,128
1,15,128
1,14,128
1,14,128
1,14,129
1,14,130
1,14,130
1,14,130
1,14,130
2,15,131
2,15,131
2,15,131
2,15,131
2,15,131
2,15,131
2,15,131
2,15,131
2,15,131
2,15,131
2,15,131
2,15,131
2,15,130
2,15,130
2,15,131
2,15,131
2,15,131
2,15,131
2,15,131
2,15,131
2,15,131
2,14,132
2,14,132
2,14,132
2,14,132
2,14,132
2,14,132
2,14,132
2,14,132
2,14,132
2,14,132
2,14,132
2,14,132
2,14,132
2,14,132
2,14,132
2,14,132
2,14,132
2,14,134
3,14,135
3,14,135
3,14,135
3,14,135
3,14,135
3,14,134
3,15,134
3,14,134
2,14,134
2,14,134
2,13,134
2,13,134
2,13,134
2,13,134
3,14,135
3,14,135
3,14,135
3,14,135
3,14,135
3,14,135
3,14,135
3,14,135
4,15,136
6,17,138
6,17,138
6,17,138
5,16,137
3,15,135
3,15,134
3,14,133
3,14,133
2,14,132
2,14,132
2,14,132
2,14,132
2,14,132
2,14,132
2,14,132
2,15,131
2,15,131
2,15,131
2,15,131
2,15,131
2,15,131
2,15,131
2,15,129
2,15,129
1,15,128
1,15,128
1,15,128
1,15,127
1,15,128
1,15,127
0,14,127
1,14,122
1,14,124
1,14,124
1,14,124
1,14,124
1,14,125
1,15,126
1,14,127
0,14,127
1,15,127
1,15,127
1,15,127
1,15,127
1,15,127
0,14,127
0,14,127
0,14,127
1,15,127
1,15,127
1,15,127
1,15,128
1,15,128
1,15,128
1,15,128
1,15,128
1,15,127
1,15,128
1,15,128
1,15,128
2,16,128
2,16,128
1,15,128
1,15,127
0,14,127
0,14,127
0,14,127
0,14,127
0,14,127
0,14,127
0,14,127
0,14,127
0,14,127
0,14,127
0,14,127
0,14,127
0,14,127
0,14,128
1,15,129
2,15,130
2,15,131
2,15,131
2,15,131
2,15,131
2,14,131
2,14,131
1,14,131
1,14,131
1,14,131
1,14,130
1,14,130
2,15,130
2,15,131
2,15,130
2,15,130
2,15,130
2,15,130
2,16,129
2,16,129
2,16,129
2,16,129
2,16,129
1,15,128
1,15,128
1,15,128
1,15,128
1,15,128
1,15,128
1,15,128
1,14,128
0,14,128
0,14,128
0,14,128
0,14,128
1,14,128
1,14,128
1,14,128
1,14,128
1,14,129
1,14,130
1,14,130
1,14,130
2,15,131
2,15,131
2,15,131
2,15,131
2,15,131
2,15,131
2,15,131
2,15,131
2,15,131
2,15,131
2,15,131
2,15,131
2,15,131
2,15,131
2,15,131
2,15,131
2,15,131
2,15,131
2,15,131
2,15,131
2,15,131
2,15,131
2,15,131
2,14,132
2,14,132
2,14,132
2,14,132
2,14,132
2,14,132
2,14,132
2,14,132
2,14,132
2,14,132
2,14,132
2,14,132
2,14,132
2,14,132
2,14,132
2,14,132
3,14,133
3,14,135
3,14,135
3,14,135
3,14,135
3,15,134
3,15,134
3,15,133
3,15,133
3,14,133
2,14,133
2,14,134
2,13,134
2,13,134
2,13,134
2,14,134
3,14,135
3,14,135
3,14,135
3,14,135
3,14,135
3,14,135
3,14,135
3,15,135
7,18,139
7,18,139
7,18,139
6,17,138
3,15,135
3,15,135
3,14,134
3,14,133
3,14,133
3,14,133
2,14,132
2,14,132
2,14,132
2,14,132
2,15,132
2,15,131
2,15,131
2,15,131
2,15,131
2,15,131
2,15,131
2,15,130
2,15,129
1,15,129
1,15,128
1,15,128
1,15,128
1,15,128
1,15,128
1,15,127
1,15,127
1,14,123
1,14,124
1,14,124
1,14,124
1,14,124
1,14,125
1,14,125
0,14,126
0,14,127
0,14,127
1,15,127
1,15,127
0,14,127
0,14,127
0,14,127
0,14,127
0,14,127
0,14,127
1,15,127
1,15,128
1,15,128
1,15,128
1,15,128
1,15,128
1,15,128
1,15,128
1,15,128
1,15,128
1,15,128
2,16,128
2,16,128
1,15,128
0,14,127
0,14,127
0,14,127
0,14,127
0,14,127
0,14,127
0,14,127
0,14,127
1,15,127
1,15,128
1,14,128
1,14,128
1,14,128
1,14,129
1,15,130
2,15,131
2,15,131
2,15,131
2,15,131
2,15,131
2,15,131
2,15,131
2,14,131
1,14,131
1,14,131
1,14,131
1,14,130
1,14,130
2,15,130
2,15,130
2,15,130
2,15,130
2,15,129
2,15,129
2,16,129
2,16,129
2,16,129
2,16,129
2,16,129
2,15,129
1,15,128
1,15,128
1,15,128
1,15,128
1,14,128
1,14,128
0,14,128
0,14,128
0,14,128
0,14,128
0,14,128
1,14,128
1,14,128
1,14,128
1,14,129
1,14,130
1,14,130
1,14,130
2,15,131
2,15,131
2,15,131
2,15,131
2,15,131
2,15,131
2,15,131
2,15,131
2,15,131
2,15,131
2,15,131
2,15,131
2,15,131
2,15,131
2,15,131
2,15,131
2,15,131
2,15,131
2,15,131
2,15,131
2,15,131
2,15,131
2,15,131
2,15,131
2,15,131
2,15,131
2,14,132
2,14,132
2,14,132
2,14,132
2,14,132
2,14,132
2,14,132
2,14,132
2,14,132
2,14,132
2,14,132
2,14,132
2,14,132
2,14,133
3,14,133
3,14,133
3,14,135
3,14,135
3,14,134
3,15,134
3,15,133
3,15,133
3,15,133
3,14,133
2,14,133
2,14,132
2,14,134
2,13,134
2,13,134
2,13,134
3,14,135
3,14,135
3,14,135
3,14,135
3,14,135
3,14,135
3,14,135
3,15,135
7,18,139
7,18,139
7,18,139
6,17,138
3,15,135
3,14,135
3,14,135
3,14,135
3,14,133
3,14,133
3,14,133
3,14,133
2,15,132
2,14,132
2,14,132
2,15,132
2,15,131
2,15,131
2,15,131
2,15,131
2,15,130
2,15,130
1,15,129
1,15,128
1,15,128
1,15,128
1,15,128
1,15,128
1,15,128
1,15,127
1,15,127
1,14,124
1,14,124
1,14,124
1,14,124
1,14,124
1,14,124
1,14,125
0,14,125
0,14,126
0,14,127
0,14,127
0,14,127
0,14,127
0,14,127
0,14,127
0,14,127
0,14,127
0,14,127
0,14,127
1,15,128
1,15,128
1,15,128
1,15,128
1,15,128
1,15,128
1,15,128
1,15,128
1,15,128
1,15,128
1,15,128
2,16,128
2,16,128
1,15,127
0,14,127
0,14,127
0,14,127
0,14,127
0,14,127
0,14,127
0,14,127
0,14,128
1,15,128
1,15,130
1,15,130
1,15,130
1,15,130
1,15,130
2,15,131
2,15,131
2,15,131
2,15,131
2,15,131
2,15,131
2,15,131
2,15,131
2,14,131
2,14,131
1,14,130
1,14,131
1,15,130
2,15,131
2,15,130
2,15,130
2,15,130
2,15,129
2,16,129
2,16,129
2,16,129
2,16,129
2,16,129
2,16,129
2,16,130
2,15,130
1,15,130
1,14,130
1,15,130
1,14,130
1,14,130
1,14,129
0,14,129
0,14,129
0,14,129
0,14,129
1,14,129
1,14,130
1,14,130
1,14,130
1,14,130
1,14,130
1,14,130
2,15,131
2,15,131
2,15,131
2,15,131
2,15,131
2,15,131
2,15,131
2,15,131
2,15,131
2,15,131
2,15,131
2,15,131
2,15,131
2,15,131
2,15,131
2,15,131
2,15,131
2,15,131
2,15,131
2,15,131
2,15,131
2,15,129
2,15,131
2,15,131
2,15,131
2,15,131
2,15,131
2,15,131
2,15,132
2,14,132
2,14,132
2,14,132
2,14,132
2,14,132
2,14,132
2,14,132
2,14,132
2,14,132
2,14,132
3,15,133
3,14,133
3,14,133
3,14,133
3,14,133
3,14,133
3,14,133
3,14,133
3,15,133
3,15,133
3,15,133
2,14,132
2,14,132
2,14,132
2,14,132
2,13,134
2,13,134
2,14,134
3,14,135
3,14,135
3,14,135
3,14,135
3,14,135
3,14,135
3,14,135
3,14,135
5,16,137
6,17,138
6,17,138
5,16,137
3,14,135
3,14,135
3,14,135
3,14,135
3,14,135
3,14,134
3,14,133
3,14,133
2,14,132
2,14,132
2,14,132
2,14,132
2,15,132
2,15,131
2,15,131
2,15,131
2,15,130
1,15,130
1,15,129
1,15,128
1,15,128
1,15,128
1,15,128
1,15,128
1,15,128
1,15,127
1,15,127
1,15,127
1,14,124
1,14,124
1,14,124
1,14,124
1,14,124
1,14,124
1,14,125
0,14,125
0,14,126
0,14,127
0,14,127
1,15,128
1,15,128
1,15,128
0,14,127
0,14,127
0,14,127
0,14,127
0,14,127
1,15,128
1,15,128
1,15,128
1,15,128
1,15,128
1,15,128
1,15,128
1,15,128
1,15,128
1,15,128
2,16,128
2,16,128
2,16,128
1,15,127
1,15,127
0,14,127
0,14,127
0,14,127
0,14,127
0,14,127
1,14,128
1,15,128
2,15,131
2,15,131
2,15,131
2,15,131
2,15,131
2,15,131
2,15,131
2,15,131
2,15,131
2,15,131
2,15,131
2,15,131
2,15,131
2,15,131
2,15,130
2,15,130
1,14,130
1,14,130
1,15,130
1,15,130
2,15,130
2,15,130
2,15,129
2,15,129
2,16,129
2,15,129
1,15,128
2,16,129
2,15,129
2,15,130
2,15,130
2,15,130
1,14,130
1,14,130
1,14,130
1,14,130
1,14,130
1,14,130
0,14,129
0,14,129
0,14,129
1,14,130
1,14,130
1,14,130
1,14,130
1,15,130
2,15,131
2,15,131
2,15,131
2,15,131
2,15,131
2,15,131
2,15,131
2,15,131
2,15,131
2,15,131
2,15,131
2,15,131
2,15,131
2,15,131
2,15,131
2,15,131
2,15,131
2,15,131
2,15,131
2,15,131
2,15,131
2,15,131
2,15,131
2,15,129
1,15,128
1,15,128
1,15,130
2,15,130
2,15,131
2,15,131
2,14,131
2,14,131
2,14,132
2,14,132
2,14,132
2,14,132
2,14,132
2,14,132
2,14,132
2,14,132
2,14,132
2,14,132
3,15,133
3,15,133
3,15,133
3,14,133
2,14,132
2,14,132
2,14,132
2,14,132
3,14,133
3,14,133
2,14,132
2,14,132
2,14,132
2,14,132
2,14,132
2,14,132
2,14,134
2,14,134
3,14,135
3,14,135
3,14,135
3,14,135
3,14,135
3,14,134
3,14,134
3,14,135
4,15,136
5,16,137
5,16,137
4,15,136
3,14,135
3,14,135
3,14,135
3,14,135
3,14,135
3,14,134
3,14,133
3,14,133
2,14,132
2,14,132
2,14,132
2,14,132
2,14,132
2,15,132
2,15,131
2,15,131
2,15,130
1,14,130
1,14,129
1,14,128
1,14,128
1,14,128
1,15,128
1,15,128
1,15,128
1,15,128
1,15,127
1,15,127
2,15,125
1,14,124
1,14,124
1,14,124
1,14,124
1,14,124
1,14,124
1,14,125
0,14,126
0,14,126
0,14,127
0,14,127
1,15,128
1,15,128
1,15,128
0,14,127
0,14,127
0,14,127
0,14,127
0,14,127
1,15,128
1,15,128
1,15,128
1,15,128
1,15,128
1,15,128
1,15,128
1,15,128
1,15,128
2,16,128
2,16,128
2,16,128
1,15,127
1,15,127
1,15,127
0,14,127
0,14,127
0,14,127
0,14,127
0,14,127
1,15,128
2,15,130
2,15,131
2,15,131
2,15,131
2,15,131
2,15,131
2,15,131
2,15,131
2,15,131
1,15,130
1,15,128
1,15,128
1,15,128
2,15,129
2,15,129
2,15,129
2,15,130
2,15,130
2,15,130
1,15,130
1,15,130
2,15,130
2,15,129
2,15,129
2,15,129
1,15,128
1,15,128
1,15,128
1,15,128
1,15,129
2,15,130
2,15,130
2,15,130
1,14,130
1,14,130
1,14,130
1,14,130
1,14,130
1,14,130
1,14,130
1,14,130
1,14,130
1,14,130
1,14,130
1,14,130
1,14,130
2,15,131
2,15,131
2,15,131
2,15,131
2,15,131
2,15,131
2,15,131
2,15,131
2,15,131
2,15,131
2,15,131
2,15,131
2,15,131
2,15,131
2,15,131
2,15,131
1,14,130
1,14,130
1,14,130
2,15,131
2,15,131
2,15,131
2,15,131
2,15,129
1,15,128
1,15,128
1,15,128
1,15,128
1,15,129
1,15,130
1,15,130
2,14,131
2,15,131
2,14,132
2,14,132
2,14,132
2,14,132
2,14,132
2,14,132
2,14,132
2,14,132
2,14,132
3,15,133
3,15,133
3,15,133
3,15,133
2,14,132
2,14,132
2,14,132
2,14,132
2,14,132
2,14,132
2,14,132
2,14,132
2,14,132
2,14,132
2,14,132
2,14,132
2,14,133
2,14,134
3,14,134
3,14,135
3,14,135
3,14,135
3,14,135
3,14,135
2,14,134
2,14,134
3,14,134
3,15,135
4,15,136
4,15,136
3,14,135
3,14,135
3,14,135
3,14,135
3,14,135
3,14,135
3,14,134
2,14,134
2,14,133
2,14,132
2,14,132
2,14,132
2,14,132
2,14,132
2,14,132
2,14,131
2,15,131
2,15,131
1,14,130
1,14,130
1,14,128
1,14,128
1,14,128
1,15,128
1,15,128
1,15,128
1,15,128
1,15,127
1,15,127
0,14,126
1,14,124
1,14,124
1,14,124
1,14,124
1,14,124
1,14,124
1,14,125
1,14,125
0,14,126
0,14,126
0,14,127
0,14,127
0,14,127
0,14,127
0,14,127
0,14,127
0,14,127
0,14,127
0,14,127
0,14,127
0,14,127
1,15,128
1,15,128
1,15,128
1,15,128
1,15,128
1,15,128
1,15,128
2,16,128
2,16,128
2,16,128
1,15,128
1,15,127
1,15,127
1,15,127
0,14,127
0,14,127
0,14,127
0,14,127
0,14,127
1,15,129
2,15,130
2,15,131
2,15,131
2,15,131
2,15,131
2,15,130
1,15,130
1,15,128
1,15,128
1,15,128
1,15,128
1,15,128
1,15,128
1,15,128
1,15,128
2,15,129
2,15,129
2,15,130
2,15,131
2,15,131
1,15,130
1,15,129
1,15,129
2,15,129
1,15,128
1,15,128
1,15,128
1,15,128
1,15,128
1,15,128
1,15,129
1,15,130
1,14,130
1,14,130
1,14,130
1,14,130
1,14,130
1,14,130
1,14,130
1,14,130
1,14,130
1,14,130
1,14,130
1,14,130
1,14,130
1,14,130
2,15,131
2,15,131
2,15,131
2,15,131
2,15,131
2,15,131
2,15,131
2,15,131
2,15,131
2,15,131
2,15,131
2,15,131
2,15,131
2,15,131
2,15,131
1,14,130
1,14,130
1,14,130
1,14,130
1,14,130
2,15,131
2,15,131
2,15,131
2,15,129
1,15,128
1,15,128
1,15,128
1,15,128
1,15,128
1,15,130
1,15,130
2,15,131
2,15,131
2,15,132
2,14,132
2,14,132
2,14,132
2,14,132
2,14,132
2,14,132
2,14,132
2,14,132
2,14,132
3,15,133
2,14,132
2,14,132
2,14,132
2,14,132
2,14,132
2,14,132
2,14,132
2,14,132
2,14,132
2,14,132
2,14,132
2,14,132
2,14,132
2,14,133
2,14,133
3,14,133
3,14,134
3,14,135
3,14,135
3,14,135
3,14,135
2,14,134
2,14,134
2,14,134
3,14,133
3,15,133
3,15,135
3,15,135
3,14,135
3,14,135
3,14,135
3,14,135
3,14,135
3,14,135
2,13,134
2,13,134
2,14,134
2,14,132
2,14,132
2,14,132
2,14,132
2,14,132
2,14,132
2,14,132
2,14,131
2,15,131
2,14,131
1,14,130
1,14,130
1,14,128
1,14,128
1,15,128
1,15,128
1,15,128
1,15,128
1,15,127
1,15,127
1,15,127
1,14,124
1,14,124
1,14,124
1,14,124
1,14,124
1,14,125
1,14,125
1,14,126
0,14,126
0,14,126
0,14,127
0,14,127
0,14,127
0,14,127
0,14,127
0,14,127
0,14,127
0,14,127
1,15,127
1,15,127
1,15,128
1,15,128
1,15,128
1,15,128
1,15,128
1,15,128
1,15,129
1,15,129
2,15,129
2,16,128
2,16,128
1,15,128
1,15,128
1,15,127
1,15,127
1,15,127
0,14,127
0,14,128
0,14,128
1,14,129
1,14,130
2,15,130
2,15,130
2,15,130
2,15,130
2,15,130
1,15,129
1,15,128
1,15,128
1,14,128
1,14,127
1,14,127
1,14,126
1,14,126
1,15,126
1,15,127
1,15,128
2,15,129
2,15,129
2,15,130
1,15,130
1,15,129
1,15,128
1,15,129
1,15,128
1,15,129
1,15,129
1,14,128
1,14,128
0,14,127
1,14,128
1,14,128
1,14,130
1,14,130
2,14,130
1,14,130
1,14,130
1,14,130
1,14,130
1,14,130
1,14,130
1,14,130
1,14,130
1,14,130
1,14,130
1,14,130
1,14,130
2,15,131
2,15,131
2,15,131
2,15,131
2,15,131
2,15,131
2,15,131
2,15,131
2,15,131
2,15,131
2,15,131
2,15,131
2,15,131
2,15,131
1,14,130
1,14,130
1,14,130
1,14,130
1,14,130
1,14,130
2,14,130
2,15,130
2,15,130
2,15,130
1,15,129
1,15,128
1,15,128
1,14,128
1,14,129
1,14,129
1,14,130
2,15,130
2,15,131
2,15,132
2,14,132
2,14,132
2,14,132
2,14,132
2,14,132
2,14,132
2,14,132
2,14,132
2,14,132
2,14,132
2,14,132
2,14,132
2,14,132
2,14,132
2,15,132
2,14,132
2,14,132
2,14,132
2,14,132
2,14,132
2,14,133
3,14,133
3,14,133
3,14,133
3,14,133
3,14,134
3,14,135
3,14,135
3,14,135
3,14,135
3,14,135
3,14,135
2,14,134
2,14,134
3,14,134
3,14,135
3,14,135
3,14,135
3,14,135
3,14,135
3,14,135
3,14,135
3,14,135
3,14,135
2,13,134
2,13,134
2,14,134
2,14,133
2,14,132
2,14,132
2,14,132
2,14,132
2,14,132
2,14,132
2,15,132
2,15,131
2,15,131
2,15,131
1,15,130
1,15,130
1,15,129
1,15,128
1,15,128
1,15,128
1,15,128
1,15,128
1,15,127
1,15,127
1,14,124
1,14,124
1,14,124
1,14,124
1,14,124
1,14,124
1,14,125
1,14,126
0,14,126
0,14,126
0,14,126
0,14,126
0,14,127
0,14,127
0,14,127
0,14,127
0,14,127
0,14,127
0,14,127
0,14,127
0,14,127
0,14,127
0,14,127
1,15,128
1,15,128
1,15,128
1,15,129
2,15,129
2,15,129
2,15,129
2,16,129
2,15,129
1,15,128
1,15,128
1,15,128
1,15,128
1,15,128
1,14,128
1,14,128
1,14,129
1,14,129
1,14,130
1,15,130
2,15,130
1,15,130
1,15,130
1,15,129
1,15,129
1,15,128
1,15,128
1,14,127
1,14,127
0,14,126
1,14,126
1,14,126
1,14,126
1,14,126
1,14,126
1,14,127
2,15,128
2,15,129
1,15,128
1,15,128
1,15,128
1,15,129
1,15,129
1,15,129
1,15,129
1,14,129
1,14,128
1,14,128
1,14,128
1,14,128
1,14,128
1,14,130
2,14,130
1,14,130
1,14,130
1,14,130
1,14,130
1,14,130
1,14,130
1,14,130
1,14,130
1,14,130
1,14,130
1,14,130
1,14,130
2,15,131
2,15,131
2,15,131
2,15,131
1,14,130
1,15,131
1,14,130
1,14,130
2,15,131
2,15,131
2,15,131
2,15,131
2,15,131
1,14,130
1,14,130
1,14,130
1,14,130
1,14,130
1,14,130
1,14,130
1,14,130
1,14,130
1,15,130
1,15,130
1,15,130
1,15,129
1,14,129
1,14,129
1,14,129
1,14,130
1,14,130
2,14,130
2,14,131
2,14,132
2,14,132
2,14,133
2,14,133
2,14,132
2,14,132
2,14,132
2,14,132
2,14,132
2,14,132
2,14,132
2,14,132
2,14,132
2,15,132
2,15,131
2,15,131
2,15,132
2,14,132
2,14,132
2,14,132
2,14,133
3,14,133
3,14,133
3,14,133
3,14,133
3,14,133
3,14,135
3,14,135
3,14,135
3,14,135
3,14,135
3,14,135
3,14,135
3,14,135
3,14,134
3,14,134
3,14,135
3,14,135
3,14,135
3,14,135
3,14,135
3,14,135
3,14,135
3,14,135
3,14,135
3,14,135
2,14,134
2,14,134
2,14,134
2,14,132
2,14,132
2,14,132
2,14,132
2,14,132
2,14,132
2,14,132
2,14,132
2,14,131
2,15,131
2,15,131
2,15,131
2,15,130
2,15,129
2,15,129
2,15,129
1,15,128
1,15,128
1,15,128
1,15,128
1,15,127
1,14,124
1,14,124
1,14,124
1,14,124
1,14,124
1,14,125
1,14,125
1,14,126
0,14,126
0,14,126
0,14,126
0,14,126
0,14,127
0,14,127
0,14,127
0,14,127
0,14,127
0,14,127
0,14,127
0,14,127
0,14,127
0,14,127
0,14,127
0,14,127
1,15,128
1,15,128
1,15,129
2,15,129
2,15,129
2,15,129
2,15,129
2,15,129
1,15,129
2,15,129
1,15,129
1,15,128
1,15,128
0,14,128
0,14,128
0,14,128
1,14,129
1,14,129
1,15,130
1,15,130
1,15,130
1,15,129
1,15,129
1,15,129
1,15,128
1,15,128
1,14,127
1,14,126
1,14,126
1,14,126
1,14,125
1,14,125
1,14,125
1,14,125
1,14,126
1,14,127
1,15,128
1,15,128
1,15,128
1,15,128
1,15,128
1,15,129
2,15,129
2,15,130
1,14,130
1,14,129
1,14,128
1,14,128
1,14,128
1,14,128
1,14,130
2,14,130
1,14,130
1,14,130
1,14,130
1,14,130
1,14,130
1,14,130
1,14,130
1,14,130
1,14,130
1,14,130
1,14,130
1,14,130
1,14,130
1,15,131
2,15,131
1,14,130
1,14,130
1,14,130
1,14,130
1,14,130
1,15,131
1,15,131
1,15,131
1,15,131
1,15,131
1,14,130
1,14,130
1,14,130
1,14,130
1,14,130
1,14,130
1,14,130
1,14,130
1,14,130
1,14,130
1,15,130
1,15,130
1,15,130
1,14,130
1,14,129
1,14,129
1,14,130
1,14,130
2,14,131
2,14,132
2,14,132
2,14,132
2,14,133
2,14,133
2,14,133
2,14,132
2,14,132
2,14,132
2,14,132
2,14,132
2,14,132
2,14,132
2,15,132
2,15,132
2,15,131
2,15,131
2,15,132
2,14,132
2,14,132
3,14,133
3,14,134
3,14,134
3,14,135
3,14,135
3,14,135
3,14,135
3,14,135
3,14,135
3,14,135
3,14,135
3,14,135
3,14,135
3,14,135
3,14,135
3,14,135
3,14,135
3,14,135
3,14,135
3,14,135
3,14,135
3,14,135
3,14,136
3,14,136
3,14,135
3,14,135
3,14,135
3,14,135
2,14,134
2,14,134
2,14,133
2,14,132
2,14,132
2,14,132
2,14,132
2,14,132
2,14,132
2,14,132
2,14,132
2,14,131
2,15,131
2,15,131
2,15,131
2,15,131
2,15,129
2,15,129
1,15,128
1,15,128
1,15,128
1,15,128
1,15,128
1,14,124
1,14,124
1,14,124
1,14,124
1,14,124
1,14,125
1,14,125
0,14,126
0,14,126
0,14,126
0,14,126
0,14,126
0,14,127
0,14,127
0,14,127
0,14,127
1,15,127
0,14,127
0,14,127
0,14,127
0,14,127
0,14,127
0,14,127
0,14,127
0,14,127
1,15,128
1,15,129
1,15,129
1,15,130
1,14,130
1,14,130
1,14,130
1,15,130
2,15,130
1,15,130
1,15,129
1,14,128
0,14,128
0,14,128
0,14,128
1,14,128
1,14,129
1,15,130
1,15,130
1,15,130
2,15,130
2,15,129
2,15,129
1,15,129
2,15,128
2,14,127
1,14,126
1,14,126
1,14,126
1,14,125
1,14,124
1,14,124
1,14,124
1,14,125
1,14,126
1,14,127
1,14,128
1,15,128
1,15,128
1,15,128
1,15,129
2,15,130
2,15,130
1,14,130
1,15,130
1,14,128
1,14,128
1,15,128
1,15,128
1,14,128
1,14,130
1,14,130
1,14,130
1,14,130
1,14,130
1,14,130
1,14,130
1,14,130
1,14,130
1,14,130
1,14,130
1,14,130
1,14,130
1,14,130
1,14,130
1,14,130
1,14,130
1,14,130
1,14,130
1,14,130
1,14,130
0,14,130
0,14,130
0,14,130
1,15,131
1,15,131
1,15,131
2,15,131
2,14,130
2,14,130
1,14,130
1,14,130
1,14,130
1,14,130
1,14,130
1,14,130
1,14,130
1,14,130
1,14,130
1,14,130
1,14,130
1,14,130
1,14,130
2,14,131
2,14,131
2,14,132
2,14,132
2,14,132
2,14,133
3,14,133
3,14,133
3,14,133
2,14,132
2,14,132
2,14,132
2,14,132
2,15,132
2,15,132
2,15,132
2,15,132
2,15,132
2,15,132
2,15,132
2,14,132
2,14,132
3,14,134
3,14,135
3,14,135
3,14,135
3,14,135
3,14,135
3,14,135
3,14,135
3,14,135
3,14,135
3,14,135
3,14,135
3,14,135
3,14,135
3,14,135
3,14,135
3,14,135
3,14,135
3,14,135
3,14,135
3,14,135
3,14,135
3,14,136
3,14,136
3,14,135
3,14,135
3,14,135
3,14,135
3,14,135
3,14,134
2,14,133
2,14,132
2,14,132
2,14,132
2,14,132
2,14,132
2,14,132
2,14,132
2,14,132
2,14,132
2,15,131
2,15,131
2,15,131
2,15,131
2,15,129
2,15,129
2,15,128
1,15,128
1,15,128
1,15,128
1,15,127
1,14,124
1,14,124
1,14,124
1,14,124
1,14,124
1,14,124
1,14,125
1,14,126
0,14,126
0,14,126
0,14,126
0,14,126
0,14,126
0,14,127
0,14,127
0,14,127
0,14,127
1,15,127
1,15,127
0,14,127
0,14,127
0,14,127
0,14,127
0,14,127
0,14,127
0,14,127
1,15,128
1,15,129
1,15,130
1,15,130
1,14,130
1,14,130
1,14,130
1,14,130
2,15,130
2,15,130
1,15,129
1,14,128
0,14,128
0,14,128
0,14,128
1,14,128
1,14,129
1,15,130
1,15,130
2,15,130
2,15,130
2,15,129
2,16,129
2,15,129
2,16,129
2,15,128
2,15,127
2,14,126
2,14,126
1,14,125
1,14,124
1,14,124
1,14,124
1,14,125
1,14,126
1,14,127
1,14,127
1,14,128
1,15,128
1,15,128
1,15,130
2,15,130
2,15,131
1,14,130
1,14,130
1,14,130
1,14,128
1,14,128
1,15,128
1,14,128
1,14,129
1,14,130
1,14,130
1,14,130
1,14,130
1,14,130
1,14,130
2,15,131
2,15,131
2,15,131
1,14,130
1,14,130
1,14,130
1,14,130
1,14,130
1,14,130
1,14,130
1,14,130
1,14,130
1,14,130
1,14,130
0,14,130
0,14,130
0,14,130
1,15,131
1,15,131
2,15,131
2,15,131
2,15,131
2,15,131
2,14,130
1,14,130
1,14,130
1,14,130
1,14,130
1,14,130
1,14,130
1,14,130
1,14,130
1,14,130
1,14,130
1,14,130
1,14,130
2,14,131
2,14,132
2,14,132
2,14,132
2,14,132
2,14,133
3,14,133
3,14,133
3,14,133
3,14,133
3,14,133
2,14,132
3,15,133
3,15,133
3,15,133
2,15,132
2,15,132
2,15,132
2,14,132
2,14,132
2,14,132
2,14,134
3,14,135
3,14,135
3,14,135
3,14,135
3,14,135
3,14,135
3,14,135
3,14,135
3,14,135
3,14,135
3,14,135
3,14,135
3,14,135
3,14,135
3,14,135
3,14,135
3,14,135
3,14,135
3,14,135
3,14,135
3,14,135
3,14,135
4,15,136
4,15,136
3,14,135
3,14,135
3,14,135
3,14,135
3,14,135
3,14,135
3,14,135
2,14,133
2,14,133
2,14,133
2,14,132
2,14,132
2,14,132
2,14,132
2,14,132
2,14,132
2,14,132
2,15,131
2,15,131
2,15,131
2,15,131
2,15,129
1,15,128
1,15,128
1,15,128
1,15,127
1,15,127
1,15,127
1,14,124
1,14,124
1,14,124
1,14,124
1,14,124
1,14,124
1,14,125
1,14,126
0,14,126
0,14,126
0,14,126
0,14,126
0,14,126
0,14,127
0,14,127
0,14,127
0,14,127
0,14,127
0,14,127
0,14,127
0,14,127
0,14,127
0,14,127
0,14,127
0,14,127
1,14,128
1,15,128
1,15,130
2,15,130
2,15,131
2,15,131
1,14,130
2,15,130
2,15,130
2,15,130
2,15,130
1,15,129
1,15,128
0,14,128
0,14,127
0,14,127
0,14,127
1,14,128
1,15,128
1,15,129
2,15,129
2,15,129
2,15,129
2,16,129
2,16,129
2,16,129
2,16,128
2,15,128
2,15,127
2,14,126
1,14,125
1,14,125
1,14,125
1,14,125
1,13,125
1,14,125
0,14,127
0,14,127
0,14,127
1,15,128
1,15,128
1,15,129
2,15,130
1,15,130
1,14,130
1,14,130
1,14,129
1,14,128
1,14,128
1,14,128
1,14,128
1,14,129
1,14,129
1,14,130
1,14,130
1,14,130
1,14,130
1,14,130
2,15,131
2,15,131
2,15,131
1,14,130
1,14,130
1,14,130
1,14,130
1,14,130
1,14,130
1,14,130
1,14,130
1,14,130
1,14,130
1,14,130
1,14,130
1,14,130
1,14,130
1,15,131
2,15,131
2,15,131
2,15,131
2,15,131
2,15,131
2,14,130
1,14,130
1,14,130
1,14,130
1,14,130
1,14,130
1,14,130
1,14,130
1,14,130
1,14,130
1,14,130
1,14,130
1,14,130
2,14,131
2,14,132
2,14,132
2,14,132
2,14,132
2,14,132
2,14,133
2,14,133
2,14,132
2,14,132
2,14,132
2,14,132
3,15,133
3,15,133
3,15,133
3,15,133
3,14,133
2,14,133
2,14,132
2,14,134
3,14,135
3,14,135
3,14,135
3,14,135
3,14,135
3,14,135
3,14,135
3,14,135
3,14,135
3,14,135
3,14,135
3,14,135
2,13,134
2,13,134
2,13,134
3,14,135
3,14,135
3,14,135
3,14,135
3,14,134
3,14,134
3,14,135
3,14,135
3,15,135
4,15,136
4,15,136
4,15,136
4,15,136
4,15,136
3,14,135
3,14,135
3,14,135
3,14,135
3,14,134
2,14,134
2,14,133
2,14,133
2,14,132
2,14,132
2,14,132
2,14,132
2,14,132
2,14,132
2,15,131
2,15,131
2,15,131
2,15,131
2,15,129
1,15,128
1,15,128
1,15,127
1,15,127
1,15,127
1,15,127
1,14,124
1,14,124
1,14,124
1,14,124
1,14,124
1,14,125
1,14,126
1,14,126
0,14,126
0,14,126
0,14,126
0,14,126
0,14,127
0,14,127
0,14,127
0,14,127
1,15,127
1,15,127
1,15,127
1,15,127
1,15,127
0,14,127
0,14,127
0,14,127
0,14,127
1,14,128
1,15,128
1,15,130
2,15,131
2,15,131
2,15,130
1,14,130
2,15,130
2,15,130
2,15,130
2,15,129
1,15,128
1,15,128
0,14,127
0,14,127
0,14,127
0,14,127
0,14,127
1,15,128
1,15,128
1,15,128
2,15,129
2,15,129
2,16,129
2,16,129
2,16,129
2,16,128
2,15,128
3,15,128
3,14,127
2,14,126
1,14,126
1,14,125
1,13,125
1,13,125
0,13,125
0,14,126
0,14,127
0,14,127
1,14,128
1,15,128
1,15,128
1,15,129
1,15,130
1,14,130
1,14,129
1,14,128
1,14,128
1,14,128
1,14,128
0,14,128
0,14,128
0,13,129
1,14,130
1,14,130
1,14,130
1,14,130
1,14,130
2,15,131
2,15,131
2,15,131
1,14,130
1,14,130
1,14,130
1,14,130
1,14,130
1,14,130
1,14,130
1,14,130
1,14,130
2,14,130
2,14,130
2,15,131
2,15,131
2,15,131
2,15,131
2,15,131
2,15,131
2,15,131
2,15,131
2,15,131
2,15,131
1,14,130
1,14,130
1,14,130
1,14,130
2,15,131
2,15,131
2,15,131
1,14,130
1,14,130
1,14,130
1,14,130
2,14,131
2,14,131
2,14,132
2,14,132
2,14,132
2,14,132
2,14,132
2,14,132
2,14,132
2,14,132
2,14,132
2,14,132
3,15,133
3,15,133
3,15,133
3,15,133
3,14,133
3,14,134
3,14,135
3,14,134
3,14,135
3,14,135
3,14,135
3,14,135
3,14,135
3,14,135
3,14,135
3,14,135
3,14,135
3,14,135
3,14,135
3,14,135
2,13,134
2,13,134
2,13,134
2,13,134
2,13,134
2,14,134
2,14,134
2,14,134
2,14,133
2,14,133
3,14,133
3,14,135
3,15,135
4,15,136
4,15,136
4,15,136
4,15,136
4,15,136
3,14,135
3,14,135
3,14,135
3,14,135
3,14,135
2,14,134
2,14,134
2,14,134
2,14,132
2,14,132
2,14,132
2,14,132
2,14,132
2,14,132
2,15,131
2,15,131
2,15,131
2,15,131
1,15,128
1,15,128
0,14,127
0,14,127
0,14,127
0,14,126
1,15,127
1,14,124
1,14,124
1,14,124
1,14,124
1,14,124
2,14,125
2,14,126
2,14,126
0,14,126
0,14,126
0,14,126
0,14,126
0,14,126
0,14,127
0,14,127
0,14,127
0,14,127
1,15,127
1,15,127
1,15,128
1,15,127
1,15,127
1,15,128
0,14,127
0,14,127
1,15,128
1,15,129
1,15,130
2,15,131
2,15,131
2,15,130
2,15,130
2,15,130
2,16,130
2,16,129
2,15,129
1,15,128
1,15,128
0,14,127
0,14,127
0,14,126
0,14,126
0,14,126
0,14,127
1,15,127
1,15,128
1,15,128
1,15,128
2,15,129
1,15,128
2,16,128
2,16,128
3,15,128
3,15,128
3,14,128
3,14,127
2,14,126
2,14,126
1,13,125
1,13,125
0,13,125
0,14,126
0,14,127
0,14,127
1,14,127
1,15,128
1,15,128
1,15,129
1,15,129
1,14,129
1,14,129
1,14,128
0,14,128
0,14,128
0,14,128
0,14,128
0,13,128
0,13,129
0,13,129
1,14,130
1,14,130
1,14,130
1,14,130
1,14,130
2,15,131
1,14,130
1,14,130
1,14,130
1,14,130
1,14,130
1,14,130
1,14,130
1,14,130
1,13,130
2,13,130
2,14,130
2,14,130
2,14,130
2,14,130
2,14,130
2,15,131
2,15,131
2,15,131
2,15,131
2,15,131
2,15,131
2,15,131
1,14,130
2,15,131
1,14,130
1,14,130
2,15,131
2,15,131
2,15,131
2,15,131
1,14,130
1,14,130
2,15,131
2,14,131
2,14,131
2,14,132
2,14,132
2,14,132
2,14,132
2,14,132
2,14,132
2,14,132
2,14,132
2,14,132
2,14,132
2,14,133
3,15,133
3,14,133
3,14,134
3,14,135
3,14,135
3,14,135
3,14,135
3,14,135
3,14,135
3,14,135
3,14,135
3,14,135
3,14,135
3,14,135
3,14,135
3,14,135
3,14,135
3,14,135
3,14,135
2,13,134
2,13,134
2,13,134
2,13,134
2,13,134
2,14,134
2,14,134
2,14,132
2,14,132
2,14,132
3,14,133
3,15,133
3,15,135
4,15,136
4,15,136
4,15,136
4,15,136
4,15,136
3,14,135
3,14,135
3,14,135
3,14,135
3,14,135
3,14,135
2,14,134
2,13,134
2,13,134
2,14,132
2,14,132
2,14,132
2,14,132
2,14,132
2,15,131
2,15,131
2,15,131
2,15,131
1,15,128
1,15,128
1,14,127
0,14,127
0,14,127
0,14,126
0,14,126
1,14,124
1,14,124
1,14,124
1,14,124
1,14,124
1,14,124
2,14,125
2,14,126
2,14,126
0,14,126
0,14,126
0,14,126
0,14,126
0,14,127
0,14,127
0,14,127
0,14,127
0,14,127
1,15,127
1,15,128
1,15,128
1,15,128
1,15,128
1,15,128
1,15,128
1,15,128
1,15,128
1,15,129
1,15,130
2,15,131
2,15,131
2,15,130
2,15,130
2,15,130
2,16,129
2,16,129
2,15,129
1,15,128
0,14,127
0,14,127
0,14,126
0,14,126
0,14,126
0,14,126
0,14,127
0,14,127
0,14,127
0,14,127
0,14,127
1,15,128
1,15,128
2,15,128
2,15,128
3,15,128
3,14,128
3,14,128
3,14,128
3,14,127
2,14,127
1,13,126
1,13,125
0,13,125
0,13,126
0,14,126
0,14,127
0,14,127
1,15,128
1,15,128
1,15,128
1,15,128
1,15,129
1,15,129
1,15,128
0,14,128
0,14,127
0,14,127
0,13,128
0,13,128
0,13,129
0,13,129
1,14,130
1,14,130
1,14,130
1,14,130
1,14,130
1,14,130
1,14,130
1,14,130
1,14,130
1,14,130
1,14,130
1,14,130
1,13,130
2,13,130
2,13,130
2,13,130
2,13,130
2,14,130
2,14,130
2,14,130
1,14,130
1,14,130
2,15,131
2,15,131
2,15,131
2,15,131
2,15,131
2,15,131
1,14,130
1,14,131
1,14,130
1,14,130
1,14,130
1,14,130
1,14,130
1,14,130
1,14,130
1,14,130
1,14,130
2,14,131
2,14,131
2,14,131
2,14,132
2,14,132
2,14,132
2,14,132
2,14,132
2,14,132
2,14,132
2,14,132
2,14,132
2,14,132
2,14,133
3,14,133
3,14,135
3,14,135
3,14,135
3,14,135
3,14,135
3,14,135
3,14,135
3,14,135
3,14,135
3,14,135
3,14,135
3,14,135
3,14,135
3,14,135
3,14,135
3,14,135
3,14,135
3,14,135
2,13,134
2,13,134
2,13,134
2,13,134
2,14,134
2,14,133
2,14,132
2,14,132
2,14,132
2,14,132
3,15,133
3,15,133
4,15,135
4,15,136
4,15,136
4,15,136
3,14,135
3,14,135
3,14,135
3,14,135
3,14,135
3,14,135
3,14,135
3,14,135
2,13,134
2,13,134
2,13,134
2,14,132
2,14,132
2,14,132
2,14,132
2,15,131
2,15,131
2,15,131
2,15,131
1,15,129
1,15,128
1,14,127
0,14,127
0,14,126
0,14,126
0,14,126
0,14,126
1,14,124
1,14,124
1,14,124
1,14,124
1,14,124
1,14,124
2,14,125
1,14,126
1,14,126
0,14,126
0,14,126
0,14,126
0,14,126
0,14,127
0,14,127
0,14,127
1,15,127
1,15,127
1,15,128
2,16,128
2,16,128
1,15,128
1,15,128
1,15,128
1,15,128
1,15,128
1,15,128
1,15,129
1,15,130
1,15,130
1,15,130
1,15,130
1,15,129
2,15,129
2,16,129
2,15,129
1,15,128
1,15,128
0,14,127
0,14,126
0,14,126
0,14,126
0,14,126
0,14,126
0,14,126
0,14,127
0,14,127
0,14,127
0,14,127
0,14,127
0,14,127
1,14,127
2,14,128
2,14,128
3,14,128
3,14,128
3,14,128
3,14,128
3,14,128
2,13,127
1,13,126
0,13,125
0,13,125
0,13,125
0,14,126
0,14,127
0,14,127
1,15,128
1,15,128
1,15,128
1,15,129
1,15,129
1,15,128
1,15,128
1,15,128
0,14,128
0,13,128
0,13,128
0,13,129
0,13,129
1,14,130
1,14,130
1,14,130
1,14,130
1,14,130
1,14,130
1,14,130
1,14,130
1,14,130
1,14,130
1,14,130
1,14,130
1,13,130
2,13,130
2,13,130
2,13,130
3,13,130
2,13,130
2,13,130
2,14,130
1,14,130
1,14,130
2,15,131
2,15,131
2,15,131
2,15,131
2,15,131
2,15,131
1,14,131
1,14,131
1,14,130
1,14,130
1,14,130
1,14,130
1,14,130
1,14,130
1,14,130
1,14,130
1,14,130
1,14,130
2,14,131
2,14,131
2,14,131
2,14,132
2,14,132
2,14,132
2,14,132
2,14,132
2,14,132
2,14,132
2,14,132
2,14,132
2,14,133
3,14,134
3,14,135
3,14,135
3,14,135
3,14,135
3,14,135
3,14,135
3,14,135
3,14,135
3,14,135
3,14,135
3,14,135
3,14,135
3,14,135
3,14,135
3,14,135
3,14,135
3,14,135
3,14,135
3,14,135
2,13,134
2,13,134
2,13,134
2,13,134
2,14,133
2,14,132
2,14,132
2,14,132
2,14,132
2,14,132
3,15,133
3,15,134
4,15,135
4,15,135
3,14,135
3,14,135
3,14,135
3,14,135
3,14,135
3,14,135
3,14,135
3,14,135
3,14,135
2,13,134
2,13,134
2,13,134
2,13,133
2,14,132
2,14,132
2,14,132
2,14,132
2,15,131
2,15,131
2,15,131
1,15,130
1,14,128
0,14,127
0,14,126
0,14,126
0,14,126
0,14,126
0,14,126
1,14,124
1,14,124
1,14,124
1,14,124
1,14,124
1,14,124
2,14,125
1,14,125
1,14,126
0,14,126
0,14,126
0,14,126
0,14,126
0,14,126
0,14,127
0,14,127
1,15,127
1,15,128
1,15,128
2,16,128
2,16,128
1,15,128
1,15,127
1,15,128
1,15,128
1,15,128
1,15,128
1,15,128
1,15,129
1,15,129
1,15,129
1,15,129
1,15,129
1,15,128
1,15,129
1,15,128
1,15,128
1,15,128
1,15,127
0,14,126
0,14,126
0,14,126
0,14,126
0,14,126
0,14,127
0,14,127
0,14,127
0,14,127
0,14,127
0,14,127
0,14,127
0,14,127
1,14,127
2,14,128
3,14,128
3,14,128
3,14,128
3,14,128
3,14,128
2,13,127
2,13,127
1,13,126
0,13,125
0,13,125
0,14,126
0,14,126
0,14,127
1,15,128
1,15,128
1,15,128
1,15,128
1,15,128
1,15,128
1,15,128
1,15,128
1,14,128
0,13,128
0,13,128
0,13,129
1,14,130
1,14,130
1,14,130
1,14,130
1,14,130
1,14,130
1,14,130
1,14,130
1,14,130
1,14,130
1,14,130
1,14,130
1,14,130
1,14,130
2,13,129
2,13,129
2,13,129
3,13,130
2,13,130
2,13,130
1,14,130
1,14,130
1,14,130
1,14,130
2,15,131
2,15,131
2,15,131
2,15,131
2,14,131
1,14,131
1,14,131
1,14,131
1,14,130
1,14,130
1,14,130
1,14,130
1,14,130
1,14,130
1,14,130
1,14,130
1,14,130
1,14,130
2,14,131
2,15,131
2,15,131
2,15,131
2,14,132
2,14,132
2,14,132
2,14,132
2,14,132
2,14,132
2,14,132
2,14,132
2,14,134
3,14,135
3,14,135
3,14,135
3,14,135
3,14,135
3,14,135
3,14,135
3,14,135
3,14,135
3,14,135
3,14,135
3,14,135
3,14,135
3,14,135
3,14,135
3,14,135
3,14,135
3,14,135
3,14,135
3,14,135
2,13,134
2,14,134
2,14,134
2,14,133
2,14,132
2,14,132
2,14,132
2,14,132
2,14,132
2,14,133
3,14,134
3,15,134
3,14,135
3,14,135
3,14,135
3,14,135
3,14,135
3,14,135
3,14,135
3,14,135
3,14,135
3,14,135
3,14,135
2,13,134
2,13,134
2,14,134
2,14,133
2,14,132
2,14,132
2,14,132
2,14,131
2,15,131
2,15,131
1,15,130
1,14,128
1,14,127
0,14,127
0,14,126
0,14,126
0,14,126
0,14,126
1,14,124
1,14,124
1,14,124
1,14,124
1,14,124
1,14,124
2,14,125
1,14,125
1,14,126
1,14,126
0,14,126
0,14,126
0,14,126
0,14,126
0,14,126
0,14,127
0,14,127
1,15,127
1,15,127
1,15,127
1,15,127
1,15,127
1,15,127
1,15,127
1,15,128
1,15,128
1,15,128
1,15,128
1,15,129
1,15,129
1,15,129
1,15,129
1,15,128
1,15,128
1,15,128
1,15,128
1,15,128
1,15,127
1,15,127
0,14,127
0,14,126
0,14,126
0,14,126
0,14,126
0,14,127
0,14,127
0,14,127
0,14,127
0,14,127
0,14,127
0,14,127
0,14,127
1,14,127
2,14,127
3,14,128
3,14,128
3,14,128
3,14,128
3,14,128
2,14,127
2,13,127
1,13,125
0,14,125
0,14,125
0,14,125
0,14,126
0,14,127
1,15,127
1,15,128
1,15,128
1,15,128
1,15,128
1,15,128
1,15,128
1,15,128
1,14,128
1,14,128
1,14,129
1,14,129
1,14,130
1,14,130
1,14,130
1,14,130
1,14,130
1,14,130
1,14,130
1,14,130
1,14,130
1,14,130
1,14,130
1,14,130
1,14,130
1,14,129
1,13,129
2,13,129
2,13,129
2,13,129
2,14,130
1,14,130
1,14,130
1,14,130
1,14,130
1,14,130
2,14,131
2,14,131
2,15,131
2,14,131
2,14,131
1,14,131
1,14,131
1,14,131
1,14,131
1,14,130
1,14,130
1,14,130
1,14,130
1,14,130
1,14,130
1,14,130
1,14,130
1,14,130
1,14,130
2,15,131
2,15,131
2,15,131
2,15,132
2,14,132
2,14,132
2,14,132
2,14,132
2,14,132
2,14,132
2,14,132
3,14,135
3,14,135
3,14,135
3,14,135
3,14,135
3,14,135
3,14,135
3,14,135
3,14,135
3,14,135
3,14,135
3,14,135
3,14,135
3,14,135
3,14,135
3,14,135
3,14,135
3,14,135
3,14,135
3,14,135
3,14,135
3,14,135
3,14,134
3,14,134
2,14,133
2,14,133
2,14,132
2,14,132
2,14,132
2,14,133
2,14,133
3,14,134
3,14,134
3,14,135
3,14,135
3,14,135
3,14,135
3,14,135
3,14,135
3,14,135
3,14,135
3,14,135
3,14,135
3,14,135
3,14,135
2,14,134
2,14,134
2,14,133
2,14,132
2,14,132
2,14,132
2,14,131
2,15,131
2,15,131
2,15,131
1,15,129
1,15,128
1,15,128
1,15,127
0,14,127
0,14,126
0,14,126
1,14,124
1,14,124
1,14,124
1,14,124
1,14,124
1,14,124
1,14,125
1,14,125
1,14,126
1,14,126
1,14,126
0,14,126
0,14,126
0,14,126
0,14,126
0,14,126
0,14,126
0,14,127
1,15,127
1,15,127
1,15,127
1,15,127
1,15,127
1,15,127
1,15,128
1,15,128
1,15,128
1,15,128
1,15,128
1,15,128
1,15,128
1,15,128
1,15,128
1,15,128
1,15,128
1,15,128
1,15,128
1,15,127
1,15,127
1,15,127
1,15,127
1,15,127
0,14,127
0,14,127
1,15,127
1,15,127
1,15,128
1,15,128
1,15,128
0,14,127
0,14,127
0,14,127
0,14,127
2,14,127
3,14,128
3,14,128
3,14,128
3,14,128
3,14,128
3,14,127
2,14,127
1,14,125
1,14,125
0,14,125
0,14,125
0,14,126
0,14,126
1,15,127
1,15,127
1,15,128
1,15,128
1,15,128
1,15,128
2,15,128
2,14,128
2,14,128
1,14,128
1,14,129
1,14,130
1,14,130
1,14,130
1,14,130
1,14,130
1,14,130
1,14,130
1,14,130
1,14,130
1,14,130
1,14,130
1,14,130
1,14,130
1,14,130
1,14,129
1,14,129
2,14,129
2,14,129
2,14,129
2,14,130
1,14,130
1,14,130
1,14,130
1,14,130
1,14,130
1,14,130
2,14,131
2,14,131
2,14,131
2,14,132
2,14,131
1,14,131
1,14,131
1,14,131
1,14,130
1,14,130
1,14,130
1,14,130
1,14,130
1,14,130
1,14,130
1,14,130
1,14,130
2,15,131
2,15,131
2,15,131
2,15,131
2,15,131
2,15,132
2,14,132
2,14,132
2,14,132
2,14,132
2,14,132
2,14,132
2,14,132
3,14,135
3,14,135
3,14,135
3,14,135
3,14,135
3,14,135
3,14,135
3,14,135
3,14,135
3,14,135
3,14,135
3,14,135
3,14,135
3,14,135
3,14,135
3,14,135
3,14,135
3,14,135
3,14,135
3,14,135
3,14,135
3,14,135
3,14,135
3,14,134
3,14,133
3,14,133
3,14,133
3,14,133
2,14,133
2,14,134
2,14,134
3,14,134
3,14,135
3,14,135
3,14,135
3,14,135
3,14,135
3,14,135
3,14,135
3,14,135
3,14,135
3,14,135
3,14,135
3,14,135
3,14,135
3,14,134
3,14,134
2,14,133
2,14,132
2,14,132
2,14,132
2,15,131
2,15,131
2,15,131
2,15,130
1,15,128
1,15,128
1,15,127
0,14,127
0,14,127
0,14,126
2,15,125
1,14,124
1,14,124
1,14,124
1,14,124
1,14,124
1,14,124
2,14,125
2,14,125
1,14,126
1,14,126
0,14,126
0,14,126
0,14,126
0,14,126
0,14,126
0,14,126
0,14,126
0,14,126
0,14,126
0,14,126
1,15,127
1,15,127
1,15,127
1,15,127
1,15,127
1,15,128
1,15,128
1,15,128
1,15,128
1,15,128
1,15,128
1,14,127
1,14,127
1,15,128
0,14,127
0,14,127
0,14,127
1,15,127
0,14,127
0,14,127
0,14,127
0,14,127
0,14,127
0,14,127
1,15,127
1,15,128
2,15,128
1,15,128
1,15,128
1,15,128
0,14,127
0,14,127
1,14,127
2,14,127
3,14,128
3,14,128
3,14,128
3,14,128
3,14,128
2,14,127
2,14,126
1,14,125
1,14,124
1,14,124
1,14,125
1,14,126
1,14,126
1,14,126
1,15,127
1,14,127
1,14,127
1,14,127
1,14,127
2,14,127
2,14,128
2,14,128
1,14,128
1,14,129
1,14,130
1,14,130
1,14,130
1,14,130
1,14,130
1,14,130
1,14,130
1,14,130
1,14,130
1,14,130
1,14,130
1,14,130
1,14,130
1,14,130
1,14,129
1,14,129
1,14,129
2,15,129
2,15,129
1,14,130
1,14,130
1,14,130
1,14,130
1,14,130
1,14,130
1,14,130
2,14,131
2,14,131
2,14,132
2,14,132
2,14,132
2,14,132
2,14,132
1,14,131
1,14,131
1,14,130
1,14,130
1,14,130
1,14,130
1,14,130
1,14,130
1,14,130
1,14,130
2,15,131
2,15,131
2,15,131
2,15,131
2,15,132
2,14,132
2,14,132
2,14,132
2,14,132
2,14,132
2,14,132
2,14,132
2,14,132
2,14,132
3,14,135
3,14,135
3,14,135
3,14,135
3,14,135
3,14,135
3,14,135
3,14,135
3,14,135
3,14,135
3,14,135
3,14,135
3,14,135
2,13,134
2,13,134
3,14,135
3,14,135
3,14,135
3,14,135
3,14,135
3,14,135
3,14,135
3,14,135
3,14,134
3,14,133
3,14,133
3,14,133
3,14,134
2,14,134
2,14,134
3,14,134
3,14,135
3,14,135
3,14,135
3,14,135
3,14,135
3,14,135
3,14,135
3,14,135
3,14,135
3,14,135
3,14,135
3,14,135
3,14,135
3,14,135
3,14,134
3,14,133
2,14,132
2,14,132
2,14,132
2,15,131
2,15,131
2,15,131
2,15,131
1,15,129
1,15,128
1,15,128
0,14,127
0,14,127
0,14,127
0,14,126
1,14,124
1,14,124
1,14,124
1,14,124
1,14,124
1,14,124
1,14,124
2,14,125
2,14,126
2,15,126
1,14,126
0,14,126
0,14,126
0,14,126
0,14,126
0,14,126
0,14,126
0,14,126
0,14,126
0,14,126
0,14,126
1,15,126
1,15,127
1,15,126
0,14,127
1,15,127
1,15,127
1,15,127
1,15,128
1,15,128
1,15,128
1,15,127
0,14,127
0,14,127
0,14,127
0,14,127
0,14,127
0,14,127
0,14,127
0,14,127
0,14,127
0,14,127
0,14,127
1,15,127
1,15,128
1,15,128
2,15,129
2,15,131
2,15,131
1,15,128
1,15,128
1,15,128
1,14,128
1,14,128
2,14,128
3,14,128
3,14,128
3,14,128
3,14,128
3,14,127
2,14,127
2,14,126
2,14,125
1,14,124
1,14,124
1,14,124
1,14,126
1,14,126
1,14,126
1,14,127
1,14,127
1,14,127
1,13,127
1,13,127
1,13,127
2,13,127
1,14,128
1,14,128
1,14,130
1,14,130
1,14,130
1,14,130
1,14,130
1,14,130
1,14,130
1,14,130
1,14,130
1,14,130
1,14,130
1,14,130
1,14,130
1,14,130
1,14,130
1,14,129
1,14,128
1,15,128
1,15,128
1,15,129
1,15,130
1,14,130
1,14,130
0,14,130
1,14,130
1,14,130
1,14,130
2,14,131
2,14,132
2,14,132
2,14,132
2,14,132
2,14,132
2,14,132
2,14,132
2,14,131
1,14,131
1,14,131
1,14,130
1,14,130
1,14,130
1,14,130
1,14,130
1,14,130
2,15,131
2,15,131
2,15,131
2,15,131
2,15,132
2,14,132
2,14,132
2,14,132
2,14,132
2,14,132
2,14,132
2,14,132
2,14,132
2,14,132
2,14,132
2,14,134
2,14,134
2,14,134
2,14,134
3,14,135
3,14,135
3,14,135
3,14,135
3,14,135
3,14,135
3,14,135
2,13,134
2,13,134
2,13,134
2,13,134
3,14,135
3,14,135
3,14,135
3,14,135
3,14,135
3,14,135
3,14,135
3,14,135
3,14,135
3,14,135
3,14,135
3,14,134
3,14,134
3,14,134
3,14,135
3,14,135
3,14,135
3,14,135
3,14,135
3,14,135
3,14,135
3,14,135
3,14,135
3,14,135
3,14,135
3,14,135
3,14,135
3,14,135
3,14,135
3,14,135
3,14,133
2,14,132
2,14,132
2,14,132
2,14,131
2,15,131
2,15,131
2,15,130
1,15,129
1,15,128
1,15,128
1,15,127
0,14,127
0,14,127
0,14,127
1,14,124
1,14,124
1,14,124
1,14,124
1,14,124
1,14,124
2,15,125
2,15,125
2,15,126
1,15,126
1,14,126
1,14,126
0,14,126
0,14,126
0,14,126
0,14,126
0,14,126
0,14,126
0,15,126
0,14,126
0,14,126
1,15,126
1,15,127
1,15,127
1,15,127
1,15,127
1,15,127
1,15,127
1,15,127
1,15,127
1,15,127
1,15,127
0,14,127
1,15,127
1,15,127
0,14,127
0,14,127
0,14,127
0,14,127
0,14,127
0,14,127
0,14,127
0,14,128
1,15,128
1,15,129
2,15,129
2,15,131
2,15,131
2,15,131
2,15,131
1,15,128
1,15,128
1,15,128
1,14,128
2,14,128
3,14,128
3,14,128
3,14,128
3,14,128
3,14,127
2,14,126
2,14,126
2,14,125
1,14,124
1,14,124
1,14,125
1,14,125
1,14,126
1,14,126
1,14,126
1,14,127
1,13,127
1,13,127
1,13,127
2,13,127
2,13,127
2,14,127
2,14,128
1,14,130
1,14,130
1,14,130
1,14,130
1,14,130
1,14,130
1,14,130
1,14,130
1,14,130
1,14,130
1,14,130
1,14,130
1,14,130
1,14,130
1,14,130
1,14,129
1,14,129
1,15,129
1,15,129
1,15,129
1,15,130
0,14,130
0,14,130
0,14,130
0,14,130
1,14,130
1,14,130
2,14,131
2,14,132
2,14,132
2,14,132
2,14,132
2,14,132
2,14,132
2,14,132
2,14,131
2,14,131
2,14,131
1,14,130
1,14,130
1,14,130
1,14,130
1,14,130
1,14,130
2,15,131
2,15,131
2,15,131
2,15,131
2,14,132
2,14,132
2,14,132
2,14,132
2,14,132
2,14,132
2,14,132
2,14,132
2,14,132
2,14,132
2,14,132
2,14,132
2,14,132
2,14,134
2,14,134
2,14,134
3,14,135
3,14,135
3,14,135
3,14,135
3,14,135
3,14,135
2,13,134
2,13,134
2,13,134
2,13,134
2,13,134
2,13,134
3,14,135
3,14,135
3,14,135
3,14,135
3,14,135
3,14,135
3,14,135
3,14,135
3,14,135
3,14,135
3,14,135
3,14,135
3,14,135
3,14,135
3,14,135
4,15,136
4,15,136
3,14,135
3,14,135
3,14,135
3,14,135
3,14,135
3,14,135
3,14,135
3,14,135
3,14,135
3,14,135
3,14,135
3,14,133
2,14,132
2,14,132
2,14,132
2,14,131
2,15,131
2,15,131
2,15,130
2,15,129
1,15,128
1,15,128
1,15,127
0,14,127
0,14,127
0,14,127
1,14,124
1,14,124
1,14,124
1,14,124
1,14,124
1,14,124
1,14,125
2,14,125
1,14,125
1,15,126
1,14,126
0,14,126
0,14,126
0,14,127
0,14,127
0,14,127
0,15,127
1,15,126
0,15,126
0,14,126
0,14,126
0,14,126
1,15,127
1,15,127
1,15,127
1,15,127
1,15,127
1,15,127
1,15,127
1,15,127
1,15,127
1,15,127
1,15,127
1,15,127
1,15,128
1,15,128
1,15,128
0,14,127
0,14,127
0,14,127
0,14,127
0,14,127
0,14,128
1,14,128
1,15,129
2,15,129
2,15,131
2,15,131
2,15,131
2,15,131
2,15,131
1,15,130
1,15,128
1,14,128
1,14,128
2,14,128
3,14,128
3,14,128
3,14,127
2,14,127
2,14,126
2,14,126
2,14,126
2,14,125
1,14,125
1,14,125
1,14,125
1,14,125
1,14,126
1,14,126
1,13,126
2,13,127
2,13,127
2,13,127
2,13,127
2,13,127
1,14,128
1,14,128
1,14,130
1,14,130
1,14,130
1,14,130
0,13,129
0,13,129
0,13,129
1,14,130
1,14,130
1,14,130
1,14,130
1,14,130
1,14,130
1,14,130
1,14,130
1,14,130
0,14,129
0,15,129
0,15,129
0,15,130
0,15,130
0,14,130
0,14,130
0,14,130
0,14,130
1,14,130
1,14,130
1,14,131
2,14,131
2,14,132
2,14,132
2,14,132
2,14,132
2,14,132
2,14,132
2,14,132
2,14,132
2,15,131
2,15,131
2,14,131
1,14,131
1,14,131
1,14,131
2,14,131
2,15,131
2,15,131
2,15,131
2,14,132
2,14,132
2,14,132
2,14,132
2,14,132
2,14,132
2,14,132
2,14,132
2,14,132
2,14,132
2,14,132
2,14,132
2,14,132
2,14,132
2,14,132
2,14,133
2,14,134
2,14,134
2,14,134
3,14,135
3,14,135
3,14,135
2,14,134
2,14,134
2,13,134
2,13,134
2,13,134
2,13,134
2,13,134
3,14,135
3,14,135
3,14,135
3,14,135
3,14,135
3,14,135
3,14,135
3,14,135
3,14,135
3,14,135
3,14,135
3,14,135
3,14,135
3,14,135
3,14,135
4,15,136
4,15,136
3,14,135
3,14,135
3,14,135
3,14,135
3,14,135
3,14,135
3,14,135
3,14,134
3,14,135
3,14,134
3,14,134
3,14,133
3,14,133
2,14,132
2,14,132
2,14,131
2,15,131
2,15,131
2,15,130
1,15,129
1,15,128
1,15,128
0,14,127
0,14,127
0,14,127
0,14,127
1,14,124
1,14,124
1,14,124
1,14,124
1,14,124
2,15,125
2,15,125
2,14,125
1,14,125
1,14,126
1,14,126
0,14,126
0,14,127
1,15,127
1,15,127
1,15,127
1,15,127
1,15,127
1,15,127
1,15,127
1,15,126
1,15,127
1,15,127
1,15,127
0,14,127
1,15,127
1,15,127
1,15,127
1,15,127
1,15,127
1,15,127
1,15,127
1,15,127
1,15,128
1,15,128
1,15,128
1,15,128
1,15,128
0,14,127
0,14,127
0,14,127
0,14,127
0,14,127
1,14,129
2,15,129
2,15,129
2,15,130
2,15,131
2,15,131
2,15,131
2,15,131
1,15,130
1,15,130
1,14,129
1,14,128
1,14,128
2,14,128
2,14,127
2,14,127
2,14,127
2,14,126
2,14,126
2,14,126
2,14,126
2,14,125
2,14,125
1,14,125
1,14,125
1,13,125
1,13,126
1,13,126
2,13,126
1,13,127
1,13,127
1,13,127
1,13,127
1,14,128
1,14,128
1,14,130
1,14,130
1,14,130
0,13,129
0,13,129
0,13,129
0,13,129
1,14,130
1,14,130
1,14,130
1,14,130
1,14,130
1,14,131
1,14,131
1,14,131
0,14,130
0,14,130
0,14,130
0,15,130
0,15,130
0,15,130
0,15,130
0,14,130
0,14,130
1,14,130
1,14,130
1,14,130
1,14,131
1,14,131
2,14,132
2,14,132
2,14,132
2,14,132
2,14,132
2,14,132
2,14,132
2,14,132
2,15,132
2,15,131
2,14,131
2,14,131
2,14,131
1,14,131
1,14,131
2,14,131
2,15,131
2,14,131
2,14,132
2,14,132
2,14,132
2,14,132
2,14,132
2,14,132
2,14,132
2,14,132
2,14,132
2,14,132
2,14,132
2,14,132
2,14,132
2,14,132
2,14,132
2,14,132
2,14,132
2,14,132
2,14,134
2,14,134
3,14,135
3,14,135
2,14,134
2,14,134
2,14,134
2,13,134
2,13,134
2,13,134
2,14,134
3,14,135
3,14,135
3,14,135
3,14,135
3,14,135
3,14,135
3,14,135
3,14,135
3,14,135
3,14,135
3,14,135
3,14,135
3,14,135
3,14,135
4,15,136
4,15,136
4,15,136
3,14,135
3,14,135
3,14,135
3,14,135
3,14,135
3,14,135
2,14,134
2,14,134
3,14,134
3,14,134
3,15,133
3,15,133
3,14,133
2,14,132
2,14,132
2,14,131
2,15,131
2,15,131
2,15,130
1,15,129
1,15,128
1,15,128
0,14,127
0,14,127
0,14,127
0,14,127
1,14,124
1,14,124
1,14,124
1,14,124
1,14,124
2,15,125
2,15,125
2,15,125
1,14,125
1,14,126
1,14,126
1,14,126
1,15,127
1,15,127
1,15,127
1,15,128
1,15,128
1,15,127
1,15,127
1,15,127
1,15,127
1,15,127
1,15,127
1,15,127
1,15,127
1,15,127
1,15,127
1,15,127
1,15,127
1,15,127
1,15,127
1,15,127
1,15,128
1,15,128
1,15,128
1,15,128
1,15,128
1,15,128
1,15,128
1,15,128
1,15,128
1,14,128
1,14,128
1,14,128
1,15,129
2,15,129
2,16,129
2,15,129
2,15,131
2,15,131
2,15,131
2,15,131
2,15,131
1,15,130
1,14,130
1,14,129
1,14,128
1,14,127
1,14,127
0,14,127
1,14,126
2,14,126
2,14,126
2,14,126
2,14,126
2,14,126
2,14,125
1,13,125
1,13,125
1,13,125
1,13,125
1,13,126
2,13,126
1,13,127
1,13,127
1,13,127
1,14,128
1,14,128
1,14,128
1,14,129
1,14,130
1,14,130
0,13,129
0,13,129
0,13,129
0,13,129
1,14,130
1,14,130
1,14,130
1,14,130
1,14,131
1,14,131
1,14,131
1,13,131
0,14,131
0,14,130
0,14,130
0,14,130
0,14,130
0,14,131
0,15,131
1,14,130
1,14,130
1,14,130
1,14,130
1,14,130
1,14,131
1,14,131
2,14,132
2,14,132
2,14,132
2,14,132
2,14,132
2,14,132
2,14,132
2,14,132
2,14,132
2,14,132
2,14,132
2,14,131
2,14,131
1,14,131
1,14,131
2,14,131
2,15,131
2,14,132
2,14,132
2,14,132
2,14,132
2,14,132
2,14,132
2,14,132
2,14,132
2,14,132
2,14,132
2,14,132
2,14,132
2,14,132
2,14,132
2,14,132
2,14,132
2,14,132
2,14,132
2,14,132
2,14,132
2,14,132
2,14,132
2,14,132
2,14,132
2,14,132
2,14,132
2,14,132
2,13,132
2,13,134
2,14,134
3,14,135
3,14,135
3,14,135
3,14,135
3,14,135
3,14,135
3,14,135
3,14,135
3,14,135
3,14,135
3,14,135
3,14,135
3,14,135
4,15,136
4,15,136
4,15,136
4,15,136
3,14,135
3,14,135
3,14,135
3,14,135
3,14,135
3,14,135
2,14,134
2,14,134
2,14,134
3,14,133
3,15,133
3,15,133
3,15,133
2,15,132
2,14,132
2,14,131
2,15,131
2,15,131
2,15,130
1,15,129
1,15,128
1,15,128
0,14,127
0,14,127
0,14,127
0,14,127
0,14,127
1,14,125
2,15,125
2,15,125
2,15,125
2,15,125
2,15,125
2,15,125
2,15,125
1,15,125
1,14,126
1,15,126
1,15,127
1,15,127
1,15,128
1,15,128
1,15,128
1,15,128
1,15,127
1,15,127
1,15,127
1,15,127
0,14,127
0,14,127
0,14,127
0,14,127
0,14,127
0,14,127
0,14,127
0,14,127
0,14,127
0,14,127
1,15,127
1,15,128
1,15,128
1,15,128
1,15,128
1,15,128
1,15,128
1,15,128
1,15,128
1,15,128
1,15,128
1,15,128
1,15,129
2,15,129
2,16,129
2,16,129
2,16,129
2,15,130
2,15,131
2,15,131
2,15,131
2,15,131
2,15,131
1,14,130
1,14,129
1,14,129
0,14,127
0,14,127
0,14,126
0,14,126
1,14,126
2,14,127
2,14,127
2,14,127
2,14,126
2,13,126
1,13,125
1,13,125
1,13,125
1,13,125
1,13,125
1,13,126
1,13,126
1,13,127
1,14,127
1,14,128
1,14,128
1,14,128
1,14,129
1,14,129
0,13,129
0,13,129
0,13,129
0,13,129
1,13,130
1,14,130
1,14,130
1,14,130
1,14,130
1,14,131
1,14,131
1,13,131
0,13,131
0,13,131
0,14,131
0,14,130
0,14,130
0,14,130
0,14,131
1,15,131
1,15,131
1,14,130
1,14,130
1,14,130
1,14,130
1,14,131
1,14,131
2,14,132
2,14,132
2,14,132
2,14,132
2,14,132
2,14,132
2,14,132
2,14,132
2,14,132
2,14,132
2,14,132
2,14,132
2,14,131
2,14,131
2,14,131
2,15,131
2,15,131
2,15,132
2,15,132
2,14,132
2,14,132
2,14,132
2,14,132
2,14,132
2,14,132
2,14,132
2,14,132
2,14,132
2,14,132
2,14,132
2,14,132
2,14,132
2,14,132
2,14,132
2,14,132
2,14,132
2,14,132
2,14,132
2,14,132
2,14,132
2,14,132
2,14,132
2,14,132
2,14,132
2,14,132
2,14,134
2,14,134
3,14,135
3,14,135
3,14,135
3,14,135
3,14,135
3,14,135
3,14,135
3,14,135
3,14,135
3,14,135
3,14,135
3,14,135
4,15,136
4,15,136
4,15,136
4,15,136
3,14,135
3,14,135
3,14,135
3,14,135
3,14,135
3,14,135
3,14,135
2,14,134
2,14,134
2,14,133
2,14,133
3,15,133
3,15,133
3,14,133
2,15,132
2,15,132
2,15,131
2,15,131
2,15,131
2,15,131
1,15,128
1,15,128
1,15,128
1,15,128
0,14,127
0,14,127
0,14,127
0,14,127
2,15,125
2,15,125
2,15,125
2,15,125
2,15,125
2,15,125
2,15,125
1,14,125
1,14,125
1,14,126
1,14,126
1,15,127
1,15,127
1,15,128
1,15,128
1,15,128
1,15,128
1,15,128
1,15,128
1,15,128
1,15,128
0,14,127
0,14,127
0,14,127
0,14,127
0,14,127
0,14,127
0,14,127
0,14,127
0,14,127
1,15,128
1,15,128
1,15,128
1,15,128
1,15,128
1,15,128
1,15,128
1,15,128
1,15,128
1,15,128
1,15,128
1,15,128
1,15,128
1,15,128
2,16,129
2,16,129
2,16,129
2,16,129
2,15,129
2,15,130
2,15,131
2,15,131
2,15,131
1,15,130
1,14,130
1,14,130
1,14,129
0,14,128
0,14,127
0,14,126
0,14,126
1,14,127
1,14,127
2,14,127
2,14,127
2,13,127
2,13,126
2,13,126
1,13,125
1,13,125
1,13,125
1,13,125
1,13,125
1,13,126
1,13,127
1,14,127
1,14,128
1,14,128
1,14,128
0,14,128
0,14,129
0,13,129
0,13,129
0,13,129
1,13,129
1,13,129
1,14,130
1,14,130
1,14,130
1,14,130
1,14,131
1,14,131
1,14,131
1,13,131
0,14,131
0,14,131
0,14,130
0,14,130
0,14,130
1,14,130
1,14,130
1,14,130
2,15,131
1,14,131
1,14,130
1,14,131
1,14,131
2,14,132
2,14,132
2,14,132
2,14,132
2,14,132
2,14,132
2,14,132
2,14,132
2,14,132
2,14,132
2,14,132
2,14,132
2,14,132
2,14,132
2,14,131
2,14,131
2,14,131
2,15,131
2,15,131
2,15,132
2,15,132
2,14,132
2,14,132
2,14,132
2,14,132
2,14,132
2,14,132
2,14,132
2,14,132
2,14,132
2,14,132
2,14,132
2,14,132
2,14,132
2,14,132
2,14,132
2,14,132
2,14,132
2,14,132
2,14,132
2,14,132
2,14,132
2,14,132
2,14,132
2,14,132
2,14,132
2,14,132
2,14,134
3,14,135
3,14,135
3,14,135
3,14,135
3,14,135
3,14,135
3,14,135
3,14,135
3,14,135
3,14,135
3,14,135
3,14,135
4,15,136
4,15,136
4,15,136
3,14,135
3,14,135
3,14,135
3,14,135
3,14,135
3,14,135
3,14,135
2,14,134
2,14,134
2,14,132
2,14,132
2,14,132
3,15,133
3,15,133
2,14,132
2,15,132
2,15,132
2,15,131
2,15,131
2,15,131
2,15,131
1,15,128
1,15,128
1,15,128
0,14,127
0,14,127
1,15,127
0,14,127
0,14,127
2,15,125
2,15,125
2,15,125
2,15,125
2,15,125
2,15,125
2,15,125
1,14,125
1,14,125
1,14,126
1,14,126
0,14,126
1,15,127
1,15,128
1,15,128
1,15,128
1,15,128
1,15,128
1,15,128
1,15,128
1,15,128
1,15,128
1,15,128
0,14,127
0,14,127
0,14,127
0,14,127
0,14,127
0,14,127
1,15,128
1,15,128
1,15,128
1,15,128
1,15,128
1,15,128
1,15,128
1,15,128
1,15,128
1,15,128
1,15,128
1,15,128
1,15,128
1,15,128
1,15,128
1,15,128
2,16,129
2,16,129
2,16,129
2,15,129
2,15,130
2,15,130
2,15,131
2,15,131
1,14,130
1,14,130
1,14,129
0,14,128
0,14,128
0,14,127
0,14,127
0,14,127
1,14,127
1,14,127
2,14,127
2,13,127
2,13,127
2,13,127
2,13,126
1,13,125
1,13,125
1,13,125
1,13,125
1,12,126
1,13,126
1,13,126
1,14,127
1,14,127
1,14,128
1,14,128
0,14,128
0,13,128
0,13,129
0,13,129
1,13,129
2,13,129
2,13,129
2,14,129
1,13,130
1,13,130
1,13,130
1,13,130
1,13,131
1,13,131
1,13,131
0,14,131
0,14,130
0,14,130
0,14,130
0,14,130
1,14,130
1,14,130
1,14,130
1,14,130
2,14,131
2,14,131
2,14,131
2,14,132
2,14,132
2,14,132
2,14,132
2,14,132
2,14,132
2,14,132
2,14,132
2,14,132
2,14,132
2,14,132
2,14,132
2,14,132
2,14,132
2,14,131
2,14,131
2,14,131
2,15,131
2,15,131
2,15,131
2,15,131
2,15,132
2,14,132
2,14,132
2,14,132
2,14,132
2,14,132
2,14,132
2,14,132
2,14,132
2,14,132
2,14,132
2,14,132
2,14,132
2,14,132
2,14,132
2,14,132
2,14,132
2,14,132
2,14,132
2,14,132
2,14,132
2,14,132
2,14,132
2,14,132
2,14,132
2,14,132
2,14,134
2,14,134
3,14,135
3,14,135
3,14,135
3,14,135
3,14,135
3,14,135
3,14,135
3,14,135
3,14,135
3,14,135
3,14,135
3,14,135
4,15,136
4,15,136
4,15,136
3,14,135
3,14,135
3,14,135
3,14,135
3,14,135
3,14,135
3,14,135
2,14,134
2,14,134
2,14,132
2,14,132
2,14,132
2,14,132
2,14,132
2,14,132
2,14,132
2,14,132
2,15,131
2,15,131
2,15,131
2,15,131
1,15,128
1,15,128
1,15,127
0,14,127
0,14,126
0,14,126
0,14,126
0,14,126
2,15,125
2,15,125
2,15,125
2,15,125
2,15,125
2,15,125
2,15,125
1,14,125
1,14,125
1,14,126
0,14,126
0,14,126
0,14,126
0,14,127
1,15,127
1,15,127
1,15,128
1,15,128
1,15,128
1,15,128
1,15,128
0,14,127
0,14,127
0,14,127
0,14,127
0,14,127
0,14,127
1,15,128
0,14,127
1,15,128
1,15,128
1,15,128
1,15,128
1,15,128
1,15,128
1,15,128
1,15,128
1,15,128
1,15,128
1,15,128
1,15,128
1,15,128
1,15,128
1,15,128
2,15,129
2,16,129
2,16,129
2,15,129
2,15,129
1,15,129
1,15,130
1,15,130
1,15,130
1,15,130
1,14,129
1,14,128
0,14,128
0,14,128
0,14,128
0,14,127
1,15,127
1,15,127
1,14,127
2,14,127
2,13,127
2,13,127
2,13,127
2,13,127
2,13,126
1,13,126
1,13,126
1,13,126
1,12,126
1,13,126
1,13,127
1,14,127
1,14,127
1,14,128
1,14,128
0,14,128
0,14,128
1,13,128
1,13,128
2,13,128
3,13,128
3,13,128
3,13,128
2,13,128
1,13,129
1,13,129
1,13,130
1,14,130
1,14,130
0,14,130
0,14,130
0,14,130
0,14,130
0,14,130
0,14,130
1,14,130
1,14,130
1,14,130
1,14,130
1,14,131
2,14,131
2,14,131
2,14,132
2,14,132
2,14,132
2,14,133
2,14,133
2,14,133
2,14,132
2,14,132
2,14,132
2,14,132
2,14,132
2,14,132
2,14,132
2,14,131
2,14,131
2,15,131
2,15,131
2,15,130
2,15,130
2,15,130
2,15,131
2,15,131
2,14,131
2,14,131
2,14,131
2,14,131
2,14,131
2,14,131
2,14,131
2,14,131
2,14,132
2,14,132
2,14,132
2,14,132
2,14,132
2,14,132
2,14,132
2,14,132
2,14,132
2,14,132
2,14,132
2,14,132
2,14,132
2,14,132
2,14,132
2,14,132
2,14,133
2,14,134
2,14,134
3,14,135
3,14,135
3,14,135
3,14,135
3,14,135
3,14,135
3,14,134
3,14,135
3,14,135
3,14,135
3,14,135
3,15,135
3,15,135
3,15,135
3,15,135
3,14,135
3,14,135
3,14,135
3,14,135
3,14,135
3,14,135
2,13,134
2,14,134
2,14,134
2,14,132
2,14,132
2,14,132
2,14,132
2,14,132
2,14,132
2,14,132
2,14,132
2,15,131
2,15,131
2,15,131
2,15,131
1,15,128
1,15,128
0,14,127
0,14,126
0,14,126
0,14,126
0,14,126
0,14,126
2,15,125
2,15,125
2,15,125
2,15,125
1,14,124
1,14,124
1,14,124
1,14,125
1,14,125
0,14,126
0,14,126
0,14,126
0,14,126
0,14,126
0,14,127
0,14,127
1,15,128
1,15,128
1,15,128
1,15,128
1,15,128
1,15,128
0,14,127
0,14,127
0,14,127
0,14,127
0,14,127
0,14,127
0,14,127
0,14,127
0,14,127
0,14,127
1,15,128
1,15,128
1,15,128
1,15,128
1,15,128
1,15,128
1,15,128
1,15,128
1,15,128
1,15,128
1,15,128
1,15,128
2,15,129
2,15,129
2,15,129
2,15,129
2,15,129
1,15,128
1,15,129
1,15,129
1,15,129
1,15,129
1,15,128
1,14,128
1,15,128
1,15,128
1,15,128
1,15,128
1,15,128
1,15,128
1,14,128
2,14,127
2,14,127
2,13,127
2,13,127
2,13,127
2,13,127
2,13,126
2,13,126
2,13,126
2,13,126
1,13,127
1,13,127
1,14,127
1,14,127
1,14,128
1,14,128
1,14,128
1,14,128
2,13,128
2,13,128
2,13,128
3,14,128
3,14,128
3,14,128
2,13,128
1,13,128
1,13,128
1,13,129
1,14,130
1,14,130
0,14,130
0,14,130
0,14,130
0,14,130
0,14,130
0,14,130
1,14,130
1,14,130
1,14,130
1,14,130
1,14,130
2,14,131
2,14,132
2,14,132
2,14,132
2,14,133
2,14,134
2,14,134
2,14,133
2,14,132
2,14,132
2,14,132
2,14,132
2,14,132
2,14,132
2,14,131
2,15,131
2,15,131
2,15,131
2,15,130
1,15,130
1,15,129
1,15,129
1,15,129
1,15,129
1,15,130
2,15,130
2,15,130
2,15,131
2,15,131
2,14,131
2,14,130
1,14,131
2,14,131
2,14,132
2,14,132
2,14,132
2,14,132
2,14,132
2,14,132
2,14,132
2,14,132
2,14,132
2,14,132
2,14,132
2,14,132
2,14,132
2,14,132
2,14,132
2,14,133
2,14,134
2,14,134
3,14,135
3,14,135
3,14,135
3,14,135
3,14,135
3,14,134
3,14,134
3,14,134
3,14,135
3,15,135
3,15,135
3,15,135
3,15,135
3,14,135
3,14,135
3,14,135
3,14,134
2,14,134
2,14,134
2,14,134
2,14,134
2,13,134
2,13,134
2,14,134
2,14,132
2,14,132
2,14,132
2,14,132
2,14,132
2,14,132
2,14,132
2,14,132
2,15,131
2,15,131
2,15,131
2,15,131
1,15,128
1,15,127
0,14,127
0,14,126
0,14,126
0,14,126
0,14,126
0,14,126
2,15,125
2,15,125
2,14,125
1,14,125
1,14,124
1,14,124
1,14,124
1,14,124
1,14,125
0,14,126
0,14,126
0,14,126
0,14,126
0,14,126
0,14,126
0,14,126
0,14,127
1,15,128
1,15,128
1,15,128
1,15,128
1,15,128
1,15,128
1,15,128
1,15,128
1,15,128
1,15,128
1,15,128
1,15,128
1,15,128
0,14,127
1,15,128
1,15,128
1,15,128
1,15,128
2,16,129
2,16,129
2,16,129
1,15,128
1,15,128
1,15,128
1,15,128
1,15,128
1,15,128
1,15,129
1,15,129
1,15,128
1,15,128
1,15,128
1,15,128
1,14,128
1,14,128
1,14,128
1,14,128
1,15,128
1,15,128
1,15,128
1,15,128
1,15,128
1,15,128
1,15,128
1,15,128
1,15,128
2,14,128
3,14,128
3,14,128
2,14,127
2,13,127
2,13,127
2,13,127
2,13,127
2,13,127
2,13,127
1,13,127
1,13,127
1,14,127
1,14,128
1,14,128
1,14,128
1,14,128
2,14,128
3,14,128
3,14,127
3,14,127
3,14,127
3,14,127
3,14,127
2,14,127
2,13,127
1,13,127
1,13,127
1,14,128
1,14,129
0,14,129
0,14,129
0,14,129
0,14,128
0,15,128
0,15,128
1,14,129
1,14,130
1,14,130
1,14,130
1,14,130
2,14,131
2,14,132
2,14,132
2,14,132
2,14,134
2,14,134
2,14,134
2,14,134
2,14,133
2,14,132
2,14,132
2,14,132
2,14,132
2,14,131
2,15,131
2,15,131
2,15,131
1,15,130
1,15,130
1,15,128
1,14,128
1,15,128
1,15,128
1,15,128
1,15,128
1,15,129
1,15,129
2,15,129
1,15,130
1,15,130
1,14,130
1,14,130
1,14,131
2,14,132
2,14,132
2,14,132
2,14,132
2,14,132
2,14,132
2,14,132
2,14,132
2,14,132
2,14,132
2,14,132
2,14,132
2,14,132
2,14,132
2,14,133
2,14,133
3,14,134
3,14,134
3,14,135
3,14,135
3,14,135
3,14,135
3,14,135
3,15,134
3,15,134
3,15,134
3,15,134
3,15,133
3,15,133
3,15,133
3,15,133
3,14,133
3,14,133
2,14,133
2,14,132
2,14,132
2,14,133
2,14,134
2,14,134
2,13,134
2,13,134
2,14,134
2,14,132
2,14,132
2,14,132
2,14,132
2,14,132
2,14,132
2,14,132
2,14,132
2,15,131
2,15,131
2,15,131
2,15,131
1,15,127
0,14,127
0,14,126
0,14,126
0,14,126
0,14,126
0,14,126
0,14,126
2,14,125
2,14,125
2,14,125
1,14,125
1,14,124
1,14,124
1,14,124
1,14,125
1,14,126
1,14,126
0,14,126
0,14,126
0,14,126
0,14,126
0,14,126
0,14,126
0,14,127
1,15,128
1,15,128
1,15,128
1,15,128
1,15,128
1,15,128
1,15,128
1,15,128
1,15,128
1,15,128
1,15,128
1,15,128
0,14,127
0,14,127
0,14,127
1,15,128
1,15,128
1,15,128
1,15,128
2,16,129
1,15,128
1,15,128
2,15,129
2,15,129
1,15,129
1,15,129
1,14,129
1,14,129
1,15,129
1,15,129
1,15,129
1,15,128
1,15,128
1,15,128
1,15,128
1,15,128
1,15,128
1,15,128
1,14,128
0,14,127
0,14,127
1,15,128
1,15,128
1,15,128
1,15,128
1,15,128
2,15,128
3,14,128
3,14,128
3,14,128
2,14,127
2,13,127
2,13,127
2,13,127
2,13,127
2,13,127
1,13,127
1,14,127
1,14,128
1,14,128
1,14,128
1,14,128
2,14,128
3,14,128
3,14,128
3,14,128
3,14,127
3,14,127
3,14,127
2,14,127
2,13,127
2,13,127
1,13,127
1,13,127
0,13,127
0,14,127
0,14,128
0,14,128
0,14,128
0,15,128
0,15,128
0,15,128
1,15,128
1,14,129
1,14,129
1,14,130
1,14,130
1,14,130
2,14,131
2,14,132
2,14,132
2,14,134
2,14,134
2,14,134
2,14,134
2,14,133
2,14,132
2,14,132
2,14,132
2,14,132
2,14,131
2,15,131
2,15,131
2,15,131
1,15,130
1,15,128
1,15,128
1,15,128
1,15,128
1,15,128
1,15,128
1,15,128
1,15,128
1,15,128
1,15,129
1,15,129
1,15,130
1,14,130
1,14,130
1,14,131
2,14,132
2,14,132
2,14,132
3,14,133
3,14,133
2,14,132
2,14,132
2,14,132
2,14,132
2,14,132
2,14,132
2,14,132
3,15,133
3,15,133
3,14,133
3,14,133
3,14,134
3,14,135
3,14,135
3,14,135
3,14,135
3,14,135
4,15,135
4,16,134
4,16,134
3,15,134
3,15,134
3,15,133
3,15,133
3,15,133
3,15,133
3,14,133
2,14,132
2,14,132
2,14,132
2,14,132
2,14,133
2,14,133
2,14,134
2,13,134
2,13,134
2,13,134
2,14,132
2,14,132
2,14,132
2,14,132
2,14,132
2,14,132
2,14,132
2,14,132
2,15,131
2,15,131
2,15,131
2,15,129
1,15,127
0,14,127
0,14,126
0,14,126
0,14,126
0,14,126
0,14,126
0,14,126
2,14,126
2,14,126
2,14,125
2,14,125
1,14,125
1,14,125
2,14,125
1,14,125
1,14,126
1,14,126
0,14,126
0,14,126
0,14,126
0,14,126
0,14,126
0,14,126
0,14,127
0,14,127
1,15,128
1,15,128
1,15,128
1,15,128
1,15,128
1,15,128
1,15,128
1,15,128
1,15,128
1,15,128
0,14,127
0,14,127
0,14,127
0,14,127
0,14,127
1,15,128
1,15,128
1,15,128
1,15,128
1,15,128
1,15,128
1,15,129
2,15,129
1,15,129
1,14,129
1,14,130
1,14,130
1,14,129
1,15,129
1,15,129
1,15,128
1,15,128
1,15,128
1,15,128
1,15,128
1,15,128
1,15,128
0,14,127
0,14,127
0,14,127
1,15,128
1,15,128
1,15,128
1,15,128
1,15,128
2,15,128
2,15,128
3,14,128
3,14,128
3,14,128
3,14,128
2,13,127
2,13,127
2,13,127
2,13,127
2,13,127
1,14,127
1,14,128
1,14,128
1,14,129
1,14,128
3,14,128
3,14,128
3,14,128
3,14,128
3,14,128
3,14,127
3,14,127
2,14,127
2,14,127
2,13,127
1,13,127
1,13,126
0,13,126
0,14,127
0,14,127
0,14,128
0,15,128
0,15,128
0,15,128
0,15,128
1,15,128
1,15,128
1,14,129
1,14,130
1,14,130
1,14,130
1,14,131
2,14,132
2,14,132
2,14,133
2,14,134
2,14,134
2,14,134
2,14,132
2,14,132
2,14,132
2,14,132
2,14,131
1,14,131
2,15,131
2,15,131
2,15,131
2,15,130
1,15,128
1,15,128
1,15,128
1,15,128
1,15,128
1,15,128
1,15,128
1,15,128
1,15,128
2,15,129
2,15,129
2,15,130
1,14,130
1,14,131
2,14,131
2,14,132
2,14,132
3,14,133
3,14,133
3,14,133
3,14,135
3,14,135
3,14,133
3,14,133
3,15,133
3,15,133
3,15,133
3,15,133
3,15,133
3,14,133
3,14,133
3,14,134
3,14,135
3,14,135
3,14,135
3,14,135
3,14,135
4,15,135
4,16,134
4,16,134
4,15,134
3,15,134
3,15,133
3,15,133
3,15,133
3,15,133
2,14,133
2,14,132
2,14,132
2,14,132
2,14,132
2,14,133
2,14,133
3,14,134
2,13,134
2,13,134
2,14,134
2,14,132
2,14,132
2,14,132
2,14,132
2,14,132
2,14,132
2,14,132
2,14,132
2,15,131
2,15,131
2,15,131
2,15,129
1,15,128
1,15,127
0,14,126
0,14,126
0,14,126
0,14,126
0,14,126
0,14,126
2,14,126
2,14,126
2,14,126
2,14,126
1,14,125
2,14,125
2,14,126
1,14,126
1,14,126
1,14,126
0,14,126
0,14,126
0,14,126
0,14,126
0,14,126
0,14,126
0,14,127
0,14,127
0,14,127
0,14,127
1,15,128
1,15,128
2,16,129
2,16,129
2,16,129
1,15,128
1,15,128
1,15,128
0,14,127
0,14,127
0,14,127
0,14,127
1,15,128
1,15,128
1,15,128
1,15,128
1,15,128
1,15,128
1,15,128
1,15,129
1,15,129
1,14,130
1,14,130
1,14,130
1,14,130
1,14,129
1,15,129
1,15,129
1,15,128
1,15,128
1,15,128
1,15,128
1,15,128
0,14,127
0,14,127
0,14,127
0,14,127
0,14,127
1,15,128
1,15,128
1,15,128
1,15,128
1,15,128
1,15,128
1,15,128
2,14,128
3,14,128
3,14,128
3,14,128
2,13,127
2,13,127
2,13,127
2,13,127
1,14,127
1,14,128
1,14,128
1,14,130
1,14,130
1,14,129
2,14,128
3,14,128
3,14,128
3,14,128
3,14,128
3,14,127
3,14,127
3,14,127
2,14,127
2,13,127
1,13,127
0,13,127
0,14,127
0,14,127
0,14,127
0,14,127
0,14,128
0,15,128
0,15,128
0,15,128
0,15,128
1,15,128
1,14,129
1,14,130
1,14,130
1,14,130
1,14,130
1,14,131
2,14,132
2,14,132
2,14,132
2,14,133
2,14,132
2,14,132
2,14,132
2,14,132
2,14,132
2,14,131
2,14,131
2,15,131
2,15,131
2,15,131
2,15,130
2,15,130
1,15,128
1,15,128
1,15,128
1,15,128
1,15,128
2,15,129
2,15,129
2,15,129
2,15,130
2,15,130
2,15,131
2,15,131
2,14,131
2,14,132
2,14,132
3,14,133
3,14,133
3,14,133
3,14,135
3,14,135
3,14,135
3,15,135
3,15,135
3,15,133
3,15,133
3,15,133
3,15,133
3,15,133
3,15,133
3,14,133
3,14,134
3,14,135
3,14,135
3,14,135
3,14,135
3,14,135
4,15,135
4,15,135
4,15,134
4,15,134
4,15,134
3,15,134
3,15,133
3,15,133
2,14,133
2,14,133
2,14,133
2,14,132
2,14,132
2,14,133
2,14,133
3,14,134
3,14,135
3,14,135
2,14,134
2,14,134
2,14,132
2,14,132
2,14,132
2,14,132
2,14,132
2,14,132
2,14,132
2,14,132
2,15,131
2,15,131
2,15,131
2,15,129
1,15,128
1,15,127
0,14,126
0,14,126
0,14,126
0,14,126
0,14,126
1,15,127
2,14,126
2,14,126
3,15,127
2,14,126
2,14,126
2,14,126
2,14,126
2,14,126
1,14,126
1,14,126
1,14,126
0,14,126
0,14,126
0,14,126
0,14,126
0,14,126
0,14,127
0,14,127
0,14,127
0,14,127
1,15,128
1,15,128
2,16,129
1,15,128
1,15,128
1,15,128
1,15,128
0,14,127
0,14,127
0,14,127
0,14,127
0,14,127
1,15,128
1,15,128
1,15,128
1,15,128
1,15,128
1,15,128
1,15,128
1,15,129
1,15,130
1,14,130
1,14,130
1,14,130
1,14,130
1,14,130
1,14,129
1,15,129
1,15,128
1,15,128
1,15,128
1,15,128
1,15,128
0,14,127
0,14,126
0,14,127
0,14,127
0,14,127
1,15,128
1,15,128
1,15,128
1,15,128
1,15,128
1,15,128
1,15,128
1,14,128
2,14,128
3,14,128
3,14,128
3,14,128
2,14,128
2,14,127
1,14,127
1,14,128
1,14,128
1,14,128
1,14,130
1,14,130
1,14,130
1,14,130
2,14,128
3,14,128
3,14,128
3,14,128
3,14,128
3,14,128
3,14,128
2,14,127
2,14,127
1,13,127
0,13,127
0,14,127
0,14,127
0,14,127
0,14,127
0,14,128
0,14,128
0,15,128
0,15,128
0,15,128
1,14,129
1,14,129
1,14,130
1,14,130
1,14,130
1,14,130
1,14,130
1,14,131
1,14,131
2,14,132
2,14,132
2,14,132
2,14,132
2,14,132
2,14,132
2,14,132
2,14,131
2,14,131
2,14,131
2,15,131
2,15,131
2,15,131
2,15,131
2,15,130
1,15,129
2,15,129
2,15,129
2,15,129
2,15,129
2,15,129
2,15,131
2,15,131
2,15,131
2,15,131
2,15,131
2,15,132
2,15,132
3,15,133
3,14,133
3,14,135
3,14,135
3,14,135
3,14,135
3,15,135
4,15,136
4,15,136
3,15,135
3,15,133
3,15,133
3,15,133
3,15,133
3,15,133
3,14,133
3,14,135
3,14,135
3,14,135
3,14,135
3,14,135
3,14,135
3,14,135
4,15,135
4,15,135
4,15,135
3,15,135
3,15,135
3,15,134
3,14,134
3,14,134
2,14,134
2,14,134
2,14,134
2,14,134
2,14,134
3,14,134
3,14,135
3,14,135
3,14,135
3,14,135
2,14,134
2,14,132
2,14,132
2,14,132
2,14,132
2,14,132
2,14,132
2,14,132
2,14,132
2,15,131
2,15,131
2,15,131
2,15,129
1,15,127
0,14,127
0,14,126
0,14,126
0,14,126
0,14,126
1,15,127
1,15,127
3,15,127
3,15,127
3,15,127
3,15,127
3,15,127
2,14,126
2,14,126
2,14,126
1,14,126
1,14,126
1,14,126
0,14,126
0,14,126
0,14,126
0,14,126
0,14,127
0,14,127
0,14,127
0,14,127
1,15,128
1,15,128
1,15,128
2,16,129
1,15,128
1,15,128
1,15,128
1,15,128
0,14,127
0,14,127
0,14,127
0,14,127
0,14,127
1,15,128
1,15,128
1,15,128
1,15,128
1,15,128
1,15,128
1,15,129
1,15,130
2,15,130
2,15,130
1,14,130
1,14,130
1,14,130
1,14,130
1,15,129
2,15,129
2,15,129
1,15,128
1,15,128
1,15,128
1,15,128
0,14,127
0,14,126
0,14,126
0,14,127
0,14,127
1,15,128
1,15,128
1,15,128
1,15,128
1,15,128
1,15,128
1,15,128
1,14,128
2,14,128
2,14,128
3,14,128
3,14,128
2,14,128
2,14,128
1,14,128
1,14,128
1,14,128
1,14,130
1,14,130
1,14,130
1,14,130
1,14,130
1,14,129
1,14,128
3,14,128
3,14,128
3,14,128
3,14,128
3,14,128
2,14,128
2,14,128
1,14,128
1,14,127
0,14,127
0,14,127
0,14,128
0,14,128
0,14,128
0,14,128
0,14,128
0,14,128
0,14,129
0,14,129
1,14,129
1,14,130
1,14,130
1,14,130
1,14,130
1,14,130
1,14,131
1,14,131
1,13,131
1,13,131
2,13,132
2,14,132
2,14,132
2,14,132
2,14,132
2,14,132
2,14,132
2,14,131
2,14,131
2,15,131
2,15,131
2,15,131
2,15,131
2,15,131
2,15,131
2,15,129
2,15,129
2,15,131
2,15,131
2,15,131
2,15,131
2,15,131
2,15,132
2,15,132
2,15,132
3,15,133
3,15,133
3,14,133
3,14,135
3,14,135
3,14,135
3,14,135
3,15,135
4,15,136
4,15,136
3,15,135
3,15,135
3,15,133
3,15,133
3,15,133
3,15,133
3,14,133
3,14,135
3,14,135
3,14,135
3,14,135
3,14,135
3,14,135
3,14,135
3,14,135
4,15,135
3,15,135
3,15,135
3,14,135
3,14,135
3,14,134
3,14,134
2,14,134
2,13,134
2,13,134
2,14,134
3,14,134
3,14,135
3,14,135
3,14,135
3,14,135
3,14,135
3,14,134
2,14,132
2,14,132
2,14,132
2,14,132
2,14,132
2,14,132
2,14,132
2,14,132
2,15,131
2,15,131
2,15,131
2,15,129
1,15,127
1,15,127
0,14,127
0,14,126
0,14,126
0,14,126
1,15,127
1,15,127
3,15,127
3,15,127
3,15,127
3,15,127
3,15,127
2,14,126
2,14,126
2,14,126
1,14,126
1,15,127
1,15,127
0,14,126
0,14,126
0,14,126
0,14,126
0,14,127
0,14,127
0,14,127
0,14,127
1,15,128
1,15,128
1,15,128
1,15,128
1,15,128
1,15,128
1,15,128
1,15,128
0,14,127
0,14,127
0,14,127
0,14,127
1,15,128
1,15,128
1,15,128
1,15,128
1,15,128
1,15,128
1,15,129
1,15,129
1,15,130
2,15,131
2,15,131
2,15,131
2,15,131
2,15,131
1,15,130
1,15,129
2,15,129
2,16,129
1,15,128
1,15,128
1,15,128
1,15,127
0,14,127
0,14,126
0,14,126
0,14,126
1,15,127
1,15,128
1,15,128
1,15,128
1,15,128
1,15,128
0,14,127
0,14,127
0,14,127
1,14,127
2,14,127
2,14,127
2,14,127
2,14,127
2,14,127
1,14,128
1,14,128
1,14,128
1,14,130
1,14,130
1,14,130
1,14,130
1,14,130
1,14,129
1,14,129
1,14,129
2,14,129
3,14,128
3,14,128
2,14,128
2,14,128
2,15,128
1,15,128
1,14,129
0,14,129
0,14,129
0,14,129
0,14,129
0,14,130
0,14,129
0,14,129
0,14,129
0,14,129
1,14,129
1,14,130
1,14,130
1,14,130
1,14,130
1,14,130
1,14,130
1,14,130
1,14,130
1,14,131
1,13,131
1,13,131
1,13,131
2,14,132
2,14,132
2,14,132
2,14,132
2,14,132
2,14,132
2,14,132
2,14,132
2,14,131
2,15,131
2,15,131
2,15,131
2,15,131
2,15,131
2,15,131
2,15,131
2,15,131
2,15,132
2,14,132
2,14,132
2,15,132
2,15,132
2,14,133
3,14,133
3,14,134
3,14,135
3,14,135
3,14,135
3,14,135
3,14,135
3,14,135
4,15,136
4,15,136
3,14,135
3,15,135
3,15,135
3,14,133
3,14,133
3,14,133
3,14,133
3,14,135
3,14,135
3,14,135
3,14,135
3,14,135
3,14,135
3,14,135
3,14,135
3,14,135
3,14,135
3,14,135
3,14,135
3,14,135
3,14,135
3,14,135
3,14,135
2,13,134
2,13,134
3,14,135
3,14,135
3,14,135
3,14,135
3,14,135
3,14,135
3,14,135
3,14,135
2,14,133
2,14,132
2,14,132
2,14,132
2,14,132
2,14,132
2,14,132
2,14,132
2,15,131
2,15,131
2,15,131
2,15,129
1,15,127
1,15,127
0,14,127
0,14,126
0,14,126
0,14,126
0,14,126
0,14,126
3,15,127
3,15,127
3,15,127
3,15,127
3,15,127
2,14,126
2,14,126
2,14,126
1,14,126
1,14,126
1,14,126
0,14,126
0,14,126
0,14,126
0,14,126
0,14,127
0,14,127
0,14,127
1,15,128
1,15,128
1,15,128
1,15,128
1,15,128
1,15,128
1,15,128
1,15,128
1,15,128
0,14,127
0,14,127
0,14,127
1,15,128
1,15,128
1,15,128
1,15,128
1,15,128
1,15,128
1,15,128
1,15,129
1,15,130
2,15,130
2,15,131
2,15,131
2,15,131
2,15,131
2,15,131
2,15,130
1,15,129
1,15,129
1,15,128
1,15,128
1,15,128
1,15,128
1,15,127
0,14,127
0,14,126
0,14,126
0,14,126
1,15,127
1,15,127
1,15,128
1,15,128
1,15,128
0,14,127
0,14,127
0,14,127
0,14,127
1,14,127
1,14,127
2,14,127
2,14,127
2,14,127
1,14,128
1,14,128
1,14,128
1,14,128
1,14,130
1,14,130
1,14,130
1,14,130
1,14,130
1,14,129
1,14,129
1,14,129
1,14,129
1,14,129
1,14,128
2,14,128
2,14,128
2,15,128
1,15,129
1,15,129
0,14,129
0,14,129
0,14,129
0,14,130
0,14,130
0,14,130
0,14,130
0,14,130
0,14,130
1,14,130
1,14,130
1,14,130
1,14,130
1,14,130
1,14,130
1,14,130
1,14,130
1,14,130
1,14,131
1,13,131
1,13,131
1,13,131
1,13,131
2,14,132
2,14,132
2,14,132
2,14,132
2,14,132
2,14,132
2,14,132
2,14,132
2,14,131
2,14,131
2,14,131
2,15,131
2,15,131
2,14,131
2,14,131
2,14,132
2,14,132
2,14,132
2,14,132
2,14,133
2,14,133
2,14,133
2,14,133
3,14,134
3,14,134
3,14,135
3,14,135
3,14,135
3,14,135
3,14,135
3,14,135
3,14,135
3,14,135
3,14,135
3,14,135
3,14,135
3,14,133
3,14,133
3,14,133
3,14,135
3,14,135
3,14,135
3,14,135
3,14,135
3,14,135
3,14,135
3,14,135
3,14,135
3,14,135
3,14,135
3,14,135
3,14,135
3,14,135
3,14,135
3,14,135
3,14,135
3,14,135
3,14,135
3,14,135
3,14,135
3,14,135
3,14,135
3,14,135
3,14,135
3,14,135
3,14,133
2,14,132
2,14,132
2,14,132
2,14,132
2,14,132
2,14,132
2,14,132
2,15,131
2,15,131
2,15,131
2,15,129
2,15,128
1,15,127
1,15,127
1,15,127
1,15,127
1,15,127
1,15,127
0,14,126
2,15,127
3,15,127
3,15,127
3,15,127
2,15,126
2,15,126
2,14,126
2,14,126
1,14,126
1,14,126
1,14,126
1,14,126
0,14,126
0,14,126
0,14,126
0,14,126
0,14,127
0,14,127
0,14,127
1,15,128
1,15,128
1,15,128
1,15,128
1,15,128
1,15,128
1,15,128
1,15,128
1,15,128
0,14,127
0,14,127
0,14,127
1,15,128
1,15,128
1,15,128
1,15,128
1,15,128
1,15,128
1,15,128
1,15,129
1,15,130
2,15,130
2,15,131
2,15,131
2,15,131
2,15,131
2,15,131
2,15,130
2,15,129
1,15,129
1,15,128
1,15,128
1,15,128
1,15,128
1,15,127
1,15,127
1,15,127
1,15,127
1,15,127
1,15,127
1,15,128
1,15,127
1,15,127
1,15,127
1,15,127
0,14,127
1,15,127
1,15,127
1,14,127
1,14,127
1,14,127
1,14,127
1,14,127
1,14,128
1,15,128
1,15,128
1,14,128
1,14,130
1,14,130
1,14,130
1,14,130
1,14,130
0,14,129
0,14,129
0,14,129
0,14,129
1,14,128
1,14,128
1,14,128
1,15,128
1,15,128
1,15,129
1,15,129
1,14,129
0,14,130
0,14,130
0,14,130
0,14,130
0,14,130
0,14,130
0,14,130
0,14,130
1,14,130
1,14,130
1,14,130
1,14,130
1,14,130
1,14,130
1,14,130
1,14,130
1,14,130
1,14,130
1,13,131
1,13,131
1,13,131
1,13,131
2,14,132
2,14,132
2,14,132
2,14,132
2,14,132
2,14,132
2,14,132
2,14,132
2,14,132
2,14,132
2,14,132
2,14,132
2,14,131
2,14,132
2,14,132
2,14,132
2,14,132
2,14,132
2,14,132
2,14,133
2,14,133
2,13,134
2,13,134
2,13,134
2,14,134
3,14,135
3,14,135
3,14,135
3,14,135
3,14,135
3,14,135
3,14,135
3,14,135
3,14,135
3,14,135
3,14,135
3,14,134
3,14,135
3,14,135
3,14,135
3,14,135
3,14,135
3,14,135
3,14,135
3,14,135
3,14,135
3,14,135
3,14,135
3,14,135
3,14,135
3,14,135
3,14,135
3,14,135
3,14,135
3,14,135
3,14,135
3,14,135
3,14,135
3,14,135
3,14,135
3,14,135
3,14,135
3,14,135
3,14,135
3,14,135
3,14,133
2,14,132
2,14,132
2,14,132
2,14,132
2,14,132
2,14,132
2,14,132
2,14,132
2,15,131
2,15,131
2,15,129
2,15,129
1,15,128
1,15,127
1,15,127
1,15,127
1,15,127
0,14,127
0,14,127
1,15,127
2,15,127
3,14,127
2,14,126
2,14,126
2,14,126
1,14,125
1,14,125
1,14,126
1,14,126
1,15,126
1,14,126
0,14,126
0,14,126
0,14,126
0,14,127
0,14,127
0,14,127
0,14,127
1,15,128
1,15,128
1,15,128
1,15,128
1,15,128
1,15,128
1,15,128
1,15,128
0,14,127
0,14,127
0,14,127
1,15,127
1,15,128
1,15,128
1,15,128
1,15,128
1,15,128
1,15,128
1,15,128
1,15,129
2,15,129
2,15,130
2,15,130
2,15,130
2,15,131
2,15,131
2,15,130
2,15,129
2,15,129
1,15,129
1,15,128
1,15,128
1,15,128
1,15,128
1,15,128
1,15,128
1,15,128
1,15,128
1,15,128
1,15,128
1,15,128
1,15,127
1,15,127
1,15,127
0,14,127
0,14,127
1,15,127
1,15,127
1,15,127
1,14,127
1,14,127
1,14,127
1,14,127
1,14,127
1,15,128
1,14,128
1,14,128
1,14,130
1,14,130
1,14,130
1,14,130
0,14,129
0,14,129
0,14,128
0,14,128
0,14,128
0,14,128
0,14,128
1,14,128
1,14,128
1,15,128
1,15,129
1,15,129
1,14,130
0,14,130
0,14,130
0,14,130
0,14,130
0,14,130
0,14,130
1,14,130
1,14,130
1,14,130
1,14,131
1,14,131
1,14,131
1,14,130
1,14,130
1,14,130
1,14,130
1,14,130
1,14,130
1,14,130
1,13,131
1,13,131
2,14,132
2,14,132
2,14,132
2,14,132
2,14,132
2,14,132
2,14,132
2,14,132
2,14,132
2,14,132
2,14,132
2,14,132
2,14,132
2,14,132
2,14,132
2,14,132
2,14,132
2,14,132
2,14,132
2,14,133
2,13,134
2,13,134
2,13,134
2,13,134
2,13,134
2,13,134
2,14,134
3,14,134
3,14,135
3,14,135
3,14,135
3,14,135
3,14,135
3,14,135
3,14,135
3,14,135
3,14,135
3,14,135
3,14,135
3,14,135
3,14,135
3,14,135
3,14,135
3,14,135
3,14,135
3,14,135
3,14,135
3,14,135
3,14,135
3,14,135
3,14,135
3,14,135
3,14,135
3,14,135
3,14,135
3,14,135
4,15,136
4,15,136
4,15,136
3,14,135
3,14,135
3,14,135
3,14,135
3,14,135
3,14,135
3,14,135
3,14,134
2,14,133
2,14,132
2,14,132
2,14,132
2,14,132
2,14,132
2,14,132
2,14,132
2,15,131
2,15,131
2,15,131
2,15,129
2,15,128
1,15,128
1,15,127
1,15,127
0,14,127
0,14,127
0,14,127
2,14,127
2,14,126
2,14,126
2,14,125
1,14,125
1,14,125
1,14,125
1,14,125
1,14,126
1,15,126
1,15,126
0,14,127
0,14,127
0,14,127
0,14,127
0,14,127
0,14,127
0,14,127
1,15,128
1,15,128
1,15,128
1,15,128
1,15,128
1,15,128
1,15,128
0,14,127
1,15,127
1,15,127
1,15,127
1,15,127
1,15,127
1,15,127
1,15,127
0,14,127
0,14,127
1,15,128
1,15,128
1,15,129
2,15,129
2,15,129
2,16,129
2,16,129
2,16,129
2,16,129
2,15,129
2,15,129
1,15,128
1,15,128
1,14,127
0,14,127
1,15,127
1,15,127
1,15,127
1,15,128
1,15,128
1,15,128
1,15,128
1,15,128
1,15,128
0,14,127
0,14,127
0,14,127
0,14,127
1,15,127
1,15,127
1,15,127
1,15,127
1,14,127
1,14,127
1,14,127
0,14,127
1,14,127
1,15,128
1,14,128
1,14,128
1,14,129
1,14,129
1,14,130
0,14,129
0,14,129
0,14,128
0,14,127
0,14,127
0,14,127
0,14,128
0,14,128
1,14,128
1,14,128
1,15,128
1,15,128
1,15,129
1,14,130
0,14,130
0,14,130
0,14,130
0,14,130
0,14,130
1,14,130
1,14,130
1,14,130
1,14,130
1,14,131
1,14,131
1,14,131
1,14,131
1,14,130
1,14,130
1,14,130
1,14,130
1,14,130
1,14,130
1,14,131
2,14,131
2,14,132
2,14,132
2,14,132
2,14,132
2,14,132
2,14,132
2,14,132
2,14,132
2,14,132
2,14,132
2,14,132
2,14,132
2,14,132
2,14,132
2,14,132
2,14,132
2,14,132
2,14,132
2,14,132
2,14,133
2,13,134
2,13,134
2,13,134
2,13,134
2,13,134
2,13,134
2,14,134
2,14,134
3,14,134
3,14,135
3,14,135
3,14,135
3,14,135
3,14,135
3,14,135
3,14,135
3,14,135
3,14,135
3,14,135
3,14,135
3,14,135
3,14,135
3,14,135
3,14,135
3,14,135
3,14,135
3,14,135
3,14,135
3,14,135
3,14,135
3,14,135
3,14,135
3,14,135
3,14,135
3,14,135
4,15,136
4,15,136
4,15,136
4,15,136
4,15,136
3,14,135
3,14,135
3,14,135
3,14,135
3,14,135
3,14,135
3,14,134
2,14,133
2,14,132
2,14,132
2,14,132
2,14,132
2,14,132
2,14,132
2,14,132
2,15,131
2,15,131
2,15,131
2,15,129
2,15,129
1,15,128
1,15,128
0,14,127
0,14,127
0,14,127
0,14,127
2,15,127
2,14,126
2,14,126
1,14,125
1,14,125
0,14,124
0,14,125
0,14,125
0,14,126
0,15,126
0,14,126
0,14,126
0,14,127
0,14,127
0,14,127
0,14,127
0,14,127
0,14,127
1,15,128
1,15,128
2,16,129
2,16,129
2,16,129
1,15,128
1,15,128
1,15,128
1,15,127
0,14,127
0,14,127
0,14,127
1,15,127
1,15,127
0,14,127
0,14,127
0,14,127
1,14,128
1,15,128
1,15,128
1,15,129
2,16,129
2,16,129
2,16,129
2,16,129
2,16,129
2,15,129
1,15,128
1,15,127
0,14,127
0,14,127
0,14,127
1,15,127
1,15,128
1,15,128
1,15,128
1,15,128
1,15,128
1,15,128
1,15,128
1,15,128
0,14,127
0,14,127
0,14,127
0,14,127
1,15,127
1,15,127
1,15,127
1,15,127
1,15,127
1,15,127
0,14,127
0,14,127
0,14,127
1,15,128
1,14,128
1,14,128
1,14,129
1,14,129
0,14,129
0,14,129
0,14,128
0,14,128
0,14,127
0,14,127
0,14,127
0,14,128
0,14,127
0,14,128
1,15,128
1,15,128
1,15,128
1,15,129
1,14,130
0,14,130
0,14,130
0,14,130
0,14,129
0,14,129
1,14,129
1,14,130
1,14,130
1,14,130
1,14,131
1,14,131
1,14,131
1,14,131
1,14,131
1,14,130
1,14,130
1,14,130
1,14,130
1,14,130
2,14,131
2,14,132
2,14,132
2,14,132
2,14,132
2,14,132
2,14,132
2,14,132
2,14,132
2,14,132
2,14,132
2,14,132
2,14,132
2,14,132
2,14,132
2,14,132
2,14,132
2,14,132
2,14,132
2,14,132
2,14,132
2,14,132
2,14,133
2,13,134
2,13,134
2,13,134
2,13,134
2,14,132
2,14,132
2,14,132
2,14,132
3,14,133
3,14,133
3,14,135
3,14,135
3,14,135
3,14,135
3,14,135
3,14,135
3,14,135
3,14,135
3,14,135
3,14,135
3,14,135
3,14,135
3,14,135
3,14,135
3,14,135
3,14,135
3,14,135
3,14,135
3,14,135
3,14,135
3,14,135
3,14,135
3,14,135
4,15,136
4,15,136
4,15,136
4,15,136
4,15,136
4,15,136
4,15,136
3,14,136
3,14,136
3,14,135
3,14,135
3,14,135
3,14,135
2,14,134
2,14,132
2,14,132
2,14,132
2,14,132
2,14,132
2,14,132
2,14,132
2,15,131
2,15,131
2,15,131
2,15,129
2,15,129
1,15,128
0,14,127
0,14,127
0,14,127
0,14,127
0,14,127
2,15,127
2,15,126
2,15,126
1,14,125
0,14,124
0,14,124
0,14,124
0,14,125
0,14,125
0,15,126
0,14,126
0,14,126
0,14,127
0,14,127
0,14,127
0,14,127
0,14,127
0,14,127
1,15,128
1,15,128
2,16,129
2,16,129
2,16,129
1,15,128
1,15,128
1,15,128
0,14,127
0,14,127
0,14,126
0,14,126
0,14,127
0,14,127
0,13,126
0,13,126
0,14,127
0,14,127
1,15,128
1,15,128
2,16,129
2,16,129
2,16,129
2,16,129
2,16,129
2,16,129
1,15,128
1,15,128
0,14,127
0,14,127
0,14,127
0,14,127
1,15,127
1,15,128
1,15,128
1,15,128
1,15,128
1,15,128
1,15,128
1,15,128
1,15,128
1,15,128
0,14,127
0,14,127
0,14,127
1,15,127
1,15,127
1,15,127
1,15,127
1,15,127
1,15,127
0,14,127
0,14,126
0,14,127
1,15,127
1,14,128
1,14,128
1,14,129
1,14,129
0,14,129
0,14,129
0,14,128
0,14,128
0,14,127
0,14,127
0,14,127
1,15,128
1,15,128
1,15,128
1,15,128
1,15,128
1,15,128
1,14,129
1,14,130
1,14,130
0,14,130
0,14,130
0,14,129
0,14,128
1,14,128
1,14,130
1,14,130
1,14,130
1,14,130
1,14,131
1,14,131
2,14,131
1,14,131
1,14,130
1,14,130
1,14,130
1,14,130
1,14,130
2,14,132
2,14,132
2,14,132
2,14,132
2,14,132
2,14,132
2,14,132
2,14,132
2,14,132
2,14,132
2,14,132
2,14,132
2,14,132
2,14,132
2,14,132
2,14,132
2,14,132
2,14,132
2,14,132
2,14,132
2,14,132
2,14,132
2,14,132
2,14,132
2,14,132
2,14,132
2,14,132
2,14,132
2,14,132
2,14,132
2,14,132
2,14,132
2,14,132
2,14,132
2,14,133
2,14,134
2,14,134
3,14,134
3,14,135
3,14,135
3,14,135
3,14,135
3,14,135
3,14,135
3,14,135
3,14,135
3,14,135
3,14,135
3,14,135
3,14,135
3,14,135
3,14,135
3,14,135
3,14,135
3,14,135
3,14,135
3,14,135
4,15,136
4,15,136
4,15,136
4,15,136
4,15,136
4,15,136
3,14,136
3,14,136
3,14,136
3,14,136
3,14,135
3,14,135
2,14,134
2,14,132
2,14,132
2,14,132
2,14,132
2,14,132
2,14,132
2,14,132
2,15,131
2,15,131
2,15,131
2,15,129
1,15,128
1,15,128
0,14,127
0,14,127
0,14,127
0,14,127
0,14,127
2,15,126
2,14,126
1,14,126
0,14,125
0,14,124
0,14,124
0,14,124
0,14,124
0,14,125
0,15,126
0,15,126
0,14,127
0,14,127
0,14,127
0,14,127
0,14,127
0,14,127
0,14,127
1,15,128
2,16,129
2,16,129
2,16,129
1,15,128
1,15,128
1,15,128
1,15,128
1,15,127
0,14,127
0,14,126
0,14,126
0,14,126
0,14,126
0,13,126
0,13,126
0,13,126
0,14,127
1,15,128
2,16,129
2,16,129
2,16,129
2,16,129
2,16,129
2,16,129
2,16,129
1,15,128
1,15,128
0,14,127
0,14,127
0,14,127
0,14,127
1,15,128
1,15,128
1,15,128
1,15,128
1,15,128
1,15,128
1,15,128
1,15,128
1,15,128
0,14,127
0,14,127
0,14,127
0,14,127
0,14,126
1,15,127
1,15,127
1,15,127
1,15,127
1,15,127
1,15,127
0,14,126
0,14,127
0,14,127
0,14,127
1,14,128
1,14,128
1,14,129
0,14,129
0,14,129
0,14,129
0,14,128
0,14,128
1,15,128
1,15,128
1,15,128
1,15,128
1,15,128
1,15,128
1,15,128
1,15,129
1,14,130
1,14,130
1,14,130
0,14,130
0,14,130
0,14,129
0,14,129
1,14,129
1,14,130
1,14,130
1,14,130
1,14,130
1,14,130
2,14,131
2,15,131
2,15,131
1,15,130
1,15,130
1,15,129
1,15,129
2,15,130
2,14,132
2,14,132
2,14,132
2,14,132
2,14,132
2,14,132
2,14,132
2,14,132
2,14,132
2,14,132
2,14,132
2,14,132
2,14,132
2,14,132
2,14,132
2,14,132
2,14,132
2,14,132
2,14,132
2,14,132
2,14,132
2,14,132
2,14,132
2,14,132
2,14,132
2,14,132
2,14,132
2,14,132
2,14,132
2,14,132
2,14,132
2,14,132
2,14,132
2,14,132
2,14,132
2,14,132
2,14,132
2,14,133
3,14,135
3,14,135
3,14,135
3,14,135
3,14,135
3,14,135
3,14,135
3,14,135
3,14,135
3,14,135
3,14,135
3,14,135
3,14,135
2,13,134
2,13,134
3,14,135
3,14,135
3,14,135
3,14,135
4,15,136
4,15,136
4,15,136
4,15,136
4,15,136
4,15,136
3,14,136
3,14,136
3,14,136
3,14,136
3,14,135
3,14,135
3,14,135
2,14,132
2,14,132
2,14,132
2,14,132
2,14,132
2,14,132
2,15,132
2,15,131
2,15,131
2,15,131
2,15,129
1,15,128
1,15,128
0,14,127
0,14,127
0,14,127
0,14,127
0,14,127
0,14,126
0,14,126
0,14,126
0,14,125
0,14,124
0,14,124
0,14,124
0,14,124
0,14,125
0,15,126
0,15,126
0,14,127
0,14,127
0,14,127
0,14,127
0,14,127
0,14,127
0,14,127
1,15,128
1,15,128
2,16,129
1,15,128
1,15,128
1,15,128
1,15,128
1,15,128
1,15,128
0,14,126
0,14,126
0,14,126
0,14,126
0,14,126
0,13,126
0,13,126
0,14,126
0,14,127
1,15,128
1,15,128
2,16,129
2,16,129
2,16,129
2,16,129
2,16,129
2,16,129
1,15,128
1,15,128
1,15,127
1,15,127
1,15,127
1,15,128
1,15,128
1,15,128
1,15,128
1,15,128
1,15,128
2,16,129
2,16,129
1,15,128
1,15,128
0,14,127
0,14,127
0,14,127
1,15,127
1,15,127
1,15,127
1,15,127
1,15,127
0,14,126
0,14,126
0,14,126
0,13,126
0,13,126
0,14,126
0,14,127
0,14,127
0,14,128
1,14,128
0,14,129
0,14,129
0,14,129
0,14,128
0,15,128
1,15,128
1,15,128
1,15,128
1,15,128
1,15,128
1,15,128
2,15,129
2,15,129
1,14,130
1,14,130
1,14,130
1,14,130
1,14,130
0,14,130
1,14,130
1,14,130
1,14,130
1,14,130
1,14,130
1,14,130
1,14,130
1,14,130
1,15,130
1,15,130
1,15,130
1,15,129
1,15,129
1,15,129
2,15,130
2,15,131
2,14,132
2,14,132
2,14,132
2,14,132
2,14,132
2,14,132
2,14,132
2,14,132
2,14,132
2,14,132
2,14,132
2,14,132
2,14,132
2,14,132
2,14,132
2,15,132
2,15,132
2,15,131
2,14,132
2,14,132
2,14,132
2,14,132
2,14,132
2,14,132
2,14,132
2,14,132
2,14,132
2,14,132
2,14,132
2,14,132
2,14,131
2,14,132
2,14,132
2,14,132
2,14,132
2,14,132
2,14,132
2,14,133
3,14,135
3,14,135
3,14,135
3,14,135
3,14,135
3,14,135
3,14,135
3,14,135
3,14,135
3,14,135
3,14,135
2,13,134
2,13,134
2,13,134
2,13,134
3,14,135
3,14,135
3,14,135
3,14,135
4,15,136
4,15,136
4,15,136
4,15,136
4,15,136
3,14,135
3,14,135
3,14,136
3,14,136
3,14,135
3,14,135
3,14,135
3,14,133
2,14,132
2,14,132
2,14,132
2,14,132
2,14,132
2,15,131
2,15,131
2,15,131
2,15,131
1,15,128
1,15,128
0,14,127
0,14,127
0,14,127
0,14,127
0,14,127
0,14,127
0,14,126
0,14,126
0,14,126
0,14,125
0,14,125
0,14,124
0,14,124
0,14,125
0,14,126
0,14,126
0,14,126
0,14,126
0,14,126
0,14,126
0,14,127
0,14,127
0,14,127
0,14,127
1,15,128
1,15,128
1,15,128
1,15,128
1,15,128
1,15,128
1,15,128
1,15,128
1,15,128
0,14,126
0,14,126
0,14,126
0,14,126
0,14,126
0,14,126
0,14,126
0,14,127
0,14,127
0,14,127
1,15,128
2,16,129
2,16,129
2,16,129
2,16,129
2,16,129
2,16,129
1,15,128
1,15,128
1,15,127
1,15,128
1,15,128
1,15,128
1,15,128
2,16,129
1,15,128
1,15,128
2,16,129
2,16,129
1,15,128
1,15,128
0,14,127
0,14,127
0,14,127
0,14,127
1,15,127
1,15,127
1,15,127
1,15,127
1,15,127
1,15,127
1,15,127
0,14,126
0,14,126
0,14,126
0,14,126
0,14,126
0,14,127
0,14,128
1,14,128
0,14,128
0,14,129
0,14,129
0,15,128
1,15,128
1,15,128
1,15,128
1,15,128
1,15,128
1,15,128
2,15,129
2,15,129
2,14,130
2,14,130
2,14,130
1,14,130
1,14,130
1,14,130
1,14,130
1,14,130
1,14,130
1,14,130
1,14,130
1,14,130
1,14,130
1,14,130
1,14,130
1,14,130
1,14,130
1,15,130
1,15,128
1,15,128
1,15,128
2,15,129
2,15,131
2,15,131
2,14,132
2,14,132
2,14,132
2,14,132
2,14,132
2,14,132
2,14,132
2,14,132
2,14,132
2,14,132
2,14,132
2,14,132
2,14,132
2,14,132
2,15,132
2,15,131
2,15,131
2,15,131
2,15,131
2,14,132
2,14,132
2,14,132
2,14,132
2,14,132
2,15,132
2,15,132
2,15,131
2,15,131
2,14,131
2,14,131
1,14,131
2,14,131
2,14,132
2,14,132
2,14,132
2,14,132
2,14,132
2,14,133
3,14,135
3,14,135
3,14,135
3,14,135
3,14,135
3,14,135
3,14,135
3,14,135
3,14,135
3,14,135
3,14,135
2,13,134
2,13,134
2,13,134
3,14,135
3,14,135
3,14,135
3,14,135
3,14,135
4,15,136
4,15,136
4,15,136
3,14,135
3,14,135
3,14,135
3,14,135
3,14,135
3,14,135
3,14,135
3,14,135
3,14,135
2,14,132
2,14,132
2,14,132
2,14,132
2,14,132
2,15,131
2,15,131
2,15,131
2,15,131
1,15,128
1,15,128
0,14,127
0,14,127
0,14,127
0,14,127
0,14,126
0,14,127
0,14,126
0,14,126
0,14,126
0,14,125
0,14,125
0,14,124
0,14,124
0,14,125
0,14,126
0,14,126
0,14,126
0,14,126
0,14,126
0,14,126
0,14,126
0,14,126
0,14,127
0,14,127
1,15,128
1,15,128
1,15,128
1,15,128
1,15,128
0,14,127
1,15,128
1,15,128
1,15,127
0,14,127
0,14,126
0,14,126
0,14,126
0,14,126
0,14,126
0,14,127
0,14,127
0,14,127
0,14,127
1,15,128
2,16,129
2,16,129
2,16,129
2,16,129
2,16,129
2,16,129
1,15,128
1,15,128
1,15,128
1,15,128
1,15,128
1,15,128
2,16,129
2,16,129
1,15,128
1,15,128
1,15,128
1,15,128
1,15,128
1,15,128
0,14,127
0,14,127
0,14,127
0,14,127
0,14,127
0,14,127
1,15,127
0,14,127
0,14,127
0,14,126
0,14,126
0,14,126
0,14,126
0,14,126
0,14,126
0,14,126
0,14,127
0,14,127
1,14,128
1,14,128
0,14,128
0,15,128
0,15,128
0,15,128
1,15,128
1,15,128
1,15,128
1,15,128
2,15,128
2,15,129
2,15,129
3,14,130
2,14,130
2,13,130
2,13,130
1,14,130
1,14,130
1,14,130
1,14,130
1,14,130
1,14,130
1,14,130
1,14,130
1,14,130
1,14,130
1,14,130
1,14,130
1,14,129
1,14,128
1,15,128
1,15,128
1,15,128
2,15,129
2,15,130
2,15,131
2,14,131
2,14,131
2,14,131
2,14,132
2,14,132
2,14,132
2,14,132
2,14,132
2,14,132
2,14,132
2,14,132
2,14,132
2,14,132
2,15,132
2,15,131
2,15,131
2,15,131
2,15,131
2,15,131
2,15,131
2,15,131
2,15,131
2,15,131
2,15,131
2,15,131
2,15,131
2,15,131
2,15,131
1,14,130
1,14,130
1,14,130
2,14,131
2,14,132
2,14,132
2,14,132
2,14,132
2,14,132
2,14,132
3,14,135
3,14,135
3,14,135
3,14,135
3,14,135
3,14,135
3,14,135
3,14,135
3,14,135
3,14,135
3,14,135
2,13,134
2,13,134
3,14,135
3,14,135
3,14,135
3,14,135
3,14,135
3,14,135
3,14,135
3,14,135
3,14,135
3,14,135
3,14,135
3,14,135
3,14,135
3,14,135
3,14,135
3,14,135
3,14,135
3,14,135
2,14,133
2,14,132
2,14,132
2,14,132
2,14,132
2,14,131
2,15,131
2,15,131
1,15,130
1,15,128
1,15,128
1,15,127
0,14,127
0,14,126
0,14,126
0,14,126
0,14,126
0,14,126
0,14,126
0,14,126
0,14,125
0,14,125
0,14,125
0,14,125
0,14,125
0,14,126
0,14,126
0,14,126
0,14,126
0,14,126
0,14,126
0,14,126
0,14,126
0,14,126
0,14,127
0,14,127
0,14,127
0,14,127
0,14,127
0,14,127
0,14,127
0,14,127
0,14,127
0,14,127
0,14,127
0,14,126
0,14,126
0,14,126
0,14,126
0,14,126
0,14,126
0,14,127
0,14,127
0,14,127
1,15,128
2,16,129
2,16,129
2,16,129
2,16,129
2,16,129
1,15,128
1,15,128
1,15,128
1,15,128
1,15,128
1,15,128
1,15,128
2,16,129
2,16,129
1,15,128
1,15,128
1,15,128
1,15,128
1,15,128
1,15,128
0,14,127
0,14,127
0,14,127
0,14,127
0,14,127
0,14,127
0,14,127
0,14,127
0,14,127
0,14,127
0,14,126
0,14,126
0,14,126
0,14,126
0,14,126
0,14,126
0,14,127
0,14,127
0,14,127
0,14,128
0,15,128
0,15,128
0,15,128
0,15,128
1,15,128
1,15,128
1,15,128
1,15,128
2,15,128
3,14,128
3,14,129
3,14,130
3,13,130
3,13,130
3,13,130
3,13,130
1,14,130
1,14,130
1,14,130
1,14,130
1,14,130
1,14,130
1,14,130
1,14,130
1,14,130
1,14,129
1,14,128
1,14,128
1,14,127
1,14,128
1,14,128
2,14,128
2,15,129
2,15,130
2,15,131
2,15,131
2,15,131
2,15,131
2,14,131
2,14,132
2,14,132
2,14,132
2,14,132
2,14,132
2,14,132
2,14,132
2,14,132
2,14,132
2,14,132
2,15,131
2,15,131
2,15,131
2,15,131
2,15,131
2,15,131
2,15,131
2,15,131
2,15,131
2,15,131
2,15,131
2,15,131
2,15,131
1,14,130
1,14,130
1,14,130
1,14,130
2,14,131
2,14,132
2,14,132
2,14,132
2,14,132
2,14,132
2,14,132
3,14,135
3,14,135
3,14,135
3,14,135
3,14,135
3,14,135
3,14,135
3,14,135
3,14,135
3,14,135
3,14,135
3,14,135
3,14,135
3,14,135
3,14,135
3,14,135
3,14,135
3,14,135
3,14,135
3,14,135
3,14,135
3,14,135
3,14,135
3,14,135
3,14,135
3,14,135
3,14,135
3,14,135
3,14,135
3,14,135
3,14,135
2,14,134
2,14,132
2,14,132
2,14,132
2,14,132
2,15,131
2,15,131
2,15,131
2,15,130
1,15,128
1,15,128
1,15,127
1,15,127
0,14,127
0,14,126
0,14,127
1,15,127
1,15,127
0,14,126
0,14,126
0,14,126
0,14,125
0,14,125
0,14,125
0,14,126
0,14,126
0,14,126
0,14,126
0,14,126
0,14,126
0,14,126
0,14,126
0,14,126
0,14,126
0,14,126
0,14,126
0,14,127
0,14,127
0,14,127
0,14,127
0,14,127
0,14,127
0,14,127
0,14,127
0,14,127
0,14,126
0,14,126
0,14,126
0,14,126
0,14,126
0,14,126
0,14,127
0,14,127
0,14,127
0,14,127
1,15,128
2,16,129
2,16,129
2,16,129
2,16,129
1,15,128
1,15,128
1,15,128
1,15,128
1,15,128
1,15,128
1,15,128
1,15,128
1,15,128
1,15,128
1,15,128
1,15,128
1,15,128
1,15,128
1,15,128
1,15,128
0,14,127
0,14,127
0,14,127
0,14,127
0,14,127
0,14,127
1,15,127
1,15,127
1,15,127
0,14,127
0,14,126
0,14,126
0,14,126
0,14,126
0,14,127
0,14,127
0,14,127
0,14,127
0,14,128
0,15,128
0,15,128
0,15,128
0,15,128
0,15,128
1,15,128
1,15,128
1,14,128
2,14,128
3,14,128
3,14,128
3,13,129
3,13,130
3,13,130
3,13,130
3,13,130
2,14,130
2,14,130
1,14,130
1,14,130
1,14,130
1,14,130
1,14,130
1,14,130
1,14,129
1,14,128
1,14,128
1,14,127
1,13,127
1,13,127
1,14,127
2,14,128
2,14,128
2,14,130
2,15,131
2,15,131
2,15,131
2,15,131
2,15,131
2,14,131
2,14,131
2,14,132
2,14,132
2,14,132
2,14,132
2,14,132
2,14,132
2,14,132
2,14,132
2,15,131
2,15,131
2,15,131
2,15,131
2,15,131
2,15,131
2,15,131
2,15,131
2,15,131
2,15,131
2,15,131
2,15,131
2,15,131
2,14,131
1,14,130
1,14,130
1,14,130
2,14,132
2,14,132
2,14,132
2,14,132
2,14,132
2,14,132
2,14,133
3,14,135
3,14,135
3,14,135
3,14,135
3,14,135
3,14,135
3,14,135
3,14,135
3,14,135
3,14,135
3,14,135
3,14,135
3,14,135
3,14,135
3,14,135
3,14,135
3,14,135
3,14,135
3,14,135
3,14,135
3,14,135
3,14,135
3,14,135
3,14,135
3,14,135
3,14,135
3,14,135
3,14,135
3,14,135
3,14,135
3,14,135
3,14,135
2,14,133
2,14,132
2,14,132
2,14,132
2,15,131
2,15,131
2,15,131
2,15,130
1,15,129
1,15,128
1,15,127
1,15,127
0,14,127
0,14,127
1,15,127
1,15,127
1,15,127
1,15,127
0,14,126
0,14,126
0,14,126
0,14,126
0,14,126
0,14,126
0,14,126
0,14,126
0,14,126
0,14,126
0,14,126
0,14,126
0,14,126
0,14,126
0,14,126
0,14,126
0,14,126
0,14,127
0,14,127
0,14,127
0,14,127
0,14,127
0,14,127
0,14,127
0,14,127
0,14,127
0,14,126
0,14,126
0,14,126
0,14,126
0,14,126
0,14,126
0,14,127
0,14,127
0,14,127
0,14,127
1,15,128
2,16,129
2,16,129
2,16,129
2,16,129
1,15,128
1,15,128
1,15,128
1,15,128
1,15,128
1,15,128
1,15,128
1,15,128
1,15,128
1,15,128
1,15,128
1,15,128
1,15,129
1,15,128
1,15,128
1,15,128
0,14,127
0,14,127
0,14,127
0,14,127
0,14,127
0,14,127
1,15,127
1,15,127
1,15,127
1,15,127
1,15,127
1,15,127
0,14,127
0,14,127
0,14,127
0,14,127
0,14,127
0,14,127
0,14,127
0,14,128
0,14,128
0,15,128
0,14,128
0,14,127
0,14,127
1,14,127
1,14,127
2,14,127
2,13,128
3,13,128
3,13,128
3,13,130
3,13,130
3,13,130
3,14,130
2,14,130
2,14,130
2,14,130
1,14,130
1,14,130
1,15,130
1,15,130
1,14,129
1,14,129
1,14,128
1,13,127
1,13,127
1,13,127
1,12,126
1,13,127
1,13,127
2,14,128
2,14,130
2,15,130
2,15,131
2,15,131
2,15,131
2,15,131
2,14,131
2,14,131
2,14,132
2,14,132
2,14,132
2,14,132
2,14,132
2,14,132
2,14,132
2,14,132
2,15,131
2,15,131
2,15,131
2,15,131
2,15,131
2,15,131
2,15,131
2,15,131
2,15,131
2,15,131
2,15,131
2,15,131
2,15,131
2,15,131
2,14,131
2,14,131
2,14,131
2,14,132
2,14,132
3,15,132
3,15,133
3,14,133
3,14,133
3,14,134
3,14,135
3,14,135
3,14,135
3,14,135
3,14,135
3,14,135
3,14,135
3,14,135
3,14,135
3,14,135
3,14,135
3,14,135
3,14,135
3,14,135
3,14,135
3,14,135
3,14,135
3,14,135
3,14,135
3,14,135
3,14,135
3,14,135
3,14,135
2,13,134
3,14,135
3,14,135
3,14,135
3,14,135
3,14,135
3,14,135
3,14,135
3,14,135
2,14,134
2,14,132
2,14,132
2,14,132
2,15,131
2,15,131
2,15,131
2,15,130
1,15,129
1,15,128
1,15,127
0,14,127
0,14,127
1,15,127
1,15,127
1,15,127
1,15,127
1,15,127
0,14,127
0,14,126
0,14,126
0,14,126
0,14,126
0,14,126
0,14,126
0,14,126
0,14,126
0,14,126
0,14,126
0,14,126
0,14,126
0,14,126
0,14,126
0,14,126
0,14,126
0,14,127
0,14,127
0,14,127
0,14,127
0,14,127
0,14,127
0,14,127
0,14,127
0,14,126
0,14,126
0,14,126
0,14,126
0,14,126
0,14,126
0,14,126
0,14,127
0,14,127
0,14,127
1,15,128
1,15,128
1,15,128
1,15,129
1,15,129
2,16,129
1,15,129
1,15,128
1,15,128
1,15,128
1,15,128
1,15,128
1,15,128
1,15,128
1,15,128
1,15,128
1,15,128
1,15,129
2,15,129
2,15,129
2,15,129
1,15,128
1,15,128
0,14,127
0,14,127
0,14,127
0,14,127
0,14,127
1,15,128
1,15,128
1,15,128
1,15,128
1,15,128
1,15,128
1,15,128
0,14,127
0,14,127
0,14,127
0,14,127
0,14,127
0,14,127
0,14,128
0,14,128
0,14,128
0,14,127
0,14,127
1,14,127
1,13,127
1,13,127
2,13,127
2,13,127
2,13,128
3,13,128
3,13,128
3,13,130
3,14,130
2,14,130
2,14,130
2,15,131
2,15,131
2,15,131
2,15,131
1,15,130
1,15,130
1,14,128
1,14,128
2,14,127
2,13,127
1,13,127
1,12,126
1,12,126
1,12,126
1,13,127
1,14,128
2,14,129
2,14,130
2,15,131
2,15,131
2,15,131
2,15,131
2,15,131
2,15,131
2,14,131
2,14,132
2,14,132
2,14,132
2,14,132
2,14,132
2,14,132
2,14,132
2,15,132
2,15,131
2,15,131
2,15,131
2,15,132
2,15,132
2,15,132
2,15,132
2,15,132
2,14,132
2,14,132
2,14,131
2,14,131
2,14,131
2,14,131
2,14,132
2,14,132
2,14,132
3,14,133
3,14,133
3,14,133
3,14,134
3,14,134
3,14,135
3,14,135
3,14,135
3,14,135
3,14,135
3,14,135
3,14,135
3,14,135
3,14,135
3,14,135
3,14,135
3,14,135
3,14,135
3,14,135
3,14,135
3,14,135
3,14,135
3,14,135
3,14,135
3,14,135
3,14,135
3,14,135
3,14,135
2,13,134
2,13,134
2,13,134
3,14,135
3,14,135
3,14,135
3,14,135
3,14,135
3,14,135
3,14,135
2,14,134
2,14,133
2,14,132
2,15,132
2,15,131
2,15,131
2,15,131
2,15,130
1,15,129
1,15,128
1,15,128
1,15,127
1,15,127
1,15,127
1,15,127
1,15,128
1,15,127
1,15,127
0,14,127
0,14,127
0,14,127
0,14,127
0,14,127
0,14,126
0,14,126
0,14,126
0,14,126
0,14,126
0,14,126
1,14,126
0,14,126
0,14,126
0,14,126
0,14,126
0,14,127
0,14,127
1,15,127
0,14,127
0,14,127
0,14,127
0,14,127
0,14,127
0,14,127
0,14,126
0,14,126
0,14,126
0,14,126
0,14,126
0,14,126
0,14,126
0,14,127
0,14,127
0,14,127
1,15,128
1,15,128
1,15,128
1,15,129
1,15,129
1,15,129
1,15,129
1,15,128
1,15,128
1,15,128
1,15,128
1,15,128
1,15,128
0,14,127
0,14,127
0,14,127
1,14,129
2,15,130
2,15,130
2,16,129
2,16,129
2,15,129
1,15,128
1,15,128
0,14,127
0,14,127
0,14,127
1,15,129
1,15,129
1,15,128
1,15,128
1,15,128
1,15,128
1,15,128
1,15,128
1,15,128
1,14,128
0,14,127
0,14,127
0,14,127
0,14,127
0,14,128
0,14,128
0,14,128
1,14,127
1,14,127
1,14,127
1,13,126
2,14,127
2,13,127
2,13,127
2,13,127
3,13,128
2,13,128
2,14,129
2,14,130
2,14,130
2,14,130
2,15,131
2,15,131
2,14,131
2,14,131
1,14,130
1,14,129
1,14,128
2,14,128
2,14,127
2,14,127
2,13,127
2,13,127
2,13,127
2,13,127
1,13,127
1,14,128
2,14,128
2,15,130
2,15,131
2,15,131
2,15,131
2,15,131
2,15,131
2,15,131
2,15,131
2,14,131
2,14,132
2,14,132
2,14,132
2,14,132
2,14,132
2,14,132
2,15,132
2,15,132
2,15,132
3,15,132
3,15,133
3,15,133
2,15,132
2,15,132
2,14,132
2,14,132
2,14,132
2,14,132
2,14,132
2,14,131
2,14,132
2,14,132
2,14,132
3,14,133
3,14,134
3,14,134
3,14,134
3,14,135
3,14,135
3,14,135
3,14,135
3,14,135
3,14,135
3,14,135
3,14,135
3,14,135
3,14,135
3,14,135
3,14,135
3,14,135
3,14,135
3,14,135
3,14,135
3,14,135
3,14,135
3,14,135
3,14,135
3,14,135
3,14,135
3,14,135
3,14,135
3,14,135
3,14,135
2,14,134
2,13,134
2,14,134
3,14,135
3,14,135
3,14,135
3,14,135
3,14,135
3,14,135
3,14,134
2,14,134
2,14,132
2,15,132
2,15,131
2,15,131
2,15,131
2,15,129
2,15,129
1,15,128
1,15,128
1,15,128
1,15,128
1,15,128
1,15,128
2,16,128
1,15,127
0,14,127
0,14,127
0,14,127
0,14,127
0,14,127
0,14,127
0,14,127
0,14,126
0,14,126
0,14,126
2,14,126
2,14,126
2,14,126
1,14,126
1,14,126
1,14,126
0,14,126
0,14,126
0,14,127
0,14,127
0,14,127
0,14,127
0,14,127
0,14,127
0,14,127
0,14,127
0,14,126
0,14,126
0,14,126
0,14,126
0,14,126
0,14,126
0,14,126
0,14,127
0,14,127
1,15,127
1,15,128
1,15,128
1,15,128
1,15,129
1,15,129
1,15,129
2,16,129
2,15,129
2,16,129
2,16,129
1,15,128
1,15,128
1,15,128
1,15,128
1,15,128
1,14,128
1,15,130
2,15,131
2,15,131
2,16,130
2,16,129
2,16,129
2,16,129
1,15,128
1,15,128
1,14,128
1,15,128
1,15,129
1,15,130
1,15,129
1,15,129
1,15,128
1,15,128
1,15,128
1,15,128
1,15,128
1,15,128
1,14,128
0,14,128
0,14,128
0,13,128
0,14,128
0,14,128
1,14,127
1,14,127
1,14,127
2,14,126
2,13,126
2,14,126
2,13,127
2,13,127
2,13,127
2,13,127
2,14,127
2,14,128
2,14,129
1,15,130
2,15,130
2,15,131
2,14,131
1,14,131
1,14,130
1,14,129
1,14,128
1,14,127
2,14,127
2,14,127
2,14,127
3,14,127
2,13,127
2,13,127
2,13,127
1,13,127
1,14,128
1,14,128
2,15,128
1,15,130
2,15,131
2,15,131
2,15,131
2,15,131
2,15,131
2,15,131
2,15,131
2,14,132
2,14,132
2,14,132
2,14,132
2,14,132
2,14,132
2,14,132
2,15,132
3,15,132
3,15,133
3,15,133
3,15,133
3,14,133
2,14,133
2,14,132
2,14,132
2,14,132
2,14,132
2,14,132
2,14,132
2,14,132
2,14,132
2,14,132
3,14,134
3,14,135
3,14,135
3,14,135
3,14,135
3,14,135
3,14,135
3,14,135
3,14,135
3,14,135
3,14,135
3,14,135
3,14,135
3,14,135
3,14,135
3,14,135
3,14,135
3,14,135
3,14,135
3,14,135
3,14,135
3,14,135
3,14,135
3,14,135
3,14,135
3,14,135
3,14,135
3,14,135
3,14,135
3,14,135
2,14,134
2,14,134
2,14,134
2,14,134
3,14,135
3,14,135
3,14,135
3,14,135
3,14,135
3,14,135
2,14,134
2,14,132
2,14,132
2,15,131
2,15,131
2,15,131
2,15,129
2,15,129
1,15,128
1,15,128
1,15,128
1,15,128
1,15,128
1,15,128
2,16,128
0,14,127
0,14,127
0,14,127
0,14,127
0,14,127
0,14,127
0,14,127
0,14,126
0,14,126
1,14,126
2,14,126
2,14,126
2,14,126
1,14,126
1,14,126
0,14,126
0,14,126
0,14,126
0,14,126
0,14,126
0,14,126
0,14,127
0,14,127
0,14,127
0,14,127
0,14,127
0,14,127
0,14,126
0,14,126
0,14,126
0,14,126
0,14,126
0,14,127
0,14,127
0,14,127
1,15,127
1,15,128
1,15,128
1,15,128
1,15,129
1,15,129
1,15,129
2,15,129
2,16,129
2,16,129
2,16,129
1,15,128
1,15,128
1,15,128
1,15,128
1,15,128
1,15,128
1,15,130
2,15,131
2,15,131
2,15,130
2,16,129
2,16,129
2,16,129
1,15,128
1,15,128
1,15,128
1,15,129
1,15,130
2,15,130
1,15,130
1,15,129
1,15,128
1,15,128
1,15,128
1,15,128
1,15,128
1,15,128
1,15,128
1,14,129
0,14,129
1,14,129
1,14,128
1,14,128
1,14,128
2,14,127
2,14,127
2,14,126
2,14,126
2,14,126
2,14,126
2,14,127
2,14,127
2,14,127
1,14,127
1,14,128
1,15,128
1,15,129
1,15,130
2,15,130
1,14,130
1,14,130
1,14,130
1,14,128
0,14,127
1,14,127
2,14,127
2,14,127
2,14,127
3,14,127
3,14,127
3,14,127
3,14,127
2,14,128
1,14,128
2,14,128
2,15,128
1,15,129
2,15,130
2,15,131
2,15,131
2,15,131
2,15,131
2,15,131
2,15,131
2,14,132
2,14,132
2,14,132
2,14,132
2,14,132
2,14,132
2,14,132
2,14,132
3,15,133
3,15,133
3,15,133
3,15,133
3,14,133
3,14,133
2,14,133
2,14,132
2,14,132
2,14,132
2,14,132
2,14,132
2,14,132
2,14,132
3,14,133
3,14,135
3,14,135
3,14,135
3,14,135
3,14,135
3,14,135
3,14,135
3,14,135
3,14,135
3,14,135
3,14,135
3,14,135
3,14,135
3,14,135
3,14,135
3,14,135
3,14,135
3,14,135
3,14,135
3,14,135
3,14,135
3,14,135
3,14,135
3,14,135
3,14,135
3,14,135
3,14,135
3,14,135
3,14,135
3,14,135
3,14,134
2,14,134
2,14,134
2,14,134
2,14,134
3,14,135
3,14,135
3,14,135
3,14,135
3,14,135
2,14,134
2,14,132
2,14,132
2,15,131
2,15,131
2,15,130
2,15,129
2,15,129
1,15,128
1,15,128
1,15,128
1,15,128
1,15,128
1,15,128
0,14,127
0,14,127
0,14,127
0,14,127
0,14,127
0,14,127
0,14,127
0,14,126
0,14,126
1,14,126
2,14,126
2,14,126
2,14,126
1,14,125
1,14,125
0,14,125
0,14,126
0,14,126
0,14,126
0,14,126
0,14,126
0,14,127
0,14,127
0,14,127
0,14,127
0,14,127
0,14,127
0,14,127
1,14,127
0,14,127
0,14,126
0,14,127
0,14,127
0,14,127
1,15,127
1,15,128
1,15,128
1,15,128
1,15,128
1,14,128
1,14,128
1,14,129
1,14,129
1,15,129
2,15,129
2,16,129
1,15,128
1,15,128
1,15,128
1,15,128
1,15,128
1,15,128
1,15,129
2,15,130
2,15,130
2,15,129
2,15,129
2,16,129
2,16,129
1,15,128
1,15,128
1,15,129
2,15,130
2,15,130
2,15,130
2,15,130
1,15,130
1,15,129
1,15,128
1,15,128
1,15,128
1,15,128
1,15,129
1,15,129
1,15,129
1,14,129
1,14,129
1,14,129
1,14,128
2,14,128
2,14,128
2,14,128
2,14,127
2,14,127
2,14,127
2,14,127
2,14,127
2,14,127
1,14,127
1,14,127
1,15,128
1,15,128
1,15,128
1,15,129
1,15,130
1,14,130
1,14,130
1,14,129
0,14,127
0,14,127
0,14,127
1,14,127
2,14,127
2,14,127
3,14,128
3,14,128
3,14,128
3,14,128
2,14,128
2,15,128
2,15,128
2,15,128
2,15,130
2,15,131
2,15,131
2,15,131
2,15,131
2,15,131
2,15,131
2,15,131
2,14,132
2,14,132
2,14,132
2,14,132
2,14,132
2,14,132
2,14,132
2,14,132
3,14,133
3,15,133
3,14,133
3,14,133
3,14,134
3,14,134
2,14,134
2,13,134
2,13,132
2,14,132
2,14,132
2,14,132
2,14,132
2,14,133
3,14,135
3,14,135
3,14,135
3,14,135
3,14,135
3,14,135
3,14,135
3,14,134
3,14,134
3,14,135
3,14,135
3,14,135
3,14,135
3,14,135
3,14,135
3,14,135
3,14,135
3,14,135
3,14,135
3,14,135
3,14,135
3,14,135
3,14,135
3,14,135
3,14,135
3,14,135
3,14,135
2,14,134
3,14,134
3,14,135
3,14,135
3,14,134
3,14,134
3,14,134
2,14,134
2,14,134
3,14,135
3,14,135
3,14,135
3,14,135
3,14,134
2,14,134
2,14,132
2,14,132
2,15,131
2,15,131
2,15,130
2,15,129
2,15,129
1,15,128
1,15,128
1,15,128
1,15,128
1,15,128
1,15,128
0,14,127
0,14,127
0,14,127
0,14,127
0,14,127
0,14,127
0,14,127
0,14,127
1,14,126
1,14,126
2,14,126
2,14,125
1,15,125
1,14,125
0,14,124
0,14,125
0,14,125
0,14,125
0,14,126
0,14,126
0,14,126
0,14,127
0,14,127
0,14,127
0,14,128
1,14,128
1,15,128
1,15,128
1,15,128
1,15,127
0,14,127
0,14,127
0,14,127
0,14,127
0,14,127
0,14,127
1,15,128
1,15,128
1,14,128
1,14,128
1,14,128
1,14,128
1,14,129
1,14,129
1,15,129
2,16,129
2,16,129
1,15,128
1,15,128
1,15,128
1,15,128
1,15,128
1,15,129
2,15,129
2,15,129
2,15,129
2,15,129
2,15,129
2,16,129
2,16,129
1,15,129
2,15,129
2,15,129
2,15,130
2,15,130
1,15,130
1,14,130
1,14,130
1,14,129
1,14,129
1,15,128
1,15,129
1,15,129
1,15,129
1,15,129
1,15,129
1,14,129
1,14,129
2,14,129
2,15,128
2,15,128
2,15,128
2,15,128
2,15,127
2,15,127
2,14,127
1,14,127
1,14,127
0,14,127
1,14,127
1,15,128
1,15,128
1,15,128
1,15,128
1,15,129
1,14,129
1,14,129
1,14,129
1,14,128
0,14,127
1,14,127
1,14,127
2,14,128
2,14,128
3,14,128
3,15,128
3,15,128
3,14,128
2,14,128
2,15,129
2,15,129
2,15,129
2,15,131
2,15,131
2,15,131
2,15,131
2,15,131
2,15,131
2,15,131
2,15,131
2,14,131
2,14,132
2,14,132
2,14,132
2,14,132
2,14,132
2,14,132
2,14,132
2,14,132
3,14,133
3,14,133
3,14,135
3,14,135
3,14,135
2,14,134
2,13,134
2,13,134
2,13,132
2,14,132
2,14,132
2,14,132
3,14,133
3,14,135
3,14,135
3,14,135
3,14,135
3,14,135
3,14,135
3,14,134
3,14,134
3,14,134
3,14,134
3,14,134
3,14,135
3,14,135
3,14,135
3,14,135
3,14,135
3,14,135
3,14,135
3,14,135
3,14,135
3,14,135
3,14,135
3,14,135
3,14,135
2,13,134
2,13,134
2,13,134
2,13,134
2,14,134
3,14,134
3,14,134
3,14,134
3,14,134
3,14,134
3,14,134
3,14,135
3,14,135
3,14,135
3,14,135
3,14,135
2,14,134
2,14,133
2,14,132
2,15,132
2,15,131
2,15,131
2,15,131
2,15,129
2,15,129
1,15,129
1,14,128
1,15,128
1,15,128
1,15,128
1,15,128
1,14,127
1,15,127
1,15,127
0,14,127
0,14,127
0,14,127
0,14,127
0,14,127
1,14,126
1,14,126
1,14,126
1,15,125
1,15,125
1,15,124
0,14,124
0,14,124
0,14,125
0,14,125
0,14,125
0,14,126
0,14,126
0,14,127
1,14,128
1,14,129
1,15,129
1,15,129
2,15,129
2,15,129
2,15,129
1,15,128
1,15,127
0,14,127
0,14,127
0,14,127
0,14,127
0,14,127
0,14,127
0,14,127
0,14,127
0,14,127
0,14,127
0,14,127
0,14,128
1,14,128
1,15,128
1,15,129
2,16,129
1,15,128
1,15,128
1,15,128
1,15,128
2,15,129
2,15,129
2,15,129
2,15,129
2,15,129
1,15,128
1,15,128
2,16,129
2,16,129
2,16,129
2,16,129
2,16,129
2,16,129
2,16,130
2,15,130
1,14,130
1,14,130
1,14,130
1,14,130
1,14,130
1,15,130
1,15,129
2,15,130
2,15,129
2,15,129
2,15,129
2,15,129
2,15,129
2,15,129
2,15,128
2,15,128
2,15,128
1,15,128
1,15,127
1,14,127
0,14,127
0,14,127
0,14,127
1,14,127
1,15,128
1,15,128
1,15,128
1,15,128
1,15,128
1,15,128
1,14,128
1,14,128
1,14,128
1,14,128
1,14,129
1,14,129
2,14,129
2,14,129
2,15,129
2,15,129
2,15,129
2,15,129
2,15,129
2,15,129
2,15,130
2,15,131
2,15,131
2,15,131
2,15,131
2,15,131
2,15,131
2,15,131
2,15,131
2,15,131
2,14,131
2,14,132
2,14,132
2,14,132
2,14,132
2,14,132
2,14,132
2,14,132
2,14,132
2,14,132
3,14,135
3,14,135
3,14,135
3,14,135
3,14,135
2,13,134
2,13,134
2,13,134
2,13,132
2,14,132
2,14,132
2,14,133
3,14,134
3,14,135
3,14,135
3,14,135
3,14,135
3,14,134
2,14,133
2,14,133
2,14,133
2,14,133
2,14,133
3,14,133
3,14,134
3,14,135
3,14,135
3,14,135
3,14,135
3,14,135
3,14,135
3,14,135
3,14,135
3,14,135
3,14,135
2,13,134
2,13,134
2,13,134
2,13,134
2,13,134
2,13,134
2,14,134
3,14,133
3,15,133
3,15,135
3,15,135
3,14,135
3,14,135
3,14,135
3,14,135
3,14,135
3,14,135
2,14,134
2,14,133
2,14,132
2,15,132
2,15,132
2,15,131
2,15,131
2,15,130
2,15,130
1,14,130
1,14,129
1,15,129
1,15,129
1,15,128
1,15,128
1,14,127
1,15,127
1,15,127
0,14,127
0,14,127
0,14,127
0,14,127
0,14,127
1,14,126
0,15,126
1,15,125
1,15,125
1,15,125
0,15,124
0,14,124
0,14,124
0,14,125
0,14,125
0,14,126
0,14,126
0,14,127
1,14,128
1,15,129
1,15,130
1,15,130
2,15,130
2,15,130
2,15,131
2,15,131
2,15,129
1,15,128
1,15,128
0,14,127
0,14,127
0,14,127
0,14,127
0,14,127
0,14,127
0,14,127
0,14,127
0,14,127
0,14,127
0,14,127
0,14,128
1,15,128
1,15,128
1,15,128
1,15,128
2,16,129
2,16,129
2,16,129
2,16,129
2,16,129
2,15,129
2,15,129
1,15,128
1,15,128
1,15,128
2,16,129
2,16,129
2,16,129
2,16,129
2,16,129
2,16,129
2,16,129
2,16,130
1,14,130
1,14,130
1,14,130
1,14,130
1,14,130
1,15,130
2,15,130
2,15,130
2,15,129
2,15,129
2,15,129
2,15,129
2,15,129
2,15,129
2,15,129
2,15,128
2,15,128
1,15,128
1,15,128
1,14,127
0,14,127
0,14,127
0,14,127
1,15,128
1,15,128
1,15,128
1,15,128
1,15,128
1,15,128
1,15,128
1,14,128
1,14,128
0,14,128
0,14,129
1,14,129
1,14,130
2,14,130
2,14,130
2,14,130
2,15,130
2,15,130
2,15,129
2,15,130
2,15,131
2,15,131
2,15,131
2,15,131
2,15,131
2,15,131
2,15,131
2,15,131
2,15,131
2,15,131
2,15,131
2,14,131
2,14,131
2,14,132
2,14,132
2,14,132
2,14,132
2,14,132
2,14,132
2,14,132
2,14,132
2,14,132
3,14,135
3,14,135
3,14,135
3,14,135
2,13,134
2,13,134
2,13,134
2,13,132
2,14,132
2,14,132
2,14,133
2,14,134
3,14,134
3,14,135
3,14,134
3,14,134
2,14,133
2,14,133
2,14,132
2,14,132
2,14,132
2,14,133
3,14,133
3,14,134
3,14,135
3,14,135
3,14,135
3,14,135
3,14,135
3,14,135
3,14,135
3,14,135
3,14,135
3,14,135
2,13,134
2,13,134
2,13,134
2,13,134
2,13,134
2,14,134
2,14,133
3,15,133
3,15,133
3,15,135
3,15,135
3,14,135
3,14,135
3,14,135
3,14,135
3,14,135
2,14,134
2,14,133
2,14,133
2,15,132
2,15,132
2,15,132
2,15,131
2,15,131
2,15,131
2,15,130
1,15,130
1,14,130
1,15,130
2,15,129
2,15,129
2,16,129
1,15,127
1,15,127
1,15,127
0,14,127
0,14,127
0,14,127
0,14,127
0,14,126
0,15,126
0,15,126
1,15,125
1,15,125
0,15,124
1,15,124
0,15,125
0,14,125
0,14,126
0,14,126
0,14,126
0,14,127
0,14,128
1,14,129
1,14,130
1,14,130
1,14,130
2,15,131
2,15,131
2,15,131
2,15,131
2,15,129
1,15,128
1,15,128
0,14,127
0,14,127
0,14,127
0,14,127
0,14,127
0,14,127
0,14,127
0,14,127
0,14,127
0,14,127
1,15,128
1,15,128
1,15,128
2,15,129
2,15,129
2,16,129
2,16,129
2,16,129
2,16,129
2,16,129
2,15,129
1,15,129
1,15,128
1,15,128
1,15,128
2,15,129
2,15,129
2,16,129
2,16,129
2,16,129
2,16,129
2,16,129
2,16,129
1,14,130
1,14,130
1,14,130
1,14,130
1,14,130
1,14,130
2,15,130
2,15,130
2,15,129
2,16,129
2,15,129
1,15,129
2,15,129
2,15,130
2,15,130
2,15,129
1,15,128
1,15,128
1,15,128
1,15,128
0,14,127
0,14,127
0,14,127
1,15,128
1,15,128
1,15,128
1,15,128
1,15,128
1,15,128
1,15,128
0,14,127
0,14,127
0,14,128
0,14,129
1,14,130
1,14,130
1,14,130
2,15,130
2,15,131
2,15,130
2,15,130
2,15,130
2,15,131
2,15,131
2,15,131
2,15,131
2,15,131
2,15,131
2,15,131
2,15,131
2,15,131
2,15,131
2,15,131
2,15,131
2,15,131
2,14,131
2,14,132
2,14,132
2,14,132
2,14,132
2,14,132
2,14,131
2,14,131
2,14,132
2,14,132
2,14,134
3,14,135
3,14,135
3,14,135
3,14,135
2,13,134
2,13,134
2,13,132
2,13,132
2,13,132
2,13,133
2,14,134
2,14,134
2,14,134
3,14,134
3,14,133
2,14,133
2,14,132
2,14,132
2,14,132
2,14,132
2,14,132
2,14,133
3,14,134
3,14,135
3,14,135
3,14,135
3,14,135
3,14,135
3,14,135
3,14,135
3,14,135
3,14,135
3,14,135
2,13,134
2,13,134
2,13,134
2,13,134
2,14,134
2,14,133
3,14,133
3,15,133
3,15,133
3,15,135
3,15,135
3,14,135
3,14,135
3,14,135
3,14,135
3,14,135
2,14,134
2,14,133
2,14,132
2,14,132
2,14,132
2,15,132
2,15,131
2,15,131
2,15,131
2,15,131
2,15,131
2,15,131
2,15,131
2,15,131
2,15,130
1,14,126
1,14,127
0,14,127
0,14,127
0,14,127
0,14,127
0,14,127
0,14,126
0,14,126
0,14,126
1,15,125
1,15,125
0,15,125
1,15,124
0,15,125
0,15,125
0,15,126
0,14,126
0,14,126
0,14,127
1,14,127
1,14,128
1,14,129
1,14,130
1,14,130
2,15,131
2,15,131
2,15,131
2,15,131
1,15,129
1,15,128
1,15,128
0,14,127
0,14,127
0,14,127
0,14,127
0,14,127
0,14,127
1,15,128
0,14,127
1,15,128
1,15,128
1,15,128
1,15,128
1,15,128
2,15,129
2,15,129
2,16,129
2,16,129
2,16,129
2,16,129
2,15,129
2,15,129
2,15,129
1,15,129
2,15,129
2,15,129
2,15,129
2,15,129
2,16,129
2,16,129
2,16,129
2,16,129
2,16,129
2,16,129
1,15,130
1,14,130
1,14,130
1,14,130
1,14,130
1,14,130
2,15,130
2,15,130
2,15,129
2,15,129
2,15,129
1,15,129
1,15,129
2,15,130
2,15,131
2,15,131
2,15,129
1,15,128
1,15,128
1,15,128
0,14,127
0,14,127
0,14,127
0,14,127
1,15,128
1,15,128
1,15,128
1,15,128
1,15,128
0,14,127
0,14,127
0,14,127
0,14,127
0,14,128
1,14,130
1,14,130
2,15,131
2,15,131
2,15,131
2,15,131
2,15,131
2,15,131
2,15,131
2,15,131
2,15,131
2,15,131
2,15,131
2,15,131
2,15,131
2,15,131
2,15,131
2,15,131
2,15,131
2,15,131
2,15,131
2,15,131
2,14,132
2,14,132
2,14,132
2,14,132
2,14,132
2,14,131
2,14,131
2,14,132
2,14,132
2,14,132
3,14,135
3,14,135
3,14,135
3,14,135
3,14,135
2,14,134
2,13,132
2,13,132
2,13,132
2,13,132
2,13,134
2,13,134
2,14,134
3,14,134
3,14,133
2,14,133
2,14,132
2,14,132
2,14,132
2,14,132
2,14,132
2,14,132
2,14,134
3,14,135
3,14,135
3,14,135
3,14,135
3,14,135
3,14,135
3,14,135
3,14,135
3,14,135
3,14,135
3,14,135
3,14,135
2,13,134
2,14,134
2,14,134
3,14,133
3,15,133
3,15,133
3,15,133
3,15,135
3,15,135
3,14,135
3,14,135
3,14,135
3,14,135
3,14,135
2,14,134
2,14,133
2,14,132
2,14,132
2,14,132
2,15,132
2,15,131
2,15,131
2,15,131
2,15,131
2,15,131
2,15,131
2,15,131
2,15,131
2,15,131
1,14,126
0,14,126
0,14,127
0,14,127
0,14,127
0,14,127
0,14,127
0,14,126
0,14,126
0,14,126
1,14,125
0,14,125
0,14,125
1,14,125
0,15,125
0,15,126
0,15,126
0,14,126
0,14,127
0,14,127
0,14,127
0,14,127
0,14,129
1,14,129
1,14,130
1,15,130
2,15,131
2,15,130
2,15,129
1,15,128
1,15,128
1,15,128
1,15,128
0,14,127
1,15,128
0,14,127
0,14,127
1,15,128
1,15,128
0,14,127
0,14,127
1,15,128
1,15,128
1,15,128
1,15,128
1,15,129
2,15,129
2,15,130
2,15,130
2,15,130
2,15,130
2,15,130
2,15,130
2,15,130
2,15,130
2,15,131
2,15,131
2,15,131
2,15,131
2,15,130
2,16,129
2,16,129
2,16,129
2,16,129
2,15,129
2,15,130
1,15,130
1,14,130
1,14,130
1,14,130
2,15,131
2,15,130
2,15,130
2,15,129
2,15,129
1,15,129
1,14,129
1,15,130
2,15,131
2,15,131
2,15,131
2,15,131
2,15,129
1,15,128
1,15,128
0,14,127
0,14,127
0,14,127
0,14,127
1,15,128
1,15,128
1,15,128
1,15,128
0,14,127
0,14,126
0,14,126
0,14,127
0,14,127
0,14,127
0,14,129
1,14,130
2,15,131
2,15,131
2,15,131
2,15,131
2,15,131
2,15,131
2,15,131
2,15,131
2,15,131
2,15,131
2,15,131
2,15,131
2,15,131
2,15,131
2,15,131
2,15,131
2,15,131
2,15,131
2,15,131
2,15,131
2,14,132
2,14,132
2,14,132
2,14,132
2,14,131
2,14,131
2,14,131
2,14,132
2,14,132
2,14,132
2,14,134
3,14,135
3,14,135
3,14,135
3,14,135
2,14,134
2,14,132
2,14,132
2,13,132
2,13,132
2,13,134
2,13,134
2,13,134
2,14,134
2,14,133
2,14,132
2,14,132
2,14,132
2,14,132
2,14,132
2,14,132
2,14,132
2,14,134
3,14,135
3,14,135
3,14,135
3,14,135
3,14,135
3,14,135
3,14,135
3,14,135
3,14,135
3,14,135
3,14,135
3,14,135
3,14,135
3,14,134
3,14,134
3,14,133
3,14,133
3,15,133
3,14,133
3,14,135
3,14,135
3,14,135
3,14,135
3,14,135
3,14,135
3,14,135
2,14,134
2,14,133
2,14,132
2,14,132
2,14,132
2,14,131
2,15,131
2,15,131
2,15,131
2,15,131
2,15,131
2,15,131
2,15,131
2,15,131
2,15,131
1,14,126
0,14,126
0,14,127
0,14,127
0,14,127
0,14,127
0,14,127
0,14,127
0,14,126
0,14,126
1,14,126
0,14,125
0,14,125
1,14,126
0,15,126
0,14,126
0,14,126
0,14,126
0,14,127
0,14,127
0,14,127
0,14,127
0,14,127
0,14,128
1,14,129
1,15,129
1,15,130
2,15,130
2,15,129
1,15,128
1,15,128
1,15,128
1,15,128
1,15,128
1,15,128
1,15,128
1,15,128
1,15,128
1,15,128
1,15,128
1,15,128
1,15,128
1,15,128
1,15,128
1,15,128
1,15,129
1,14,130
1,14,130
2,15,130
2,15,130
2,15,130
2,15,130
2,15,131
2,15,131
2,15,131
2,15,131
2,15,131
2,15,131
2,15,131
2,15,131
2,16,130
2,16,129
2,16,129
2,16,129
2,15,130
2,15,131
2,15,131
2,15,131
2,15,131
2,15,131
2,15,131
2,15,131
2,15,131
2,15,130
2,15,129
1,15,129
1,14,129
1,15,130
2,15,131
2,15,131
2,15,131
2,15,131
2,15,131
2,15,129
1,15,128
0,14,127
0,14,127
0,14,127
1,15,127
1,15,127
1,15,128
1,15,128
0,14,126
0,14,126
0,14,126
0,13,126
0,14,126
0,14,127
0,14,128
1,14,130
2,15,130
2,15,131
2,15,131
2,15,131
2,15,131
2,15,131
2,15,131
2,15,131
2,15,131
2,15,131
2,15,131
2,15,131
2,15,131
2,15,131
2,15,131
2,15,131
2,15,131
2,15,131
2,15,131
2,15,131
2,14,132
2,14,132
2,14,132
2,14,132
2,14,132
2,14,131
2,14,131
1,14,131
1,14,131
2,14,132
2,14,132
2,14,133
3,14,134
3,14,135
3,14,135
3,14,134
3,14,133
2,14,132
2,14,132
2,14,132
2,13,132
2,13,134
2,14,134
3,14,134
3,14,135
3,14,134
3,14,133
2,14,132
2,14,132
2,14,132
2,14,132
2,14,132
2,14,134
2,14,134
3,14,135
3,14,135
3,14,135
3,14,135
3,14,135
3,14,135
3,14,135
3,14,135
3,14,135
3,14,135
3,14,135
3,14,135
3,14,135
3,14,135
3,14,134
3,14,133
3,14,133
3,14,133
3,14,133
3,14,135
3,14,135
3,14,135
3,14,135
3,14,135
3,14,135
3,14,135
2,14,134
2,14,133
2,14,132
2,14,132
2,14,132
2,14,131
2,14,131
2,15,131
2,15,131
2,15,131
2,15,131
2,15,131
2,15,131
2,15,131
2,15,131
1,14,126
1,14,126
1,14,127
0,14,127
0,14,127
0,14,127
0,14,127
0,14,127
0,14,127
0,14,126
0,14,126
0,14,126
0,14,126
1,14,126
0,14,126
0,14,126
0,14,126
0,14,126
0,14,127
0,14,127
0,14,127
0,14,127
0,14,127
0,14,127
0,14,128
1,15,129
1,15,129
1,15,129
1,15,128
1,15,128
1,15,128
1,15,128
1,15,128
1,15,128
1,15,128
1,15,128
1,15,128
1,15,128
1,15,128
1,15,128
1,15,128
1,15,128
1,15,128
1,15,128
1,15,130
1,15,130
1,14,130
1,14,130
1,14,130
1,14,130
1,14,130
2,15,131
2,15,131
2,15,131
2,15,131
2,15,131
2,15,131
2,15,131
2,15,131
2,15,131
2,15,130
2,16,130
2,16,130
2,16,130
2,15,131
2,15,131
2,15,131
2,15,131
2,15,131
2,15,131
2,15,131
2,15,131
2,15,131
2,15,130
2,15,129
2,15,129
1,15,129
2,15,130
2,15,131
2,15,131
2,15,131
2,15,131
2,15,131
2,15,129
2,15,129
1,15,128
0,14,127
0,14,127
1,15,127
1,15,127
1,15,128
1,15,128
0,14,126
0,14,126
0,13,126
0,13,125
0,13,126
0,14,127
1,14,128
2,15,130
2,15,131
2,15,131
2,15,131
2,15,131
2,15,131
2,15,131
2,15,131
2,14,131
2,14,131
2,14,131
2,15,131
2,15,131
2,15,131
2,15,131
2,15,131
2,15,131
2,15,131
2,15,131
2,15,131
2,14,132
2,14,132
2,14,132
2,14,132
2,14,132
2,14,132
2,14,131
2,14,131
1,14,131
1,14,131
2,13,132
2,14,132
2,14,132
2,14,133
3,14,134
3,14,134
3,14,133
3,14,133
2,14,132
2,14,132
2,14,132
2,14,132
2,14,134
3,14,135
3,14,135
3,14,135
3,14,135
3,14,133
3,14,133
2,14,132
2,14,132
2,14,132
2,14,132
2,14,134
2,14,134
3,14,135
3,14,135
3,14,135
3,14,135
3,14,135
3,14,135
3,14,135
3,14,135
3,14,135
3,14,135
3,14,135
3,14,135
3,14,135
3,14,135
3,14,134
3,14,133
2,14,133
2,14,133
3,14,133
3,14,135
3,14,135
3,14,135
3,14,135
3,14,135
3,14,135
3,14,134
2,14,134
2,14,133
2,14,132
2,14,132
2,14,132
2,14,131
2,15,131
2,15,131
2,15,131
2,15,131
2,15,131
2,14,132
2,14,132
2,14,132
2,14,132
1,14,126
1,14,127
0,14,127
0,14,127
0,14,127
0,14,127
0,14,127
0,14,127
0,14,126
0,14,126
0,14,126
0,14,126
0,14,126
0,14,126
0,14,126
0,14,126
0,14,126
0,14,127
0,14,127
0,14,127
0,14,127
0,14,127
0,14,127
1,14,128
1,15,128
1,15,128
1,15,129
1,15,128
1,15,128
1,15,128
1,15,128
1,15,128
1,15,128
1,15,128
1,15,128
1,15,128
1,15,128
1,15,128
1,15,128
1,15,128
1,15,128
1,15,128
1,15,130
1,15,130
1,15,130
1,14,130
1,14,130
1,14,130
1,14,130
1,14,130
1,14,130
1,14,130
1,14,130
1,14,130
1,14,130
1,14,130
1,14,130
2,15,130
2,15,130
2,16,130
2,16,130
2,16,130
2,15,131
2,15,131
2,15,131
2,15,131
2,15,131
2,15,131
2,15,131
2,15,131
2,15,131
2,15,131
2,15,130
2,15,130
1,15,129
2,15,130
2,15,130
2,15,131
2,15,131
2,15,131
2,15,131
2,15,131
2,15,129
2,15,129
1,15,128
1,15,127
0,14,127
1,15,127
1,15,127
1,15,128
1,15,128
0,14,126
0,14,126
0,14,126
0,13,126
0,14,126
0,14,127
1,15,129
2,15,131
2,15,131
2,15,131
2,15,131
2,15,131
2,15,131
2,15,132
2,14,132
2,14,132
2,14,131
2,14,131
1,14,131
1,15,130
2,15,131
2,15,131
2,15,131
2,15,131
2,15,131
2,15,131
2,14,132
2,14,132
2,14,132
2,14,132
2,14,132
2,14,132
2,14,132
2,14,132
2,14,131
2,14,131
2,14,131
1,13,131
2,14,132
2,14,132
2,14,132
2,14,133
3,14,133
2,14,133
2,14,132
2,14,132
2,14,132
2,14,132
2,14,132
2,14,134
3,14,135
3,14,135
3,14,135
3,14,135
3,14,135
3,14,133
2,14,132
2,14,132
2,14,132
2,14,134
2,14,134
3,14,135
3,14,135
3,14,135
3,14,135
3,14,135
3,14,135
3,14,135
3,14,135
3,14,135
3,14,135
3,14,135
3,14,135
3,14,135
3,14,135
3,14,135
2,14,133
2,14,133
2,14,132
2,14,132
2,14,133
3,14,135
3,14,135
3,14,135
3,14,135
3,14,135
3,14,135
2,14,134
2,14,134
2,14,132
2,14,132
2,14,132
2,15,132
2,15,131
2,15,131
2,15,131
2,15,131
2,15,131
2,14,132
2,14,132
2,14,132
2,14,132
1,14,126
1,14,126
1,14,127
0,14,127
0,14,127
0,14,127
0,14,127
0,14,127
0,14,127
0,14,127
0,14,127
0,14,127
1,14,126
1,15,127
0,14,126
0,14,126
0,14,126
0,14,127
0,14,127
0,14,127
0,14,127
0,14,127
0,14,127
0,14,127
1,15,128
1,15,128
1,15,128
1,15,128
1,15,128
1,15,128
1,15,128
1,15,128
1,15,128
1,15,128
2,15,129
2,15,129
2,15,129
1,15,129
1,15,129
1,15,130
1,15,130
1,15,130
2,15,131
2,15,131
2,15,131
2,15,131
2,15,131
2,15,131
2,15,131
2,15,131
1,14,130
1,14,130
1,14,130
1,14,130
0,14,129
0,14,129
1,14,129
1,15,129
2,15,129
2,15,129
2,15,130
2,15,131
2,15,131
2,15,131
2,15,131
2,15,131
2,15,131
2,15,131
2,15,131
2,15,131
2,15,131
1,14,130
1,15,130
1,15,130
1,15,130
2,15,130
2,15,131
2,15,131
2,15,131
2,15,131
2,15,131
2,15,130
2,15,129
2,15,129
1,15,128
1,15,128
1,15,128
1,15,128
1,15,128
1,15,128
1,15,128
1,15,127
0,14,126
0,14,126
0,14,126
0,14,127
1,15,128
2,15,129
2,15,131
2,15,131
2,15,131
2,15,131
2,15,131
2,15,131
2,15,132
2,14,132
2,14,132
2,14,131
1,14,130
1,14,130
1,14,130
1,14,130
2,15,131
2,15,131
2,15,131
2,15,131
2,15,132
2,14,132
2,14,132
2,14,132
2,14,132
2,14,132
2,14,132
2,14,132
2,14,132
2,14,131
2,14,131
1,13,131
1,13,131
1,13,131
2,14,132
2,14,132
2,14,132
2,14,132
2,14,132
2,14,132
2,14,132
2,14,132
2,14,132
2,14,132
3,14,135
3,14,135
3,14,135
3,14,135
3,14,135
3,14,135
3,14,134
2,14,132
2,14,132
2,13,134
2,13,134
2,14,134
3,14,135
3,14,135
3,14,135
3,14,135
3,14,135
3,14,135
3,14,135
3,14,135
3,14,135
3,14,135
3,14,135
3,14,135
3,14,135
3,14,135
2,14,134
2,14,133
2,14,132
2,14,132
2,14,132
2,14,132
3,14,135
3,14,135
3,14,135
3,14,135
3,14,135
3,14,135
2,14,134
2,14,133
2,14,132
2,14,132
2,15,132
2,15,131
2,15,131
2,15,131
2,15,131
2,15,131
2,15,131
2,14,131
2,14,132
2,14,132
2,14,132
1,14,125
1,15,126
1,15,127
0,14,127
0,14,127
0,14,127
0,14,127
0,14,127
0,14,127
0,14,127
0,14,127
1,14,127
1,15,127
1,15,127
0,14,127
0,14,127
0,14,127
0,14,127
0,14,127
0,14,127
0,14,127
0,14,127
0,14,127
1,15,128
1,15,128
1,15,128
1,15,129
1,15,129
1,15,129
1,15,128
1,15,128
1,15,128
1,15,128
2,15,129
2,15,129
2,15,129
2,15,129
2,15,130
2,15,130
2,15,131
2,15,131
2,15,131
2,15,131
2,15,131
2,15,131
2,15,131
2,15,131
2,15,131
2,15,131
2,15,131
2,15,131
2,15,131
1,14,130
1,14,129
0,14,129
0,14,129
1,14,128
1,15,128
1,15,129
2,15,129
2,15,130
2,15,131
2,15,131
2,15,131
2,15,131
2,15,131
2,15,131
2,15,131
2,15,131
2,15,131
2,15,131
2,15,131
2,15,130
2,15,130
2,15,130
2,15,131
2,15,131
2,15,131
2,15,131
2,15,131
2,15,131
2,15,129
2,15,129
1,15,128
1,15,128
1,15,128
1,15,128
1,15,128
1,15,128
1,15,128
1,15,128
1,15,128
1,15,127
1,15,127
1,15,127
1,15,128
2,15,129
2,15,129
2,15,131
2,15,131
2,15,131
2,15,131
2,15,131
2,15,131
2,15,131
2,14,132
2,14,131
2,14,130
1,14,130
1,14,129
1,14,129
1,14,130
1,14,130
2,15,131
2,15,131
2,15,131
2,14,132
2,14,132
2,14,132
2,14,132
2,14,132
2,14,132
2,14,132
2,14,132
2,14,132
2,14,132
2,14,131
1,13,131
1,13,131
1,13,131
1,13,131
2,14,132
2,14,132
2,14,132
2,14,132
2,14,132
2,14,132
2,14,132
2,14,132
3,14,133
3,14,135
3,14,135
3,14,135
3,14,135
3,14,135
3,14,135
3,14,134
2,14,134
2,13,134
2,13,134
2,13,134
2,14,134
3,14,135
3,14,135
3,14,135
3,14,135
3,14,135
3,14,135
3,14,135
3,14,135
3,14,135
3,14,135
3,14,135
3,14,135
3,14,135
2,13,134
2,13,134
2,14,133
2,14,132
2,14,132
2,14,132
2,14,132
3,14,135
3,14,135
3,14,135
3,14,135
3,14,135
2,14,134
2,14,134
2,14,132
2,14,132
2,14,132
2,15,131
2,15,131
2,15,131
2,15,129
2,15,130
2,15,131
2,15,131
2,15,131
2,15,131
2,14,132
2,14,132
1,14,125
1,15,126
1,15,126
0,14,127
0,14,127
0,14,127
0,14,127
0,14,127
0,14,127
0,14,127
0,14,127
1,14,127
1,15,128
1,15,128
1,14,127
0,14,127
0,14,127
0,14,127
0,14,127
0,14,127
0,14,127
0,14,127
0,14,127
1,15,128
1,15,128
1,15,128
1,15,129
1,15,129
1,15,129
2,15,129
1,15,128
1,15,128
2,15,129
2,15,130
2,15,131
2,15,131
2,15,131
2,15,131
2,15,131
2,15,131
2,15,131
2,15,131
2,15,131
2,15,131
2,15,131
2,15,131
2,15,131
2,15,131
2,15,131
2,15,131
2,15,131
2,15,130
1,14,130
1,14,129
0,14,129
0,14,128
1,15,128
1,15,128
1,15,128
1,15,129
2,15,129
2,15,131
2,15,131
2,15,131
2,15,131
2,15,131
2,15,131
2,15,131
2,15,131
2,15,131
2,15,131
2,15,131
2,15,130
2,15,130
2,15,130
2,15,131
2,15,131
2,15,131
2,15,131
2,15,131
2,15,129
2,15,129
1,15,128
1,15,128
1,15,128
1,15,128
1,15,128
1,15,128
1,15,128
1,15,128
1,15,128
1,15,128
1,15,128
1,15,128
1,15,128
1,15,128
2,15,129
2,15,129
2,15,131
2,15,131
2,15,131
2,15,131
2,15,131
2,15,131
2,15,131
2,15,131
2,14,131
1,14,130
1,14,129
0,14,128
0,14,128
0,14,129
1,14,130
1,14,130
2,14,131
2,14,132
2,14,132
2,14,132
2,14,132
2,14,132
2,14,132
2,14,132
2,14,132
2,14,132
2,14,132
2,14,132
2,14,132
2,14,131
1,13,131
1,13,131
1,14,131
2,14,132
2,14,132
2,14,132
2,14,132
2,14,132
2,14,132
2,14,132
2,14,132
3,14,133
3,14,135
3,14,135
3,14,135
3,14,135
3,14,135
3,14,135
2,14,134
2,14,134
2,13,134
2,13,134
2,13,134
2,13,134
3,14,135
3,14,135
3,14,135
3,14,135
3,14,135
3,14,135
3,14,135
3,14,135
3,14,135
3,14,135
3,14,135
3,14,135
3,14,135
2,13,134
2,13,134
2,14,133
2,14,132
2,14,132
2,14,132
2,14,132
2,14,133
3,14,135
3,14,135
3,14,135
3,14,135
2,14,134
2,14,132
2,14,132
2,14,132
2,14,131
2,15,131
2,15,131
2,15,129
2,15,129
2,15,129
2,15,129
2,15,129
2,15,131
2,15,131
2,15,131
2,15,131
1,14,125
1,14,126
0,14,126
0,14,127
0,14,127
0,14,127
0,14,127
0,14,127
0,14,127
0,14,127
1,14,128
1,15,128
1,15,128
1,14,128
1,14,128
1,15,128
1,15,128
1,15,128
1,15,128
1,15,128
1,15,128
1,15,128
1,15,128
1,15,128
1,15,129
1,15,130
2,15,130
2,15,130
2,15,129
2,15,129
2,15,131
2,15,131
2,15,131
2,15,131
2,15,131
2,15,131
2,15,131
2,15,131
2,15,131
2,15,131
2,15,131
2,15,131
2,15,131
2,15,131
2,15,131
2,15,131
2,15,131
2,15,131
2,15,131
2,15,131
2,15,131
2,15,130
1,15,129
1,15,129
1,15,128
1,15,128
1,15,128
1,15,128
1,15,129
2,15,129
2,15,130
2,15,131
2,15,131
2,15,131
2,15,131
2,15,131
2,15,131
2,15,131
2,15,131
2,15,131
2,15,131
2,15,131
2,15,131
2,15,131
2,15,131
2,15,131
2,15,130
2,15,130
1,15,129
1,15,129
1,15,128
1,15,128
1,15,128
1,15,128
1,15,128
1,15,128
1,15,128
1,15,128
2,15,129
2,15,129
2,15,129
2,15,129
2,16,129
2,16,129
2,16,129
2,16,129
2,15,129
2,15,130
2,15,131
2,15,131
2,15,131
2,15,131
2,15,131
2,15,131
2,15,131
2,15,131
1,15,130
1,14,128
0,14,127
0,14,127
0,14,128
1,14,130
1,14,130
2,14,131
2,14,132
2,14,132
2,14,132
2,14,132
2,14,132
2,14,132
2,14,132
2,14,132
2,14,132
2,14,132
2,14,132
2,14,132
2,14,131
2,14,131
2,14,131
2,14,131
2,14,132
2,14,132
2,14,132
2,14,132
2,14,132
2,14,132
2,14,132
2,14,132
3,14,133
3,14,135
3,14,135
3,14,135
3,14,135
3,14,135
3,14,135
2,14,134
2,13,134
2,13,134
2,13,134
2,13,134
2,13,134
3,14,135
3,14,135
3,14,135
3,14,135
3,14,135
3,14,135
3,14,135
3,14,135
3,14,135
3,14,135
3,14,135
3,14,135
3,14,135
3,14,135
2,14,134
2,14,133
2,14,132
2,14,132
2,14,132
2,14,132
2,14,132
3,14,133
3,14,135
3,14,134
3,14,134
2,14,133
2,14,132
2,14,132
2,14,132
2,15,131
2,15,131
1,15,129
1,15,128
1,15,128
2,15,129
2,15,129
2,15,129
2,15,129
2,15,131
2,15,131
1,14,125
1,14,125
0,14,126
0,14,126
0,14,127
0,14,127
0,14,127
0,14,127
0,14,127
0,14,127
1,14,128
1,14,128
1,14,129
1,14,129
1,14,129
1,15,128
1,15,128
1,15,128
1,15,128
1,15,128
1,15,128
1,15,128
1,15,128
1,15,129
1,15,130
2,15,130
2,15,130
2,15,131
2,15,131
2,15,131
2,15,131
2,15,131
2,15,131
2,15,131
2,15,131
2,15,131
2,15,131
2,15,131
2,15,131
2,15,131
2,14,132
2,15,132
2,15,131
2,15,131
2,15,131
2,15,131
2,15,131
2,15,131
2,15,131
2,15,131
2,15,131
2,15,130
1,15,129
1,15,128
1,15,128
1,15,128
1,15,128
1,15,128
1,15,128
1,14,129
2,15,130
2,15,131
2,15,131
3,16,132
3,16,132
2,15,131
2,15,131
2,15,131
2,15,131
2,15,131
2,15,131
2,15,131
2,15,131
2,15,131
2,15,131
2,15,131
2,15,130
2,15,129
1,15,129
1,15,128
1,15,128
1,15,128
1,15,128
1,15,128
1,15,128
1,15,128
1,15,128
2,15,129
2,15,129
2,15,129
2,15,129
2,15,129
2,16,129
2,16,129
2,16,129
1,15,129
2,15,129
2,15,130
2,15,131
2,15,131
2,15,131
2,15,131
2,15,131
2,15,131
2,15,131
2,15,130
1,15,129
1,14,128
1,14,127
0,14,127
1,14,128
1,14,130
2,14,131
2,14,132
2,14,132
2,14,132
2,14,132
2,14,132
2,14,132
2,14,132
2,14,132
2,14,132
2,14,132
2,14,132
2,14,132
2,14,132
2,14,132
2,14,131
2,14,131
2,14,131
2,14,131
2,14,132
2,14,132
2,14,132
2,14,132
2,14,132
2,14,132
2,14,132
3,14,133
3,14,135
3,14,135
3,14,135
3,14,135
3,14,135
3,14,135
3,14,135
2,13,134
2,13,134
2,13,134
2,13,134
3,14,135
3,14,135
4,15,136
4,15,136
4,15,136
3,14,135
3,14,135
3,14,135
3,14,135
3,14,135
3,14,135
3,14,135
3,14,135
3,14,135
3,14,135
3,14,134
2,14,134
2,14,132
2,14,132
2,14,132
2,14,132
2,14,132
3,14,133
3,14,133
2,14,133
2,14,133
2,14,132
2,14,132
2,14,132
2,15,131
2,15,131
1,15,130
1,15,128
1,15,128
1,15,128
1,15,128
2,15,129
2,16,129
2,16,129
2,15,130
2,15,131
1,14,124
1,14,125
1,14,125
0,14,126
0,14,126
0,14,127
0,14,127
0,14,127
0,14,127
0,14,127
0,14,128
1,14,129
1,14,129
1,14,130
1,14,130
1,15,129
2,15,129
1,15,128
1,15,128
1,15,128
1,15,128
1,15,128
1,15,128
1,15,130
1,15,130
2,15,130
2,15,131
2,15,131
2,15,131
2,15,131
2,15,131
2,15,131
2,15,131
2,15,131
2,15,131
2,15,131
2,15,131
2,15,131
2,14,132
2,14,132
2,14,132
2,14,132
2,15,131
2,15,131
2,15,131
2,15,131
2,15,131
2,15,131
2,15,131
2,15,131
2,15,130
2,15,129
1,15,129
1,15,128
1,15,128
1,15,128
1,15,128
1,15,128
1,14,128
1,14,129
1,14,130
2,15,130
2,15,131
3,16,132
3,16,132
2,15,131
2,15,131
2,15,131
2,15,131
2,15,131
2,15,131
2,15,131
2,15,131
2,15,131
2,15,131
2,15,130
2,15,129
2,16,129
2,15,129
1,15,128
1,15,128
1,15,128
1,15,128
1,15,128
1,15,128
1,15,128
2,15,129
2,15,131
2,15,131
2,15,131
2,15,129
2,16,129
2,16,129
2,16,129
1,15,129
1,15,129
1,15,129
1,15,130
2,15,131
2,15,131
2,15,131
2,15,131
2,15,131
2,15,131
2,15,131
2,15,129
2,15,129
1,15,128
1,15,128
1,15,128
1,15,129
2,14,130
2,15,131
2,14,132
2,14,132
2,14,132
2,14,132
2,14,132
2,14,132
2,14,132
2,14,132
2,14,132
2,14,132
2,14,132
2,14,132
2,14,132
2,14,132
2,14,131
2,15,131
2,15,131
2,15,131
2,14,131
2,14,132
2,14,132
2,14,132
2,14,132
2,14,132
2,14,132
3,14,133
3,14,135
3,14,135
3,14,135
3,14,135
3,14,135
3,14,135
3,14,135
3,14,135
2,13,134
2,13,134
3,14,135
3,14,135
3,14,135
4,15,136
4,15,136
4,15,136
3,14,135
3,14,135
3,14,135
3,14,135
3,14,135
3,14,135
3,14,135
3,14,135
3,14,135
3,14,135
3,14,135
2,14,134
2,14,132
2,14,132
2,14,132
2,14,132
2,14,132
2,14,132
2,14,133
2,14,132
2,14,132
2,14,132
2,14,132
2,15,131
2,15,131
2,15,131
1,15,128
1,15,128
1,15,127
1,15,127
1,15,127
1,15,128
2,16,129
2,16,129
2,16,129
2,15,131
1,14,124
1,14,125
1,14,125
0,14,125
0,14,126
0,14,127
0,14,127
0,14,127
0,14,127
0,14,127
1,14,128
1,14,129
1,14,130
1,15,130
1,15,129
2,15,129
2,15,129
1,15,128
1,15,128
1,15,128
1,15,128
1,15,128
1,15,129
1,15,130
1,15,130
1,15,130
2,15,131
2,15,131
2,15,131
2,15,131
2,15,131
2,15,131
2,15,131
2,15,131
2,15,131
2,15,131
2,15,132
2,14,132
2,14,132
2,14,132
2,14,132
2,14,131
2,15,131
2,15,131
2,15,131
2,15,131
2,15,131
2,15,131
2,15,130
2,15,129
2,15,129
1,15,128
1,15,128
1,15,128
1,15,127
0,14,127
0,14,127
1,14,127
1,14,128
1,14,129
1,14,130
1,15,130
2,15,131
2,15,131
2,15,131
2,15,131
2,15,131
2,15,131
2,15,131
2,15,131
2,15,131
2,15,131
2,15,131
2,15,130
2,15,129
2,16,129
2,16,129
2,16,129
2,16,129
1,15,128
1,15,128
1,15,128
1,15,128
1,15,128
2,15,130
2,15,131
2,15,131
2,15,131
2,15,131
2,15,131
2,15,130
2,16,129
2,16,129
1,15,129
1,14,129
1,14,129
1,14,130
1,14,130
2,15,131
2,15,131
2,15,131
2,15,131
2,15,131
2,15,131
2,15,130
2,15,129
2,15,129
1,15,129
2,15,129
2,15,130
2,15,131
2,15,131
2,14,131
2,14,132
2,14,132
2,14,132
2,14,132
2,14,132
2,14,132
2,14,132
2,14,132
2,14,132
2,14,132
2,14,132
2,14,132
2,14,132
2,15,132
2,15,131
2,15,131
2,15,131
2,14,132
2,14,132
2,14,132
2,14,132
2,14,132
2,14,132
2,14,132
2,14,132
3,14,134
3,14,135
3,14,135
3,14,135
3,14,135
3,14,135
3,14,135
3,14,135
3,14,135
3,14,135
3,14,135
3,14,135
3,14,135
4,15,136
4,15,136
4,15,136
3,14,135
3,14,135
3,14,135
3,14,135
3,14,135
3,14,135
3,14,135
3,14,135
3,14,135
3,14,135
3,14,135
3,14,135
2,14,132
2,14,132
2,14,132
2,14,132
2,14,132
2,14,132
2,14,132
2,14,132
2,14,132
2,14,132
2,15,132
2,15,131
2,15,131
2,15,131
1,15,128
1,15,128
1,15,127
1,15,127
1,15,127
1,15,128
2,16,129
2,16,129
2,16,129
1,14,122
1,14,124
1,14,124
1,14,125
0,14,125
0,14,126
0,14,127
0,14,127
0,14,127
0,14,127
0,14,127
1,14,128
1,14,129
1,15,129
1,15,129
2,15,129
2,15,129
2,15,129
1,15,128
1,15,128
1,15,128
1,15,128
1,15,128
1,15,129
1,15,130
1,14,130
1,15,130
2,15,131
2,15,131
2,15,131
2,15,131
2,15,131
2,15,131
2,15,131
2,15,131
2,15,131
2,15,131
2,15,131
2,14,132
2,14,132
2,14,131
2,15,131
2,15,131
2,15,130
2,15,130
2,15,130
2,15,130
2,15,129
2,15,129
2,15,129
1,15,128
1,15,128
1,15,128
1,15,128
0,14,127
0,14,127
0,14,127
0,14,127
0,14,127
1,14,128
1,14,129
1,15,130
1,15,130
2,15,131
2,15,131
2,15,131
2,15,131
2,15,131
2,15,131
2,15,131
2,15,131
2,15,131
2,15,130
2,16,129
2,16,129
2,16,129
2,16,129
2,16,129
2,15,129
2,15,129
1,15,129
1,15,128
1,15,128
2,15,131
2,15,131
2,15,131
2,15,131
2,15,131
2,15,131
2,15,131
2,15,131
2,15,130
2,15,129
1,15,129
1,14,129
1,14,130
1,14,130
1,14,130
2,15,131
2,15,131
2,15,131
2,15,131
2,15,131
2,15,131
2,15,131
2,15,130
2,15,129
2,15,129
2,15,131
2,15,131
2,15,131
2,15,131
2,15,131
2,14,131
2,14,132
2,14,132
2,14,132
2,14,132
2,14,132
2,14,132
2,14,132
2,14,132
2,14,132
2,14,132
2,14,132
2,14,132
2,14,132
2,15,132
2,15,131
2,15,131
2,14,132
2,14,132
2,14,132
2,14,132
2,14,132
2,14,132
2,14,132
2,14,132
2,14,132
3,14,133
3,14,135
3,14,135
3,14,135
3,14,135
3,14,135
3,14,135
3,14,135
3,14,135
3,14,135
3,14,135
3,14,135
4,15,136
4,15,136
4,15,136
3,14,135
3,14,135
3,14,135
3,14,135
3,14,135
3,14,135
3,14,135
3,14,135
3,14,135
3,14,135
3,14,135
3,14,135
2,14,132
2,14,132
2,14,132
2,14,132
2,14,132
2,14,132
2,14,132
2,14,132
2,14,132
2,15,132
2,15,131
2,15,131
2,15,131
2,15,129
1,15,128
1,15,128
1,15,127
1,15,127
1,15,127
1,15,128
2,16,129
2,16,129
2,16,129
1,14,121
1,14,122
1,14,124
1,14,124
1,14,125
1,14,126
1,14,127
1,15,127
0,14,127
0,14,127
0,14,127
0,14,127
0,14,128
1,14,128
1,15,128
2,15,129
1,15,128
1,15,128
1,15,128
1,15,128
1,15,128
1,15,128
1,15,128
1,15,128
1,15,129
1,14,130
1,14,130
2,15,131
2,15,131
2,15,131
2,15,131
2,15,131
2,15,131
2,15,131
2,15,131
2,15,131
2,15,131
2,15,131
2,15,131
2,15,131
2,15,131
2,15,130
1,15,129
1,15,129
1,15,129
1,15,129
2,15,129
2,16,129
2,16,129
2,15,129
1,15,128
1,15,128
0,14,127
1,15,127
1,15,127
0,14,127
0,14,127
0,14,127
0,14,127
1,14,127
1,14,128
1,14,128
1,15,128
1,15,128
1,15,128
1,15,128
1,15,128
1,15,129
2,15,129
2,15,129
2,15,129
2,15,129
2,16,129
2,16,129
2,16,129
2,16,129
2,16,129
2,16,129
2,15,129
2,15,129
2,15,130
1,15,130
2,15,131
2,15,131
2,15,131
2,15,131
2,15,131
2,15,131
2,15,131
2,15,131
2,15,131
2,15,131
2,15,130
1,15,130
1,14,130
1,14,130
1,14,130
1,14,130
2,15,131
2,15,131
2,15,131
2,15,131
2,15,131
2,15,131
2,15,131
2,15,131
2,15,131
2,15,131
2,15,131
2,15,131
2,15,131
2,15,131
2,15,131
2,15,131
2,14,131
2,14,131
2,14,131
2,15,131
2,15,131
2,15,131
2,14,131
2,14,132
2,14,132
2,14,132
2,14,132
2,14,132
2,14,132
2,14,132
2,14,132
2,14,132
2,14,132
2,14,132
2,14,132
2,14,132
2,14,132
2,14,132
2,14,132
2,14,132
2,14,132
2,14,132
2,14,134
3,14,135
3,14,135
3,14,135
3,14,135
3,14,135
3,14,135
3,14,135
3,14,135
3,14,135
3,14,136
3,14,136
4,15,136
4,15,136
3,14,135
3,14,135
3,14,135
3,14,135
3,14,135
3,14,135
3,14,135
3,14,135
3,14,135
3,14,135
3,14,135
3,14,135
2,14,132
2,14,132
2,14,132
2,14,132
2,14,132
2,14,132
2,14,132
2,14,132
2,14,132
2,15,131
2,15,131
2,15,131
2,15,130
2,15,129
1,15,128
1,15,128
1,15,128
1,15,128
1,15,128
2,15,129
2,16,129
2,16,129
2,16,129
1,14,121
1,14,122
1,14,124
1,14,124
1,14,125
1,15,127
1,15,127
1,15,127
0,14,127
0,14,127
0,14,127
0,14,127
0,14,127
0,14,127
1,15,128
1,15,128
1,15,128
1,15,128
1,15,128
0,14,127
0,14,127
1,14,128
1,15,128
1,14,128
1,14,129
1,14,130
1,15,130
2,15,131
2,15,131
2,15,131
2,15,131
2,15,131
2,15,131
2,15,131
2,15,131
2,15,131
2,15,131
2,15,131
2,15,131
2,15,130
1,14,128
1,14,128
1,14,128
1,14,128
1,15,129
2,15,129
2,16,129
2,16,129
1,15,128
1,15,128
1,15,128
1,15,128
1,15,128
1,15,128
1,15,127
1,15,127
0,14,127
0,14,127
0,14,127
1,14,127
1,14,128
1,14,128
1,14,128
1,14,128
0,14,127
0,14,127
1,15,128
1,15,128
2,15,129
2,15,129
2,15,129
2,16,129
2,16,129
2,16,129
2,16,129
2,16,129
1,15,129
1,15,129
2,15,130
2,15,131
2,15,131
2,15,131
2,15,131
2,15,131
2,15,131
2,15,131
2,15,131
2,15,131
2,15,131
2,15,131
2,15,131
2,15,131
2,15,131
2,15,130
1,15,130
1,14,130
2,15,131
2,15,131
2,15,131
2,15,131
2,15,131
2,15,131
2,15,131
2,15,131
2,15,131
2,15,131
2,15,131
2,15,131
2,15,131
2,15,131
2,15,131
2,15,131
2,15,131
2,15,131
2,15,131
2,15,131
2,15,131
2,15,131
2,15,131
2,15,131
2,14,131
2,14,132
2,14,132
2,14,132
2,14,132
2,14,132
2,14,132
2,14,132
2,14,132
2,14,132
2,14,132
2,14,132
2,14,132
2,14,132
2,14,132
2,14,132
2,14,132
2,14,132
2,14,132
2,14,132
2,14,134
2,14,134
3,14,135
3,14,135
3,14,135
3,14,135
3,14,135
3,14,135
3,14,135
3,14,136
3,14,136
3,14,136
4,15,136
3,14,135
3,14,135
3,14,135
3,14,135
3,14,135
3,14,135
3,14,135
3,14,135
3,14,135
3,14,135
3,14,135
2,14,134
2,14,132
2,14,132
2,14,132
2,14,132
2,14,132
2,14,132
2,14,132
2,14,132
2,14,132
2,15,131
2,15,131
2,15,130
2,15,129
1,15,129
1,15,128
1,15,128
1,15,128
1,15,128
2,15,128
2,16,129
2,16,129
2,16,129
1,13,120
1,13,121
1,14,122
1,14,124
1,15,125
1,15,127
1,15,127
1,15,127
1,15,127
0,14,127
0,14,127
0,14,127
0,14,127
0,14,127
0,14,127
1,15,128
1,15,128
1,15,128
1,15,128
0,14,127
0,14,127
0,14,127
1,15,128
1,15,128
1,14,128
1,14,130
1,15,130
2,15,131
2,15,131
2,15,131
2,15,131
2,15,131
2,15,131
2,15,131
2,15,131
2,15,131
2,15,131
2,15,131
2,15,131
1,15,129
1,15,128
1,15,128
0,14,128
1,14,128
1,15,129
2,15,129
2,16,129
2,15,129
2,15,129
1,15,128
1,15,128
1,15,128
1,15,128
1,15,128
1,15,128
1,15,128
0,14,127
0,14,127
0,14,127
0,14,127
0,14,127
0,14,127
0,14,127
0,14,127
0,14,127
0,14,127
1,14,128
1,15,128
1,15,129
1,15,129
2,15,129
2,16,129
2,16,129
1,15,129
1,15,128
1,15,128
1,14,129
1,14,130
1,15,130
2,15,131
2,15,131
2,15,131
2,15,131
2,15,131
2,15,131
2,15,131
2,15,131
2,15,131
2,15,131
2,15,131
2,15,131
2,15,131
2,15,131
2,15,131
2,15,131
2,15,131
2,15,131
2,15,131
2,15,131
2,15,131
2,15,131
2,15,131
2,15,131
2,15,131
2,15,131
2,15,131
2,15,131
2,15,131
2,15,131
2,15,131
2,15,131
2,15,131
2,15,131
2,15,131
2,15,131
2,15,131
2,15,131
2,15,131
2,15,131
2,15,131
2,14,131
2,14,131
2,14,132
2,14,132
2,14,132
2,14,132
2,14,132
2,14,132
2,14,132
2,14,132
2,14,132
2,14,132
2,14,132
2,14,132
2,14,132
2,14,132
2,14,132
2,14,132
2,14,132
2,14,132
2,14,132
2,14,134
3,14,134
3,14,135
3,14,135
3,14,135
3,14,135
3,14,135
3,14,135
3,14,136
3,14,136
3,14,136
4,15,136
4,15,136
3,14,135
3,14,135
3,14,135
3,14,135
3,14,135
3,14,135
3,14,135
3,14,135
3,14,135
3,14,135
3,14,135
2,14,132
2,14,132
2,14,132
2,14,132
2,14,132
2,14,132
2,14,132
2,14,132
2,14,131
2,15,131
2,15,131
1,15,129
1,15,129
1,15,128
1,15,128
1,15,128
1,15,128
1,15,128
2,16,129
2,16,129
2,16,129
2,16,129
0,13,120
1,14,121
1,14,124
1,14,125
1,15,126
1,15,127
1,15,127
1,15,127
0,14,127
0,14,126
0,14,126
0,14,127
0,14,127
0,14,127
0,14,127
1,15,128
1,15,128
1,15,128
1,15,128
0,14,127
0,14,127
1,15,128
1,14,128
1,15,128
1,15,130
2,15,131
2,15,131
2,15,131
2,15,131
2,15,131
2,15,131
2,15,131
2,15,131
2,15,131
2,15,131
2,15,131
2,15,131
2,15,131
1,15,128
1,15,128
1,15,128
1,14,128
1,14,128
1,15,129
2,15,129
2,15,129
2,15,129
2,15,129
2,15,129
1,15,128
1,15,128
1,15,128
1,15,128
2,16,129
2,16,129
1,15,128
1,15,127
1,15,128
1,15,128
0,14,127
0,14,127
0,14,127
0,14,127
0,14,127
0,14,127
1,15,128
1,15,128
1,15,129
1,15,129
1,15,129
2,15,129
1,15,129
1,14,128
0,14,127
0,14,127
0,14,128
1,14,129
1,14,130
2,15,131
2,15,131
2,15,131
2,15,131
2,15,131
2,15,131
2,15,131
2,15,131
2,15,131
2,15,131
2,15,131
2,15,131
2,15,131
2,15,131
2,15,131
2,15,131
2,15,131
2,15,131
2,15,131
2,15,131
2,15,131
2,15,131
2,15,131
2,15,131
2,15,131
2,15,131
2,15,131
2,15,131
2,15,131
2,15,131
2,15,131
2,15,131
2,15,131
2,15,131
2,15,131
2,15,131
2,15,131
2,15,131
2,15,131
2,15,131
2,15,131
2,14,131
2,14,131
2,14,132
2,14,132
2,14,132
2,14,132
2,14,132
2,14,132
2,14,132
2,14,132
2,14,132
2,14,132
2,14,132
2,14,132
2,14,132
2,14,132
2,14,132
2,14,132
2,14,132
2,14,132
2,14,132
2,14,134
3,14,134
3,14,135
3,14,135
3,14,135
3,14,135
3,14,135
3,14,135
3,14,136
3,14,136
3,14,136
3,14,136
4,15,136
3,14,136
3,14,135
3,14,135
3,14,135
3,14,135
3,14,135
3,14,135
3,14,135
3,14,135
3,14,135
3,14,135
2,14,132
2,14,132
2,14,132
2,14,132
2,14,132
2,14,132
2,14,132
2,14,132
2,14,131
2,14,131
1,15,130
1,15,129
1,15,129
1,15,128
1,15,128
1,15,128
1,15,128
1,15,128
2,16,129
2,16,129
2,16,129
0,13,120
1,13,121
1,13,123
1,14,124
1,14,125
1,15,127
1,14,127
1,14,127
1,14,127
0,14,126
0,14,126
0,14,126
0,14,127
0,14,127
0,14,127
1,15,128
1,15,128
1,15,128
1,15,128
0,14,127
0,14,127
0,14,127
1,14,128
1,15,128
2,15,130
2,15,131
2,15,131
2,15,131
2,15,131
2,15,131
2,15,131
2,15,131
2,15,131
2,15,131
2,15,131
2,15,131
2,15,131
2,15,131
2,15,130
1,15,129
1,15,128
1,15,129
1,14,130
1,15,130
2,15,130
2,15,130
2,15,130
2,15,129
2,15,129
1,15,129
1,15,129
2,15,129
2,16,129
2,16,129
2,16,129
2,16,129
1,15,128
1,15,128
1,15,128
1,14,128
1,14,128
1,14,128
1,14,128
1,14,128
1,15,129
2,15,130
2,15,131
2,15,131
2,15,130
2,15,130
1,15,129
1,15,128
0,14,128
0,14,127
0,14,127
0,14,128
0,14,129
1,14,130
1,14,130
1,14,130
1,14,130
1,14,130
2,15,131
2,15,131
2,15,131
2,15,131
2,15,131
2,15,131
2,15,131
2,15,131
2,15,131
2,15,131
2,15,131
2,15,131
2,15,131
2,15,131
2,15,131
2,15,131
2,15,131
2,15,131
2,15,131
2,15,131
2,15,131
2,15,131
2,15,131
2,15,131
2,15,131
2,15,131
2,15,131
2,15,131
2,15,131
2,15,131
2,15,131
2,15,131
2,15,131
2,15,131
2,15,131
2,15,131
2,14,131
2,14,131
2,14,132
2,14,132
2,14,132
2,14,132
2,14,132
2,14,132
2,15,131
2,15,131
2,15,131
2,15,131
2,14,132
2,14,132
2,14,132
2,14,132
2,14,132
2,14,132
2,14,132
2,14,132
2,14,132
2,14,134
2,14,134
3,14,135
3,14,135
3,14,135
3,14,135
3,14,135
3,14,135
3,14,135
3,14,135
3,14,136
3,14,136
3,14,136
3,14,136
3,14,135
3,14,135
3,14,135
3,14,135
3,14,135
3,14,135
3,14,135
3,14,135
3,14,135
3,14,135
3,14,135
2,14,132
2,14,132
2,14,132
2,14,132
2,14,132
2,14,132
2,14,132
2,14,131
2,14,131
2,14,131
1,15,130
1,15,129
1,15,128
1,15,128
1,15,128
1,15,128
1,15,128
2,16,129
2,16,129
2,16,129
2,16,129
0,13,119
0,13,120
1,13,123
1,13,124
1,14,125
1,14,126
1,14,126
1,14,126
1,14,127
0,14,126
0,14,126
0,14,127
0,14,127
0,14,127
0,14,127
1,15,128
1,15,128
1,15,128
1,15,128
1,15,128
1,15,128
1,15,128
1,15,128
1,15,129
2,15,131
2,15,131
2,15,131
2,15,131
2,15,131
2,15,131
2,15,131
2,15,131
2,15,131
2,15,131
2,15,131
2,15,131
2,15,131
2,15,131
2,15,131
2,15,130
2,15,129
2,15,130
2,15,131
2,15,131
2,15,131
2,15,131
2,15,131
2,15,131
2,15,130
1,15,130
1,15,129
2,15,129
2,16,129
2,16,129
2,16,129
2,16,129
1,15,128
1,15,128
1,15,128
1,15,128
1,15,128
1,15,128
1,15,129
2,15,130
2,15,131
2,15,131
2,15,131
2,15,131
2,15,131
2,15,131
1,15,130
1,15,128
1,14,128
0,14,127
0,14,128
0,14,128
0,14,129
1,14,130
1,14,130
1,14,130
1,14,130
1,14,130
1,14,130
1,14,130
2,15,131
2,15,131
2,15,131
2,15,131
2,15,131
2,15,131
2,15,131
2,15,131
2,15,131
2,15,131
2,15,131
2,14,131
2,14,131
2,14,131
2,14,131
2,15,131
2,15,131
2,15,131
2,15,131
2,15,131
2,15,131
2,15,131
2,15,131
2,15,131
2,15,131
2,15,131
2,15,131
2,15,131
2,15,131
2,15,131
2,15,131
1,14,130
1,14,131
2,15,131
2,14,131
2,14,131
2,14,132
2,14,132
2,14,132
2,14,132
2,14,132
2,15,131
2,15,131
2,15,131
2,15,131
2,15,131
2,15,131
2,14,132
2,14,132
2,14,132
2,14,132
2,14,132
2,14,132
2,14,133
2,14,134
2,14,134
3,14,135
3,14,135
3,14,135
3,14,135
3,14,135
3,14,135
3,14,135
3,14,135
3,14,135
3,14,135
3,14,136
3,14,136
3,14,136
3,14,136
3,14,135
3,14,135
3,14,135
3,14,135
3,14,135
3,14,135
3,14,135
3,14,135
3,14,135
3,14,135
2,14,132
2,14,132
2,14,132
2,14,132
2,14,132
2,14,132
2,14,131
2,15,131
2,15,131
2,15,131
1,15,130
1,15,129
1,15,128
1,15,128
1,15,128
1,15,128
1,15,128
2,16,129
2,16,129
2,16,129
2,16,129
0,12,120
1,13,122
1,13,124
1,13,125
1,14,126
1,14,126
1,14,126
1,14,127
0,14,126
0,14,126
0,14,126
0,14,127
0,14,127
0,14,127
1,15,128
1,15,128
1,15,128
1,15,128
1,15,128
1,15,128
1,15,128
1,15,129
2,15,129
2,15,131
2,15,131
2,15,131
2,15,131
2,15,131
2,15,131
2,15,131
2,15,131
2,15,131
2,15,131
2,15,131
2,15,131
2,15,131
2,15,131
2,15,131
2,15,131
2,15,131
2,15,131
2,15,131
2,15,131
2,15,131
2,15,131
2,15,131
2,15,131
2,15,131
2,15,130
2,15,130
2,15,130
2,15,130
2,16,129
2,16,129
2,16,129
2,15,129
2,15,129
1,15,129
1,15,129
1,15,129
2,15,130
2,15,131
2,15,131
2,15,131
2,15,131
2,15,131
2,15,131
2,15,131
2,15,131
2,15,131
2,15,130
1,15,129
1,15,128
1,14,128
1,14,129
1,14,129
1,14,130
1,14,130
1,14,130
1,14,130
1,14,130
1,14,130
1,14,130
2,15,131
2,15,131
2,15,131
2,15,131
2,15,131
2,14,132
2,14,132
2,14,132
2,14,131
2,14,131
2,14,131
2,14,131
2,14,132
2,14,132
2,14,132
2,14,132
2,14,132
2,14,132
2,15,132
2,15,131
2,15,131
2,15,131
2,15,131
2,15,131
2,15,131
2,15,131
2,15,131
2,15,131
2,15,131
2,15,131
2,15,131
1,14,130
1,14,131
2,14,131
2,14,131
2,14,132
2,14,132
2,14,132
2,14,132
2,14,132
2,15,131
2,15,131
2,15,131
2,15,131
2,15,131
2,15,131
2,15,131
2,15,131
2,14,132
2,14,132
2,14,132
2,14,132
2,14,133
2,14,133
2,14,134
2,14,134
3,14,135
3,14,135
3,14,135
3,14,135
3,14,135
3,14,135
3,14,135
3,14,135
3,14,135
3,14,135
3,14,135
3,14,135
3,14,136
3,14,135
3,14,135
3,14,135
3,14,135
3,14,135
3,14,135
3,14,135
3,14,135
3,14,135
3,14,135
3,14,135
2,14,132
2,14,132
2,14,132
2,14,132
2,14,132
2,14,132
2,15,131
2,15,131
2,15,131
2,15,130
1,15,129
1,15,128
1,15,128
1,15,128
1,15,128
1,15,128
2,16,129
2,16,129
2,16,129
2,16,129
1,13,119
1,13,121
1,13,124
1,13,124
1,13,125
1,14,126
1,14,126
1,14,126
0,14,126
0,14,126
0,14,126
0,14,126
0,14,127
0,14,127
1,15,127
1,15,128
1,15,128
1,15,128
1,15,128
1,15,128
1,15,128
1,15,129
1,15,130
2,15,131
2,15,131
2,15,131
2,15,131
2,15,131
2,15,131
2,15,131
2,15,131
2,15,131
2,15,131
2,15,131
2,15,131
2,15,131
2,15,131
2,15,131
2,15,131
2,15,131
2,15,131
2,15,131
2,15,131
2,15,131
2,15,131
2,15,131
2,15,131
2,15,131
2,15,131
2,15,130
2,15,130
1,15,130
2,15,130
2,16,129
2,15,130
2,15,129
2,15,129
2,15,130
2,15,130
2,15,130
2,15,131
2,15,131
2,15,131
2,15,131
2,15,131
2,15,131
2,15,131
2,15,131
2,15,131
2,15,131
2,15,131
2,15,129
1,15,128
1,15,128
1,15,129
1,14,129
1,14,130
1,14,130
1,14,130
1,14,130
1,14,130
2,15,131
2,15,131
2,15,131
2,15,131
2,15,131
2,15,131
2,14,131
2,14,132
2,14,132
2,14,132
2,14,132
2,14,132
2,14,132
2,14,132
2,14,132
2,14,132
2,14,132
2,14,132
2,14,132
2,14,132
2,14,132
2,14,131
2,15,131
2,15,131
2,15,131
2,15,131
2,15,131
2,15,131
2,15,131
2,15,131
2,15,131
2,15,131
2,15,131
2,14,131
2,14,131
2,14,131
2,14,132
2,14,132
2,14,132
2,14,132
2,14,132
2,14,132
2,15,131
2,15,131
2,15,131
2,15,131
2,15,131
2,15,131
2,15,131
2,15,131
2,14,132
2,14,132
2,14,132
2,14,132
2,14,133
2,14,134
3,14,134
3,14,135
3,14,135
3,14,135
3,14,135
3,14,135
3,14,135
3,14,135
3,14,135
3,14,135
3,14,135
3,14,135
3,14,135
3,14,135
3,14,135
3,14,135
3,14,135
3,14,135
3,14,135
3,14,135
3,14,135
3,14,135
3,14,135
3,14,135
3,14,135
3,14,135
2,14,132
2,14,132
2,14,132
2,14,132
2,14,131
2,15,131
2,15,131
2,15,131
2,15,131
2,15,129
1,15,129
1,15,128
1,15,128
1,15,128
1,15,128
2,16,129
2,16,129
2,16,129
2,16,129
2,16,129
1,13,120
1,13,121
1,13,124
1,13,124
1,14,126
1,14,126
1,14,126
0,14,126
0,14,126
0,14,126
0,14,126
0,14,126
0,14,127
0,14,127
1,15,128
1,15,128
1,15,128
1,15,128
1,15,129
1,15,129
1,15,129
1,14,130
1,15,130
2,15,131
2,15,131
2,15,131
2,15,131
2,15,131
2,15,131
2,15,131
2,15,131
2,15,131
2,15,131
2,15,131
2,15,131
2,15,131
2,15,131
2,15,131
2,15,131
2,15,131
2,15,131
2,15,131
2,15,131
2,15,131
2,15,131
2,15,131
2,15,131
2,15,131
2,15,130
1,14,130
1,14,130
1,14,129
1,14,129
1,15,129
2,15,129
2,15,130
2,15,130
2,15,130
2,15,130
2,15,131
2,15,131
2,15,131
2,15,131
2,15,131
2,15,131
2,15,131
2,15,131
2,15,131
2,15,131
2,15,131
2,15,129
1,15,128
1,15,128
1,15,129
1,15,129
1,14,130
1,14,130
1,14,130
1,14,130
2,15,131
2,15,131
2,15,131
2,15,131
2,15,131
2,15,131
2,14,131
2,14,132
2,14,132
2,14,132
2,14,132
2,14,132
2,14,132
2,14,132
2,14,132
2,14,132
2,14,132
2,14,132
2,14,132
2,14,132
2,14,132
2,14,132
2,14,132
2,15,131
2,15,131
2,15,131
2,15,131
2,15,131
2,15,131
2,15,131
2,15,131
2,15,131
2,15,131
2,14,131
2,14,131
2,14,132
2,14,132
2,14,132
2,14,132
2,14,132
2,14,132
2,14,132
2,14,132
2,15,131
2,15,131
2,15,131
2,15,131
2,15,131
2,15,131
2,15,131
2,15,131
2,14,132
2,14,132
2,14,132
2,14,132
2,14,134
2,14,134
3,14,135
3,14,135
3,14,135
3,14,135
3,14,135
4,15,136
4,15,136
4,15,136
3,14,135
3,14,135
3,14,135
3,14,135
3,14,135
3,14,135
3,14,135
3,14,135
3,14,135
3,14,135
3,14,135
3,14,135
3,14,135
3,14,135
3,14,135
3,14,135
3,14,135
3,14,135
3,14,133
2,14,132
2,14,132
2,14,132
2,15,131
2,15,131
2,15,131
2,15,131
2,15,129
1,15,129
1,15,128
1,15,128
2,16,129
2,16,129
2,16,129
2,16,129
2,16,129
2,16,129
2,16,129
1,13,119
1,13,120
1,13,122
1,13,124
1,14,125
1,14,126
1,14,126
0,14,126
0,14,126
0,14,126
0,14,126
0,14,127
0,14,127
0,14,127
0,14,127
1,15,128
1,15,128
1,15,128
1,15,129
1,15,129
1,14,130
1,14,130
1,14,130
2,15,131
2,15,131
2,15,131
2,15,131
2,15,131
2,15,131
2,15,131
2,15,131
2,15,131
2,15,131
2,15,131
2,15,131
2,15,131
2,15,131
2,15,131
2,15,131
2,15,131
2,15,131
2,15,131
2,15,131
2,15,131
2,15,131
2,15,131
2,15,131
2,15,131
2,15,130
1,14,130
1,14,130
1,14,130
1,14,130
1,14,130
1,15,130
1,15,130
1,15,130
2,15,130
2,15,131
2,15,131
2,15,131
2,15,131
2,15,131
2,15,131
2,15,131
2,15,131
2,15,131
2,15,131
2,15,131
2,15,131
2,15,129
2,15,129
1,15,129
1,15,129
1,15,129
1,14,130
1,14,130
1,14,130
2,15,131
2,15,131
2,15,131
2,15,131
2,15,131
2,15,131
2,15,131
2,15,131
2,14,132
2,14,132
2,14,132
2,14,132
2,14,132
2,14,132
2,14,132
2,14,132
2,14,132
2,14,132
2,14,132
2,14,132
2,14,132
2,14,132
2,14,132
2,14,132
2,15,131
2,15,131
2,15,131
2,15,131
2,15,131
2,15,131
2,15,131
2,15,131
2,15,131
2,14,131
2,14,132
2,14,132
2,14,132
2,14,132
2,14,132
2,14,132
2,14,132
2,14,132
2,14,132
2,14,132
2,15,131
2,15,131
2,15,131
2,15,131
2,15,131
2,15,131
2,15,131
2,15,131
2,14,132
2,14,132
2,14,132
2,14,132
2,14,134
2,14,134
3,14,135
3,14,135
3,14,135
3,14,135
3,14,135
3,14,135
4,15,136
3,14,135
3,14,135
3,14,135
3,14,135
3,14,135
3,14,135
3,14,135
3,14,135
3,14,135
3,14,135
3,14,135
3,14,135
3,14,135
3,14,135
3,14,135
3,14,135
3,14,135
3,14,135
3,14,135
3,14,133
3,14,132
2,14,132
2,15,132
2,15,131
2,15,131
2,15,131
2,15,129
1,15,128
1,15,128
1,15,128
1,15,128
2,16,129
2,16,129
2,16,129
2,16,129
2,16,129
2,16,129
2,16,129
1,13,120
1,13,121
1,14,123
1,14,124
1,14,125
1,14,126
0,14,126
0,14,126
0,14,126
0,14,126
0,14,126
0,14,127
0,14,127
0,14,127
0,14,127
1,14,128
1,15,128
1,15,129
1,15,129
1,14,130
1,14,130
1,14,130
2,15,131
2,15,131
2,15,131
2,15,131
2,15,131
2,15,131
2,15,131
2,15,131
2,15,131
2,15,131
2,15,131
2,15,131
2,15,131
2,15,131
2,15,131
2,15,131
2,15,131
2,15,131
2,15,131
2,15,131
2,15,131
2,15,131
2,15,131
2,15,131
2,15,131
1,15,130
1,14,130
1,14,130
1,14,129
1,14,129
1,14,129
1,15,129
1,14,130
1,14,130
1,15,130
1,15,130
1,15,130
2,15,131
2,15,131
2,15,131
2,15,131
2,15,131
2,15,131
2,15,131
2,15,131
2,15,131
2,15,131
2,15,129
2,15,129
1,15,129
1,15,129
1,15,130
1,14,130
1,14,130
2,15,131
2,15,131
2,15,131
2,15,131
2,15,131
2,15,131
2,15,131
2,15,131
2,15,131
2,14,131
2,14,132
2,14,132
2,14,132
2,14,132
2,14,132
2,14,132
2,14,131
2,14,132
2,14,132
2,14,132
2,14,132
2,14,132
2,14,132
2,14,132
2,15,132
2,15,131
2,15,131
2,15,131
2,15,131
2,15,131
2,15,131
2,15,131
2,15,131
2,15,132
2,14,132
2,14,132
2,14,132
2,14,132
2,14,132
2,14,132
2,14,132
2,14,132
2,14,132
2,14,132
2,14,132
2,14,132
2,15,131
2,15,131
2,15,131
2,15,131
2,15,131
2,15,131
2,14,132
2,14,132
2,14,132
2,14,132
2,14,132
2,14,134
3,14,135
3,14,135
3,14,135
3,14,135
3,14,135
3,14,135
3,14,135
3,14,135
3,14,135
3,14,135
3,14,135
3,14,135
3,14,135
3,14,135
3,14,135
3,14,135
3,14,135
3,14,135
3,14,135
3,14,135
3,14,135
3,14,135
3,14,135
3,14,135
3,14,135
3,14,135
3,14,135
3,14,133
3,14,133
2,15,132
2,15,132
2,15,131
2,15,131
2,15,129
1,15,128
1,15,128
1,15,128
1,15,128
1,15,128
2,16,129
2,16,129
2,16,129
2,16,129
2,16,129
2,16,129
1,13,119
1,13,120
1,13,121
1,14,124
1,14,124
1,14,126
0,14,126
0,14,126
0,14,126
0,14,126
0,14,126
0,14,127
0,14,127
0,14,127
1,15,128
1,15,128
1,15,128
1,15,129
1,15,130
1,14,130
1,14,130
2,15,131
2,15,131
2,15,131
2,15,131
2,15,131
2,15,131
2,15,131
2,15,131
2,15,131
2,15,131
2,15,131
2,15,131
2,15,131
2,15,131
2,15,131
2,15,131
2,15,131
2,15,131
2,15,131
2,15,131
2,15,131
2,15,131
2,15,131
2,15,131
2,15,131
2,15,131
2,15,130
1,15,130
1,14,129
1,14,129
1,14,129
1,15,129
1,15,129
1,15,129
1,15,129
1,15,129
1,15,130
1,15,130
2,15,131
2,15,131
2,15,131
2,15,131
2,15,131
2,15,131
2,15,131
2,15,131
2,15,131
2,15,131
2,15,129
1,15,128
1,15,128
1,15,129
1,14,130
1,14,130
1,14,130
2,15,131
2,15,131
2,15,131
2,15,131
2,15,131
2,15,131
2,15,131
2,15,131
2,15,131
2,15,131
2,14,131
2,14,132
2,14,131
2,14,131
2,14,131
2,14,131
2,14,131
2,14,131
2,15,132
2,15,132
2,14,132
2,14,132
2,14,132
2,14,132
2,15,131
2,15,131
2,15,131
2,15,131
2,15,131
2,15,131
2,15,131
2,15,132
2,15,132
2,14,132
2,14,132
2,14,132
2,14,132
2,14,132
2,14,132
2,14,132
2,14,132
2,14,132
2,14,132
2,14,132
2,14,132
2,14,132
2,14,132
2,15,131
2,15,131
2,15,131
2,15,131
2,14,132
2,14,132
2,14,132
2,14,132
2,14,132
2,14,132
3,14,135
3,15,135
4,15,136
4,15,136
3,14,135
3,14,135
3,14,135
3,14,135
3,14,135
3,14,135
3,14,135
3,14,135
3,14,135
3,14,135
3,14,135
3,14,135
3,14,135
3,14,135
3,14,135
3,14,135
3,14,135
3,14,135
3,14,135
3,14,135
4,15,136
4,15,136
3,15,135
3,14,135
3,14,133
3,14,133
2,15,132
2,15,132
2,15,131
2,15,130
1,15,128
1,15,128
1,15,128
1,15,128
1,15,128
2,16,129
2,16,129
2,16,129
2,16,129
2,16,129
2,15,131
2,15,131
1,13,119
1,13,120
1,13,121
1,13,124
1,14,125
0,14,126
0,14,126
0,14,126
0,14,126
0,14,126
0,14,127
0,14,127
0,14,127
1,15,128
1,15,128
1,15,129
1,15,130
1,15,130
1,14,130
2,15,131
2,15,131
2,15,131
2,15,131
2,15,131
2,15,131
2,15,131
2,15,131
2,15,131
2,15,131
2,15,131
2,15,131
2,15,131
2,15,131
2,15,130
2,15,130
2,15,131
2,15,131
2,15,131
2,15,131
2,15,131
2,15,131
2,15,131
2,15,131
2,15,131
2,15,131
2,15,131
2,15,129
2,15,129
1,15,129
1,15,129
1,15,129
1,15,129
1,15,129
1,15,128
1,15,128
1,15,129
1,15,129
1,15,129
2,15,130
2,15,131
2,15,131
2,15,131
2,15,131
2,15,131
2,15,131
2,15,131
2,15,131
1,15,130
1,15,128
1,15,128
1,15,128
1,14,129
1,14,130
1,14,130
1,14,130
2,15,131
2,15,131
2,15,131
2,15,131
2,15,131
2,15,131
2,15,131
2,15,131
2,15,131
2,15,131
2,14,131
2,14,131
2,14,131
2,14,131
2,15,131
2,15,131
2,15,131
2,15,131
2,15,131
2,15,131
2,15,131
2,14,132
2,14,132
2,14,131
2,15,131
2,15,131
2,15,131
2,15,131
2,15,131
2,15,131
2,15,131
2,15,131
2,14,132
2,14,132
2,14,132
2,14,132
2,14,132
2,14,132
2,14,132
2,14,132
2,14,132
2,14,132
2,14,132
2,14,132
2,14,132
2,14,132
2,14,132
2,14,132
2,14,132
2,14,132
2,14,132
2,14,132
2,14,132
2,14,132
2,14,132
2,14,132
3,14,133
3,14,135
3,15,135
4,15,136
4,15,136
3,14,135
3,14,135
3,14,135
3,14,135
3,14,135
3,14,135
3,14,135
3,14,135
3,14,135
3,14,135
3,14,135
3,14,135
3,14,135
3,14,135
3,14,135
3,14,135
3,14,135
3,14,135
4,15,136
4,15,136
4,15,136
4,15,136
3,15,135
3,14,134
3,14,133
2,14,133
2,15,132
2,15,132
2,15,131
1,15,128
1,15,128
1,15,128
1,15,128
1,15,128
2,16,129
2,16,129
2,16,129
2,16,129
2,16,129
2,16,129
2,15,131
0,13,117
0,13,119
0,13,120
0,13,123
0,13,124
0,14,125
0,14,126
0,14,126
0,14,126
0,14,126
0,14,127
0,14,127
1,15,128
1,15,128
1,15,129
1,15,129
2,15,130
2,15,131
2,15,131
2,15,131
2,15,131
2,15,131
2,15,131
2,15,131
2,15,131
2,15,131
2,15,131
2,15,131
2,15,131
2,15,131
2,15,131
2,15,131
2,15,130
2,15,130
2,15,130
2,15,130
2,15,131
2,15,131
2,15,131
2,15,131
2,15,131
2,15,131
2,15,131
2,15,131
2,15,131
2,15,130
2,15,129
2,16,129
2,16,129
2,16,129
2,16,129
2,16,129
2,16,129
1,15,129
1,15,128
1,15,129
1,15,129
1,15,129
2,15,129
2,15,131
2,15,131
2,15,131
2,15,131
2,15,131
2,15,131
2,15,131
2,15,131
1,15,130
1,15,129
1,15,128
1,14,128
1,14,129
1,14,130
1,14,130
2,15,131
2,15,131
2,15,131
2,15,131
2,15,131
2,15,131
2,15,131
2,15,131
2,15,131
2,15,131
2,15,131
2,15,131
2,15,131
2,15,131
2,15,131
2,15,131
2,15,131
2,15,131
2,15,131
2,15,131
2,15,131
2,15,131
2,15,131
2,15,131
2,15,131
2,15,131
2,15,131
2,15,131
2,15,131
2,15,131
2,15,131
2,15,131
2,15,131
2,14,131
2,14,132
2,14,132
2,14,132
2,14,132
2,14,132
2,14,132
2,14,132
2,14,132
2,14,132
2,14,132
2,14,132
2,14,132
2,14,132
2,14,132
2,14,132
2,14,132
2,14,132
2,14,132
2,14,132
2,14,132
2,14,132
2,14,132
2,14,132
3,14,133
3,14,135
3,15,135
3,14,135
3,14,135
3,14,135
3,14,135
3,14,135
3,14,135
3,14,135
3,14,135
3,14,135
3,14,135
3,14,135
3,14,135
3,14,135
3,14,135
3,14,135
3,14,135
3,14,135
3,14,135
3,14,135
3,14,135
4,15,136
4,15,136
4,15,136
3,14,135
3,14,135
3,14,134
2,14,133
2,14,132
2,15,132
2,15,131
2,15,131
1,15,128
1,15,128
1,15,128
1,15,128
1,15,128
1,15,128
2,16,129
2,16,129
2,16,129
2,16,129
2,16,129
2,15,131
1,13,117
0,13,119
1,13,121
1,13,123
0,13,125
0,14,126
0,14,126
0,14,126
0,14,126
1,14,127
1,14,128
1,15,128
1,15,129
2,15,129
2,15,130
2,15,131
2,15,131
2,15,131
2,15,131
2,15,131
2,15,131
2,15,131
2,15,131
2,15,131
2,15,131
2,15,131
2,15,131
2,15,131
2,15,131
2,15,131
1,15,130
1,15,130
1,15,129
2,15,130
2,15,130
2,15,131
2,15,131
2,15,131
2,15,131
2,15,131
2,15,131
2,15,131
2,15,131
2,15,131
2,15,130
2,15,129
2,16,129
2,16,129
2,16,129
2,16,129
2,16,129
2,16,129
2,16,129
1,15,128
1,15,128
1,15,128
2,15,129
2,15,129
2,15,130
2,15,131
2,15,131
2,15,131
2,15,131
2,15,131
1,14,130
1,14,130
1,14,130
1,14,128
1,14,128
1,14,128
1,14,128
1,15,129
1,15,130
2,15,131
2,15,131
2,15,131
2,15,131
2,15,130
2,15,130
2,15,130
2,15,131
2,15,131
2,15,131
2,15,131
2,15,131
2,15,131
2,15,131
2,15,131
2,15,131
2,15,131
2,15,131
2,15,131
2,15,131
2,15,131
2,15,131
2,15,131
2,15,131
2,15,131
2,15,131
2,15,131
2,15,131
2,15,131
2,15,131
2,15,131
2,15,131
2,15,131
2,14,131
2,14,132
2,14,132
2,14,132
2,14,132
2,14,132
2,14,132
2,14,132
2,14,132
2,14,132
2,14,132
2,14,132
2,14,132
2,14,132
2,14,132
2,14,132
2,14,132
2,14,132
2,14,132
2,14,132
2,14,132
2,14,132
2,14,132
2,14,132
3,14,133
3,14,133
3,15,135
3,14,135
3,14,135
3,14,135
3,14,135
3,14,135
3,14,135
3,14,135
3,14,135
3,14,135
4,15,135
4,15,135
4,15,135
3,14,135
3,14,135
3,14,135
3,14,135
3,14,135
3,14,135
3,14,135
3,14,135
4,15,136
4,15,136
3,15,135
3,14,135
3,14,134
2,14,133
2,14,132
2,14,132
2,15,132
2,15,131
2,15,130
1,15,128
1,15,128
1,15,128
1,15,128
1,15,128
1,15,129
2,15,129
2,16,129
2,16,129
2,16,129
2,16,129
1,13,116
1,13,116
1,13,119
1,13,121
1,13,123
1,13,125
0,14,126
1,14,126
1,14,126
1,14,127
1,14,128
2,15,129
2,15,129
2,15,130
2,15,131
2,15,131
2,15,131
2,15,131
2,15,131
2,15,131
2,15,131
2,15,131
2,15,131
2,15,131
2,15,131
2,15,131
2,15,131
2,15,131
2,15,131
1,15,130
1,15,130
1,14,129
1,14,129
1,15,130
2,15,130
2,15,131
2,15,131
2,15,131
2,15,131
2,15,131
2,15,131
2,15,131
2,15,131
2,15,131
2,15,130
2,15,129
2,15,129
2,16,129
2,16,129
2,16,129
2,16,129
2,16,129
2,16,129
1,15,128
1,15,128
1,15,128
1,15,129
2,15,129
2,15,130
2,15,131
2,15,131
2,15,131
2,15,131
1,14,130
1,14,130
1,14,130
1,14,130
0,14,128
0,14,127
0,14,127
1,14,128
1,14,128
1,15,128
1,15,130
2,15,130
2,15,130
2,15,130
1,15,130
1,14,130
1,14,130
1,14,130
1,14,130
2,14,131
2,14,131
2,14,131
2,14,131
2,15,131
2,15,131
2,15,131
2,15,131
2,15,131
2,15,131
2,15,131
2,15,131
2,15,131
2,15,131
2,15,131
2,15,131
2,15,131
2,15,131
2,15,131
2,15,131
2,15,131
2,15,131
2,15,131
2,15,131
2,14,131
2,14,132
2,14,132
2,14,132
2,14,132
2,14,132
2,14,132
2,14,132
2,14,132
2,14,132
2,14,132
2,14,132
2,14,132
2,14,132
2,14,132
2,14,132
2,14,132
2,14,132
2,14,132
2,14,132
2,14,132
2,14,132
2,14,132
2,14,132
2,14,132
3,14,133
3,14,133
3,14,135
3,14,135
3,14,135
3,14,135
3,14,135
3,14,135
3,14,135
4,15,136
4,15,136
4,15,136
4,15,135
4,15,135
4,15,135
3,14,135
3,14,135
3,14,135
3,14,135
3,14,135
3,14,135
3,14,135
3,14,135
3,14,135
3,14,135
3,14,134
2,14,133
2,14,132
2,14,132
2,14,132
2,15,131
2,15,131
2,15,129
1,15,128
1,15,128
1,15,128
1,15,128
1,15,129
2,15,129
2,15,129
2,15,129
2,16,129
2,16,129
2,16,129
1,13,116
1,13,116
1,13,119
1,13,121
1,13,123
1,13,125
1,14,126
2,14,126
2,14,127
1,14,128
2,14,129
2,14,130
2,15,131
2,15,131
2,15,131
2,15,131
2,15,131
2,15,131
2,15,131
2,15,131
2,15,131
2,15,131
2,15,131
2,15,131
2,15,131
2,15,131
2,15,129
2,15,129
1,15,129
1,15,128
1,14,128
1,14,129
1,15,130
2,15,131
2,15,131
2,15,131
2,15,131
2,15,131
2,14,132
2,15,132
2,14,132
2,14,132
2,14,131
2,14,130
2,14,130
1,15,129
1,15,129
2,16,129
2,16,129
2,16,129
2,16,129
1,15,128
1,15,128
1,15,128
1,15,128
1,15,128
1,15,129
1,15,130
2,15,130
2,15,130
1,14,130
1,14,130
1,14,130
1,14,130
1,14,130
1,14,130
0,14,128
0,14,127
0,14,127
0,14,127
1,14,128
1,15,128
1,15,128
1,15,128
1,15,129
1,14,129
1,14,129
1,14,130
1,14,130
1,14,130
1,14,130
1,14,130
2,14,131
1,14,131
1,14,131
2,14,131
2,15,131
2,15,131
2,15,131
2,15,131
2,15,131
2,15,131
2,15,131
2,15,131
2,15,131
2,15,131
2,15,131
2,15,130
2,15,131
2,15,131
2,15,131
2,15,131
2,15,131
2,15,131
2,15,131
2,14,131
2,14,132
2,14,132
2,14,132
2,14,132
2,15,131
2,15,131
2,15,131
2,15,131
2,15,131
2,15,131
2,15,131
2,15,131
2,15,131
2,15,131
2,15,131
2,15,131
2,15,131
2,15,132
2,14,132
2,14,132
2,14,132
2,14,132
2,14,132
2,14,132
2,14,132
3,14,133
3,14,134
3,14,134
3,14,135
3,14,135
3,14,135
3,14,135
4,15,136
4,15,136
4,15,136
4,15,136
4,15,136
4,15,135
4,15,135
4,15,135
3,14,135
3,14,135
3,14,135
3,14,135
3,14,135
3,14,135
3,14,135
3,14,135
3,14,135
2,14,133
2,14,132
2,14,132
2,14,132
2,15,131
2,15,131
2,15,131
2,15,129
2,15,129
1,15,129
1,15,128
1,15,128
1,15,130
1,15,130
2,15,130
2,15,130
2,15,129
2,15,129
1,13,116
1,13,116
1,13,117
1,13,120
1,13,121
2,13,124
2,13,124
2,13,126
2,14,126
1,14,128
1,14,129
2,14,130
2,14,131
2,15,131
2,15,131
2,15,131
2,15,131
2,15,131
2,15,131
2,15,131
2,15,131
2,15,131
2,15,131
2,15,131
2,15,130
2,16,129
2,16,129
2,15,129
1,15,128
1,15,128
1,15,128
1,15,128
1,15,130
2,15,131
2,15,131
2,15,131
2,15,131
2,15,132
2,14,132
2,14,132
2,14,132
2,14,132
2,14,132
2,14,131
2,14,130
1,14,130
1,15,129
1,15,129
1,15,128
1,15,128
1,15,128
1,15,128
1,15,128
1,15,128
1,15,128
1,15,128
1,15,129
1,14,130
1,15,130
1,14,130
1,14,130
1,14,130
2,15,131
1,14,130
1,14,130
1,14,130
1,14,128
0,14,127
0,14,127
0,14,127
0,14,127
0,14,127
1,15,128
1,15,128
1,14,128
0,14,128
1,14,129
1,14,129
1,14,130
1,14,130
1,14,130
1,14,131
2,14,131
1,14,131
1,14,131
1,14,131
2,14,131
2,15,131
2,15,131
2,15,131
2,15,131
2,15,131
2,15,131
2,15,131
2,15,131
2,15,131
2,15,131
2,15,130
2,15,130
2,15,131
2,15,131
2,15,131
2,15,131
2,15,131
2,15,131
2,15,131
2,14,131
2,14,132
2,14,132
2,14,132
2,15,131
2,15,131
2,15,131
2,15,131
2,15,131
2,15,131
2,15,131
2,15,131
2,15,131
2,15,131
2,15,131
2,15,131
2,15,131
2,15,131
2,15,132
2,14,132
2,14,132
2,14,132
2,14,132
2,14,132
2,14,132
2,14,132
2,14,133
2,14,134
3,14,134
3,14,135
3,14,135
3,14,135
4,15,136
4,15,136
4,15,136
4,15,136
4,15,136
4,16,134
4,16,134
4,15,135
3,15,135
3,14,135
3,14,135
3,14,135
3,14,135
3,14,135
3,14,135
3,14,135
2,14,134
2,14,132
2,14,132
2,14,132
2,15,132
2,15,131
2,15,131
2,15,131
2,15,129
2,15,129
1,15,129
1,15,129
1,15,130
1,15,130
2,15,130
2,15,131
2,15,131
2,15,130
2,15,129
1,13,116
1,13,116
1,12,117
1,13,120
1,13,121
2,13,123
2,13,124
1,13,126
1,14,127
1,14,128
1,14,130
1,14,130
2,15,131
2,15,131
2,15,131
2,15,131
2,15,131
2,15,131
2,15,131
2,15,131
2,15,131
2,15,131
2,16,130
2,16,129
2,16,129
2,16,129
2,16,129
1,15,128
1,15,128
1,15,128
1,15,128
1,15,130
2,15,131
2,15,131
2,15,131
2,15,131
2,15,132
2,14,132
2,14,132
2,14,132
2,14,132
2,14,132
2,14,131
2,14,131
1,14,130
1,15,130
1,15,129
1,15,128
1,15,128
1,15,128
1,15,128
1,15,127
1,15,127
1,15,128
1,15,128
1,14,128
1,14,129
1,15,130
1,15,130
1,15,130
2,15,131
2,15,131
2,15,131
2,15,130
1,14,130
1,14,128
0,14,127
0,14,127
0,14,127
0,14,127
0,14,127
0,14,127
0,14,127
0,14,127
0,14,127
1,14,128
1,14,129
1,14,130
1,14,130
1,14,130
2,14,131
2,14,131
1,14,131
1,14,131
1,14,131
2,14,131
2,14,131
2,15,131
2,15,131
2,15,131
2,15,131
2,15,131
2,15,131
2,15,131
2,15,131
1,14,130
1,14,130
1,14,130
2,15,130
2,15,130
2,15,131
2,15,131
2,15,131
2,15,131
2,15,131
2,14,132
2,14,132
2,14,132
2,15,131
2,15,131
2,15,131
2,15,131
2,15,131
2,15,131
2,15,131
2,15,131
2,15,131
2,15,131
2,15,131
2,15,131
2,15,131
2,15,131
2,15,131
2,15,132
2,14,132
2,14,132
2,14,132
2,14,132
2,14,132
2,14,132
2,14,132
2,14,132
2,14,133
2,14,134
3,14,134
3,14,135
3,14,135
3,14,135
4,15,136
4,15,136
4,15,136
4,15,135
4,16,134
4,16,134
3,15,135
3,14,135
3,14,135
3,14,135
3,14,135
3,14,135
3,14,135
3,14,135
3,14,134
2,14,132
2,14,132
2,14,132
2,15,132
2,15,131
2,15,131
2,15,131
2,15,131
2,15,131
2,15,129
2,15,130
2,15,130
2,15,131
2,15,131
2,15,131
2,15,131
2,15,131
2,15,131
1,13,115
1,13,116
1,13,117
1,13,120
1,13,121
1,13,124
1,13,124
1,14,126
1,14,127
1,14,128
1,15,129
1,15,130
2,15,131
2,15,131
2,15,131
2,15,131
2,15,131
2,15,131
2,15,131
2,15,131
2,15,131
2,15,129
2,16,129
2,16,129
2,16,129
1,15,128
1,15,128
1,15,128
1,15,128
1,15,128
1,15,130
2,15,131
2,15,131
2,15,131
2,15,131
2,15,131
2,15,131
2,15,132
2,14,132
2,14,132
2,15,132
2,15,131
2,15,131
2,15,131
2,15,131
2,15,130
1,15,129
1,15,128
1,15,128
1,15,128
1,15,127
1,15,128
1,15,128
1,15,128
1,14,128
1,14,128
1,15,129
1,15,130
2,15,130
2,15,131
2,15,131
2,15,131
2,15,131
2,15,130
1,15,129
1,14,128
0,14,127
0,14,127
0,14,127
0,14,127
0,14,127
0,14,127
0,14,127
0,14,127
1,15,128
1,15,128
1,15,130
2,15,130
2,15,131
2,15,131
2,15,131
1,14,131
1,14,131
2,14,131
2,15,131
2,15,131
2,15,131
2,15,131
2,15,131
2,15,131
2,15,131
2,15,131
2,15,131
1,14,130
1,14,130
1,14,130
1,14,130
1,14,130
2,15,131
2,15,131
2,15,131
2,15,131
2,15,131
2,14,132
2,14,132
2,14,132
2,14,132
2,14,132
2,15,131
2,15,131
2,15,131
2,15,131
2,15,131
2,15,131
2,15,131
2,15,131
2,15,131
2,15,131
2,15,131
2,15,131
2,15,131
2,15,131
2,15,132
2,14,132
2,14,132
2,14,132
2,14,132
2,14,132
2,14,132
2,14,132
2,14,132
2,14,132
2,14,133
2,14,134
3,14,135
3,14,135
3,14,135
3,14,135
4,15,136
4,15,136
4,15,135
4,15,135
3,15,135
3,15,135
3,14,135
3,15,135
4,15,136
4,15,136
3,14,135
3,14,135
3,14,135
2,14,133
2,14,132
2,14,132
2,14,132
2,15,131
2,15,131
2,15,131
2,15,131
2,15,131
2,15,131
2,15,131
2,15,131
2,15,131
2,15,131
2,15,131
2,15,131
2,15,131
2,15,131
1,13,115
1,13,115
1,13,116
1,13,117
1,13,120
1,13,121
1,13,124
1,14,125
1,14,126
1,15,127
1,15,128
1,15,128
1,15,129
1,15,129
1,15,130
2,15,131
2,15,131
2,15,131
2,15,131
2,15,131
2,15,129
2,15,129
2,15,129
2,16,129
2,16,129
1,15,128
1,15,128
1,15,128
1,15,128
1,15,128
1,15,128
2,15,129
2,15,130
2,15,129
2,15,129
2,15,131
2,15,131
2,15,131
2,15,131
2,15,131
2,15,131
2,15,131
2,15,131
2,15,131
2,15,131
2,15,131
2,15,130
2,15,129
1,15,128
1,15,128
1,15,128
1,15,128
1,15,128
1,15,128
0,14,127
1,14,128
1,15,128
1,15,129
1,15,129
2,15,130
2,15,131
2,15,131
2,15,131
2,15,131
2,15,129
1,15,128
1,15,128
1,15,128
1,15,128
0,14,127
0,14,127
0,14,127
0,14,127
0,14,127
1,15,128
1,15,129
2,15,130
2,15,131
2,15,131
2,15,131
2,15,131
2,15,131
2,15,131
2,15,131
2,15,131
2,15,131
2,15,131
2,15,131
2,15,131
2,15,131
2,15,131
2,15,131
1,15,130
1,14,130
1,14,130
1,14,130
1,14,130
1,14,130
2,15,131
2,15,131
2,15,131
2,15,131
2,15,131
2,14,132
2,14,132
2,14,132
2,14,132
2,14,132
2,15,131
2,15,131
2,15,131
2,15,131
2,15,131
2,15,131
2,15,131
2,15,131
2,15,131
2,15,131
2,15,131
2,15,131
2,15,131
2,15,131
2,14,132
2,14,132
2,14,132
2,14,132
2,14,132
2,14,132
2,14,132
2,14,132
2,14,132
2,14,132
2,14,132
2,14,133
3,14,134
3,14,135
3,14,135
3,14,135
3,14,135
4,15,135
4,15,135
3,15,135
3,14,135
3,14,135
3,14,135
3,15,136
4,15,136
4,15,136
4,15,136
3,14,135
3,14,135
2,14,132
2,14,132
2,14,132
2,14,131
2,15,131
2,15,131
2,15,131
2,15,131
2,15,131
2,15,131
2,15,131
2,15,131
2,15,131
2,15,131
2,15,131
2,15,131
2,15,131
2,16,129
1,13,115
1,13,115
1,13,116
1,13,117
1,13,121
0,13,121
0,14,124
0,14,125
1,15,126
1,15,127
1,15,128
0,15,128
0,15,129
0,15,129
1,15,130
1,15,130
2,15,130
2,15,130
2,15,130
2,15,129
2,15,129
1,15,128
1,15,128
1,15,128
1,15,128
1,15,128
1,15,128
1,15,128
1,15,128
1,15,128
1,15,128
2,15,129
2,15,129
2,15,129
2,15,129
2,15,130
2,15,131
2,15,131
2,15,131
2,15,131
2,15,131
2,15,131
2,15,131
2,15,131
2,15,131
2,15,131
2,15,130
2,15,129
1,15,128
1,15,128
1,15,128
1,15,128
0,14,127
0,14,127
0,14,127
1,15,128
1,15,128
1,15,129
2,15,129
2,15,131
2,15,131
2,15,131
2,15,131
2,15,129
2,15,129
2,16,129
1,15,128
1,15,128
1,15,128
1,15,128
0,14,127
1,15,128
1,15,128
1,15,128
2,15,129
2,15,131
2,15,131
2,15,131
2,15,131
2,15,131
2,15,131
2,15,131
2,15,131
2,15,131
2,15,131
2,15,131
2,15,131
2,15,131
2,15,131
2,15,131
2,15,130
1,15,130
1,14,129
1,14,129
1,14,130
1,14,130
1,14,130
2,15,131
2,15,131
2,15,131
2,15,131
2,14,132
2,14,132
2,14,132
2,14,132
2,14,132
2,14,132
2,15,132
2,15,131
2,15,131
2,15,131
2,15,131
2,14,131
2,15,131
2,15,131
2,15,131
2,15,131
2,15,131
2,15,131
2,15,131
2,15,131
2,14,132
2,14,132
2,14,132
2,14,132
2,14,132
2,14,132
2,14,132
2,14,132
2,14,132
2,14,132
2,14,132
2,14,132
2,14,134
3,14,135
3,14,135
3,14,135
3,14,135
3,14,135
3,14,135
3,14,135
3,14,135
3,14,135
3,14,135
4,15,136
4,15,136
4,15,136
4,15,136
3,15,135
3,14,133
2,14,132
2,14,132
2,14,132
2,14,131
2,15,131
2,15,131
2,15,130
2,15,129
2,15,131
2,15,131
2,15,131
2,15,131
2,15,131
2,15,131
2,15,131
2,15,131
2,16,129
1,13,115
1,13,116
1,13,117
0,13,120
0,13,121
0,14,123
0,14,124
1,14,126
0,15,127
0,15,127
0,15,128
0,15,128
0,15,129
0,15,129
1,15,129
1,15,130
1,15,130
1,15,129
1,15,129
1,15,128
1,15,128
1,15,128
1,15,128
1,15,128
1,15,128
1,15,128
1,15,128
1,15,128
1,15,128
1,15,128
1,15,128
1,15,128
1,15,128
1,15,128
1,15,129
2,15,129
2,15,131
2,15,131
2,15,131
2,15,131
2,15,131
2,15,131
2,15,131
2,15,131
2,15,131
2,15,131
2,15,129
2,15,129
1,15,128
1,15,128
0,14,127
0,14,127
0,14,127
0,14,127
0,14,127
1,15,128
1,15,128
2,15,129
2,15,129
2,15,131
2,15,131
2,15,131
2,15,129
2,15,129
2,16,129
1,15,128
1,15,128
1,15,128
1,15,128
1,15,128
1,15,128
1,15,128
1,15,128
1,15,129
2,15,131
2,15,131
2,15,131
2,15,131
2,15,131
2,15,131
2,15,131
2,15,131
2,15,131
2,15,131
2,15,131
2,15,131
2,15,131
2,15,131
2,15,131
2,15,130
1,15,129
1,15,129
1,14,129
1,14,129
1,14,130
2,15,131
2,15,131
2,15,131
2,15,131
2,15,131
2,14,132
2,14,132
2,14,132
2,14,132
2,14,132
2,14,132
2,14,132
2,14,132
2,14,131
2,14,132
2,14,132
2,14,132
2,14,132
2,15,131
2,15,131
2,15,131
2,15,131
2,15,131
2,15,131
2,15,131
2,14,132
2,14,132
2,14,132
2,14,132
2,14,132
2,14,132
2,14,132
2,14,132
2,14,132
2,14,132
2,14,132
2,14,132
2,14,132
3,14,133
3,14,135
3,14,135
3,14,135
3,14,135
3,14,135
3,14,135
3,14,135
3,14,135
3,14,135
3,14,136
4,15,136
4,15,136
3,15,135
3,15,133
3,15,133
2,14,132
2,14,132
2,14,131
2,14,131
2,15,130
2,15,129
2,15,129
2,15,129
2,15,129
2,15,131
2,15,131
2,15,131
2,15,131
2,15,131
2,15,131
2,16,129
1,13,115
1,13,116
0,13,117
0,13,117
0,13,121
0,14,122
0,14,124
1,14,125
0,14,126
0,15,127
0,15,128
0,15,128
0,15,129
0,15,129
1,15,129
1,15,129
1,15,129
1,15,128
1,15,128
1,15,128
1,15,128
1,15,128
1,15,128
2,16,129
2,16,129
1,15,128
1,15,128
1,15,128
1,15,128
1,15,128
1,15,128
1,15,128
1,15,128
1,15,128
1,15,128
1,15,128
2,15,129
2,15,130
2,15,131
2,15,131
2,15,131
2,15,131
2,15,131
2,15,131
2,15,131
2,15,131
2,15,129
2,16,129
2,16,129
1,15,128
1,15,128
0,14,127
0,14,127
0,14,127
0,14,127
1,15,128
1,15,128
1,15,128
2,15,129
2,15,130
2,15,131
2,15,131
2,15,131
2,15,129
2,16,129
2,15,129
1,15,128
1,15,128
1,15,128
1,15,128
1,15,128
1,15,128
1,15,129
1,15,129
2,15,131
2,15,131
2,15,131
2,15,131
2,15,131
2,15,131
2,15,131
2,15,131
2,15,131
2,15,131
2,15,131
2,15,131
2,15,131
2,15,131
2,15,130
2,15,129
1,15,129
1,15,128
1,15,128
1,15,129
1,15,130
2,15,131
2,15,131
2,15,131
2,15,131
2,14,132
2,14,132
2,14,132
2,14,132
2,14,132
2,14,132
2,14,132
2,14,132
2,14,132
2,14,132
2,14,132
2,14,132
2,14,132
2,14,132
2,15,132
2,15,131
2,15,131
2,15,131
2,15,131
2,15,131
2,14,132
2,14,132
2,14,132
2,14,132
2,14,132
2,14,132
2,14,132
2,14,132
2,14,132
2,14,132
2,14,132
2,14,132
2,14,132
2,14,132
2,14,132
2,14,132
3,14,135
3,14,135
3,14,135
3,14,135
3,14,135
3,14,135
3,14,135
3,14,135
3,14,135
3,15,136
3,15,135
3,15,135
3,15,133
2,15,132
2,14,132
2,14,131
2,14,131
1,14,130
1,14,130
1,15,129
2,15,129
2,15,129
2,15,129
2,15,131
2,15,131
2,15,131
2,15,131
2,15,131
2,16,129
2,16,129
1,13,116
1,13,117
0,13,117
0,13,120
0,13,121
0,13,123
0,14,124
0,14,125
0,14,126
0,15,127
0,15,128
0,15,128
1,15,128
1,15,128
1,15,128
1,15,128
1,15,128
1,15,128
1,15,128
1,15,128
1,15,128
2,16,129
2,16,129
2,16,129
2,16,129
2,16,129
2,16,129
1,15,128
1,15,128
1,15,128
1,15,128
1,15,127
1,15,127
1,15,127
1,15,128
1,15,128
1,15,129
2,15,130
2,15,131
2,15,131
2,15,131
2,15,131
2,15,131
2,15,131
2,15,131
2,15,131
2,16,129
2,16,129
1,15,128
1,15,128
0,14,127
0,14,127
0,14,127
0,14,127
1,15,128
1,15,128
1,15,128
2,15,129
2,15,129
2,15,130
2,15,130
2,15,131
2,15,129
2,15,129
2,16,129
2,15,129
1,15,128
1,15,128
1,15,128
1,14,128
1,14,128
1,15,129
1,15,130
2,15,131
2,15,131
2,15,131
2,15,131
2,15,131
2,15,131
2,15,131
2,15,131
2,15,131
2,15,131
2,15,131
2,15,131
2,15,131
2,15,131
2,15,131
2,15,129
1,15,129
1,15,128
1,15,128
1,15,130
2,15,131
2,15,131
2,15,131
2,15,131
2,15,131
2,14,132
2,14,132
2,14,132
2,14,132
2,14,132
2,14,132
2,14,132
2,14,132
2,14,132
2,14,132
2,14,132
2,14,132
2,14,132
2,14,132
2,15,132
2,15,132
2,15,131
2,15,131
2,15,131
2,14,131
2,14,132
2,14,132
2,14,132
2,14,132
2,14,132
2,14,132
2,14,132
2,14,132
2,14,132
2,14,132
2,14,132
2,14,132
2,14,132
2,14,132
2,14,132
2,14,132
2,14,132
2,14,132
2,14,134
2,14,134
3,14,135
3,14,135
3,14,135
3,14,135
3,14,135
3,14,135
3,15,135
3,15,133
3,15,133
2,15,132
2,15,131
2,15,131
1,14,130
1,14,129
1,14,128
1,15,128
1,15,129
2,15,129
2,15,129
2,15,131
2,15,131
2,15,131
2,15,131
2,15,131
2,16,129
1,13,116
0,13,117
0,13,118
0,13,120
0,13,121
0,13,123
0,14,124
1,14,126
0,14,126
0,15,127
0,15,128
1,15,128
1,15,128
1,15,128
1,15,128
1,15,128
1,15,128
1,15,128
1,15,128
2,16,129
2,16,129
2,16,129
2,16,129
2,16,129
2,16,129
2,16,129
2,16,129
2,16,129
2,16,129
1,15,127
1,15,127
1,15,127
1,15,127
1,15,127
1,15,128
1,15,128
1,15,128
2,15,129
2,15,131
2,15,131
2,15,131
2,15,131
2,15,131
2,15,131
2,15,131
2,15,129
2,15,129
1,15,128
1,15,127
0,14,127
0,14,127
0,14,127
1,15,127
1,15,127
1,15,128
1,15,128
1,15,128
1,15,129
2,15,130
2,15,130
2,15,130
2,15,130
2,15,129
2,15,129
1,15,129
1,15,128
1,15,128
1,15,128
0,14,128
0,14,128
1,14,129
1,15,130
2,15,131
2,15,131
2,15,131
2,15,131
2,15,131
2,15,131
2,15,131
2,15,131
2,15,131
2,15,131
2,15,131
2,15,131
2,15,131
2,15,131
2,15,131
2,15,130
2,15,129
1,15,129
1,15,130
1,15,130
2,15,131
2,15,131
2,15,131
2,15,131
2,14,132
2,14,132
2,14,132
2,14,132
2,14,132
2,14,132
2,14,132
2,14,132
2,14,132
2,14,132
2,14,132
2,14,132
2,14,132
2,14,132
2,14,132
2,15,132
2,15,132
2,15,132
2,15,132
2,15,132
2,14,132
2,14,132
2,14,132
2,14,132
2,14,132
2,14,132
2,14,132
2,14,132
2,14,132
2,14,132
2,14,132
2,14,132
2,14,132
2,14,132
2,14,132
2,14,132
2,14,132
2,14,132
2,14,132
2,14,132
2,14,132
2,14,134
2,14,134
3,14,135
3,14,135
3,14,135
3,14,135
3,15,133
3,15,133
2,15,132
2,15,131
2,15,131
2,15,130
1,14,130
1,14,128
1,14,128
1,15,128
1,15,128
2,15,129
2,15,131
2,15,131
2,15,131
2,15,131
2,15,131
2,16,129
2,13,116
1,13,117
0,13,117
0,13,119
0,13,120
0,13,121
0,13,123
1,14,124
1,14,126
1,14,126
1,15,127
1,15,127
1,15,127
1,15,128
1,15,128
1,15,128
1,15,128
1,15,128
1,15,128
2,15,129
2,16,129
2,16,129
2,16,129
2,16,129
2,16,129
2,16,129
2,16,129
2,16,129
2,16,129
2,16,129
1,15,127
1,15,127
1,15,127
1,15,127
1,15,127
1,15,127
1,15,128
1,15,128
1,15,129
2,15,131
2,15,131
2,15,131
2,15,131
2,15,131
2,15,131
2,15,131
2,15,129
2,15,129
1,15,128
1,15,127
0,14,127
0,14,127
1,15,127
1,15,127
1,15,128
1,15,128
1,15,128
1,15,129
1,14,130
1,15,130
2,15,130
2,15,130
2,15,130
2,15,129
2,15,129
1,15,128
1,15,128
1,15,128
1,14,128
0,14,128
1,14,130
1,15,130
2,15,131
2,15,131
2,15,131
2,15,131
2,15,131
2,15,131
2,15,131
2,15,131
2,15,131
2,15,131
2,15,131
2,15,131
2,15,131
2,15,131
2,15,131
2,15,131
2,15,130
1,15,130
1,15,130
2,15,131
2,15,131
2,15,131
2,15,131
2,15,131
2,14,132
2,14,132
2,14,132
2,14,132
2,14,132
2,14,132
2,14,132
2,14,132
2,14,132
2,14,132
2,14,132
2,14,132
2,14,132
2,14,132
2,14,132
2,15,132
2,15,132
2,15,132
2,15,132
2,14,132
2,14,132
2,14,132
2,14,132
2,14,132
2,14,132
2,14,132
2,14,133
2,14,133
2,14,132
2,14,132
2,14,132
2,14,132
2,14,132
2,14,132
2,14,132
2,14,132
2,14,132
2,14,132
2,14,132
2,14,132
2,14,132
2,14,132
2,14,132
2,14,134
3,14,134
3,14,134
3,14,133
3,14,133
2,15,132
2,15,131
2,15,131
2,15,131
2,15,129
1,15,128
1,14,128
1,14,128
1,15,128
1,15,129
2,15,130
2,15,131
2,15,131
2,15,131
2,15,131
2,16,129
2,16,129
1,13,116
1,13,117
1,13,117
0,13,119
0,13,120
0,13,121
0,13,122
1,14,124
1,14,124
1,14,126
1,15,127
1,15,127
1,15,127
1,15,127
1,15,127
1,15,128
1,15,128
1,15,128
2,15,129
2,16,129
2,16,129
2,16,129
1,15,129
2,16,129
2,16,129
2,16,129
3,17,130
3,17,130
2,16,129
1,15,127
1,15,127
1,15,127
1,15,127
1,15,127
1,15,127
1,15,127
1,15,128
1,15,128
1,15,129
2,15,131
2,15,131
2,15,131
2,15,131
2,15,131
2,15,131
2,15,130
2,15,129
1,15,128
1,15,128
1,15,127
1,15,127
1,15,128
1,15,128
1,15,128
1,15,128
1,15,129
1,15,129
1,14,130
1,14,130
2,15,130
2,15,130
2,15,130
2,15,130
2,15,129
1,15,129
1,15,128
1,15,128
1,14,128
1,14,129
1,15,130
2,15,131
2,15,131
2,15,131
2,15,131
2,15,131
2,15,131
2,15,131
2,15,131
2,15,131
2,15,131
2,15,131
2,15,131
2,15,131
2,15,131
2,15,131
2,15,131
2,15,131
2,15,131
2,15,131
2,15,131
2,15,131
2,15,131
2,15,131
2,15,131
2,15,131
2,14,132
2,14,132
2,14,132
2,14,132
2,14,132
2,14,132
2,14,132
2,14,132
2,14,132
2,14,132
2,14,132
2,14,132
2,14,132
2,14,132
2,14,132
2,14,132
2,14,132
2,14,132
2,14,132
2,14,132
2,14,132
2,14,132
2,14,132
2,14,132
2,14,132
2,14,133
3,14,133
3,14,133
2,14,134
2,14,133
2,14,133
2,14,132
2,14,132
2,14,132
2,14,132
2,14,132
2,14,132
2,14,132
2,14,132
2,14,132
2,14,132
2,14,132
2,14,132
2,14,132
2,14,132
2,14,132
2,14,133
2,15,132
2,15,131
2,15,131
2,15,131
2,15,130
2,15,129
1,15,128
1,15,128
1,15,128
1,15,128
2,15,129
2,15,131
2,15,131
2,15,131
2,15,131
2,15,131
2,16,129
1,13,116
1,13,116
1,13,117
1,13,118
0,13,119
0,13,121
1,14,121
1,14,122
1,14,124
1,14,125
1,14,126
1,14,126
0,15,127
1,15,127
1,15,128
1,15,128
2,15,129
2,15,129
2,15,129
2,15,129
1,15,129
1,15,128
1,15,128
1,15,128
2,16,129
2,16,129
2,16,129
1,15,128
1,15,127
1,15,127
1,15,127
1,15,127
1,15,127
1,15,127
1,15,127
1,15,127
1,15,128
1,15,128
2,15,130
2,15,131
2,15,131
2,15,131
2,15,131
2,15,131
2,15,131
2,15,129
1,15,128
1,15,128
1,15,128
1,15,128
1,15,128
1,15,128
1,15,128
2,15,128
1,15,129
1,15,130
1,14,130
1,14,130
1,14,130
2,15,131
2,15,131
2,15,131
2,15,129
2,15,129
2,15,129
1,15,129
1,15,129
1,15,130
2,15,131
2,15,131
2,15,131
2,15,131
2,15,131
2,15,131
2,15,131
2,15,131
2,15,131
2,15,131
2,15,131
2,15,131
2,15,131
2,15,131
2,15,131
2,15,131
2,15,131
2,15,131
2,15,131
2,15,131
2,15,131
2,15,131
2,15,131
2,15,131
2,15,131
2,15,131
2,14,132
2,14,132
2,14,132
2,14,132
2,14,132
2,14,132
2,14,132
2,14,132
2,14,132
2,14,132
2,14,132
2,14,132
2,14,132
2,14,132
2,14,132
2,14,132
2,14,132
2,14,132
2,14,132
2,14,132
2,14,132
2,14,132
2,14,132
2,14,132
2,14,132
3,14,133
3,14,134
3,14,134
3,14,134
3,14,134
2,14,133
2,14,132
2,14,132
2,14,132
2,14,132
2,14,132
2,15,132
2,15,132
2,15,131
2,14,132
2,14,132
2,14,132
2,14,132
2,14,132
2,14,132
2,14,132
2,14,132
2,15,132
2,15,131
2,15,131
2,15,131
2,16,129
2,15,129
1,15,128
1,15,128
1,15,128
1,15,128
2,15,131
2,15,131
2,15,131
2,15,131
2,15,131
2,15,129
1,13,116
1,13,116
1,13,116
1,13,117
1,13,119
0,13,120
1,14,121
1,14,122
1,14,124
1,14,125
1,14,126
1,15,127
1,15,127
1,15,128
2,15,129
2,15,129
2,15,129
1,15,129
1,15,129
1,15,129
1,15,128
1,15,128
1,15,128
1,15,128
1,15,128
1,15,128
1,15,128
1,15,127
1,15,127
1,15,127
1,15,127
1,15,127
1,15,127
1,15,127
1,15,127
1,15,128
1,15,128
2,15,129
2,15,131
2,15,131
2,15,131
2,15,131
2,15,131
2,15,131
2,15,130
2,15,129
2,15,128
1,15,128
1,15,128
2,16,128
2,16,128
2,15,129
2,15,129
2,15,130
2,15,130
1,14,130
1,14,130
1,14,130
2,15,131
2,15,131
2,15,131
2,15,131
2,15,129
2,15,129
2,15,129
1,15,129
2,15,130
2,15,131
2,15,131
2,15,131
2,15,131
2,15,131
2,15,131
2,15,131
2,15,131
2,15,131
2,15,131
2,15,131
2,15,131
2,15,131
2,15,131
2,15,131
2,15,131
2,15,131
2,15,131
2,15,131
2,15,131
2,15,131
2,15,131
2,15,131
2,15,131
2,15,131
2,15,131
2,14,132
2,14,132
2,14,132
2,14,132
2,14,132
2,14,132
2,14,132
2,14,132
2,14,132
2,14,132
2,14,132
2,14,132
2,14,132
2,14,132
2,14,132
2,14,132
2,14,132
2,14,132
2,14,132
2,14,132
2,14,132
2,14,132
2,14,132
2,14,132
3,14,133
3,14,134
3,14,135
3,14,135
3,14,135
3,14,135
3,14,134
2,14,133
2,14,132
2,14,132
2,14,132
2,15,132
2,15,131
2,15,131
2,15,131
2,15,131
2,15,131
2,14,132
2,14,132
2,14,132
2,14,132
2,14,132
2,14,132
2,15,131
2,15,131
2,15,131
2,16,129
2,16,129
2,16,129
2,15,129
1,15,129
1,15,129
2,15,130
2,15,131
2,15,131
2,15,131
2,15,131
2,16,131
1,13,115
1,13,116
1,13,117
1,13,117
1,13,119
1,13,120
1,14,121
1,14,122
1,14,124
1,14,126
1,14,126
1,14,127
1,15,128
2,15,129
2,15,129
2,15,130
1,15,130
1,15,130
1,15,129
1,15,128
1,15,128
1,15,128
1,15,128
1,15,128
1,15,128
0,14,127
1,15,127
1,15,127
0,14,127
1,15,127
1,15,127
1,15,127
1,15,127
1,15,127
1,15,128
1,15,128
1,15,129
2,15,129
2,15,131
2,15,131
2,15,131
2,15,131
2,15,131
2,15,130
2,15,129
2,15,129
2,15,128
2,15,128
2,16,128
2,16,129
2,15,129
2,15,130
2,15,130
2,15,130
1,14,130
1,14,130
1,14,130
2,15,131
2,15,131
2,15,131
2,15,131
2,15,130
2,15,129
2,15,130
1,15,130
2,15,130
2,15,131
2,15,131
2,15,131
2,15,131
2,15,131
2,15,131
2,14,132
2,14,132
2,14,132
2,14,132
2,15,131
2,15,131
2,15,131
2,15,131
2,15,131
2,15,131
2,15,131
2,15,131
2,15,131
2,15,131
2,15,131
2,15,131
2,15,131
2,15,131
2,15,131
2,15,131
2,14,131
2,14,132
2,14,132
2,14,132
2,14,132
2,14,132
2,14,132
2,14,132
2,14,132
2,14,132
2,14,132
2,14,132
2,14,132
2,14,132
2,14,132
2,14,132
2,14,132
2,14,132
2,14,132
2,14,132
2,14,132
2,14,132
2,14,132
2,14,132
3,14,134
3,14,135
3,14,135
3,14,135
3,14,135
3,14,135
3,14,135
3,14,135
3,14,134
3,14,133
2,14,132
2,14,132
2,15,131
2,15,131
2,15,131
2,15,131
2,15,131
2,14,132
2,14,132
2,14,132
2,14,132
2,14,132
2,15,131
2,15,131
2,15,131
2,15,129
2,16,129
2,16,129
2,16,129
2,16,129
2,16,129
2,15,129
2,15,131
2,15,131
2,15,131
2,15,131
2,15,131
1,13,116
1,13,116
1,13,117
1,13,118
1,13,119
1,13,120
1,14,122
1,14,124
1,14,125
1,14,126
2,14,127
2,15,128
2,15,129
2,15,130
2,15,130
2,14,130
1,14,130
1,14,129
1,15,128
1,15,128
1,15,128
1,15,128
1,15,128
1,15,128
1,15,128
1,15,127
1,15,127
1,15,127
1,15,127
1,15,127
0,14,127
0,14,127
1,15,127
1,15,128
1,15,128
2,15,129
2,15,129
2,15,129
2,15,131
2,15,131
2,15,131
2,15,130
2,15,130
2,15,129
2,15,129
2,15,129
2,15,129
2,15,129
2,15,129
2,15,130
2,15,131
2,15,131
2,15,131
1,14,130
1,14,130
1,14,130
2,15,131
2,15,131
2,15,131
2,15,131
2,15,130
2,15,130
1,15,130
1,15,130
1,15,130
2,15,131
2,15,131
2,15,131
2,15,131
2,15,131
2,14,132
2,14,132
2,14,132
2,14,132
2,14,132
2,15,131
2,15,131
2,15,131
2,15,131
2,15,131
2,15,131
2,15,131
2,15,131
2,15,131
2,15,131
2,15,131
2,15,131
2,15,131
2,15,131
2,15,131
2,15,131
2,15,131
2,14,131
2,14,132
2,14,132
2,14,132
2,14,132
2,14,132
2,14,132
2,14,132
2,14,132
2,14,132
2,14,132
2,14,132
2,14,132
2,14,132
2,14,132
2,14,132
2,14,132
2,14,132
2,14,132
2,14,132
2,14,132
2,14,132
3,14,133
3,14,135
3,14,135
3,14,135
3,14,135
3,14,135
3,14,135
3,14,135
3,14,135
3,14,135
3,14,133
2,14,132
2,14,132
2,14,132
2,15,131
2,15,131
2,15,131
2,14,132
2,14,132
2,14,132
2,14,132
2,14,132
2,15,131
2,15,131
2,15,131
2,15,131
2,15,129
2,16,129
2,16,129
2,16,129
2,16,129
2,16,129
2,15,129
2,15,131
2,15,131
2,15,131
2,15,131
1,13,115
1,13,116
1,13,117
2,13,117
1,13,119
1,13,120
1,13,120
1,14,124
1,14,124
1,14,126
2,14,127
2,14,127
2,15,129
2,14,130
2,14,131
2,14,131
2,14,131
1,15,130
1,15,129
1,15,128
1,15,128
1,15,128
1,15,128
1,15,128
1,15,128
1,15,128
1,15,128
1,15,127
1,15,127
1,15,127
0,14,127
0,14,127
0,14,127
1,15,128
1,15,128
2,15,129
2,15,129
2,15,129
2,15,129
1,15,128
1,15,128
1,15,129
2,15,129
2,15,130
2,15,131
2,15,131
2,15,131
2,15,131
2,15,131
2,15,131
2,15,131
2,15,131
2,15,130
1,14,130
1,14,130
1,14,130
2,15,131
2,15,131
2,15,131
2,15,131
2,15,131
2,15,130
1,14,130
1,14,130
1,14,130
2,15,131
2,15,131
2,15,131
2,15,131
2,15,131
2,14,132
2,14,132
2,14,132
2,14,132
2,14,132
2,14,132
2,15,131
2,15,131
2,15,131
2,15,131
2,15,130
2,15,130
2,15,131
2,15,131
2,15,131
2,15,131
2,15,131
2,15,131
2,15,131
2,15,131
2,15,131
2,15,131
2,15,131
2,14,131
2,14,131
2,14,131
2,14,131
2,14,132
2,14,132
2,14,132
2,14,132
2,14,132
2,14,132
2,14,132
2,14,132
2,14,132
2,14,132
2,14,132
2,14,132
2,14,132
2,14,132
2,14,132
2,14,132
2,14,132
3,14,135
3,14,135
3,14,135
3,14,135
3,14,135
3,14,135
3,14,135
3,14,135
3,14,135
3,14,135
3,14,135
3,14,133
2,14,132
2,14,132
2,14,132
2,14,132
2,14,132
2,15,131
2,15,131
2,15,131
2,15,131
2,15,131
2,15,131
2,15,131
2,15,131
2,15,131
2,15,131
2,16,129
2,16,129
2,16,129
2,16,129
2,16,129
2,16,129
2,16,130
2,15,131
2,15,131
2,16,129
1,13,116
2,13,117
2,13,118
2,13,118
1,13,119
1,13,120
1,14,123
1,14,124
1,14,125
2,14,126
2,14,127
2,14,128
2,14,130
2,14,130
2,14,131
2,14,131
2,15,130
1,15,129
1,15,128
1,15,128
1,15,128
1,15,128
1,15,128
1,15,128
1,15,128
1,15,128
1,15,128
1,15,128
0,14,127
0,14,127
0,14,127
0,14,127
0,14,127
1,15,128
1,15,128
1,15,128
1,15,128
1,15,128
1,15,128
1,15,128
1,15,128
2,15,129
2,15,131
2,15,131
2,15,131
2,15,131
2,15,131
2,15,131
2,15,131
2,15,131
2,15,131
2,15,131
1,14,130
1,14,130
1,14,130
2,15,131
2,15,131
2,15,131
2,15,131
2,15,131
2,15,130
1,14,130
1,14,130
1,14,130
1,14,130
2,15,131
2,15,131
2,15,131
2,15,131
2,14,132
2,14,132
2,14,132
2,14,132
2,14,132
2,15,131
2,15,131
2,15,131
2,15,131
2,15,131
2,15,130
2,15,130
2,15,131
2,15,131
2,15,131
2,15,131
2,15,131
2,15,131
2,15,131
2,15,131
2,15,131
2,15,131
2,15,131
2,15,131
2,15,131
2,15,131
2,15,131
2,15,131
2,14,132
2,14,132
2,14,132
2,14,132
2,14,132
2,14,132
2,14,132
2,14,132
2,14,132
2,14,132
2,14,132
2,14,132
2,14,132
2,14,132
2,14,132
2,14,134
3,14,135
3,14,135
3,14,135
3,14,136
3,14,136
3,14,136
3,14,135
3,14,135
3,14,135
3,14,135
3,14,135
3,14,133
2,14,132
2,14,132
2,14,132
2,14,132
2,14,132
2,14,132
2,15,131
2,15,131
2,15,131
2,15,131
2,15,131
2,15,131
2,15,131
2,15,131
2,15,131
2,16,131
2,16,129
2,16,129
2,16,129
2,16,129
2,16,129
2,16,129
2,16,129
2,16,129
2,13,117
2,13,117
2,13,118
1,13,119
1,13,120
1,14,121
1,14,124
1,14,124
2,14,125
2,14,126
2,14,127
2,14,128
2,14,130
2,14,130
2,14,131
2,15,130
1,15,129
1,15,128
1,15,128
1,15,128
1,15,128
1,15,128
1,15,128
1,15,128
1,15,128
1,15,128
1,15,128
0,14,127
0,14,127
0,14,127
0,14,127
0,14,127
1,15,128
1,15,128
1,15,128
1,15,128
1,15,128
1,15,128
1,15,128
1,15,128
2,15,129
2,15,130
2,15,131
2,15,131
2,15,131
2,15,131
2,15,131
2,15,131
2,15,131
2,15,131
2,15,131
2,15,131
2,15,131
2,15,131
2,15,131
2,15,131
2,15,131
2,15,131
2,15,131
2,15,131
1,14,130
1,14,130
1,14,130
1,14,130
1,14,130
2,15,131
2,15,131
2,15,131
2,15,131
2,14,132
2,14,132
2,14,132
2,14,132
2,15,131
2,15,131
2,15,131
2,15,131
2,15,131
2,15,131
2,15,131
2,15,131
2,15,131
2,15,131
2,15,132
2,14,132
2,14,132
2,15,132
2,15,131
2,15,131
2,15,131
2,15,131
2,15,131
2,15,131
2,15,131
2,15,131
2,15,131
2,15,132
2,14,132
2,14,132
2,14,132
2,14,132
2,14,132
2,14,132
2,14,132
2,14,132
2,14,132
2,14,132
2,14,132
2,14,132
2,14,132
2,14,132
3,14,135
3,14,135
3,14,135
3,14,136
3,14,136
3,14,136
3,14,136
3,14,135
3,14,135
3,14,135
3,14,135
3,14,135
2,14,134
2,14,132
2,14,132
2,14,132
2,14,132
2,14,132
2,14,132
2,15,131
2,15,131
2,15,131
2,15,131
2,15,131
2,15,131
2,15,131
2,15,131
2,15,131
2,16,131
2,16,131
2,16,129
2,16,129
2,16,129
2,16,129
2,16,129
2,16,129
2,13,117
2,13,118
1,13,119
1,13,120
1,13,121
1,13,122
1,13,124
1,14,124
2,14,126
2,14,127
2,14,128
2,14,128
2,14,129
2,14,130
1,15,129
1,14,129
1,15,128
1,15,128
1,15,128
1,15,128
1,15,128
2,16,129
1,15,128
1,15,128
1,15,128
1,15,128
1,15,128
0,14,127
0,14,127
0,14,127
1,15,128
1,15,128
1,15,128
1,15,128
1,15,128
1,15,128
1,15,128
1,15,128
1,15,128
1,15,129
2,15,130
2,15,131
2,15,131
2,15,131
2,15,131
2,15,131
2,15,131
2,15,131
2,15,131
2,15,131
2,15,131
2,15,131
2,15,131
2,15,131
2,15,131
2,15,131
2,15,131
2,15,131
2,15,131
2,15,131
1,14,130
1,14,130
1,14,130
1,14,130
1,14,130
2,15,131
2,15,131
2,15,131
2,14,132
2,14,132
2,14,132
2,14,132
2,14,132
2,15,131
2,15,131
2,15,131
2,15,131
2,15,131
2,15,131
2,15,131
2,15,131
2,15,131
2,14,132
2,14,132
2,14,132
2,15,132
2,15,131
2,15,131
2,15,131
2,15,131
2,15,131
2,15,131
2,15,131
2,15,131
2,15,131
2,15,132
2,14,132
2,14,132
2,14,132
2,14,132
2,14,132
2,14,132
2,14,132
2,14,132
2,14,132
2,14,132
2,14,132
2,14,132
2,14,132
2,14,132
2,14,134
3,14,135
3,14,135
3,14,136
3,14,136
3,14,136
3,14,136
3,14,135
3,14,135
3,14,135
3,14,135
3,14,134
2,14,133
2,14,132
2,14,132
2,14,132
2,15,131
2,15,131
2,15,131
2,15,131
2,15,131
2,15,131
2,15,131
2,15,131
2,15,131
2,15,131
2,15,131
3,16,132
2,16,131
2,16,131
2,16,131
2,16,129
2,16,129
2,16,129
2,16,129
2,13,117
1,13,117
1,13,119
1,13,120
1,13,121
1,13,122
1,14,124
1,14,124
2,13,126
2,14,127
2,14,127
2,14,128
1,14,129
1,15,129
1,14,128
1,15,128
1,15,128
1,15,128
1,15,128
1,15,128
1,15,128
1,15,128
1,15,128
1,15,128
0,14,127
0,14,127
0,14,127
0,14,127
1,15,128
1,15,128
1,15,128
1,15,128
1,15,128
1,15,128
1,15,128
1,15,128
1,15,128
1,15,129
2,15,129
1,15,130
2,15,130
2,15,131
2,15,131
2,15,131
2,15,131
2,15,131
2,15,131
2,15,131
2,15,131
2,15,131
2,15,131
2,15,131
2,15,131
2,15,131
2,15,131
2,15,131
2,15,131
2,15,131
2,15,131
1,14,130
1,14,130
1,14,130
1,14,130
1,14,130
2,15,131
2,15,131
2,14,131
2,14,132
2,14,132
2,14,132
2,14,132
2,14,132
2,14,132
2,15,131
2,15,131
2,15,131
2,15,131
2,15,131
2,14,131
2,14,132
2,15,132
2,14,132
2,14,132
2,14,132
2,15,132
2,15,131
2,15,131
2,15,131
2,15,131
2,15,131
2,15,131
2,15,131
2,15,131
2,15,132
2,15,132
2,14,132
2,14,132
2,14,132
2,14,132
2,14,132
2,14,132
2,14,132
2,14,132
2,14,132
2,14,132
2,14,132
2,14,132
2,14,132
2,14,132
2,14,134
3,14,135
3,14,135
3,14,135
3,14,136
3,14,136
3,14,135
3,14,135
3,14,135
2,14,134
2,14,134
2,14,134
2,14,132
2,14,132
2,15,132
2,15,131
2,15,131
2,15,131
2,15,131
2,15,131
2,15,130
2,15,130
2,15,131
2,15,131
2,15,131
2,15,131
3,16,132
3,16,133
3,16,132
3,16,132
2,16,131
2,16,131
2,16,129
2,16,129
1,13,117
1,13,119
1,13,120
1,13,120
1,13,121
1,13,121
1,14,124
1,13,124
2,14,126
2,14,127
2,14,127
1,14,128
1,15,128
1,14,128
1,14,128
1,14,128
1,15,128
1,15,128
1,15,128
1,15,128
1,15,128
1,15,128
0,14,127
0,14,127
0,14,127
0,14,127
0,14,127
1,15,128
1,15,128
1,15,128
1,15,128
1,15,128
1,15,128
1,15,128
1,15,128
2,16,129
2,16,129
2,15,129
2,15,130
2,15,130
2,15,131
2,15,131
2,15,131
2,15,131
2,15,131
2,15,131
2,15,131
2,15,131
2,15,131
2,15,131
2,15,131
2,15,131
2,15,131
2,15,131
2,15,131
2,15,131
2,15,131
2,15,131
2,15,131
2,15,131
1,14,130
1,14,130
1,14,130
2,15,131
2,14,131
2,14,131
2,14,132
2,14,132
2,14,132
2,14,132
2,14,132
2,14,132
2,14,132
2,14,131
2,15,131
2,15,131
2,15,131
2,14,132
2,14,132
2,14,132
2,14,132
2,14,132
2,15,132
2,15,131
2,15,131
2,15,131
2,15,131
2,15,131
2,15,131
2,15,131
2,15,131
2,15,131
2,15,132
2,15,132
2,14,132
2,14,132
2,14,132
2,14,132
2,14,132
2,14,132
2,14,132
2,14,132
2,14,132
2,14,132
2,14,132
2,14,132
2,14,132
2,14,132
2,14,134
3,14,135
3,14,135
3,14,135
3,14,135
3,14,135
3,14,135
3,14,135
3,14,135
2,13,134
2,14,134
2,14,133
2,14,132
2,14,132
2,15,132
2,15,131
2,15,131
2,15,131
2,16,129
2,16,129
2,16,129
2,16,129
2,16,130
2,15,131
2,15,131
2,16,132
3,16,132
3,16,133
3,16,132
3,16,132
2,16,131
2,16,131
2,16,129
1,13,117
1,13,119
0,13,119
0,13,120
0,13,121
1,13,121
1,13,123
1,14,124
2,14,126
1,14,127
1,14,127
1,14,127
1,14,128
1,14,128
1,14,128
1,14,128
1,14,128
1,14,128
1,14,128
0,14,127
0,14,127
0,14,127
0,14,127
0,14,127
0,14,127
0,14,127
1,15,128
1,15,128
1,15,128
2,16,129
2,16,129
2,16,129
2,16,129
2,16,129
2,16,129
2,16,129
2,16,129
1,15,130
1,14,130
1,14,130
2,15,131
2,15,131
2,15,131
2,15,131
2,15,131
2,15,131
2,15,131
2,15,131
2,15,131
2,15,131
2,15,131
2,15,131
2,15,131
2,15,131
2,15,131
2,15,131
2,15,131
2,15,131
2,15,131
1,14,130
1,14,130
1,14,130
1,14,130
1,14,131
2,14,131
2,14,132
2,14,132
2,14,132
2,14,132
2,14,132
2,14,132
2,14,132
2,14,132
2,14,132
2,15,132
2,14,132
2,14,132
2,14,132
2,14,132
2,14,132
2,14,132
2,15,132
2,15,131
2,15,131
2,15,131
2,15,131
2,15,131
2,15,131
2,15,131
2,15,131
2,15,132
2,15,132
2,15,132
2,14,132
2,14,132
2,14,132
2,14,132
2,14,132
2,14,132
2,14,132
2,14,132
2,14,132
2,14,132
2,14,132
2,14,132
2,14,132
2,14,132
2,14,134
2,14,134
3,14,135
3,14,135
3,14,135
3,14,135
3,14,135
2,14,134
2,14,134
2,13,134
2,14,133
2,14,132
2,14,132
2,15,132
2,15,131
2,15,131
2,15,131
2,16,129
2,16,129
2,16,129
2,16,129
2,16,129
2,16,129
2,16,131
2,15,131
2,16,132
3,16,132
3,16,133
3,15,132
2,15,131
2,16,131
2,16,131
1,13,117
0,13,118
0,13,119
0,13,120
0,13,120
0,13,121
1,14,123
1,14,125
1,14,126
1,14,126
1,14,127
1,15,127
1,14,128
1,14,128
1,14,128
1,15,128
1,14,128
0,14,128
0,14,127
0,14,127
0,14,127
0,14,127
0,14,127
0,14,127
0,14,127
0,14,127
1,15,128
1,15,128
2,16,129
2,16,129
2,16,129
2,16,129
2,16,129
2,16,129
2,16,129
2,16,129
1,15,130
1,14,130
1,14,130
1,14,130
2,15,131
2,15,131
2,15,131
2,15,131
2,15,131
2,15,131
2,15,131
2,15,131
2,15,131
2,15,131
2,15,131
2,15,131
2,15,131
2,15,131
2,15,131
2,15,131
2,15,131
2,15,131
2,15,131
1,14,130
1,14,130
1,14,130
1,14,130
1,14,131
2,14,131
2,14,132
2,14,132
2,14,132
2,14,132
2,14,132
2,14,132
2,14,132
2,14,132
2,14,132
2,14,132
2,14,132
2,14,132
2,14,132
2,14,132
2,14,132
2,15,131
2,15,131
2,15,131
2,15,131
2,15,131
2,15,131
2,15,131
2,15,131
2,14,132
2,14,132
2,14,132
2,14,132
2,14,132
2,14,132
2,14,132
2,14,132
2,14,132
2,14,132
2,14,132
2,14,132
2,14,132
2,14,132
2,14,132
2,14,132
2,14,132
2,14,132
2,14,133
2,14,134
2,14,134
2,14,134
3,14,135
3,14,135
2,14,134
2,14,134
2,13,134
2,14,134
2,14,132
2,14,132
2,14,132
2,15,131
2,15,131
2,15,131
2,16,129
2,16,129
2,16,129
2,16,129
2,16,129
2,16,129
2,16,129
2,16,129
2,16,131
2,15,131
2,15,132
2,15,132
2,15,131
2,15,131
2,15,131
1,13,117
0,13,117
0,13,119
0,13,119
0,13,120
1,14,121
1,14,123
1,14,125
1,14,125
1,14,126
1,15,127
1,15,128
1,14,128
1,14,128
1,15,128
1,14,128
0,14,128
0,14,127
0,14,127
0,14,127
0,14,127
0,14,127
0,14,127
0,14,127
0,14,127
1,15,128
1,15,128
2,16,129
2,16,129
2,16,129
2,16,129
2,16,129
2,16,129
2,16,129
2,15,129
1,15,130
1,14,130
1,14,130
1,14,130
2,15,131
2,15,131
2,15,131
2,15,131
2,15,131
2,15,131
2,15,131
2,15,131
2,15,131
2,15,131
2,15,131
2,15,131
2,15,131
2,15,131
2,15,131
2,15,131
2,15,131
2,15,131
2,15,131
2,15,131
1,15,130
1,14,130
1,14,130
1,14,130
2,14,131
2,14,132
2,14,132
2,14,132
2,14,132
2,14,132
2,14,132
2,14,132
2,14,132
2,14,132
2,14,132
2,14,132
2,14,132
2,14,132
2,14,132
2,14,132
2,15,131
2,15,131
2,15,131
2,15,131
2,15,131
2,15,131
2,15,131
2,15,132
2,14,132
2,14,132
2,14,132
2,14,132
2,14,132
2,14,132
2,14,132
2,14,132
2,14,132
2,14,132
2,14,132
2,14,132
2,14,132
2,14,132
2,14,132
2,14,132
2,14,132
2,14,132
2,14,133
2,14,133
2,14,132
2,14,132
2,14,132
2,14,134
2,14,134
2,14,134
2,14,132
2,14,132
2,14,132
2,14,132
2,15,132
2,15,131
2,15,131
2,15,131
2,16,129
2,16,129
2,16,129
2,16,129
2,16,129
2,16,129
2,16,129
2,16,129
2,16,129
2,16,131
2,15,131
2,15,131
2,15,131
2,16,131
0,13,117
0,13,117
1,13,118
0,13,119
1,14,120
1,14,121
1,14,123
1,14,124
1,14,125
1,14,126
1,14,127
1,14,128
1,14,128
1,15,128
1,14,128
0,14,128
0,14,127
1,15,128
1,15,128
1,15,128
1,15,128
0,14,127
0,14,127
0,14,127
0,14,127
0,14,127
1,15,128
2,16,129
2,16,129
2,16,129
2,16,129
2,16,129
2,16,129
1,15,129
1,15,130
1,14,130
1,14,130
1,14,130
2,15,131
2,15,131
2,15,131
2,15,131
2,15,131
2,15,131
2,15,131
2,15,131
2,15,131
2,15,131
2,15,131
2,15,131
2,15,131
2,15,131
2,15,131
2,15,131
2,15,131
2,15,131
2,15,131
2,15,131
1,15,130
1,15,129
1,15,129
1,15,130
2,15,131
2,14,132
2,14,132
2,14,132
2,14,132
2,14,132
2,14,132
2,14,132
2,14,132
2,14,132
2,14,132
2,14,132
2,14,132
2,14,132
2,14,132
2,14,132
2,15,131
2,15,131
2,15,131
2,15,131
2,15,131
2,15,131
2,15,131
2,14,132
2,14,132
2,14,132
2,14,132
2,14,132
2,14,132
2,14,132
2,14,132
2,14,132
2,14,132
2,14,132
2,14,132
2,14,132
2,14,132
2,14,132
2,14,132
2,14,132
2,14,132
2,14,132
2,14,132
2,14,132
2,14,132
2,14,132
2,14,132
2,14,132
2,14,132
2,14,132
2,14,132
2,14,132
2,14,132
2,14,132
2,15,131
2,15,131
2,15,131
2,15,131
2,16,129
2,16,129
2,16,129
2,16,129
2,16,129
2,16,129
2,16,129
2,16,129
2,16,129
2,16,129
2,15,131
2,15,131
2,16,131
1,13,117
0,13,118
0,14,119
1,14,120
1,14,122
1,14,123
1,14,125
1,14,125
1,14,126
1,14,127
1,14,128
1,15,128
1,15,128
1,14,128
1,15,128
1,15,128
1,15,128
1,15,128
1,15,128
1,15,128
0,14,127
0,14,127
0,14,127
0,14,127
1,15,128
2,16,129
2,16,129
2,16,129
2,16,129
2,16,129
2,16,129
1,15,129
1,14,130
1,14,130
1,14,130
1,14,130
2,15,131
2,15,131
2,15,131
2,15,131
2,15,131
2,15,131
2,15,131
2,15,131
2,15,130
2,16,129
2,16,129
2,15,131
2,15,131
2,15,131
2,15,131
2,15,131
2,15,131
2,15,131
2,15,131
2,15,131
1,15,129
1,15,129
1,15,129
2,15,129
2,15,130
2,15,131
2,15,132
2,14,132
2,14,132
2,14,132
2,14,132
2,14,132
2,14,132
2,14,132
2,14,132
2,14,132
2,14,132
2,14,132
2,14,132
2,15,131
2,15,131
2,15,131
2,15,131
2,15,131
2,15,131
2,15,131
2,14,132
2,14,132
2,14,132
2,14,132
2,14,132
2,14,132
2,14,132
2,14,132
2,14,132
2,14,131
2,15,131
2,14,132
2,14,132
2,14,132
2,14,132
2,14,132
2,14,132
2,14,132
2,14,132
2,14,132
2,14,132
2,14,132
2,14,132
2,14,132
2,14,132
2,14,132
2,14,132
2,14,132
2,14,132
2,14,132
2,14,132
2,15,131
2,15,131
2,15,131
2,15,131
2,15,131
2,15,130
2,16,129
2,16,129
2,16,129
2,16,129
2,16,129
2,16,129
2,16,129
2,16,129
2,16,129
2,16,129
0,14,117
0,14,118
1,14,120
1,14,120
1,14,122
1,14,124
1,14,125
1,14,125
0,14,127
0,14,127
1,15,128
1,15,128
1,15,128
2,16,129
2,16,129
2,16,129
2,16,129
1,15,128
1,15,128
0,14,127
0,14,127
0,14,127
1,15,128
1,15,128
2,16,129
2,16,129
2,16,129
2,16,129
2,16,129
1,15,129
1,15,129
1,14,130
1,14,130
1,14,130
1,14,130
2,15,131
2,15,131
2,15,131
2,15,131
2,15,131
2,15,131
2,15,131
2,15,131
2,15,129
2,15,129
2,15,129
2,15,129
2,15,131
2,15,131
2,15,131
2,15,131
2,15,131
2,15,131
2,15,131
2,15,131
2,15,129
2,15,129
2,16,129
2,16,129
2,16,129
2,15,131
2,15,131
2,15,132
2,14,132
2,14,132
2,14,132
2,14,132
2,14,132
2,14,132
2,14,132
2,14,132
2,14,132
2,14,132
2,15,131
2,15,131
2,15,131
2,15,131
2,15,131
2,15,131
2,15,131
2,14,132
2,14,132
2,14,132
2,14,132
2,14,132
2,14,132
2,14,132
2,14,132
2,14,132
2,14,132
2,15,131
2,15,131
2,15,131
2,14,132
2,14,132
2,14,132
2,14,132
2,14,132
2,14,132
2,14,132
2,14,132
2,14,132
2,15,132
2,15,132
2,15,131
2,15,131
2,15,131
2,15,131
2,14,132
2,14,132
2,14,132
2,15,131
2,15,131
2,15,131
2,15,131
2,15,131
2,15,131
2,15,131
2,15,130
2,16,129
2,16,129
2,16,129
2,16,129
2,16,129
2,16,129
2,16,129
2,16,129
0,14,118
0,14,118
1,14,120
1,14,122
1,14,122
1,14,124
1,14,125
0,14,126
0,14,127
1,15,128
1,15,128
1,15,128
2,16,129
2,16,129
2,16,129
2,16,129
2,16,129
1,15,128
1,15,128
1,15,128
1,15,128
1,15,128
1,15,128
1,15,128
2,16,129
2,16,129
2,16,129
1,15,128
1,15,128
1,14,129
1,14,130
1,14,130
1,14,130
2,15,131
2,15,131
2,15,131
2,15,131
2,15,131
2,15,131
2,15,131
2,15,131
2,15,131
2,15,129
2,15,129
2,15,129
2,15,129
2,15,130
2,15,131
2,15,131
2,15,131
2,15,131
2,15,131
2,15,131
2,15,131
2,15,129
2,16,129
2,16,129
2,16,129
2,16,129
2,16,129
2,15,131
2,15,131
2,15,131
2,14,132
2,14,132
2,14,132
2,14,132
2,14,132
2,14,132
2,14,132
2,14,132
2,14,132
2,15,131
2,15,131
2,15,131
2,15,131
2,15,131
2,15,131
2,15,131
2,14,132
2,14,132
2,14,132
2,14,132
2,14,132
2,14,132
2,14,132
2,14,132
2,14,132
2,15,131
2,15,131
2,15,131
2,15,131
2,15,131
2,15,131
2,14,132
2,14,132
2,14,132
2,14,132
2,14,132
2,14,132
2,15,132
2,15,132
2,15,131
2,15,131
2,15,131
2,15,131
2,15,131
2,15,131
2,15,131
2,15,131
2,15,131
2,15,131
2,15,131
2,15,131
2,15,131
2,15,131
2,15,131
2,15,131
2,15,131
2,15,131
2,15,131
2,15,131
2,16,129
2,16,129
2,16,129
0,14,118
0,14,118
0,14,120
0,14,122
0,14,124
0,14,124
0,14,125
0,14,127
1,15,127
1,15,128
1,15,128
2,16,129
2,16,129
2,16,129
2,16,129
2,16,129
2,16,129
1,15,128
1,15,128
1,15,128
1,15,128
1,15,128
1,15,128
1,15,128
1,15,128
1,15,128
1,15,128
1,14,128
1,14,128
1,14,130
1,15,130
2,15,131
2,15,131
2,15,131
2,15,131
2,15,131
2,15,131
2,15,131
2,15,131
2,15,131
2,15,131
2,15,129
1,15,128
1,15,128
1,15,129
2,15,130
2,15,131
2,15,131
2,15,131
2,15,131
2,15,131
2,15,131
2,15,131
2,16,129
2,16,129
2,16,129
2,16,129
2,16,129
2,16,129
2,15,130
2,15,131
2,15,131
2,15,131
2,14,132
2,14,132
2,14,132
2,14,132
2,14,132
2,14,132
2,14,132
2,15,131
2,15,131
2,15,131
2,15,131
2,15,131
2,15,131
2,15,131
2,14,132
2,14,132
2,14,132
2,14,132
2,14,132
2,14,132
2,14,132
2,14,132
2,14,132
2,14,132
2,15,131
2,15,131
2,15,131
2,15,131
2,15,131
2,15,131
2,14,132
2,14,132
2,14,132
2,14,132
2,14,132
2,14,132
2,15,132
2,15,131
2,15,131
2,15,131
2,15,131
2,15,131
2,15,131
2,15,131
2,15,131
2,15,131
2,15,131
2,15,131
2,15,131
2,15,131
2,15,131
2,15,131
2,15,131
2,15,131
2,15,131
2,15,131
2,15,131
2,15,131
2,15,131
2,16,129
0,14,118
0,14,120
0,14,120
0,14,122
0,14,124
0,14,124
0,14,126
1,14,127
1,15,127
1,15,128
2,15,128
2,16,129
2,16,129
2,16,129
2,16,129
2,16,129
2,16,129
2,15,129
2,15,129
2,15,129
2,15,129
1,15,129
1,15,128
1,15,128
1,15,128
1,15,128
1,15,128
1,14,128
1,15,129
1,15,130
2,15,131
2,15,131
2,15,131
2,15,131
2,15,131
1,14,130
2,14,131
2,15,131
2,15,131
2,15,130
1,15,128
1,15,128
1,15,128
1,15,128
1,15,129
2,15,131
2,15,131
2,15,131
2,15,131
2,15,131
2,15,131
2,15,131
2,15,130
2,16,129
2,16,129
2,16,129
2,16,129
2,15,129
2,15,130
2,15,131
2,15,131
2,15,131
2,14,132
2,14,132
2,14,132
2,14,132
2,14,132
2,14,132
2,15,131
2,15,131
2,15,131
2,15,131
2,15,131
2,15,131
2,15,131
2,15,131
2,14,132
2,14,132
2,14,132
2,14,132
2,14,132
2,14,132
2,14,132
2,14,132
2,14,132
2,14,132
2,15,131
2,15,131
2,15,131
2,15,131
2,15,131
2,15,131
2,15,131
2,15,132
2,14,132
2,14,132
2,14,132
2,15,132
2,15,132
2,15,131
2,15,131
2,15,131
2,15,131
2,15,131
2,15,131
2,15,131
2,15,131
2,15,131
2,15,131
2,15,131
2,15,131
2,15,131
2,15,131
2,15,131
2,15,131
2,15,131
2,15,131
2,15,131
2,15,131
2,15,131
2,15,131
1,14,120
1,14,122
1,14,122
1,14,124
1,14,124
1,14,126
1,14,127
1,15,127
1,15,128
2,15,128
2,15,128
2,15,128
2,16,129
2,16,129
2,16,129
2,16,129
2,15,129
2,15,129
2,15,129
2,15,129
1,15,129
1,15,128
1,15,128
1,15,128
1,15,128
1,15,128
1,15,128
1,15,129
2,15,130
2,15,131
2,15,131
1,15,130
1,15,130
1,14,130
1,14,130
2,15,131
2,15,131
2,15,130
1,15,128
1,15,127
1,14,127
1,14,127
1,14,128
1,15,128
1,15,130
2,15,131
2,15,131
2,15,131
2,15,131
2,15,131
2,15,131
2,16,130
2,16,129
2,16,129
2,15,129
2,15,130
2,15,131
2,15,131
2,15,131
2,15,131
2,14,132
2,14,132
2,14,132
2,14,132
2,14,132
2,15,131
2,15,131
2,15,131
2,15,131
2,15,131
2,15,131
2,15,131
2,15,131
2,15,131
2,14,132
2,14,132
2,14,132
2,14,132
2,14,132
2,14,132
2,14,132
2,14,132
2,14,132
2,15,131
2,15,131
2,15,131
2,15,131
2,15,131
2,15,131
2,15,131
2,15,131
2,15,131
2,15,132
2,15,132
2,15,132
2,15,132
2,15,132
2,15,132
2,15,131
2,15,131
2,15,131
2,15,131
2,15,131
2,15,131
2,15,131
2,15,131
2,15,131
2,15,131
2,15,131
2,15,131
2,15,131
2,15,131
2,15,131
2,15,131
2,15,131
2,15,131
2,15,131
1,14,121
1,14,122
1,14,122
1,14,124
1,14,124
1,14,126
1,14,126
1,15,127
1,15,128
2,15,128
1,15,128
2,15,129
2,16,129
2,16,129
2,15,130
2,15,130
2,15,131
2,15,131
2,15,131
2,15,130
1,15,129
1,15,128
1,15,128
1,14,128
1,15,128
1,15,128
1,15,129
2,15,129
1,15,128
1,15,128
1,15,128
1,14,129
1,14,130
1,14,130
2,15,131
2,14,131
1,14,130
0,14,127
0,14,127
0,14,127
0,14,127
1,14,127
1,15,128
1,15,128
1,15,129
2,15,129
2,15,131
2,15,131
2,15,131
2,15,131
2,15,130
2,15,130
2,15,130
2,15,130
2,15,130
2,15,131
2,15,131
2,15,131
2,15,131
2,15,131
2,14,132
2,14,132
2,14,132
2,14,131
2,15,131
2,15,131
2,15,131
2,15,131
2,15,130
2,15,130
2,15,130
2,15,131
2,15,131
2,15,132
2,14,132
2,14,132
2,14,132
2,14,132
2,14,132
2,14,132
2,14,132
2,14,132
2,15,131
2,15,131
2,15,131
2,15,131
2,15,131
2,15,131
2,15,131
2,15,131
2,15,131
2,15,131
2,15,131
2,15,132
2,15,132
2,15,132
2,15,132
2,14,132
2,14,132
2,14,132
2,14,132
2,14,132
2,14,132
2,14,132
2,14,132
2,14,132
2,15,132
2,15,132
2,15,132
2,15,132
2,15,131
2,15,131
2,16,131
2,15,131
2,15,129
1,14,122
1,14,122
1,14,124
1,14,124
1,14,126
1,14,126
1,14,126
1,15,127
1,15,128
1,15,128
2,15,129
2,15,129
2,15,130
2,15,131
2,15,131
2,15,131
2,15,131
2,15,131
2,15,130
1,15,129
1,15,128
1,15,128
1,15,128
1,15,128
1,15,128
1,15,128
1,15,128
1,15,128
1,14,128
0,14,128
0,14,129
1,14,130
1,14,130
1,14,130
1,14,130
1,14,127
0,14,127
0,14,127
0,14,127
1,14,127
1,15,127
1,15,128
1,15,128
1,15,128
2,15,129
2,15,129
2,15,130
2,15,130
2,15,130
2,15,130
2,15,130
2,15,130
2,15,130
2,15,131
2,15,131
2,15,131
2,15,131
2,15,131
2,15,132
2,14,132
2,15,131
2,15,131
2,15,131
2,15,131
2,15,131
2,15,130
2,15,130
2,15,129
2,15,129
2,15,130
2,15,131
2,15,132
2,15,132
2,14,132
2,14,132
2,14,132
2,14,132
2,14,132
2,14,132
2,15,131
2,15,131
2,15,131
2,15,131
2,15,131
2,15,131
2,15,131
2,15,131
2,15,131
2,15,131
2,15,131
2,15,131
2,15,131
2,15,131
2,14,132
2,14,132
2,14,132
2,14,132
2,14,132
2,14,132
2,14,132
2,14,132
2,14,132
2,14,132
2,14,132
2,14,132
2,15,132
2,15,132
2,15,132
2,15,131
2,15,131
2,16,131
1,14,122
1,14,122
1,14,124
1,14,124
1,14,125
1,14,126
1,14,126
1,14,127
1,15,128
1,15,128
2,15,129
2,15,131
2,15,131
2,15,131
2,15,131
2,15,131
2,15,131
2,15,131
2,15,130
1,15,130
1,15,129
1,15,129
1,15,128
1,15,128
1,15,128
1,15,128
0,14,127
0,14,127
0,14,127
0,14,127
1,14,128
1,14,130
1,14,130
1,14,128
1,14,127
0,14,127
0,14,127
0,14,127
0,14,127
0,14,127
0,14,127
1,15,128
1,15,128
1,15,128
2,15,129
1,15,129
1,15,130
1,15,130
1,14,130
1,14,130
1,15,130
1,15,130
1,15,130
2,15,131
2,15,131
2,15,131
2,15,131
2,15,131
2,15,131
2,15,131
2,15,131
2,15,131
2,15,131
2,15,130
1,15,130
1,15,129
1,15,129
1,15,129
2,15,129
2,15,130
2,15,131
2,15,132
2,14,132
2,14,132
2,14,132
2,14,132
2,14,132
2,14,132
2,15,131
2,15,131
2,15,131
2,15,131
2,15,131
2,15,131
2,15,131
2,15,131
2,15,131
2,15,131
2,15,131
2,15,131
2,15,131
2,15,132
2,14,132
2,14,132
2,14,132
2,14,132
2,14,132
2,14,132
2,14,132
2,14,132
2,14,132
2,14,132
2,14,132
2,14,132
2,14,132
2,15,132
2,15,132
2,15,131
2,16,131
1,14,122
1,14,124
1,14,124
1,14,125
1,14,125
0,14,126
0,14,126
0,14,127
1,15,129
2,15,130
2,15,131
2,15,131
2,15,131
2,15,131
2,15,131
2,15,131
2,15,131
1,14,130
1,14,129
1,15,129
1,15,128
1,15,128
1,15,128
1,15,128
0,14,127
0,14,127
0,14,127
0,14,127
1,14,128
1,15,128
1,14,128
1,14,128
0,14,127
0,14,126
0,14,126
0,14,127
0,14,127
0,14,127
0,14,127
1,15,128
1,15,128
1,15,128
1,15,128
1,15,128
1,15,129
1,14,130
1,14,130
1,14,130
1,14,130
1,14,130
1,14,130
1,15,130
1,15,130
2,15,131
2,15,131
2,15,131
2,15,131
2,15,131
2,15,131
2,15,131
2,15,130
1,15,130
1,15,129
1,15,128
1,15,128
1,15,128
1,15,128
1,15,129
2,15,131
2,14,131
2,14,132
2,14,132
2,14,132
2,14,132
2,14,132
2,15,131
2,15,131
2,15,131
2,15,131
2,15,131
2,15,131
2,15,131
2,15,131
2,15,131
2,15,131
2,15,131
2,15,131
2,15,131
2,15,131
2,14,132
2,14,132
2,14,132
2,14,132
2,14,132
2,14,132
2,14,132
2,14,132
2,14,132
2,14,132
2,14,132
2,14,132
2,14,132
3,15,132
2,15,132
2,16,131
1,14,122
1,14,124
0,14,124
0,14,125
0,14,125
0,14,125
0,14,126
0,14,127
1,15,128
2,15,130
2,15,131
2,15,131
2,15,131
2,15,131
2,15,131
2,15,131
1,14,130
1,14,130
1,15,129
1,14,128
1,15,128
1,15,128
1,15,128
1,15,128
1,15,128
0,14,127
1,14,128
1,15,128
1,15,128
1,15,128
1,14,128
1,14,127
0,14,127
0,14,127
0,14,127
0,14,127
1,15,127
1,15,128
1,15,128
1,15,128
1,15,128
1,15,128
1,15,128
1,15,128
1,14,129
1,14,129
1,14,129
1,14,129
1,14,129
1,14,129
1,15,130
1,15,130
1,15,130
2,15,131
2,15,131
2,15,131
2,15,131
2,15,131
2,15,130
1,15,129
1,15,129
1,15,128
1,15,128
1,15,128
1,15,128
1,15,128
1,15,129
1,15,130
2,15,131
2,14,131
2,14,132
2,14,132
2,14,132
2,15,131
2,15,131
2,15,131
2,15,131
2,15,131
2,15,131
2,15,131
2,15,131
2,15,131
2,15,131
2,15,131
2,15,131
2,15,131
2,15,131
2,14,132
2,14,132
2,14,132
2,14,132
2,14,132
2,14,132
2,14,132
2,14,132
2,14,132
2,14,132
2,14,132
2,14,132
2,14,132
3,15,132
3,15,132
3,16,132
0,14,124
0,14,124
0,14,124
0,13,125
0,14,125
0,14,126
1,14,127
1,15,129
2,15,131
2,15,131
2,15,131
2,15,131
2,15,131
2,15,131
1,14,130
2,15,130
1,15,130
1,14,129
1,15,128
1,15,128
1,15,128
1,15,128
1,15,128
1,14,128
1,14,128
1,14,128
1,15,128
1,15,128
1,14,128
0,14,127
0,14,127
0,14,127
0,14,127
0,14,127
1,15,127
1,15,128
1,15,128
1,15,128
1,15,128
1,15,128
1,15,128
1,15,128
1,15,128
1,15,128
1,15,129
1,15,129
1,15,129
1,15,129
1,15,129
1,15,130
1,15,130
1,15,130
2,15,131
2,15,131
2,15,131
2,15,130
2,15,129
1,15,129
1,15,129
1,15,128
1,15,128
1,15,128
1,15,128
1,15,128
1,15,128
1,15,130
1,15,131
2,14,131
2,14,131
2,15,131
2,15,131
2,15,131
2,15,131
2,15,131
2,15,131
2,15,131
2,15,131
2,15,131
2,15,131
2,15,131
2,15,131
2,15,131
2,15,131
2,15,131
2,15,132
2,14,132
2,14,132
2,14,132
2,14,132
2,14,132
2,14,132
2,14,132
2,14,132
2,14,132
2,14,132
2,14,132
2,14,132
2,15,132
3,16,132
0,14,124
0,14,124
0,14,124
0,14,125
1,14,126
1,14,127
1,15,129
2,15,131
2,15,131
2,15,131
2,15,131
2,15,131
2,15,130
2,15,130
1,15,129
1,14,129
1,15,128
1,15,128
1,15,128
1,15,128
1,15,128
1,15,128
1,15,128
1,15,128
1,15,128
1,15,128
1,15,128
0,14,127
0,14,127
0,14,127
0,14,127
0,14,127
1,15,128
1,15,128
1,15,128
1,15,128
1,15,128
1,15,128
1,15,128
1,15,128
1,15,128
1,15,128
1,15,129
1,15,129
1,15,129
1,15,129
1,15,129
1,15,129
1,15,130
1,15,130
1,15,130
1,15,130
1,15,130
2,15,130
2,15,129
2,15,129
2,15,129
1,15,128
1,15,128
1,15,128
1,15,128
1,15,128
1,14,128
1,14,130
1,14,130
2,14,131
2,15,131
2,15,131
2,15,131
2,15,131
2,15,131
2,15,131
2,15,131
2,15,131
2,15,131
2,15,131
2,15,131
2,15,131
2,14,132
2,14,132
2,14,132
2,14,132
2,14,132
2,14,132
2,14,132
2,14,132
2,14,132
2,14,132
2,14,132
2,14,132
2,14,132
2,14,132
2,14,132
2,14,132
2,15,132
0,14,124
0,14,124
1,14,125
1,14,127
1,14,128
1,15,130
2,15,130
2,15,131
2,15,131
2,15,130
2,15,130
2,15,130
1,15,129
1,15,129
1,15,128
1,15,128
1,15,128
1,15,128
1,15,128
1,15,128
1,15,128
1,15,128
1,15,128
1,15,128
1,15,128
1,15,128
1,15,127
1,15,128
1,15,128
1,15,128
1,15,128
1,15,128
2,16,129
2,16,129
2,16,129
2,16,129
2,15,129
1,15,129
1,15,129
1,15,129
2,15,129
2,15,129
2,16,129
2,16,129
2,15,129
2,15,129
1,15,130
1,15,130
1,14,130
1,14,130
1,14,130
1,15,130
2,15,129
2,15,129
2,16,129
2,16,129
1,15,128
1,15,128
1,15,128
1,14,128
1,14,128
1,14,130
1,15,131
2,15,131
2,15,131
2,15,131
2,15,131
2,15,131
2,15,131
2,15,131
2,15,131
2,15,131
2,15,131
2,15,132
2,15,132
2,14,132
2,14,132
2,14,132
2,14,132
2,14,132
2,14,132
2,14,132
2,14,132
2,14,132
2,14,132
2,14,132
2,14,132
2,14,132
2,14,132
2,14,132
2,15,132
1,14,124
1,14,125
1,14,127
1,15,128
2,15,129
2,15,130
2,16,130
2,16,130
2,15,129
2,16,129
2,15,129
1,15,129
1,15,129
1,15,129
1,15,128
1,15,128
1,15,128
1,15,128
1,15,129
2,15,129
2,16,129
2,16,129
1,15,128
1,15,128
1,15,128
1,15,128
1,15,128
1,15,128
2,15,129
2,15,129
2,16,129
2,16,129
2,16,129
2,16,129
2,15,129
2,15,129
2,15,130
2,15,130
2,15,129
2,15,129
2,16,129
2,16,129
2,15,129
2,15,130
2,15,131
2,15,131
2,15,130
1,15,130
1,15,130
1,15,130
2,15,130
2,15,129
2,16,129
2,15,129
2,15,129
1,15,128
1,15,128
1,14,128
1,14,130
1,15,130
2,15,131
2,15,131
2,15,131
2,15,131
2,15,131
2,15,131
2,15,131
2,15,131
2,15,131
2,15,131
2,15,131
2,15,132
2,14,132
2,14,132
2,14,132
2,14,132
2,14,132
2,14,132
2,14,132
2,14,132
2,14,132
2,14,132
2,14,132
2,14,132
2,14,132
2,15,131
2,15,131
1,14,125
1,14,127
2,15,128
2,15,129
2,16,129
2,16,129
2,16,129
2,16,129
2,16,129
2,16,129
2,15,129
2,15,129
1,15,129
1,15,129
1,15,129
1,15,129
2,15,129
2,16,129
2,16,129
2,16,129
2,16,129
1,15,128
1,15,128
1,15,128
1,15,129
2,15,129
2,15,129
2,15,129
2,16,129
2,16,129
2,16,129
2,15,130
2,15,131
2,15,131
2,15,131
2,15,131
2,15,131
2,15,131
2,15,129
2,15,129
2,15,131
2,15,131
2,15,131
2,15,131
2,15,131
2,15,131
2,15,131
2,15,130
2,15,130
2,15,130
2,16,129
2,15,129
2,15,129
2,15,129
1,14,129
1,14,130
1,14,130
2,15,131
2,15,131
2,15,131
2,15,131
2,15,131
2,15,131
2,15,131
2,15,131
2,15,131
2,15,131
2,15,131
2,15,131
2,15,132
2,14,132
2,14,132
2,14,132
2,14,132
2,14,132
2,14,132
3,15,133
3,15,133
3,15,133
2,15,132
2,15,132
2,15,132
2,15,131
1,15,128
2,15,128
2,16,129
2,16,129
2,16,129
2,16,129
2,16,129
2,16,129
2,16,129
2,15,129
2,15,129
1,15,130
2,15,130
2,15,129
2,15,129
2,16,129
2,16,129
2,16,129
2,16,129
2,15,129
2,15,130
2,15,131
2,15,131
2,15,131
2,15,131
2,15,131
2,15,131
2,15,131
2,15,131
2,15,131
2,15,131
2,15,131
2,15,131
2,15,131
2,15,131
2,15,131
2,15,131
2,15,131
2,15,131
2,15,131
2,15,131
2,15,131
2,15,131
2,15,131
2,15,131
2,15,131
2,15,131
2,15,131
2,15,131
2,15,131
2,15,131
2,15,130
2,15,130
1,15,130
2,15,131
2,15,131
2,15,131
2,15,131
2,15,131
2,15,131
2,15,131
2,15,131
2,15,131
2,15,131
2,15,131
2,15,131
2,15,131
2,15,132
2,14,132
2,14,132
2,14,132
2,14,132
2,14,132
2,14,132
3,15,133
3,15,133
3,15,133
2,15,132
2,15,131
1,15,128
2,16,128
2,16,129
2,16,129
2,16,129
2,16,129
2,15,130
2,15,130
2,15,131
2,15,131
2,15,131
2,15,131
2,16,131
2,16,129
2,16,129
2,16,131
2,16,131
2,16,131
2,15,131
2,15,131
2,15,131
2,15,131
2,15,131
2,15,131
2,15,131
2,15,131
2,15,131
2,15,131
2,15,131
2,15,131
2,15,131
2,15,131
2,15,131
2,15,131
2,15,131
2,15,131
2,15,131
2,15,131
2,15,131
2,15,131
2,15,131
2,15,131
2,15,131
2,15,131
2,15,131
2,15,131
2,15,131
2,15,131
2,15,131
2,15,131
2,15,131
2,15,131
2,15,131
2,15,131
2,15,131
2,15,131
2,15,131
2,15,131
2,15,131
2,15,131
2,15,131
2,15,131
2,15,131
2,15,131
2,15,132
2,14,132
2,14,132
2,14,132
2,14,132
2,14,132
3,15,133
3,15,133
3,15,133
1,15,128
2,16,129
2,16,129
2,15,129
2,15,130
2,15,130
2,15,131
2,15,131
2,15,131
2,15,131
2,15,131
2,15,131
2,15,131
2,15,131
2,15,131
2,15,132
2,15,132
2,15,131
2,15,131
2,15,131
2,15,131
2,15,131
2,15,131
2,15,131
2,15,131
2,15,131
2,15,131
2,15,131
2,15,131
2,15,131
2,15,131
2,15,131
2,15,131
2,15,131
2,15,131
2,14,132
2,14,132
2,14,132
2,14,132
2,14,132
2,14,132
2,15,131
2,15,131
2,15,131
2,15,131
2,15,131
2,15,131
2,15,131
2,15,131
2,15,131
2,15,131
2,15,131
2,15,131
2,15,131
2,15,131
2,15,131
2,15,131
2,15,131
2,15,131
2,15,132
2,15,132
2,15,131
2,15,131
2,14,132
2,14,132
2,14,132
2,14,132
2,14,132
3,15,133
2,15,129
2,15,130
2,15,130
2,15,131
2,15,131
2,15,131
2,15,131
2,15,131
2,15,131
2,15,131
2,15,131
2,15,132
2,15,132
2,15,132
2,15,132
2,15,131
2,15,131
2,15,131
2,15,131
2,15,131
2,15,131
2,15,131
2,15,131
2,15,131
2,15,131
2,15,131
2,15,131
2,15,131
2,15,131
2,15,131
2,14,132
2,14,132
2,14,132
2,14,132
2,14,132
2,14,132
2,14,132
2,14,132
2,14,132
2,14,132
2,15,131
2,15,131
2,15,131
2,15,131
2,15,131
2,15,131
2,15,131
2,15,131
2,15,131
2,15,131
2,15,131
2,15,131
2,15,131
2,15,131
2,15,131
2,15,131
2,14,132
2,14,132
2,15,131
2,14,132
2,14,132
2,14,132
2,14,132
2,15,131
2,15,131
2,15,131
2,15,131
2,15,131
2,15,131
2,15,131
2,15,131
2,15,132
2,15,132
2,15,132
2,15,132
2,15,131
2,15,131
2,15,131
2,15,131
2,15,131
2,15,131
2,15,131
2,15,131
2,15,131
3,15,132
3,15,132
2,15,132
2,15,132
2,15,132
2,14,132
2,14,132
2,14,132
2,14,132
2,14,132
2,14,132
2,14,132
2,14,132
2,14,132
2,14,132
2,14,132
2,14,132
2,15,132
2,15,131
2,15,131
2,15,131
2,15,131
2,15,131
2,15,131
2,15,131
2,15,131
2,15,131
2,15,131
2,15,131
2,15,131
2,14,132
2,14,132
2,14,132
2,14,132
2,14,132
2,14,132
2,15,131
2,15,131
2,15,132
2,15,132
2,15,132
2,15,132
2,15,132
2,15,131
2,15,131
2,15,131
2,15,131
2,15,131
2,15,131
2,15,131
2,15,132
2,15,132
3,15,132
3,15,133
3,15,133
3,15,132
2,15,132
2,14,132
2,14,132
2,14,132
2,14,132
2,14,132
2,14,132
2,14,132
2,14,132
2,14,132
2,14,132
2,14,132
2,14,132
2,14,132
2,14,132
2,15,131
2,15,131
2,15,131
2,15,131
2,15,131
2,15,131
2,15,131
2,15,131
2,15,131
2,15,131
2,15,131
2,14,132
2,14,132
2,14,132
2,15,132
2,15,131
2,15,131
2,15,131
2,15,131
2,15,131
2,15,131
2,15,131
2,15,131
2,15,132
2,15,132
3,15,132
3,15,133
3,15,133
3,15,133
2,14,132
2,14,132
2,14,132
2,14,132
2,14,132
2,14,132
2,14,132
2,14,132
2,14,132
2,14,132
2,14,132
2,14,132
2,14,132
2,14,132
2,14,132
2,14,132
2,15,131
2,15,131
2,15,131
2,15,131
2,15,131
2,15,131
2,14,132
2,14,132
2,15,131
2,15,131
2,15,131
2,15,131
2,15,131
2,15,131
2,15,132
3,15,133
3,15,133
2,15,132
2,14,132
2,14,132
2,14,132
2,14,132
2,14,132
2,14,132
2,14,132
2,14,132
2,14,132
2,14,132
2,14,132
2,14,132
2,14,132
2,14,132
2,14,132
2,14,132
2,15,131
2,15,131
2,15,131
2,14,132
