B,G,R
0,14,127
1,15,128
1,15,128
1,15,128
1,15,128
1,15,127
1,15,127
1,15,127
1,15,127
1,15,127
1,15,128
1,15,127
0,14,127
0,14,127
0,14,127
0,14,127
0,14,126
0,14,126
0,14,127
0,14,127
0,14,127
0,14,127
0,14,127
0,14,127
0,14,127
1,15,127
1,15,128
1,15,127
1,15,128
1,15,128
2,15,130
2,15,130
1,15,129
1,15,129
1,15,128
1,14,128
1,14,128
1,14,128
1,14,128
1,14,128
1,14,128
1,14,128
1,14,128
1,14,128
1,15,128
0,14,127
0,14,127
0,14,127
0,14,127
0,14,126
0,14,126
0,14,127
0,14,127
0,14,127
0,14,127
0,14,127
0,14,127
0,14,127
1,15,128
1,15,128
1,15,128
1,15,128
1,15,128
1,15,128
1,15,128
0,14,127
0,14,127
1,15,128
1,15,128
2,14,132
2,14,131
1,14,131
1,14,131
2,15,131
2,15,131
2,15,131
1,15,130
1,15,129
1,14,129
1,14,128
1,14,128
1,15,128
1,15,128
1,15,128
1,15,128
1,15,128
1,15,128
1,15,128
1,15,128
1,15,128
0,14,127
0,14,127
0,14,127
0,14,127
0,14,127
0,14,127
0,14,127
0,14,127
1,15,127
1,15,128
1,15,128
1,15,128
1,15,128
1,15,128
1,15,128
1,15,128
1,15,128
1,15,128
1,15,128
1,15,128
1,15,128
1,15,128
1,15,128
1,15,128
2,15,128
3,15,129
4,15,129
4,15,129
2,14,132
2,14,132
2,14,132
2,14,132
2,14,132
2,14,132
2,14,131
2,15,131
2,15,131
2,15,131
2,15,131
2,15,131
1,14,130
1,14,130
1,14,130
1,15,130
1,15,130
1,15,130
1,15,130
1,15,130
1,15,129
1,15,128
1,15,128
1,15,128
1,15,128
1,15,128
0,14,127
0,14,127
0,14,127
0,14,127
0,14,127
0,14,127
0,14,127
1,15,128
1,15,128
1,15,128
1,15,128
1,15,128
1,15,128
1,15,128
1,15,128
1,15,128
1,15,128
1,15,128
1,15,128
1,15,128
1,15,128
1,15,128
1,15,128
1,15,128
3,15,128
4,15,129
4,15,129
4,15,128
3,15,127
2,15,127
1,14,126
2,14,132
2,14,132
2,14,132
2,14,132
2,14,132
2,14,132
2,14,132
2,14,132
2,15,132
2,15,131
2,15,131
2,15,131
2,15,131
2,15,131
2,15,131
1,15,130
1,14,130
1,14,130
1,14,130
1,14,130
1,14,130
1,14,130
1,14,130
1,14,130
1,15,129
1,15,128
1,15,128
1,15,128
1,15,128
1,15,128
1,15,128
0,14,127
0,14,127
0,14,127
0,14,127
0,14,127
1,15,128
1,15,128
1,15,128
1,15,128
1,15,128
1,15,128
1,15,128
1,15,128
1,15,128
1,15,128
1,15,128
1,15,128
1,15,128
1,15,128
1,15,128
1,15,128
1,15,128
3,15,128
4,15,129
4,15,129
4,15,128
3,15,127
3,15,127
2,15,127
1,14,126
1,14,126
1,15,127
2,14,131
2,14,131
2,14,132
2,14,132
2,14,132
2,14,132
2,14,132
2,14,132
2,14,132
2,14,132
2,14,132
2,15,131
2,15,131
2,15,131
2,15,131
2,15,131
2,15,131
2,15,131
2,15,131
1,14,130
1,14,130
1,14,130
1,14,130
1,14,130
1,14,130
1,14,130
1,14,130
1,14,130
1,15,128
1,15,128
1,15,128
1,15,128
1,15,128
1,15,128
1,15,128
1,15,128
1,15,128
1,15,128
1,15,128
1,15,128
1,15,128
1,15,128
1,15,128
1,15,128
1,15,128
1,15,128
1,15,128
1,15,128
1,15,128
1,15,128
1,15,128
1,15,128
1,15,128
1,15,128
1,15,128
1,15,128
3,15,128
4,15,128
4,15,128
4,15,128
3,15,127
3,15,127
2,14,126
2,14,126
1,14,126
1,14,126
1,14,126
1,14,126
1,15,127
2,14,132
2,14,132
2,14,132
2,14,132
2,14,132
2,14,132
2,14,132
2,14,132
2,14,132
2,14,132
2,15,132
2,14,132
2,15,131
2,15,131
2,15,131
2,15,131
2,15,131
2,15,131
2,15,131
2,15,131
2,15,131
2,15,131
2,15,131
1,14,130
1,14,130
1,14,130
1,14,130
1,14,130
1,14,130
1,15,130
1,15,128
1,15,128
1,15,128
1,15,128
1,15,128
1,15,128
1,15,128
1,15,128
1,15,128
1,15,128
1,15,128
1,15,128
1,15,128
1,15,128
1,15,128
1,15,128
1,15,128
1,15,128
1,15,128
1,15,128
1,15,128
1,15,128
1,15,128
2,16,129
1,15,128
1,15,128
1,15,128
1,14,128
3,14,128
3,15,128
3,14,128
3,15,128
3,15,127
3,15,127
2,14,126
2,14,126
2,14,126
1,14,126
0,14,126
0,14,126
0,14,126
0,14,126
1,15,127
2,15,131
2,14,132
2,14,132
2,14,132
2,14,132
2,14,132
2,14,132
2,14,132
2,14,132
2,14,132
2,14,132
2,14,132
2,14,132
2,15,131
2,15,131
2,15,131
2,15,131
2,15,131
2,15,131
2,15,131
2,15,131
2,15,131
2,15,131
2,15,131
2,15,131
2,15,131
1,14,130
1,14,130
1,14,130
1,14,130
1,14,130
1,14,130
1,15,130
1,15,128
1,15,128
1,15,128
1,15,128
1,15,128
1,15,128
1,15,128
1,15,128
1,15,128
1,15,128
1,15,128
1,15,128
1,15,128
1,15,128
1,15,128
1,15,128
1,15,128
1,15,128
1,15,128
1,15,128
1,15,128
1,15,129
1,15,129
1,15,129
1,15,129
1,15,128
1,14,128
1,14,128
2,14,128
3,14,128
3,14,128
3,14,128
2,15,127
2,15,127
2,14,127
2,14,127
1,14,127
1,14,127
0,14,126
0,14,126
0,14,126
0,14,127
0,14,127
1,15,127
1,15,127
1,15,127
2,15,131
2,15,131
2,15,131
2,14,132
2,14,132
2,14,132
2,14,132
2,14,132
2,14,132
2,14,132
2,14,132
2,14,132
2,14,132
2,14,132
2,14,132
2,15,131
2,15,131
2,15,131
2,15,131
2,15,131
2,15,131
2,15,131
2,15,131
2,15,131
2,15,131
2,15,131
2,15,131
2,15,131
2,15,131
1,14,130
1,14,130
1,14,130
1,14,130
1,14,130
1,15,130
1,15,128
1,15,128
1,15,128
1,15,128
1,15,128
1,15,128
1,15,128
1,15,128
1,15,128
1,15,128
1,15,128
1,15,128
1,15,128
1,15,128
1,15,128
1,15,128
1,15,128
1,15,128
1,15,128
1,15,128
1,15,128
1,15,129
1,15,129
1,14,129
1,15,129
1,14,129
1,14,129
1,14,129
1,14,129
2,14,129
2,14,128
2,14,128
2,15,127
2,15,127
2,15,127
2,15,127
1,15,127
1,14,127
0,14,127
0,14,127
0,14,127
0,14,127
1,15,127
1,15,127
1,15,127
1,15,127
1,15,127
0,15,127
2,14,132
2,14,132
2,14,131
2,15,131
2,14,132
2,14,132
2,14,132
2,14,132
2,14,132
2,14,132
2,14,132
2,14,132
2,14,132
2,14,132
2,14,132
2,14,132
2,14,132
2,15,131
2,15,131
2,15,131
2,15,131
2,15,131
2,14,131
2,15,131
2,15,131
2,15,131
2,15,131
2,15,131
2,15,131
2,15,131
2,14,131
2,14,131
1,14,130
1,14,130
2,14,131
2,14,131
2,15,131
1,15,130
1,15,128
1,15,128
1,15,128
1,15,128
1,15,128
1,15,128
1,15,128
1,15,128
1,15,128
1,15,128
1,15,128
1,15,128
1,15,128
1,15,128
1,15,128
1,15,128
1,15,128
1,15,128
1,15,128
1,15,129
1,14,129
1,14,129
1,14,129
1,14,129
1,14,130
1,14,130
1,14,130
1,14,130
2,14,130
2,14,129
2,14,128
2,15,127
2,15,127
1,15,127
1,15,127
1,15,127
1,14,127
1,14,127
1,14,127
1,15,127
1,15,127
1,15,127
1,15,127
1,15,127
1,15,127
1,15,127
1,15,127
1,15,127
0,15,127
2,14,132
2,14,132
2,14,132
2,14,132
2,14,132
2,14,132
2,14,132
2,14,132
2,14,132
2,14,132
2,14,132
2,14,132
2,14,132
2,14,132
2,14,132
2,14,132
2,14,132
2,14,132
2,14,132
2,14,132
2,14,131
2,15,131
2,15,131
2,14,131
2,14,131
2,15,131
2,15,131
2,15,131
2,15,131
2,15,131
2,15,131
2,15,131
2,14,131
2,14,131
2,14,131
2,14,131
2,14,131
2,14,131
2,15,131
2,15,131
2,15,131
1,15,128
1,15,128
1,15,128
1,15,128
1,15,128
2,15,129
2,15,129
2,15,129
2,15,129
1,15,129
1,15,128
1,14,128
1,14,128
1,14,128
1,15,128
1,15,128
2,15,128
2,15,129
1,15,129
1,15,129
1,14,130
1,14,130
1,14,130
1,14,130
1,14,130
1,14,130
1,14,130
1,14,130
2,14,130
2,15,128
2,15,128
1,15,128
1,15,128
1,15,128
1,15,128
1,15,127
1,14,127
1,15,128
1,15,128
2,16,129
2,16,129
2,16,129
2,15,129
1,15,128
1,15,128
1,15,128
1,15,128
1,15,127
0,15,127
0,15,127
2,14,132
2,14,132
2,14,132
2,14,132
2,14,132
2,14,132
2,14,132
2,14,132
2,14,132
2,14,132
2,14,132
2,14,132
2,14,132
2,14,132
2,14,132
2,14,132
2,14,132
2,14,132
2,14,132
2,14,132
2,14,132
2,14,132
2,14,132
2,14,132
2,14,132
2,14,132
2,14,132
2,14,132
2,14,132
2,14,132
2,14,132
2,14,132
2,14,132
2,14,132
2,14,132
2,14,132
2,14,132
2,14,132
2,14,132
2,14,132
2,15,131
2,15,131
2,15,131
2,15,131
2,15,131
2,15,131
2,15,131
2,15,131
2,15,131
2,15,131
2,15,131
2,15,130
2,15,130
1,15,130
1,15,130
1,15,129
1,14,129
1,15,129
1,15,129
2,15,129
2,15,129
2,15,130
2,15,130
1,14,130
1,14,130
1,14,130
1,14,130
1,14,130
1,14,130
1,14,130
1,14,130
1,15,130
1,15,130
2,15,129
1,15,128
1,15,128
1,15,128
1,15,128
1,15,128
1,15,128
2,16,129
2,16,129
2,16,129
2,16,129
2,16,129
2,15,129
2,15,129
1,15,129
1,15,128
1,15,128
1,15,128
1,15,128
0,14,127
0,14,127
0,14,127
2,14,132
2,14,132
2,14,132
2,14,132
2,14,132
2,14,132
2,14,132
2,14,132
2,14,132
2,14,132
2,14,132
2,14,132
2,14,132
2,14,133
2,14,132
2,14,132
2,14,132
2,14,132
2,14,132
2,14,132
2,14,132
2,14,132
2,14,132
2,14,132
2,14,132
2,14,132
2,14,132
2,14,132
2,14,132
2,14,132
2,14,132
2,14,132
2,14,132
2,14,132
2,14,132
2,14,132
2,14,132
2,14,132
2,14,132
2,14,132
2,14,132
2,14,132
2,14,132
2,15,131
2,15,131
2,15,131
2,15,131
2,15,131
2,15,131
2,15,131
2,15,131
2,15,131
2,15,131
2,15,131
2,15,130
1,14,130
1,14,130
1,14,130
1,14,130
1,15,129
1,15,129
2,15,130
2,15,130
2,15,130
2,15,131
2,15,131
1,14,130
1,14,130
1,14,130
1,14,130
1,14,130
1,14,130
2,15,131
2,15,131
2,15,130
2,15,129
1,15,128
1,15,128
1,15,128
1,15,128
1,15,128
2,16,129
2,16,129
2,16,129
2,16,129
2,16,129
2,16,129
2,15,129
2,15,130
2,15,129
2,15,129
1,15,128
1,15,128
1,15,128
0,14,127
0,14,127
0,14,127
0,14,127
0,14,126
2,14,132
3,14,133
3,14,134
3,14,135
3,14,135
3,14,135
3,14,134
3,14,134
3,14,133
2,14,133
2,14,132
2,14,132
2,14,133
2,14,133
2,13,133
2,14,134
2,14,134
2,14,134
2,14,132
2,14,132
2,14,132
2,14,132
2,14,132
2,14,132
2,14,132
2,14,132
2,14,132
2,14,132
2,14,132
2,14,132
2,14,132
2,14,132
2,14,132
2,14,132
2,14,132
2,14,132
2,14,132
2,14,132
2,14,132
2,14,132
2,14,132
2,14,132
2,14,132
2,14,132
2,14,132
2,15,132
2,15,131
2,15,131
2,15,131
2,15,131
2,15,131
2,15,131
2,15,131
2,15,131
2,15,131
2,15,131
1,14,131
1,14,131
1,14,131
1,14,130
1,14,130
1,15,130
2,15,130
2,15,130
2,15,131
2,15,131
2,15,131
2,15,131
2,15,131
2,15,131
2,15,131
1,14,130
1,14,130
2,15,131
2,15,131
2,15,131
2,15,131
2,15,129
2,15,129
1,15,129
2,15,129
2,15,129
2,15,129
2,16,129
2,16,129
2,16,129
2,16,129
2,16,129
2,15,129
2,15,130
2,15,131
2,15,130
2,15,130
2,15,129
1,15,128
1,15,128
1,14,128
0,14,127
0,14,127
0,14,127
0,14,127
1,14,126
1,15,126
2,14,132
3,14,133
3,14,135
3,14,135
3,14,135
3,14,135
3,14,135
3,14,135
3,14,135
3,14,135
3,14,133
3,14,133
2,14,133
2,14,133
2,14,133
2,13,134
2,13,134
2,13,134
2,14,134
2,14,134
2,14,134
2,14,132
2,14,132
2,14,132
2,14,132
2,14,132
2,14,132
2,14,132
2,14,132
2,14,132
2,14,132
2,14,132
2,14,132
2,14,132
2,14,132
2,14,132
2,14,132
2,14,132
2,14,132
2,14,132
2,14,132
2,14,132
2,14,132
2,14,132
2,14,132
2,14,132
2,14,132
2,15,132
2,15,132
2,15,131
2,15,131
2,15,131
2,15,131
2,15,131
2,15,131
2,14,131
2,14,131
2,14,131
1,14,131
2,14,131
2,14,131
2,14,131
1,14,130
2,15,130
2,15,131
2,15,131
2,15,131
2,15,131
2,15,131
2,15,131
2,15,131
2,15,131
2,15,131
2,15,131
2,15,131
2,15,131
2,15,131
2,15,131
2,15,131
2,15,129
2,15,129
2,15,129
2,15,129
2,15,129
2,16,129
2,16,129
2,16,129
2,15,129
2,15,129
2,15,130
2,15,130
2,15,131
2,15,131
2,15,130
2,15,129
2,15,128
1,15,128
1,15,128
1,14,128
1,14,128
0,14,127
1,14,127
1,15,127
1,15,127
2,15,126
2,14,132
2,14,133
3,14,134
3,14,135
3,14,135
3,14,135
3,14,135
3,14,135
3,14,135
3,14,135
3,14,135
3,14,135
3,14,135
3,14,134
3,14,134
3,14,134
2,14,134
2,13,134
2,13,134
2,13,134
2,14,134
2,14,134
2,14,134
2,14,134
2,14,134
2,14,134
2,14,134
2,13,134
2,14,134
2,14,134
2,14,134
2,14,134
2,14,134
2,14,134
2,14,134
2,14,134
2,14,134
2,14,134
2,14,134
2,13,134
2,13,134
2,14,134
2,14,134
2,14,134
2,14,134
2,14,134
3,14,133
3,14,133
3,14,132
2,14,132
2,14,132
2,14,132
2,14,132
2,14,132
2,14,132
2,14,132
2,14,132
2,14,132
2,14,131
2,14,131
2,14,131
2,14,132
2,14,131
2,14,131
2,14,131
2,15,131
2,15,131
2,15,131
2,15,131
2,15,131
2,15,131
2,15,131
2,15,131
2,15,131
2,15,131
2,15,131
2,15,131
2,15,131
2,15,131
2,15,131
2,15,131
2,15,131
2,15,130
2,15,130
2,15,130
2,15,130
2,15,130
2,15,130
2,15,130
2,15,130
2,15,130
1,14,130
1,14,130
1,14,130
2,15,130
2,15,130
2,15,129
2,15,129
2,15,129
1,15,129
1,15,129
1,14,129
1,14,129
1,15,128
1,15,128
1,15,127
1,15,127
2,15,126
2,15,125
2,14,134
2,14,134
2,14,134
3,14,135
3,14,135
3,14,135
3,14,135
3,14,135
3,14,135
3,14,135
3,14,135
3,14,135
3,14,135
3,14,135
3,14,135
3,14,135
3,14,134
2,14,134
2,14,134
3,14,135
3,14,135
3,14,135
3,14,135
3,14,135
3,14,135
2,14,134
2,14,134
2,14,134
2,13,134
2,14,134
2,14,134
2,14,134
2,14,134
3,14,135
3,14,135
3,14,135
3,14,135
3,14,135
2,14,134
2,13,134
2,13,134
2,13,134
2,13,134
2,13,134
2,14,134
3,14,135
3,14,135
3,14,135
3,14,135
3,14,135
3,14,133
3,14,133
2,14,132
2,14,132
2,14,132
2,14,132
2,14,132
2,14,132
2,14,132
2,14,132
2,14,132
2,14,132
2,14,132
2,14,132
2,14,132
2,14,131
2,15,131
2,15,131
2,15,131
2,15,131
2,15,131
2,15,131
2,15,131
2,15,131
2,15,131
2,15,131
2,15,131
2,15,131
2,15,131
2,15,131
2,15,131
2,15,131
2,15,131
2,15,131
2,15,131
2,15,131
2,15,131
2,15,131
2,15,131
2,15,131
2,15,130
1,14,130
1,14,130
1,14,130
1,14,130
1,14,130
2,15,130
2,15,129
2,15,129
2,15,129
2,15,129
1,15,130
1,15,130
1,15,130
1,15,130
1,15,129
1,15,128
1,15,127
1,15,127
1,15,126
2,15,126
2,14,134
2,13,134
2,14,134
2,14,134
3,14,135
3,14,135
3,14,135
3,14,135
3,14,135
3,14,135
3,14,135
3,14,135
3,14,135
3,14,135
3,14,135
3,14,135
3,14,135
3,14,135
3,14,135
3,14,135
3,14,135
3,14,135
3,14,135
3,14,135
3,14,135
3,14,135
3,14,135
3,14,135
3,14,135
3,14,135
2,13,134
3,14,135
3,14,135
3,14,135
3,14,135
3,14,135
3,14,135
3,14,135
3,14,135
3,14,135
3,14,135
2,13,134
2,13,134
2,13,134
2,13,134
2,13,134
3,14,135
3,14,135
3,14,135
3,14,135
3,14,135
3,14,135
3,14,135
3,14,135
3,14,135
3,14,135
3,14,135
3,14,135
2,14,134
2,14,134
2,14,134
2,14,134
2,14,134
2,14,134
2,14,134
2,14,132
2,14,132
2,14,132
2,14,131
2,15,131
2,15,131
2,15,131
2,15,131
2,14,131
2,14,131
2,14,131
2,15,131
2,15,131
2,15,131
2,15,131
2,15,131
2,15,131
2,15,131
2,15,131
2,15,131
2,15,131
2,15,131
2,15,131
2,15,131
2,15,131
2,15,131
2,15,131
2,15,131
2,14,131
1,14,130
1,14,130
1,14,130
1,14,130
2,15,130
2,15,130
2,15,130
2,15,129
2,15,131
2,15,131
2,15,131
2,15,131
2,15,130
1,15,129
1,15,129
1,14,127
1,14,127
1,15,127
1,15,127
2,15,126
2,15,125
3,14,135
3,14,134
2,14,134
2,14,134
3,14,135
3,14,135
3,14,135
3,14,135
3,14,135
3,14,135
3,14,135
3,14,135
3,14,135
3,14,135
3,14,135
3,14,135
3,14,135
3,14,135
3,14,135
3,14,135
3,14,135
3,14,135
3,14,135
3,14,135
3,14,135
3,14,135
3,14,135
3,14,135
3,14,135
3,14,135
3,14,135
3,14,135
3,14,135
3,14,135
3,14,135
3,14,135
3,14,135
3,14,135
3,14,135
3,14,135
3,14,135
3,14,135
3,14,135
2,13,134
2,13,134
2,13,134
2,13,134
3,14,135
3,14,135
3,14,135
3,14,135
3,14,135
3,14,135
3,14,135
3,14,135
3,14,135
3,14,135
3,14,135
3,14,135
3,14,135
3,14,135
3,14,135
2,14,134
2,14,134
2,14,134
2,14,134
2,14,134
2,14,132
2,14,132
2,14,132
2,14,131
2,14,131
2,14,131
2,14,131
2,14,131
2,14,131
2,14,131
2,14,131
2,14,131
2,14,131
2,14,131
2,15,131
2,15,131
2,15,131
2,15,131
2,15,131
2,15,131
2,15,131
2,15,131
2,15,131
2,14,131
2,15,131
2,15,131
2,15,131
2,15,131
2,14,131
1,14,130
1,14,130
2,15,130
2,15,130
2,15,131
2,15,131
2,15,131
2,15,131
2,15,131
2,15,131
2,15,131
2,15,131
1,15,130
1,14,130
1,14,129
0,14,128
0,14,127
1,14,127
1,15,127
2,15,127
2,15,126
3,14,135
3,14,135
3,14,135
3,14,135
3,14,135
3,14,135
3,14,135
3,14,135
3,14,135
3,14,135
3,14,135
3,14,135
3,14,135
3,14,135
3,14,135
3,14,135
3,14,135
3,14,135
3,14,135
3,14,135
3,14,135
3,14,135
3,14,135
3,14,135
3,14,135
3,14,135
3,14,135
3,14,135
3,14,135
3,14,135
3,14,135
3,14,135
3,14,135
3,14,135
3,14,135
3,14,135
3,14,135
3,14,135
3,14,135
3,14,135
3,14,135
3,14,135
3,14,135
3,14,135
3,14,135
2,13,134
2,13,134
2,13,134
2,13,134
3,14,135
3,14,135
3,14,135
3,14,135
3,14,135
3,14,135
3,14,135
3,14,135
3,14,135
3,14,135
3,14,135
3,14,135
3,14,135
3,14,135
3,14,135
3,14,135
3,14,135
3,14,135
3,14,135
3,14,135
2,14,134
2,14,132
2,14,132
2,14,132
2,14,132
2,14,132
2,14,132
2,14,132
2,14,132
2,14,132
2,14,132
2,14,131
2,14,131
2,14,131
2,14,132
2,14,132
2,14,132
2,14,132
2,14,132
2,14,132
2,14,132
2,14,132
2,14,132
2,14,132
2,14,132
2,14,132
2,14,131
2,14,131
2,14,131
2,14,131
2,14,131
2,15,131
2,15,131
2,15,131
2,15,131
2,15,131
2,15,131
2,15,131
2,15,131
2,15,131
2,15,131
2,15,131
1,14,130
1,14,129
1,14,128
1,14,128
1,14,127
1,14,127
1,14,127
2,14,127
2,14,126
2,14,125
3,14,135
3,14,135
3,14,135
3,14,135
3,14,135
3,14,135
3,14,135
3,14,135
3,14,135
3,14,135
3,14,135
3,14,135
3,14,135
3,14,135
3,14,135
3,14,135
3,14,135
3,14,135
3,14,135
3,14,135
3,14,135
2,14,134
2,14,134
2,14,134
3,14,135
3,14,135
3,14,135
3,14,135
3,14,135
3,14,135
3,14,135
3,14,135
3,14,135
3,14,135
3,14,135
3,14,135
3,14,135
3,14,135
3,14,135
3,14,135
3,14,135
3,14,135
3,14,135
3,14,135
3,14,135
3,14,135
2,13,134
2,13,134
2,13,134
2,13,134
3,14,135
3,14,135
3,14,135
3,14,135
3,14,135
3,14,135
3,14,135
3,14,135
3,14,135
3,14,135
3,14,135
3,14,135
3,14,135
3,14,135
3,14,135
3,14,135
3,14,135
3,14,135
3,14,135
3,14,135
3,14,135
3,14,135
2,14,134
2,14,132
2,14,132
2,14,132
2,14,132
2,14,132
2,14,132
2,14,132
2,14,132
2,14,132
2,14,132
2,14,132
2,14,132
2,14,132
2,14,132
2,14,132
2,14,132
2,14,132
2,14,132
2,14,132
2,14,132
2,14,132
2,14,132
2,14,132
2,14,132
2,14,132
2,14,131
2,14,131
2,14,131
2,15,131
2,15,131
2,15,131
2,15,131
2,15,131
2,15,131
2,15,131
2,15,131
2,15,131
2,15,131
2,15,131
2,15,131
1,14,130
1,15,129
1,15,128
1,15,128
1,15,128
1,15,128
2,14,127
2,15,127
2,15,127
2,15,125
3,14,135
3,14,135
3,14,135
3,14,135
3,14,135
3,14,135
3,14,135
3,14,135
3,14,135
3,14,135
3,14,135
3,14,135
3,14,135
3,14,135
3,14,135
3,14,135
3,14,135
3,14,135
3,14,135
3,14,135
3,14,135
2,14,134
2,14,134
2,14,133
2,14,132
2,14,132
2,14,132
2,14,132
2,14,132
2,14,134
2,14,134
2,14,134
2,13,134
2,14,134
3,14,135
3,14,135
3,14,135
3,14,135
3,14,135
3,14,135
3,14,135
3,14,135
3,14,135
3,14,135
3,14,135
3,14,135
3,14,135
2,13,134
2,13,134
2,13,134
2,13,134
3,14,135
3,14,135
3,14,135
3,14,135
3,14,135
3,14,135
3,14,135
3,14,135
3,14,135
3,14,135
3,14,135
3,14,135
3,14,135
3,14,135
3,14,135
3,14,135
3,14,135
3,14,135
3,14,135
3,14,135
3,14,135
3,14,135
3,14,135
2,14,134
2,14,134
2,14,134
2,14,133
2,14,133
2,14,132
2,14,132
2,14,132
2,14,132
2,14,132
2,14,132
2,14,132
2,14,132
2,14,132
2,14,132
2,14,132
2,14,132
2,14,132
2,14,132
2,14,132
2,14,132
2,14,132
2,14,132
2,14,132
2,14,132
2,14,132
2,14,132
2,14,131
2,15,131
2,15,131
2,15,131
2,15,131
2,15,131
2,15,131
2,15,131
2,15,131
2,15,131
2,15,131
2,15,131
2,15,131
2,15,130
2,15,129
1,15,129
1,15,128
1,15,128
1,15,128
1,15,128
2,15,128
2,15,127
2,15,127
2,15,125
4,15,136
3,14,135
3,14,135
3,14,135
3,14,135
3,14,135
3,14,135
3,14,135
3,14,135
3,14,135
3,15,135
3,14,135
3,14,135
3,14,135
3,14,135
3,14,135
3,14,135
3,14,135
3,14,135
3,14,135
3,14,135
3,14,135
3,14,134
2,14,133
2,14,133
2,14,132
2,14,132
2,14,132
2,14,132
2,14,132
2,14,132
2,14,134
2,13,134
2,13,134
2,13,134
3,14,135
3,14,135
3,14,135
3,14,135
3,14,135
3,14,135
3,14,135
3,14,135
3,14,135
3,14,135
3,14,135
3,14,135
3,14,135
2,13,134
2,13,134
2,13,134
2,13,134
3,14,135
3,14,135
3,14,135
3,14,135
3,14,135
3,14,135
3,14,135
3,14,135
3,14,135
3,14,135
3,14,135
3,14,135
3,14,135
3,14,135
3,14,135
3,14,135
3,14,135
3,14,135
3,14,135
3,14,135
3,14,135
3,14,135
3,14,135
3,14,135
3,14,135
3,14,135
2,14,134
2,14,134
2,14,134
2,14,133
2,14,132
2,14,132
2,14,132
2,14,132
2,14,132
2,14,132
2,14,132
2,14,132
2,14,132
2,14,132
2,14,132
2,14,132
2,14,132
2,14,132
2,14,132
2,14,132
2,14,132
2,14,132
2,14,132
2,14,132
2,14,132
2,15,131
2,15,131
2,15,131
2,15,131
2,15,131
2,15,131
2,15,131
2,15,131
2,15,131
2,15,131
2,15,131
2,15,131
2,15,130
2,15,129
2,15,129
2,15,129
1,15,129
1,15,129
1,15,129
1,15,129
2,15,129
2,15,128
2,15,127
2,15,125
4,15,136
4,15,136
3,14,135
3,14,135
3,14,135
3,14,135
3,14,135
3,14,135
3,14,135
3,14,135
3,15,135
3,15,134
3,15,135
3,14,135
3,14,135
3,14,135
3,14,135
3,14,135
3,14,135
3,14,135
3,14,135
3,14,135
3,14,135
3,14,134
3,14,133
2,14,133
2,14,132
2,14,132
2,14,132
2,14,132
2,14,132
2,14,132
2,14,134
2,14,134
2,13,134
2,13,134
3,14,135
3,14,135
3,14,135
3,14,135
3,14,135
3,14,135
3,14,135
3,14,135
3,14,135
3,14,135
3,14,135
3,14,135
3,14,135
2,13,134
2,13,134
2,13,134
3,14,135
3,14,135
3,14,135
3,14,135
3,14,135
3,14,135
3,14,135
3,14,135
3,14,135
3,14,135
3,14,135
3,14,135
3,14,135
3,14,135
3,14,135
3,14,135
3,14,135
3,14,135
3,14,135
3,14,135
3,14,135
3,14,135
3,14,135
3,14,135
3,14,135
3,14,135
3,14,135
3,14,135
3,14,135
2,14,134
2,14,134
2,14,134
2,14,134
2,14,133
2,14,132
2,14,132
2,14,132
2,14,132
2,14,133
2,14,133
3,14,133
3,14,133
3,14,133
3,14,133
2,14,132
2,14,132
2,14,132
2,14,132
2,14,132
2,14,132
2,14,132
2,14,132
2,14,132
2,15,131
2,15,131
2,15,131
2,15,131
2,15,131
2,15,131
2,15,131
2,15,131
2,15,131
2,15,131
2,15,131
2,15,131
2,15,130
2,15,129
2,16,129
2,16,129
1,15,130
1,15,130
1,15,130
1,15,129
1,15,129
2,15,128
2,15,127
2,15,125
3,14,135
3,14,135
3,14,135
3,14,135
3,14,135
3,14,135
3,14,135
3,14,135
3,14,135
3,14,135
3,14,135
3,14,135
3,14,135
3,14,135
3,14,135
3,14,135
3,14,135
3,14,135
3,14,135
3,14,135
3,14,135
3,14,135
3,14,135
3,14,135
3,14,135
3,14,135
3,14,133
3,14,133
3,14,133
3,14,133
3,14,133
2,14,132
2,14,132
2,14,132
2,14,134
2,14,134
2,14,134
3,14,135
3,14,135
3,14,135
3,14,135
3,14,135
3,14,135
3,14,135
3,14,135
3,14,135
3,14,135
3,14,135
3,14,135
3,14,135
3,14,135
2,13,134
2,13,134
3,14,135
3,14,135
3,14,135
3,14,135
3,14,135
3,14,135
3,14,135
3,14,135
3,14,135
3,14,135
3,14,135
3,14,135
3,14,135
3,14,135
3,14,135
3,14,135
3,14,135
3,14,135
3,14,135
3,14,135
3,14,135
3,14,135
3,14,135
3,14,135
3,14,135
3,14,135
3,14,135
3,14,135
3,14,135
3,14,135
3,14,135
3,14,135
3,14,135
2,14,134
3,14,134
3,14,134
3,14,133
3,14,133
3,14,134
3,14,134
3,14,134
3,14,134
3,14,133
3,14,133
3,14,133
3,14,133
2,14,132
2,14,132
2,14,132
2,14,132
2,14,132
2,14,132
2,14,132
2,14,132
2,15,132
2,15,131
2,15,131
2,15,131
2,15,131
2,15,131
2,15,131
2,15,131
2,15,131
2,15,131
2,15,131
2,15,131
2,15,130
2,15,130
2,16,130
2,16,130
2,16,130
2,15,130
1,15,130
1,15,129
1,15,129
2,15,128
2,15,128
2,15,127
2,15,125
2,15,122
3,14,135
3,14,135
3,14,135
3,14,135
3,14,135
3,14,135
3,14,135
3,14,135
3,14,135
3,14,135
3,14,135
3,14,135
3,14,135
3,14,135
3,14,135
3,14,135
3,14,135
3,14,135
3,14,135
3,14,135
3,14,135
3,14,135
3,14,135
3,14,135
3,14,135
3,14,135
3,14,135
3,14,135
3,14,135
3,14,135
3,14,135
3,14,135
3,14,135
3,14,135
3,14,135
3,14,135
3,14,135
3,14,135
3,14,135
3,14,135
3,14,135
3,14,135
3,14,135
3,14,135
3,14,135
3,14,135
3,14,135
3,14,135
3,14,135
3,14,135
3,14,135
3,14,135
2,13,134
3,14,135
3,14,135
3,14,135
3,14,135
3,14,135
3,14,135
3,14,135
3,14,135
3,14,135
3,14,135
3,14,135
3,14,135
3,14,135
3,14,135
3,14,135
3,14,135
3,14,135
3,14,135
3,14,135
3,14,135
3,14,135
3,14,135
3,14,135
3,14,135
3,14,135
3,14,135
3,14,135
3,14,135
3,14,135
3,14,135
3,14,135
3,14,135
3,14,135
3,14,135
3,14,135
3,14,135
3,14,135
3,14,135
3,14,135
3,14,135
3,14,135
3,14,135
3,14,135
3,14,135
3,14,135
3,14,135
3,14,133
3,14,133
2,14,132
2,14,132
2,14,132
2,14,132
2,14,132
2,14,132
2,14,132
2,14,132
2,14,132
2,15,131
2,15,131
2,15,131
2,15,131
2,15,131
2,15,131
2,15,131
2,15,131
2,15,131
2,15,131
2,15,130
2,15,130
2,15,130
2,16,130
2,16,130
2,16,130
1,16,130
1,16,129
1,15,129
1,15,129
1,15,128
1,15,127
1,15,125
2,15,124
2,15,122
3,14,135
3,14,135
3,14,135
3,14,135
3,14,135
3,14,135
3,14,135
3,14,135
3,14,135
3,14,135
3,14,135
3,14,135
3,14,135
3,14,135
3,14,135
3,14,135
3,14,135
3,14,135
3,14,135
3,14,135
3,14,135
3,14,135
3,14,135
3,14,135
3,14,135
3,14,135
3,14,135
3,14,135
3,14,135
3,14,135
3,14,135
3,14,135
3,14,135
3,14,135
3,14,135
3,14,135
3,14,135
3,14,135
3,14,135
3,14,135
3,14,135
3,14,135
3,14,135
3,14,135
3,14,135
3,14,135
3,14,135
3,14,135
3,14,135
3,14,135
3,14,135
3,14,135
3,14,135
3,14,135
3,14,135
3,14,135
3,14,135
3,14,135
3,14,135
3,14,135
3,14,135
3,14,135
3,14,135
3,14,135
3,14,135
3,14,135
3,14,135
3,14,135
3,14,135
3,14,135
2,13,134
2,13,134
2,13,134
3,14,135
3,14,135
3,14,135
3,14,135
3,14,135
3,14,135
3,14,135
3,14,135
3,14,135
3,14,135
3,14,135
3,14,135
3,14,135
3,14,135
3,14,135
3,14,135
3,14,135
3,14,135
3,14,135
3,14,135
3,14,135
3,14,135
3,14,135
3,14,135
3,14,135
3,14,135
3,14,135
3,14,135
3,14,133
3,14,133
2,14,133
2,14,132
2,14,132
2,14,132
2,14,132
2,14,132
2,14,132
2,14,132
2,14,132
2,15,131
2,15,131
2,15,131
2,15,131
2,15,131
2,15,131
2,15,131
2,15,131
2,15,131
2,15,131
2,15,131
2,15,131
2,15,131
2,15,130
2,16,130
2,16,129
2,16,129
2,16,129
2,16,129
1,15,128
1,15,128
1,15,126
2,15,125
2,15,123
3,15,122
3,14,135
3,14,135
3,14,135
3,14,135
3,14,135
3,14,135
3,14,135
3,14,135
3,14,135
3,14,135
3,14,135
3,14,135
3,14,135
3,14,135
3,14,135
3,14,135
3,14,135
3,14,135
3,14,135
3,14,135
3,14,135
3,14,135
3,14,135
3,14,135
3,14,135
3,14,135
3,14,135
3,14,135
3,14,135
3,14,135
3,14,135
3,14,135
3,14,135
3,14,135
3,14,135
3,14,135
3,14,135
3,14,135
3,14,135
3,14,135
3,14,135
3,14,135
3,14,135
3,14,135
3,14,135
3,14,135
3,14,135
3,14,135
3,14,135
3,14,135
3,14,135
3,14,135
3,14,135
3,14,135
3,14,135
3,14,135
3,14,135
3,14,135
3,14,135
3,14,135
3,14,135
3,14,135
3,14,135
3,14,135
3,14,135
3,14,135
3,14,135
3,14,135
3,14,135
3,14,135
2,13,134
2,13,134
2,13,134
2,13,134
2,13,134
3,14,135
3,14,135
3,14,135
3,14,135
3,14,135
3,14,135
3,14,135
3,14,135
3,14,135
3,14,135
3,14,135
3,14,135
3,14,135
3,14,135
3,14,135
3,14,135
3,14,135
3,14,135
3,14,135
3,14,135
3,14,135
3,14,135
3,14,135
3,14,135
3,14,135
3,14,135
3,14,135
3,14,135
3,14,133
3,14,133
3,15,133
2,14,132
2,14,132
2,14,132
2,14,132
2,14,132
2,14,132
2,14,132
2,14,132
2,14,132
2,15,132
2,15,132
2,15,132
2,15,131
2,15,131
2,15,131
2,15,131
2,15,131
2,15,131
2,15,131
2,15,131
2,15,130
2,16,130
2,16,129
2,16,129
2,16,129
2,16,129
1,15,128
1,15,128
1,15,126
1,15,126
2,15,124
2,16,123
3,16,120
3,14,135
3,14,135
3,14,135
3,14,135
3,14,135
3,14,135
3,14,135
3,14,135
3,14,135
3,14,135
3,14,135
3,14,135
3,14,135
3,14,135
3,14,135
3,14,135
3,14,135
3,14,135
4,15,136
3,14,135
3,14,135
3,14,135
3,14,135
3,14,135
3,14,135
3,14,135
3,14,135
3,14,135
3,14,135
3,14,135
3,14,135
3,14,135
3,14,135
3,14,135
3,14,135
3,14,135
3,14,135
3,14,135
3,14,135
3,14,135
3,14,135
3,14,135
3,14,135
3,14,135
3,14,135
3,14,135
3,14,135
3,14,135
3,14,135
3,14,135
3,14,135
3,14,135
3,14,135
3,14,135
3,14,135
3,14,135
3,14,135
3,14,135
3,14,135
3,14,135
3,14,135
3,14,135
3,14,135
3,14,135
3,14,135
3,14,135
3,14,135
3,14,135
3,14,135
3,14,135
3,14,135
2,13,134
2,13,134
2,13,134
2,13,134
3,14,135
3,14,135
3,14,135
3,14,135
3,14,135
3,14,135
3,14,135
3,14,135
3,14,135
3,14,135
3,14,135
3,14,135
3,14,135
3,14,135
3,14,135
3,14,135
3,14,135
2,14,134
3,14,133
3,14,134
3,14,135
3,14,135
3,14,135
3,14,135
3,14,135
3,14,135
3,14,135
3,14,135
3,14,135
3,14,133
3,15,133
3,15,133
3,15,133
3,15,133
3,15,133
2,14,132
2,14,132
2,14,132
2,14,132
2,14,132
2,14,132
2,14,132
2,15,132
2,15,132
2,15,132
2,15,131
2,15,131
2,15,131
2,15,131
2,15,131
2,15,131
2,15,131
2,15,130
2,16,130
2,16,129
2,16,129
2,16,129
2,15,129
2,15,129
1,15,128
1,15,127
1,15,126
1,15,126
2,16,124
3,16,123
3,16,120
3,14,135
3,14,135
3,14,135
3,14,135
3,14,135
3,14,135
3,14,135
3,14,135
3,14,135
3,14,135
3,14,135
3,14,135
3,14,135
3,14,135
3,14,135
3,14,135
3,14,135
3,14,135
3,14,135
4,15,136
4,15,136
3,14,135
3,14,135
3,14,135
3,14,135
3,14,135
3,14,135
3,14,135
3,14,135
3,14,135
3,14,135
3,14,135
3,14,135
3,14,135
3,14,135
3,14,135
3,14,135
3,14,135
3,14,135
3,14,135
3,14,135
3,14,135
3,14,135
3,14,135
3,14,135
3,14,135
3,14,135
3,14,135
3,14,135
3,14,135
3,14,135
3,14,135
3,14,135
3,14,135
3,14,135
3,14,135
3,14,135
3,14,135
3,14,135
3,14,135
3,14,135
3,14,135
3,14,135
3,14,135
3,14,135
3,14,135
3,14,135
3,14,135
3,14,135
3,14,135
3,14,135
3,14,135
3,14,135
2,13,134
2,13,134
2,13,134
3,14,135
3,14,135
3,14,135
3,14,135
3,14,135
3,14,135
3,14,135
3,14,135
3,14,135
3,14,135
3,14,135
3,14,135
3,14,135
3,14,135
3,14,135
2,14,134
2,14,134
2,14,132
2,14,133
3,14,133
3,14,133
3,14,135
3,14,135
3,14,135
3,14,135
3,14,135
3,14,135
3,14,135
3,14,135
3,14,133
3,15,133
3,15,133
3,15,133
3,15,133
3,15,133
3,14,133
2,14,133
2,14,133
2,14,133
2,14,133
2,14,132
2,14,132
2,14,132
2,14,132
2,15,132
2,15,131
2,15,131
2,15,131
2,15,131
2,15,131
2,15,131
2,15,131
2,15,130
2,16,130
2,16,129
2,16,129
2,16,129
2,15,130
1,15,129
1,15,128
1,15,128
1,15,126
1,15,126
2,15,125
3,16,124
3,15,123
3,15,120
3,14,135
3,14,135
3,14,135
3,14,135
3,14,135
3,14,135
3,14,135
3,14,135
3,14,135
3,14,135
3,14,135
3,14,135
3,14,135
3,14,135
3,14,135
3,14,135
3,14,135
3,14,135
3,14,135
4,15,136
4,15,136
4,15,136
3,14,135
3,14,135
3,14,135
3,14,135
3,14,135
3,14,135
3,14,135
3,14,135
3,14,135
3,14,135
3,14,135
3,14,135
3,14,135
3,14,135
3,14,135
3,14,135
3,14,135
3,14,135
3,14,135
3,14,135
3,14,135
3,14,135
3,14,135
3,14,135
3,14,135
3,14,135
3,14,135
3,14,135
3,14,135
3,14,135
3,14,135
3,14,135
3,14,135
3,14,135
3,14,135
3,14,135
3,14,135
3,14,135
3,14,135
3,14,135
3,14,135
3,14,135
3,14,135
3,14,135
3,14,135
3,14,135
3,14,135
3,14,135
3,14,135
3,14,135
3,14,135
3,14,135
3,14,135
3,14,135
3,14,135
3,14,135
3,14,135
3,14,135
3,14,135
3,14,135
3,14,135
3,14,135
3,14,135
3,14,135
3,14,135
3,14,135
3,14,135
3,14,135
3,14,135
3,14,135
2,13,134
2,13,132
2,13,132
2,14,132
3,14,133
3,14,133
3,14,135
3,14,135
3,14,135
3,14,135
3,14,135
3,14,135
3,14,135
3,14,135
3,14,134
3,14,133
3,15,133
3,15,133
3,15,133
3,15,133
3,15,133
3,14,133
2,14,133
2,14,133
2,14,134
2,14,133
2,14,132
2,14,132
2,14,132
2,14,132
2,15,132
2,15,131
2,15,131
2,15,131
2,15,131
2,15,131
2,15,131
2,15,129
2,15,129
2,16,129
2,16,129
2,15,130
2,15,130
1,15,130
1,15,129
1,15,128
1,15,127
1,15,126
0,15,126
2,15,125
2,15,124
2,15,123
2,15,120
3,14,135
3,14,135
3,14,135
3,14,135
3,14,135
3,14,135
3,14,135
3,14,135
3,14,135
3,14,135
3,14,135
3,14,135
3,14,135
3,14,135
3,14,135
3,14,135
3,14,135
3,14,135
3,14,135
3,14,135
4,15,136
4,15,136
3,14,135
3,14,135
3,14,135
3,14,135
3,14,135
3,14,135
3,14,135
3,14,135
3,14,135
3,14,135
3,14,135
3,14,135
3,14,135
3,14,135
3,14,135
3,14,135
3,14,135
3,14,135
3,14,135
3,14,135
3,14,135
3,14,135
3,14,135
3,14,135
3,14,135
3,14,135
3,14,135
3,14,135
3,14,135
3,14,135
3,14,135
3,14,135
3,14,135
3,14,135
3,14,135
3,14,135
3,14,135
3,14,135
3,14,135
3,14,135
3,14,135
3,14,135
3,14,135
3,14,135
3,14,135
3,14,135
3,14,135
3,14,135
3,14,135
3,14,135
3,14,135
3,14,135
3,14,135
3,14,135
3,14,135
3,14,135
3,14,135
3,14,135
3,14,135
3,14,135
3,14,135
3,14,135
3,14,135
3,14,135
3,14,135
3,14,135
3,14,135
3,14,135
3,14,135
3,14,135
2,14,134
2,13,132
2,13,132
2,14,132
2,14,132
3,14,133
3,14,133
3,14,135
3,14,135
3,14,135
3,14,135
3,14,135
3,14,135
3,14,135
3,14,135
3,14,134
3,14,134
3,14,133
3,14,133
3,15,133
3,15,133
3,15,133
3,14,134
3,14,134
3,14,134
3,14,134
3,14,134
3,14,133
3,14,133
2,14,132
2,14,132
2,15,132
2,15,131
2,15,131
2,15,131
2,15,131
2,15,131
2,15,131
2,15,130
2,15,130
2,15,130
2,15,130
1,14,130
1,14,130
1,14,130
1,14,130
1,14,128
1,14,127
0,14,127
0,14,126
1,15,126
2,15,125
2,15,124
2,15,122
2,15,120
3,14,135
3,14,135
3,14,135
3,14,135
3,14,135
3,14,135
3,14,135
3,14,135
3,14,135
3,14,135
3,14,135
3,14,135
3,14,135
3,14,135
3,14,135
3,14,135
3,14,135
3,14,135
3,14,135
3,14,135
3,14,135
3,14,135
3,14,135
3,14,135
3,14,135
3,14,135
3,14,135
3,14,135
3,14,135
3,14,135
3,14,135
3,14,135
3,14,135
3,14,135
3,14,135
3,14,135
3,14,135
3,14,135
3,14,135
3,14,135
3,14,135
3,14,135
3,14,135
3,14,135
3,14,135
3,14,135
3,14,135
3,14,135
3,14,135
3,14,135
3,14,135
3,14,135
3,14,135
3,14,135
3,14,135
3,14,135
3,14,135
3,14,135
3,14,135
3,14,135
3,14,135
3,14,135
3,14,135
3,14,135
3,14,135
3,14,135
3,14,135
3,14,135
3,14,135
3,14,135
3,14,135
3,14,135
3,14,135
3,14,135
3,14,135
3,14,135
3,14,135
3,14,135
3,14,135
3,14,135
3,14,135
3,14,135
3,14,135
3,14,135
3,14,135
3,14,135
3,14,135
3,14,135
3,14,135
3,14,135
3,14,135
3,14,135
3,14,135
3,14,135
2,13,134
2,13,132
2,14,132
2,14,133
3,14,133
3,15,133
3,15,135
3,14,135
3,14,135
3,14,135
3,14,135
3,14,135
3,14,135
3,14,135
3,14,135
3,14,134
3,14,134
3,14,133
3,14,133
3,14,133
3,14,134
3,14,134
3,14,134
3,14,135
3,14,135
3,14,135
3,14,135
3,14,133
3,14,133
2,14,132
2,15,132
2,15,132
2,15,131
2,15,131
2,15,131
2,15,131
2,15,131
2,15,130
2,15,130
2,15,130
1,14,130
1,14,130
1,14,130
1,14,130
1,14,130
1,14,130
1,14,128
0,14,127
0,14,127
1,15,127
1,15,126
1,15,125
2,15,123
2,15,122
2,15,120
3,14,135
3,14,135
3,14,135
3,14,135
3,14,135
3,14,135
3,14,135
3,14,135
3,14,135
3,14,135
3,14,135
3,14,135
3,14,135
3,14,135
3,14,135
3,14,135
3,14,135
3,14,135
3,14,135
3,14,135
3,14,135
3,14,135
3,14,135
3,14,135
3,14,135
3,14,135
3,14,135
3,14,135
3,14,135
3,14,135
3,14,135
3,14,135
3,14,135
3,14,135
3,14,135
3,14,135
3,14,135
3,14,135
3,14,135
3,14,135
3,14,135
3,14,135
3,14,135
3,14,135
3,14,135
3,14,135
3,14,135
3,14,135
3,14,135
3,14,135
3,14,135
3,14,135
3,14,135
3,14,135
3,14,135
3,14,135
3,14,135
3,14,135
3,14,135
3,14,135
3,14,135
3,14,135
3,14,135
3,14,135
3,14,135
3,14,135
3,14,135
3,14,135
3,14,135
3,14,135
3,14,135
3,14,135
3,14,135
3,14,135
3,14,135
3,14,135
3,14,135
3,14,135
3,14,135
3,14,135
3,14,135
3,14,135
3,14,135
3,14,135
3,14,135
3,14,135
3,14,135
3,14,135
3,14,135
3,14,135
3,14,135
3,14,135
3,14,135
3,14,135
3,14,135
3,14,135
2,14,134
3,14,133
3,14,133
3,14,133
3,15,135
3,14,135
3,14,135
3,14,135
3,14,135
3,14,135
3,14,135
3,14,135
3,14,135
3,14,135
3,14,135
3,14,135
3,14,135
3,14,135
3,14,135
3,14,135
3,14,135
3,14,135
3,14,135
3,14,135
3,14,135
3,14,135
3,14,135
3,14,133
2,14,132
2,14,132
2,14,132
2,15,132
2,15,131
2,15,131
2,15,131
2,15,131
2,15,130
2,15,130
1,15,130
1,14,130
1,14,130
1,14,130
1,14,130
1,14,130
1,14,130
1,14,130
1,14,128
1,14,128
1,15,128
1,15,127
1,15,126
1,15,126
2,15,123
2,15,123
2,15,120
3,14,135
3,14,135
3,14,135
3,14,135
3,14,135
3,14,135
3,14,135
3,14,135
3,14,135
3,14,135
3,14,135
3,14,135
3,14,135
3,14,135
3,14,135
3,14,135
3,14,135
3,14,135
3,14,135
3,14,135
3,14,135
3,14,135
3,14,135
3,14,135
3,14,135
3,14,135
3,14,135
3,14,135
3,14,135
3,14,135
3,14,135
3,14,135
3,14,135
3,14,135
3,14,135
3,14,135
3,14,135
3,14,135
3,14,135
3,14,135
3,14,135
3,14,135
3,14,135
3,14,135
3,14,135
3,14,135
3,14,135
3,14,135
3,14,135
3,14,135
3,14,135
3,14,135
3,14,135
3,14,135
3,14,135
3,14,135
3,14,135
3,14,135
3,14,135
3,14,135
3,14,135
3,14,135
3,14,135
3,14,135
3,14,135
3,14,135
3,14,135
3,14,135
3,14,135
3,14,135
3,14,135
3,14,135
3,14,135
3,14,135
3,14,135
3,14,135
3,14,135
3,14,135
3,14,135
3,14,135
3,14,135
3,14,135
3,14,135
3,14,135
3,14,135
3,14,135
3,14,135
3,14,135
3,14,135
3,14,135
3,14,135
3,14,135
3,14,135
3,14,135
3,14,135
3,14,135
3,14,135
3,14,134
3,14,134
3,14,135
3,14,135
3,14,135
3,14,135
3,14,135
3,14,135
3,14,135
3,14,135
3,14,135
3,14,135
3,14,135
3,14,135
3,14,135
3,14,135
3,14,135
3,14,135
3,14,135
3,14,135
3,14,135
3,14,135
3,14,135
3,14,135
3,14,135
3,14,135
3,14,135
3,14,133
2,14,132
2,14,132
2,15,132
2,15,132
2,15,131
2,15,131
2,15,131
2,15,131
2,15,131
2,15,130
1,14,130
1,14,130
1,14,130
1,14,130
1,14,130
2,15,131
1,15,130
1,14,130
1,14,129
1,15,128
1,15,128
1,15,127
1,15,126
1,15,126
1,15,125
2,15,123
3,14,135
3,14,135
3,14,135
3,14,135
3,14,135
3,14,135
3,14,135
3,14,135
3,14,135
3,14,135
3,14,135
3,14,135
3,14,135
3,14,135
3,14,135
3,14,135
3,14,135
3,14,135
3,14,135
3,14,135
3,14,135
3,14,135
3,14,135
3,14,135
3,14,135
3,14,135
3,14,135
3,14,135
3,14,135
3,14,135
3,14,135
3,14,135
3,14,135
3,14,135
3,14,135
3,14,135
3,14,135
3,14,135
3,14,135
3,14,135
3,14,135
3,14,135
3,14,135
3,14,135
3,14,135
3,14,135
3,14,135
3,14,135
3,14,135
3,14,135
3,14,135
3,14,135
3,14,135
3,14,135
3,14,135
3,14,135
3,14,135
3,14,135
3,14,135
3,14,135
3,14,135
3,14,135
3,14,135
3,14,135
3,14,135
3,14,135
3,14,135
3,14,135
3,14,135
3,14,135
3,14,135
3,14,135
3,14,135
3,14,135
3,14,135
3,14,135
3,14,135
3,14,135
3,14,135
3,14,135
3,14,135
3,14,135
3,14,135
3,14,135
3,14,135
3,14,135
3,14,135
3,14,135
3,14,135
3,14,135
3,14,135
3,14,135
3,14,135
3,14,135
3,14,135
3,14,135
3,14,135
3,14,135
3,14,135
3,14,135
3,14,135
3,14,135
3,14,135
3,14,135
3,14,135
3,14,135
3,14,135
3,14,135
3,14,135
3,14,135
3,14,135
3,14,135
3,14,135
3,14,135
3,14,135
3,14,135
3,14,135
3,14,135
3,14,135
3,14,135
3,14,135
3,14,135
3,14,135
3,14,135
3,14,135
3,14,135
3,14,133
2,14,132
2,14,132
2,14,132
2,15,132
2,15,131
2,15,131
2,15,131
2,15,131
2,15,131
1,14,130
1,14,130
1,14,130
1,14,130
2,15,131
2,15,131
1,14,130
1,14,130
1,14,129
1,15,128
1,15,128
1,15,128
1,15,127
1,15,127
1,15,126
1,15,125
2,15,122
3,14,135
3,14,135
3,14,135
3,14,135
3,14,135
3,14,135
3,14,135
3,14,135
3,14,135
3,14,135
3,14,135
3,14,135
3,14,135
3,14,135
3,14,135
3,14,135
3,14,135
3,14,135
3,14,135
3,14,135
3,14,135
3,14,135
3,14,135
3,14,135
3,14,135
3,14,135
3,14,135
3,14,135
3,14,135
3,14,135
3,14,135
3,14,135
3,14,135
3,14,135
3,14,135
3,14,135
3,14,135
3,14,135
3,14,135
3,14,135
3,14,135
3,14,135
3,14,135
3,14,135
3,14,135
3,14,135
3,14,135
3,14,135
3,14,135
3,14,135
3,14,135
3,14,135
3,14,135
3,14,135
3,14,135
3,14,135
3,14,135
3,14,135
3,14,135
3,14,135
3,14,135
3,14,135
3,14,135
3,14,135
3,14,135
3,14,135
3,14,135
3,14,135
3,14,135
3,14,135
3,14,135
3,14,135
3,14,135
3,14,135
3,14,135
3,14,135
3,14,135
3,14,135
3,14,135
3,14,135
3,14,135
3,14,135
3,14,135
3,14,135
3,14,135
3,14,135
3,14,135
3,14,135
3,14,135
3,14,135
3,14,135
3,14,135
3,14,135
3,14,135
3,14,135
3,14,135
3,14,135
3,14,135
3,14,135
3,14,135
3,14,135
3,14,135
3,15,135
3,15,135
3,14,135
3,14,135
3,14,135
3,14,135
3,14,135
3,14,135
3,14,135
3,14,135
3,14,135
3,14,135
3,14,135
3,14,135
3,14,135
3,14,135
3,14,135
3,14,135
3,14,135
3,14,135
3,14,135
3,14,135
3,14,135
3,14,135
3,14,135
3,14,133
3,14,133
2,14,132
2,14,132
2,14,132
2,14,132
2,14,131
2,15,131
2,15,131
2,15,131
2,15,131
2,15,131
2,15,131
2,15,131
2,15,131
2,15,131
2,15,131
1,14,130
1,14,130
1,15,129
1,15,128
1,15,128
1,15,128
0,15,127
0,15,127
1,15,126
2,15,124
2,16,122
3,14,135
3,14,135
3,14,135
3,14,135
3,14,135
3,14,135
3,14,135
3,14,135
3,14,135
3,14,135
3,14,135
3,14,135
3,14,135
3,14,135
3,14,135
3,14,135
3,14,135
3,14,135
3,14,135
3,14,135
3,14,135
3,14,135
3,14,135
3,14,135
3,14,135
3,14,135
3,14,135
3,14,135
3,14,135
3,14,135
3,14,135
3,14,135
3,14,135
3,14,135
3,14,135
3,14,135
3,14,135
3,14,135
3,14,135
3,14,135
3,14,135
3,14,135
3,14,135
3,14,135
3,14,135
3,14,135
3,14,135
3,14,135
3,14,135
3,14,135
3,14,135
3,14,135
3,14,135
3,14,135
3,14,135
3,14,135
4,15,136
4,15,136
4,15,136
3,14,135
3,14,135
3,14,135
3,14,135
3,14,135
3,14,135
3,14,135
3,14,135
3,14,135
3,14,135
3,14,135
3,14,135
3,14,135
3,14,135
3,14,135
3,14,135
3,14,135
3,14,135
3,14,135
3,14,135
3,14,135
3,14,135
3,14,135
3,14,135
3,14,135
3,14,135
3,14,135
3,14,135
3,14,135
3,14,135
3,14,135
3,14,136
3,14,136
3,14,136
3,14,136
3,14,136
3,14,135
3,14,135
3,14,135
3,14,135
3,14,135
3,14,135
3,14,135
3,14,135
4,15,136
4,15,136
4,15,136
3,14,135
3,14,135
3,14,135
3,14,135
3,14,135
3,14,135
3,14,135
3,14,135
3,14,135
3,14,135
3,14,135
3,14,135
3,14,135
3,14,135
3,14,135
3,14,135
3,14,135
3,14,135
3,14,135
3,14,135
3,14,135
3,14,135
3,14,135
3,14,135
3,14,133
2,14,132
2,14,132
2,14,132
2,14,132
2,15,131
2,15,131
2,15,131
2,15,131
2,15,131
2,15,131
2,15,131
2,15,131
2,15,131
2,15,131
1,15,130
1,15,129
1,15,129
1,15,128
1,15,128
1,15,128
0,15,128
0,15,127
1,15,127
2,15,126
2,15,124
2,15,122
3,14,135
3,14,135
3,14,135
3,14,135
3,14,135
3,14,135
3,14,135
3,14,135
3,14,135
3,14,135
3,14,135
3,14,135
3,14,135
3,14,135
3,14,135
3,14,135
3,14,135
3,14,135
3,14,135
3,14,135
3,14,135
3,14,135
3,14,135
3,14,135
3,14,135
3,14,135
3,14,135
3,14,135
3,14,135
3,14,135
3,14,135
3,14,135
3,14,135
3,14,135
3,14,135
3,14,135
3,14,135
3,14,135
3,14,135
3,14,135
3,14,135
3,14,135
3,14,135
3,14,135
3,14,135
3,14,135
3,14,135
3,14,135
3,14,135
3,14,135
3,14,135
3,14,135
3,14,135
3,14,135
3,14,135
4,15,136
4,15,136
4,15,136
4,15,136
4,15,136
3,14,135
3,14,135
3,14,135
3,14,135
3,14,135
3,14,135
3,14,135
3,14,135
3,14,135
3,14,135
3,14,135
3,14,135
3,14,135
3,14,135
3,14,135
3,14,135
3,14,135
3,14,135
3,14,135
3,14,135
3,14,135
3,14,135
3,14,135
3,14,135
3,14,135
3,14,135
3,14,135
3,14,135
3,14,135
3,14,135
3,14,136
3,14,136
3,14,136
3,14,136
3,14,136
3,14,136
3,14,136
3,14,136
3,14,135
3,14,135
3,14,135
3,14,135
4,15,136
4,15,136
4,15,136
4,15,136
4,15,136
4,15,136
3,14,135
3,14,135
3,14,135
3,14,135
3,14,135
3,14,135
3,14,135
3,14,135
3,14,135
3,14,135
3,14,135
3,14,135
3,14,135
3,14,135
3,14,135
3,14,135
3,14,135
3,14,135
3,14,135
3,14,135
3,14,135
3,14,135
3,14,135
3,14,134
3,14,133
2,14,133
2,14,132
2,14,132
2,14,132
2,15,131
1,15,131
1,15,131
2,15,131
2,15,131
2,15,131
2,15,131
2,15,131
2,15,130
1,15,130
1,14,129
1,15,129
1,15,128
1,15,128
1,15,128
1,15,128
1,14,128
1,15,129
1,15,127
2,15,126
2,15,124
2,15,122
3,14,135
3,14,135
3,14,135
3,14,135
3,14,135
3,14,135
3,14,135
3,14,135
3,14,135
3,14,135
3,14,135
3,14,135
3,14,135
3,14,135
3,14,135
3,14,135
3,14,135
3,14,135
3,14,135
3,14,135
3,14,135
3,14,135
3,14,135
3,14,135
3,14,135
3,14,135
3,14,135
3,14,135
3,14,135
3,14,135
3,14,135
3,14,135
3,14,135
3,14,135
3,14,135
3,14,135
3,14,135
3,14,135
3,14,135
3,14,135
3,14,135
3,14,135
3,14,135
3,14,135
3,14,135
3,14,136
4,15,136
3,14,136
3,14,136
3,14,136
3,14,135
3,14,135
3,14,135
3,14,135
3,14,135
3,14,135
3,14,135
4,15,136
4,15,136
4,15,136
3,14,136
3,14,135
3,14,135
3,14,135
3,14,135
3,14,135
3,14,135
3,14,135
3,14,135
3,14,135
3,14,135
3,14,135
3,14,135
3,14,135
3,14,135
3,14,135
3,14,135
3,14,135
3,14,135
3,14,135
3,14,135
3,14,135
3,14,135
3,14,135
3,14,135
3,14,135
3,14,135
3,14,135
3,14,135
3,14,136
3,14,136
3,14,136
3,14,136
3,14,136
4,15,137
4,15,137
3,14,136
3,14,136
3,14,136
3,14,136
3,14,136
3,14,136
3,15,136
4,15,136
4,15,136
4,15,136
4,15,136
4,15,136
4,15,136
3,14,135
3,14,135
3,14,135
3,14,135
3,14,135
3,14,135
3,14,135
3,14,135
3,14,135
3,14,135
3,14,135
3,14,135
3,14,135
3,14,135
3,14,135
3,14,135
3,14,135
3,14,135
3,14,135
3,14,135
3,14,135
3,14,135
3,14,135
3,14,135
3,14,134
2,14,133
2,14,132
2,14,132
2,14,132
2,14,132
1,15,131
2,15,131
2,15,131
2,15,131
2,15,131
2,15,131
2,15,131
1,15,131
1,14,130
1,14,130
1,14,129
1,15,129
1,15,129
1,15,129
1,14,130
1,14,131
1,14,130
1,14,130
2,15,128
2,15,126
2,15,124
3,15,121
3,14,135
3,14,135
3,14,135
3,14,135
3,14,135
3,14,135
3,14,135
3,14,135
3,14,135
3,14,135
3,14,135
3,14,135
3,14,135
3,14,135
3,14,135
3,14,135
3,14,135
3,14,135
3,14,135
3,14,135
3,14,135
3,14,135
3,14,135
3,14,135
3,14,135
3,14,135
3,14,135
3,14,135
3,14,135
3,14,135
3,14,135
3,14,135
3,14,135
3,14,135
3,14,135
3,14,135
3,14,135
3,14,135
3,14,135
3,14,135
3,14,135
3,14,135
3,14,135
3,14,135
3,14,135
3,14,135
3,14,136
3,14,136
3,14,136
3,14,136
3,14,136
3,14,136
3,14,136
3,14,136
3,14,135
3,14,135
3,14,136
3,14,136
3,14,136
3,14,136
3,14,136
3,14,136
3,14,135
3,14,135
3,14,135
3,14,135
3,14,135
3,14,135
3,14,136
3,14,136
3,14,136
3,14,136
3,14,136
3,14,136
3,14,135
3,14,135
3,14,135
3,14,135
3,14,135
3,14,135
3,14,135
3,14,135
3,14,135
3,14,135
3,14,135
3,14,135
3,14,135
3,14,135
3,14,136
3,14,136
3,14,136
3,14,136
3,14,136
3,14,136
4,15,137
4,15,137
4,15,137
3,15,136
3,14,136
3,14,136
3,14,136
3,14,136
3,15,136
4,15,136
4,15,136
4,15,136
4,15,136
4,15,136
4,15,136
3,14,135
3,14,135
3,14,135
3,14,135
3,14,135
3,14,135
3,14,135
3,14,135
3,14,135
3,14,135
3,14,135
3,14,135
3,14,135
3,14,135
3,14,135
3,14,135
3,14,135
3,14,135
3,14,135
3,14,135
3,14,135
3,14,135
3,14,135
3,14,135
3,14,134
2,14,134
2,14,132
2,14,132
2,14,132
2,14,132
2,14,132
2,15,131
2,15,131
2,15,131
2,15,131
2,15,131
2,15,131
1,14,131
1,14,130
1,14,130
1,14,130
1,14,130
1,14,130
1,14,131
1,14,131
1,14,131
1,14,131
1,14,131
2,15,130
2,15,128
3,15,126
3,15,123
3,14,135
3,14,135
3,14,135
3,14,135
3,14,135
3,14,135
3,14,135
3,14,135
3,14,135
3,14,135
3,14,135
3,14,135
3,14,135
3,14,135
3,14,135
3,14,135
3,14,135
3,14,135
3,14,135
3,14,135
3,14,135
3,14,135
3,14,135
3,14,135
3,14,135
3,14,135
3,14,135
3,14,135
3,14,135
3,14,135
3,14,135
3,14,135
3,14,135
3,14,135
3,14,135
3,14,135
3,14,135
3,14,135
3,14,135
3,14,135
3,14,135
3,14,135
3,14,135
3,14,135
3,14,135
3,14,135
3,14,135
3,14,135
3,14,136
3,14,136
3,14,136
3,14,136
3,14,136
3,14,136
3,14,136
3,14,136
3,14,136
3,14,136
3,14,136
3,14,136
3,14,136
3,14,136
3,14,136
3,14,136
3,14,136
3,14,136
4,15,136
4,15,136
3,14,136
3,14,136
3,14,136
3,14,136
4,15,136
4,15,136
4,15,136
4,15,136
3,14,135
3,14,135
3,14,135
3,14,135
3,14,135
3,14,135
3,14,135
3,14,135
3,14,135
3,14,135
3,14,135
3,14,135
3,14,135
3,14,136
3,14,136
3,14,136
3,14,136
3,14,136
4,15,137
4,15,137
4,15,137
4,15,137
4,15,137
3,14,136
3,14,136
2,15,136
2,15,136
2,15,136
2,15,136
4,15,136
4,15,136
4,15,136
4,15,136
3,14,135
3,14,135
3,14,135
3,14,135
3,14,135
3,14,135
3,14,135
3,14,135
3,14,135
3,14,135
3,14,135
3,14,135
3,14,135
3,14,135
3,14,135
3,14,135
3,14,135
3,14,135
3,14,135
3,14,135
3,14,135
3,14,135
3,14,135
3,14,135
3,14,135
3,14,135
3,14,134
2,14,133
2,14,132
2,14,132
2,14,132
2,14,132
2,14,132
2,14,132
2,14,132
2,14,132
2,14,132
2,14,131
2,14,131
1,14,131
1,14,131
1,14,130
1,14,131
1,14,131
1,14,131
1,14,132
2,14,132
2,14,132
2,14,131
2,14,131
2,15,129
2,15,128
3,15,126
3,15,123
3,14,135
3,14,135
3,14,135
3,14,135
3,14,135
3,14,135
3,14,135
3,14,135
3,14,135
3,14,135
3,14,135
3,14,135
3,14,135
3,14,135
3,14,135
3,14,135
3,14,135
3,14,135
3,14,135
3,14,135
3,14,135
3,14,135
3,14,135
3,14,135
3,14,135
3,14,135
3,14,135
3,14,135
3,14,135
3,14,135
3,14,135
3,14,135
3,14,135
3,14,135
3,14,135
3,14,135
3,14,135
3,14,135
3,14,135
3,14,135
3,14,135
3,14,135
3,14,135
3,14,135
3,14,135
3,14,135
3,14,135
3,14,135
3,14,135
3,14,135
3,14,136
3,14,136
3,14,136
3,14,136
3,14,136
3,14,136
4,15,136
4,15,136
3,14,136
3,14,136
3,14,136
3,14,136
3,14,136
3,14,136
4,15,136
4,15,136
4,15,136
4,15,136
4,15,136
3,14,136
3,14,136
3,14,136
4,15,136
4,15,137
4,15,137
4,15,136
4,15,136
4,15,136
3,14,135
3,14,135
3,14,135
3,14,135
3,14,135
3,14,135
3,14,135
3,14,135
3,14,135
3,14,135
3,14,135
3,14,136
3,14,136
3,14,136
3,14,136
3,14,136
3,14,136
4,15,137
4,15,137
4,15,137
4,15,137
4,15,137
3,15,137
2,15,137
2,15,137
2,15,136
2,15,136
2,15,136
2,15,136
4,15,136
3,15,136
3,15,136
3,14,135
3,14,135
3,14,135
3,14,135
3,14,135
3,14,135
3,14,135
3,14,135
4,15,136
3,14,135
3,14,135
3,14,135
3,14,135
3,14,135
3,14,135
3,14,135
3,14,135
3,14,135
3,14,135
3,14,135
3,14,135
3,14,135
3,14,135
3,14,135
3,14,135
3,14,135
3,14,134
3,14,133
2,14,132
2,14,132
2,14,132
2,14,132
2,14,132
2,14,132
2,14,132
2,14,132
2,14,132
2,14,132
2,14,132
1,14,131
1,14,131
1,14,131
1,14,131
2,14,131
2,14,132
2,14,132
2,14,132
2,14,132
2,14,132
2,14,131
2,15,131
2,15,129
2,15,127
2,15,125
2,15,122
3,14,135
3,14,135
3,14,135
3,14,135
3,14,135
3,14,135
3,14,135
3,14,135
3,14,135
3,14,135
3,14,135
3,14,135
3,14,135
3,14,135
3,14,135
3,14,135
3,14,135
3,14,135
3,14,135
3,14,135
3,14,135
3,14,135
3,14,135
3,14,135
3,14,135
3,14,135
3,14,135
3,14,135
3,14,135
3,14,135
3,14,135
3,14,135
3,14,135
3,14,135
3,14,135
3,14,135
3,14,135
3,14,135
3,14,135
3,14,135
3,14,135
3,14,135
4,15,136
4,15,136
4,15,136
3,14,135
3,14,135
3,14,135
3,14,135
3,14,136
3,14,136
3,14,136
3,14,136
3,14,136
4,15,137
4,15,137
4,15,137
4,15,137
3,14,136
3,14,136
3,14,136
3,14,136
4,15,136
4,15,136
4,15,136
4,15,136
4,15,136
4,15,136
4,15,136
4,15,136
4,15,136
4,15,136
4,15,137
4,15,137
4,15,137
4,15,137
4,15,136
4,15,136
4,15,136
3,14,135
3,14,135
3,14,135
3,14,135
3,14,135
3,14,135
3,14,135
3,14,135
3,14,135
3,14,136
3,14,136
3,14,136
3,14,136
3,14,136
3,14,136
3,14,136
4,14,137
4,15,137
4,15,137
4,15,137
4,15,137
2,14,137
2,15,137
2,15,137
2,15,137
2,15,137
2,15,137
2,15,136
2,15,136
3,15,136
3,15,136
3,14,135
3,14,135
3,14,135
3,14,135
3,14,135
4,15,136
4,15,136
4,15,136
4,15,136
4,15,136
3,14,135
3,14,135
3,14,135
3,14,135
3,14,135
3,14,135
3,14,135
3,14,135
3,14,135
3,14,135
3,14,135
3,14,135
3,14,135
3,14,135
3,14,135
3,14,135
3,14,133
3,15,133
3,15,133
2,14,132
2,14,132
2,14,132
2,14,132
2,14,132
2,14,132
2,14,132
2,14,132
2,14,132
2,14,132
2,14,132
2,14,132
2,14,132
2,14,132
2,14,132
2,14,132
2,14,132
2,14,132
2,14,132
2,14,132
2,14,131
2,15,131
2,15,129
2,15,128
2,15,126
2,15,124
3,14,135
3,14,135
3,14,135
3,14,135
3,14,135
3,14,135
3,14,135
3,14,135
3,14,135
3,14,135
3,14,135
3,14,135
3,14,135
3,14,135
3,14,135
3,14,135
3,14,135
3,14,135
3,14,135
3,14,135
3,14,135
3,14,135
3,14,135
3,14,135
3,14,135
3,14,135
3,14,135
3,14,135
3,14,135
3,14,135
3,14,135
3,14,135
3,14,135
3,14,135
3,14,135
3,14,135
3,14,135
3,14,135
3,14,135
3,14,135
3,14,135
3,14,135
4,15,136
4,15,136
4,15,136
4,15,136
4,15,136
4,15,136
3,14,135
3,14,135
3,14,136
3,14,136
3,14,136
3,14,136
4,15,136
4,15,137
4,15,137
4,15,137
4,15,137
4,15,137
3,14,136
3,14,136
4,15,136
4,15,136
4,15,136
4,15,136
4,15,136
4,15,136
4,15,136
4,15,136
4,15,136
4,15,136
4,15,136
4,15,137
4,15,137
4,15,137
4,15,137
4,15,136
4,15,136
4,15,136
3,14,135
3,14,135
3,14,135
3,14,135
3,14,135
3,14,135
3,14,135
3,14,135
3,14,135
3,14,136
3,14,136
3,14,136
3,14,136
3,14,136
3,14,136
4,14,137
4,14,137
4,14,137
4,14,138
4,14,138
4,14,138
2,14,137
2,14,137
2,15,137
2,15,137
2,15,137
2,15,137
2,15,136
2,15,136
3,15,136
3,15,136
3,14,135
3,14,135
3,14,135
3,14,135
4,15,136
4,15,136
4,15,136
4,15,136
4,15,136
4,15,136
4,15,136
4,15,136
3,14,135
3,14,135
3,14,135
3,14,135
3,14,135
3,14,135
3,14,135
3,14,135
3,14,135
3,14,135
3,14,135
3,14,135
3,14,135
3,14,135
3,15,133
3,15,133
3,15,133
3,15,133
2,14,132
2,14,132
2,14,132
2,14,132
2,14,132
2,14,132
2,14,132
2,14,132
2,14,132
2,14,132
2,14,132
2,14,132
2,14,132
2,14,132
2,14,132
2,14,132
2,14,132
2,14,132
2,14,132
2,14,132
2,15,131
2,15,131
2,15,129
2,15,127
2,15,126
2,15,123
3,14,135
3,14,135
3,14,135
3,14,135
3,14,135
3,14,135
3,14,135
3,14,135
3,14,135
3,14,135
3,14,135
3,14,135
3,14,135
3,14,135
3,14,135
3,14,135
3,14,135
3,14,135
3,14,135
3,14,135
3,14,135
3,14,135
3,14,135
3,14,135
3,14,135
3,14,135
3,14,135
3,14,135
3,14,135
3,14,135
3,14,135
3,14,135
3,14,135
3,14,135
3,14,135
3,14,135
3,14,135
3,14,135
3,14,135
3,14,135
4,15,136
4,15,136
4,15,136
4,15,136
4,15,136
4,15,136
4,15,136
4,15,136
4,15,136
4,15,136
3,14,136
3,14,136
3,14,136
3,14,136
4,15,136
4,15,136
4,15,137
4,15,137
4,15,137
4,15,137
4,15,137
4,15,137
4,15,136
4,15,136
4,15,136
4,15,136
4,15,136
4,15,136
4,15,136
4,15,136
4,15,136
4,15,136
3,14,136
3,14,136
3,14,136
4,15,137
4,15,137
4,15,136
4,15,136
3,14,135
3,14,135
3,14,135
3,14,135
3,14,135
3,14,135
3,14,135
3,14,135
3,14,135
3,14,135
3,14,135
3,14,136
3,14,136
3,14,136
3,14,136
3,14,136
3,14,136
4,14,137
4,14,137
4,14,138
4,14,138
4,14,138
4,14,138
2,14,138
2,14,137
2,14,137
2,15,137
2,15,137
2,15,137
2,15,137
2,15,136
3,15,136
3,15,136
3,14,135
3,14,135
3,14,135
3,14,136
4,15,136
4,15,136
4,15,136
4,15,136
4,15,136
4,15,136
4,15,136
4,15,136
3,14,136
3,14,135
3,14,135
3,14,135
3,15,136
4,15,136
3,14,135
3,14,135
3,14,135
3,14,135
3,14,135
3,14,135
3,14,135
3,14,135
3,15,135
3,15,133
3,15,133
3,15,133
2,14,133
2,14,132
2,14,132
2,14,132
2,14,132
2,14,132
2,14,132
2,14,132
2,14,132
2,14,132
2,14,132
2,14,132
2,14,132
2,14,132
2,14,132
2,14,132
2,14,132
2,14,132
2,14,132
2,14,132
2,15,131
2,15,131
2,15,129
2,15,128
2,15,127
2,15,124
3,15,122
3,14,135
3,14,135
3,14,135
3,14,135
3,14,135
3,14,135
3,14,135
3,14,135
3,14,135
3,14,135
3,14,135
3,14,135
3,14,135
3,14,135
3,14,135
3,14,135
3,14,135
3,14,135
3,14,135
3,14,135
3,14,135
3,14,135
3,14,135
3,14,135
3,14,135
3,14,135
3,14,135
3,14,135
3,14,135
3,14,135
3,14,135
3,14,135
3,14,135
3,14,135
3,14,135
3,14,135
3,14,135
4,15,136
4,15,136
4,15,136
4,15,136
4,15,136
3,14,135
4,15,136
4,15,136
4,15,136
4,15,136
4,15,136
4,15,136
4,15,136
4,15,136
4,15,136
4,15,136
4,15,136
4,15,136
4,15,136
4,15,137
4,15,137
4,15,137
4,15,137
4,15,136
3,14,136
4,15,136
4,15,136
4,15,136
4,15,136
4,15,136
4,15,136
4,15,136
4,15,136
4,15,136
4,15,136
3,14,136
3,14,136
3,14,136
3,14,136
3,14,136
3,14,136
3,14,135
3,14,135
3,14,135
3,14,135
3,14,135
3,14,135
3,14,135
3,14,135
3,14,135
3,14,135
3,14,135
3,14,135
3,14,136
3,14,136
3,14,136
3,14,136
3,14,136
3,14,137
4,14,137
4,14,138
4,14,138
4,14,138
4,14,138
2,14,138
2,14,138
2,14,138
2,14,137
2,15,137
2,15,137
2,15,137
2,15,137
2,15,137
3,15,136
3,15,136
3,14,136
3,14,136
3,14,136
4,15,136
4,15,136
4,15,136
4,15,136
4,15,136
4,15,136
4,15,136
3,14,136
3,14,136
3,14,136
3,14,136
3,14,136
3,15,136
4,15,136
4,15,136
4,15,136
3,14,135
3,14,135
3,14,135
3,14,135
3,14,135
3,14,135
3,14,135
3,14,135
3,15,135
3,15,133
3,15,133
3,14,133
2,14,133
2,14,132
2,14,132
2,14,132
2,14,132
2,14,133
3,14,133
3,14,133
3,14,133
3,15,133
2,14,132
2,14,132
2,14,132
2,14,132
2,14,132
2,14,132
2,14,132
2,14,132
2,14,132
2,14,132
2,15,131
2,15,131
2,15,129
2,15,128
2,15,126
3,15,124
3,14,135
3,14,135
3,14,135
3,14,135
3,14,135
3,14,135
3,14,135
3,14,135
3,14,135
3,14,135
3,14,135
3,14,135
3,14,135
3,14,135
3,14,135
3,14,135
3,14,135
3,14,135
3,14,135
3,14,135
3,14,135
3,14,135
3,14,135
3,14,135
3,14,135
3,14,135
3,14,135
3,14,135
3,14,135
3,14,135
3,14,135
3,14,135
3,14,135
3,14,135
3,14,135
3,14,135
3,14,135
3,14,135
4,15,136
4,15,136
3,14,136
3,14,136
3,14,136
3,14,136
4,15,136
4,15,136
4,15,136
4,15,136
4,15,136
4,15,136
4,15,136
4,15,136
4,15,136
4,15,136
4,15,136
4,15,136
4,15,136
4,15,137
4,15,137
4,15,137
3,14,136
3,14,136
3,14,136
3,14,136
4,15,136
4,15,136
4,15,136
4,15,136
4,15,136
4,15,136
4,15,136
4,15,136
4,15,136
3,14,136
3,14,136
3,14,136
3,14,136
3,14,136
3,14,136
3,14,135
3,14,135
3,14,135
3,14,135
3,14,135
3,14,135
3,14,135
3,14,135
3,14,135
3,14,135
3,14,135
3,14,135
3,14,136
3,14,136
3,14,136
3,14,136
3,14,137
3,14,137
3,14,138
4,14,138
4,14,138
4,14,138
2,14,138
2,14,138
2,14,138
2,14,138
2,14,138
2,15,138
2,15,137
2,15,137
2,15,137
2,15,137
2,15,137
3,15,137
3,15,136
3,15,136
4,15,136
4,15,136
4,15,136
4,15,136
4,15,136
3,14,136
3,14,136
3,14,136
3,14,136
3,14,136
3,15,136
3,15,136
3,15,136
4,15,136
4,15,136
4,15,136
4,15,136
4,15,136
3,14,135
3,14,135
3,14,135
3,14,135
3,14,135
3,14,135
3,14,135
3,15,135
3,15,135
3,15,135
3,14,135
3,14,134
2,14,134
2,14,134
2,14,134
2,14,134
3,14,134
3,14,133
3,14,133
3,14,133
3,15,133
3,14,133
2,14,132
2,14,132
2,14,132
2,14,132
2,14,132
2,14,132
2,14,132
2,14,132
2,14,132
2,15,131
2,15,131
2,15,131
2,15,129
2,16,127
3,16,126
3,15,123
4,15,136
3,14,135
3,14,135
3,14,135
3,14,135
3,14,135
3,14,135
3,14,135
3,14,135
3,14,135
3,14,135
3,14,135
3,14,135
3,14,135
3,14,135
3,14,135
3,14,135
3,14,135
3,14,135
3,14,135
3,14,135
3,14,135
3,14,135
3,14,135
3,14,135
3,14,135
3,14,135
3,14,135
3,14,135
3,14,135
3,14,135
3,14,135
3,14,135
3,14,135
3,14,135
3,14,135
3,14,135
3,14,135
3,14,135
3,14,135
3,14,136
3,14,136
3,14,136
3,14,136
3,14,136
4,15,136
4,15,136
4,15,136
4,15,136
4,15,136
4,15,136
4,15,136
4,15,136
4,15,136
4,15,136
4,15,136
4,15,136
4,15,137
4,15,137
4,15,137
4,15,137
3,14,136
3,14,136
3,14,136
3,14,136
3,14,136
4,15,136
4,15,136
4,15,136
4,15,136
5,16,137
5,16,137
5,16,137
4,15,136
3,14,136
3,14,136
3,14,136
3,14,136
3,14,136
3,14,136
3,14,135
3,14,135
3,14,135
3,14,135
3,14,135
3,14,135
3,14,135
3,14,135
3,14,135
3,14,135
3,14,135
3,14,136
3,14,136
3,14,136
3,14,137
3,14,137
3,14,137
3,14,138
3,14,138
3,14,138
4,14,138
2,14,138
2,14,138
2,14,138
2,14,138
2,14,138
2,14,138
2,15,138
2,15,138
2,15,137
2,15,137
2,15,137
2,15,137
3,15,137
3,15,137
4,15,137
4,15,137
4,15,137
4,15,137
4,15,137
4,15,137
4,15,136
4,15,136
3,14,136
3,14,136
3,15,136
3,15,136
2,15,136
2,15,136
3,15,136
4,15,136
4,15,136
4,15,136
4,15,136
4,15,136
3,14,135
3,14,135
3,14,135
3,14,135
3,14,135
3,14,135
3,14,135
3,15,135
3,15,135
3,14,135
3,14,135
3,14,135
3,14,135
3,14,135
3,14,135
3,14,135
3,14,135
3,14,134
3,14,133
3,14,133
3,14,133
3,14,133
2,14,133
2,14,132
2,14,132
2,14,132
2,14,132
2,14,132
2,14,132
2,14,132
2,14,132
2,15,131
2,15,131
2,15,131
2,15,129
2,15,127
2,15,126
2,15,123
3,14,135
3,14,135
3,14,135
3,14,135
3,14,135
3,14,135
4,15,136
4,15,136
4,15,136
4,15,136
4,15,136
3,14,135
3,14,135
3,14,135
3,14,135
3,14,135
3,14,135
3,14,135
3,14,135
3,14,135
3,14,135
3,14,135
3,14,135
3,14,135
3,14,135
3,14,135
3,14,135
3,14,135
3,14,135
3,14,135
3,14,135
3,14,135
3,14,135
3,14,135
3,14,135
3,14,135
3,14,135
3,14,135
3,14,135
3,14,135
3,14,136
3,14,136
3,14,136
3,14,136
3,14,136
4,15,136
4,15,136
4,15,136
4,15,136
4,15,136
4,15,136
4,15,136
3,14,136
3,14,136
3,14,136
4,15,136
4,15,136
4,15,136
4,15,137
4,15,136
3,14,136
3,14,136
3,14,136
3,14,136
3,14,136
3,14,135
3,14,135
4,15,136
4,15,136
4,15,136
5,16,137
5,16,137
5,16,137
4,15,137
4,15,136
3,14,136
3,14,136
3,14,136
3,14,136
3,14,136
3,14,136
3,14,135
3,14,135
3,14,135
3,14,135
3,14,135
3,14,135
3,14,135
3,14,135
3,14,135
3,14,136
3,14,136
3,14,136
3,14,137
3,14,137
3,14,137
3,14,137
3,14,138
2,14,138
2,14,138
2,14,138
2,14,138
2,14,138
2,14,138
2,14,138
2,14,138
2,14,138
2,15,138
3,15,138
3,15,138
3,15,138
2,15,137
2,15,137
2,15,137
3,15,137
4,15,137
4,15,137
4,15,137
4,15,137
4,15,137
4,15,137
4,15,137
4,15,137
3,15,137
3,15,137
3,15,137
2,15,137
2,15,137
2,15,137
2,15,136
4,15,136
4,15,137
4,15,136
4,15,136
4,15,136
4,15,136
3,14,135
3,14,135
3,14,135
3,14,135
3,14,135
3,14,135
3,14,135
3,14,135
3,14,135
3,14,135
3,14,135
3,14,135
3,14,135
3,14,135
3,14,135
3,14,135
3,14,135
3,14,135
3,14,135
3,14,134
3,14,134
3,14,134
2,14,134
2,14,133
2,14,132
2,14,132
2,14,132
2,14,132
2,14,132
2,14,132
2,14,132
2,15,131
2,15,131
2,15,129
2,15,128
2,15,127
2,15,126
3,14,135
3,14,135
3,14,135
3,14,135
3,14,135
3,14,135
3,14,135
4,15,136
4,15,136
4,15,136
4,15,136
4,15,136
4,15,136
4,15,136
4,15,136
4,15,136
4,15,136
4,15,136
4,15,136
3,14,135
3,14,135
3,14,135
3,14,135
3,14,135
3,14,135
3,14,135
3,14,135
3,14,135
3,14,135
3,14,135
3,14,135
3,14,135
3,14,135
3,14,135
3,14,135
3,14,135
3,14,135
3,14,135
3,14,135
3,14,135
3,14,135
3,14,136
3,14,136
4,15,136
4,15,136
4,15,137
4,15,137
4,15,137
4,15,136
4,15,136
4,15,136
4,15,136
4,15,136
3,14,136
3,14,136
3,14,136
3,14,136
4,15,136
4,15,136
3,14,136
3,14,136
3,14,136
3,14,136
3,14,136
3,14,136
3,14,135
3,14,135
3,14,135
3,14,135
4,15,136
4,15,136
5,16,137
5,16,137
5,16,137
4,15,137
4,15,137
4,15,136
3,14,136
3,14,136
3,14,136
3,14,136
3,14,136
3,14,136
3,14,136
3,14,136
3,14,136
3,14,136
3,14,135
3,14,135
3,14,135
3,14,136
3,14,136
3,14,136
4,15,137
4,15,137
4,14,137
3,14,137
3,14,138
2,14,138
2,14,138
2,14,138
2,14,138
2,14,138
2,14,138
2,14,138
2,14,138
2,14,138
2,14,138
3,15,138
3,15,138
3,15,138
3,15,138
2,15,137
2,15,137
2,15,137
2,15,137
4,15,137
4,15,137
4,15,137
4,15,137
4,15,137
4,15,137
4,15,137
4,15,137
3,15,137
3,15,137
2,15,137
2,15,137
2,15,137
2,15,137
2,15,137
2,15,137
4,15,137
4,15,137
4,15,137
4,15,137
4,15,136
4,15,136
3,14,136
3,14,135
3,14,135
3,14,135
2,14,135
2,14,135
3,14,135
3,14,135
3,14,135
3,14,135
3,14,135
3,14,135
3,14,135
3,14,135
3,14,135
3,14,135
3,14,135
3,14,135
3,14,135
3,14,135
3,14,135
3,14,134
2,14,134
2,14,133
2,14,132
2,14,132
2,14,132
2,14,132
2,14,132
2,14,132
2,14,132
2,15,131
2,15,131
2,15,129
2,15,128
2,15,127
2,15,126
3,14,135
3,14,135
3,14,135
3,14,135
3,14,135
3,14,135
3,14,135
4,15,136
4,15,136
4,15,136
4,15,136
4,15,136
4,15,136
4,15,136
4,15,136
4,15,136
4,15,136
4,15,136
4,15,136
3,14,135
3,14,135
3,14,135
3,14,135
3,14,135
3,14,135
3,14,135
3,14,135
3,14,135
3,14,135
3,14,135
3,14,135
3,14,135
3,14,135
3,14,135
3,14,135
3,14,135
3,14,135
3,14,135
3,14,135
3,14,135
3,14,135
3,14,135
3,14,136
4,15,137
4,15,137
4,15,137
4,15,137
4,15,137
4,15,137
4,15,137
4,15,136
3,14,136
3,14,136
3,14,136
3,14,136
3,14,136
3,14,136
3,14,136
3,14,136
3,14,136
3,14,136
3,14,136
3,14,136
3,14,136
3,14,136
3,14,136
3,14,136
3,14,136
3,14,136
3,15,136
4,15,136
4,15,137
4,15,137
4,15,137
4,15,137
4,15,137
4,15,137
3,14,137
3,14,137
3,14,137
3,14,137
3,14,136
3,14,136
3,14,136
3,14,136
3,14,136
3,14,136
3,14,136
3,14,136
3,14,136
3,14,136
3,14,136
3,14,137
4,14,137
4,14,137
4,14,137
3,14,138
2,14,138
2,14,138
2,14,138
2,14,138
2,14,138
2,14,138
2,14,138
2,14,138
2,14,138
2,14,138
2,14,138
3,15,138
3,15,138
3,15,138
3,15,138
3,15,138
2,15,137
2,15,137
2,15,137
4,15,137
4,15,137
4,15,137
4,15,137
4,15,137
4,15,137
4,15,137
4,15,137
4,15,137
3,15,137
2,15,137
2,15,137
2,15,137
2,15,137
2,15,137
2,15,137
3,15,137
4,15,137
4,15,137
4,15,137
4,15,137
4,15,137
4,15,136
3,14,136
3,14,136
3,14,136
2,15,136
2,14,136
2,14,136
2,15,136
3,14,136
3,14,136
3,14,136
3,14,136
3,14,135
3,14,135
3,14,135
3,14,135
3,14,135
3,14,135
3,14,135
3,14,135
3,14,135
2,14,135
2,14,134
2,15,134
2,15,134
2,14,133
2,14,133
2,14,132
2,14,132
2,14,132
2,14,132
2,14,132
2,15,131
2,15,131
2,15,128
2,15,127
2,15,126
3,14,135
3,14,135
3,14,135
3,14,135
3,14,135
3,14,135
3,14,135
3,14,135
4,15,136
4,15,136
4,15,136
4,15,136
4,15,136
4,15,136
4,15,136
4,15,136
4,15,136
4,15,136
4,15,136
4,15,136
3,14,135
3,14,135
3,14,135
3,14,135
3,14,135
3,14,135
3,14,135
3,14,135
3,14,135
3,14,135
3,14,135
3,14,135
3,14,135
3,14,135
3,14,135
3,14,135
3,14,135
3,14,135
3,14,135
3,14,135
3,14,135
3,14,135
3,14,135
3,14,136
4,15,137
4,15,137
4,15,137
4,15,137
4,15,137
4,15,137
4,15,137
4,15,136
3,14,136
3,14,136
3,14,136
3,14,136
3,14,136
3,14,136
3,14,136
3,14,136
3,14,136
3,14,136
3,14,136
3,14,136
3,14,136
3,14,136
3,14,136
3,14,136
3,14,136
3,14,136
3,14,136
3,14,136
3,15,136
4,15,137
4,15,137
4,15,137
4,15,137
3,15,137
3,15,137
3,14,137
3,14,137
3,14,137
3,14,137
3,14,136
3,14,136
3,14,136
3,14,136
3,14,136
3,14,136
3,14,136
3,14,136
3,14,136
3,14,137
4,14,137
4,14,137
4,14,137
4,14,138
3,14,138
2,14,138
2,14,138
2,14,138
2,14,138
2,14,138
2,14,140
2,14,140
2,14,140
2,14,139
2,14,138
2,14,138
3,15,139
3,15,139
3,15,139
3,15,138
3,15,138
2,15,137
2,15,137
2,15,137
3,15,137
4,15,137
4,15,137
4,15,137
4,15,137
4,15,137
4,15,137
4,15,137
4,15,137
3,15,137
2,15,137
2,15,137
2,15,137
2,15,137
2,14,137
2,14,137
2,14,137
4,14,137
4,14,137
4,15,137
4,15,137
4,15,137
4,15,137
3,15,137
3,15,137
2,15,137
2,15,136
2,14,136
2,14,136
2,15,136
2,15,137
3,15,137
3,15,137
3,14,136
3,14,136
3,14,136
3,14,135
3,14,135
3,14,135
3,14,135
2,14,135
2,14,135
2,14,135
2,14,135
2,15,135
2,15,135
2,16,134
2,15,134
2,14,134
2,14,134
2,14,134
2,14,132
2,14,132
2,14,132
2,14,131
2,14,131
2,15,128
2,15,128
2,15,126
2,15,126
3,14,135
3,14,135
3,14,135
3,14,135
3,14,135
3,14,135
3,14,135
3,14,135
3,14,135
4,15,136
4,15,136
4,15,136
4,15,136
3,14,135
3,14,135
4,15,136
4,15,136
4,15,136
4,15,136
4,15,136
3,14,135
3,14,135
3,14,135
3,14,135
3,14,135
3,14,135
3,14,135
3,14,135
4,15,136
4,15,136
4,15,136
4,15,136
3,14,135
3,14,135
3,14,135
3,14,135
3,14,135
3,14,135
3,14,135
3,14,135
3,14,135
3,14,135
3,14,136
3,14,136
4,15,137
4,15,137
4,15,137
4,15,137
4,15,137
4,15,137
4,15,137
4,15,137
3,14,136
3,14,136
3,14,136
3,14,136
3,14,136
3,14,136
3,14,136
3,14,136
3,14,136
3,14,136
3,14,136
4,14,137
4,14,137
4,14,137
3,14,136
2,14,136
1,14,136
1,14,136
1,14,136
1,14,136
2,15,136
2,15,137
2,15,137
2,15,137
2,15,137
2,15,137
2,14,137
2,14,137
3,14,137
3,14,137
3,14,137
3,14,137
3,14,136
3,14,136
3,14,136
3,14,136
3,14,136
3,14,136
3,14,136
3,14,137
3,14,137
4,14,137
4,14,137
4,14,138
4,14,138
3,14,138
2,14,138
2,14,138
2,14,138
2,14,138
2,14,140
2,14,140
2,14,140
2,14,140
2,14,140
2,14,139
2,14,139
2,14,139
3,15,139
3,15,139
3,15,138
3,15,138
2,15,138
2,15,137
2,15,137
3,15,137
4,15,137
4,15,137
4,15,137
4,15,137
4,15,137
4,15,137
4,15,137
4,15,137
3,15,137
2,15,137
2,15,137
2,15,137
2,15,138
2,14,138
2,14,138
2,14,138
4,14,138
4,14,138
4,14,137
4,15,137
4,15,137
4,15,137
4,15,137
3,15,137
2,15,137
2,14,137
1,14,137
2,14,137
2,14,137
2,15,137
2,15,137
2,15,137
2,15,137
2,14,136
2,14,136
2,14,136
2,15,135
2,15,135
2,15,135
2,14,135
1,14,135
2,14,135
2,15,135
2,15,135
2,15,135
2,16,134
2,15,134
2,14,134
2,14,134
2,14,134
2,14,134
2,14,132
2,14,132
2,14,132
2,14,131
2,14,128
3,15,128
3,15,127
2,15,126
3,15,135
3,14,135
3,14,135
3,14,135
3,14,135
3,14,135
3,14,135
3,14,135
3,14,135
3,14,135
3,14,135
3,14,135
3,14,135
3,14,135
3,14,135
3,14,135
3,14,135
3,14,135
3,14,135
3,14,135
3,14,135
3,14,135
3,14,135
3,14,135
3,14,135
3,14,135
3,14,135
3,14,135
4,15,136
4,15,136
4,15,136
4,15,136
4,15,136
4,15,136
3,14,135
3,14,135
3,14,135
3,14,135
3,14,135
3,14,135
3,14,135
3,14,135
3,14,135
3,14,136
3,14,136
4,15,137
4,15,137
4,15,137
4,15,137
4,15,137
4,15,137
4,15,137
3,14,136
3,14,136
3,14,136
3,14,136
3,14,136
3,14,136
3,14,137
4,14,137
4,14,137
4,14,137
3,14,137
4,14,137
4,14,138
4,14,137
4,14,137
4,14,137
1,14,136
1,14,136
1,14,136
1,14,136
1,14,136
1,14,136
2,15,137
2,15,137
2,15,137
2,15,137
2,14,137
2,14,137
2,14,137
2,14,138
2,14,138
3,14,138
4,14,138
4,14,137
4,14,137
3,14,136
3,14,136
3,14,136
3,14,136
3,14,137
3,14,137
3,14,137
4,14,137
4,14,138
4,14,138
4,14,138
4,14,138
2,14,138
2,14,138
2,14,138
2,14,140
2,14,140
2,14,140
2,14,140
2,14,140
2,14,140
2,14,140
2,14,138
2,14,139
2,14,138
3,15,138
3,15,138
3,15,138
2,15,138
2,15,138
3,15,137
3,15,137
4,15,137
4,15,137
4,15,137
4,15,137
4,15,137
4,15,137
4,15,137
4,15,137
3,15,137
3,15,137
2,15,138
2,15,138
2,14,138
2,14,138
2,14,138
2,14,138
4,14,138
4,14,138
4,14,138
4,14,138
4,14,138
4,14,137
4,14,137
4,15,137
2,15,137
2,14,137
2,14,137
2,14,137
2,14,137
2,15,137
2,15,137
2,15,137
2,15,137
2,15,137
2,15,137
2,15,136
2,15,136
2,15,136
2,15,135
1,15,135
1,15,135
1,15,135
1,15,135
2,15,135
2,15,135
2,16,134
2,15,134
2,14,134
2,14,134
2,13,134
2,13,134
2,14,134
2,14,132
2,14,132
3,14,131
3,14,129
3,14,128
3,15,128
2,15,127
2,15,126
3,15,135
3,14,135
3,14,135
3,14,135
3,14,135
3,14,135
3,14,135
3,14,135
3,14,135
3,14,135
3,14,135
3,14,135
3,14,135
3,14,135
3,14,135
3,14,135
3,14,135
3,14,135
3,14,135
3,14,135
3,14,135
3,14,135
3,14,135
3,14,135
3,14,135
3,14,135
3,14,135
3,14,135
4,15,136
4,15,136
4,15,136
4,15,136
4,15,136
4,15,136
3,14,135
3,14,135
3,14,135
3,14,135
3,14,135
3,14,135
3,14,135
3,14,135
3,14,136
3,14,136
3,14,136
3,14,136
3,14,136
3,14,136
4,15,137
4,15,137
4,15,137
3,14,136
3,14,136
3,14,136
3,14,136
3,14,136
3,14,136
3,14,136
3,14,136
4,14,137
4,14,137
4,14,137
4,14,137
4,14,137
4,14,138
4,14,137
4,14,137
4,14,137
1,14,136
1,14,136
1,14,136
1,14,136
1,14,136
1,14,136
2,14,137
2,14,137
2,15,137
2,14,137
2,14,137
2,14,138
2,14,138
2,14,138
2,14,138
2,14,138
3,14,138
4,14,138
4,14,137
3,14,137
3,14,137
3,14,137
3,14,137
3,14,137
3,14,137
3,14,138
4,14,138
4,14,138
4,14,138
4,14,138
4,14,138
2,14,138
2,14,138
2,14,138
2,14,140
2,14,140
2,14,140
2,14,140
2,14,140
2,14,140
2,14,139
2,14,138
2,14,138
2,14,138
2,14,138
2,15,138
2,15,138
2,15,138
2,15,138
3,15,138
3,15,137
3,15,137
4,15,137
4,15,137
4,15,137
4,15,137
4,15,137
4,15,137
3,15,137
3,15,137
3,15,138
2,15,138
2,15,138
2,14,138
2,14,138
2,14,138
2,14,138
3,14,138
4,14,138
4,14,138
4,14,138
4,14,138
4,14,138
4,14,138
3,14,138
2,14,137
2,14,137
2,14,137
2,14,137
2,14,137
2,14,137
2,15,137
2,15,137
2,15,137
2,15,137
2,15,137
2,15,136
2,15,136
2,15,136
2,15,136
1,15,135
1,15,135
1,15,135
1,15,134
2,15,134
2,15,134
2,15,134
2,14,134
2,14,134
2,13,134
2,13,134
2,13,134
2,13,134
2,14,132
2,14,132
3,14,131
3,14,131
3,14,128
3,15,128
2,15,127
2,15,126
3,15,135
3,15,135
3,15,135
3,14,135
3,14,135
3,14,135
3,14,135
3,14,135
3,14,135
3,14,135
3,14,135
3,14,135
3,14,135
3,14,135
3,14,135
3,14,135
3,14,135
3,14,135
3,14,135
3,14,135
3,14,135
3,14,135
3,14,135
3,14,135
3,14,135
3,14,135
3,14,135
3,14,135
4,15,136
4,15,136
4,15,136
4,15,136
4,15,136
4,15,136
4,15,136
3,14,136
3,14,136
3,14,135
3,14,135
3,14,135
3,14,135
3,14,136
3,14,136
3,14,136
3,14,136
3,14,136
3,14,136
3,14,136
3,14,136
4,15,137
4,15,137
4,15,137
3,14,136
3,14,136
3,14,136
3,14,136
3,14,136
3,14,136
3,14,136
3,14,136
3,14,137
4,14,137
4,14,137
4,14,137
4,14,137
4,14,137
4,14,137
4,14,137
4,14,137
3,14,136
2,14,136
1,14,136
1,14,136
1,14,136
2,14,136
2,14,137
2,14,137
2,14,137
2,14,138
2,14,138
2,14,138
2,14,138
2,14,138
2,14,138
2,14,138
2,14,138
3,14,138
3,14,138
3,14,138
3,14,137
3,14,137
3,14,137
3,14,137
3,14,138
4,14,138
4,14,138
4,14,138
4,14,138
4,14,138
4,14,138
2,14,138
2,14,138
2,14,138
2,14,138
2,14,140
2,14,140
2,14,140
2,14,140
2,14,139
2,14,138
2,14,138
2,14,138
2,14,138
2,14,138
2,14,138
2,14,138
2,14,138
2,14,138
2,15,138
2,15,137
2,15,137
3,15,137
4,15,137
4,15,137
4,15,137
4,15,137
3,15,137
3,15,137
3,15,138
3,15,138
2,15,138
2,14,138
2,14,138
2,14,138
2,14,138
2,14,138
3,14,138
3,14,138
4,15,138
4,14,138
4,14,138
4,14,138
3,14,138
3,14,138
2,14,138
2,14,138
2,14,137
2,14,137
2,14,137
2,14,138
2,14,138
2,15,137
3,15,137
2,15,137
2,15,137
2,15,137
2,15,136
2,15,136
2,15,136
2,15,135
2,15,135
2,15,134
2,15,134
2,15,134
2,15,134
2,15,134
2,14,134
2,14,134
2,13,134
2,13,134
2,13,134
2,13,134
2,14,132
2,14,132
3,14,131
3,14,131
3,14,130
3,15,128
2,15,128
2,15,127
1,15,126
3,15,135
3,15,135
3,15,135
3,14,135
3,14,135
3,14,135
3,14,135
3,14,135
3,14,135
3,14,135
3,14,135
3,14,135
3,14,135
3,14,135
3,14,135
3,14,135
3,14,135
3,14,135
3,14,135
3,14,135
3,14,135
3,14,135
3,14,135
3,14,135
3,14,135
3,14,135
3,14,135
3,14,135
4,15,136
4,15,136
4,15,136
4,15,136
4,15,136
4,15,136
4,15,136
4,15,136
3,14,136
3,14,136
3,14,136
3,14,136
3,14,136
4,15,136
4,15,137
4,15,137
4,15,137
4,15,136
3,14,136
3,14,136
3,14,136
3,14,136
4,15,137
4,15,137
3,14,136
3,14,136
3,14,136
3,14,136
3,14,136
3,14,136
3,14,136
3,14,136
3,14,136
4,14,137
4,14,137
4,15,137
4,15,137
4,15,137
4,15,137
4,14,137
4,14,136
3,14,136
3,14,136
3,14,136
3,14,136
3,14,136
3,14,137
3,14,137
2,14,138
2,14,138
2,14,138
2,14,138
2,14,138
2,14,138
2,14,138
2,14,138
2,14,138
2,14,140
2,14,140
2,14,140
2,14,138
2,14,138
2,14,138
2,14,138
3,14,138
4,14,138
4,14,138
4,14,138
4,14,138
4,14,138
4,14,138
4,14,138
2,14,138
2,14,138
2,14,138
2,14,138
2,14,138
2,14,138
2,14,138
2,14,138
2,14,138
2,14,138
2,14,138
2,14,138
2,14,138
2,14,138
2,14,138
2,14,138
2,14,138
2,14,138
2,14,138
2,14,137
2,14,137
2,14,137
2,14,137
2,14,137
2,14,137
2,14,137
3,15,137
3,15,138
3,15,138
3,15,138
2,15,138
2,14,138
2,14,138
2,14,138
2,14,138
2,14,138
2,15,138
3,15,138
3,15,139
3,15,138
3,14,138
3,14,138
3,14,138
2,14,138
2,14,138
2,14,138
2,14,138
2,14,138
2,14,138
2,14,138
2,14,138
3,14,138
3,15,137
3,15,137
4,15,137
4,15,137
4,15,136
4,15,136
4,15,136
3,15,136
3,15,135
3,15,134
3,15,134
3,15,134
3,15,134
3,14,135
2,14,134
2,14,134
2,13,134
2,13,134
2,13,134
2,13,134
2,14,132
2,14,132
2,14,132
2,14,131
2,15,131
2,15,130
2,15,129
1,15,128
1,15,127
3,14,135
3,14,135
4,15,136
3,15,135
3,14,135
3,14,135
3,14,135
3,14,135
3,14,135
3,14,135
3,14,135
3,14,135
3,14,135
3,14,135
3,14,135
3,14,135
3,14,135
3,14,135
3,14,135
3,14,135
3,14,135
3,14,135
3,14,135
3,14,135
3,14,135
3,14,135
3,14,135
3,14,135
3,14,135
4,15,136
4,15,136
4,15,136
4,15,136
4,15,136
4,15,136
4,15,136
4,15,136
3,14,136
3,14,136
3,14,136
3,14,136
4,15,137
4,15,137
4,15,137
4,15,137
4,15,137
4,15,137
4,15,137
3,14,136
3,14,136
3,14,136
3,14,136
3,14,136
3,14,136
3,14,136
3,14,136
3,14,136
3,14,136
3,14,136
3,14,136
3,14,136
3,14,137
4,15,137
4,15,137
4,15,137
4,15,137
4,15,137
4,15,137
4,14,137
4,14,136
3,14,136
3,14,136
3,14,136
3,14,136
3,14,137
3,14,137
3,14,137
2,14,138
2,14,138
2,14,138
2,14,138
2,14,138
2,14,138
2,14,138
2,14,138
2,14,140
2,14,140
2,14,140
2,14,140
2,14,140
2,14,138
2,14,138
2,14,138
2,14,138
4,14,138
4,14,138
4,14,138
4,14,138
4,14,138
4,14,138
4,14,138
2,14,138
2,14,138
2,14,138
2,14,138
2,14,138
2,14,138
2,14,138
2,14,138
2,14,138
2,14,138
2,14,138
2,14,138
2,14,138
2,14,138
2,14,138
2,14,138
2,14,138
2,14,138
2,14,138
2,14,137
1,14,137
1,14,137
2,13,137
1,13,137
1,13,137
2,14,137
2,14,137
2,14,138
2,15,138
3,15,139
3,15,139
2,15,138
2,14,138
2,14,138
2,14,138
2,15,138
2,15,139
2,15,139
2,15,139
2,15,138
2,15,138
2,14,138
2,14,138
2,14,138
2,14,138
2,14,138
2,14,138
2,14,138
2,14,138
2,14,138
2,14,138
3,14,138
4,14,138
4,14,137
4,15,137
4,15,137
4,15,136
4,15,136
4,15,136
3,15,135
3,15,135
3,15,134
3,15,134
3,15,134
3,14,135
3,14,135
3,14,135
3,14,135
2,14,134
2,13,134
2,13,134
2,13,134
2,14,132
2,14,132
2,14,132
2,14,131
2,15,131
2,15,131
2,15,130
2,15,129
2,15,128
2,15,127
3,14,135
4,15,136
4,15,136
4,15,136
3,14,135
3,14,135
3,14,135
3,14,135
3,14,135
3,14,135
3,14,135
3,14,135
3,14,135
3,14,135
3,14,135
3,14,135
3,14,135
3,14,135
3,14,135
3,14,135
3,14,135
3,14,135
3,14,135
3,14,135
3,14,135
3,14,135
3,14,135
3,14,135
3,14,135
3,14,135
3,14,135
3,14,135
4,15,136
4,15,136
4,15,136
4,15,136
4,15,136
3,14,136
3,14,136
3,14,136
4,15,137
4,15,137
4,15,137
4,15,137
4,15,137
4,15,137
4,15,137
4,15,137
3,14,136
3,14,136
3,14,136
3,14,136
3,14,136
3,14,136
4,14,137
4,14,137
3,14,136
3,14,136
3,14,136
3,14,136
3,14,136
4,15,137
4,15,137
4,15,137
4,15,137
4,15,137
4,15,137
4,14,136
3,14,136
3,14,136
3,14,136
3,14,136
3,14,136
3,14,136
3,14,137
4,14,138
3,14,138
2,14,138
2,14,138
2,14,138
2,14,138
2,14,138
2,14,138
2,14,138
2,14,138
2,14,140
2,14,140
2,14,140
2,14,140
2,14,140
2,14,140
2,14,138
2,14,138
2,14,138
2,14,138
2,14,138
4,14,138
4,14,138
4,14,138
4,14,138
4,14,138
2,14,138
2,14,138
2,14,138
2,14,138
2,14,138
2,14,138
2,14,138
2,14,138
2,14,138
2,14,138
2,14,138
2,14,138
2,14,138
2,14,140
2,14,139
2,14,138
2,14,138
2,14,138
2,14,138
2,14,138
1,13,137
1,13,137
1,13,137
1,13,137
1,13,137
1,13,137
2,14,138
2,14,138
2,14,139
3,15,139
3,15,139
3,15,139
3,15,139
3,15,139
2,15,139
2,15,139
2,15,139
1,15,139
1,15,139
2,15,139
2,15,138
2,14,138
2,14,138
2,14,138
2,14,138
2,14,138
2,14,138
2,14,138
2,14,138
2,14,138
2,14,138
4,14,138
4,14,138
4,14,137
4,14,137
4,14,136
4,14,136
4,14,136
4,14,136
3,14,135
3,14,135
3,14,135
3,14,135
3,14,135
3,14,135
3,14,135
3,14,135
3,14,135
3,14,135
2,13,134
2,13,134
2,14,134
2,14,132
2,14,132
2,14,132
2,14,132
2,15,131
2,15,131
2,15,131
2,15,130
2,15,129
2,15,127
3,14,135
3,14,135
3,14,135
4,15,136
3,14,135
3,14,135
3,14,135
3,14,135
3,14,135
3,14,135
3,14,135
3,14,135
3,14,135
3,14,135
3,14,135
3,14,135
3,14,135
3,14,135
3,14,135
3,14,135
3,14,135
3,14,135
3,14,135
3,14,135
3,14,135
3,14,135
3,14,135
3,14,135
3,14,135
3,14,135
3,14,135
3,14,135
3,14,135
3,14,135
3,14,135
4,15,136
4,15,136
4,15,136
3,14,136
3,14,136
3,14,136
4,15,137
4,15,137
4,15,137
4,15,137
4,15,137
4,15,137
4,15,137
4,15,137
3,14,136
3,14,136
3,14,136
3,14,136
3,14,136
4,14,137
4,14,137
4,14,137
3,14,137
3,14,136
3,14,136
3,14,136
3,14,136
3,14,136
4,15,137
4,15,137
4,15,137
4,15,137
3,14,136
3,14,136
3,14,136
3,14,136
3,14,136
3,14,136
4,14,136
4,14,137
4,14,137
4,14,138
3,14,138
2,14,138
2,14,138
2,14,138
2,14,138
2,14,138
2,14,138
2,14,138
2,14,138
2,14,140
0,14,140
0,14,140
2,14,140
2,14,140
2,14,140
2,14,138
2,14,138
2,14,138
2,14,138
2,14,138
2,14,138
4,14,138
4,14,138
4,14,138
4,14,138
2,14,138
2,14,138
2,14,138
2,14,138
2,14,138
2,14,138
2,14,138
2,14,138
2,14,138
2,14,138
2,14,138
2,14,138
2,14,140
2,14,140
2,14,140
2,14,139
2,14,138
2,14,138
2,14,138
2,14,138
1,13,137
1,13,137
1,13,137
1,13,137
1,13,137
1,13,137
2,14,138
2,14,138
3,15,139
3,15,139
3,15,139
3,15,139
3,15,139
3,15,139
2,15,139
2,15,139
1,15,139
1,15,139
1,16,139
1,15,139
1,15,138
2,14,138
2,14,138
2,14,138
2,14,138
2,14,138
2,14,138
2,14,138
2,14,138
2,14,138
2,14,138
3,14,138
4,14,138
4,14,138
4,14,137
4,14,137
4,14,136
4,14,136
3,14,135
3,14,135
3,14,135
3,14,135
3,14,135
3,14,135
3,14,135
3,14,135
3,14,135
3,14,135
3,14,135
3,14,135
2,14,134
2,14,134
2,14,132
2,14,132
2,14,132
2,14,132
2,15,131
2,15,131
2,15,131
2,15,131
2,15,129
2,15,128
2,15,127
3,14,135
3,14,135
3,14,135
3,14,135
3,14,135
3,14,135
3,14,135
3,14,135
3,14,135
3,14,135
3,14,135
3,14,135
3,14,135
3,14,135
3,14,135
3,14,135
3,14,135
3,14,135
3,14,135
3,14,135
3,14,135
3,14,135
3,14,135
3,14,135
3,14,135
3,14,135
3,14,135
3,14,135
3,14,135
3,14,135
3,14,135
3,14,135
3,14,135
3,14,135
3,14,135
4,15,136
4,15,136
4,15,136
3,14,136
3,14,136
3,14,136
3,14,136
4,15,137
4,15,137
4,15,137
4,15,137
4,15,137
4,15,137
4,15,137
4,15,137
3,14,136
3,14,136
3,14,136
4,14,137
4,14,137
4,14,138
4,14,138
4,14,137
3,14,137
3,14,137
3,14,137
3,14,136
4,14,137
4,15,137
4,15,137
4,15,137
4,15,137
3,14,136
3,14,136
3,14,136
3,14,136
3,14,136
3,14,136
3,14,137
3,14,137
4,14,138
3,14,138
2,14,138
2,14,138
2,14,138
2,14,138
2,14,138
2,14,138
2,14,138
2,14,138
2,14,138
0,14,140
0,14,140
0,14,140
0,14,140
2,14,140
2,14,140
2,14,138
2,14,138
2,14,138
2,14,138
2,14,138
2,14,138
2,14,138
2,14,138
2,14,138
2,14,138
3,14,138
3,14,138
3,14,137
3,14,138
2,14,138
2,14,138
2,14,138
2,14,138
2,14,138
2,14,138
2,14,140
2,14,140
0,14,140
0,14,140
2,14,140
2,14,140
2,14,138
2,14,138
2,14,138
2,14,138
2,14,138
1,13,137
2,14,138
2,14,138
1,13,137
2,14,138
2,14,138
2,14,138
2,14,139
3,15,139
3,15,139
3,15,139
3,15,139
3,15,139
3,15,139
2,15,139
1,15,139
1,15,139
1,16,139
1,15,139
1,15,139
2,14,138
2,14,138
2,14,138
2,14,138
2,14,138
2,14,138
2,14,138
2,14,138
2,14,138
2,14,138
2,14,138
3,14,138
4,14,138
4,14,137
4,14,137
3,14,136
3,14,136
3,14,136
3,14,135
3,14,135
3,14,135
3,14,135
3,14,135
3,14,135
3,14,135
3,14,135
3,14,135
3,14,135
3,14,135
3,14,135
2,14,134
2,14,132
2,14,132
2,14,132
2,14,132
2,15,131
2,15,131
2,15,131
2,15,131
2,15,129
2,15,129
2,15,127
4,15,136
4,15,136
3,14,135
3,14,135
3,14,135
3,14,135
3,14,135
3,14,135
3,14,135
3,14,135
3,14,135
3,14,135
3,14,135
3,14,135
3,14,135
3,14,135
3,14,135
3,14,135
3,14,135
3,14,135
3,14,135
3,14,135
3,14,135
3,14,135
3,14,136
3,14,135
3,14,135
3,14,135
3,14,135
3,14,135
3,14,135
4,15,136
3,14,135
3,14,135
3,14,135
4,15,136
4,15,136
4,15,136
3,14,136
3,14,136
3,14,136
3,14,136
4,15,137
4,15,137
4,15,137
4,15,137
4,15,137
4,15,137
4,15,137
4,15,137
4,14,137
4,14,137
4,14,137
4,14,138
4,14,138
4,14,138
4,14,138
4,14,138
4,14,138
4,14,137
3,14,137
4,14,137
4,15,137
4,15,137
4,15,137
4,15,137
3,14,136
3,14,136
3,14,136
3,14,136
3,14,136
3,14,136
3,14,136
3,14,137
3,14,138
3,14,138
2,14,138
2,14,138
2,14,138
2,14,138
2,14,138
2,14,138
2,14,138
2,14,138
2,14,138
2,14,138
0,14,140
0,14,140
0,14,140
0,14,140
2,14,140
2,14,138
2,14,138
2,14,138
2,14,138
2,14,138
2,14,138
2,14,138
2,14,138
2,14,138
2,14,138
2,14,138
3,14,138
3,14,137
3,14,137
3,14,137
3,14,138
2,14,138
2,14,138
2,14,138
2,14,138
2,14,138
2,14,140
0,14,140
0,14,140
0,14,140
0,14,140
2,14,140
2,14,138
2,14,138
2,14,138
2,14,138
2,14,138
2,14,138
2,14,138
2,14,138
2,14,138
2,14,138
2,14,138
2,14,138
2,14,138
3,15,139
3,15,139
3,15,139
3,15,139
3,15,139
3,15,139
1,15,139
1,15,139
1,15,139
1,15,139
1,15,139
1,15,139
2,14,139
2,14,138
2,14,138
2,14,138
2,14,138
2,14,138
2,14,138
2,14,138
2,14,138
2,14,138
2,14,138
2,14,138
3,14,138
4,14,138
3,14,137
3,14,137
3,14,136
3,14,136
3,14,136
3,14,135
3,14,135
3,14,135
3,14,135
3,14,135
3,14,135
3,14,135
3,14,135
3,14,135
3,14,135
3,14,135
3,14,135
2,14,134
2,14,132
2,14,132
2,14,132
2,14,132
2,15,131
2,15,131
2,15,131
2,15,129
2,15,129
2,16,128
4,15,136
4,15,136
4,15,136
4,15,136
3,14,135
3,14,135
3,14,135
3,14,135
3,14,135
3,14,135
3,14,135
3,14,135
3,14,135
3,14,135
3,14,135
3,14,135
3,14,135
3,14,135
3,14,135
3,14,135
3,14,135
3,14,135
3,14,135
3,14,135
3,14,135
3,14,135
3,14,135
3,14,135
3,14,135
3,14,135
3,14,135
4,15,136
4,15,136
3,14,135
3,14,135
3,14,135
3,14,135
4,15,136
4,15,136
4,15,136
3,14,136
3,14,136
3,14,136
3,14,136
4,15,137
4,15,137
4,15,137
4,15,137
4,15,137
4,15,137
4,15,137
4,14,137
4,14,137
4,14,138
4,14,138
4,14,138
4,14,138
4,14,138
4,14,138
4,14,138
4,14,138
4,14,137
4,14,137
4,14,137
4,15,137
4,15,137
4,15,137
4,15,136
3,14,136
3,14,136
3,14,136
3,14,136
3,14,136
3,14,137
3,14,137
3,14,138
2,14,138
2,14,138
2,14,138
2,14,138
2,14,138
2,14,138
2,14,138
2,14,138
2,14,138
2,14,138
2,14,138
0,14,140
0,14,140
0,14,140
0,14,140
0,14,138
2,14,138
2,14,138
2,14,138
2,14,138
2,14,138
2,14,138
2,14,138
2,14,138
2,14,138
2,14,138
2,14,138
3,14,137
3,14,137
3,14,136
3,14,136
3,14,136
3,14,138
2,14,138
2,14,138
2,14,138
2,14,140
0,14,140
0,14,140
0,14,140
0,14,140
0,14,140
0,14,140
2,14,140
2,14,138
2,14,138
2,14,139
3,15,139
3,15,139
3,15,139
2,14,138
2,14,138
2,14,138
2,14,138
2,14,138
2,14,138
2,14,139
3,15,139
3,15,139
3,15,139
3,15,139
1,15,139
1,15,139
0,15,139
0,14,139
0,14,140
0,14,140
0,14,140
1,14,140
2,14,139
2,14,138
2,14,138
2,14,138
2,14,138
2,14,138
2,14,138
2,14,138
2,14,138
2,14,138
2,14,138
2,14,138
2,14,138
2,14,137
2,14,137
2,14,136
2,14,136
2,14,136
2,14,136
2,14,135
3,14,135
3,14,135
3,14,135
3,14,135
3,14,135
3,14,135
3,14,135
3,14,135
3,14,135
3,14,135
3,14,134
2,14,133
2,14,132
2,14,132
2,14,132
2,15,131
2,15,131
2,15,131
2,15,129
2,15,129
2,15,129
2,15,128
4,15,136
4,15,136
4,15,136
4,15,136
3,14,135
3,14,135
3,14,135
3,14,135
3,14,135
3,14,135
3,14,135
3,14,135
3,14,135
3,14,135
3,14,135
3,14,135
3,14,135
3,14,135
3,14,135
3,14,135
3,14,135
3,14,135
3,14,135
3,14,135
3,14,135
3,14,135
3,14,135
3,14,135
3,14,135
4,15,136
4,15,136
4,15,136
4,15,136
4,15,136
4,15,136
4,15,136
4,15,136
4,15,136
4,15,137
4,15,137
3,14,136
3,14,136
3,14,136
3,14,136
3,14,136
4,15,137
4,15,137
4,15,137
4,15,137
4,15,137
4,14,137
4,14,138
4,14,138
4,14,138
4,14,138
4,14,138
4,14,138
4,14,138
4,14,138
4,14,138
4,14,138
4,14,137
4,14,137
4,15,137
4,15,137
4,15,137
4,15,137
4,15,136
3,14,136
3,14,136
3,14,135
3,14,136
3,14,136
2,14,137
2,14,137
2,14,138
2,14,138
2,14,138
2,14,138
2,14,138
2,14,138
2,14,138
2,14,138
2,14,138
2,14,138
2,14,138
2,14,138
0,14,140
0,14,140
0,14,140
0,14,140
0,14,138
2,14,138
2,14,138
2,14,138
2,14,138
2,14,138
2,14,138
2,14,138
2,14,138
2,14,138
2,14,138
2,14,138
3,14,137
3,14,136
3,14,136
3,14,136
3,14,136
3,14,136
2,14,138
2,14,138
2,14,139
2,14,140
0,14,140
0,14,140
0,14,140
0,13,141
0,13,141
0,14,141
2,14,140
2,14,140
2,14,139
3,15,139
3,15,140
3,15,139
3,15,139
2,14,138
2,14,138
2,14,138
2,14,138
2,14,138
2,14,138
2,14,138
2,14,139
2,15,139
2,15,139
2,15,138
0,15,138
0,15,139
0,14,139
0,14,140
0,14,140
0,14,140
0,14,140
1,14,140
1,14,140
2,14,138
2,14,138
2,14,138
2,14,138
2,14,138
2,14,138
2,14,138
2,14,138
2,14,138
2,14,138
2,14,138
2,14,138
2,14,138
2,14,137
2,14,137
2,14,136
2,14,136
2,14,136
2,14,136
2,14,136
3,14,135
3,14,135
3,14,135
3,14,135
3,14,135
3,14,135
3,14,135
3,14,135
3,14,135
3,14,135
2,14,134
2,14,132
2,14,132
2,14,132
2,14,132
2,15,131
2,15,131
2,15,130
2,15,129
2,15,129
2,15,129
4,15,136
4,15,136
4,15,136
4,15,136
4,15,136
4,15,136
3,14,135
3,14,135
3,14,135
3,14,135
3,14,135
3,14,135
3,14,135
3,14,135
3,14,135
3,14,135
3,14,135
3,14,135
3,14,135
4,15,136
4,15,136
4,15,136
3,14,136
3,14,136
3,14,135
3,14,135
3,14,136
3,14,135
3,14,135
3,14,135
4,15,136
4,15,136
4,15,136
4,15,136
4,15,136
4,15,136
4,15,136
4,15,136
4,15,136
4,15,137
4,15,137
3,14,136
3,14,136
3,14,136
3,14,136
4,15,137
4,15,137
4,15,137
4,15,137
4,14,137
4,14,137
4,14,138
4,14,138
4,14,138
4,14,138
4,14,138
4,14,138
4,14,138
4,14,138
4,14,138
4,14,138
4,14,138
4,14,137
4,15,137
4,15,137
4,15,137
4,15,137
4,15,137
4,15,136
3,14,136
3,14,135
3,14,135
3,14,136
2,14,136
2,14,137
2,14,137
2,14,138
2,14,138
2,14,138
2,14,138
2,14,138
2,14,138
2,14,138
2,14,138
2,14,138
2,14,138
2,14,138
2,14,138
2,14,138
0,14,138
0,14,138
0,14,138
2,14,138
2,14,138
2,14,138
2,14,138
2,14,138
2,14,138
2,14,138
2,14,138
2,14,138
2,14,138
2,14,138
2,14,138
3,14,136
3,14,136
3,14,136
3,14,136
3,14,136
3,14,136
2,14,137
2,14,138
2,14,140
2,14,140
1,14,140
0,14,141
0,13,141
0,13,141
0,13,141
1,14,141
2,14,140
2,14,140
2,14,140
2,14,140
3,15,140
3,15,139
3,15,139
2,14,138
2,14,138
2,14,138
2,14,138
2,14,138
2,14,138
2,14,138
2,14,139
2,14,139
2,15,140
1,15,139
0,15,139
0,15,140
0,15,140
0,14,140
0,14,140
0,14,140
0,14,140
1,14,140
1,14,140
2,14,140
2,14,140
2,14,138
2,14,138
2,14,138
2,14,138
2,14,138
2,14,138
2,14,138
2,14,138
2,14,138
2,14,138
2,14,138
2,15,137
2,15,137
2,15,137
2,15,137
2,14,136
2,15,136
2,14,136
3,15,136
3,15,136
3,15,135
3,14,135
3,14,135
3,14,135
3,14,135
3,14,135
3,14,135
3,14,135
3,14,134
2,14,133
2,14,132
2,14,132
2,14,132
2,14,132
2,15,131
2,15,131
2,15,131
2,15,129
2,15,130
2,15,130
3,14,135
4,15,136
4,15,136
4,15,136
4,15,136
4,15,136
3,14,135
3,14,135
3,14,135
3,14,135
3,14,135
3,14,135
3,14,135
3,14,135
3,14,135
4,15,136
4,15,136
4,15,136
4,15,136
4,15,136
4,15,136
4,15,136
4,15,136
3,14,136
3,14,136
3,14,136
3,14,136
3,14,136
4,15,136
4,15,136
4,15,136
4,15,136
4,15,136
4,15,136
4,15,136
4,15,136
4,15,136
4,15,136
4,15,136
4,15,137
4,15,137
4,15,137
3,14,136
3,14,136
4,15,137
3,14,136
4,15,137
4,15,137
4,14,137
4,14,138
4,14,138
4,14,138
4,14,138
4,14,138
4,14,138
4,14,138
4,14,138
4,14,138
4,14,138
4,14,138
4,14,138
4,14,137
4,14,137
4,15,137
4,15,137
4,15,137
4,15,137
4,15,137
3,14,136
3,14,136
3,14,135
3,14,135
2,14,136
1,14,136
1,14,137
2,14,138
2,14,138
2,14,138
2,14,138
2,14,138
2,14,138
2,14,138
2,14,138
2,14,138
2,14,138
2,14,138
2,14,138
2,14,138
2,14,138
2,14,138
0,14,138
2,14,138
2,14,138
2,14,138
2,14,138
2,14,138
2,14,138
2,14,138
2,14,138
2,14,138
2,14,138
2,14,138
2,14,138
2,14,138
3,14,136
3,14,136
3,14,136
3,14,136
3,14,136
3,14,136
2,14,137
2,14,138
2,14,140
2,14,140
1,14,141
0,14,141
0,14,141
0,13,141
0,13,141
1,14,141
2,14,141
2,14,140
2,14,140
2,14,140
3,15,140
3,15,139
2,14,138
2,14,138
2,14,138
2,14,138
2,14,138
2,14,138
2,14,138
2,14,138
2,14,139
2,14,140
1,15,140
1,15,140
0,15,140
0,15,140
0,15,140
0,15,140
0,14,140
1,15,141
1,15,141
1,15,141
1,15,141
1,14,140
2,14,140
2,14,140
2,14,138
2,14,138
2,14,138
2,14,138
2,14,138
2,14,138
2,14,138
2,14,138
2,14,138
2,15,138
2,15,138
2,15,137
2,15,137
2,15,137
2,14,136
2,14,136
3,14,136
3,14,136
3,15,136
3,15,136
3,14,135
3,14,135
3,14,135
3,14,135
3,14,135
3,14,135
3,14,135
3,14,135
2,14,134
2,14,133
2,14,132
2,14,132
2,14,132
2,15,131
2,15,131
2,15,131
2,15,131
2,15,131
2,15,131
3,14,135
3,14,135
4,15,136
4,15,136
4,15,136
4,15,136
3,14,135
3,14,135
3,14,135
3,14,135
3,14,135
3,14,135
3,14,135
3,14,136
4,15,136
4,15,136
4,15,136
4,15,136
4,15,136
4,15,136
4,15,136
4,15,136
4,15,136
3,14,136
3,14,136
3,14,136
3,14,136
3,14,136
4,15,136
4,15,136
4,15,136
4,15,136
4,15,136
4,15,136
4,15,136
4,15,136
4,15,136
4,15,136
4,15,137
4,15,137
4,15,137
4,15,137
3,14,136
4,15,137
4,15,137
4,15,137
4,15,137
4,15,137
4,14,137
4,14,138
4,14,138
4,14,138
4,14,138
4,14,138
3,13,137
3,13,137
3,14,137
3,14,137
3,14,137
3,14,137
3,14,136
4,14,137
4,14,137
4,15,137
4,15,137
4,15,137
4,15,137
3,14,136
3,14,136
3,14,135
3,14,135
3,14,136
2,14,136
1,14,136
1,14,137
2,14,138
2,14,138
2,14,138
2,14,138
2,14,138
2,14,138
2,14,138
2,14,137
2,14,138
2,14,138
2,14,138
2,14,138
2,14,138
2,14,138
2,14,138
2,14,138
2,14,138
2,14,138
2,14,138
2,14,138
2,14,138
2,14,138
2,14,138
2,14,138
2,14,138
2,14,138
2,14,138
2,14,138
2,14,138
2,14,137
3,14,136
3,14,136
3,14,136
3,14,136
2,14,136
2,13,137
2,14,137
2,14,139
2,14,140
2,14,141
1,14,141
1,14,141
0,14,141
1,14,141
2,14,141
2,14,141
2,14,141
2,14,140
2,14,140
2,14,140
2,14,139
2,14,138
2,14,138
2,14,138
2,14,138
2,14,138
2,14,138
2,14,138
2,14,138
2,14,138
2,14,140
1,14,140
0,15,140
0,15,140
1,15,141
1,15,141
1,15,141
1,15,141
1,15,141
1,15,141
1,15,141
1,15,141
1,15,141
2,14,140
2,14,140
2,14,140
2,14,140
2,14,138
2,14,138
2,14,138
2,14,138
2,14,138
2,14,138
2,14,138
2,15,138
2,15,138
2,15,137
2,15,137
2,15,137
2,14,136
3,14,136
3,14,136
3,14,136
4,15,136
4,15,136
3,14,135
3,14,135
3,14,135
3,14,135
3,14,135
3,14,135
3,14,135
3,14,135
2,14,134
2,14,133
2,14,132
2,14,132
2,14,132
2,14,132
2,15,131
2,15,131
2,15,131
2,15,131
2,15,131
3,14,135
3,14,135
3,14,135
4,15,136
4,15,136
4,15,136
3,14,135
3,14,135
3,14,135
3,14,135
3,14,135
3,14,135
3,14,135
3,14,135
3,14,136
3,14,136
3,14,136
4,15,136
4,15,136
4,15,136
4,15,136
4,15,136
4,15,136
4,15,136
3,14,136
3,14,136
3,14,136
3,14,136
4,15,136
4,15,136
4,15,136
4,15,136
4,15,136
4,15,136
4,15,136
4,15,136
4,15,136
4,15,136
4,15,137
4,15,137
4,15,137
4,15,137
3,14,136
3,14,136
4,15,137
4,15,137
4,15,137
4,15,137
4,15,137
4,14,138
4,14,138
4,14,138
4,14,138
4,14,138
3,13,137
3,13,137
3,13,137
3,14,137
3,14,137
3,14,137
3,14,136
3,14,136
3,14,136
3,14,136
4,15,137
4,15,137
3,14,136
3,14,136
3,14,136
3,14,135
3,14,135
3,14,136
3,14,136
3,14,136
3,14,137
2,14,137
2,14,138
2,14,138
2,14,138
2,14,138
2,14,138
2,13,137
2,13,137
2,13,137
2,14,137
2,14,138
2,14,138
2,14,138
2,14,138
2,14,138
2,14,138
2,14,138
2,14,138
2,14,138
2,14,138
2,14,138
2,14,138
2,14,138
2,14,138
2,14,138
2,14,138
2,14,138
2,14,138
2,14,138
2,14,138
2,14,137
3,14,136
3,14,136
3,14,136
2,14,136
2,13,137
2,13,137
2,14,137
2,14,138
2,15,140
2,15,141
2,14,141
1,14,141
1,14,141
1,14,141
2,14,141
2,14,141
2,14,141
2,14,140
2,14,140
2,14,140
2,14,139
2,14,138
2,14,138
2,14,138
2,14,138
2,14,138
2,14,138
2,14,138
2,14,138
2,14,138
2,14,140
1,14,140
1,15,140
1,15,141
1,15,141
1,15,141
1,15,141
1,15,141
1,15,141
1,15,141
1,15,141
1,15,141
1,15,141
2,15,141
2,14,140
2,14,140
2,14,140
2,14,138
2,14,138
2,14,138
2,14,138
2,14,138
2,14,138
2,14,138
2,15,138
2,15,138
2,15,137
2,15,137
2,14,136
2,14,136
3,14,136
3,14,136
4,15,136
4,15,136
4,15,136
3,14,135
3,14,135
3,14,135
3,14,135
3,14,135
3,14,135
3,14,135
3,14,135
3,14,135
2,14,134
2,14,132
2,14,132
2,14,132
2,14,132
2,14,131
2,14,131
2,15,131
2,14,131
2,14,131
2,15,131
3,14,135
3,14,135
3,14,135
3,14,135
4,15,136
4,15,136
4,15,136
3,14,136
3,14,136
3,14,136
3,14,136
3,14,136
3,14,136
3,14,136
3,14,136
3,14,136
3,14,136
3,14,136
3,14,136
3,14,136
4,15,136
4,15,136
4,15,136
4,15,136
3,14,136
4,15,136
4,15,136
3,14,136
4,15,136
4,15,136
4,15,136
4,15,136
4,15,136
4,15,136
4,15,136
4,15,136
4,15,136
4,15,136
4,15,137
4,15,137
3,14,136
3,14,136
3,14,136
3,14,136
3,14,136
4,14,137
4,14,137
4,14,137
4,14,137
4,14,138
4,14,138
4,14,138
4,14,138
4,14,138
3,13,137
3,13,137
3,13,137
3,13,137
3,14,137
3,14,136
3,14,136
3,14,136
3,14,136
3,14,136
3,14,136
3,14,136
3,14,136
3,14,136
3,14,136
3,14,136
3,14,136
3,14,136
3,14,136
4,15,136
4,14,137
4,14,137
4,14,138
4,14,138
4,14,138
4,14,138
3,14,138
3,14,137
3,13,137
3,13,137
3,14,137
3,14,137
3,14,137
2,14,137
2,14,138
2,14,138
2,14,138
2,14,138
2,14,138
2,14,138
2,14,138
2,14,138
2,14,138
2,14,138
2,14,138
2,14,138
2,14,138
2,14,138
2,14,138
2,14,138
2,14,138
2,14,138
3,14,137
3,14,137
3,14,137
2,14,137
2,13,137
1,13,137
2,13,137
2,14,138
2,14,140
2,14,141
2,14,141
2,14,141
2,14,140
2,14,140
2,14,141
2,14,141
3,15,141
3,15,141
2,14,140
2,14,140
2,14,138
2,14,138
2,14,138
2,14,138
2,14,138
2,14,138
2,14,138
2,14,138
2,14,138
2,14,138
2,14,140
1,14,140
1,14,140
1,15,141
1,15,141
1,15,141
1,15,141
1,15,141
1,15,141
1,15,141
1,15,141
1,15,141
1,15,141
2,15,141
2,14,140
2,14,140
2,14,140
2,14,138
2,14,138
2,14,138
2,14,138
2,14,138
2,14,138
2,14,138
2,14,138
2,15,138
2,15,137
2,15,137
2,14,136
3,14,136
3,14,136
3,14,136
4,15,136
4,15,136
4,15,136
3,14,135
3,14,135
3,14,135
3,14,135
3,14,135
3,14,135
3,14,135
3,14,135
3,14,135
3,14,135
2,14,133
2,14,132
2,14,132
2,14,132
2,14,132
2,14,132
2,14,132
2,14,132
2,14,132
2,14,132
3,14,135
3,14,135
3,14,135
3,14,135
3,14,135
3,14,135
4,15,136
3,14,136
3,14,136
3,14,136
3,14,136
3,14,136
3,14,136
3,14,136
3,14,136
3,14,136
3,14,136
3,14,136
3,14,136
3,14,136
4,15,136
4,15,136
3,14,136
3,14,136
3,14,136
4,15,136
3,14,136
3,14,136
4,15,136
4,15,136
4,15,136
4,15,136
4,15,136
4,15,136
4,15,136
4,15,136
4,15,136
4,15,137
4,15,137
4,15,137
3,14,136
3,14,136
3,14,136
3,14,136
3,14,136
4,14,137
4,14,137
4,14,137
4,14,138
4,14,138
4,14,138
4,14,138
4,14,138
4,14,138
3,13,137
3,13,137
3,13,137
3,14,137
3,14,137
3,14,136
3,14,136
3,14,136
3,14,136
3,14,136
3,14,136
3,14,136
3,14,136
3,14,136
3,14,136
3,14,136
3,14,136
3,14,136
3,14,136
4,15,136
4,15,137
4,14,137
4,14,138
4,14,138
4,14,138
4,14,138
4,14,138
3,14,137
3,14,137
3,14,137
3,14,137
3,14,137
3,14,137
3,14,137
2,14,137
2,14,138
2,14,138
2,14,138
2,14,138
2,14,138
2,14,138
2,14,138
2,14,138
2,14,138
2,14,138
2,14,138
2,14,138
2,14,138
2,14,138
2,14,138
2,14,138
2,14,138
3,15,138
3,15,137
3,14,137
2,14,137
2,13,137
1,13,137
1,13,137
2,14,138
2,14,139
2,14,140
2,14,140
2,14,140
2,14,140
2,14,140
2,14,140
3,15,141
3,15,141
3,15,141
3,15,141
2,14,140
2,14,140
2,14,138
2,14,138
2,14,138
2,14,138
2,14,138
2,14,138
2,14,138
2,14,138
2,14,138
2,14,138
1,14,140
1,14,140
1,15,141
1,15,141
1,15,141
1,15,141
1,15,141
1,15,141
1,15,141
1,15,141
1,15,141
1,15,141
2,15,141
2,14,140
2,14,140
2,14,140
2,14,138
2,14,138
2,14,138
2,14,138
2,14,138
2,14,138
2,14,138
2,14,138
2,14,137
1,14,136
2,14,136
2,14,136
3,14,136
3,14,136
3,14,136
4,14,136
4,14,136
4,14,136
3,14,135
3,14,135
3,14,135
3,14,135
3,14,135
3,14,135
3,14,135
3,14,135
3,14,135
3,14,135
3,14,134
2,14,133
3,14,132
3,14,132
2,14,132
2,14,132
2,14,132
2,14,132
2,14,132
2,14,132
3,14,135
3,14,135
3,14,135
3,14,135
3,14,135
3,14,135
3,14,136
3,14,136
3,14,136
3,14,136
3,14,136
3,14,136
3,14,136
3,14,136
3,14,136
3,14,136
3,14,136
3,14,136
3,14,136
3,14,136
3,14,136
3,14,136
3,14,136
3,14,136
3,14,136
3,14,136
3,14,136
3,14,136
3,14,136
3,14,136
3,14,136
4,15,136
4,15,136
4,15,136
4,15,136
4,15,136
4,15,136
4,15,136
4,15,136
4,15,137
4,14,137
3,14,136
3,14,136
3,14,136
3,14,136
3,14,137
3,14,137
4,14,137
4,14,138
4,14,138
4,14,138
4,14,138
4,14,138
4,14,138
4,14,138
3,14,138
3,14,137
3,15,137
3,15,137
3,15,137
3,15,136
3,14,136
3,14,136
3,14,135
3,14,135
3,14,136
3,14,136
3,14,136
3,14,136
3,14,136
3,14,136
3,14,136
3,14,136
3,14,136
4,14,137
4,15,137
4,14,138
4,14,138
4,14,138
4,14,138
4,14,138
4,14,138
3,14,137
3,14,137
3,14,137
3,14,136
3,14,136
3,14,136
3,14,136
3,14,137
2,14,137
2,14,137
2,14,138
2,14,138
2,14,138
2,14,138
2,14,138
2,14,138
2,14,138
2,14,138
2,14,138
2,14,138
2,14,138
2,14,138
2,14,138
2,14,138
2,14,138
3,15,138
3,15,138
3,15,137
2,14,137
2,14,137
2,14,137
2,14,137
2,14,138
2,14,138
2,14,140
2,14,140
2,14,140
2,14,140
2,14,140
2,14,140
2,14,141
3,15,141
3,15,141
2,14,140
2,14,140
2,14,140
2,14,138
2,14,138
2,14,138
2,14,138
2,14,138
2,14,138
2,14,138
2,14,138
2,14,138
2,14,138
2,14,140
1,14,140
1,15,141
1,15,141
1,15,141
1,15,141
1,15,141
1,15,141
1,15,141
1,15,141
1,15,141
2,15,141
2,15,141
2,14,140
2,14,140
2,14,138
2,14,138
2,14,138
2,14,138
2,14,138
2,14,138
2,14,138
2,14,137
1,14,137
1,14,136
1,14,136
1,14,136
2,14,136
3,14,136
3,14,136
3,14,136
3,14,136
4,14,136
3,14,136
3,14,135
3,14,135
3,14,135
3,14,135
3,14,135
3,14,135
3,14,135
3,14,135
3,14,135
3,14,135
3,14,133
3,14,133
3,14,132
3,14,132
2,14,132
2,14,132
2,14,132
2,14,132
2,14,132
2,14,132
2,15,131
3,14,135
3,14,135
3,14,135
3,14,135
3,14,135
3,14,136
3,14,136
3,14,136
3,14,136
3,14,136
3,14,136
3,14,136
3,14,136
4,15,136
3,14,136
3,14,136
3,14,136
3,14,136
3,14,136
3,14,136
3,14,136
3,14,136
3,14,136
3,14,136
3,14,136
3,14,136
3,14,136
4,14,137
4,14,137
4,15,136
4,15,136
4,15,136
4,15,136
4,15,136
4,15,136
4,15,136
4,15,136
4,15,136
4,14,136
4,14,136
3,14,136
3,14,136
3,14,137
3,14,137
3,14,137
3,14,137
3,14,138
3,14,138
3,14,138
4,14,138
4,14,138
4,14,138
4,14,138
4,14,138
3,14,138
3,14,138
3,14,137
3,15,137
3,15,137
3,15,137
3,15,137
3,14,136
3,14,135
3,14,135
3,14,135
3,14,135
3,14,136
3,14,136
3,14,136
3,14,136
3,14,136
3,14,136
3,14,137
3,14,137
4,14,137
4,14,137
4,14,138
4,14,138
4,14,138
4,14,138
4,14,138
3,14,138
3,14,137
3,14,137
3,14,136
3,14,136
3,14,136
3,14,136
3,14,136
3,14,136
2,14,137
2,14,137
1,13,137
2,14,138
2,14,138
2,14,138
2,14,138
2,14,138
2,14,138
2,14,138
2,14,138
2,14,138
2,14,138
2,14,138
2,14,138
2,14,138
2,14,138
3,15,138
3,15,138
3,15,138
3,15,137
2,14,137
2,14,137
2,14,137
2,14,138
2,14,138
2,14,140
2,14,140
2,14,140
2,14,140
2,14,140
2,14,141
2,14,141
2,14,141
2,14,141
2,14,140
2,14,140
2,14,140
2,14,138
2,14,138
2,14,138
2,14,138
2,14,138
2,14,138
2,14,138
2,14,138
2,14,138
2,14,138
2,14,140
2,14,140
1,15,141
1,15,141
1,15,141
1,15,141
1,15,141
1,15,141
1,15,141
1,15,141
2,15,141
2,15,141
2,15,140
2,14,140
2,14,138
2,14,138
2,14,138
2,14,138
2,14,138
2,14,138
2,14,138
2,14,137
1,14,137
1,14,136
1,14,136
1,14,136
1,14,136
2,14,136
3,14,136
3,14,136
3,14,136
4,14,136
4,14,136
4,14,136
3,14,136
3,14,135
3,14,135
3,14,135
3,14,135
3,14,135
3,14,135
3,14,135
3,14,135
3,14,135
3,14,133
3,14,133
3,14,132
2,14,132
2,14,132
2,14,132
2,14,132
2,14,132
2,14,132
2,14,132
2,14,132
3,14,136
3,14,136
3,14,136
3,14,136
3,14,136
3,14,136
3,14,136
3,14,136
3,14,136
4,15,136
4,15,136
4,15,136
4,15,136
4,15,136
4,15,136
4,15,136
3,14,136
3,14,136
3,14,136
3,14,136
3,14,136
4,15,137
4,15,136
3,14,136
3,14,136
3,14,136
3,14,136
3,14,137
4,14,137
4,15,137
4,15,136
4,15,137
4,15,136
3,15,136
3,15,136
3,15,136
3,15,136
3,14,136
3,14,136
3,14,136
3,14,136
3,14,136
3,14,137
3,14,138
2,14,138
2,14,138
2,14,138
2,14,138
2,14,138
2,14,140
2,14,138
2,14,138
2,14,138
2,14,138
2,14,138
2,14,138
2,14,137
2,15,137
2,15,137
2,15,137
3,15,136
3,14,136
3,14,135
3,14,135
3,14,135
3,14,135
3,14,135
3,14,136
3,14,136
3,14,136
3,14,136
3,14,137
3,14,137
3,14,138
4,14,138
4,14,138
4,14,138
4,14,138
4,14,138
4,14,138
2,14,138
2,14,138
2,14,137
2,14,137
3,14,136
3,14,136
3,14,136
3,14,136
3,14,136
3,14,136
2,14,136
2,14,137
1,13,137
2,14,137
2,14,138
2,14,138
2,14,138
2,14,138
2,14,138
2,14,138
2,14,138
2,14,138
2,14,138
2,14,138
2,14,138
2,14,138
3,14,138
4,15,138
4,15,137
3,15,137
3,15,137
3,14,137
2,14,137
2,14,137
2,14,138
2,14,138
1,14,140
1,14,140
0,14,140
0,14,140
1,14,141
1,14,141
1,14,141
1,14,141
1,14,141
1,14,140
0,14,140
0,14,140
0,14,139
1,14,138
1,15,138
2,15,138
2,14,138
2,14,138
2,14,138
2,14,139
2,14,140
2,14,140
2,14,140
2,14,140
2,14,140
2,15,141
2,15,141
2,15,141
2,14,141
2,14,141
2,14,141
2,15,141
2,15,140
2,15,140
2,15,139
2,14,139
2,14,138
2,14,138
2,14,138
2,14,138
2,14,138
2,14,138
2,14,137
1,14,137
1,14,136
1,14,136
1,14,136
1,14,136
2,14,136
2,14,136
3,14,137
3,14,137
4,14,137
4,14,137
4,14,137
4,14,137
3,14,136
3,14,136
3,14,136
3,14,135
3,14,135
3,14,135
3,14,135
3,14,135
3,14,135
3,14,135
3,14,133
3,14,133
2,14,132
2,14,132
2,14,132
2,14,132
2,14,132
2,14,132
2,14,132
2,14,132
2,14,132
3,14,136
3,14,136
3,14,136
3,14,136
3,14,136
3,14,136
3,14,136
3,14,136
3,14,136
3,14,136
3,14,136
4,15,136
4,15,136
4,15,136
4,15,136
4,15,136
4,15,136
3,14,136
3,14,136
3,14,136
4,15,137
4,15,137
4,15,137
4,15,136
4,14,136
4,14,137
3,14,136
3,14,136
3,14,137
4,14,137
3,15,137
3,15,137
3,15,137
2,15,137
2,15,137
3,15,136
3,14,136
3,14,136
3,14,136
3,14,136
3,14,137
3,14,137
3,14,138
2,14,138
2,14,138
2,14,138
2,14,138
2,14,138
2,14,140
2,14,140
2,14,140
2,14,138
2,14,138
2,14,138
2,14,138
2,14,138
2,14,137
2,15,137
2,15,137
2,15,137
3,14,136
3,14,136
3,14,136
3,14,135
3,14,135
3,14,135
3,14,136
3,14,136
3,14,136
3,14,137
3,14,137
3,14,138
3,14,138
3,14,138
3,14,138
4,14,138
4,14,138
4,14,138
4,14,138
4,14,138
2,14,138
2,14,138
2,14,137
2,14,137
2,14,136
3,14,136
3,14,136
3,14,135
3,14,135
3,14,136
3,14,136
2,14,136
2,13,137
2,13,137
2,14,137
2,14,138
2,14,138
2,14,138
2,14,138
2,14,138
2,14,138
2,14,138
2,14,138
2,14,138
2,14,138
2,14,138
3,14,138
4,15,137
4,15,137
3,15,137
3,14,137
3,14,137
2,14,137
2,14,137
2,14,138
2,14,138
1,14,140
0,14,140
0,14,140
0,14,141
0,14,141
1,14,141
1,14,142
1,14,142
1,14,141
0,14,140
0,14,140
0,14,140
0,14,140
0,15,139
1,15,138
1,15,138
2,15,138
2,14,139
2,14,139
2,14,140
2,14,140
2,14,140
2,14,140
2,14,138
2,14,138
2,14,140
2,14,141
2,15,141
2,14,141
2,14,141
2,14,140
3,15,140
3,15,140
3,15,139
2,15,139
2,14,138
2,14,138
2,14,138
2,14,138
2,14,138
2,14,138
2,14,137
2,14,137
2,14,137
1,14,137
2,15,137
2,15,137
2,15,137
2,15,137
2,14,137
3,14,137
3,14,137
4,14,137
3,14,137
4,14,137
4,14,137
4,14,137
4,14,137
3,14,136
3,14,136
3,14,135
3,14,135
3,14,135
3,14,135
3,14,134
3,15,133
3,15,133
3,14,133
2,14,132
2,14,132
2,14,132
2,14,132
2,14,132
2,14,132
2,14,132
2,14,132
2,14,132
3,14,136
3,14,136
3,14,136
3,14,136
3,14,136
3,14,136
3,14,136
3,14,136
3,14,136
3,14,136
3,14,136
3,14,136
3,14,136
4,15,136
4,15,136
4,15,136
4,15,136
4,15,136
3,14,136
3,14,136
3,14,136
3,14,136
4,15,137
4,15,136
4,15,136
4,14,136
3,14,136
3,14,136
3,14,136
3,14,137
3,14,137
3,15,137
3,15,137
2,15,137
2,15,137
2,15,137
2,15,137
3,14,136
3,14,136
3,14,136
3,14,136
3,14,137
3,14,138
2,14,138
2,14,138
2,14,138
2,14,138
2,14,138
2,14,138
2,14,140
2,14,140
2,14,140
2,14,138
2,14,138
2,14,138
2,14,138
2,14,137
2,14,137
2,15,137
2,15,137
2,15,137
2,14,136
3,14,136
3,14,136
3,14,136
3,14,136
3,14,136
3,14,136
3,14,136
3,14,137
4,14,137
4,14,138
3,14,138
3,14,138
3,14,138
3,14,138
4,14,138
4,14,138
4,14,138
4,14,138
4,14,138
2,14,138
2,14,138
2,14,137
2,14,137
2,14,136
3,14,136
3,14,135
3,14,135
3,14,135
3,14,135
3,14,136
3,14,136
3,14,137
3,14,137
2,14,137
2,14,137
2,14,137
2,14,138
2,14,138
2,14,138
2,14,138
2,14,138
2,14,138
2,14,138
2,14,138
2,14,138
4,14,138
4,15,137
4,15,137
4,14,137
3,14,136
3,14,136
3,14,136
2,14,137
2,14,138
2,14,138
1,14,140
0,14,140
0,14,141
0,14,141
0,13,141
0,14,142
1,14,142
1,14,142
0,14,141
0,14,140
0,14,140
0,14,140
0,14,140
0,15,140
0,15,138
1,15,138
1,15,138
1,14,139
2,14,140
2,14,140
2,14,140
2,14,140
2,14,138
2,14,138
2,14,138
2,14,138
2,14,138
2,14,140
2,14,140
2,14,140
3,15,140
3,15,140
3,15,139
3,15,139
3,15,139
2,14,138
2,14,138
2,14,138
2,14,138
2,14,138
2,14,138
2,14,137
2,14,137
2,14,137
2,15,137
2,15,137
2,15,137
2,15,137
2,15,137
3,15,137
3,15,137
4,14,137
4,14,137
4,14,137
4,14,137
4,14,137
4,14,137
4,14,137
4,15,137
4,14,137
3,14,136
3,14,135
3,14,135
3,14,135
3,14,135
3,15,133
3,15,133
2,14,132
2,14,132
2,14,132
2,14,132
2,14,132
2,14,132
2,14,132
2,14,132
2,14,132
2,14,132
2,14,132
3,14,136
3,14,136
3,14,136
3,14,135
3,14,135
3,14,136
3,14,136
3,14,136
3,14,136
3,14,136
3,14,136
3,14,136
3,14,136
4,15,136
4,15,136
4,15,136
4,15,136
4,15,136
3,14,136
3,14,136
3,14,136
3,14,136
3,14,136
3,14,136
3,14,136
3,14,136
3,14,136
3,14,136
3,14,136
3,14,136
3,14,136
3,15,137
3,15,137
2,15,137
2,15,137
2,15,137
2,15,137
3,14,136
3,14,136
3,14,136
3,14,136
3,14,137
3,14,138
2,14,138
2,14,138
2,14,138
2,14,138
2,14,138
2,14,138
2,14,138
2,14,140
2,14,138
2,14,138
2,14,138
2,14,138
2,14,137
2,14,137
2,14,137
2,14,136
2,14,136
2,14,136
3,14,136
3,14,136
3,14,136
3,14,136
3,14,136
3,14,136
4,14,136
4,14,137
4,14,137
4,14,138
4,14,138
4,14,138
3,14,138
3,14,138
3,14,138
4,14,138
4,14,138
4,14,138
4,14,138
4,14,138
4,14,138
2,14,138
2,14,138
3,14,137
3,14,137
3,14,136
3,14,136
3,14,135
3,14,135
3,14,136
3,14,136
3,14,136
3,14,136
3,14,136
3,14,136
2,13,137
2,14,137
2,14,137
2,14,138
2,14,138
2,14,138
2,14,138
2,14,138
2,14,138
2,14,138
2,14,138
4,15,137
4,15,137
4,15,137
4,14,137
3,14,136
3,14,136
3,14,136
2,14,137
2,14,138
2,14,138
1,14,140
1,14,140
0,14,141
0,14,142
0,14,142
1,14,142
1,14,142
1,14,142
1,14,142
0,14,141
0,14,140
0,14,140
0,14,140
0,15,140
1,15,139
1,15,139
1,15,139
1,15,139
2,14,140
2,14,140
2,14,140
2,14,140
2,14,138
2,14,138
2,14,138
2,14,138
2,14,138
2,14,138
2,14,138
2,14,140
2,14,140
3,15,140
3,15,139
3,15,139
3,15,139
2,14,139
2,14,138
2,14,138
2,14,138
2,14,138
2,14,137
2,14,137
2,14,136
2,14,136
2,14,136
2,15,137
2,15,137
2,15,137
3,15,137
3,15,137
3,15,137
4,14,137
4,14,137
4,14,137
4,14,137
4,14,137
4,14,137
4,14,137
4,14,137
4,14,137
3,14,136
3,14,136
3,14,135
3,14,135
3,14,135
3,14,134
3,14,133
2,14,133
2,14,132
2,14,132
2,14,132
2,14,132
2,14,132
2,14,132
2,14,132
2,14,132
2,14,132
2,14,132
3,14,136
3,14,136
3,14,135
3,14,135
3,14,135
3,14,135
3,14,136
3,14,136
3,14,136
4,15,136
4,15,136
3,14,136
3,14,135
3,14,135
4,15,136
4,15,136
4,15,136
4,15,136
3,14,136
3,14,136
3,14,136
3,14,136
3,14,136
3,14,136
3,14,136
3,14,136
3,14,136
3,14,136
3,14,136
3,14,136
3,14,136
3,14,136
3,15,137
2,15,137
2,15,137
2,15,137
2,15,137
3,15,137
3,14,136
3,14,136
3,14,136
3,14,137
3,14,138
2,14,138
2,14,138
2,14,138
2,14,138
2,14,138
2,14,138
2,14,138
2,14,138
2,14,138
2,14,138
2,14,138
2,14,138
2,14,137
2,14,137
2,14,136
2,14,136
2,14,136
3,14,136
3,14,136
3,14,136
3,14,136
3,14,136
3,14,136
4,14,136
4,14,137
4,14,137
4,14,138
4,14,138
4,14,138
4,14,138
4,14,138
3,14,138
3,14,138
3,14,138
4,14,138
4,14,138
4,14,138
4,14,138
4,14,138
4,14,138
4,14,138
4,14,137
4,14,137
3,14,137
3,14,136
3,14,136
3,14,136
3,14,136
3,14,136
3,14,136
3,14,136
3,14,136
3,14,136
3,14,136
3,14,136
2,14,136
2,14,136
2,14,137
2,14,137
2,14,138
2,14,138
2,14,138
2,14,138
4,14,138
4,15,137
4,15,137
4,15,137
4,15,137
3,14,136
3,14,136
3,14,136
3,14,136
2,14,138
2,14,138
2,14,140
1,14,140
1,14,141
1,14,142
1,14,142
1,14,142
1,14,142
1,14,142
1,14,142
1,14,142
1,14,141
0,14,140
0,14,140
1,14,140
1,15,140
1,15,140
1,15,140
1,15,140
1,15,140
1,14,140
2,14,140
2,14,138
2,14,138
2,14,138
2,14,138
2,14,138
2,14,138
2,14,138
2,14,138
2,14,138
2,14,139
2,14,139
3,15,140
3,15,140
3,15,140
2,14,140
2,14,139
2,14,138
2,14,138
2,15,137
2,15,137
2,15,137
2,14,136
2,14,136
2,14,136
2,15,137
3,15,137
2,15,137
3,15,137
3,15,137
3,14,137
3,14,137
3,14,137
3,14,137
3,14,137
4,14,138
4,14,138
4,14,138
4,14,137
4,14,137
3,14,137
3,14,136
3,14,135
3,14,135
3,14,135
3,14,135
3,14,134
2,14,133
2,14,132
2,14,132
2,14,132
2,14,132
2,14,132
2,14,132
2,14,132
2,14,132
2,14,132
2,14,132
3,14,136
3,14,135
3,14,135
3,14,135
3,14,135
3,14,135
3,14,135
3,14,135
3,14,136
4,15,136
3,14,136
3,14,135
3,14,135
3,14,135
3,14,135
3,14,136
3,14,136
4,15,137
3,14,136
3,14,136
3,14,136
3,14,136
3,14,136
3,14,136
3,14,136
3,14,136
3,14,136
3,14,136
3,14,136
3,14,136
3,14,136
3,14,136
3,15,137
2,15,137
2,15,137
2,15,137
2,15,137
3,15,137
3,14,137
3,14,137
3,14,137
3,14,138
3,14,138
2,14,138
2,14,138
2,14,138
2,14,138
2,14,138
2,14,138
2,14,138
2,14,138
2,14,138
2,14,138
2,14,138
2,14,137
2,14,137
2,14,137
2,14,136
2,14,136
2,14,136
3,14,136
3,14,136
3,14,136
3,14,136
3,14,136
3,14,136
4,14,137
4,14,137
4,14,138
4,14,138
4,14,138
4,14,138
4,14,138
4,14,138
4,14,138
3,13,137
3,13,137
4,14,138
4,14,138
4,14,138
4,14,138
4,14,138
4,14,138
4,14,138
4,14,137
4,14,137
4,15,137
4,15,137
4,15,136
4,15,136
4,15,136
4,15,136
3,14,136
3,14,136
3,14,136
3,14,136
3,14,136
3,14,136
3,14,136
3,14,136
3,14,136
3,14,137
2,14,137
2,14,138
2,14,138
3,14,138
4,14,138
4,15,137
4,15,137
4,15,137
4,15,137
3,14,136
3,14,136
3,14,136
3,14,137
2,14,138
2,14,138
2,14,140
2,14,140
1,14,142
1,14,142
1,14,142
1,14,142
1,14,142
1,14,142
1,14,142
1,14,142
1,14,142
1,14,141
0,14,140
0,14,140
1,15,140
1,15,140
1,15,140
1,15,140
1,15,140
1,15,140
2,14,140
2,14,138
2,14,138
2,14,138
2,14,138
2,14,138
2,14,138
2,14,138
2,14,138
2,14,138
2,14,139
2,14,139
3,15,140
3,15,140
3,15,141
3,15,141
3,14,140
2,14,138
2,14,138
2,15,137
2,15,137
2,15,137
2,14,136
3,14,136
3,14,136
3,14,136
3,14,136
3,15,137
3,14,136
3,14,136
3,14,136
3,14,136
3,14,137
3,14,137
3,14,137
3,14,138
3,14,138
4,14,138
4,14,138
4,14,137
4,14,137
3,14,137
3,14,136
3,14,135
3,14,135
3,14,135
3,14,135
3,14,134
2,14,133
2,14,132
2,14,132
2,14,132
2,14,132
2,14,132
2,14,132
2,14,132
2,14,132
2,14,132
3,15,135
3,14,135
3,14,135
3,14,135
3,14,135
3,14,135
3,14,135
3,14,135
3,15,135
4,15,136
3,15,135
3,14,135
3,14,135
3,14,135
3,14,135
3,14,136
3,14,136
3,14,136
3,14,136
3,14,136
3,14,136
3,14,136
3,14,136
3,14,136
3,14,136
3,14,136
3,14,136
3,14,136
3,14,136
3,14,136
3,14,136
3,14,136
2,15,137
2,15,137
2,15,137
2,15,137
2,15,137
3,15,137
3,14,137
3,14,137
3,14,137
3,14,138
2,14,138
2,14,138
2,14,138
2,14,138
2,14,138
2,14,138
2,14,138
2,14,138
2,14,138
2,14,138
2,14,138
2,14,138
2,14,137
3,14,137
3,14,136
2,14,136
3,14,136
3,14,136
3,14,136
3,14,136
3,14,136
3,14,136
3,14,137
3,14,137
4,14,137
4,14,138
4,14,138
4,14,138
4,14,138
4,14,138
4,14,138
4,14,138
4,14,138
3,14,137
3,13,137
3,13,137
4,14,138
4,14,138
4,14,138
4,14,138
4,14,138
4,14,138
4,14,137
4,14,137
4,15,137
4,15,137
4,15,137
4,15,137
4,15,136
4,15,136
4,15,136
4,15,136
3,14,136
3,14,136
3,14,136
3,14,136
3,14,136
3,14,136
3,14,136
3,14,136
3,14,137
3,14,138
3,14,138
4,14,138
4,14,138
4,15,137
4,15,137
4,15,137
4,15,137
3,14,136
3,14,136
3,14,136
3,14,137
2,14,138
2,14,138
2,14,140
2,14,140
2,14,141
1,14,142
1,14,142
1,14,142
1,14,142
1,14,142
1,14,142
1,14,142
1,14,142
1,14,142
1,14,141
1,14,141
1,14,140
1,15,140
1,15,140
0,15,140
0,15,140
0,15,140
0,14,140
1,14,138
2,14,138
2,15,138
2,14,138
2,14,138
2,14,138
2,14,138
2,14,138
2,14,138
2,14,138
2,14,139
2,15,140
2,15,141
3,14,141
3,15,141
2,14,141
2,14,140
2,14,138
2,15,137
3,15,137
3,15,137
3,14,136
3,14,136
3,14,136
3,14,136
3,14,136
3,14,136
3,14,136
3,14,136
3,14,136
3,14,136
3,14,137
3,14,137
3,14,138
3,14,138
2,14,138
2,14,138
2,14,138
3,14,138
3,14,138
3,14,137
3,14,136
3,14,136
3,14,135
3,14,135
3,14,135
3,14,135
3,14,134
2,14,132
2,14,132
2,14,132
2,14,132
2,14,132
2,14,132
2,14,132
2,14,132
2,14,131
3,15,136
3,15,135
3,15,135
3,14,135
3,14,135
3,14,135
3,14,135
3,15,135
3,15,135
3,15,135
3,15,135
3,15,135
3,15,135
3,14,135
3,14,135
3,14,136
3,14,136
3,14,136
3,14,136
3,14,136
3,14,136
3,14,136
3,14,136
3,14,136
2,14,136
2,14,136
2,14,136
2,14,136
3,14,136
3,14,136
3,14,136
3,14,136
2,14,136
2,15,137
2,15,137
2,15,137
2,15,137
2,15,137
3,15,137
3,14,137
3,14,137
3,14,138
2,14,138
2,14,138
2,14,138
2,14,138
2,14,138
2,14,138
2,14,138
2,14,138
2,14,138
2,14,138
2,14,138
2,14,138
3,14,137
3,14,137
3,14,137
3,14,136
3,14,136
3,14,136
3,14,136
3,14,136
3,14,136
3,14,136
3,14,137
3,14,137
3,14,137
3,14,138
4,14,138
4,14,138
4,14,138
4,14,138
4,14,138
4,14,138
4,14,138
4,14,138
3,14,137
3,13,137
3,13,137
4,14,138
4,14,138
4,14,138
4,14,138
4,14,138
4,14,138
4,14,138
4,14,137
4,15,137
4,15,137
4,15,137
4,15,137
4,15,136
4,15,136
4,15,136
4,15,136
3,14,136
3,14,136
3,14,136
3,14,136
3,14,136
3,14,136
3,14,136
3,14,136
3,14,137
3,14,138
4,14,138
4,14,138
4,14,138
4,15,137
4,15,137
4,15,137
4,15,137
3,14,136
3,14,136
3,14,136
3,14,137
3,14,137
2,14,138
2,14,140
2,14,140
2,14,140
2,14,142
1,14,142
1,14,142
1,14,142
1,14,142
1,14,142
1,14,142
1,14,142
1,14,142
1,14,141
1,14,141
1,14,141
1,15,141
1,15,141
1,15,140
0,15,140
0,14,140
0,14,140
0,15,138
1,15,138
2,15,138
2,15,138
2,15,138
2,15,138
2,15,138
2,15,138
2,15,138
2,14,138
2,14,139
2,14,140
2,14,141
2,14,141
2,14,141
2,14,141
2,14,141
3,15,138
3,15,137
4,15,137
4,15,137
4,15,137
4,15,137
3,14,136
3,14,136
3,14,136
3,14,136
3,14,136
3,14,136
3,14,136
3,14,136
3,14,137
3,14,138
2,14,138
2,14,138
2,14,139
2,14,138
2,14,138
2,14,138
3,14,138
3,14,137
3,14,136
3,14,136
3,14,136
3,14,135
3,14,135
3,14,135
3,14,135
2,14,134
2,14,132
2,14,132
2,14,132
2,14,132
2,14,132
2,14,132
2,14,131
2,14,131
2,15,131
2,16,136
2,15,136
2,15,136
2,15,136
2,15,135
2,16,136
2,16,136
2,15,136
2,15,135
2,15,135
3,15,135
3,15,135
3,15,135
3,14,135
3,14,136
3,14,136
3,14,136
3,14,136
3,14,136
3,14,136
3,14,136
3,14,136
3,14,136
3,15,137
2,15,137
2,14,136
2,14,136
2,14,136
2,14,136
2,14,136
2,14,136
2,14,136
2,15,137
2,15,137
3,15,137
3,15,137
4,15,137
3,15,137
2,15,137
2,15,137
2,14,138
2,14,138
2,14,138
2,14,138
2,14,138
2,14,138
2,14,138
2,14,138
2,14,138
2,14,138
2,14,138
2,14,138
2,14,138
3,15,138
4,15,137
4,15,137
4,14,137
3,14,136
3,14,136
3,14,136
3,14,136
3,14,136
3,14,137
3,14,137
3,14,137
3,14,138
3,14,138
3,14,138
3,14,138
4,14,138
4,14,138
4,14,138
4,14,138
4,14,138
4,14,138
4,14,138
3,14,137
3,14,137
3,14,137
3,14,137
3,14,138
3,14,138
3,14,138
2,14,138
2,14,138
3,14,138
4,14,138
4,15,137
4,15,137
4,15,137
4,15,137
4,15,136
4,15,136
4,15,136
3,14,136
3,14,135
3,14,135
3,14,136
3,14,136
3,14,136
3,14,136
3,14,136
3,14,136
4,14,137
4,14,138
4,14,138
4,14,138
4,14,138
4,15,137
4,15,137
4,15,137
4,15,137
4,15,137
3,14,136
3,14,136
3,14,137
3,14,137
2,14,138
2,14,139
2,14,140
2,14,140
2,14,141
2,14,142
1,14,142
1,14,142
1,14,142
1,14,142
1,14,142
1,14,142
1,14,142
1,14,142
1,14,141
1,14,141
1,14,141
1,14,141
1,14,141
0,14,141
0,15,140
0,15,140
0,15,139
1,15,138
1,15,138
1,15,138
1,15,138
1,15,138
0,15,138
0,15,138
0,15,138
1,15,138
1,15,139
1,15,140
1,14,141
1,14,141
1,14,141
2,14,141
3,14,141
3,15,139
4,15,138
4,15,137
4,15,137
4,15,137
4,15,137
4,15,137
4,15,137
4,15,137
3,14,136
3,14,136
3,14,136
3,14,136
3,14,137
3,14,138
2,14,138
2,14,139
2,14,140
2,14,140
2,14,138
2,14,138
2,14,138
2,14,138
3,14,138
3,14,137
3,14,136
3,14,136
3,14,135
3,14,135
3,14,135
3,14,135
3,14,135
2,14,134
2,14,132
2,14,132
2,14,132
2,14,132
2,14,132
2,14,131
2,14,131
2,15,131
2,16,136
2,16,136
2,16,136
2,16,136
2,16,136
2,16,136
2,16,136
2,16,136
2,15,135
2,15,135
2,15,135
3,15,135
3,15,136
3,15,136
3,14,136
3,14,136
3,14,136
3,14,136
3,14,136
3,15,137
3,15,137
3,15,137
3,15,137
2,15,137
2,15,137
2,15,137
2,15,137
2,15,137
2,15,137
2,14,136
2,14,136
2,15,137
2,15,137
2,15,137
3,15,137
4,15,137
4,15,137
3,15,137
2,15,137
2,15,137
2,14,138
2,14,138
2,14,138
2,14,138
2,14,138
2,14,138
2,14,138
2,14,138
2,14,138
2,14,138
2,14,138
2,14,138
2,15,137
3,15,137
4,15,137
4,15,137
3,14,136
3,14,136
3,14,136
3,14,136
3,14,136
4,14,137
4,14,138
4,14,138
3,14,138
3,14,138
2,14,138
3,14,138
3,14,138
3,14,138
4,14,138
4,14,138
4,14,138
4,14,138
4,14,138
4,14,138
4,14,137
3,14,137
3,14,137
3,14,138
3,14,138
3,14,138
2,14,138
2,14,138
2,14,138
2,14,138
3,14,138
4,14,137
4,15,137
4,15,137
4,15,137
4,15,136
4,15,136
3,14,136
3,14,135
3,14,135
3,14,135
3,14,135
3,14,136
3,14,136
3,14,136
3,14,136
4,14,137
4,14,137
4,14,138
4,14,138
4,14,138
4,14,138
4,14,138
4,15,137
4,15,137
4,15,137
4,15,137
3,14,136
3,14,136
3,14,136
3,14,137
2,14,138
2,14,138
2,14,140
2,14,140
2,14,140
2,14,140
2,14,141
1,14,141
1,14,141
1,14,141
1,14,141
1,14,142
1,14,142
1,14,142
1,14,142
1,14,142
1,14,141
1,14,141
1,14,141
0,14,141
0,14,141
0,15,140
1,15,140
1,15,140
1,15,139
1,15,138
1,15,138
1,15,138
0,15,138
0,15,138
0,15,138
1,15,139
1,15,139
1,15,140
1,15,141
1,14,142
1,14,142
1,14,142
2,14,141
3,14,140
3,15,138
4,15,138
4,15,137
4,15,137
4,15,137
4,15,137
4,15,137
4,15,137
4,15,137
3,14,136
3,14,136
3,14,137
3,14,138
2,14,138
2,14,138
2,14,140
2,14,140
2,14,140
2,14,140
2,14,138
2,14,138
2,14,138
2,14,138
3,15,137
3,15,137
3,15,136
3,14,136
3,14,135
3,14,135
3,14,135
3,14,135
3,14,135
2,14,134
2,14,132
2,14,132
2,14,132
2,14,132
2,14,132
2,14,131
2,15,131
2,16,136
2,16,136
2,16,136
2,16,136
2,16,136
2,16,136
2,16,136
2,16,136
2,15,136
2,15,136
2,15,136
2,15,136
3,15,136
3,15,136
4,15,136
4,15,136
4,15,136
3,14,136
3,14,136
3,15,137
3,15,137
3,15,137
2,15,137
2,15,137
2,15,137
1,14,136
2,15,137
2,15,137
2,15,137
2,15,137
2,15,137
2,15,137
2,15,137
2,15,137
3,15,137
4,15,137
4,15,137
3,15,137
2,15,137
2,15,137
2,14,138
2,14,138
2,14,138
2,14,138
2,14,140
2,14,140
2,14,140
2,14,138
2,14,138
2,14,138
2,14,138
2,15,137
2,15,137
3,15,137
3,15,137
3,14,136
3,14,136
3,14,136
3,14,136
3,14,136
3,14,136
4,14,138
4,14,138
3,14,138
2,14,138
2,14,138
2,14,138
2,14,140
2,15,140
3,15,139
3,14,138
3,14,138
4,14,138
4,14,138
4,14,138
4,14,138
3,14,137
3,14,137
3,14,137
3,14,138
2,14,138
2,14,138
2,14,138
2,14,138
2,14,138
2,14,138
2,14,138
2,14,138
4,14,137
4,15,137
4,15,137
4,15,137
4,15,136
3,14,136
3,14,135
3,14,135
3,14,135
3,14,135
3,14,136
3,14,136
3,14,136
3,14,136
4,14,137
4,14,137
4,14,138
4,14,138
4,14,138
4,14,138
4,14,138
4,14,138
4,15,137
4,15,137
4,15,137
4,14,137
3,14,136
3,14,136
3,14,136
3,14,137
2,14,138
2,14,138
2,14,140
2,14,140
2,14,140
2,14,140
2,14,140
1,14,140
1,14,140
0,14,140
1,14,141
1,14,142
1,14,142
1,14,142
1,14,142
1,14,142
1,14,142
1,14,141
1,14,141
0,14,141
1,14,141
1,15,141
1,15,141
1,15,141
1,15,141
1,15,139
1,15,139
0,15,138
0,15,138
0,15,138
1,15,139
1,15,140
1,15,141
1,15,142
1,14,142
1,14,142
1,14,142
1,14,141
2,14,140
2,14,138
4,14,138
4,15,138
4,15,137
4,15,137
4,15,137
4,15,137
4,15,137
4,14,137
3,14,137
3,14,137
3,14,137
2,14,138
2,14,138
2,14,139
2,14,140
2,14,140
2,14,140
2,14,140
2,14,138
2,14,138
2,14,138
2,14,138
2,14,138
3,14,137
3,15,136
3,14,136
3,14,136
3,14,135
3,14,135
3,14,135
3,14,135
2,14,134
2,14,133
2,14,132
2,14,132
2,14,132
2,14,132
2,14,131
2,15,131
2,16,136
2,16,136
2,15,136
2,15,136
1,15,136
1,15,136
1,15,136
1,15,136
2,15,136
2,15,136
2,15,136
2,15,136
3,15,136
4,15,136
4,15,136
4,15,137
4,15,137
3,14,136
3,14,136
3,15,137
3,15,137
2,15,137
2,15,137
2,15,137
2,15,137
2,15,137
2,15,137
2,15,137
2,15,137
2,15,137
2,15,137
2,15,137
2,15,137
2,14,136
3,15,137
3,15,137
3,15,137
3,15,137
2,15,137
2,14,138
2,14,138
2,14,138
2,14,138
2,14,138
2,14,140
2,14,140
2,14,140
2,14,140
2,14,138
2,14,138
2,14,137
2,15,137
2,15,137
3,15,137
3,14,136
3,14,136
3,14,136
3,14,136
3,14,136
3,14,136
4,14,137
4,14,138
4,14,138
3,14,138
2,14,138
2,14,138
2,14,140
2,15,141
2,15,141
3,15,141
3,14,139
3,14,138
4,14,138
4,14,138
4,14,138
4,14,138
3,14,137
3,14,137
3,14,137
2,14,138
2,14,138
2,14,138
2,14,138
2,14,138
2,14,138
2,14,138
2,14,138
2,14,138
2,14,138
3,15,137
4,15,137
4,15,137
3,15,136
3,14,135
3,14,135
3,14,135
3,14,135
3,14,135
3,14,136
3,14,136
3,14,136
3,14,136
4,14,137
4,14,138
4,14,138
4,14,138
4,14,138
4,14,138
4,14,138
4,14,138
4,14,137
4,15,137
4,15,137
4,15,137
3,14,136
3,14,136
3,14,136
3,14,136
2,14,137
2,14,138
2,14,138
2,14,140
2,14,140
2,14,140
2,14,140
2,14,140
0,14,140
0,14,140
0,14,140
1,14,141
1,14,142
1,14,142
1,14,142
1,14,142
1,14,142
1,14,142
1,14,142
1,14,142
1,14,141
1,14,141
1,15,141
1,15,141
1,15,141
1,15,141
1,15,141
1,15,141
1,15,139
1,15,139
1,15,140
1,15,141
1,16,141
1,15,142
1,15,142
1,14,142
1,14,142
1,14,141
2,14,140
3,14,139
3,15,138
4,15,138
4,15,138
4,15,137
4,15,137
4,15,137
4,14,137
4,14,137
3,14,137
3,14,137
2,14,138
2,14,138
2,14,138
2,14,139
2,14,140
2,14,140
2,14,140
2,14,140
2,14,138
2,14,138
2,14,138
2,14,138
2,14,137
3,14,137
3,15,136
3,14,136
3,14,136
3,14,135
3,14,135
3,14,135
3,14,135
3,14,135
2,14,134
2,14,132
2,14,132
2,14,132
2,14,132
2,14,132
2,15,131
2,15,137
2,15,137
2,15,136
2,15,136
2,15,136
2,15,136
1,15,136
1,15,136
2,15,136
2,15,136
2,15,136
2,15,136
2,15,136
4,15,136
4,15,136
4,15,136
4,15,137
4,15,137
4,15,137
3,15,137
3,15,137
3,15,137
2,15,137
2,15,137
2,15,137
2,15,137
2,15,137
2,15,137
2,15,137
2,15,137
2,15,137
2,15,137
2,15,137
2,15,137
2,14,136
3,14,136
3,14,136
3,14,137
3,14,137
2,14,137
2,14,138
2,14,138
2,14,138
2,14,138
2,14,138
2,14,140
2,14,140
2,14,140
2,14,140
2,14,138
2,14,138
2,15,137
2,15,137
2,15,137
3,14,136
3,14,136
3,14,136
3,14,136
3,14,136
4,14,136
4,14,137
4,14,138
4,14,138
4,14,138
2,14,138
2,14,138
2,14,140
2,14,140
1,15,141
1,15,141
2,15,141
2,15,140
2,14,139
3,14,138
3,14,138
3,14,138
3,14,137
3,14,137
3,14,137
2,14,138
2,14,138
2,14,138
2,14,138
2,14,138
2,14,138
2,14,138
2,14,138
2,14,138
2,14,138
2,14,138
2,15,137
3,15,137
3,15,137
3,14,136
3,14,135
3,14,135
3,14,135
3,14,135
3,14,135
3,14,135
3,14,136
3,14,136
3,14,137
4,14,137
4,14,138
4,14,138
4,14,138
4,14,138
4,14,138
4,14,138
4,14,138
4,14,138
4,14,138
4,15,137
4,15,137
4,14,137
3,14,136
3,14,136
3,14,136
2,14,136
2,14,137
2,14,138
2,14,138
2,14,138
2,14,138
2,14,138
2,14,138
2,14,140
2,14,140
1,14,140
1,14,140
1,14,142
1,14,142
1,14,142
1,14,142
1,14,142
1,14,142
1,14,142
1,14,142
1,14,142
1,14,142
1,14,142
1,14,142
1,15,141
1,15,141
1,15,141
1,15,141
1,15,141
1,15,141
1,15,141
1,16,141
1,16,142
2,15,142
2,15,142
1,14,142
1,14,142
1,14,141
2,14,140
3,14,139
3,15,139
4,14,138
4,14,138
4,14,138
4,14,137
4,14,137
4,14,137
4,14,137
3,14,138
2,14,138
2,14,138
2,14,138
2,14,138
1,14,139
1,14,140
2,14,140
2,14,140
2,14,140
2,14,138
2,14,138
2,14,138
2,14,138
2,14,137
2,14,137
3,15,136
3,14,136
3,14,136
3,14,135
3,14,135
3,14,135
3,14,135
3,14,135
3,14,135
2,14,134
2,14,132
2,14,132
2,14,132
2,14,132
2,15,131
2,15,131
2,15,137
2,15,137
2,15,137
2,15,137
2,15,137
2,15,136
1,15,136
1,15,136
2,15,136
2,15,137
2,15,137
2,15,137
2,15,137
3,15,137
4,15,136
4,15,136
4,15,137
4,15,137
4,15,137
3,15,137
3,15,137
2,15,137
2,15,137
1,14,136
2,15,137
2,15,137
2,15,137
2,15,137
2,15,137
2,15,137
2,15,137
2,15,137
2,15,137
2,15,137
2,14,136
3,14,136
3,14,136
3,14,136
3,14,137
2,14,137
2,14,138
2,14,138
2,14,138
2,14,138
0,14,138
0,14,140
2,14,140
2,14,140
2,14,140
2,14,138
2,14,138
2,14,137
2,15,137
2,15,137
3,14,136
3,14,136
3,14,136
3,14,136
4,14,136
4,14,136
4,14,137
4,14,138
4,14,138
2,14,138
2,14,138
2,14,140
2,14,140
1,14,140
1,15,141
1,15,141
1,15,141
2,14,140
2,14,140
2,14,138
2,14,138
3,14,138
3,14,137
3,14,137
2,14,137
2,14,138
2,14,138
2,14,138
2,14,138
2,14,138
2,14,138
2,14,138
2,14,138
2,14,138
2,14,138
2,14,138
2,14,138
2,14,137
3,14,137
3,14,136
3,14,135
3,14,135
3,14,135
3,14,135
3,14,135
3,14,136
3,14,136
3,14,136
3,14,136
3,14,137
4,14,138
4,14,138
4,14,138
4,14,138
4,14,138
4,14,138
4,14,138
4,14,138
4,14,138
4,14,137
4,15,137
4,15,137
3,14,137
3,14,136
3,14,136
3,14,136
2,14,136
2,14,138
2,14,138
2,14,138
2,14,138
2,14,138
2,14,138
2,14,138
2,14,140
1,14,140
1,14,140
1,14,141
1,14,142
1,14,142
1,14,142
1,14,142
1,14,142
1,14,142
1,14,142
1,14,142
1,14,142
1,14,142
1,14,142
1,14,142
1,14,142
1,15,141
1,15,141
1,15,141
1,15,141
1,15,141
1,15,141
1,15,142
2,15,142
2,15,142
1,14,142
1,14,142
1,14,142
2,14,141
3,14,140
4,15,139
4,15,138
4,14,138
4,14,138
4,14,138
4,14,137
3,14,137
3,14,138
3,14,138
2,14,138
2,14,138
2,14,138
0,14,138
0,14,140
0,14,140
0,14,140
2,14,140
2,14,140
2,14,138
2,14,138
2,14,138
2,14,138
2,14,137
2,14,137
3,15,137
3,15,136
4,15,136
4,15,136
3,14,136
3,14,135
3,14,135
3,14,135
3,14,135
2,14,134
2,14,134
2,14,132
2,14,132
2,14,132
2,15,131
2,15,131
2,15,137
2,15,137
2,15,137
2,15,137
2,15,137
2,15,137
2,15,137
2,15,137
2,15,137
2,15,137
2,15,137
2,15,137
2,15,137
3,15,137
4,15,136
4,15,136
4,15,136
4,15,137
3,14,136
3,14,136
2,15,137
2,15,137
2,14,136
1,14,136
2,15,137
2,15,137
2,15,137
2,15,137
2,15,137
2,15,137
2,15,137
2,15,137
2,15,137
2,15,137
2,14,136
3,14,136
3,14,136
3,14,136
3,14,136
3,14,137
2,14,137
2,14,138
2,14,138
1,14,138
0,14,138
0,14,140
1,14,140
2,14,140
2,14,140
2,14,138
2,14,138
2,14,137
2,14,137
2,14,136
3,14,136
3,14,136
3,14,136
3,14,136
4,14,136
4,14,137
4,14,138
4,14,138
2,14,138
2,14,138
2,14,140
2,14,140
1,14,140
1,14,140
1,15,141
1,15,141
1,15,141
2,14,140
2,14,138
2,14,138
2,14,138
2,14,138
2,14,138
2,14,138
2,14,138
2,14,138
2,14,138
2,14,138
2,14,138
2,14,138
2,14,138
2,14,138
2,14,138
2,14,138
2,14,138
2,14,138
2,14,138
2,14,138
3,14,137
3,14,135
3,14,135
3,14,135
3,14,135
3,14,135
3,14,135
3,14,135
3,14,136
3,14,136
3,14,136
3,14,137
3,14,138
3,14,138
3,14,138
2,14,138
2,14,138
2,14,138
4,14,138
4,14,138
4,14,138
4,14,138
4,14,137
4,14,137
4,14,137
3,14,137
3,14,136
3,14,136
3,14,137
2,14,137
2,14,138
2,14,138
2,14,138
2,14,138
2,14,138
2,14,138
2,14,138
2,14,140
1,14,140
1,14,141
1,14,141
1,14,142
1,14,142
1,14,142
1,14,142
1,14,142
1,14,143
1,14,143
1,14,143
1,14,142
1,14,142
1,14,142
1,14,142
1,14,142
1,15,141
1,15,141
1,15,141
1,15,141
1,15,141
1,15,141
1,15,142
1,15,142
1,14,142
1,14,142
1,14,142
1,14,142
2,15,141
3,15,140
4,15,139
4,14,139
4,14,138
4,14,138
3,14,138
3,14,138
3,14,138
2,14,138
2,14,138
2,14,138
1,14,138
0,14,138
0,14,139
0,14,140
0,14,140
0,14,140
1,14,140
2,14,139
2,14,138
2,14,138
2,14,138
2,14,138
2,14,137
3,14,136
3,14,136
3,14,136
3,14,136
3,14,136
3,14,136
3,14,135
3,14,135
3,14,135
3,14,135
2,14,134
2,14,133
2,14,132
2,14,132
2,15,132
2,15,131
2,15,137
2,15,137
2,15,137
2,15,137
2,15,137
2,15,137
2,15,137
2,15,137
2,15,137
2,15,137
2,15,137
2,15,137
2,15,137
4,15,137
4,15,136
4,15,136
4,15,136
3,15,137
3,14,136
3,14,136
2,15,137
2,15,137
1,14,137
1,14,137
2,15,137
2,15,137
2,15,137
2,15,137
1,15,137
1,14,136
1,14,136
1,15,137
2,15,137
2,14,136
3,14,136
3,14,136
3,14,136
3,14,136
3,14,136
3,14,136
2,14,136
2,14,137
2,14,138
1,14,138
0,14,138
0,14,140
0,14,140
1,14,140
2,14,139
2,14,138
2,14,138
2,14,137
3,14,137
3,14,136
3,14,136
3,14,136
3,14,136
3,14,136
3,14,137
4,14,137
4,14,138
2,14,138
2,14,138
2,14,140
1,14,140
1,14,140
1,14,140
1,14,140
1,14,140
1,14,140
1,14,140
2,14,138
2,14,138
2,14,138
2,14,138
2,14,138
2,14,138
2,14,138
2,14,138
2,14,138
2,14,138
2,14,138
2,14,138
2,14,138
2,14,138
2,14,138
3,14,138
3,14,138
3,14,138
3,14,138
3,14,138
3,14,138
3,14,137
3,14,135
3,14,135
3,14,135
3,14,135
3,14,135
3,14,135
2,13,135
2,13,136
2,13,136
3,13,137
3,14,137
2,14,138
2,14,138
2,14,138
2,14,138
2,14,138
2,14,138
2,14,138
3,14,138
4,14,138
4,14,138
4,14,137
4,14,137
4,14,137
4,14,137
3,14,137
3,14,137
3,14,137
3,14,137
3,14,137
2,15,137
2,14,138
2,14,138
2,14,138
2,14,138
2,14,138
2,14,138
0,14,140
0,14,140
0,14,141
1,14,142
1,14,142
1,14,142
1,14,142
1,14,142
1,14,143
1,14,143
1,14,143
1,14,143
1,14,142
1,14,142
1,14,142
1,14,142
1,14,141
1,15,141
1,15,141
1,15,141
1,15,141
1,15,141
1,15,142
1,14,142
1,14,142
1,14,142
1,14,142
1,14,142
1,15,141
3,15,141
3,15,140
3,15,139
3,14,138
3,14,138
3,14,138
3,14,138
2,14,138
2,14,138
2,14,138
2,14,138
2,14,138
0,14,138
0,14,139
0,14,140
0,14,140
0,14,140
0,14,140
1,14,140
2,14,138
2,14,138
2,14,138
2,14,138
2,14,137
2,14,137
3,14,136
3,14,136
3,14,136
3,14,136
3,14,136
3,14,136
3,14,135
3,14,135
3,14,135
3,14,135
3,14,135
2,14,133
2,14,132
2,14,132
2,15,132
2,15,137
2,15,137
2,15,137
2,15,137
2,15,137
2,15,137
2,15,137
2,15,137
2,15,137
2,15,137
2,15,137
2,15,137
4,15,137
4,15,137
4,15,137
4,15,136
4,15,136
3,15,137
3,14,136
2,14,137
2,15,137
2,14,137
1,14,137
2,14,137
2,15,137
2,15,137
2,15,137
2,15,137
1,14,136
1,14,136
1,14,136
2,15,137
2,15,137
2,15,137
3,14,136
3,14,136
3,14,136
3,14,136
3,14,136
3,14,136
2,14,136
2,14,137
1,14,137
1,14,138
0,14,138
0,14,139
0,14,140
1,14,140
2,14,139
2,14,138
2,14,138
2,14,137
3,14,136
3,14,136
3,14,135
3,14,136
3,14,136
2,14,136
3,14,137
2,14,138
2,14,138
2,14,138
2,14,138
1,14,140
1,14,140
1,14,140
1,14,140
1,14,140
1,14,138
2,14,138
2,14,138
2,14,138
2,14,138
2,14,138
2,14,138
2,14,138
2,14,138
2,14,138
2,14,138
2,14,138
2,14,138
2,14,138
2,14,138
2,14,138
2,14,138
3,14,138
4,14,138
4,14,138
4,14,138
4,14,138
4,14,138
3,14,138
3,14,137
3,14,135
3,14,135
3,14,135
3,14,135
3,14,135
3,14,135
2,14,136
2,14,136
1,13,136
2,14,137
2,14,137
2,14,138
2,14,138
2,14,138
2,14,138
2,14,138
2,14,138
2,14,138
2,14,138
3,14,138
4,14,138
4,14,138
4,14,137
4,14,137
4,14,137
4,14,137
4,14,137
3,14,137
3,14,137
3,14,137
3,15,137
2,14,137
2,14,138
2,14,138
2,14,138
2,14,138
2,14,138
0,14,140
0,14,140
0,14,140
0,14,141
1,14,142
1,14,142
1,14,142
1,14,142
1,14,143
1,14,143
1,14,143
1,14,143
1,14,142
1,14,142
1,14,142
1,14,142
1,14,141
1,15,141
1,14,141
1,15,141
1,15,141
1,15,141
1,14,141
1,14,142
1,14,142
1,14,142
1,14,142
1,14,142
1,15,142
3,15,141
3,15,141
3,15,140
3,14,139
3,14,138
2,14,138
2,14,138
2,14,138
2,14,138
2,14,138
2,14,138
2,14,138
1,14,138
0,14,139
0,14,140
0,14,140
0,14,140
0,14,140
1,14,140
1,14,140
2,14,139
2,14,138
2,14,138
2,14,138
2,14,137
3,14,137
3,14,136
3,14,136
3,14,136
3,14,136
3,14,136
3,14,136
3,14,135
3,14,135
3,14,135
3,14,135
3,14,135
2,14,133
2,14,132
2,14,132
2,15,137
2,15,137
2,15,137
2,15,137
2,15,137
2,15,137
2,15,137
2,15,137
2,15,137
2,15,137
2,15,137
2,15,137
4,15,137
4,15,137
4,15,137
4,15,136
4,15,137
3,15,137
3,15,137
2,14,137
2,14,137
1,14,137
1,14,137
2,14,137
2,15,137
2,15,137
2,15,137
2,15,137
1,14,136
1,14,136
1,14,136
2,15,137
2,15,137
3,15,137
3,14,136
4,14,136
3,14,136
3,14,136
3,14,136
3,14,136
3,14,136
2,14,137
1,14,137
1,14,138
1,14,138
1,14,139
0,14,139
0,14,139
1,14,138
2,14,138
2,14,138
2,14,137
3,14,136
3,14,136
3,14,136
3,14,136
2,14,136
2,14,137
2,14,137
2,14,138
2,14,138
2,14,138
2,14,140
1,15,141
1,15,140
2,15,140
2,14,139
2,14,139
2,14,138
2,14,138
2,14,138
2,14,138
2,14,138
2,14,138
2,14,138
2,14,138
2,14,138
2,14,138
2,14,138
2,14,138
2,14,138
2,14,138
2,14,138
2,14,138
4,14,138
4,14,138
4,14,138
4,14,138
4,14,138
4,14,138
4,14,138
4,14,138
3,14,137
3,14,135
3,14,135
3,14,135
3,14,135
3,14,135
3,14,136
3,14,136
1,14,136
1,14,137
2,14,137
2,14,138
2,14,138
2,14,138
2,14,138
2,14,138
2,14,138
2,14,138
2,14,138
2,14,138
2,14,138
3,14,138
3,14,137
4,13,137
4,13,137
4,13,137
4,13,137
4,14,137
4,14,137
3,14,137
3,14,137
3,14,137
2,14,137
2,14,138
2,14,138
2,14,138
2,14,138
0,14,138
0,14,140
0,14,140
0,14,140
0,14,140
1,14,141
1,14,142
1,14,142
1,14,142
1,14,142
1,14,142
1,14,142
1,14,142
1,14,142
1,14,142
1,14,142
1,14,141
1,14,141
1,15,141
1,14,140
1,14,140
1,14,140
1,14,141
1,14,141
1,14,142
1,14,142
1,14,142
1,14,142
1,14,142
1,15,142
1,15,141
2,15,141
2,15,141
2,14,140
2,14,139
2,14,138
2,14,138
2,14,138
2,14,138
2,14,138
2,14,138
2,14,138
2,14,138
0,14,139
0,14,140
0,14,140
0,14,140
1,14,141
1,14,141
1,15,141
1,15,141
2,15,140
2,14,138
2,14,138
2,14,138
3,14,137
3,14,136
3,14,136
3,14,136
3,14,136
3,14,136
3,14,136
3,14,135
3,14,135
3,14,135
3,14,135
3,14,135
3,14,133
2,14,132
2,14,132
2,15,137
2,15,137
2,15,137
2,15,137
2,15,137
2,15,137
2,15,137
2,15,137
2,15,137
2,15,137
2,15,137
3,15,137
4,15,137
4,15,137
4,15,137
4,15,137
4,15,137
3,15,137
2,15,137
2,14,137
1,14,137
1,14,137
1,14,137
2,14,137
2,15,137
2,15,137
3,15,137
2,15,137
2,14,137
2,14,137
2,14,137
2,15,137
2,15,137
3,15,137
4,15,137
4,14,136
4,14,136
3,14,136
3,14,136
3,14,136
3,14,136
2,14,137
2,14,137
1,14,138
1,14,138
1,14,139
1,14,139
1,14,139
1,15,138
2,15,138
2,14,138
3,14,137
3,14,136
3,14,136
3,14,136
2,14,136
2,14,136
2,14,137
2,14,138
2,14,138
2,14,138
2,14,140
2,14,140
1,15,141
2,15,140
2,15,139
2,14,138
2,14,138
2,14,138
2,14,138
2,14,138
2,14,138
2,14,138
2,14,138
2,14,138
2,14,138
2,14,138
2,14,138
2,14,138
2,14,138
2,14,138
2,14,138
2,14,138
2,14,138
4,14,138
4,14,138
4,14,138
4,14,138
4,14,138
4,14,138
4,14,138
4,14,137
3,14,136
3,14,135
3,14,135
3,14,135
3,14,135
3,14,135
3,14,136
1,14,136
1,14,136
1,14,137
2,14,138
2,14,138
2,14,138
2,14,138
2,14,138
2,14,138
2,14,138
2,14,138
2,14,138
2,14,138
2,14,138
3,14,138
3,13,137
3,13,137
3,13,137
3,13,137
3,13,137
4,14,137
3,14,137
3,14,137
3,14,137
3,14,137
3,14,137
2,14,138
2,14,138
2,14,138
2,14,138
0,14,140
0,14,140
0,14,140
0,14,140
0,14,140
1,14,141
1,14,142
1,14,142
1,14,142
1,14,142
1,14,142
1,14,142
1,14,142
1,14,142
1,14,142
1,14,142
1,14,141
1,14,141
1,14,141
1,14,140
1,14,140
1,14,140
1,14,141
1,14,141
1,14,142
1,14,142
1,14,142
1,14,142
1,14,142
1,14,142
1,15,141
1,15,141
2,15,141
2,14,140
2,14,140
2,14,138
2,14,138
2,14,138
2,14,138
2,14,138
2,14,138
2,14,138
2,14,138
2,14,139
1,14,139
0,14,140
0,14,141
1,14,141
1,15,141
1,15,141
1,15,141
1,15,141
2,14,140
2,14,138
2,14,138
2,14,137
3,14,136
3,14,136
3,14,136
3,14,136
3,14,136
3,14,136
3,14,135
3,14,135
3,14,135
3,14,135
3,14,135
3,14,135
3,14,133
2,14,132
1,14,137
1,15,137
1,15,137
2,15,137
2,15,137
2,15,137
2,15,137
2,15,136
2,15,136
2,15,137
4,15,137
4,15,137
4,15,137
4,15,137
4,15,137
4,15,137
4,15,137
2,15,137
2,15,137
2,14,137
1,14,137
1,14,137
1,14,137
2,14,137
2,15,138
3,15,138
3,15,137
3,15,137
2,14,137
2,14,137
2,14,137
2,14,137
2,15,137
3,15,137
4,15,137
4,15,137
4,14,137
3,14,136
3,14,136
3,14,137
3,14,137
2,14,137
2,14,138
2,14,138
1,14,139
1,14,139
1,14,139
1,14,139
2,14,138
2,14,138
2,14,138
2,14,137
3,14,136
3,14,136
2,14,136
2,14,136
2,14,136
2,14,137
2,14,138
2,14,138
2,14,140
2,14,140
2,14,140
2,15,140
2,14,140
2,14,138
2,14,138
2,14,138
2,14,138
2,14,138
2,14,138
2,14,138
2,14,138
2,14,138
2,14,138
2,14,138
2,14,138
2,14,138
2,14,138
2,14,138
2,14,138
2,14,138
2,14,138
2,14,138
4,14,138
4,14,138
4,14,138
4,14,138
4,14,138
4,14,138
4,14,137
4,14,137
3,14,136
3,14,135
3,14,135
3,14,135
3,14,135
3,14,136
3,14,136
2,14,136
1,14,136
1,14,137
2,14,138
2,14,138
2,14,138
2,14,138
2,14,138
2,14,138
2,14,138
2,14,138
2,14,138
2,14,138
2,14,138
3,14,138
3,13,137
3,13,137
3,13,137
3,13,137
3,13,137
3,14,137
3,14,137
3,14,137
3,14,137
3,14,137
3,14,138
2,14,138
2,14,138
2,14,138
2,14,138
0,14,140
0,14,140
0,14,140
0,14,140
0,14,140
1,14,142
1,14,142
1,14,142
1,14,142
1,14,142
1,14,142
1,14,142
1,14,142
1,14,142
1,14,142
1,14,142
1,14,142
1,14,141
1,14,141
1,14,140
1,14,140
1,14,140
1,14,141
1,14,142
1,14,142
1,14,142
1,14,142
1,14,142
1,14,142
1,14,142
1,14,142
1,15,141
2,15,141
2,15,141
2,14,140
2,14,140
2,14,138
2,14,138
2,14,138
2,14,138
2,14,138
2,14,138
2,14,138
2,14,139
1,14,140
1,14,141
0,14,141
1,14,141
1,14,141
1,15,141
1,15,141
1,15,141
2,15,140
2,14,140
2,14,138
3,14,138
3,14,137
3,14,136
3,14,136
3,14,136
3,14,136
3,14,136
3,14,136
3,14,135
3,14,135
3,14,135
3,14,135
3,14,135
3,14,133
2,14,132
1,14,136
1,14,136
1,15,136
2,15,136
2,15,136
2,15,136
2,15,136
2,15,136
2,15,136
3,15,136
4,15,136
4,15,137
4,15,137
4,15,137
4,15,137
3,15,137
2,15,137
2,15,137
2,15,137
2,14,137
1,13,137
1,13,137
1,13,137
2,14,138
3,14,138
4,15,138
4,15,137
3,15,137
3,14,137
2,14,137
2,14,137
2,14,138
2,14,137
4,15,137
4,15,137
4,15,137
4,14,137
3,14,137
3,14,137
3,14,137
3,14,137
2,14,138
2,14,138
2,14,139
2,14,140
2,14,140
1,15,139
1,14,139
2,14,138
2,14,138
2,14,138
2,14,137
3,14,136
3,14,136
2,14,136
1,14,136
1,14,136
1,14,137
2,14,138
2,14,138
2,14,140
2,14,140
2,14,140
2,14,139
2,14,138
2,14,138
2,14,138
2,14,138
2,14,138
2,14,138
2,14,138
2,14,138
2,14,138
2,14,138
2,14,138
2,14,138
2,14,138
2,14,138
2,14,138
2,14,140
2,14,140
2,14,138
2,14,138
2,14,138
2,14,138
4,14,138
4,14,138
4,14,138
4,14,138
4,14,137
4,14,137
3,14,136
3,14,136
3,14,136
3,14,135
3,14,136
3,14,136
3,14,136
3,14,136
2,14,136
2,14,137
2,14,138
2,14,138
2,14,138
2,14,138
2,14,138
2,14,138
2,14,138
2,14,138
2,14,138
2,14,138
2,14,138
2,14,138
3,14,138
3,13,137
3,13,137
3,13,137
3,13,137
3,14,137
3,14,136
3,13,136
3,14,137
3,14,137
3,14,137
3,14,138
2,14,138
2,14,138
2,14,140
2,14,140
1,14,140
0,14,140
0,14,140
0,14,140
0,14,140
1,14,142
1,14,142
1,14,142
1,14,142
1,14,142
1,14,142
1,14,142
1,14,142
1,14,142
1,14,142
1,14,142
1,14,142
1,14,141
1,14,141
0,14,140
0,14,140
0,14,140
1,14,141
1,14,142
1,14,142
1,14,142
1,14,142
1,14,142
1,14,142
1,14,142
1,14,142
1,14,141
2,15,141
3,15,141
3,15,141
2,14,140
2,14,138
2,14,138
2,14,138
2,14,138
2,14,138
2,14,138
2,14,139
2,14,140
1,14,141
1,14,141
1,14,141
1,14,141
1,14,141
1,15,141
1,15,141
1,15,141
2,15,141
2,14,140
2,14,138
3,14,138
3,14,137
3,14,137
3,14,136
3,14,136
3,14,136
3,14,136
3,14,136
3,14,135
3,14,135
3,14,135
3,14,135
3,14,135
3,14,133
2,14,132
2,15,137
2,15,136
2,15,136
2,15,136
2,15,136
2,15,136
2,15,136
2,15,136
2,15,136
3,15,136
4,15,136
4,15,136
4,15,137
4,15,137
3,15,137
2,15,137
2,15,137
2,15,137
2,15,137
2,14,137
2,14,137
2,14,137
2,14,138
2,14,138
3,14,138
4,15,138
4,15,138
4,15,137
3,14,137
2,14,137
2,14,138
2,14,138
2,14,138
4,14,138
4,14,137
4,14,137
3,14,137
3,13,137
3,13,137
3,13,137
2,14,137
2,14,138
2,14,138
2,14,140
2,14,140
2,15,140
2,15,140
1,14,139
2,14,138
2,14,138
2,14,138
3,14,137
3,14,137
3,14,136
3,14,136
2,14,136
2,14,137
1,14,138
2,14,138
2,14,139
2,14,140
2,14,140
2,14,138
2,14,138
2,14,138
2,14,138
2,14,138
2,14,138
2,14,138
2,14,138
2,14,138
2,14,138
2,14,138
2,14,138
2,14,138
2,14,138
2,14,138
2,14,138
2,14,140
2,14,140
2,14,140
2,14,140
2,14,138
2,14,138
2,14,138
3,14,138
4,14,138
4,14,137
4,14,137
4,14,137
3,14,136
3,14,136
3,14,136
3,14,136
3,14,136
3,14,136
3,14,136
3,14,136
3,14,136
2,14,137
2,14,137
2,14,138
2,14,138
2,14,138
2,14,138
2,14,138
2,14,138
2,14,138
2,14,138
2,14,138
2,14,138
2,14,138
2,14,138
2,14,138
3,13,137
3,13,137
3,14,137
3,14,137
3,14,136
3,14,136
3,13,136
3,13,137
3,14,137
3,14,137
3,14,138
2,14,138
2,14,138
2,14,140
2,14,140
1,14,140
0,14,140
0,14,140
0,14,140
1,14,142
1,14,142
1,14,142
1,14,142
1,14,142
1,14,142
1,14,142
1,14,142
1,14,142
1,14,142
1,14,142
1,14,142
1,14,142
1,14,141
1,14,141
0,14,140
0,14,140
0,14,140
1,14,142
1,14,142
1,14,142
1,14,142
1,14,142
1,14,142
1,14,142
1,14,142
1,14,142
1,14,142
3,15,141
3,15,141
3,15,141
3,15,140
2,14,139
2,14,138
2,14,138
2,14,138
2,14,138
2,14,138
2,14,139
2,14,141
1,14,141
1,14,141
1,14,141
1,14,141
1,14,141
1,14,141
1,15,141
1,15,141
2,15,141
2,15,140
3,14,139
3,15,138
3,15,137
3,14,137
4,15,137
3,14,136
3,14,136
3,14,136
3,14,136
3,14,135
3,14,135
3,14,135
3,15,135
3,14,135
3,14,135
3,14,133
2,15,137
2,15,136
2,15,136
2,15,135
2,15,135
2,15,135
2,15,135
3,15,135
3,15,136
3,15,136
4,15,136
4,15,136
4,15,136
3,15,137
2,15,137
2,15,137
2,15,137
2,15,137
2,15,137
2,14,137
2,14,137
2,14,138
2,14,138
2,14,138
4,14,138
4,14,138
4,15,138
4,15,138
4,14,138
2,14,138
2,14,138
2,14,138
2,14,138
4,14,138
4,14,138
4,14,137
3,14,137
3,13,137
3,13,137
2,13,137
2,14,138
2,14,139
2,14,140
2,14,140
2,14,141
2,15,141
2,15,140
2,15,139
2,14,138
2,14,138
2,14,138
3,14,137
3,14,137
3,14,136
3,14,136
2,14,137
2,14,137
2,14,138
2,14,139
2,14,140
2,14,140
2,14,140
2,14,138
2,14,138
2,14,138
2,14,138
2,14,138
2,14,138
2,14,138
2,14,138
2,14,138
2,14,138
2,14,138
2,14,138
2,14,138
2,14,138
2,14,138
2,14,140
1,14,140
2,14,140
2,14,140
2,14,140
2,14,140
2,14,138
2,14,138
3,14,138
3,14,138
4,14,137
4,14,137
3,14,136
3,14,136
3,14,136
3,14,136
3,14,136
2,14,136
2,14,137
2,14,137
2,15,137
2,15,137
2,15,137
2,14,137
2,14,137
2,14,138
2,14,138
2,14,138
2,14,138
2,14,138
2,14,138
2,14,138
2,14,140
2,14,140
2,14,140
2,14,138
2,14,138
3,14,137
3,14,137
3,14,137
3,14,136
3,14,136
3,14,136
3,13,136
3,13,137
3,13,137
3,14,138
3,14,138
2,14,138
2,14,140
2,14,140
2,15,141
1,15,141
1,15,141
1,14,141
1,14,141
1,14,142
1,14,142
1,14,142
1,14,142
1,14,142
1,14,142
1,14,142
1,14,142
1,14,142
1,14,142
1,14,142
1,14,142
1,14,142
1,14,141
1,15,141
1,15,141
1,14,141
1,14,141
1,14,142
1,14,142
1,14,142
1,14,142
1,14,142
1,14,142
1,14,142
1,14,142
1,14,142
1,14,142
2,15,141
3,15,141
3,15,141
3,15,141
2,14,140
2,14,138
2,14,138
2,14,138
2,14,138
2,14,139
2,14,140
2,14,141
1,14,141
1,14,141
1,14,142
1,14,142
1,14,141
1,15,141
1,15,141
1,15,141
2,15,141
2,15,140
3,15,139
3,15,138
4,15,137
4,15,137
4,15,137
4,15,136
3,14,136
3,14,136
4,15,136
3,14,135
3,14,135
4,15,136
4,15,136
3,14,135
3,14,135
3,14,133
3,15,136
3,14,136
2,14,135
2,15,135
2,15,135
2,15,135
3,15,135
3,15,135
3,15,135
3,14,135
4,15,136
4,15,136
3,15,136
3,15,137
2,15,137
2,15,137
2,15,137
2,15,137
2,14,137
2,14,138
2,14,138
2,14,138
2,14,138
2,14,138
4,14,138
4,14,138
4,15,138
4,14,138
4,14,138
2,14,138
2,14,138
2,14,138
2,14,138
3,14,138
4,14,138
4,14,138
3,14,137
3,13,137
2,13,137
2,13,137
2,14,138
2,14,140
2,14,140
2,14,140
2,15,141
2,15,141
2,15,141
2,15,139
2,14,138
2,14,138
2,14,138
3,14,137
3,14,137
3,14,136
3,14,136
2,14,137
2,14,138
2,14,138
2,14,140
2,14,140
2,14,140
2,14,138
2,14,138
2,14,138
2,14,138
2,14,138
2,14,138
2,14,138
2,14,138
2,14,138
2,14,138
2,14,138
2,14,138
2,14,138
2,14,138
2,14,138
2,14,138
1,14,140
0,14,140
0,14,140
2,14,140
2,14,140
2,14,140
2,14,139
2,14,138
3,14,138
3,14,138
4,14,137
4,14,137
3,14,136
3,14,136
3,14,136
3,14,136
2,14,136
2,14,137
2,14,137
2,14,137
2,15,137
2,15,137
2,15,137
4,15,137
2,14,137
2,14,137
2,14,138
2,14,138
2,14,138
2,14,138
2,14,138
2,14,138
2,14,140
2,14,140
2,14,140
2,14,140
2,14,138
3,14,138
3,14,137
3,14,137
3,14,136
3,14,136
3,14,136
3,13,136
3,13,137
3,14,137
3,14,138
2,14,138
2,14,140
2,14,140
2,14,140
2,15,141
1,15,141
1,15,141
1,15,141
1,14,141
1,14,141
1,14,142
1,14,142
1,14,142
1,14,142
1,14,142
1,14,142
1,14,142
1,14,142
1,14,142
1,14,142
1,14,142
1,15,141
1,15,141
1,15,141
1,15,141
1,15,141
1,14,141
1,14,142
1,14,142
1,14,142
1,14,142
1,14,142
1,14,142
1,14,142
1,14,142
1,14,142
1,14,142
1,15,141
2,15,141
3,15,141
3,15,140
2,14,140
2,14,140
2,14,139
2,14,138
2,14,139
2,14,140
2,14,140
1,14,141
1,14,141
1,14,142
1,14,142
1,14,142
1,14,142
1,15,142
1,15,141
2,15,141
2,15,141
2,15,140
3,15,139
3,15,138
4,15,138
4,14,137
4,15,137
3,14,136
3,14,136
3,14,135
3,14,135
3,14,135
3,14,135
4,15,136
4,15,136
3,14,135
3,14,135
3,14,134
4,15,136
3,15,136
3,15,136
3,15,135
3,15,135
3,15,135
3,15,135
3,15,135
3,14,135
4,14,135
4,14,135
4,14,136
3,15,136
3,15,137
2,15,137
2,15,137
2,15,137
2,15,137
2,14,138
2,14,138
2,14,138
2,14,138
2,14,138
2,14,138
3,14,138
4,14,138
4,14,138
4,14,138
4,14,138
4,14,138
2,14,138
2,14,138
2,14,138
2,14,138
3,14,138
3,14,138
2,14,138
2,13,138
2,13,138
2,13,138
2,14,140
2,14,140
2,14,140
2,14,141
2,15,141
3,15,141
3,15,141
2,15,139
2,15,139
2,14,138
2,14,138
3,14,137
3,14,137
3,14,136
3,14,137
2,14,137
2,14,138
2,14,139
2,14,140
2,14,140
2,14,140
2,14,138
2,14,138
2,14,138
2,14,138
2,14,138
2,14,138
2,14,138
2,14,138
2,14,138
2,14,138
2,14,138
2,14,138
2,14,138
2,14,138
2,14,138
2,14,138
1,14,140
0,14,140
0,14,140
1,14,140
2,14,140
2,14,139
2,14,139
2,14,138
3,14,138
3,14,138
3,14,137
3,14,137
3,14,136
3,14,136
3,14,136
2,14,136
2,14,137
2,14,137
2,14,138
2,14,138
2,15,138
2,15,137
4,15,137
4,15,137
4,15,137
2,14,137
2,14,137
2,14,138
2,14,138
2,14,138
2,14,138
2,14,140
2,14,140
2,14,140
1,14,140
2,14,140
2,14,138
3,14,138
3,14,137
3,14,137
3,14,136
3,14,136
3,14,136
3,14,136
3,14,137
3,14,137
3,14,138
2,14,138
2,14,140
2,14,140
2,14,140
2,15,141
1,15,141
1,15,141
1,15,141
1,14,141
1,14,141
1,14,142
1,14,142
1,14,142
1,14,142
1,14,142
1,14,142
1,14,142
1,14,142
1,14,142
1,14,142
1,15,141
1,15,141
1,15,141
1,15,141
1,15,141
1,15,141
1,14,141
1,14,142
1,14,142
1,14,142
1,14,142
1,14,142
1,14,142
1,14,142
1,14,142
1,14,142
1,14,142
1,14,141
2,15,141
2,15,141
2,15,140
2,14,140
2,14,140
2,14,140
2,14,140
2,14,140
2,14,140
1,14,140
1,14,141
1,14,141
1,14,142
1,14,142
1,14,142
2,15,142
1,15,142
2,15,142
2,15,141
2,15,141
2,14,140
3,14,139
3,14,138
3,14,138
4,14,137
4,14,137
3,14,136
3,14,135
3,14,135
3,14,135
3,14,135
3,14,135
3,14,135
3,14,135
3,14,135
3,14,135
2,14,134
4,15,137
3,15,136
3,15,136
3,15,136
3,15,136
3,15,136
4,15,136
4,15,136
3,14,135
4,14,135
4,14,135
3,14,135
3,15,136
3,15,137
2,15,137
2,15,137
2,15,137
2,15,138
2,14,138
2,14,138
2,14,138
2,14,138
2,14,138
2,14,138
2,14,138
4,14,138
4,14,138
4,14,138
4,14,138
4,14,138
4,14,138
2,14,138
2,14,138
2,14,138
2,14,138
2,14,138
2,14,138
2,14,138
2,14,138
2,14,139
2,14,140
2,14,140
2,14,140
2,14,141
2,15,141
3,15,141
3,15,141
2,15,139
2,15,139
2,14,138
2,14,137
2,14,137
3,14,136
3,14,136
2,14,137
2,14,138
2,14,138
2,14,140
2,14,140
2,14,140
2,14,140
2,14,138
2,14,138
2,14,138
2,14,138
2,14,138
2,14,138
2,14,138
2,14,138
2,14,138
2,14,138
2,14,138
2,14,138
2,14,138
2,14,138
2,14,138
2,14,139
2,14,140
1,14,140
2,15,140
2,14,140
2,14,139
2,14,139
2,14,138
2,14,138
2,14,138
3,14,138
3,14,138
3,14,138
3,14,137
3,14,137
2,14,137
2,14,138
2,14,138
2,14,138
2,14,138
2,14,138
2,14,138
2,14,138
4,14,138
4,15,137
4,15,137
4,14,137
2,14,137
2,14,137
2,14,138
2,14,138
2,14,138
2,14,140
2,14,141
1,14,141
1,14,141
2,14,140
2,14,138
3,14,138
3,14,137
3,14,137
3,14,136
3,14,136
3,14,136
3,14,136
3,14,137
3,14,137
2,14,138
2,14,138
2,14,140
2,14,140
2,14,140
2,15,141
1,15,141
1,15,141
1,15,141
1,14,141
1,14,142
1,14,142
1,14,142
1,14,142
1,14,142
1,14,142
1,14,142
1,14,142
1,14,142
1,14,142
1,14,141
1,15,141
1,15,141
1,15,141
1,15,141
1,15,141
1,15,141
1,14,141
1,14,142
1,14,142
1,14,142
1,14,142
1,14,142
1,14,142
1,14,142
1,14,142
1,14,142
1,14,142
1,14,141
1,15,141
2,15,141
2,14,140
2,14,140
2,14,140
2,14,140
2,14,140
2,14,140
2,14,140
0,14,140
1,14,141
1,14,142
1,14,142
1,14,142
2,15,143
2,15,143
2,15,143
2,15,142
2,15,141
2,15,141
2,14,140
3,14,139
3,14,138
3,14,138
4,14,138
4,14,137
3,14,136
3,14,135
3,14,135
3,14,135
3,14,135
3,14,135
4,15,136
3,14,135
3,14,135
3,14,135
2,14,134
4,15,137
4,15,136
3,15,136
3,15,136
3,15,136
3,15,136
3,15,136
4,15,136
4,15,136
4,15,136
4,14,135
3,14,135
3,14,135
3,14,136
3,15,136
2,15,137
2,15,137
2,15,137
2,15,138
2,14,138
2,14,138
2,14,138
2,14,138
2,14,138
2,14,138
2,14,138
2,14,138
3,14,138
4,14,138
4,14,138
4,14,138
4,14,138
4,14,138
4,14,138
2,14,138
2,14,138
2,14,138
2,14,138
2,14,138
2,14,138
2,14,139
2,14,140
2,14,140
2,14,141
2,14,141
2,14,141
3,15,141
3,15,141
3,15,139
2,15,139
2,14,138
2,14,137
2,14,136
3,14,136
3,14,136
2,14,137
2,14,138
2,14,138
2,14,140
2,14,140
2,14,140
2,14,140
2,14,138
2,14,138
2,14,138
2,14,138
2,14,138
2,14,138
2,14,138
2,14,138
2,14,138
2,14,138
2,14,138
2,14,138
2,14,138
2,14,138
2,14,138
2,14,139
2,14,139
2,14,139
2,15,139
2,14,139
2,14,138
2,14,138
2,14,138
2,14,138
2,14,138
2,14,138
2,14,138
2,14,138
2,14,138
2,14,138
2,14,138
2,14,138
2,14,138
2,14,138
2,14,139
2,14,138
2,14,138
3,14,138
4,14,138
4,15,137
4,15,137
4,14,137
2,14,137
2,14,137
2,14,138
2,14,138
2,14,138
2,14,140
1,14,141
1,14,141
1,14,141
2,14,140
2,14,138
3,14,138
3,14,137
3,14,137
3,14,136
3,14,136
3,14,136
3,14,136
3,14,137
3,14,137
2,14,138
2,14,138
2,14,140
2,14,140
2,14,140
2,14,141
1,14,141
1,15,141
1,15,141
1,14,141
1,14,142
1,14,142
1,14,142
1,14,142
1,14,142
1,14,142
1,14,142
1,14,142
1,15,142
1,15,141
1,15,141
1,15,141
1,15,141
1,15,141
1,15,141
2,15,141
2,15,141
1,14,141
1,14,142
1,14,142
1,14,142
1,14,142
1,14,142
1,14,142
1,14,142
1,14,142
1,14,142
1,14,142
1,14,141
1,14,141
2,15,141
2,14,140
2,14,140
2,14,140
2,14,140
2,14,140
2,14,140
0,14,140
0,14,140
0,14,140
1,14,142
1,14,142
2,15,143
2,15,143
2,15,143
2,15,143
2,15,142
2,15,141
2,14,141
2,14,140
2,14,139
3,14,138
3,14,138
4,14,138
4,14,137
3,14,136
3,14,135
3,14,135
3,14,135
3,14,135
4,15,136
4,15,136
4,15,136
3,14,135
3,14,135
2,14,134
2,13,134
3,15,136
3,15,136
3,15,136
3,15,136
3,15,136
3,15,136
4,15,136
4,15,136
4,15,136
4,14,135
3,14,135
3,14,135
3,14,136
3,15,136
2,15,137
2,15,137
2,15,137
2,15,138
2,15,138
3,15,139
2,14,138
2,14,138
2,14,138
2,14,138
2,14,138
2,14,138
2,14,138
3,14,138
4,14,138
4,14,138
4,14,138
4,14,138
4,14,138
2,14,138
2,14,138
2,14,138
2,14,138
2,14,138
2,14,138
2,14,140
2,14,140
1,14,140
1,14,141
1,14,141
2,14,141
2,14,141
3,15,141
2,15,139
2,14,138
2,14,138
2,14,137
2,14,136
3,14,136
3,14,136
3,14,137
3,14,138
2,14,138
2,14,140
1,14,140
1,14,140
2,14,140
2,14,138
2,14,138
2,14,138
2,14,138
2,14,138
2,14,138
2,14,138
2,14,138
2,14,138
2,14,138
2,14,138
2,14,138
2,14,138
2,14,139
2,14,140
2,14,139
2,14,139
2,14,139
2,14,139
2,14,138
2,14,138
2,14,138
2,14,138
2,14,138
2,14,138
2,14,138
2,14,138
2,14,138
2,14,138
2,14,138
2,14,138
2,14,138
2,14,140
2,14,141
2,15,141
2,14,139
2,14,138
3,14,138
4,14,138
4,14,138
4,14,137
4,14,137
3,14,137
2,14,137
2,14,138
2,14,138
2,14,140
1,14,140
1,14,141
1,14,141
1,14,141
2,14,141
2,15,139
3,15,138
3,14,137
3,14,137
3,14,136
3,14,136
3,14,136
3,14,136
3,14,137
3,14,137
2,14,138
2,14,138
2,14,140
2,14,140
2,14,140
2,14,141
1,14,141
1,14,141
1,14,142
1,14,142
1,14,142
1,14,142
1,14,142
1,14,142
1,14,142
1,14,142
1,14,142
1,15,142
1,15,142
1,15,141
1,15,141
1,15,141
1,15,141
2,14,140
2,14,140
2,14,140
2,14,141
2,14,141
2,14,141
1,14,142
1,14,142
1,14,142
1,14,142
1,14,142
1,14,142
1,14,142
1,14,142
1,14,142
1,14,142
1,14,141
1,15,141
2,14,141
2,14,140
2,14,140
2,14,140
2,14,140
0,14,140
0,14,140
0,14,140
0,14,140
1,14,142
1,15,142
2,15,143
2,15,143
2,15,143
2,15,143
2,15,142
2,14,141
2,14,140
2,14,140
2,14,138
3,14,138
3,14,138
4,14,138
4,14,137
4,14,136
3,14,136
3,14,135
3,14,135
4,15,136
4,15,136
4,15,136
4,15,136
3,14,135
3,14,135
2,13,134
3,15,136
2,15,136
2,15,136
2,15,136
2,16,136
2,15,136
4,15,136
4,15,136
4,15,136
4,14,135
3,14,135
3,14,135
3,14,135
3,14,136
3,15,137
2,15,137
2,15,137
2,15,138
2,15,138
3,15,139
2,15,139
2,14,138
2,14,138
2,14,138
2,14,138
2,14,138
2,14,138
2,14,138
4,14,138
4,14,138
4,14,138
4,14,138
4,14,138
2,14,138
2,14,138
2,14,138
2,14,138
2,14,138
2,14,138
2,14,140
1,14,140
1,14,141
1,14,141
1,14,141
1,14,141
2,14,141
2,14,140
2,14,139
2,14,138
2,14,138
2,14,137
2,14,137
3,14,137
3,14,137
3,14,137
3,14,138
2,14,139
2,14,140
1,14,141
1,14,141
1,14,140
2,14,138
2,14,138
2,14,138
2,14,138
2,14,138
2,14,138
2,14,138
2,14,138
2,14,138
2,14,138
2,14,138
2,14,138
2,14,140
2,14,140
2,14,140
2,14,140
2,14,139
2,14,139
2,14,138
2,14,138
2,14,137
2,14,137
2,14,138
2,14,138
2,14,138
2,14,138
2,14,138
2,14,138
2,14,138
2,14,138
2,14,138
1,14,140
1,14,141
1,15,141
1,15,141
2,15,141
2,14,138
3,14,138
4,14,138
4,14,138
4,14,137
4,14,137
3,14,137
2,14,137
2,14,138
2,14,138
2,14,140
1,14,140
1,14,141
1,14,141
1,14,141
1,14,141
2,15,139
3,15,138
3,15,137
3,14,136
3,14,136
3,14,136
3,14,136
3,14,136
3,14,137
3,14,138
2,14,138
2,14,138
2,14,140
2,14,140
2,14,141
2,14,141
1,14,142
1,14,142
1,14,142
1,14,142
1,14,142
1,14,142
1,14,142
1,14,142
1,14,142
1,14,142
1,15,142
1,15,142
2,15,141
2,15,141
1,15,141
1,15,141
2,14,140
2,14,138
2,14,138
2,14,140
2,14,140
2,14,140
2,14,141
2,14,142
2,14,142
1,14,142
1,14,142
1,14,142
1,14,142
1,14,142
1,14,142
1,14,142
1,14,142
1,14,141
1,15,141
2,15,141
2,14,140
2,14,140
2,14,140
2,14,140
0,14,140
0,14,140
0,14,140
0,14,140
1,14,142
1,14,142
2,15,143
2,15,143
2,15,143
2,15,143
2,15,142
2,14,141
2,14,140
2,14,140
2,14,138
3,14,138
4,14,138
4,14,138
4,14,138
4,15,137
4,15,136
4,15,136
4,15,136
4,15,136
4,15,136
4,15,136
4,15,136
4,15,136
3,14,135
3,14,135
2,15,136
1,15,136
1,15,136
2,15,136
2,16,136
2,16,136
3,15,136
3,15,136
3,15,136
3,14,135
3,14,135
3,14,135
3,14,135
3,14,136
3,15,137
3,15,137
3,15,137
2,15,138
2,15,138
3,15,139
2,15,139
2,15,138
2,15,138
2,15,138
2,14,138
2,14,138
2,14,138
2,14,138
3,14,138
4,14,138
4,14,138
4,14,138
4,14,138
2,14,138
2,14,138
2,14,138
2,14,138
2,14,138
2,14,138
1,14,140
1,14,140
1,14,141
1,14,141
1,14,141
1,14,141
2,14,141
2,14,140
2,14,138
2,14,138
2,14,138
2,14,138
3,14,137
4,14,137
3,15,137
3,15,138
3,15,138
2,15,139
1,14,140
1,14,141
1,14,141
1,14,140
2,14,139
2,14,138
2,14,138
2,14,138
2,14,138
2,14,138
2,14,138
2,14,138
2,14,138
2,14,138
2,14,138
2,14,139
2,14,140
1,14,140
2,14,140
2,14,140
2,14,139
2,14,138
2,14,138
2,14,137
1,13,137
1,13,137
1,13,137
2,14,138
2,14,138
2,14,138
2,14,138
2,14,138
2,14,138
2,14,138
1,14,140
1,14,140
1,14,141
1,15,141
1,15,141
1,15,141
2,14,138
3,14,138
4,14,138
4,14,138
4,14,137
4,14,137
3,14,137
3,14,137
2,14,138
2,14,138
1,14,140
0,14,140
0,14,141
0,14,141
1,14,141
1,14,140
2,14,139
2,14,138
3,14,137
3,14,136
3,14,136
3,14,136
3,14,136
3,14,136
3,14,137
2,14,138
2,14,138
2,14,140
2,14,140
2,14,140
2,14,142
2,14,142
1,14,142
1,14,142
1,14,142
1,14,142
1,14,142
1,14,142
1,14,142
1,14,142
1,14,142
1,14,142
1,15,142
1,15,142
2,15,141
2,15,141
2,15,141
2,15,140
2,14,138
2,14,138
2,14,138
2,14,138
2,14,140
2,14,140
2,14,140
2,14,141
3,14,142
3,14,142
1,14,142
1,14,142
1,14,142
1,14,142
1,14,142
1,14,142
1,14,142
1,14,142
1,15,141
1,15,141
2,15,141
2,14,140
2,14,140
0,14,140
0,14,140
0,14,140
0,14,140
0,14,140
1,14,141
1,14,142
2,15,143
2,15,143
2,15,143
2,15,143
2,14,142
2,14,141
2,14,141
2,14,140
2,14,139
3,14,138
4,14,138
4,14,138
4,15,138
4,15,138
4,15,136
4,15,136
4,15,136
4,15,136
4,15,136
4,15,136
4,15,136
4,15,136
4,15,136
3,14,135
2,15,136
1,15,136
1,15,136
2,15,136
2,15,136
2,15,136
2,15,136
2,15,136
3,15,136
3,15,135
3,14,135
3,14,135
3,14,135
3,14,136
3,14,136
3,15,137
3,15,137
3,15,138
3,15,138
3,15,138
2,15,138
2,15,138
2,15,138
2,15,138
2,15,138
2,15,138
2,15,138
2,14,138
3,14,138
4,14,138
4,14,138
4,14,138
2,14,138
2,14,138
2,14,138
2,14,138
2,14,138
1,14,138
1,14,140
1,15,140
1,14,140
1,14,141
1,14,141
1,14,141
2,14,140
2,14,140
2,14,139
2,14,138
2,14,138
2,14,138
3,14,138
3,14,138
4,15,138
3,15,138
3,15,138
3,15,139
2,15,139
2,14,140
1,14,140
1,14,140
2,14,140
2,14,138
2,14,138
2,14,138
2,14,138
2,14,138
2,14,138
2,14,138
2,14,138
1,14,138
1,14,138
1,14,138
1,14,140
1,14,140
1,14,140
1,14,140
1,14,140
2,14,138
2,14,138
2,14,138
2,14,137
1,13,137
1,13,137
1,13,137
2,14,138
2,14,138
2,14,138
2,14,139
1,14,139
1,14,139
1,14,140
1,14,140
0,14,141
0,14,141
0,14,141
1,14,141
1,14,140
2,14,139
2,14,138
4,14,138
4,14,138
4,14,137
4,14,137
3,14,137
3,14,137
2,14,137
1,14,138
1,14,138
0,14,140
0,14,140
0,14,140
1,14,141
1,14,140
2,14,139
2,14,138
3,14,137
3,14,136
3,14,136
3,14,136
3,14,136
3,14,136
2,14,137
2,14,138
2,14,138
2,14,140
2,14,140
2,14,141
2,14,142
2,14,142
2,14,142
1,14,142
1,14,142
1,14,142
1,14,142
1,14,142
1,14,142
1,14,142
1,14,142
1,14,142
1,14,142
2,15,142
2,15,141
3,15,141
3,15,141
2,15,138
2,14,138
2,14,137
2,14,137
2,14,137
2,14,137
2,14,139
2,14,140
2,14,141
3,14,142
3,14,142
3,14,142
2,14,142
1,14,142
1,14,142
1,14,142
1,14,142
1,14,142
1,14,142
1,14,141
1,15,141
1,15,141
1,14,141
1,14,140
0,14,140
0,14,140
0,14,140
0,14,140
0,14,140
0,14,140
1,14,142
1,14,142
1,14,142
1,14,142
1,14,142
1,14,142
1,14,142
2,14,141
2,14,140
2,14,140
2,14,139
3,14,138
4,15,138
4,15,138
4,15,138
4,15,137
4,15,136
4,15,136
4,15,136
4,15,136
4,15,136
4,15,136
4,15,136
3,14,135
3,14,135
3,15,136
1,15,136
1,15,136
2,15,136
2,15,136
2,15,136
2,15,136
2,15,136
2,15,135
3,15,135
3,15,135
3,14,135
3,14,135
3,14,136
3,15,136
3,15,137
4,15,137
4,15,137
3,15,138
3,15,138
3,15,138
3,15,138
2,15,139
2,15,138
1,15,138
1,15,138
2,15,138
2,15,138
3,15,138
4,14,138
4,14,138
4,14,138
2,14,138
2,14,138
2,14,138
2,14,138
1,14,138
1,14,140
1,14,140
1,15,140
1,14,140
1,14,140
1,14,140
2,14,140
2,14,140
2,14,139
2,14,138
2,14,138
2,14,138
2,14,138
3,14,138
3,15,138
3,15,139
3,15,139
3,15,139
3,15,139
2,14,139
2,14,140
2,14,140
2,14,140
2,14,138
2,14,138
2,14,138
2,14,138
2,14,138
2,14,138
2,14,138
2,14,138
2,14,138
1,14,138
1,14,138
1,14,140
1,14,140
1,15,141
1,15,141
1,15,141
1,15,140
2,15,139
2,15,138
2,14,138
2,14,137
1,13,137
1,13,137
1,13,138
1,14,138
2,14,139
2,14,139
1,15,141
1,14,141
1,14,141
1,14,141
1,14,141
0,14,141
0,14,141
0,14,141
1,14,141
1,14,140
2,14,140
2,14,138
2,14,138
4,14,138
4,14,138
4,14,137
3,14,137
2,14,137
1,14,137
1,14,137
1,14,138
1,14,138
0,14,140
0,14,140
1,14,140
2,14,140
2,14,138
2,14,138
3,14,136
3,14,136
3,14,136
3,14,136
3,14,136
2,14,137
2,14,137
2,14,138
2,14,140
2,14,140
2,14,140
2,14,140
3,14,141
2,14,142
2,14,141
2,14,141
1,14,141
1,14,141
1,14,141
1,14,142
1,14,142
1,14,142
1,14,142
2,14,142
2,14,142
2,14,142
2,15,141
3,15,141
3,15,139
3,14,138
3,14,137
2,14,137
2,14,136
1,14,136
1,14,137
1,14,137
2,14,140
2,14,140
3,14,142
3,14,142
3,14,142
3,14,142
1,14,142
1,14,142
1,14,142
1,14,142
1,14,142
1,14,142
1,14,142
1,15,142
1,15,141
1,14,141
1,14,141
0,14,140
0,14,140
0,14,140
0,14,140
0,14,140
0,14,140
0,14,140
1,14,142
1,14,142
1,14,142
1,14,142
1,14,142
1,14,142
1,14,141
2,14,141
2,14,140
2,14,140
2,14,139
4,14,139
4,15,138
4,15,138
4,15,138
4,15,137
4,15,136
4,15,136
4,15,136
4,15,136
4,15,136
4,15,136
3,14,135
3,14,135
3,14,136
3,14,136
3,15,136
2,15,136
2,15,136
2,15,136
2,15,136
2,15,136
2,15,135
1,15,135
1,15,135
3,15,135
3,14,135
3,15,136
4,15,137
4,15,137
4,15,137
4,15,137
3,15,138
3,15,138
3,15,138
3,15,139
3,15,139
2,15,139
1,15,138
1,15,139
2,15,139
2,15,138
3,15,138
3,14,138
3,14,138
3,14,138
2,14,138
2,14,138
2,14,138
1,14,140
1,14,140
1,14,140
1,15,140
1,15,140
1,14,140
1,14,140
1,14,140
2,14,138
2,14,138
2,14,138
2,14,138
2,14,138
2,14,138
2,14,138
3,15,139
3,15,140
3,15,141
3,15,140
3,15,140
2,14,140
2,14,140
2,14,140
0,14,140
2,14,140
2,14,138
2,14,138
2,14,138
2,14,138
2,14,138
2,14,138
2,14,138
2,14,138
2,14,138
2,14,138
1,14,138
1,14,140
1,14,140
1,14,141
1,14,141
1,15,141
1,15,140
2,15,139
3,15,138
3,15,138
2,14,137
2,14,137
2,14,137
1,14,138
1,14,139
1,15,140
1,15,141
1,15,141
1,15,141
1,14,141
1,14,141
1,14,141
0,14,141
0,14,141
0,14,141
1,14,141
1,14,140
2,14,140
2,14,138
2,14,138
4,14,138
4,14,138
3,14,137
3,14,137
2,14,137
1,14,136
1,14,137
1,14,137
1,14,138
1,14,138
1,14,138
1,14,138
2,14,138
2,14,138
2,14,138
2,14,136
3,14,136
3,14,136
3,14,136
3,14,136
2,14,137
2,14,137
2,14,138
2,14,140
2,14,140
2,14,140
3,14,141
3,14,141
3,14,141
2,14,141
2,14,141
2,14,141
2,14,140
2,14,141
2,14,141
2,14,142
2,14,142
3,14,142
3,14,142
3,14,142
3,14,142
3,15,141
3,15,141
3,15,138
3,14,138
3,14,137
3,14,136
1,14,135
1,14,136
1,14,136
1,14,137
1,14,137
2,14,140
2,14,141
3,14,142
3,14,142
3,14,143
2,14,143
1,14,142
1,14,142
1,14,142
1,14,142
1,14,142
1,14,142
1,14,142
1,15,142
1,14,141
1,14,141
0,14,140
0,14,140
0,14,140
0,14,140
0,14,140
0,14,140
0,14,140
0,14,141
1,14,142
1,14,142
1,14,142
1,14,142
1,14,142
1,14,142
1,14,141
2,14,140
2,14,140
2,14,140
2,14,140
4,14,139
4,15,138
4,15,138
4,15,137
4,15,136
4,15,136
4,15,136
3,14,136
4,15,136
4,15,136
3,14,135
3,14,135
3,14,136
3,14,136
3,14,136
3,15,136
3,15,136
3,15,136
2,15,136
2,15,136
1,15,135
1,15,135
1,15,135
1,15,135
3,15,135
3,15,136
3,15,136
4,15,137
4,15,137
4,15,137
3,15,137
3,15,138
3,15,138
3,15,139
3,15,139
2,15,139
2,15,139
2,15,139
2,15,139
2,15,138
3,15,138
3,14,138
3,14,138
2,14,138
2,14,138
2,14,138
0,14,140
0,14,140
1,14,140
1,14,140
1,14,140
1,15,140
1,14,140
1,14,140
2,14,138
2,14,138
2,14,138
2,14,138
2,14,138
2,14,140
2,14,140
2,14,140
2,15,140
3,15,141
3,15,141
3,15,141
2,15,141
2,14,140
2,14,140
1,14,140
0,14,140
2,14,138
2,14,138
2,14,138
2,14,138
2,14,138
2,14,138
2,14,138
2,14,138
2,14,138
2,14,138
2,14,138
2,14,138
1,14,138
1,14,140
1,14,140
1,14,141
1,14,141
1,15,140
2,15,140
2,15,139
2,14,138
2,14,138
2,14,138
2,14,138
1,14,139
1,14,140
1,14,140
1,15,141
1,15,141
1,15,141
1,14,141
1,14,141
1,14,141
1,14,141
1,14,141
1,14,141
1,15,141
1,14,140
2,14,140
2,14,138
2,14,138
2,14,138
3,14,138
3,14,137
3,14,137
1,14,136
1,14,136
1,14,136
1,14,137
1,14,138
1,14,138
1,14,138
2,14,138
2,14,138
2,14,138
2,14,138
2,14,136
3,14,136
3,14,136
3,14,136
3,14,137
2,14,137
2,14,137
2,14,138
2,14,140
2,14,140
2,14,140
3,14,141
3,15,141
3,14,141
2,14,141
2,14,141
2,14,140
2,14,140
2,14,140
2,14,141
2,14,141
3,14,142
3,14,142
3,14,142
3,14,142
3,14,142
2,14,141
2,15,141
2,15,138
3,14,137
3,14,136
3,14,135
2,14,135
1,14,135
1,14,135
1,14,136
1,14,137
1,14,140
2,14,141
3,14,142
3,14,143
3,14,143
2,14,143
1,14,142
1,14,142
1,14,142
1,14,142
1,14,142
1,14,142
1,14,142
1,14,142
1,14,142
1,14,141
1,14,141
0,14,140
0,14,140
0,14,140
0,14,140
0,14,140
0,14,140
0,14,140
0,14,141
1,14,142
1,14,142
1,14,142
1,14,142
1,14,142
1,14,141
1,14,140
2,14,140
2,14,140
2,14,140
3,14,140
4,15,139
4,15,138
4,15,138
4,14,137
4,14,136
3,14,136
3,14,136
3,14,136
3,14,136
3,14,135
3,14,135
3,14,136
3,14,136
3,14,136
3,15,137
3,15,137
3,15,137
3,15,136
2,15,135
1,15,135
1,15,135
1,15,135
1,15,135
1,15,135
2,15,136
3,15,136
3,15,137
3,15,137
3,15,137
3,15,138
3,15,138
3,15,138
3,15,139
3,15,139
2,15,139
3,15,139
2,15,139
2,15,139
2,15,138
3,15,138
2,14,138
2,14,138
2,14,138
2,14,138
0,14,140
0,14,140
0,14,140
0,14,140
0,14,140
0,14,140
1,14,140
1,14,140
2,14,138
2,14,138
2,14,138
2,14,138
2,14,138
2,14,138
1,14,140
1,14,140
1,14,140
1,15,141
1,15,141
1,15,141
1,15,141
1,15,141
1,14,141
1,14,140
1,14,140
0,14,140
2,14,138
2,14,138
2,14,138
2,14,138
2,14,138
2,14,138
2,14,138
2,14,138
2,14,138
2,14,138
2,14,138
2,14,138
2,14,138
1,14,140
1,14,140
1,14,141
1,14,141
1,15,141
2,14,140
2,14,139
2,14,138
2,14,138
2,14,138
2,14,139
1,14,140
1,14,140
1,14,140
1,14,141
1,14,141
1,14,141
1,14,141
1,14,141
1,14,141
1,15,141
1,15,141
1,15,141
1,15,141
1,14,140
2,14,139
2,14,138
2,14,138
2,14,138
3,14,138
3,14,137
3,14,136
2,14,136
1,14,136
1,14,136
1,14,136
1,14,137
2,14,138
2,14,138
2,14,138
2,14,138
2,14,138
2,14,138
2,14,137
3,14,136
3,13,136
3,13,137
3,13,137
3,13,137
2,13,137
2,14,138
2,14,140
2,14,140
2,15,140
3,15,141
3,15,141
2,15,141
2,15,141
2,14,141
2,14,140
2,14,140
2,14,140
2,14,141
2,14,141
3,14,142
3,14,142
3,14,142
3,14,142
3,14,142
2,14,141
2,15,141
2,15,138
3,14,136
3,14,135
3,14,134
3,14,133
1,14,133
1,13,135
0,14,136
1,14,137
1,14,140
2,14,141
3,14,142
3,14,143
3,14,143
2,14,143
2,14,143
1,14,142
1,14,142
1,14,143
1,14,143
1,14,142
1,14,142
1,14,142
1,14,142
1,14,142
1,14,141
1,14,141
0,14,140
0,14,140
0,14,140
0,14,140
0,14,140
0,14,140
1,14,141
1,14,142
1,14,142
1,14,142
1,14,142
1,14,142
1,14,142
1,14,141
1,14,141
2,14,140
2,14,140
3,14,140
4,14,140
4,14,138
4,14,138
4,14,137
3,14,136
3,14,136
3,14,136
3,14,136
3,14,136
3,14,135
3,14,135
3,14,136
3,14,136
3,14,136
3,14,136
4,15,136
4,15,136
4,15,136
3,15,136
2,15,135
1,15,135
1,15,135
1,15,135
1,15,136
2,15,136
3,15,137
3,15,137
3,15,137
3,15,137
3,15,138
3,15,138
3,15,138
3,14,138
3,15,139
2,15,139
3,15,139
3,15,139
3,15,139
3,15,139
3,15,138
2,14,138
2,14,138
2,14,138
2,14,138
0,14,140
0,14,140
0,14,140
0,14,140
0,14,140
0,14,140
1,14,140
1,14,140
2,14,138
2,14,138
2,14,138
2,14,138
1,14,138
0,14,140
0,14,140
1,14,140
1,14,141
1,14,141
1,15,141
1,15,141
1,15,141
1,14,141
1,14,141
1,14,141
1,14,140
0,14,140
0,14,140
2,14,140
2,14,138
2,14,138
2,14,138
2,14,138
2,14,138
2,14,138
2,14,138
2,14,138
2,14,138
2,14,138
2,14,138
1,14,138
1,14,140
1,14,140
1,14,141
1,15,141
2,15,141
2,14,140
2,14,140
2,14,139
2,14,140
2,14,140
2,14,140
1,14,140
1,14,140
1,14,140
0,14,140
1,14,141
1,14,141
1,14,141
1,15,141
1,15,141
1,15,141
1,15,141
1,15,141
2,14,140
2,14,138
2,14,138
2,14,138
4,14,138
4,14,137
3,14,137
3,14,136
3,14,136
3,14,136
2,14,136
1,14,136
1,14,137
2,14,138
2,14,138
2,14,138
2,14,138
2,14,138
2,14,138
3,14,137
3,14,137
3,13,137
3,13,137
3,13,137
3,13,137
3,13,137
3,14,138
2,14,139
2,15,140
2,15,141
3,15,141
2,15,141
2,15,141
2,15,141
2,14,141
1,14,141
1,14,140
1,14,141
1,14,141
1,14,141
2,14,142
3,14,142
3,14,142
2,14,142
1,14,142
2,15,141
2,15,140
2,15,138
3,14,136
3,14,135
3,14,132
1,13,132
1,13,132
0,13,133
0,14,135
0,14,138
1,14,140
1,14,142
3,14,142
3,14,143
3,14,143
2,14,143
2,14,143
2,15,143
2,15,143
2,15,143
2,15,143
1,14,143
1,14,142
1,14,142
1,14,142
1,14,142
1,14,142
1,14,141
1,15,141
1,15,141
1,15,141
0,14,140
0,14,140
1,14,141
1,14,141
1,14,142
1,14,142
1,14,142
1,14,142
1,14,142
1,14,142
1,14,141
1,14,141
2,14,140
2,14,140
3,15,140
4,14,140
4,14,138
4,14,138
4,14,137
3,14,136
3,14,136
3,14,136
3,14,136
3,14,136
3,14,135
3,14,135
3,14,136
3,14,136
3,14,136
3,14,136
4,15,136
4,15,136
4,15,136
4,15,136
4,15,136
3,15,135
1,15,135
2,15,136
2,15,136
2,15,136
2,15,137
3,15,137
2,15,137
2,15,137
2,15,138
2,14,138
2,14,138
2,14,138
2,14,138
2,14,138
3,15,139
3,15,139
3,15,139
3,14,138
2,14,138
2,14,138
2,14,138
2,14,138
2,14,138
1,14,140
0,14,140
0,14,140
1,14,140
1,15,141
1,15,141
1,14,140
1,14,140
2,14,138
2,14,138
2,14,138
2,14,138
0,14,140
0,14,140
0,14,140
0,14,141
1,14,141
1,14,142
1,14,142
1,14,142
1,14,142
1,14,142
1,14,142
1,14,141
1,14,141
0,14,140
0,14,140
1,14,140
2,14,140
2,14,138
2,14,138
2,14,138
2,14,138
2,14,138
2,14,138
2,14,138
2,14,138
2,14,138
1,14,138
1,14,138
1,14,140
0,14,140
0,14,140
1,14,140
2,14,140
2,14,140
2,14,140
2,14,140
2,14,140
2,14,140
2,14,140
2,14,140
1,14,140
0,14,140
0,14,140
0,15,140
0,15,140
1,15,141
1,15,141
1,15,141
1,15,141
1,15,141
2,14,139
2,14,138
2,14,138
2,14,138
4,14,138
4,14,138
4,14,137
4,14,137
3,14,136
3,14,136
3,14,136
3,14,136
2,14,136
1,14,136
2,14,137
2,14,138
2,14,138
2,14,138
2,14,138
2,14,138
2,14,138
3,14,137
3,13,137
3,13,137
3,13,137
3,13,137
3,13,137
3,14,138
3,14,138
3,15,141
3,15,141
2,15,141
1,15,141
1,15,141
1,15,141
1,14,141
1,14,141
1,14,141
1,14,142
1,14,142
1,14,142
1,14,142
1,14,142
1,14,142
1,14,142
1,15,142
2,15,141
2,15,140
2,15,139
3,14,136
3,14,135
2,14,132
1,13,132
0,13,132
0,13,133
0,14,135
0,14,138
1,14,140
1,14,142
3,14,142
3,14,143
2,14,143
2,14,144
2,15,144
2,15,143
2,15,144
2,15,144
2,15,144
1,14,144
1,14,144
1,14,142
1,14,142
1,14,142
1,14,142
1,14,141
1,15,141
1,15,141
1,15,141
1,15,141
1,15,141
1,14,141
1,14,142
1,14,142
1,14,142
1,14,142
1,14,142
1,14,142
1,14,141
1,14,141
1,14,140
2,14,140
2,14,140
3,15,140
4,14,140
4,14,138
4,14,138
4,14,137
3,14,136
3,14,136
3,14,136
3,14,136
3,14,136
3,14,135
3,14,135
3,14,136
3,14,136
3,14,136
3,14,136
4,15,136
4,15,136
4,15,136
4,15,136
4,15,136
4,15,136
4,15,136
2,15,136
2,15,136
2,15,136
2,15,137
2,15,137
2,15,137
2,15,138
2,15,138
2,14,138
2,14,138
2,14,138
2,14,138
2,14,138
3,15,139
3,15,139
2,14,138
2,14,138
2,14,138
2,14,138
2,14,138
2,14,138
2,14,140
2,14,140
1,14,140
1,14,140
1,15,141
1,15,141
1,15,141
1,15,141
2,14,140
2,14,140
2,14,138
2,14,138
2,14,140
0,14,140
0,14,140
0,14,141
1,14,141
1,14,142
1,14,142
1,14,142
1,14,142
1,14,142
1,14,142
1,14,142
1,14,142
1,14,142
1,14,141
1,14,140
1,14,140
2,14,140
2,14,139
2,14,138
2,14,138
2,14,138
2,14,138
2,14,138
2,14,138
2,14,138
2,14,138
2,14,138
2,14,138
1,14,140
1,14,140
1,14,140
1,14,140
2,14,140
2,14,140
2,14,140
2,14,140
2,14,140
2,14,140
2,14,140
2,14,140
0,14,140
0,14,140
0,14,140
0,15,140
0,15,140
1,15,140
1,15,140
1,15,140
1,15,140
1,14,139
2,14,138
2,14,138
2,14,138
2,14,138
4,14,138
4,14,138
4,14,138
4,14,137
3,14,136
3,14,136
3,14,136
3,14,136
3,14,136
2,14,136
2,14,137
2,14,138
2,14,138
2,14,138
2,14,138
2,14,138
2,14,138
3,14,138
3,14,137
3,13,137
3,13,137
3,13,137
3,13,137
3,14,138
3,14,138
3,15,139
2,15,141
1,15,141
1,15,141
1,15,141
1,14,141
1,14,142
1,14,142
1,14,142
1,14,142
1,14,142
1,14,142
1,14,142
1,14,142
1,14,142
1,14,142
1,15,142
2,15,141
2,16,140
2,16,139
3,15,136
3,14,135
2,14,132
1,13,132
0,13,132
0,13,132
0,14,134
0,14,138
1,14,139
1,14,142
1,14,142
2,14,143
2,14,144
2,15,144
2,15,145
2,15,145
2,15,145
2,15,144
1,14,144
1,14,144
1,14,144
1,14,143
1,14,142
1,14,142
1,14,142
1,14,142
1,15,141
1,15,141
1,15,141
1,15,141
1,15,141
1,15,142
1,14,142
1,14,142
1,14,142
1,14,142
0,13,141
0,14,141
0,14,141
0,14,141
1,14,141
2,15,141
3,15,141
3,15,141
4,15,140
4,15,138
4,14,138
4,14,137
3,14,136
3,14,136
3,14,136
3,14,136
3,14,136
3,14,135
3,14,135
3,14,136
3,14,136
3,14,136
3,14,136
4,15,136
4,15,136
4,15,136
4,15,136
4,15,136
4,15,136
4,15,136
2,15,136
2,15,136
2,15,137
1,15,137
0,15,137
0,15,137
1,15,138
2,15,138
2,14,138
2,14,138
2,14,138
3,15,139
3,15,139
3,15,139
3,15,139
3,15,139
2,14,138
2,14,138
2,14,138
2,14,138
2,14,140
2,14,140
2,14,140
2,14,140
1,14,140
1,15,141
1,15,141
1,15,141
2,15,141
2,14,140
2,14,140
2,14,140
2,14,140
2,14,140
0,14,140
0,14,140
0,14,141
1,14,142
1,14,142
1,14,142
1,14,142
1,14,142
1,14,142
1,14,142
1,14,142
1,14,142
1,14,142
1,14,141
1,14,141
1,14,141
2,14,140
2,14,140
2,14,138
2,14,138
2,14,138
2,14,138
2,14,138
2,14,138
2,14,138
2,14,138
2,14,138
2,14,138
2,14,140
1,14,140
1,14,140
2,14,141
2,14,141
2,14,141
2,14,141
2,14,140
2,14,140
2,14,140
2,14,140
2,14,140
0,14,140
0,14,140
0,14,138
0,14,138
0,15,138
1,15,139
1,15,139
1,15,139
1,14,138
2,14,138
2,14,138
2,14,138
2,14,138
2,14,138
4,14,138
4,14,138
4,14,138
4,14,137
3,14,136
3,14,136
3,14,136
3,14,136
3,14,136
3,14,136
2,14,137
2,14,138
2,14,138
2,14,138
2,14,138
2,14,138
3,14,138
3,14,138
3,14,138
3,13,137
3,13,137
3,13,137
3,13,137
3,13,137
3,14,138
2,14,139
2,15,141
1,15,141
1,15,141
1,14,142
1,14,142
1,14,142
1,14,142
1,14,142
1,14,142
1,14,142
1,14,142
1,14,142
1,14,142
1,14,142
1,14,142
1,15,142
2,15,141
2,16,140
2,16,139
2,15,136
2,14,135
2,14,132
1,13,132
0,13,132
0,13,132
0,14,134
0,14,138
1,14,139
1,14,142
1,14,142
2,14,144
2,14,144
2,15,145
2,15,145
2,15,145
2,15,145
2,15,145
1,14,144
1,14,144
1,14,144
1,14,144
1,14,142
1,14,142
1,14,142
1,14,142
1,15,141
1,15,141
1,15,141
1,15,141
2,16,142
2,16,142
1,15,142
1,14,142
1,14,141
0,13,141
0,13,141
0,13,141
0,14,141
0,14,141
1,14,141
2,15,141
3,15,141
3,15,141
4,14,140
4,14,138
4,14,138
4,14,137
3,14,136
3,14,136
3,14,136
3,14,136
3,14,136
3,14,135
3,14,135
3,14,136
3,14,136
3,14,136
3,14,136
4,15,137
4,15,137
4,15,136
4,15,136
4,15,136
4,15,136
2,15,136
2,15,136
2,15,137
1,15,137
0,15,137
0,15,137
0,15,137
0,14,137
1,14,138
2,14,138
2,14,138
2,14,138
2,14,138
3,15,139
3,15,139
3,15,139
2,14,138
2,14,138
2,14,138
2,14,138
2,14,139
2,14,140
2,14,140
2,14,140
2,14,140
2,14,140
2,15,141
2,15,141
2,15,141
2,14,140
2,14,140
2,14,140
2,14,140
2,14,140
2,14,140
0,14,140
0,14,141
0,14,141
1,14,142
1,14,142
1,14,142
1,14,142
1,14,142
1,14,142
1,14,142
1,14,142
1,14,142
1,14,142
1,14,142
1,14,141
1,14,141
1,14,141
2,14,140
2,14,140
2,14,138
2,14,138
2,14,138
2,14,138
2,14,138
2,14,138
2,14,138
2,14,138
2,14,138
2,14,140
2,14,140
2,14,140
2,14,140
2,14,141
2,14,141
2,14,141
2,14,141
2,14,141
2,14,141
2,15,140
2,14,140
1,14,140
0,14,140
0,14,138
0,14,138
0,14,138
1,14,138
1,14,138
2,14,138
2,14,138
2,14,138
2,14,138
2,14,138
2,14,138
2,14,138
4,14,138
4,14,138
4,14,138
4,14,138
4,14,137
3,14,136
3,14,136
3,14,136
3,14,136
3,14,136
2,14,137
2,14,138
2,14,139
2,14,139
2,14,138
2,14,138
3,14,138
3,14,138
3,14,138
3,14,138
3,14,138
3,13,137
3,13,137
3,13,137
3,13,137
2,14,138
1,14,140
1,14,141
1,14,141
1,14,142
1,14,142
1,14,142
1,14,142
1,14,142
1,14,142
1,14,142
1,14,142
1,14,142
1,14,142
1,14,142
1,14,142
1,15,142
2,15,141
2,15,140
2,15,139
2,15,137
2,14,135
1,13,132
0,13,132
0,13,132
0,13,132
0,14,134
0,14,138
1,14,139
1,14,142
1,14,142
2,14,144
2,14,145
2,15,145
2,15,145
2,15,145
2,15,145
1,14,144
1,14,144
1,14,144
1,14,144
1,14,144
1,14,144
1,14,142
1,14,142
1,14,142
1,14,142
1,15,141
1,15,141
1,15,141
2,16,142
2,16,142
1,15,142
1,14,141
0,13,141
0,13,141
0,13,141
0,13,141
0,13,141
0,14,141
0,14,141
2,14,140
2,15,141
3,14,140
3,14,140
4,14,138
4,14,138
4,14,137
4,14,137
3,14,136
3,14,136
3,14,136
3,14,135
3,14,135
3,14,135
3,14,136
3,14,136
3,14,136
3,14,136
3,15,137
4,15,137
4,15,137
3,15,136
3,15,136
2,15,136
2,15,136
2,15,137
2,15,137
2,15,137
0,15,137
0,15,137
0,14,137
0,14,137
1,14,137
1,14,138
2,14,138
2,14,138
2,14,138
2,14,138
3,15,139
2,14,138
2,14,138
2,14,138
2,14,138
2,14,138
2,14,140
2,14,140
2,14,140
2,14,140
2,14,140
2,14,140
2,14,140
2,15,141
2,14,140
2,14,140
2,14,140
2,14,140
2,14,140
2,14,140
2,14,140
0,14,140
0,14,141
0,14,141
1,14,142
1,14,142
1,14,142
1,14,142
1,14,142
1,14,142
1,14,142
1,14,142
1,14,142
1,14,142
1,14,142
1,14,141
1,14,141
1,14,141
1,15,141
2,14,140
2,14,140
2,14,139
2,14,138
2,14,138
2,14,138
2,14,138
2,14,138
2,14,138
2,14,138
2,14,140
2,14,140
2,14,140
2,14,141
1,14,141
1,14,142
1,14,142
1,14,141
1,14,141
1,15,141
1,15,141
1,15,140
1,15,140
1,15,139
2,15,138
1,15,138
1,14,138
1,14,138
2,14,138
2,14,138
2,14,138
2,14,138
2,14,138
2,14,138
2,14,138
2,14,138
3,14,138
4,14,138
4,14,138
4,14,138
3,14,138
3,14,137
3,14,136
3,14,136
3,14,136
3,14,137
2,14,137
2,14,139
2,14,140
2,14,140
2,14,140
2,14,140
2,14,140
3,15,139
3,14,139
3,14,138
3,14,138
3,13,137
3,13,137
3,13,137
3,13,137
2,14,138
1,14,140
1,14,141
1,14,142
1,14,142
1,14,142
1,14,142
1,14,142
1,14,143
1,14,144
1,14,144
1,14,143
1,14,143
1,14,142
1,14,142
1,14,142
1,15,142
1,15,141
2,15,140
2,15,139
2,15,137
2,14,135
1,13,131
0,13,131
0,13,131
0,13,133
0,14,134
0,14,138
1,14,139
1,14,142
1,14,142
2,14,144
2,14,145
2,15,145
2,15,145
2,15,145
2,15,144
1,14,144
1,14,144
1,14,144
1,14,144
1,14,144
1,14,144
1,14,142
1,14,142
1,14,142
1,14,142
1,15,141
1,15,141
1,15,141
1,15,141
1,15,142
1,15,141
0,14,141
0,13,141
0,13,141
0,13,141
0,13,141
0,13,141
0,14,141
0,14,140
2,14,140
2,14,140
3,14,140
3,14,140
4,14,138
4,14,138
4,14,137
4,14,137
3,14,136
3,14,136
3,14,135
3,14,135
3,14,135
3,14,135
3,14,136
3,14,136
3,14,136
3,15,137
3,15,137
3,15,137
2,15,137
2,15,136
2,15,137
2,15,137
2,15,137
2,15,137
2,15,137
1,15,137
0,14,137
0,14,137
1,14,137
1,14,138
2,14,138
2,14,138
2,14,138
2,14,138
2,14,138
2,14,138
2,14,138
2,14,138
2,14,138
2,14,138
2,14,140
2,14,140
2,14,140
2,14,140
2,14,140
2,14,140
2,14,140
2,14,140
2,14,140
2,14,140
2,14,140
2,14,140
2,14,140
2,14,140
2,14,140
2,14,140
1,14,140
1,14,141
1,14,141
1,14,142
1,14,142
1,14,142
1,14,142
1,14,142
1,14,142
1,14,142
1,14,142
1,14,141
1,14,141
1,14,141
1,14,141
1,14,141
1,15,141
1,15,141
1,15,141
2,14,140
2,14,139
2,14,139
2,14,138
2,14,138
2,14,138
2,14,138
2,14,138
2,14,140
2,14,140
2,14,140
2,14,140
1,14,141
1,14,142
1,14,142
1,14,142
1,14,142
1,14,141
1,15,141
1,15,141
1,15,141
2,15,140
2,15,140
2,14,138
2,14,138
2,14,138
2,14,138
2,14,138
2,14,138
2,14,138
2,14,138
2,14,138
2,14,138
2,14,138
2,14,138
3,14,138
3,14,138
3,14,138
3,14,138
3,14,138
3,14,138
3,14,137
3,14,136
3,14,137
2,14,137
2,14,139
2,14,140
1,14,140
2,14,140
2,15,140
2,15,140
2,15,140
3,15,140
3,15,139
3,14,139
3,14,138
3,14,138
3,13,137
3,13,137
3,13,137
2,14,138
1,14,140
1,14,140
1,14,141
1,14,142
1,14,142
1,14,142
1,14,143
1,14,144
1,14,144
1,14,144
1,14,144
1,14,143
1,14,142
1,14,142
1,14,142
1,14,142
1,15,141
1,15,141
2,15,139
2,15,137
2,14,135
1,13,131
0,13,131
0,13,131
0,13,134
0,14,135
0,14,138
1,14,141
1,14,142
1,14,142
2,14,144
2,14,145
2,15,145
2,15,145
2,15,144
1,14,144
1,14,144
1,14,144
1,14,144
1,14,144
1,14,144
1,14,143
1,14,142
1,14,142
1,14,142
1,14,141
1,15,141
1,15,141
1,15,141
1,15,141
1,15,141
1,15,141
0,13,141
0,13,141
0,13,141
0,13,141
0,13,141
0,13,141
0,14,141
0,14,140
2,14,140
2,14,140
3,14,140
3,14,140
4,14,138
4,14,138
4,15,137
4,15,137
4,15,137
3,14,136
3,14,135
3,14,135
3,14,135
3,15,137
3,14,137
3,14,137
3,14,137
3,15,137
2,15,137
2,14,137
2,14,137
2,14,137
2,14,137
2,15,138
2,15,137
2,15,137
2,14,137
2,14,137
2,14,137
2,14,138
2,14,138
2,14,138
2,14,138
2,14,138
2,14,138
2,14,138
2,14,138
2,14,138
2,14,138
2,14,138
2,14,139
2,14,140
2,14,140
2,14,140
2,14,140
2,14,140
2,14,140
2,14,140
2,14,140
2,14,140
2,14,140
2,14,140
2,14,140
2,14,140
2,14,140
2,14,140
2,14,140
1,14,140
1,14,141
1,14,141
1,14,141
1,14,142
1,14,142
1,14,142
1,14,142
1,14,142
1,14,142
0,14,141
0,14,141
1,14,141
1,14,141
1,14,141
1,15,141
1,15,141
1,15,141
1,14,141
1,14,141
1,14,140
2,14,140
2,14,139
2,14,139
2,14,139
2,14,138
2,14,140
2,14,140
2,14,140
2,14,140
1,14,141
1,14,142
1,14,142
1,14,142
1,14,142
1,14,142
1,14,142
1,14,141
1,14,141
1,15,141
2,15,141
2,14,140
2,14,140
2,14,139
2,14,138
2,14,138
2,14,138
2,14,138
2,14,138
2,14,138
2,14,138
2,14,138
2,14,138
2,14,140
2,14,140
3,14,141
3,14,141
3,14,139
3,14,138
3,14,138
3,14,138
3,14,138
2,14,138
2,14,138
2,14,140
1,14,140
1,14,140
1,15,141
1,15,141
1,15,141
1,15,141
2,15,141
2,15,140
2,14,139
3,14,138
3,14,138
3,14,137
3,13,137
3,13,137
2,14,137
1,14,140
1,14,140
1,14,141
1,14,142
1,14,142
1,14,142
1,14,144
1,14,144
1,14,144
1,14,144
1,14,144
1,14,144
1,14,142
1,14,142
1,14,142
1,14,142
1,14,141
1,15,141
2,15,139
2,15,137
2,14,135
1,13,131
0,13,131
0,13,131
0,13,134
0,14,135
0,14,138
1,14,141
1,14,142
1,14,142
2,14,144
2,15,144
2,15,145
2,15,144
2,15,144
2,15,144
1,14,144
1,14,144
1,14,144
2,15,144
1,14,144
1,14,143
1,14,142
1,14,142
1,14,142
1,14,141
1,15,141
1,15,141
1,15,141
1,15,141
1,15,141
1,15,141
0,13,141
0,13,141
0,13,141
0,13,141
0,13,141
0,14,141
0,14,141
1,14,141
2,14,140
2,14,140
2,14,140
2,14,140
4,14,138
4,14,138
4,15,137
4,15,137
4,15,137
3,14,136
3,14,136
3,14,135
3,14,135
3,15,137
3,14,137
3,14,137
3,14,137
2,14,137
2,14,137
2,14,137
2,14,138
2,14,138
2,14,138
2,14,138
2,15,138
2,14,138
2,14,138
2,14,138
2,14,138
2,14,138
2,14,138
2,14,138
2,14,138
2,14,138
2,14,138
2,14,138
2,14,138
2,14,138
2,14,138
2,14,138
2,14,138
2,14,140
2,14,140
2,14,140
2,14,140
2,14,140
2,14,140
2,14,140
2,14,140
2,14,140
2,14,140
2,14,140
2,14,140
2,14,140
2,14,140
2,14,140
2,14,140
1,14,140
1,14,141
1,14,141
1,14,141
1,14,141
1,14,141
1,14,142
1,14,142
1,14,141
1,14,141
0,14,141
0,14,141
1,14,141
1,15,141
1,15,141
1,15,141
1,15,141
1,15,141
1,15,141
1,14,141
1,14,140
1,14,140
1,14,140
2,14,139
2,14,139
2,14,140
2,14,140
2,14,140
2,14,140
1,14,141
1,14,141
1,14,142
1,14,142
1,14,142
1,14,142
1,14,142
1,14,142
1,14,142
1,14,141
1,15,141
2,15,141
2,15,140
2,14,140
2,14,140
2,14,139
2,14,139
2,14,138
2,14,138
2,14,138
2,14,138
2,14,138
2,14,138
2,14,140
2,14,141
2,14,141
2,14,141
2,14,141
2,14,141
3,14,141
2,14,138
2,14,138
2,14,138
2,14,138
2,14,138
2,14,140
1,14,140
1,15,141
1,15,141
1,15,141
1,15,141
1,15,141
1,15,141
2,15,140
2,14,140
2,14,138
3,14,138
3,14,137
3,13,137
3,13,137
2,14,137
1,14,140
1,14,140
1,14,140
1,14,142
1,14,142
1,14,142
1,14,144
1,14,144
1,14,144
1,14,144
1,14,144
1,14,142
1,14,142
1,14,142
1,14,142
1,14,142
1,15,141
1,15,141
2,15,141
3,15,138
3,14,135
2,13,133
1,13,133
0,13,133
0,13,134
0,14,136
0,14,140
1,14,141
1,14,142
1,14,143
1,14,144
2,14,144
2,15,144
2,15,144
2,15,143
2,15,144
1,14,144
1,14,144
2,15,144
2,15,144
2,15,143
1,14,143
1,15,142
1,14,142
1,14,141
1,14,141
1,14,141
1,14,141
0,14,140
1,15,141
0,14,141
0,14,141
0,13,141
0,13,141
0,13,141
0,13,141
0,14,141
0,14,141
1,14,141
1,14,141
2,14,140
2,14,140
2,14,140
2,14,140
4,14,138
4,14,138
4,14,137
4,14,137
3,14,136
3,14,136
3,14,136
3,14,135
3,14,135
2,14,137
2,14,137
3,14,137
2,14,138
2,15,138
2,15,138
2,15,138
2,15,138
2,15,138
2,15,138
3,15,138
3,15,138
3,15,138
3,14,138
4,14,138
2,14,138
2,14,138
2,14,138
2,14,138
2,14,138
2,14,138
2,14,138
2,14,138
2,14,138
2,14,138
2,14,138
2,14,138
2,14,138
2,14,139
2,14,140
2,14,140
2,14,140
2,14,138
2,14,138
2,14,138
2,14,138
2,14,138
2,14,138
2,14,138
2,14,138
2,14,140
2,14,140
2,14,140
2,14,140
1,14,140
1,14,140
1,14,140
1,14,140
1,14,141
1,14,141
1,14,141
1,14,141
1,14,141
1,14,140
1,14,140
1,14,140
1,14,141
1,15,141
1,15,141
1,15,141
1,15,141
1,15,142
1,15,142
1,14,142
1,14,141
1,14,140
1,14,140
1,14,140
1,14,140
1,14,140
1,14,140
1,14,140
1,14,140
1,14,141
1,14,142
1,14,142
1,14,142
1,14,142
1,14,142
1,14,142
1,14,142
1,14,142
1,14,142
1,14,141
2,14,141
3,15,141
3,14,140
2,14,140
2,14,140
2,14,140
2,14,139
2,14,138
2,14,138
2,14,138
2,14,140
2,14,140
2,14,140
1,14,141
1,14,141
1,14,142
1,14,142
1,15,141
1,15,141
2,15,141
2,14,138
2,14,138
2,14,138
2,14,138
1,14,140
1,15,140
1,15,141
1,15,141
1,15,141
1,15,141
1,15,141
1,15,141
1,15,141
2,14,140
2,14,138
2,14,138
3,14,137
3,14,137
3,14,137
2,14,137
1,14,138
0,14,140
1,14,140
1,14,141
1,14,142
1,14,142
1,14,144
1,14,144
1,14,144
1,14,144
1,14,144
1,14,142
1,14,142
1,14,142
1,14,142
1,14,141
1,15,141
1,15,141
3,15,141
3,15,138
3,15,136
2,14,134
1,13,134
1,13,134
0,13,134
0,14,136
0,14,140
0,14,141
1,14,142
1,14,143
1,14,143
1,14,143
2,14,144
2,15,143
2,15,143
2,15,143
1,14,143
1,14,143
2,15,143
2,15,143
1,15,143
1,15,142
1,15,142
1,15,142
1,15,141
1,15,141
0,14,140
0,14,140
0,14,140
0,14,140
0,14,141
0,14,141
0,13,141
0,13,141
0,13,141
0,13,141
1,14,141
1,14,141
1,14,141
1,14,141
2,14,140
2,14,140
2,14,140
3,14,140
4,14,138
4,14,138
4,14,137
3,14,136
3,14,136
3,14,136
3,14,136
3,14,136
3,14,135
2,14,137
2,14,138
2,14,138
2,14,138
2,15,138
2,15,138
2,15,138
2,15,138
2,15,138
2,14,138
2,15,138
3,15,138
3,15,138
4,14,138
4,14,138
4,14,138
4,14,138
2,14,138
2,14,138
2,14,138
2,14,138
2,14,138
2,14,138
2,14,138
2,14,138
2,15,138
2,15,138
2,15,139
2,15,139
2,15,139
2,14,140
2,14,139
2,14,138
2,14,138
2,14,138
2,14,138
2,14,138
2,14,138
2,14,138
2,14,138
2,14,138
2,14,140
2,14,140
2,14,140
1,14,140
1,14,140
1,14,140
1,14,140
1,14,140
1,14,140
1,14,140
1,14,140
1,14,140
1,14,140
1,14,140
1,14,140
1,15,140
1,15,141
1,15,141
1,15,141
1,15,142
1,15,142
1,15,142
1,14,142
1,14,141
1,14,141
1,14,141
1,14,140
0,14,140
0,14,140
0,14,140
0,14,140
1,14,141
1,14,142
1,14,142
1,14,142
1,14,142
1,14,142
1,14,142
1,14,142
1,14,142
1,14,142
1,14,142
1,14,142
2,14,141
3,14,141
3,14,140
2,14,140
2,14,140
2,14,140
2,14,140
2,14,140
2,14,140
2,14,140
2,14,140
1,14,140
1,14,141
1,14,141
1,14,142
1,14,142
1,14,142
1,14,142
1,15,141
1,15,141
2,14,140
2,14,138
2,14,138
2,14,138
1,14,140
1,14,140
1,15,141
1,15,141
1,15,141
0,15,141
1,15,141
1,15,141
1,15,141
1,14,140
2,14,138
2,14,138
3,14,138
3,14,137
3,14,137
2,14,137
1,14,137
0,14,140
0,14,140
0,14,141
1,14,142
1,14,142
1,14,144
1,14,144
1,14,144
1,14,144
1,14,143
1,14,142
1,14,142
1,14,142
1,14,142
1,14,141
1,15,141
1,15,141
3,15,141
3,15,138
3,15,137
3,14,135
2,14,135
1,13,135
0,13,135
0,14,136
0,14,140
0,14,140
1,14,142
1,14,143
1,14,144
1,14,144
1,14,143
1,14,143
1,14,143
2,15,143
1,14,143
1,14,143
2,15,143
2,15,143
1,14,142
1,14,142
1,15,142
1,15,141
1,15,141
1,15,141
1,15,141
0,14,140
0,14,140
0,14,140
0,14,141
0,14,141
0,14,141
0,14,141
1,14,142
1,14,142
1,14,142
1,14,142
1,14,141
1,15,141
2,15,141
2,15,141
3,14,140
3,14,140
3,14,138
4,14,138
4,14,137
3,14,136
3,14,136
3,14,136
3,14,136
3,14,136
3,14,135
2,14,138
2,14,138
2,14,138
2,14,139
2,14,139
2,14,138
2,14,138
2,14,138
2,14,138
2,14,138
2,15,138
3,14,138
4,14,138
4,14,138
4,14,138
4,14,138
4,14,138
2,14,138
2,14,138
2,14,138
2,14,138
2,14,138
2,14,138
2,15,138
2,15,138
1,15,138
1,15,139
2,15,139
2,14,140
2,14,140
2,14,139
2,14,138
2,14,138
2,14,138
2,14,138
2,14,138
2,14,138
2,14,138
2,14,138
2,14,138
2,14,140
2,14,140
1,14,140
1,14,140
1,14,140
1,14,140
1,14,140
1,14,140
1,14,140
0,14,140
0,14,140
0,14,140
0,14,140
0,14,140
1,14,140
1,14,140
1,15,140
1,15,141
1,15,141
1,15,142
1,15,142
1,14,142
1,14,142
1,14,142
1,14,142
1,14,141
0,14,141
0,14,140
0,14,140
0,14,141
0,14,141
1,14,142
1,14,142
1,14,142
1,14,142
1,14,142
1,14,142
1,14,142
1,14,142
1,14,142
1,14,142
1,14,142
1,14,142
2,14,141
2,14,141
2,14,140
2,14,140
2,14,140
2,14,140
2,14,140
2,14,140
2,14,140
2,14,140
1,14,140
1,14,141
1,14,141
1,14,142
1,14,142
1,14,142
1,14,142
1,14,142
1,14,142
1,14,141
2,14,141
2,14,140
2,14,140
2,14,140
1,14,140
1,14,140
1,14,141
1,15,141
1,15,141
1,15,141
1,15,141
1,15,141
1,14,141
1,14,140
2,14,138
2,14,138
3,14,138
3,14,137
3,14,137
2,14,137
1,14,137
1,14,138
1,14,140
1,14,140
1,14,142
1,14,142
1,14,143
1,14,144
1,14,144
1,14,143
1,14,142
1,14,142
1,14,142
1,14,142
1,14,142
1,14,141
1,15,141
1,15,141
3,15,141
3,15,139
3,15,137
3,14,137
2,14,136
1,13,136
1,14,136
1,14,137
1,14,140
1,14,140
1,14,142
1,14,143
1,14,144
1,14,144
1,14,144
1,14,143
1,14,143
2,15,143
2,15,143
2,15,143
2,15,143
1,14,142
1,14,142
1,14,142
1,15,142
1,15,141
1,15,141
1,15,141
0,15,140
0,15,140
0,15,140
0,14,140
0,14,141
0,14,141
0,14,141
1,14,141
1,14,142
1,14,142
1,14,142
1,14,142
1,15,141
1,15,141
2,15,141
3,15,141
3,15,141
3,14,140
3,14,138
3,14,138
3,14,136
3,14,136
3,14,136
3,14,136
3,14,136
3,14,136
2,14,138
2,15,139
2,14,139
2,14,139
2,14,139
3,15,139
3,15,139
3,15,138
2,15,138
2,15,138
2,15,139
3,14,139
3,14,139
4,14,138
4,14,138
4,14,138
4,14,138
3,14,138
3,14,138
2,14,138
2,14,138
2,14,138
2,14,138
2,15,138
1,15,138
1,15,138
1,15,140
1,15,140
2,14,140
2,14,140
2,14,140
2,14,139
2,14,139
2,14,139
2,14,139
2,14,138
2,14,138
2,14,138
2,14,138
2,14,140
0,14,140
1,14,140
1,14,140
1,14,140
1,14,140
1,14,140
1,14,140
1,14,140
0,14,140
0,14,140
1,14,140
1,14,140
1,14,140
1,14,140
1,14,140
1,15,140
1,15,140
1,15,141
1,15,141
1,15,142
1,15,142
1,14,142
1,14,142
1,14,142
1,14,142
1,14,142
1,14,141
1,14,141
0,14,141
1,14,141
1,14,142
1,14,142
1,14,142
1,14,142
1,14,142
1,14,142
1,14,142
1,14,142
1,14,142
1,14,142
1,14,142
1,14,142
1,14,142
2,14,141
2,14,141
2,14,140
2,14,140
2,14,140
2,14,140
2,14,140
1,14,140
1,14,140
1,14,140
1,14,140
1,14,141
1,14,141
1,14,142
1,14,142
1,14,142
1,14,142
1,14,142
1,14,142
1,14,142
2,14,141
2,14,140
2,14,140
2,14,140
1,14,140
1,14,141
0,14,141
1,14,141
1,14,141
1,14,141
1,14,141
1,14,141
1,14,141
2,14,140
2,14,140
2,14,138
3,14,138
3,14,137
3,14,137
3,14,137
2,14,137
1,14,137
1,14,139
1,14,140
1,14,141
1,14,142
1,14,142
1,14,143
1,14,143
1,14,143
1,14,143
1,14,142
1,14,142
1,14,142
1,14,142
1,14,142
1,15,142
1,14,142
1,15,141
3,15,141
3,15,138
3,14,137
2,14,137
2,14,136
1,14,137
1,14,140
1,14,140
1,14,141
1,14,142
1,14,143
1,14,143
1,14,144
1,14,144
1,14,144
1,14,143
1,14,143
2,15,143
1,14,143
1,14,142
1,14,142
1,14,142
1,14,142
1,15,141
1,15,141
1,15,141
1,15,141
0,15,140
0,15,140
0,15,140
0,14,140
0,14,140
0,14,141
0,14,141
1,14,141
1,14,142
1,14,142
1,14,142
1,14,142
1,15,142
1,15,141
2,15,141
3,15,141
3,15,141
3,14,140
3,14,138
3,14,138
3,14,136
3,14,136
3,14,136
3,14,136
3,14,136
3,14,136
2,14,138
0,14,139
0,14,139
2,15,139
2,15,139
3,15,139
3,15,139
3,15,138
3,15,138
2,15,138
2,15,139
2,14,139
2,14,140
3,14,140
4,14,138
4,14,138
4,14,138
4,14,138
3,14,137
3,14,138
2,14,138
2,14,138
2,14,138
1,15,138
1,15,138
0,15,140
1,15,140
1,15,140
1,14,140
2,14,140
2,14,140
2,14,140
2,14,140
1,14,140
1,14,140
0,14,140
0,14,140
1,14,140
1,14,140
0,14,140
0,14,140
0,14,140
1,14,140
1,14,140
1,14,140
1,14,140
1,14,140
1,14,140
0,14,140
0,14,140
1,14,140
1,14,140
1,14,140
1,14,140
1,14,141
1,14,141
1,15,141
1,15,141
1,14,142
1,14,142
1,14,142
1,14,142
1,14,142
1,14,142
1,14,142
1,14,142
1,14,142
1,14,141
1,14,141
1,14,142
1,14,142
1,14,142
1,14,144
1,14,144
1,14,143
1,14,142
1,14,142
1,14,142
1,14,142
1,14,142
1,14,142
1,14,142
1,14,141
2,14,141
2,14,141
2,14,140
2,14,140
2,14,140
2,14,140
1,14,140
1,14,140
1,14,141
1,14,141
0,14,141
0,14,141
0,14,141
0,14,142
1,14,142
1,14,142
2,14,142
2,14,142
2,14,142
2,14,141
2,14,140
2,14,140
2,14,140
2,14,140
1,14,140
1,14,141
1,14,141
1,14,142
1,14,142
1,14,142
1,14,142
1,14,142
1,14,141
2,14,140
2,14,140
2,14,138
3,14,138
3,14,137
3,14,137
3,14,137
2,14,137
2,14,137
2,14,139
2,14,140
2,14,141
1,14,142
1,14,142
1,14,143
1,14,143
2,15,143
2,15,143
2,15,143
2,15,143
1,14,142
1,14,142
1,14,142
1,14,142
1,14,142
1,14,142
3,15,141
3,15,141
3,15,139
3,14,138
2,14,138
2,14,140
2,14,140
1,14,140
1,14,141
1,14,142
1,14,142
1,14,142
1,14,143
1,14,143
1,14,143
1,14,143
2,15,143
2,15,143
1,14,142
1,14,142
1,14,142
1,14,142
1,14,142
1,15,141
1,15,141
1,15,141
1,15,141
0,15,139
0,15,138
0,15,140
0,15,140
0,15,140
1,15,141
1,14,141
1,14,141
1,14,142
1,14,142
1,14,142
1,14,142
1,15,142
1,15,141
2,15,141
3,15,141
3,15,141
3,14,140
2,14,138
2,14,137
3,14,136
3,14,136
3,14,136
3,14,136
3,14,136
3,14,136
2,14,139
0,14,139
0,14,139
0,14,139
2,14,139
2,15,139
2,15,138
3,15,138
2,15,138
2,15,138
2,14,138
2,14,139
2,14,140
2,14,140
3,14,139
4,14,138
4,14,138
4,14,138
3,14,137
3,14,137
3,14,138
2,14,138
2,14,138
1,15,138
1,15,140
1,15,140
1,15,140
1,15,140
2,14,140
2,14,140
2,14,140
2,15,140
1,15,140
1,15,140
0,14,140
0,14,140
0,14,140
0,14,140
0,14,140
0,14,140
0,14,140
1,14,140
1,14,140
1,15,141
1,15,141
1,14,140
1,14,140
0,14,140
0,14,140
0,14,140
0,14,140
1,14,140
1,14,141
1,14,141
1,14,141
1,14,141
1,14,141
1,14,142
1,14,142
1,14,142
1,14,142
1,14,142
1,14,142
1,14,142
1,14,142
1,14,142
1,14,142
1,14,142
1,14,142
1,14,142
1,14,142
1,14,144
1,14,144
1,14,144
1,14,143
1,14,142
1,14,142
1,14,142
1,14,142
1,14,142
1,14,142
1,14,142
2,14,141
2,14,141
2,14,140
2,14,140
2,14,140
2,14,140
1,14,140
1,14,140
0,14,141
0,14,141
1,14,141
0,14,141
1,14,141
1,14,142
1,14,142
1,14,142
2,14,142
3,14,142
2,14,142
2,14,141
2,14,141
2,14,140
2,14,140
2,14,140
2,14,140
1,14,140
1,14,141
1,14,142
1,14,142
1,14,142
1,14,142
1,14,142
1,14,142
2,14,142
2,14,140
2,14,140
3,14,140
3,14,138
4,14,138
4,14,137
4,14,137
3,14,137
2,14,138
2,14,139
2,14,140
2,14,141
2,14,142
1,14,142
1,14,142
1,14,143
2,15,143
2,15,143
2,15,143
2,15,143
1,15,142
1,14,142
1,14,142
1,14,142
1,14,142
1,14,142
2,15,141
3,15,141
3,15,141
3,15,140
2,14,140
2,14,140
2,14,140
2,14,140
1,14,141
1,14,141
1,14,142
1,14,142
1,14,143
1,14,143
1,14,143
2,15,143
2,15,143
2,15,143
1,14,142
1,14,142
1,14,142
1,14,142
1,14,142
1,15,141
1,15,141
1,15,141
1,15,140
0,15,138
0,15,138
0,15,138
0,15,140
0,15,140
1,15,141
1,14,141
1,14,141
1,15,142
1,14,142
1,14,142
1,14,142
1,15,142
2,15,142
2,15,141
2,15,141
3,15,140
2,14,140
2,14,138
2,14,137
2,14,136
2,14,136
3,14,136
3,14,136
3,14,136
3,14,136
0,15,139
0,15,139
0,14,139
0,15,139
1,15,139
2,15,139
2,15,138
3,15,138
2,15,137
2,15,137
2,14,137
2,14,139
2,14,140
2,14,140
2,14,139
3,14,138
4,14,138
4,14,138
3,14,137
3,14,137
2,14,138
2,14,138
2,14,138
1,14,138
1,15,140
1,15,141
1,15,141
2,14,140
2,14,140
2,14,140
2,14,140
2,15,140
1,15,140
1,15,140
0,14,140
0,14,140
0,14,140
0,14,140
0,14,140
0,14,140
0,14,140
1,15,141
1,15,141
1,15,141
1,15,141
1,15,141
0,14,140
0,14,140
0,14,140
0,14,140
0,14,140
0,14,141
1,14,141
1,14,141
1,14,142
1,14,142
1,14,142
1,14,142
1,14,142
1,14,142
1,14,142
1,14,142
1,14,142
1,14,142
1,14,142
1,14,142
1,14,142
1,14,142
1,14,142
1,14,142
1,14,142
1,14,144
1,14,144
1,14,144
1,14,144
1,14,142
1,14,142
1,14,142
1,14,142
1,14,142
1,14,142
2,14,142
2,14,141
2,14,141
2,14,138
2,14,138
2,14,138
2,14,140
1,14,140
0,14,141
0,14,141
1,14,141
1,14,142
1,14,141
1,14,142
1,14,142
1,14,142
2,14,142
2,14,142
3,14,142
3,14,142
2,14,141
2,14,140
2,14,140
2,14,140
2,14,140
2,14,140
1,14,141
1,14,142
1,14,142
1,14,142
1,14,142
1,14,142
1,14,142
1,14,142
2,14,142
2,14,142
2,14,140
2,14,140
3,14,138
4,14,137
4,14,137
4,14,137
3,14,137
2,14,138
2,14,139
2,14,140
2,14,140
2,14,141
1,14,142
1,14,142
1,14,142
1,14,143
1,14,143
2,15,143
2,15,143
2,15,143
2,15,143
2,15,143
2,15,143
1,14,142
1,14,142
1,14,142
2,15,141
2,15,141
2,15,141
2,14,140
2,14,140
2,14,140
2,14,140
1,14,141
1,14,142
1,14,142
1,14,142
1,14,143
1,14,143
2,15,143
2,15,143
2,15,143
1,14,143
1,14,142
1,14,142
1,14,142
1,14,142
1,14,142
1,14,141
1,15,141
1,15,141
1,15,140
0,15,138
0,15,138
0,15,138
0,15,140
0,15,140
1,15,141
1,14,141
1,14,141
1,15,142
1,15,142
1,14,142
1,14,142
2,14,142
2,14,142
2,14,141
2,14,141
3,14,140
2,14,140
2,14,138
2,14,137
2,14,137
2,14,136
3,14,136
3,14,136
4,15,136
4,15,136
0,15,139
0,15,139
0,15,139
1,15,139
2,15,138
2,15,138
3,15,138
3,15,138
2,14,137
2,14,137
2,14,138
2,14,139
2,14,139
2,14,139
2,14,138
4,14,138
4,14,138
4,14,138
4,14,138
3,14,138
2,14,138
2,14,138
1,14,140
1,15,141
1,15,141
1,15,141
2,14,140
2,14,140
2,14,140
2,14,140
2,15,140
2,15,140
2,15,140
1,14,140
0,14,140
0,14,140
0,14,140
0,14,140
0,14,140
0,14,140
1,15,141
1,15,141
1,15,141
1,15,141
1,15,141
0,14,140
0,14,140
0,14,140
0,14,140
0,14,141
1,14,141
1,14,142
1,14,142
1,14,142
1,14,142
1,14,142
1,14,142
1,14,142
1,14,142
1,14,142
1,14,142
1,14,142
1,14,142
1,14,141
1,14,142
1,14,142
1,14,142
1,14,142
1,14,142
1,14,142
1,14,144
1,14,144
1,14,144
1,14,142
1,14,142
1,14,142
1,14,142
1,14,142
1,14,142
2,14,142
3,14,142
2,14,141
2,14,140
2,14,138
2,14,138
2,14,138
2,14,138
2,14,140
1,14,140
1,14,141
1,14,142
1,14,142
1,14,142
1,14,142
1,14,142
1,14,142
2,14,142
2,14,142
3,14,142
2,14,141
2,14,140
2,14,140
2,14,140
2,14,140
2,14,140
2,14,140
1,14,142
1,14,142
1,14,142
1,14,142
1,14,142
1,14,142
1,14,142
1,14,142
1,14,142
2,14,142
2,14,140
2,14,140
2,14,138
4,14,138
4,14,138
4,14,138
3,14,138
2,14,138
2,14,140
2,14,140
2,14,140
2,14,141
1,14,142
1,14,142
1,14,142
1,14,142
1,14,143
1,14,143
2,15,143
2,15,143
2,15,143
2,15,143
2,15,143
1,14,142
1,14,142
1,14,142
1,15,142
1,15,141
2,15,141
2,15,141
2,14,141
2,14,141
2,14,141
1,14,141
1,14,142
1,14,142
1,14,142
1,14,143
1,14,143
2,15,143
2,15,143
2,15,143
1,14,142
1,14,142
1,14,142
1,14,142
1,14,142
1,14,142
1,14,142
1,15,141
1,15,141
1,15,141
0,15,140
0,15,139
0,15,140
0,15,140
0,15,140
1,15,141
1,14,141
1,14,142
1,14,142
1,14,142
1,14,142
1,14,142
2,14,142
2,14,142
2,14,142
2,14,141
2,14,140
2,14,140
2,14,138
2,14,137
2,14,137
2,14,136
3,14,136
3,14,136
3,14,136
2,15,139
1,15,138
1,15,139
2,15,138
2,15,138
2,14,138
2,14,138
2,14,137
2,14,137
2,14,137
2,14,137
2,14,138
2,14,138
2,14,138
2,14,138
4,15,138
4,15,138
4,15,138
4,14,138
3,14,138
2,14,138
2,14,138
1,14,140
1,15,141
1,15,141
1,14,141
2,14,140
2,14,140
2,14,140
2,14,139
2,14,139
2,14,140
2,14,140
2,14,140
1,14,140
1,14,140
1,14,140
1,14,140
1,14,140
1,15,141
1,15,141
1,15,141
1,15,141
1,15,141
1,15,141
1,14,141
0,14,141
0,14,141
0,14,141
0,14,141
1,14,142
1,14,142
1,14,142
1,14,142
1,14,142
1,14,142
1,14,142
1,14,142
1,14,142
1,14,142
1,14,142
1,14,142
1,14,141
0,14,141
0,14,141
0,14,141
1,14,141
1,14,141
1,14,142
1,14,142
1,14,142
1,14,142
1,14,142
1,14,142
1,14,142
1,14,142
1,14,142
1,14,142
2,14,142
3,14,142
3,14,142
3,14,141
2,14,138
2,14,138
2,14,138
2,14,138
2,14,138
2,14,140
2,14,140
1,14,141
1,14,142
1,14,142
1,14,142
1,14,142
1,14,142
1,14,142
2,14,142
2,14,142
2,14,141
2,14,140
2,14,140
2,14,140
2,14,140
2,14,140
2,14,140
1,14,140
1,14,142
1,14,142
1,14,142
1,14,142
1,14,142
1,14,142
1,14,142
1,14,142
1,14,142
2,14,142
2,14,141
2,14,140
2,14,138
3,14,138
4,14,138
4,14,138
3,14,138
2,14,140
2,14,140
2,14,140
2,14,141
2,14,141
1,14,142
1,14,142
1,14,142
1,14,143
1,14,143
1,14,143
2,15,143
2,15,143
2,15,143
2,15,143
2,15,143
2,15,143
2,15,143
2,15,142
1,15,142
1,15,141
1,15,141
1,15,141
1,15,141
1,14,141
1,14,141
1,14,141
1,14,142
1,14,142
1,14,142
1,14,143
1,14,143
2,15,143
2,15,143
1,14,142
1,14,142
1,14,142
1,14,142
1,14,142
1,14,142
1,14,142
1,14,142
1,14,141
1,15,141
1,15,141
1,15,141
0,15,140
0,15,140
0,15,140
0,15,140
1,15,141
1,14,141
1,14,142
1,14,142
1,14,142
1,14,142
1,14,142
1,14,142
1,14,142
2,14,142
2,14,141
3,14,140
2,14,140
2,14,138
2,14,138
2,14,137
2,14,136
2,14,136
3,14,136
3,14,136
2,15,138
2,15,138
2,15,139
2,15,138
2,15,138
2,14,138
2,14,138
2,14,137
2,14,137
2,14,137
2,14,137
2,14,138
2,14,138
2,14,138
2,14,138
3,15,138
4,15,138
4,15,138
4,14,138
3,14,138
2,14,138
2,14,140
2,14,141
1,15,141
1,15,141
1,14,141
2,14,140
2,14,138
2,14,138
2,14,138
2,14,138
2,14,139
2,14,140
2,14,140
2,14,140
2,14,140
2,14,140
1,14,140
1,14,140
1,14,140
1,15,141
1,15,141
1,15,141
1,15,141
1,14,141
1,14,141
0,14,141
0,14,141
0,14,141
0,14,141
1,14,142
1,14,142
1,14,142
1,14,142
1,14,142
1,14,142
1,14,142
1,14,142
1,14,142
1,14,142
1,14,141
1,14,141
0,14,140
0,14,140
0,14,140
0,14,140
0,14,141
0,14,141
1,14,142
1,14,142
1,14,142
1,14,142
1,14,142
1,14,142
1,14,142
1,14,142
1,14,142
1,14,142
3,14,142
3,14,142
3,14,141
3,14,141
2,14,138
2,14,138
2,14,138
2,14,138
2,14,138
2,14,138
2,14,140
2,14,141
1,14,142
1,14,142
1,14,142
1,14,142
1,14,142
1,14,142
2,14,142
2,14,142
2,14,140
2,14,140
2,14,140
2,14,140
2,14,140
2,14,140
1,14,140
1,14,140
1,14,142
1,14,142
1,14,142
1,14,142
1,14,142
1,14,142
1,14,142
1,14,142
1,14,142
1,14,142
2,14,141
2,14,140
2,14,138
2,14,138
2,14,138
2,14,138
2,14,138
2,14,140
2,14,140
2,14,140
2,14,141
1,14,142
1,14,142
1,14,142
1,14,142
1,14,143
1,14,144
1,14,144
2,15,144
2,15,144
2,15,144
2,15,145
2,15,143
2,15,143
2,15,143
2,15,143
1,15,142
1,15,142
1,15,141
1,15,141
1,15,141
1,14,141
1,14,141
1,14,142
1,14,142
1,14,142
1,14,143
1,14,143
1,14,143
1,15,143
1,15,142
1,14,142
1,14,142
1,14,142
1,14,142
1,14,142
1,14,142
1,14,142
1,14,142
1,14,142
1,14,141
1,15,141
1,15,141
0,15,140
0,15,140
0,15,140
1,14,141
1,14,141
1,14,142
1,14,142
1,14,142
1,14,142
1,14,142
1,14,142
1,14,142
1,14,142
2,14,142
3,14,142
3,14,141
2,14,140
2,14,139
2,14,138
2,14,138
2,14,137
2,14,136
3,14,136
3,14,136
2,15,138
2,15,138
2,15,138
2,15,138
2,15,138
2,14,138
2,14,138
2,14,138
2,14,137
2,14,137
2,14,137
2,14,137
2,14,138
2,14,138
2,14,138
2,14,138
3,14,138
3,14,138
3,14,138
2,14,138
2,14,139
2,14,140
2,14,141
1,15,141
1,15,141
2,14,141
2,14,140
2,14,138
2,14,138
2,14,138
2,14,138
2,14,138
2,14,139
2,14,140
2,14,140
2,14,140
2,14,140
2,14,140
1,14,140
1,14,140
1,14,141
1,14,141
1,15,141
1,14,141
1,14,141
1,14,141
0,14,141
0,13,141
0,13,141
0,14,141
1,14,142
1,14,142
1,14,142
1,14,142
1,14,142
1,14,142
1,14,142
1,14,142
1,14,142
1,14,141
1,14,141
1,14,140
0,14,140
0,14,140
0,14,140
0,14,140
0,14,140
0,14,141
0,14,141
1,14,142
1,14,142
1,14,142
1,14,142
1,14,142
1,14,142
1,14,142
1,14,142
1,14,142
3,14,142
3,14,142
3,14,141
3,14,141
2,14,138
2,14,138
2,14,138
2,14,138
2,14,138
2,14,138
2,14,140
2,14,141
2,14,141
2,15,143
1,14,143
1,14,142
1,14,142
1,14,142
2,14,142
2,14,142
2,14,140
2,14,140
2,14,140
2,14,140
2,14,140
2,14,140
1,14,140
1,14,140
1,14,142
1,14,142
1,14,142
1,14,142
1,14,142
1,14,142
1,14,142
1,14,142
1,14,142
1,14,142
1,14,141
2,14,141
2,15,139
2,14,138
2,14,138
2,14,138
2,14,140
2,14,140
2,14,141
2,14,141
2,14,142
1,14,142
1,14,142
1,14,142
1,14,143
1,14,144
1,14,144
1,14,144
2,15,144
2,15,144
2,15,145
2,15,145
2,15,145
2,15,144
2,15,143
2,15,143
1,15,142
1,15,142
1,15,141
1,15,141
1,15,141
1,14,141
1,14,142
1,14,142
1,14,142
1,14,142
1,14,143
1,14,143
1,15,143
1,14,142
1,14,142
1,14,142
1,14,142
1,14,142
1,14,142
1,14,142
1,14,142
1,14,142
1,14,142
1,14,142
1,14,142
1,14,141
1,14,141
1,14,141
0,14,140
0,14,140
0,14,141
1,14,141
1,14,142
1,14,142
1,14,142
1,14,142
1,14,142
1,14,142
1,14,142
1,14,142
2,14,142
2,14,142
3,14,140
2,14,140
2,14,138
2,14,138
2,14,138
2,14,137
2,14,136
3,14,136
3,14,136
2,15,138
2,15,138
2,15,138
2,14,138
2,14,138
2,14,138
2,14,138
2,14,138
2,14,137
2,14,137
2,14,137
2,14,138
2,14,138
2,14,138
2,14,138
2,14,138
2,14,138
2,14,138
2,14,138
2,14,139
2,14,140
2,15,141
2,15,141
2,15,141
2,14,141
2,14,138
2,14,138
2,14,138
2,14,138
2,14,138
2,14,138
2,14,139
2,14,140
2,14,140
2,14,140
2,14,140
2,14,140
2,14,140
1,14,141
1,14,141
1,14,141
1,14,142
1,14,142
1,14,142
1,14,141
0,13,141
0,13,141
0,13,141
0,14,141
1,14,142
1,14,142
2,15,143
2,15,143
2,15,143
1,14,142
1,14,142
1,14,142
1,14,141
1,14,141
1,14,141
1,14,140
0,13,139
0,13,139
0,14,140
0,14,140
0,14,140
0,14,140
0,14,141
1,14,141
1,14,142
1,14,142
1,14,142
1,14,142
1,14,142
1,14,142
1,14,142
1,14,142
3,14,142
3,14,142
3,14,141
3,14,141
2,14,138
2,14,138
2,14,138
2,14,138
2,14,138
2,14,138
2,14,140
2,14,140
2,14,142
2,15,144
1,14,144
1,14,143
2,14,142
2,14,142
2,14,142
2,14,141
2,14,140
2,14,140
2,14,140
2,14,140
2,14,140
2,14,140
1,14,140
1,14,140
1,14,142
1,14,142
1,14,142
1,14,142
1,14,142
1,14,142
1,14,142
1,14,142
1,14,142
1,14,142
1,14,141
2,14,141
2,14,140
2,14,139
2,14,139
2,14,140
3,14,140
3,14,141
3,14,141
3,14,141
1,14,142
1,14,142
1,14,142
1,14,142
1,14,144
1,14,144
1,14,144
2,15,145
2,15,145
2,15,145
2,15,145
2,15,145
2,15,145
2,15,145
2,15,143
2,15,143
1,15,142
1,15,142
1,15,141
1,15,141
1,15,141
1,14,141
1,14,142
1,14,142
1,14,142
1,14,142
1,14,143
1,14,143
1,14,143
1,14,142
1,14,142
1,14,142
1,14,142
1,14,142
1,14,142
1,14,142
1,14,142
1,14,142
1,14,142
1,14,142
1,14,142
1,14,142
1,14,141
1,14,141
0,14,141
0,14,141
0,14,141
1,14,141
1,14,142
1,14,142
1,14,142
1,14,142
1,14,142
1,14,142
1,14,142
1,14,142
2,14,142
2,14,141
2,14,140
2,14,140
2,14,138
2,14,138
2,14,138
2,14,137
2,14,136
3,14,136
2,15,138
2,14,138
3,15,138
2,14,138
2,14,138
2,14,138
2,14,138
2,14,138
2,14,138
2,15,138
2,15,138
2,15,138
2,15,138
2,14,138
2,14,138
2,14,138
2,14,138
2,14,138
2,14,138
2,14,140
2,14,140
2,15,141
2,15,141
2,15,141
2,14,141
2,14,138
2,14,138
2,14,138
2,14,138
2,14,138
2,14,138
2,14,140
2,14,140
2,14,140
2,14,140
2,14,140
2,14,141
2,14,141
1,14,141
1,14,141
1,14,142
1,14,142
1,14,142
1,14,142
1,14,142
0,13,141
0,13,141
0,13,141
0,13,141
1,14,142
1,14,142
1,14,142
1,14,142
1,14,143
1,14,142
1,14,142
1,14,141
1,14,141
1,14,141
1,14,140
1,14,139
1,14,139
0,14,139
0,14,139
0,14,140
0,14,140
0,14,140
0,14,141
1,14,141
1,14,142
1,14,142
1,14,142
1,15,142
1,15,142
1,14,142
1,14,142
1,14,142
3,14,142
3,14,142
3,15,141
3,15,141
3,15,139
2,14,138
2,14,138
2,14,138
2,14,138
2,14,138
2,14,140
2,14,140
2,14,143
2,15,144
2,15,144
2,14,144
2,15,142
2,14,142
2,14,142
2,14,141
2,14,140
2,14,140
2,14,140
2,14,140
2,14,140
2,14,140
1,14,140
1,14,140
1,14,142
1,14,142
1,14,142
1,14,142
1,14,142
1,14,142
1,14,142
1,14,142
1,14,142
1,14,141
1,14,141
2,14,140
2,14,140
2,14,140
2,14,140
2,14,140
2,14,140
3,14,141
3,14,142
1,14,142
1,14,142
1,14,142
1,14,143
1,14,144
1,14,144
1,14,144
2,15,145
2,15,145
2,15,145
2,15,145
2,15,145
2,15,145
2,15,145
2,15,145
2,15,143
1,14,143
1,14,142
1,15,142
1,15,141
1,15,141
1,15,141
1,14,141
1,14,142
1,14,142
1,14,142
1,14,142
1,14,142
1,14,142
1,14,142
1,14,142
1,14,142
1,14,142
1,14,142
1,14,142
1,14,142
1,14,142
1,14,142
1,14,142
1,14,142
1,14,142
1,14,142
1,14,142
1,14,141
1,14,141
0,14,141
0,14,141
0,14,141
1,14,141
1,14,142
1,14,142
1,14,142
1,14,142
1,14,142
1,14,142
1,14,142
1,14,142
2,14,141
2,14,141
3,14,140
2,14,140
2,14,139
2,14,138
2,14,138
2,14,137
3,14,136
3,14,136
3,15,138
3,15,139
3,15,139
3,15,139
3,15,139
2,14,138
2,14,138
2,14,138
2,14,138
2,15,138
2,15,138
2,14,138
2,14,138
2,14,138
2,14,138
2,14,138
2,14,138
2,14,138
2,14,138
2,14,140
2,14,140
2,15,141
2,15,141
2,15,141
2,14,140
2,14,138
2,14,138
2,14,138
2,14,138
2,14,138
2,14,138
2,14,140
2,14,140
2,14,140
2,14,140
2,14,141
2,14,141
2,14,141
1,14,142
1,14,142
1,14,142
1,14,142
1,14,142
1,14,142
1,14,142
1,14,142
0,13,141
0,13,141
1,14,142
1,14,142
1,14,142
1,14,142
1,14,142
1,14,142
1,14,142
1,14,142
1,14,141
1,14,141
2,14,140
2,14,140
2,14,138
1,14,138
1,14,138
0,14,139
0,14,140
0,14,140
0,14,140
0,14,141
1,14,141
1,15,142
1,15,142
1,15,142
1,15,142
1,15,142
1,14,142
1,14,142
1,14,142
3,14,142
3,14,142
3,15,141
3,15,141
3,15,139
2,14,138
2,14,138
2,14,138
2,14,138
2,14,138
2,14,140
2,14,140
2,14,143
2,14,144
2,15,144
2,15,143
2,15,143
2,15,142
2,14,141
2,14,141
2,14,140
2,14,140
2,14,140
2,14,140
2,14,140
1,14,140
1,14,140
1,14,140
1,14,142
1,14,142
2,14,142
1,14,142
1,14,142
1,14,142
1,14,142
1,14,142
1,14,142
1,14,141
1,14,141
1,14,140
2,14,140
2,14,140
2,14,140
2,14,140
2,14,141
3,14,141
1,14,142
1,14,142
1,14,142
1,14,142
1,14,144
1,14,144
1,14,144
1,14,144
2,15,145
2,15,145
2,15,145
2,15,145
2,15,145
2,15,145
2,15,145
2,15,144
1,14,143
1,14,142
1,14,142
1,14,142
1,15,141
1,15,141
1,15,141
1,14,141
1,14,142
1,14,142
1,14,142
1,14,142
1,14,142
1,14,142
1,14,142
1,14,142
1,14,142
1,14,142
1,14,142
1,14,142
1,14,142
1,14,142
1,14,142
1,14,142
1,14,142
1,14,142
1,14,142
1,14,141
1,14,141
0,14,140
0,14,140
0,14,141
0,14,141
1,14,142
1,14,142
1,14,142
1,14,142
1,14,142
1,14,142
1,14,142
1,14,142
1,14,142
2,14,141
2,14,141
3,15,141
2,14,140
2,14,140
2,14,138
2,14,138
2,14,137
3,14,137
3,14,136
3,15,139
3,15,139
3,15,139
3,15,139
2,14,138
2,14,138
2,14,138
2,14,138
2,15,138
2,15,138
2,14,138
2,14,138
2,14,138
2,14,138
2,14,138
2,14,138
2,14,138
2,14,138
2,14,140
2,14,140
2,15,140
2,15,141
2,14,140
2,14,138
2,14,138
2,14,138
2,14,138
2,14,138
2,14,140
2,14,140
2,14,140
2,14,140
2,14,140
2,14,141
2,14,141
1,14,142
1,14,142
1,14,142
1,14,142
1,14,142
1,14,142
1,14,142
1,14,142
1,14,142
1,14,142
1,14,142
1,14,142
1,14,142
1,14,142
1,14,142
1,14,142
1,14,142
1,14,142
1,14,142
1,14,142
1,14,141
2,14,140
2,14,140
2,14,138
2,14,138
2,14,138
2,14,138
1,14,138
0,14,140
0,14,140
0,14,140
0,14,141
1,14,141
1,15,142
1,15,142
1,15,142
1,15,142
1,15,142
1,14,142
1,14,142
1,14,142
3,14,142
3,14,142
3,15,141
3,15,141
3,15,139
3,15,139
2,14,138
2,14,138
2,14,138
2,14,138
2,14,140
2,14,141
2,14,142
2,14,143
2,15,143
2,15,143
2,15,143
3,15,142
3,15,141
2,14,141
2,14,140
2,14,140
2,14,140
2,14,140
2,14,140
0,14,140
0,14,140
1,14,142
1,14,142
2,14,142
2,14,143
2,14,143
1,14,142
1,14,142
1,14,142
1,14,142
1,14,141
1,14,141
1,14,140
1,14,140
2,14,140
2,14,140
2,14,140
2,14,140
2,14,141
2,14,142
1,14,142
1,14,142
1,14,142
1,14,144
1,14,144
1,14,144
1,14,144
1,14,144
2,15,145
2,15,145
2,15,145
2,15,145
2,15,145
2,15,145
2,15,145
1,14,144
1,14,142
1,14,142
1,14,142
1,14,142
1,14,141
1,14,141
1,14,141
1,14,141
1,14,141
1,14,142
1,14,142
1,14,142
1,14,142
1,14,142
1,14,142
1,14,142
1,14,142
1,14,142
1,14,142
1,14,142
1,14,142
1,14,142
1,14,142
1,14,142
1,14,142
1,14,142
1,14,141
1,14,141
1,14,141
0,14,140
0,14,140
0,14,140
0,14,141
1,14,142
1,14,142
1,14,142
1,14,142
1,14,142
1,14,142
1,14,142
1,14,142
1,14,141
2,14,141
2,14,140
2,14,140
2,14,140
2,14,140
2,14,138
2,14,138
2,14,137
3,14,137
3,15,139
3,15,139
2,14,138
2,14,138
2,14,138
2,14,138
3,14,138
3,15,138
3,14,138
2,14,138
2,14,138
2,14,138
2,14,138
2,14,138
2,14,138
2,14,138
2,14,138
2,14,138
2,14,140
2,14,140
2,14,140
2,15,140
2,14,139
2,14,138
2,14,138
2,14,138
2,14,138
2,14,138
2,14,140
2,14,140
2,14,140
2,14,140
2,14,140
1,14,141
1,14,142
1,14,142
1,14,142
1,14,142
1,14,142
1,14,142
1,14,142
1,14,142
1,14,142
1,14,142
1,14,142
1,14,142
1,14,142
1,14,142
1,14,142
1,14,142
1,14,142
1,14,142
1,14,142
1,14,142
1,14,142
1,14,141
2,14,140
2,14,139
2,14,138
2,14,138
2,14,138
2,14,138
2,14,138
1,14,140
0,14,140
0,14,140
0,14,141
1,14,141
1,14,142
1,15,142
1,15,142
1,15,142
1,15,142
1,14,142
1,14,142
1,14,142
1,14,142
3,14,142
3,14,142
3,15,141
3,15,139
3,15,139
2,14,139
2,14,138
2,14,138
2,14,140
2,14,140
1,14,141
1,13,142
1,14,143
1,14,143
2,15,143
3,15,142
3,15,142
3,15,141
2,14,141
2,14,140
2,14,140
2,14,140
2,14,140
1,14,140
1,14,140
1,14,141
1,14,142
2,14,142
3,14,143
3,14,143
2,14,143
1,14,142
1,14,142
1,14,142
1,14,142
1,14,141
0,14,141
0,14,140
0,14,140
0,14,140
2,14,140
2,14,140
2,14,140
2,14,142
1,14,142
1,14,142
1,14,142
1,14,144
1,14,144
1,14,144
1,14,144
1,14,144
1,14,144
2,15,145
2,15,145
2,15,145
2,15,145
2,15,145
2,15,145
2,15,145
1,14,142
1,14,142
1,14,142
1,14,142
1,14,141
1,14,141
1,14,141
1,14,140
1,14,140
1,14,141
1,14,142
1,14,142
1,14,142
1,14,142
1,14,142
1,14,142
1,14,142
1,14,142
1,14,142
1,14,142
1,14,142
1,14,142
1,14,142
1,14,142
1,14,142
1,14,142
1,14,142
1,15,141
1,15,141
0,15,140
0,14,140
0,14,140
0,14,140
1,14,141
1,14,142
1,14,142
1,14,142
1,14,142
1,14,142
1,14,142
1,14,142
1,14,142
1,14,141
2,14,141
2,14,140
2,14,140
2,14,140
2,14,140
2,14,138
2,14,138
2,14,137
3,14,137
4,15,138
3,15,138
3,14,138
3,15,139
2,15,139
3,15,139
3,15,139
3,15,139
3,14,138
2,14,138
2,14,138
2,14,138
2,14,138
2,14,138
2,14,138
2,14,138
2,14,138
2,14,139
2,14,139
2,14,139
2,14,139
2,14,139
2,14,138
2,14,138
2,14,138
2,14,138
2,14,140
2,14,140
2,14,140
2,14,140
2,14,140
1,14,140
1,14,141
1,14,142
1,14,142
1,14,142
1,14,142
1,14,142
1,14,142
1,14,142
1,14,142
1,14,142
1,14,142
1,14,142
1,14,142
1,14,142
1,14,142
1,14,142
1,14,142
1,14,142
1,14,142
1,14,142
1,14,142
1,14,142
1,14,142
1,14,141
2,14,140
2,14,138
2,14,138
2,14,138
2,14,138
2,14,138
2,14,138
2,14,140
0,14,140
0,14,140
0,14,141
1,14,141
1,14,142
1,14,142
1,14,142
1,15,142
1,14,142
1,14,142
1,14,142
1,14,142
1,14,142
1,14,142
3,14,142
3,15,141
3,15,141
3,15,139
2,14,139
2,14,139
2,14,139
2,14,140
1,14,140
1,14,142
1,13,142
1,14,142
1,14,143
2,14,143
3,15,142
3,15,141
3,15,141
3,14,140
2,14,140
2,14,140
2,14,140
2,14,140
1,14,140
1,14,141
1,14,142
1,14,142
2,14,143
3,14,144
3,15,143
2,15,143
2,15,143
1,14,142
1,14,142
1,14,142
1,14,141
1,14,141
0,14,140
0,14,140
0,14,140
1,14,140
1,14,140
1,14,141
1,14,142
1,14,142
1,14,142
1,14,142
1,14,144
1,14,144
1,14,144
2,15,145
2,15,145
2,15,145
2,15,145
2,15,145
2,15,145
2,15,145
2,15,145
2,15,145
1,14,144
1,14,142
1,14,142
1,14,142
1,14,142
1,14,141
2,14,141
2,14,140
2,14,140
2,14,140
1,14,140
1,14,141
1,14,142
1,14,142
1,14,142
1,14,142
1,14,142
1,14,142
1,14,142
1,14,142
1,14,142
1,14,142
1,14,142
1,14,142
1,14,142
1,14,142
1,14,142
1,15,141
1,15,141
1,15,140
0,15,140
0,14,140
0,14,140
0,14,140
0,14,141
1,14,142
1,14,142
1,14,142
1,14,142
1,14,142
1,14,142
1,14,142
1,14,142
1,14,141
2,15,141
2,15,141
3,15,141
3,15,140
2,14,140
2,14,140
2,14,138
2,14,138
3,14,137
4,15,138
3,14,138
3,15,139
2,15,139
3,15,139
3,15,139
3,15,139
3,14,138
2,14,138
2,14,138
2,14,138
2,14,138
2,14,138
2,14,138
2,14,140
2,14,140
2,14,139
2,14,139
2,14,139
2,14,139
2,14,139
2,14,138
2,14,138
2,14,138
2,14,140
2,14,140
2,14,140
2,14,140
1,14,140
0,14,140
0,14,140
1,14,141
1,14,142
1,14,142
1,14,142
1,14,142
1,14,143
1,14,143
1,14,142
1,14,142
1,14,142
1,14,142
1,14,142
1,14,142
1,14,142
1,14,142
1,14,142
1,14,142
1,14,142
1,14,142
1,14,142
1,14,142
1,14,142
1,14,142
1,14,141
2,14,140
2,14,139
2,14,138
2,14,138
2,14,138
2,14,138
2,14,140
2,14,140
0,14,140
0,14,140
0,14,141
1,14,142
1,14,142
1,14,142
1,14,142
1,14,142
1,14,142
1,14,142
1,14,142
1,14,142
1,14,142
1,14,142
3,14,142
3,14,141
3,15,141
3,15,139
2,14,139
2,14,139
2,14,140
2,14,140
1,14,141
1,14,142
1,14,142
1,14,142
1,14,142
1,14,142
3,15,142
3,15,141
3,15,141
3,15,140
2,14,140
2,14,140
2,14,140
2,14,140
1,14,140
1,14,142
1,14,142
2,14,144
2,14,144
3,14,144
3,14,144
2,14,143
1,14,142
1,14,142
1,14,142
1,14,142
1,15,141
1,15,141
1,15,141
1,14,141
0,14,140
1,14,140
1,14,141
1,14,142
1,14,142
1,14,142
1,14,142
1,14,144
2,15,145
2,15,145
2,15,145
2,15,145
2,15,145
2,15,145
2,15,145
2,15,145
2,15,145
2,15,145
2,15,145
2,15,145
1,14,143
1,14,142
1,14,142
1,14,142
1,14,141
2,14,141
2,14,141
2,14,140
2,14,140
2,14,140
2,14,140
1,14,140
1,14,142
1,14,142
1,14,142
1,14,142
1,14,143
1,14,142
1,14,142
1,14,142
1,14,142
1,14,142
1,14,142
1,14,142
1,14,142
1,14,142
1,14,141
1,15,141
1,15,141
0,15,140
0,15,140
0,14,140
0,14,140
0,14,140
0,14,140
1,14,141
1,14,142
1,14,142
1,14,142
1,14,142
1,14,142
1,14,142
1,14,141
1,14,141
2,15,141
2,15,140
3,15,141
3,15,141
3,15,140
2,14,140
2,14,140
2,14,138
4,14,138
3,14,138
2,14,138
2,14,138
2,14,139
3,15,139
3,14,139
2,14,138
2,14,138
2,14,138
2,14,138
2,14,138
2,14,139
2,14,139
2,14,140
2,14,139
2,14,139
2,14,139
2,14,139
2,14,139
2,14,139
2,14,139
2,14,138
2,14,140
2,14,140
2,14,140
2,14,140
1,14,140
0,14,140
0,14,140
0,14,140
0,14,141
1,14,142
1,14,142
1,14,142
1,14,144
1,14,144
1,14,144
1,14,144
1,14,142
1,14,142
1,14,142
1,14,142
1,14,142
1,14,142
1,14,142
1,14,142
1,14,142
1,14,142
1,14,142
1,14,142
1,14,142
1,14,142
1,14,142
1,14,141
1,14,141
2,14,140
2,14,139
2,14,138
2,14,139
2,14,140
2,14,140
1,14,140
1,14,140
0,14,141
0,14,141
1,14,142
1,14,142
1,14,142
1,14,142
1,14,142
1,14,143
1,14,142
1,14,142
1,14,142
1,14,142
1,14,142
1,14,142
1,14,142
2,14,141
2,14,141
2,14,140
2,14,140
1,14,140
1,14,141
1,14,141
1,14,142
1,14,142
1,14,142
1,14,142
1,14,142
1,14,141
3,15,141
3,15,141
2,14,140
2,14,140
2,14,140
2,14,140
1,14,141
1,14,141
1,14,142
1,14,142
2,14,143
2,14,143
2,14,143
2,14,143
2,14,143
1,14,142
1,14,142
1,14,142
1,14,142
1,14,142
1,14,141
1,14,141
1,14,141
1,14,141
1,14,141
1,14,142
1,14,142
1,14,142
1,14,142
1,14,142
2,15,143
2,15,145
2,15,145
2,15,145
2,15,145
2,15,145
2,15,145
2,15,145
2,15,145
2,15,145
2,15,145
2,15,145
2,15,145
2,15,143
1,14,142
1,14,142
2,15,142
3,15,141
3,15,141
3,15,141
3,14,140
2,14,140
2,14,140
2,14,140
2,14,140
1,14,142
1,14,142
1,14,142
1,14,143
1,14,143
1,14,143
1,14,142
1,14,142
1,14,142
1,14,142
1,14,142
1,14,142
1,14,142
1,14,141
1,14,141
1,15,141
1,15,139
1,15,138
0,15,138
0,15,138
0,14,140
0,14,140
0,14,140
0,14,140
1,14,141
1,14,142
1,14,142
1,14,142
1,14,142
1,14,142
1,14,142
1,14,141
2,15,141
2,14,140
2,15,140
2,15,140
2,14,139
2,14,139
2,14,139
2,14,138
2,14,138
2,14,138
2,14,138
2,14,139
2,14,139
2,14,139
2,14,139
2,14,138
2,14,139
2,14,139
2,14,139
2,15,139
2,15,139
2,15,139
2,14,139
2,14,139
2,14,139
2,14,139
2,14,139
2,14,139
2,14,140
2,14,140
2,14,140
2,14,140
2,14,140
2,14,140
1,14,140
0,14,140
0,14,140
0,14,141
0,14,141
1,14,142
1,14,142
1,14,143
1,14,144
1,14,144
1,14,144
1,14,144
1,14,142
1,14,142
1,14,142
1,14,142
1,14,142
1,14,142
1,14,142
1,14,142
1,14,142
1,14,142
1,14,142
1,14,142
1,14,142
1,14,142
1,14,142
1,14,142
1,14,141
1,14,141
2,14,141
2,14,141
2,14,141
2,14,141
1,14,141
1,14,141
1,14,141
1,14,141
1,14,142
1,14,142
1,14,142
1,14,142
1,14,142
1,14,143
1,14,143
1,14,143
1,14,142
1,14,142
1,14,142
1,14,142
1,14,142
1,14,142
1,14,141
2,14,141
2,14,141
1,14,140
1,14,141
1,14,141
1,14,142
1,14,142
1,14,142
1,14,142
1,14,142
1,14,141
1,14,141
1,14,141
2,14,141
2,14,141
2,14,140
2,14,140
1,14,140
1,14,141
1,14,142
1,14,142
1,14,142
1,14,142
1,14,142
1,14,142
1,14,142
1,14,142
1,14,142
1,14,142
1,14,142
1,14,142
1,14,142
1,14,142
1,14,142
1,14,142
1,14,142
1,14,142
1,14,142
1,14,142
1,14,142
1,14,142
1,14,142
2,15,143
2,15,145
2,15,145
2,15,145
2,15,145
2,15,145
2,15,145
2,15,145
2,15,145
2,15,145
2,15,145
2,15,145
2,15,145
2,15,144
2,14,142
2,14,142
3,15,142
3,15,141
3,15,141
3,15,141
3,14,140
2,14,140
2,14,140
2,14,140
1,14,140
1,14,141
1,14,142
1,15,143
1,15,143
1,14,143
1,14,143
1,14,143
1,14,142
1,14,142
1,14,142
1,14,142
1,14,142
1,14,141
1,14,140
1,14,140
1,14,138
1,14,138
1,15,138
1,15,138
0,14,138
0,14,138
0,14,140
0,14,140
0,14,140
0,14,141
1,14,142
1,14,142
1,14,142
1,14,142
1,14,142
1,14,142
1,14,141
1,15,141
2,15,141
2,15,140
2,15,140
2,15,139
2,14,139
2,14,138
2,14,138
2,14,138
2,14,138
2,14,138
2,14,139
2,14,139
2,14,140
2,14,140
1,14,140
1,14,140
1,15,139
1,15,139
1,16,139
2,15,139
2,15,139
2,15,139
2,14,139
2,14,139
3,14,139
3,14,140
2,14,140
2,14,140
2,14,140
2,14,140
2,14,140
2,14,140
0,14,140
0,14,140
0,14,141
0,14,141
0,14,141
1,14,142
1,14,143
2,15,144
2,15,144
1,14,144
1,14,144
1,14,144
1,14,142
1,14,142
1,14,142
1,14,142
1,14,142
1,14,142
1,14,142
1,14,142
1,14,142
1,14,142
1,14,142
1,14,142
1,14,142
1,14,142
1,14,142
1,14,142
1,14,142
1,14,142
1,14,141
1,14,142
1,14,142
1,14,142
1,14,142
1,14,142
1,14,142
1,14,142
1,14,142
1,14,142
1,14,142
1,14,142
1,14,143
1,14,143
1,14,143
1,14,143
1,14,142
1,14,142
1,14,142
1,14,142
1,14,142
1,14,141
1,14,141
1,14,141
1,14,141
1,14,141
1,14,142
1,14,142
1,14,142
1,14,142
1,14,142
1,14,142
1,14,142
1,14,142
1,14,141
1,14,141
0,14,141
0,14,141
1,14,141
1,14,141
1,14,141
1,14,142
1,14,142
1,14,142
1,14,142
1,14,142
1,14,142
1,14,142
1,14,142
1,14,142
1,14,142
1,14,142
1,14,142
1,14,142
1,14,142
1,14,142
1,14,142
1,14,142
1,14,142
1,14,142
1,14,142
1,14,142
1,14,142
1,14,142
1,14,142
2,15,143
2,15,145
2,15,145
2,15,145
2,15,145
2,15,145
2,15,145
2,15,145
1,14,144
1,14,144
1,14,144
1,14,144
1,14,144
2,14,143
2,14,142
2,15,142
3,15,142
3,15,141
3,15,141
3,14,140
3,14,138
3,14,138
2,14,138
2,14,140
1,14,140
1,14,140
1,15,142
1,15,143
1,15,143
1,15,143
1,14,143
1,14,143
1,14,142
1,14,142
1,14,142
1,14,141
1,14,140
2,14,140
2,14,140
2,14,138
2,14,138
2,14,138
2,14,138
2,14,138
1,14,138
0,14,138
0,14,140
0,14,140
0,14,140
0,14,140
0,14,141
1,14,142
1,14,142
1,14,142
1,14,142
1,14,142
1,14,142
1,15,141
1,15,141
2,15,141
3,15,140
2,15,139
2,15,139
2,14,138
2,14,138
2,14,138
2,14,138
2,14,138
2,14,139
2,14,140
1,14,140
1,14,140
1,14,140
1,15,140
1,15,139
1,16,139
1,16,139
1,15,139
2,15,139
2,15,139
2,15,139
2,14,140
3,14,140
3,14,141
3,14,140
2,14,140
2,14,140
2,14,140
2,14,140
2,14,140
0,14,140
0,14,140
0,13,141
0,14,141
1,14,142
1,14,143
2,15,144
2,15,145
2,15,145
2,15,145
1,14,144
1,14,144
1,14,142
1,14,142
1,14,142
1,14,142
1,14,142
1,14,142
1,14,142
1,14,142
1,14,142
1,14,142
1,14,142
1,14,142
1,14,142
1,14,144
1,14,144
1,14,142
1,14,142
1,14,142
1,14,142
1,14,142
1,14,142
1,14,142
1,14,142
1,14,142
1,14,142
1,14,142
1,14,142
1,14,142
1,14,142
1,14,142
1,14,142
1,14,142
1,14,143
1,14,142
1,14,142
1,14,142
1,14,142
1,14,142
1,14,142
0,13,141
0,13,141
1,14,141
1,14,141
1,14,142
1,14,142
1,14,142
1,14,142
1,14,142
1,14,142
1,14,142
1,14,142
1,14,142
1,14,142
1,14,141
0,13,141
0,13,141
1,14,141
1,14,141
1,14,141
1,14,142
1,14,142
1,14,142
1,14,142
1,14,142
1,14,142
1,14,142
1,14,142
1,14,142
1,14,142
1,14,142
1,14,142
1,14,142
1,14,142
1,14,142
1,14,142
1,14,142
1,14,142
1,14,142
2,15,143
2,15,143
2,15,143
1,14,142
1,14,142
1,14,143
2,15,144
2,15,145
2,15,145
2,15,145
2,15,145
2,15,145
1,14,144
1,14,144
1,14,144
1,14,144
1,14,144
1,14,143
2,14,142
2,14,142
2,15,142
3,15,141
3,14,141
3,14,140
3,14,138
3,14,138
3,14,138
2,14,138
2,14,138
1,14,140
1,14,140
1,14,141
1,15,142
1,15,143
1,14,143
1,14,142
1,14,142
1,14,142
1,14,142
1,14,141
1,14,140
2,14,140
2,14,140
2,14,138
2,14,138
2,14,138
3,14,138
2,14,138
2,14,138
2,14,138
1,14,138
0,14,138
0,14,140
0,14,140
0,14,140
0,14,141
1,14,142
1,14,142
1,14,142
1,14,142
1,14,142
1,14,142
1,14,141
1,14,141
1,14,141
2,15,140
2,15,139
2,15,139
2,14,138
2,14,138
2,14,138
2,14,138
2,14,140
2,14,140
1,14,140
1,14,141
1,14,141
1,15,141
1,15,140
1,16,139
1,16,139
1,15,139
1,15,139
1,15,139
2,14,140
2,14,140
2,14,141
3,14,141
2,14,141
2,14,140
2,14,140
2,14,140
2,14,140
2,14,140
1,14,140
0,14,141
0,13,141
1,14,141
1,14,143
1,14,144
2,15,145
2,15,145
2,15,145
2,15,145
2,15,145
1,14,144
1,14,143
1,14,142
1,14,142
1,14,142
1,14,142
1,14,142
1,14,142
1,14,142
1,14,142
1,14,142
1,14,142
1,14,142
1,14,144
1,14,144
1,14,144
1,14,144
1,14,142
1,14,142
1,14,142
1,14,142
1,14,142
1,14,142
1,14,142
1,14,142
1,14,142
1,14,142
1,14,142
1,14,142
1,14,142
1,14,142
1,14,142
1,14,142
1,14,142
1,14,142
1,14,142
1,14,142
1,14,142
1,14,142
1,14,142
0,13,141
0,13,141
0,13,141
1,14,142
1,14,142
1,14,142
1,14,142
1,14,142
1,14,142
1,14,142
1,14,142
1,14,142
1,14,142
1,14,142
1,14,142
0,13,141
0,13,141
1,14,142
1,14,142
1,14,142
1,14,142
1,14,142
1,14,142
1,14,142
1,14,142
1,14,142
1,14,142
1,14,142
1,14,142
1,14,141
1,14,141
1,14,141
1,14,142
1,14,142
1,14,142
1,14,142
1,14,142
1,14,142
2,15,143
2,15,143
2,15,143
2,15,143
1,14,143
1,14,142
1,14,143
1,14,144
2,15,145
2,15,145
2,15,145
2,15,145
2,15,145
1,14,144
1,14,144
1,14,144
1,14,142
1,14,142
1,14,142
1,14,142
2,14,142
2,15,141
3,15,141
3,14,141
3,14,138
3,14,138
3,14,138
3,14,138
2,14,138
2,14,138
1,14,138
1,14,140
1,14,141
1,14,142
1,15,142
1,14,142
1,14,142
1,14,142
1,14,142
1,14,141
1,14,140
2,14,140
2,14,140
2,14,138
2,14,138
2,14,138
3,14,138
3,14,138
3,14,138
3,14,138
2,14,138
1,14,138
0,14,138
0,14,140
0,14,140
0,14,140
1,14,141
1,14,142
1,14,142
1,14,142
1,14,142
1,14,142
1,14,142
1,14,142
1,14,141
1,14,140
1,14,140
2,14,139
2,14,138
2,14,138
2,14,138
2,14,138
2,14,140
2,14,140
1,14,141
1,14,141
1,14,141
1,15,141
1,15,141
1,15,140
1,15,139
1,15,139
0,15,139
0,14,140
0,14,140
2,14,140
2,14,141
3,14,142
2,14,142
2,14,141
2,14,140
2,14,140
2,14,140
2,14,140
1,14,141
1,14,141
1,14,141
1,14,142
1,14,144
1,14,144
2,15,145
2,15,145
2,15,145
2,15,145
2,15,145
2,15,144
2,15,143
1,14,142
1,14,142
1,14,142
1,14,142
1,14,142
1,14,142
1,14,142
1,14,142
1,14,142
1,14,142
1,14,142
1,14,142
1,14,144
1,14,144
1,14,144
1,14,144
1,14,144
1,14,142
1,14,142
1,14,142
1,14,142
1,14,142
1,14,142
1,14,142
1,14,142
1,14,142
1,14,142
1,14,142
1,14,142
1,14,142
1,14,142
1,14,142
1,14,142
1,14,142
1,14,142
1,14,142
1,14,142
1,14,142
0,13,141
0,13,141
1,14,142
1,14,142
1,14,142
1,14,142
1,14,142
1,14,142
1,14,142
1,14,142
1,14,142
1,14,142
1,14,142
1,14,142
1,14,142
1,14,142
1,14,142
1,14,142
1,14,142
1,14,142
1,14,142
1,14,142
1,14,142
1,14,142
1,14,142
1,14,142
1,14,141
1,14,141
1,14,141
1,14,141
1,14,141
1,14,141
1,14,141
1,14,142
1,14,142
1,14,142
1,14,142
2,15,143
2,15,143
2,15,145
2,15,145
2,15,144
2,15,144
1,14,144
1,14,144
1,14,144
2,15,145
2,15,145
2,15,145
2,15,145
1,14,144
1,14,144
1,14,144
1,14,142
1,14,142
1,14,142
1,14,142
1,14,142
1,14,142
2,14,141
2,14,141
3,14,140
2,14,138
2,14,137
3,14,137
2,14,138
2,14,138
2,14,138
2,14,140
1,14,140
1,14,141
1,14,142
1,14,142
1,14,142
1,14,142
1,14,142
1,14,142
1,14,141
2,14,140
2,14,140
2,14,138
2,14,138
2,14,138
2,14,138
3,14,137
3,14,137
3,14,137
3,14,137
2,14,138
1,14,138
1,14,140
0,14,140
0,14,140
1,14,141
1,14,142
1,14,142
1,14,142
1,14,142
1,14,142
1,14,142
1,14,142
1,14,141
1,14,141
1,14,140
1,14,140
2,14,139
2,14,138
2,14,138
2,14,138
2,14,140
2,14,141
1,14,141
1,14,141
1,14,141
1,15,141
1,15,141
1,15,141
1,15,140
1,15,140
0,14,140
0,14,140
0,14,140
0,14,141
0,14,141
1,14,142
1,14,142
2,14,142
2,14,141
2,14,140
1,14,140
1,14,141
0,14,141
1,14,141
1,14,142
1,14,144
1,14,144
2,15,145
2,15,145
2,15,145
2,15,145
2,15,145
2,15,145
2,15,145
2,15,143
1,14,142
1,14,142
1,14,142
1,14,142
1,14,142
1,14,142
1,14,142
1,14,142
1,14,142
1,14,142
1,14,142
1,14,142
1,14,143
1,14,144
1,14,144
1,14,144
1,14,144
1,14,144
1,14,144
1,14,144
1,14,142
1,14,142
1,14,142
1,14,142
1,14,142
1,14,142
1,14,142
1,14,142
1,14,142
1,14,142
1,14,142
1,14,142
1,14,142
1,14,142
1,14,142
1,14,142
1,14,142
1,14,142
1,14,142
1,14,142
1,14,142
1,14,142
1,14,142
1,14,142
1,14,142
1,14,142
1,14,142
1,14,142
1,14,142
1,14,142
1,14,142
1,14,142
1,14,142
1,14,142
1,14,142
1,14,142
1,14,142
1,14,142
1,14,142
1,14,142
1,14,142
1,14,142
1,14,142
1,14,141
1,14,141
2,14,140
2,14,140
2,14,140
1,14,140
1,14,140
1,14,140
1,14,141
1,14,142
1,14,142
1,14,142
2,15,143
2,15,145
2,15,145
2,15,145
2,15,145
2,15,145
2,15,144
2,15,144
2,15,145
2,15,145
2,15,145
2,15,145
2,15,145
1,14,144
1,14,144
1,14,142
1,14,142
1,14,142
1,14,142
1,14,142
1,14,142
1,14,141
2,14,141
2,14,140
2,14,138
2,14,138
2,13,137
2,13,137
2,14,138
2,14,138
2,14,138
2,14,140
1,14,141
1,14,141
1,14,142
1,14,142
1,14,142
1,14,142
1,14,142
1,14,142
1,14,141
2,14,140
2,14,140
2,14,138
2,14,138
2,14,138
3,14,137
3,14,137
3,14,136
3,14,136
3,14,137
2,14,138
1,14,138
1,14,140
1,14,140
0,14,140
1,14,142
1,14,142
1,14,142
1,14,142
1,14,142
1,14,142
1,14,142
1,14,142
1,14,141
1,14,141
1,14,140
2,14,140
2,14,139
2,14,138
2,14,138
2,14,140
2,14,141
1,14,141
1,14,142
1,14,142
1,14,142
1,15,141
1,15,141
1,15,141
1,15,141
0,14,140
0,14,140
0,14,141
0,14,141
0,14,141
0,14,142
1,14,142
1,14,142
1,14,142
1,14,141
1,14,141
1,14,141
1,14,142
1,14,142
1,14,144
1,14,144
2,15,145
2,15,145
2,15,145
2,15,145
2,15,145
2,15,145
2,15,145
2,15,145
2,15,143
1,14,142
1,14,142
1,14,142
1,14,142
1,14,141
1,14,141
1,14,141
1,14,141
1,14,142
1,14,142
1,14,142
1,14,142
1,14,142
1,14,143
1,14,144
2,15,144
2,15,144
1,14,144
1,14,144
1,14,144
1,14,144
1,14,143
1,14,142
1,14,142
1,14,142
1,14,142
1,14,142
1,14,142
1,14,142
1,14,142
1,14,142
1,14,142
1,14,142
1,14,142
1,14,142
1,14,142
1,14,142
1,14,142
1,14,142
1,14,142
1,14,142
1,14,142
1,14,142
1,14,142
1,14,142
1,14,142
1,14,142
1,14,142
1,14,142
1,14,142
1,14,142
1,14,142
1,14,142
1,14,142
1,14,142
1,14,142
1,14,142
1,14,142
1,14,142
1,14,142
1,14,142
1,14,142
1,14,142
1,14,141
2,14,140
2,14,140
2,14,140
2,14,140
2,14,140
1,14,140
1,14,140
1,14,140
1,14,141
1,14,142
1,15,142
2,15,145
2,15,145
2,15,145
2,15,145
2,15,145
2,15,145
2,15,145
2,15,145
2,15,145
2,15,145
2,15,145
2,15,145
2,15,145
1,14,144
1,14,143
1,14,142
1,14,142
1,14,142
1,14,142
1,14,141
1,14,141
1,14,141
2,14,140
2,14,138
2,14,138
2,14,138
2,13,137
2,13,137
2,14,138
2,14,138
2,14,139
2,14,140
1,14,141
1,14,142
1,14,142
1,14,142
1,14,142
1,14,142
1,14,142
1,14,142
2,14,141
2,14,140
2,14,139
2,14,138
2,14,138
2,14,138
3,14,137
3,14,136
3,14,136
3,14,136
3,14,137
2,14,137
1,14,138
1,14,140
1,14,140
1,14,141
1,14,142
1,14,142
1,14,142
1,14,142
1,14,142
1,14,142
1,14,142
1,14,142
1,14,141
1,14,140
2,14,140
2,14,140
2,14,138
2,14,138
2,14,140
2,14,141
1,14,142
1,14,142
1,14,142
1,14,142
1,14,142
1,14,141
1,14,141
1,14,141
1,14,141
0,14,141
0,14,141
0,14,141
0,13,141
0,13,142
0,13,142
1,13,142
1,14,142
1,14,141
1,14,141
1,14,142
1,14,142
1,14,142
1,14,144
2,15,145
2,15,145
2,15,145
2,15,145
2,15,145
2,15,145
2,15,145
2,15,145
2,15,145
2,15,143
1,14,142
1,14,142
1,14,142
1,14,141
0,14,141
0,14,140
0,14,140
1,14,141
1,14,141
1,14,142
1,14,142
1,14,142
1,14,142
1,14,143
2,15,144
2,15,145
2,15,145
2,15,145
1,14,144
1,14,144
1,14,144
2,15,144
1,14,143
1,14,142
1,14,142
1,14,142
1,14,142
1,14,142
1,14,142
1,14,142
1,14,142
1,14,142
1,14,142
1,14,142
1,14,142
1,14,142
1,14,142
1,14,142
1,14,142
1,14,142
1,14,142
1,14,142
1,14,142
1,14,142
1,14,142
1,14,142
1,14,142
1,14,142
1,14,142
1,14,142
1,14,142
1,14,142
1,14,142
1,14,142
1,14,142
1,14,142
1,14,142
1,14,142
1,14,142
1,14,142
1,14,142
1,14,142
1,14,142
2,14,141
2,14,140
2,14,140
2,14,140
2,14,140
2,14,140
2,14,140
1,14,140
1,14,140
1,14,141
1,14,142
1,15,142
2,15,145
2,15,145
2,15,145
2,15,145
2,15,145
2,15,145
2,15,145
2,15,145
2,15,145
2,15,145
2,15,145
2,15,145
2,15,145
2,15,144
1,14,143
1,14,142
1,14,142
1,14,142
1,15,141
1,15,141
1,15,141
1,14,141
2,14,140
2,14,138
2,14,138
2,14,138
2,14,138
2,14,138
2,14,138
2,14,139
2,14,140
1,14,141
1,14,141
1,14,142
1,14,142
1,14,142
1,14,142
1,14,142
1,14,142
1,14,142
2,14,141
2,14,140
2,14,138
2,14,138
2,14,138
2,14,137
2,14,136
3,14,136
3,14,136
3,14,136
3,14,136
2,14,137
2,14,140
1,14,140
1,14,141
1,14,142
1,14,142
1,14,142
1,14,142
1,14,142
1,14,142
1,14,142
1,14,142
1,14,141
1,14,141
1,14,140
2,14,140
2,14,140
2,14,138
2,14,140
2,14,141
1,14,142
1,14,142
1,14,142
1,14,142
1,14,142
1,14,142
1,14,142
1,14,141
1,14,141
1,14,141
0,14,141
0,14,141
0,13,141
0,13,142
0,13,141
0,13,141
0,13,141
0,13,141
1,14,141
1,14,142
1,14,142
1,14,144
1,14,144
2,15,145
2,15,145
2,15,145
2,15,145
2,15,145
2,15,145
2,15,145
2,15,145
2,15,145
1,14,143
1,14,142
1,14,142
1,14,142
0,14,141
0,14,140
0,14,140
0,14,140
0,14,140
0,14,141
1,14,142
1,14,142
1,14,142
1,14,142
1,14,142
2,15,144
2,15,145
2,15,145
2,15,145
2,15,145
2,15,145
2,15,145
2,15,145
2,15,144
2,15,143
1,14,142
1,14,142
1,14,142
1,14,142
1,14,142
1,14,142
1,14,142
1,14,142
1,14,142
1,14,142
1,14,142
1,14,142
1,14,142
1,14,142
1,14,142
1,14,142
1,14,142
1,14,142
1,14,142
1,14,142
1,14,142
1,14,142
1,14,142
1,14,142
1,14,142
1,14,142
1,14,142
1,14,142
1,14,142
1,14,142
1,14,142
1,14,142
1,14,142
1,14,142
1,14,142
1,14,142
1,14,142
1,14,142
1,15,142
2,14,141
2,14,140
2,14,140
2,14,140
2,14,140
2,14,140
2,14,140
1,14,140
1,14,140
1,14,141
1,14,142
1,14,142
2,15,144
2,15,145
2,15,145
2,15,145
2,15,145
2,15,145
2,15,145
2,15,145
2,15,145
2,15,145
2,15,145
2,15,145
2,15,145
2,15,145
2,15,143
1,15,142
1,15,142
1,15,141
1,15,141
1,15,141
1,15,141
2,14,140
2,14,138
2,14,138
2,14,138
2,14,138
2,14,138
2,14,138
2,14,138
2,14,140
2,14,141
1,14,141
1,14,141
1,14,142
1,14,142
1,14,142
1,14,142
1,14,142
1,14,142
2,14,142
2,14,141
2,14,141
2,14,138
2,14,138
2,14,138
2,14,138
2,14,136
3,14,136
3,14,136
3,14,136
3,14,136
2,14,138
2,14,140
1,14,140
1,14,141
1,14,142
1,14,142
1,14,142
1,14,142
1,14,142
1,14,142
1,14,142
1,14,142
1,14,141
1,14,141
2,14,140
2,14,140
2,14,140
2,14,138
2,14,141
1,14,141
1,14,142
1,14,142
1,14,142
1,14,142
1,14,142
1,14,142
1,14,141
1,14,141
1,13,141
1,13,141
0,13,141
0,13,141
0,13,141
0,13,141
0,13,141
0,13,141
0,13,141
0,13,141
1,14,142
1,14,142
1,14,144
2,15,145
2,15,145
2,15,145
2,15,145
2,15,145
2,15,145
2,15,145
2,15,145
2,15,145
2,15,144
1,14,142
1,14,142
1,14,142
0,14,141
0,14,140
0,14,140
0,14,140
0,14,140
0,14,140
0,14,141
0,14,141
1,14,142
1,14,142
1,14,142
1,14,142
2,15,144
2,15,145
2,15,145
2,15,145
2,15,145
2,15,145
2,15,145
2,15,145
2,15,145
2,15,143
1,14,142
1,14,142
1,14,142
1,14,142
1,14,142
1,14,142
1,14,142
1,14,142
1,14,142
1,14,142
1,14,142
1,14,142
1,14,142
1,14,142
1,14,142
1,14,142
1,14,142
1,14,142
1,14,142
1,14,142
1,14,142
1,14,142
1,14,142
1,14,142
1,14,142
1,14,142
1,14,142
1,14,142
1,14,142
1,14,142
1,14,142
1,14,142
1,14,142
1,14,142
1,14,142
1,14,142
1,14,142
1,14,142
1,15,142
2,15,141
2,15,140
2,14,140
2,14,140
2,14,140
2,14,140
2,14,140
1,14,140
1,14,140
1,14,141
1,14,142
1,14,142
1,14,144
2,15,145
2,15,145
2,15,145
2,15,145
2,15,145
2,15,145
2,15,145
2,15,145
2,15,145
2,15,145
2,15,145
2,15,145
2,15,145
2,15,143
2,15,143
1,15,142
1,15,141
1,15,141
1,15,141
1,15,141
2,14,140
2,14,140
2,14,138
2,14,138
2,14,138
2,14,138
2,14,138
2,14,140
2,15,141
1,14,141
1,14,141
1,14,142
1,14,142
1,14,142
1,14,142
1,14,142
1,14,142
1,14,142
1,14,142
2,15,141
2,15,141
2,14,141
2,14,138
2,14,138
2,14,138
2,14,138
2,14,136
3,14,136
3,14,136
3,14,137
2,14,138
2,14,140
1,14,141
1,14,142
1,14,142
1,14,142
1,14,142
1,14,143
1,14,143
1,14,142
1,14,142
1,14,142
1,14,141
2,14,141
2,14,140
2,14,140
2,14,138
2,14,140
2,14,141
1,14,141
1,14,142
1,14,142
1,14,142
1,14,142
1,14,141
1,14,141
1,13,141
1,13,141
1,13,141
0,13,141
0,13,141
0,13,141
0,13,141
0,13,141
0,13,141
0,13,141
1,14,142
1,14,142
1,14,144
1,14,144
2,15,145
2,15,145
2,15,145
2,15,145
2,15,145
2,15,145
2,15,145
2,15,145
2,15,145
1,14,144
1,14,142
1,14,142
1,14,142
0,14,141
0,14,141
0,14,140
0,14,140
0,14,140
0,14,140
0,14,141
1,14,142
1,14,142
1,14,142
1,14,142
1,14,143
2,15,145
2,15,145
2,15,145
2,15,145
2,15,145
2,15,145
2,15,145
2,15,145
2,15,145
1,14,144
1,14,142
1,14,142
1,14,142
1,14,142
1,14,142
1,14,142
1,14,142
1,14,142
1,14,142
1,14,142
1,14,142
1,14,142
1,14,142
1,14,142
1,14,142
1,14,142
1,14,143
1,14,143
1,14,143
1,14,143
1,14,143
1,14,142
1,14,142
1,14,142
1,14,142
1,14,142
1,14,142
1,14,142
1,14,142
1,14,142
1,14,142
1,14,142
1,14,142
1,14,142
1,14,142
1,14,142
1,14,142
1,14,142
1,15,142
3,15,141
3,15,141
3,15,140
2,14,140
2,14,140
2,14,140
1,14,140
1,14,140
1,14,141
1,14,141
1,14,142
1,14,142
1,14,144
1,14,144
2,15,145
2,15,145
2,15,145
2,15,145
2,15,145
2,15,145
2,15,145
2,15,145
2,15,145
2,15,145
2,15,145
2,15,145
2,15,143
2,15,143
2,15,143
1,15,142
1,15,141
1,15,141
2,14,141
2,14,140
2,14,140
2,14,140
2,14,138
2,14,138
2,14,139
2,14,140
2,15,141
1,15,141
1,15,141
1,14,141
1,14,142
1,14,142
1,14,142
1,14,142
1,14,142
1,14,142
1,14,142
1,14,142
2,15,142
2,15,141
2,14,141
2,14,140
2,14,138
2,14,138
2,14,138
2,14,138
2,14,137
3,14,137
2,14,138
2,14,139
1,14,140
1,14,141
1,14,142
1,14,142
1,14,142
1,14,143
2,15,144
2,15,143
1,14,142
1,14,142
2,14,142
2,14,141
2,14,141
2,14,140
2,14,140
2,14,138
2,14,140
2,14,141
2,14,141
2,14,141
2,14,141
2,14,141
2,14,141
2,14,141
1,13,141
1,13,141
1,13,141
1,13,141
0,13,141
0,13,141
0,13,141
0,13,141
0,13,141
0,13,141
1,14,142
1,14,142
1,14,144
2,15,145
2,15,145
2,15,145
2,15,145
2,15,145
2,15,145
2,15,145
2,15,145
2,15,145
1,15,145
1,14,144
1,14,142
1,14,142
1,14,142
1,14,142
0,14,141
0,14,141
0,14,141
0,14,141
0,14,141
1,14,142
1,14,142
1,14,142
1,14,142
1,14,142
2,15,144
2,15,145
2,15,145
2,15,145
2,15,145
2,15,145
2,15,145
2,15,145
2,15,145
2,15,145
1,14,144
1,14,144
1,14,142
1,14,142
1,14,142
1,14,142
1,14,142
1,14,142
1,14,143
1,14,144
1,14,144
1,14,144
1,14,144
1,14,144
1,14,144
1,14,144
1,14,144
1,14,144
1,14,144
1,14,144
1,14,144
1,14,144
1,14,144
1,14,144
1,14,144
1,14,144
1,14,144
1,14,144
1,14,143
1,14,142
1,14,142
1,14,142
1,14,142
1,14,142
1,14,142
1,14,142
1,14,142
1,14,142
1,14,142
1,14,142
1,14,141
2,14,141
2,14,141
2,14,140
2,14,140
1,14,140
1,14,140
1,14,140
1,14,141
1,14,141
1,14,142
1,14,142
1,14,144
1,14,144
1,14,144
1,14,144
2,15,145
2,15,145
2,15,145
2,15,145
2,15,145
2,15,145
2,15,145
2,15,145
2,15,145
2,15,145
2,15,143
2,15,143
2,15,143
1,15,142
1,15,142
2,15,141
2,14,141
2,14,141
2,14,141
2,14,140
2,14,140
2,14,140
1,14,140
1,14,141
1,14,141
1,15,141
1,14,141
1,14,142
1,14,142
1,14,142
1,14,142
1,14,142
1,14,142
1,14,142
1,14,142
1,14,142
1,14,142
2,14,142
2,14,141
2,14,140
2,14,140
2,14,138
2,14,138
2,14,138
2,14,138
2,14,138
2,14,139
2,14,140
1,14,141
1,14,142
1,14,142
1,14,142
2,15,144
2,15,145
2,15,145
2,15,144
2,14,143
2,14,142
2,14,142
2,14,141
2,14,141
2,14,140
2,14,138
2,14,138
2,14,140
2,14,141
2,14,141
2,14,141
2,14,141
2,14,141
2,14,141
2,13,141
2,13,141
2,13,141
1,13,141
1,14,141
1,14,141
1,14,141
1,14,141
1,14,141
1,14,142
1,14,142
1,14,142
1,14,144
2,15,145
2,15,145
2,15,145
2,15,145
2,15,145
2,15,145
2,15,145
2,15,145
1,15,145
1,15,145
1,14,144
1,14,142
1,14,142
1,14,142
1,14,142
1,14,142
1,14,142
1,14,142
1,14,142
1,14,141
1,14,142
1,14,142
1,14,142
1,14,142
1,14,144
2,15,144
2,15,145
2,15,145
2,15,145
2,15,145
2,15,145
2,15,145
2,15,145
2,15,145
2,15,145
1,14,144
1,14,144
1,14,144
1,14,142
1,14,142
1,14,143
1,14,143
1,14,144
1,14,144
1,14,144
1,14,144
2,15,145
2,15,145
2,15,145
2,15,145
1,14,144
1,14,144
1,14,144
1,14,144
1,14,144
1,14,144
1,14,144
1,14,144
1,14,144
1,14,144
1,14,144
1,14,144
1,14,144
1,14,144
1,14,144
1,14,143
1,14,142
1,14,142
1,14,142
1,14,142
1,14,142
1,14,142
1,14,142
1,14,142
1,14,142
1,14,142
1,14,142
2,14,141
2,14,141
1,14,140
1,14,140
1,14,140
1,14,141
1,14,141
1,14,142
1,14,142
1,14,142
1,14,143
1,14,144
1,14,144
1,14,144
1,14,144
1,14,144
2,15,145
2,15,145
2,15,145
2,15,145
2,15,145
2,15,145
2,15,145
2,15,145
2,15,144
2,15,143
2,15,143
1,15,142
1,14,142
2,14,142
2,14,142
3,14,141
3,14,141
2,14,141
2,14,140
1,14,140
1,14,141
1,14,141
1,14,141
1,14,142
1,14,142
1,14,142
1,14,142
1,14,142
1,14,142
1,14,142
1,14,142
1,14,142
1,14,142
1,14,142
1,14,142
1,14,142
1,14,142
2,14,141
2,14,140
2,14,140
2,14,140
2,14,140
2,14,140
2,14,140
2,14,140
2,14,141
2,14,142
1,14,142
1,14,142
2,15,145
2,15,145
2,15,145
2,15,145
2,15,145
2,14,142
2,14,142
2,14,142
2,14,142
2,14,140
3,14,140
2,14,138
2,14,138
3,14,140
3,14,140
3,15,141
3,15,141
2,14,141
2,14,141
2,14,141
2,14,140
2,14,140
2,14,140
2,14,141
2,14,141
1,14,141
1,14,141
1,14,142
1,14,142
1,14,142
1,14,142
1,14,144
2,15,145
2,15,145
2,15,145
2,15,145
2,15,145
2,15,145
2,15,145
1,15,145
1,15,145
1,15,145
1,14,144
1,14,142
1,14,142
1,14,142
1,14,142
1,14,142
1,14,142
1,14,142
1,14,142
1,14,142
1,14,142
1,14,142
1,14,142
1,14,142
1,14,144
1,14,144
2,15,145
2,15,145
2,15,145
2,15,145
2,15,145
2,15,145
2,15,145
2,15,145
2,15,145
1,14,144
1,14,144
1,14,144
1,14,144
1,14,144
1,14,144
1,14,144
2,15,144
2,15,145
2,15,145
2,15,145
2,15,145
2,15,145
2,15,145
2,15,145
2,15,145
2,15,145
2,15,145
2,15,145
1,14,144
1,14,144
1,14,144
1,14,144
1,14,144
2,15,145
2,15,145
2,15,145
2,15,145
2,15,145
1,14,144
1,14,144
1,14,143
1,14,142
1,14,142
1,14,142
1,14,142
1,14,142
1,14,142
1,14,142
1,14,142
1,14,142
1,14,142
1,14,142
1,14,141
1,14,141
1,14,140
1,14,141
1,14,141
1,14,142
1,14,142
1,14,142
1,14,142
1,14,143
1,14,143
1,14,144
1,14,144
1,14,144
1,14,143
1,14,143
2,15,144
2,15,145
2,15,145
2,15,145
2,15,145
2,15,145
2,15,145
2,15,145
2,15,144
1,14,143
1,14,143
1,14,142
2,14,142
3,14,142
3,14,142
3,14,142
2,14,142
1,14,142
1,14,142
1,14,142
1,14,142
1,14,142
1,14,142
1,14,142
1,14,142
1,14,142
1,14,142
1,14,142
1,14,142
1,14,142
1,14,142
1,14,142
1,14,142
1,14,142
1,14,142
1,14,142
1,14,142
1,14,142
1,14,140
1,14,140
2,14,140
2,14,141
2,14,141
2,14,141
2,14,142
2,14,142
2,15,143
2,15,145
2,15,145
2,15,145
2,15,145
2,15,145
2,15,145
2,14,142
2,14,142
2,14,142
2,14,142
2,14,140
2,14,137
3,14,138
2,14,138
3,14,140
3,14,140
3,15,141
3,15,141
2,14,141
2,14,141
2,14,140
2,14,140
2,14,140
2,14,140
2,14,141
2,14,141
1,14,141
1,14,142
1,14,142
1,14,142
1,14,142
1,14,144
2,15,145
2,15,145
2,15,145
2,15,145
2,15,145
2,15,145
2,15,145
1,15,145
1,15,145
1,15,144
1,14,142
1,14,142
1,14,142
1,14,142
1,14,142
1,14,142
1,14,142
1,14,142
1,14,142
1,14,142
1,14,142
1,14,142
1,14,142
1,14,144
1,14,144
1,14,144
1,14,144
2,15,145
2,15,145
2,15,145
2,15,145
2,15,145
2,15,145
2,15,145
1,14,144
1,14,144
1,14,144
1,14,144
1,14,144
1,14,144
1,14,144
2,15,144
2,15,145
2,15,145
2,15,145
2,15,145
2,15,145
2,15,145
2,15,145
2,15,145
2,15,145
2,15,145
2,15,145
2,15,145
2,15,145
2,15,145
2,15,145
2,15,145
2,15,145
2,15,145
2,15,145
2,15,145
2,15,145
2,15,145
2,15,145
2,15,145
2,15,144
2,15,143
2,15,143
2,15,143
2,15,143
1,14,142
1,14,142
1,14,142
1,14,142
1,14,142
1,14,142
1,14,142
1,14,142
1,14,142
1,14,141
1,14,141
1,14,142
1,14,142
1,14,142
1,14,142
1,15,143
1,14,143
1,14,143
1,14,143
1,14,142
1,14,142
1,14,142
1,14,142
1,14,142
1,14,144
2,15,145
2,15,145
2,15,145
2,15,145
2,15,145
2,15,145
2,15,144
1,14,144
1,14,143
1,14,143
1,14,142
3,14,142
3,14,142
3,14,142
3,14,142
1,14,142
1,14,142
1,14,142
1,14,142
1,14,142
1,14,142
1,14,142
1,14,142
1,14,142
1,14,142
1,14,142
1,14,142
1,14,142
1,14,142
1,14,142
1,14,142
1,14,142
1,14,142
1,14,142
1,14,142
1,14,142
1,14,142
1,14,141
1,14,141
1,14,142
2,14,142
2,14,142
2,14,144
2,15,144
2,15,145
2,15,145
2,15,145
2,15,145
2,15,145
2,15,145
1,14,144
1,14,142
2,14,142
2,14,142
2,14,142
2,14,140
3,14,137
3,14,138
3,14,140
3,15,140
3,15,141
3,15,141
3,15,141
2,14,140
2,14,140
2,14,140
2,14,140
2,14,140
2,14,140
2,14,141
1,14,141
1,14,142
1,14,142
1,14,142
1,14,142
1,14,143
2,15,144
2,15,145
2,15,145
2,15,145
2,15,145
2,15,145
1,15,145
1,15,145
1,15,145
1,15,143
1,14,142
1,14,142
1,14,142
1,14,142
1,14,142
1,14,142
1,14,142
1,14,142
1,14,142
1,14,142
1,14,142
1,14,142
1,14,143
1,14,143
1,14,144
1,14,144
1,14,144
1,14,144
1,14,144
2,15,145
2,15,145
2,15,145
2,15,145
2,15,145
1,14,144
1,14,144
1,14,144
1,14,144
1,14,144
1,14,144
2,15,145
2,15,145
2,15,145
2,15,145
2,15,145
2,15,145
2,15,145
2,15,145
2,15,145
2,15,145
2,15,145
2,15,145
2,15,145
2,15,145
2,15,145
2,15,145
2,15,145
2,15,145
2,15,145
2,15,145
2,15,145
2,15,145
2,15,145
2,15,145
2,15,145
2,15,145
2,15,145
2,15,144
2,15,143
2,15,143
2,15,143
2,15,143
2,15,143
1,14,142
1,14,142
1,14,142
1,14,142
1,14,142
1,14,142
1,14,142
1,14,142
1,14,142
1,14,142
1,14,142
1,14,142
1,14,142
2,15,143
2,15,143
2,15,143
1,14,143
1,14,142
1,14,142
1,14,142
1,14,142
1,14,142
1,14,142
1,14,143
2,15,145
2,15,145
2,15,145
2,15,145
2,15,144
1,14,144
1,14,144
1,14,142
1,14,142
1,14,142
1,14,144
3,14,144
3,14,144
2,14,143
1,14,142
1,14,142
1,14,142
1,14,142
1,14,142
1,14,142
1,14,142
1,14,142
1,14,142
1,14,142
1,14,142
1,14,142
1,14,142
1,14,142
1,14,142
1,14,142
1,14,142
1,14,142
1,14,142
1,14,142
1,14,142
1,14,142
1,14,142
1,14,142
1,14,142
2,14,143
2,14,144
2,15,145
2,15,145
2,15,145
2,15,145
2,15,145
2,15,145
2,15,145
2,15,145
1,14,143
1,14,142
2,14,142
2,14,142
2,14,140
3,14,137
3,14,138
3,15,140
3,15,140
3,15,141
3,15,141
2,14,141
2,14,140
2,14,140
2,14,140
2,14,140
2,14,141
1,14,141
1,14,141
1,14,142
1,14,142
1,14,142
1,14,142
1,14,142
2,15,143
2,15,145
2,15,145
2,15,145
2,15,145
1,15,145
1,15,144
1,14,144
1,15,143
1,14,142
1,14,142
1,14,142
1,14,142
1,14,142
1,14,142
1,14,142
1,14,142
1,14,142
1,14,142
1,15,143
1,15,143
1,15,143
1,14,143
1,14,143
1,14,143
1,14,144
1,14,144
1,14,144
1,15,144
1,15,145
2,15,145
2,15,145
2,15,145
2,15,145
2,15,145
1,14,144
1,14,144
1,14,144
1,14,144
2,15,145
2,15,145
2,15,145
2,15,145
2,15,145
2,15,145
2,15,145
2,15,145
2,15,145
2,15,145
2,15,145
2,15,145
2,15,145
2,15,145
2,15,145
2,15,145
2,15,145
2,15,145
2,15,145
2,15,145
2,15,145
2,15,145
2,15,145
2,15,145
2,15,145
2,15,145
2,15,145
2,15,145
2,15,145
2,15,145
2,15,143
2,15,143
2,15,143
2,15,143
2,15,143
1,14,142
1,14,142
1,14,142
1,14,142
1,14,142
1,14,142
1,14,142
1,14,142
1,14,142
1,14,142
1,14,142
2,15,143
2,15,143
2,15,143
2,15,143
1,14,143
1,14,142
1,14,142
1,14,142
1,14,142
1,14,142
1,14,142
1,14,142
1,14,143
2,15,144
2,15,144
2,15,144
2,15,144
1,14,144
1,14,143
1,14,143
1,14,143
1,14,144
1,14,144
2,14,144
2,14,144
2,14,144
2,14,143
1,14,142
1,14,142
1,14,142
1,14,142
1,14,142
1,14,142
1,14,142
1,14,142
1,14,142
1,14,142
1,14,142
1,14,142
1,14,142
1,14,142
1,14,142
1,14,142
1,14,142
1,14,142
1,14,142
1,14,142
1,14,142
1,14,142
1,14,144
2,14,144
2,15,144
2,15,145
2,15,145
2,15,145
2,15,145
2,15,145
2,15,145
2,15,145
2,15,145
2,15,144
1,14,142
1,14,142
2,14,142
3,14,141
3,14,137
3,14,137
3,15,139
3,15,140
3,15,141
3,15,141
3,14,141
2,14,141
2,14,141
2,14,140
1,14,141
1,14,141
1,14,141
1,14,141
1,14,142
1,14,142
1,14,142
1,14,142
1,14,142
2,15,143
2,15,143
2,15,144
2,15,144
2,15,144
1,15,144
1,15,144
1,14,143
1,14,143
1,14,142
1,14,142
1,14,142
1,14,142
1,14,142
1,14,142
1,14,142
1,14,142
1,14,143
2,15,143
2,15,143
2,15,143
1,15,143
1,15,143
1,15,143
1,15,143
1,15,143
1,14,143
1,15,144
1,15,145
2,15,145
2,15,145
2,15,145
2,16,146
2,15,145
2,15,145
2,15,145
1,14,144
1,14,144
1,14,144
2,15,145
2,15,145
2,15,145
2,15,145
2,15,145
2,15,145
2,15,145
2,15,145
2,15,145
2,15,145
2,15,145
2,15,145
2,15,145
2,15,145
2,15,145
2,15,145
2,15,145
2,15,145
2,15,145
2,15,145
2,15,145
2,15,145
2,15,145
2,15,145
2,15,145
2,15,145
2,15,145
2,15,145
2,15,145
2,15,145
2,15,145
2,15,145
2,15,145
2,15,145
2,15,143
1,14,143
1,14,142
1,14,142
1,14,142
1,14,142
1,14,142
1,14,142
1,14,142
1,14,142
1,14,142
1,14,142
1,14,142
2,15,143
2,15,143
2,15,143
1,14,143
1,14,142
1,14,142
1,14,142
1,14,142
1,14,142
1,14,142
1,14,142
1,14,142
1,14,142
2,15,143
2,15,143
2,15,143
1,14,143
1,14,143
1,14,143
1,14,144
1,14,144
1,14,144
1,14,144
2,14,144
2,14,144
2,15,144
2,14,143
1,14,142
1,14,142
1,14,142
1,14,142
1,14,142
1,14,142
1,14,142
1,14,142
1,14,142
1,14,142
1,14,142
1,14,142
1,14,142
1,14,142
1,14,142
1,14,142
1,14,142
1,14,142
1,14,142
1,14,142
1,14,144
2,15,145
2,15,145
2,15,145
2,15,145
2,15,145
2,15,145
2,15,145
2,15,145
2,15,145
2,15,145
2,15,145
2,15,144
1,14,142
2,14,142
2,14,141
3,14,140
3,14,137
3,15,138
4,15,139
3,15,141
3,15,141
3,14,141
2,14,141
2,14,141
2,13,141
1,14,141
1,14,141
1,14,141
1,14,141
1,14,142
1,14,142
1,14,142
1,14,142
1,14,142
2,15,143
2,15,143
2,15,143
2,15,143
2,15,143
1,14,144
1,14,144
1,14,144
1,14,143
1,14,142
1,14,142
1,14,142
1,14,142
1,14,142
1,14,143
1,14,143
1,14,143
1,14,143
2,15,143
2,15,143
2,15,143
1,15,143
1,15,143
1,15,143
1,15,143
1,15,143
1,15,144
1,15,144
1,16,145
2,16,146
2,16,146
2,16,146
2,16,146
2,16,146
2,16,146
2,15,145
2,15,145
2,15,145
2,15,145
2,15,145
2,15,145
2,15,145
2,15,145
2,15,145
2,15,145
2,15,145
2,15,145
2,15,145
2,15,145
2,15,145
2,15,145
2,15,145
2,15,145
2,15,145
2,15,145
2,15,145
2,15,145
2,15,145
2,15,145
2,15,145
2,15,145
2,15,145
2,15,145
2,15,145
2,15,145
2,15,145
2,15,145
2,15,146
2,15,146
2,15,146
2,16,146
3,16,146
2,15,145
2,15,145
2,15,143
1,14,142
1,14,142
1,14,142
1,14,142
1,14,142
1,14,142
1,14,142
1,14,142
1,14,142
1,14,142
1,14,142
2,15,143
2,15,143
2,15,144
2,15,144
1,14,143
1,14,142
1,14,142
1,14,142
1,14,142
1,14,142
1,14,142
1,14,142
1,14,142
1,14,142
2,15,143
2,15,143
1,14,143
1,14,142
1,14,142
1,14,142
1,14,144
1,14,144
1,14,144
1,14,144
2,15,145
2,15,145
2,15,144
2,15,143
1,14,142
1,14,142
1,14,142
1,14,142
1,14,142
1,14,142
1,14,142
1,14,142
1,14,142
1,14,142
1,14,142
1,14,142
1,14,142
1,14,142
1,14,142
1,14,142
1,14,142
1,14,142
1,14,144
2,15,145
2,15,145
2,15,145
2,15,145
2,15,145
2,15,145
2,15,145
2,15,145
2,15,145
2,15,145
2,15,145
2,15,145
2,15,143
2,14,142
2,14,142
3,14,141
4,15,137
4,15,139
4,15,140
3,15,141
3,14,141
2,14,141
2,14,141
1,13,141
1,14,141
1,14,141
1,14,141
1,14,142
1,14,142
1,14,142
1,14,142
1,14,142
1,14,142
2,15,143
2,15,143
2,15,143
2,15,143
2,15,143
1,14,144
1,14,144
1,14,144
1,14,144
1,14,144
1,14,143
1,14,143
1,14,142
1,14,142
1,14,143
1,14,143
1,14,143
1,14,144
1,14,144
1,15,144
1,15,143
1,15,143
1,15,143
1,15,143
1,15,143
1,16,143
1,16,144
1,16,144
2,16,146
3,17,147
3,17,147
3,17,147
3,17,147
3,17,147
2,16,146
2,15,145
2,15,145
2,15,145
2,15,145
2,15,145
2,15,145
2,15,145
2,15,145
2,15,145
2,15,145
2,15,145
2,15,145
2,15,145
2,15,145
2,15,145
2,15,145
2,15,145
2,15,145
2,15,145
2,15,145
2,15,145
2,15,145
2,15,145
2,15,145
2,15,145
2,15,145
2,15,145
2,15,145
2,15,145
2,15,145
2,15,145
1,15,145
1,15,145
2,15,145
2,15,146
2,16,146
3,16,146
2,15,145
2,15,145
2,15,144
1,14,142
1,14,142
1,14,142
1,14,142
1,14,142
1,14,142
1,14,142
1,14,142
1,14,142
1,14,142
1,14,142
2,15,143
2,15,145
2,15,145
2,15,145
2,15,145
1,14,144
1,14,142
1,14,142
1,14,142
1,14,142
1,14,142
1,14,142
1,14,142
1,14,142
1,14,142
1,14,142
1,14,142
1,14,142
1,14,142
1,14,142
1,14,142
1,14,144
1,14,144
1,14,144
1,14,144
2,15,144
2,15,144
2,15,143
1,14,142
1,14,142
1,14,142
1,14,142
1,14,142
1,14,142
1,14,142
1,14,142
1,14,142
1,14,142
1,14,142
1,14,142
1,14,142
1,14,142
1,14,142
1,14,142
1,14,142
1,14,144
1,14,144
2,15,145
2,15,145
2,15,145
2,15,145
2,15,145
2,15,145
2,15,145
2,15,145
2,15,145
2,15,145
2,15,145
2,15,145
2,15,143
2,15,142
2,14,141
3,14,136
4,15,138
4,15,139
4,15,140
3,14,141
3,14,141
2,14,141
2,14,141
1,14,141
1,14,141
1,14,142
1,14,142
1,14,142
1,14,142
1,14,142
1,14,142
1,14,142
2,15,143
2,15,143
2,15,143
2,15,144
2,15,144
2,15,144
1,14,144
1,14,144
1,14,144
1,14,144
1,14,144
2,15,144
2,15,143
1,14,143
1,14,144
1,14,144
1,14,144
1,14,144
2,15,144
2,15,144
2,15,144
1,15,143
1,15,143
1,15,143
1,16,143
1,16,143
2,16,144
2,16,146
2,16,146
3,17,147
3,17,147
3,17,147
3,17,147
3,17,147
2,16,146
2,15,145
2,15,145
2,15,145
2,15,145
2,15,145
2,15,145
2,15,145
2,15,145
2,15,145
2,15,145
2,15,145
2,15,145
2,15,145
2,15,145
2,15,145
2,15,145
2,15,145
2,15,145
2,15,145
2,15,145
2,15,145
2,15,145
2,15,145
2,15,145
2,15,145
2,15,145
2,15,145
2,15,145
2,15,145
2,15,145
2,15,145
1,15,145
1,15,146
2,15,146
2,16,146
2,16,146
2,15,145
2,15,145
2,15,145
1,14,144
1,14,142
1,14,142
1,14,142
1,14,142
1,14,142
1,14,142
1,14,142
1,14,142
1,14,142
1,14,142
1,14,142
1,14,144
2,15,145
2,15,145
2,15,145
2,15,145
2,15,145
2,15,144
2,15,143
2,15,143
2,15,143
1,14,142
1,14,142
1,14,142
1,14,142
1,14,142
1,14,142
1,14,142
1,14,142
1,14,142
1,14,142
1,14,142
1,14,143
1,14,144
1,14,144
1,14,144
2,15,144
2,15,144
2,15,143
1,14,142
1,14,142
1,14,142
1,14,142
1,14,142
1,14,142
1,14,142
1,14,142
1,14,142
1,14,142
1,14,142
1,14,142
1,14,142
1,14,142
1,14,142
1,14,142
1,14,144
1,14,144
1,14,145
1,14,145
2,15,145
2,15,145
2,15,145
2,15,145
2,15,145
2,15,145
2,15,145
2,15,145
2,15,145
2,15,145
2,15,145
2,15,142
2,15,142
2,14,141
3,14,136
4,14,138
3,14,139
3,14,140
3,14,141
2,14,141
2,14,141
1,14,141
1,14,141
1,14,142
1,14,142
1,14,142
1,14,142
1,14,142
1,14,142
2,15,143
2,15,143
2,15,143
2,15,145
2,15,145
2,15,145
2,15,145
2,15,145
2,15,145
2,15,145
2,15,145
2,15,145
2,15,145
2,15,145
2,15,145
2,15,145
2,15,144
1,14,144
2,15,145
2,15,145
2,15,145
2,15,145
2,15,144
2,15,144
2,15,143
2,16,143
2,16,143
2,16,143
2,16,145
2,16,146
3,17,147
3,17,147
3,17,147
2,16,146
3,16,146
2,16,146
2,15,145
2,15,145
2,15,145
2,15,145
2,15,145
2,15,145
2,15,145
2,15,145
2,15,145
2,15,145
2,15,145
2,15,145
2,15,145
2,15,145
2,15,145
2,15,145
2,15,145
2,15,145
2,15,144
1,14,144
1,14,144
1,14,144
2,15,145
2,15,145
2,15,145
2,15,145
2,15,145
2,15,145
2,15,145
2,15,145
2,15,145
2,15,145
2,16,146
2,16,146
2,16,146
2,16,146
2,15,145
2,15,145
2,15,144
1,14,144
1,14,142
1,14,142
1,14,142
1,14,142
1,14,142
1,14,142
1,14,142
1,14,142
1,14,142
1,14,142
1,14,143
1,14,144
2,15,145
2,15,145
2,15,145
2,15,145
2,15,145
2,15,145
2,15,145
2,15,145
2,15,145
2,15,143
1,14,142
1,14,142
1,14,142
1,14,142
1,14,142
1,14,142
1,14,142
1,14,142
1,14,142
1,14,142
1,14,143
1,14,144
1,14,144
1,14,144
2,15,144
2,15,144
2,15,143
1,14,142
1,14,142
1,14,142
1,14,142
1,14,142
1,14,142
1,14,142
1,14,142
1,14,142
1,14,142
1,14,142
1,14,142
1,14,142
1,14,142
1,14,142
1,14,143
1,14,144
1,14,144
1,14,145
1,14,145
1,14,145
2,14,146
2,15,146
2,15,146
2,15,145
2,15,145
2,15,145
2,15,145
2,15,145
2,15,145
2,15,143
2,14,142
2,14,142
3,14,137
3,14,138
2,14,139
2,14,140
2,14,140
2,14,141
1,14,141
1,14,142
1,14,142
1,14,142
1,14,142
1,14,142
1,14,143
2,15,143
2,15,143
2,15,145
2,15,145
2,15,145
2,15,145
2,15,145
2,15,145
2,15,145
2,15,145
2,15,145
2,15,145
2,15,145
2,15,145
2,15,145
2,15,145
2,15,145
2,15,145
2,15,145
2,15,145
2,15,145
2,15,145
2,15,145
2,15,145
2,15,144
2,15,143
2,15,143
2,16,143
2,16,143
2,16,144
2,16,145
2,16,146
2,16,146
2,16,146
2,16,146
2,16,146
2,16,146
2,15,145
2,15,145
2,15,145
2,15,145
2,15,145
2,15,145
2,15,145
1,14,144
1,14,144
1,14,144
1,14,144
1,14,144
2,15,145
2,15,145
2,15,145
2,15,145
2,15,145
2,15,144
2,15,144
1,14,144
1,14,144
1,14,144
2,15,144
2,15,145
2,15,145
2,15,145
2,15,145
2,15,145
2,15,145
2,15,145
2,15,145
2,15,145
2,16,146
2,16,146
2,16,146
2,16,146
2,15,145
2,15,145
1,14,144
1,14,143
1,14,142
1,14,142
1,14,142
1,14,142
1,14,142
1,14,142
1,14,142
1,14,142
1,14,142
1,14,143
1,14,144
1,14,144
1,14,144
2,15,145
2,15,145
2,15,145
2,15,145
2,15,145
2,15,145
2,15,145
2,15,145
2,15,145
2,15,144
2,15,143
1,14,142
1,14,142
1,14,142
1,14,142
1,14,142
1,14,142
1,14,142
1,14,143
1,14,144
1,14,144
1,14,144
2,15,145
2,15,145
2,15,144
2,15,144
1,14,142
1,14,142
1,14,142
1,14,142
1,14,142
1,14,142
1,14,142
1,14,142
1,14,142
1,14,142
1,14,142
1,14,142
1,14,142
1,14,142
1,14,143
1,14,144
1,15,144
1,14,145
1,14,145
1,14,145
1,14,146
2,14,146
2,15,146
2,15,146
2,15,146
2,15,145
2,15,145
2,15,145
2,15,145
2,15,145
1,15,142
1,14,142
2,14,135
2,14,137
2,14,138
2,14,138
2,14,140
2,14,141
1,14,142
1,14,142
1,14,142
1,14,142
1,14,144
1,14,144
1,14,144
2,15,144
2,15,145
2,15,145
2,15,145
2,15,145
2,15,145
2,15,145
2,15,145
2,15,145
2,15,145
2,15,145
2,15,145
2,15,145
2,15,145
2,15,145
2,15,145
2,15,145
2,15,145
2,15,145
2,15,145
2,15,145
2,15,145
2,15,145
2,15,145
2,15,144
2,15,143
2,15,143
1,15,143
1,15,143
1,16,143
1,16,144
1,16,145
2,15,145
2,15,145
2,15,145
2,15,145
2,15,145
2,15,145
2,15,145
2,15,145
2,15,145
2,15,145
2,15,145
2,15,144
1,14,144
1,14,142
1,14,142
1,14,142
1,14,142
1,14,142
1,14,142
1,14,143
2,15,143
2,15,143
2,15,143
2,15,143
2,15,143
1,14,143
1,14,143
1,14,142
1,14,142
1,14,144
1,14,144
2,15,145
2,15,145
2,15,145
2,15,145
2,15,145
2,15,145
2,16,146
2,16,146
2,15,145
2,15,145
2,15,145
1,14,144
1,14,144
1,14,142
1,14,142
1,14,142
1,14,142
1,14,142
1,14,142
1,14,142
1,14,142
1,14,142
1,14,142
1,14,143
1,14,144
1,14,144
1,14,144
2,15,145
2,15,145
2,15,145
2,15,145
2,15,145
2,15,145
2,15,145
2,15,145
2,15,145
2,15,144
1,14,143
1,14,142
1,14,142
1,14,142
1,14,142
1,14,142
1,14,142
1,14,143
1,14,143
2,15,144
2,15,144
2,15,145
2,15,145
2,15,145
2,15,145
2,15,145
2,15,143
1,14,142
1,14,142
1,14,142
1,14,142
1,14,142
1,14,142
1,14,142
1,14,142
1,14,142
1,14,142
1,14,142
1,14,142
1,14,143
2,15,143
2,15,144
2,15,145
2,15,145
1,15,146
1,14,146
1,14,146
1,14,146
2,14,147
2,15,146
2,15,146
2,15,146
2,15,145
2,15,145
2,15,145
1,15,144
1,15,142
1,14,142
2,14,135
2,14,137
2,14,138
2,14,139
2,14,140
1,14,142
1,14,142
1,14,142
1,14,144
1,14,144
2,15,145
2,15,145
2,15,145
2,15,145
2,15,145
2,15,145
2,15,145
2,15,145
2,15,145
2,15,145
2,15,145
2,15,145
2,15,145
2,15,145
2,15,145
2,15,145
2,15,145
2,15,145
2,15,145
2,15,145
2,15,145
2,15,145
2,15,145
2,15,145
2,15,145
2,15,145
2,15,145
2,15,143
1,15,143
1,14,142
1,15,142
1,15,143
1,15,143
1,15,145
1,15,145
2,15,145
2,15,145
2,15,145
2,15,145
3,16,146
3,16,146
3,16,146
2,15,145
2,15,145
2,15,145
2,15,144
1,14,142
1,14,142
1,14,142
1,14,142
1,14,142
1,14,142
1,14,142
1,14,142
1,14,142
2,15,143
2,15,143
2,15,143
2,15,143
1,14,142
1,14,142
1,14,142
1,14,142
1,14,142
1,14,144
1,14,144
1,14,144
2,15,145
2,15,145
2,15,145
2,15,145
2,16,146
2,16,146
2,15,145
2,15,145
2,15,145
1,14,144
1,14,143
1,14,142
1,14,142
1,14,142
1,14,142
1,14,142
1,14,142
1,14,142
1,14,142
1,14,142
1,14,142
1,14,143
1,14,144
1,14,144
1,14,144
2,14,145
2,15,145
2,15,145
2,15,145
2,15,145
2,15,145
2,15,145
2,15,145
2,15,145
2,15,144
1,14,144
1,14,143
1,14,142
1,14,142
1,14,142
1,14,142
2,15,143
2,15,143
3,16,144
3,16,144
3,16,145
2,15,145
2,15,145
2,15,145
2,15,145
2,15,145
2,15,145
1,14,143
1,14,142
1,14,142
1,14,142
1,14,142
1,14,142
1,14,142
1,14,142
1,14,142
1,14,142
1,14,142
1,14,142
2,15,143
2,15,143
2,15,145
2,15,145
2,15,145
1,15,146
1,15,146
1,14,146
1,14,146
2,14,147
2,15,146
2,15,146
2,15,146
2,15,145
2,15,145
2,15,145
1,15,142
1,15,142
2,14,135
2,14,137
2,14,138
2,14,140
1,14,141
1,14,142
1,14,144
1,14,144
2,15,144
2,15,145
2,15,145
2,15,145
2,15,145
2,15,145
2,15,145
2,15,145
2,15,145
2,15,145
2,15,145
2,15,145
2,15,145
2,15,145
2,15,146
2,15,146
2,15,146
2,15,146
2,15,146
2,15,146
2,15,146
2,15,146
2,15,146
2,15,145
2,15,145
2,15,145
2,15,145
2,15,145
1,14,143
1,14,142
1,14,142
1,14,142
1,14,142
1,14,143
1,15,144
1,15,145
2,15,145
2,15,145
2,15,145
2,15,145
3,16,146
3,16,146
3,16,146
2,15,145
2,15,145
2,15,145
2,15,143
1,14,142
1,14,142
1,14,142
1,14,142
1,14,142
1,14,142
1,14,142
1,14,142
1,14,142
1,14,142
2,15,143
2,15,143
1,14,142
1,14,142
1,14,142
1,14,142
1,14,142
1,14,142
1,14,143
1,14,144
1,14,144
1,15,145
2,15,145
2,15,145
1,15,145
2,15,145
2,15,145
2,15,145
2,15,145
2,15,145
1,14,144
1,14,143
1,14,142
1,14,142
1,14,142
1,14,142
1,14,142
1,14,142
1,14,142
1,14,142
1,14,142
1,14,142
1,14,143
1,14,144
1,14,144
1,14,144
1,14,144
2,14,145
2,15,145
2,15,145
2,15,145
2,15,145
2,15,145
2,15,145
1,14,144
1,14,144
1,14,144
1,14,142
1,14,142
1,14,142
1,14,142
1,14,142
2,15,143
2,15,143
3,16,144
3,16,145
3,16,145
2,15,145
2,15,145
2,15,145
2,15,145
2,15,145
2,15,145
2,15,145
1,14,143
1,14,142
1,14,142
1,14,142
1,14,142
1,14,142
1,14,142
1,14,142
1,14,142
1,14,142
1,14,142
2,15,143
2,15,143
2,15,145
2,15,145
2,15,145
2,15,145
1,15,146
1,15,146
1,14,146
2,15,147
2,15,146
2,15,146
2,15,146
2,15,145
2,15,145
2,15,143
1,15,142
2,14,136
2,15,137
2,14,139
1,14,140
1,14,142
1,14,144
2,15,144
2,15,145
2,15,145
2,15,145
2,15,145
2,15,145
2,15,145
2,15,145
2,15,145
2,15,145
2,15,145
2,15,145
2,15,145
2,15,145
2,15,145
2,15,145
2,15,146
2,15,146
2,15,146
2,15,146
3,15,147
3,15,147
3,15,147
3,15,147
3,15,146
3,15,146
2,15,145
2,15,145
2,15,145
1,14,142
1,14,142
1,14,142
1,14,142
1,14,142
1,14,142
1,14,143
1,15,144
2,15,145
2,15,145
2,15,145
2,15,145
3,16,146
3,16,146
3,16,146
3,16,146
2,15,145
2,15,143
2,15,143
1,14,142
1,14,142
1,14,142
1,14,142
1,14,142
1,14,142
1,14,142
1,14,142
1,14,142
1,14,142
1,14,142
1,14,142
1,14,142
1,14,142
1,14,142
1,14,142
1,14,142
1,14,142
1,14,144
1,14,144
1,14,144
1,14,144
1,15,145
1,15,145
1,15,145
1,15,145
2,15,145
2,15,145
2,15,145
2,15,145
2,15,145
1,14,144
1,14,142
1,14,142
1,14,142
1,14,142
1,14,142
1,14,142
1,14,142
1,14,142
1,14,142
1,14,142
1,14,143
1,14,144
1,14,144
1,14,144
2,14,145
2,14,145
2,15,145
2,15,145
2,15,145
1,14,144
1,14,144
1,14,144
1,14,144
1,14,144
1,14,143
1,14,142
1,14,142
1,14,142
1,14,142
1,14,142
2,15,143
2,15,143
3,16,144
3,16,145
3,16,145
2,15,145
2,15,145
2,15,145
2,15,145
2,15,145
2,15,145
2,15,145
2,15,145
1,14,144
1,14,142
1,14,142
1,14,142
1,14,142
1,14,142
1,14,142
1,14,142
1,14,142
1,14,142
2,15,143
2,15,143
2,15,145
2,15,145
2,15,145
2,15,145
1,15,145
1,14,146
1,14,146
1,14,146
2,15,146
2,15,146
2,15,146
2,15,145
2,15,145
1,15,143
1,14,137
1,14,138
1,14,140
2,15,142
2,15,143
2,15,144
2,15,145
2,15,145
2,15,145
2,15,145
2,15,145
2,15,145
2,15,145
2,15,145
2,15,145
2,15,145
2,15,145
2,15,145
2,15,145
2,15,145
2,15,145
2,15,146
2,15,146
2,15,146
2,15,147
3,15,147
3,15,147
3,15,147
3,15,147
3,15,147
3,15,146
2,15,145
2,15,145
2,15,144
1,14,142
1,14,142
1,14,142
1,14,142
1,14,142
1,14,142
1,14,142
2,15,144
2,15,145
2,15,145
2,15,145
2,15,145
3,16,146
3,16,146
3,16,146
2,15,145
2,15,145
2,15,143
2,15,143
1,14,142
1,14,142
1,14,142
1,14,142
1,14,142
1,14,142
1,14,142
1,14,142
1,14,142
1,14,142
1,14,142
1,14,142
1,14,142
1,14,142
1,14,142
1,14,142
1,14,142
1,14,142
1,14,144
1,14,144
1,14,144
1,14,144
1,15,145
1,15,145
1,15,145
1,15,145
1,15,145
2,15,145
2,15,145
2,15,145
2,15,145
2,15,144
1,14,143
1,14,142
1,14,142
1,14,142
1,14,142
1,14,142
1,14,142
1,14,142
1,14,142
1,14,142
1,14,143
1,14,144
1,14,144
2,14,145
2,14,145
2,14,145
2,14,145
2,14,145
1,14,144
1,14,144
1,14,144
1,14,144
1,14,144
1,14,142
1,14,142
1,14,142
1,14,142
1,14,142
1,14,142
1,14,142
1,14,142
2,15,143
2,15,144
2,15,144
2,15,145
2,15,145
2,15,145
2,15,145
2,15,145
2,15,145
2,15,145
2,15,145
2,15,145
2,15,145
2,15,145
1,14,144
1,14,144
1,14,144
1,14,142
1,14,142
1,14,142
1,14,142
1,14,143
2,15,143
2,15,144
2,15,145
2,15,145
2,15,145
2,15,145
1,15,145
1,14,145
1,14,145
1,14,146
1,14,146
2,15,145
2,15,145
2,15,145
2,15,143
1,14,137
1,15,139
2,15,141
2,15,143
2,15,144
2,15,145
2,15,145
2,15,145
2,15,145
2,15,145
2,15,145
2,15,145
2,15,145
2,15,145
2,15,145
2,15,145
2,15,145
2,15,145
2,15,145
2,15,145
2,15,146
2,15,146
2,15,147
2,15,147
3,15,147
3,15,147
3,15,147
3,15,147
3,15,146
3,15,146
2,15,145
2,15,145
1,14,143
1,14,142
1,14,142
1,14,142
1,14,142
1,14,142
1,14,142
1,14,142
2,15,143
2,15,145
2,15,145
2,15,145
2,15,145
2,15,145
3,16,146
2,15,145
2,15,145
2,15,143
2,15,143
2,15,143
1,14,142
1,14,142
1,14,142
1,14,142
1,14,142
1,14,142
1,14,142
1,14,142
1,14,142
1,14,142
1,14,142
1,14,142
1,14,142
1,14,142
1,14,142
1,14,142
1,14,142
1,14,144
1,14,144
1,14,144
1,14,144
1,14,144
1,15,145
1,15,145
1,15,145
1,15,145
1,15,145
2,15,145
2,15,145
2,15,145
2,15,145
2,15,145
2,15,144
2,15,143
1,14,142
1,14,142
1,14,142
1,14,142
1,14,142
1,14,142
1,14,142
1,14,142
1,14,143
2,14,144
2,14,145
2,14,145
2,14,145
2,14,145
2,14,145
2,14,145
1,14,144
1,14,144
1,14,144
1,14,144
1,14,142
1,14,142
1,14,142
1,14,142
1,14,142
1,14,142
1,14,142
1,14,142
1,14,142
1,14,142
1,14,144
1,14,144
2,15,144
2,15,145
2,15,145
2,15,145
2,15,145
2,15,145
2,15,145
2,15,145
2,15,145
2,15,145
2,15,145
2,15,145
2,15,145
2,15,145
2,15,145
1,14,144
1,14,143
1,14,143
1,14,143
2,15,144
2,15,145
2,15,145
2,15,145
2,15,145
2,15,145
1,15,145
1,14,145
1,14,144
1,14,144
1,14,145
1,15,145
2,15,145
2,15,144
1,14,137
1,14,138
1,14,140
2,15,142
2,15,143
2,15,144
2,15,145
2,15,145
2,15,145
2,15,145
1,14,144
2,15,145
2,15,145
2,15,145
2,15,145
2,15,145
2,15,145
2,15,145
2,15,145
2,15,145
2,15,145
2,15,146
2,15,146
2,15,147
2,15,147
3,15,147
3,15,147
3,15,146
3,15,146
2,15,145
2,15,145
2,15,145
1,14,142
1,14,142
1,14,142
1,14,142
1,14,142
1,14,142
1,14,142
1,14,142
2,15,143
2,15,145
2,15,145
2,15,145
2,15,145
2,15,145
2,15,145
2,15,145
2,15,145
2,15,143
2,15,143
1,14,142
1,14,142
1,14,142
1,14,142
1,14,142
1,14,142
1,14,142
1,14,142
1,14,142
1,14,142
1,14,142
1,14,142
1,14,142
1,14,142
1,14,142
1,14,142
1,14,142
1,14,142
1,14,144
1,14,144
1,14,144
2,15,145
2,15,145
2,15,145
1,15,145
1,15,145
1,15,145
2,15,145
2,15,145
2,15,145
2,15,145
2,15,145
2,15,145
2,15,145
2,15,143
2,15,143
1,14,142
1,14,142
1,14,142
1,14,142
1,14,142
1,14,142
2,15,143
2,15,145
2,15,145
2,15,145
2,14,145
2,14,145
2,14,145
2,14,145
1,14,144
1,14,144
1,14,144
1,14,142
1,14,142
1,14,142
1,14,142
1,14,142
1,14,142
1,14,142
1,14,142
1,14,142
1,14,142
1,14,142
1,14,142
1,14,142
1,14,144
1,14,144
2,15,145
2,15,145
2,15,145
2,15,145
2,15,145
2,15,145
2,15,145
2,15,145
2,15,145
2,15,145
2,15,145
2,15,145
2,15,145
2,15,145
2,15,145
1,14,144
1,14,144
1,14,144
2,15,144
2,15,145
2,15,145
2,15,145
2,15,145
2,15,145
2,15,144
1,14,144
1,14,144
1,14,144
1,14,144
1,14,144
2,14,144
2,15,143
1,14,137
1,14,139
2,15,141
2,15,143
2,15,143
2,15,144
2,15,145
2,15,144
2,15,144
1,14,144
2,15,145
2,15,145
2,15,145
2,15,145
2,15,145
2,15,145
2,15,145
2,15,145
2,15,145
2,15,145
2,15,146
2,15,146
2,15,147
2,15,147
2,15,147
2,15,146
3,15,146
3,15,146
2,15,145
2,15,145
2,15,143
1,14,142
1,14,142
1,14,142
1,14,142
1,14,142
1,14,142
1,14,142
1,14,142
2,15,143
2,15,145
2,15,145
2,15,145
2,15,145
2,15,145
2,15,145
2,15,145
2,15,145
2,15,143
2,15,143
1,14,142
1,14,142
1,14,142
1,14,142
1,14,142
1,14,142
1,14,142
1,14,142
1,14,142
1,14,142
1,14,142
1,14,142
1,14,142
1,14,142
1,14,142
1,14,142
1,14,142
1,14,143
1,14,144
2,15,145
2,15,145
2,15,145
2,15,145
2,15,145
2,15,145
2,15,146
2,15,145
2,15,145
2,15,145
2,15,145
2,15,145
2,15,145
2,15,145
2,15,145
2,15,143
2,15,143
1,14,142
1,14,142
1,14,142
1,14,142
1,14,142
2,15,143
2,15,145
2,15,145
2,15,145
2,15,145
2,15,145
2,15,146
2,14,146
2,15,145
2,14,144
1,14,144
1,14,143
1,14,142
1,14,142
1,14,142
1,14,142
1,14,142
1,14,142
1,14,142
1,14,142
1,14,142
1,14,142
1,14,142
1,14,142
1,14,142
1,14,144
1,14,144
1,14,144
2,15,145
2,15,145
2,15,145
2,15,145
2,15,145
2,15,145
2,15,145
2,15,145
2,15,145
2,15,145
2,15,145
2,15,145
2,15,145
2,15,145
2,15,145
1,14,144
1,14,144
1,14,144
2,15,144
2,15,145
2,15,145
2,15,145
2,15,144
2,15,144
1,14,144
1,14,144
1,14,144
1,14,144
1,14,143
1,14,143
1,14,137
2,14,140
2,15,142
2,15,143
2,15,143
2,15,144
2,15,144
2,15,144
1,14,144
1,14,145
2,15,145
2,15,145
2,15,145
2,15,145
2,15,145
2,15,145
2,15,145
2,15,145
2,15,145
2,15,146
2,15,146
2,15,147
2,15,147
2,14,146
2,14,146
2,15,145
2,15,145
2,15,145
2,15,145
1,14,143
1,14,142
1,14,142
1,14,142
1,14,142
1,14,142
1,14,142
1,14,142
1,14,143
2,15,144
2,15,145
2,15,145
2,15,145
2,15,145
2,15,146
2,15,145
2,15,145
2,15,145
1,14,144
1,14,143
1,14,142
1,14,142
1,14,142
1,14,142
1,14,142
1,14,142
2,15,143
2,15,143
1,14,143
2,15,143
2,15,143
1,14,142
1,14,142
1,14,142
1,14,142
1,14,142
1,14,142
1,14,143
2,15,144
2,15,145
2,15,145
2,15,145
2,15,145
2,15,145
2,15,146
2,15,146
2,15,146
2,15,145
2,15,145
2,15,145
2,15,145
2,15,145
2,15,145
2,15,144
2,15,143
1,14,143
1,14,143
1,14,142
1,14,142
1,14,142
1,14,142
2,15,144
2,15,145
2,15,145
2,15,145
2,15,145
2,15,146
2,15,146
2,15,146
2,15,146
2,15,145
2,15,144
1,14,143
1,14,142
1,14,142
1,14,142
1,14,142
1,14,142
1,14,142
1,14,142
1,14,142
1,14,142
1,14,142
1,14,142
1,14,142
1,14,142
1,14,143
1,14,144
1,14,144
2,15,145
2,15,145
2,15,145
2,15,145
2,15,145
2,15,145
2,15,145
2,15,145
2,15,145
2,15,145
2,15,145
2,15,145
2,15,145
2,15,145
2,15,145
2,15,145
1,14,144
1,14,144
1,14,144
2,15,144
2,15,144
2,15,144
2,15,143
1,15,143
1,14,143
1,14,142
1,14,142
1,14,142
1,14,142
2,14,137
2,14,140
2,14,142
2,15,143
2,15,143
2,15,144
2,15,144
2,15,144
2,15,145
2,15,145
2,15,145
2,15,145
2,15,145
2,15,145
2,15,145
2,15,145
2,15,145
2,15,145
2,15,146
2,15,147
2,15,147
2,14,146
1,14,146
1,14,146
1,14,145
2,15,145
2,15,145
2,15,145
1,14,144
1,14,142
1,14,142
1,14,142
1,14,142
1,14,142
1,14,142
1,14,142
2,15,144
2,15,145
2,15,145
2,15,145
2,15,146
2,15,146
2,15,146
2,15,146
2,15,145
2,14,145
1,14,145
1,14,144
1,14,142
1,14,142
1,14,142
1,14,143
1,14,143
2,15,143
2,15,143
2,15,143
2,15,143
2,15,143
2,15,143
2,15,143
2,15,143
1,14,142
1,14,142
1,14,142
1,14,142
2,15,143
2,15,145
2,15,145
2,15,145
2,15,145
2,15,145
2,15,146
2,15,146
2,15,146
2,15,146
2,15,146
2,15,146
2,15,145
2,15,145
2,15,145
2,15,145
2,15,144
2,15,144
1,14,143
1,14,143
1,14,143
1,14,142
1,14,143
1,14,144
2,15,145
2,15,145
2,15,145
2,15,145
2,15,146
2,15,146
2,14,146
2,15,146
2,15,146
2,15,145
2,15,145
1,15,144
1,14,143
1,14,142
1,14,142
1,14,142
1,14,142
1,14,142
1,14,142
1,14,142
1,14,142
1,14,142
1,14,142
1,14,142
1,14,142
1,14,143
1,14,143
2,15,144
2,15,144
2,15,145
2,15,145
2,15,145
2,15,145
2,15,145
2,15,145
2,15,145
2,15,145
2,15,145
2,15,145
2,15,145
2,15,145
2,15,145
2,15,145
2,15,145
1,14,144
1,14,144
1,14,144
1,15,144
1,15,143
1,15,143
1,15,142
1,15,142
1,14,142
1,14,142
1,14,142
1,14,142
2,14,137
2,14,140
2,14,141
2,14,143
2,15,143
2,15,144
2,15,145
2,15,145
2,15,145
2,15,145
2,15,145
2,15,145
2,15,145
2,15,145
2,15,145
1,15,145
2,15,145
2,15,146
2,15,147
2,15,147
2,15,147
1,14,146
1,14,146
1,14,145
2,15,145
2,15,145
2,15,145
2,15,145
1,14,144
1,14,142
1,14,142
1,14,142
1,14,142
1,14,142
1,14,144
2,15,144
2,15,145
2,15,145
2,15,145
2,15,146
2,15,146
2,15,146
2,15,146
2,15,146
2,14,145
2,14,145
1,14,145
1,14,144
1,14,144
1,14,144
2,15,144
2,15,144
2,15,145
2,15,145
2,15,145
2,15,145
2,15,145
2,15,143
2,15,143
2,15,143
2,15,143
2,15,143
1,14,142
1,14,142
2,15,143
2,15,145
2,15,145
2,15,145
2,15,145
2,15,145
2,15,146
2,15,147
2,15,146
2,15,146
2,15,146
2,15,146
2,15,146
2,15,145
2,15,145
2,15,145
2,15,145
2,15,144
1,14,144
1,14,144
1,14,144
1,14,144
1,14,144
2,15,144
2,15,145
2,15,145
2,15,145
2,15,145
2,15,146
2,15,146
2,15,146
2,15,146
2,15,146
2,15,146
2,15,145
2,15,145
1,15,144
1,14,142
1,14,142
1,14,142
1,14,142
1,14,142
1,14,142
1,14,142
1,14,142
1,14,142
1,14,142
1,14,142
1,14,142
1,14,142
1,14,143
2,15,144
2,15,144
2,15,145
2,15,145
2,15,145
2,15,145
2,15,145
2,15,145
2,15,145
2,15,145
2,15,146
2,15,146
2,15,146
2,15,145
2,15,145
2,15,145
2,15,145
1,14,144
1,14,144
1,14,143
1,14,142
1,15,142
1,15,142
1,15,142
1,15,142
1,14,142
1,14,142
1,14,142
2,14,137
2,14,140
2,14,141
2,15,142
2,15,143
2,15,145
2,15,145
2,15,145
2,15,145
2,15,146
2,15,146
2,15,145
2,15,145
1,15,145
1,15,145
2,15,146
2,15,147
2,15,147
2,15,147
2,15,147
2,15,147
1,14,146
1,14,146
2,15,146
2,15,145
2,15,145
2,15,145
2,15,145
1,14,144
1,14,143
1,14,143
1,14,144
1,14,144
1,14,144
2,15,144
2,15,145
2,15,145
2,15,145
2,15,146
2,15,146
2,14,146
2,14,146
2,14,146
2,14,145
2,14,145
2,14,145
2,14,145
2,15,145
2,15,145
2,15,145
2,15,145
2,15,145
2,15,145
2,15,145
2,15,145
2,15,145
2,15,145
2,15,143
2,15,143
2,15,143
2,15,143
2,15,143
2,15,143
2,15,143
2,15,145
2,15,145
2,15,145
2,15,145
2,15,146
2,15,146
2,15,147
2,15,147
2,15,147
2,15,147
2,15,146
2,15,146
2,15,146
2,15,145
2,15,145
2,15,145
2,15,145
1,14,144
1,14,144
1,14,144
1,14,144
2,15,145
2,15,145
2,15,145
2,15,145
2,15,145
2,15,145
2,15,146
2,15,146
2,15,147
2,15,146
2,15,146
2,15,146
2,15,146
2,15,145
1,15,145
1,14,143
1,14,142
1,14,142
1,14,142
1,14,142
1,14,142
1,14,142
1,14,142
1,14,142
1,14,142
1,14,142
1,14,142
1,14,142
1,14,143
2,15,144
2,15,144
2,15,145
2,15,145
2,15,145
2,15,145
2,15,145
2,15,145
2,15,145
2,15,146
2,14,146
2,15,146
2,15,146
2,15,146
2,15,145
2,15,145
2,15,145
1,14,144
1,14,144
1,14,142
1,14,142
1,15,142
1,15,141
1,15,141
1,15,142
1,14,142
1,14,142
2,14,138
2,14,140
2,14,141
2,15,142
2,15,143
2,15,145
2,15,145
2,15,145
2,15,146
2,15,146
2,15,146
1,15,146
1,15,146
1,15,146
2,15,146
2,15,147
2,15,147
2,15,147
2,15,147
2,15,147
2,15,147
2,15,146
2,15,146
2,15,146
2,15,146
2,15,145
2,15,145
2,15,145
2,14,145
1,14,144
1,14,144
1,14,144
1,14,144
1,14,144
2,15,145
2,15,145
2,15,145
2,15,146
2,15,146
2,14,146
2,14,146
2,14,146
2,14,146
2,14,146
2,15,145
2,15,145
2,15,145
2,15,145
2,15,145
2,15,145
2,15,145
2,15,145
2,15,145
2,15,145
2,15,145
2,15,145
2,15,144
2,15,143
2,15,143
2,15,143
2,15,143
2,15,143
2,15,143
2,15,145
2,15,145
2,15,145
2,15,145
2,15,146
2,15,146
2,14,146
2,14,146
2,14,146
3,15,147
2,15,146
2,15,146
2,15,146
2,15,145
2,15,145
2,15,145
2,15,145
2,15,145
2,15,145
2,15,145
2,15,145
2,15,145
2,15,145
2,15,145
2,15,145
2,15,145
2,15,145
2,15,146
2,15,146
2,15,146
2,15,146
2,15,146
2,15,146
2,15,146
2,15,145
1,15,145
1,14,144
1,14,142
1,14,142
1,14,142
1,14,142
1,14,142
1,14,142
1,14,142
1,14,142
1,14,142
1,14,142
1,14,142
1,14,142
1,14,143
2,15,144
2,15,145
2,15,145
2,15,145
2,15,145
2,15,145
2,15,145
2,15,146
2,15,146
2,15,146
2,14,146
2,15,147
2,15,147
2,15,146
2,15,145
2,15,145
2,15,145
1,14,144
1,14,142
1,14,142
1,14,142
1,14,142
1,15,141
1,15,141
1,14,142
1,14,142
1,14,138
2,14,140
2,14,141
2,15,142
2,15,144
2,15,145
2,15,145
2,15,146
2,15,146
2,15,146
1,15,146
1,15,146
1,15,146
2,15,146
2,15,147
2,15,147
2,15,147
2,15,147
2,15,147
2,15,147
2,15,147
2,15,147
2,15,146
2,15,146
3,15,146
2,15,146
2,15,145
2,15,145
2,14,145
1,14,144
1,14,144
1,14,144
1,14,144
2,15,145
2,15,145
2,15,145
2,15,146
3,15,146
3,15,146
3,15,147
2,15,146
2,15,146
2,15,146
2,15,145
2,15,145
2,15,145
2,15,146
3,15,146
2,15,145
2,15,145
2,15,145
2,15,145
2,15,145
2,15,145
2,15,144
1,14,144
1,14,143
1,14,143
1,14,142
1,14,142
2,15,143
2,15,143
2,15,145
2,15,145
2,15,145
2,15,145
2,15,145
2,15,146
2,14,146
2,14,146
2,14,146
2,14,146
2,15,146
2,15,146
2,15,146
2,15,145
2,15,145
2,15,145
2,15,145
2,15,145
2,15,145
2,15,145
2,15,145
2,15,145
2,15,145
2,15,145
2,15,145
2,15,145
2,15,145
2,15,145
2,15,146
2,15,146
2,15,146
2,15,146
2,15,146
2,15,146
2,15,145
2,15,145
1,14,143
1,14,142
1,14,142
1,14,142
1,14,142
1,14,142
1,14,142
1,14,142
1,14,142
1,14,142
1,14,142
1,14,142
1,14,142
1,14,143
2,15,145
2,15,145
2,15,145
2,15,145
2,15,145
2,15,145
2,15,145
2,15,146
2,15,146
2,15,146
2,15,147
2,15,147
2,15,147
2,15,146
2,15,145
2,15,145
2,15,145
1,14,144
1,14,142
1,14,142
1,14,142
1,14,142
1,14,142
1,14,142
1,14,142
2,14,138
2,14,140
2,15,141
2,15,143
2,15,144
2,15,145
2,15,145
2,15,146
2,15,146
2,14,146
1,14,146
1,15,146
1,15,146
2,15,146
2,15,147
2,15,147
2,15,147
2,15,147
2,15,147
2,15,147
2,15,147
2,15,147
2,15,146
3,15,146
3,15,146
2,15,146
2,15,146
2,15,145
2,14,145
1,14,144
1,14,144
2,15,144
2,15,145
2,15,145
2,15,145
3,15,146
3,15,146
3,15,146
3,15,146
3,15,146
2,15,146
2,15,146
2,15,145
2,15,145
2,15,145
2,15,145
3,16,146
2,15,145
2,15,145
2,15,145
2,15,145
2,15,145
2,15,145
1,14,144
1,14,144
1,14,143
1,14,142
1,14,142
1,14,142
2,15,143
2,15,143
2,15,145
2,15,145
2,15,145
2,15,145
2,15,145
2,14,146
2,14,146
2,14,146
2,14,146
2,14,146
2,14,146
2,15,146
2,15,145
2,15,145
2,15,145
2,15,145
2,15,145
2,15,145
2,15,145
2,15,145
2,15,145
2,15,145
2,15,145
2,15,145
2,15,145
2,15,145
2,15,145
2,15,145
2,15,145
2,15,146
2,15,146
2,15,146
2,15,146
2,15,145
2,15,145
1,14,144
1,14,142
1,14,142
1,14,142
1,14,142
1,14,142
1,14,142
1,14,142
1,14,142
1,14,142
1,14,142
1,14,142
1,14,142
1,14,144
1,14,144
2,15,145
2,15,145
2,15,145
2,16,146
2,16,146
2,16,146
2,15,146
2,15,146
2,15,146
2,15,146
1,14,146
1,14,146
2,15,146
2,15,146
2,15,145
2,15,145
1,14,144
1,14,144
1,14,143
1,14,142
1,14,142
1,14,142
1,14,142
1,14,142
2,14,138
2,14,141
2,15,142
2,15,143
2,15,145
2,15,145
2,15,145
2,15,146
2,14,146
1,14,146
1,14,146
1,14,146
1,15,146
1,15,146
2,15,146
2,15,147
2,15,147
2,15,147
2,15,147
2,15,147
2,15,147
2,15,147
3,15,147
3,15,147
3,15,147
3,15,147
2,15,146
2,15,145
2,14,145
2,14,145
2,15,145
2,15,145
2,15,145
2,15,145
3,15,146
3,16,146
3,16,146
3,15,146
3,15,146
2,15,146
2,15,145
2,15,145
2,15,145
2,15,145
2,15,145
3,16,146
2,15,145
2,15,145
2,15,145
2,15,145
2,15,145
2,15,145
1,14,144
1,14,144
1,14,144
1,14,142
1,14,142
1,14,142
1,14,142
2,15,143
2,15,145
2,15,145
2,15,145
2,15,145
2,14,145
2,14,146
2,14,146
2,14,146
2,14,146
2,14,146
2,14,146
2,15,146
2,15,145
2,15,145
2,15,145
2,15,145
2,15,145
2,15,145
2,15,145
2,15,145
2,15,145
2,15,145
2,15,145
2,15,145
2,15,145
2,15,145
2,15,145
2,15,145
2,15,145
2,15,146
2,15,146
2,15,146
2,15,146
2,15,145
2,15,145
1,14,142
1,14,142
1,14,142
1,14,142
1,14,142
1,14,142
1,14,142
1,14,142
1,14,142
1,14,142
1,14,142
1,14,142
1,14,142
1,14,144
1,15,145
2,15,145
2,15,145
2,16,146
2,16,146
2,16,146
2,16,146
2,15,146
2,15,146
2,15,147
2,15,147
1,14,146
1,14,146
1,14,146
1,14,146
1,14,145
1,14,145
1,14,144
1,14,144
1,14,144
1,14,142
1,14,142
1,14,142
1,14,142
2,14,140
2,15,142
2,15,143
2,15,145
2,15,145
2,14,145
2,14,146
2,14,146
1,14,146
1,14,146
1,15,146
1,15,146
1,15,145
2,15,146
2,15,146
2,15,147
2,15,147
2,15,147
2,15,147
2,14,146
2,15,147
3,15,147
3,15,147
3,15,147
2,15,147
2,15,146
2,14,145
2,14,145
2,15,145
2,15,145
2,15,145
2,15,145
3,16,146
3,16,146
3,16,146
3,16,146
3,15,146
2,15,145
2,15,145
2,15,145
2,15,145
2,15,145
2,15,145
2,15,145
2,15,145
2,15,145
2,15,145
2,15,145
2,15,145
2,15,145
1,14,144
1,14,144
1,14,144
1,14,144
1,14,142
1,14,142
1,14,142
1,14,143
2,15,145
2,15,145
2,15,145
2,15,145
2,14,146
2,14,146
2,14,146
2,14,146
2,14,146
2,14,146
2,14,146
2,15,146
2,15,146
2,15,145
2,15,145
2,15,145
2,15,145
2,15,145
2,15,145
2,15,145
2,15,145
2,15,145
2,15,145
2,15,145
2,15,145
2,15,145
2,15,145
2,15,145
2,15,145
2,15,145
2,15,146
2,15,146
2,15,145
2,15,145
2,15,145
1,14,143
1,14,143
2,15,143
2,15,143
1,14,142
1,14,142
1,14,142
1,14,142
1,14,142
1,14,142
1,14,142
1,14,144
1,14,144
1,15,145
2,15,145
2,16,146
2,16,146
2,16,146
2,16,146
2,16,146
2,16,146
2,15,147
2,15,147
2,15,147
2,15,147
2,15,147
1,14,146
1,14,146
1,14,146
1,14,145
1,14,145
1,14,144
1,14,144
1,14,144
1,14,142
1,14,142
2,14,140
2,14,142
2,15,144
2,15,145
2,15,145
2,14,146
2,14,146
2,14,146
1,14,146
1,15,146
1,15,145
1,15,145
2,15,145
2,15,146
2,15,146
2,15,146
2,15,146
2,14,146
2,14,146
2,14,146
2,15,147
2,15,147
3,15,147
2,15,147
2,15,146
2,15,145
2,15,145
2,15,145
2,15,145
2,15,145
2,15,145
3,16,146
3,16,146
3,16,146
3,16,146
2,15,145
2,15,145
2,15,145
2,15,145
2,15,145
2,15,145
2,15,145
2,15,145
2,15,145
2,15,145
2,15,145
2,15,145
2,15,145
2,15,145
1,14,144
1,14,144
1,14,144
1,14,144
1,14,142
1,14,142
1,14,142
1,14,142
2,15,145
2,15,145
2,15,145
2,15,146
2,15,146
2,14,146
2,14,146
2,14,146
2,14,146
2,14,146
2,14,146
2,15,146
2,15,146
2,15,145
2,15,145
2,15,145
2,15,145
2,15,145
2,15,145
2,15,145
2,15,145
2,15,145
2,15,145
2,15,145
2,15,145
2,15,145
2,15,145
2,15,145
2,15,145
2,15,145
2,15,145
2,15,145
2,15,145
2,15,145
2,15,145
2,15,143
2,15,143
2,15,143
2,15,143
2,15,143
1,14,142
1,14,142
1,14,142
1,14,142
1,14,142
1,14,142
1,14,144
1,15,145
2,15,145
2,16,146
2,16,146
2,16,146
2,16,146
3,16,146
3,16,147
2,16,147
2,15,147
2,15,147
2,15,147
2,15,147
2,15,147
1,14,146
1,14,146
1,14,146
1,14,146
1,14,145
1,14,144
1,14,144
1,14,144
1,14,144
2,14,140
2,15,142
2,15,144
2,15,145
2,15,145
2,15,146
2,15,146
2,15,146
2,15,146
2,15,145
2,15,145
2,15,145
2,15,145
2,15,146
2,15,146
2,15,146
2,14,146
2,14,146
2,14,146
2,14,146
2,14,147
2,15,147
2,15,147
2,15,146
2,15,145
2,15,145
2,15,145
2,15,145
2,15,145
2,15,145
3,16,146
3,16,146
3,16,146
3,16,146
2,15,145
2,15,145
2,15,145
2,15,145
2,15,145
2,15,145
2,15,145
2,15,145
2,15,145
2,15,145
2,15,145
2,15,145
2,15,145
2,15,145
1,14,144
1,14,144
1,14,144
1,14,144
1,14,144
1,14,144
1,14,144
1,14,144
2,15,145
2,15,145
2,15,145
3,15,146
3,15,146
2,14,146
2,14,146
2,14,146
2,14,146
2,14,146
2,14,146
2,15,146
2,15,146
2,15,145
2,15,145
2,15,145
2,15,145
2,15,145
2,15,145
2,15,145
2,15,145
2,15,145
2,15,145
2,15,145
2,15,145
2,15,145
2,15,145
2,15,145
2,15,145
2,15,145
2,15,145
2,15,145
2,15,145
2,15,145
2,15,145
2,15,144
2,15,143
2,15,143
2,15,143
2,15,143
2,15,143
1,14,142
1,14,142
1,14,142
1,14,144
1,14,144
1,14,145
1,15,145
2,15,146
2,15,146
2,16,146
2,16,146
2,16,147
2,16,147
2,16,147
2,16,147
2,15,147
2,15,147
2,15,147
2,15,147
2,15,147
2,15,147
2,15,146
1,14,146
1,14,146
2,15,145
2,15,145
1,14,144
1,14,144
2,14,140
2,14,142
2,15,145
2,15,145
2,15,145
2,15,146
2,15,146
2,15,146
2,15,146
2,15,145
2,15,145
2,15,145
2,15,146
2,15,146
2,15,146
2,14,146
2,15,147
2,14,146
2,14,146
2,14,146
2,14,147
2,15,146
2,15,146
2,15,145
2,15,144
2,15,144
2,15,144
2,15,145
2,15,145
2,15,145
3,16,146
2,15,145
2,15,145
2,15,145
2,15,145
2,15,145
2,15,145
2,15,145
2,15,145
2,15,145
2,15,145
2,15,145
2,15,145
2,15,145
2,15,145
2,15,145
2,15,145
1,14,144
1,14,144
1,14,144
1,14,144
1,14,144
1,14,144
1,14,144
1,14,144
2,15,145
2,15,145
2,15,145
3,15,146
3,15,146
3,15,146
2,14,146
2,14,146
2,14,146
2,14,146
2,14,146
2,15,146
2,15,146
2,15,145
2,15,145
2,15,145
2,15,145
2,15,146
2,15,146
2,15,145
2,15,145
2,15,145
2,15,145
2,15,145
2,15,145
2,15,145
2,15,145
2,15,145
2,15,145
2,15,145
2,15,145
2,15,145
2,15,145
2,15,145
2,15,145
2,15,145
2,15,145
2,15,143
2,15,143
2,15,143
2,15,143
1,14,143
1,14,143
1,14,144
1,14,144
1,15,145
2,15,145
2,15,146
2,15,146
2,15,146
2,16,146
2,16,147
2,16,147
2,16,147
2,16,147
2,15,147
2,15,147
2,15,147
2,15,147
2,15,147
2,15,147
2,15,147
2,15,147
2,15,146
2,15,146
2,15,146
2,15,145
2,15,145
2,14,140
2,14,142
2,15,145
2,15,145
2,15,145
3,15,146
3,16,146
3,16,146
3,16,146
2,15,145
2,15,145
2,15,145
2,15,145
2,15,146
2,15,146
2,15,146
2,15,146
1,15,146
1,14,146
1,14,146
1,14,146
1,15,145
1,14,145
1,14,144
1,14,144
1,14,144
2,15,145
2,15,145
2,15,145
2,15,145
2,15,145
2,15,145
2,15,145
2,15,145
2,15,145
2,15,145
2,15,145
2,15,145
2,15,145
2,15,145
2,15,145
2,15,145
2,15,145
2,15,145
2,15,145
2,15,145
1,14,144
1,14,144
1,14,144
1,14,144
1,14,144
1,14,144
2,15,145
2,15,145
2,15,145
2,15,145
2,15,145
3,15,146
3,15,146
3,15,146
2,14,146
2,14,146
2,14,146
2,14,146
2,15,146
2,15,146
2,15,146
2,15,145
2,15,145
2,15,145
2,15,145
2,15,146
2,15,146
2,15,146
2,15,146
2,15,146
2,15,145
2,15,145
2,15,145
2,15,145
2,15,145
2,15,145
2,15,145
2,15,145
2,15,145
2,15,145
2,15,145
2,15,145
2,15,145
2,15,145
2,15,145
2,15,145
2,15,145
2,15,145
2,15,145
1,15,145
1,14,145
1,14,145
1,14,145
2,15,145
2,15,146
2,15,146
2,15,147
2,15,147
2,15,147
2,15,147
2,15,147
2,15,147
2,15,147
2,15,146
2,15,147
2,15,147
2,15,147
2,15,147
3,15,147
3,15,147
2,15,147
2,15,146
2,15,146
2,15,146
2,15,145
2,14,142
2,15,143
3,15,145
3,15,146
3,16,146
3,16,146
3,16,146
3,16,146
2,15,145
2,15,145
2,15,145
2,15,146
2,15,146
2,15,146
2,15,146
2,15,146
1,14,146
1,14,146
1,15,146
1,15,145
1,15,145
2,15,143
2,15,143
2,15,143
2,15,145
2,15,145
2,15,145
2,15,145
2,15,145
2,15,145
2,15,145
2,15,145
2,15,145
2,15,145
2,15,145
2,15,145
2,15,145
2,15,145
2,15,145
2,15,145
2,15,145
2,15,145
2,15,145
2,15,145
2,15,145
2,15,145
2,15,145
2,15,145
2,15,145
2,15,145
2,15,145
2,15,145
2,15,145
2,15,145
2,15,145
2,15,146
2,15,146
2,15,146
2,14,146
2,14,146
2,14,146
2,14,146
2,15,146
2,15,146
2,15,145
2,15,145
2,15,145
2,15,145
2,15,145
2,15,146
2,15,146
2,15,146
2,15,146
3,16,146
3,16,146
2,15,145
2,15,145
2,15,145
2,15,145
2,15,145
2,15,145
2,15,145
2,15,145
2,15,145
2,15,145
2,15,145
2,15,145
2,15,145
2,15,145
2,15,145
2,15,145
2,15,145
1,15,145
1,15,145
1,14,145
1,14,145
1,14,145
1,15,146
2,15,146
2,15,147
2,15,147
2,15,147
2,15,147
2,15,147
2,15,147
2,15,147
2,15,146
2,14,146
2,15,147
2,15,147
3,15,147
3,15,147
3,15,147
3,15,147
2,15,147
2,15,146
2,15,146
2,14,142
3,15,143
3,15,145
3,16,146
3,16,146
3,16,146
3,16,146
2,15,145
2,15,145
2,15,145
2,15,145
2,15,146
2,15,146
2,15,146
2,15,146
2,15,146
1,15,146
1,15,146
1,15,145
1,15,144
1,15,143
2,15,143
2,15,143
2,15,144
2,15,145
2,15,145
2,15,145
2,15,145
2,15,145
2,15,145
2,15,145
2,15,145
2,15,145
2,15,145
2,15,145
2,15,145
2,15,145
2,15,145
2,15,145
2,15,145
2,15,145
2,15,145
2,15,145
2,15,145
2,15,145
2,15,145
2,15,145
2,15,145
2,15,145
2,15,145
2,15,145
2,15,145
2,15,145
2,15,145
2,15,145
2,15,146
2,14,146
2,14,146
2,14,146
2,14,146
2,14,146
2,15,146
2,15,146
2,15,145
2,15,145
2,15,145
2,15,145
2,15,146
1,14,146
1,14,146
2,15,146
2,15,146
3,16,146
3,16,146
3,16,146
3,16,146
2,15,145
2,15,145
2,15,145
2,15,145
2,15,145
2,15,145
2,14,145
2,15,145
2,15,145
2,15,145
2,15,145
2,15,145
2,15,145
2,15,145
2,15,145
1,15,145
1,15,145
1,14,145
1,14,145
1,15,146
2,15,146
2,15,147
2,15,147
2,15,147
2,15,147
2,15,147
2,15,147
2,15,147
2,15,147
2,14,146
2,14,146
2,14,146
2,15,147
3,15,147
3,15,147
3,15,147
3,15,147
2,15,146
2,15,146
3,15,143
3,15,145
3,16,146
3,16,146
2,15,145
2,15,145
2,15,145
2,15,145
2,15,145
2,15,146
2,15,146
2,16,146
2,16,146
2,16,146
1,15,146
1,15,145
1,15,145
1,15,143
1,15,143
2,15,143
2,15,143
2,15,144
2,15,145
2,15,145
2,15,145
2,15,145
2,15,145
2,15,145
2,15,145
2,15,145
2,15,145
2,15,145
2,15,145
2,15,145
2,15,145
2,15,145
2,15,145
2,15,145
2,15,145
2,15,145
2,15,145
2,15,145
2,15,145
2,15,145
2,15,145
2,15,145
2,15,145
2,15,145
2,15,145
2,15,145
2,15,145
2,15,145
2,15,145
2,15,146
2,14,146
2,14,146
2,14,146
2,14,146
2,14,146
2,15,146
2,15,146
2,15,145
2,15,145
2,15,145
2,15,145
2,15,146
1,14,146
1,14,146
2,15,146
2,15,146
3,16,146
3,16,146
3,16,146
3,16,146
3,16,146
2,15,145
2,15,145
2,15,145
2,15,145
2,15,145
2,14,145
2,15,145
2,15,145
2,15,145
2,15,145
2,15,145
2,15,145
2,15,145
2,15,145
2,15,146
2,15,146
1,15,146
2,15,146
2,15,147
2,15,147
2,15,147
2,15,147
2,15,147
2,15,147
2,15,147
2,15,147
2,15,147
2,14,146
2,14,146
2,14,146
2,14,146
2,14,146
3,15,147
3,15,147
3,15,147
3,15,147
3,15,143
3,15,145
3,15,145
2,15,145
2,15,145
2,15,145
2,15,145
2,15,145
2,15,146
2,16,146
2,16,146
2,16,146
2,16,146
2,16,146
1,15,145
1,15,145
1,15,144
1,15,143
2,15,143
2,15,144
2,15,144
2,15,145
2,15,145
2,15,145
2,15,145
2,15,145
1,14,144
1,14,144
1,14,144
2,15,145
2,15,145
2,15,145
2,15,145
2,15,145
2,15,145
2,15,145
2,15,145
2,15,145
2,15,145
2,15,145
2,15,145
2,15,145
2,15,145
2,15,145
2,15,145
2,15,145
2,15,145
2,15,145
2,15,145
2,15,145
2,15,145
2,15,145
2,14,145
2,14,146
2,14,146
2,14,146
2,14,146
2,14,146
2,14,146
2,15,146
2,15,145
2,15,145
2,15,145
2,15,145
2,15,146
1,14,146
1,14,146
1,14,146
2,15,146
2,15,146
3,16,146
3,16,146
3,16,146
3,16,146
2,15,146
2,15,145
2,15,145
2,15,145
2,15,145
2,14,145
2,14,145
2,14,146
2,15,146
2,15,145
2,15,145
2,15,145
2,15,146
2,15,146
2,15,146
2,15,146
2,15,146
2,15,147
2,15,147
2,15,147
2,15,147
2,15,147
2,15,147
2,15,147
2,15,147
2,15,147
2,15,147
2,14,146
2,14,146
2,14,146
2,14,146
2,14,146
3,15,146
3,15,146
2,15,146
3,15,145
2,15,145
2,15,145
2,15,146
2,15,146
2,15,146
2,15,146
2,15,146
2,16,146
2,16,146
2,16,146
2,16,146
2,15,146
2,15,145
1,15,144
2,15,144
2,15,144
2,15,144
2,15,144
2,15,145
2,15,145
2,15,145
2,15,144
1,14,144
1,14,144
1,14,144
1,14,144
1,14,144
1,14,144
2,14,144
2,15,145
2,15,145
2,15,144
2,15,144
2,15,144
1,14,144
1,14,144
2,15,145
2,15,145
2,15,145
2,15,145
2,15,145
2,15,145
2,15,145
2,15,145
2,15,145
2,15,145
2,15,145
2,15,145
2,15,145
2,15,145
2,14,145
2,14,146
2,14,146
2,14,146
2,14,146
2,14,146
2,14,146
2,14,146
2,15,145
2,15,145
2,15,145
2,15,146
2,14,146
2,15,146
2,15,146
2,15,146
2,15,146
3,16,146
3,16,146
3,16,146
3,15,146
3,15,146
2,15,146
2,15,146
2,14,146
2,14,146
2,14,146
2,14,146
2,14,146
2,14,146
2,14,146
2,14,146
2,15,146
2,15,147
2,15,147
2,14,147
2,15,147
2,15,147
2,15,147
2,15,147
2,15,147
2,15,147
2,15,147
2,15,147
2,15,147
2,15,147
2,15,147
2,15,147
2,15,146
2,15,146
2,14,146
2,14,146
2,15,146
2,15,146
2,15,145
2,15,145
2,15,146
2,15,146
2,15,146
2,15,146
2,15,147
2,15,146
2,16,146
2,16,146
2,16,146
2,15,146
2,15,145
2,15,145
2,15,144
2,15,144
2,15,144
2,15,144
2,15,144
2,15,144
2,15,144
1,14,143
1,14,142
1,14,142
1,14,142
1,14,142
1,14,142
1,14,142
1,14,142
2,14,143
2,15,143
2,15,143
2,15,143
1,14,143
1,14,143
1,14,144
1,14,144
2,15,145
2,15,145
2,15,145
2,15,145
2,15,145
2,15,145
2,15,145
2,15,145
2,15,145
2,15,145
2,15,145
2,15,145
2,15,145
2,14,146
2,14,146
2,14,146
2,14,146
2,14,146
2,14,146
2,14,146
2,14,146
2,14,146
2,14,146
2,15,145
2,15,145
2,15,145
2,15,145
2,15,145
2,15,145
2,15,146
2,15,146
3,15,146
3,15,146
3,15,146
2,15,146
2,15,146
2,14,146
2,14,146
2,14,146
2,14,146
2,14,146
2,14,146
2,14,147
2,14,147
2,14,147
2,14,148
2,14,148
2,14,148
2,14,148
2,15,147
2,15,147
2,15,147
2,15,147
2,15,147
2,15,147
2,15,147
2,15,147
2,15,147
2,15,147
3,15,147
3,15,147
2,15,146
2,15,146
2,15,146
2,15,145
2,15,145
2,15,145
2,15,146
2,15,146
2,15,147
2,15,147
2,15,147
2,15,147
2,15,146
2,16,146
2,15,146
2,15,146
2,15,145
2,15,145
2,15,144
2,15,145
2,15,145
2,15,144
2,15,144
1,14,144
1,14,143
1,14,142
1,14,142
1,14,142
1,14,142
1,14,142
1,14,142
1,14,142
1,14,142
2,14,142
2,14,142
1,14,142
1,14,143
1,14,142
1,14,143
1,14,144
1,14,144
2,15,145
2,15,145
2,15,145
2,15,145
2,15,145
2,15,145
2,15,145
2,15,145
2,15,145
2,15,145
2,15,145
2,15,145
2,15,146
2,14,146
2,14,145
2,14,146
2,14,146
2,14,146
2,14,146
2,14,146
2,14,146
2,14,146
2,14,146
2,14,145
2,15,145
2,15,145
2,15,145
2,15,145
2,15,145
2,15,145
2,15,145
2,15,146
2,15,146
2,14,146
2,14,146
2,14,146
2,14,146
2,14,146
2,14,146
2,14,146
2,15,147
2,15,147
2,14,147
2,14,148
2,14,148
2,14,148
2,14,148
2,14,148
2,15,148
2,15,147
2,15,147
2,15,147
2,15,147
2,15,147
2,15,147
2,15,147
2,15,147
2,15,147
3,15,147
3,15,147
3,15,146
3,15,146
2,15,146
2,15,146
2,15,147
2,15,147
2,15,147
2,15,147
2,15,146
2,15,146
2,15,146
2,15,146
3,16,146
2,15,145
2,15,145
2,15,145
2,15,145
2,15,145
2,15,144
1,14,144
1,14,143
1,14,142
1,14,142
1,14,142
1,14,142
1,14,142
1,14,142
1,14,142
1,14,142
1,14,142
1,14,142
1,14,142
1,14,142
1,14,142
1,14,142
1,14,142
1,14,144
2,15,145
2,15,145
2,15,145
2,15,145
2,15,145
2,15,145
2,15,145
2,15,145
2,15,145
2,15,145
2,15,145
2,15,145
2,15,145
2,15,145
2,15,145
2,14,145
2,14,146
2,14,146
2,14,146
2,14,146
2,14,146
2,14,146
2,14,145
2,15,145
2,15,145
2,15,145
2,15,145
2,15,145
2,15,145
2,15,145
2,15,145
2,15,145
2,15,146
2,14,146
2,14,146
2,14,146
2,14,146
2,14,146
2,15,146
2,15,147
2,15,147
2,15,147
2,15,148
2,15,148
2,14,148
2,14,148
2,14,148
2,14,148
2,15,148
2,15,147
2,15,147
2,15,147
2,15,147
2,15,147
2,15,147
2,15,147
2,15,147
2,15,147
3,15,147
3,15,147
3,15,146
2,15,147
2,15,147
2,15,146
2,15,146
2,15,146
2,15,146
2,15,146
3,16,146
2,15,146
2,15,145
2,15,145
2,15,145
2,15,145
2,15,145
1,14,144
1,14,144
1,14,143
1,14,143
2,15,143
2,15,143
2,15,143
1,14,142
1,14,142
1,14,142
1,14,142
1,14,142
1,14,142
1,14,142
1,14,142
1,14,142
1,14,142
1,14,144
1,14,144
1,14,144
1,14,144
2,15,145
2,15,145
2,15,145
2,15,145
2,15,145
2,15,145
2,15,145
2,15,145
2,15,145
2,15,145
2,15,145
2,15,145
2,15,145
2,15,145
2,15,146
2,15,146
2,15,146
2,14,146
2,15,146
2,15,145
2,15,145
2,15,145
2,15,145
2,15,145
2,15,145
2,15,145
2,15,145
2,15,145
2,15,145
2,15,145
2,15,146
2,15,146
2,14,146
2,14,146
2,15,146
2,15,147
2,15,147
2,15,147
2,15,147
2,15,148
3,15,148
3,15,148
2,15,148
2,15,148
2,15,148
2,15,147
2,15,147
2,15,147
2,15,147
2,15,147
2,15,147
2,15,147
2,15,147
2,15,147
2,15,147
2,15,147
2,15,146
2,14,146
2,14,146
2,14,146
3,15,146
3,16,146
3,16,146
2,15,145
2,15,145
2,15,145
2,15,145
2,15,145
2,15,145
2,15,145
2,15,144
2,15,144
2,15,145
2,15,145
2,15,145
1,14,144
1,14,142
1,14,142
1,14,142
1,14,142
1,14,142
1,14,142
1,14,142
1,14,142
1,14,142
1,14,142
1,14,142
1,14,144
1,14,144
2,15,144
2,15,144
2,15,145
2,15,145
2,15,145
2,15,145
2,15,145
2,15,145
1,14,144
2,15,145
2,15,145
2,15,145
2,15,145
2,15,145
2,15,146
2,15,146
2,15,146
2,15,146
2,15,146
2,15,145
2,15,145
2,15,145
2,15,145
2,15,145
2,15,145
2,15,145
2,15,145
2,15,145
2,15,145
2,15,145
2,15,145
2,15,146
2,15,146
3,15,146
2,15,146
2,15,147
2,15,147
2,15,147
2,15,147
3,15,148
3,15,148
3,15,148
3,15,148
2,15,148
2,15,147
2,15,147
2,15,147
2,15,147
2,15,147
2,15,147
2,15,147
2,15,147
2,15,146
1,14,146
2,14,146
2,14,146
2,15,146
3,16,146
3,16,146
3,16,146
2,15,145
2,15,145
2,15,145
2,15,145
2,15,145
2,15,145
2,15,145
2,15,145
2,15,145
2,15,145
2,15,145
2,15,144
1,14,144
1,14,142
1,14,142
1,14,142
1,14,142
1,14,142
1,14,142
1,14,142
1,14,142
1,14,142
1,14,142
1,14,143
1,14,144
2,15,144
2,15,144
2,15,144
2,15,145
2,15,145
2,15,145
1,14,144
1,14,144
1,14,144
1,14,144
2,15,145
2,15,145
2,15,145
2,15,145
2,15,145
2,15,145
2,15,146
2,15,145
2,15,145
2,15,145
2,15,145
2,15,145
2,15,145
2,15,145
2,15,145
2,15,145
2,15,145
2,15,145
2,15,145
2,15,145
2,15,145
2,15,146
3,16,146
3,16,146
3,15,146
2,15,146
2,15,147
2,15,147
2,15,147
3,15,148
3,15,148
3,15,148
3,15,148
2,15,147
2,15,147
2,15,147
2,15,147
2,15,147
2,15,147
2,15,147
2,15,147
2,15,147
2,14,146
3,15,146
3,15,146
2,15,145
2,15,145
2,15,145
2,15,145
2,15,145
2,15,145
2,15,145
2,15,145
2,15,145
2,15,145
2,15,145
2,15,145
2,15,145
2,15,145
1,14,144
1,14,144
1,14,142
1,14,142
1,14,142
1,14,143
1,14,143
1,14,142
1,14,142
1,14,142
1,14,142
1,14,143
2,15,143
2,15,143
2,15,144
2,15,145
2,15,145
2,15,144
1,14,144
1,14,144
1,14,144
1,14,144
1,14,144
2,15,145
2,15,145
2,15,145
2,15,145
2,15,145
2,15,145
2,15,145
2,15,145
2,15,145
2,15,145
2,15,145
2,15,145
2,15,145
2,15,145
2,15,145
2,15,145
2,15,145
2,15,145
2,15,145
2,15,145
3,15,146
3,16,146
3,16,146
3,15,146
3,15,147
2,15,147
2,15,147
2,15,147
2,15,147
3,15,148
3,15,148
2,15,147
2,15,147
2,15,147
2,15,147
2,15,147
2,15,147
2,15,147
2,15,147
2,15,145
2,15,145
2,15,145
2,15,145
2,15,145
2,15,145
2,15,145
2,15,145
2,15,145
2,15,145
2,15,145
2,15,145
2,15,145
2,15,145
2,15,145
2,15,145
2,15,144
2,15,144
2,15,143
2,15,143
2,15,143
2,15,143
1,14,142
1,14,142
1,14,142
1,14,142
1,14,142
2,15,143
2,15,143
2,15,144
2,15,144
2,15,144
1,14,144
1,14,144
1,14,144
1,14,144
2,15,145
2,15,145
2,15,145
2,15,145
2,15,145
2,15,145
2,15,145
1,15,145
2,15,145
2,15,145
2,15,145
2,15,145
2,15,145
2,15,145
2,15,145
2,15,145
2,15,145
2,15,145
2,15,145
2,15,145
2,15,145
3,15,146
3,15,146
3,16,146
3,15,146
2,15,147
2,15,147
2,15,147
2,15,147
2,15,147
2,15,147
2,15,147
2,15,147
2,15,147
2,15,147
2,15,147
2,15,147
2,15,145
2,15,145
2,15,145
2,15,145
2,15,145
2,15,145
2,15,145
2,15,145
2,15,145
2,15,145
2,15,145
2,15,145
2,14,145
2,15,145
2,15,145
2,15,145
2,15,145
2,15,145
2,15,144
2,15,143
1,14,143
1,14,142
1,14,142
1,14,142
1,14,142
1,14,142
1,14,143
1,14,143
1,14,144
1,14,144
1,14,144
2,15,145
2,15,145
2,15,145
2,15,145
2,15,145
2,15,145
2,15,145
2,15,145
1,15,145
1,15,145
1,15,145
1,15,145
1,15,145
2,15,145
2,15,145
2,15,145
2,15,145
2,15,145
2,15,145
2,15,145
1,14,145
1,14,145
2,15,145
2,15,145
2,15,146
3,15,146
3,15,146
3,15,147
2,15,147
2,15,147
2,15,147
2,15,147
2,15,147
2,15,147
2,15,147
2,15,147
2,15,147
2,15,147
3,16,146
3,16,146
3,16,146
2,15,146
2,15,145
2,15,145
2,15,146
2,15,146
2,15,146
2,15,146
2,15,146
2,15,146
2,15,145
2,15,145
2,15,145
2,15,145
2,15,145
2,15,143
1,14,142
1,14,142
1,14,142
1,14,142
1,14,142
1,14,142
1,14,143
1,14,144
1,14,144
2,15,145
2,15,145
2,15,145
2,15,145
2,15,145
2,15,145
2,15,145
2,15,145
1,15,145
1,15,145
1,15,145
1,15,145
1,15,145
1,15,145
2,15,145
2,15,145
2,15,145
2,15,145
2,15,145
2,15,145
1,15,145
1,15,145
1,15,145
2,15,145
2,15,146
2,15,147
2,15,147
2,15,147
2,15,147
2,15,147
2,15,147
2,15,147
2,15,147
2,15,147
2,15,147
2,15,147
3,16,146
2,15,146
2,15,146
2,15,146
2,15,146
2,15,146
2,15,146
2,15,146
2,15,146
1,15,146
2,15,146
2,15,145
2,15,145
2,15,145
2,15,144
1,14,144
1,14,142
1,14,142
1,14,142
1,14,142
1,14,142
1,14,142
1,14,144
1,14,144
2,15,145
2,15,145
2,15,145
2,15,145
2,15,145
2,15,145
2,15,145
1,15,145
1,15,145
1,15,145
1,15,145
1,15,145
1,15,145
1,15,145
2,15,145
2,15,145
2,15,146
2,15,146
2,15,145
2,15,145
2,15,145
1,15,145
1,15,145
2,15,146
2,15,147
2,15,147
2,15,147
2,15,147
2,15,147
2,15,147
2,15,147
2,15,147
2,15,147
2,15,146
2,15,146
2,15,146
2,15,146
1,15,146
1,14,146
1,15,146
2,15,146
2,15,145
2,15,145
2,15,145
1,14,144
1,14,143
1,14,142
1,14,142
1,14,142
1,14,142
1,14,142
1,14,144
1,14,144
2,15,145
2,15,145
2,15,145
2,15,145
2,15,145
2,15,145
2,15,145
1,15,145
1,15,145
1,15,145
1,15,145
1,15,145
1,15,145
1,15,145
2,15,146
2,15,146
2,15,146
2,15,146
2,15,146
2,15,146
2,15,146
2,15,146
2,15,147
2,15,147
2,15,147
2,15,147
2,15,147
2,15,147
2,15,147
1,14,146
1,14,146
2,15,146
2,15,146
2,15,145
2,15,145
2,15,145
1,14,144
1,14,142
1,14,142
1,14,142
1,14,142
1,14,142
1,14,144
1,14,144
2,15,145
2,15,145
2,15,145
2,15,145
2,15,145
2,15,145
1,15,146
1,15,145
1,15,145
1,15,145
1,15,145
1,15,145
1,15,146
2,15,146
2,15,147
2,15,147
2,15,147
2,15,147
2,15,147
2,15,147
2,15,147
2,15,147
2,15,147
2,15,147
2,15,145
2,15,145
1,14,144
1,14,144
1,14,142
1,14,142
1,14,142
1,14,142
1,14,144
2,15,145
2,15,145
2,15,145
2,15,145
2,16,146
2,16,146
2,15,146
2,15,146
1,15,146
1,14,146
1,14,146
1,15,146
1,15,146
2,15,147
2,15,147
2,15,147
2,15,147
2,15,147
2,15,147
2,15,147
2,16,146
