B,G,R
1,25,177
1,25,176
1,24,176
1,24,176
1,24,176
1,24,176
1,25,176
1,25,176
1,24,176
1,24,175
0,23,175
0,23,175
0,23,175
1,24,176
1,24,176
1,24,176
1,24,176
1,24,176
1,24,176
1,24,176
1,24,176
1,24,176
1,24,176
1,24,176
1,24,176
1,24,176
2,25,177
2,25,177
2,25,177
2,25,177
1,24,176
2,24,176
2,24,176
2,24,176
1,24,174
1,24,174
0,24,174
0,24,174
1,24,175
1,24,175
1,24,175
1,24,175
1,24,175
0,23,175
0,23,175
0,23,175
0,23,175
0,23,175
1,24,176
1,24,176
1,24,176
1,24,176
1,24,176
1,24,176
1,24,176
1,24,176
1,24,176
1,24,176
1,24,176
1,24,176
1,24,176
2,25,177
2,25,177
2,25,177
2,24,176
2,24,176
2,24,176
2,24,176
1,24,176
1,24,175
1,23,175
1,23,175
1,24,175
1,24,175
1,23,175
1,24,175
1,24,174
1,24,174
0,24,174
0,24,173
0,24,173
0,24,174
0,24,174
1,24,175
1,24,175
1,24,175
1,24,175
0,23,175
0,23,175
0,23,175
0,23,175
0,23,175
1,24,176
1,24,176
1,24,176
1,24,176
1,24,176
1,24,176
1,24,175
0,23,175
0,23,175
1,24,175
1,24,176
1,24,176
1,25,176
1,25,176
1,24,176
1,24,176
2,24,176
2,24,176
2,24,176
2,23,175
2,23,175
0,23,175
0,24,176
0,24,176
1,25,177
1,25,177
1,24,176
1,24,176
1,24,175
1,24,175
1,23,174
1,23,174
1,23,174
1,23,174
1,23,174
1,23,173
1,23,173
1,23,173
1,23,173
0,23,172
0,23,172
0,23,172
0,23,172
0,23,172
0,24,174
1,24,174
1,24,175
1,23,175
0,23,175
0,23,175
0,23,175
0,23,175
1,23,175
1,24,176
1,24,176
2,24,176
2,24,176
1,24,176
1,23,175
1,23,175
0,23,174
0,23,174
0,23,175
1,24,175
1,24,175
1,24,176
1,24,176
1,24,176
1,24,175
1,24,174
1,23,174
1,23,174
1,23,174
1,23,175
0,23,175
0,23,175
0,24,175
1,25,176
1,25,177
2,25,177
2,25,177
2,25,176
2,25,175
0,23,174
1,24,174
1,25,175
1,24,174
1,24,174
1,23,173
1,23,173
1,23,173
1,23,173
1,22,173
1,22,173
1,22,173
1,22,172
1,22,172
1,22,170
1,22,169
0,23,169
0,23,169
0,23,169
0,23,169
0,23,171
0,23,172
0,23,172
0,23,173
0,23,174
0,23,174
0,23,174
0,23,175
0,23,175
1,23,175
1,24,175
2,24,176
2,24,176
2,24,176
1,23,175
1,23,174
0,23,174
0,23,174
0,23,174
0,23,174
0,23,174
1,24,175
1,24,175
1,24,175
1,24,174
1,22,173
1,22,173
1,22,173
1,22,173
1,22,173
0,23,174
0,23,174
0,23,175
0,24,175
1,24,175
1,25,176
1,25,177
2,25,176
2,25,175
2,25,174
2,24,173
1,24,173
1,24,173
0,24,174
0,23,173
0,22,172
0,22,172
0,22,172
0,23,172
1,23,172
1,23,173
1,22,173
1,22,173
0,22,173
0,22,172
1,22,172
1,22,172
1,22,171
1,22,171
1,22,170
1,22,169
1,22,168
0,22,168
0,22,168
0,22,168
0,22,168
0,22,168
0,22,170
0,22,171
0,22,172
0,22,172
0,22,173
0,22,173
0,23,174
1,23,174
1,23,175
2,23,175
2,24,175
2,23,175
2,23,174
1,22,173
0,22,172
0,22,172
0,23,172
0,23,172
0,23,172
0,23,172
0,23,172
0,23,172
0,22,173
0,22,172
0,22,172
0,22,172
0,22,173
0,21,172
0,22,173
0,22,173
0,23,173
0,23,174
0,23,174
0,24,175
1,24,175
1,25,175
2,25,175
2,24,174
2,24,173
2,24,172
1,24,172
1,23,172
1,23,172
1,24,173
1,24,173
1,24,175
1,24,174
0,23,173
0,22,172
0,22,172
0,22,171
0,22,171
0,22,171
0,22,172
0,22,172
0,22,172
0,22,172
0,22,172
0,22,172
0,22,172
0,22,172
0,21,171
0,21,171
0,21,170
0,21,169
0,21,168
0,22,168
0,22,168
0,22,168
0,22,168
0,22,168
0,22,170
0,22,170
0,22,171
0,22,171
0,22,172
0,22,173
1,22,173
1,22,173
1,23,174
1,23,174
1,23,174
1,22,173
0,21,172
0,22,171
0,22,171
0,22,170
0,22,170
0,23,169
0,23,169
0,23,168
0,23,168
0,22,168
0,22,171
0,22,171
0,22,171
0,22,172
0,21,172
0,21,172
0,21,172
0,21,172
0,22,172
0,22,172
0,23,173
0,23,173
0,24,173
1,24,173
1,24,173
1,24,172
1,24,171
1,24,170
1,23,171
1,23,171
1,23,171
1,23,172
1,24,173
1,24,173
1,25,174
1,25,175
1,25,175
1,25,175
1,24,175
1,23,174
0,22,172
0,21,172
0,21,171
0,21,171
0,21,171
0,21,171
0,21,171
0,21,172
0,21,172
0,21,172
0,22,172
0,22,172
0,22,172
0,22,172
0,21,171
0,21,171
0,21,170
0,21,170
0,21,168
0,22,168
0,22,168
0,22,168
0,22,168
0,22,168
0,21,170
0,21,170
0,21,171
0,21,171
0,21,171
0,22,172
1,22,173
1,22,173
1,22,173
1,22,173
1,22,173
0,21,171
0,21,171
0,21,170
0,21,170
0,22,169
0,22,168
0,23,168
0,23,168
0,22,167
0,22,167
0,22,168
0,22,168
0,22,168
0,22,170
0,22,171
0,21,171
0,21,172
0,21,172
0,21,172
0,22,172
0,22,172
0,22,172
0,22,172
0,22,171
0,23,171
1,24,171
1,23,170
1,23,169
1,23,169
1,23,169
1,23,170
1,23,171
1,23,171
1,23,172
1,24,172
1,25,173
1,25,174
1,25,174
1,25,174
1,24,174
1,25,175
1,25,175
2,25,175
1,24,175
1,23,174
1,23,173
0,22,172
0,21,171
0,21,171
0,21,170
0,21,170
0,21,171
0,21,171
0,21,172
0,21,172
0,21,172
0,21,172
0,22,172
0,22,172
0,22,172
0,22,172
0,22,171
0,22,171
0,22,170
0,21,170
0,22,169
0,22,170
0,22,170
0,21,170
0,21,170
0,21,170
0,21,170
0,21,171
0,21,171
0,21,171
0,21,172
1,22,173
1,22,173
1,22,173
1,22,173
0,21,171
0,21,171
0,21,170
0,21,170
0,21,169
0,22,168
0,22,168
0,22,167
0,22,167
0,22,167
0,22,167
0,22,167
0,22,168
0,22,168
0,22,168
0,22,170
0,22,171
0,21,172
0,21,172
0,21,172
0,21,172
0,22,171
0,22,171
0,22,171
0,22,171
0,22,171
1,22,169
1,22,169
1,22,168
1,22,168
1,22,169
0,22,169
0,22,169
0,23,170
0,23,171
1,24,171
1,25,172
1,25,173
1,25,173
1,25,173
1,25,171
0,24,170
0,22,172
0,22,172
0,23,173
1,24,174
1,24,174
2,24,174
2,23,174
1,23,174
1,22,173
0,21,172
0,21,171
0,21,171
0,21,170
0,21,170
0,21,171
0,21,171
0,21,172
0,21,172
0,21,172
0,21,172
0,22,174
0,22,174
0,22,174
0,22,174
0,22,173
0,22,173
0,22,172
0,22,171
0,22,171
0,22,171
0,22,171
0,21,171
0,21,171
0,21,171
0,21,171
0,21,171
0,21,171
0,21,172
0,22,173
1,22,173
1,22,173
1,22,173
0,21,172
0,21,171
0,21,171
0,21,170
0,21,170
0,21,169
0,22,168
0,22,168
0,22,167
0,22,167
0,22,167
0,22,167
0,22,167
0,22,167
0,22,168
0,22,168
0,22,170
0,22,171
0,22,172
0,22,172
0,21,172
0,22,171
0,22,171
0,22,171
0,22,171
0,22,170
0,22,168
0,22,168
0,21,168
1,21,168
1,21,168
1,22,168
0,22,168
0,22,169
0,23,169
0,23,170
0,23,171
1,24,171
1,25,171
1,25,171
1,25,171
1,24,170
0,24,169
0,24,169
1,23,169
1,23,171
0,23,171
0,22,171
0,22,171
0,22,171
0,22,171
1,23,173
2,23,174
2,23,174
2,23,174
1,22,173
1,22,173
0,21,172
0,21,171
0,21,171
0,21,171
0,21,171
0,21,172
0,21,172
0,21,173
0,22,174
0,22,174
0,22,174
0,22,175
0,22,175
0,22,175
0,23,175
0,23,175
0,23,174
0,22,174
0,22,173
0,22,173
0,22,172
0,21,172
0,21,172
0,21,172
0,21,172
0,21,172
0,22,173
1,22,174
1,23,174
1,23,174
1,23,174
0,22,173
0,21,172
0,21,171
0,21,171
0,21,170
0,21,170
0,21,169
0,22,169
0,22,168
0,23,168
0,22,167
0,22,167
0,22,167
0,22,167
0,22,168
0,22,168
0,22,170
0,22,171
0,22,172
1,22,172
1,22,172
0,22,172
0,22,171
0,22,171
0,22,170
0,21,170
0,21,169
0,21,168
0,21,168
0,21,168
1,21,168
1,21,168
1,22,168
1,22,168
0,22,169
0,23,169
0,23,169
0,23,170
1,24,170
1,24,171
1,24,171
1,24,170
1,24,169
0,24,169
1,24,169
1,23,168
2,23,168
2,24,167
1,23,171
1,24,171
1,23,171
0,22,170
0,21,170
0,21,170
0,21,170
0,21,171
1,22,173
2,23,174
2,23,174
2,23,174
2,23,174
1,22,173
0,22,173
0,21,172
0,21,171
0,21,171
0,21,172
0,21,173
0,22,173
1,22,174
1,22,175
1,22,176
1,22,177
1,23,177
0,23,177
0,23,177
1,25,179
1,25,179
1,24,179
1,24,178
1,23,177
1,22,176
0,22,175
0,22,174
0,22,174
0,22,174
0,22,174
0,22,174
1,23,175
1,23,175
1,23,175
1,23,175
1,23,175
0,22,174
0,22,173
0,21,171
0,21,171
0,21,171
0,21,170
0,21,170
0,22,169
0,23,169
0,23,169
0,22,168
0,22,168
0,22,168
0,22,168
0,22,169
0,22,170
0,22,171
1,22,173
1,23,173
2,24,173
1,23,173
0,22,172
0,22,171
0,22,171
0,21,170
0,21,170
0,21,168
0,21,168
0,21,168
1,21,168
1,21,168
1,21,168
1,21,168
1,22,168
0,23,169
0,23,169
0,23,169
0,23,169
1,23,169
1,24,170
1,24,170
1,24,169
1,24,169
1,24,169
1,24,168
2,23,168
2,23,168
2,24,167
2,24,167
2,24,167
1,23,171
1,23,171
1,23,170
1,23,170
1,22,170
0,22,170
0,21,170
0,21,170
0,21,170
0,21,170
0,22,171
1,22,173
2,23,174
2,23,174
2,23,174
2,23,174
1,22,174
1,22,173
0,22,173
1,22,173
1,22,173
1,22,174
1,23,175
1,23,178
1,23,178
1,23,178
1,23,178
1,23,178
2,25,180
2,25,181
2,25,181
2,25,181
2,25,181
2,25,180
2,24,179
2,24,179
1,24,178
0,23,177
0,23,177
0,23,176
0,23,176
1,24,177
2,24,176
2,24,176
2,24,176
1,24,176
1,23,176
1,23,176
0,22,174
0,21,173
0,21,172
0,21,171
0,21,171
0,22,172
1,23,172
1,23,172
1,23,172
0,23,171
0,22,171
0,22,170
0,22,170
0,22,171
1,22,172
2,23,174
3,24,175
3,25,175
3,24,175
2,24,174
1,23,173
1,22,171
1,21,170
1,21,170
0,21,170
1,21,168
0,21,168
0,21,168
0,21,168
1,21,168
1,21,168
1,21,168
1,22,169
0,22,169
0,23,169
0,23,169
0,23,169
1,23,169
1,23,169
1,23,169
1,23,168
1,24,168
1,24,168
2,24,168
2,23,168
2,24,168
2,24,167
2,24,167
2,24,167
3,24,167
3,24,169
0,23,172
0,23,171
0,23,170
1,23,170
1,22,170
1,22,170
1,22,170
0,21,170
0,21,170
0,21,170
0,21,170
0,21,171
0,22,172
1,22,174
2,23,175
2,23,175
2,23,175
2,23,175
2,23,175
1,23,175
1,23,175
1,23,176
1,23,176
1,24,178
1,23,178
1,23,178
1,24,179
1,25,181
1,25,181
2,25,182
2,25,182
2,26,182
2,26,182
2,26,182
2,26,182
2,25,181
3,25,181
3,25,181
2,24,180
2,24,180
2,24,180
2,24,180
2,25,180
2,25,180
2,25,180
2,25,180
2,25,179
2,24,178
1,24,178
1,23,177
1,23,177
0,22,176
0,22,174
1,22,173
1,23,173
1,23,174
2,23,174
2,23,174
2,24,174
2,23,173
1,23,173
1,22,173
1,23,174
2,23,174
2,24,175
3,25,177
3,25,177
3,26,177
3,26,176
3,25,176
2,24,174
1,23,173
1,22,171
1,21,170
0,21,170
0,21,169
0,20,168
0,20,168
0,20,168
1,21,168
1,21,168
1,21,169
0,21,169
0,22,169
0,22,169
0,23,169
0,23,169
1,23,169
1,22,169
1,22,168
1,22,168
1,23,168
1,23,168
2,23,168
2,23,168
2,23,168
2,23,168
2,23,167
2,23,168
2,24,168
3,24,169
3,24,169
3,24,169
0,23,171
0,23,171
0,23,170
0,22,170
0,22,170
1,22,170
1,22,170
0,21,170
0,21,170
0,21,170
0,21,170
0,21,171
0,21,172
1,22,174
1,23,175
2,24,176
3,24,176
2,24,176
3,24,176
2,24,177
2,24,178
2,24,179
3,25,180
3,25,180
3,25,180
3,25,181
3,25,181
2,25,181
2,25,182
2,25,184
2,25,184
2,26,184
2,26,185
2,26,185
2,26,185
3,26,184
3,26,184
3,25,182
3,25,181
3,25,181
3,25,181
3,25,181
3,25,181
3,25,181
3,25,181
3,25,181
3,25,180
3,25,180
2,25,180
2,24,179
2,24,179
1,24,178
1,23,178
1,23,178
1,23,178
2,23,178
3,24,178
3,24,178
3,24,178
3,24,178
3,24,178
2,25,177
2,24,178
3,24,178
3,25,178
3,25,179
3,26,179
3,26,179
3,26,179
3,26,178
3,26,177
2,25,176
1,24,173
1,22,172
1,21,170
0,21,170
0,21,170
0,20,169
0,20,168
0,21,168
0,21,169
1,21,169
1,21,170
0,21,170
0,22,170
0,23,170
0,23,170
1,23,169
1,22,169
1,22,169
1,22,168
1,22,168
1,22,168
1,23,168
2,23,168
2,23,168
2,23,168
2,23,168
2,23,168
2,23,168
2,24,168
3,24,169
3,24,169
3,25,169
3,25,167
0,24,172
0,23,171
0,23,170
0,22,170
0,22,170
0,22,170
0,22,170
0,21,170
0,21,170
0,21,170
0,21,170
0,21,171
0,21,171
0,22,172
1,23,175
1,23,175
2,24,177
3,24,179
3,24,179
3,24,179
3,25,180
3,25,181
2,25,181
2,25,181
3,26,182
3,25,182
3,25,182
3,25,182
3,25,184
2,25,184
2,25,184
2,25,184
2,25,185
2,26,186
2,26,186
2,26,186
2,26,186
2,26,185
2,26,185
3,26,184
3,25,184
3,25,184
3,25,184
3,25,184
3,25,184
3,25,182
3,25,182
3,26,182
3,26,182
3,26,182
2,25,181
2,25,181
2,25,181
2,25,181
2,25,181
2,25,181
2,25,181
2,25,182
3,25,182
3,25,182
3,25,182
3,26,181
3,25,181
2,26,181
2,25,181
3,26,181
3,26,181
3,26,181
3,26,181
3,26,181
3,26,181
3,26,179
3,26,179
2,26,177
1,24,175
1,22,173
1,21,172
0,21,170
0,21,170
0,21,170
0,21,169
0,21,169
0,21,170
0,21,170
0,21,171
0,21,171
0,22,171
1,23,171
1,23,171
1,22,170
1,22,169
1,22,169
1,22,168
1,22,168
1,22,168
1,22,168
2,23,168
2,23,168
2,23,168
2,23,168
2,23,168
2,23,168
2,23,168
3,24,169
3,24,169
3,25,169
3,25,167
2,24,166
2,24,166
1,24,172
0,23,171
0,22,170
0,22,170
0,22,170
0,22,170
0,22,170
0,22,170
0,21,171
0,21,171
0,21,171
0,21,172
0,21,172
0,22,174
1,23,175
2,24,177
2,24,179
3,25,180
3,25,181
3,25,181
3,25,181
3,25,182
3,26,182
2,26,182
2,26,182
3,26,182
3,26,184
3,26,184
3,26,184
3,25,184
2,25,185
2,25,186
2,25,186
2,25,186
2,25,186
2,25,186
2,26,186
2,26,186
2,26,186
2,26,185
2,26,185
3,26,185
3,26,185
3,26,185
3,26,184
3,26,184
3,26,184
3,26,184
3,26,182
3,26,182
2,26,182
2,26,182
2,26,182
2,26,182
2,26,182
2,26,182
2,26,182
2,26,182
2,26,182
3,26,184
2,26,184
2,26,185
2,26,185
2,26,184
2,26,183
2,26,183
2,26,182
3,26,182
3,26,182
3,26,182
3,27,182
3,27,181
3,27,181
3,26,180
3,26,179
2,25,177
1,24,175
1,22,173
0,21,172
0,21,172
0,21,170
0,21,170
0,21,171
0,21,172
0,21,172
0,22,172
0,22,172
1,23,173
2,24,173
2,23,172
2,23,171
1,22,170
1,22,169
1,21,168
1,21,168
1,22,168
1,22,168
1,23,168
2,23,168
2,23,168
2,23,168
2,23,168
2,23,168
2,23,168
2,23,169
3,24,168
3,24,168
3,24,167
2,24,166
2,24,166
1,24,164
1,24,173
1,23,172
0,23,172
0,22,171
0,22,170
0,22,170
0,22,170
0,22,170
0,22,170
0,22,171
0,22,172
0,21,173
0,21,173
0,22,174
1,23,175
1,24,176
2,24,179
2,25,180
3,25,181
3,25,182
3,25,183
3,25,184
3,25,184
2,26,184
2,26,185
2,26,185
2,26,185
2,26,185
2,26,185
2,26,185
2,26,186
2,25,186
2,25,186
2,25,186
2,25,187
2,25,187
2,25,187
2,25,187
2,25,187
2,25,186
2,26,186
2,26,186
2,26,186
2,26,186
2,26,186
2,26,186
2,26,186
2,26,185
2,26,184
2,26,184
2,26,184
2,26,184
2,26,184
2,26,184
2,26,184
2,26,184
2,26,184
2,26,184
2,26,184
2,26,184
1,26,184
1,26,184
1,26,185
2,26,185
2,26,185
2,26,185
2,26,185
2,26,185
2,26,184
2,26,184
2,26,184
2,26,183
2,27,182
2,27,182
3,27,182
2,26,181
2,26,180
2,25,179
2,24,177
1,24,175
1,23,174
1,22,173
1,22,173
0,22,173
0,23,174
0,23,174
0,23,175
0,23,175
1,24,175
2,24,175
2,24,174
2,24,173
2,23,172
1,22,171
1,21,169
1,21,168
1,21,168
1,21,168
1,22,168
1,22,168
2,23,168
2,23,168
2,23,168
1,23,168
2,23,168
2,23,168
2,23,168
2,24,168
3,24,168
2,24,167
2,24,166
1,24,165
1,24,164
1,24,164
1,24,163
1,23,172
0,23,172
0,23,172
0,22,172
0,22,171
0,22,171
0,21,170
0,22,171
0,22,172
0,22,172
0,22,173
0,22,174
1,22,175
1,23,175
2,24,176
2,24,179
2,25,179
2,25,181
2,25,182
3,26,183
3,26,184
3,26,184
3,26,185
2,26,185
2,26,186
2,26,186
2,26,186
2,26,185
2,26,186
2,26,186
2,26,186
2,26,186
2,25,186
2,25,187
2,25,187
2,25,187
2,25,187
2,25,187
2,25,187
2,25,187
2,25,187
2,25,187
2,26,186
2,26,186
2,26,186
2,26,186
2,26,186
2,26,186
2,26,186
2,26,186
2,26,185
2,26,185
2,26,185
2,26,185
2,26,185
2,26,185
2,26,185
2,26,184
2,26,184
1,26,184
1,26,184
1,26,184
1,26,185
1,26,185
1,26,185
1,26,185
1,26,186
1,26,186
1,26,186
1,26,185
1,26,185
1,26,185
1,26,185
1,27,184
1,26,183
1,26,182
2,26,181
2,25,180
2,25,179
2,25,179
2,24,177
2,24,176
2,23,175
2,23,174
2,23,175
1,23,175
1,24,176
1,24,176
2,24,176
2,24,176
2,25,176
2,25,175
2,24,174
2,23,173
1,22,171
1,22,170
1,21,169
1,21,168
1,21,168
1,22,168
1,22,168
1,23,168
0,23,168
0,23,168
0,23,168
1,23,168
1,23,168
1,23,168
2,23,167
2,23,167
1,24,166
1,24,165
1,24,165
1,24,164
1,24,164
1,24,163
1,24,163
0,23,172
0,22,172
0,22,172
0,22,171
0,22,171
0,22,171
0,21,171
0,21,172
0,21,172
1,22,173
1,22,174
1,22,174
1,23,175
1,23,177
1,23,178
2,24,179
2,24,180
2,25,181
2,25,181
2,25,183
2,26,184
2,26,184
2,26,185
2,26,186
2,26,186
2,25,186
2,26,186
2,26,186
1,26,186
0,26,186
0,26,186
0,26,186
0,26,186
0,26,187
0,25,187
1,25,187
1,25,187
1,25,187
1,25,187
0,25,187
0,25,187
0,25,187
0,25,187
1,25,187
1,25,187
1,26,186
1,26,186
0,26,186
0,26,186
1,26,186
1,26,186
1,26,186
1,26,186
2,26,186
2,26,186
1,26,185
2,26,185
2,26,185
1,26,185
1,26,184
1,26,184
1,26,184
1,26,185
1,26,185
1,26,185
0,26,185
0,26,186
1,26,186
1,26,186
1,26,186
1,26,186
1,26,186
1,26,185
1,26,185
1,27,185
1,27,185
1,26,183
0,26,182
1,25,181
1,25,180
2,25,180
2,25,179
2,25,179
2,24,177
2,24,176
2,24,176
2,24,176
2,24,177
2,24,178
2,24,178
2,25,178
2,26,177
3,26,177
2,26,176
2,24,176
2,24,174
1,22,173
1,22,171
1,21,170
1,21,169
1,22,169
1,22,169
1,23,169
0,23,169
0,23,169
0,23,168
0,22,168
0,22,168
1,22,168
1,22,168
1,22,167
1,23,167
1,23,166
1,23,165
1,24,165
1,24,164
1,24,164
1,24,164
1,24,163
1,24,163
0,24,162
0,23,172
0,22,171
0,22,171
0,21,171
0,21,171
0,21,171
0,21,171
0,21,172
0,22,172
1,22,174
2,24,176
2,24,176
2,24,177
2,24,178
2,24,179
2,24,180
2,24,181
2,25,182
2,25,184
2,25,184
2,25,184
2,26,186
2,26,186
2,26,186
2,26,186
2,26,187
2,25,187
0,25,187
0,26,187
0,26,187
0,26,186
0,26,186
0,26,187
0,26,187
0,25,187
0,25,187
0,25,187
0,25,187
0,25,187
0,25,187
0,25,187
0,25,187
0,25,187
0,25,187
0,25,187
0,25,187
0,25,187
0,26,186
0,26,186
0,26,186
0,26,186
0,26,186
1,26,186
1,26,186
2,26,186
2,26,186
1,26,186
1,26,185
1,26,185
1,25,184
1,25,184
1,25,184
1,26,184
1,26,185
1,26,185
0,26,185
0,26,185
0,26,186
0,26,186
0,26,186
1,26,186
1,26,186
2,26,186
2,27,185
1,27,185
1,27,185
1,27,185
0,27,183
0,26,182
1,25,180
1,25,180
1,25,180
2,25,180
2,25,180
3,25,180
3,25,180
3,25,180
2,24,180
2,24,179
2,24,180
2,25,180
2,25,179
3,26,179
3,26,178
3,26,177
2,24,176
2,24,175
1,23,174
1,23,173
1,22,171
1,22,170
1,23,170
1,23,169
1,23,169
0,23,169
0,22,169
0,22,169
0,22,168
0,22,168
1,22,168
1,22,168
1,22,167
1,22,167
1,22,167
1,23,165
1,23,165
1,24,164
1,24,164
1,24,164
1,24,163
1,24,163
0,24,161
0,24,161
0,22,171
0,22,170
0,22,170
0,21,170
0,21,170
0,21,171
0,21,171
0,21,172
0,22,173
1,23,174
2,24,176
3,24,177
2,24,179
2,24,179
2,24,180
2,24,181
2,25,183
2,25,184
2,25,184
2,25,184
1,25,185
1,25,186
0,25,186
0,26,187
0,26,187
0,26,187
0,25,187
0,25,187
0,25,187
0,26,187
0,26,187
0,26,187
0,26,187
0,26,187
0,25,187
0,25,187
0,25,187
0,25,187
0,25,187
0,25,187
0,25,187
0,25,187
0,25,187
0,25,187
0,25,187
0,25,187
0,25,187
0,25,187
0,26,186
0,26,186
0,26,186
0,26,186
0,26,186
0,26,186
1,26,186
2,26,186
2,26,186
1,26,186
1,26,185
1,25,184
0,25,183
0,25,183
0,25,184
0,25,184
0,26,184
0,26,185
0,26,185
0,26,186
0,26,186
0,26,186
0,26,186
1,26,186
1,26,185
2,27,185
2,27,185
1,27,185
1,27,185
0,26,183
0,26,182
0,24,180
0,24,180
1,24,180
1,25,180
2,25,180
3,25,180
3,25,181
3,25,182
3,25,181
3,25,181
2,25,181
2,25,181
3,25,181
3,26,181
3,26,181
3,26,180
3,26,179
2,25,178
2,24,176
1,24,176
1,24,175
1,23,175
1,24,174
2,24,174
2,23,173
1,23,172
0,23,171
0,22,170
0,22,169
0,22,168
0,22,168
1,22,168
1,22,168
1,22,167
1,22,167
1,22,167
1,22,166
1,23,165
1,23,165
1,24,164
1,24,164
1,24,163
1,24,163
0,24,161
0,24,161
0,24,160
0,23,171
0,22,170
0,22,170
0,22,170
0,21,170
0,21,170
0,21,171
0,21,171
0,22,173
1,23,174
2,24,176
3,24,179
3,24,179
3,25,180
3,25,181
2,25,182
2,25,183
2,25,184
2,25,185
2,25,185
1,25,186
0,25,187
0,25,187
0,25,187
0,25,187
0,25,187
0,25,187
0,25,187
0,25,187
0,25,187
0,25,187
0,26,187
0,26,187
0,26,187
0,25,187
0,25,187
0,25,187
0,25,187
0,25,187
0,25,187
0,25,187
0,25,187
0,25,187
0,25,187
0,25,187
0,25,187
0,25,187
0,25,187
0,25,187
0,26,186
0,26,186
0,26,186
0,26,186
0,26,186
0,27,186
1,27,186
1,27,186
1,26,185
1,26,184
0,25,183
0,24,181
0,24,181
0,24,183
0,24,183
0,25,184
0,25,184
0,25,185
0,25,185
0,26,186
1,26,186
1,26,186
2,26,186
2,27,185
2,27,185
2,27,185
2,27,185
2,27,184
1,26,183
1,26,182
0,24,180
0,24,179
0,24,179
1,24,180
1,24,180
2,25,180
3,25,181
3,26,182
3,26,182
3,26,182
3,25,182
3,25,182
3,26,182
3,26,182
3,26,182
3,26,182
3,26,181
3,26,181
2,25,180
2,24,179
1,24,178
1,24,177
1,24,177
1,25,176
2,25,175
2,25,175
1,24,174
0,24,173
0,23,172
0,23,171
0,22,171
0,22,169
1,22,168
1,22,168
1,22,168
1,22,168
1,22,167
1,22,167
1,22,166
1,23,165
1,23,165
1,23,164
1,23,163
0,23,163
0,23,161
0,23,161
0,23,160
0,23,160
0,23,172
0,22,170
0,22,170
0,22,170
0,21,170
0,21,170
0,21,170
0,21,171
0,21,173
1,22,174
2,24,176
3,24,179
3,24,180
3,25,181
3,25,181
3,25,182
2,25,184
2,25,185
2,25,185
2,25,186
1,25,186
0,25,187
0,25,187
0,25,187
0,25,187
0,25,187
0,25,187
0,25,187
0,25,187
0,25,187
0,25,187
0,26,187
0,26,187
0,26,187
0,26,187
0,26,187
0,25,187
0,25,187
0,25,187
0,25,187
0,25,187
0,25,187
0,25,187
0,25,187
0,25,187
0,25,187
0,25,187
0,25,187
0,25,186
0,25,186
1,25,186
0,25,186
0,26,186
0,27,186
0,27,186
0,27,186
1,27,185
1,27,185
1,26,184
1,25,183
0,24,181
0,24,180
0,24,180
0,24,181
0,24,183
0,25,183
0,25,184
0,25,184
0,25,185
1,25,185
1,26,185
2,26,185
2,27,185
2,27,185
2,27,185
2,27,185
2,27,184
2,26,183
1,26,182
1,24,180
0,24,179
0,24,179
0,24,179
1,24,180
1,24,180
2,25,181
2,26,182
3,26,182
3,26,184
3,26,184
3,26,184
3,26,183
3,26,182
3,26,182
4,26,182
4,26,182
4,26,182
3,26,182
3,26,181
2,25,181
2,25,180
2,25,179
2,25,178
2,25,178
2,25,178
2,25,177
2,25,177
2,25,175
1,24,175
0,24,174
1,24,174
1,24,173
1,23,172
1,22,169
1,22,168
1,22,168
1,22,168
1,22,167
1,22,167
1,23,165
1,23,165
1,23,165
1,23,164
0,23,163
0,22,161
0,22,161
0,22,161
0,23,160
0,23,160
2,23,174
0,22,172
0,22,171
0,22,170
0,22,169
0,22,169
0,22,170
0,21,171
0,21,171
0,22,173
1,22,174
2,23,178
2,24,179
3,25,181
3,25,181
3,25,182
3,25,184
3,26,185
3,26,185
2,26,186
2,25,186
1,25,186
0,25,187
0,25,187
0,25,187
0,25,187
0,25,187
0,25,187
0,25,187
0,25,187
0,26,187
0,26,186
0,26,186
0,26,186
1,26,186
1,26,187
1,26,187
0,25,187
0,25,187
0,25,187
0,25,187
1,25,187
1,25,187
1,25,187
0,25,187
0,25,187
0,25,187
0,25,187
0,25,186
0,25,186
0,25,185
1,25,185
1,25,185
1,25,185
1,26,185
1,27,185
2,27,185
2,27,185
2,27,185
2,26,185
1,25,183
1,25,181
1,24,181
0,24,180
0,24,180
0,24,182
0,24,183
0,25,184
0,25,184
0,25,184
0,25,184
1,25,184
1,26,185
1,26,185
2,27,185
2,27,185
2,27,185
2,27,185
2,26,183
1,26,182
1,25,181
1,24,180
1,24,179
1,24,180
1,24,180
1,24,180
1,25,181
2,26,182
2,26,182
2,26,184
3,26,184
3,26,184
3,26,184
3,26,184
3,26,183
3,26,183
4,27,183
4,26,183
4,26,183
4,26,183
3,26,182
3,25,182
2,25,181
2,25,181
2,25,181
3,25,180
3,25,180
3,25,180
3,25,180
2,25,179
2,25,177
2,25,177
2,25,177
2,25,176
1,24,174
1,23,172
0,22,171
0,22,168
0,22,168
0,22,168
1,22,167
1,22,167
1,23,167
1,23,165
1,23,164
1,23,163
1,22,163
0,22,161
0,22,161
1,23,160
1,23,160
0,23,160
0,23,160
1,22,173
1,22,173
0,21,172
0,21,171
0,21,170
0,21,170
0,21,170
0,22,171
0,22,172
0,22,174
1,23,175
1,24,178
2,24,179
2,25,181
2,25,181
3,25,182
3,25,184
3,26,185
3,26,185
3,26,186
2,26,186
2,25,187
0,25,187
0,25,187
0,25,187
0,25,187
0,25,187
0,25,187
0,25,187
0,25,187
0,26,186
0,26,186
0,26,186
0,26,186
1,26,186
1,26,186
1,26,186
1,26,186
1,26,186
1,26,186
1,26,186
1,26,186
1,26,186
1,25,186
1,25,186
1,25,185
0,25,186
0,25,186
0,25,186
0,25,186
0,25,185
1,25,185
1,25,184
1,25,184
1,26,185
1,26,185
1,27,185
2,27,185
2,27,185
2,26,184
2,26,184
1,25,183
1,25,182
1,25,181
1,24,181
2,24,181
2,25,183
2,25,184
1,25,184
0,25,184
0,25,184
0,25,184
1,25,184
1,25,185
1,26,185
2,26,185
2,27,185
2,27,184
1,26,184
1,26,182
1,26,182
1,25,181
1,24,180
1,24,180
1,24,180
1,24,180
1,25,181
2,26,182
2,26,182
2,26,184
2,26,184
2,26,184
2,26,185
2,26,184
3,26,184
3,26,184
3,27,183
4,27,183
4,27,183
4,26,183
4,26,184
3,26,184
2,25,184
2,25,184
2,25,183
2,25,183
2,25,183
3,25,182
3,25,182
3,25,182
2,25,182
2,25,181
2,26,181
2,26,180
2,26,177
2,25,176
1,24,175
0,23,173
0,22,172
0,22,171
0,22,168
0,22,168
1,23,167
1,23,167
1,23,165
1,23,165
1,23,164
1,22,163
1,22,162
2,22,162
1,23,161
1,23,161
1,23,159
1,23,159
1,23,159
1,22,173
1,22,173
0,21,172
0,21,172
0,21,171
0,21,171
0,21,171
0,22,172
0,22,173
0,22,174
1,23,176
1,24,178
2,24,179
2,25,181
2,25,182
2,25,184
3,26,184
3,26,185
3,26,186
3,26,186
2,26,186
2,26,187
0,25,187
0,25,187
0,25,187
0,25,187
0,25,187
0,25,187
0,25,187
0,25,187
0,26,186
0,26,186
0,26,186
1,26,186
1,26,186
1,26,186
1,26,185
1,26,185
1,26,185
1,26,185
1,26,186
1,26,186
1,26,186
1,25,185
1,25,185
1,25,185
0,25,185
0,25,185
0,25,185
0,25,185
1,25,185
1,25,185
1,25,185
1,25,184
1,25,184
2,26,185
2,27,185
2,27,185
2,27,185
2,27,185
2,26,184
2,26,184
2,26,184
2,26,183
2,25,182
2,25,182
2,26,184
2,26,185
2,26,185
2,26,185
1,25,184
1,25,184
1,25,184
1,25,185
1,25,185
1,26,185
1,26,185
2,27,185
1,26,184
1,26,184
1,26,182
1,25,181
1,24,180
1,24,180
1,24,180
1,25,181
1,26,182
2,26,182
2,26,183
2,26,184
2,26,184
2,26,184
1,26,184
2,26,184
2,26,184
2,26,184
2,26,184
3,27,183
3,27,183
3,26,184
4,26,184
3,26,185
3,26,185
2,26,185
2,25,184
2,25,184
2,25,184
2,25,184
3,25,184
3,25,184
3,25,184
2,26,184
2,26,184
2,26,183
3,26,182
3,26,181
2,26,179
2,25,176
1,24,176
0,23,174
0,23,172
0,22,171
0,22,170
1,22,168
1,22,167
1,23,167
1,22,167
1,22,165
1,22,164
2,22,163
2,22,162
2,23,162
2,23,162
1,23,160
1,23,159
1,23,159
1,23,159
0,22,173
1,22,173
0,22,173
0,21,172
0,21,172
0,21,172
0,21,172
0,21,172
0,22,174
0,23,175
1,23,177
1,24,179
1,24,180
2,25,181
2,25,184
2,25,184
2,25,185
2,26,185
3,26,186
3,26,186
2,26,187
2,25,187
0,25,187
0,25,187
0,25,187
0,25,187
0,25,187
0,25,187
0,25,187
0,26,187
0,26,186
0,26,186
0,26,186
1,26,185
1,26,185
1,26,184
1,26,184
1,26,185
1,26,185
1,26,185
1,26,185
1,26,184
1,26,184
1,26,184
1,25,184
1,25,184
1,25,184
1,25,185
1,25,185
1,25,185
1,25,185
1,25,185
1,25,185
1,25,185
1,25,185
1,26,185
2,26,185
2,26,185
2,27,185
2,27,185
2,26,185
2,26,185
2,26,184
2,26,184
2,26,184
2,26,184
2,26,185
3,26,185
3,27,185
3,27,186
2,27,185
2,26,185
1,26,185
1,25,185
1,25,185
1,25,185
1,26,185
1,26,185
1,26,185
1,26,184
1,26,184
1,26,184
1,26,182
1,25,181
1,25,181
1,26,182
1,26,182
1,26,182
2,26,184
2,26,185
2,26,185
1,26,185
1,26,185
1,26,184
1,26,185
1,26,184
1,26,184
1,26,184
2,26,184
2,26,184
2,26,184
2,26,185
2,26,185
2,26,185
2,26,185
2,25,184
1,25,184
1,25,184
2,25,184
2,25,184
2,26,185
2,26,185
2,26,185
2,26,185
2,26,185
3,26,184
2,26,183
2,26,181
2,26,180
1,26,177
0,25,176
0,24,175
0,24,174
1,23,172
1,23,171
1,23,169
1,23,167
1,22,167
1,22,167
1,22,165
2,22,164
2,22,164
2,23,163
2,23,162
2,23,162
1,23,160
1,23,160
1,23,160
1,24,160
0,22,171
0,22,172
0,22,172
0,22,173
0,22,173
0,21,172
0,21,172
0,22,174
1,22,175
1,23,177
1,23,178
1,24,179
1,24,180
2,25,182
2,25,184
2,25,185
1,25,185
1,25,186
1,25,186
2,25,187
2,25,187
1,25,187
0,25,187
0,25,187
0,25,187
0,25,187
0,25,187
0,25,187
0,26,187
0,26,187
1,26,186
1,26,186
1,26,186
1,26,185
1,26,184
1,26,184
1,26,184
1,26,184
1,26,184
1,26,184
1,26,184
1,26,184
1,26,184
1,26,184
1,26,184
1,25,184
1,25,184
1,26,184
1,25,185
1,25,185
1,25,185
1,25,185
1,25,185
1,25,185
0,25,185
1,25,185
1,26,185
1,26,185
1,26,185
1,26,185
1,26,185
1,26,185
1,26,185
1,26,185
1,26,186
2,26,186
2,26,187
2,26,187
3,27,187
3,27,187
3,27,187
3,27,187
2,27,186
1,26,186
1,26,186
1,26,185
1,26,185
1,26,185
1,26,185
1,26,185
1,26,185
1,26,184
1,26,184
1,26,184
1,26,182
1,26,182
1,26,182
1,26,184
2,26,184
2,27,185
2,27,185
2,27,185
1,27,185
1,27,185
1,26,185
1,26,185
1,26,185
1,26,185
1,26,184
2,26,184
2,26,184
1,26,184
2,27,185
2,27,185
1,26,185
1,26,185
0,25,184
1,25,184
1,25,184
1,25,184
1,25,185
2,26,185
2,26,185
2,26,185
2,26,186
2,26,186
2,26,185
2,26,184
2,26,183
2,26,181
2,26,180
1,26,178
1,25,177
2,25,177
2,25,175
2,24,174
1,23,171
1,23,169
1,22,169
1,23,167
2,22,167
2,23,165
2,23,164
2,23,164
2,23,163
2,23,162
1,23,161
1,23,160
1,22,160
1,23,160
0,23,160
0,22,171
0,22,171
0,22,172
0,22,173
1,22,173
1,23,174
1,23,174
1,23,175
1,23,176
2,23,178
1,23,178
1,24,180
1,25,181
1,25,184
1,26,184
1,26,185
1,25,186
1,25,186
1,25,187
0,25,187
0,25,187
0,25,187
0,25,187
0,25,187
0,25,187
0,25,187
0,25,187
0,25,187
0,26,187
1,26,186
1,26,186
2,26,186
1,26,186
1,26,185
1,26,184
1,26,184
1,26,184
1,26,184
1,26,184
1,26,184
1,26,184
1,26,184
1,26,184
1,26,184
1,26,184
1,26,184
0,26,184
1,26,184
1,26,184
1,26,185
1,26,185
1,26,185
1,25,185
1,25,186
0,25,186
0,25,186
0,26,186
0,26,186
0,26,186
0,26,186
1,26,186
0,26,186
0,26,185
0,26,186
1,26,186
1,26,187
1,26,187
1,26,188
2,27,188
2,27,188
3,27,188
3,27,187
3,27,187
2,27,187
1,26,187
1,26,186
1,26,186
1,26,186
1,26,186
1,26,186
1,27,186
2,27,185
2,27,185
2,27,185
1,26,184
1,26,184
1,26,184
1,26,184
1,26,185
1,26,185
1,27,185
1,27,185
1,26,185
1,26,186
1,26,186
1,26,186
1,26,186
1,26,186
1,26,185
1,26,185
1,26,185
1,26,185
1,26,185
1,27,185
1,27,185
0,27,185
0,26,185
0,26,184
0,25,184
0,25,184
0,25,184
1,26,185
1,26,185
2,26,185
2,26,185
2,26,186
2,26,186
2,26,186
2,26,185
2,26,184
2,26,183
2,26,182
2,26,181
2,26,180
2,26,178
2,25,177
2,25,176
2,24,174
1,23,172
1,23,170
1,23,170
2,23,169
2,23,168
3,23,167
2,23,165
2,23,164
1,23,164
1,22,162
1,22,161
1,22,161
1,22,161
0,23,160
0,23,160
0,22,171
0,22,171
0,22,171
0,22,172
1,22,173
1,23,174
1,23,175
1,24,176
2,24,178
2,24,179
3,25,180
2,25,181
2,25,182
1,25,184
1,25,185
1,26,186
1,25,186
1,25,187
0,25,187
0,25,187
0,25,187
0,25,187
0,25,187
0,25,187
0,25,187
0,25,187
0,25,187
0,26,186
0,26,186
1,26,186
2,26,186
2,26,186
2,26,185
1,26,185
1,26,184
0,25,184
0,25,183
0,25,183
0,25,183
1,26,184
1,26,184
1,26,184
1,26,184
1,26,184
1,26,184
1,26,184
1,26,184
0,26,184
0,26,184
0,26,185
1,26,186
1,26,186
1,26,186
1,26,186
1,26,186
0,25,186
0,25,186
0,26,187
0,26,187
0,26,188
0,26,188
0,26,188
0,26,187
0,26,187
0,26,187
0,26,188
0,26,188
1,26,189
1,27,190
1,27,191
1,27,191
2,27,189
3,27,188
3,27,187
1,26,187
1,26,187
1,26,187
1,26,187
1,26,186
1,26,186
1,26,187
2,27,187
2,27,186
2,27,186
2,27,186
2,26,185
1,26,184
1,26,184
1,26,185
1,26,185
1,26,185
1,26,186
1,26,186
1,26,186
1,26,186
1,26,187
1,26,187
0,26,186
0,26,186
0,26,186
0,26,186
0,26,185
0,26,185
0,26,185
0,27,185
0,27,185
0,27,185
0,27,185
0,26,184
0,26,184
0,26,184
0,26,184
1,26,185
2,27,185
2,27,185
2,26,185
2,26,186
2,26,186
2,26,186
2,26,185
2,26,185
2,27,184
2,27,183
2,26,182
2,26,181
2,26,180
2,26,178
2,25,177
2,25,176
1,24,174
1,23,174
1,23,173
2,23,172
2,23,170
3,23,169
2,23,167
2,23,165
1,22,164
1,22,164
1,22,163
1,22,162
1,22,161
0,23,161
0,23,161
0,24,161
0,21,171
0,21,171
0,22,171
0,22,171
0,22,173
1,23,174
1,23,175
2,24,176
2,24,179
3,25,180
3,25,181
3,25,182
3,25,184
2,25,184
2,25,185
1,25,186
1,25,186
0,25,187
0,25,187
0,25,187
0,25,187
0,25,187
0,25,187
0,25,187
0,25,187
0,25,187
0,25,187
0,26,186
0,26,186
2,26,186
2,26,186
2,26,186
2,26,185
2,26,185
1,26,184
0,25,183
0,25,183
0,25,183
0,25,183
0,25,183
1,26,184
1,26,184
1,26,184
2,26,185
1,26,185
2,26,185
1,26,185
1,26,185
0,26,186
0,26,186
0,26,186
0,26,186
1,26,186
1,26,186
0,26,186
0,26,187
0,26,187
0,26,187
0,26,188
0,26,189
0,26,190
0,26,188
0,26,188
0,26,188
0,26,188
0,26,188
0,26,188
0,26,189
0,26,190
0,27,191
1,28,192
1,28,192
1,28,192
1,27,190
1,26,188
1,26,188
1,26,187
0,26,187
1,26,188
0,26,188
0,26,188
1,26,188
2,27,188
2,27,187
2,27,187
2,27,186
2,26,186
1,26,185
1,26,185
1,26,185
1,26,185
1,26,186
1,26,186
1,26,187
0,26,187
0,26,187
0,26,187
0,26,187
0,26,187
0,26,187
0,26,186
0,26,186
0,26,186
0,26,185
0,26,185
0,27,185
0,27,185
0,27,185
0,27,185
0,27,185
0,26,184
0,26,184
0,27,185
0,27,185
1,27,185
2,27,185
2,27,185
2,26,186
2,26,186
2,26,186
2,26,185
2,26,185
1,27,185
1,27,185
1,27,183
2,27,182
2,26,181
2,26,180
2,26,180
2,25,178
1,25,176
1,24,175
1,24,174
2,24,174
2,24,173
2,24,173
2,23,169
2,23,167
1,22,166
1,22,165
1,22,164
1,22,164
1,22,163
0,23,162
0,23,162
0,23,162
0,24,162
0,21,171
0,21,171
0,21,171
0,21,171
0,22,172
0,22,173
1,23,175
1,24,176
2,24,179
3,25,181
3,25,182
3,25,183
3,25,184
3,25,185
2,25,186
2,25,186
1,25,187
1,26,187
0,25,187
0,25,187
0,25,187
0,25,187
0,25,187
0,25,187
0,25,187
0,25,186
0,25,186
0,25,186
1,26,186
1,26,186
2,26,186
2,26,185
2,26,185
2,26,184
1,25,183
1,24,181
0,24,181
0,24,181
0,24,182
0,25,183
1,26,184
1,26,184
1,26,184
2,26,185
2,26,185
2,26,185
2,26,186
1,26,186
1,26,186
1,26,186
1,26,186
1,26,186
0,26,186
1,26,187
0,26,187
0,26,187
0,27,187
0,26,188
0,26,189
0,26,190
0,26,191
0,26,190
1,26,190
0,26,188
0,26,188
0,26,188
0,26,188
0,26,188
0,26,189
0,26,190
0,27,191
0,28,192
1,28,192
1,28,192
1,26,190
1,26,189
1,26,188
0,25,188
0,25,188
0,26,188
0,26,188
1,26,188
1,26,189
2,27,189
2,27,188
2,27,188
2,27,187
2,26,186
1,26,186
0,26,186
0,26,186
1,26,186
0,26,187
1,26,187
1,27,188
0,27,188
0,26,188
0,26,188
0,27,187
0,27,187
0,26,187
0,26,187
0,26,187
0,26,186
0,26,186
0,26,185
0,27,185
0,27,185
0,27,185
0,27,185
0,27,185
0,27,185
0,27,185
0,27,185
0,27,185
0,27,185
2,27,185
2,27,185
2,26,186
2,26,186
2,26,186
2,26,186
2,27,185
1,27,185
0,27,185
1,27,185
1,27,183
2,27,182
2,26,181
2,26,180
2,25,180
1,25,178
2,25,176
2,24,175
2,24,175
2,24,175
2,24,174
2,24,173
2,23,170
1,22,168
1,22,167
1,22,166
1,22,165
1,22,165
1,22,163
0,23,163
0,23,162
0,23,162
0,23,162
0,22,171
0,21,171
0,21,171
0,21,171
0,21,171
0,21,173
0,22,174
1,23,176
1,24,179
2,25,181
3,25,182
3,25,184
3,25,185
3,25,185
3,25,186
2,25,186
2,25,187
1,25,188
0,25,188
0,25,188
0,25,187
0,25,187
0,25,187
0,25,187
0,25,187
0,25,186
0,25,186
1,25,186
1,25,185
1,26,185
2,26,185
2,26,185
2,26,185
2,26,184
2,25,182
1,24,181
0,24,180
0,24,181
0,24,181
0,24,182
1,25,183
1,26,184
2,26,185
2,26,185
2,26,186
2,26,186
2,26,186
2,26,186
1,26,186
1,26,186
1,26,187
0,26,187
0,26,187
0,26,187
0,26,188
0,26,188
0,27,188
0,27,189
0,27,189
0,26,191
0,26,191
1,26,191
1,26,191
1,26,190
1,26,190
0,26,188
0,26,188
0,26,188
0,26,188
0,26,189
0,26,190
0,27,191
0,27,192
0,27,192
0,27,191
0,26,190
0,26,189
0,25,189
0,25,189
0,25,189
0,25,189
0,25,189
0,26,189
1,26,189
2,27,189
2,27,189
2,27,189
2,27,188
2,26,187
1,26,186
0,26,186
0,26,186
0,26,187
0,26,187
0,26,188
0,27,188
0,27,189
0,27,188
0,27,188
0,27,188
0,27,188
0,26,188
0,26,188
0,26,187
0,26,187
0,26,186
0,26,186
0,27,186
0,27,185
0,27,185
0,27,185
0,27,185
0,27,185
0,27,185
0,27,185
0,27,185
0,27,185
0,27,185
0,26,186
2,26,186
2,26,186
2,26,186
2,26,186
1,27,186
0,27,185
0,27,185
0,27,185
1,27,185
1,27,183
2,27,183
2,26,181
2,26,180
2,25,180
2,25,179
2,25,177
2,25,177
2,25,176
2,24,175
2,24,175
1,24,173
1,23,170
1,22,169
1,22,167
1,22,167
1,22,165
1,23,165
0,23,164
0,23,163
0,23,162
0,23,162
0,23,160
0,22,171
0,22,171
0,21,171
0,21,171
0,21,172
0,21,173
0,22,176
1,23,178
2,24,180
3,25,182
3,25,184
3,26,185
3,26,186
3,25,186
2,25,187
2,25,187
1,25,188
0,25,188
0,25,189
0,25,189
0,25,188
0,25,187
0,25,187
0,25,187
0,25,186
0,25,186
1,25,185
1,25,185
1,25,185
1,25,185
2,26,185
2,26,184
2,26,183
2,25,181
2,25,181
1,24,181
1,24,180
0,24,181
1,24,181
1,25,183
1,26,184
2,27,185
2,27,186
2,27,186
2,27,186
2,27,187
2,27,187
2,26,187
1,26,187
1,26,187
1,26,187
0,26,187
0,26,188
0,26,188
0,26,188
0,26,189
0,27,189
0,27,189
0,27,191
1,27,191
1,27,192
1,26,191
1,26,191
1,26,190
1,26,190
0,26,188
0,26,188
0,26,187
0,26,188
0,26,189
0,26,190
0,27,191
0,27,191
0,27,191
0,27,191
0,26,190
0,25,189
0,25,189
0,25,189
0,25,189
0,25,189
0,25,189
0,26,189
0,26,190
2,27,190
2,27,190
2,27,189
2,27,188
1,26,188
1,26,187
0,26,187
0,25,187
0,26,188
0,26,189
0,27,189
0,27,189
0,27,189
0,27,189
0,27,189
0,27,188
0,27,188
0,27,188
0,26,188
1,26,188
1,26,188
1,26,187
1,26,187
1,27,187
0,27,186
0,27,185
0,27,185
0,27,185
0,27,185
0,26,185
0,27,185
0,26,185
0,26,186
0,26,186
0,26,186
1,26,186
2,26,186
2,26,186
2,26,186
1,26,186
0,27,185
0,27,185
0,27,185
0,27,185
0,27,185
2,27,183
2,27,183
2,26,181
2,26,180
2,25,180
2,25,179
2,25,179
2,25,177
2,25,177
2,24,176
2,24,175
2,24,173
1,23,171
1,23,169
1,22,168
1,23,167
1,23,165
1,23,165
1,23,164
1,23,163
1,23,162
1,23,161
0,22,172
0,22,171
0,22,171
0,22,171
0,22,172
0,21,173
0,22,176
1,23,178
2,24,180
3,25,182
3,25,184
3,26,185
3,26,186
3,26,186
3,26,187
2,25,188
1,25,189
0,25,189
0,25,189
0,25,189
0,25,189
0,25,188
0,25,187
0,25,187
1,25,186
1,25,186
1,25,185
1,25,185
1,25,184
1,25,183
1,25,183
1,25,182
2,25,182
2,25,181
2,24,181
1,24,181
1,24,181
1,24,180
1,25,181
1,25,183
2,26,184
2,27,185
2,27,186
2,28,186
3,28,188
2,28,188
2,27,188
2,27,188
1,26,188
1,26,188
1,26,188
1,26,188
0,26,188
0,26,188
0,26,188
0,26,188
0,26,189
0,27,189
0,27,189
0,27,191
1,27,191
1,27,192
1,26,191
1,26,191
1,26,190
1,26,188
1,25,188
0,25,187
0,25,187
0,25,188
0,26,189
0,26,190
0,26,190
0,27,191
0,27,191
0,26,191
0,25,190
0,25,189
0,25,189
0,25,189
0,25,189
0,25,190
0,25,190
0,25,190
0,26,190
0,26,190
1,27,190
1,27,190
1,26,189
1,26,188
0,26,188
0,25,188
0,25,188
0,25,189
0,26,189
0,26,189
0,27,190
0,27,190
0,27,190
0,27,190
0,27,189
0,27,188
0,26,188
0,26,188
1,26,188
1,26,188
1,26,188
1,27,187
1,27,187
0,27,186
0,27,185
0,27,185
0,27,185
0,27,185
0,27,185
0,27,185
0,26,185
0,26,186
0,26,186
0,26,186
1,26,186
2,26,186
2,26,186
2,26,186
2,26,185
1,26,185
0,27,185
0,27,185
0,27,185
0,27,185
1,27,185
2,27,183
2,27,183
2,26,182
2,26,181
2,26,180
2,25,180
2,25,179
2,25,179
2,25,177
2,25,177
2,24,175
2,24,174
1,23,172
1,23,170
1,23,168
1,23,167
1,23,165
1,23,164
1,23,163
1,23,162
1,23,162
1,23,161
0,23,173
0,22,172
0,22,172
0,22,171
0,22,173
0,22,173
0,22,176
1,23,178
1,24,179
2,25,181
3,25,184
3,26,185
3,26,186
3,26,187
3,26,188
2,25,188
1,25,189
0,25,189
0,25,189
0,25,189
0,25,189
0,25,189
0,25,188
1,25,187
1,25,187
1,25,186
1,25,185
1,25,184
1,25,183
1,24,182
1,24,180
1,24,180
1,24,180
1,23,181
1,24,181
1,24,181
1,24,181
1,24,181
2,25,182
2,25,184
2,26,185
2,26,186
2,27,186
2,28,188
2,28,188
3,28,190
2,28,190
2,27,190
1,27,189
1,27,188
1,26,188
1,26,188
0,26,188
0,26,187
0,26,187
0,26,188
0,26,188
0,26,189
0,27,189
0,27,189
0,27,190
1,27,191
1,26,191
1,26,190
1,26,190
1,26,189
1,25,188
0,25,188
0,25,188
0,25,188
0,25,188
0,25,189
0,25,190
0,26,190
0,26,191
0,26,191
0,25,191
0,25,189
0,25,189
0,25,189
0,25,189
0,25,190
0,25,190
0,25,190
0,25,190
0,26,190
0,26,190
0,26,190
1,26,190
1,26,189
0,26,189
0,26,189
0,25,188
0,25,189
0,25,189
0,26,189
0,26,190
0,27,190
0,27,191
0,27,191
0,27,191
0,27,190
0,27,189
0,26,188
0,26,188
1,26,188
1,26,188
1,26,188
1,27,187
1,27,187
1,27,187
1,27,186
0,27,186
0,27,186
0,27,186
0,27,186
0,26,185
0,26,185
0,26,185
0,26,185
0,26,185
1,26,185
1,26,185
2,26,185
2,26,185
2,26,185
1,26,185
1,26,185
0,26,184
0,26,184
1,27,185
1,27,185
2,27,185
2,27,185
2,26,183
2,26,183
2,26,182
2,26,182
2,26,180
2,26,180
2,26,179
2,25,178
2,25,177
2,25,175
2,24,175
1,23,172
1,23,170
1,23,169
1,23,167
1,23,166
1,23,164
1,23,163
1,23,162
1,22,161
1,22,160
1,23,173
1,22,173
1,22,173
1,22,173
1,22,173
1,22,174
1,23,176
2,24,178
2,24,180
2,25,181
2,25,184
3,25,185
3,26,186
3,26,187
3,26,188
2,26,189
0,25,189
0,25,190
0,25,190
0,25,189
0,25,190
0,25,189
0,25,189
1,25,188
1,26,187
2,26,186
2,25,186
1,25,185
1,25,183
1,24,181
0,24,179
0,23,179
1,23,179
1,23,179
1,23,180
1,24,180
1,24,181
1,25,182
2,25,182
2,25,184
2,26,185
2,26,186
2,27,186
2,27,188
2,28,189
2,28,189
2,28,190
1,28,190
1,28,190
1,27,190
1,26,189
1,26,188
1,26,188
0,26,187
0,26,187
0,26,187
0,26,187
0,26,187
0,26,188
0,26,189
0,27,189
0,27,189
1,26,189
1,26,189
1,26,188
1,26,188
0,25,188
0,25,188
0,25,188
0,25,188
0,25,188
0,25,188
0,25,189
0,25,190
0,25,190
0,25,190
0,25,190
0,25,190
0,25,189
0,25,189
0,25,189
0,25,190
0,25,190
0,25,190
0,25,191
0,25,191
0,26,191
0,26,191
0,26,190
0,26,190
0,25,190
0,26,189
0,26,189
0,25,189
0,25,189
0,26,190
0,26,190
0,26,190
0,27,191
0,27,191
0,27,191
0,27,191
0,27,191
0,27,190
0,26,190
0,26,189
1,26,188
1,26,188
1,26,188
1,27,188
1,27,187
1,27,187
1,27,187
1,27,186
1,27,186
0,27,186
0,26,186
1,26,186
1,26,185
1,26,185
1,26,185
1,26,185
1,26,185
1,26,185
2,26,185
2,26,185
2,26,185
2,26,184
2,26,184
1,26,184
0,26,184
0,26,184
1,26,185
1,26,185
2,26,185
2,26,185
2,26,185
2,26,184
2,26,182
2,26,182
2,26,182
2,26,181
2,26,180
2,26,179
2,25,177
2,25,176
2,24,175
1,24,173
1,24,172
1,24,169
2,23,168
2,23,165
1,23,164
1,23,163
1,22,162
1,22,161
1,22,160
1,23,173
1,22,173
1,22,173
1,22,173
1,22,173
1,22,173
1,23,176
2,24,178
3,25,180
3,25,182
3,25,184
3,25,185
3,26,186
3,26,187
3,26,188
2,26,189
1,25,189
0,25,190
0,25,191
0,25,191
0,25,190
0,25,190
0,25,189
0,25,189
1,26,188
2,26,187
2,26,186
2,26,185
2,25,183
1,24,181
1,24,179
0,23,178
0,23,178
1,23,179
1,23,179
1,23,179
1,24,180
1,24,181
1,25,182
2,26,184
2,26,186
2,26,186
2,26,187
2,27,188
2,27,188
2,28,189
1,28,190
1,28,190
1,28,191
1,27,191
0,27,190
0,26,188
0,26,188
0,26,187
0,26,186
0,26,186
0,26,186
0,26,186
0,26,186
0,26,186
0,26,187
0,26,188
0,26,188
0,26,188
1,26,188
1,26,188
0,25,187
0,25,187
0,25,188
0,25,188
0,25,188
0,25,189
0,25,189
0,24,190
0,25,190
0,24,190
0,24,190
0,24,190
0,25,190
0,25,189
0,24,189
0,25,189
0,25,190
0,25,191
0,25,191
0,26,191
0,26,191
0,25,191
0,25,191
0,25,190
0,25,190
0,25,190
0,26,190
0,26,189
0,26,189
0,26,190
0,26,190
0,26,190
0,26,190
0,27,191
0,27,191
0,27,191
0,27,191
0,27,191
0,27,191
0,27,190
0,27,190
1,27,189
1,26,189
1,27,188
1,27,188
1,27,188
1,27,187
1,27,187
1,27,187
1,27,186
1,27,186
1,27,186
1,26,186
1,26,185
1,26,185
1,26,185
1,26,185
2,26,185
2,26,185
2,26,185
2,26,185
2,26,184
2,26,184
2,25,184
1,25,184
1,25,184
0,25,184
1,25,184
1,26,185
2,26,185
2,26,185
2,26,185
2,26,185
2,26,184
2,26,184
2,26,183
2,26,182
2,26,182
2,26,181
2,26,180
2,25,178
2,25,177
2,24,175
2,24,174
2,24,173
2,24,170
2,23,168
2,23,166
1,22,164
1,22,163
1,22,162
1,22,161
1,22,161
2,23,174
2,23,173
1,22,173
1,22,173
1,22,173
1,22,173
1,23,176
2,24,178
3,25,180
3,25,182
3,25,184
3,25,185
2,25,186
2,25,187
2,25,187
2,25,189
1,25,189
0,25,190
0,25,190
0,26,191
0,26,191
0,25,190
0,25,190
0,26,190
1,26,189
2,26,187
3,26,186
3,26,186
3,26,185
2,25,182
1,24,179
0,23,178
0,23,178
0,23,178
1,23,178
1,23,179
1,24,179
1,25,181
1,25,184
1,25,184
1,26,186
1,26,186
1,26,187
1,26,188
1,26,188
1,27,189
1,28,190
1,28,190
0,28,191
0,27,191
0,27,191
0,26,188
0,26,188
0,26,187
0,26,186
0,26,186
0,26,186
0,26,186
0,26,186
0,26,186
0,26,186
0,26,186
0,26,187
0,26,187
0,26,187
0,25,187
0,25,187
0,25,187
0,25,187
0,25,188
0,25,188
0,25,189
0,25,189
0,25,189
0,24,190
0,25,190
0,24,190
0,24,190
0,24,190
0,25,190
0,24,190
0,24,190
0,25,190
0,25,191
0,25,191
0,26,192
0,26,192
0,25,191
0,25,191
0,25,191
0,25,190
0,25,190
0,25,190
0,26,190
0,26,190
0,26,190
0,26,190
0,26,190
0,26,190
0,26,190
0,27,191
0,27,191
0,27,192
0,28,192
0,28,192
0,27,191
0,27,191
1,27,191
1,28,191
1,28,191
1,28,189
2,28,188
1,28,188
1,28,187
1,27,187
1,27,187
1,27,187
1,27,186
1,27,186
1,26,186
1,26,185
1,26,185
1,26,185
2,26,185
2,27,185
2,27,185
2,26,185
2,26,185
2,26,184
2,25,184
2,25,184
1,25,183
1,25,183
0,25,184
0,25,185
1,25,185
1,26,185
2,26,186
2,26,186
2,26,185
2,26,185
2,26,184
2,26,184
2,26,184
2,26,183
2,26,182
2,26,182
2,25,181
2,25,179
2,24,177
2,24,176
2,24,174
2,24,173
2,24,170
2,23,168
1,23,166
1,22,164
1,22,164
1,22,162
1,22,161
1,22,161
2,23,174
1,22,173
1,22,173
0,22,173
1,22,174
1,22,175
1,23,178
3,25,180
3,25,182
3,25,184
3,25,185
3,25,186
2,25,187
2,25,187
2,25,189
1,25,189
0,25,190
0,25,191
0,25,191
0,26,191
0,26,191
0,26,190
0,26,190
0,26,189
1,26,188
2,26,187
4,26,186
4,26,185
3,25,183
2,24,181
1,24,178
0,23,178
0,23,178
0,23,178
1,23,178
1,24,179
1,25,181
1,25,184
1,25,184
1,26,185
1,26,186
1,26,187
1,26,187
1,26,188
1,26,189
0,27,190
1,27,190
0,27,190
0,27,191
0,27,191
0,27,190
0,26,188
0,26,187
0,26,186
0,25,186
0,25,185
0,25,185
0,26,185
0,26,185
0,26,185
0,26,185
0,25,185
0,25,185
0,25,186
0,25,187
0,25,187
0,25,187
0,25,187
0,25,187
0,25,189
0,25,189
0,25,189
0,25,189
0,25,189
0,25,190
0,25,190
1,25,191
0,24,190
0,24,190
0,24,190
0,24,190
0,24,190
0,25,190
0,25,191
0,26,192
0,26,192
0,26,192
0,26,192
0,25,191
0,25,191
0,25,190
0,25,190
0,25,190
0,26,190
0,26,190
0,26,190
0,26,190
0,26,190
0,27,191
0,27,191
0,27,192
0,28,192
0,28,192
0,28,192
0,28,192
0,27,192
0,27,192
1,28,192
1,28,192
1,28,191
1,28,191
2,28,189
1,28,188
1,28,187
1,27,187
1,27,187
1,27,187
1,27,187
1,26,187
1,26,186
1,26,186
1,26,186
1,26,186
2,27,186
2,27,186
2,27,185
2,26,185
2,26,185
2,26,184
2,25,183
1,25,183
1,25,183
0,25,183
0,25,184
0,25,185
0,25,185
1,26,186
1,26,186
2,26,186
2,26,186
2,26,186
2,26,185
2,26,185
2,26,185
2,26,185
2,26,184
2,26,184
2,25,182
2,25,181
2,24,179
2,24,178
2,24,176
3,24,175
2,24,173
2,23,170
2,23,168
1,23,167
1,23,165
1,22,164
1,22,162
1,22,161
2,23,175
1,22,174
1,22,174
0,22,173
0,22,174
0,22,175
1,23,178
1,24,180
2,25,182
3,25,184
3,26,185
2,26,186
2,25,187
2,25,187
2,25,189
1,25,190
1,25,190
0,25,190
0,25,191
0,25,191
0,26,191
0,26,191
0,26,190
0,26,190
0,26,189
2,26,187
3,26,187
4,26,186
4,26,184
4,25,182
2,24,180
1,23,178
0,23,178
0,23,178
0,23,178
1,23,179
1,24,180
1,25,182
1,26,184
1,26,185
1,26,186
1,26,187
0,26,187
0,26,188
0,26,189
0,27,190
0,27,190
0,27,191
0,27,190
0,27,191
0,27,190
0,26,188
0,26,187
0,26,186
0,26,186
0,25,185
1,25,185
1,25,184
1,25,184
0,25,184
0,25,184
0,25,184
0,25,184
0,25,185
0,25,185
0,25,187
0,25,187
0,25,187
0,25,187
0,25,189
0,25,189
0,25,189
0,25,189
0,25,189
0,25,190
0,25,190
1,25,190
1,25,191
1,25,191
0,24,190
0,24,190
0,24,190
0,25,190
0,25,191
0,26,192
0,26,192
0,26,192
0,26,192
0,26,192
0,26,192
0,25,191
0,25,191
0,25,190
0,25,190
0,26,190
0,26,190
0,26,191
0,27,191
0,27,192
0,27,192
0,27,192
0,28,192
0,28,192
0,28,192
0,28,192
0,28,192
0,28,192
0,28,192
1,28,192
1,28,192
1,28,192
2,28,192
2,28,191
2,28,188
1,27,188
0,27,187
0,27,187
0,27,187
0,27,187
0,26,187
0,26,187
1,26,187
1,26,187
2,26,187
2,27,187
2,27,187
2,27,186
2,26,185
2,26,185
2,25,185
1,25,184
0,25,183
0,25,183
0,25,183
0,25,185
0,25,185
0,25,186
1,26,186
1,26,186
1,26,186
1,26,186
1,26,186
2,26,186
2,26,186
2,26,186
2,26,186
2,26,186
2,25,185
2,25,184
2,25,183
2,24,181
2,24,179
2,24,178
3,24,176
2,24,175
2,24,173
2,23,170
2,23,168
1,23,165
1,23,165
1,23,164
1,23,162
1,23,161
1,23,175
1,23,174
1,23,174
1,22,174
0,22,174
0,22,175
1,22,178
1,24,180
2,25,182
2,25,184
2,25,185
2,25,186
2,25,187
2,25,187
2,25,189
1,25,190
0,24,190
0,24,190
0,24,191
0,25,191
0,25,191
0,26,191
0,26,191
0,26,190
0,26,189
1,26,188
2,26,187
4,26,186
4,26,185
4,26,183
3,25,181
1,24,179
1,23,179
0,23,178
0,23,178
0,23,179
1,24,181
1,25,182
1,25,184
1,26,185
1,26,186
0,26,187
0,26,187
0,26,188
0,26,190
0,26,190
0,27,191
0,27,191
0,27,191
0,27,190
0,27,190
0,26,188
0,26,188
0,26,187
0,26,186
0,26,185
1,25,184
1,25,184
1,25,183
1,25,183
0,25,183
0,25,184
0,25,184
0,25,184
0,25,184
0,25,185
0,25,187
0,25,187
0,25,188
0,25,189
0,25,189
0,25,189
0,25,189
0,25,189
0,25,189
0,25,190
1,25,190
1,25,191
1,25,191
1,25,191
1,25,191
0,25,190
0,25,191
0,25,191
0,25,191
0,26,192
1,27,193
1,27,193
1,27,193
1,27,193
0,26,192
0,25,191
0,25,191
0,25,191
0,25,191
0,26,191
0,26,191
0,27,191
0,27,193
1,28,193
0,28,193
0,28,193
0,28,193
0,28,193
0,28,193
0,28,193
0,28,193
0,28,192
0,28,192
1,28,192
1,28,192
1,28,192
1,28,192
1,28,191
1,28,189
0,27,188
0,27,188
0,27,188
0,27,188
0,27,188
0,27,188
1,26,188
1,26,188
1,26,188
2,27,188
3,27,188
3,27,187
2,27,187
2,26,186
2,26,186
1,25,185
0,25,185
0,25,185
0,25,185
0,25,185
0,25,185
0,25,186
0,26,186
1,26,187
1,26,187
1,26,187
1,26,187
1,26,187
1,26,186
2,26,186
2,26,186
2,25,187
2,26,187
2,25,186
2,25,186
2,25,185
2,25,183
2,24,181
2,24,180
3,24,178
3,24,176
3,24,175
2,24,172
2,23,169
1,23,168
1,23,165
1,23,165
1,23,163
1,23,162
0,23,161
2,23,175
1,23,175
1,23,175
1,23,175
0,22,175
1,23,178
1,24,180
2,25,181
2,25,184
2,25,185
2,25,186
2,25,187
2,25,187
2,25,189
1,25,190
0,25,190
0,24,190
0,24,191
0,24,191
0,25,191
0,25,191
0,26,191
0,26,190
0,26,190
0,26,189
1,26,187
3,26,187
4,26,186
4,26,184
3,25,182
2,24,180
1,24,179
1,23,179
0,23,179
0,23,179
0,24,179
1,25,183
1,26,184
1,26,185
1,26,186
0,26,186
0,25,187
0,26,187
0,26,190
0,26,190
0,27,191
0,27,191
0,27,191
0,27,191
0,27,190
0,26,190
1,26,188
1,26,187
0,26,186
1,26,186
1,25,184
1,25,183
0,24,183
1,24,182
1,24,182
1,24,183
1,25,183
1,25,183
1,25,184
0,25,184
0,25,184
0,25,186
0,25,187
0,25,189
1,26,190
1,26,190
0,25,190
0,25,189
0,25,189
0,25,190
1,25,190
1,25,191
1,25,191
1,25,191
1,25,191
1,25,191
0,25,191
0,25,191
0,25,191
0,26,192
0,26,193
1,27,193
1,27,193
1,27,193
1,27,193
0,26,192
0,25,191
0,25,191
0,25,191
0,25,191
0,26,191
0,26,191
0,27,192
1,28,193
1,28,193
1,28,194
1,28,194
0,28,194
0,28,194
0,28,193
0,28,193
0,28,193
0,28,193
0,28,192
0,28,192
1,28,192
1,28,192
1,28,192
1,28,192
0,28,191
0,27,190
0,27,189
0,27,190
0,27,191
0,27,191
0,27,191
0,27,190
1,26,190
1,27,189
2,27,189
3,27,188
3,27,188
2,26,187
2,26,187
1,26,187
1,25,186
0,25,186
0,25,185
0,25,185
0,25,185
1,26,186
0,26,186
0,26,187
1,26,187
1,26,187
1,26,187
1,26,187
1,26,187
0,25,187
0,25,187
2,25,187
2,25,187
2,25,187
2,25,187
2,25,187
2,25,186
2,25,185
2,25,183
2,25,181
3,25,180
3,25,178
3,25,176
2,24,174
2,24,170
1,23,168
1,23,167
1,23,165
1,23,163
1,23,162
0,23,161
2,23,175
2,23,175
1,23,175
1,23,175
1,23,176
1,24,178
1,24,180
1,25,181
2,25,184
2,25,185
2,25,186
2,25,187
2,25,188
1,25,189
1,25,190
1,25,191
0,25,191
0,24,192
0,24,192
0,24,192
0,25,191
0,25,191
0,25,191
0,26,190
0,26,190
1,26,188
1,26,187
3,26,187
3,26,184
3,25,183
2,24,181
2,24,180
1,23,179
1,23,179
0,23,179
0,23,179
1,25,183
1,25,184
1,26,185
1,26,186
1,26,187
0,26,187
0,26,187
0,26,189
0,27,190
0,27,191
0,27,191
0,27,191
0,27,191
0,27,191
0,26,190
0,26,189
1,26,187
1,26,186
1,26,186
1,25,185
1,25,184
1,24,183
0,23,182
0,23,182
1,23,182
1,24,182
1,24,183
1,25,183
1,25,184
0,25,184
0,25,185
0,25,186
0,25,189
1,26,190
1,26,190
1,26,190
1,25,190
0,25,190
0,25,190
0,25,190
1,25,190
1,25,191
1,25,191
1,25,191
1,25,191
0,25,191
0,24,191
0,25,191
0,25,192
0,26,193
1,27,193
1,27,193
1,27,193
1,27,193
1,27,193
0,26,192
0,26,192
0,26,192
0,25,191
0,25,191
0,26,191
0,27,192
1,27,193
1,28,194
1,28,194
1,28,194
1,28,194
1,28,194
1,28,195
0,28,194
0,28,193
0,27,193
0,27,193
0,27,192
0,28,192
0,28,192
1,28,192
1,28,192
1,28,192
0,28,192
0,28,191
0,27,191
0,27,191
0,27,191
1,27,192
1,27,191
1,27,191
1,27,191
1,26,190
1,26,189
2,26,189
2,26,189
2,26,188
2,26,188
1,26,187
1,26,187
1,26,187
1,26,187
1,26,186
1,26,187
1,26,187
1,26,187
0,26,187
0,26,187
0,26,187
0,25,187
1,26,187
0,25,187
0,25,187
0,25,187
1,25,188
1,25,188
2,25,188
2,25,189
2,25,188
2,25,187
2,25,186
2,25,185
2,25,183
3,25,181
3,25,179
3,25,177
3,25,175
2,24,173
1,23,170
1,23,168
1,23,165
0,23,164
0,23,163
0,23,162
0,22,161
2,23,175
2,23,175
2,23,175
1,23,175
1,23,177
1,24,178
1,25,180
1,25,181
2,25,184
2,25,184
2,25,186
2,25,187
2,25,188
1,25,189
1,25,190
0,25,191
0,25,191
0,25,192
0,25,192
0,24,192
0,24,192
0,25,191
0,25,191
0,25,191
0,26,190
1,26,190
1,26,188
1,26,187
2,26,186
3,26,184
2,24,182
2,24,180
1,23,180
1,23,179
1,23,179
0,23,179
1,24,183
1,25,184
1,26,185
1,26,186
1,26,187
1,26,187
0,26,189
0,26,189
0,27,190
0,27,191
0,27,191
0,27,191
0,27,191
0,27,191
0,26,190
1,26,190
1,26,188
1,26,187
1,26,186
1,26,185
1,25,184
1,24,183
1,24,182
1,23,182
1,23,181
1,23,182
2,24,183
2,24,184
2,25,184
2,25,184
1,25,185
1,25,186
1,25,189
1,26,190
1,26,190
1,26,190
1,26,190
0,25,190
0,25,190
0,25,190
0,25,190
0,25,191
1,25,191
1,25,191
1,25,191
0,25,191
0,25,191
0,25,191
0,25,191
0,26,193
0,26,194
0,27,194
1,27,194
1,27,193
0,27,193
0,27,193
0,27,193
0,27,192
0,27,192
0,26,192
0,26,192
0,26,192
0,27,193
0,27,194
1,28,194
1,29,195
1,29,196
1,29,196
1,29,195
1,29,195
1,28,195
0,28,194
0,27,193
0,27,193
0,27,192
0,28,192
0,28,192
1,28,192
1,28,192
1,28,193
0,28,193
0,28,192
0,28,192
0,28,192
0,28,193
1,28,193
1,27,193
0,27,192
1,27,192
1,26,191
1,26,190
0,26,189
1,26,189
1,26,189
1,26,188
1,26,188
1,26,188
1,26,188
0,26,188
0,26,188
1,26,188
1,26,188
0,26,187
0,26,187
0,25,187
0,25,187
0,25,187
0,25,188
0,25,188
0,25,188
0,25,189
0,25,189
0,25,189
1,26,189
1,26,189
1,26,189
2,26,188
2,26,187
2,25,186
2,25,184
3,25,182
3,25,181
3,25,178
3,25,176
2,25,174
1,24,170
1,23,168
0,23,166
0,23,164
0,23,163
0,23,163
0,22,161
0,22,161
2,23,175
1,23,175
1,23,175
1,23,176
1,24,178
1,25,180
1,25,182
1,25,184
2,25,184
2,26,186
2,25,187
1,25,188
1,25,189
1,25,190
0,25,191
0,25,191
0,25,192
0,25,192
0,25,192
0,25,192
0,25,192
0,25,192
0,25,191
0,25,191
0,26,190
1,26,188
1,26,187
1,26,186
2,26,185
2,25,182
2,24,181
1,24,180
1,23,180
1,23,180
0,23,181
0,24,183
1,25,184
1,25,185
1,26,187
1,26,187
1,27,188
0,27,189
0,27,190
0,27,191
0,27,191
0,27,191
0,27,191
0,27,191
0,27,191
0,26,190
0,26,190
1,26,189
1,26,187
1,26,186
1,26,185
1,26,184
1,25,184
1,24,183
1,23,182
0,23,182
0,23,181
1,23,182
2,24,183
2,25,184
2,25,185
2,25,185
2,25,186
1,25,188
1,26,190
1,26,190
1,26,191
1,26,191
1,25,191
0,25,190
0,25,190
0,25,190
0,25,191
0,25,191
1,25,191
1,25,191
0,25,191
0,25,191
0,25,191
0,25,191
0,25,192
0,26,194
0,26,194
0,27,194
0,27,194
0,27,194
0,27,194
0,27,193
0,27,193
0,27,193
0,27,193
0,27,192
0,26,192
0,26,193
0,27,194
0,27,194
1,28,195
1,28,196
1,29,196
1,28,196
1,28,196
1,28,195
0,28,195
0,27,195
0,27,193
0,27,192
0,27,192
0,27,192
0,28,192
0,28,192
1,28,192
1,28,193
0,28,193
0,28,192
0,28,193
0,28,193
1,28,193
1,28,193
1,28,193
0,27,193
1,27,192
0,26,191
0,26,191
0,26,190
0,26,190
0,26,189
1,26,189
1,26,189
1,26,189
1,27,189
1,27,189
1,27,189
1,27,188
1,26,188
0,26,188
0,25,187
0,25,187
0,25,187
0,25,187
0,25,188
0,26,189
0,26,190
0,26,190
0,26,190
0,26,190
0,26,190
0,26,190
1,26,190
1,26,189
2,26,188
2,26,187
2,26,185
3,26,184
3,26,182
3,26,180
3,26,178
2,25,175
1,24,173
1,24,170
1,23,167
0,23,165
0,23,164
0,23,163
0,23,163
0,23,162
1,23,175
1,23,175
1,23,175
1,23,177
1,24,178
1,24,180
1,25,181
1,25,184
1,25,184
1,25,185
1,25,187
1,25,188
1,25,189
1,25,190
1,25,191
0,25,191
0,25,191
0,25,191
0,25,192
0,25,193
0,25,192
0,25,192
0,25,192
1,25,191
1,25,191
1,26,190
1,26,188
1,26,187
1,26,186
1,25,184
1,24,181
1,23,181
1,23,181
1,23,180
1,24,181
0,24,183
0,25,184
1,25,185
1,26,187
1,26,188
1,27,188
1,27,189
0,27,190
0,27,191
0,27,191
0,27,191
0,27,191
0,27,191
0,27,191
0,27,190
0,26,190
1,26,189
1,26,187
1,26,187
1,26,186
1,26,185
1,25,184
1,24,183
1,23,182
1,23,182
1,23,182
1,23,182
2,24,183
2,24,184
2,25,185
2,25,185
2,25,187
2,25,188
2,26,190
2,27,191
2,27,192
2,26,191
1,26,191
0,25,191
0,25,191
0,25,191
0,25,191
0,25,191
0,26,192
0,26,192
0,26,192
0,26,192
0,25,191
0,25,191
0,25,192
0,26,194
0,26,194
0,26,195
0,27,195
0,27,195
0,27,194
0,27,194
0,28,193
0,27,193
0,27,193
0,27,193
0,27,192
0,27,193
0,27,194
0,27,194
0,27,195
0,28,196
1,28,196
1,28,196
1,28,196
1,28,196
1,28,196
0,27,195
0,27,195
0,27,192
0,26,192
0,26,191
0,27,191
0,27,192
0,28,192
0,28,192
0,28,193
0,28,193
0,28,193
1,29,193
0,28,193
1,28,193
1,28,193
0,28,193
0,27,193
0,26,192
0,26,191
0,26,191
0,26,191
0,26,190
0,26,191
0,27,191
0,27,191
1,27,191
1,27,191
1,27,191
1,27,191
1,27,190
1,26,189
0,26,188
0,25,188
0,25,187
0,25,187
0,25,188
0,25,189
0,26,190
0,26,190
0,26,190
0,26,190
0,26,190
0,26,190
0,26,190
0,26,190
0,26,190
1,26,190
1,26,188
1,26,187
2,26,185
2,27,183
3,26,182
2,26,179
2,25,176
1,24,174
1,24,172
1,24,170
1,23,168
1,23,165
0,23,164
0,23,163
0,23,163
0,23,162
1,23,175
1,23,175
1,23,175
1,23,176
1,24,178
1,24,179
1,25,181
1,25,184
1,26,184
1,26,185
1,25,186
1,26,187
1,25,188
1,25,190
1,25,190
1,25,191
0,25,191
0,25,191
0,25,191
0,25,192
0,25,192
0,25,192
0,25,192
1,25,192
1,25,191
1,26,190
1,26,188
1,26,187
1,26,186
1,25,185
1,24,183
1,24,182
1,23,181
1,23,181
1,24,181
1,24,183
0,25,184
1,25,185
1,26,186
1,26,188
1,26,189
1,27,190
0,27,191
0,28,191
0,28,192
0,28,191
0,27,191
0,27,191
0,27,191
0,27,190
0,26,190
0,26,189
1,26,188
1,25,187
1,25,185
1,26,185
1,25,184
1,25,183
1,23,182
1,23,182
1,23,182
1,23,182
2,24,183
2,24,184
2,25,185
2,25,187
2,25,188
2,26,190
2,26,191
2,27,192
2,27,193
2,27,193
2,27,193
1,26,192
0,26,191
0,25,191
0,25,191
0,25,191
0,26,192
1,26,192
1,27,193
0,27,192
0,27,192
0,26,192
0,25,192
0,26,193
0,26,194
0,27,195
0,26,195
0,27,195
0,27,195
0,27,194
0,28,194
0,28,194
0,28,193
0,27,193
0,27,193
0,27,193
0,27,193
0,27,194
0,27,195
0,27,195
0,28,196
1,28,196
1,28,196
1,28,196
1,28,196
1,28,196
1,27,195
0,27,195
0,27,192
0,26,192
0,26,191
0,26,191
0,27,192
0,28,192
0,28,193
0,28,193
0,28,193
0,28,193
1,29,193
0,28,193
0,28,193
0,28,193
0,28,193
0,27,193
0,26,192
0,26,192
0,26,191
0,26,191
0,27,191
0,28,192
0,28,192
0,28,192
1,28,192
1,28,192
1,28,192
1,28,192
1,27,191
1,27,191
0,26,188
0,25,188
0,25,188
0,25,188
0,25,189
0,26,190
0,26,190
0,26,190
0,26,190
0,26,190
0,26,190
0,26,190
0,26,190
0,26,190
0,26,190
0,26,190
0,26,190
1,26,188
1,26,187
2,27,185
3,26,183
2,26,181
2,26,179
2,25,176
2,25,174
1,24,172
1,24,170
1,24,168
1,23,167
0,23,164
0,23,163
0,23,163
0,23,162
0,23,175
0,23,175
0,23,177
0,23,178
1,24,179
1,24,180
1,25,182
1,26,184
1,26,185
1,26,186
1,26,187
1,26,188
1,25,190
1,25,190
1,25,191
0,25,191
0,25,191
0,25,191
0,25,191
0,25,191
0,25,192
0,25,192
1,25,192
1,25,191
1,25,191
1,26,190
1,26,188
1,26,187
1,26,186
1,25,185
1,23,182
1,23,182
1,23,182
1,23,182
1,24,182
1,25,183
1,25,185
1,26,186
1,26,188
1,26,189
0,27,191
0,27,191
0,27,192
0,28,192
0,28,192
0,28,192
0,27,191
0,27,191
0,27,190
0,26,189
0,26,188
1,25,188
1,25,187
1,25,185
1,25,185
1,25,184
1,25,183
1,24,183
1,24,183
1,23,183
2,24,183
2,24,183
2,24,184
2,25,185
3,25,187
2,25,188
2,26,191
2,27,192
2,27,193
2,27,193
2,27,194
2,27,194
2,27,193
2,27,193
1,26,192
0,26,192
0,26,192
0,26,192
1,27,193
1,27,193
1,27,193
1,27,193
0,27,192
0,27,192
0,27,192
0,26,193
0,27,194
0,27,195
0,27,195
0,27,195
1,27,195
1,28,194
1,28,194
1,28,194
0,28,193
0,28,193
0,27,193
0,27,193
0,27,194
0,27,195
0,27,195
0,27,195
0,27,195
0,28,196
1,28,196
1,28,196
1,28,196
1,28,196
1,27,195
1,27,195
0,27,193
0,26,192
0,26,192
0,27,192
0,27,192
0,28,192
0,28,192
0,28,193
0,28,193
0,28,193
0,28,193
0,28,193
0,28,194
0,28,194
0,27,193
0,27,193
0,26,193
0,26,192
0,26,192
0,27,192
0,28,192
0,28,192
0,28,192
0,28,192
0,28,192
0,28,193
1,28,193
1,28,193
1,28,192
1,27,191
0,27,191
0,25,189
0,25,189
0,25,189
0,25,189
0,26,190
0,26,190
0,27,191
0,27,191
0,27,191
0,27,191
0,27,191
0,26,191
0,26,191
0,26,191
0,26,191
0,26,190
0,26,190
1,26,187
1,27,186
2,27,185
2,27,182
2,26,181
2,26,178
2,25,176
2,25,175
2,25,173
2,24,170
1,24,169
1,23,167
0,23,164
0,23,163
0,23,163
1,23,175
0,23,175
0,23,175
0,23,178
1,23,179
1,24,180
1,25,182
1,25,184
1,26,185
1,26,185
1,26,186
1,26,187
1,25,189
1,25,190
1,25,190
1,25,191
0,25,191
0,25,191
0,25,191
0,25,191
0,26,191
0,26,191
0,26,191
1,26,191
1,26,191
1,26,191
1,26,190
1,26,188
1,26,186
1,26,185
1,25,184
1,23,182
1,23,182
1,23,182
1,24,182
1,24,183
1,25,185
1,26,186
1,26,188
1,26,189
0,27,191
0,27,191
0,27,192
0,27,192
0,28,192
0,28,192
0,28,192
0,27,191
0,27,191
0,27,189
0,26,188
0,26,187
1,25,187
1,25,186
1,25,185
2,25,184
2,25,184
2,24,183
1,24,183
1,24,183
1,24,183
2,24,183
2,24,184
2,25,186
2,25,187
3,26,189
2,26,191
2,27,192
2,27,193
2,27,195
2,27,196
2,28,196
2,28,196
2,28,196
2,28,194
1,27,193
1,27,193
0,26,192
1,27,193
1,27,193
1,28,194
1,28,194
1,28,194
0,28,193
0,27,193
0,27,193
0,27,193
0,27,195
0,27,195
0,27,196
1,27,196
1,28,195
1,28,195
1,29,194
1,29,194
1,29,194
0,28,193
0,27,193
0,27,193
0,27,194
0,27,194
0,27,195
0,27,195
0,27,195
0,28,196
1,28,196
1,28,196
1,28,196
1,28,196
1,27,195
1,27,195
1,27,193
1,27,193
0,27,192
0,27,192
0,27,192
0,28,192
0,28,192
0,28,192
0,28,193
0,28,193
0,28,193
0,28,193
0,28,194
0,27,194
0,27,194
0,26,194
0,26,194
0,27,193
0,27,193
0,28,193
0,28,193
0,28,193
0,28,193
0,28,193
0,28,193
1,28,194
1,28,194
1,28,193
1,28,193
1,27,192
0,27,191
0,26,190
0,25,189
0,25,190
0,26,190
0,26,190
0,27,191
0,27,191
0,27,191
0,27,191
0,27,192
0,27,192
0,27,192
0,26,192
0,26,191
0,26,191
0,26,191
0,26,190
1,26,189
1,27,187
2,26,186
2,27,185
3,26,182
2,26,181
3,26,178
3,26,177
3,25,175
3,25,174
2,24,170
1,24,169
0,23,167
0,23,164
0,24,163
0,24,162
1,23,175
0,23,176
1,23,178
1,23,179
1,24,180
1,24,180
1,25,183
1,25,184
1,25,185
1,26,186
1,26,187
1,26,188
1,25,190
0,25,190
1,25,190
0,25,191
0,25,191
0,25,191
0,25,191
0,25,191
0,25,191
0,25,191
0,25,191
1,25,191
1,26,191
1,26,190
1,26,190
1,26,187
1,26,186
1,25,185
1,25,184
1,23,182
1,23,182
1,23,182
1,24,183
1,24,184
1,25,186
1,26,187
1,26,189
0,26,191
0,26,191
0,27,192
0,27,192
0,27,192
0,28,192
0,28,192
0,27,191
0,27,191
0,27,188
0,26,188
0,26,187
1,26,186
2,25,186
2,25,185
2,25,185
2,25,184
2,24,183
2,24,183
1,24,183
1,24,183
1,24,184
2,25,185
2,25,186
2,25,188
2,26,189
2,26,191
2,27,192
2,27,194
2,27,196
2,28,196
2,28,196
2,28,196
2,28,196
2,28,196
1,28,194
1,28,194
1,27,193
1,27,193
1,27,193
1,28,194
1,29,194
1,29,194
1,29,194
1,28,194
0,28,193
0,27,193
0,27,193
0,27,195
0,27,196
1,27,196
1,27,196
1,28,196
1,28,195
1,29,194
1,29,194
1,29,194
0,28,193
0,27,193
0,27,193
0,27,193
0,27,194
0,27,195
0,27,195
0,28,195
1,28,196
1,28,196
1,28,196
1,28,196
1,27,195
1,27,195
1,27,194
1,27,193
1,27,193
0,27,192
0,27,192
0,27,192
0,27,192
0,27,192
0,27,192
0,28,192
0,28,192
0,28,193
0,27,193
0,27,193
0,27,194
0,26,194
0,26,194
0,27,194
0,27,193
0,28,193
0,28,193
0,28,193
0,28,193
0,28,193
0,28,194
0,28,194
0,28,194
1,28,194
1,28,194
1,28,194
1,27,193
0,27,192
0,26,191
0,26,190
0,26,190
0,26,191
0,27,191
0,27,191
0,27,192
0,27,192
0,27,192
0,27,192
0,27,192
0,27,192
0,26,192
0,26,191
0,26,191
0,26,191
0,26,190
0,26,189
1,26,187
2,26,186
2,26,185
2,26,184
2,26,182
3,26,181
3,26,178
3,26,177
3,26,176
2,25,174
1,24,170
0,24,168
0,24,164
0,24,164
0,24,163
1,23,175
1,23,176
1,23,177
1,23,179
1,24,180
1,24,180
1,25,182
1,25,184
1,25,185
1,25,186
1,25,186
1,26,187
1,26,189
0,26,190
0,25,190
0,25,191
0,25,191
0,25,191
0,25,191
0,25,191
0,26,191
0,26,191
0,26,191
0,26,191
1,26,191
1,26,191
1,26,190
1,26,188
1,26,187
1,26,186
2,25,185
1,25,183
1,23,182
1,23,182
1,23,182
1,24,184
1,25,185
2,25,186
1,26,189
1,26,191
1,26,192
1,26,192
0,27,192
0,27,192
0,27,192
1,28,192
0,28,192
0,27,191
0,27,190
0,27,188
0,26,187
0,26,186
1,26,186
2,25,185
2,25,185
2,25,184
2,25,183
2,25,183
1,25,183
1,25,183
1,25,184
1,25,185
1,25,186
1,26,188
2,26,190
2,26,191
2,27,193
2,27,195
2,28,196
2,28,196
1,28,196
1,28,196
1,28,196
1,28,196
1,28,196
1,28,195
1,28,194
1,28,194
1,28,194
1,29,194
1,29,194
1,29,194
1,29,194
1,29,194
1,28,194
0,28,193
0,27,193
0,26,193
0,26,196
0,27,196
1,27,196
1,27,196
1,28,196
1,28,196
1,29,194
1,29,194
1,29,194
0,28,193
0,27,192
0,27,192
0,27,192
0,27,194
0,28,195
1,28,195
1,28,196
1,28,196
1,28,196
1,28,196
1,28,196
1,27,195
1,27,193
1,27,193
1,27,193
1,27,193
0,27,192
0,27,192
0,27,192
0,26,191
0,26,191
0,26,191
0,27,191
0,27,192
0,27,192
0,27,192
0,27,192
0,26,193
0,26,193
0,26,194
0,27,194
0,27,194
0,28,193
0,28,193
0,28,194
0,28,194
0,28,194
0,28,194
0,28,195
0,28,195
1,28,195
1,28,195
1,28,194
0,27,193
0,27,193
0,26,192
0,26,191
0,26,191
0,27,192
0,27,192
0,27,192
0,27,192
0,27,192
0,27,192
0,27,192
0,26,192
0,26,192
0,26,192
0,26,192
0,26,191
0,26,191
0,25,189
0,26,188
1,26,187
2,26,186
2,26,186
2,26,185
3,26,184
3,26,182
3,26,180
3,26,178
3,26,177
3,26,176
2,25,173
0,24,169
0,24,167
0,23,164
0,23,163
0,24,162
1,23,175
1,23,177
1,23,178
1,23,179
1,24,180
1,25,182
1,25,183
1,25,185
0,25,186
0,25,186
0,25,187
0,26,189
0,26,190
0,26,190
0,26,190
0,25,191
0,25,191
0,25,191
0,25,191
0,26,191
0,26,191
0,26,191
0,26,191
0,26,191
0,26,191
1,26,191
1,26,190
1,26,188
1,26,187
2,25,185
2,25,184
1,25,182
1,23,182
1,23,182
1,23,182
1,24,184
1,24,186
2,25,188
1,26,190
1,26,192
1,26,192
1,26,192
0,27,192
1,27,193
1,27,192
1,28,192
0,28,191
0,27,190
0,27,188
0,26,187
0,26,186
1,26,185
2,25,185
2,25,184
2,25,184
2,25,184
2,25,184
2,25,184
1,25,184
1,25,185
1,25,185
1,25,186
1,26,188
1,26,190
1,26,191
2,26,193
2,27,195
2,28,196
2,28,196
2,28,196
1,28,196
1,28,196
1,28,196
1,29,196
1,29,195
1,29,195
1,29,194
1,29,194
1,29,194
1,29,194
1,29,194
1,29,194
1,29,194
1,29,194
0,28,193
0,27,193
0,26,193
0,26,194
0,26,196
0,27,196
1,27,196
1,27,196
1,28,196
1,28,196
1,29,194
1,29,194
1,29,194
0,28,193
0,27,192
0,27,192
0,27,192
0,27,193
0,28,195
1,28,195
1,28,196
1,28,196
1,28,196
1,28,196
1,27,195
1,27,193
1,27,193
1,27,193
1,27,193
1,27,192
0,27,192
0,26,192
0,26,191
0,26,191
0,26,191
0,26,190
0,26,190
0,26,190
0,26,191
0,26,191
0,26,192
0,26,192
0,26,193
0,26,194
0,27,194
0,28,194
0,28,194
0,28,194
0,28,194
0,28,194
0,27,195
0,27,195
0,27,195
0,27,195
1,27,195
1,27,195
1,27,195
0,27,194
0,27,194
0,27,193
0,27,193
0,27,193
0,27,193
0,27,193
0,27,192
0,27,192
0,27,192
0,26,192
0,26,192
0,26,192
0,26,191
0,26,191
0,26,191
0,26,191
0,25,190
0,25,189
0,25,187
0,26,187
2,26,186
2,26,186
2,26,185
2,26,185
3,26,183
3,26,182
3,26,180
3,26,178
3,26,177
2,25,175
2,24,171
1,24,168
0,23,165
0,23,164
1,23,162
0,23,176
0,23,176
1,23,178
1,23,179
1,24,180
1,25,182
1,26,183
1,25,184
1,25,185
0,25,186
0,25,187
0,25,188
0,26,189
0,26,190
0,26,190
0,26,191
0,26,191
0,26,192
0,26,192
0,25,191
0,26,191
0,26,191
0,26,191
0,26,191
0,26,191
0,26,191
1,26,191
1,26,190
1,26,188
2,26,187
2,25,185
2,25,184
1,25,181
1,23,181
1,23,181
1,23,182
1,24,184
1,24,186
2,25,188
1,25,191
1,26,192
1,26,192
1,26,192
1,27,192
1,27,193
1,27,192
1,27,192
1,27,191
0,27,189
0,26,187
0,26,186
0,25,185
1,25,185
2,25,184
2,25,184
2,25,184
2,25,184
1,25,184
1,25,184
1,25,185
1,25,186
1,26,186
1,26,188
1,26,190
1,26,191
1,26,193
1,28,195
1,28,196
1,28,196
1,28,196
1,28,196
1,28,196
1,28,196
1,29,195
0,29,195
0,29,194
1,29,194
1,29,194
1,29,194
1,29,194
1,29,194
1,29,194
1,29,194
1,29,194
0,28,193
0,27,193
0,27,193
0,26,193
0,26,194
0,26,195
1,27,196
1,27,196
1,28,196
1,28,196
1,29,195
1,29,194
1,29,194
1,29,194
0,28,192
0,27,192
0,27,192
0,27,192
0,27,193
0,28,194
1,28,195
1,28,196
1,28,196
1,28,196
1,28,194
1,27,193
1,27,193
1,27,193
0,27,191
0,26,191
0,26,191
0,26,191
0,26,191
0,25,191
0,25,190
0,25,190
0,25,190
0,26,190
0,26,190
0,26,190
0,26,190
0,26,191
0,26,191
0,26,193
0,27,193
1,27,194
1,28,194
1,28,194
0,28,194
0,27,194
0,27,194
1,27,195
1,27,195
1,27,195
0,27,195
1,27,195
0,27,195
0,27,195
1,27,195
0,27,195
0,27,195
0,27,194
0,28,194
0,28,194
1,28,193
1,27,193
0,27,192
0,26,192
0,26,191
0,26,191
0,26,191
0,26,191
0,26,191
0,26,190
0,25,189
0,25,189
0,25,187
0,25,187
0,26,187
2,26,186
2,26,186
2,26,186
2,26,185
3,26,184
3,26,183
3,26,181
3,26,180
3,26,178
2,26,176
2,25,174
2,24,169
1,23,167
1,23,164
1,22,163
1,23,162
0,23,176
0,23,177
1,23,178
1,24,180
1,25,181
2,26,183
2,26,184
1,26,185
0,25,186
0,25,187
0,25,187
0,25,189
0,25,189
0,26,190
0,26,190
0,26,191
0,26,192
0,26,192
0,26,192
0,26,192
0,26,192
0,26,192
0,26,192
0,26,192
0,26,192
0,26,191
1,26,190
1,26,190
1,26,188
2,26,187
2,25,185
2,25,184
2,25,181
1,23,181
1,23,181
1,23,182
1,24,184
1,24,186
2,25,189
1,25,191
1,26,192
1,26,192
1,26,192
1,27,192
1,27,193
1,28,192
1,27,192
1,27,190
0,26,188
0,26,186
0,25,185
0,25,185
0,24,184
1,24,183
2,24,183
2,25,184
1,25,184
1,25,184
0,25,185
0,25,186
1,26,187
1,26,188
1,26,190
1,26,191
1,27,194
1,28,195
1,28,196
1,28,196
1,28,196
1,28,196
1,28,196
0,28,195
0,28,195
0,29,195
0,29,194
0,29,194
0,29,194
1,29,194
1,29,194
1,29,194
1,29,194
1,29,194
1,29,194
1,28,193
0,27,193
0,27,192
0,27,193
0,27,193
0,27,194
0,27,195
1,27,196
1,28,196
1,28,196
1,28,196
1,29,194
1,29,194
1,29,194
1,29,193
0,28,192
0,27,192
0,27,192
0,27,192
0,27,193
0,28,193
0,28,195
1,28,195
1,28,195
1,28,194
1,28,194
1,27,193
0,27,192
0,26,191
0,26,190
0,26,189
0,26,189
0,26,189
0,25,189
0,25,189
0,25,189
0,25,189
0,25,189
0,25,190
0,25,190
0,26,190
0,26,190
0,26,190
0,26,191
0,27,192
1,27,193
1,27,193
1,28,194
1,27,194
0,27,194
0,27,195
1,27,195
1,27,195
1,27,195
1,27,195
0,27,195
0,27,195
0,27,195
0,27,195
1,28,196
1,28,196
1,28,196
1,28,195
1,28,195
1,28,194
1,28,194
1,28,193
1,27,193
0,26,192
0,26,191
0,26,191
0,26,191
0,26,190
0,25,190
0,25,189
0,25,189
0,25,188
0,25,187
0,25,187
0,25,187
1,26,186
2,26,186
2,26,186
2,26,185
2,26,185
2,26,184
3,26,182
3,26,180
3,26,178
2,26,177
2,25,175
2,25,171
1,23,167
1,23,165
1,22,163
1,23,163
1,24,176
1,23,177
1,23,178
1,24,180
1,25,181
2,26,182
2,26,184
2,26,185
1,26,186
0,25,187
0,25,187
0,25,187
0,25,189
0,26,190
0,26,190
0,26,190
0,26,191
0,26,192
0,26,192
0,26,192
0,26,193
0,26,193
0,26,192
0,26,192
0,26,192
0,26,192
0,26,191
1,26,190
1,26,190
2,26,188
2,26,187
2,25,185
2,25,181
1,24,180
1,23,180
1,23,181
1,23,183
1,24,184
2,24,186
2,25,188
2,25,191
1,26,192
1,26,192
1,27,193
1,27,193
1,28,193
2,28,193
1,28,192
1,27,189
0,26,187
0,25,186
0,25,185
0,25,184
0,24,184
1,24,183
1,24,184
1,24,184
1,25,184
1,25,185
0,25,186
0,26,186
0,26,188
1,26,191
1,27,191
1,28,194
2,28,195
2,28,196
1,28,196
1,28,196
1,28,196
1,28,196
1,28,196
0,28,195
0,29,195
0,29,195
0,29,195
0,29,194
0,29,194
1,29,194
1,29,194
1,29,194
1,29,194
1,29,194
1,29,194
0,28,193
0,27,193
0,27,192
1,27,193
1,27,193
1,27,194
1,27,195
1,27,196
1,28,196
1,28,196
1,29,194
1,29,194
1,29,194
1,29,194
1,29,193
0,27,192
0,27,192
0,27,192
0,27,193
0,27,193
0,28,194
0,28,194
1,28,195
1,28,194
1,28,194
1,28,193
0,27,193
0,27,191
0,26,189
0,26,187
0,26,187
0,26,187
0,25,187
0,25,187
0,25,189
0,25,189
0,25,189
0,25,189
0,25,189
0,25,189
0,25,190
0,26,190
0,26,190
0,26,191
1,27,193
1,27,193
1,27,193
1,27,193
1,27,194
0,26,194
0,26,194
0,26,194
1,27,195
1,27,195
0,27,195
0,27,195
0,27,195
0,27,195
1,28,196
1,28,196
1,28,196
2,29,197
1,29,196
1,29,195
1,29,195
1,28,194
1,28,194
1,27,193
0,26,192
0,26,191
0,26,191
0,26,190
0,26,190
0,25,189
0,25,189
0,25,188
0,25,187
0,25,187
0,25,187
0,25,187
0,26,187
0,26,186
1,26,186
1,26,186
2,26,185
2,26,185
2,26,182
2,26,180
3,26,180
2,26,178
2,25,176
2,25,174
1,23,169
1,23,167
1,22,164
1,22,163
1,22,163
1,24,176
1,24,178
1,24,179
1,25,181
1,25,183
2,26,184
1,26,185
1,26,186
0,25,186
0,25,187
0,25,187
0,25,187
0,25,189
0,26,190
0,26,190
0,26,190
0,26,191
0,26,192
0,26,192
0,26,192
0,26,194
0,26,194
0,26,193
0,26,192
0,26,192
0,26,192
1,26,191
1,26,190
2,26,188
2,26,187
2,26,187
2,26,185
2,25,181
1,23,180
1,23,180
1,23,181
1,23,183
1,24,184
2,24,186
2,25,188
2,25,191
1,26,191
1,26,192
1,27,193
1,27,193
1,27,193
2,28,192
1,27,191
1,26,188
0,26,187
0,25,186
0,25,185
0,24,185
0,24,184
0,24,184
1,24,184
1,24,184
1,25,185
1,25,186
0,26,186
0,26,188
0,27,191
1,27,192
1,28,193
2,28,194
2,29,195
2,29,196
1,28,196
1,28,196
1,28,196
1,28,196
1,28,196
0,28,195
0,28,195
0,29,195
0,29,195
0,29,194
0,29,194
1,29,194
1,29,194
1,29,194
1,29,194
1,29,194
0,28,193
0,27,193
0,27,192
0,27,192
1,27,193
1,27,193
1,27,193
1,27,194
1,27,195
1,28,195
1,28,194
1,29,194
1,29,194
1,29,194
1,29,193
0,28,192
0,27,192
0,27,192
0,27,192
0,27,193
0,27,194
0,27,194
0,28,195
0,28,195
1,28,194
1,28,193
1,28,193
0,27,191
0,26,190
0,26,187
0,26,187
0,26,187
0,26,187
0,26,186
1,26,186
1,25,187
1,25,187
1,25,188
1,25,189
0,25,189
0,25,189
0,25,189
0,26,190
0,26,190
0,27,191
1,27,193
1,27,193
1,27,193
1,27,193
1,27,193
0,26,193
0,26,194
0,26,194
0,27,195
0,27,195
0,27,195
0,27,195
0,27,195
0,27,195
1,28,196
1,28,196
2,29,197
2,29,197
2,30,197
2,29,196
2,29,195
1,28,194
1,28,194
1,27,193
0,26,192
0,25,191
0,25,190
0,25,190
0,25,189
0,25,188
0,25,188
0,25,188
0,25,187
0,25,187
0,25,187
0,25,187
0,25,187
0,25,187
0,26,186
1,26,186
1,26,185
1,26,185
2,26,183
2,26,182
3,26,180
2,26,178
2,26,177
2,25,174
2,23,171
1,23,167
1,22,165
1,22,164
0,22,163
1,24,176
1,24,178
1,24,179
1,24,180
2,25,182
2,25,184
1,26,185
1,26,186
0,26,186
0,25,187
0,25,187
0,25,187
0,25,188
0,25,189
0,26,190
0,26,190
0,26,190
0,26,191
0,26,192
0,26,192
0,26,193
0,26,194
0,26,194
0,26,194
0,26,193
0,26,192
1,26,191
1,26,190
1,26,190
2,26,188
2,26,187
2,26,186
2,25,184
1,24,182
1,23,181
1,23,181
1,23,181
1,23,183
2,24,184
2,25,187
2,25,188
2,26,191
1,26,191
1,26,192
1,27,192
1,27,193
1,27,193
1,27,192
1,27,191
1,26,188
0,25,187
0,25,186
0,25,186
0,24,185
0,24,185
0,24,185
0,24,184
1,24,185
1,25,186
1,25,186
0,26,188
0,27,191
1,27,192
1,28,193
1,28,194
1,29,195
2,29,196
2,29,197
1,29,197
1,29,197
1,28,196
1,28,196
1,28,196
1,28,196
0,28,195
0,29,195
0,29,194
0,29,194
1,29,194
1,29,194
1,29,194
1,29,194
1,29,194
1,29,194
0,28,193
0,27,193
0,27,193
1,27,193
1,27,193
1,27,193
1,27,193
1,27,193
1,27,193
1,28,194
1,28,194
1,28,194
1,29,194
1,29,193
1,29,193
0,27,191
0,27,191
0,27,191
0,27,192
0,27,193
0,27,194
0,27,195
0,28,195
1,28,194
1,28,194
1,28,193
1,28,193
1,27,191
0,26,188
0,26,187
0,26,187
0,26,186
1,26,186
1,26,186
1,26,185
1,25,186
1,25,186
1,25,187
1,25,188
0,25,189
0,25,189
0,26,190
0,26,190
0,26,191
0,27,191
0,27,192
1,27,193
1,27,193
1,27,193
0,26,193
0,26,193
0,26,194
0,26,194
0,27,195
0,27,195
0,26,194
0,26,194
0,27,195
0,27,195
0,27,195
1,28,196
2,29,197
2,29,197
2,30,197
2,30,196
2,29,195
2,29,194
1,28,194
1,26,192
0,26,191
0,25,190
0,25,190
0,25,189
0,25,188
0,24,187
0,24,187
0,25,187
0,25,187
0,25,187
1,26,187
1,26,187
0,26,187
0,25,187
0,25,187
0,26,186
1,26,186
1,26,185
2,26,184
2,26,182
2,26,180
2,26,180
3,26,178
2,25,176
2,23,174
1,23,170
1,22,167
1,22,165
0,22,164
0,22,163
1,24,177
1,24,179
1,24,180
1,25,182
2,25,184
1,25,185
1,25,186
0,25,186
0,25,186
0,25,187
0,25,187
0,25,187
0,25,188
0,25,189
0,26,190
0,26,190
0,26,190
0,26,191
0,26,192
0,26,192
0,26,194
0,26,194
0,26,194
0,26,194
0,26,193
1,26,192
1,25,190
1,25,190
2,25,189
3,25,187
3,26,187
3,25,185
2,25,184
1,24,182
1,23,181
1,23,181
1,23,182
1,24,183
2,24,185
2,25,187
2,26,188
2,26,191
2,26,191
1,27,192
1,27,192
1,27,192
2,27,192
2,27,191
1,26,190
0,26,188
0,25,187
0,25,186
0,24,186
0,24,186
0,24,185
0,24,185
0,24,185
0,24,186
1,25,186
1,26,188
0,27,191
0,27,192
1,28,193
1,28,194
1,28,194
1,29,196
1,29,196
1,29,196
0,29,196
0,28,196
0,28,196
1,28,196
1,28,196
1,28,196
1,28,196
1,29,196
1,29,195
1,29,195
1,29,195
1,29,194
1,29,194
1,29,194
1,29,194
0,28,194
0,27,193
0,27,193
0,27,193
1,27,193
1,27,193
1,27,193
1,27,193
1,27,193
1,27,193
0,27,193
1,27,193
1,27,193
1,29,193
1,28,193
1,27,193
0,26,191
0,26,191
0,26,191
0,27,193
0,27,194
0,27,195
0,27,195
0,28,194
1,28,194
1,28,194
1,28,193
1,28,192
1,26,190
0,26,187
0,26,187
0,26,186
1,26,186
1,26,185
2,26,185
1,26,185
1,26,185
1,25,185
1,25,186
1,25,187
0,25,188
0,25,189
0,25,190
0,26,190
0,26,191
0,26,191
0,27,191
0,27,192
0,27,192
0,26,192
0,26,193
0,26,193
0,26,194
0,26,194
0,27,195
0,27,195
0,26,194
0,26,194
0,26,194
0,26,194
0,27,195
0,28,196
1,29,197
2,29,197
2,30,197
2,30,197
2,29,195
2,29,194
1,28,194
1,26,192
0,26,191
0,25,190
0,25,189
0,25,188
0,24,187
0,24,186
0,24,186
0,25,187
0,25,187
0,25,187
1,26,188
0,25,187
0,25,187
0,25,187
0,25,187
0,26,187
0,26,186
1,26,186
2,26,185
2,26,183
2,26,182
2,26,180
2,26,178
2,25,177
2,25,174
1,23,171
1,23,168
1,23,166
0,22,165
0,22,163
1,24,176
1,24,178
1,24,180
2,25,181
1,25,184
1,25,185
1,25,185
1,25,186
0,25,186
0,25,187
0,25,187
0,25,187
0,25,187
0,25,188
0,25,189
0,26,190
0,26,190
0,26,190
0,26,191
0,26,192
0,26,192
0,26,193
0,26,194
0,26,194
0,26,193
0,26,192
0,25,191
1,25,190
2,25,189
2,25,187
2,25,187
2,25,186
2,25,185
2,24,184
1,24,182
1,23,182
1,23,182
1,23,182
2,24,184
2,25,187
2,25,188
2,26,190
2,26,191
2,26,191
1,27,192
1,27,192
1,27,192
1,27,192
1,27,191
1,26,189
0,26,188
0,25,187
0,25,187
0,25,186
0,24,186
0,24,186
0,24,186
0,24,186
1,24,187
1,26,188
1,27,191
1,27,192
1,28,193
1,28,194
1,29,194
1,29,195
1,29,196
0,29,197
0,29,197
0,29,197
0,28,196
0,28,196
1,28,196
1,28,196
1,28,196
1,28,196
1,28,196
1,29,196
1,29,195
1,29,195
1,29,195
1,29,195
1,29,194
1,28,194
0,28,194
0,27,193
0,27,193
0,27,193
1,27,193
1,27,194
1,27,194
1,27,193
1,27,193
0,26,192
0,26,192
0,27,193
1,27,193
1,27,193
1,27,193
1,27,193
0,26,191
0,26,191
0,26,191
0,27,193
0,27,195
0,27,195
0,28,195
1,28,195
1,28,194
1,29,193
1,29,193
1,28,192
1,26,188
1,26,187
1,26,186
1,25,186
1,26,185
1,26,185
2,26,185
1,26,185
1,26,185
1,26,185
1,25,186
1,25,187
0,25,188
0,25,189
0,25,190
0,26,190
0,26,191
0,26,191
0,26,191
0,26,192
0,26,192
0,26,192
0,26,192
0,26,193
0,26,194
0,26,194
0,26,194
0,26,194
0,26,194
0,26,194
0,27,195
0,26,194
0,27,195
0,28,196
1,29,197
2,29,197
2,29,197
2,30,197
2,29,195
2,29,194
1,28,194
1,26,192
1,26,191
0,25,190
0,25,188
0,25,187
0,24,186
0,24,186
0,24,186
0,25,187
0,25,187
0,25,187
0,25,187
0,25,187
0,26,187
1,26,188
0,26,188
0,26,187
0,26,187
1,26,186
1,26,185
2,26,185
2,26,183
2,26,182
2,26,180
2,25,178
2,25,176
2,25,174
2,23,171
1,23,168
1,23,166
0,23,165
0,23,163
1,24,177
2,24,179
2,25,181
2,25,183
2,25,185
1,25,185
1,25,186
1,25,186
0,25,187
0,25,187
0,25,187
0,25,187
0,25,189
0,25,189
0,25,189
0,25,190
0,25,190
0,25,190
0,25,191
0,25,192
0,26,192
0,26,192
0,26,193
0,26,192
0,25,191
0,25,191
0,25,190
1,25,189
2,25,189
2,25,187
2,25,186
2,25,185
2,25,184
2,24,184
2,24,183
1,23,183
1,23,183
1,23,183
2,24,185
2,25,187
2,26,188
3,26,190
2,26,191
2,26,192
2,27,192
1,27,192
1,27,191
1,27,191
1,27,191
1,26,188
1,25,187
0,25,187
0,25,187
0,25,187
0,24,187
0,24,187
0,24,187
0,24,188
1,24,189
1,26,191
1,27,192
1,28,193
1,28,194
0,29,194
0,29,196
0,29,196
0,29,197
0,29,197
0,29,197
0,29,197
0,28,196
0,28,196
0,28,196
1,28,196
1,28,196
1,28,196
1,28,196
1,28,196
1,29,196
1,29,196
1,29,196
1,29,195
1,28,195
0,28,194
0,27,194
0,26,194
0,26,194
0,26,193
1,27,194
1,27,194
1,27,194
1,27,193
1,27,193
0,26,192
0,26,192
0,26,192
0,26,192
1,27,193
1,27,193
0,26,193
0,26,193
0,26,193
0,26,193
0,27,194
0,27,195
0,28,195
1,28,195
1,28,195
1,28,194
1,28,193
1,28,193
1,28,192
1,26,188
1,25,187
1,25,186
1,25,185
1,25,185
2,26,185
2,26,185
2,26,185
2,26,185
1,26,186
1,26,187
0,25,187
0,25,189
0,26,189
0,26,190
0,26,191
0,26,191
0,26,191
0,26,191
0,26,191
0,26,191
0,26,192
0,26,192
0,26,193
0,26,194
0,26,194
0,26,194
0,26,194
0,26,194
0,26,194
0,27,195
0,26,194
0,27,195
0,28,196
1,29,197
1,29,197
2,29,197
2,29,197
2,29,195
2,29,194
1,27,193
1,27,193
1,26,191
0,26,190
0,25,187
0,25,187
0,25,187
0,25,186
0,25,187
0,25,187
0,25,187
0,25,187
1,26,188
1,26,188
1,26,188
1,26,188
1,26,188
0,25,188
0,25,187
1,25,187
1,26,186
2,26,185
2,26,184
2,26,182
2,26,182
2,26,180
2,25,177
2,25,176
2,25,174
2,23,170
1,23,168
1,23,165
1,23,165
1,24,178
2,25,180
2,26,182
2,26,184
2,26,185
1,26,186
1,25,186
1,25,187
0,25,187
0,25,188
0,25,189
0,25,189
0,25,189
0,25,189
0,25,189
0,25,190
0,25,190
0,25,190
0,25,191
0,25,192
0,26,192
0,26,192
0,26,192
0,25,191
0,25,191
0,25,190
0,25,189
1,25,189
2,25,187
2,25,187
2,25,186
2,25,185
2,24,184
2,24,184
2,24,184
1,24,183
1,24,184
1,24,185
2,24,186
3,25,188
3,26,189
3,27,191
3,27,192
3,27,192
2,27,192
2,27,192
2,27,191
1,27,191
1,26,189
1,26,188
0,25,187
0,25,187
0,25,187
0,25,187
0,25,187
0,24,188
0,24,188
0,24,189
0,26,190
1,27,192
1,28,193
1,28,194
0,29,194
0,29,196
0,29,196
0,29,196
0,29,197
0,29,197
0,29,197
0,29,197
0,28,196
0,28,196
0,28,196
1,28,196
1,28,196
1,28,196
1,28,196
1,28,196
1,29,196
1,29,196
1,29,196
1,28,195
1,28,195
0,27,195
0,27,195
0,26,194
0,26,194
0,26,194
0,26,194
1,27,194
1,27,194
1,27,193
0,26,192
0,25,191
0,25,191
0,25,191
0,26,192
0,26,192
0,26,193
0,26,193
0,26,193
0,26,193
0,26,194
0,27,195
0,27,195
1,28,196
1,28,196
1,28,195
1,28,194
1,28,193
1,28,192
1,27,191
1,26,188
1,25,186
1,25,186
1,25,186
1,25,185
2,25,185
2,26,185
2,26,186
2,26,186
1,26,187
1,26,187
0,26,188
0,26,189
0,26,190
0,26,191
0,26,191
0,26,191
0,26,191
0,26,191
0,26,191
0,26,191
0,26,191
0,26,192
0,26,193
0,26,194
0,26,194
0,26,194
0,26,194
0,26,194
0,26,194
0,26,194
0,26,194
0,27,195
0,28,196
0,29,197
1,29,197
2,29,197
2,29,197
2,29,195
2,28,194
1,27,193
1,27,192
1,26,192
1,26,190
0,25,187
0,25,187
0,25,187
0,25,187
0,25,187
0,25,187
0,25,187
0,25,187
1,26,188
1,26,188
1,26,188
1,26,188
1,26,188
0,25,187
0,25,187
0,25,187
1,25,186
2,26,185
2,26,185
2,26,184
3,26,182
2,26,181
3,26,180
2,25,177
2,25,176
2,25,174
2,24,170
1,23,168
1,23,165
2,23,177
2,24,179
2,26,182
2,26,183
2,26,185
2,26,185
1,26,186
1,25,187
1,25,187
0,25,188
0,25,189
0,25,189
0,25,189
0,25,189
0,25,189
0,25,190
0,25,190
0,25,190
0,25,191
0,25,191
0,25,192
0,26,192
0,26,192
1,26,191
0,25,191
0,25,190
0,25,190
0,25,189
1,25,188
2,25,187
2,25,186
2,25,185
2,25,185
2,24,184
2,24,184
2,24,184
1,24,184
1,24,185
1,24,186
2,25,187
3,26,189
3,27,190
3,27,192
3,27,192
3,27,193
3,27,193
2,27,192
2,27,191
2,27,191
2,26,188
1,26,188
1,25,187
0,25,187
0,25,187
0,25,187
0,25,187
0,25,188
0,25,189
0,25,190
0,27,192
1,28,193
1,28,194
0,29,194
0,29,195
0,29,196
0,29,196
0,29,196
0,29,197
0,29,197
0,29,197
0,29,196
0,28,196
0,28,196
0,28,196
1,28,196
1,28,196
1,28,196
1,28,196
1,28,196
1,28,196
1,28,196
1,28,196
1,28,196
0,27,195
0,27,195
0,27,195
0,26,194
0,26,194
0,26,194
0,26,194
0,26,194
1,27,194
0,26,193
0,25,193
0,25,192
0,25,191
0,25,191
0,26,192
0,26,193
0,26,193
0,26,193
0,26,193
0,26,194
0,26,194
0,27,195
1,28,196
1,28,196
1,28,196
1,28,196
1,28,194
1,28,193
1,28,192
0,27,191
0,26,189
0,25,187
1,25,186
1,25,186
1,25,186
1,25,186
1,26,187
1,26,187
1,26,187
1,26,188
1,26,188
0,26,189
0,26,190
0,27,191
0,27,192
0,27,192
0,27,192
0,27,192
0,26,191
0,26,191
0,26,191
0,26,192
0,26,193
0,26,194
0,26,194
0,26,194
0,26,194
0,26,194
0,26,194
0,26,194
0,27,195
0,27,195
0,28,196
0,28,196
0,29,197
1,29,197
1,29,197
2,29,197
2,29,194
1,28,194
1,27,193
1,26,192
1,26,191
0,26,190
0,25,187
0,25,187
0,25,187
0,25,187
0,25,187
0,25,187
0,25,187
0,25,187
0,25,187
1,26,188
1,26,188
1,26,188
0,25,187
0,25,187
0,25,187
0,25,187
1,26,186
1,26,186
2,26,186
2,26,185
2,26,184
2,26,182
3,26,180
2,26,177
2,25,176
2,25,175
2,25,171
2,24,169
1,23,165
1,23,165
2,23,178
2,25,180
2,25,182
2,26,185
2,26,185
1,25,186
1,25,187
1,25,187
1,26,187
1,26,189
1,26,189
0,25,189
0,25,189
0,25,189
0,25,189
0,25,190
0,25,190
0,25,190
0,25,191
0,25,191
0,25,191
0,26,191
1,26,191
1,26,191
1,25,190
0,25,190
0,25,189
0,25,188
1,25,187
2,25,187
2,25,185
2,24,184
2,24,184
2,24,184
2,24,184
1,23,184
1,24,185
1,24,185
1,24,186
2,26,188
3,26,190
3,27,192
3,27,192
3,27,193
3,27,193
3,27,193
2,27,192
2,27,191
2,27,191
2,26,188
1,25,187
1,25,187
1,25,187
0,25,187
0,25,187
0,25,188
0,25,189
0,25,190
0,26,191
0,27,193
1,28,194
0,29,195
0,29,195
0,29,195
0,29,195
0,29,196
0,29,196
0,30,197
0,29,197
0,29,197
0,29,197
0,29,197
0,28,196
0,28,196
1,28,196
1,28,196
1,28,196
1,28,196
1,28,196
1,28,196
1,28,196
1,28,196
1,28,196
0,27,195
0,27,195
0,27,195
0,26,194
0,26,194
0,26,194
0,26,194
0,26,194
0,26,194
0,25,193
0,25,192
0,25,192
0,25,192
0,25,192
0,26,192
0,26,193
0,26,193
0,26,194
0,26,194
0,26,194
0,26,194
0,27,195
0,27,195
1,28,196
1,28,196
1,28,196
1,28,194
1,28,193
0,27,192
0,26,191
0,26,189
0,25,188
1,25,187
1,25,187
1,25,187
1,25,187
1,26,188
1,26,188
1,26,188
1,26,188
1,27,191
0,27,191
1,28,193
1,28,193
0,29,194
0,29,194
0,29,194
0,28,194
0,28,193
0,27,193
0,27,193
0,27,193
0,27,194
0,26,194
0,26,194
0,26,194
0,26,194
0,26,194
0,26,194
0,27,195
0,27,195
0,28,196
0,28,196
0,28,196
0,29,197
1,29,197
1,29,197
1,29,195
1,28,194
1,27,193
1,26,192
1,26,191
0,25,191
0,25,190
0,25,188
0,25,187
0,25,187
0,25,187
0,25,187
0,25,187
0,25,187
0,25,187
0,25,187
1,26,188
1,26,188
0,25,187
0,25,187
0,25,187
0,25,187
0,25,187
0,26,186
1,26,186
2,26,186
2,26,186
3,26,185
3,26,184
3,26,182
2,26,180
2,25,177
2,25,176
2,25,174
2,25,170
2,24,168
1,23,165
2,23,177
2,23,178
2,25,181
2,25,183
2,26,185
2,26,186
1,25,186
1,25,187
0,25,187
1,26,187
1,26,188
1,26,189
0,25,189
0,25,189
0,25,189
0,25,189
0,25,190
0,25,190
0,25,190
0,25,191
0,25,191
0,25,191
0,25,191
1,26,191
1,26,190
1,26,189
1,25,189
1,26,188
1,25,187
2,25,187
2,25,186
2,25,185
2,24,184
2,24,184
2,24,184
1,23,184
1,23,185
1,24,185
1,24,185
1,24,186
1,26,189
3,27,191
3,27,192
3,27,193
3,27,193
3,27,193
3,27,193
2,27,192
2,27,191
2,26,190
1,25,188
1,25,187
1,25,187
1,25,187
1,25,187
0,25,187
0,25,189
0,25,190
0,26,191
1,27,193
1,27,194
1,28,195
0,29,195
0,29,195
0,29,195
0,30,195
0,30,195
0,30,196
0,30,196
0,30,197
0,30,197
0,29,197
0,29,197
0,28,196
0,28,196
1,28,196
1,28,196
1,28,196
1,28,196
1,28,196
1,28,196
1,28,196
1,28,196
0,27,195
0,27,195
0,27,195
0,26,194
0,26,194
0,26,194
0,26,194
0,26,194
0,26,194
0,26,193
0,25,193
0,24,192
0,25,192
0,25,192
0,25,192
0,26,193
0,26,194
0,26,194
0,26,194
0,26,194
0,26,194
0,27,195
0,27,195
0,27,195
1,28,196
1,28,196
1,28,196
1,28,194
0,28,193
0,27,192
0,26,191
0,25,190
0,25,189
0,25,188
0,25,188
0,25,188
1,25,189
1,26,189
0,26,189
1,26,190
1,27,191
1,27,192
0,28,193
1,29,194
1,29,195
0,29,195
0,29,195
0,29,195
0,29,196
0,29,196
0,28,196
0,28,196
0,28,196
0,27,195
0,27,195
0,27,195
0,26,194
0,26,194
0,26,194
0,27,195
0,27,195
0,28,196
0,28,196
0,28,196
0,28,196
0,28,196
0,28,196
0,28,196
0,28,195
1,27,194
0,26,192
0,25,191
0,25,191
0,25,191
0,25,189
0,25,189
0,25,187
0,25,187
0,25,187
0,25,187
0,25,187
0,25,187
0,25,187
0,25,187
0,25,187
0,25,187
0,25,187
0,25,187
0,25,187
0,25,187
0,25,187
0,26,186
1,26,186
2,26,186
2,26,186
2,26,186
3,26,185
2,26,182
2,26,180
2,26,177
2,25,176
2,25,174
2,25,170
2,24,168
1,23,165
1,23,163
2,23,178
2,24,180
2,25,182
2,25,184
2,25,185
2,26,186
0,25,187
0,25,187
0,25,187
0,25,187
0,25,187
0,25,188
0,25,189
0,25,189
0,25,189
0,25,189
0,25,189
0,25,190
0,25,190
0,25,190
0,25,191
0,25,191
0,25,191
1,26,190
1,26,190
0,26,189
0,26,188
1,26,187
1,26,187
2,25,186
2,25,186
2,24,184
2,24,184
1,23,184
1,23,184
0,23,184
0,23,185
0,24,185
0,24,186
1,25,188
1,26,190
3,27,191
3,27,193
3,27,193
3,27,193
3,27,193
3,27,193
2,27,192
2,27,191
1,26,189
1,25,187
1,24,186
1,24,186
1,24,186
0,25,187
0,25,187
0,25,189
0,26,191
1,27,192
1,27,193
1,28,195
1,28,195
0,29,195
0,29,195
0,30,195
0,30,195
0,30,195
0,30,195
0,30,195
0,30,195
0,30,196
0,29,196
0,29,196
0,28,196
0,28,196
1,28,196
1,28,196
1,28,196
1,28,196
1,28,196
1,28,196
0,27,195
0,27,195
0,27,195
0,27,195
0,26,194
0,26,194
0,26,194
0,26,194
0,26,194
0,26,194
0,25,193
0,25,193
0,25,193
0,24,192
0,24,192
0,25,193
0,26,194
0,26,194
0,26,194
0,26,194
0,26,194
0,26,194
0,26,195
0,27,195
0,27,195
0,27,195
1,28,196
1,28,196
1,28,196
1,28,194
0,27,192
0,26,192
0,26,191
0,25,190
0,25,190
1,25,189
0,25,189
0,25,189
0,25,190
1,26,190
0,26,191
1,27,192
1,27,193
1,28,195
1,29,195
1,29,195
1,29,195
0,29,196
0,29,197
0,29,197
0,29,197
0,29,197
0,29,197
0,29,197
0,28,196
1,28,196
1,28,196
1,28,196
0,27,195
0,27,195
0,27,195
0,27,195
0,27,195
0,28,196
0,28,196
0,28,196
0,28,196
0,28,196
0,28,196
0,28,196
0,27,195
0,26,192
0,25,191
0,25,191
0,25,191
0,25,191
0,25,190
0,25,189
0,25,188
0,25,187
0,25,187
0,25,187
0,25,187
0,25,187
0,25,187
0,25,187
0,25,187
0,25,187
0,25,187
0,25,187
0,25,187
0,25,187
0,25,187
1,26,187
1,26,186
1,26,186
2,26,186
2,26,186
3,26,185
3,26,184
2,26,181
3,26,179
2,26,176
2,25,174
2,24,170
2,23,168
1,23,165
0,23,163
2,24,179
2,25,181
2,25,183
2,26,185
2,25,185
1,25,186
0,25,187
0,25,187
0,25,187
0,25,187
0,25,187
0,25,187
0,25,188
0,25,189
0,25,189
0,25,189
0,25,189
0,25,189
0,25,190
0,25,190
0,25,190
0,25,190
0,25,190
0,25,189
1,26,189
0,26,188
1,26,187
1,26,187
2,26,186
2,25,186
2,25,185
2,24,184
1,23,183
1,23,183
1,23,184
0,23,185
0,23,185
0,23,185
0,24,187
0,25,189
1,26,190
1,27,192
2,27,193
2,27,193
3,27,193
2,27,193
2,27,192
2,27,191
1,26,190
1,25,189
1,25,189
1,25,187
1,25,187
0,25,187
0,25,187
0,25,189
0,26,190
0,27,192
1,27,193
1,28,196
1,28,196
1,28,196
0,29,195
0,30,195
0,30,195
0,30,195
0,30,195
0,30,195
0,30,195
0,30,195
0,29,196
0,29,196
0,29,196
0,28,196
0,28,196
1,28,196
1,28,196
1,28,196
1,28,196
1,28,196
1,28,196
0,27,195
0,27,195
0,27,195
0,26,194
0,26,194
0,26,194
0,26,194
0,26,194
0,26,194
0,26,193
0,25,193
0,25,193
0,25,192
0,24,192
0,24,193
0,26,194
0,26,194
0,26,195
0,26,195
0,26,195
0,26,195
0,26,195
0,26,195
0,26,195
0,27,195
0,27,195
0,27,196
0,28,196
0,28,195
0,28,194
0,27,193
0,26,192
0,26,191
0,25,191
0,25,190
0,25,190
0,25,190
0,25,190
0,25,190
0,26,191
0,26,192
1,27,194
1,28,195
1,29,196
1,29,197
1,29,197
1,29,197
0,29,197
0,29,197
0,29,197
0,29,197
0,29,197
0,29,197
0,29,197
0,29,197
1,28,197
1,28,196
1,28,196
1,28,196
0,27,195
0,27,195
1,27,196
1,28,196
1,28,196
1,28,196
0,28,196
0,28,196
0,28,196
0,28,196
0,27,195
0,27,195
0,26,194
0,25,191
0,25,191
0,25,191
0,25,191
0,25,190
0,25,190
0,25,189
0,25,188
0,25,187
0,25,187
0,25,187
0,25,187
0,25,187
0,25,187
0,25,187
0,25,187
0,25,187
0,25,187
0,25,187
0,25,187
0,25,187
1,26,187
1,26,187
1,26,186
2,26,186
2,26,186
2,26,185
3,26,184
2,26,182
3,25,180
2,25,176
2,25,174
2,24,170
1,23,169
1,23,165
0,23,163
1,23,178
1,24,180
2,25,182
2,26,184
2,26,185
2,26,186
0,25,186
0,25,187
0,25,187
0,25,187
0,25,187
0,25,187
0,25,187
0,25,187
0,25,187
0,25,187
0,25,189
0,25,189
0,25,189
0,25,189
0,25,190
0,25,190
0,25,189
0,25,189
0,25,188
0,25,187
0,26,187
1,26,186
1,26,186
2,26,186
2,25,186
2,25,184
2,24,183
1,23,183
1,23,183
1,23,184
0,23,185
0,23,185
0,23,186
0,24,188
0,25,190
0,26,191
1,26,192
1,27,193
1,27,193
1,27,193
1,27,193
1,27,192
1,26,190
1,26,189
1,25,189
1,25,189
0,25,189
0,25,187
0,25,187
0,25,189
0,26,190
0,26,191
1,27,193
1,28,194
1,28,196
1,28,196
0,29,196
0,29,195
0,30,195
0,30,195
1,30,195
1,30,195
1,30,195
1,30,195
0,29,195
0,29,196
0,29,196
0,28,196
0,28,196
0,28,196
0,28,196
1,28,196
1,27,196
0,27,196
0,27,195
0,27,195
0,27,195
0,27,195
0,26,194
0,25,193
0,25,193
0,25,193
0,25,193
0,26,193
0,26,193
0,25,193
0,25,192
0,25,192
0,25,192
0,24,192
0,26,194
0,26,194
1,27,195
1,27,195
1,27,195
1,26,195
0,26,195
0,26,195
0,26,195
0,26,195
0,26,195
0,27,195
0,27,195
0,27,195
0,27,195
0,27,195
0,26,194
0,26,192
0,26,192
0,26,191
0,26,191
0,26,191
0,25,191
0,26,191
0,26,191
1,26,192
0,27,194
1,28,196
1,29,197
1,29,198
1,29,198
1,29,198
0,29,198
0,29,198
0,29,197
0,29,198
0,29,197
0,29,198
0,29,197
0,29,197
1,29,197
1,29,197
1,28,197
1,28,197
1,28,196
1,28,196
1,28,196
1,28,196
1,28,196
1,28,196
1,28,196
1,28,196
1,28,196
0,28,196
0,28,196
0,28,196
0,27,195
0,26,194
0,26,194
0,25,191
0,25,191
0,25,191
0,25,191
0,25,191
0,25,190
0,25,190
0,25,188
0,25,187
0,25,187
0,25,187
0,25,187
0,25,187
0,25,187
0,25,187
0,25,187
0,25,187
0,25,187
0,25,187
1,25,187
1,26,187
1,26,187
1,26,186
1,26,186
2,26,186
2,26,185
3,26,184
3,26,182
3,25,180
3,25,177
2,25,174
2,24,171
2,23,169
1,23,165
0,23,164
0,23,163
1,24,180
1,25,181
2,26,182
2,26,184
2,26,185
2,26,186
0,26,186
0,25,186
0,25,187
0,25,187
0,25,187
0,25,187
0,25,187
0,25,187
0,25,187
0,25,187
0,25,187
0,25,187
0,25,187
0,25,188
0,25,188
0,25,188
0,25,188
0,25,188
0,25,187
0,25,187
0,25,187
1,26,186
2,26,186
2,26,186
2,25,185
2,25,184
2,24,183
1,23,183
1,23,183
1,23,184
0,23,185
0,23,186
0,24,188
0,24,189
0,25,190
0,26,191
0,26,192
0,27,193
0,27,193
1,27,193
1,27,193
1,27,191
1,26,190
1,25,189
0,25,189
0,25,189
0,25,189
0,25,189
0,25,189
0,25,190
0,26,191
0,27,192
1,28,194
1,28,196
1,28,196
1,28,196
0,29,196
0,29,195
0,29,195
1,30,195
1,30,195
1,30,195
1,30,196
1,29,196
1,29,196
0,28,195
0,28,195
0,28,195
0,27,195
0,27,195
0,27,196
1,27,196
0,27,196
0,27,195
0,27,195
0,27,195
0,27,195
0,26,194
0,25,193
0,25,193
0,25,191
0,25,191
0,25,191
0,25,192
0,25,192
0,25,192
0,25,192
0,25,192
0,25,192
0,26,193
0,26,194
1,27,195
1,28,196
1,28,196
1,28,196
1,27,196
1,27,196
0,26,196
0,26,196
0,26,196
0,26,196
0,26,196
0,26,196
0,27,195
0,27,195
0,26,194
0,26,194
0,26,194
0,26,192
0,26,192
0,26,192
0,26,192
0,26,192
1,26,192
1,27,193
1,27,195
1,28,196
1,29,197
1,29,198
1,29,199
1,29,199
1,29,199
0,29,199
0,29,199
0,29,199
0,29,199
0,29,198
0,29,199
0,29,198
0,29,198
0,29,198
1,29,198
1,29,197
1,28,197
1,28,198
1,28,197
1,28,196
1,28,196
1,28,196
1,28,196
1,28,196
1,28,196
0,28,196
0,28,196
0,28,196
0,27,195
0,27,195
0,27,195
0,27,195
0,26,194
0,26,194
0,26,194
0,26,192
0,26,191
0,25,191
0,26,190
0,26,190
0,25,190
0,25,187
0,25,187
0,25,187
0,25,187
0,25,187
0,25,187
0,25,187
0,25,187
0,25,187
0,25,188
1,25,188
1,26,188
1,26,187
1,26,187
1,26,186
1,26,186
2,26,185
3,26,184
3,26,182
3,25,181
3,25,178
3,25,175
2,24,172
2,23,169
1,23,165
1,23,165
0,23,163
1,25,180
1,25,182
2,26,184
2,26,185
2,26,186
2,26,186
0,26,186
0,25,186
0,25,187
0,25,187
0,25,187
0,25,187
1,25,187
1,25,187
0,25,187
0,25,187
0,25,187
0,25,187
0,25,187
0,25,187
0,25,187
0,25,187
0,25,187
0,25,187
0,25,187
0,25,187
0,25,187
1,26,186
2,26,186
2,26,186
2,25,185
2,25,184
2,24,183
1,23,183
1,23,183
1,23,184
1,23,185
0,23,186
0,24,188
0,25,189
0,25,190
0,26,191
0,26,192
0,27,193
0,27,193
0,27,193
1,27,193
1,26,190
1,26,190
1,26,189
0,25,189
0,25,189
0,25,189
0,25,189
0,25,189
0,26,191
0,27,192
1,28,193
1,28,194
1,29,196
1,29,196
1,29,196
0,29,196
0,29,195
1,29,195
1,30,195
1,30,195
1,30,195
1,29,196
1,28,196
1,28,196
0,28,195
0,28,195
0,27,195
0,27,195
0,27,195
0,27,195
0,27,195
0,27,195
0,27,195
0,27,195
0,27,195
0,27,194
0,26,193
0,25,191
0,25,191
0,25,190
0,25,190
0,25,190
0,25,190
0,25,191
0,25,191
0,25,191
0,25,192
0,26,193
0,26,194
0,27,195
1,28,196
2,28,196
2,29,197
2,28,196
1,28,196
1,27,196
0,27,196
0,26,196
0,26,196
0,26,196
0,26,196
0,26,196
0,26,195
0,26,195
0,26,195
0,26,194
0,26,194
0,26,193
0,26,192
0,26,192
1,26,192
1,26,192
1,27,193
1,28,195
2,28,196
2,29,197
2,30,198
2,30,199
2,30,200
1,30,200
1,30,200
0,29,200
0,29,200
0,29,200
0,29,200
0,29,200
0,29,200
0,29,200
0,29,199
0,29,199
1,29,199
1,29,198
1,28,198
1,28,198
1,28,197
1,28,197
1,28,196
1,28,196
1,28,196
1,28,196
1,28,196
0,28,196
0,28,196
0,28,196
0,27,195
0,27,195
0,27,195
0,27,195
0,27,195
0,27,195
0,27,195
0,26,194
0,26,192
0,26,191
0,26,191
0,26,190
0,25,190
0,25,188
0,25,187
0,25,187
0,25,187
0,25,187
0,25,187
0,25,187
0,25,188
0,25,189
0,25,189
1,26,189
1,26,188
1,26,187
1,26,187
1,26,186
1,26,186
2,26,185
3,26,184
3,26,182
3,26,182
3,26,178
3,25,177
2,24,173
2,23,170
1,23,168
1,23,165
0,23,163
0,24,180
1,25,181
1,26,182
1,26,184
1,26,185
1,26,186
0,26,186
0,26,186
0,25,186
0,25,187
0,25,187
0,25,187
0,25,187
1,25,187
1,25,187
0,25,187
0,25,187
0,25,187
0,25,187
0,25,187
0,25,187
0,25,187
0,25,187
0,25,187
0,25,187
0,25,187
0,25,187
0,25,187
2,26,187
2,26,186
2,26,186
2,25,185
2,25,184
2,24,183
1,24,183
1,24,183
1,23,184
1,23,185
0,24,186
0,24,187
0,25,189
0,25,190
0,26,191
0,26,192
0,27,193
0,27,193
0,27,193
0,27,192
1,26,190
1,26,190
1,26,190
0,25,189
0,25,189
0,25,189
0,25,189
0,25,190
0,26,192
0,27,193
1,28,194
1,28,194
1,29,196
1,29,196
1,29,196
1,29,196
1,29,196
1,29,195
1,29,195
1,29,195
1,28,195
1,28,195
1,28,196
1,28,196
0,28,196
0,27,195
0,27,195
0,27,195
0,27,195
0,27,195
0,27,195
0,27,195
0,27,195
0,27,195
0,27,195
0,27,193
0,26,192
0,25,190
0,25,190
0,25,189
0,25,189
0,25,189
0,24,190
0,25,190
0,25,191
0,25,191
0,25,192
0,26,193
0,26,194
0,27,195
1,28,196
2,29,197
2,29,197
2,29,197
1,28,197
1,27,196
0,27,196
0,26,196
0,26,196
0,26,196
0,26,196
0,26,196
0,26,196
0,26,195
0,26,195
0,26,194
0,26,194
0,26,194
0,26,193
0,26,193
0,26,192
1,27,193
1,28,195
2,28,196
2,29,197
2,29,198
2,30,199
2,30,200
1,30,200
1,30,200
1,30,201
0,30,201
0,30,201
0,30,201
0,30,201
0,30,201
0,30,201
0,30,201
0,30,200
1,30,199
1,30,199
1,29,199
1,29,198
1,29,198
1,28,198
1,28,197
1,28,196
1,28,196
1,28,196
1,28,196
0,27,195
0,27,195
0,27,195
0,27,195
0,27,195
0,27,195
0,27,195
0,27,195
1,28,196
1,27,195
1,27,195
1,27,195
0,26,193
0,26,192
0,25,191
0,25,190
0,25,190
0,25,189
0,25,187
0,25,187
0,25,187
0,25,187
0,25,187
0,25,188
0,25,189
0,25,189
0,25,189
0,26,189
1,26,188
1,26,187
1,26,187
1,26,186
1,26,186
2,26,185
3,26,184
3,26,182
3,26,182
3,26,178
3,25,177
3,24,174
2,23,170
2,23,168
1,23,165
1,23,165
0,23,163
1,24,180
1,26,182
1,26,184
1,26,185
1,26,185
0,26,186
0,26,186
0,25,186
0,25,187
0,25,187
0,25,187
0,25,187
0,25,187
0,25,187
0,25,187
0,25,187
0,25,187
0,25,187
0,25,187
0,25,187
0,25,187
0,25,187
0,25,187
0,25,187
0,25,187
0,25,187
0,25,187
0,25,187
2,26,187
2,26,187
3,26,186
3,26,185
2,25,184
2,25,183
2,24,183
1,24,183
1,24,184
1,24,185
0,24,186
0,25,187
0,25,188
0,25,189
0,26,191
0,27,192
0,27,193
0,28,193
0,28,193
0,27,192
0,26,190
0,26,190
0,26,190
0,25,189
0,25,189
0,25,189
0,25,190
0,26,191
0,26,192
0,27,192
1,28,193
1,28,194
1,29,196
1,29,196
1,29,196
1,29,196
1,29,196
1,29,195
1,29,195
1,28,195
1,28,195
1,28,195
0,28,195
0,27,196
0,27,196
0,27,196
0,27,195
0,27,195
0,27,195
0,27,195
0,27,195
0,27,195
0,27,195
0,27,195
0,27,193
0,26,193
0,25,190
0,25,190
0,24,189
0,24,189
0,24,188
0,24,187
0,24,188
0,24,190
0,24,190
0,25,191
0,25,192
0,26,194
0,27,195
1,28,196
2,29,197
2,29,197
2,29,197
2,29,197
2,29,197
1,28,197
0,27,196
0,26,196
0,26,196
0,26,196
0,26,196
0,26,196
0,27,196
0,27,195
0,26,195
0,26,195
0,26,194
0,26,194
0,26,193
0,27,193
1,27,193
1,28,193
2,28,196
2,29,197
2,29,197
2,30,198
2,30,200
2,30,200
2,30,201
1,30,201
0,30,201
0,30,201
0,30,201
0,30,201
0,30,201
0,30,201
0,30,201
0,30,201
0,30,201
1,30,200
1,30,199
1,30,199
1,29,199
1,29,198
1,29,198
1,28,197
1,28,196
1,28,196
1,28,196
0,27,195
0,27,195
0,27,195
0,27,195
0,27,195
1,28,196
1,28,196
1,28,196
1,28,196
1,28,196
1,28,196
1,28,196
1,27,195
0,26,193
0,26,192
0,25,191
0,25,190
0,25,189
0,25,189
0,25,187
0,25,187
0,25,187
0,25,187
0,25,188
0,25,189
0,25,189
0,25,189
0,25,189
0,26,189
0,26,189
0,26,187
0,26,186
1,26,186
1,26,186
2,26,185
3,26,185
3,26,183
3,26,182
3,26,179
3,26,177
3,25,174
2,24,172
2,23,169
1,23,167
1,23,165
0,23,163
1,25,181
1,26,182
1,26,184
1,26,185
1,26,186
0,26,186
0,25,186
0,25,187
0,25,187
0,25,187
0,25,187
0,25,187
0,25,187
0,25,187
0,25,187
0,25,187
0,25,187
0,25,187
0,25,187
0,25,187
0,25,187
0,25,187
0,25,187
0,25,187
0,25,187
0,25,187
0,25,187
0,25,187
1,26,187
2,26,187
3,26,187
3,26,186
2,25,185
2,25,184
2,25,184
1,25,184
1,24,184
0,24,186
0,25,186
0,25,187
0,25,188
0,25,189
0,26,190
0,27,192
0,28,193
0,28,193
0,28,193
0,28,192
0,26,190
0,26,190
0,26,190
0,25,190
0,25,190
0,25,190
0,25,191
0,26,191
0,26,192
0,27,193
1,28,193
1,28,194
1,28,196
1,28,196
1,28,196
1,28,196
1,28,196
1,28,196
1,28,195
1,28,195
0,27,195
0,28,196
0,27,196
0,27,196
0,27,196
0,27,196
0,27,196
1,27,196
1,27,196
0,27,195
0,27,195
0,27,195
0,27,195
0,27,193
0,27,193
0,26,191
0,25,190
1,25,189
1,24,186
1,24,186
1,24,186
1,24,187
0,24,187
0,24,188
0,24,190
0,24,191
0,25,193
0,26,194
0,27,196
2,28,197
2,29,197
2,29,198
3,29,199
2,29,198
2,28,197
1,27,197
0,27,196
0,26,195
0,26,195
0,26,196
0,26,196
0,27,196
1,27,196
0,27,196
0,27,195
0,27,195
0,27,195
0,26,194
0,27,194
0,27,194
1,27,194
1,28,195
2,29,197
2,29,197
2,29,198
2,30,198
2,30,200
2,30,201
2,30,201
1,30,201
0,30,201
0,30,201
1,31,202
1,31,202
1,31,202
1,31,202
0,31,201
0,30,201
0,30,201
0,30,201
0,30,200
0,30,199
1,30,199
0,29,198
1,29,198
1,28,197
1,28,196
1,28,196
0,27,195
0,27,195
0,27,195
0,27,195
0,27,195
0,27,195
0,27,195
1,28,196
1,28,196
1,28,196
1,28,196
1,28,196
1,27,195
1,27,195
0,26,192
0,26,192
0,25,191
0,25,189
0,25,189
0,25,189
0,25,189
0,25,187
0,25,187
0,25,187
0,25,189
0,26,189
0,25,190
0,26,190
0,25,189
0,25,189
0,26,188
0,26,187
0,26,186
0,26,186
1,26,186
2,26,185
2,26,185
3,26,184
3,26,182
3,26,179
3,26,177
2,25,175
2,24,173
2,23,170
1,23,168
1,23,165
0,23,165
1,25,181
1,26,184
1,26,185
1,26,185
0,26,186
0,26,186
0,25,187
0,25,187
0,25,187
0,25,187
0,25,187
0,25,187
0,25,187
0,25,187
0,25,187
0,25,187
0,25,187
0,25,187
0,25,187
0,25,187
0,25,187
0,25,187
0,25,187
0,25,187
0,25,187
0,25,187
0,25,187
0,25,187
1,25,187
2,26,187
3,26,187
2,26,186
2,26,186
2,26,185
2,25,184
1,25,185
1,25,186
0,25,186
0,25,187
0,25,187
0,25,188
0,26,189
0,26,190
0,27,191
0,28,192
0,28,193
0,28,193
0,28,192
0,26,190
0,26,190
0,26,190
0,26,190
0,25,190
0,25,191
0,26,191
0,26,192
0,27,192
0,27,193
1,28,194
1,28,194
1,28,196
1,28,196
1,28,196
1,28,196
1,28,196
1,28,196
0,27,196
0,27,195
0,27,195
0,27,196
0,27,196
0,27,196
0,27,196
0,28,196
1,28,196
1,28,196
1,28,196
1,27,196
1,27,195
0,27,195
0,27,195
0,27,193
0,26,192
0,25,189
1,24,188
1,24,186
1,24,184
1,24,184
2,23,185
2,23,185
1,23,187
0,24,187
0,24,190
0,25,191
0,25,193
0,26,195
1,27,196
2,28,197
2,29,198
3,29,199
3,29,199
2,29,198
2,28,197
0,27,196
0,27,195
0,26,195
0,26,195
0,27,195
0,27,196
1,28,196
1,28,196
1,28,196
0,27,195
0,27,195
0,27,195
0,27,195
0,27,194
0,27,195
1,28,195
1,29,196
1,29,197
1,29,197
1,29,198
2,29,198
1,30,200
1,30,201
1,30,201
1,30,201
1,30,201
1,31,202
1,31,202
1,31,202
1,31,202
1,31,202
1,31,202
0,30,201
0,30,201
0,30,200
0,30,200
0,30,199
0,30,199
0,29,198
0,29,198
1,29,197
1,28,196
1,28,196
1,28,196
0,27,195
0,27,195
0,27,195
0,27,195
0,27,195
0,27,195
1,28,196
1,28,196
1,28,196
1,28,196
1,28,196
1,27,195
1,27,195
1,26,192
0,26,192
0,25,190
0,25,189
0,25,189
0,25,189
0,25,189
0,25,188
0,25,188
0,25,189
0,26,189
0,26,190
0,26,190
0,26,190
0,25,190
0,25,189
0,25,188
0,25,187
0,25,187
0,26,186
2,26,186
2,26,186
2,26,185
2,26,184
3,26,182
3,26,180
3,25,178
2,25,175
2,24,173
1,23,170
1,23,168
1,23,167
0,23,165
1,24,180
1,26,182
1,26,184
1,26,185
1,26,185
0,26,186
0,25,186
0,25,187
0,25,187
0,25,187
0,25,187
0,25,187
0,25,187
0,25,187
0,25,187
0,25,187
0,25,187
0,25,187
0,25,187
0,25,187
0,25,187
0,25,187
0,25,187
0,25,187
0,25,187
0,25,187
0,25,187
0,25,187
0,25,187
0,25,187
1,25,187
2,26,187
2,26,187
2,26,186
2,26,186
2,25,186
1,25,186
0,25,186
0,25,186
0,25,187
0,25,187
0,25,189
0,26,190
0,26,190
0,27,191
0,28,192
0,28,193
0,28,193
0,28,192
0,26,191
0,26,190
0,25,190
0,25,190
0,25,191
0,26,191
0,26,192
0,27,193
0,27,193
0,27,193
0,28,194
0,28,195
1,28,196
1,28,196
1,28,196
1,28,196
0,28,196
0,27,196
0,27,196
0,27,196
0,27,196
0,27,196
0,27,196
0,27,196
0,28,196
0,28,197
1,28,196
1,28,196
1,28,196
1,27,195
1,27,195
1,27,195
0,27,194
0,26,192
0,25,190
1,24,188
1,24,186
1,24,184
1,23,183
1,23,183
2,23,184
2,23,185
2,23,185
0,24,187
0,24,190
0,25,191
0,25,193
0,26,196
1,27,197
2,28,198
2,28,198
3,29,199
3,29,199
2,28,198
1,28,197
0,27,196
0,27,195
0,27,195
0,27,195
0,27,195
1,28,196
1,28,196
1,28,196
1,28,196
1,27,195
0,27,195
0,27,195
0,27,195
0,27,195
0,27,195
0,28,195
0,29,196
0,29,197
0,29,197
0,29,198
1,29,198
0,29,200
1,30,201
1,30,201
1,30,201
0,31,202
1,31,202
1,31,202
1,31,202
1,31,202
0,31,202
0,31,202
0,30,201
0,30,201
0,30,200
0,30,200
0,30,200
0,30,199
0,29,198
0,29,198
1,29,198
0,28,197
1,28,196
1,28,196
0,27,195
0,27,195
0,27,195
0,27,195
0,27,195
0,27,195
1,28,196
1,28,196
1,28,196
1,28,196
1,28,196
1,27,195
1,27,195
0,26,192
0,26,192
0,26,190
0,25,189
0,25,189
0,25,189
0,25,189
0,25,189
0,25,189
0,26,190
0,26,190
0,26,190
0,26,190
0,26,190
0,25,189
0,25,189
0,25,188
0,25,187
0,25,187
0,26,186
2,26,186
2,26,186
2,26,186
2,26,184
2,26,183
2,26,181
2,25,178
2,25,176
2,24,174
1,24,172
1,23,169
1,23,167
1,23,165
0,23,165
1,25,181
1,26,184
2,26,184
1,26,185
1,26,186
0,25,186
0,25,187
0,25,187
0,25,187
0,25,187
0,25,189
0,25,189
0,25,188
0,25,187
0,25,187
0,25,187
0,25,187
0,25,187
0,25,187
0,25,187
0,25,187
0,25,187
0,25,187
0,25,187
0,25,187
0,25,187
0,25,187
0,25,187
0,25,187
0,25,187
1,25,187
2,26,187
2,26,187
2,26,187
2,26,186
2,25,186
1,25,186
0,25,187
0,25,187
0,25,188
0,25,189
0,25,190
0,26,190
0,26,191
0,27,192
0,28,193
0,28,193
0,28,193
0,27,193
0,26,191
0,25,190
0,25,190
0,25,190
0,26,191
0,26,192
1,27,193
0,27,193
0,27,193
0,27,194
0,27,194
0,27,195
0,28,195
1,28,196
1,28,196
1,28,196
0,27,196
0,27,196
0,27,196
0,27,196
0,27,196
0,27,196
0,27,196
0,28,197
0,28,197
0,28,197
0,28,196
1,28,196
1,27,196
1,27,195
1,27,195
1,27,195
1,27,193
1,25,191
1,25,189
1,24,186
1,24,184
1,23,183
1,22,183
2,22,183
2,23,183
2,23,184
2,23,185
1,24,188
0,24,190
0,25,192
0,25,195
1,27,196
2,28,198
2,28,198
2,28,198
2,28,198
2,28,198
2,28,198
0,27,197
0,27,196
0,27,195
0,27,195
0,27,195
1,28,196
1,28,196
1,28,196
1,28,196
1,28,196
1,27,195
0,27,195
0,27,195
0,27,195
0,27,195
0,27,195
0,28,195
0,29,196
0,29,197
0,29,198
0,29,198
0,29,198
0,29,200
0,30,200
1,30,201
1,30,201
0,31,202
1,31,202
0,31,202
0,31,202
0,31,202
0,31,202
0,31,202
0,31,201
0,30,201
0,31,200
0,31,200
1,31,200
1,31,200
0,30,199
1,29,198
1,29,198
1,29,197
1,28,196
1,28,196
0,27,195
0,27,195
0,27,195
0,27,195
0,27,195
0,27,195
1,28,196
1,28,196
1,28,196
1,28,196
1,28,196
0,27,195
0,27,195
0,26,192
0,26,192
0,26,191
0,25,190
0,25,189
0,25,189
0,25,189
0,25,189
0,26,190
0,26,190
0,26,190
0,26,190
0,26,190
0,25,190
0,25,189
0,25,189
0,25,188
0,25,187
0,25,187
0,25,187
1,26,186
2,26,186
2,26,186
2,26,185
2,26,183
2,25,181
2,25,180
2,24,176
1,24,175
1,24,173
1,23,170
1,23,168
1,23,167
1,23,165
1,26,182
1,26,184
2,26,185
1,26,186
1,26,186
0,25,186
0,25,187
0,25,187
0,25,187
0,25,189
0,25,189
0,25,189
0,25,189
0,25,188
0,25,187
0,25,187
0,25,187
0,25,187
0,25,187
0,25,187
0,25,187
0,25,187
0,25,187
0,25,188
0,25,189
0,25,189
0,25,189
0,25,189
0,25,188
0,25,188
0,26,188
1,26,187
1,26,187
2,25,187
1,25,187
1,25,187
0,25,187
0,25,188
0,25,188
0,25,190
0,25,190
0,25,190
0,26,191
0,26,191
0,27,193
1,27,194
1,28,194
1,28,194
0,27,193
0,26,192
0,26,191
0,26,191
0,26,191
0,26,192
0,27,193
1,28,193
1,28,193
0,28,194
0,27,195
0,27,195
0,27,195
0,27,195
1,28,196
1,28,196
0,27,196
0,27,196
0,27,196
0,27,196
0,27,196
0,27,196
0,27,196
0,28,197
0,28,197
0,28,197
0,28,197
0,28,197
1,27,196
1,27,195
1,27,195
1,27,195
1,27,193
1,26,191
1,25,189
1,24,188
1,24,186
1,23,184
1,22,183
1,22,183
1,22,183
2,22,183
2,23,184
1,23,185
1,24,189
1,25,191
0,25,193
0,26,195
1,27,197
2,28,198
2,28,198
2,29,198
2,28,198
2,28,198
1,28,197
0,27,197
0,27,196
0,27,196
0,27,196
0,28,196
1,28,196
1,28,196
1,28,196
1,28,196
1,28,196
1,28,196
0,27,195
0,27,195
0,27,195
0,27,195
0,27,195
0,28,196
0,29,197
0,29,197
0,29,198
0,29,198
0,29,199
0,29,200
1,29,200
1,30,201
0,30,201
0,31,201
0,31,202
0,31,202
0,32,202
0,32,202
0,32,202
0,32,202
0,31,202
0,31,201
0,31,200
0,31,200
1,31,200
1,31,200
1,30,199
1,30,199
1,29,198
1,29,197
1,28,196
1,28,196
0,27,195
0,27,195
0,26,194
0,27,195
0,27,195
0,27,195
1,28,196
1,28,196
1,28,196
1,28,196
0,27,195
0,27,195
0,27,195
0,26,192
0,26,192
0,26,192
0,26,190
0,25,190
0,25,190
0,25,190
0,25,190
0,26,190
0,26,190
0,26,190
0,26,190
0,26,190
0,25,189
0,25,189
0,25,189
0,25,187
0,25,187
0,25,187
0,25,187
0,25,187
1,26,186
2,26,186
2,26,185
2,25,183
2,25,181
2,25,180
1,25,177
1,24,175
1,24,173
1,23,171
1,23,169
1,23,168
1,23,167
1,26,182
2,26,184
2,26,185
1,26,186
0,26,186
0,25,187
0,25,187
0,25,187
0,25,187
0,25,189
0,25,189
0,25,189
0,25,189
0,25,188
0,25,188
0,25,187
0,25,187
0,25,187
0,25,187
0,25,187
0,25,187
0,25,188
0,25,189
0,25,189
0,25,189
0,25,189
0,26,189
0,26,190
0,26,190
0,26,189
0,26,188
0,25,188
1,25,188
1,25,187
1,25,187
1,25,187
0,25,188
0,25,189
0,25,190
0,25,190
0,25,190
0,25,191
0,26,191
0,26,193
0,27,194
1,27,195
1,27,195
1,27,195
0,27,194
0,26,192
0,26,192
0,26,192
0,26,192
0,27,193
1,27,193
1,28,193
1,28,194
1,28,195
1,28,195
0,28,195
0,27,195
0,27,195
1,27,195
1,27,195
0,27,196
0,27,196
0,27,196
0,27,196
0,27,196
0,28,197
0,28,197
0,28,197
0,28,197
0,28,197
0,28,197
0,28,196
1,28,196
1,27,195
1,27,195
1,27,195
1,27,193
1,25,190
1,24,189
1,24,186
0,24,184
1,22,184
1,22,183
1,22,183
1,22,183
1,22,184
1,23,185
1,23,188
1,25,190
1,25,192
1,26,195
1,27,196
1,27,197
2,28,198
2,28,198
2,29,199
2,28,198
1,28,198
0,28,197
0,28,197
0,28,196
0,28,196
0,28,196
0,28,196
1,28,196
1,29,197
1,29,197
2,28,196
1,28,196
1,28,196
0,27,195
0,27,195
0,27,195
0,27,195
0,27,195
0,28,196
0,29,197
0,29,198
0,29,198
0,29,198
1,29,199
1,29,200
1,29,200
1,29,200
0,30,201
0,30,201
0,31,202
0,32,202
0,32,202
0,32,202
0,32,202
0,32,202
0,32,202
0,31,202
0,31,201
0,31,200
1,31,200
1,30,199
1,30,199
1,30,199
1,30,198
1,29,198
1,28,196
0,27,195
0,26,194
0,26,194
0,26,194
0,26,194
0,27,195
1,28,196
1,28,196
1,28,196
1,28,196
1,28,196
0,27,195
0,27,195
0,27,194
0,26,193
0,26,192
0,26,192
0,26,191
0,26,190
0,25,190
0,25,190
1,25,190
1,26,190
1,26,190
0,26,190
0,26,190
0,26,190
0,25,189
0,25,189
0,25,189
0,25,187
0,25,187
0,25,187
0,25,187
0,25,187
1,25,187
2,25,186
2,25,186
2,25,184
2,25,183
2,25,181
2,25,179
1,24,176
1,24,175
1,23,173
1,23,171
1,22,169
1,22,168
2,26,182
2,26,184
1,26,185
1,26,186
0,26,186
0,25,187
0,25,187
0,25,187
0,25,187
0,25,187
0,25,189
0,25,189
0,25,188
0,25,188
0,25,188
0,25,187
0,25,187
0,25,187
0,25,187
0,25,187
0,25,188
0,25,189
0,25,189
0,25,189
0,25,190
0,25,190
0,26,190
0,26,190
0,26,190
0,26,190
0,26,190
0,25,189
0,25,189
0,25,189
0,25,189
0,25,189
0,25,189
0,25,190
0,25,190
0,25,190
0,25,191
0,25,191
0,25,192
0,26,193
1,27,194
1,27,195
1,27,195
1,27,195
0,27,194
0,26,192
0,26,192
0,26,192
0,26,193
0,27,193
0,27,193
1,28,195
1,28,195
1,28,195
1,28,195
0,28,195
0,27,195
0,27,195
1,27,195
1,27,195
1,27,196
0,27,196
0,27,196
0,27,197
0,28,197
0,28,197
0,28,197
0,28,197
0,28,197
0,28,197
0,28,197
0,28,196
1,28,196
1,27,195
1,27,195
1,27,193
1,26,192
1,25,189
1,24,188
1,24,186
1,23,185
1,22,184
1,22,184
1,22,183
1,22,184
1,23,185
1,23,188
1,25,189
1,25,191
1,26,194
1,26,195
1,27,196
1,27,197
2,28,198
2,28,198
2,29,199
2,29,198
1,28,198
0,28,197
0,28,197
0,28,197
0,28,196
0,28,196
0,28,196
1,29,197
1,29,197
2,29,197
2,28,196
2,28,196
1,28,196
1,27,195
0,27,194
0,27,195
0,27,195
0,28,196
0,28,197
0,29,197
0,29,198
0,29,198
0,29,198
1,29,199
1,29,199
1,29,200
0,29,200
0,30,201
0,30,201
0,31,201
0,32,202
0,32,202
0,32,202
0,32,202
0,32,202
0,32,202
0,31,202
0,31,202
1,31,200
1,31,200
0,30,199
1,30,199
1,30,199
1,30,198
1,29,198
1,28,196
0,27,195
0,26,194
0,26,194
0,26,194
0,27,195
0,27,195
1,28,196
2,29,197
2,29,197
1,28,196
1,28,196
0,27,195
0,27,195
0,27,195
0,27,194
0,27,193
0,26,192
0,26,192
0,25,191
0,25,190
0,25,190
1,25,190
1,26,190
1,26,190
1,26,190
1,26,190
0,26,190
0,25,189
0,25,189
0,25,189
0,25,187
0,25,187
0,25,187
0,25,187
0,25,187
0,25,187
0,25,187
1,25,186
2,25,184
2,25,183
2,25,182
2,25,180
1,25,177
1,24,176
1,24,174
1,23,172
1,23,169
1,23,168
2,25,182
2,26,183
2,26,184
2,26,185
0,26,186
0,26,186
0,25,187
0,25,187
0,25,187
0,25,187
0,25,187
0,25,187
0,25,188
0,25,188
0,25,188
0,25,188
0,25,188
0,25,188
0,25,188
0,25,188
0,25,189
0,25,189
0,25,189
0,25,189
0,25,189
0,26,190
0,26,190
0,26,191
0,26,191
0,26,191
0,26,191
0,26,191
0,26,190
0,25,190
0,25,189
0,25,189
0,25,189
0,25,189
0,25,190
0,25,190
0,24,190
0,25,191
0,25,191
0,26,192
0,26,193
1,27,193
1,27,194
1,27,195
0,27,194
0,26,193
0,26,193
0,26,193
0,26,193
0,26,193
0,27,194
0,27,194
0,28,195
0,28,195
0,28,196
0,28,196
0,28,195
0,27,195
0,27,195
1,27,195
0,27,195
0,27,196
0,27,196
0,27,196
0,27,197
0,28,197
0,28,197
0,28,197
0,28,197
0,29,198
0,28,197
0,28,197
0,28,196
1,28,196
1,27,195
1,27,194
1,27,193
1,26,190
1,25,189
1,24,186
1,24,186
0,23,185
0,22,184
0,22,184
0,22,184
0,23,185
1,23,188
1,25,189
1,25,191
1,26,194
1,26,195
1,26,196
1,27,196
1,27,197
2,28,198
2,28,198
2,29,198
2,29,198
1,29,198
0,29,198
0,28,197
0,28,197
0,28,197
0,28,197
0,29,197
1,29,197
2,29,197
2,29,197
2,29,197
1,28,196
1,28,195
0,26,194
0,26,194
0,27,195
0,27,195
0,28,196
0,28,197
0,29,197
0,29,198
0,29,198
1,29,199
1,29,199
1,29,200
1,29,200
1,29,200
0,29,200
0,30,201
0,30,201
0,31,202
0,32,202
0,32,202
0,32,202
0,32,202
1,31,202
1,31,202
0,31,202
1,31,200
0,30,200
0,30,199
1,30,199
1,30,199
1,29,198
1,28,197
0,27,195
0,27,195
0,26,194
0,26,194
0,27,195
0,27,195
1,28,196
1,28,196
1,28,196
1,28,196
1,28,196
1,28,196
0,27,195
0,27,195
0,27,195
1,27,195
1,27,194
1,27,193
0,26,192
0,25,191
0,25,191
0,25,190
1,25,190
1,25,190
1,26,190
1,26,190
1,26,190
0,26,189
0,25,189
0,25,189
0,25,189
0,25,187
0,25,187
0,25,187
0,25,187
0,25,187
0,25,187
0,25,187
1,25,186
2,25,185
2,25,184
2,25,183
2,25,181
2,25,179
1,25,177
1,24,175
1,23,173
1,23,171
1,22,169
1,22,168
2,25,182
2,26,184
2,26,185
2,26,185
0,26,186
0,26,186
0,25,187
0,25,187
0,25,187
0,25,187
0,25,187
0,25,187
0,25,187
0,25,187
0,25,187
0,25,187
0,25,187
0,25,188
0,25,188
0,25,189
0,25,189
0,25,189
0,25,190
0,25,190
0,25,190
0,26,191
0,26,191
0,26,191
0,26,191
0,26,191
0,26,191
0,26,191
0,26,191
0,26,190
0,25,190
0,25,189
0,25,189
0,25,189
0,25,190
0,25,190
0,25,190
0,25,191
0,26,191
0,26,192
0,27,193
0,27,193
1,27,193
0,27,193
0,27,193
0,26,193
0,26,193
0,26,193
0,26,194
0,26,194
0,27,194
0,27,195
0,28,195
0,28,196
0,28,196
0,28,196
0,28,196
0,27,195
0,27,195
0,27,195
0,27,195
1,27,195
0,27,196
0,27,196
0,27,197
0,28,197
0,28,197
0,29,198
0,29,198
0,29,198
0,29,198
0,28,197
1,28,196
1,28,196
1,27,195
1,27,193
1,26,192
1,25,190
2,24,188
1,24,186
1,23,185
0,23,185
0,22,185
0,22,185
0,23,187
0,23,188
0,24,190
0,25,191
0,26,193
0,26,195
1,26,196
0,26,196
1,26,196
1,27,197
1,27,197
2,28,198
1,29,198
1,29,198
0,29,198
0,29,198
0,28,197
0,28,197
0,28,197
0,28,197
0,29,197
0,29,197
1,29,197
1,29,197
2,28,196
1,28,196
0,27,195
0,26,194
0,26,194
0,26,194
0,27,195
0,28,196
0,28,197
0,29,198
0,29,198
1,30,199
1,30,199
1,30,200
1,30,200
1,29,200
1,29,200
1,30,201
0,30,201
0,31,202
0,31,202
1,31,202
1,32,202
1,32,202
1,31,202
1,31,202
1,31,202
0,31,201
0,30,200
0,30,199
0,30,199
0,30,199
0,29,198
0,29,198
0,28,196
0,27,195
0,26,194
0,26,194
0,26,194
0,27,195
0,27,195
1,28,196
1,28,196
1,28,196
1,28,196
1,28,196
1,28,196
1,28,196
0,28,195
1,28,196
1,28,196
1,28,196
1,27,195
0,27,193
0,26,192
0,25,191
0,25,191
0,25,191
1,25,190
1,25,190
1,26,190
1,26,190
0,26,189
0,25,189
0,25,188
0,25,188
0,25,189
0,25,189
0,25,189
0,25,189
0,25,189
0,25,187
0,25,187
1,25,187
1,25,185
1,25,184
2,25,183
3,25,182
3,25,180
2,25,178
1,25,176
1,24,174
1,23,171
0,22,169
1,22,168
2,25,182
2,26,184
2,26,185
2,26,185
0,26,186
0,26,186
0,26,186
0,25,187
0,25,187
0,25,187
0,25,187
0,25,187
0,25,187
0,25,187
0,25,187
0,25,187
0,25,187
0,25,187
0,26,188
0,26,189
0,25,190
0,25,190
0,25,190
0,25,190
0,25,191
0,26,191
0,26,192
0,26,191
0,26,191
0,26,191
0,26,191
0,26,191
0,26,191
0,26,191
0,26,190
0,25,189
0,25,189
0,25,189
0,25,189
0,25,190
0,25,190
0,25,190
0,26,190
0,26,191
0,27,192
0,27,192
0,27,192
0,26,191
0,26,192
0,26,192
0,26,193
0,26,194
0,26,194
0,26,194
0,27,194
0,27,195
0,28,195
0,28,196
0,28,196
0,28,196
0,28,196
0,27,195
0,27,195
0,27,195
0,27,195
1,27,195
1,27,196
0,27,196
0,28,197
0,28,197
0,29,198
0,29,198
0,29,198
0,29,198
0,29,198
0,28,196
1,28,196
1,28,196
1,28,194
1,27,193
1,26,192
1,25,190
1,24,187
1,23,185
1,23,185
1,23,185
0,23,186
0,23,187
0,24,188
0,25,190
0,25,192
0,26,193
0,26,195
0,26,196
0,26,196
0,26,196
0,26,196
1,27,197
1,27,197
1,27,197
1,28,197
0,28,198
0,28,198
0,28,198
0,28,197
0,28,197
0,28,196
0,28,196
0,28,196
0,29,197
1,29,197
1,28,196
1,28,196
0,27,195
0,26,193
0,26,193
0,26,194
0,26,194
0,27,195
0,28,196
0,28,197
0,29,198
0,29,198
1,29,199
1,30,199
1,30,200
1,29,200
1,29,200
1,29,200
1,30,201
1,30,201
1,31,202
1,31,202
1,31,202
1,31,202
1,31,202
1,31,202
1,31,202
1,31,202
0,31,201
0,30,200
0,30,199
0,29,198
0,29,198
0,29,198
0,28,197
0,27,196
0,26,194
0,26,194
0,26,194
0,26,194
0,27,195
0,27,195
1,28,196
1,28,196
1,28,196
1,28,196
1,28,196
1,28,196
1,28,196
1,28,196
1,28,196
1,28,196
1,28,196
1,28,196
1,27,195
0,27,193
0,26,192
0,25,191
0,25,191
0,25,191
1,25,190
1,25,190
0,25,189
0,25,188
0,25,188
0,25,188
0,25,188
0,25,189
0,25,189
0,25,189
0,25,189
0,25,189
0,25,189
1,25,187
1,25,187
1,25,186
2,25,185
3,25,184
3,26,182
3,25,181
3,25,180
2,25,177
1,25,175
0,22,172
0,22,170
0,22,169
2,25,182
2,26,184
2,26,185
2,26,185
0,26,186
0,26,186
0,26,186
0,25,187
0,25,187
0,25,187
0,25,187
0,25,187
0,25,187
0,25,187
0,25,187
0,25,187
0,25,187
0,25,187
0,26,189
0,26,189
0,25,190
0,25,190
0,25,190
0,25,191
0,26,192
0,26,192
0,26,192
0,26,192
0,26,191
0,26,191
0,26,191
0,26,191
0,26,191
0,26,191
0,26,189
0,26,189
0,25,189
0,25,189
0,25,189
0,24,189
0,24,190
0,25,190
0,26,190
0,26,191
0,27,191
0,27,191
0,27,191
0,26,191
0,26,191
0,26,191
0,26,192
0,26,194
0,26,194
0,26,194
0,27,195
0,27,195
0,28,196
0,28,196
0,28,196
0,28,196
0,28,196
0,28,196
0,27,195
0,27,195
0,27,195
1,27,196
1,27,197
0,27,197
0,28,197
0,28,197
0,28,197
0,28,197
0,29,198
0,29,198
0,29,197
0,28,196
1,28,196
1,28,195
1,28,194
1,27,193
1,26,192
1,25,189
1,24,187
1,23,186
1,23,186
1,23,186
0,23,187
0,24,188
0,25,190
0,25,192
0,26,193
0,26,195
0,26,196
0,26,196
0,26,196
0,26,196
0,26,196
0,27,197
1,27,197
1,27,197
1,27,197
0,27,197
0,28,197
0,28,197
0,28,197
0,28,196
0,28,196
0,28,196
0,28,196
0,28,196
0,28,196
0,28,196
1,28,195
0,27,192
0,26,192
0,26,192
0,26,193
0,26,194
0,27,195
0,27,195
0,28,197
0,28,198
0,29,198
1,29,199
1,29,199
1,29,200
1,29,200
1,29,200
1,30,201
1,30,201
1,31,202
1,31,202
1,31,202
1,31,202
1,31,202
1,31,202
1,31,202
1,31,202
1,31,202
0,31,201
0,30,200
0,30,199
0,29,198
0,29,198
0,29,197
0,28,196
0,26,194
0,26,193
0,26,193
0,26,194
0,26,194
0,27,195
0,27,195
1,28,196
1,28,196
1,28,196
1,28,197
1,28,197
1,28,196
1,28,196
1,28,196
1,28,196
1,28,196
1,28,196
1,28,196
1,28,196
1,27,195
0,26,192
0,26,192
0,25,191
0,25,191
0,25,191
1,25,190
0,25,189
0,25,188
0,25,188
0,25,188
0,25,188
0,25,189
0,25,189
0,25,190
1,25,190
1,25,190
0,25,190
0,25,189
1,25,187
1,25,186
1,25,186
2,26,184
3,26,183
3,26,182
3,26,180
2,25,178
2,25,175
1,23,172
0,22,171
0,22,168
2,25,182
2,26,184
2,26,185
2,26,186
2,26,186
0,26,186
0,26,186
0,25,187
0,25,187
0,25,187
0,25,187
0,25,187
0,25,187
0,25,187
0,25,187
0,25,187
0,26,187
0,26,187
0,26,189
0,26,190
0,26,190
0,26,190
0,26,191
0,26,191
0,26,192
0,26,192
0,26,192
0,26,191
0,26,191
0,26,191
0,26,191
0,26,191
0,26,191
1,26,190
1,26,188
1,26,188
0,25,188
0,25,188
0,25,189
0,25,189
0,25,190
0,26,190
0,26,190
0,26,190
0,27,191
0,27,191
0,27,190
0,26,190
0,26,190
0,26,191
0,26,192
0,26,193
0,26,194
0,27,194
0,27,195
0,28,195
0,28,196
0,28,196
1,28,196
1,28,196
0,28,196
0,28,196
0,28,196
0,27,195
0,27,196
1,27,197
1,28,197
0,28,197
0,28,197
0,28,197
0,28,197
0,28,197
0,28,197
0,28,197
0,29,197
0,28,196
1,28,196
1,28,194
1,28,194
1,27,193
1,26,191
1,25,188
1,24,187
1,23,186
1,23,186
0,23,187
0,23,188
0,24,190
0,25,191
0,25,193
0,26,194
0,26,196
0,27,196
0,27,196
0,27,197
0,27,197
0,27,197
0,27,197
0,27,197
0,27,197
0,27,197
0,27,197
0,27,196
0,28,197
0,28,197
0,28,196
0,28,196
0,28,196
0,28,196
0,28,196
0,28,195
0,28,195
0,27,192
0,26,192
0,26,191
0,25,191
0,26,192
0,26,194
0,27,195
0,27,195
0,28,197
0,28,198
0,29,199
1,29,199
1,29,200
1,29,200
1,29,200
2,30,201
2,30,201
2,31,201
2,31,202
1,31,202
1,31,202
1,31,202
1,31,202
1,31,202
1,31,202
1,31,202
1,31,202
1,31,201
0,30,200
1,30,199
1,29,198
1,29,198
0,28,197
0,27,194
0,26,193
0,25,193
0,25,193
0,26,193
0,26,194
0,27,195
1,28,196
1,28,196
1,28,196
1,28,197
1,28,197
1,28,197
1,28,197
1,28,197
0,28,197
0,28,196
1,28,196
1,28,196
1,28,196
1,28,196
1,28,195
0,27,194
0,26,192
0,25,191
0,25,191
0,25,191
0,25,190
0,25,189
0,25,189
0,25,188
0,25,189
0,25,189
0,25,189
1,25,190
1,25,190
1,25,190
1,25,190
0,25,190
0,25,190
0,25,189
1,25,187
1,25,186
2,26,185
3,26,183
3,26,182
2,26,181
2,26,178
2,25,176
1,23,172
0,22,171
0,22,170
2,25,180
2,25,182
2,26,184
2,26,185
2,26,186
2,26,186
0,26,186
0,26,186
0,25,187
0,25,187
0,25,187
0,25,187
0,25,187
0,25,187
0,25,187
0,25,187
0,26,187
0,26,187
0,26,188
0,26,189
0,26,190
0,26,190
0,26,190
0,26,191
0,26,192
0,26,192
0,26,192
0,26,192
0,26,191
0,26,191
0,26,191
0,26,190
0,26,190
1,26,188
1,26,188
1,26,187
1,26,187
0,25,187
0,25,188
0,25,189
0,25,189
0,25,190
0,26,190
0,26,190
0,27,190
0,27,190
0,27,190
0,27,190
0,27,190
0,26,190
0,26,191
0,27,192
0,27,194
0,27,194
1,28,194
1,28,196
1,28,196
1,28,196
1,28,196
1,28,196
1,28,196
1,28,196
0,28,196
0,28,196
0,28,196
0,28,197
1,28,197
1,29,198
1,29,198
0,29,198
0,28,197
0,28,197
0,29,198
0,28,197
0,28,197
0,29,197
0,29,196
1,28,195
1,29,194
2,28,194
1,28,193
2,27,191
1,25,188
1,24,187
1,23,186
0,23,186
0,23,187
0,24,189
0,25,191
0,25,193
0,26,194
0,26,196
0,27,196
0,28,197
0,28,197
0,29,198
0,29,198
0,28,198
0,27,198
0,27,197
0,27,197
0,27,197
0,27,196
0,27,196
0,27,196
0,28,196
0,28,196
0,28,196
0,28,196
0,28,196
0,28,193
0,28,193
0,27,192
0,26,191
0,26,191
0,25,191
0,25,191
0,25,191
0,26,193
0,27,195
0,28,196
0,28,197
0,28,198
0,29,199
1,29,199
1,29,200
1,29,200
1,30,201
2,30,201
2,30,201
2,31,201
2,31,202
1,31,202
1,31,202
1,31,202
1,31,202
1,31,202
1,31,202
1,31,202
1,31,202
1,31,201
1,31,200
1,30,199
1,29,198
1,29,197
0,28,196
0,26,193
0,25,192
0,25,192
0,25,192
0,25,193
0,26,194
0,27,195
1,28,196
1,28,196
1,28,197
1,28,197
0,29,197
0,29,197
0,29,197
0,29,197
0,29,197
0,28,197
1,28,197
1,28,197
2,29,196
2,29,196
1,28,195
1,28,194
0,26,192
0,26,192
0,25,191
0,25,190
0,24,190
0,24,189
0,24,189
0,24,189
0,25,189
0,25,190
0,25,190
1,25,191
1,25,191
1,25,191
1,25,191
0,25,190
0,25,190
0,25,189
0,25,187
1,26,186
2,26,186
2,26,183
2,26,183
2,26,181
2,26,178
2,25,176
1,24,175
0,22,171
0,22,170
0,22,168
2,25,180
2,25,182
2,26,184
2,26,185
2,26,185
2,26,186
1,26,186
0,25,187
0,25,187
0,25,187
0,25,187
0,25,187
0,25,187
0,25,187
0,25,187
0,25,187
0,26,187
0,26,187
0,26,188
0,26,189
0,26,190
0,26,190
0,26,190
0,26,191
0,26,192
0,26,192
0,26,192
0,26,191
0,26,191
0,26,191
0,26,190
0,26,190
0,26,188
1,26,188
1,26,187
1,26,186
1,26,187
0,26,187
0,25,189
0,25,189
0,25,190
0,26,191
0,26,191
0,27,191
0,28,190
0,28,190
0,27,190
0,27,189
0,27,190
0,27,190
0,27,191
0,27,192
1,28,194
1,28,194
1,28,195
1,28,196
1,28,196
1,28,196
1,28,196
1,28,196
1,28,196
1,28,196
1,28,196
0,28,197
0,28,197
0,28,197
0,29,198
0,29,198
0,29,198
0,29,198
0,29,198
0,29,198
0,29,198
0,29,198
0,29,197
0,29,197
0,29,196
1,29,195
1,29,194
2,29,194
2,28,193
2,28,190
1,26,188
1,24,187
0,23,187
0,23,187
0,24,187
0,25,190
0,25,191
0,26,194
0,26,194
0,27,196
1,28,197
1,28,197
1,29,198
0,29,198
1,29,198
1,29,198
0,29,198
0,28,198
0,27,198
0,27,197
0,27,196
0,27,196
0,27,196
0,27,196
0,27,196
0,27,195
0,28,195
0,27,193
0,27,193
0,27,192
0,26,191
0,26,190
0,25,190
0,25,190
0,25,191
0,25,191
0,26,192
0,27,195
0,28,196
0,28,197
0,28,198
0,28,199
1,29,199
1,29,200
1,29,200
1,30,201
1,30,201
1,30,201
1,31,201
1,31,202
1,31,202
1,31,202
1,31,202
1,31,202
1,31,202
1,31,202
1,31,202
1,31,202
1,31,201
1,31,200
1,30,199
1,29,198
1,29,197
0,28,193
0,26,191
0,25,191
0,25,191
0,25,191
0,25,192
0,27,195
1,27,196
1,28,196
1,28,197
1,28,197
0,28,197
0,29,197
0,29,197
0,29,198
0,29,198
0,29,197
0,29,197
1,29,197
2,29,197
2,29,197
2,29,196
2,29,195
1,28,194
0,26,192
0,25,191
0,25,191
0,25,191
0,25,190
0,24,190
0,24,190
0,24,190
0,25,190
0,25,190
1,25,191
1,25,191
1,25,191
1,25,191
1,25,191
0,25,190
0,25,190
0,25,190
0,25,189
1,26,187
2,26,186
2,26,185
2,26,183
2,26,181
2,26,180
2,25,177
1,24,175
1,22,172
0,22,170
0,22,168
2,25,180
2,25,182
2,26,184
2,26,185
2,26,185
1,26,186
1,25,186
0,25,187
0,25,187
0,25,187
0,25,187
0,25,187
0,25,187
0,25,187
0,25,187
0,25,187
0,26,187
0,26,188
0,26,188
0,26,189
0,26,190
0,26,190
0,26,190
0,26,191
0,26,192
0,26,192
0,26,192
0,26,191
0,26,191
0,26,190
0,26,190
0,26,188
0,26,188
1,26,187
1,26,186
0,26,186
0,26,187
0,26,187
0,25,189
0,25,190
0,26,191
0,26,192
0,27,192
0,28,192
0,28,191
0,28,191
0,28,190
0,28,190
0,27,190
0,27,191
0,27,191
0,28,192
1,28,194
1,28,195
1,28,196
1,28,196
1,28,196
1,28,196
1,28,197
1,28,197
1,28,197
1,28,197
1,28,197
0,28,197
0,28,197
0,28,197
0,29,198
0,29,198
0,29,198
0,29,198
0,29,198
0,29,198
0,29,198
0,29,197
0,29,197
0,29,197
0,29,196
1,29,195
1,29,194
2,29,193
1,28,192
1,28,190
1,26,188
1,24,187
0,24,187
0,23,187
0,24,188
0,25,191
0,25,192
0,26,194
1,27,196
1,28,197
1,28,198
1,29,198
1,29,198
0,29,198
0,29,198
0,29,198
0,29,198
0,29,198
0,28,198
0,27,197
0,27,197
0,27,196
0,27,196
0,27,196
0,27,195
0,27,195
0,27,193
0,26,192
0,26,191
0,26,190
0,25,189
0,25,189
0,25,190
0,25,190
0,25,190
0,25,191
0,26,192
0,27,195
0,28,196
0,28,198
0,28,198
0,29,199
1,29,200
1,29,200
1,29,200
1,30,201
1,30,201
1,30,201
1,31,201
1,31,202
1,31,202
1,31,202
1,31,202
1,31,202
1,31,202
1,31,202
1,31,201
1,31,201
1,31,201
2,31,199
2,30,199
2,29,197
1,28,194
0,26,192
0,25,191
0,25,190
0,25,190
0,25,191
0,26,192
0,27,195
1,28,196
1,28,197
1,28,197
0,28,197
0,28,197
0,29,198
0,29,198
0,29,198
0,29,198
0,29,198
0,29,197
0,29,197
2,29,197
2,29,197
2,29,196
2,29,195
1,28,194
1,26,192
0,26,192
0,25,191
0,25,191
0,25,191
0,25,191
0,24,190
0,24,190
0,25,191
1,25,191
1,25,191
1,25,191
1,25,191
1,25,191
0,25,191
0,25,190
0,25,190
0,25,190
0,25,189
0,25,187
2,26,186
2,26,185
2,26,183
2,26,181
2,26,180
2,25,177
1,24,175
1,23,172
0,22,170
0,22,168
1,25,180
1,25,184
1,26,184
1,26,185
2,26,185
1,25,186
1,26,186
0,25,186
0,25,187
0,25,187
0,25,187
0,25,187
0,25,187
0,25,187
0,25,187
0,25,188
0,26,188
0,26,188
0,26,188
0,26,190
0,26,190
0,26,190
0,26,191
0,26,191
0,26,192
0,26,192
0,25,192
0,25,191
0,25,191
0,25,190
0,26,189
0,26,188
0,26,187
0,26,186
0,26,186
0,26,186
0,26,186
0,26,189
0,25,189
0,26,191
0,26,192
0,27,192
0,27,192
0,28,192
0,28,192
0,28,192
0,28,191
0,28,191
0,27,191
0,27,191
0,27,192
0,28,194
1,28,194
1,28,196
1,28,196
1,28,196
1,29,196
2,29,197
2,28,197
1,28,197
1,28,197
1,27,197
1,27,197
0,27,197
0,28,197
0,28,197
0,29,198
0,29,198
0,29,198
0,29,198
0,29,198
0,29,198
0,29,198
0,29,198
0,29,197
0,29,197
0,29,196
0,29,194
1,29,194
1,28,193
1,28,192
1,27,190
1,26,188
0,24,188
0,24,187
0,24,187
0,24,189
0,25,191
0,26,194
0,26,194
1,27,196
1,28,197
1,28,198
1,29,198
1,29,199
1,29,199
1,29,199
0,29,198
0,29,198
0,29,198
0,29,198
0,28,198
0,27,197
0,27,196
0,27,196
0,27,195
0,27,195
0,27,194
0,26,192
0,25,191
0,25,190
0,25,189
0,25,188
0,24,188
0,24,189
0,24,189
0,25,190
0,25,191
0,26,192
0,27,195
0,28,196
1,28,198
1,29,198
1,29,199
1,29,200
1,30,201
0,30,201
0,30,201
0,30,201
0,30,201
1,31,201
1,31,202
1,31,202
1,31,202
1,31,202
1,31,202
1,31,202
1,31,202
1,31,201
1,31,200
1,31,200
1,30,199
1,29,197
1,28,194
0,27,193
0,25,191
0,25,190
0,25,190
0,25,190
0,25,190
0,26,192
0,27,195
1,28,196
1,28,197
1,28,197
0,28,197
0,28,197
0,29,198
0,29,198
0,29,198
0,29,198
0,29,198
0,29,197
0,29,197
2,29,197
2,29,197
2,29,197
2,29,196
1,28,194
0,26,192
0,26,192
0,25,191
0,25,191
0,25,191
0,25,191
0,25,191
0,25,191
0,25,191
1,25,191
1,25,191
1,25,191
1,25,191
0,25,191
0,24,190
0,24,190
0,25,190
0,25,190
0,25,189
0,25,187
2,26,186
2,26,186
2,26,185
2,26,182
2,26,181
2,25,179
2,24,177
1,23,173
0,22,171
0,22,169
1,25,180
1,25,184
1,26,185
1,26,185
1,26,185
1,26,186
1,26,186
0,26,186
0,25,187
0,25,187
0,25,187
0,25,187
0,25,187
0,25,187
0,25,189
0,25,189
0,25,188
0,26,189
0,26,189
0,26,190
0,26,190
0,26,190
0,26,191
0,26,191
0,26,192
0,25,192
0,25,191
0,25,191
0,25,191
0,25,190
0,25,189
0,25,188
0,25,187
0,25,186
0,25,186
0,25,186
0,25,187
0,26,189
0,26,190
0,26,192
0,27,192
0,27,193
0,28,193
0,28,192
0,28,192
0,28,192
0,28,192
0,28,191
0,27,191
0,27,191
0,27,192
0,27,194
1,28,195
1,28,196
1,28,196
1,28,196
1,28,196
1,28,197
1,28,197
1,28,197
1,27,197
1,27,197
0,27,196
0,27,197
0,27,197
0,28,197
0,29,198
0,29,198
0,29,198
0,29,198
0,29,198
0,29,198
0,29,198
0,29,198
0,29,198
0,29,197
0,28,196
1,28,194
1,28,193
1,28,192
1,28,191
1,26,190
0,25,188
0,24,188
0,24,188
0,24,188
0,25,191
0,25,191
0,26,194
0,26,196
1,27,197
1,28,198
1,28,198
1,29,199
1,29,199
1,29,199
1,29,199
1,29,199
0,29,199
0,29,199
0,29,198
0,29,198
0,28,198
0,27,197
0,27,196
0,27,195
0,26,194
0,26,192
0,25,191
0,25,190
0,25,189
0,24,188
0,24,186
0,24,186
0,24,187
0,24,189
0,24,190
0,25,191
0,26,192
0,27,195
1,28,197
1,28,198
2,29,199
1,30,200
1,30,201
1,30,201
0,30,201
0,30,201
0,30,201
0,30,201
0,31,202
1,31,202
1,31,202
1,31,202
1,31,202
1,31,202
1,31,201
1,31,201
1,31,200
1,30,200
1,30,199
1,29,197
1,28,196
1,28,193
0,26,191
0,25,190
0,25,189
0,24,189
0,25,189
0,25,190
0,26,192
0,27,195
1,28,197
1,28,197
1,28,197
1,28,198
0,28,198
0,29,198
1,29,199
1,29,199
1,30,199
1,29,198
0,29,198
0,29,197
1,29,197
2,29,197
2,29,197
1,29,196
1,28,195
0,27,193
0,26,192
0,26,192
0,26,192
0,26,192
0,26,192
0,25,191
0,25,191
0,25,191
1,25,191
1,25,191
1,25,191
1,25,191
0,25,190
0,24,190
0,24,190
0,24,190
0,25,190
0,25,189
1,25,187
2,26,186
2,26,186
2,26,185
2,26,182
2,26,181
2,25,179
2,24,177
1,23,174
0,22,171
0,22,170
1,25,181
1,26,184
1,26,185
1,26,185
2,26,185
1,26,186
1,26,186
0,26,186
0,26,186
0,25,187
0,25,187
0,25,187
0,25,187
0,25,189
0,25,189
0,25,189
0,25,189
0,26,189
0,26,189
0,26,190
0,26,190
0,26,190
0,26,191
0,26,191
0,26,191
0,25,191
0,25,191
0,25,191
0,25,191
0,25,190
0,25,189
0,25,187
0,25,187
0,25,187
0,25,187
0,25,187
0,25,187
0,26,189
0,26,191
0,27,192
0,27,193
0,28,193
0,28,193
0,28,193
0,28,193
0,28,193
0,28,192
0,28,192
0,27,192
0,27,192
0,27,192
0,27,195
1,28,196
1,28,196
1,28,196
1,28,196
1,28,196
1,28,197
1,28,197
1,28,197
1,27,197
1,27,197
0,27,196
0,27,196
0,27,197
0,28,197
0,28,198
0,29,198
0,29,198
0,29,198
0,29,198
0,29,198
0,29,198
0,28,197
0,28,197
0,28,196
0,28,195
1,28,194
1,28,193
1,28,192
1,27,191
1,26,190
0,25,188
0,24,188
0,24,188
0,24,189
0,25,191
0,26,193
1,26,194
1,27,196
1,27,197
1,28,198
1,28,198
1,29,199
1,29,199
1,29,199
1,29,199
1,29,199
1,29,200
1,29,199
1,29,199
1,29,198
0,29,198
0,28,197
0,27,196
0,27,195
0,26,193
0,25,191
0,25,190
0,24,189
0,24,188
0,24,186
0,24,186
0,24,186
0,24,186
0,24,188
0,24,190
0,25,191
0,26,194
1,27,196
1,28,197
1,29,199
2,29,200
1,30,201
1,30,201
1,30,201
0,30,201
0,30,201
0,30,201
0,30,201
0,31,202
0,31,202
1,31,202
1,31,202
1,31,202
0,31,202
0,31,201
1,31,200
1,30,200
1,30,199
1,29,197
1,29,197
1,28,194
1,26,192
0,25,191
0,25,189
0,25,189
0,25,189
0,25,189
0,25,191
0,26,192
1,28,195
2,28,197
1,28,197
1,28,198
1,28,198
1,29,198
1,29,199
1,29,199
1,30,199
1,30,199
1,30,199
0,29,198
0,29,197
0,29,197
1,29,197
1,29,197
1,29,197
1,28,196
1,27,193
0,26,192
0,26,192
0,26,192
0,26,192
0,26,192
0,26,192
0,25,191
0,25,191
1,25,191
1,25,191
1,25,190
1,25,190
0,25,190
0,24,190
0,24,190
0,25,190
0,25,190
0,25,190
1,25,189
2,26,187
2,26,186
2,26,185
2,26,184
2,26,182
2,25,180
2,24,177
1,22,174
0,22,171
0,22,170
0,25,181
1,26,184
1,26,185
1,26,185
2,26,185
2,26,185
1,26,186
0,26,186
0,26,186
0,25,187
0,25,187
0,25,187
0,25,188
0,25,189
0,25,189
0,25,189
0,25,189
0,25,189
0,26,189
0,26,190
0,26,190
0,26,190
0,26,191
0,26,191
0,26,191
0,25,191
0,25,191
0,25,191
0,25,191
0,25,190
0,25,189
0,25,187
0,25,187
0,25,187
0,25,187
0,25,187
0,25,187
0,26,189
0,26,191
0,27,192
0,27,193
0,28,193
0,28,193
0,28,193
0,28,193
0,28,193
0,28,193
0,28,193
0,28,192
0,27,193
0,27,194
0,27,195
0,28,196
1,28,196
1,28,196
1,28,196
1,29,197
1,28,197
1,28,197
1,28,197
1,27,197
0,27,197
0,27,196
0,27,196
0,27,197
0,28,197
0,28,198
0,29,198
0,29,199
0,29,199
0,29,198
0,29,198
0,29,198
0,28,197
0,28,197
0,28,196
0,28,195
1,28,193
1,27,193
1,27,192
0,26,190
0,25,189
0,24,188
0,24,188
0,24,188
0,24,190
0,25,191
0,26,194
1,26,195
1,27,196
1,27,197
1,28,198
1,28,199
1,28,199
1,29,199
1,29,200
1,29,200
1,29,200
1,29,200
1,29,200
1,29,199
1,29,198
1,29,198
1,28,197
1,27,195
1,26,194
0,26,192
0,25,190
0,24,189
0,24,188
0,23,186
1,23,185
1,23,185
1,23,185
0,24,186
0,24,188
0,24,190
0,25,192
0,27,195
1,28,196
1,29,198
2,29,199
2,30,200
1,30,201
1,30,201
1,30,201
0,30,201
0,30,201
0,30,201
0,30,201
0,31,202
0,31,202
0,31,202
0,31,202
1,31,202
1,31,202
0,31,201
1,31,200
1,30,199
1,29,197
1,29,197
1,28,196
1,27,193
1,26,191
0,25,189
0,25,189
0,25,189
0,25,189
0,25,190
0,25,191
0,27,193
1,28,196
2,28,197
2,29,198
1,29,198
1,29,199
1,29,200
1,29,200
1,29,200
1,30,200
1,30,199
1,30,199
0,29,198
0,29,198
0,29,197
0,29,197
1,29,197
1,29,197
1,28,196
1,27,193
0,26,192
0,26,192
0,26,192
0,26,192
0,26,192
0,26,192
0,25,191
0,25,191
0,25,191
0,25,190
1,25,190
1,25,190
0,25,190
0,25,190
0,25,190
0,25,190
0,25,190
0,25,190
1,25,189
2,26,187
2,26,186
2,26,185
2,26,185
2,26,182
2,25,180
2,24,177
1,22,174
0,22,171
0,22,170
0,26,182
0,26,184
1,26,184
1,26,185
2,26,185
2,26,185
2,26,186
1,26,186
0,26,186
0,25,187
0,25,187
0,25,187
0,25,188
0,25,189
0,25,189
0,25,189
0,25,189
0,25,189
0,25,189
0,26,190
0,26,190
0,26,190
0,26,191
0,26,191
0,26,191
0,25,191
0,25,191
0,26,191
0,26,190
0,25,190
0,25,188
0,25,187
0,25,187
0,25,187
0,25,187
0,25,187
0,25,187
0,25,189
0,27,191
0,27,193
0,27,194
0,28,194
0,28,193
0,28,193
0,28,193
0,28,193
0,28,193
0,28,193
0,28,193
0,28,193
0,27,195
0,28,195
0,28,196
0,28,196
1,28,196
1,28,196
1,29,197
1,29,197
0,28,197
0,28,197
0,27,197
0,27,196
0,27,196
0,27,196
0,27,197
0,28,197
0,28,198
0,28,198
0,28,199
0,28,199
0,28,198
0,29,197
0,28,197
0,28,197
0,28,197
1,28,196
1,28,194
1,28,193
1,27,193
1,26,191
0,25,189
0,24,188
0,24,188
0,24,188
0,24,189
0,25,191
0,25,191
1,26,194
1,26,195
1,27,196
1,27,197
1,28,198
1,28,199
1,28,199
1,28,199
1,29,200
1,29,200
1,29,200
1,29,200
1,29,200
1,29,199
1,29,198
1,28,198
1,28,196
1,27,195
1,26,192
0,25,191
1,25,189
0,24,188
1,23,186
1,23,185
1,23,184
1,23,184
1,23,185
0,24,186
0,24,188
0,24,190
0,25,193
1,27,195
1,28,197
2,29,199
2,29,200
2,30,201
1,30,201
1,30,201
1,30,201
0,30,201
0,30,201
0,30,201
0,30,201
0,30,202
0,31,202
0,31,202
0,31,202
0,31,202
1,31,202
0,31,200
1,30,199
1,29,198
1,29,197
1,28,196
1,27,194
1,26,192
1,25,190
0,25,189
0,24,189
0,24,189
0,24,189
0,25,191
0,26,192
0,28,194
1,28,196
2,29,197
2,29,198
2,29,199
2,29,200
1,29,200
1,29,200
1,30,200
1,30,200
1,30,200
1,30,200
1,29,199
0,29,198
0,29,198
0,29,197
0,29,197
1,29,197
1,29,196
1,28,193
0,27,193
0,26,192
0,26,192
0,26,192
0,26,192
0,26,192
0,25,191
0,25,191
0,25,190
0,25,190
1,25,190
1,26,190
0,25,190
0,25,190
0,25,191
0,25,191
0,25,190
0,25,190
1,25,189
2,26,187
2,26,187
2,26,186
2,26,185
2,26,184
2,25,181
2,24,176
1,22,173
0,22,170
0,22,170
0,26,182
0,26,183
1,26,184
1,26,185
1,26,185
1,26,185
1,26,185
1,26,186
0,25,186
0,25,187
0,25,187
0,25,187
0,25,187
0,25,189
0,25,189
0,25,189
0,25,189
0,25,189
0,25,189
0,25,189
0,26,190
0,26,190
0,26,190
0,26,191
0,26,191
0,26,191
0,26,191
0,26,190
0,26,190
0,26,189
0,26,188
0,26,187
0,25,187
0,25,187
0,25,187
0,25,187
0,25,187
0,25,189
0,27,191
0,27,194
0,27,195
0,28,195
0,28,195
0,28,194
0,28,193
0,28,193
0,28,193
0,28,193
0,28,193
0,28,195
0,28,195
0,28,196
0,28,196
0,28,196
0,28,196
0,29,197
0,29,197
0,29,197
0,28,197
0,28,197
0,27,196
0,27,196
0,27,196
0,27,196
0,27,197
0,27,197
0,28,198
0,28,198
0,28,198
0,28,198
1,28,197
1,28,197
1,28,197
1,28,197
2,28,196
2,28,195
2,27,194
2,27,193
1,27,192
1,26,190
0,24,189
0,23,188
0,24,188
0,24,188
0,24,189
0,25,191
1,25,191
1,26,194
1,27,196
1,27,197
1,27,197
1,27,198
1,28,199
1,28,199
1,29,200
1,29,200
1,29,200
1,29,200
1,29,200
1,29,200
1,29,199
1,29,198
1,28,198
1,28,196
1,27,195
1,26,192
1,25,190
1,24,189
1,23,188
1,23,185
1,23,185
1,23,184
1,23,184
1,23,185
0,24,185
0,24,189
0,25,191
0,26,194
2,28,196
2,29,199
2,29,199
2,29,200
1,30,201
1,30,201
1,30,201
1,30,201
0,30,201
0,31,201
0,31,201
0,30,201
0,30,202
0,31,202
0,31,202
0,31,202
0,31,202
0,31,201
0,30,200
1,30,199
1,29,197
1,29,197
1,27,195
1,26,192
1,26,191
1,25,190
0,25,189
0,25,189
0,25,189
0,25,190
0,25,191
0,27,193
1,28,194
2,29,197
2,29,198
2,30,199
2,30,200
2,30,200
2,30,201
1,30,201
1,30,201
1,30,201
1,30,201
1,30,200
1,29,199
0,29,198
0,29,198
0,29,198
0,29,197
1,29,197
1,29,196
1,28,194
0,27,193
0,26,192
0,26,192
0,26,192
1,26,192
1,25,191
0,25,191
0,25,190
0,25,190
0,25,190
1,25,190
1,26,190
0,25,190
0,25,191
0,25,191
0,25,191
0,25,190
0,25,190
1,25,189
2,25,187
2,26,187
2,26,186
2,26,185
3,26,184
2,25,181
2,24,176
1,22,173
0,22,170
0,22,170
0,25,182
0,26,183
0,26,184
1,26,184
1,26,184
1,26,184
1,26,185
1,25,185
0,25,186
0,25,187
0,25,187
0,25,187
0,25,187
0,25,187
0,25,189
0,25,189
1,25,189
1,25,189
0,25,189
0,25,189
0,25,190
0,26,190
0,26,190
0,26,190
0,26,190
0,26,190
0,26,190
0,26,190
0,26,188
0,26,188
0,26,187
0,26,187
0,26,187
0,25,187
0,25,187
0,25,187
0,25,187
0,25,189
0,26,191
0,27,194
0,27,195
0,27,195
0,27,195
0,28,195
0,28,194
0,28,193
1,28,194
1,28,194
0,28,194
0,28,195
0,28,196
0,28,196
0,28,196
0,29,197
0,29,197
0,29,197
0,29,197
0,29,197
0,29,197
0,28,196
0,27,196
0,27,196
0,27,196
0,27,196
1,27,197
1,27,197
1,28,198
1,28,198
0,28,198
0,28,198
1,28,197
1,28,197
1,28,197
2,28,197
2,28,195
2,28,194
2,27,193
2,27,192
1,26,190
0,25,189
0,24,187
0,23,187
0,23,187
0,23,188
0,24,190
0,25,191
1,25,191
1,26,194
1,27,196
1,27,196
1,27,197
1,27,198
1,28,199
1,28,199
1,29,200
1,29,200
1,29,200
1,29,200
1,29,200
1,29,200
1,29,199
1,28,198
1,28,198
2,27,196
1,27,193
1,25,191
1,25,189
2,24,188
1,23,186
1,23,185
1,23,185
1,23,185
1,23,185
1,23,185
0,24,186
0,25,190
0,26,192
1,26,194
2,28,196
2,29,199
2,29,199
2,29,200
1,30,201
1,30,201
1,30,201
1,30,201
1,30,201
1,31,202
0,30,201
0,30,201
0,30,201
0,30,201
0,30,202
0,30,202
0,31,201
0,30,200
0,29,199
0,29,197
0,29,197
1,28,195
0,27,193
1,26,191
1,25,190
1,25,190
1,25,189
0,25,189
0,25,190
0,25,190
0,26,192
1,28,194
1,29,197
2,29,197
2,30,199
2,30,200
3,31,201
2,31,201
2,31,201
2,30,201
1,30,201
1,30,201
1,30,201
1,30,200
1,29,200
0,29,198
0,29,198
0,29,198
0,29,197
1,29,197
1,29,196
1,28,195
1,27,193
0,26,192
0,26,192
0,26,192
0,25,191
0,25,191
0,24,190
0,25,190
0,25,190
0,25,190
0,25,190
0,25,190
0,25,191
0,25,191
0,25,191
0,25,191
0,25,190
0,25,190
1,25,189
2,25,187
2,26,187
2,26,186
2,26,185
3,26,184
2,25,182
2,24,176
1,22,173
0,22,170
0,22,170
0,25,182
0,25,183
0,26,183
0,26,184
1,26,184
1,26,184
1,26,185
1,25,185
1,25,186
0,25,186
0,25,187
0,25,187
0,25,187
0,25,187
0,25,187
0,25,187
2,25,187
2,25,187
1,25,187
0,25,187
0,25,189
0,26,189
0,26,190
0,26,190
0,26,190
0,26,190
0,26,188
0,26,188
0,26,188
0,26,187
0,26,187
1,26,186
0,26,186
0,25,186
0,25,186
0,25,187
0,25,187
0,25,189
0,26,191
0,27,195
0,27,195
0,27,195
0,27,195
0,28,195
0,28,195
0,28,194
1,28,194
1,28,195
0,28,195
0,28,196
0,28,196
0,28,196
0,29,196
0,29,197
0,29,197
0,29,197
0,29,197
0,29,197
0,29,197
0,28,196
0,27,196
0,27,196
0,27,196
0,27,197
1,27,197
1,28,198
1,28,198
1,28,198
1,28,198
1,28,197
1,28,197
2,28,197
2,28,197
2,28,196
2,28,194
2,27,193
2,27,191
2,26,191
1,25,189
0,24,187
0,23,185
0,22,185
0,23,187
0,23,187
0,24,190
0,24,190
1,25,191
1,26,194
1,27,196
1,27,196
1,27,197
1,28,199
1,28,199
1,29,200
1,29,200
1,29,200
1,29,200
1,29,200
1,29,200
1,29,199
1,28,198
1,28,198
1,28,196
2,27,195
1,26,192
1,25,191
1,24,189
2,23,188
2,23,185
1,23,185
1,23,185
1,23,185
1,23,185
0,23,185
0,24,189
0,25,191
0,26,193
1,27,195
2,29,197
2,29,199
2,29,199
2,30,200
1,30,201
1,30,201
1,30,201
1,30,201
1,30,201
1,30,201
1,30,201
0,30,201
0,30,201
0,30,201
0,30,201
0,30,201
0,30,200
0,29,199
0,29,198
0,29,197
0,28,196
0,27,195
0,26,192
0,25,191
0,25,190
1,24,190
1,24,190
0,25,190
0,25,190
0,25,191
0,28,193
1,29,194
1,29,197
2,29,197
2,30,199
2,31,200
2,31,202
2,31,202
2,31,202
1,31,202
1,30,201
1,30,201
1,30,201
1,30,201
0,29,200
0,29,199
0,29,198
0,29,198
0,29,197
1,29,197
1,28,196
1,28,195
1,27,194
0,26,192
0,26,192
0,25,191
0,25,191
0,24,190
0,24,190
0,24,190
0,24,190
0,24,190
0,25,190
0,25,190
0,25,191
0,25,191
0,25,191
0,25,191
0,25,190
0,25,190
1,25,189
2,26,187
2,26,187
2,26,186
2,26,185
2,26,184
2,25,181
2,24,176
1,22,173
0,22,170
0,22,170
0,25,181
0,25,183
0,25,183
0,25,184
1,25,184
1,25,184
1,25,185
1,25,185
1,25,186
0,25,186
0,25,186
0,25,187
0,25,187
0,25,187
0,25,187
2,25,187
2,25,187
2,25,187
1,25,187
0,25,187
0,25,187
0,26,188
0,26,189
1,26,190
0,26,188
0,26,188
0,26,187
0,26,187
0,26,187
0,26,187
0,26,186
1,25,186
1,25,186
0,25,186
0,25,186
0,25,187
0,25,187
0,25,189
0,26,192
0,27,195
0,27,195
0,27,195
1,27,195
1,28,196
1,28,195
0,28,195
1,28,195
1,28,195
0,28,195
1,28,196
1,28,196
0,28,196
0,29,197
0,29,197
0,29,197
0,29,197
0,29,197
0,29,197
0,28,196
0,28,196
0,28,196
0,27,196
0,27,196
0,27,197
1,27,197
1,28,198
1,28,198
2,28,198
2,28,198
2,28,197
2,28,197
2,28,197
2,28,196
2,27,194
2,27,192
2,27,191
2,26,190
2,26,189
1,24,187
1,23,185
0,23,184
0,23,184
0,23,185
0,23,188
0,24,190
0,24,190
1,25,191
1,26,195
1,27,196
1,27,196
1,28,197
1,28,199
1,29,200
1,29,200
1,29,200
1,29,200
1,29,200
1,29,200
1,29,200
1,29,199
1,29,198
1,28,198
1,28,196
1,27,193
1,25,191
2,24,189
2,24,188
2,23,187
2,23,185
1,23,185
1,23,185
1,23,185
0,23,185
0,24,187
0,25,190
0,26,192
0,26,194
1,27,195
1,29,197
2,29,199
2,29,199
2,30,200
1,30,201
1,30,201
1,30,201
1,31,202
1,31,202
1,31,202
1,30,201
1,30,201
0,30,201
0,30,201
0,30,201
0,30,201
0,30,199
0,29,198
0,29,197
0,28,196
0,27,195
0,26,192
0,25,191
0,24,190
0,24,190
0,24,190
1,24,190
1,25,190
1,25,190
1,26,192
0,28,193
1,29,196
1,29,197
1,30,199
2,31,200
2,31,202
2,31,202
2,31,202
1,31,202
1,31,202
1,31,202
1,30,201
1,30,201
0,30,201
0,30,201
0,29,199
0,29,198
0,29,198
0,29,198
1,29,197
1,28,196
1,28,195
1,27,195
0,26,192
0,25,191
0,25,191
0,24,190
0,24,190
0,24,190
0,24,190
0,24,190
0,24,190
0,25,190
0,25,191
0,25,191
0,25,191
0,25,191
0,25,191
0,25,190
0,25,190
1,25,189
2,26,187
2,26,187
2,26,186
2,26,185
2,26,184
2,25,181
2,23,176
0,22,173
0,22,170
0,22,170
1,25,181
0,25,183
0,25,183
1,25,184
1,25,184
1,25,184
1,25,185
1,25,185
1,25,186
1,25,186
0,25,186
0,25,186
0,25,186
0,25,186
0,26,186
2,26,186
2,25,186
2,25,186
1,25,187
1,25,187
1,25,187
1,25,187
1,26,188
1,26,188
1,26,188
0,26,187
0,26,187
0,26,187
0,25,186
1,26,186
1,25,186
1,25,185
1,25,185
1,25,185
0,25,186
0,25,186
0,25,187
0,25,190
0,26,192
0,26,195
0,27,195
0,27,195
1,27,196
1,28,196
1,28,196
1,28,196
1,28,196
1,28,196
1,28,196
1,28,196
1,28,196
0,28,196
0,29,196
0,29,197
0,29,197
0,29,197
0,29,197
0,29,197
0,28,196
0,28,196
0,28,196
0,27,196
0,27,196
1,27,197
1,27,197
1,28,197
2,28,198
2,28,198
2,28,198
2,28,197
2,28,197
2,28,196
1,28,194
1,27,192
1,26,191
2,26,190
2,25,189
2,24,187
1,24,186
1,23,184
0,23,183
0,23,184
0,23,184
0,24,188
0,24,190
1,24,190
1,25,191
1,26,195
1,27,195
1,27,196
1,27,197
1,28,199
1,29,200
1,29,200
2,30,201
2,30,201
1,29,200
1,29,200
1,29,199
1,29,199
1,29,198
1,28,197
1,27,196
1,26,192
1,25,191
2,24,189
2,23,187
2,23,186
2,23,185
2,23,185
1,23,185
1,23,185
0,23,187
0,25,189
0,26,191
0,26,192
0,26,194
1,28,196
1,29,197
1,29,199
2,30,199
2,30,200
2,30,201
2,30,201
1,30,201
1,31,202
1,30,201
1,30,201
1,30,201
1,30,201
1,30,201
1,30,201
0,30,201
0,30,200
0,29,198
0,29,198
0,29,197
0,28,196
0,27,193
0,25,191
0,25,191
0,24,190
0,24,190
0,24,190
0,24,190
1,25,190
1,25,191
1,26,192
0,29,194
0,29,197
1,29,197
1,30,199
1,31,200
1,31,202
1,31,202
1,31,202
1,31,202
1,31,202
1,31,202
1,31,202
0,30,201
0,30,201
0,30,201
0,29,200
0,29,198
0,29,198
0,28,197
1,28,197
1,28,196
1,27,195
1,26,195
0,26,192
0,24,190
0,24,190
0,24,190
0,24,190
0,24,190
0,24,190
0,24,190
0,24,190
1,25,191
1,25,191
0,25,191
0,25,191
0,25,191
0,25,191
0,25,190
0,25,190
1,25,189
2,26,187
2,26,186
2,26,186
2,26,185
2,26,182
2,25,181
2,23,176
1,22,173
0,22,171
0,22,170
1,25,181
1,25,183
1,25,183
1,25,184
1,25,184
1,25,184
1,25,185
1,25,185
1,25,186
1,26,186
1,26,186
0,26,186
0,26,186
0,26,186
2,26,186
2,26,186
2,26,186
2,25,186
1,25,186
1,25,187
1,25,187
1,25,187
1,26,188
1,26,188
0,26,187
0,26,187
0,26,187
0,25,186
0,25,186
1,25,186
1,25,185
1,25,185
1,25,185
1,25,185
0,25,185
0,25,186
0,25,187
0,25,191
1,26,192
1,26,194
0,27,195
0,27,195
1,27,196
1,28,196
1,28,196
1,28,196
1,28,196
1,28,196
1,28,196
1,28,196
1,28,196
1,29,196
0,29,196
0,29,197
0,29,197
0,29,197
0,29,196
0,28,196
0,28,196
0,28,196
0,28,196
0,28,196
0,27,196
1,27,197
1,27,197
1,28,197
2,28,198
2,28,198
2,28,197
2,28,197
1,28,196
1,27,194
1,27,193
1,26,191
1,26,190
1,25,189
1,25,187
1,24,186
1,23,184
1,23,183
1,23,183
1,23,183
1,23,184
0,24,188
0,24,190
1,25,190
1,25,191
0,25,194
0,26,195
0,27,196
0,27,197
1,28,199
1,29,200
2,30,201
2,30,201
2,30,201
1,30,201
1,29,200
0,29,199
0,29,198
0,28,198
1,28,196
1,27,195
1,26,192
1,24,190
2,23,189
2,23,187
2,23,186
2,23,185
2,23,185
1,23,185
1,23,187
0,25,189
0,25,190
0,26,192
0,26,193
0,27,195
1,28,196
1,29,199
1,30,199
2,30,200
2,30,201
2,30,201
2,30,201
2,30,201
2,30,201
2,30,201
2,30,201
2,30,201
2,30,201
2,30,201
1,30,201
0,30,200
0,30,199
0,29,198
0,29,197
0,29,197
0,28,195
0,26,192
0,25,191
0,24,190
0,24,190
0,24,190
0,24,190
0,24,190
1,25,190
1,26,191
1,27,193
0,29,194
0,29,197
0,29,197
0,30,199
1,30,200
1,31,201
1,31,202
1,31,202
1,31,202
1,31,202
1,31,202
0,30,201
0,30,201
0,30,201
0,30,201
0,30,200
0,29,199
0,29,198
0,28,197
0,28,196
1,27,196
1,27,195
0,26,194
0,25,191
0,24,190
0,24,190
0,24,190
0,24,190
0,24,190
0,24,190
0,24,190
0,24,190
1,25,191
0,25,191
0,25,191
0,25,191
0,25,191
0,25,191
0,25,190
0,25,190
1,25,189
2,26,187
2,26,186
2,26,186
2,26,184
2,26,182
2,25,181
2,23,177
1,22,174
0,22,172
0,21,170
1,25,179
1,25,180
1,25,182
1,25,183
1,25,184
1,25,184
1,25,184
1,25,185
1,26,185
2,26,186
2,26,186
2,26,186
2,26,186
1,26,186
1,26,186
2,26,186
2,26,186
2,26,186
1,26,186
1,25,186
1,25,187
1,25,187
1,25,187
1,25,187
1,26,187
1,26,187
0,26,186
0,26,186
0,26,186
1,26,186
1,25,185
1,25,185
1,25,185
1,25,185
1,25,185
0,25,185
0,25,186
0,25,188
0,25,191
0,26,192
0,26,193
0,26,195
0,27,196
1,28,196
1,28,196
1,28,196
1,28,196
1,28,196
1,28,196
1,28,196
1,28,196
1,29,196
1,29,197
1,29,197
0,29,197
0,29,196
0,29,196
0,28,196
0,28,196
0,28,196
0,28,196
0,28,196
0,28,196
1,28,196
1,28,197
1,28,197
1,28,197
2,28,197
2,28,197
2,28,197
1,28,196
1,27,195
1,27,193
1,26,192
1,26,190
1,25,189
2,25,187
1,24,186
1,23,184
1,23,183
1,23,183
1,23,183
1,23,183
1,24,185
1,24,188
1,25,190
1,25,191
1,25,191
0,25,193
0,25,194
0,26,195
0,27,196
0,27,198
1,29,200
1,29,200
2,30,201
2,30,201
2,30,201
1,29,200
0,29,199
0,29,198
0,28,197
1,28,196
1,27,195
1,25,191
1,24,189
1,23,187
1,23,187
2,22,187
2,22,186
1,23,186
1,23,187
1,23,189
0,25,189
0,25,191
0,26,192
0,26,194
0,28,196
0,28,197
1,30,199
1,30,199
1,30,200
1,30,201
2,30,201
2,30,201
2,30,201
2,30,201
2,30,201
2,30,201
2,30,201
2,30,201
2,30,201
1,30,200
1,30,200
1,30,199
1,29,198
1,29,197
0,28,196
0,27,193
0,25,191
0,24,190
0,24,190
0,24,190
0,24,190
0,24,190
0,24,190
0,25,191
1,26,192
1,28,194
0,29,195
0,29,197
0,29,197
0,30,198
0,30,199
0,30,200
0,31,201
1,31,202
1,31,202
1,31,202
1,31,202
1,31,202
0,30,201
0,30,201
0,30,201
0,29,200
0,29,199
0,28,198
0,28,197
0,28,196
0,27,196
0,26,195
0,26,193
0,24,190
0,24,190
0,24,190
0,24,190
1,24,190
1,24,190
1,24,190
1,24,190
1,24,191
1,25,191
0,25,191
0,25,191
0,25,191
0,25,191
0,25,190
0,25,190
0,25,190
1,25,189
2,26,187
2,26,186
2,26,186
2,26,184
2,26,181
2,25,180
2,24,177
1,23,174
0,22,172
0,21,171
0,22,171
1,25,180
1,25,181
1,26,182
1,25,183
1,25,184
1,25,184
1,25,185
1,26,185
2,26,186
2,26,186
2,26,186
2,26,186
2,26,186
2,26,186
2,26,186
2,26,186
2,26,186
1,26,186
1,25,186
1,25,187
1,25,187
1,25,187
1,26,187
1,26,187
1,26,187
1,26,186
1,25,186
1,25,185
1,25,185
1,25,185
1,25,185
1,25,185
1,25,185
0,25,185
0,25,185
0,25,186
0,25,188
0,25,191
0,26,192
0,26,193
0,26,194
0,27,195
1,28,196
1,28,196
1,28,196
1,28,196
1,28,196
1,28,196
1,28,196
1,29,196
2,29,197
2,29,197
1,29,197
1,29,197
0,29,196
0,28,196
0,28,196
0,28,196
0,28,196
0,28,196
0,28,196
0,28,196
0,28,196
1,27,196
1,27,197
1,27,197
1,27,197
1,28,196
1,28,196
1,27,195
1,27,193
1,26,192
1,26,190
1,26,189
2,25,187
2,24,186
1,24,184
1,23,183
1,23,183
1,23,183
1,23,183
1,23,183
1,24,185
1,24,189
1,25,190
1,25,191
0,25,191
0,25,193
0,25,194
0,25,195
0,26,195
0,27,198
1,28,199
1,29,200
1,29,200
1,30,201
1,29,200
1,29,200
1,29,199
1,29,198
1,28,197
1,28,196
1,26,192
1,25,191
0,24,189
1,23,187
1,22,187
1,22,187
1,22,187
1,23,187
0,23,189
0,24,189
0,25,191
0,25,192
0,26,193
0,26,195
0,28,197
0,29,198
1,29,199
1,30,200
1,30,200
1,30,200
1,30,201
1,30,201
1,30,201
2,30,201
2,30,201
2,30,201
2,30,201
2,30,201
2,30,200
1,30,200
1,29,199
1,29,198
1,29,197
1,28,196
1,28,195
1,26,192
0,25,191
0,24,190
0,24,190
0,24,190
0,24,190
0,24,190
0,25,191
0,25,191
0,27,193
0,28,194
0,29,196
0,29,197
0,29,197
0,30,198
0,30,199
0,30,200
0,30,201
0,30,201
0,30,201
1,31,202
1,31,202
0,30,201
0,30,201
0,30,201
0,30,201
0,29,199
0,29,198
1,29,197
0,28,197
0,27,196
0,27,195
0,26,193
0,25,191
0,24,190
0,24,190
0,24,190
1,24,190
1,24,190
1,24,190
1,24,191
1,24,191
1,25,191
1,25,191
0,25,191
0,25,191
0,25,191
0,25,191
0,25,190
0,25,190
0,25,190
0,25,189
2,25,187
2,26,186
2,26,186
2,26,184
2,26,182
2,25,180
2,24,177
1,23,174
0,22,173
0,22,171
1,25,179
2,25,180
2,25,181
1,25,182
1,25,183
1,25,184
1,25,184
1,26,185
2,26,185
2,26,185
2,26,186
2,26,186
2,26,186
2,26,186
2,26,186
2,26,186
2,26,186
1,26,186
1,25,186
1,25,186
1,25,187
1,26,187
1,26,187
1,26,187
1,26,186
1,26,186
1,25,186
1,25,185
1,25,185
1,25,184
1,25,184
0,25,184
0,25,185
0,25,185
0,24,186
0,24,187
0,24,189
0,25,191
0,26,192
0,26,192
0,26,194
0,27,195
1,28,195
1,28,196
1,28,196
1,28,196
1,28,196
1,28,196
1,29,196
1,29,196
1,29,197
2,29,197
1,29,196
1,29,196
0,28,196
0,28,195
0,27,195
0,27,195
0,27,195
0,27,195
0,28,196
0,27,196
0,27,196
0,27,196
0,27,196
1,27,196
0,27,195
0,27,195
0,27,194
1,27,193
1,26,192
1,26,191
1,25,190
2,25,187
2,25,186
2,24,184
1,23,183
1,23,182
1,22,182
1,23,183
1,23,183
1,23,184
1,24,185
1,24,189
1,25,190
0,25,191
0,25,191
0,25,193
0,25,193
0,25,194
0,25,195
0,26,196
0,27,198
1,29,200
1,29,200
1,29,200
1,29,200
1,29,200
1,29,199
1,29,198
1,28,196
1,28,195
1,26,192
1,25,191
0,23,189
0,23,188
0,23,187
1,23,187
1,23,187
0,23,188
0,23,189
0,24,190
0,25,192
0,25,193
0,26,195
0,28,196
0,28,198
0,29,199
1,30,200
1,30,200
1,30,201
0,30,201
0,30,201
0,30,201
0,30,201
1,30,201
1,30,201
2,30,201
2,30,201
2,30,200
1,29,200
1,29,200
1,29,198
1,29,197
1,29,197
1,28,196
1,27,195
1,25,191
1,25,191
0,24,190
0,24,190
0,24,190
0,24,190
0,25,191
0,25,191
0,26,192
0,28,194
0,28,195
0,29,196
0,29,197
0,29,197
0,30,198
0,30,199
0,30,200
0,30,201
0,30,201
0,30,201
1,31,202
1,31,202
0,30,201
0,30,201
0,30,201
0,30,200
0,29,198
1,29,198
1,28,197
0,28,196
0,27,195
0,26,194
0,25,191
0,24,190
0,24,190
0,24,190
1,24,190
1,25,191
1,25,191
1,25,191
1,25,191
1,25,191
0,25,191
0,25,191
0,25,191
0,25,191
0,25,191
0,25,191
0,25,190
0,25,190
0,24,190
0,25,189
2,25,188
2,26,186
2,26,186
2,26,184
2,26,182
2,25,180
2,24,176
1,23,174
0,23,173
0,22,172
1,25,178
1,25,179
1,25,180
1,25,181
1,25,182
1,25,183
1,26,184
1,26,184
1,26,185
1,26,185
2,26,186
2,26,186
2,26,186
2,26,186
2,26,186
2,26,186
2,26,186
1,26,186
1,26,186
0,25,186
0,25,187
0,26,187
1,26,187
1,26,186
1,26,186
2,26,186
1,25,185
1,25,185
1,25,184
1,25,184
0,25,184
0,25,184
0,25,185
0,25,185
0,25,186
0,24,187
0,24,189
0,25,191
0,25,191
0,26,192
0,26,193
0,27,194
1,28,195
1,28,196
1,28,196
1,28,196
1,29,196
1,29,196
1,29,196
1,29,197
1,29,197
1,29,196
1,29,196
1,29,196
0,28,196
0,27,195
0,27,195
0,27,195
0,27,195
0,27,195
0,27,195
0,27,195
0,27,196
0,27,195
0,27,195
0,27,195
0,27,195
0,27,194
0,26,193
0,25,193
1,26,191
1,25,190
2,25,190
3,25,187
2,24,185
2,23,183
1,23,183
1,23,183
1,23,182
1,23,183
1,23,184
1,23,185
1,24,185
0,24,189
0,25,190
0,25,191
0,25,192
0,25,193
0,25,193
0,25,194
0,25,195
0,25,196
0,27,198
1,28,199
1,29,200
1,29,200
0,29,200
0,29,199
1,29,198
1,28,197
1,28,196
1,27,194
1,26,192
0,25,191
0,24,189
0,23,188
0,23,188
1,23,188
0,23,188
0,23,189
0,24,189
0,24,191
0,25,193
0,25,194
0,27,196
0,28,197
1,29,198
1,29,200
1,30,200
0,30,201
0,30,201
0,30,201
0,30,201
0,30,201
0,30,201
0,30,201
1,30,201
1,30,201
1,29,200
1,29,200
1,29,200
1,29,199
1,29,198
1,29,197
1,28,196
1,28,196
1,27,195
1,25,191
1,25,191
0,25,191
0,24,190
0,25,191
0,25,191
0,25,191
0,25,191
0,27,192
0,28,194
0,28,196
0,29,196
0,29,197
0,29,198
0,30,199
0,30,199
0,30,200
0,30,201
0,30,201
0,30,201
1,31,202
0,30,201
0,30,201
0,30,201
0,30,201
0,29,199
0,29,198
1,28,197
1,28,197
0,27,195
0,26,194
0,25,192
0,25,191
0,25,191
0,25,191
0,25,191
1,25,191
1,25,191
1,25,191
1,25,191
1,25,192
0,25,192
0,25,192
0,25,192
0,25,192
0,25,192
0,25,191
0,25,191
0,25,190
0,24,190
0,24,190
0,24,189
2,25,189
2,26,187
2,26,186
2,26,185
2,26,182
2,25,179
1,24,176
0,23,174
0,23,173
0,22,172
1,24,177
1,24,178
1,24,179
0,24,180
0,25,181
0,25,183
1,26,183
1,26,184
1,26,184
1,26,185
1,26,185
2,26,186
2,26,186
2,26,186
2,26,186
2,26,186
2,26,186
1,26,186
0,26,186
0,26,186
0,26,187
0,26,187
1,26,186
2,26,186
2,26,186
2,26,186
2,25,185
1,25,185
1,25,185
1,25,184
1,25,184
0,25,185
0,25,185
0,25,186
0,25,187
0,25,188
0,25,190
0,25,191
0,26,192
0,26,192
0,27,193
0,27,195
1,28,195
1,28,195
1,28,196
1,28,196
1,28,196
1,29,196
1,30,196
1,30,197
1,29,197
1,29,197
1,29,197
1,28,196
0,27,195
0,27,195
0,27,195
0,27,195
0,27,195
0,27,195
0,27,195
0,27,195
0,27,195
0,27,195
0,27,195
0,27,195
0,26,194
0,26,193
0,25,193
0,25,191
1,25,191
2,25,190
2,25,188
3,25,186
2,24,185
2,23,184
2,23,183
1,23,183
1,23,183
1,23,184
1,23,185
1,23,185
0,24,188
0,24,190
0,25,191
0,25,191
0,25,193
0,25,193
0,25,194
0,25,195
0,25,195
0,26,196
0,27,198
1,28,199
1,28,199
1,29,199
0,29,199
1,29,198
1,29,198
1,28,197
1,28,196
1,27,194
0,26,192
0,25,190
0,24,190
0,24,189
1,23,188
1,23,188
0,23,189
0,23,189
0,24,190
0,25,192
0,25,194
0,26,195
0,27,196
1,28,197
1,29,198
0,29,199
0,30,200
0,30,201
0,30,201
0,30,201
0,30,201
0,30,201
0,30,201
0,30,201
0,30,201
1,29,200
1,29,200
1,29,200
1,29,200
1,29,199
1,29,198
1,29,197
1,28,196
1,28,196
1,27,195
1,25,191
1,25,191
0,25,191
0,25,191
0,25,191
0,25,191
0,25,191
0,26,192
0,28,193
0,28,194
0,28,196
0,29,196
0,29,197
0,29,198
0,30,199
0,30,199
0,30,200
0,30,201
0,30,201
0,30,201
1,31,202
1,31,202
0,30,201
0,30,201
0,29,200
0,29,198
0,29,198
1,28,197
1,28,196
0,27,195
0,26,193
0,25,192
0,25,191
0,25,191
0,25,191
0,25,191
1,25,191
1,25,191
1,25,191
1,26,192
1,26,192
0,25,193
0,25,192
0,25,192
0,25,192
0,25,192
0,25,191
0,25,191
0,25,191
0,24,190
0,24,190
0,24,190
2,24,189
2,26,187
2,26,186
2,26,185
2,26,182
2,25,179
0,24,175
0,23,173
0,23,173
0,22,172
1,24,177
1,24,177
0,24,179
0,24,179
0,24,180
0,25,183
0,25,183
1,25,184
1,26,184
1,26,185
0,26,185
0,26,186
0,26,186
0,26,186
2,26,186
2,26,186
2,26,186
0,26,186
0,26,186
0,26,186
0,26,186
0,26,186
0,26,186
2,26,186
2,26,186
2,26,186
2,26,186
2,25,185
1,25,185
1,25,185
1,25,185
0,25,185
0,25,186
0,25,186
0,25,187
0,25,188
0,25,190
0,25,191
0,26,192
0,27,193
1,27,194
1,27,195
1,28,195
1,28,196
1,28,196
1,28,196
1,28,196
1,29,196
1,30,197
1,30,197
1,30,197
1,29,197
1,29,196
1,28,196
0,27,195
0,27,195
0,27,195
0,27,195
0,27,195
0,27,195
0,27,195
0,27,195
0,27,195
0,27,195
0,27,195
0,27,195
0,26,194
0,25,193
0,25,191
0,25,191
1,25,191
2,25,190
2,25,189
2,24,186
2,24,185
2,23,185
1,23,184
1,23,184
1,23,184
1,23,185
1,23,185
0,23,188
0,24,188
0,24,190
0,24,191
0,25,192
0,25,193
0,25,193
0,25,195
0,25,195
0,26,196
1,26,197
1,27,198
1,28,198
1,28,198
1,28,198
0,28,198
0,28,198
1,28,197
1,28,196
1,27,195
1,27,193
1,26,192
1,25,191
1,25,190
1,24,190
1,24,189
1,24,189
1,24,190
0,24,190
0,25,191
0,25,193
0,26,194
0,27,195
0,27,196
1,28,197
1,29,198
0,29,199
0,29,200
0,30,201
0,30,201
0,30,201
0,30,201
0,30,201
0,30,201
0,30,201
0,30,201
1,29,200
1,29,200
1,29,200
1,29,200
1,29,199
1,29,198
1,29,198
1,29,197
1,28,196
1,27,195
1,25,192
0,25,191
0,25,191
0,25,191
0,25,191
0,25,191
0,26,192
0,27,192
0,28,194
0,28,196
0,28,196
0,29,197
0,29,198
0,30,199
0,30,199
0,31,200
0,31,201
0,31,201
0,30,201
0,30,201
0,30,201
1,31,202
0,30,201
0,30,201
0,29,200
1,29,198
0,28,198
0,28,197
0,27,195
0,26,194
0,25,193
0,25,191
0,25,191
0,25,191
0,25,191
0,25,191
0,25,191
1,26,192
1,26,192
1,26,193
1,27,193
1,26,193
0,26,193
0,26,192
0,26,192
0,26,192
0,26,192
0,26,192
0,25,191
0,24,190
0,24,190
0,24,190
2,24,189
2,25,188
2,26,187
2,26,185
2,26,182
2,25,179
0,24,175
0,23,173
0,23,173
0,22,172
1,23,176
0,23,177
0,23,178
0,23,179
0,24,180
0,25,183
0,25,183
0,25,184
1,25,184
1,25,185
0,25,185
0,26,186
0,26,186
0,26,186
0,26,186
2,26,186
2,26,186
0,26,186
0,26,186
0,26,186
0,26,186
0,26,186
0,26,186
2,26,186
2,26,186
2,26,186
2,26,186
2,26,186
1,25,185
1,25,185
1,25,185
0,25,186
0,25,186
0,25,187
0,25,187
0,25,189
0,25,190
0,25,191
0,26,192
1,27,193
1,27,195
1,27,195
1,28,196
1,28,196
1,28,196
1,28,196
1,28,196
1,29,197
1,30,197
1,30,197
1,30,197
1,29,197
1,28,196
1,28,196
0,27,195
0,27,195
0,27,195
0,27,195
0,27,195
0,27,195
0,27,195
0,27,195
1,27,195
0,27,195
0,27,195
0,26,194
0,25,193
0,25,192
0,25,191
0,25,191
0,25,191
1,25,190
1,25,189
2,24,187
2,24,186
1,23,185
1,23,185
1,23,185
1,23,185
0,23,185
0,23,188
0,23,188
0,24,190
0,24,191
0,24,192
0,25,192
0,25,193
0,25,194
0,25,195
0,26,195
1,26,196
1,27,196
1,28,197
1,28,198
1,28,198
1,28,198
0,28,197
0,27,197
0,27,196
0,27,195
0,27,194
1,26,194
0,26,192
1,25,191
1,25,191
1,24,190
1,24,190
1,24,190
1,24,190
1,25,191
0,25,191
0,26,193
0,26,194
0,27,195
1,27,196
1,28,197
1,29,198
1,29,199
0,30,200
0,30,201
0,30,201
0,30,201
0,30,201
0,30,201
0,30,201
0,30,201
0,30,201
1,30,201
1,29,200
1,30,200
1,30,200
1,30,200
1,29,199
1,29,198
1,29,197
0,28,196
0,26,195
0,25,193
0,25,192
0,25,191
0,25,191
0,25,191
0,26,192
0,26,192
0,28,193
0,28,195
0,29,196
0,29,197
0,29,198
0,29,198
0,30,199
0,30,200
0,31,200
0,31,201
1,31,201
1,31,202
1,31,202
1,31,202
1,31,202
1,31,202
0,31,201
1,30,200
1,29,199
0,28,198
0,28,196
0,27,195
0,26,194
0,25,193
0,25,192
0,25,191
0,25,191
0,25,191
0,25,192
0,26,192
0,26,193
1,26,193
1,26,194
1,27,194
0,26,194
0,26,193
0,26,193
0,26,192
0,26,192
0,26,192
0,26,192
0,25,191
0,25,191
0,24,190
0,24,190
2,25,189
2,25,188
2,26,187
2,26,185
2,26,182
2,25,180
0,24,175
0,23,173
0,22,173
0,22,172
0,23,176
0,23,177
0,23,178
0,23,179
0,24,180
0,25,183
0,25,183
1,25,184
1,25,184
1,25,185
0,25,185
0,25,185
0,26,186
0,26,186
0,26,186
0,26,186
0,26,186
0,26,186
0,26,186
0,26,186
0,26,186
0,26,186
0,26,186
0,26,186
2,26,186
2,26,186
2,26,186
2,26,186
2,26,186
2,25,186
2,25,186
1,25,186
0,25,186
0,25,187
0,25,187
0,25,189
0,25,191
0,26,192
1,27,193
1,27,195
1,27,195
1,27,195
1,28,196
1,28,196
1,28,196
1,28,196
1,28,196
1,29,196
1,29,197
1,29,197
1,29,197
1,29,197
1,28,196
1,28,196
0,27,195
0,27,195
0,27,195
0,27,195
0,27,195
0,27,195
0,27,195
2,28,196
1,28,196
1,27,195
0,27,195
0,25,193
0,25,193
0,25,192
0,25,191
0,25,191
0,25,191
1,25,190
1,25,189
1,24,189
1,24,188
1,24,186
1,24,186
1,23,186
0,23,188
0,24,188
0,24,188
0,24,190
0,24,191
0,24,192
0,24,192
0,25,193
0,25,193
0,25,194
0,26,195
0,26,195
1,26,196
1,27,196
1,27,196
1,27,197
1,28,197
1,28,197
0,27,197
0,27,196
0,27,195
0,27,195
0,26,194
0,26,194
0,26,192
0,25,191
1,25,191
1,24,190
1,24,190
1,24,190
1,24,190
1,25,191
0,25,192
1,26,194
1,26,194
1,27,195
1,27,196
1,28,197
1,29,198
1,29,199
0,29,199
0,30,200
0,30,201
0,30,201
0,30,201
0,30,201
0,30,201
0,30,201
0,30,201
0,30,201
1,30,201
2,30,201
2,30,200
2,30,200
1,30,199
1,29,198
0,29,198
0,28,196
0,26,195
0,25,194
0,25,193
0,25,192
0,25,192
0,26,192
0,27,193
0,27,194
1,28,195
0,29,197
1,29,197
0,29,197
0,29,198
0,30,199
0,30,199
0,30,200
0,31,200
0,31,201
1,31,202
1,31,202
1,31,202
1,31,202
1,31,202
0,30,201
0,30,201
1,30,200
1,29,199
0,28,198
0,28,196
0,27,195
0,26,194
0,25,193
0,25,193
0,25,192
0,25,192
0,25,192
0,26,192
0,26,193
0,26,194
1,26,194
1,26,194
0,26,194
0,26,194
0,26,194
0,26,193
0,26,192
0,26,192
0,26,192
0,26,192
0,25,191
0,25,191
0,24,190
0,24,190
1,25,189
2,25,188
2,25,187
2,26,185
2,26,184
2,25,180
1,24,176
0,23,174
0,22,172
0,21,171
0,23,175
0,23,177
0,23,177
0,23,179
0,24,180
0,25,183
1,25,183
1,25,184
1,26,184
1,25,185
0,25,185
0,26,185
0,26,186
0,26,186
0,26,186
0,26,186
0,26,186
0,26,186
0,26,186
0,26,186
0,26,186
0,26,186
0,26,186
0,26,186
2,26,186
2,26,186
2,26,186
2,26,186
2,26,186
2,25,186
2,25,186
1,25,186
1,25,186
0,25,187
0,25,187
0,25,190
0,25,191
0,26,192
1,27,193
1,27,195
1,27,195
1,27,195
1,28,196
1,28,196
1,28,196
1,28,196
1,28,196
1,28,196
1,28,196
1,29,197
1,29,197
1,29,197
1,28,196
1,28,196
0,27,195
0,27,195
0,27,195
0,27,195
0,27,195
0,27,195
1,27,195
2,28,196
1,27,195
1,27,195
0,26,194
0,25,193
0,25,192
0,25,192
0,25,191
0,25,191
0,25,191
0,25,190
0,25,189
0,25,189
0,25,189
0,25,188
0,24,188
0,24,189
0,24,189
0,24,190
0,24,190
0,24,191
0,24,192
0,24,192
0,24,192
0,25,193
0,25,193
0,25,193
1,26,194
1,26,195
1,27,196
1,27,196
1,27,196
1,27,196
1,27,196
1,27,196
0,27,196
0,27,195
0,26,195
0,26,194
0,26,194
0,26,194
0,26,193
0,26,192
1,25,191
1,24,191
1,24,191
1,24,191
1,25,191
0,25,191
0,25,192
1,26,194
1,26,194
1,27,195
1,27,196
1,28,197
1,28,198
0,29,198
0,29,199
0,29,199
0,29,200
0,29,200
0,30,201
0,30,201
0,30,201
0,30,201
0,30,201
0,30,201
1,30,201
2,30,201
2,30,201
2,30,200
1,30,200
1,30,199
1,29,198
0,28,196
0,26,195
0,26,194
0,25,194
0,25,193
0,26,194
0,27,195
1,27,195
1,28,195
1,29,196
1,29,197
1,29,197
0,29,198
0,30,199
0,30,199
0,30,199
0,30,200
0,30,200
0,31,201
0,31,201
1,31,202
0,30,201
0,30,201
0,30,201
0,30,201
0,30,201
1,30,200
1,29,199
0,28,198
0,27,196
0,27,195
0,26,194
0,26,193
0,25,193
0,25,193
0,25,193
0,26,193
0,26,193
0,26,194
0,26,194
0,26,194
0,26,194
0,26,194
0,26,194
0,26,194
0,26,194
0,26,192
0,26,192
0,26,192
0,26,192
0,25,191
0,25,191
0,25,190
0,25,190
0,25,189
2,25,188
2,25,187
2,26,185
2,26,184
2,26,181
1,25,177
0,23,175
0,22,172
0,21,171
0,23,175
0,22,176
0,23,177
0,23,178
0,24,179
1,25,182
1,26,183
1,26,184
1,26,184
1,26,184
1,26,185
0,26,185
0,26,186
0,26,186
0,26,186
0,26,186
0,26,186
0,26,186
0,26,186
0,26,186
0,26,186
0,26,186
0,26,186
0,26,186
1,26,186
2,26,186
2,26,186
2,26,186
2,26,186
2,25,186
2,25,186
1,25,186
1,25,186
1,24,187
0,24,187
0,24,190
0,25,191
0,26,192
1,26,193
1,27,195
1,27,195
1,27,195
1,28,196
1,28,196
1,28,196
1,28,196
1,28,196
1,28,196
1,28,196
1,28,196
1,28,196
1,28,196
1,28,196
1,28,196
0,27,195
0,27,195
0,27,195
0,27,195
0,27,195
1,27,195
1,27,195
1,27,195
1,27,195
0,26,194
0,26,194
0,25,193
0,25,192
0,25,192
0,25,192
0,26,192
0,26,192
0,26,191
0,25,190
0,25,189
0,25,189
0,25,190
0,25,190
0,26,191
0,26,191
0,26,192
0,26,192
0,26,192
0,25,192
0,25,192
0,24,193
0,24,193
0,24,193
1,25,193
1,25,194
1,26,194
1,26,195
1,27,195
1,27,195
1,27,195
1,27,195
0,27,195
0,26,194
0,26,194
0,26,194
0,26,194
0,26,194
0,26,194
0,26,194
0,26,193
1,25,193
1,25,192
1,24,191
1,24,191
1,24,191
0,25,192
0,25,193
1,26,194
1,27,195
1,27,195
1,27,196
1,28,197
0,28,198
0,29,198
0,29,199
0,29,199
0,29,200
0,29,200
0,30,201
0,30,201
0,30,201
0,30,201
0,30,201
0,30,201
0,30,201
2,30,201
2,30,201
2,30,200
1,30,200
1,30,199
1,29,198
0,28,197
0,26,196
0,26,195
0,26,195
0,26,195
1,27,195
1,27,195
1,28,196
1,29,197
1,29,197
1,29,197
1,29,197
0,30,198
0,30,199
0,30,199
0,30,199
0,30,200
0,30,200
0,30,201
0,30,201
0,30,201
0,30,201
0,30,201
0,30,201
0,30,201
0,30,201
0,29,200
0,29,199
0,28,198
0,28,196
0,27,195
0,26,194
0,26,194
0,26,194
0,25,193
0,26,193
0,26,194
0,26,194
0,26,194
0,26,194
0,26,194
0,26,194
0,26,194
0,26,194
0,26,194
0,26,194
0,26,192
0,26,192
0,26,192
0,26,192
0,25,191
0,25,191
0,25,191
0,25,190
0,25,189
1,25,188
2,25,187
2,26,186
2,26,184
2,26,181
1,25,179
0,23,175
0,22,172
0,21,171
0,23,174
0,22,175
0,23,177
0,23,178
0,24,179
1,25,181
1,26,182
1,26,184
1,26,184
1,26,184
1,26,184
1,26,185
1,26,186
0,26,186
0,26,186
0,26,186
0,26,186
0,25,186
0,26,186
0,26,186
0,26,186
0,26,186
0,26,186
0,26,186
0,26,186
1,26,186
1,26,186
2,26,186
1,25,186
1,25,186
1,25,186
1,24,186
1,24,186
1,24,187
0,24,187
0,24,190
0,25,190
0,25,191
1,26,192
1,27,195
1,27,195
1,27,195
1,27,195
1,28,196
1,28,196
1,28,196
1,28,196
1,28,196
1,28,196
1,28,196
1,28,196
1,28,196
1,28,196
1,28,196
0,27,195
0,27,195
0,27,195
0,27,195
1,27,195
1,27,195
1,27,195
1,27,195
1,27,195
0,26,194
0,26,194
0,25,193
0,25,193
0,26,192
0,26,192
0,26,192
0,26,192
0,26,192
0,26,192
0,26,191
0,26,191
0,26,191
0,26,192
0,26,192
0,27,192
0,27,193
0,27,194
0,26,194
0,26,194
0,25,193
0,25,193
0,25,193
0,24,193
1,24,193
1,25,193
1,25,194
1,25,194
1,26,194
1,26,194
1,26,194
1,26,192
0,26,192
0,26,192
0,26,192
0,26,193
0,26,194
0,26,194
0,26,194
0,26,194
0,26,194
0,26,194
0,26,193
0,24,193
0,24,193
0,25,193
0,25,193
0,26,193
0,26,194
1,27,195
1,27,195
1,28,196
1,28,197
0,28,198
0,29,198
0,29,198
0,29,199
0,29,200
0,29,200
0,29,200
0,30,201
0,30,201
0,30,201
0,30,203
0,30,203
0,30,201
0,30,201
1,30,201
1,30,201
1,30,200
1,30,200
1,29,199
0,29,198
0,27,197
0,26,196
0,27,196
0,27,196
1,28,196
1,28,196
1,29,197
1,29,197
1,29,197
1,29,197
1,29,198
1,30,199
0,30,199
0,30,199
0,30,200
0,30,200
0,30,200
0,30,201
0,30,201
0,30,201
0,30,201
0,30,201
0,30,201
0,30,200
0,30,200
1,29,200
1,29,199
1,28,197
0,28,196
0,27,195
0,26,194
0,26,194
0,26,194
0,26,194
0,26,194
0,26,194
0,26,194
0,26,194
0,26,194
0,26,194
0,26,194
0,26,194
0,26,194
0,26,194
0,26,194
0,26,193
0,26,192
0,26,192
0,26,192
0,26,192
0,25,191
0,25,191
0,25,190
0,25,189
1,25,189
1,25,187
2,26,186
2,26,184
2,26,182
1,25,179
0,23,175
0,22,172
0,21,171
0,22,174
0,22,175
0,23,176
0,23,177
1,23,179
1,25,181
2,26,182
2,26,183
1,26,184
1,26,184
1,26,184
1,26,185
1,26,185
1,26,186
1,26,185
0,25,185
0,25,185
0,25,185
0,25,186
0,26,186
0,26,186
0,26,186
0,26,186
0,26,186
0,26,186
0,26,186
1,26,186
1,26,186
1,26,186
1,25,186
1,25,186
1,25,186
1,24,186
1,24,187
1,24,187
0,24,190
0,25,190
0,25,191
1,26,192
1,27,195
1,27,195
1,27,195
1,27,195
1,27,195
0,27,195
1,28,196
1,28,196
1,28,196
1,28,196
1,28,196
1,28,196
0,28,196
0,28,196
1,28,196
1,28,196
1,28,196
1,28,196
1,28,196
1,28,196
1,27,195
1,27,195
1,27,195
1,27,195
0,26,194
0,26,194
0,26,194
0,26,193
0,26,193
0,27,193
1,27,193
1,27,193
1,27,193
1,27,193
0,26,192
0,26,192
0,26,192
1,27,193
1,27,194
1,27,195
1,28,195
0,27,195
0,27,195
0,27,195
0,26,194
0,25,194
1,25,193
1,24,193
1,24,193
1,24,193
1,25,193
1,25,193
1,25,193
1,25,192
0,26,192
0,26,192
0,26,192
0,26,192
0,26,192
0,26,193
0,26,194
0,26,194
0,26,194
0,26,194
0,26,194
0,26,194
0,26,194
0,26,193
0,25,193
0,25,193
0,25,193
0,26,194
0,26,194
0,27,195
1,27,195
1,28,196
0,28,197
0,28,197
0,28,198
0,29,198
0,29,199
0,29,200
0,29,200
0,29,200
0,29,201
0,30,201
0,30,203
0,30,203
0,30,203
0,30,203
0,30,201
1,30,201
1,30,201
1,30,200
1,30,200
1,29,199
1,29,199
1,29,198
0,28,197
0,28,197
0,28,197
0,28,197
0,29,197
1,29,197
1,29,197
1,29,197
1,29,198
1,30,199
1,30,199
0,31,200
0,30,200
0,30,200
0,30,200
0,30,200
0,30,201
0,30,201
0,30,201
0,30,201
0,30,201
0,29,200
0,29,200
0,29,200
1,29,199
1,29,199
1,28,197
0,28,196
0,27,195
0,27,195
0,26,194
0,26,194
0,26,194
0,26,194
0,26,194
0,26,194
0,26,194
0,26,194
0,26,194
0,26,195
0,26,195
0,26,195
0,26,195
0,26,195
0,26,194
0,26,192
0,26,192
0,26,192
0,26,192
0,25,192
0,25,191
0,25,191
1,25,190
1,25,189
1,25,187
2,26,186
2,26,184
2,26,182
1,24,179
0,23,175
0,22,172
0,22,171
0,22,173
0,22,175
1,23,176
1,23,177
2,23,179
2,25,181
2,25,181
2,26,182
2,26,182
1,26,184
1,26,184
1,26,184
1,26,184
1,26,185
1,25,185
1,25,185
1,25,185
0,25,185
0,25,185
0,25,186
0,25,187
0,26,187
0,26,187
0,26,186
0,26,186
0,26,186
1,26,186
1,26,186
1,26,186
1,25,186
1,25,186
1,25,186
1,25,186
1,24,187
1,24,187
0,24,190
0,24,190
0,25,191
1,26,192
1,26,194
1,27,194
1,27,195
0,27,195
0,27,195
0,27,195
1,27,195
1,28,196
1,28,196
1,28,196
1,28,196
1,28,196
1,28,195
0,28,195
1,28,196
1,28,196
1,28,196
1,28,196
1,28,196
1,28,196
1,27,195
1,27,195
1,27,195
0,27,195
0,27,195
0,26,194
0,26,194
0,26,194
0,27,195
1,27,195
1,27,195
1,27,196
1,28,196
1,27,196
1,27,195
0,27,195
0,27,195
1,27,195
1,28,196
1,28,196
1,28,196
0,28,197
0,28,196
0,27,195
0,26,194
1,25,194
1,25,193
1,24,193
1,24,193
1,24,191
1,24,191
1,24,191
1,25,191
1,25,191
0,25,191
0,25,191
0,25,191
0,25,191
0,25,192
0,26,193
0,26,194
0,27,195
0,27,195
0,26,195
0,26,195
0,26,195
0,26,194
0,26,194
0,26,194
0,26,194
0,26,194
0,26,194
0,26,194
0,27,195
0,27,195
0,28,196
0,28,197
0,28,197
0,28,198
0,29,198
0,29,199
0,29,200
0,29,200
0,29,200
0,29,201
0,30,203
0,30,203
0,30,203
0,30,203
0,30,203
0,30,203
0,30,201
1,30,201
1,30,201
2,30,200
2,30,200
2,30,199
1,30,199
1,29,198
0,29,198
0,29,198
0,29,197
0,29,197
0,29,197
0,29,197
1,29,198
1,29,198
1,30,199
1,30,199
1,31,200
0,30,200
0,30,200
0,30,200
0,30,201
0,30,201
0,30,201
0,30,201
0,30,201
0,29,200
0,29,200
1,29,200
1,29,200
1,29,199
1,29,199
1,29,197
1,28,196
0,27,195
0,26,194
0,26,194
0,26,194
0,26,194
0,26,194
0,26,194
0,26,194
0,26,194
0,26,194
0,26,195
0,26,195
0,26,195
0,26,195
0,27,195
0,27,195
0,27,194
0,26,193
0,26,193
0,26,192
0,26,192
0,26,193
1,25,192
0,25,191
1,25,190
1,25,189
1,25,187
2,26,186
2,26,184
1,26,182
1,24,179
0,23,175
0,22,172
0,22,171
1,22,173
1,22,175
1,23,176
1,23,177
1,23,178
1,24,179
2,25,181
2,25,181
2,26,182
1,26,182
1,26,184
1,26,184
1,26,184
1,26,184
1,25,184
1,25,184
1,25,184
0,25,185
0,25,185
0,25,187
0,25,187
0,25,187
0,26,187
0,26,187
0,26,186
0,26,186
1,26,186
1,26,186
1,26,186
1,26,186
1,25,186
1,25,186
1,25,186
1,24,186
1,24,187
0,24,190
0,24,190
0,25,190
1,26,192
1,27,193
1,27,194
1,27,194
0,27,195
0,27,195
0,27,195
1,27,195
1,28,196
1,28,196
1,28,196
1,28,196
1,28,196
1,28,195
1,28,196
1,28,196
1,28,196
1,28,196
1,28,196
1,28,196
1,28,196
1,28,196
1,27,195
0,27,195
0,27,195
0,27,195
0,27,195
0,27,195
0,27,195
0,27,195
1,27,196
1,27,196
1,28,196
1,28,196
1,28,196
1,28,196
1,28,196
1,28,196
1,28,196
1,28,197
1,28,197
0,28,197
0,28,197
0,28,197
0,27,196
0,27,195
0,26,194
1,25,193
0,24,191
1,24,190
1,24,190
1,24,190
1,24,190
1,24,191
1,25,191
0,24,190
0,24,191
0,25,191
0,25,191
0,25,193
0,26,194
0,26,194
0,27,195
0,27,195
0,27,195
0,26,195
0,26,195
1,26,195
1,26,195
1,26,194
0,26,194
0,26,194
0,26,194
0,26,194
0,27,195
0,27,195
0,28,196
0,28,197
0,28,197
0,28,198
0,29,198
0,29,199
0,29,200
0,29,200
0,29,200
0,29,202
0,30,203
0,30,203
0,30,203
0,30,203
0,30,203
0,30,203
0,30,202
1,30,201
1,30,201
2,30,200
2,30,200
2,30,200
1,30,199
1,29,199
1,29,198
0,29,198
0,29,198
0,29,198
0,29,198
0,29,198
0,29,198
0,29,198
1,30,199
1,30,199
1,31,199
0,30,200
0,30,200
0,30,201
0,30,201
0,30,201
0,30,201
0,30,201
0,29,200
0,29,200
0,29,200
1,29,199
1,29,199
1,29,199
1,29,198
1,28,197
1,28,196
0,27,195
0,26,194
0,26,194
0,26,194
0,26,194
0,26,194
0,26,194
0,26,194
0,26,194
0,27,195
0,26,195
0,26,195
0,26,195
0,26,195
0,27,195
0,27,195
0,27,195
0,27,194
0,26,193
0,26,193
0,26,193
1,26,194
1,26,194
0,25,192
1,25,191
1,25,189
2,25,189
2,26,186
2,26,186
1,26,182
1,24,179
0,23,175
0,23,173
0,22,172
1,22,173
1,22,175
1,23,176
2,23,177
2,23,177
2,23,178
2,24,180
2,25,181
2,25,181
1,25,182
1,25,182
1,25,183
1,26,184
1,26,184
1,25,184
1,25,184
1,25,184
1,25,185
0,25,185
0,25,187
0,25,187
0,25,187
0,25,187
0,26,187
0,26,187
0,26,187
1,26,186
1,26,186
1,26,186
1,26,186
1,26,186
2,25,186
1,25,186
1,25,186
1,24,187
0,24,190
0,24,190
0,25,190
1,26,192
1,26,192
1,26,193
0,26,194
0,26,194
0,26,194
0,27,195
1,27,195
1,28,196
1,28,196
1,28,196
1,28,196
1,28,196
1,28,196
1,28,196
1,28,196
1,28,196
1,28,196
1,28,196
1,28,196
1,28,196
1,28,196
1,28,196
1,27,195
0,27,195
0,27,195
0,27,195
0,27,195
0,27,195
0,27,195
1,27,197
1,28,197
1,28,197
1,28,198
1,28,198
1,28,198
1,28,197
1,28,197
1,28,197
1,28,197
0,28,197
0,28,197
0,28,197
0,28,197
0,28,197
0,27,195
0,26,194
0,25,191
0,24,190
0,24,190
0,24,190
0,24,190
1,24,190
1,24,190
1,24,190
0,24,190
0,24,190
0,24,191
0,25,193
0,25,194
0,26,194
0,27,195
0,27,195
0,27,195
0,27,196
0,27,196
1,27,196
1,27,196
1,27,196
1,27,195
0,27,195
0,26,195
0,26,195
0,27,195
0,27,195
0,27,195
0,27,196
0,28,197
0,28,197
0,28,198
1,29,198
0,29,199
0,29,200
0,29,200
0,29,200
0,29,202
0,30,203
0,30,203
0,30,203
0,30,203
0,30,203
0,30,203
0,30,203
1,30,201
1,29,201
2,30,201
2,30,201
2,30,200
1,30,200
1,30,199
0,29,198
0,29,198
0,29,198
0,29,198
0,29,198
0,29,198
0,29,198
0,29,198
0,29,198
0,30,199
1,30,199
1,30,200
1,30,200
1,30,201
1,30,201
1,30,201
0,30,201
0,29,200
0,29,200
0,29,199
0,29,199
1,29,198
1,29,199
1,29,198
1,29,197
1,28,197
1,27,196
0,27,195
0,26,194
0,26,194
0,26,194
0,26,194
0,26,194
0,26,194
0,26,194
1,27,195
1,27,195
0,27,195
0,26,195
0,26,195
0,26,195
0,27,195
0,27,195
0,27,195
0,27,194
0,27,194
0,27,194
0,26,193
1,26,194
1,26,194
0,25,193
1,25,191
1,25,189
2,25,189
2,26,186
2,26,186
2,26,182
1,24,179
0,23,175
0,23,173
0,22,172
1,22,175
2,23,175
2,23,176
2,23,177
1,23,178
2,24,179
2,24,180
2,24,180
1,24,181
1,24,181
1,25,182
1,25,183
1,25,184
1,26,184
1,26,184
1,26,184
1,25,185
1,25,186
1,25,187
0,25,187
0,25,187
0,25,187
0,25,187
0,26,187
0,26,187
1,26,187
1,27,187
1,27,187
1,26,186
1,26,186
2,25,186
1,25,186
1,25,186
1,24,187
0,24,189
0,24,190
0,24,190
0,24,190
0,26,192
0,26,192
0,26,193
0,26,194
0,26,194
0,27,195
1,27,195
1,28,195
1,28,196
1,29,195
1,29,195
1,28,196
1,28,196
1,28,196
1,28,196
1,28,196
1,28,196
1,28,196
1,28,196
1,28,196
1,28,196
1,28,196
1,28,196
1,27,195
0,27,195
0,27,195
0,27,195
0,27,195
0,27,196
0,28,197
1,28,197
1,28,198
1,28,198
1,28,198
1,28,198
1,28,198
1,28,198
1,28,198
1,28,197
0,28,197
0,28,197
0,28,197
0,28,197
0,28,197
0,27,195
0,26,193
0,24,191
0,24,190
0,24,190
0,24,190
1,24,190
2,24,190
2,24,190
1,24,190
0,24,190
0,24,190
0,25,192
0,26,194
0,26,194
0,26,195
0,27,195
0,27,195
0,27,196
1,27,196
1,27,197
1,27,197
1,27,197
1,27,197
1,27,197
1,27,196
0,27,195
0,27,195
0,27,195
0,27,195
0,27,195
0,27,196
0,27,197
0,28,198
1,28,198
1,29,198
0,29,199
0,29,200
0,29,200
0,29,200
0,29,202
0,30,203
0,30,203
0,30,203
0,30,203
0,30,203
0,30,203
0,30,202
1,30,202
1,29,201
2,29,201
2,30,201
2,30,201
1,30,200
1,30,199
1,30,199
0,29,198
0,29,198
0,29,198
0,29,198
0,29,198
0,29,198
0,29,198
0,29,198
0,30,199
1,30,199
1,30,199
1,30,199
1,30,200
1,30,200
1,30,201
1,30,200
0,29,200
0,29,199
0,29,198
0,28,198
1,28,198
1,28,198
1,29,198
1,28,197
1,28,197
0,27,195
0,27,194
0,26,194
0,26,194
0,26,194
0,26,194
0,26,194
1,27,194
1,27,195
1,27,195
1,27,195
1,27,195
0,27,195
0,27,195
0,27,195
0,27,195
0,27,195
0,27,195
0,27,194
0,27,194
0,27,194
0,27,193
0,26,194
1,25,194
0,25,193
1,25,191
1,25,189
2,25,189
2,26,187
2,26,186
2,26,182
1,24,179
0,23,175
0,23,173
1,22,175
2,23,175
2,23,176
1,23,176
1,23,177
1,23,178
1,24,179
1,24,180
1,24,180
1,24,181
0,24,181
0,25,182
0,25,183
1,26,184
1,26,184
1,26,184
1,26,185
1,25,187
0,25,187
0,25,187
0,25,187
0,25,187
0,25,187
0,25,187
0,26,187
0,26,187
1,27,187
1,27,187
1,26,186
1,25,186
1,25,186
1,24,186
1,24,186
1,24,187
1,24,189
0,24,190
0,25,190
0,25,190
0,25,191
0,26,192
0,26,192
0,26,193
0,26,194
0,27,194
1,27,195
1,28,195
1,28,195
1,28,195
1,28,195
1,28,196
1,28,196
1,28,196
1,28,196
1,28,196
1,28,196
1,28,196
1,28,196
1,28,196
1,28,196
1,28,196
1,28,196
1,28,196
0,27,196
0,27,195
0,27,196
0,27,197
0,27,197
0,28,197
0,28,198
0,28,198
0,28,198
0,28,198
1,29,198
1,29,198
1,29,198
1,29,198
0,29,198
0,28,198
0,28,197
0,28,197
0,28,197
0,28,197
0,26,195
0,25,192
0,24,191
0,23,190
0,23,190
0,23,189
1,24,190
2,24,190
2,24,190
1,24,190
0,24,191
0,24,192
0,25,193
0,26,194
0,26,194
0,26,195
0,27,195
1,27,196
1,27,197
1,27,197
1,27,197
1,27,197
1,27,197
1,27,197
1,27,197
1,27,197
0,27,196
0,27,196
0,27,195
0,27,195
0,27,196
1,27,196
1,28,197
1,28,197
1,28,198
1,29,198
0,29,199
0,29,200
0,29,200
0,29,200
0,29,201
0,30,202
0,30,203
0,30,203
0,30,203
0,30,202
0,30,202
1,30,202
1,30,202
2,29,201
2,29,201
2,30,201
2,30,201
1,30,200
1,29,200
1,29,199
0,29,198
0,29,198
0,29,198
0,29,198
0,29,198
0,29,198
0,29,198
0,29,198
0,29,198
1,29,198
1,30,199
1,30,199
1,30,199
1,30,200
1,30,200
1,29,200
0,29,199
0,28,198
0,28,197
0,28,197
0,28,197
1,28,197
1,28,197
1,28,197
1,28,196
0,27,195
0,27,195
0,27,194
0,26,194
0,27,194
1,27,194
1,27,194
1,27,195
1,27,195
1,27,195
1,27,195
0,27,196
0,27,196
0,27,195
0,27,195
0,27,195
0,27,195
0,27,194
0,27,194
0,27,194
0,27,194
0,26,193
0,26,193
0,25,193
0,25,191
1,25,191
1,25,190
2,25,189
2,26,187
2,26,186
2,25,182
1,24,179
0,23,175
0,23,173
1,23,175
2,23,175
2,23,175
2,23,176
1,23,176
1,23,177
1,23,178
1,23,178
1,24,179
1,24,180
0,24,181
0,24,181
0,25,183
1,26,184
1,26,184
2,26,185
2,26,186
2,25,187
1,25,187
0,25,187
0,25,187
0,25,187
0,25,187
0,25,187
0,26,187
0,26,187
1,26,187
1,26,186
1,25,186
1,24,186
1,24,186
1,24,186
1,24,187
1,24,189
1,24,190
0,24,190
0,25,190
0,24,190
0,25,190
0,25,190
0,25,191
0,26,192
0,26,192
0,26,193
1,27,194
1,27,195
1,28,195
1,28,195
1,28,195
1,28,195
1,28,196
1,28,196
1,28,196
1,28,196
1,28,196
1,28,196
1,28,196
1,28,196
1,28,196
1,28,197
1,28,197
1,28,197
1,28,196
0,28,196
0,28,197
0,28,197
0,28,198
0,28,198
0,28,198
0,29,198
0,29,198
0,29,198
0,29,198
1,29,198
1,29,198
1,29,198
0,29,198
0,29,198
0,29,198
0,28,198
0,28,197
0,28,197
0,26,195
1,25,192
0,23,192
0,23,190
0,23,190
0,23,189
0,23,190
1,24,190
1,24,190
0,24,191
0,25,192
0,25,193
0,26,194
0,26,195
0,26,195
0,26,195
0,27,196
1,27,197
1,27,198
1,28,199
1,29,199
1,29,199
1,29,198
1,28,198
1,28,197
0,28,197
0,28,197
1,28,196
1,28,196
1,28,196
1,27,196
1,28,197
1,28,197
0,28,197
0,28,198
0,29,198
0,29,199
0,29,200
0,29,200
0,29,200
0,30,201
0,30,201
0,30,202
0,30,202
0,30,202
0,30,202
1,30,202
1,30,201
2,30,201
2,30,201
2,29,201
2,30,201
1,30,200
1,29,200
1,29,200
1,29,199
1,29,199
0,29,198
0,29,198
0,29,198
0,29,198
0,29,198
0,29,198
0,29,198
0,29,198
1,29,198
1,29,198
1,29,198
1,29,199
1,30,199
1,29,199
1,29,199
0,29,198
0,28,197
0,28,197
0,28,197
0,28,197
1,28,197
1,28,197
1,27,196
1,27,196
0,27,195
0,27,195
0,27,195
1,28,194
1,28,194
1,28,194
1,28,195
1,28,196
1,28,196
1,28,196
1,28,196
0,28,196
0,27,196
0,27,195
0,27,195
0,27,195
0,27,195
0,27,194
0,27,194
0,27,194
0,26,193
0,26,193
0,25,193
0,25,192
0,25,191
1,25,191
1,25,190
2,26,188
2,26,186
2,26,185
2,25,182
1,24,179
0,24,175
0,23,173
2,23,175
2,23,175
2,23,175
2,23,175
1,23,175
1,23,177
1,23,178
1,23,178
1,23,179
1,23,179
1,23,180
1,24,181
1,25,183
1,26,184
2,26,185
2,26,186
2,26,186
2,26,187
1,25,187
0,25,187
0,25,187
0,26,187
0,26,187
0,26,187
0,26,187
0,26,187
0,25,187
1,25,186
1,24,186
0,24,186
1,24,186
1,24,187
1,24,188
1,25,189
1,25,189
0,25,190
0,25,190
0,25,190
0,25,190
0,25,189
0,25,190
0,25,191
0,26,192
0,26,192
0,26,193
1,27,194
1,27,195
1,28,195
1,28,195
1,28,195
1,28,195
1,28,196
1,28,196
1,28,196
1,28,196
1,28,196
1,28,196
1,28,196
1,29,197
1,29,197
1,29,197
1,29,197
1,29,197
1,29,197
0,28,198
0,28,198
0,28,198
0,28,198
0,28,198
0,29,198
0,29,198
0,29,198
0,29,198
0,29,198
1,30,199
1,30,199
1,30,199
0,29,198
0,29,198
0,29,198
0,29,198
1,28,197
2,27,196
2,25,193
1,23,192
0,23,192
0,23,192
0,23,191
0,23,191
0,24,191
0,24,192
0,25,192
0,25,193
0,26,194
0,26,195
0,26,195
0,26,196
0,27,196
0,27,197
1,28,198
1,28,199
1,29,199
2,29,200
2,29,200
2,29,199
1,29,199
1,29,198
0,28,198
0,28,197
0,28,197
1,28,197
1,28,197
1,28,197
1,28,197
1,28,197
0,28,197
0,28,198
0,29,198
0,29,199
0,29,200
0,29,200
1,29,200
1,30,201
1,30,201
1,29,201
1,30,201
1,30,201
1,30,201
1,30,201
2,30,201
2,30,201
2,30,201
2,29,201
2,29,201
1,29,200
1,29,200
1,29,200
1,29,199
1,29,199
1,29,198
0,29,198
0,29,198
0,29,198
0,29,198
0,28,197
0,28,197
0,28,197
1,28,197
1,27,197
1,27,197
1,28,198
1,29,199
1,29,198
1,29,198
1,28,198
0,28,197
0,28,197
0,27,197
0,27,197
0,27,196
1,27,196
0,27,195
0,27,195
0,27,195
1,27,195
1,28,195
1,28,196
1,28,196
2,28,196
2,28,196
1,28,196
1,28,196
1,28,196
1,28,196
0,28,196
0,27,195
0,27,195
0,27,195
0,27,195
0,27,194
0,27,194
0,27,194
0,27,194
0,26,193
0,26,193
0,25,193
0,25,192
0,25,191
1,25,190
1,26,190
2,26,187
2,26,186
2,26,185
2,26,182
1,24,179
1,24,175
0,23,173
2,23,174
2,23,175
2,23,175
2,23,175
1,23,175
1,22,175
1,23,177
1,23,178
1,23,178
1,23,179
1,24,180
1,25,181
1,26,183
2,26,185
2,26,185
2,26,186
2,26,186
2,26,187
0,25,187
0,25,187
0,25,187
0,26,187
0,26,187
0,26,187
0,26,187
0,25,187
0,25,187
0,24,186
1,24,186
1,24,186
1,24,187
2,24,188
2,24,189
1,25,189
1,25,189
0,25,190
0,25,189
0,25,189
0,25,189
0,25,189
0,25,189
0,25,190
0,25,191
0,26,192
0,26,192
0,26,193
1,27,194
1,27,194
1,27,195
1,27,195
1,28,195
1,28,196
1,28,196
1,28,196
1,28,196
1,28,196
1,28,196
1,28,196
1,29,197
1,29,197
1,29,197
1,29,198
1,29,198
1,29,198
0,29,198
0,28,199
0,28,199
0,28,199
0,28,198
0,29,199
0,29,198
0,29,199
0,29,198
1,30,199
1,30,199
1,30,199
1,30,199
1,30,199
1,30,199
1,29,199
1,29,198
2,29,197
2,27,196
2,25,194
2,24,192
1,23,192
0,23,192
0,23,192
0,24,192
0,24,192
0,25,192
0,25,193
0,26,194
0,26,195
0,26,195
0,26,196
0,26,196
0,27,197
1,27,198
1,28,199
1,29,199
1,29,200
2,29,200
2,30,200
2,30,200
2,29,199
1,29,198
0,29,198
0,29,198
0,28,198
1,28,198
1,28,198
1,28,197
1,28,197
0,28,197
0,28,197
0,28,198
0,28,198
0,29,199
0,29,200
1,29,200
1,29,200
1,29,200
1,29,200
1,29,200
1,30,200
1,30,200
1,30,200
2,30,200
2,30,201
2,30,201
2,30,201
2,30,201
2,29,201
1,29,200
1,29,200
1,29,200
1,29,199
1,30,199
1,29,199
1,29,199
1,29,198
0,29,198
0,28,197
0,28,197
0,28,197
0,28,197
1,27,197
1,27,197
1,27,197
1,27,197
1,28,198
1,28,198
1,28,198
1,28,198
1,28,197
0,28,197
0,27,197
0,27,196
0,27,195
0,27,195
0,27,195
0,27,195
0,27,195
0,27,195
1,28,196
1,28,196
2,28,196
2,28,196
2,28,196
2,28,196
1,28,196
1,28,196
1,28,196
0,28,196
0,27,195
0,27,195
0,27,195
0,27,194
0,27,194
0,26,194
0,26,194
0,26,194
0,26,194
0,26,193
0,25,193
0,25,191
0,25,191
1,25,190
1,26,188
2,26,186
2,26,186
2,26,185
2,26,182
1,24,179
0,23,175
0,23,173
2,23,174
2,23,174
1,22,174
1,22,175
1,22,175
1,22,176
1,23,178
1,23,178
1,23,179
1,24,180
2,25,181
2,26,184
2,26,185
2,26,185
2,26,186
2,25,186
1,25,187
0,25,187
0,25,187
0,25,187
0,26,187
0,26,187
0,25,187
0,25,187
0,25,187
0,24,187
0,24,186
0,24,186
1,24,187
1,24,188
2,24,189
2,24,189
1,25,189
1,25,189
0,25,189
0,25,189
0,25,189
0,25,189
0,25,189
0,25,189
0,25,189
0,25,190
0,25,191
0,26,192
0,26,192
0,26,193
0,26,194
0,27,195
0,27,195
0,27,195
1,27,195
1,28,196
1,28,196
1,28,196
1,28,196
1,28,196
1,28,196
1,29,197
1,29,197
0,29,198
0,29,198
0,29,199
0,29,199
0,29,199
0,28,199
0,28,199
0,28,199
0,28,199
1,29,199
1,29,199
1,29,199
0,29,199
1,29,199
1,30,199
1,30,199
1,30,199
1,30,199
1,30,199
1,30,199
1,29,199
2,29,198
2,28,196
2,26,195
2,25,194
1,24,193
0,23,192
0,24,192
0,24,192
0,25,193
0,25,193
0,26,194
0,26,195
0,26,195
0,26,195
0,26,196
0,26,196
0,27,197
0,27,198
1,28,199
1,29,200
1,29,200
1,29,200
2,30,200
2,30,200
2,30,200
0,29,199
0,29,198
0,29,198
0,29,198
1,28,198
1,28,198
1,28,198
1,28,198
1,28,198
0,28,197
0,28,198
0,29,199
0,29,199
1,29,200
1,29,200
1,29,200
1,29,200
1,29,200
1,29,199
1,29,200
1,30,200
1,30,200
2,30,200
2,30,200
2,30,201
2,30,201
2,30,200
1,29,200
1,29,200
1,29,200
1,29,199
1,29,199
1,29,199
1,29,198
1,29,198
1,29,198
0,28,197
0,28,197
0,27,196
0,27,196
0,27,196
0,27,196
0,27,196
1,27,196
1,27,197
1,27,197
1,28,197
1,28,198
1,28,198
1,28,197
0,27,197
0,27,196
0,27,195
0,27,195
0,27,195
0,27,195
0,27,195
0,27,195
0,27,195
1,28,196
1,28,196
1,28,196
1,28,196
1,28,196
1,28,196
1,28,196
0,28,196
0,28,196
0,27,195
0,27,195
0,27,195
0,26,194
0,26,194
0,26,194
0,26,194
0,26,194
0,26,194
0,26,194
0,26,194
0,25,193
0,25,191
0,25,190
0,25,189
1,26,187
2,26,186
2,26,185
2,26,183
2,26,182
1,24,178
0,23,174
1,23,174
1,22,174
1,22,174
1,22,174
1,22,175
1,22,176
1,23,177
1,23,178
1,23,179
1,25,180
2,25,182
2,26,184
2,26,185
2,26,185
2,26,185
2,25,186
1,25,186
1,25,186
0,25,187
0,25,187
0,25,187
0,25,187
0,25,187
0,25,187
0,25,187
0,24,187
0,24,187
0,24,187
1,24,188
1,24,189
1,24,189
1,25,189
1,25,189
0,25,189
0,25,189
0,25,189
0,25,189
0,25,189
0,25,189
0,25,189
0,25,189
0,25,190
0,25,190
0,25,191
0,25,191
0,25,192
0,26,192
0,26,194
0,27,195
0,27,195
1,28,196
1,28,196
1,28,196
1,28,196
1,28,196
1,28,196
1,28,196
1,29,197
0,29,197
0,29,198
0,29,198
0,29,198
0,29,199
0,28,199
0,28,199
1,29,199
1,29,200
1,29,200
1,29,200
1,29,200
1,29,200
1,29,199
1,29,199
1,30,199
1,30,199
1,30,199
1,30,199
1,30,199
1,30,199
1,29,199
1,29,198
1,28,196
2,26,195
1,26,194
1,25,194
0,25,193
0,25,193
0,25,194
0,26,194
0,26,194
0,26,194
0,26,195
0,26,195
0,26,195
0,26,196
0,26,196
0,27,197
0,27,198
0,28,199
1,29,200
1,29,200
1,29,200
2,30,200
2,30,200
2,30,200
1,29,199
0,29,199
0,29,198
0,29,198
1,29,198
1,28,198
1,28,198
1,28,198
1,28,198
0,29,198
0,29,198
0,29,199
0,29,199
1,29,200
1,29,200
1,29,200
1,29,200
1,29,200
0,28,199
1,29,199
1,30,199
1,30,199
2,30,200
2,30,200
2,30,200
2,30,200
1,30,200
1,29,200
1,29,199
1,29,199
1,29,199
1,29,199
1,29,199
1,29,198
1,28,198
1,28,197
1,28,196
0,27,196
0,27,196
0,27,196
0,27,195
0,27,195
0,27,195
0,27,195
0,27,196
0,27,196
1,27,197
1,28,197
1,28,197
1,27,197
0,27,197
0,27,196
0,27,195
0,27,195
0,27,195
0,27,195
0,27,195
0,27,195
0,27,195
1,27,195
1,28,196
1,28,196
2,29,197
2,29,197
1,28,196
1,28,196
0,28,196
0,27,195
0,27,195
0,27,195
0,26,194
0,26,194
0,26,194
0,26,194
0,26,194
0,26,194
0,26,194
0,26,194
0,26,194
0,25,193
0,25,190
0,25,190
0,26,188
1,26,186
2,26,185
2,26,185
2,26,182
2,26,180
1,24,176
0,22,173
1,23,174
1,22,174
1,22,174
1,22,175
1,22,175
1,22,176
1,22,177
1,23,178
2,24,179
2,25,181
2,26,182
2,26,184
2,26,185
1,26,185
1,26,185
1,25,185
1,25,186
1,25,186
0,25,186
0,25,187
0,25,187
0,25,187
0,25,187
0,25,187
0,25,187
0,25,187
0,24,187
0,25,188
0,25,189
1,25,189
1,25,189
1,25,189
1,25,189
0,25,189
0,25,189
0,25,189
0,25,189
0,25,189
0,25,189
0,25,189
0,25,189
0,25,190
0,24,190
0,24,190
0,24,190
0,25,191
0,25,192
0,26,192
0,26,194
0,27,195
1,28,196
1,28,196
1,28,196
1,28,196
1,28,196
1,28,196
0,28,196
0,29,197
0,29,197
0,29,197
0,29,198
0,29,198
0,29,199
0,28,199
0,28,199
1,29,200
1,29,200
1,29,200
1,29,200
1,29,200
1,29,200
1,29,199
0,29,199
0,29,199
1,29,199
1,30,199
1,30,199
1,30,199
1,30,199
1,29,199
1,29,198
1,28,196
1,26,195
1,26,194
0,26,194
0,26,194
0,26,194
0,26,194
0,26,194
0,26,194
0,26,194
0,26,195
0,26,195
0,26,195
0,26,196
0,26,196
0,27,197
0,27,198
0,28,199
1,29,200
1,29,200
1,29,200
1,29,200
1,30,200
1,30,200
1,29,200
1,29,199
1,29,199
1,29,199
1,29,199
1,29,199
1,28,198
0,28,198
0,28,198
0,29,198
0,29,198
0,29,199
0,29,199
0,29,199
1,29,200
1,29,200
1,29,200
0,28,199
0,28,199
0,28,199
0,29,199
1,29,199
1,30,199
1,30,199
1,30,199
1,30,199
1,30,199
1,29,199
1,29,198
1,29,198
1,29,198
1,29,198
1,28,198
1,28,198
1,28,197
1,28,196
1,27,196
1,27,195
1,27,195
0,27,195
0,27,195
0,27,195
0,27,195
0,27,195
0,27,195
0,27,196
1,27,197
1,27,197
1,27,197
1,27,197
0,27,196
0,27,195
0,27,195
0,27,195
0,26,194
0,26,194
0,26,194
0,26,194
0,27,195
1,27,195
1,28,196
1,28,196
1,28,196
1,28,196
1,28,196
1,28,196
0,27,195
0,27,195
0,26,194
0,26,194
0,26,194
0,26,194
0,26,194
0,26,194
0,26,194
0,26,194
0,26,194
0,26,194
0,25,194
0,25,193
0,25,190
0,25,189
0,25,188
1,26,186
2,26,185
2,26,183
2,26,181
1,24,178
0,23,174
0,22,172
1,23,174
1,22,174
2,23,174
1,22,175
1,22,176
1,22,176
1,23,177
1,23,178
2,24,179
2,25,181
2,25,182
2,26,184
1,26,184
1,26,185
1,25,185
1,25,185
1,25,185
1,25,185
0,25,186
0,25,186
0,25,187
0,25,187
0,25,187
0,25,187
0,25,187
0,25,187
0,25,188
0,25,189
0,25,189
1,25,189
1,25,189
1,25,189
1,25,189
0,25,189
0,25,189
0,25,189
0,25,189
0,25,189
0,25,189
0,25,189
0,25,189
0,24,190
0,24,190
0,24,190
0,24,190
0,25,191
0,25,191
0,25,192
0,26,193
0,27,195
1,28,196
1,28,196
1,28,196
1,28,196
1,28,196
1,28,196
0,28,196
0,28,196
0,29,197
0,29,197
0,29,197
0,28,198
0,28,198
0,28,199
0,28,199
1,29,200
1,29,200
1,29,200
1,29,200
1,29,200
1,29,200
1,29,199
0,28,199
0,28,199
0,29,199
1,29,199
1,30,199
1,30,199
1,29,199
1,29,199
1,29,198
0,28,196
1,27,195
1,27,195
1,26,194
0,26,194
0,26,194
0,26,194
0,26,194
0,26,194
0,26,194
0,26,195
0,26,195
0,26,195
0,26,195
0,26,196
0,27,197
0,27,198
1,28,199
1,29,200
1,29,200
1,29,200
1,29,200
1,29,200
1,29,200
1,29,200
1,29,200
1,29,199
1,29,199
1,29,199
1,29,199
1,29,199
1,29,198
1,29,198
0,29,198
0,29,199
0,29,199
0,29,199
0,29,199
1,29,200
1,29,200
1,29,200
0,28,199
0,28,199
0,28,198
0,28,198
0,29,198
1,30,199
1,30,199
1,30,199
1,30,199
1,30,199
1,29,198
1,29,198
1,28,198
1,28,198
1,28,198
1,28,197
1,28,196
1,28,196
1,27,196
1,27,195
1,27,195
1,27,195
1,27,195
1,27,195
0,27,195
0,27,195
0,27,195
0,27,195
0,26,195
0,27,196
1,27,197
1,27,197
1,27,197
0,27,196
0,27,195
0,26,195
0,27,195
0,26,194
0,26,194
0,26,194
0,26,194
0,26,194
0,27,195
1,27,195
1,28,196
1,28,196
1,28,196
1,28,196
0,27,195
0,27,195
0,26,194
0,26,194
0,26,194
0,26,194
0,26,194
0,26,194
0,26,194
0,26,194
0,26,194
0,26,194
0,26,194
0,25,194
0,25,193
0,25,190
0,25,189
0,25,187
1,26,186
2,26,184
2,26,182
2,26,180
0,23,175
0,22,172
0,21,172
1,23,174
2,23,174
2,23,175
2,23,176
1,23,176
1,23,176
1,23,177
1,23,178
1,24,178
2,25,181
2,25,181
2,25,183
1,25,184
1,25,184
1,25,185
1,25,185
1,25,185
1,24,185
0,24,185
0,24,186
0,25,186
0,25,187
0,25,187
0,25,187
0,25,187
0,25,188
0,25,189
0,25,189
1,26,190
1,25,189
1,25,189
1,25,189
0,25,189
0,25,189
0,25,189
0,25,189
0,25,189
0,25,189
0,25,189
0,25,189
0,25,190
0,24,190
0,24,190
0,24,190
0,24,190
0,25,191
0,25,191
0,26,192
0,26,192
1,27,195
1,28,196
1,28,196
1,28,196
1,28,196
1,28,196
1,28,196
0,28,196
0,28,196
0,29,197
0,29,197
0,28,197
0,28,198
0,28,198
0,28,199
0,28,199
1,29,200
1,29,200
1,29,200
1,29,200
1,29,200
1,29,200
1,29,200
0,28,199
0,28,199
1,29,199
1,29,199
1,29,200
1,29,199
1,29,199
1,29,198
0,29,198
0,28,196
0,28,196
1,27,195
1,27,195
0,26,194
0,26,194
0,26,194
0,26,194
0,26,194
0,26,194
0,26,194
0,25,194
0,25,195
0,26,195
0,26,196
0,27,197
0,28,199
1,28,199
1,29,200
1,29,200
1,29,200
1,29,200
1,29,200
1,29,200
1,29,200
1,29,200
1,29,200
1,29,200
1,29,200
1,29,199
1,29,199
1,29,199
1,29,199
0,29,199
0,29,199
0,29,199
0,29,199
1,29,200
1,29,200
1,29,200
1,29,200
0,28,199
0,28,198
0,28,197
0,28,197
0,28,197
0,29,198
1,29,198
1,30,199
1,29,198
1,29,198
1,29,198
1,29,198
1,28,197
1,28,197
2,28,197
2,28,196
1,28,196
1,27,196
1,27,195
1,27,195
1,27,195
1,27,195
0,26,194
0,27,195
0,27,195
0,27,195
0,26,194
0,26,195
0,26,195
0,26,196
1,27,196
1,27,197
1,27,197
0,26,196
0,26,196
0,26,195
0,26,195
0,26,194
0,26,194
0,26,194
0,26,194
0,26,194
0,27,195
1,27,195
1,27,195
1,28,196
1,28,196
0,27,195
0,27,195
0,27,195
0,26,194
0,26,194
0,26,194
0,26,194
0,26,194
0,26,194
0,26,194
0,25,195
0,25,195
0,25,194
0,25,194
0,25,193
0,25,193
0,25,190
0,25,189
1,25,187
1,26,185
2,26,183
1,26,181
1,24,178
0,22,174
0,21,172
0,21,170
2,23,175
3,24,175
2,24,176
2,24,176
1,23,176
1,23,177
1,23,178
1,24,178
1,25,179
2,25,181
1,25,181
1,25,183
1,25,184
1,25,184
1,25,184
1,25,184
1,24,184
1,24,185
0,24,185
0,25,186
0,25,187
0,25,187
0,25,187
0,25,188
0,25,189
0,25,189
0,25,189
1,26,190
1,26,190
0,25,189
0,25,189
0,25,189
0,25,189
0,25,189
0,25,189
0,25,189
0,25,189
0,25,189
0,25,190
0,25,190
0,25,191
0,25,191
0,25,191
0,25,191
0,25,191
0,25,191
0,26,192
0,27,193
1,28,195
1,28,196
1,28,196
1,28,196
1,28,196
1,28,196
1,28,196
0,28,196
0,29,197
0,29,197
0,29,197
0,28,197
0,28,198
0,28,198
0,28,199
1,29,199
1,29,200
1,29,200
1,29,200
1,29,200
1,29,200
1,29,200
1,29,200
1,29,200
1,29,200
1,29,200
1,29,200
1,29,200
1,29,200
1,29,199
0,29,198
0,29,198
0,28,196
0,28,196
1,28,195
0,27,195
0,26,194
0,26,194
0,26,193
0,26,192
0,26,192
0,26,193
0,25,194
0,25,194
0,25,194
0,25,195
0,26,196
0,27,197
0,28,199
1,28,199
1,29,200
1,29,200
1,29,200
1,29,200
1,29,200
1,29,200
1,30,200
1,30,200
1,30,200
1,30,200
1,29,200
1,29,200
1,29,200
1,29,200
1,29,199
0,29,199
0,29,199
0,29,199
0,29,199
1,29,200
1,29,200
1,29,200
1,29,200
0,29,199
0,28,198
0,28,197
0,28,197
0,28,197
0,28,197
0,29,198
1,29,198
1,29,198
1,28,197
1,28,197
1,28,197
1,28,197
1,28,197
1,28,196
1,28,196
1,28,196
1,27,195
1,27,195
1,27,195
0,26,194
0,26,194
0,26,194
0,26,194
0,26,194
0,26,194
0,26,194
0,26,194
0,26,194
0,26,196
0,26,196
1,27,197
1,27,197
1,27,197
0,27,196
0,26,196
0,26,195
0,26,194
0,26,194
0,26,194
0,26,194
0,26,194
0,26,194
0,27,195
0,27,195
0,27,195
0,27,195
0,27,195
0,27,195
0,26,194
0,26,194
0,26,194
0,26,194
0,26,194
0,26,194
0,26,195
0,25,195
0,25,195
0,25,195
0,25,195
0,25,194
0,25,193
0,25,191
0,25,190
0,25,188
1,26,187
1,26,184
2,26,182
1,25,180
1,23,176
0,22,172
0,21,170
3,24,175
3,24,176
3,24,176
2,24,176
1,24,176
1,23,177
1,24,177
1,24,178
1,24,179
1,25,179
1,25,181
1,25,181
1,25,183
1,25,184
1,25,184
1,25,184
1,25,184
1,25,184
0,25,185
1,25,186
1,25,187
1,25,187
0,25,188
1,25,188
1,26,189
1,26,189
1,26,190
1,26,190
1,26,190
0,25,189
0,25,189
0,25,189
0,25,189
0,25,189
0,25,189
0,24,189
0,24,189
0,24,190
0,25,190
0,25,191
0,26,192
0,26,192
0,25,191
0,25,191
0,26,192
0,26,192
0,27,193
1,27,193
1,28,196
1,28,196
1,28,196
1,28,196
1,28,196
1,28,196
1,28,196
1,29,197
0,29,197
0,29,197
0,29,197
0,28,197
0,28,198
0,28,198
0,28,199
0,28,199
1,29,200
1,29,200
1,29,200
1,29,200
1,29,200
1,29,200
1,29,200
1,29,200
1,29,200
1,29,200
1,29,200
1,29,200
1,29,200
1,29,199
0,29,198
0,29,198
0,28,197
0,28,196
1,28,196
0,27,195
0,27,194
0,26,193
0,26,192
0,26,192
0,25,192
0,25,192
0,25,193
0,25,194
0,25,194
0,25,195
0,26,196
0,27,198
1,28,199
1,28,199
1,29,200
1,29,200
1,29,200
1,29,200
1,30,201
0,30,201
0,30,201
1,30,201
1,30,201
1,30,201
1,29,200
1,29,200
1,29,200
1,29,200
0,29,200
0,28,199
0,28,199
0,28,199
0,28,199
0,28,199
1,29,200
1,29,200
1,29,200
1,29,199
1,29,199
0,28,197
0,28,197
0,28,197
0,28,197
0,28,197
0,28,197
0,28,197
1,28,196
1,28,196
1,28,196
1,28,196
1,28,196
2,28,196
2,28,196
2,28,196
1,27,195
1,27,195
0,26,194
0,26,194
0,26,194
0,26,194
0,26,194
0,26,194
0,26,194
0,26,194
0,26,194
0,26,195
0,26,196
1,27,197
1,27,197
1,27,197
1,27,197
1,27,197
1,27,197
1,27,197
1,27,195
0,26,194
0,26,194
0,26,194
0,26,194
0,26,194
0,26,194
0,27,195
0,27,195
0,27,195
0,27,195
0,27,195
0,26,194
0,26,194
0,26,194
0,26,194
0,26,194
0,26,194
0,26,195
0,25,195
0,25,195
0,25,195
0,25,195
0,25,194
0,25,193
0,25,191
0,25,190
1,25,188
2,26,187
2,26,184
2,26,181
1,24,178
0,22,174
0,22,171
0,21,170
3,24,176
3,24,176
3,24,176
3,24,176
2,24,176
1,24,176
1,24,177
1,24,178
1,24,178
1,24,179
1,25,179
1,25,181
1,25,182
1,25,183
1,25,183
1,25,184
1,25,184
1,25,184
1,25,185
1,25,186
1,25,187
1,25,187
0,25,188
1,25,189
1,26,189
1,26,190
1,26,190
1,26,190
1,26,190
0,25,189
0,25,189
0,25,189
0,25,189
0,25,189
0,25,189
0,24,189
0,25,189
0,25,190
0,25,191
1,26,192
1,26,194
1,26,194
1,27,193
1,26,192
0,27,192
0,27,192
0,27,193
0,27,193
1,28,195
1,28,196
1,28,196
1,28,196
1,28,196
1,28,196
1,29,197
1,29,197
1,29,197
0,29,197
0,29,197
0,29,197
0,28,198
0,28,198
0,28,199
0,28,199
0,28,199
1,29,200
1,29,200
1,29,200
1,29,200
1,29,200
1,29,200
1,29,200
2,30,200
2,30,200
1,29,200
1,29,200
1,29,200
1,29,199
1,29,198
0,29,198
0,29,197
1,28,196
1,28,196
1,28,195
1,27,194
1,26,192
1,26,192
0,25,191
0,25,191
0,25,192
0,24,193
0,24,193
0,25,194
0,25,195
0,26,196
0,28,198
1,28,199
1,28,199
1,29,200
1,29,200
1,30,201
1,30,201
1,30,201
0,30,201
0,30,201
0,30,201
1,30,201
1,30,201
1,29,201
1,29,201
1,29,201
1,29,200
0,28,200
0,28,199
0,28,199
0,28,199
0,28,199
0,28,199
1,29,200
1,29,200
1,29,199
1,29,199
1,29,199
1,28,198
0,28,197
0,28,197
0,27,197
0,27,197
0,28,197
0,28,196
0,28,196
0,27,196
1,28,196
1,28,196
1,28,196
2,28,196
2,28,196
2,28,196
1,27,195
1,27,195
0,26,194
0,26,194
0,26,194
0,26,194
0,26,194
0,26,194
0,26,194
0,26,194
0,26,194
0,26,196
1,27,197
1,27,197
1,27,197
1,27,197
1,27,197
1,27,197
1,27,197
1,27,197
1,27,197
1,27,195
0,26,194
0,26,194
0,26,194
0,26,194
0,26,194
0,26,194
0,27,195
0,26,194
0,26,194
0,26,194
0,26,194
0,26,194
0,26,194
0,26,194
0,26,194
0,26,194
0,26,194
0,26,195
0,26,195
0,25,195
0,26,195
0,25,194
0,25,193
0,25,191
0,26,189
1,26,188
2,26,187
2,26,182
2,25,181
1,24,176
0,22,174
0,22,171
0,21,170
3,24,175
3,24,176
3,24,176
3,24,176
2,24,176
1,24,176
1,24,176
1,24,177
1,24,178
1,24,178
1,24,179
1,24,179
1,24,180
1,24,181
1,24,183
1,25,183
1,25,184
1,25,184
1,25,185
1,25,186
1,25,187
0,25,187
0,25,188
0,25,189
0,25,189
1,26,190
1,26,190
1,26,190
0,25,189
0,25,189
0,25,189
0,25,189
0,25,189
0,25,189
0,25,189
0,25,189
0,25,190
0,26,191
0,26,192
1,26,194
1,26,194
1,27,194
1,27,194
1,27,194
0,27,193
0,27,193
0,27,193
0,27,193
1,28,195
1,28,196
1,28,196
1,28,196
1,28,196
2,29,197
2,29,197
1,29,197
1,29,197
1,29,198
0,29,198
0,29,198
0,29,198
0,29,198
0,29,199
0,28,199
0,28,199
0,28,199
1,29,200
1,29,200
1,29,200
1,29,200
1,30,200
1,29,200
2,30,200
2,30,200
2,30,200
1,30,200
1,30,200
1,29,199
1,29,198
0,29,198
1,29,197
1,28,196
1,28,196
1,27,195
1,27,193
1,26,192
1,26,191
0,25,191
0,25,191
0,25,191
0,24,192
0,24,193
0,24,194
0,25,195
0,26,196
0,28,198
1,28,199
1,28,199
1,29,200
1,29,200
1,30,201
1,30,201
1,30,201
0,30,201
0,30,201
0,30,202
0,30,202
0,30,202
0,29,202
0,29,201
0,29,201
0,29,200
0,28,200
0,28,199
0,28,199
0,28,199
0,28,199
0,28,199
1,29,200
1,29,200
1,29,199
1,29,199
1,29,199
1,29,199
1,28,198
1,28,197
1,27,197
0,27,196
0,27,196
0,27,195
0,27,195
0,27,195
1,27,195
1,28,196
1,28,196
2,28,196
2,28,196
2,28,196
1,27,195
0,26,194
0,26,194
0,26,194
0,26,194
0,26,194
0,26,194
0,26,194
0,26,194
0,26,194
0,26,195
0,27,196
1,27,197
1,27,197
1,27,198
1,27,197
1,27,197
1,27,197
1,27,197
1,27,197
1,27,197
2,26,196
1,26,194
0,26,194
0,26,194
0,26,194
0,26,194
0,26,194
0,26,194
0,26,194
0,26,194
0,26,194
0,26,194
0,26,194
0,26,194
0,26,194
0,26,194
0,26,194
0,26,194
0,26,195
0,26,195
0,26,195
0,26,195
0,26,195
1,26,193
1,26,191
1,26,189
2,26,188
3,26,187
3,26,182
2,25,181
1,23,176
0,22,174
0,21,170
0,21,170
3,24,175
3,24,175
2,24,175
2,23,175
1,23,176
1,24,176
1,24,176
1,24,178
1,24,178
1,24,178
1,24,178
1,24,179
1,24,180
1,24,182
1,25,183
1,25,184
1,26,184
1,25,185
1,25,186
0,25,187
0,25,187
0,25,188
0,25,189
0,25,189
0,25,189
1,26,190
1,26,190
0,25,189
0,25,189
0,25,189
0,25,189
0,25,189
0,25,189
0,25,189
0,25,190
0,26,191
0,26,192
0,26,194
1,26,194
1,27,194
1,27,195
1,27,195
1,27,194
0,27,194
0,27,193
0,27,193
0,27,194
0,27,194
0,28,195
1,28,196
1,28,196
1,28,196
2,29,197
2,29,197
2,29,197
1,29,198
1,29,198
0,29,198
0,29,198
0,29,198
0,29,198
0,29,199
1,29,199
1,29,200
1,29,200
1,29,200
1,29,200
1,29,200
1,29,200
1,30,200
1,29,200
1,30,200
2,30,200
2,30,200
2,30,200
1,30,200
1,30,199
1,29,198
0,29,198
1,28,197
1,28,196
1,27,196
1,27,195
1,26,193
1,26,192
1,25,191
1,25,191
1,25,191
0,25,191
0,24,191
0,24,193
0,24,194
0,25,195
0,26,196
0,28,198
1,28,199
1,29,199
1,29,200
1,29,200
1,30,201
1,30,201
1,30,201
0,30,201
0,30,202
0,30,202
0,30,202
0,30,202
0,29,202
0,29,202
0,29,201
0,29,201
0,28,200
0,28,199
0,28,199
0,28,199
0,28,199
0,28,199
1,29,200
1,29,200
1,29,199
2,29,199
2,29,199
2,29,199
2,28,198
1,28,197
1,27,197
1,27,196
0,27,195
0,27,195
0,27,195
0,27,195
0,27,195
1,27,195
1,28,196
1,28,196
1,28,196
1,27,195
0,27,195
0,26,194
0,26,194
0,26,194
0,26,194
0,26,194
0,26,194
0,26,194
0,26,194
0,26,195
0,26,196
1,27,197
1,27,197
1,27,198
1,27,198
1,27,198
1,27,197
1,27,198
1,27,197
1,27,197
1,27,197
1,26,195
1,26,195
1,25,194
0,26,194
0,26,194
0,26,194
0,26,194
0,26,194
0,26,194
0,26,194
0,26,194
0,26,194
0,26,194
0,26,194
0,26,194
0,26,194
0,26,194
0,26,194
0,26,195
1,26,195
1,27,195
1,26,195
1,26,194
1,26,192
1,26,190
2,26,189
2,26,187
3,26,186
3,26,182
2,24,180
1,23,175
0,22,174
0,21,170
3,23,175
3,23,175
2,23,174
2,23,174
1,23,174
1,23,175
1,23,176
1,23,176
1,23,176
1,23,178
1,23,178
1,23,178
1,24,179
1,24,181
1,25,183
1,26,183
1,26,184
0,26,185
0,26,186
0,25,187
0,25,187
0,25,189
0,25,189
0,25,189
0,25,189
0,25,190
0,25,189
0,25,189
0,25,189
0,25,189
0,25,189
0,25,189
0,25,189
0,25,189
0,25,190
0,26,191
0,26,192
0,26,194
0,26,194
0,26,195
0,27,195
1,27,195
0,26,194
0,26,194
0,27,193
0,27,193
0,27,194
0,27,194
0,27,195
1,28,196
1,28,196
1,28,196
2,29,197
2,29,197
2,29,197
1,29,198
1,29,198
0,29,198
0,29,198
0,29,198
0,29,198
0,29,199
0,29,199
1,29,199
1,29,200
1,29,200
1,29,200
1,29,200
1,29,200
1,29,200
1,29,199
1,29,199
2,30,200
2,31,200
2,31,200
2,31,200
1,30,199
1,29,198
0,29,197
0,28,197
0,27,196
1,27,195
1,26,194
1,26,192
1,26,191
1,25,191
1,25,190
1,25,190
0,25,191
0,24,191
0,24,192
0,25,194
0,26,195
0,26,196
0,28,198
1,28,199
1,29,200
1,29,200
1,29,200
1,30,201
1,30,201
1,30,201
0,30,202
0,30,203
0,30,203
0,30,203
0,30,203
0,30,203
0,29,202
0,29,202
0,29,201
0,29,200
0,29,200
1,29,200
1,29,200
1,29,200
1,29,200
1,29,200
1,29,200
1,29,200
2,29,200
3,29,199
3,29,199
2,28,198
1,28,197
1,27,197
0,27,195
0,27,195
0,26,194
0,26,194
0,26,194
0,26,194
0,27,195
0,27,195
1,27,195
1,27,195
0,27,195
0,27,195
0,27,195
0,26,194
0,26,194
0,26,194
0,27,195
0,26,194
0,26,195
0,26,195
0,26,195
0,27,196
1,27,197
1,27,197
1,27,198
1,27,198
1,27,198
1,27,197
1,27,197
1,27,197
1,27,197
1,26,197
1,25,195
1,25,194
1,25,194
1,25,194
0,25,193
0,26,194
0,26,194
0,26,194
0,26,194
0,26,194
0,26,194
0,26,194
0,26,194
0,26,194
0,26,194
0,26,194
0,26,194
0,26,194
0,26,194
0,26,194
0,26,194
0,26,194
1,26,194
1,26,192
1,26,190
2,26,189
2,26,187
3,25,186
3,25,182
3,24,180
2,23,175
1,22,174
0,22,170
3,23,174
3,23,174
2,23,174
2,23,174
1,22,174
1,22,174
1,23,174
1,23,175
1,23,176
1,23,176
0,23,178
1,23,178
1,23,178
1,24,180
1,25,182
1,26,183
1,26,184
0,26,185
0,25,186
0,25,187
0,25,187
0,25,189
0,25,189
0,25,189
0,25,190
0,25,190
0,25,190
0,25,189
0,25,189
0,25,189
0,25,189
0,25,189
0,25,189
0,25,190
0,25,190
0,26,192
0,26,193
0,26,194
0,26,195
0,26,195
0,26,195
0,26,195
0,26,194
0,26,194
0,26,194
0,26,194
0,27,194
0,27,194
0,27,195
0,27,195
1,28,196
1,28,196
1,28,196
1,29,197
1,29,197
1,29,198
1,29,198
0,29,198
0,29,198
0,29,198
0,29,198
0,29,199
0,29,199
0,29,199
1,29,199
1,29,199
1,29,199
1,29,199
1,29,199
0,29,198
0,29,198
0,29,199
1,30,199
1,30,199
1,30,199
1,30,199
1,30,199
0,29,198
0,28,197
0,28,197
0,27,196
1,26,195
0,25,193
1,25,192
1,25,191
1,25,190
1,25,190
1,25,190
1,25,191
0,25,191
0,25,192
0,25,194
0,26,196
0,27,197
0,28,198
1,29,199
1,29,200
1,29,200
1,29,200
1,29,200
1,30,201
1,30,202
0,30,203
0,30,203
0,30,203
0,30,203
0,30,203
0,30,203
0,30,203
0,30,203
0,30,202
0,29,201
1,29,200
1,29,200
1,29,200
1,29,200
1,29,200
1,29,200
1,29,200
1,29,200
3,29,200
3,29,199
3,29,199
2,28,198
1,27,197
1,27,195
0,27,195
0,27,195
0,26,194
0,26,194
0,26,194
0,26,194
0,27,195
1,27,195
1,27,195
0,27,195
0,27,195
0,27,195
0,27,195
0,27,195
0,26,194
0,27,195
0,27,195
0,27,195
0,27,195
0,27,195
0,27,196
0,27,197
1,27,197
1,27,197
1,27,198
1,27,198
1,27,198
1,27,198
1,27,198
1,27,197
0,26,197
0,26,196
0,25,195
0,25,194
1,24,194
1,24,193
0,25,193
0,25,193
0,26,194
0,26,194
0,26,194
0,26,194
0,26,194
0,26,194
0,26,194
0,26,194
0,26,194
0,26,194
0,26,194
0,26,194
0,26,194
0,26,194
0,26,194
0,26,194
0,26,193
1,25,191
1,25,190
2,25,189
2,25,186
2,25,185
3,25,181
3,24,179
2,23,175
1,22,174
0,22,170
2,23,174
2,23,174
1,23,173
1,22,173
1,22,173
1,22,173
1,22,174
1,22,174
0,22,175
0,22,176
1,23,178
1,23,178
1,24,179
1,25,181
1,26,182
1,26,184
0,26,185
0,25,186
0,25,186
0,25,187
0,25,189
0,25,189
0,25,189
0,24,190
0,24,190
0,24,190
0,25,190
0,25,189
0,25,189
0,25,189
0,25,190
0,25,190
0,25,190
0,25,192
0,25,192
0,26,193
0,26,194
0,26,194
0,26,195
0,26,195
0,26,195
0,26,194
0,26,194
0,26,194
0,26,194
0,26,194
0,27,194
0,27,195
0,27,195
0,27,195
1,28,196
1,28,196
1,28,196
1,29,197
1,29,197
1,29,198
1,29,198
1,29,198
1,29,198
0,29,198
1,29,198
1,29,198
1,29,199
1,29,199
1,29,199
1,29,199
1,29,198
1,29,198
0,29,198
0,29,198
0,29,198
1,29,199
1,29,199
1,30,199
1,30,199
0,29,199
0,28,198
0,28,197
0,27,197
0,26,195
0,25,194
0,25,192
0,25,192
1,24,191
1,24,190
1,24,190
1,24,190
1,25,191
1,25,191
0,25,193
0,26,196
0,27,197
0,28,198
1,28,199
1,28,199
1,29,200
1,29,200
1,29,200
1,29,201
1,29,202
0,30,203
0,30,203
0,30,203
0,30,203
0,30,203
0,30,203
0,30,203
0,30,203
0,30,203
1,30,203
1,30,202
1,29,201
1,29,200
1,29,200
1,29,200
1,29,200
1,29,200
1,29,200
1,29,200
3,29,200
3,29,200
3,29,199
2,28,198
1,27,196
1,27,195
0,27,195
0,27,195
0,27,195
0,27,195
0,26,194
0,27,194
1,27,195
1,27,195
0,27,195
0,27,195
0,27,195
0,27,195
0,27,195
0,27,195
0,27,195
0,27,195
0,27,195
0,27,195
0,27,195
0,27,196
0,27,196
0,27,197
0,27,197
1,27,198
1,27,198
1,27,198
1,27,198
1,27,198
1,27,198
1,26,197
0,26,197
0,25,196
0,25,195
0,24,194
1,24,193
1,24,193
0,24,193
0,25,193
0,26,194
0,26,194
0,26,194
0,26,194
0,26,194
0,26,194
0,26,194
0,26,194
0,26,194
0,26,194
0,26,194
0,26,194
0,26,194
0,26,194
0,26,194
0,26,193
0,25,192
1,25,190
1,25,189
2,25,187
2,25,186
2,25,184
2,25,181
2,24,179
2,23,175
0,22,173
2,23,173
1,23,173
1,22,173
1,22,173
1,22,173
1,22,173
0,21,173
0,21,173
0,21,174
0,22,175
0,22,177
1,23,178
1,24,179
2,25,181
2,26,182
1,26,184
1,26,185
0,25,185
0,25,186
0,25,187
0,25,189
0,25,189
0,24,189
0,24,190
0,24,190
0,24,190
0,24,190
0,25,190
0,25,190
0,25,190
0,25,190
0,24,190
0,24,192
0,25,192
0,25,193
0,25,194
0,25,194
0,26,194
0,26,195
0,26,195
0,26,195
0,26,194
0,26,194
0,26,194
0,26,194
0,26,194
0,27,195
0,27,195
0,27,196
0,27,196
1,27,196
1,28,196
0,28,196
0,28,196
1,29,197
1,29,197
1,29,198
1,29,198
1,29,198
1,29,198
1,29,198
1,29,198
1,29,198
1,29,198
1,29,198
1,29,198
1,29,198
1,29,198
0,29,198
0,29,198
1,29,198
1,29,199
1,29,199
1,29,199
0,29,199
0,29,199
0,28,198
0,28,197
0,26,196
0,25,195
0,25,193
0,24,192
0,24,192
0,24,191
0,24,191
0,24,191
1,24,191
1,25,191
1,25,192
1,26,195
1,26,196
1,27,197
1,28,199
1,28,199
1,28,200
1,29,200
1,28,200
1,29,201
1,29,202
1,29,202
0,30,203
0,30,203
0,30,203
0,30,203
0,30,203
0,30,203
0,30,203
1,31,204
1,31,204
1,31,204
1,30,203
1,30,202
1,30,201
1,29,201
1,29,201
1,29,201
1,29,200
1,29,200
1,29,200
2,29,200
2,29,200
2,29,199
1,27,197
1,27,195
0,27,195
0,27,195
0,27,195
0,27,195
0,27,195
0,27,195
1,27,195
1,27,195
1,27,195
0,27,195
0,27,195
0,27,195
0,27,195
0,27,195
0,27,195
0,27,195
0,27,195
0,27,195
0,27,195
0,27,196
0,27,196
0,27,197
0,27,197
0,27,197
0,27,198
0,27,198
0,27,198
1,27,198
1,27,198
1,26,197
0,26,197
0,26,196
0,25,195
0,24,194
0,24,193
0,24,193
0,24,193
0,24,193
0,25,193
0,26,194
0,26,194
0,26,194
0,26,194
0,26,194
0,26,194
0,26,194
0,26,194
0,26,194
0,26,194
0,26,194
0,26,194
0,26,194
0,26,194
0,25,194
0,25,193
0,25,191
1,25,190
1,25,189
2,25,186
2,25,185
2,25,182
2,25,180
2,24,177
2,23,174
0,22,172
1,23,172
1,22,172
1,22,172
0,22,172
0,21,172
0,21,172
0,21,172
0,21,172
0,21,173
0,21,174
0,22,176
1,23,178
1,24,179
2,24,180
2,25,182
2,25,182
1,25,184
0,25,185
0,24,186
0,24,187
0,24,189
0,24,189
0,24,190
0,24,190
0,24,190
0,24,190
0,24,191
0,24,191
0,25,192
0,25,192
0,24,192
0,24,192
0,24,193
0,25,193
0,25,194
0,25,194
0,25,194
0,25,194
0,26,194
0,26,195
0,26,195
0,26,194
0,26,194
0,26,194
0,26,194
0,27,194
0,27,195
0,27,196
0,27,196
0,27,196
0,27,196
0,27,195
0,27,195
0,27,195
0,28,196
0,28,196
0,29,197
1,29,197
1,30,198
1,30,198
1,30,198
1,29,197
1,29,197
1,29,197
1,29,198
1,29,198
1,29,198
0,29,198
0,28,198
0,29,198
1,29,198
1,29,199
1,29,199
1,29,199
0,29,199
0,28,199
0,28,198
0,28,197
0,25,195
0,25,193
0,24,193
0,24,192
0,23,192
0,23,192
0,23,191
0,23,191
0,24,192
0,25,192
1,25,194
1,26,196
1,27,197
1,28,198
1,28,199
1,28,199
1,28,200
1,28,201
1,28,202
1,29,202
1,29,202
1,29,202
0,30,203
0,30,203
0,30,203
0,30,203
0,30,203
0,30,203
1,31,204
1,31,204
1,31,204
1,31,204
1,31,204
1,30,203
1,30,203
1,30,203
1,30,203
1,30,202
1,29,201
1,29,200
1,29,200
1,29,200
2,29,199
1,28,198
1,27,196
1,27,195
0,27,195
0,27,194
0,27,195
1,27,195
1,27,195
1,27,195
1,28,195
1,28,196
1,28,195
1,28,195
0,27,195
0,27,195
0,27,195
0,27,195
0,27,195
0,26,195
0,26,195
0,26,195
0,27,195
0,27,196
0,27,197
0,27,197
0,27,198
0,27,198
0,27,198
0,27,198
0,27,198
0,27,197
1,26,197
1,26,197
0,26,196
0,25,195
0,24,194
0,24,193
0,24,193
0,24,193
0,24,193
0,25,193
0,25,193
0,26,194
0,26,194
0,26,194
0,26,194
0,26,194
0,26,194
0,26,194
0,26,194
0,26,194
0,26,194
0,26,194
0,26,194
0,26,194
0,25,194
0,25,193
0,25,193
0,25,190
1,25,189
1,25,187
2,25,186
2,25,184
2,25,181
2,25,179
2,24,176
1,23,174
0,22,172
0,22,171
0,22,171
0,20,171
0,20,171
0,20,171
0,21,172
0,21,172
0,21,172
0,21,173
0,22,176
1,23,178
1,23,179
2,24,180
2,24,181
2,24,181
1,24,182
1,24,183
1,24,185
1,24,186
1,24,188
1,24,189
1,24,190
0,24,190
0,24,191
0,24,191
0,24,192
0,24,192
0,25,192
0,25,193
0,25,193
0,24,193
0,25,193
0,25,194
0,25,194
0,26,194
0,26,194
0,26,194
0,26,194
0,26,194
0,26,194
0,26,194
0,26,194
0,26,194
0,26,194
0,26,195
0,27,196
0,27,196
0,27,196
0,27,196
0,27,195
0,27,195
0,27,195
0,26,194
0,27,195
0,28,196
1,28,196
1,30,196
1,30,196
1,30,196
0,30,196
0,30,197
0,29,197
1,29,197
1,29,198
1,29,198
1,29,198
1,29,198
0,28,198
0,28,198
0,29,198
1,29,199
1,29,199
1,29,200
1,29,199
0,29,199
0,28,199
0,28,197
0,25,195
0,25,193
0,24,193
0,24,192
0,23,192
0,23,192
0,23,192
0,23,192
0,24,192
0,25,194
0,25,195
0,26,196
0,27,197
0,28,198
1,28,199
1,28,199
1,28,201
1,28,202
1,28,202
1,29,202
1,29,202
1,29,203
0,30,203
0,30,203
0,30,203
0,30,203
0,30,203
1,31,204
1,31,204
1,31,204
1,31,204
1,31,204
1,31,204
1,30,203
1,30,203
0,30,203
0,30,203
0,30,203
1,30,203
1,29,201
1,29,200
1,29,200
1,28,199
1,28,197
1,27,196
1,27,194
0,27,194
0,27,194
0,27,195
1,27,195
1,27,196
1,28,196
1,28,196
2,28,196
2,29,196
2,29,196
2,29,195
0,27,195
0,27,195
0,27,195
0,26,195
0,26,195
0,26,195
0,26,195
0,27,195
0,27,197
0,27,197
0,28,197
0,28,198
0,27,198
0,27,198
0,27,198
1,27,198
1,27,198
1,27,197
1,26,196
1,26,195
0,25,194
0,24,193
0,24,193
0,24,193
0,24,193
0,25,193
0,25,193
0,25,193
0,26,194
0,26,194
0,26,194
0,26,194
0,26,194
0,25,193
0,26,194
0,26,194
0,26,194
0,26,194
0,26,194
0,26,194
0,26,194
0,25,194
0,25,193
0,25,191
1,25,190
1,25,187
2,25,186
2,25,185
2,25,184
1,25,180
1,24,178
1,23,175
0,22,172
0,22,171
0,21,171
0,20,171
0,20,171
0,20,171
0,21,172
0,21,172
0,21,172
0,21,173
1,22,175
1,23,177
1,23,179
2,23,179
2,24,180
1,23,181
1,23,181
1,23,182
1,23,184
1,23,185
1,24,188
1,24,189
1,24,190
0,24,190
0,24,191
0,24,191
0,24,192
0,25,192
0,25,193
0,25,193
0,25,193
0,26,194
0,26,194
0,26,194
0,26,194
0,26,194
0,26,194
0,26,194
0,26,194
0,26,194
0,26,194
1,27,195
0,26,194
0,27,195
0,26,195
0,26,195
0,26,196
0,26,196
0,27,196
0,27,196
0,26,195
0,26,195
0,27,195
0,26,194
0,27,195
0,27,195
0,28,196
1,29,196
1,30,196
0,30,196
1,30,196
1,30,196
1,30,196
1,29,197
1,29,198
1,29,198
1,29,198
1,29,198
0,28,198
0,28,198
0,28,198
1,29,199
1,29,199
1,29,200
1,29,199
1,28,199
0,28,199
0,27,197
0,25,194
0,25,193
0,24,193
0,23,192
0,23,192
0,23,192
0,23,192
0,24,193
0,24,193
0,25,195
0,25,195
0,26,196
0,27,197
0,28,199
0,28,199
1,28,200
1,28,202
1,28,202
1,28,202
1,28,202
1,29,203
1,30,203
0,30,203
0,30,203
0,30,203
0,30,203
0,31,204
1,31,204
1,31,204
1,31,204
1,31,204
1,31,204
1,31,204
1,31,204
0,30,203
0,30,203
0,30,203
0,30,203
0,30,203
1,30,202
1,29,200
1,29,199
1,28,198
1,28,197
1,27,196
1,27,194
0,26,194
0,26,194
0,27,195
1,27,196
1,28,196
1,28,196
1,28,196
1,29,197
2,29,197
2,30,197
1,30,197
0,29,195
0,27,195
0,27,195
0,27,195
0,26,195
0,26,195
0,26,196
0,27,197
0,27,197
0,28,197
0,28,198
0,28,198
0,27,198
0,27,198
0,27,198
1,27,198
1,27,197
1,26,196
1,26,196
1,25,194
0,24,193
0,24,193
0,24,193
0,24,193
0,25,193
0,25,193
0,25,193
0,26,194
0,26,194
0,26,194
0,26,194
0,26,194
0,25,193
0,25,193
0,25,193
0,26,194
0,26,194
0,26,194
0,26,194
0,26,194
0,25,194
0,25,193
0,25,193
1,25,191
1,25,189
2,25,187
2,25,186
2,25,184
2,25,181
1,24,179
1,23,176
0,22,173
0,21,172
0,22,171
0,21,171
0,21,172
0,21,172
0,21,172
0,21,172
0,21,173
1,22,173
1,22,175
1,23,177
1,23,178
1,23,179
1,23,180
1,23,181
1,23,181
1,23,182
1,23,183
1,23,184
1,24,186
1,24,188
1,24,190
0,24,190
0,24,191
0,24,191
0,24,192
0,25,192
0,25,193
0,25,193
0,26,194
0,26,194
0,26,194
0,26,194
0,26,194
0,26,194
0,26,194
0,26,194
0,26,194
1,27,195
1,27,195
1,27,195
1,27,195
0,27,195
0,26,195
0,26,195
0,26,196
0,27,196
0,27,196
0,27,196
0,26,195
0,26,195
0,27,195
0,26,194
0,27,195
0,28,196
0,28,196
0,29,196
0,30,196
0,30,195
0,30,195
1,30,196
1,30,196
1,30,197
1,30,198
1,30,198
1,29,198
1,29,198
0,29,198
0,29,198
0,29,198
1,29,199
1,29,199
1,29,199
1,29,199
1,28,199
0,28,198
0,26,195
0,25,194
0,24,193
0,24,193
0,23,192
0,23,192
0,23,192
0,24,193
0,24,193
0,24,194
0,25,195
0,26,196
0,26,197
0,27,198
0,28,199
0,28,199
0,28,200
1,28,201
1,28,202
1,28,202
1,29,203
1,29,203
1,30,203
0,30,203
0,30,203
0,31,204
0,31,204
0,31,204
0,31,204
1,31,204
1,31,204
1,31,204
1,31,204
1,31,204
1,31,204
1,31,204
0,30,203
0,30,203
0,30,203
0,30,203
1,29,201
1,29,200
1,28,199
1,28,198
1,28,197
1,27,196
0,26,194
0,26,194
0,26,194
0,27,195
1,27,196
1,28,196
1,28,197
1,28,197
1,29,197
1,29,197
1,29,197
1,29,197
0,29,197
0,28,197
0,27,196
0,27,196
0,26,196
0,26,196
0,27,197
0,27,197
0,28,198
0,28,198
0,28,198
0,27,198
0,27,198
0,27,198
0,27,198
1,27,198
1,26,197
1,26,196
1,26,195
1,24,193
1,24,193
1,24,193
0,24,193
0,24,193
0,25,193
0,25,193
0,26,194
0,26,194
0,26,194
0,26,194
0,26,194
0,25,193
0,25,193
0,25,193
0,25,193
0,25,193
0,26,194
0,26,194
0,26,194
0,26,194
0,25,194
0,25,194
0,25,192
0,25,191
1,25,187
1,25,187
2,25,185
2,25,184
1,25,180
1,24,177
0,23,174
0,21,172
0,22,172
0,22,172
0,21,172
0,21,172
0,21,172
1,22,172
1,22,173
1,22,173
1,22,174
1,22,175
1,23,177
1,23,178
1,23,179
1,23,180
1,22,181
1,23,181
1,23,183
1,23,184
1,24,186
1,24,188
1,24,189
0,24,190
0,24,190
0,24,190
0,24,191
0,25,192
0,25,193
0,25,193
0,26,194
0,26,194
0,26,194
0,26,194
0,26,194
0,26,194
1,27,195
1,27,195
1,27,195
1,27,195
1,27,195
1,27,195
0,27,195
0,27,195
0,26,195
0,26,195
0,26,196
0,27,196
0,27,196
0,27,196
0,27,195
0,27,195
0,27,195
0,27,195
0,27,195
0,28,196
0,29,196
0,29,196
0,29,196
0,30,195
0,30,195
0,30,196
0,30,197
1,30,198
1,30,198
1,30,198
0,30,198
0,29,198
0,29,198
0,29,198
0,29,198
1,29,199
1,29,199
1,29,199
1,28,199
1,28,198
1,27,197
0,26,195
0,25,194
0,25,193
0,24,193
0,24,193
0,24,193
0,24,193
0,24,193
0,24,194
0,25,194
0,25,195
0,26,196
0,27,197
0,27,198
0,28,199
0,28,200
0,28,200
0,28,201
1,28,202
1,28,202
1,29,203
1,30,203
0,30,203
0,31,204
0,31,204
0,31,204
0,31,204
0,31,204
0,31,204
0,31,204
1,31,204
1,31,204
1,31,204
1,31,204
1,31,204
1,31,204
0,30,203
0,30,203
0,30,203
0,30,203
0,30,200
1,29,200
1,29,199
1,28,198
1,28,197
1,27,196
0,26,194
0,26,194
0,26,194
0,26,196
1,27,197
1,28,197
1,28,197
1,28,197
1,28,197
0,29,197
0,29,197
0,29,197
0,29,197
0,28,197
0,28,197
0,27,197
0,27,197
0,27,197
0,28,198
0,28,198
0,28,198
0,28,198
0,28,198
0,27,198
0,27,198
0,27,198
0,27,198
1,27,198
1,26,197
1,26,196
1,25,195
1,24,193
1,24,193
1,24,193
1,24,193
1,25,193
0,25,193
0,26,194
0,26,194
0,26,194
0,26,194
0,26,194
0,26,194
0,25,193
0,25,193
0,25,193
0,25,193
0,25,193
0,26,194
0,26,194
0,26,194
0,26,194
0,25,194
0,25,194
0,25,191
0,25,190
0,25,187
1,25,186
1,25,185
1,25,183
1,24,179
0,23,176
0,21,173
0,21,171
1,22,172
1,22,172
1,22,173
1,22,173
1,22,173
1,22,173
1,22,173
1,22,173
1,22,173
1,22,174
1,22,175
1,23,177
1,22,178
0,22,179
0,22,180
1,23,181
1,23,183
1,23,184
1,24,186
1,24,188
1,24,189
0,24,190
0,24,190
0,24,190
0,24,190
0,25,191
0,25,192
0,25,193
0,26,194
0,26,194
0,26,194
0,26,194
0,26,194
1,27,195
1,27,195
1,27,195
1,27,195
1,27,195
1,27,195
1,27,195
0,27,195
0,27,195
0,26,195
0,27,195
0,27,196
0,27,196
0,27,196
0,27,196
0,27,196
0,27,195
0,27,195
0,28,196
0,28,196
0,29,197
0,29,197
0,29,197
0,29,197
0,30,196
0,30,196
0,30,197
0,30,197
1,30,198
1,30,198
1,30,198
0,30,198
1,30,199
0,29,198
0,29,198
1,29,198
1,29,199
1,29,198
1,28,198
1,28,198
1,27,197
1,27,197
1,26,195
0,25,195
0,25,194
0,25,193
1,24,193
0,24,193
0,24,193
0,24,193
1,25,194
0,26,195
1,26,195
0,26,196
1,27,197
0,28,198
0,29,199
0,29,200
0,29,201
0,29,202
1,29,202
1,29,203
1,30,203
1,30,203
0,31,204
0,31,204
0,31,204
0,31,204
0,31,204
0,31,204
0,31,204
0,31,204
0,31,204
0,31,204
1,31,204
1,31,204
1,31,204
0,30,203
0,30,203
0,30,203
0,30,203
0,30,201
0,29,200
1,29,200
1,29,200
2,29,198
2,28,198
1,28,197
0,26,194
0,26,194
0,26,194
0,26,196
1,27,197
1,27,197
1,28,197
1,28,197
0,28,197
0,29,197
0,29,197
0,29,197
0,29,197
0,28,197
0,28,197
0,28,198
0,28,198
0,28,199
0,28,198
0,28,198
0,28,198
0,28,198
0,28,198
0,27,198
0,27,198
0,27,198
1,27,198
1,27,197
1,26,197
1,26,196
1,25,195
1,24,193
1,24,193
1,24,193
1,24,193
1,25,193
1,26,194
0,26,194
0,26,194
0,26,194
0,26,194
0,26,194
0,26,194
0,26,194
0,25,193
0,25,193
0,25,193
0,26,194
0,26,194
0,26,194
0,26,194
0,26,194
0,26,194
0,25,194
0,25,191
0,25,190
0,25,187
1,25,185
1,25,184
1,24,180
0,23,178
0,21,174
0,21,172
0,21,170
1,22,173
1,22,173
1,22,173
1,22,173
1,22,173
1,22,173
1,22,173
1,22,173
1,22,173
1,22,175
1,22,176
0,22,177
0,22,178
1,22,179
1,23,181
1,23,183
1,24,184
1,24,186
1,25,187
0,25,189
0,24,190
0,24,190
0,24,190
0,24,190
0,24,190
0,25,191
0,25,192
0,25,193
0,26,194
0,26,194
0,26,194
1,27,195
1,27,195
1,27,195
1,27,195
1,27,195
1,27,195
0,27,195
0,27,195
0,26,194
0,27,195
0,27,195
0,27,195
0,27,196
0,27,196
0,27,196
0,27,196
0,27,196
0,28,196
1,28,196
1,28,196
1,29,197
0,29,197
0,29,197
0,29,197
0,29,197
0,29,196
0,30,197
0,30,197
0,30,197
0,31,198
0,31,198
0,30,198
0,30,198
0,30,199
1,30,199
0,29,198
1,29,199
1,29,199
1,29,198
1,28,198
1,27,197
1,27,197
1,27,196
1,27,195
1,26,195
1,26,195
1,26,194
1,25,194
0,25,194
0,25,194
0,25,194
0,26,194
0,26,194
1,26,195
0,27,196
1,27,197
0,28,198
0,29,199
0,29,200
1,29,201
0,29,202
0,29,202
1,30,203
1,30,203
0,30,203
0,31,204
0,31,204
0,31,204
0,31,204
0,31,204
0,31,204
0,31,204
0,31,204
0,31,204
0,31,204
0,31,204
0,31,204
0,30,203
0,30,203
0,30,203
0,30,203
0,30,202
0,30,201
0,30,200
1,29,200
2,29,200
2,29,199
2,28,198
1,28,197
0,26,194
0,26,194
0,26,194
0,26,195
1,27,197
1,27,197
1,28,197
0,28,197
0,28,197
0,29,197
0,29,198
0,29,197
0,29,198
0,28,198
0,28,198
0,28,198
0,28,198
0,28,199
0,28,199
0,28,199
0,28,199
0,28,198
0,27,198
0,27,198
0,27,198
1,27,198
1,27,197
1,26,197
1,26,196
1,25,195
1,24,194
1,24,193
1,24,193
1,24,193
1,24,193
1,25,193
1,27,195
1,27,195
0,26,194
0,26,194
0,26,194
0,26,194
0,26,194
0,26,194
0,26,194
0,25,193
0,25,193
0,26,194
0,26,194
0,26,194
0,26,194
0,26,194
0,26,194
0,25,194
0,25,191
0,25,190
0,25,187
1,25,185
1,25,184
1,24,179
0,22,176
0,21,173
0,21,171
1,23,173
2,23,174
2,23,174
2,23,174
1,23,173
1,23,173
1,22,173
1,22,173
1,22,173
1,22,174
1,22,175
0,22,176
0,22,177
0,22,178
1,22,181
1,23,182
1,24,184
1,24,186
1,25,187
0,25,189
0,24,189
0,24,190
0,24,190
0,24,190
0,24,190
0,24,190
0,25,192
0,25,193
0,25,193
0,26,194
1,27,195
1,27,195
1,27,195
1,27,195
1,27,195
0,26,194
0,26,194
0,26,194
0,26,194
0,26,194
0,27,195
0,27,195
0,27,196
0,27,196
1,28,196
0,27,196
1,28,196
1,28,196
1,28,196
1,28,196
1,29,197
1,29,197
1,29,197
0,29,197
0,29,197
0,29,197
0,29,197
0,29,197
0,29,197
0,30,197
0,30,198
0,30,198
0,30,198
0,30,198
0,30,198
1,30,199
1,30,199
1,30,199
1,29,198
1,28,198
1,27,197
1,27,197
1,27,196
1,27,196
1,27,196
1,27,195
1,27,195
1,27,195
1,27,195
1,26,194
1,26,194
0,26,194
0,26,194
0,26,194
0,26,195
0,26,196
0,27,197
0,29,198
0,29,199
0,30,200
1,30,201
0,30,202
0,30,203
0,30,203
0,30,203
0,30,203
0,30,203
0,31,204
0,31,204
0,31,204
0,31,204
0,31,204
0,31,204
0,31,204
0,31,204
0,31,204
0,31,204
0,31,204
0,31,204
0,30,203
0,30,203
0,30,203
0,30,201
0,30,201
0,30,200
2,30,200
2,30,200
2,29,199
2,29,198
2,28,197
1,27,195
0,26,195
0,26,195
0,26,195
0,26,196
1,27,197
1,27,197
1,28,197
0,28,197
0,29,198
0,29,198
0,29,198
0,29,198
0,28,198
0,28,198
0,28,198
0,28,199
0,28,199
0,28,199
0,28,199
0,28,199
0,28,199
0,28,198
0,27,198
0,27,198
0,27,198
1,26,197
1,26,196
1,26,196
1,25,195
1,24,193
1,24,193
1,24,193
1,24,193
1,24,193
1,26,194
1,27,195
1,27,195
0,26,194
0,26,194
0,26,194
0,26,194
0,26,194
0,26,194
0,26,194
0,26,194
0,26,194
0,26,194
0,26,194
0,26,194
0,26,194
0,26,194
0,25,194
0,25,193
0,25,191
0,25,189
1,25,186
1,25,185
1,25,182
1,23,178
0,22,174
0,21,171
0,21,170
2,23,174
2,23,174
2,23,174
2,23,173
1,23,173
1,23,173
1,22,173
1,22,173
1,22,173
0,21,174
0,21,175
0,22,176
0,22,177
0,22,178
1,23,182
2,24,184
2,25,186
2,25,187
0,25,188
0,25,189
0,24,190
0,24,190
0,24,190
0,24,190
0,24,190
0,25,191
0,25,193
0,25,193
0,26,194
1,27,195
1,27,195
1,27,195
0,26,194
0,25,193
0,25,193
0,25,193
0,26,194
0,26,194
0,26,194
0,27,195
1,27,195
1,27,195
1,27,195
1,28,196
1,27,195
1,28,196
1,28,196
1,28,196
1,28,196
1,29,197
1,29,197
0,29,197
0,29,197
0,29,197
0,29,197
0,28,196
0,29,197
0,29,197
0,29,197
0,30,197
0,30,197
0,30,198
0,30,198
0,30,198
1,30,198
1,30,198
1,30,198
1,29,198
1,28,197
1,27,197
1,27,196
1,27,196
1,27,196
1,28,196
1,28,196
1,28,196
1,27,195
1,27,195
1,27,195
1,27,195
1,26,194
0,26,194
0,26,194
0,26,195
0,26,196
0,27,196
0,28,197
0,29,199
0,30,199
1,30,200
1,30,201
1,30,202
1,30,203
0,30,203
0,30,203
0,30,203
0,30,203
0,31,204
0,31,204
0,31,204
0,31,204
0,31,204
0,31,204
0,31,204
0,31,204
0,31,204
0,31,204
0,31,204
0,30,203
0,30,203
0,30,202
0,30,201
0,30,201
0,30,200
2,31,200
2,30,200
2,30,199
2,29,197
2,28,196
1,27,195
0,26,195
0,26,195
0,26,195
0,26,196
1,27,197
1,27,197
1,28,198
1,29,198
1,29,199
1,29,199
1,29,199
0,29,199
0,28,199
0,28,198
0,28,198
0,28,198
0,27,198
0,28,199
0,28,199
0,28,199
0,28,199
0,27,198
0,27,198
0,27,198
1,27,197
1,26,197
1,26,196
1,26,196
1,25,194
1,24,193
1,24,193
1,24,193
1,24,193
1,25,194
1,26,194
1,26,194
0,26,194
0,26,194
0,26,194
0,26,194
0,26,194
0,26,194
0,26,194
0,26,194
0,26,194
0,26,194
0,26,194
0,26,194
0,26,194
0,26,194
0,25,194
0,25,193
0,25,191
0,25,190
0,25,189
1,25,186
2,25,185
1,25,182
1,23,178
0,23,174
0,22,171
2,23,174
2,23,174
2,23,174
2,23,174
1,23,173
1,23,173
1,22,173
1,22,173
0,21,173
0,21,174
0,21,174
0,22,176
0,22,177
0,22,178
1,23,181
2,24,184
2,25,186
2,25,187
1,25,188
0,25,189
0,25,190
0,24,190
0,24,190
0,24,190
0,24,191
0,25,192
0,25,193
0,26,193
0,26,194
0,26,194
0,26,194
0,26,194
0,25,193
0,25,193
0,25,193
0,25,193
0,25,193
0,26,194
0,26,194
1,27,195
1,27,195
1,27,195
1,27,195
1,27,195
1,27,195
1,27,195
1,28,196
1,28,196
1,28,196
1,28,196
1,29,197
0,29,197
0,29,197
0,28,196
0,28,196
0,28,196
0,28,196
0,28,196
0,29,197
0,29,197
0,29,197
0,29,197
0,29,197
0,30,198
1,29,198
1,29,198
1,29,198
1,28,197
1,27,196
1,27,196
1,27,196
1,27,196
1,28,196
2,28,196
2,28,196
2,28,196
2,28,196
2,28,196
1,27,195
1,27,195
1,27,195
1,26,194
0,26,194
0,26,194
0,26,195
0,27,196
0,28,197
0,29,198
0,30,199
1,30,200
1,30,200
1,30,201
1,30,203
1,30,203
0,30,203
0,30,203
0,30,203
0,30,203
0,30,203
0,31,204
0,31,204
0,31,204
0,31,204
0,31,204
0,31,204
0,31,204
0,31,204
0,31,204
0,31,204
0,31,203
0,31,202
0,30,201
0,30,201
0,30,200
1,30,200
2,30,199
2,29,198
2,29,197
1,28,196
1,27,195
0,26,194
0,26,194
0,26,194
0,26,196
1,27,197
1,28,197
1,29,198
1,29,199
1,29,199
1,29,199
1,29,199
0,29,199
0,28,199
0,28,198
0,27,198
0,27,198
0,27,198
0,27,198
0,27,198
0,27,198
0,27,198
0,27,198
0,27,198
0,27,197
1,26,197
1,26,197
1,26,196
1,25,195
0,25,194
0,24,193
1,24,193
1,24,193
1,24,193
1,25,194
1,26,194
1,26,194
0,26,194
0,26,194
0,26,194
0,26,194
0,26,194
0,26,194
0,26,194
0,26,194
0,26,194
0,26,194
0,26,194
0,26,194
0,26,194
0,25,193
0,25,193
0,25,192
0,25,191
0,25,190
1,25,187
2,25,186
2,25,184
2,25,181
2,24,176
1,23,174
0,22,171
2,23,174
2,23,174
2,23,173
1,23,173
1,22,172
0,21,172
0,21,173
0,21,173
0,21,173
0,21,174
0,22,176
0,22,177
1,22,178
1,23,181
2,24,184
2,25,186
2,25,186
1,25,187
0,25,188
0,25,190
0,25,190
0,25,190
0,25,190
0,25,192
0,25,192
0,26,193
0,26,194
0,26,194
0,26,194
0,26,194
0,25,193
0,25,193
0,24,192
0,25,193
0,25,193
0,25,193
0,26,194
1,27,195
1,27,195
1,27,195
1,27,195
1,27,195
1,27,195
1,27,195
0,27,195
0,27,195
1,28,196
1,28,196
1,28,196
1,29,197
0,28,196
0,28,196
0,28,196
0,28,196
0,28,196
0,28,196
0,28,196
0,28,196
0,28,196
0,29,197
0,29,197
0,29,197
1,29,197
1,29,197
1,29,198
1,29,198
1,28,196
0,27,196
0,27,196
1,27,196
1,28,196
1,28,196
2,29,197
2,29,197
2,29,197
2,29,197
2,29,197
2,28,196
2,28,196
1,27,195
1,27,195
0,26,195
0,26,194
0,26,195
0,26,196
0,27,196
0,29,198
0,29,198
0,29,199
1,29,200
1,29,200
1,30,201
1,30,201
0,30,201
0,30,203
0,30,203
0,30,203
0,30,203
0,30,203
0,31,204
0,31,204
0,31,204
0,31,204
0,31,204
0,31,204
0,31,204
0,31,204
0,31,204
0,31,203
0,31,202
0,30,201
0,30,201
0,30,200
0,30,199
2,30,198
2,29,197
1,29,197
1,27,195
0,26,194
0,26,194
0,26,194
0,26,194
0,26,195
1,27,197
1,28,198
1,29,199
1,29,199
1,29,199
1,29,199
1,29,199
0,28,199
0,28,199
0,27,198
0,27,198
0,27,198
0,27,198
0,27,198
0,27,198
0,27,198
0,27,198
0,27,198
0,27,198
1,27,197
1,27,197
1,26,196
1,26,196
1,26,195
0,25,194
0,24,193
1,24,193
1,24,193
1,25,194
1,26,194
1,26,194
1,26,194
0,26,194
0,26,194
0,26,194
0,26,194
0,26,194
0,26,194
0,26,194
0,26,194
0,26,194
0,26,194
0,26,194
0,26,194
0,26,194
0,25,193
0,25,192
0,25,191
0,25,190
1,25,189
2,25,187
2,25,185
2,25,182
2,25,179
2,24,175
0,23,173
2,23,174
2,23,174
1,23,173
1,22,172
0,21,172
0,21,172
0,21,172
0,21,173
1,21,174
1,22,174
1,22,175
1,22,177
1,22,177
2,22,179
2,24,183
2,25,186
2,25,186
1,25,186
1,25,188
0,25,190
0,25,190
0,26,190
0,26,191
0,26,192
0,26,192
0,26,193
0,26,194
0,26,194
0,26,194
0,26,194
0,25,193
0,25,193
0,25,193
0,25,193
0,25,193
0,26,194
1,27,195
1,27,195
1,27,195
1,27,195
1,27,195
1,27,195
1,27,195
1,27,195
0,27,195
0,27,195
1,28,196
1,28,196
1,28,196
1,28,196
1,28,196
0,28,196
0,28,196
0,27,195
0,27,195
0,27,195
0,28,196
0,28,196
0,28,196
0,28,196
0,29,197
1,29,197
1,29,197
1,29,197
1,29,197
1,29,197
1,28,196
0,27,195
0,27,195
0,27,196
1,28,196
2,29,197
2,29,197
2,29,197
2,29,197
2,29,197
2,29,197
2,29,197
2,29,197
2,28,196
1,28,196
0,27,195
0,26,195
0,26,195
0,26,195
0,27,196
0,28,197
0,28,198
0,29,198
0,29,199
1,29,200
0,29,200
0,30,201
0,30,201
0,30,201
0,30,202
0,30,202
0,30,203
0,30,203
0,30,203
0,30,203
0,30,203
0,30,203
0,30,203
0,30,204
0,31,204
0,31,204
0,31,204
0,31,204
0,31,202
0,31,201
0,30,201
0,30,200
0,30,199
1,29,198
2,29,197
1,29,197
1,27,195
0,26,194
0,26,194
0,26,194
0,26,194
0,26,195
1,27,197
1,28,198
1,29,199
1,29,199
1,29,199
1,29,200
1,29,200
0,28,199
0,28,199
0,27,198
0,27,198
0,27,198
0,27,198
0,27,198
0,27,198
0,27,198
0,27,198
0,27,198
0,27,198
1,27,197
1,27,197
1,27,196
1,26,196
1,26,195
0,25,193
0,24,193
0,24,193
1,24,193
1,25,194
1,26,194
1,26,194
0,26,194
0,26,194
0,26,194
0,26,194
0,26,194
0,26,194
0,26,194
0,26,194
0,26,194
0,26,194
0,26,194
0,26,194
0,26,194
0,26,193
0,25,193
0,25,191
0,25,190
0,25,190
2,25,187
2,25,186
2,25,184
2,25,181
2,24,177
1,23,174
0,23,172
1,22,173
1,22,173
1,22,173
0,22,172
0,21,172
0,21,173
1,22,173
1,22,174
1,22,174
1,22,174
1,22,176
1,22,177
2,23,179
2,24,183
1,24,185
1,25,186
1,25,186
1,25,187
0,25,189
0,26,190
0,26,191
0,26,192
0,26,192
0,26,192
0,26,193
0,26,194
0,26,194
0,26,194
0,25,193
0,25,193
0,25,193
0,25,193
0,25,193
0,26,194
1,27,195
1,27,195
1,27,195
1,27,195
1,27,195
1,27,195
1,27,195
1,27,195
0,27,195
0,27,195
0,27,195
0,27,195
0,28,196
1,28,196
1,28,196
1,28,196
0,28,196
0,27,195
0,27,195
0,27,195
0,27,195
0,27,195
0,28,196
1,28,196
1,28,196
1,28,196
1,28,196
1,29,197
1,29,197
1,29,197
1,28,196
0,27,195
0,27,195
0,27,195
0,27,195
1,28,196
2,29,197
2,29,197
2,29,197
1,29,197
0,29,197
1,29,197
2,29,197
2,29,197
2,29,197
2,29,197
1,28,196
0,27,195
0,26,195
0,26,195
0,26,195
0,27,196
0,27,197
0,28,198
0,29,198
1,29,199
0,29,200
0,30,200
0,30,201
0,30,201
0,30,201
0,30,202
0,30,202
0,30,203
0,30,203
0,30,203
0,30,203
0,30,203
0,30,203
0,30,204
0,30,204
0,31,204
0,31,204
0,31,204
0,31,202
0,31,201
0,30,200
0,30,199
0,29,198
0,29,197
1,29,197
1,28,196
1,27,195
0,26,194
0,25,193
0,25,193
0,26,194
0,27,195
1,28,196
1,28,198
1,29,199
1,29,199
1,29,199
1,29,200
1,29,200
0,28,199
0,28,199
0,27,198
0,27,198
0,27,198
0,27,198
0,27,198
0,27,198
0,27,198
0,27,198
0,27,198
1,27,197
1,27,197
1,27,197
1,27,196
1,26,195
1,25,195
0,25,193
0,24,193
0,24,193
0,25,193
0,26,194
1,26,194
1,26,194
0,26,194
0,26,194
0,26,194
0,26,194
0,25,193
0,25,193
0,26,194
0,26,194
0,26,194
0,26,194
0,26,194
0,26,194
0,26,194
0,25,193
0,25,192
0,25,191
0,25,190
1,25,189
2,25,187
2,25,185
2,25,182
2,24,179
2,23,176
0,23,173
1,22,173
1,22,173
1,22,173
1,22,173
0,22,173
1,22,173
1,22,173
1,22,174
1,22,174
1,22,174
1,22,175
2,23,177
2,23,178
2,24,180
1,24,184
1,24,186
1,25,186
1,25,187
1,25,189
0,25,190
0,26,190
0,26,191
0,26,192
0,26,192
0,26,192
0,26,193
0,25,193
0,25,193
0,25,193
0,25,193
0,25,193
0,26,194
1,27,195
1,27,195
1,27,195
1,27,195
1,27,195
1,27,195
1,27,195
1,27,195
1,27,195
0,27,195
0,27,195
0,27,195
0,27,195
0,27,195
1,28,196
1,28,196
1,28,196
1,28,196
0,27,195
0,27,195
0,27,195
0,27,195
0,27,195
1,27,195
1,28,196
1,28,196
1,28,196
1,28,196
1,28,196
1,29,197
1,29,197
1,29,197
1,28,196
0,27,195
0,27,195
0,27,195
1,28,196
1,28,196
1,29,197
2,29,197
1,29,197
0,29,197
0,29,197
0,29,197
2,29,197
2,29,197
2,29,197
2,29,197
2,29,197
0,27,195
0,27,195
0,26,195
0,26,195
0,26,195
0,27,196
0,27,197
0,28,198
0,28,198
0,29,199
0,30,200
0,30,201
1,30,201
0,30,201
0,30,202
0,30,202
0,30,203
0,30,203
0,30,203
0,30,203
0,30,203
0,30,203
0,30,204
0,30,204
0,31,204
0,31,204
0,31,203
0,31,202
0,30,201
0,30,199
0,29,198
0,29,198
0,29,197
0,29,197
0,28,196
0,26,194
0,25,193
0,25,193
0,25,193
0,26,194
0,27,195
1,28,196
2,28,197
2,29,198
2,29,199
1,29,199
1,29,199
0,29,199
0,28,199
0,28,199
0,27,198
0,27,198
0,27,198
0,27,198
0,27,198
0,27,198
0,27,198
1,27,198
1,27,198
1,27,197
0,26,197
1,26,195
1,26,195
1,25,195
0,25,194
0,25,193
0,25,193
0,25,193
0,25,193
0,26,194
0,26,194
0,26,194
0,26,194
0,26,194
0,26,194
0,26,194
0,25,193
0,25,193
0,26,194
0,26,194
0,26,194
0,26,194
0,26,194
0,26,194
0,26,194
0,26,193
0,25,192
0,25,190
0,25,190
1,25,187
1,25,186
2,25,184
1,25,181
1,23,177
0,23,174
0,22,172
1,22,173
1,22,173
1,22,173
1,22,173
1,22,173
1,22,173
1,22,174
1,22,174
2,23,174
2,23,175
2,23,177
2,23,177
1,23,179
1,24,183
1,24,184
1,24,186
1,25,186
0,25,187
0,25,189
0,25,190
0,25,190
0,25,192
0,26,192
0,25,192
0,24,192
0,24,193
0,24,193
0,25,193
0,25,193
1,26,194
1,27,195
1,27,195
1,27,195
1,27,195
1,27,195
1,27,195
0,26,194
0,26,194
0,26,194
0,26,194
0,26,194
0,26,194
0,27,195
0,27,195
1,27,195
1,27,195
1,28,196
1,28,196
1,28,196
0,27,195
0,27,195
0,27,195
0,27,195
0,27,195
1,28,196
1,28,196
1,28,196
1,28,196
1,28,196
1,28,196
1,28,196
1,28,196
1,28,196
0,28,196
0,27,195
0,27,195
0,28,196
1,28,196
1,28,196
1,29,197
1,29,197
0,29,197
0,29,197
0,29,197
0,29,197
0,29,197
1,29,197
2,29,197
2,29,197
2,29,197
1,28,196
0,27,195
0,26,195
0,26,195
0,26,195
0,26,196
0,27,197
0,28,197
0,28,198
0,29,199
0,30,199
0,30,200
1,30,201
0,30,201
1,30,201
0,31,202
0,31,202
0,30,202
0,30,203
0,30,203
0,30,203
0,30,203
0,30,203
0,30,203
0,30,204
0,31,204
0,31,202
0,31,202
0,30,201
0,30,199
0,29,198
0,29,197
0,29,197
0,29,197
0,27,195
0,25,193
0,25,193
0,25,193
0,25,193
0,26,194
0,27,195
1,28,196
1,28,196
1,28,198
1,29,198
1,28,199
1,28,199
0,28,199
0,28,199
0,28,198
0,27,198
0,27,198
0,27,198
0,27,198
0,27,198
1,27,198
1,27,198
1,27,197
1,26,197
0,26,196
0,25,195
0,25,195
1,25,195
0,25,194
0,25,194
0,25,193
0,25,193
0,25,193
0,26,194
0,26,194
0,26,194
0,26,194
0,26,194
0,26,194
0,26,194
0,26,194
0,26,194
0,25,193
0,26,194
0,26,194
0,26,194
0,26,194
0,26,194
0,26,194
0,26,194
0,26,193
0,25,191
0,25,190
1,25,189
1,25,186
1,25,185
1,24,182
0,23,179
0,23,175
0,22,172
1,22,173
1,22,173
1,22,173
1,22,173
1,22,173
1,22,174
1,22,174
1,23,174
2,23,174
2,22,174
1,23,175
1,23,177
1,23,178
1,23,179
1,24,182
1,24,184
1,24,186
0,25,186
0,25,187
0,25,189
0,25,189
0,25,190
0,25,192
0,24,192
0,24,192
0,24,193
0,25,193
0,25,193
0,25,194
1,27,195
1,27,195
1,27,195
1,27,195
1,27,195
1,27,195
0,26,194
0,26,194
0,26,194
0,26,194
0,26,194
0,26,194
0,26,194
0,26,194
0,27,195
1,27,195
1,27,195
1,27,195
1,27,195
1,27,195
0,27,195
0,27,195
0,27,195
0,27,195
1,27,195
1,28,196
1,28,196
1,28,196
1,28,196
1,28,196
1,28,196
1,28,196
1,28,196
0,28,196
0,28,196
0,28,196
0,28,196
0,28,196
1,28,196
1,28,196
1,29,196
0,29,197
0,29,197
0,30,197
0,30,198
0,30,198
0,29,197
1,29,197
1,29,197
1,29,197
1,29,197
1,29,197
0,28,196
0,26,195
0,26,195
0,26,195
0,26,195
0,27,196
0,28,197
0,28,197
0,29,198
0,30,199
0,30,200
1,30,201
1,31,201
1,31,201
0,31,201
0,31,202
0,30,202
0,31,203
0,30,203
0,30,203
0,30,203
0,30,203
0,30,203
0,30,203
0,31,202
0,30,202
0,30,201
0,30,201
1,30,199
0,29,197
0,29,197
0,28,197
0,27,195
0,26,194
0,25,193
0,25,193
0,25,193
0,25,193
0,26,194
0,27,195
1,28,196
1,28,196
1,28,196
1,28,198
1,28,198
1,28,198
0,28,198
0,28,198
0,27,198
0,27,197
0,27,197
0,26,197
0,26,197
0,26,197
0,27,197
0,27,197
1,26,196
0,26,195
0,25,195
0,25,194
0,25,194
0,25,194
0,25,193
0,25,193
0,25,193
0,25,193
0,25,193
0,26,194
0,26,194
0,26,194
0,26,194
0,26,194
0,26,194
0,26,194
0,26,194
0,26,194
0,26,194
0,26,194
0,26,194
0,26,194
0,26,194
0,26,194
0,26,194
0,26,193
0,25,191
0,25,190
0,25,189
1,25,187
1,25,185
1,25,183
1,24,179
0,23,177
0,22,173
0,22,171
1,22,174
2,23,174
1,22,174
1,22,174
1,22,174
1,22,174
1,22,174
1,22,174
1,22,174
1,22,174
1,22,175
0,22,177
0,23,178
1,23,179
1,24,183
1,24,184
1,25,186
0,25,186
0,25,187
0,25,189
0,25,189
0,24,191
0,24,192
0,24,192
0,24,192
0,24,193
0,25,193
1,27,195
2,27,195
2,28,196
1,27,195
1,27,195
1,27,195
0,26,194
0,26,194
0,26,194
0,26,194
0,26,194
0,26,194
0,26,194
0,26,194
0,26,194
0,26,194
0,26,194
0,27,195
1,27,195
1,27,195
0,27,195
0,26,194
0,26,194
0,27,195
0,27,195
1,28,196
1,28,196
1,28,196
1,28,196
1,28,196
1,28,196
1,28,196
1,28,196
0,28,196
0,28,196
0,28,196
0,28,196
0,28,196
1,28,196
1,28,196
1,28,196
1,29,196
0,29,197
0,29,197
0,30,198
0,30,198
0,30,198
0,30,198
0,29,198
0,29,197
0,29,197
1,29,197
0,29,197
0,29,197
0,27,195
0,26,195
0,26,195
0,26,195
0,27,196
0,28,197
0,29,197
0,29,198
0,30,199
0,30,199
1,30,200
1,31,201
0,31,201
0,31,201
0,30,201
0,30,201
0,31,202
0,31,202
0,31,202
0,31,202
0,31,202
0,30,202
0,30,202
0,31,202
0,30,201
0,30,201
0,30,199
0,29,198
0,28,197
0,28,196
0,27,195
0,26,194
0,25,193
0,25,193
0,24,192
0,24,192
0,25,193
0,26,194
0,26,194
1,27,195
1,28,196
1,28,196
1,28,196
1,28,196
0,27,196
0,27,196
0,27,197
0,27,197
0,27,197
0,26,197
0,26,197
0,26,197
0,26,196
0,26,196
0,26,196
0,26,195
0,25,194
0,25,193
0,24,193
0,24,192
0,24,192
0,25,193
0,25,193
0,25,193
0,25,193
0,25,193
0,26,194
0,26,194
0,26,194
0,26,194
0,26,194
0,26,194
0,26,194
0,26,194
0,26,194
0,26,194
0,26,194
0,25,194
0,25,194
0,26,194
0,26,193
0,25,193
0,25,192
0,25,191
0,25,189
1,25,187
1,25,186
1,25,184
1,24,181
0,23,179
0,23,175
0,22,172
1,22,174
2,23,174
1,22,174
1,22,174
1,22,174
1,22,174
1,22,173
1,22,173
1,22,173
0,22,173
0,22,174
0,22,175
0,22,177
0,23,178
0,23,179
1,24,183
1,25,185
1,25,186
1,25,186
0,25,187
0,24,189
0,24,189
0,24,191
0,24,192
0,24,192
0,25,193
0,26,194
1,27,195
2,28,196
2,28,196
1,27,195
1,27,195
0,26,194
0,26,194
0,26,194
0,26,194
0,26,194
0,26,194
1,27,195
0,26,194
0,26,194
0,26,194
0,26,194
0,26,194
0,26,194
0,27,195
0,27,195
0,26,194
0,26,194
0,27,195
0,27,195
0,27,195
1,28,196
1,28,196
1,28,196
0,27,195
0,27,195
0,27,195
0,28,196
0,28,196
0,28,196
0,28,196
0,28,196
0,29,197
1,29,197
1,29,197
1,28,196
1,28,196
1,28,196
0,29,196
0,29,198
0,29,198
0,30,198
0,29,198
0,29,198
0,29,198
0,29,197
0,29,197
0,29,197
0,29,197
0,29,197
0,27,195
0,27,195
0,26,195
0,27,195
1,28,196
1,28,197
0,29,197
0,29,197
0,29,198
0,30,199
0,30,200
0,31,200
0,30,200
0,30,200
0,30,201
0,30,201
0,30,201
0,31,202
0,31,202
0,31,202
0,31,202
0,30,201
0,30,201
0,30,201
0,30,201
0,30,199
0,29,198
0,28,197
0,27,196
0,27,195
0,26,195
0,26,194
0,25,193
0,25,192
0,24,191
0,25,191
0,25,192
0,26,194
0,26,194
0,27,195
1,27,195
1,27,195
0,27,195
0,27,195
0,27,195
0,27,195
0,27,196
0,27,196
0,26,196
0,26,196
0,26,196
0,26,196
0,26,196
0,26,196
0,26,195
0,25,194
0,25,193
0,24,192
0,24,192
0,24,192
0,24,192
0,25,193
0,25,193
0,25,193
0,25,193
0,26,194
0,26,194
0,26,194
0,26,194
0,26,194
0,26,194
0,26,195
0,26,195
0,26,194
0,26,194
0,26,194
0,26,194
0,25,194
0,25,194
0,25,193
0,25,193
0,25,192
0,25,191
1,25,190
1,25,189
1,25,187
1,25,185
1,25,181
1,24,179
1,23,176
0,22,173
0,22,171
2,23,174
1,22,174
1,22,174
1,22,174
1,22,174
1,22,173
1,22,173
0,22,173
0,22,173
0,22,173
0,22,174
0,22,175
0,22,177
0,23,178
1,24,180
1,24,183
1,25,185
1,25,186
0,25,186
0,24,187
0,24,189
0,24,190
0,24,192
0,25,193
0,25,193
1,27,195
2,27,195
2,28,196
2,28,196
1,27,195
1,27,195
0,26,194
0,26,194
0,26,194
0,26,194
0,26,194
0,26,194
1,27,195
0,26,194
0,26,194
0,26,194
0,26,194
0,26,194
0,26,194
0,26,194
0,26,194
0,26,194
0,26,194
0,27,195
0,27,195
0,27,195
0,27,195
1,28,196
0,27,195
0,27,195
0,27,195
0,27,195
0,27,195
0,28,196
0,28,196
0,28,196
0,29,197
0,29,197
1,29,197
1,29,197
1,29,197
1,28,196
1,28,196
0,28,196
0,29,197
0,29,198
0,29,198
0,29,198
0,29,198
0,29,198
0,29,197
0,29,197
0,29,197
0,29,197
0,29,197
0,27,195
0,27,195
0,27,195
1,27,195
1,28,196
1,28,197
1,28,197
0,28,197
0,29,197
0,29,198
0,30,199
0,30,199
0,30,199
0,30,200
0,30,200
0,30,200
0,30,201
0,31,201
0,31,201
1,31,201
1,31,201
1,30,201
1,30,200
1,30,200
1,30,199
1,29,198
0,28,197
0,27,196
0,27,195
0,26,195
0,26,194
0,26,194
0,25,193
0,25,192
0,25,191
0,25,191
0,25,193
0,26,194
0,26,194
0,26,194
0,26,194
0,27,195
0,27,195
0,27,195
0,27,195
0,26,195
0,27,195
0,27,195
0,26,195
0,26,196
0,26,196
0,26,196
0,26,195
0,26,195
0,26,194
0,25,193
0,24,192
0,24,192
0,24,192
0,24,192
0,24,192
0,25,193
0,25,193
0,25,193
0,26,194
0,26,194
0,26,194
0,26,194
0,26,194
0,26,195
0,26,195
0,26,195
0,26,195
0,27,195
0,26,194
0,26,194
0,26,194
0,25,194
0,25,194
0,25,193
0,25,193
1,25,192
0,25,191
1,25,189
1,25,187
2,25,186
2,25,183
2,25,181
1,24,179
1,23,175
1,22,172
1,22,174
1,22,174
1,22,174
1,22,174
1,22,173
1,22,173
0,22,173
0,21,172
0,21,173
0,22,173
0,22,174
0,22,177
0,23,177
1,23,179
1,24,181
1,24,183
1,24,184
1,25,186
0,24,187
0,24,188
0,24,189
0,25,192
0,25,193
1,26,193
2,27,195
2,28,196
2,28,196
1,27,195
1,27,195
0,26,194
0,25,193
0,25,193
0,25,193
0,26,194
0,26,194
1,27,195
1,27,195
1,27,195
0,26,194
0,26,194
0,25,193
0,25,193
0,26,194
0,26,194
0,26,194
0,26,194
0,27,195
0,27,195
0,27,195
0,27,195
0,27,195
0,27,195
0,27,195
0,27,195
0,27,195
0,27,195
0,27,195
0,28,196
0,28,196
0,28,196
0,29,197
1,29,197
1,29,197
1,29,197
1,28,196
1,28,196
1,28,196
0,28,196
0,28,196
0,29,197
0,29,198
0,29,197
0,29,197
0,29,197
0,29,197
0,29,197
0,29,197
0,29,197
0,29,197
0,27,195
0,27,195
0,27,195
1,27,195
1,28,196
1,28,196
1,28,197
0,28,197
0,28,197
0,29,198
0,29,198
0,30,199
0,30,199
0,30,199
0,30,199
0,30,199
0,30,200
0,31,200
1,31,200
1,31,200
1,31,200
1,30,200
1,30,199
1,30,199
0,29,198
0,28,197
0,27,196
0,27,195
0,27,195
0,26,195
0,26,194
0,26,194
0,26,193
0,25,193
0,25,192
0,25,193
0,26,194
0,26,194
0,26,194
0,26,194
0,26,194
0,26,194
0,26,194
0,26,194
0,26,194
0,26,195
0,27,195
0,27,195
0,26,195
0,26,195
0,26,195
0,26,195
0,26,195
0,26,194
0,25,193
0,25,193
0,24,192
0,24,192
0,24,192
0,24,192
0,25,193
0,25,193
0,26,194
0,26,194
0,26,194
0,26,194
0,26,194
0,26,194
0,26,194
0,26,195
0,26,195
0,26,195
0,27,195
0,27,195
0,26,195
0,26,194
0,26,194
0,25,194
0,25,194
0,25,193
0,25,193
0,25,191
0,25,190
1,25,189
1,25,187
2,25,185
2,25,181
2,25,179
1,24,176
1,23,173
1,22,174
1,22,174
1,22,174
1,22,174
1,22,174
1,22,173
1,22,172
0,21,172
0,21,173
0,22,173
0,22,174
0,22,175
0,22,177
1,23,178
1,23,179
1,24,183
1,24,183
1,24,184
0,24,186
0,24,187
0,24,188
0,24,191
0,25,192
1,27,193
2,27,195
2,28,195
2,28,195
1,27,195
1,27,195
0,25,194
0,25,193
0,25,193
0,25,193
0,26,194
0,26,194
0,26,194
0,26,194
0,26,194
0,26,194
0,25,193
0,25,193
0,25,193
0,26,194
0,26,194
0,26,194
1,27,195
0,27,195
1,27,195
1,27,195
0,27,195
0,27,195
0,27,195
0,27,195
0,27,195
0,27,195
0,27,195
0,28,196
1,28,196
1,28,196
1,28,196
1,29,197
1,29,197
1,29,197
1,28,196
1,28,196
1,28,196
1,28,196
0,28,196
0,28,196
0,28,196
0,29,197
0,29,197
0,29,197
0,29,197
0,29,197
0,29,197
0,29,197
0,29,197
0,29,197
0,27,195
0,27,195
0,27,195
1,27,195
1,28,196
1,28,196
1,28,196
1,28,196
0,28,196
0,28,197
0,29,197
0,29,198
0,29,198
0,29,199
0,30,199
0,30,199
0,30,199
1,30,200
1,30,200
1,30,200
1,30,200
1,30,199
1,29,198
1,28,197
0,28,196
0,27,195
0,27,195
0,27,195
0,26,195
0,26,194
0,26,194
0,26,194
0,26,194
0,26,194
0,26,194
0,26,194
0,26,194
0,26,194
0,26,194
0,26,194
0,26,194
0,26,194
0,26,194
0,26,194
0,26,194
0,26,195
1,27,195
0,26,195
0,26,195
0,26,195
0,26,195
0,26,194
0,25,194
0,25,193
0,25,193
0,24,192
0,24,192
0,24,192
0,25,193
0,25,193
0,26,194
0,26,194
0,26,194
0,26,194
0,26,194
0,26,194
0,26,194
0,26,194
0,26,194
0,26,195
0,26,195
0,26,195
0,27,195
0,27,195
0,27,195
0,26,195
0,26,194
0,25,194
0,25,193
0,25,193
1,25,192
1,25,191
1,25,189
1,25,187
1,25,186
1,25,184
1,25,181
1,24,178
1,24,175
1,22,173
0,21,173
1,22,173
1,22,174
1,22,173
1,22,173
1,22,173
1,22,173
1,22,173
1,22,173
0,22,173
0,22,174
0,22,176
0,23,177
0,23,179
1,23,179
1,23,182
1,24,184
0,23,184
0,24,185
0,24,188
0,24,190
1,25,192
1,27,193
2,27,194
2,27,195
1,27,195
1,27,195
0,26,195
0,25,195
0,25,194
0,25,194
0,25,194
0,26,194
0,26,194
0,26,194
0,26,194
0,26,194
0,25,193
0,25,193
0,25,193
0,25,193
0,25,193
0,26,194
1,27,195
1,27,195
1,27,195
1,27,195
1,27,195
0,27,195
0,27,195
0,27,195
0,27,195
0,27,195
0,27,195
0,27,195
1,28,196
1,28,196
1,28,196
1,28,196
1,28,196
1,28,196
1,28,196
1,28,196
1,28,196
1,28,196
1,28,196
0,28,196
0,28,196
0,28,196
0,28,197
0,29,197
0,29,197
0,29,197
0,29,197
0,29,197
0,29,197
0,29,197
0,28,196
0,27,195
0,27,195
0,26,194
0,26,194
1,27,195
1,28,196
1,28,196
1,28,196
0,28,196
0,28,196
0,28,197
0,29,197
0,29,198
0,29,198
0,29,198
0,29,199
0,29,199
1,29,199
1,30,199
2,29,199
1,29,199
1,28,198
1,28,196
1,27,195
0,27,195
0,27,195
0,27,195
0,27,195
0,26,195
0,26,194
0,26,194
0,26,194
0,26,194
0,26,194
0,26,194
0,26,194
0,26,194
0,26,194
0,26,194
0,26,194
0,26,194
0,26,194
0,26,194
0,26,194
0,26,194
0,26,194
1,27,195
1,27,195
0,26,195
0,26,195
0,26,194
0,25,194
0,25,193
0,25,193
0,24,192
0,24,192
0,24,192
0,25,193
0,25,193
0,26,194
0,26,194
0,26,194
0,26,194
0,26,194
0,26,194
0,26,194
0,26,194
0,26,194
0,26,195
0,26,195
0,26,195
0,26,195
0,27,195
0,27,195
0,27,195
0,27,195
0,26,194
0,26,194
0,25,193
0,25,193
1,25,191
1,25,190
1,25,189
1,25,186
1,25,185
1,25,181
1,25,179
1,24,176
1,22,173
0,21,173
1,22,173
1,22,173
1,22,173
1,22,173
1,22,173
1,22,173
1,22,173
0,22,173
0,22,173
0,22,174
0,22,176
0,22,177
0,23,179
0,23,180
0,23,182
0,23,183
0,24,184
0,24,186
0,24,189
1,26,191
2,26,192
2,27,193
2,27,194
1,27,195
1,27,195
0,26,195
0,25,195
0,25,195
0,25,194
0,25,195
0,26,194
0,26,194
0,26,194
0,26,194
0,25,193
0,25,193
0,25,193
0,25,193
0,25,193
0,26,194
1,27,195
1,27,195
1,27,195
1,27,195
1,27,195
0,27,195
0,26,194
0,26,194
0,26,194
0,26,194
0,27,195
0,27,195
0,27,195
1,28,196
1,28,196
1,28,196
1,28,196
1,28,196
1,28,196
1,28,196
1,28,196
1,28,196
1,28,196
0,28,196
0,27,195
0,27,195
0,28,196
0,28,196
0,29,197
0,29,197
0,29,197
0,29,197
0,29,197
0,29,197
0,29,197
0,28,196
0,27,195
0,26,194
0,26,194
0,26,194
1,27,195
1,28,196
1,28,196
1,27,195
1,28,196
0,28,196
0,28,196
0,28,196
1,29,197
0,29,197
1,29,198
1,29,198
1,29,198
1,29,198
1,29,199
1,28,198
1,28,196
1,27,195
0,27,195
0,27,195
0,26,194
0,27,195
0,27,195
0,27,195
0,26,194
0,26,194
0,26,194
0,26,194
0,26,194
0,26,194
0,27,195
0,27,195
0,26,194
0,26,194
0,26,194
0,25,193
0,25,193
0,26,194
0,26,194
0,26,194
0,26,194
1,27,195
1,27,195
1,27,195
1,27,195
0,26,194
0,26,194
0,25,193
0,25,193
0,25,193
0,25,193
0,25,193
0,25,193
0,25,193
0,26,194
0,26,194
0,26,194
0,26,194
0,26,194
0,26,194
0,26,194
0,26,194
0,26,194
0,26,194
0,26,195
0,26,195
0,26,195
0,26,195
0,27,195
0,27,195
0,27,195
0,26,194
0,26,194
0,26,193
0,25,193
1,25,191
1,25,191
1,25,189
1,25,186
1,25,185
1,25,183
1,25,179
1,24,176
1,24,174
0,21,173
0,21,173
0,22,173
0,22,173
0,22,172
1,22,172
0,22,172
0,22,172
0,21,172
0,21,173
0,22,173
0,22,174
0,22,176
0,23,177
0,23,179
1,23,181
0,23,182
0,24,184
0,24,185
1,25,188
1,26,191
2,26,192
2,27,193
2,27,194
1,27,194
1,26,194
0,26,195
0,25,195
0,25,195
0,25,195
0,26,195
1,27,195
1,27,195
0,26,194
0,26,194
0,25,193
0,25,193
0,25,193
0,25,193
0,26,194
0,27,195
1,27,195
1,28,196
1,28,196
1,27,195
1,27,195
0,26,194
0,26,194
0,26,194
0,26,194
0,26,194
0,26,194
0,27,195
1,28,196
1,28,196
1,28,196
1,28,196
1,28,196
1,28,196
1,28,196
1,28,196
1,28,196
1,28,196
1,28,196
0,27,195
0,27,195
0,27,195
0,27,195
0,28,196
0,28,196
0,29,197
0,29,197
1,29,197
1,29,197
0,28,196
0,28,196
0,28,196
0,27,195
0,26,194
0,26,194
0,26,194
1,27,195
1,27,195
1,27,195
1,27,195
1,28,196
1,28,196
1,28,196
1,28,196
1,29,197
1,29,197
1,29,197
0,29,197
1,29,198
1,28,198
1,28,198
1,27,195
0,27,195
0,26,195
0,26,194
0,26,194
0,26,194
0,27,195
0,27,195
0,26,194
0,26,194
0,26,194
0,26,194
0,26,194
0,27,195
0,27,195
0,27,195
1,27,195
0,27,195
0,26,194
0,26,194
0,26,194
0,26,194
0,26,194
0,26,194
0,26,194
0,26,194
0,26,194
1,27,195
1,27,195
1,27,195
0,26,194
0,26,194
0,25,193
0,25,193
0,25,193
0,25,193
0,25,193
0,25,193
0,26,194
0,26,194
0,26,194
0,26,194
0,26,194
0,26,194
0,26,194
0,26,194
0,26,194
0,26,194
0,26,195
0,26,195
0,26,195
0,26,195
0,26,195
0,27,195
0,27,195
0,26,194
0,26,194
0,26,194
0,26,192
0,26,192
1,25,191
1,25,190
1,25,187
1,25,185
1,25,184
1,25,181
1,24,176
1,24,174
0,22,172
0,21,172
0,21,172
0,21,172
0,22,172
0,22,172
0,22,171
0,21,171
0,21,171
0,21,172
0,21,172
0,22,174
0,22,174
0,22,177
0,23,178
1,23,179
1,23,181
1,24,183
1,24,185
1,25,186
1,26,189
1,26,191
1,26,192
1,26,193
1,26,194
1,26,194
0,26,195
0,26,195
0,26,195
0,26,195
1,27,195
1,27,195
1,27,195
0,26,194
0,26,194
0,26,194
0,25,193
0,26,194
0,26,194
0,27,195
1,27,195
1,28,196
1,28,196
1,28,196
1,28,196
0,27,195
0,26,194
0,26,194
0,26,194
0,26,194
0,26,194
0,27,195
0,27,195
1,28,196
1,28,196
1,28,196
1,28,196
1,28,196
1,28,196
1,28,196
1,28,196
1,28,196
1,28,196
0,27,195
0,27,195
0,27,195
0,27,195
0,27,195
0,28,196
1,28,196
1,28,196
1,29,197
1,29,197
1,28,196
1,28,196
0,28,196
0,27,195
0,26,194
0,26,194
0,26,194
0,26,194
1,27,195
1,27,195
1,27,195
1,27,195
1,27,195
1,27,195
1,28,196
1,28,196
1,28,196
1,28,196
1,28,196
0,28,197
0,28,197
0,27,196
0,27,195
0,26,195
0,26,194
0,26,194
0,26,194
0,26,194
0,26,194
0,27,195
0,26,194
0,26,194
0,26,194
0,26,194
0,26,194
0,27,195
0,27,195
0,27,195
0,27,195
1,27,195
0,27,195
0,27,195
0,26,194
0,26,194
0,26,194
0,26,194
0,26,194
0,26,194
0,26,194
0,26,194
1,27,195
1,27,195
1,27,195
0,26,194
0,26,194
0,26,194
0,25,193
0,25,193
0,25,193
0,26,194
0,26,194
0,26,194
0,26,194
0,26,194
0,26,194
0,26,195
0,26,195
0,26,195
0,26,195
0,26,195
0,26,195
0,26,195
0,26,195
0,26,195
0,26,195
0,26,195
0,27,195
0,27,195
0,27,194
0,26,194
0,26,192
0,26,192
0,26,191
1,26,190
1,25,189
1,25,186
2,25,185
1,25,182
1,24,179
1,24,175
0,23,172
0,21,172
0,21,172
0,21,172
0,21,171
0,21,171
0,21,171
0,21,171
0,21,171
0,21,172
0,21,173
0,22,174
0,22,175
0,23,177
1,23,178
1,23,179
1,24,182
1,24,184
1,25,185
1,25,187
1,26,190
1,26,191
1,26,192
1,26,193
0,26,194
0,26,195
0,26,195
1,27,195
1,27,195
1,27,195
1,27,195
1,27,195
0,26,194
0,26,194
0,26,194
0,26,194
0,26,194
0,27,195
1,27,195
1,28,196
1,28,196
1,28,196
1,28,196
1,28,196
0,27,195
0,26,194
0,26,194
0,26,194
0,26,194
0,26,194
0,27,195
1,28,196
1,28,196
1,28,196
1,28,196
1,28,196
1,28,196
1,28,196
1,28,196
1,28,196
1,28,196
0,27,195
0,27,195
0,27,195
0,27,195
0,27,195
0,27,195
0,28,196
1,28,196
1,28,196
1,28,196
1,28,196
1,28,196
0,27,195
0,27,195
0,27,195
0,26,194
0,26,194
0,26,194
0,26,194
1,27,195
1,27,195
1,27,195
1,27,195
1,27,195
1,27,195
1,27,195
1,28,196
1,28,196
1,28,196
1,28,196
0,28,196
0,27,195
0,27,195
0,26,194
0,26,194
0,26,194
0,26,194
0,26,194
0,26,194
1,27,195
1,27,195
1,27,195
1,27,195
0,26,194
0,26,194
0,26,194
0,27,195
0,27,195
0,27,195
0,27,195
1,27,195
1,27,195
0,27,195
0,27,195
0,26,194
0,26,194
0,26,194
0,26,194
0,26,194
0,26,194
0,26,194
1,27,195
1,27,195
1,27,195
1,27,195
0,26,194
0,26,194
0,26,194
0,26,194
0,26,194
0,26,194
0,26,194
0,26,194
0,26,194
0,26,195
0,26,195
0,26,195
0,26,195
0,26,196
0,26,196
0,26,196
0,26,196
0,26,195
0,26,195
0,26,195
0,26,195
0,26,195
0,27,195
0,27,194
0,26,194
0,26,192
0,26,192
0,26,191
1,26,191
1,26,190
2,26,187
2,25,185
2,25,183
2,25,180
1,24,176
0,23,172
0,21,172
0,21,172
0,21,172
0,21,171
0,21,171
0,21,171
0,21,171
0,21,171
0,21,171
0,22,173
0,22,174
0,22,175
1,23,176
1,23,178
1,23,178
1,24,180
1,24,183
1,25,185
1,25,186
1,26,188
1,26,190
0,26,191
0,26,192
0,26,194
0,26,194
1,27,195
1,27,195
1,27,195
1,27,195
1,27,195
1,27,195
0,26,194
0,26,194
0,26,194
0,26,194
0,27,195
0,27,195
0,27,195
1,28,196
1,28,196
1,28,196
1,28,196
0,27,195
0,27,195
0,26,194
0,26,194
0,26,194
0,26,194
0,26,194
0,27,195
1,28,196
1,28,196
1,28,196
1,28,196
0,27,195
0,27,195
0,27,195
0,27,195
1,27,195
0,27,195
0,27,195
0,27,195
0,26,194
0,26,194
0,26,195
0,27,195
1,27,196
1,28,196
1,28,196
1,27,196
0,27,196
0,27,195
0,27,195
0,27,195
0,26,194
0,26,194
0,26,194
0,26,194
0,26,194
1,27,195
1,27,195
1,27,195
1,27,195
1,27,195
1,27,195
0,27,195
1,27,195
1,28,196
1,28,196
1,28,196
0,27,195
0,27,195
0,26,194
0,26,194
0,26,194
0,26,194
0,26,194
0,26,194
1,27,195
1,27,195
1,27,195
1,27,195
0,27,195
0,26,194
0,27,195
0,27,195
0,27,195
0,27,195
0,27,195
0,27,195
1,27,195
1,27,195
1,27,195
1,27,195
1,27,195
0,26,194
0,26,194
0,26,194
0,26,194
0,26,194
0,26,194
1,27,194
1,27,194
1,27,195
1,27,194
0,26,194
0,26,194
0,26,194
0,26,194
0,26,194
0,27,195
0,26,194
0,27,195
0,27,195
0,27,195
0,26,195
0,26,195
0,26,196
0,26,196
0,26,196
0,26,196
0,26,196
0,26,196
0,26,195
0,26,195
0,26,195
0,26,194
0,26,194
0,26,193
0,26,192
0,26,192
0,26,192
0,26,191
1,26,190
1,26,187
2,26,186
2,25,184
2,25,181
2,25,177
1,23,174
0,23,171
0,21,172
0,21,172
0,21,171
0,21,171
0,21,171
0,21,171
0,21,171
0,22,172
1,22,173
1,22,174
1,22,174
1,23,175
0,23,177
0,23,178
0,24,180
0,24,181
1,25,184
1,25,186
0,25,187
0,26,188
0,25,190
0,25,191
0,26,192
0,26,194
1,27,195
1,27,195
1,27,195
1,27,195
1,27,195
0,26,194
0,26,194
0,26,194
0,26,194
0,27,195
0,27,195
0,27,195
0,27,195
0,27,195
1,28,196
1,28,196
0,27,195
0,27,195
0,27,195
0,27,195
0,26,194
0,26,194
0,27,195
1,27,195
1,28,196
1,28,196
1,28,196
1,28,196
0,27,195
0,26,194
0,26,194
0,26,194
0,26,194
0,27,195
0,27,195
0,26,194
0,26,194
0,26,194
0,26,194
0,26,195
0,26,196
1,27,196
1,27,196
1,27,196
0,27,196
0,27,195
0,27,195
0,27,195
0,26,194
0,26,194
0,26,194
0,26,194
0,26,194
0,26,194
1,27,195
1,27,195
1,27,195
1,27,195
1,27,195
0,26,194
0,26,194
0,27,195
0,27,195
0,27,195
0,27,195
0,27,195
0,26,194
0,26,194
0,26,194
0,26,194
0,26,194
0,26,194
1,27,195
1,27,196
1,27,196
1,27,196
1,27,195
0,27,195
0,27,195
0,27,195
0,27,195
0,27,195
0,27,195
0,27,195
0,27,195
0,27,195
1,27,195
1,27,195
1,27,195
1,27,195
1,27,195
0,26,194
0,26,194
0,26,194
0,26,194
0,26,194
0,26,194
1,27,194
1,27,194
1,27,194
0,26,193
0,26,194
0,26,194
0,26,194
0,27,195
0,27,195
0,27,195
0,27,195
0,27,195
0,27,195
0,26,195
0,26,195
0,26,196
0,26,196
0,26,196
0,26,196
0,26,196
0,26,196
0,26,195
0,26,195
0,26,195
0,26,194
0,26,194
0,26,192
0,26,192
0,26,191
0,26,191
0,26,190
1,26,189
2,26,187
2,26,185
2,25,182
2,25,179
2,24,175
1,23,172
0,21,172
0,21,172
0,21,172
0,22,171
0,22,171
0,22,172
1,22,173
1,22,173
1,22,174
1,22,174
0,22,174
0,22,176
0,23,177
0,23,178
0,24,180
0,25,183
0,25,185
0,25,186
0,25,187
0,25,189
0,25,191
0,25,191
0,26,194
1,27,195
1,27,195
1,27,195
1,27,195
0,26,194
0,26,194
0,26,194
0,26,194
0,27,195
0,27,195
0,27,195
0,27,195
0,27,195
0,27,195
0,27,195
0,27,195
0,27,195
0,27,195
0,27,195
1,27,195
0,27,195
1,27,195
1,27,195
1,28,196
1,28,196
1,28,196
1,28,196
0,27,195
0,26,194
0,26,194
0,26,194
0,26,194
0,26,194
0,27,195
0,27,195
0,26,194
0,26,194
0,26,194
0,26,194
0,26,195
0,26,196
1,26,196
1,26,196
0,27,196
0,26,195
0,26,195
0,26,195
0,26,194
0,26,194
0,26,194
0,26,194
0,26,194
0,26,194
0,26,194
0,26,194
1,27,195
0,26,194
0,26,194
0,26,194
0,26,194
0,26,194
0,27,195
0,27,195
0,27,195
0,27,195
0,26,194
0,26,194
0,26,194
0,26,194
0,26,194
0,26,194
0,26,195
1,27,196
1,27,196
1,27,196
1,27,196
1,27,196
0,27,195
0,27,195
0,27,195
0,27,195
0,27,195
0,27,195
0,27,195
0,27,195
0,27,195
0,27,195
0,27,195
0,27,195
1,27,195
0,27,195
0,26,194
0,26,194
0,26,194
0,25,193
0,25,193
0,26,193
0,26,193
1,27,193
1,27,193
0,26,193
0,26,193
0,26,194
0,26,194
0,27,195
0,27,195
0,27,195
0,27,195
0,27,195
0,27,195
0,26,195
0,26,195
0,26,196
0,26,196
0,26,196
0,26,196
0,26,196
0,26,196
0,26,195
0,26,195
0,26,194
0,26,193
0,26,192
0,26,192
0,26,191
0,26,191
0,26,190
0,25,189
1,25,187
2,25,186
2,25,185
2,25,181
2,24,176
2,23,174
0,22,172
1,22,173
2,23,173
2,23,173
1,22,173
1,22,173
1,22,173
1,22,173
0,22,173
0,22,174
0,22,174
0,23,177
0,23,178
0,24,179
0,24,181
0,25,184
0,25,185
0,25,187
0,25,187
0,25,190
0,25,191
0,25,193
0,26,194
0,26,194
0,26,194
0,26,194
0,26,194
0,26,194
0,26,194
0,27,194
0,27,195
0,27,195
0,27,195
0,27,195
0,27,195
0,27,195
0,27,195
0,27,195
0,27,195
0,27,195
1,27,195
1,27,195
1,27,195
1,27,195
1,28,196
1,28,196
1,28,196
1,28,196
1,28,196
0,26,194
0,26,194
0,26,194
0,26,194
0,26,194
0,26,194
0,27,195
0,27,195
0,27,195
0,26,194
0,26,195
0,26,195
0,26,195
1,26,196
1,26,196
1,26,196
0,26,196
0,26,195
0,26,195
0,26,194
0,26,194
0,26,194
0,26,194
0,26,194
0,26,194
0,26,194
0,26,194
0,26,194
0,26,194
0,26,194
0,26,194
0,26,194
0,26,194
0,26,194
0,26,194
0,27,195
0,26,194
0,26,194
0,26,194
0,26,194
0,26,194
0,26,194
0,26,194
0,26,194
1,27,196
1,27,197
1,27,197
1,28,197
1,28,197
1,27,196
0,27,196
0,27,195
0,27,195
0,27,195
0,27,195
0,27,195
0,27,195
0,27,195
0,27,195
0,27,195
0,27,195
0,27,195
0,27,195
1,27,195
0,27,195
0,27,195
0,26,194
0,25,193
0,25,193
0,25,193
0,26,193
0,26,193
0,26,193
0,26,193
0,26,193
0,26,194
0,26,194
0,27,195
0,27,195
0,27,195
0,27,195
0,27,195
0,27,195
0,26,195
0,26,195
0,26,196
0,26,196
0,26,196
0,26,196
0,26,196
0,26,195
0,26,195
0,26,194
0,26,193
0,26,192
0,26,192
0,26,191
0,26,191
0,26,190
0,25,189
0,25,188
1,25,186
1,25,185
2,25,183
2,24,180
2,23,175
2,23,173
2,24,174
2,24,174
2,23,174
2,23,174
1,22,173
1,22,173
0,22,173
0,22,173
0,22,174
0,22,175
0,23,177
0,24,178
0,24,180
0,25,183
0,25,185
0,25,186
0,25,187
0,25,190
0,25,191
0,25,193
0,26,194
0,26,194
0,26,194
0,26,194
0,26,194
0,26,194
0,27,194
0,27,195
0,27,195
0,27,195
0,27,195
0,27,195
0,27,195
0,27,195
0,27,195
0,27,195
1,27,195
1,27,195
1,27,195
1,27,195
1,27,195
1,28,195
1,28,196
1,28,196
1,28,196
1,28,196
0,27,195
0,26,194
0,26,194
0,26,194
0,26,194
0,26,194
0,27,195
0,27,195
0,27,195
0,27,195
0,27,195
0,26,195
0,26,195
1,26,195
1,26,196
1,26,196
0,26,196
0,26,195
0,26,195
0,25,194
0,26,194
0,26,194
0,26,194
0,26,194
0,26,194
0,26,194
0,26,194
0,26,194
0,26,194
0,26,194
0,26,194
0,25,193
0,25,193
0,26,194
0,26,194
0,26,194
0,27,195
0,27,195
0,27,195
0,27,195
0,26,194
0,26,194
0,26,194
0,26,195
0,26,196
1,27,197
1,27,197
1,27,197
1,28,197
1,28,197
1,27,197
0,27,196
0,27,196
0,27,196
0,28,196
0,27,195
0,27,195
0,27,195
0,27,195
0,27,195
0,27,195
0,27,195
0,27,195
0,27,195
1,27,195
1,27,195
1,27,195
1,27,195
0,26,194
0,25,193
0,25,193
0,25,193
0,26,193
0,26,193
0,26,193
0,26,193
0,26,194
0,26,195
0,27,195
0,27,195
0,27,195
0,27,195
0,27,195
0,26,195
0,26,195
0,26,195
0,26,195
0,26,196
0,26,196
0,26,196
0,26,196
0,26,195
0,26,194
0,26,194
0,26,193
0,26,192
0,26,191
0,26,191
0,26,190
0,25,189
0,25,188
1,25,186
1,25,185
1,25,184
2,24,181
2,24,177
3,24,174
3,24,174
2,24,174
2,23,174
2,23,174
1,22,173
0,21,173
0,21,173
0,21,173
0,22,174
0,23,174
0,23,177
0,24,179
0,25,180
0,25,183
0,25,185
0,25,187
0,25,189
0,25,191
0,25,193
0,25,194
0,26,194
0,26,194
0,26,194
0,26,194
0,27,194
0,27,194
0,27,195
0,27,195
0,27,195
0,27,195
0,27,195
0,26,194
0,26,194
0,26,194
1,27,195
1,28,195
1,28,195
1,28,195
1,28,195
1,28,195
1,28,195
1,28,196
1,28,196
1,28,196
0,27,195
0,27,195
0,26,194
0,26,194
0,26,194
0,27,195
0,27,195
0,27,195
0,27,195
0,27,195
0,27,195
0,27,195
0,26,195
0,26,195
0,26,195
1,26,195
0,26,195
0,26,195
0,26,195
0,25,194
0,25,194
0,26,194
0,26,194
0,26,194
0,26,194
0,26,194
0,26,194
0,26,194
0,26,194
0,26,194
0,26,194
0,26,194
0,25,193
0,26,194
0,26,194
0,26,194
0,27,195
0,27,195
0,27,195
1,27,195
1,27,195
0,27,195
0,27,195
0,27,195
0,27,196
1,27,197
1,27,197
1,27,197
1,28,197
1,28,197
1,28,198
0,28,197
0,28,197
0,28,197
0,28,197
0,28,196
0,28,196
0,28,196
0,27,195
0,27,195
0,26,195
0,26,195
0,26,194
0,27,195
0,27,195
1,27,195
1,27,195
1,27,195
1,27,195
0,26,194
0,25,193
0,25,193
0,25,193
0,25,193
0,26,193
0,26,193
0,26,194
0,26,195
0,26,195
0,27,195
0,27,195
0,27,195
0,26,195
0,26,195
0,26,195
0,26,195
0,26,195
0,26,195
0,26,195
0,26,195
0,26,195
0,26,195
0,26,194
0,26,194
0,26,193
0,26,192
0,26,191
0,26,191
0,26,190
0,26,189
1,26,188
1,25,186
1,25,185
2,25,184
1,24,181
1,24,179
2,23,174
3,24,175
2,23,175
2,23,174
2,23,174
1,22,173
0,21,173
0,21,172
0,21,172
0,21,173
0,22,174
0,23,175
0,24,177
0,24,179
0,25,181
1,25,184
1,25,186
0,25,189
0,25,190
0,25,191
0,25,193
0,25,193
0,26,194
0,26,194
0,26,193
0,27,194
0,27,194
0,27,195
0,27,195
0,27,195
0,27,195
0,27,195
0,26,194
0,26,194
0,27,194
1,27,195
1,28,195
1,28,195
1,28,195
1,29,195
1,28,194
1,28,195
1,28,196
1,28,196
1,28,195
0,27,195
0,27,195
0,27,195
0,26,194
0,27,195
0,27,195
1,28,196
1,28,196
1,28,196
0,27,195
0,27,195
0,27,195
0,26,195
0,26,194
0,26,194
0,26,194
0,26,195
0,26,194
0,26,194
0,25,194
0,25,194
0,26,194
0,26,194
0,26,194
0,26,194
0,26,194
0,26,194
0,26,194
0,26,194
0,26,194
0,26,194
0,26,194
0,26,194
0,26,194
0,26,194
0,27,195
1,27,195
1,27,195
1,27,197
1,27,197
1,27,197
1,27,197
1,27,197
1,28,197
1,27,197
1,27,197
1,28,197
1,28,198
1,28,198
1,28,198
1,29,198
1,29,198
0,29,198
0,29,198
0,29,198
0,29,198
0,28,197
0,28,196
0,27,196
0,26,195
0,26,194
0,26,194
0,26,194
0,27,195
0,27,195
1,27,195
1,27,195
1,27,195
1,27,195
0,26,194
0,25,193
0,25,193
0,25,193
0,25,193
0,25,194
0,26,194
0,26,195
0,26,196
0,26,196
0,27,196
0,27,196
0,27,196
0,26,196
0,26,195
0,26,195
0,26,195
0,26,195
0,26,195
0,26,195
0,26,195
0,26,194
0,26,194
0,26,194
0,26,194
0,26,193
0,26,192
0,26,191
0,26,190
1,26,188
1,26,187
1,26,186
1,25,185
1,25,184
1,24,181
1,24,179
1,23,176
2,23,175
2,23,175
2,23,175
2,23,175
2,23,174
1,22,173
0,21,172
0,21,172
0,21,172
0,22,173
0,23,174
0,24,175
0,24,178
1,24,179
1,25,181
1,25,185
1,25,186
1,25,189
0,25,190
0,25,191
0,25,193
0,25,193
0,26,193
0,26,193
0,26,193
0,27,194
0,27,194
0,27,195
0,27,195
0,27,195
0,26,194
0,26,194
0,26,194
1,27,195
1,27,195
1,28,195
1,28,195
1,28,194
1,29,194
1,29,194
1,28,194
1,28,195
1,28,195
0,27,195
0,27,195
0,27,195
0,26,194
0,26,194
0,27,195
1,28,196
1,28,196
1,28,196
1,28,196
1,27,195
0,27,195
0,27,195
0,27,195
0,26,194
0,26,194
0,26,194
0,26,194
0,26,194
0,26,194
0,25,194
0,26,194
0,26,194
0,26,194
0,26,194
0,26,194
0,26,194
0,26,194
0,26,194
0,26,194
0,26,194
0,26,194
0,26,194
0,26,194
0,26,194
0,26,194
0,27,195
1,27,195
1,27,197
1,28,197
1,28,197
1,28,197
1,28,197
1,28,198
1,29,198
1,28,198
1,28,197
1,28,197
1,28,197
1,28,198
1,29,198
1,29,198
0,29,198
0,29,198
0,29,198
0,29,198
0,29,198
0,28,198
0,28,197
0,27,196
0,26,195
0,26,194
0,26,194
0,26,194
0,27,195
0,27,195
0,27,195
1,27,195
0,27,195
0,27,195
0,26,194
0,25,193
0,25,193
0,25,193
0,25,193
0,25,194
0,25,195
0,26,195
0,26,196
0,26,196
0,27,196
0,27,196
0,27,196
0,26,196
0,26,196
0,26,195
0,26,195
0,25,195
0,25,195
0,26,195
0,26,194
0,26,194
0,26,194
0,26,194
0,26,194
0,26,192
0,26,191
0,26,191
0,26,189
1,26,187
1,26,186
1,26,185
1,25,183
1,24,181
1,24,179
1,23,177
2,23,175
2,23,175
2,23,175
2,23,175
1,22,174
0,21,173
0,21,172
0,21,172
0,21,172
0,23,173
0,23,174
0,24,176
1,24,178
1,25,180
2,25,184
2,25,185
2,25,187
1,25,189
0,25,190
0,25,191
0,25,191
0,25,191
0,25,191
0,26,192
0,27,192
0,27,194
0,27,194
0,26,194
0,26,194
0,26,194
0,26,194
0,26,194
0,26,194
1,27,194
1,27,194
0,27,194
0,28,194
0,28,194
1,28,194
1,28,194
1,28,195
1,28,195
0,27,195
0,27,195
0,27,195
0,27,195
0,27,195
0,27,195
1,28,196
1,28,196
1,28,196
1,28,196
1,27,195
0,27,195
0,27,195
0,27,194
0,26,194
0,26,194
0,26,194
0,26,194
0,26,194
0,26,194
0,26,194
0,26,194
0,26,194
0,26,194
0,27,195
0,26,194
0,26,194
0,26,194
0,26,194
0,26,194
0,26,194
0,26,194
0,26,194
0,26,194
0,26,194
0,26,195
0,27,196
1,27,196
1,27,197
1,28,197
1,28,198
1,28,198
1,29,198
1,29,198
1,29,198
1,29,198
1,28,197
0,28,197
1,28,197
1,28,198
1,30,199
0,30,199
0,30,199
0,29,198
0,29,198
0,29,198
0,29,198
0,28,198
0,28,197
0,27,196
0,26,194
0,26,194
0,26,194
0,26,194
0,26,194
0,27,195
0,27,195
0,27,195
0,27,195
0,27,195
0,26,194
0,25,193
0,25,193
0,25,193
0,25,194
0,25,195
0,26,195
0,26,196
0,26,196
0,26,196
0,27,197
0,27,197
0,27,197
0,26,196
0,26,196
0,26,196
0,25,195
0,25,195
0,25,195
0,26,194
0,26,194
0,26,194
0,26,194
0,26,194
0,26,194
0,26,192
0,26,191
0,26,190
1,26,188
1,26,186
2,26,185
2,26,182
2,25,180
1,24,179
1,23,177
2,23,175
2,23,175
2,23,175
2,23,175
1,22,173
0,21,172
0,21,172
0,21,172
0,22,173
0,23,174
0,24,175
1,24,176
1,25,179
1,25,180
1,25,183
1,25,184
1,25,186
0,25,189
0,25,189
0,25,190
0,25,190
0,25,190
0,25,191
0,26,191
0,26,192
0,26,194
0,26,194
0,26,194
0,26,194
0,26,194
0,26,194
0,26,194
0,26,194
0,26,194
0,27,194
0,27,194
0,27,194
0,28,194
1,28,194
1,28,195
1,28,196
0,27,195
0,27,195
0,27,195
0,27,195
0,27,195
0,27,195
0,27,195
1,28,196
1,28,196
1,28,196
1,27,195
1,27,195
1,27,194
0,27,194
0,26,194
0,26,194
0,26,193
0,25,193
0,25,193
0,26,194
0,26,194
0,26,194
0,27,195
0,27,195
0,27,195
0,27,195
0,26,194
0,26,194
0,26,194
0,26,194
0,26,194
0,26,194
0,26,194
0,26,194
0,26,195
0,26,195
0,26,196
1,27,196
1,27,197
1,28,197
1,28,198
1,28,198
1,29,198
1,29,198
0,29,198
1,29,198
1,29,198
0,28,197
0,28,197
1,28,198
1,29,198
0,29,198
0,29,198
0,29,198
0,29,198
0,29,198
0,29,198
0,28,198
0,28,197
0,27,196
0,26,194
0,26,194
0,26,194
0,26,194
0,26,194
0,26,194
0,27,195
0,27,195
0,27,195
0,26,194
0,25,193
0,25,193
0,25,193
0,25,193
0,25,194
0,25,195
0,26,195
0,26,195
0,26,196
0,26,196
0,27,197
0,27,197
0,27,197
0,26,196
0,26,196
0,26,196
0,25,195
0,25,195
0,25,195
0,25,195
0,26,194
0,26,194
0,26,194
0,26,194
0,26,193
0,26,192
0,26,191
1,26,189
1,26,187
1,25,185
1,25,182
1,25,180
1,24,179
1,23,176
2,23,175
2,23,175
2,23,175
1,22,174
0,21,172
0,21,172
0,21,172
0,21,173
0,23,174
0,23,175
1,24,176
1,24,178
1,25,179
1,25,180
1,25,182
0,25,184
0,25,186
0,25,187
0,25,189
0,25,189
0,25,189
0,25,190
0,25,190
0,26,191
0,26,192
0,26,194
0,26,194
0,26,194
0,26,194
0,26,194
0,26,194
0,26,194
0,26,194
0,26,194
0,26,194
0,27,194
0,27,194
1,27,195
1,27,195
1,27,196
1,27,196
0,27,196
0,27,195
0,27,195
0,27,195
0,27,195
0,27,195
1,28,196
1,28,196
1,28,196
1,28,195
1,27,195
1,27,194
0,27,193
0,26,193
0,26,193
0,26,193
0,25,193
0,26,194
0,26,194
0,26,194
0,27,195
0,27,195
0,27,195
0,27,195
0,27,195
0,27,195
0,26,194
0,26,194
0,26,194
0,26,194
0,26,194
0,26,195
0,26,195
0,26,195
0,26,195
0,26,196
0,26,196
0,27,197
1,27,197
1,28,198
1,29,198
1,30,199
1,30,199
1,30,199
1,29,198
1,29,198
0,28,197
1,28,197
1,28,197
1,29,198
0,29,198
0,29,198
0,29,198
0,29,198
0,28,198
0,28,198
0,28,197
0,28,196
0,27,195
0,27,195
0,26,194
0,26,194
0,25,194
0,26,194
0,26,194
0,26,194
0,26,194
0,26,194
0,25,193
0,24,192
0,25,193
0,25,193
0,25,193
0,25,194
0,26,194
0,26,195
0,26,195
0,26,196
0,26,196
0,27,196
0,27,197
0,27,197
0,26,196
0,26,196
0,26,196
0,25,195
0,25,195
0,25,195
0,25,195
0,26,195
0,26,194
0,26,194
0,26,194
0,26,192
0,25,191
1,25,190
1,25,188
1,25,185
1,25,183
1,25,180
1,24,179
0,23,176
2,23,175
2,23,175
1,22,174
0,21,173
0,21,173
0,21,173
0,21,173
0,22,174
0,23,175
1,24,176
1,24,176
1,24,178
1,24,179
0,24,179
0,24,180
0,24,183
0,24,185
0,25,186
0,25,187
0,25,189
0,25,189
0,25,189
0,25,190
0,25,191
0,25,191
0,25,193
0,26,194
0,26,194
0,26,194
0,26,194
0,26,194
0,26,194
0,26,194
0,26,194
0,26,194
0,27,194
1,27,195
1,27,195
1,27,196
1,27,196
0,27,196
0,27,195
0,27,195
0,27,195
0,27,195
0,27,195
0,27,195
1,28,196
1,28,195
1,28,195
1,27,194
1,27,193
0,27,193
0,26,193
0,26,193
0,26,193
0,26,194
0,26,194
0,26,194
0,27,195
0,27,195
0,27,195
0,27,195
0,27,195
0,27,195
0,27,195
0,26,194
0,26,194
0,26,194
0,26,195
0,26,195
0,26,195
0,26,196
0,26,195
0,26,196
0,26,196
0,26,196
0,26,196
0,27,197
1,28,198
1,29,198
1,30,199
1,30,199
0,29,198
0,29,198
0,28,197
0,28,197
1,28,197
1,28,197
1,28,198
0,29,198
0,29,198
0,29,198
0,28,197
0,28,197
0,28,197
0,28,196
0,28,196
1,27,195
0,27,195
0,26,194
0,26,194
0,25,194
0,25,194
0,25,194
0,25,194
0,26,194
0,25,193
0,24,192
0,24,192
0,25,193
0,25,193
0,25,194
0,26,194
0,26,194
0,26,195
0,26,195
0,26,195
0,26,196
0,27,196
0,27,197
0,27,197
0,26,196
0,26,196
0,26,196
0,26,196
0,25,195
0,25,195
0,26,195
0,26,195
0,26,194
0,26,194
0,26,194
0,25,191
1,25,190
1,25,189
2,25,186
2,25,184
2,25,181
1,24,179
0,24,176
2,23,175
2,23,174
1,22,174
0,21,173
0,21,173
0,22,174
0,22,175
1,23,175
1,23,176
1,24,176
1,24,176
1,24,176
0,24,178
0,24,179
0,24,180
0,25,182
0,25,184
1,25,185
1,25,187
1,25,187
0,25,188
0,25,189
0,25,190
0,25,191
0,25,191
0,25,193
0,25,193
0,26,194
0,26,194
0,26,194
0,26,194
0,26,194
0,26,194
0,26,194
0,27,195
1,27,195
1,27,196
1,27,196
1,27,196
1,27,196
1,27,195
1,27,195
0,27,195
0,27,195
0,27,195
0,27,195
1,27,195
1,27,195
1,27,194
1,27,193
1,27,193
0,26,193
0,26,193
0,26,193
0,26,193
0,26,194
0,27,195
0,27,195
0,27,195
0,27,195
1,28,196
0,27,195
0,27,195
0,27,195
0,27,195
0,26,194
0,26,194
0,26,195
0,26,195
0,26,195
0,26,196
0,26,196
0,26,196
0,26,196
0,26,196
0,26,196
0,27,196
0,27,197
1,29,198
1,29,198
1,30,199
1,30,199
0,29,198
0,29,198
0,28,197
0,28,197
1,28,197
1,28,197
1,28,197
0,28,197
0,28,198
0,28,197
0,28,197
0,28,197
0,28,196
1,28,196
1,28,196
1,27,195
0,27,195
0,26,194
0,26,194
0,25,194
0,25,193
0,25,193
0,24,193
0,24,193
0,24,192
0,24,192
0,24,193
0,25,193
0,26,194
0,26,194
0,26,194
0,26,194
0,26,194
0,26,195
0,26,195
0,27,196
0,27,196
0,27,197
0,27,197
0,26,196
0,26,196
0,26,196
0,26,195
0,26,195
0,26,195
0,26,195
0,26,194
0,26,194
0,26,194
0,25,191
0,25,191
1,25,189
2,25,188
2,24,185
2,24,182
2,24,179
1,24,176
2,23,175
2,23,174
1,22,174
1,22,175
1,22,175
1,22,175
1,23,175
1,23,175
1,24,175
0,24,175
0,24,175
0,24,176
0,24,176
0,24,178
0,24,179
1,25,181
1,25,184
1,25,185
1,25,185
1,25,186
1,25,187
1,24,188
0,24,190
0,24,190
0,25,191
0,25,193
0,25,193
0,26,194
0,26,194
0,26,194
0,26,194
0,26,194
0,26,194
1,27,195
1,27,195
1,27,195
1,27,195
1,27,195
1,27,195
1,27,195
1,27,195
0,26,194
0,26,194
0,26,194
0,26,194
0,27,194
1,27,194
1,27,193
0,26,192
0,26,192
0,26,192
0,26,193
0,26,193
0,27,194
0,27,195
0,27,195
0,27,195
0,27,195
0,27,195
0,27,195
0,27,195
0,27,195
0,27,195
0,26,194
0,26,194
0,26,194
0,26,195
0,26,195
1,27,195
0,26,196
0,26,196
0,26,196
0,26,196
0,26,196
0,27,196
0,27,196
0,28,197
0,28,198
0,29,198
0,29,198
0,29,198
0,29,198
0,28,197
0,28,196
0,28,196
1,28,196
1,28,196
1,28,197
1,28,197
0,28,197
0,28,196
0,28,196
0,28,196
0,28,196
1,27,196
1,27,196
1,27,195
0,26,194
0,26,194
1,26,194
1,25,193
1,25,193
1,24,193
0,24,193
0,24,193
0,24,193
0,24,192
0,24,193
0,25,194
0,26,194
0,26,194
0,26,194
0,26,194
0,26,194
0,26,195
0,26,195
0,27,195
0,27,196
0,27,196
0,27,196
0,26,196
0,26,196
0,26,196
0,26,195
0,26,195
0,26,195
0,26,195
0,26,194
0,26,194
0,26,191
0,25,191
1,25,189
2,25,188
2,25,186
2,25,184
2,24,181
2,24,177
2,23,175
2,23,176
2,23,176
2,23,176
2,23,176
2,23,176
1,23,175
0,24,175
0,24,175
0,24,175
0,24,174
0,24,175
0,24,176
0,24,178
1,24,179
1,25,181
2,25,184
2,25,184
1,24,185
1,24,185
1,24,186
1,24,188
1,24,190
1,24,190
1,25,191
1,25,192
0,26,194
0,26,194
0,26,194
0,26,194
0,26,194
1,27,194
1,27,195
1,27,195
1,27,195
1,27,195
1,27,195
1,27,195
1,27,195
1,27,195
0,26,194
0,26,194
0,26,194
0,26,194
0,26,194
0,26,194
0,26,193
0,26,192
0,26,192
0,26,192
0,26,193
0,27,195
1,27,195
1,27,195
0,27,195
0,27,195
0,27,195
0,27,195
0,27,195
0,27,195
0,27,195
0,27,195
0,26,194
0,26,194
0,26,194
0,26,195
0,26,195
1,27,196
1,27,196
0,26,196
1,27,197
0,26,196
0,26,196
0,27,196
0,27,196
0,28,197
0,28,197
0,28,198
0,29,198
0,28,197
0,28,197
0,27,196
0,27,196
0,27,196
1,28,196
1,28,196
1,28,196
1,28,196
0,28,196
0,27,196
0,27,196
0,27,196
0,27,196
1,27,195
1,27,195
0,26,194
0,26,194
0,26,194
1,25,193
1,25,193
1,24,193
1,24,193
1,24,193
0,24,193
0,24,193
0,24,193
0,25,193
0,25,194
0,26,194
0,26,194
0,26,194
0,26,194
0,26,194
0,26,194
0,26,194
0,27,195
0,27,196
0,27,196
0,27,196
0,26,196
0,26,196
0,26,195
0,26,195
0,27,195
0,27,195
0,27,194
0,26,193
0,26,191
0,26,191
1,25,189
1,25,188
2,25,186
2,25,184
2,25,181
2,24,179
3,24,176
3,23,176
3,23,176
3,23,176
3,23,176
2,23,175
0,23,175
0,24,174
0,24,174
0,24,174
0,24,174
0,24,174
0,24,176
0,24,178
1,24,179
1,24,180
2,24,181
1,24,184
1,24,184
1,23,185
1,24,185
1,24,188
1,24,190
1,25,191
1,25,192
1,25,193
0,26,194
0,26,194
0,26,194
1,27,194
1,27,194
1,27,194
1,27,194
1,27,195
1,27,195
1,27,195
1,27,195
1,26,195
0,26,194
0,26,194
0,26,194
0,26,194
0,26,194
0,26,194
0,26,194
0,25,193
0,25,192
0,25,192
0,26,193
0,26,194
1,27,195
1,27,195
1,27,195
1,27,195
0,27,195
0,27,195
0,27,195
0,27,195
0,27,195
0,27,195
0,26,194
0,26,194
0,26,194
0,26,194
0,26,194
0,26,195
0,26,196
0,26,196
0,26,196
1,27,197
0,27,196
0,26,196
0,27,196
0,27,197
0,27,197
0,28,197
0,28,197
0,27,197
0,27,196
0,27,196
0,27,196
0,27,196
0,27,196
1,27,196
1,28,196
1,28,196
1,28,196
0,28,196
0,27,196
0,27,196
0,27,195
0,27,195
0,27,195
0,26,194
0,26,194
0,26,193
0,25,192
0,25,192
0,24,192
1,24,193
1,24,193
1,24,193
0,24,193
0,24,193
0,25,193
0,25,194
0,26,194
0,26,194
0,26,194
0,26,194
0,26,194
0,26,194
0,26,194
0,26,194
0,26,195
0,27,195
0,26,195
0,26,196
0,26,195
0,26,195
0,26,195
0,27,195
0,27,195
0,27,195
1,27,192
1,26,191
1,26,191
1,26,189
1,25,187
1,25,186
2,25,184
2,25,181
2,25,180
3,24,177
3,24,177
3,24,176
2,24,176
1,24,175
0,24,175
0,24,174
0,23,174
0,23,174
0,23,174
0,23,175
1,23,175
1,23,178
1,24,178
1,24,180
1,23,181
1,23,182
1,23,184
1,23,185
1,23,186
1,24,188
2,25,190
1,25,191
1,25,192
1,26,193
0,26,194
0,26,194
1,27,194
1,27,194
1,27,193
1,27,193
1,27,194
1,27,194
1,27,194
1,26,194
1,26,194
0,26,194
0,26,194
0,26,194
0,26,194
0,26,194
0,26,194
0,26,193
0,25,193
0,25,193
0,25,193
0,26,193
0,26,194
1,27,195
1,27,195
1,27,195
1,27,195
0,27,195
0,27,195
1,28,196
1,28,196
0,27,195
0,27,195
0,26,194
0,26,194
0,26,194
0,26,194
0,26,194
0,26,195
0,26,196
0,26,196
0,26,196
0,26,196
0,26,196
0,27,196
0,27,196
0,27,197
0,27,197
0,27,197
0,27,197
0,27,196
0,27,196
0,27,196
0,27,196
0,27,196
0,27,196
0,27,196
1,28,196
1,28,196
1,28,196
1,28,196
0,26,195
0,26,195
0,26,195
0,26,195
0,26,194
0,26,194
0,26,194
0,25,192
0,25,191
0,24,191
0,24,191
0,24,192
0,24,192
0,24,193
0,24,193
0,24,193
0,25,194
0,26,194
0,26,194
0,26,194
0,26,194
0,25,193
0,25,193
0,26,194
0,26,194
0,26,194
0,26,195
0,27,195
0,26,195
0,26,195
0,26,195
0,26,195
0,26,195
0,26,195
0,27,194
0,27,192
1,27,191
1,26,191
1,26,188
1,26,187
2,26,185
2,25,184
2,25,181
3,24,177
3,24,177
2,24,176
2,24,176
1,24,175
0,24,175
0,23,174
0,23,174
0,23,174
0,23,174
0,23,174
1,22,175
1,22,177
1,22,178
1,23,179
1,23,180
1,23,182
1,23,183
1,24,185
2,24,187
2,25,189
1,25,190
1,25,191
1,26,192
0,26,193
0,26,193
1,27,193
1,27,193
1,27,193
1,27,193
1,27,193
1,26,193
1,26,193
1,26,193
0,26,193
0,25,193
0,25,193
0,26,193
0,26,194
0,26,194
0,26,194
0,26,194
0,25,193
0,25,193
0,25,193
0,26,193
1,27,194
1,27,195
1,27,195
1,27,195
1,27,195
0,27,195
0,27,195
1,28,196
1,28,196
0,27,195
0,27,195
0,26,194
0,26,194
0,26,194
0,26,194
0,26,194
0,26,194
0,26,195
0,26,195
0,26,196
0,26,196
0,26,196
0,26,196
0,27,197
1,27,197
1,27,197
0,27,197
0,27,196
0,27,196
0,27,196
0,27,196
0,27,196
0,27,196
0,27,195
0,27,195
0,27,195
1,28,196
1,28,196
1,27,195
0,26,195
0,26,194
0,26,194
0,26,194
0,26,194
0,26,194
0,26,192
0,25,191
0,24,190
0,24,190
0,24,191
0,24,191
0,24,192
0,24,192
0,24,193
0,25,193
0,25,194
0,26,194
0,26,194
0,26,194
0,25,193
0,25,193
0,25,193
0,25,193
0,26,194
0,26,194
0,26,194
0,26,195
0,26,195
0,26,195
0,26,195
0,26,195
0,26,195
0,26,194
0,27,193
1,27,191
2,27,191
2,26,188
2,26,187
2,26,185
2,26,184
2,25,181
2,25,177
2,24,177
2,24,176
2,23,176
1,23,175
1,23,175
2,23,175
1,23,174
1,23,174
1,22,174
1,22,174
1,22,174
1,22,176
1,22,177
1,22,178
1,23,180
2,23,182
2,24,184
2,24,186
2,24,188
1,25,190
1,25,191
0,25,191
0,25,191
0,26,192
1,26,192
1,27,192
1,26,192
1,26,192
1,26,192
1,26,191
0,26,192
0,25,192
0,25,192
0,25,191
0,25,192
0,25,192
0,26,193
0,26,194
0,26,194
0,26,194
0,26,194
0,25,193
0,25,193
0,26,194
1,26,195
1,27,195
1,27,195
1,27,195
1,27,195
0,27,195
0,27,195
1,28,196
1,28,196
0,27,195
0,27,195
0,26,194
0,26,194
0,26,194
0,26,194
0,26,194
0,26,194
0,26,195
0,26,195
0,25,195
0,26,196
0,26,196
0,26,196
1,27,197
1,27,197
1,27,197
0,27,196
0,27,196
0,27,196
0,27,196
0,27,196
0,27,196
0,27,196
0,27,195
0,27,195
0,27,195
0,27,195
1,27,195
0,27,195
0,26,194
0,26,194
0,26,194
0,25,194
1,25,194
1,25,194
0,25,191
0,24,190
0,24,190
0,24,190
0,24,190
0,24,191
0,24,191
0,25,192
0,25,192
0,25,193
0,26,194
0,26,194
0,26,194
0,25,193
0,25,193
0,24,192
0,24,192
0,24,193
0,25,193
0,25,194
0,26,194
0,26,194
0,26,194
0,25,194
0,25,194
0,25,194
0,26,194
0,26,193
0,26,191
1,26,191
2,26,188
2,26,187
2,26,185
2,26,184
2,25,181
2,24,177
2,24,177
2,24,177
2,24,176
2,23,176
3,24,176
2,23,175
1,23,174
1,22,174
1,22,174
1,22,174
0,22,174
1,22,176
1,22,177
1,22,178
2,23,181
2,24,183
2,24,184
1,24,186
1,25,188
0,25,190
0,25,190
0,25,191
0,25,191
0,26,191
1,26,191
1,26,190
1,26,190
1,26,190
0,25,190
0,25,191
0,25,191
0,25,191
0,25,191
0,25,191
0,25,192
0,26,192
0,26,194
0,26,194
0,26,194
0,26,194
0,25,194
0,25,194
0,25,194
0,26,195
0,26,195
0,26,195
0,26,194
0,26,194
0,26,194
0,27,195
0,27,195
1,28,196
0,27,195
0,27,195
0,26,194
0,26,194
0,26,194
0,26,194
0,26,194
0,26,194
0,26,195
0,25,195
0,25,195
0,25,195
0,26,196
0,26,196
1,27,197
1,27,197
0,27,196
0,27,195
0,27,195
0,27,195
0,27,196
0,27,196
0,27,196
0,27,195
0,27,195
0,27,195
0,27,195
0,27,195
1,27,195
0,26,194
0,25,193
0,25,193
0,25,194
1,25,194
2,25,194
2,25,194
1,25,191
0,24,190
0,24,190
0,24,190
0,24,190
0,24,191
0,25,191
0,25,191
0,25,192
0,26,192
0,26,194
0,26,194
0,26,194
0,26,194
0,25,193
0,24,192
0,24,192
0,24,193
0,25,194
1,25,194
1,26,194
1,26,194
0,25,194
0,25,194
0,25,194
0,25,194
0,26,193
0,26,191
1,26,190
1,26,189
2,26,187
2,26,185
2,26,184
2,26,181
2,24,177
2,23,177
2,23,177
2,23,176
3,24,176
2,23,176
1,23,175
1,22,174
1,22,174
1,22,174
1,22,174
1,22,174
1,22,176
2,23,178
2,23,179
2,24,182
2,24,184
1,24,185
1,24,186
0,25,188
0,25,189
0,25,190
0,25,190
0,25,190
1,26,190
1,26,190
1,25,190
1,25,189
1,25,189
0,25,189
0,25,190
0,25,190
0,25,191
0,25,191
0,25,191
0,26,192
0,26,194
0,26,194
0,26,194
0,26,194
0,25,194
0,25,194
0,26,194
0,26,194
0,26,194
0,26,194
0,26,194
0,26,194
0,26,194
0,27,195
0,27,195
0,27,195
0,27,195
0,27,195
0,26,194
0,26,194
0,26,194
0,26,194
0,26,194
0,26,194
0,26,194
0,25,195
0,25,195
0,25,195
0,26,195
0,27,196
1,27,196
1,27,196
0,27,195
0,27,195
0,27,195
0,27,195
0,27,195
1,27,195
1,27,195
1,27,195
0,27,195
0,27,195
0,27,195
0,27,195
0,26,194
0,25,193
0,24,193
0,24,193
1,24,193
2,25,194
2,25,194
2,25,194
1,25,192
0,24,191
0,24,190
0,24,190
0,24,191
0,25,191
0,25,191
0,25,191
0,26,192
0,26,193
0,26,193
0,26,194
0,26,194
0,26,194
0,25,193
0,25,193
0,25,193
0,25,194
0,25,194
1,25,194
1,25,194
1,26,194
1,25,193
0,26,193
0,26,193
0,26,192
0,26,191
1,26,190
1,26,189
2,26,187
2,26,185
2,26,182
2,26,181
1,24,178
1,24,177
3,24,176
2,24,176
1,24,176
1,23,175
1,22,174
1,22,174
1,22,174
2,22,174
2,23,176
2,23,177
2,23,178
2,24,182
2,24,183
2,24,184
1,24,185
0,24,186
0,24,188
0,24,188
0,25,189
0,25,189
1,25,189
1,25,189
1,25,189
1,25,189
0,25,189
0,25,189
0,25,189
0,25,190
0,25,190
0,25,191
0,25,191
0,25,193
0,26,194
0,26,194
0,25,194
0,25,194
0,25,194
0,25,194
0,26,194
0,26,194
0,26,194
0,26,194
0,26,194
0,26,194
0,26,194
0,26,194
0,27,195
0,27,195
0,27,195
0,26,194
0,26,194
0,26,194
0,26,194
0,26,194
0,26,194
0,26,194
0,26,194
0,25,195
0,26,195
0,26,195
0,26,195
0,27,195
0,27,195
0,27,195
0,27,195
0,27,195
0,27,195
0,27,195
0,27,195
1,27,195
1,27,195
1,27,195
1,27,195
0,27,195
0,27,195
0,26,194
0,26,194
0,25,193
0,24,193
0,24,193
1,24,193
1,24,193
1,25,193
1,25,193
1,24,192
0,24,192
0,24,191
0,24,191
0,25,191
0,25,191
0,25,191
0,26,192
0,26,192
0,26,193
0,26,193
0,26,193
0,26,193
0,26,193
0,25,193
0,25,193
0,25,194
0,25,194
0,25,194
0,25,194
0,25,194
0,25,193
0,25,193
0,25,192
0,25,191
1,25,190
1,25,190
1,25,188
2,25,186
2,25,185
2,25,182
1,24,178
2,24,177
2,24,176
1,24,176
1,23,175
1,23,175
1,23,174
2,23,174
2,23,175
2,23,176
2,23,177
2,23,178
2,23,179
1,24,182
1,24,184
1,24,185
1,24,186
0,24,186
0,24,186
1,24,187
1,25,187
1,25,187
1,25,187
1,25,186
0,25,186
0,25,186
0,25,187
0,24,189
0,25,189
0,25,190
0,25,191
0,25,192
0,25,193
0,25,194
0,25,194
0,25,194
0,25,194
0,25,193
0,25,193
0,25,193
0,25,194
0,25,194
0,26,194
0,26,194
0,26,194
0,26,194
0,26,194
0,27,195
0,26,194
0,26,194
0,26,194
0,26,194
0,26,194
0,26,194
0,26,194
0,26,194
0,26,194
0,26,194
0,26,194
0,26,195
0,26,195
0,26,195
0,26,195
0,27,195
0,27,195
0,27,195
0,26,195
0,27,195
0,27,195
0,27,195
1,27,195
1,27,195
1,27,195
1,27,195
0,27,195
0,26,194
0,26,194
0,25,193
0,25,193
0,24,193
0,24,193
1,24,193
1,24,193
1,24,193
1,24,193
1,24,192
0,24,192
0,24,192
0,24,192
0,25,192
0,25,193
0,25,193
0,26,193
0,26,193
0,26,193
0,26,193
0,26,193
0,26,194
0,26,194
0,26,194
0,26,194
0,26,194
0,26,194
0,25,194
0,25,194
0,25,193
0,25,193
0,25,192
0,25,191
1,25,190
1,25,190
2,25,187
2,25,186
2,25,184
2,25,181
1,24,176
1,24,176
1,23,175
1,23,175
2,23,175
2,23,175
2,23,176
2,23,176
2,23,178
2,23,178
2,23,179
1,24,182
1,24,183
1,24,184
1,24,185
1,24,186
1,24,186
1,24,186
1,24,186
1,25,186
1,25,186
1,25,186
0,25,186
0,24,186
0,24,186
0,24,187
0,24,189
0,25,190
0,25,191
0,25,192
0,25,193
0,25,193
0,25,194
0,25,193
0,24,193
0,25,193
0,25,193
0,25,193
0,25,193
0,25,193
0,25,193
0,25,193
0,25,193
0,26,194
0,26,194
0,26,194
0,26,194
0,25,193
0,25,193
0,25,193
0,25,193
0,26,194
0,26,194
0,26,194
0,26,194
0,26,194
0,26,194
0,26,194
0,26,194
0,26,194
0,26,195
0,27,195
0,27,195
0,26,194
0,26,194
0,26,194
0,26,194
0,26,194
1,27,195
1,27,195
1,27,195
0,27,195
0,26,194
0,26,194
0,26,194
0,25,193
0,25,193
0,25,193
0,24,193
0,24,193
0,24,193
1,24,192
1,24,192
0,23,192
0,23,192
0,24,192
0,24,192
0,25,193
0,25,193
0,25,193
0,26,193
0,26,193
0,26,193
0,26,193
0,26,194
0,26,194
0,26,194
0,26,194
0,26,194
0,26,194
0,26,194
0,26,194
0,26,194
0,25,193
0,25,192
0,25,191
1,25,190
1,25,187
2,25,186
2,25,185
2,25,183
1,24,176
1,24,176
1,23,175
2,23,175
2,23,175
2,24,176
2,24,176
2,23,178
1,23,179
1,23,179
1,23,181
1,24,183
1,24,184
1,24,185
1,24,185
1,24,186
1,24,186
1,25,186
2,25,186
2,25,186
1,25,186
0,24,186
0,24,186
0,24,186
0,24,186
0,24,189
0,25,189
0,25,190
0,25,191
0,25,193
0,24,193
0,24,193
0,24,193
0,24,192
0,24,192
0,25,192
0,25,192
0,25,192
0,25,192
0,25,192
0,25,193
0,26,193
0,26,194
0,26,194
0,26,194
0,25,193
0,25,193
0,25,193
0,25,193
0,25,193
0,25,193
0,26,194
0,26,194
0,26,194
0,26,194
0,26,194
0,26,194
0,26,194
0,26,194
0,26,194
0,27,195
0,26,194
0,26,194
0,26,194
0,26,194
0,26,194
0,26,194
0,26,194
1,27,195
1,27,195
0,26,194
0,26,194
0,26,194
0,26,194
0,26,194
0,25,193
0,25,193
0,25,193
0,24,193
0,24,193
0,24,193
0,24,193
0,23,192
0,23,192
0,24,193
0,25,193
0,25,193
0,25,193
0,25,193
0,26,193
0,26,193
0,26,193
0,26,194
0,26,194
0,26,194
0,26,194
0,26,194
0,26,194
0,26,194
0,26,194
0,26,194
0,26,193
0,26,191
0,26,191
1,25,189
1,25,187
2,25,186
2,25,185
2,24,182
1,24,176
2,24,176
2,24,176
2,24,176
2,24,178
1,23,178
1,23,179
1,23,179
1,23,181
1,23,182
1,24,184
1,24,185
1,24,185
1,24,186
1,24,186
1,25,186
1,25,186
1,25,186
1,25,185
0,24,185
0,24,186
0,24,186
0,24,187
0,25,189
0,25,189
0,25,190
0,24,190
0,24,191
0,24,192
0,24,192
0,24,192
0,24,192
0,24,191
0,25,192
0,25,192
0,25,192
0,25,192
0,26,192
0,26,192
0,26,192
0,26,193
0,26,193
0,26,193
0,25,193
0,25,193
0,25,193
0,25,193
0,25,193
0,25,193
0,25,193
0,26,194
0,26,194
0,26,194
0,26,194
0,26,194
0,26,194
0,26,194
0,26,194
0,26,194
0,26,194
0,26,194
0,26,194
0,26,194
0,26,194
0,26,194
0,26,194
0,26,194
0,26,194
0,26,194
0,26,194
0,26,194
0,26,194
0,26,194
0,26,194
0,26,194
0,25,193
0,25,193
0,24,193
0,24,193
0,24,193
0,24,193
0,24,193
0,25,193
0,26,194
0,26,194
0,26,194
0,25,194
0,25,194
0,25,194
0,26,194
0,26,194
0,26,194
0,26,194
0,26,194
0,26,194
0,26,194
0,26,194
0,26,194
0,26,192
0,26,191
0,26,190
0,25,188
1,25,187
1,25,186
1,24,184
1,24,176
2,24,176
2,24,177
1,24,178
1,23,178
1,23,179
1,23,179
1,23,181
1,24,182
1,24,184
1,24,184
1,24,185
1,24,185
1,25,186
1,25,186
1,25,186
1,25,185
1,25,185
1,25,185
0,24,186
0,24,186
0,25,187
0,25,189
0,25,189
0,25,190
0,24,190
0,24,190
0,24,190
0,24,190
0,24,190
0,24,190
0,24,190
0,25,191
0,25,191
0,25,191
0,25,192
0,25,192
0,26,192
0,26,192
0,26,192
0,25,192
0,25,192
0,25,192
0,25,192
0,25,193
0,25,193
0,25,193
0,25,193
0,25,193
0,25,193
0,25,193
0,26,194
0,26,194
0,26,194
0,26,194
0,26,194
0,26,194
0,26,194
0,26,194
0,26,194
0,26,194
0,26,194
0,26,194
0,26,194
0,26,194
0,26,194
0,26,194
0,26,194
0,26,194
0,26,194
0,26,194
0,26,194
0,26,194
0,26,194
0,26,194
0,26,194
0,25,193
0,25,193
0,26,194
0,26,194
0,26,194
0,26,194
0,27,195
0,26,194
0,26,194
0,26,194
0,26,194
0,25,194
0,25,194
0,25,194
0,25,195
0,26,195
0,26,194
0,26,194
0,26,194
0,26,194
0,26,192
0,26,191
0,26,190
1,26,188
1,25,186
1,25,185
1,25,183
1,24,177
1,24,178
1,23,178
1,23,179
1,23,179
1,23,181
1,24,182
1,24,183
1,24,184
1,25,185
1,25,185
1,25,186
1,25,186
1,25,186
1,25,185
1,25,185
1,25,185
1,24,186
0,24,186
0,25,189
0,25,189
0,25,189
0,25,190
0,25,190
0,24,190
0,24,190
0,24,190
0,24,190
0,24,190
0,25,190
0,25,190
0,25,190
0,25,191
0,25,191
1,25,192
0,25,192
1,26,192
0,25,192
0,25,191
0,25,191
0,24,191
0,24,191
0,24,191
0,25,192
0,25,192
0,25,193
0,25,193
0,25,193
0,25,193
0,25,193
0,25,193
0,26,194
0,26,194
0,26,194
0,26,194
0,27,195
0,27,195
0,26,194
0,26,194
0,26,194
0,26,194
0,26,194
0,26,194
0,26,194
0,26,194
0,26,194
0,26,194
0,26,194
1,27,195
1,27,195
0,26,194
0,26,194
0,26,194
0,26,194
0,26,194
0,26,194
0,26,194
0,26,194
0,26,194
0,27,195
0,27,195
0,27,195
0,26,194
0,26,194
0,26,194
0,25,194
0,25,194
0,25,195
0,25,195
0,25,195
0,26,194
0,26,194
0,26,194
0,26,192
0,26,191
1,26,190
1,26,187
1,26,186
1,25,185
1,24,178
0,23,179
1,23,179
1,24,180
1,24,181
1,24,183
1,24,183
1,25,184
1,25,185
1,25,185
1,25,185
1,25,185
1,25,185
1,25,185
1,25,185
1,25,186
1,25,187
1,25,189
1,25,189
1,25,189
0,25,189
0,24,189
0,24,189
0,24,189
0,24,189
0,24,189
0,24,189
0,25,189
0,25,190
0,25,190
0,25,190
1,25,190
1,25,191
1,25,191
1,25,191
0,25,191
0,25,191
0,24,191
0,24,190
0,24,190
0,24,190
0,25,191
0,25,191
0,25,191
0,25,191
0,25,192
0,25,193
0,25,193
0,25,193
0,25,193
0,26,194
0,26,194
0,26,194
0,27,195
0,27,195
0,26,194
0,26,194
0,26,194
0,26,194
0,26,194
0,26,194
0,26,194
0,26,194
0,26,194
0,26,194
1,27,195
1,27,195
1,27,195
1,27,195
0,26,194
0,26,194
0,26,194
0,26,194
0,26,194
0,26,194
0,27,195
0,27,195
0,27,195
0,27,195
0,27,195
0,27,194
0,26,194
0,26,194
0,25,194
0,25,194
0,25,195
0,25,195
0,25,195
0,25,194
0,26,194
1,26,192
1,26,190
1,26,189
1,26,187
1,26,186
0,24,179
1,24,179
1,24,181
1,24,183
2,24,183
1,24,183
1,25,184
1,25,184
1,25,184
1,25,185
1,25,185
1,25,185
1,25,185
1,25,186
1,25,187
2,25,187
2,25,189
1,25,189
1,25,189
0,24,189
0,24,189
0,24,189
0,24,189
0,24,189
0,24,189
0,25,189
0,25,189
0,25,190
0,25,190
1,25,190
0,25,190
0,25,190
1,25,191
0,25,191
0,24,190
0,24,190
0,24,190
0,24,190
0,24,190
0,24,190
0,24,191
0,25,191
0,25,191
0,25,191
0,25,192
0,25,193
0,25,193
0,25,193
0,25,193
0,26,194
0,26,194
0,27,195
0,27,195
0,26,194
0,26,194
0,26,194
0,26,194
0,26,194
0,26,194
0,26,194
0,26,194
0,26,194
0,26,194
1,27,195
1,27,195
1,27,195
1,27,195
0,26,194
0,26,194
0,26,194
0,26,194
0,26,194
0,27,195
0,27,195
0,27,195
0,27,195
0,27,195
0,27,195
0,26,194
0,26,194
0,26,194
0,25,194
0,25,194
0,25,194
0,25,194
0,25,194
1,25,193
2,26,192
2,26,190
1,26,188
1,26,187
1,24,180
2,24,182
2,24,183
2,24,183
2,25,183
1,24,183
1,24,184
1,25,184
1,25,185
1,25,185
1,25,185
1,25,186
2,25,187
2,25,187
2,25,188
2,25,189
1,25,189
0,25,189
0,24,189
0,24,189
0,24,189
0,25,189
0,25,189
0,25,189
0,25,189
0,25,190
1,25,190
0,25,190
0,25,190
0,25,190
1,25,190
0,25,190
0,24,190
0,24,190
0,24,190
0,24,190
0,24,190
0,24,190
0,24,190
0,25,191
0,25,191
0,25,191
0,24,191
0,25,192
0,25,193
0,25,193
0,25,193
0,26,194
0,26,194
0,26,194
0,26,194
0,26,194
0,27,195
0,27,195
0,27,195
0,27,195
0,27,195
0,26,194
0,26,194
0,26,194
0,26,194
0,26,194
1,27,195
1,27,195
0,26,194
0,26,194
0,26,194
0,26,194
0,26,194
0,26,194
0,27,195
0,27,195
0,27,195
0,27,195
0,27,195
0,27,194
0,26,193
0,26,193
0,26,193
0,25,193
0,25,193
0,25,193
0,25,193
1,25,192
2,25,191
2,26,190
2,26,188
2,24,182
2,24,183
2,25,183
1,24,183
1,24,183
1,24,183
1,25,184
1,24,185
1,25,185
1,25,186
2,25,187
2,25,187
2,25,187
2,25,188
1,25,189
0,25,189
0,25,189
0,25,189
0,25,189
0,25,189
0,25,189
0,25,189
0,25,189
0,25,190
1,25,190
0,25,190
0,25,189
0,25,190
0,25,190
0,25,190
0,25,190
0,24,190
0,24,190
0,24,190
0,24,190
0,24,190
0,25,191
0,25,191
0,25,191
0,25,191
0,25,191
0,25,192
0,25,193
0,25,193
0,25,193
0,26,194
0,26,194
0,26,194
0,26,194
0,26,194
0,26,194
0,26,194
0,27,195
0,27,195
0,27,195
0,26,194
0,26,194
0,26,194
0,26,194
0,26,194
0,26,194
0,26,194
0,26,194
0,26,194
0,26,194
0,26,194
0,26,194
0,26,194
1,27,195
1,28,195
1,28,195
0,27,195
0,27,194
0,27,192
0,26,192
0,26,191
0,25,191
0,25,191
0,25,191
1,25,191
1,25,191
2,25,190
2,25,190
2,25,182
2,24,182
1,24,183
1,24,183
1,24,183
1,24,184
1,25,185
1,25,186
2,25,187
2,25,187
2,25,187
2,25,187
1,25,188
0,25,188
0,25,189
0,25,189
0,25,189
0,25,189
0,25,189
0,25,189
0,25,190
0,25,190
0,25,190
0,25,190
0,25,189
0,25,189
0,25,189
0,25,190
0,25,190
1,25,190
0,24,190
0,24,190
0,24,190
0,25,191
0,25,191
0,25,191
0,25,191
0,25,191
0,25,192
0,25,192
0,25,193
0,25,193
0,25,193
0,26,194
0,26,194
0,26,194
0,26,194
0,26,194
0,26,194
0,26,194
0,27,195
0,27,195
1,27,195
1,27,195
0,26,194
0,26,194
0,26,194
0,26,194
0,26,194
0,26,194
0,26,194
0,26,194
0,26,194
0,26,194
0,26,194
0,26,194
1,28,194
1,28,195
1,28,195
1,27,194
0,27,192
0,26,192
0,26,191
1,25,191
1,25,190
1,25,190
1,25,190
1,24,190
1,24,189
1,24,183
1,24,183
1,24,183
2,25,185
1,25,186
2,25,187
2,25,187
2,25,187
1,25,187
0,25,187
0,25,188
0,25,189
0,25,189
0,25,189
0,25,189
0,25,189
0,25,189
0,25,190
0,25,190
0,25,190
0,25,190
0,25,189
0,25,189
0,25,189
0,25,190
0,25,190
0,25,190
0,25,190
0,24,190
0,25,191
0,25,191
0,25,191
0,25,191
0,25,191
0,25,191
0,25,192
0,25,193
0,25,193
0,25,193
0,26,194
0,26,194
0,26,194
0,26,194
0,26,194
0,26,194
0,26,194
0,26,194
0,27,195
1,27,195
1,27,195
1,27,195
0,26,194
0,26,194
0,26,194
0,26,194
0,26,194
0,26,194
0,26,194
0,26,194
0,26,194
0,26,193
0,26,193
0,26,193
1,27,194
1,28,194
1,28,194
1,27,192
0,26,191
0,26,191
1,26,191
1,25,190
1,25,189
1,25,188
1,24,183
2,25,183
1,25,186
1,25,187
1,25,187
1,25,187
0,25,187
0,25,187
0,25,187
0,25,189
0,25,189
0,25,189
0,25,189
0,25,189
0,25,190
0,24,190
0,24,190
0,25,190
0,25,190
0,25,189
0,25,189
0,25,189
0,25,189
0,25,190
0,25,190
0,25,190
0,25,191
0,25,191
0,25,191
0,25,191
0,25,191
0,25,191
0,25,192
0,25,193
0,25,193
0,25,193
0,26,194
0,26,194
0,26,194
0,26,194
0,26,194
0,26,194
0,26,194
0,26,194
0,26,194
0,27,195
1,27,195
1,27,195
1,27,195
1,27,195
0,26,194
0,26,194
0,26,194
0,26,194
0,26,194
0,26,194
0,26,194
0,26,193
0,26,192
0,26,193
0,26,193
1,26,193
1,27,193
0,27,192
0,26,192
0,26,191
1,25,189
2,25,189
2,25,188
1,25,186
1,25,187
0,25,187
0,25,187
0,25,187
0,25,187
0,25,188
0,25,189
0,25,189
0,25,189
0,25,189
0,24,190
0,24,190
0,24,190
0,24,190
0,25,189
0,25,189
0,25,189
0,25,189
0,25,189
0,25,190
1,25,190
1,25,191
0,25,191
0,25,191
0,25,191
0,25,191
0,25,191
0,25,192
0,25,193
0,25,193
0,26,194
0,26,194
0,26,194
0,26,194
0,26,194
0,26,194
0,26,194
0,26,194
0,26,194
0,26,194
0,26,194
0,27,195
1,27,195
1,27,195
1,27,195
0,27,195
0,26,194
0,26,194
0,26,194
0,26,194
0,26,194
0,26,194
0,26,194
0,26,192
0,26,192
0,26,192
0,26,192
1,26,192
1,26,192
1,26,192
1,26,191
1,25,189
0,25,187
0,25,187
0,25,187
0,25,187
0,25,189
0,25,189
0,25,189
0,25,190
0,24,190
0,24,190
0,24,190
0,24,190
0,24,190
0,25,189
0,25,189
0,25,189
0,25,189
0,25,190
0,25,190
0,25,190
0,25,191
0,25,191
0,25,191
0,25,191
0,25,191
0,25,193
0,25,193
0,26,193
0,26,194
0,26,194
0,26,194
0,26,194
0,26,194
0,26,194
0,26,194
0,26,194
0,26,194
0,26,194
0,26,194
0,27,195
0,27,195
0,27,195
1,27,195
0,27,195
0,26,194
0,26,194
0,26,194
0,26,194
0,26,194
0,26,194
0,26,192
0,26,192
0,26,192
0,26,192
1,26,192
1,26,192
1,26,191
0,25,187
0,25,189
0,25,189
0,25,190
0,24,190
0,24,190
0,24,190
0,24,190
0,24,190
0,25,189
0,25,189
0,25,189
0,25,190
0,25,190
0,25,190
0,25,190
0,25,190
0,25,190
0,25,190
0,25,191
0,25,191
0,25,192
0,25,193
0,26,193
0,26,193
0,26,194
0,26,194
0,26,194
0,26,194
0,26,194
0,26,194
0,26,194
0,26,194
0,26,194
0,26,194
0,26,194
0,27,195
0,26,194
0,27,195
0,26,194
0,26,194
0,26,194
0,26,194
0,26,194
0,26,194
0,26,192
0,26,192
0,26,192
0,26,192
0,24,190
0,24,190
0,24,190
0,25,190
0,25,189
0,25,189
0,25,190
0,25,190
0,25,190
0,25,190
0,25,190
0,25,190
0,25,190
0,25,190
0,25,190
0,25,191
0,25,191
0,26,192
0,26,192
0,26,192
0,26,192
0,26,193
0,26,193
0,26,193
0,26,193
0,26,194
0,26,194
0,26,194
0,26,194
0,26,194
0,26,194
0,26,194
0,26,194
0,26,194
0,26,194
0,26,194
0,26,194
0,26,194
0,26,194
0,25,189
0,25,190
0,25,190
0,25,190
0,25,190
0,25,190
0,25,190
0,25,189
0,25,189
0,25,189
0,25,189
0,25,190
0,26,191
0,26,191
0,26,191
0,26,191
0,26,192
0,26,192
0,26,192
0,26,193
0,26,193
0,25,193
0,26,193
0,26,194
0,26,194
0,26,194
0,26,194
0,26,194
0,26,194
0,26,191
