H,S,V
3,250,100
3,247,94
3,247,95
3,247,95
3,250,98
3,250,99
3,250,99
3,250,99
2,250,99
3,250,100
3,250,100
3,250,100
3,250,101
3,250,101
3,247,101
3,250,100
3,250,100
3,250,99
3,247,99
3,247,98
3,245,98
3,244,97
3,244,95
3,244,95
3,247,97
3,247,97
3,247,99
3,247,99
2,247,100
2,247,100
3,252,90
3,249,91
3,249,92
3,250,94
3,247,94
3,247,95
3,247,96
3,247,98
3,247,99
3,250,99
3,250,99
2,250,100
2,250,100
3,250,100
3,250,100
3,250,101
3,250,102
3,245,103
3,248,102
3,247,101
3,250,100
3,250,99
3,247,99
3,245,98
3,244,97
3,244,95
3,244,95
3,247,95
3,250,93
3,252,95
3,250,97
3,247,99
2,247,100
3,245,100
2,245,101
2,245,101
2,245,101
2,245,101
2,245,101
3,250,93
3,250,93
3,249,92
3,249,92
3,249,92
3,250,93
3,250,94
3,250,94
3,247,95
3,247,95
3,247,96
3,247,98
3,247,99
3,247,99
2,247,100
3,250,100
3,250,100
3,250,100
3,250,101
3,250,101
3,250,102
3,240,105
3,241,106
2,243,105
2,245,103
2,245,101
2,245,101
3,245,99
3,245,98
3,244,97
3,244,95
3,247,93
3,249,91
3,255,91
3,255,93
3,252,96
3,250,98
3,247,99
3,245,100
2,245,101
2,245,101
2,245,101
2,245,101
3,247,101
3,247,101
3,247,101
3,247,101
3,247,101
3,247,100
3,250,96
3,250,95
3,250,95
3,250,94
3,250,94
3,250,94
3,250,96
3,250,96
3,250,96
3,250,96
3,247,96
3,247,96
3,247,96
3,247,97
3,247,98
3,247,99
2,247,100
3,247,100
3,247,101
2,247,101
3,250,101
3,250,101
3,250,101
3,250,102
3,243,104
3,236,108
3,236,108
3,238,108
2,243,105
3,245,103
2,245,102
2,245,101
3,245,99
3,245,98
3,244,95
3,250,95
3,252,91
3,255,91
3,255,94
3,252,96
3,250,98
3,247,100
3,245,100
3,245,101
3,245,101
2,245,101
2,245,102
3,248,102
3,247,101
3,247,101
3,247,101
3,247,101
3,247,101
3,247,100
3,247,100
3,247,100
2,247,100
3,250,97
3,250,96
3,250,96
3,250,96
3,250,96
3,250,96
3,250,96
3,250,96
3,250,96
3,250,99
3,247,99
3,247,100
3,247,100
3,247,100
3,247,100
3,247,100
2,247,100
2,247,100
3,247,101
3,247,101
3,247,101
3,247,101
3,247,101
3,250,101
3,250,102
3,250,102
3,248,103
3,238,108
3,236,110
3,236,110
3,236,110
2,241,106
3,245,104
3,245,102
3,245,102
3,245,101
3,245,100
3,244,97
3,244,95
3,250,95
3,255,93
3,255,96
3,250,98
3,247,99
3,245,100
3,245,101
3,245,101
3,245,102
3,245,102
3,245,102
3,248,102
3,247,101
3,247,101
3,247,101
3,247,101
3,247,101
3,247,101
3,247,101
3,247,100
2,247,100
2,247,101
3,247,101
3,247,101
3,250,98
3,250,98
3,250,98
3,250,98
3,250,97
3,250,98
3,250,99
3,250,99
3,250,99
3,250,99
3,250,99
3,250,100
3,248,102
3,248,102
3,248,102
3,248,102
3,248,102
3,248,102
3,247,101
3,247,101
3,247,101
3,247,101
3,247,101
3,248,102
3,248,102
3,248,102
3,250,102
3,250,102
3,250,103
3,250,104
3,248,106
3,239,110
3,239,110
2,238,108
3,245,106
3,245,104
3,245,102
3,245,102
3,245,102
3,245,101
3,245,101
3,245,98
3,244,97
3,250,97
3,250,98
3,250,100
3,247,101
3,247,101
3,245,102
3,245,102
3,245,102
3,245,102
3,248,102
3,248,102
3,248,102
3,247,101
3,247,101
3,247,101
3,247,101
3,247,101
3,247,101
3,247,101
3,247,101
3,247,101
3,247,101
3,248,102
3,248,102
3,247,101
2,245,101
3,250,98
3,250,98
3,250,98
3,250,98
3,250,98
3,250,98
3,250,99
3,247,99
3,247,101
3,247,101
3,247,101
3,250,102
3,248,102
3,248,102
3,248,103
2,245,103
2,245,103
2,245,102
2,245,102
2,245,102
3,248,102
3,248,102
3,248,102
3,248,102
3,248,102
3,248,103
3,248,103
3,248,103
3,250,103
3,250,103
3,250,104
3,250,105
3,250,105
3,245,107
3,241,108
3,245,106
3,245,105
3,245,104
3,245,103
3,245,102
3,245,102
3,245,102
3,245,102
3,245,101
3,245,101
3,250,101
3,250,101
3,248,102
3,248,102
3,248,102
3,248,102
3,245,103
3,248,103
3,248,103
3,248,103
3,248,103
3,250,103
3,250,102
3,250,102
3,250,102
3,248,102
3,248,102
3,248,102
3,248,102
3,248,102
3,248,102
3,248,102
3,248,102
3,248,102
3,248,102
2,245,101
2,245,101
2,245,101
3,250,98
3,252,98
3,252,98
3,250,99
3,250,99
3,250,99
3,250,100
3,250,100
3,250,100
3,247,101
3,248,102
3,248,102
3,248,102
3,248,102
3,250,102
3,248,102
3,248,103
3,248,103
2,245,103
2,245,103
2,245,103
2,245,102
2,245,102
2,245,102
3,248,102
3,248,102
3,248,102
3,248,103
3,248,103
3,248,103
3,250,105
3,250,105
3,250,105
3,250,105
3,250,105
3,250,105
3,250,105
3,248,105
3,248,105
3,248,104
3,248,103
3,248,103
3,245,103
3,245,103
3,245,103
3,245,103
3,245,103
3,245,103
3,250,103
3,250,103
3,250,103
3,248,103
3,248,103
3,248,103
3,250,103
3,250,105
3,250,105
3,250,105
3,250,105
3,250,105
3,250,105
3,250,105
3,250,103
3,250,103
3,248,103
3,248,103
3,245,103
3,245,103
2,245,103
3,248,102
3,248,102
3,248,102
3,248,102
3,248,102
3,247,101
3,247,101
3,245,101
3,245,101
3,245,100
3,250,98
3,250,98
3,250,99
3,252,99
3,250,99
3,250,100
3,250,100
3,250,100
3,250,100
3,250,100
3,250,101
3,248,102
3,248,103
3,248,103
3,248,103
3,248,103
3,248,103
3,250,103
3,250,103
3,248,103
2,245,103
2,245,103
3,245,103
3,245,102
3,245,102
2,245,102
3,248,102
3,248,102
3,248,103
3,248,103
3,248,103
3,250,105
3,250,105
3,250,105
3,250,105
3,250,105
3,250,105
3,250,105
3,250,105
3,250,105
3,250,104
3,250,104
3,250,104
3,248,103
3,248,103
3,248,103
3,248,103
3,245,105
3,245,105
2,245,105
3,250,105
3,250,105
3,250,105
3,250,105
3,250,105
3,250,106
3,250,105
3,250,105
3,250,105
3,250,105
3,250,105
3,250,105
3,250,105
3,250,105
3,250,105
3,250,105
3,250,103
3,248,103
3,245,103
3,245,103
2,245,103
2,245,103
2,245,103
2,245,103
3,248,102
3,248,102
3,248,102
3,247,101
3,247,101
3,247,101
3,247,100
3,247,100
3,247,100
3,252,97
3,250,98
3,250,98
3,250,99
3,250,100
3,250,100
3,250,100
3,250,100
3,250,100
3,250,100
3,250,100
3,250,101
3,250,102
3,250,103
3,248,103
3,248,103
3,248,103
3,248,105
3,250,105
3,250,105
3,250,105
3,250,104
3,250,103
3,245,103
3,245,103
3,245,103
3,245,102
3,248,102
3,248,102
3,248,103
3,248,103
3,250,103
3,250,103
3,250,105
3,250,105
3,250,105
3,250,105
3,250,105
3,250,105
3,250,105
3,250,105
3,250,105
3,250,104
3,250,104
3,250,104
3,250,104
3,250,105
3,250,105
3,250,105
3,250,105
3,250,106
3,250,106
3,250,106
3,250,106
3,250,106
3,255,106
3,255,106
3,253,106
3,250,106
3,250,106
3,250,106
3,250,106
3,250,106
3,250,106
3,250,106
3,250,106
3,250,105
3,250,105
3,250,105
3,250,105
3,250,105
3,245,105
2,245,105
2,245,105
2,245,103
2,245,103
3,248,103
3,248,103
3,248,102
3,248,102
3,247,101
3,247,100
3,247,100
3,247,100
3,247,100
3,247,100
3,247,100
3,252,95
3,252,97
3,250,98
3,250,99
3,250,100
3,247,100
3,247,100
3,250,100
3,250,100
3,250,100
3,250,100
3,250,100
3,250,101
3,250,101
3,250,102
3,250,103
3,250,103
3,250,104
3,248,105
3,248,105
3,248,105
3,250,105
3,250,105
3,250,105
3,250,104
3,250,103
3,248,103
3,248,103
3,248,103
3,248,103
3,248,103
3,248,103
3,250,103
3,250,103
3,250,103
3,250,105
3,250,105
3,250,105
3,250,105
3,250,105
3,250,105
3,253,105
3,253,105
3,253,105
3,253,105
3,253,105
3,250,105
3,250,105
3,250,105
3,250,106
3,250,106
3,250,106
3,250,106
3,250,106
3,255,106
3,255,106
3,255,106
3,255,106
3,255,106
3,255,106
3,255,106
3,255,106
3,250,106
3,250,106
3,250,106
3,250,106
3,250,106
3,250,106
3,250,106
3,250,106
3,250,106
3,250,106
3,250,105
3,250,106
3,250,105
2,245,105
2,245,105
2,245,105
3,248,104
3,250,103
3,250,103
3,250,102
3,250,101
3,250,100
3,250,100
3,247,100
3,247,100
3,247,100
3,247,99
3,247,98
3,247,97
3,252,95
3,252,97
3,252,97
3,250,98
3,250,99
3,247,100
3,247,101
3,247,101
3,247,101
3,250,100
3,250,100
3,250,100
3,250,100
3,250,101
3,250,101
3,250,101
3,253,102
3,253,103
3,250,104
3,250,105
3,250,105
3,248,106
3,248,106
3,250,106
3,250,105
3,250,105
3,250,105
3,250,104
3,250,104
3,248,104
3,248,103
3,250,103
3,250,103
3,250,103
3,250,103
3,250,105
3,250,105
3,250,105
3,250,105
3,250,105
3,250,105
3,250,105
3,253,106
3,253,106
3,253,106
3,253,106
3,253,106
3,253,106
3,253,106
3,255,106
3,255,106
3,255,106
3,255,106
3,255,106
3,255,106
3,255,106
3,255,106
3,255,106
3,255,106
3,255,106
3,255,106
3,255,106
3,255,106
3,255,106
3,255,106
3,255,106
3,255,106
3,253,106
3,253,107
3,253,107
3,250,107
3,250,107
3,250,106
3,250,108
3,253,107
3,253,108
3,253,107
3,250,107
3,250,106
3,248,105
3,250,105
3,250,105
3,250,103
3,250,103
3,250,102
3,250,101
3,250,100
3,250,100
3,250,100
3,250,99
3,250,99
3,250,98
3,250,98
3,250,97
3,247,97
3,252,96
3,252,96
3,252,97
3,252,98
3,250,99
3,250,99
3,250,100
3,247,101
3,248,102
3,248,102
3,247,101
3,247,101
3,250,100
3,250,100
3,250,100
3,250,101
3,250,101
3,250,101
3,253,102
3,253,103
3,253,104
3,250,105
3,250,105
3,248,106
3,248,106
3,250,106
3,250,106
3,250,106
3,250,105
3,250,105
3,250,105
3,248,105
3,248,105
3,250,105
3,250,105
3,250,105
3,250,105
3,250,105
3,250,105
3,250,105
3,250,105
3,250,105
3,250,105
3,253,106
3,253,106
3,253,107
3,253,107
3,253,107
3,253,106
3,255,106
3,255,106
3,255,106
3,255,106
3,255,106
3,255,106
3,255,106
3,255,108
3,255,108
3,255,108
3,255,108
3,255,108
3,255,107
3,255,106
3,255,106
3,255,106
3,255,106
3,255,106
3,255,106
3,255,106
3,255,107
3,253,107
3,253,108
3,253,108
3,250,108
3,250,108
3,253,108
3,253,108
3,253,108
3,253,108
3,253,108
3,250,108
3,250,107
3,250,106
3,250,105
3,250,105
3,250,105
3,250,103
3,250,103
3,250,101
3,250,100
3,250,100
3,250,100
3,250,99
3,250,99
3,250,98
3,250,98
3,247,98
3,247,98
3,247,98
3,250,96
3,250,96
3,250,97
3,250,97
3,250,98
3,250,99
3,250,99
3,250,100
3,247,101
3,248,102
3,245,103
3,245,103
3,248,102
3,250,100
3,250,100
3,250,100
3,250,100
3,250,101
3,250,101
3,250,102
3,253,102
3,253,104
3,253,104
3,250,105
3,250,105
3,250,106
3,250,106
3,250,106
3,250,106
3,250,106
3,250,106
3,250,106
3,250,106
3,250,106
3,250,106
3,250,106
3,250,106
3,250,106
3,250,106
3,250,105
3,250,105
3,250,105
3,250,105
3,250,105
3,253,106
3,253,107
3,253,107
4,255,108
3,253,108
3,253,108
4,255,108
3,255,108
3,255,108
3,255,108
3,255,108
3,255,108
3,255,108
3,255,108
3,255,108
3,255,108
3,255,108
3,255,108
3,255,108
3,255,108
3,255,106
3,255,106
3,255,106
3,255,106
3,255,106
3,255,106
3,255,107
3,255,108
3,255,108
3,255,108
3,253,109
3,250,110
3,250,110
3,253,110
3,253,109
3,253,109
3,253,109
3,253,109
3,253,109
3,253,109
3,250,108
3,250,106
3,250,106
3,250,106
3,250,105
3,250,105
3,250,103
3,250,102
3,250,100
3,250,100
3,250,100
3,250,99
3,250,99
3,250,99
3,247,99
3,247,99
3,247,99
3,247,99
3,247,98
3,250,97
3,250,97
3,250,97
3,250,98
3,250,98
3,250,99
3,250,99
3,250,100
3,247,101
3,247,101
3,245,102
3,245,103
3,245,103
3,245,103
3,247,100
3,250,100
3,250,100
3,250,101
3,250,101
3,250,101
3,250,102
3,250,102
3,253,104
3,250,105
3,250,105
3,250,105
3,250,106
3,250,106
3,250,106
3,250,106
3,250,106
3,250,106
3,250,106
3,250,106
3,250,107
3,250,107
3,250,107
3,250,107
3,250,106
3,250,106
3,250,106
3,250,106
3,250,106
3,250,106
3,255,106
3,255,107
3,255,108
3,255,108
3,255,108
3,253,108
3,253,108
3,255,108
3,255,108
3,255,108
3,255,108
3,255,108
3,255,108
3,255,108
3,255,108
3,255,108
3,255,108
3,255,108
3,255,108
3,255,108
3,255,108
3,255,108
3,255,106
3,255,106
3,255,106
3,255,106
3,255,106
3,255,107
3,255,108
3,253,109
3,253,109
3,250,110
3,248,112
3,248,112
3,250,111
3,253,110
3,253,110
3,253,110
3,253,110
3,253,109
3,253,109
3,253,109
3,250,109
3,250,107
3,250,106
3,250,106
3,250,106
3,250,105
3,250,105
3,250,102
3,250,102
3,250,100
3,250,100
3,250,100
3,247,100
3,247,100
3,247,99
3,247,99
3,247,99
3,247,99
3,247,98
3,250,98
3,250,98
3,250,98
3,250,98
3,250,98
3,250,98
3,250,99
3,250,99
3,250,100
3,247,100
3,247,101
3,248,102
3,245,103
3,245,103
3,245,103
3,245,103
3,248,102
3,247,101
3,247,101
3,247,101
3,250,101
3,250,102
3,250,102
3,250,103
3,250,105
3,250,105
3,250,105
3,250,105
3,250,106
3,250,106
3,250,106
3,250,106
3,250,106
3,250,106
3,250,106
3,250,107
3,250,107
3,250,107
3,250,107
3,250,108
3,250,108
3,250,108
3,250,108
3,250,108
3,250,108
3,255,108
3,255,108
3,255,108
3,255,108
3,255,108
3,253,109
3,253,109
3,253,109
3,255,108
3,255,108
3,255,108
3,255,108
3,255,108
3,255,108
3,255,108
3,255,108
3,255,108
3,255,108
3,255,108
3,255,108
3,255,108
3,255,108
3,255,108
3,255,108
3,255,106
3,255,106
3,255,106
3,255,107
3,255,108
3,253,108
3,253,109
3,253,109
3,250,110
3,248,112
3,248,112
3,250,111
3,253,110
3,253,110
3,253,110
3,253,110
3,253,109
3,253,109
3,253,109
3,253,109
3,250,108
3,250,108
3,250,106
3,250,106
3,250,106
3,250,105
3,250,105
3,250,103
3,250,102
3,250,102
3,250,101
3,247,101
3,247,101
3,247,100
3,247,100
3,247,99
3,247,99
3,250,98
3,250,97
3,250,96
3,250,98
3,250,98
3,250,98
3,250,98
3,250,98
3,250,98
3,250,98
3,250,99
3,250,99
3,247,100
3,247,100
3,247,101
3,248,102
3,245,103
3,245,103
3,245,103
3,245,103
2,245,102
3,248,102
3,248,102
3,248,102
3,248,102
3,248,102
3,250,103
3,250,105
3,250,105
3,250,105
3,250,105
3,250,105
3,250,105
3,250,106
3,250,106
3,250,106
3,250,106
3,250,106
3,250,106
3,250,106
3,250,107
3,250,107
3,250,108
3,250,108
3,250,108
3,250,108
3,250,108
3,255,108
3,255,108
3,255,108
3,255,108
3,255,108
3,255,108
3,253,109
3,253,109
3,253,109
3,255,108
3,255,108
3,255,108
3,255,108
3,255,108
3,255,108
3,255,108
3,255,108
3,255,108
3,255,108
3,255,108
3,255,108
3,255,108
3,255,108
3,255,108
3,255,108
3,255,108
3,255,108
3,255,107
3,255,108
3,255,108
3,255,108
3,253,108
3,253,109
3,253,109
3,253,109
3,250,110
3,250,111
3,253,110
3,253,110
3,253,110
3,253,110
3,253,109
3,253,109
3,253,109
3,253,109
3,253,109
3,253,109
3,253,108
3,250,108
3,250,108
3,250,106
3,250,106
3,250,105
3,250,105
3,250,105
3,250,103
3,250,103
3,248,102
3,247,101
3,247,101
3,247,101
3,247,100
3,250,99
3,250,98
3,250,97
3,250,97
3,250,96
3,250,98
3,250,98
3,250,98
3,250,98
3,250,98
3,250,98
3,250,98
3,250,98
3,250,99
3,250,99
3,250,100
3,247,100
3,247,101
3,248,102
3,245,103
3,245,103
3,245,103
3,245,103
3,245,103
2,245,103
2,245,102
2,245,102
3,248,102
3,248,102
3,248,103
3,250,105
3,250,105
3,250,105
3,250,105
3,250,105
3,250,105
3,250,105
3,250,106
3,250,106
3,250,106
3,250,106
3,250,106
3,253,106
3,253,106
3,255,106
3,255,106
3,255,108
3,255,108
3,255,108
3,255,108
3,255,108
3,255,108
3,255,108
3,255,108
3,255,108
3,255,109
3,253,109
3,253,109
3,253,109
3,255,108
3,255,108
3,255,108
3,255,108
3,255,108
3,255,108
3,255,108
3,255,108
3,255,108
3,255,108
3,255,106
3,255,108
3,255,108
3,253,108
3,255,108
3,255,108
3,255,108
3,255,108
3,255,108
3,255,108
3,255,108
3,255,108
3,255,108
3,253,109
3,253,109
3,253,109
3,253,109
3,253,109
3,253,109
3,253,109
3,253,109
3,253,109
3,253,109
3,253,109
3,253,109
3,253,109
3,255,109
3,255,109
3,255,108
3,253,108
3,253,108
3,253,108
3,250,108
3,250,107
3,250,106
3,250,105
3,250,105
3,250,105
3,250,105
3,250,104
3,248,103
3,248,102
3,247,101
3,247,101
3,250,100
3,250,99
3,250,98
3,250,97
3,250,97
3,250,97
3,250,96
3,247,99
3,247,99
3,247,99
3,247,99
3,250,98
3,250,98
3,250,98
3,250,98
3,250,98
3,250,99
3,250,99
3,250,100
3,247,100
3,247,101
3,248,102
3,245,103
3,245,103
3,245,103
3,245,104
2,245,104
2,245,104
2,245,103
2,245,103
2,245,103
3,248,103
3,248,105
3,250,105
3,250,105
3,250,105
3,250,105
3,250,105
3,250,105
3,250,105
3,250,106
3,250,106
3,250,106
3,250,106
3,253,106
3,253,105
3,255,106
3,255,106
3,255,106
3,255,106
3,255,107
3,255,108
3,255,108
3,255,108
3,255,108
3,255,108
3,255,108
3,255,109
3,253,109
3,253,109
3,253,109
3,253,109
3,255,108
3,255,108
3,255,108
3,255,108
3,255,108
3,255,108
3,255,108
3,255,108
3,255,106
3,255,106
3,255,106
3,253,106
3,253,108
3,253,108
3,255,108
3,255,108
3,255,108
3,255,108
3,255,108
3,255,108
3,253,109
3,253,109
3,253,109
3,253,109
3,253,109
3,253,109
3,255,109
3,255,109
3,255,109
3,255,109
3,255,109
3,253,109
3,253,109
3,253,109
3,253,109
3,255,109
3,255,108
3,255,108
3,255,108
3,255,108
3,253,109
3,253,109
3,253,109
3,253,109
3,250,106
3,250,106
3,250,106
3,250,105
3,250,105
3,250,105
3,250,104
3,250,103
3,248,102
3,250,101
3,250,100
3,250,100
3,250,98
3,252,98
3,250,97
3,250,97
3,250,97
3,250,96
2,247,100
2,247,100
2,247,100
2,247,100
2,247,100
3,247,99
3,247,99
3,250,99
3,250,98
3,250,98
3,250,99
3,250,99
3,250,100
3,250,100
3,247,100
3,247,101
3,248,102
3,245,103
3,245,103
3,245,105
2,245,105
2,245,105
2,245,105
2,245,105
2,245,105
2,245,105
3,248,105
3,248,105
3,250,105
3,250,105
3,250,105
3,250,105
3,250,105
3,250,105
3,250,105
3,250,105
3,250,105
3,250,105
3,253,105
3,253,105
3,253,105
3,255,105
3,255,105
3,255,105
3,255,106
3,255,106
3,255,106
3,255,108
3,255,108
3,255,108
3,255,108
3,255,109
3,253,109
3,253,110
3,250,110
3,250,110
3,253,109
3,253,109
3,255,108
3,255,108
3,255,108
3,255,107
3,255,106
3,255,106
3,255,106
3,255,106
3,253,105
3,253,106
3,253,106
3,253,106
3,253,108
3,255,108
3,255,108
3,255,108
3,255,108
3,253,109
3,253,109
3,253,109
3,253,109
3,253,109
3,253,109
3,255,109
3,255,109
3,255,109
3,255,109
3,255,109
3,255,109
3,255,109
3,253,109
3,253,109
3,253,109
3,253,109
3,253,108
3,255,108
3,255,108
3,255,108
3,255,108
3,253,108
3,253,109
3,253,109
3,253,109
3,253,109
3,250,107
3,250,106
3,250,106
3,250,106
3,250,105
3,250,105
3,250,105
3,250,103
3,250,102
3,250,101
3,250,100
3,252,99
3,252,98
3,252,98
3,250,97
3,250,97
3,250,97
3,250,97
3,247,96
2,247,100
2,247,100
2,247,100
3,247,100
3,247,100
3,247,100
3,247,100
3,247,99
3,247,99
3,250,99
3,250,99
3,250,99
3,250,99
3,250,100
3,250,100
3,247,101
3,248,102
3,245,103
3,245,103
3,245,105
3,245,105
2,245,105
2,245,105
2,245,105
2,245,105
2,245,105
2,245,105
3,250,105
3,250,105
3,250,105
3,250,105
3,250,105
3,250,105
3,250,105
3,250,105
3,250,105
3,250,105
3,250,105
3,250,105
3,253,105
3,253,105
3,253,105
3,253,105
4,255,105
4,255,105
3,255,106
3,255,106
3,255,106
3,255,106
3,255,108
3,255,108
3,255,108
3,255,109
3,253,109
3,253,110
3,250,110
3,250,110
3,253,109
3,253,109
3,255,108
3,255,108
3,255,106
3,255,106
3,255,106
3,255,106
3,253,106
3,253,105
3,253,105
3,250,105
3,250,105
3,253,106
3,253,108
3,253,108
3,255,108
3,253,109
3,253,109
3,253,109
3,253,109
3,250,110
3,253,109
3,253,109
3,253,109
3,255,109
3,255,109
3,255,109
3,255,109
3,255,109
3,255,109
3,255,109
3,253,109
3,253,109
3,253,109
3,253,109
3,253,108
3,253,108
3,255,108
3,255,108
3,255,108
3,255,108
3,253,109
3,253,109
3,253,109
3,250,109
3,250,109
3,250,108
3,250,106
3,250,106
3,250,106
3,250,106
3,250,105
3,250,105
3,248,103
3,248,102
3,250,100
3,250,100
3,250,98
3,250,98
3,250,98
3,250,98
3,250,98
3,250,98
3,247,98
3,247,97
3,250,101
3,250,100
2,247,100
2,247,100
3,247,100
3,247,100
3,247,100
2,247,100
2,247,100
2,247,100
3,247,99
3,250,99
3,250,100
3,250,100
3,250,100
3,250,100
3,247,101
3,248,102
3,245,103
3,245,103
3,245,105
3,250,105
3,250,105
3,250,105
3,250,106
3,250,106
2,245,106
3,250,106
3,250,106
3,250,106
3,250,106
3,250,106
3,250,106
3,250,105
3,250,105
3,250,105
3,253,105
3,250,105
3,250,105
3,250,105
3,250,105
3,250,105
3,253,105
3,250,105
3,253,105
3,253,105
4,255,106
3,255,106
3,255,106
3,255,106
3,255,106
3,255,108
3,255,108
3,255,108
3,253,109
3,253,109
3,253,110
3,250,110
3,250,110
3,253,109
3,253,109
3,255,108
3,255,106
3,255,106
3,255,106
3,255,106
3,253,106
3,253,105
3,250,105
3,250,105
3,250,105
3,253,105
3,253,108
3,255,108
3,255,108
3,253,109
3,253,109
3,253,109
3,253,109
3,253,109
3,253,109
3,253,109
3,253,109
3,255,109
3,255,109
3,255,109
3,255,109
3,255,109
3,255,109
3,253,109
3,253,109
3,253,109
3,253,109
3,253,109
3,253,109
3,253,108
3,253,108
3,255,108
3,253,108
3,253,109
3,253,109
3,250,110
3,250,110
3,250,110
3,250,110
3,253,109
3,253,108
3,250,106
3,250,106
3,250,106
3,250,106
3,250,105
3,248,105
3,248,102
3,247,101
3,250,100
3,250,99
3,250,98
3,250,98
3,250,98
3,250,98
3,250,98
3,250,98
3,247,98
3,247,98
2,247,101
3,250,101
3,250,101
3,247,101
3,247,101
3,247,101
3,247,100
3,247,100
3,247,100
2,247,100
2,247,100
2,247,100
2,247,100
3,250,100
3,250,100
3,250,100
3,250,101
3,248,102
2,245,103
3,245,103
3,245,105
3,250,105
3,250,105
3,250,105
3,250,106
3,250,106
3,250,106
3,250,106
3,250,106
3,250,106
3,250,106
3,250,106
3,250,106
3,250,106
3,250,106
3,250,106
3,253,105
3,253,105
3,250,105
3,250,105
3,250,105
3,250,105
3,250,105
3,250,105
3,250,105
3,250,105
3,253,105
3,253,106
4,255,106
3,255,106
3,255,106
3,255,106
3,255,108
3,255,108
3,253,109
3,253,109
3,253,109
3,250,110
3,250,110
3,250,110
3,250,110
3,253,109
3,253,109
3,253,109
3,255,107
3,255,106
3,253,106
3,250,106
3,250,106
3,250,105
3,250,105
3,250,105
3,253,106
3,253,107
3,255,108
3,255,108
3,255,108
3,253,109
3,253,109
3,253,109
3,253,109
3,253,109
3,255,108
3,255,109
3,255,109
3,255,109
3,255,109
3,253,110
3,253,110
3,253,109
3,253,109
3,253,109
3,253,109
3,253,109
3,253,109
3,253,109
3,253,109
3,253,108
3,253,108
3,253,109
3,253,109
3,253,109
3,253,110
3,250,110
3,250,110
3,250,110
3,253,109
3,253,109
3,253,108
3,250,106
3,250,106
3,250,106
3,250,105
3,248,105
3,248,104
3,248,102
3,250,100
3,250,100
3,250,99
3,250,99
3,250,98
3,250,98
3,250,99
3,250,99
3,247,99
3,247,99
3,247,98
3,248,102
3,248,102
3,250,101
3,250,101
3,247,101
3,247,101
3,247,101
3,250,101
3,250,101
3,250,100
3,250,100
2,247,100
2,247,100
2,247,100
3,250,100
3,250,100
3,250,100
3,250,101
3,248,102
2,245,103
2,245,103
3,245,105
3,250,105
3,250,105
3,250,106
3,250,106
3,250,106
3,250,106
3,250,106
3,250,106
3,250,106
3,250,106
3,250,106
3,253,107
3,253,107
3,253,106
3,253,106
3,253,106
3,253,105
3,250,106
3,250,105
3,250,105
3,250,105
3,250,105
3,250,105
3,250,105
3,250,105
3,250,105
3,253,106
3,253,106
3,255,106
3,255,106
3,255,108
3,255,108
3,253,109
3,253,109
3,253,109
3,253,110
3,253,110
3,250,110
3,253,110
3,253,110
3,253,110
3,253,110
3,253,109
3,253,109
3,253,108
3,253,107
3,250,107
3,250,107
3,250,106
3,250,106
3,250,106
3,250,107
3,253,108
3,253,108
3,255,108
3,255,108
3,255,108
3,255,108
3,255,108
3,255,108
3,255,108
3,255,108
3,255,108
3,255,109
3,253,109
3,253,110
3,253,110
3,253,110
3,253,110
3,253,110
3,253,110
3,253,110
3,253,110
3,253,110
3,253,110
3,253,109
3,253,109
3,253,109
3,253,109
3,253,109
3,253,110
3,250,110
3,250,110
3,250,111
3,250,110
3,253,110
3,253,109
3,253,109
3,253,108
3,250,106
3,250,106
3,250,106
3,248,105
3,248,105
3,248,102
3,247,101
3,247,100
3,250,99
3,250,99
3,250,99
3,250,99
3,250,99
2,250,99
3,247,99
3,247,99
3,250,99
3,247,98
2,245,103
2,245,103
2,245,103
2,245,103
2,245,103
2,245,103
3,248,103
3,248,102
3,248,102
3,250,101
3,250,101
3,250,100
3,250,100
2,247,100
2,247,100
3,250,100
3,250,100
3,250,100
3,250,101
3,250,101
3,248,102
2,245,103
2,245,105
2,245,105
3,250,105
3,250,106
3,250,106
3,250,106
3,250,106
3,250,106
3,250,106
3,250,106
3,250,107
3,250,107
3,253,107
3,253,107
3,253,107
3,253,107
3,253,107
3,250,106
3,250,106
3,250,106
3,250,106
3,250,106
3,250,106
3,250,105
3,250,105
3,250,105
3,250,105
3,250,106
3,250,106
3,253,106
3,255,107
3,255,108
3,255,108
3,255,108
3,253,109
3,253,109
3,253,110
3,253,110
3,253,111
3,253,111
3,253,111
3,253,111
3,253,111
3,253,110
3,253,110
3,253,110
3,253,110
3,250,109
3,250,109
3,248,107
3,248,107
3,248,107
3,250,107
3,250,108
3,253,108
3,255,108
3,255,108
3,255,108
3,255,108
3,255,108
3,255,108
3,255,108
3,255,108
3,255,108
3,255,108
3,253,109
3,253,110
3,253,110
3,253,110
3,253,110
3,253,110
3,253,110
3,253,110
3,253,110
3,253,110
3,253,110
3,253,110
3,253,110
3,253,110
3,253,110
3,253,110
3,253,110
3,253,110
3,250,111
3,250,111
3,250,111
3,250,111
3,253,110
3,253,109
3,253,109
3,253,108
3,253,108
3,250,106
3,250,106
3,248,105
2,245,105
2,245,103
3,248,102
3,247,101
3,247,100
3,250,100
3,250,99
3,250,99
3,250,99
2,250,99
3,247,99
3,247,99
3,247,99
3,247,99
3,250,98
3,250,98
3,248,103
2,245,104
2,245,105
2,245,105
2,245,105
2,245,105
2,245,103
3,248,103
3,248,103
3,248,103
3,248,102
3,250,101
3,250,100
3,250,100
3,250,100
3,250,100
3,250,100
3,250,100
3,250,101
3,250,101
3,248,102
3,248,102
3,248,103
3,248,105
3,248,105
3,250,105
3,250,106
3,250,106
3,250,106
3,250,106
3,250,106
3,250,106
3,250,107
3,253,108
3,253,108
3,253,109
3,253,109
3,253,109
3,253,107
3,250,107
3,250,107
3,250,106
3,250,106
3,250,106
3,250,106
3,250,106
3,250,106
3,250,106
3,250,106
3,250,106
3,250,107
3,253,107
3,255,107
3,255,108
3,255,108
3,255,108
3,255,109
3,253,109
3,253,110
3,253,110
3,253,111
3,253,112
3,253,112
3,253,112
3,253,112
3,253,111
3,253,111
3,253,111
3,253,110
3,250,110
3,250,110
3,250,110
3,248,110
3,248,110
3,248,109
3,250,109
3,250,109
3,253,108
3,255,108
3,255,108
3,255,108
3,255,108
3,255,108
3,255,108
3,255,108
3,255,108
3,255,108
3,255,108
3,253,109
3,253,110
3,253,110
3,253,110
3,250,111
3,250,111
3,250,113
3,250,113
3,250,111
3,250,111
3,250,110
3,253,110
3,253,110
3,253,110
3,253,110
3,253,110
3,253,110
3,253,111
3,250,111
3,250,111
3,250,111
3,250,111
3,250,110
3,253,110
3,253,109
3,253,109
3,253,108
3,250,106
3,250,106
3,250,105
3,248,105
2,245,105
3,248,102
3,248,102
3,247,101
3,247,100
3,247,100
3,247,99
3,250,99
3,250,100
3,250,100
2,247,100
3,250,100
3,250,99
3,250,98
3,250,98
3,250,97
3,250,105
3,248,105
2,245,105
2,245,105
2,245,105
2,245,105
2,245,105
3,245,105
3,245,105
3,245,104
3,248,103
3,248,103
3,250,102
3,250,101
3,250,100
3,250,100
3,250,100
3,250,100
3,250,100
3,250,101
3,248,102
3,248,102
3,248,102
3,248,104
3,248,105
3,250,105
3,250,105
3,250,106
3,250,106
3,250,106
3,250,106
3,250,106
3,250,107
3,253,108
3,253,108
3,253,108
3,253,109
3,253,109
3,253,109
3,253,109
3,250,109
3,248,109
3,248,108
3,250,107
3,250,106
3,250,106
3,250,106
3,250,106
3,250,106
3,250,106
3,253,107
3,253,107
3,253,108
3,255,108
3,255,108
3,255,108
3,255,108
3,255,109
3,255,109
3,253,110
3,253,112
3,253,113
3,253,113
3,253,113
3,253,113
3,253,112
3,253,112
3,253,111
3,253,111
3,250,111
3,250,111
3,250,111
3,250,111
3,250,110
3,248,110
3,248,110
3,250,110
3,250,110
3,253,109
3,253,109
3,255,108
3,255,108
3,255,108
3,255,108
3,255,108
3,255,108
3,255,108
3,255,108
3,253,109
3,253,109
3,253,110
3,253,110
3,253,110
3,250,112
3,250,113
3,250,113
3,250,113
3,250,113
3,250,111
3,250,111
3,253,110
3,253,110
3,253,110
3,253,110
3,253,110
3,253,110
3,253,111
3,250,112
3,250,112
3,250,111
3,250,111
3,250,111
3,253,110
3,253,110
3,253,109
3,253,108
3,250,108
3,250,106
3,250,106
3,250,105
3,248,105
3,248,105
3,248,102
3,248,102
3,247,101
3,247,101
3,247,100
3,247,100
2,247,100
2,247,100
2,247,100
3,250,100
3,250,100
3,250,99
3,250,98
3,250,98
3,247,98
3,250,106
3,250,106
3,250,106
3,250,106
3,250,106
3,250,106
3,250,106
3,250,105
3,250,105
3,250,105
3,250,105
3,250,105
3,250,104
3,250,103
3,250,102
3,250,100
3,250,100
3,250,100
3,250,100
3,250,101
3,248,102
3,248,102
3,248,102
3,248,103
3,248,105
3,250,105
3,250,105
3,250,105
3,250,105
3,250,106
3,253,106
3,253,106
3,250,107
3,253,108
3,253,108
3,253,108
3,253,109
3,253,109
3,253,109
3,253,109
3,250,110
3,250,110
3,248,110
3,248,110
3,250,110
3,250,109
3,250,108
3,250,108
3,253,108
3,253,108
3,253,108
3,253,108
3,253,108
3,255,108
3,255,108
3,255,108
3,255,108
3,255,109
3,255,109
3,255,110
3,255,111
3,255,112
3,255,113
3,253,113
3,253,113
3,253,113
3,253,113
2,250,113
2,250,112
3,250,112
3,250,112
3,250,112
3,250,112
3,250,112
3,250,112
3,250,112
3,250,112
3,250,111
3,250,111
3,250,110
3,253,109
3,255,109
3,255,108
3,255,108
3,255,108
3,255,108
3,255,108
3,255,108
3,255,108
3,253,109
3,253,110
3,253,110
3,253,110
3,253,112
3,250,113
3,250,113
2,248,113
2,248,113
3,250,113
3,250,112
3,250,111
3,253,111
3,253,110
3,253,110
3,253,110
3,253,110
3,253,111
3,253,112
3,250,113
3,250,113
3,250,112
3,250,111
3,250,111
3,253,110
3,253,110
3,253,110
3,253,109
3,250,108
3,250,106
3,250,106
3,250,106
3,250,105
3,250,105
3,248,105
3,248,102
3,248,102
3,248,102
3,248,102
3,247,101
3,247,101
2,247,101
2,247,101
3,250,100
3,250,100
3,250,99
3,250,99
3,250,98
3,247,98
3,247,97
3,250,106
3,250,106
3,250,106
3,250,106
3,250,106
3,250,106
3,250,106
3,250,106
3,250,105
3,250,105
3,250,105
3,250,105
3,250,105
3,250,105
3,250,104
3,250,102
3,250,102
3,250,101
3,250,101
3,248,102
3,248,102
3,248,102
3,248,102
3,248,103
3,248,104
3,248,105
3,250,105
3,250,105
3,250,105
3,250,105
3,253,106
3,253,106
3,253,106
3,250,107
3,253,108
3,253,108
3,253,109
3,253,109
3,253,109
3,253,109
3,253,110
3,250,110
3,250,110
3,250,111
3,248,111
3,248,111
3,250,110
3,250,110
3,250,110
3,253,109
3,253,109
3,253,109
3,253,109
3,253,109
3,253,108
3,255,108
3,255,109
3,255,109
3,255,109
3,255,109
3,255,111
3,255,112
3,255,112
3,255,113
3,253,114
3,251,114
2,251,114
2,251,114
2,250,113
2,250,113
2,250,113
3,250,113
3,250,113
3,250,113
3,250,113
3,250,113
3,250,113
3,250,113
3,250,112
3,250,111
3,250,111
3,253,110
3,253,109
3,255,108
3,255,108
3,255,108
3,255,108
3,255,108
3,255,108
3,255,108
3,253,109
3,253,110
3,253,110
3,253,112
3,253,112
3,250,112
2,248,113
2,248,113
3,248,113
3,248,113
3,250,112
3,250,111
3,250,111
3,253,111
3,253,110
3,253,110
3,253,111
3,253,111
3,250,112
3,250,113
3,250,113
3,250,112
3,250,111
3,250,111
3,250,111
3,253,110
3,253,110
3,250,110
3,250,109
3,250,108
3,250,106
3,250,106
3,250,106
3,250,105
3,250,105
3,250,105
3,248,103
3,248,103
3,248,102
3,248,102
3,248,102
2,247,101
2,247,101
3,250,101
3,250,100
3,250,99
3,250,99
3,250,99
3,247,98
3,247,98
3,247,97
3,250,106
3,250,106
3,250,106
3,250,106
3,250,106
3,250,106
3,250,106
3,250,106
3,250,106
3,250,105
3,250,105
3,250,105
3,250,105
3,250,105
3,250,105
3,250,105
3,250,105
3,250,103
3,250,102
3,250,102
3,248,102
3,248,102
3,248,103
3,248,103
3,248,104
3,250,105
3,250,105
3,250,105
3,250,105
3,250,105
3,253,105
3,253,105
3,253,106
3,253,107
3,250,108
3,253,109
3,253,109
3,253,109
3,253,109
3,253,109
3,253,110
3,253,110
3,250,111
3,250,111
3,250,111
3,250,111
3,250,111
3,250,111
3,250,111
3,253,110
3,253,110
3,253,110
3,253,109
3,253,109
3,253,109
3,253,110
3,253,110
3,255,110
3,255,109
3,255,110
3,255,111
3,255,112
3,255,112
3,255,113
3,255,114
3,253,114
3,251,114
3,251,114
2,251,114
2,251,114
3,251,114
3,251,114
3,250,113
3,250,113
3,250,113
3,250,113
3,250,113
3,250,113
3,250,113
3,250,113
3,250,113
3,250,111
3,253,111
3,253,110
3,255,109
3,255,108
3,255,108
3,255,108
3,255,108
3,255,108
3,255,109
3,253,109
3,253,110
3,253,110
3,253,112
3,253,112
3,250,112
2,248,113
2,248,113
3,248,113
3,248,113
3,250,113
3,250,111
3,250,111
3,253,111
3,253,111
3,255,111
3,255,111
3,253,112
3,253,112
3,250,113
3,250,113
3,250,113
3,250,112
3,250,111
3,250,111
3,250,111
3,250,111
3,250,110
3,250,110
3,250,109
3,250,108
3,250,106
3,250,106
3,250,106
3,250,105
3,250,105
3,250,105
3,248,103
3,248,103
3,245,103
3,245,103
3,248,102
3,250,101
3,250,101
3,250,100
3,250,100
3,250,99
3,250,99
3,247,98
3,250,98
3,250,97
3,250,96
3,250,106
3,250,106
3,250,106
3,250,106
3,250,106
3,250,106
3,250,106
3,250,106
3,250,106
3,250,106
3,250,105
3,250,105
3,250,105
3,250,105
3,250,105
3,250,105
3,250,105
3,250,105
3,250,105
3,250,104
3,250,103
3,250,103
3,248,103
3,248,103
3,248,105
3,250,105
3,250,105
3,250,105
3,250,105
3,250,105
3,250,105
3,253,105
3,253,106
3,253,107
3,248,109
3,246,111
3,246,111
3,250,111
3,250,111
3,250,111
3,253,111
3,253,111
3,250,111
3,250,111
3,250,111
3,250,111
3,250,111
3,250,111
3,250,111
3,250,111
3,253,111
3,253,111
3,253,110
3,253,110
3,253,110
3,253,111
3,253,111
3,253,111
3,253,111
3,255,111
3,255,111
3,255,111
3,255,113
3,255,113
3,255,114
3,255,114
3,253,115
3,251,115
3,251,115
3,251,114
3,251,114
3,251,114
3,251,114
3,251,114
3,251,114
3,250,113
3,250,113
3,251,114
3,251,114
3,250,113
3,250,113
3,250,113
3,250,113
3,250,111
3,253,111
3,253,110
3,255,109
3,255,109
3,255,108
3,255,108
3,255,109
3,255,109
3,253,110
3,253,110
3,253,112
3,253,112
2,250,112
3,250,113
2,248,113
2,248,113
3,248,113
3,248,114
3,248,114
3,250,113
3,250,112
3,253,112
3,253,111
3,253,111
3,255,112
3,253,113
3,253,113
3,250,113
3,250,113
3,250,113
3,250,113
3,250,112
3,250,111
3,250,111
3,250,111
3,250,111
3,250,110
3,250,110
3,250,109
3,250,108
3,250,106
3,250,106
3,250,106
3,250,105
3,250,105
3,250,104
3,248,103
3,245,103
3,245,103
3,245,103
3,248,102
3,250,101
3,250,101
2,247,100
2,247,100
3,247,99
3,247,99
3,247,98
3,250,97
3,247,97
3,247,96
3,250,106
3,250,106
3,250,106
3,250,106
3,250,106
3,250,106
3,250,106
3,250,106
3,250,106
3,250,105
3,250,105
3,250,105
3,250,105
3,250,105
3,250,105
3,250,105
3,250,105
3,250,105
3,250,105
3,250,105
3,250,105
3,250,105
3,250,105
3,250,105
3,250,105
3,250,105
3,250,105
3,250,105
3,250,105
3,250,105
3,250,105
3,253,106
3,253,106
3,253,106
3,250,108
3,248,111
3,246,112
3,246,112
3,248,112
3,250,112
3,250,111
3,250,111
3,250,112
3,250,112
3,250,112
3,250,112
3,250,113
3,250,113
3,250,113
3,250,113
3,250,112
3,253,112
3,253,112
3,253,112
3,253,112
3,253,112
3,253,113
3,253,113
3,253,113
3,253,113
3,255,113
3,255,113
3,255,113
3,255,113
3,255,114
3,255,114
3,253,115
3,253,115
3,251,115
3,251,115
3,251,115
3,251,114
3,251,114
3,251,114
3,251,114
3,251,115
3,251,115
3,251,114
3,251,114
3,251,115
3,251,115
3,251,114
3,251,114
3,250,113
3,250,113
3,250,111
3,250,111
3,253,110
3,255,109
3,255,109
3,255,109
3,255,109
3,255,109
3,253,110
3,253,110
3,253,112
3,253,112
2,250,113
3,250,113
2,248,113
2,248,114
3,248,114
3,248,114
3,248,114
3,251,114
3,253,113
3,253,113
3,255,113
3,255,113
3,255,113
3,255,113
3,255,113
3,253,113
3,250,113
3,250,113
3,250,113
3,250,113
3,250,113
3,250,111
3,250,111
3,250,111
3,250,111
3,250,110
3,250,110
3,250,109
3,250,108
3,250,106
3,250,106
3,250,106
3,250,105
3,250,105
3,248,104
3,245,103
3,245,103
3,245,103
3,245,103
3,248,102
2,247,101
2,247,101
2,247,100
2,247,100
2,247,100
3,247,99
3,250,98
3,247,97
3,247,97
3,247,96
3,250,106
3,250,106
3,250,106
3,250,106
3,250,106
3,250,106
3,250,106
3,250,106
3,250,106
3,250,105
3,250,105
3,250,105
3,250,105
3,250,105
3,250,105
3,250,105
3,250,105
3,250,105
3,250,105
3,250,105
3,250,105
3,250,105
3,253,105
3,250,105
3,250,105
3,250,105
3,250,105
3,250,105
3,250,105
3,250,106
3,250,106
3,253,106
3,253,106
3,253,106
3,253,107
3,250,108
3,248,110
3,248,111
3,248,112
3,248,112
3,250,112
3,250,112
3,250,113
3,250,113
3,250,113
2,250,113
2,250,113
3,250,113
3,250,113
3,250,113
3,250,113
3,250,113
3,253,113
3,253,113
3,253,113
3,253,113
3,253,114
3,253,114
3,253,114
3,253,114
3,253,114
3,253,114
3,255,114
3,255,114
3,255,114
3,255,114
3,255,115
3,253,115
3,253,115
3,253,116
3,253,115
3,253,115
3,253,115
3,253,115
3,253,115
3,253,115
3,253,115
3,253,116
3,253,115
3,253,116
3,253,116
3,253,116
3,251,115
3,251,115
3,251,114
3,250,113
3,250,113
3,250,113
3,250,111
3,253,110
3,255,109
3,255,109
3,255,109
3,253,110
3,253,110
3,253,112
3,250,113
3,250,113
3,250,113
3,250,113
2,248,114
2,248,114
3,248,114
3,248,114
3,248,114
3,251,114
3,253,114
3,253,114
3,253,113
3,255,113
3,255,113
3,255,113
3,255,113
3,255,113
3,250,113
3,250,113
3,250,113
3,250,113
3,250,113
3,250,113
3,250,113
3,250,111
3,250,111
3,250,111
3,250,110
3,250,110
3,250,109
3,250,108
3,250,108
3,250,106
3,250,106
3,250,105
3,248,105
3,248,105
3,245,103
3,245,103
3,245,103
2,245,103
2,245,103
3,248,102
2,247,101
2,247,100
3,247,100
3,250,100
3,250,99
3,247,98
3,247,97
3,247,97
3,247,97
3,250,105
3,250,106
3,253,106
3,253,106
3,250,106
3,250,106
3,250,106
3,250,106
3,250,105
3,250,105
3,250,105
3,250,105
3,250,105
3,250,105
3,250,105
3,250,105
3,250,105
3,250,105
3,250,105
3,250,105
3,250,105
4,255,105
4,255,106
4,255,106
4,255,106
4,255,106
4,255,106
3,253,106
3,250,106
3,250,106
3,250,106
3,253,106
3,253,106
3,255,106
3,253,107
3,253,108
3,253,108
3,253,110
3,253,110
3,250,111
3,250,112
3,250,112
3,250,113
3,250,113
2,250,113
2,250,113
2,250,113
2,251,114
2,251,114
3,251,114
3,251,114
2,251,114
2,251,114
3,253,114
3,253,114
3,253,114
3,253,114
3,253,114
3,253,115
3,253,115
3,253,115
3,253,115
3,253,115
3,253,115
3,255,115
3,255,115
3,253,115
3,253,115
3,253,116
3,253,116
3,253,116
3,253,116
3,253,116
3,253,115
3,253,115
3,253,115
3,253,116
3,253,116
3,253,116
3,253,116
3,253,116
3,253,116
3,253,116
3,251,116
3,251,115
3,251,115
3,251,114
3,251,114
3,251,114
3,250,113
3,253,111
3,253,110
3,255,110
3,253,110
3,253,110
3,253,112
3,250,113
3,250,113
3,250,113
3,250,113
3,251,114
3,251,114
2,248,114
2,248,114
3,248,114
3,248,114
3,253,114
3,253,114
3,253,114
3,253,114
3,253,114
3,255,113
3,255,113
3,255,114
3,255,114
3,255,113
3,255,113
3,250,113
3,250,113
3,250,113
3,250,113
3,250,113
3,250,113
3,250,111
3,250,111
3,250,111
3,250,111
3,250,110
3,250,109
3,250,108
3,253,108
3,250,108
3,250,106
3,248,106
3,248,105
3,245,105
3,245,105
3,245,105
2,245,105
2,245,104
3,248,103
3,248,102
3,247,101
3,247,100
3,247,100
3,250,100
3,247,99
3,247,99
3,247,99
3,247,99
3,247,97
3,250,106
3,250,106
3,253,106
3,253,106
3,253,106
3,250,106
3,250,105
3,250,105
3,250,105
3,250,105
3,250,105
3,250,105
3,250,105
3,250,105
3,250,105
3,250,105
3,250,105
3,250,105
3,250,105
3,250,105
4,255,106
4,255,106
4,255,106
4,255,106
4,255,106
3,255,106
3,255,106
3,255,106
3,255,106
3,255,106
3,253,106
3,253,106
3,255,106
3,255,107
3,255,108
3,253,108
3,253,109
3,253,110
3,253,110
3,253,112
3,253,112
3,253,112
2,250,113
2,250,113
2,250,113
2,251,114
2,251,114
2,251,114
2,251,114
2,251,114
2,251,114
2,251,114
3,253,114
3,253,114
3,253,114
3,253,114
3,253,115
3,253,115
3,251,115
3,251,116
3,251,116
3,251,117
3,253,116
3,253,116
3,253,116
3,253,116
3,253,116
3,253,116
3,253,116
3,253,116
3,253,116
3,253,116
3,253,116
3,253,116
3,253,116
3,253,116
3,253,116
3,253,116
3,253,116
3,253,116
3,253,116
3,253,116
3,253,116
3,251,116
3,251,116
3,251,115
3,251,115
3,251,115
3,251,114
3,251,114
3,253,113
3,253,112
3,253,112
3,253,112
3,253,112
3,253,112
3,250,113
3,250,113
3,250,113
3,250,113
3,251,114
3,251,114
3,251,114
3,251,114
3,248,115
3,251,115
3,253,114
3,253,114
3,253,114
3,253,114
3,253,114
3,255,114
3,255,114
3,255,114
3,255,114
3,255,114
3,255,113
3,255,113
3,250,113
3,250,113
3,250,113
3,250,113
3,250,113
3,250,113
3,250,113
3,250,113
3,250,111
3,250,111
3,250,110
3,253,109
3,253,109
3,253,108
3,250,108
3,248,108
3,248,107
3,248,106
3,248,105
3,248,105
3,245,105
2,245,105
3,248,105
3,248,103
3,248,102
3,248,102
3,247,100
3,247,100
3,247,100
3,247,100
3,247,99
3,247,99
3,247,99
3,250,105
3,250,106
3,250,106
3,253,106
3,253,106
3,253,106
3,250,105
3,250,105
3,250,105
3,250,105
3,250,105
3,250,105
3,250,105
3,250,105
3,250,105
3,250,105
3,250,105
3,250,105
3,250,105
3,250,106
3,253,106
3,255,106
3,255,106
3,255,107
4,255,109
4,255,109
3,255,108
3,255,108
3,255,108
3,255,108
3,255,108
3,255,108
3,255,108
3,255,108
3,255,108
3,255,108
3,255,109
3,253,110
3,253,110
3,253,111
3,253,112
3,253,112
3,253,112
3,253,113
2,251,114
2,251,114
2,251,114
2,251,114
2,251,114
2,251,114
3,253,115
3,253,115
3,255,114
3,255,115
3,255,115
3,255,115
3,255,115
3,253,116
3,253,116
3,253,117
3,251,118
3,251,118
3,251,117
3,251,117
3,253,116
3,253,116
3,253,116
3,253,116
3,253,116
3,253,116
3,253,116
3,251,117
3,253,116
3,253,116
3,253,116
3,253,116
3,253,116
3,253,116
3,253,116
3,253,116
3,251,117
3,251,117
3,251,117
3,253,116
3,253,116
3,253,116
3,253,116
3,253,115
3,251,115
3,253,115
3,253,114
3,253,114
3,253,113
3,253,112
3,253,112
3,253,112
3,253,113
3,250,113
3,250,113
3,250,113
3,250,113
3,251,114
3,251,114
3,251,114
3,251,115
3,251,115
3,253,115
3,253,115
3,253,115
3,253,115
3,253,115
3,253,115
3,253,114
3,255,114
3,255,114
3,255,114
3,255,114
3,255,114
3,255,114
3,255,114
3,255,113
3,253,114
3,253,114
3,253,114
3,253,114
3,253,113
3,250,113
3,250,113
3,253,112
3,253,111
3,253,110
3,253,110
3,253,110
3,253,109
3,250,109
3,250,109
3,248,108
3,248,107
3,248,107
3,248,106
3,248,106
3,248,105
3,248,105
3,248,104
3,250,102
3,250,102
3,250,101
3,247,100
3,247,100
3,247,100
3,247,100
3,247,100
3,247,99
3,250,105
3,250,106
3,250,106
3,250,106
3,253,106
3,253,106
3,250,106
3,250,105
3,250,105
3,250,105
3,250,105
3,250,105
3,250,105
3,250,105
3,250,105
3,250,105
3,250,105
3,250,105
3,250,106
3,253,106
3,253,106
3,255,106
3,255,107
3,255,108
3,255,109
4,255,109
4,255,110
3,255,109
3,255,109
3,255,109
3,255,109
3,255,109
3,253,109
3,253,109
3,255,109
3,255,109
3,255,109
3,255,110
3,255,110
3,253,112
3,253,112
3,253,112
3,253,112
3,253,112
3,253,114
3,253,114
2,251,114
3,253,114
3,253,114
3,253,115
3,253,115
3,253,115
3,253,115
3,255,115
3,255,115
3,255,115
3,255,116
3,253,116
3,253,117
3,253,117
3,251,118
3,251,118
3,251,118
3,251,118
3,251,117
3,253,117
3,253,116
3,253,116
3,253,116
3,253,116
3,253,116
3,251,117
3,251,117
3,251,117
3,251,117
3,253,116
3,253,116
3,253,116
3,251,117
3,251,117
3,251,117
3,251,117
3,251,117
3,251,117
3,253,117
3,253,116
3,253,116
3,253,116
3,253,116
3,253,116
3,253,115
3,253,115
3,253,115
3,253,114
3,253,114
3,253,113
3,253,113
3,250,113
3,250,113
3,250,113
3,250,113
3,250,113
2,250,113
2,251,114
2,251,114
3,251,115
3,251,115
3,253,115
3,253,115
3,253,115
3,253,115
3,253,115
3,253,115
3,253,115
3,253,115
3,253,115
3,255,114
3,255,114
3,255,114
3,255,114
3,255,114
3,255,114
3,253,114
3,253,114
3,253,114
3,253,114
3,253,114
3,253,114
3,251,114
3,253,114
3,253,113
3,253,113
3,253,111
3,253,111
3,253,110
3,250,110
3,250,110
3,250,109
3,250,109
3,250,109
3,250,108
3,250,107
3,250,107
3,248,106
3,248,105
3,248,105
3,250,102
3,250,102
3,250,102
3,250,102
3,248,102
3,248,102
3,248,102
2,245,101
3,245,99
3,248,103
3,248,105
3,248,105
3,250,106
3,250,106
3,250,106
3,250,106
3,250,105
3,250,105
3,250,104
3,248,104
3,248,104
3,250,104
3,250,104
3,250,105
3,250,105
3,250,105
3,250,106
3,250,106
3,250,106
3,253,107
3,253,107
3,253,107
3,255,108
3,255,109
3,255,109
3,255,110
4,255,110
4,255,110
4,255,110
3,253,109
3,255,109
3,255,109
3,253,109
3,255,110
3,255,110
3,255,110
3,255,111
3,255,111
3,253,112
3,253,112
3,253,112
3,253,112
3,253,112
3,253,113
3,253,114
3,253,114
3,253,114
3,253,114
3,253,115
3,253,116
3,253,116
3,253,116
3,253,116
3,255,115
3,255,116
3,255,116
3,255,116
3,253,117
3,253,117
3,253,118
3,253,118
3,251,118
3,251,118
3,251,118
3,251,118
3,253,117
3,253,116
3,253,116
3,253,116
3,253,116
3,253,116
3,251,117
3,251,117
3,251,117
3,251,117
3,253,117
3,253,117
3,253,119
3,251,119
3,251,119
3,251,119
3,251,119
3,251,119
3,251,119
3,253,118
3,253,117
3,253,116
3,253,116
3,253,116
3,253,116
3,253,116
3,253,115
3,253,115
3,253,115
3,253,115
3,253,114
3,253,114
3,251,114
3,251,114
3,250,113
3,250,113
3,253,113
3,253,113
3,253,113
3,253,114
3,253,115
3,253,115
3,253,115
3,253,116
3,253,116
3,253,116
3,253,116
3,253,116
3,253,116
3,253,115
3,253,115
3,253,115
3,255,115
3,255,115
3,255,114
3,255,114
3,255,114
3,253,115
3,253,115
3,253,115
3,253,115
3,253,115
3,253,115
3,253,115
3,253,114
3,253,114
3,253,114
3,253,113
3,253,113
3,253,111
3,250,111
3,250,111
3,250,110
3,253,110
3,253,110
3,253,110
3,253,110
3,250,109
3,250,109
3,248,107
3,248,106
3,250,105
3,250,105
3,250,105
3,250,105
3,250,105
3,248,103
3,248,103
3,245,102
3,245,101
3,247,99
3,248,102
2,245,105
2,245,105
2,245,105
2,245,105
3,250,106
3,250,105
3,250,105
3,248,105
3,248,105
3,248,102
3,248,102
3,248,104
3,248,104
3,250,104
3,250,105
3,250,105
3,250,105
3,250,106
3,250,106
3,253,107
3,253,107
3,253,108
3,253,108
3,255,109
3,255,109
3,255,109
3,255,110
3,255,110
3,255,110
3,253,110
3,253,111
3,253,110
3,253,110
3,253,110
3,253,111
3,253,111
3,253,111
3,253,112
3,253,113
3,253,113
3,250,113
2,250,113
2,250,113
2,250,113
2,251,114
3,253,114
3,253,114
3,253,114
3,253,115
3,253,116
3,253,116
3,253,116
3,253,116
3,253,116
3,255,116
3,255,116
3,255,116
3,255,117
3,255,117
3,255,117
3,253,118
3,253,118
3,253,118
3,253,118
3,251,118
3,253,118
3,253,117
3,253,116
3,253,116
3,253,116
3,253,117
3,251,117
3,251,117
3,251,117
3,251,117
3,251,117
3,253,118
3,253,119
3,253,119
3,251,119
3,251,119
3,251,120
3,251,120
3,251,119
3,251,119
3,253,119
3,253,119
3,253,119
3,253,118
3,253,117
3,253,117
3,253,117
3,253,116
3,253,116
3,253,116
3,253,115
3,251,115
3,251,115
3,251,114
3,251,114
3,250,113
3,253,113
3,253,113
3,253,113
3,253,113
3,253,114
3,253,115
3,253,115
3,253,115
3,253,116
3,253,117
3,253,118
3,253,117
3,255,117
3,255,117
3,255,116
3,253,116
3,253,115
3,253,115
3,253,115
3,253,115
3,253,115
3,253,115
3,253,115
3,253,115
3,255,115
3,253,115
3,253,115
3,253,115
3,253,115
3,253,115
3,253,115
3,253,115
3,253,114
3,253,114
3,253,114
3,253,113
3,253,113
3,253,112
3,253,111
3,253,110
3,253,110
3,253,110
3,250,110
3,250,110
3,248,110
3,248,109
3,248,107
3,250,106
3,250,105
3,250,105
3,250,105
3,248,105
3,245,105
3,245,103
3,245,102
3,245,101
3,245,99
3,250,101
2,245,103
2,245,105
2,245,105
2,245,105
2,245,105
2,245,105
2,245,105
2,245,105
2,245,105
3,248,103
3,248,102
3,248,102
3,248,103
3,248,104
3,248,104
3,250,104
3,250,105
3,250,105
3,250,106
3,250,107
3,250,109
3,253,109
3,253,109
3,253,109
3,253,109
3,255,109
3,255,109
3,255,110
3,253,110
3,255,110
3,253,111
3,253,111
3,253,111
3,253,111
3,253,112
3,253,112
3,253,112
3,255,113
3,253,113
3,253,113
3,250,113
3,250,113
3,250,113
2,250,113
2,251,114
2,251,114
2,251,114
3,253,114
3,255,115
3,255,115
3,253,116
3,253,116
3,253,116
3,253,116
3,253,116
3,255,116
3,255,116
3,255,117
3,255,117
3,255,117
3,255,117
3,253,118
3,253,118
3,253,118
3,253,119
3,253,119
3,253,118
3,253,118
3,253,117
3,253,116
3,251,117
3,253,117
3,253,117
3,253,117
3,253,117
3,255,117
3,255,117
3,255,119
3,253,119
3,253,119
3,253,120
3,253,120
3,253,120
3,251,120
3,251,120
3,251,120
3,253,120
3,253,120
3,253,120
3,253,119
3,253,120
3,253,119
3,253,118
3,253,118
3,253,118
3,253,117
3,253,117
3,251,116
3,251,116
3,251,115
3,251,114
3,253,114
3,253,113
3,253,113
3,253,113
3,253,113
3,253,114
3,253,115
3,253,115
3,253,116
3,253,117
3,253,118
3,253,118
3,253,118
3,253,117
3,255,117
3,255,117
3,253,116
3,253,116
3,253,115
3,253,115
3,253,115
3,253,115
3,253,115
3,253,115
3,253,115
3,253,115
3,253,115
3,253,115
3,253,116
3,253,116
3,253,116
3,251,116
3,251,116
3,253,115
3,253,115
3,253,114
3,253,114
3,253,114
3,253,114
3,253,114
3,253,113
3,253,113
3,253,112
3,253,112
3,250,112
3,248,111
3,248,111
3,250,110
3,250,108
3,250,106
3,250,105
3,250,105
3,250,105
3,250,105
3,245,105
3,245,103
3,245,102
3,245,101
3,247,99
3,250,101
2,245,103
2,245,105
2,245,105
2,245,105
2,245,105
2,245,105
2,245,105
2,245,105
2,245,105
2,245,103
3,248,103
3,248,103
3,248,103
3,248,104
3,248,104
3,250,105
3,250,105
3,250,106
3,250,107
3,250,108
3,250,109
3,253,109
3,253,109
3,253,109
3,253,109
3,253,110
3,253,110
3,253,110
3,253,110
3,253,110
3,253,111
3,253,111
3,253,112
3,253,112
3,253,112
3,253,113
3,253,113
3,253,115
3,253,115
3,253,115
3,250,113
3,250,113
3,250,113
2,251,114
2,251,114
2,251,114
2,251,114
3,253,114
3,255,115
3,255,115
3,253,116
3,253,116
3,253,116
3,253,117
3,253,116
3,255,116
3,255,116
3,255,117
3,255,117
3,255,117
3,255,117
3,255,117
3,255,118
3,255,118
3,253,119
3,253,119
3,251,118
3,251,118
3,251,117
3,251,117
3,251,117
3,253,117
3,253,117
3,253,117
3,253,117
3,255,117
3,255,118
3,255,119
3,253,119
3,253,120
3,253,120
3,253,120
3,253,120
3,253,120
3,253,120
3,253,120
3,253,120
3,253,120
3,253,120
3,253,120
3,253,120
3,253,120
3,253,120
3,253,120
3,253,118
3,253,118
3,253,117
3,251,117
3,251,117
3,251,116
3,251,115
3,253,114
3,253,114
3,253,113
3,253,113
3,253,114
3,255,115
3,255,115
3,253,115
3,253,116
3,253,117
3,253,118
3,253,119
3,253,119
3,253,118
3,255,118
3,255,117
3,253,117
3,253,116
3,253,116
3,253,116
3,253,115
3,253,115
3,253,115
3,253,116
3,253,116
3,253,116
3,253,116
3,253,116
3,253,116
3,251,116
3,251,116
3,251,116
3,251,116
3,251,116
3,253,115
3,253,115
3,253,115
3,253,115
3,253,114
3,255,114
3,253,114
3,253,114
3,253,113
3,253,113
3,250,113
3,250,112
3,248,112
3,248,112
3,250,110
3,250,108
3,250,106
3,250,105
3,250,105
3,250,105
3,248,105
3,245,103
3,245,103
3,245,102
3,245,101
3,250,101
3,248,102
2,245,103
2,245,105
2,245,105
2,245,105
2,245,105
2,245,105
2,245,105
2,245,105
2,245,105
2,245,105
2,245,103
3,248,103
3,248,104
3,248,104
3,248,105
3,250,105
3,250,105
3,250,107
3,250,107
3,250,108
3,250,109
3,253,109
3,253,109
3,253,109
3,253,109
3,253,110
3,253,110
3,255,110
3,253,110
3,255,111
3,253,111
3,253,112
3,253,113
3,253,113
3,253,113
3,253,113
3,253,114
3,253,115
3,253,115
3,251,115
3,251,115
3,251,114
2,251,114
2,251,114
2,251,114
2,251,114
2,251,114
3,253,115
3,255,115
3,255,115
3,253,116
3,253,116
3,253,117
3,253,117
3,253,117
3,255,117
3,255,117
3,255,117
3,255,117
3,255,117
3,255,117
3,255,117
3,255,117
3,255,118
3,253,119
3,253,119
3,251,119
3,251,118
3,251,118
3,251,117
3,251,117
3,253,117
3,253,117
3,253,117
3,255,117
3,255,118
3,255,119
3,255,119
3,255,120
3,253,120
3,253,120
3,253,120
3,253,120
3,253,120
3,253,120
3,253,120
3,253,120
3,253,121
3,253,120
3,253,120
3,253,120
3,253,120
3,253,120
3,253,120
3,253,120
3,253,119
3,251,118
3,251,118
3,251,117
3,251,117
3,253,116
3,253,116
3,253,115
3,255,114
3,255,114
3,255,114
3,255,115
3,255,115
3,255,115
3,253,116
3,253,117
3,253,118
3,253,119
3,253,119
3,253,118
3,255,118
3,255,117
3,255,117
3,255,116
3,253,116
3,253,116
3,251,116
3,253,116
3,253,116
3,253,116
3,253,116
3,253,116
3,253,116
3,253,116
3,253,116
3,253,116
3,251,116
3,251,116
3,251,116
3,253,116
3,253,116
3,253,116
3,253,116
3,253,116
3,255,115
3,255,114
3,255,114
3,255,114
3,255,114
3,255,113
3,253,113
3,250,113
3,250,113
3,250,112
3,253,112
3,253,110
3,253,108
3,253,106
3,250,106
3,250,105
3,250,105
3,248,105
3,245,103
3,245,102
3,245,101
3,245,100
3,250,100
3,247,101
2,245,103
2,245,105
2,245,105
2,245,105
2,245,105
2,245,105
2,245,105
2,245,105
2,245,105
2,245,105
2,245,105
2,245,105
3,248,105
3,248,105
3,248,105
3,248,105
3,250,105
3,250,107
3,250,108
3,250,108
3,253,108
3,253,109
3,253,109
3,253,109
3,253,109
3,253,110
3,253,110
3,255,110
3,255,111
3,255,111
3,255,112
3,253,113
3,253,113
3,253,113
3,253,113
3,253,113
3,253,114
3,253,115
3,253,115
3,253,115
3,251,115
3,251,115
3,251,114
2,251,114
2,251,114
2,251,114
2,251,114
2,251,115
3,253,115
3,253,115
3,255,116
3,253,116
3,253,116
3,253,117
3,253,117
3,253,117
3,255,117
3,255,117
3,255,117
3,255,117
3,255,117
3,255,117
3,253,117
3,253,117
3,253,118
3,253,119
3,253,120
3,253,120
3,251,119
3,251,119
3,251,118
3,253,117
3,253,117
3,253,118
3,253,118
3,255,118
3,255,119
3,255,119
3,255,120
3,255,120
3,253,120
3,253,120
3,253,120
3,253,120
3,253,120
3,253,120
3,253,120
3,253,121
3,253,121
3,253,122
3,253,122
3,253,122
3,251,122
3,253,122
3,253,121
3,253,121
3,253,120
3,251,120
3,251,120
3,251,119
3,251,118
3,251,117
3,253,116
3,253,116
3,255,115
3,255,115
3,255,115
3,255,115
3,255,115
3,255,115
3,255,115
3,253,116
3,253,117
3,253,118
3,253,118
3,253,118
3,253,118
3,255,117
3,255,117
3,255,117
3,255,116
3,253,116
3,251,116
3,251,117
3,253,117
3,253,117
3,253,118
3,253,117
3,253,117
3,253,117
3,253,118
3,251,118
3,251,117
3,251,117
3,251,117
3,251,116
3,253,116
3,253,116
3,253,116
3,253,116
3,253,116
3,253,115
3,253,114
3,253,114
3,255,114
3,255,113
3,255,113
3,255,113
3,253,113
3,253,113
3,253,113
3,253,112
3,253,110
3,253,108
3,253,106
3,250,106
3,250,105
3,250,105
3,245,103
3,245,103
3,245,102
3,245,101
3,245,100
3,250,100
3,248,102
2,245,103
2,245,105
2,245,105
2,245,105
2,245,105
2,245,105
2,245,105
2,245,105
2,245,105
2,245,105
2,245,105
2,245,105
3,250,106
3,248,106
3,250,106
3,248,106
3,250,108
3,250,108
3,250,109
3,250,109
3,253,109
3,253,109
3,253,109
3,253,109
3,253,110
3,253,110
3,253,111
3,253,112
3,253,113
3,253,113
3,255,113
3,253,113
3,253,113
3,253,113
3,253,114
3,253,114
3,253,114
3,253,115
3,253,115
3,253,115
3,253,115
3,251,115
3,251,115
2,251,114
2,251,114
2,251,114
2,251,115
3,253,115
3,253,115
3,253,115
3,255,116
3,253,116
3,253,116
3,253,116
3,255,117
3,253,117
3,253,117
3,253,117
3,253,117
3,253,117
3,253,117
3,253,117
3,253,117
3,253,117
3,253,118
3,253,120
3,253,120
3,253,120
3,253,120
3,253,120
3,253,119
3,253,118
3,253,118
3,253,118
3,253,119
3,255,119
3,255,120
3,255,121
3,255,121
3,255,121
3,253,121
3,253,120
3,253,120
3,253,120
3,253,120
3,253,120
3,253,120
3,253,121
3,253,122
3,253,123
3,253,123
3,251,123
3,251,123
3,253,123
3,253,123
3,253,122
3,253,123
3,253,122
3,251,121
3,251,120
3,251,120
3,251,119
3,253,118
3,253,118
3,255,116
3,255,116
3,255,116
3,255,115
3,255,115
3,255,115
3,255,115
3,255,115
3,253,116
3,253,117
3,253,117
3,253,118
3,253,118
3,253,118
3,253,117
3,255,117
3,255,116
3,255,116
3,251,116
3,251,117
3,253,117
3,253,118
3,253,118
3,253,118
3,253,118
3,253,118
3,251,118
3,251,118
3,251,118
3,251,117
3,251,117
3,251,117
3,253,117
3,253,116
3,253,116
3,253,116
3,253,116
3,253,116
3,253,115
3,253,114
3,255,114
3,255,114
3,255,113
3,255,113
3,255,113
3,253,113
3,253,113
3,253,113
3,253,112
3,253,110
3,253,108
3,253,106
3,250,105
3,250,105
3,250,105
3,248,103
3,245,103
3,245,102
3,245,101
3,250,100
3,248,102
3,248,102
2,245,104
2,245,105
2,245,105
2,245,105
2,245,105
2,245,105
2,245,105
2,245,105
2,245,105
2,245,105
2,245,105
3,250,106
3,250,106
3,250,106
3,250,106
3,248,108
3,250,109
3,250,109
3,250,109
3,250,109
3,250,109
3,253,110
3,253,109
3,253,110
3,253,110
3,253,111
3,253,112
3,253,114
3,253,114
3,255,114
3,255,113
3,255,114
3,255,114
3,253,114
3,253,114
3,253,114
3,253,115
3,253,115
3,253,115
3,253,115
3,253,115
3,251,115
3,251,115
2,251,115
2,251,115
2,251,115
2,251,115
3,253,115
3,253,115
3,253,115
3,255,116
3,255,116
3,255,116
3,255,116
3,255,116
3,253,117
3,253,117
3,253,117
3,253,117
3,253,117
3,253,117
3,251,117
3,251,117
3,251,118
3,251,118
3,251,120
3,253,120
3,253,120
3,253,120
3,253,120
3,253,120
3,253,119
3,253,119
3,253,119
3,255,120
3,253,120
3,253,121
3,253,122
3,255,122
3,255,122
3,255,121
3,253,121
3,253,120
3,253,120
3,253,120
3,253,120
3,253,121
3,253,121
3,253,123
3,253,123
3,251,124
3,251,124
3,251,124
3,251,124
3,253,124
3,253,124
3,253,124
3,253,123
3,253,123
3,251,122
3,251,122
3,251,121
3,253,120
3,253,119
3,253,118
3,253,117
3,255,117
3,255,116
3,255,115
3,255,115
3,255,115
3,255,115
3,255,115
3,253,116
3,253,117
3,253,117
3,253,118
3,253,117
3,255,117
3,255,116
3,255,116
3,255,116
3,255,116
3,253,117
3,253,118
3,253,118
3,253,118
3,253,118
3,253,118
3,253,118
3,251,118
3,251,119
3,251,119
3,251,118
3,251,117
3,251,117
3,251,117
3,251,117
3,251,117
3,253,117
3,253,116
3,253,116
3,253,116
3,253,114
3,253,114
3,255,114
3,255,113
3,255,113
3,255,113
3,253,113
3,253,113
3,253,114
3,253,113
3,253,111
3,253,110
3,253,108
3,250,106
3,250,105
3,250,105
3,250,105
3,250,103
3,250,102
3,248,102
3,247,101
3,250,100
3,247,101
3,248,102
3,248,103
2,245,104
2,245,105
2,245,105
2,245,105
2,245,105
2,245,105
2,245,105
2,245,105
2,245,105
3,248,105
3,250,105
3,250,106
3,250,106
3,250,107
3,250,108
3,250,109
3,250,109
3,250,110
3,250,110
3,250,111
3,250,111
3,250,111
3,253,110
3,253,111
3,253,112
3,253,112
3,253,114
3,253,115
3,253,115
3,255,114
3,255,114
3,255,114
3,255,114
3,255,114
3,253,115
3,253,115
3,253,115
3,253,115
3,253,115
3,253,115
3,253,115
3,251,115
3,251,115
3,251,115
2,251,115
2,251,115
3,253,115
3,253,115
3,253,115
3,253,116
3,253,116
3,255,116
3,255,116
3,255,116
3,255,116
3,253,116
3,253,117
3,253,117
3,253,117
3,253,117
3,251,117
3,251,117
3,251,117
3,251,117
3,251,118
3,251,119
3,253,120
3,253,120
3,253,120
3,253,120
3,253,120
3,253,120
3,253,120
3,253,120
3,253,121
3,253,121
3,253,123
3,253,123
3,255,123
3,255,122
3,255,122
3,253,121
3,253,121
3,253,120
3,253,120
3,253,120
3,253,121
3,253,121
3,253,123
3,253,124
3,253,124
3,253,124
3,253,124
3,253,124
3,253,124
3,253,124
3,253,124
3,253,124
3,253,124
3,253,123
3,253,122
3,253,122
3,253,122
3,251,121
3,253,119
3,253,118
3,253,118
3,255,117
3,255,116
3,255,115
3,255,115
3,255,115
3,253,115
3,253,116
3,253,116
3,253,117
3,253,117
3,253,117
3,255,117
3,255,116
3,255,116
3,255,116
3,255,116
3,255,117
3,253,117
3,253,118
3,253,118
3,253,118
3,253,118
3,253,118
3,253,118
3,253,118
3,253,118
3,253,118
3,253,117
3,253,117
3,253,117
3,251,117
3,251,117
3,251,117
3,253,116
3,253,116
3,253,116
3,253,115
3,253,114
3,253,114
3,255,113
3,255,113
3,255,113
3,255,114
3,253,114
3,253,114
3,253,114
3,253,113
3,253,111
4,255,109
3,253,107
3,253,106
3,250,105
3,250,105
3,250,105
3,250,103
3,248,102
3,248,102
3,247,100
3,250,100
3,247,101
3,248,102
2,245,103
2,245,103
2,245,105
2,245,105
2,245,105
2,245,105
2,245,105
2,245,105
2,245,105
3,248,105
3,248,105
3,250,106
3,250,106
3,250,107
3,250,108
3,250,109
3,250,110
3,250,110
3,250,111
3,250,111
3,250,111
3,250,112
3,250,112
3,253,112
3,253,112
3,253,114
3,253,115
3,251,116
3,251,116
3,253,115
3,255,114
3,255,114
3,255,114
3,255,114
3,253,115
3,253,115
3,253,115
3,253,115
3,253,115
3,253,116
3,251,116
3,251,116
3,251,116
3,251,116
3,251,115
3,251,115
2,251,115
3,253,115
3,253,116
3,253,116
3,253,116
3,253,116
3,253,116
3,255,116
3,255,115
3,255,115
3,255,115
3,253,116
3,253,116
3,253,116
3,253,116
3,253,116
3,253,116
3,253,116
3,253,117
3,251,118
3,251,119
3,253,120
3,253,120
3,253,120
3,253,120
3,253,120
3,253,120
3,253,120
3,253,121
3,253,121
3,253,123
3,253,123
3,253,123
3,253,124
3,253,123
3,253,122
3,253,121
3,253,121
3,253,120
3,253,120
3,253,120
3,253,121
3,253,121
3,253,124
3,253,124
3,253,124
3,253,124
3,253,124
3,253,124
3,253,124
3,253,124
3,253,124
3,253,124
3,253,124
3,253,124
3,251,124
3,251,122
3,251,122
3,251,122
3,251,121
3,253,120
3,253,119
3,255,118
3,255,117
3,255,116
3,255,116
3,255,116
3,253,116
3,253,116
3,253,116
3,253,117
3,253,117
3,253,117
3,255,117
3,255,116
3,255,116
3,255,116
3,255,116
3,255,117
3,253,117
3,255,117
3,255,117
3,255,117
3,253,118
3,253,118
3,253,118
3,251,119
3,251,118
3,253,117
3,253,117
3,253,118
3,251,117
3,251,118
3,251,118
3,251,117
3,251,117
3,251,116
3,253,116
3,253,115
3,253,114
3,253,114
3,255,113
3,255,113
3,255,113
3,255,114
3,253,114
3,253,114
3,253,114
3,253,114
3,253,113
3,253,110
3,253,109
3,253,108
3,250,106
3,250,105
3,250,105
3,250,105
3,250,103
3,250,102
3,247,101
3,247,100
3,247,101
3,248,102
3,248,102
3,248,103
2,245,103
2,245,103
2,245,105
2,245,105
2,245,105
2,245,105
2,245,105
2,245,105
2,248,105
3,248,105
3,250,106
3,250,107
3,250,108
3,250,109
3,250,109
3,250,111
3,250,111
3,250,111
3,250,111
3,250,112
3,250,113
3,251,114
3,253,114
3,251,115
3,251,116
3,251,117
3,251,117
3,251,116
3,251,116
3,253,115
3,253,115
3,253,115
3,253,115
3,253,115
3,253,115
3,253,116
3,253,116
3,253,116
3,253,116
3,251,117
3,253,117
3,251,117
3,251,116
3,251,116
3,253,116
3,253,116
3,253,116
3,253,116
3,253,116
3,253,116
3,253,116
3,253,116
3,253,115
3,253,115
3,253,115
3,253,115
3,253,114
3,253,115
3,253,115
3,253,115
3,253,116
3,253,116
3,253,116
3,253,116
3,251,116
3,251,118
3,251,119
3,253,120
3,253,120
3,253,120
3,253,120
3,253,120
3,253,120
3,253,121
3,253,121
3,253,123
3,253,123
3,253,123
3,253,124
3,253,123
3,253,123
3,253,122
3,253,121
3,253,120
3,253,120
3,253,120
3,253,121
3,255,121
3,253,124
3,253,124
3,253,125
3,253,125
3,253,125
3,253,125
3,253,125
3,253,125
3,253,125
3,253,125
3,253,124
3,253,124
3,251,124
3,251,124
3,251,122
3,251,122
3,251,122
3,251,121
3,253,121
3,253,119
3,253,118
3,255,117
3,255,116
3,253,116
3,253,116
3,253,116
3,253,116
3,251,117
3,251,117
3,253,117
3,253,117
3,255,117
3,255,116
3,255,116
3,255,116
3,255,117
3,255,117
3,255,117
3,255,117
3,255,117
3,255,118
3,253,118
3,253,118
3,253,118
3,253,118
3,255,117
3,255,117
3,253,118
3,253,118
3,253,118
3,251,118
3,253,118
3,253,117
3,253,116
3,253,116
3,253,115
3,253,115
3,255,114
3,255,114
3,255,114
3,255,114
3,255,114
3,253,114
3,253,114
3,253,114
3,253,114
3,253,114
3,253,111
3,253,110
3,253,109
3,253,108
3,250,106
3,250,106
3,250,105
3,250,105
3,250,103
3,248,102
3,247,100
3,247,101
3,247,101
3,248,102
3,248,102
3,245,102
3,245,103
2,245,103
2,245,103
2,245,104
2,245,105
2,245,105
2,245,105
2,245,105
3,248,105
2,248,105
2,248,105
3,250,106
3,250,108
3,250,108
3,250,109
3,250,110
3,250,111
3,250,111
3,250,112
3,253,113
3,253,113
3,253,114
3,253,115
3,253,115
3,251,116
3,251,117
3,251,117
3,251,117
3,251,116
3,253,116
3,253,115
3,253,115
3,253,115
3,253,115
3,253,115
3,253,116
3,251,116
3,251,117
3,251,117
3,253,117
3,251,117
3,253,117
3,253,117
3,253,117
3,253,117
3,253,117
3,253,117
3,253,117
3,253,117
3,253,117
3,253,117
3,253,116
3,253,116
3,253,115
3,253,115
3,253,114
3,253,114
3,253,114
3,253,114
3,253,114
3,253,114
3,253,114
3,253,113
3,253,114
3,253,115
3,251,115
3,251,116
3,253,116
3,253,117
3,253,120
3,253,120
3,253,120
3,253,120
3,253,120
3,253,121
3,253,121
3,253,122
3,253,123
3,253,123
3,253,123
3,253,123
3,253,123
3,253,122
3,253,121
3,253,121
3,253,121
3,255,121
3,255,121
3,255,122
3,255,124
3,253,125
3,253,125
3,253,125
3,253,125
3,253,125
3,253,125
3,253,125
3,253,125
3,253,125
3,251,125
3,253,125
3,251,124
3,251,124
3,251,124
3,251,123
3,251,122
3,251,122
3,251,121
3,253,121
3,253,120
3,253,119
3,253,117
3,253,116
3,253,116
3,253,116
3,251,117
3,251,117
3,251,117
3,251,117
3,253,117
3,255,117
3,255,117
3,255,117
3,255,117
3,255,117
3,255,118
3,255,118
3,255,118
3,255,118
3,253,119
3,253,119
3,253,118
3,253,118
3,255,117
3,255,117
3,255,117
3,253,118
3,253,118
3,253,118
3,253,118
3,253,118
3,253,117
3,253,117
3,253,116
3,253,115
3,253,115
3,253,114
3,255,114
3,255,114
3,255,114
3,255,114
3,253,114
3,253,115
3,253,115
3,253,114
3,253,114
3,253,113
3,253,111
3,253,110
3,253,108
3,253,108
3,250,106
3,250,106
3,250,105
3,250,105
3,250,103
3,248,102
3,245,101
3,248,102
3,248,102
3,245,102
3,245,103
3,245,103
3,245,103
3,245,103
2,245,103
2,245,103
2,245,105
2,245,105
2,245,105
2,245,105
2,248,105
2,248,105
2,248,105
3,250,107
3,253,108
3,253,109
3,253,109
3,250,111
3,250,111
3,250,112
3,250,113
3,253,113
3,253,114
3,253,115
3,253,115
3,253,116
3,251,117
3,251,117
3,251,117
3,251,117
3,251,116
3,253,116
3,253,115
3,253,115
3,253,115
3,253,115
3,253,116
3,251,116
3,251,117
3,251,117
3,251,117
3,251,117
3,251,117
3,253,118
3,253,118
3,253,118
3,255,118
3,255,119
3,253,119
3,253,118
3,253,117
3,253,117
3,253,117
3,253,117
3,253,116
3,251,116
3,251,115
3,253,114
3,253,114
3,253,113
3,255,113
3,255,112
3,255,112
3,253,112
3,253,112
3,253,113
3,253,113
3,253,113
3,253,115
3,253,115
3,253,116
3,253,116
3,253,117
3,253,118
3,253,118
3,253,119
3,253,120
3,253,121
3,253,121
3,253,121
3,253,123
3,253,123
3,253,123
3,253,122
3,253,122
3,253,121
3,253,121
3,253,121
3,255,121
3,255,121
3,255,123
3,255,125
3,253,125
3,253,125
3,253,125
3,253,126
3,251,126
3,251,126
3,251,126
3,251,126
3,251,126
3,251,126
3,251,125
3,251,125
3,251,125
3,251,124
3,251,124
3,251,123
3,251,122
3,251,122
3,251,121
3,253,121
3,253,120
3,253,119
3,253,118
3,253,117
3,253,117
3,251,117
3,251,117
3,253,117
3,253,118
3,253,118
3,255,117
3,255,117
3,255,118
3,255,118
3,255,118
3,255,118
3,255,118
3,255,119
3,253,119
3,253,119
3,253,119
3,253,119
3,253,118
3,255,117
3,255,117
3,255,117
3,253,118
3,253,118
3,253,118
3,253,118
3,253,118
3,253,118
3,253,117
3,253,116
3,253,116
3,253,115
3,255,115
3,255,115
3,255,114
3,255,114
3,253,115
3,253,115
3,253,115
3,253,115
3,253,115
3,253,114
3,253,113
3,253,111
3,253,110
3,253,109
3,253,108
3,253,108
3,255,106
3,255,106
3,250,105
3,250,104
3,248,103
3,245,103
2,245,102
2,245,102
3,245,103
3,245,103
3,245,103
3,245,103
3,245,103
3,248,103
3,248,103
2,245,103
2,245,104
2,245,105
2,245,105
2,245,105
3,248,105
2,248,105
3,250,105
3,253,107
3,253,108
3,253,109
3,253,110
3,253,111
3,253,111
3,253,112
3,253,113
3,253,114
3,255,114
3,253,115
3,253,116
3,251,117
3,251,117
3,251,118
3,251,117
3,251,117
3,253,116
3,253,116
3,253,115
3,253,115
3,253,115
3,253,116
3,253,116
3,253,116
3,251,117
3,253,117
3,251,118
3,253,120
3,253,120
3,253,120
3,253,119
3,253,119
3,255,119
3,253,119
3,253,119
3,253,119
3,253,118
3,253,117
3,253,117
3,251,117
3,251,117
3,251,116
3,251,115
3,251,114
3,253,113
3,253,113
3,255,112
3,255,111
3,255,110
3,255,110
3,255,110
3,255,112
3,253,112
3,253,112
3,253,113
3,253,113
3,253,114
3,255,114
3,255,115
3,255,116
3,253,117
3,253,117
3,253,117
3,253,118
3,253,118
3,253,120
3,253,120
3,255,120
3,255,121
3,253,121
3,253,121
3,253,121
3,253,120
3,253,120
3,255,120
3,255,121
3,255,123
3,255,125
3,253,125
3,253,125
3,253,126
3,251,126
3,251,127
3,251,127
3,251,127
3,251,126
3,251,126
3,251,126
3,251,126
3,251,126
3,251,126
3,251,125
3,251,125
3,251,124
3,251,123
3,251,122
3,251,122
3,251,121
3,253,121
3,253,120
3,253,119
3,253,118
3,253,118
3,253,118
3,253,118
3,253,118
3,253,118
3,253,118
3,255,118
3,255,118
3,255,118
3,255,118
3,255,119
3,253,119
3,253,119
3,253,120
3,253,120
3,251,120
3,251,120
3,251,120
3,253,119
3,253,119
3,255,118
3,255,119
3,253,119
3,253,119
3,253,119
3,253,119
3,253,118
3,253,118
3,253,118
3,253,117
3,253,116
3,253,115
3,255,115
3,255,115
3,255,115
3,253,115
3,253,115
3,253,115
3,253,115
3,253,115
3,253,115
3,253,114
3,253,113
3,253,111
3,253,110
3,250,110
3,253,109
3,253,108
3,255,108
3,255,106
3,253,106
3,250,105
3,250,104
3,245,103
3,238,103
2,245,102
2,245,103
3,245,103
3,245,103
3,245,103
3,245,103
3,248,102
3,248,102
3,248,102
3,248,103
3,248,104
3,248,105
2,245,105
2,245,105
3,248,105
3,248,105
3,250,106
3,253,107
3,253,109
3,253,109
3,253,111
3,253,111
3,253,112
3,253,113
3,253,113
3,255,114
3,255,115
3,253,116
3,253,116
3,251,117
3,251,117
3,251,118
3,251,117
3,251,117
3,253,116
3,253,116
3,253,115
3,253,115
3,253,115
3,253,115
3,253,116
3,253,116
3,253,117
3,253,118
3,251,120
3,253,120
3,253,120
3,253,120
3,253,120
3,253,120
3,255,119
3,255,119
3,253,120
3,255,119
3,255,119
3,255,118
3,253,117
3,253,117
3,251,117
3,251,116
3,251,115
3,251,114
3,250,113
3,253,112
3,253,111
3,253,109
3,253,109
3,253,109
3,253,109
3,253,109
3,253,109
3,253,110
3,253,110
3,255,110
3,255,111
3,255,112
3,255,113
3,255,114
3,255,114
3,253,115
3,253,115
3,253,116
3,253,116
3,253,116
3,255,117
3,255,118
3,255,119
3,253,120
3,253,120
3,253,120
3,253,120
3,253,120
3,255,120
3,255,120
3,255,123
3,253,124
3,253,125
3,253,125
3,253,126
3,251,126
3,251,127
3,251,127
3,251,127
3,251,127
3,251,126
3,251,126
3,251,126
3,251,126
3,251,126
3,251,126
3,251,125
3,251,125
3,251,125
3,251,123
3,251,123
3,251,122
3,253,122
3,253,121
3,253,120
3,253,119
3,253,119
3,253,118
3,253,118
3,253,118
3,253,118
3,253,118
3,255,118
3,255,118
3,255,119
3,253,119
3,253,119
3,251,119
3,251,120
3,251,121
3,251,121
3,251,121
3,251,121
3,251,121
3,253,120
3,253,120
3,253,119
3,253,119
3,253,119
3,253,120
3,253,120
3,253,120
3,253,119
3,253,119
3,253,118
3,253,118
3,253,117
3,255,116
3,255,116
3,255,115
3,253,115
3,253,115
3,253,115
3,253,115
3,253,115
3,253,115
3,253,115
3,253,114
3,253,112
3,253,111
3,250,111
3,250,110
3,253,109
3,253,109
3,255,108
3,255,107
3,255,106
4,255,105
3,250,104
3,248,104
3,243,103
2,245,102
2,245,103
2,245,103
3,245,103
3,245,103
3,245,103
3,245,103
3,245,103
3,248,103
3,248,103
3,248,104
3,248,104
3,248,105
3,248,105
3,248,105
3,248,105
3,248,106
3,250,107
3,253,108
3,253,109
3,253,110
3,253,111
3,253,112
3,253,112
3,253,113
3,253,114
3,255,114
3,255,115
3,253,116
3,253,116
3,251,117
3,251,117
3,251,117
3,251,117
3,253,116
3,253,116
3,253,115
3,255,115
3,255,115
3,255,115
3,255,115
3,253,116
3,253,116
3,253,117
3,253,118
3,253,120
3,253,120
3,253,120
3,253,120
3,253,120
3,253,120
3,253,120
3,253,120
3,253,120
3,255,119
3,255,119
3,255,118
3,255,117
3,253,117
3,253,117
3,251,116
3,251,116
3,251,114
3,250,113
3,253,112
3,253,110
3,253,109
3,253,109
3,253,108
3,253,108
3,253,108
3,253,108
3,253,108
3,255,108
3,255,108
3,255,110
3,255,110
3,255,111
3,255,112
3,255,113
3,255,114
3,253,114
3,253,114
3,253,114
3,253,114
3,255,115
3,255,116
3,255,117
3,253,118
3,253,119
3,251,119
3,251,119
3,253,119
3,253,119
3,255,119
3,255,120
3,253,123
3,253,124
3,253,125
3,253,125
3,251,126
3,251,126
3,251,126
3,251,126
3,251,126
3,251,126
3,251,126
3,251,126
3,251,126
3,251,126
3,251,126
3,251,126
3,251,125
3,253,125
3,251,125
3,253,124
3,253,123
3,253,123
3,253,123
3,253,121
3,253,120
3,253,119
3,253,119
3,253,118
3,253,118
3,255,118
3,255,118
3,255,118
3,255,119
3,253,119
3,253,119
3,253,119
3,251,120
3,251,121
3,251,121
3,251,121
3,251,121
3,251,121
3,251,121
3,253,121
3,253,121
3,253,121
3,253,121
3,253,121
3,253,121
3,253,121
3,251,121
4,253,121
4,253,120
3,253,119
3,253,118
3,253,117
3,255,116
3,255,116
3,255,115
3,253,115
3,253,115
3,253,115
3,253,115
3,253,115
3,253,115
3,253,115
3,253,113
3,253,112
3,250,111
3,250,111
3,250,110
3,250,110
3,253,109
3,253,109
3,255,108
3,255,106
4,255,106
3,253,105
3,250,104
3,248,103
3,243,103
2,245,103
2,245,104
2,245,104
2,245,104
3,245,103
3,245,103
3,245,103
3,245,103
3,248,103
3,248,103
3,248,104
3,250,105
3,250,105
3,250,105
3,250,105
3,250,106
3,250,107
3,253,107
3,253,109
3,253,109
3,253,110
3,253,112
3,253,112
3,253,113
3,253,113
3,253,114
3,255,114
3,253,115
3,253,116
3,253,116
3,253,116
3,253,116
3,251,117
3,251,116
3,253,116
3,253,116
3,253,115
3,255,115
3,255,115
3,255,115
3,255,115
3,255,115
3,253,116
3,253,116
3,253,119
3,253,120
3,253,120
3,251,120
3,251,121
3,251,121
3,253,121
3,253,121
3,253,120
3,253,120
3,253,120
3,255,119
3,255,118
3,255,118
3,253,117
3,251,117
3,251,116
3,251,116
3,251,114
3,250,113
3,253,112
3,253,110
3,253,109
3,253,108
3,250,108
3,253,108
3,253,107
3,253,106
3,253,106
3,253,106
3,255,108
3,255,108
3,255,110
3,255,110
3,255,112
3,255,112
3,253,113
3,253,113
3,253,113
3,253,113
3,255,113
3,255,114
3,255,115
3,255,115
3,253,116
3,253,117
3,251,117
3,251,117
2,251,117
3,253,116
3,253,117
3,255,118
3,253,120
3,253,123
3,253,124
3,253,125
3,253,125
3,251,126
3,251,126
3,251,126
3,251,126
3,251,126
3,251,126
3,251,126
3,251,126
3,251,126
3,251,126
3,251,126
3,251,126
3,253,125
3,253,125
3,253,125
3,253,124
3,251,124
3,251,124
3,251,123
3,253,121
3,253,120
3,253,119
3,253,118
3,255,118
3,255,118
3,255,118
3,255,119
3,255,119
3,253,119
3,253,119
3,253,119
3,251,119
3,251,120
3,251,121
3,251,122
3,251,121
3,251,121
3,251,121
3,251,122
3,253,122
3,253,122
3,253,122
3,253,122
3,253,122
3,253,122
3,253,121
4,253,121
4,253,121
3,253,120
3,253,119
4,255,118
3,255,117
3,255,116
3,255,116
3,253,115
3,253,115
3,253,115
3,253,115
3,253,115
3,253,115
3,253,115
3,253,113
3,253,112
3,250,111
3,250,111
3,250,111
3,250,110
3,250,110
3,253,109
4,255,109
4,255,108
4,255,106
3,253,105
3,250,104
3,250,103
3,248,102
2,245,103
2,245,104
2,245,104
2,245,104
2,245,104
3,245,103
3,245,103
3,245,103
3,248,103
3,248,103
3,250,104
3,250,105
3,250,105
3,250,105
3,250,105
3,250,106
3,250,106
3,253,107
3,253,108
3,253,109
3,253,110
3,253,111
3,253,112
3,253,112
2,250,113
3,253,114
3,253,114
3,255,114
3,255,115
3,255,115
3,255,115
3,253,116
3,253,116
3,253,116
3,253,116
3,253,116
3,253,115
3,253,115
3,253,115
3,255,115
3,255,115
3,255,115
3,255,115
3,255,115
3,253,116
3,253,118
3,253,119
3,251,120
3,251,120
3,251,121
3,251,122
3,251,122
3,253,121
3,253,121
3,253,121
3,253,120
3,253,120
3,255,119
3,255,118
3,253,118
3,251,117
3,251,117
3,251,116
3,251,115
3,251,114
3,253,112
3,250,110
3,250,109
3,250,109
3,250,108
3,250,107
3,253,106
3,253,106
3,253,105
3,253,105
3,253,106
3,253,108
3,253,110
3,253,110
3,253,111
3,253,112
3,253,112
3,253,112
3,253,112
3,253,113
3,255,113
3,255,114
3,255,114
3,255,115
3,255,115
3,253,115
3,251,115
3,251,115
2,251,115
2,251,114
3,253,114
3,253,114
3,253,118
3,253,119
3,253,121
3,253,123
3,253,125
3,251,125
3,251,126
3,251,126
3,251,126
3,251,126
3,251,126
3,251,126
3,251,127
3,251,127
3,251,127
3,251,126
3,253,126
3,253,126
3,253,126
3,253,125
3,253,125
3,251,125
3,249,126
3,251,125
3,249,124
3,251,122
3,253,121
3,253,120
3,255,120
3,255,119
3,255,119
3,255,119
3,253,120
3,253,119
3,253,119
3,253,119
3,251,119
3,253,119
3,253,120
3,251,121
3,253,121
3,253,122
3,251,122
3,251,122
3,253,122
3,253,122
3,253,123
3,253,122
3,253,122
3,253,122
3,253,122
3,253,122
4,253,121
3,253,121
3,253,120
3,253,119
3,253,118
3,255,117
3,253,116
3,253,116
3,253,115
3,253,115
3,253,115
3,253,115
3,253,115
3,253,115
3,253,113
3,253,113
3,250,112
3,250,111
3,250,111
3,250,111
3,250,110
3,253,110
3,253,109
4,255,109
4,255,107
3,253,106
3,250,104
3,250,103
3,248,102
3,247,100
2,245,103
2,245,104
2,245,104
3,248,105
2,245,105
2,245,105
3,245,104
3,248,103
3,250,103
3,250,104
3,250,104
3,250,105
3,250,105
3,250,105
3,250,106
3,250,106
3,253,107
3,253,108
3,255,109
3,253,109
3,253,111
3,253,112
3,253,112
2,250,113
2,250,113
2,251,114
2,251,114
3,253,114
3,255,115
3,255,115
3,255,115
3,255,115
3,255,115
3,253,115
3,253,115
3,251,115
3,251,115
2,251,115
2,251,115
3,253,114
3,255,114
3,255,114
3,255,115
3,255,115
3,255,115
3,253,118
3,253,119
3,251,120
3,251,120
3,251,122
3,251,122
3,251,122
3,251,122
3,251,121
3,253,121
3,253,121
3,253,121
3,253,120
3,253,119
3,253,118
3,251,117
3,253,117
3,251,116
3,251,115
3,253,114
3,253,113
3,250,112
3,250,110
3,250,109
3,250,108
3,250,107
3,250,106
3,250,106
3,253,105
3,253,105
3,253,106
3,250,108
3,253,110
3,253,110
3,253,111
3,253,112
3,253,112
3,253,112
3,253,112
3,253,113
3,255,113
3,255,114
3,255,115
3,255,115
3,255,115
3,253,115
3,251,114
3,251,114
3,250,113
2,250,112
2,250,112
3,253,112
3,253,114
3,255,117
3,255,119
3,253,121
3,253,122
3,253,124
3,251,125
3,251,125
3,251,126
3,251,126
3,251,126
3,251,127
3,249,127
3,251,127
3,251,127
3,251,127
3,253,126
3,253,126
3,253,126
3,253,126
3,253,126
3,251,126
3,249,127
3,249,127
3,247,127
3,247,125
3,251,122
3,253,121
3,255,120
3,255,120
3,255,120
3,255,120
3,253,120
3,253,120
3,253,120
3,253,119
3,253,119
3,253,119
3,255,120
3,253,121
3,253,121
3,253,122
3,253,122
3,251,123
3,253,124
3,253,124
3,253,125
3,253,124
3,253,124
3,253,123
3,253,122
3,253,122
3,253,122
3,253,121
3,253,121
3,253,120
3,253,119
4,255,118
3,253,117
3,253,117
3,253,116
3,253,116
3,253,115
3,253,115
3,253,115
3,253,115
3,253,113
3,253,113
3,250,113
3,250,112
3,248,112
3,248,112
3,250,111
3,250,111
3,253,110
4,255,109
4,255,109
3,253,106
3,250,105
3,250,103
3,248,102
3,247,100
2,245,103
2,245,103
2,245,104
2,245,104
3,248,105
2,245,105
2,245,105
3,248,105
3,250,105
3,250,104
3,250,104
3,250,105
3,250,105
3,250,105
3,250,105
3,250,106
3,253,107
3,255,108
3,255,109
3,255,109
3,255,109
3,253,111
3,253,112
3,250,113
3,250,113
3,250,113
3,251,114
2,251,114
3,253,114
3,255,114
3,255,115
3,255,115
3,255,115
3,255,115
3,255,115
3,255,115
3,253,115
3,251,115
2,251,115
2,251,114
2,251,114
3,253,114
3,255,114
3,255,114
3,255,115
3,255,115
3,253,118
3,253,119
3,251,120
3,251,120
3,251,122
3,251,122
3,251,122
3,251,122
3,253,121
3,253,121
3,251,121
3,251,121
3,251,121
3,253,120
3,253,119
3,253,117
3,253,117
3,253,116
3,253,115
3,253,114
3,253,114
3,250,112
3,250,110
3,250,109
3,250,109
3,250,108
3,250,108
3,250,107
3,253,105
3,253,106
3,253,108
3,250,109
3,250,110
3,250,111
3,250,112
3,253,112
3,253,112
3,253,112
3,253,113
3,253,113
3,255,113
3,255,115
3,255,115
3,255,115
3,255,115
3,253,115
3,251,114
2,248,113
2,248,112
3,250,111
3,250,110
3,253,109
3,253,111
3,255,113
3,255,117
3,255,119
3,255,120
3,253,122
3,251,124
3,251,125
3,251,125
3,251,126
3,251,126
3,251,127
3,249,127
3,251,127
3,251,127
3,251,127
3,251,127
3,253,127
3,253,127
3,253,127
3,253,127
3,251,127
3,249,127
3,247,127
3,247,127
3,247,126
3,251,125
3,253,122
3,253,121
3,253,121
3,253,121
3,253,121
3,253,121
3,253,121
3,253,120
3,253,120
3,253,119
3,253,119
3,255,120
3,253,121
3,253,121
3,253,122
3,253,123
3,251,125
3,251,125
3,251,125
3,253,125
3,253,125
3,253,124
3,253,124
3,253,124
3,253,123
3,253,122
3,253,122
3,253,121
3,253,120
3,253,120
3,253,118
3,253,118
3,253,117
3,253,117
3,253,116
3,253,116
3,253,115
3,253,115
3,253,115
3,253,115
3,253,113
3,250,113
3,250,113
3,248,113
3,246,113
3,248,113
3,250,111
3,253,111
3,253,110
3,253,109
3,253,108
3,250,106
3,250,104
3,248,102
3,247,101
3,245,100
2,245,103
2,245,103
3,248,104
3,248,105
3,248,105
3,248,105
3,248,105
3,250,105
3,250,105
3,250,105
3,250,105
3,250,105
3,250,105
3,250,105
3,250,106
3,253,107
3,253,108
3,255,108
3,255,109
3,255,109
3,255,111
3,255,111
3,253,112
2,250,113
2,250,113
3,250,113
2,251,114
2,251,114
2,251,114
3,253,114
3,255,114
3,255,114
3,255,114
3,255,114
3,255,115
3,253,115
3,251,115
3,251,115
3,251,115
2,251,114
2,251,114
2,253,114
2,253,114
3,255,114
3,255,114
3,255,115
3,253,118
3,253,118
3,251,120
3,251,120
3,251,122
3,251,122
3,251,122
3,251,122
3,253,121
3,251,121
3,251,121
3,251,121
3,251,121
3,251,121
3,251,120
3,251,118
3,253,117
3,253,116
3,253,115
3,253,114
3,253,114
3,250,112
3,250,111
3,250,110
3,250,109
3,250,109
3,250,108
3,250,108
3,253,108
3,253,108
3,253,109
3,253,111
3,253,112
3,250,112
3,250,112
3,253,112
3,253,113
3,253,113
3,253,113
3,253,114
3,255,115
3,255,115
3,255,115
3,255,115
3,255,115
3,253,114
3,251,114
3,248,113
3,248,111
3,248,110
3,250,108
3,250,107
3,253,108
3,253,109
3,253,112
3,255,114
3,255,119
3,253,120
3,253,122
3,253,124
3,253,125
3,251,125
3,251,126
3,251,127
3,249,127
3,251,127
3,251,127
3,251,127
3,251,127
3,253,127
3,253,127
3,253,127
3,253,127
3,251,127
3,251,127
3,249,127
3,247,127
3,249,125
3,251,124
3,251,122
3,253,121
3,253,121
3,253,121
3,253,121
3,253,121
3,253,121
3,253,121
3,253,120
3,253,120
3,253,120
3,255,121
3,253,121
3,253,122
3,253,123
3,253,125
3,251,125
3,251,126
3,251,126
3,251,126
3,253,125
3,253,125
3,253,124
3,253,124
3,253,123
3,253,122
3,253,122
3,253,122
3,253,121
3,253,120
3,253,120
3,253,118
3,253,118
3,253,117
3,253,117
3,253,116
3,253,116
3,253,116
3,253,115
3,253,115
3,253,113
3,250,113
3,251,114
3,246,114
3,246,114
3,246,114
3,250,113
3,250,111
3,253,111
3,253,110
3,253,109
3,250,106
3,250,106
3,248,104
3,248,102
3,245,101
2,245,102
2,245,103
2,245,104
2,245,105
2,245,105
3,248,105
3,250,105
3,250,105
3,250,105
3,250,105
3,250,105
3,253,105
3,253,105
3,253,105
3,253,106
3,253,106
3,253,108
3,253,109
3,253,110
3,253,110
3,255,110
3,255,111
3,255,111
3,253,112
3,253,113
2,250,113
2,251,114
2,251,114
2,251,114
2,251,114
2,251,114
3,253,114
3,255,114
3,255,114
3,255,114
3,255,115
3,255,115
3,253,115
3,251,115
3,251,115
2,251,114
2,251,114
3,253,114
2,253,114
2,253,113
3,255,114
3,253,115
3,253,117
3,253,118
3,253,120
3,251,121
3,251,122
3,251,122
3,253,122
3,253,122
3,253,121
3,251,121
3,251,121
3,251,121
3,251,121
3,251,121
3,251,119
3,253,118
3,253,117
3,253,115
3,255,115
3,255,114
3,255,113
3,253,112
3,250,111
3,250,110
3,250,110
3,250,109
3,250,109
3,250,109
3,253,109
3,253,110
3,253,111
3,253,112
3,253,112
3,250,113
3,251,114
3,253,114
3,253,115
3,253,115
3,253,115
3,253,116
3,253,117
3,255,117
3,255,117
3,255,116
3,253,116
3,253,115
3,251,114
3,248,113
3,248,111
3,248,108
3,248,107
3,250,106
3,250,105
3,253,105
3,253,109
3,253,112
3,253,114
3,253,117
3,253,120
3,253,122
3,253,124
3,253,125
3,251,126
3,251,127
3,251,127
3,251,127
3,251,127
3,251,127
3,251,127
3,253,127
3,253,127
3,253,127
3,253,127
3,253,127
3,251,127
3,251,127
3,251,126
3,251,125
3,251,124
3,251,122
3,253,121
3,253,121
3,253,121
3,253,121
3,253,122
3,253,122
3,253,121
3,253,121
3,253,121
3,253,121
3,253,121
3,253,122
3,253,122
3,253,124
3,253,125
3,251,127
3,249,128
3,249,129
3,249,129
3,251,127
3,253,126
3,253,125
3,253,124
3,253,123
3,253,122
3,253,122
3,253,122
3,253,122
3,253,121
3,253,120
3,253,119
3,253,119
3,253,118
3,253,118
3,253,117
3,253,117
3,253,116
3,253,115
3,253,115
3,253,114
3,253,114
3,251,114
3,248,114
3,248,114
3,248,114
3,250,113
3,250,111
3,250,111
3,253,110
3,250,109
3,250,108
3,250,106
3,250,105
3,248,103
3,248,102
3,247,100
2,245,102
2,245,103
2,245,105
2,245,105
2,245,105
3,248,105
3,250,106
3,250,106
3,250,106
3,250,106
3,253,106
3,253,106
3,253,106
3,253,106
3,253,106
3,253,108
3,253,109
3,253,110
3,253,110
3,253,110
3,253,111
3,255,111
3,255,112
3,255,112
3,253,113
2,250,113
2,251,114
2,251,114
2,251,114
2,251,114
3,251,115
3,251,114
3,253,115
3,255,115
3,255,115
3,255,115
3,253,116
3,253,116
3,253,116
3,251,116
3,251,115
3,253,114
3,253,114
2,253,113
2,253,113
2,253,113
2,253,114
3,253,115
3,253,118
3,253,120
3,253,121
3,253,121
3,253,121
3,253,121
3,253,121
3,253,121
3,253,121
3,251,121
3,251,121
3,251,121
3,251,120
3,253,119
3,253,117
3,253,116
3,255,115
3,255,114
3,255,114
3,255,113
3,255,112
3,253,112
2,250,111
2,250,111
3,250,111
3,250,111
2,250,111
3,253,111
3,253,111
3,253,112
3,253,113
3,253,114
3,251,115
3,251,116
3,251,116
3,253,116
3,253,117
3,253,117
3,253,119
3,253,120
3,253,120
3,253,120
3,253,119
3,253,119
3,253,116
3,251,116
3,248,114
3,248,111
3,246,110
3,248,106
3,248,106
3,250,105
3,250,105
3,250,105
3,253,107
3,253,111
3,255,112
3,255,116
3,253,120
3,253,122
3,253,124
3,253,125
3,251,127
3,251,127
3,251,127
3,251,127
3,251,127
3,251,127
3,253,128
3,253,128
3,253,128
3,253,127
3,253,127
3,251,126
3,251,126
3,251,126
3,251,125
3,251,124
3,251,124
3,253,122
3,253,122
3,253,122
3,253,122
3,253,122
3,253,122
3,253,122
3,253,122
3,253,122
3,253,122
3,253,122
3,253,122
3,253,124
3,253,125
3,253,126
3,251,128
3,249,130
3,249,130
3,249,133
3,249,130
3,253,127
3,253,125
3,255,124
3,253,123
3,253,122
3,253,122
3,253,122
3,253,122
3,253,121
3,253,120
3,253,120
3,253,120
3,253,118
3,253,118
3,253,118
3,253,117
3,253,117
3,253,116
3,253,115
3,253,115
3,253,114
3,253,114
3,251,114
3,251,114
3,251,114
3,250,113
3,250,111
3,250,111
3,253,110
3,250,109
3,250,108
3,253,106
3,250,106
3,250,105
3,248,103
3,247,101
2,245,101
2,245,103
2,245,103
2,245,105
2,245,105
2,245,106
3,248,106
3,248,106
3,250,106
3,250,106
3,253,106
3,253,106
3,253,106
3,253,106
3,253,106
3,253,108
3,253,109
3,253,109
3,253,110
3,250,110
3,253,110
3,253,111
3,255,111
3,255,112
3,255,113
3,253,113
2,250,113
2,251,114
2,251,114
2,251,114
2,251,114
3,251,115
3,251,115
3,251,115
3,253,115
3,253,116
3,253,116
3,253,116
3,253,117
3,253,117
3,251,116
3,251,116
3,253,114
3,253,113
2,253,113
2,253,113
2,253,113
2,253,114
3,253,115
3,253,117
3,253,120
3,253,121
3,253,122
3,253,122
3,253,121
3,253,121
3,253,121
3,253,121
3,253,121
3,251,121
3,253,120
3,253,119
3,253,118
3,253,116
3,255,115
3,255,115
3,255,114
3,255,114
3,255,113
3,255,113
3,253,112
2,250,112
2,250,112
3,250,113
3,250,113
3,250,113
3,253,113
3,253,113
3,253,115
3,253,116
3,251,118
3,251,119
3,251,120
3,251,120
3,251,120
3,251,121
3,253,121
3,253,122
3,253,122
3,253,122
3,253,122
3,253,121
3,253,121
3,251,119
3,251,117
3,248,116
2,246,114
3,246,111
3,248,109
3,248,106
3,248,105
3,248,105
3,250,105
3,250,105
3,253,107
3,255,109
3,255,112
3,255,116
3,255,120
3,253,124
3,253,125
3,253,126
3,253,127
3,251,127
3,251,127
3,251,128
3,253,128
3,253,128
3,253,128
3,253,128
3,253,128
3,253,127
3,251,126
3,251,126
3,251,125
3,251,124
3,251,124
3,251,124
3,253,122
3,253,122
3,253,122
3,253,123
3,253,123
3,253,123
3,253,123
3,253,123
3,253,123
3,253,122
3,253,124
3,253,124
3,253,124
3,253,125
3,253,128
3,253,130
3,249,130
3,247,134
3,245,134
3,247,134
3,251,130
3,253,126
3,253,124
3,253,124
3,253,122
3,253,122
3,253,122
3,253,122
3,253,121
3,253,121
3,253,120
3,253,120
3,253,119
3,253,119
3,253,118
3,253,118
3,253,118
3,253,117
3,253,115
3,253,115
3,253,114
3,253,114
3,253,114
3,251,114
3,251,114
3,250,113
3,250,111
3,250,110
3,253,110
3,253,109
3,253,108
3,253,106
3,253,106
3,250,105
3,250,105
3,250,101
3,247,100
3,245,102
2,245,103
2,245,105
2,245,105
2,245,106
2,245,106
2,245,106
3,248,106
3,250,107
3,250,107
3,253,107
3,253,106
3,255,107
3,253,107
3,253,107
3,253,109
3,253,109
3,253,110
3,250,110
3,250,110
3,250,111
3,253,111
3,253,112
3,255,113
3,255,113
3,253,113
2,250,113
2,251,114
2,251,114
2,251,114
2,251,114
3,251,115
3,251,115
3,251,115
3,253,116
3,253,116
3,253,117
3,253,117
3,253,117
3,253,117
3,253,117
3,251,116
2,251,115
3,253,114
3,253,113
2,253,113
2,253,113
2,253,113
3,253,115
3,253,117
3,253,121
3,251,121
3,253,122
3,253,122
3,253,121
3,253,121
3,253,121
3,253,121
3,253,121
3,253,120
3,253,119
3,253,118
3,253,116
3,255,115
3,255,115
3,255,115
3,255,114
3,255,114
3,255,113
3,255,113
3,253,113
3,253,113
3,250,113
3,251,114
3,251,114
3,251,115
3,251,115
3,251,117
3,251,119
3,251,120
3,251,121
3,251,122
3,251,122
3,251,122
3,253,122
3,253,122
3,253,123
3,253,124
3,253,124
3,253,124
3,253,124
3,253,124
3,253,122
3,251,121
3,251,120
3,249,118
3,248,116
3,248,114
3,248,111
3,248,110
3,248,106
3,248,105
3,248,105
3,250,105
3,253,105
3,253,107
3,255,109
3,255,112
3,255,116
3,255,121
3,253,124
3,253,125
3,253,127
3,253,127
3,253,128
3,253,128
3,253,128
3,253,128
3,253,128
3,253,128
3,253,128
3,253,127
3,251,127
3,251,126
3,251,126
3,251,125
3,251,124
3,251,124
3,253,124
3,253,124
3,253,124
3,253,124
3,253,124
3,253,124
3,253,124
3,253,124
3,253,124
3,253,124
3,253,124
3,253,124
3,253,125
3,253,126
3,253,128
3,253,130
3,253,131
3,249,134
3,246,135
3,246,135
3,247,133
3,251,128
3,253,125
3,253,124
3,253,122
3,253,122
3,253,122
3,253,122
3,253,122
3,253,121
3,253,121
3,253,121
3,253,120
3,253,119
3,253,118
3,253,118
3,253,118
3,253,117
3,253,116
3,253,115
3,253,114
3,255,114
3,253,114
3,253,113
3,253,113
3,253,112
3,250,111
3,250,110
3,250,110
3,253,110
3,253,108
3,253,107
3,253,106
3,253,106
3,250,105
3,250,103
3,250,101
3,245,103
2,245,103
2,245,105
2,245,106
2,245,106
2,245,106
2,245,106
3,245,107
3,248,107
3,250,107
3,253,107
3,253,106
3,255,107
3,253,107
3,253,108
3,253,109
3,253,109
3,253,110
3,250,111
3,250,111
3,250,113
3,253,113
3,253,113
3,253,113
3,253,113
3,253,113
3,250,113
3,250,113
3,250,113
3,251,114
3,251,114
3,251,115
3,253,115
3,253,115
3,253,116
3,253,116
3,253,117
3,253,117
3,253,117
3,253,117
3,253,117
3,251,117
3,251,116
2,251,114
3,253,113
2,253,113
2,253,113
2,253,113
3,253,115
3,253,117
3,251,121
3,251,121
3,253,122
3,253,122
3,253,121
3,253,121
3,253,121
3,253,121
3,253,120
3,253,119
3,253,118
3,253,116
3,253,116
3,255,115
3,255,115
3,255,114
3,255,114
3,255,114
3,255,114
3,255,114
3,253,114
3,253,114
3,251,115
3,251,115
3,251,117
3,251,118
3,251,120
3,251,120
3,251,122
3,251,122
3,251,122
3,251,122
3,251,123
3,251,124
3,253,124
3,253,124
3,253,124
3,253,124
3,253,124
3,253,124
3,253,124
3,253,124
3,253,124
3,251,124
3,251,122
3,251,121
3,249,118
3,248,116
3,248,115
3,248,112
3,248,111
3,248,109
3,250,106
3,250,105
3,253,105
3,253,105
3,253,107
3,255,109
3,253,114
3,253,117
3,253,121
3,253,124
3,251,126
3,251,127
3,251,128
3,253,128
3,253,128
3,253,128
3,253,128
3,253,128
3,253,128
3,253,128
3,251,127
3,251,127
3,251,126
3,251,125
3,251,125
3,251,124
3,253,124
3,253,124
3,253,124
3,253,124
3,253,124
3,253,124
3,253,125
3,253,125
3,253,124
3,253,124
3,253,125
3,253,125
3,253,125
3,253,127
3,253,128
3,253,130
3,253,130
3,251,133
3,247,134
3,245,134
3,247,133
3,247,132
3,251,125
3,253,124
3,253,124
3,253,122
3,253,122
3,253,122
3,253,122
3,253,121
3,253,121
3,253,121
3,253,120
3,253,120
3,253,119
3,253,118
3,253,118
3,253,117
3,253,116
3,253,115
3,253,114
3,255,114
3,255,113
3,253,113
3,253,112
3,253,112
3,250,111
3,250,110
3,250,110
3,250,110
3,253,108
3,253,107
3,253,107
3,253,106
3,250,105
3,250,103
3,250,101
3,245,102
3,245,103
2,245,105
2,245,105
2,245,106
2,245,106
2,245,106
3,245,106
3,245,107
3,248,107
3,248,106
3,253,107
3,255,106
3,255,107
3,253,107
3,253,109
3,253,109
3,253,109
3,250,111
3,250,111
3,250,113
3,250,113
3,253,113
3,253,113
3,253,113
3,253,113
3,253,113
3,253,113
3,250,113
3,250,113
3,253,113
3,253,114
3,253,115
3,255,115
3,253,116
3,253,116
3,253,117
3,253,117
3,253,117
3,253,117
3,253,117
3,253,117
3,251,117
3,251,116
2,251,114
3,253,113
3,253,113
3,253,113
3,253,113
3,253,115
3,253,117
3,251,121
3,251,121
3,251,122
3,253,122
3,253,122
3,253,121
3,253,121
3,253,121
3,253,119
3,253,119
3,253,116
3,253,116
3,255,115
3,255,114
3,255,114
3,255,114
3,255,114
3,255,115
3,253,115
3,253,115
3,253,115
3,253,115
3,253,117
3,251,119
3,251,120
3,251,121
3,251,122
3,251,122
3,251,123
3,251,124
3,251,124
3,251,124
3,253,124
3,253,124
3,253,125
3,253,125
3,253,125
3,253,125
3,253,125
3,253,125
3,253,125
3,253,125
3,253,125
3,253,125
3,251,125
3,251,124
3,249,121
3,249,120
3,248,117
3,248,116
3,248,114
3,250,111
3,250,109
3,250,106
3,253,105
3,253,105
3,253,105
3,253,107
3,253,109
3,253,114
3,253,119
3,251,122
3,251,125
3,251,127
3,251,128
3,253,128
3,253,128
3,253,128
3,253,128
3,253,128
3,253,128
3,253,128
3,251,127
3,251,127
3,251,127
3,251,126
3,251,125
3,251,125
3,253,125
3,253,125
3,253,125
3,253,125
3,253,125
3,253,127
3,251,127
3,251,127
3,251,126
3,253,125
3,253,125
3,253,125
3,253,125
3,253,126
3,253,128
3,255,129
3,255,130
3,253,131
3,251,133
3,247,133
3,247,132
3,249,128
3,251,125
3,253,124
3,253,124
3,253,124
3,253,123
3,253,122
3,253,122
3,253,121
3,253,121
3,253,121
3,253,121
3,251,121
3,253,119
3,253,118
3,253,118
3,253,117
3,253,116
3,253,115
3,253,114
3,255,113
3,255,113
3,255,112
3,253,112
3,253,112
3,253,111
3,250,110
3,250,110
3,250,110
3,253,107
3,253,107
3,253,106
3,253,106
3,250,105
3,250,103
3,250,101
3,247,98
3,245,103
3,245,103
2,245,105
2,245,105
2,245,106
2,245,106
2,245,106
3,245,106
3,245,106
3,248,106
3,250,106
3,253,106
3,255,106
3,255,107
3,253,108
3,253,109
3,253,109
3,250,111
3,250,111
3,250,113
3,250,113
3,250,113
3,253,113
3,253,113
3,253,113
3,253,114
3,253,114
3,253,113
3,253,113
3,253,113
3,255,113
3,255,114
3,255,114
3,255,115
3,255,115
3,253,116
3,253,117
3,253,118
3,253,118
3,253,118
3,253,118
3,253,118
3,251,117
3,251,117
3,251,116
3,251,114
3,253,113
3,253,113
3,253,113
3,253,115
3,253,117
3,251,120
3,251,121
3,251,122
3,253,122
3,253,122
3,253,121
3,253,121
3,253,119
3,253,119
3,253,117
3,253,116
3,253,116
3,255,115
3,255,114
3,255,114
3,255,114
3,253,114
3,253,115
3,253,115
3,253,116
3,253,117
3,253,118
3,251,120
3,251,121
3,251,122
3,251,123
3,251,124
3,251,124
3,251,124
3,251,124
3,253,124
3,253,124
3,253,125
3,253,125
3,253,125
3,253,125
3,253,125
3,253,125
3,253,125
3,253,125
3,253,125
3,253,125
3,253,126
3,253,125
3,253,125
3,253,125
3,251,124
3,251,121
3,251,120
3,251,118
3,251,116
3,251,114
3,250,111
3,250,108
3,253,106
3,253,105
3,253,104
3,253,104
3,253,107
3,253,110
2,251,114
3,251,120
3,251,124
3,251,126
3,251,127
3,253,128
3,253,128
3,253,129
3,253,128
3,253,128
3,253,128
3,253,128
3,253,128
3,249,128
3,249,128
3,251,127
3,251,126
3,251,126
3,253,125
3,253,125
3,253,125
3,253,126
3,253,127
3,251,127
3,251,127
3,251,127
3,251,126
3,253,125
3,253,125
3,253,125
3,253,125
3,253,126
3,253,127
3,255,128
3,255,129
3,255,130
3,253,130
3,251,131
3,249,128
3,251,128
3,251,125
3,253,124
3,253,124
3,253,124
3,253,124
3,253,123
3,253,122
3,253,122
3,253,121
3,253,121
3,251,121
3,251,120
3,253,119
3,253,118
3,253,118
3,253,117
3,253,116
3,253,115
3,253,114
3,255,113
3,255,113
3,255,112
3,253,112
3,253,112
3,250,111
3,250,110
3,250,110
3,253,109
3,253,107
3,253,107
3,253,106
3,253,106
3,253,105
3,250,105
3,250,103
3,247,100
3,245,103
3,245,103
3,245,105
2,245,105
2,245,106
2,245,106
2,245,106
2,245,106
3,245,106
3,248,106
3,250,106
3,250,106
3,253,106
3,255,106
3,255,107
3,255,108
3,253,109
3,253,110
3,250,111
3,250,113
3,250,113
3,250,113
3,250,113
3,253,113
3,253,113
3,253,113
3,253,114
3,253,113
3,253,113
3,253,113
3,255,113
3,255,113
3,255,114
3,255,114
3,255,115
3,255,115
3,255,116
3,253,118
3,253,118
3,253,119
3,253,119
3,251,118
3,251,118
3,251,118
3,251,117
3,251,116
3,251,115
3,253,114
3,255,114
3,255,114
3,255,115
3,253,117
3,253,119
3,251,121
3,251,121
3,253,122
3,253,122
3,253,121
3,253,121
3,253,119
3,253,119
3,253,117
3,251,116
3,253,115
3,253,114
3,255,113
3,255,113
3,255,114
3,253,114
3,253,115
3,253,115
2,251,117
3,251,119
3,251,120
3,251,121
3,251,123
3,251,124
3,251,124
3,251,124
3,251,124
3,251,124
3,251,125
3,253,125
3,253,125
3,253,125
3,253,125
3,253,125
3,253,125
3,253,125
3,253,125
3,253,125
3,253,125
3,253,125
3,253,125
3,253,126
3,253,125
3,253,125
3,253,125
3,253,125
3,253,124
3,253,122
3,251,121
3,251,118
3,251,116
3,251,114
3,250,111
3,253,106
3,253,105
3,253,104
3,253,104
3,250,104
3,250,108
2,250,112
2,251,117
3,251,121
3,251,125
3,251,127
3,251,128
3,253,128
3,253,129
3,253,129
3,253,128
3,253,128
3,253,128
3,253,128
3,249,128
3,249,128
3,251,128
3,251,127
3,251,127
3,253,126
3,253,126
3,253,126
3,255,127
3,255,127
3,253,127
3,251,127
3,251,127
3,251,126
3,253,125
3,253,125
3,253,125
3,253,125
3,253,125
3,253,126
3,253,127
3,255,127
3,255,128
3,255,128
3,253,128
3,253,128
3,253,125
3,253,125
3,253,124
3,253,124
3,253,124
3,253,124
3,253,124
3,253,122
3,253,122
3,253,122
3,253,121
3,253,121
3,251,120
3,253,119
3,253,118
3,253,118
3,253,117
3,253,115
3,253,114
3,255,113
3,255,113
3,255,113
3,255,112
3,253,112
3,250,112
3,250,111
3,250,111
3,250,110
3,253,108
3,253,107
3,255,107
3,255,106
3,255,106
3,253,106
3,250,105
3,250,103
3,247,101
3,247,98
3,245,103
3,245,105
2,245,105
2,245,106
2,245,106
2,245,106
2,245,106
2,245,106
3,245,105
3,250,105
3,250,105
3,250,105
3,255,106
3,255,106
3,255,108
3,255,108
3,253,109
3,253,110
3,250,113
3,250,113
3,251,114
3,251,114
3,251,114
3,253,113
3,253,113
3,255,113
3,255,113
3,253,113
3,253,113
3,255,113
3,255,113
3,255,113
3,255,113
3,255,114
3,255,115
3,255,115
3,255,118
3,253,118
3,253,119
3,253,120
3,253,120
3,251,120
3,251,119
3,251,118
3,251,117
3,251,117
3,251,116
3,253,114
3,255,114
3,255,114
3,255,115
3,255,116
3,253,119
3,253,121
3,253,121
3,253,121
3,253,121
3,253,121
3,253,121
3,253,119
3,253,119
3,251,117
3,251,116
3,253,115
3,253,114
3,253,113
3,253,113
2,253,113
2,253,114
2,253,115
2,251,115
2,251,118
3,251,119
3,251,121
3,251,121
3,251,124
3,251,124
3,251,125
3,251,125
3,251,125
3,253,125
3,251,125
3,251,125
3,253,125
3,253,125
3,253,125
3,253,125
3,253,125
3,253,125
3,253,125
3,253,125
3,253,125
3,253,125
3,253,125
3,253,125
3,253,125
3,253,125
3,253,125
3,253,125
3,253,124
3,253,124
3,253,122
3,251,121
3,251,118
3,251,116
3,250,111
3,250,109
3,250,106
3,250,104
3,250,104
3,250,104
3,250,106
2,250,108
2,251,114
2,251,119
2,251,123
3,251,125
3,251,127
3,251,128
3,251,129
3,251,129
3,251,128
3,253,128
3,253,128
3,253,128
3,253,128
3,253,128
3,251,128
3,251,128
3,253,128
3,253,127
3,253,127
3,253,127
3,255,127
3,255,127
3,253,127
3,251,127
3,253,126
3,253,125
3,253,125
3,253,124
3,253,124
3,253,125
3,253,125
3,253,125
3,253,125
3,255,125
3,255,125
3,255,125
3,255,125
3,253,125
3,253,124
3,253,124
3,253,124
3,253,124
3,253,124
3,253,124
3,253,122
3,253,122
3,253,122
3,253,122
3,253,121
3,253,121
3,251,120
3,253,119
3,253,118
3,253,118
3,253,116
3,253,115
3,255,114
3,255,113
3,255,113
3,255,113
3,255,113
3,253,112
3,250,112
3,250,111
3,253,110
3,253,109
3,253,108
3,255,107
3,255,106
3,255,106
3,255,106
3,255,106
3,253,105
3,250,105
3,250,103
3,247,100
3,245,106
3,245,105
3,248,106
3,250,106
3,248,106
2,245,106
3,248,106
3,248,105
3,248,105
3,250,105
3,250,105
3,250,105
3,255,106
3,255,106
3,255,108
3,255,109
3,253,110
3,250,111
3,250,113
3,251,114
3,251,114
3,251,114
2,251,114
3,253,113
3,255,113
3,255,113
3,255,113
3,255,113
3,255,113
3,255,112
3,255,112
3,255,112
3,255,113
3,255,114
3,255,115
3,255,116
3,255,118
3,253,119
3,253,120
3,253,121
3,253,121
3,251,121
3,251,120
3,251,119
3,251,118
3,251,117
3,251,116
3,255,116
3,255,115
3,255,115
3,255,116
3,255,117
3,255,119
3,253,120
3,253,121
3,253,121
3,253,121
3,253,121
3,253,121
3,253,119
3,251,119
3,251,117
3,251,116
3,251,115
3,253,114
3,253,113
2,253,113
2,253,113
2,253,114
2,253,114
2,251,115
3,251,118
3,251,120
3,251,121
3,251,123
3,251,124
3,251,124
3,253,125
3,253,125
3,253,125
3,253,125
3,251,125
3,251,126
3,253,125
3,253,125
3,253,124
3,253,124
3,253,124
3,253,124
3,253,124
3,253,124
3,253,125
3,253,125
3,253,125
3,253,125
3,253,125
3,253,125
3,253,125
3,253,125
3,253,125
3,253,124
3,253,124
3,253,122
3,253,121
3,251,118
3,251,116
3,250,111
3,250,107
3,250,105
3,250,104
3,250,104
2,250,104
2,250,107
2,250,111
2,251,115
2,251,119
3,251,123
3,251,126
3,251,127
3,251,128
3,249,128
3,249,128
3,249,128
3,253,128
3,253,128
3,253,128
3,253,128
3,253,128
3,253,128
3,253,128
3,253,128
3,253,128
3,253,127
3,255,127
3,255,127
3,253,127
3,253,127
3,253,126
3,253,125
3,253,124
3,253,124
3,253,124
3,253,124
3,253,125
3,253,125
3,253,125
3,255,125
3,255,125
3,255,124
3,255,124
3,255,124
3,253,124
3,253,124
3,253,124
3,253,124
3,253,124
3,253,122
3,253,122
3,253,122
3,253,122
3,253,122
3,253,121
3,251,121
3,251,120
3,253,119
3,253,118
3,253,117
3,253,116
3,255,115
3,255,114
3,255,113
3,255,113
3,255,113
3,255,113
3,253,113
3,253,112
3,253,111
3,253,110
3,253,109
3,255,108
3,255,107
3,255,106
3,255,106
3,255,106
3,255,106
3,255,105
3,250,105
3,250,103
3,248,102
3,248,106
3,248,106
3,250,106
3,250,106
3,250,106
3,250,106
3,248,106
3,248,105
3,250,105
3,250,104
3,250,105
3,250,105
3,253,105
3,255,106
3,255,106
3,255,108
3,253,110
3,250,110
3,250,113
3,250,113
2,248,114
2,248,114
2,248,114
2,251,114
2,251,114
3,255,113
3,255,113
3,255,112
3,255,112
3,253,112
3,253,112
3,255,112
3,255,112
3,255,113
3,255,114
3,255,115
3,255,116
3,255,118
3,253,120
3,253,121
3,253,121
3,251,121
3,251,121
3,251,121
3,251,120
3,251,120
3,251,119
3,251,118
3,255,117
3,255,116
3,255,116
3,255,117
3,255,118
3,255,119
3,253,120
3,253,121
3,253,121
3,253,121
3,253,121
3,253,121
3,251,120
3,251,119
3,251,117
3,251,116
3,251,115
3,253,114
3,253,113
2,253,113
2,253,113
2,253,113
2,253,114
2,251,115
3,251,118
3,251,120
3,251,121
3,251,122
3,251,124
3,253,124
3,253,125
3,253,125
3,253,125
3,253,125
3,251,125
3,251,126
3,253,125
3,253,124
3,253,124
3,253,124
3,253,122
3,253,122
3,253,122
3,253,124
3,253,124
3,253,124
3,253,125
3,253,125
3,253,125
3,253,125
3,253,125
3,253,125
3,253,125
3,253,124
3,253,124
3,253,124
3,253,122
3,253,121
3,251,118
3,251,115
3,250,111
3,250,106
3,250,104
3,250,104
2,250,104
2,250,106
2,250,108
2,250,112
2,251,116
3,251,120
3,251,124
3,251,126
3,249,128
3,249,128
3,249,128
3,249,128
3,249,128
3,251,128
3,253,128
3,253,128
3,253,128
3,253,128
3,253,128
3,253,128
3,253,128
3,253,128
3,253,127
3,253,127
3,253,127
3,253,126
3,253,125
3,253,125
3,253,124
3,253,124
3,253,124
3,253,124
3,253,124
3,253,124
3,253,124
3,253,124
3,253,124
3,255,124
3,255,123
3,255,123
3,253,122
3,253,123
3,253,124
3,253,123
3,253,122
3,253,122
3,253,122
3,253,122
3,253,122
3,253,122
3,253,121
3,251,121
3,251,120
3,253,119
3,253,118
3,253,117
3,253,115
3,255,115
3,255,114
3,255,114
3,255,113
3,255,113
3,255,113
3,253,113
3,253,113
3,253,111
3,253,110
3,255,108
3,255,108
3,255,108
3,255,106
3,255,106
3,255,106
3,255,106
3,255,106
3,250,105
3,250,105
3,248,103
3,245,101
3,248,106
3,250,106
3,250,106
3,250,106
3,250,106
3,250,106
3,250,105
3,250,105
3,250,105
3,250,105
3,250,105
3,250,105
3,253,105
3,255,106
3,255,108
3,255,109
3,253,110
3,250,111
3,250,113
3,250,113
3,251,114
3,251,114
3,251,114
2,251,114
2,251,114
3,255,113
3,255,112
3,255,111
3,255,111
3,253,110
3,253,112
3,253,112
3,255,112
3,255,113
3,255,113
3,255,115
3,255,116
3,253,119
3,253,120
3,253,121
3,251,121
3,251,122
3,251,121
3,251,121
3,251,121
3,251,121
3,251,120
3,251,119
3,255,118
3,255,117
3,255,117
3,255,118
3,255,119
3,255,119
3,253,120
3,253,121
3,253,121
3,253,121
3,253,121
3,253,121
3,251,120
3,251,119
3,251,117
3,251,117
3,251,115
3,251,114
3,253,113
3,253,113
2,253,113
3,253,113
3,253,113
3,253,114
3,253,116
3,251,120
3,251,121
3,251,122
3,251,124
3,251,124
3,253,125
3,253,125
3,253,125
3,253,125
3,253,125
3,251,125
3,253,124
3,253,124
3,253,124
3,253,122
3,253,121
3,253,121
3,253,121
3,253,121
3,253,124
3,253,124
3,253,124
3,253,125
3,253,125
3,253,125
3,253,125
3,253,125
3,253,125
3,253,125
3,253,124
3,253,124
3,253,122
3,253,121
3,251,120
3,251,117
3,251,115
3,248,111
3,248,106
3,248,105
2,248,104
2,250,104
2,250,106
2,250,108
2,253,112
3,253,117
3,251,120
3,251,125
3,249,127
3,249,128
3,249,128
3,249,128
3,249,128
3,249,128
3,253,128
3,253,128
3,253,128
3,253,128
3,253,128
3,253,128
3,253,128
3,253,128
3,253,128
3,251,127
3,253,127
3,253,126
3,253,125
3,253,125
3,253,124
3,253,124
3,253,124
3,253,124
3,253,124
3,253,124
3,253,124
3,253,124
3,253,124
3,253,123
3,253,123
3,253,122
3,253,122
3,253,122
3,253,122
3,253,122
3,253,122
3,253,122
3,253,122
3,253,122
3,253,122
3,253,121
3,253,121
3,251,121
3,251,121
3,251,119
3,253,118
3,253,117
3,255,115
3,255,115
3,255,114
3,255,114
3,255,114
3,255,113
3,253,113
3,253,113
3,253,113
3,253,110
3,253,110
3,255,109
3,255,108
3,255,108
3,255,107
3,255,106
3,255,106
3,255,106
3,255,106
3,250,106
3,250,105
3,245,104
3,245,102
3,250,107
3,255,107
3,255,106
3,250,106
3,250,106
3,250,106
3,250,105
3,250,105
3,250,105
3,250,105
3,250,105
3,250,105
3,253,106
3,255,106
3,255,108
3,255,109
3,253,110
3,250,113
3,250,113
3,250,113
3,250,113
3,251,114
3,251,114
3,251,114
2,250,113
3,253,112
3,255,112
3,255,111
3,255,110
3,255,110
3,253,110
3,253,111
3,255,112
3,255,112
3,255,113
3,255,115
3,255,116
3,253,119
3,253,121
3,253,121
3,251,122
3,251,122
3,251,122
3,251,121
3,251,122
3,251,121
3,251,121
3,251,120
3,253,119
3,255,119
3,255,119
3,255,119
3,255,119
3,253,120
3,253,121
3,253,121
3,253,121
3,253,121
3,253,121
3,253,121
3,251,120
3,251,119
3,251,118
3,251,117
3,251,116
3,251,114
2,250,113
3,253,113
3,253,113
3,253,113
3,253,113
3,253,114
3,253,115
3,251,119
3,251,121
3,251,122
3,251,123
3,251,124
3,253,124
3,253,125
3,253,125
3,253,125
3,253,125
3,253,125
3,253,124
3,253,124
3,253,122
3,253,121
3,253,121
3,253,120
3,253,120
3,253,121
3,253,121
3,253,123
3,253,124
3,253,124
3,253,125
3,253,125
3,253,125
3,253,125
3,253,125
3,253,125
3,253,124
3,253,124
3,253,124
3,253,122
3,251,121
3,251,120
3,251,117
3,248,115
3,248,111
3,248,106
2,248,105
2,250,104
2,250,104
2,250,106
3,253,108
3,253,112
3,251,118
3,249,121
3,249,125
3,249,127
3,249,127
3,249,128
3,249,128
3,249,128
3,251,128
3,253,128
3,253,128
3,253,128
3,253,128
3,253,128
3,253,128
3,253,128
3,251,128
3,251,127
3,251,127
3,251,126
3,253,126
3,253,125
3,253,124
3,253,124
3,253,124
3,253,124
3,253,124
3,253,124
3,253,124
3,253,124
3,253,124
3,253,124
3,253,122
3,253,122
3,253,122
3,253,122
3,253,122
3,253,122
3,253,122
3,253,122
3,253,122
3,253,122
3,253,122
3,253,121
3,251,121
3,251,121
3,249,121
3,251,121
4,253,118
3,255,116
3,255,115
3,255,114
3,255,114
3,255,114
3,255,114
3,255,114
3,253,114
3,253,113
3,253,113
3,253,112
3,253,110
3,255,109
3,255,108
3,255,108
3,255,108
3,255,107
3,255,106
3,255,106
3,253,106
3,250,106
3,250,105
3,245,105
3,245,103
3,250,108
3,255,108
3,255,108
3,255,106
3,255,106
3,253,106
3,250,106
3,250,105
3,250,105
3,250,105
3,250,105
3,250,105
3,250,105
3,253,106
3,253,106
3,253,108
3,253,109
3,250,111
3,250,113
3,250,113
3,250,113
3,250,113
3,250,113
3,250,113
3,250,113
2,250,113
3,253,112
3,255,111
3,255,110
3,255,110
3,255,109
3,253,110
3,253,110
3,255,111
3,255,112
3,255,113
3,255,115
3,253,116
3,253,120
3,253,121
3,253,122
3,251,122
3,251,123
3,253,122
3,253,122
3,251,122
3,251,122
3,251,121
3,251,121
3,253,121
3,255,119
3,255,119
3,255,119
3,253,120
3,253,121
3,253,121
3,253,121
3,253,121
3,253,121
3,253,122
3,253,121
3,251,121
3,251,120
3,251,119
3,251,117
3,251,117
3,251,115
3,250,113
3,253,113
3,253,112
3,253,112
3,253,112
3,253,113
3,253,114
3,253,118
3,251,121
3,251,122
3,251,122
3,251,124
3,251,124
3,253,125
3,253,125
3,253,125
3,253,125
3,253,124
3,253,124
3,253,122
3,253,122
3,253,121
3,253,120
3,253,120
3,253,120
3,253,121
3,253,121
3,253,123
3,253,123
3,253,124
3,253,124
3,253,125
3,253,125
3,253,125
3,253,125
3,253,125
3,253,125
3,253,124
3,253,124
3,253,122
3,253,122
3,251,121
3,249,120
3,248,117
3,248,115
3,248,111
3,248,106
3,250,104
2,250,104
3,253,104
3,255,106
3,255,109
3,253,114
3,251,120
3,249,122
3,249,125
3,249,127
3,249,127
3,249,127
3,249,127
3,251,127
3,253,127
3,253,127
3,253,128
3,253,128
3,253,128
3,253,128
3,249,128
3,249,128
3,249,128
3,251,127
3,251,127
3,251,126
3,253,126
3,253,125
3,253,124
3,253,124
3,253,124
3,253,124
3,253,124
3,253,124
3,253,125
3,253,124
3,253,124
3,253,124
3,253,122
3,253,122
3,253,122
3,253,122
3,253,122
3,253,122
3,253,122
3,253,122
3,253,122
3,253,122
4,253,121
3,251,122
3,247,122
3,247,122
3,249,121
3,251,119
3,255,116
3,255,115
3,255,114
3,255,114
3,255,114
3,255,114
3,253,114
3,253,114
3,251,114
3,250,113
3,250,113
3,253,110
3,255,109
3,255,109
3,255,109
3,255,108
3,253,108
3,253,107
3,253,106
3,250,106
3,250,106
3,250,105
3,248,105
3,248,103
3,245,102
3,255,108
3,255,108
3,255,108
3,255,107
3,255,106
3,253,106
3,250,106
3,250,105
3,250,105
3,250,105
3,250,105
3,250,105
3,250,106
3,250,106
3,253,108
3,253,108
3,253,110
3,250,113
3,250,113
3,250,113
3,250,113
3,250,113
3,250,113
3,250,113
3,250,113
3,250,113
3,253,112
3,253,111
3,255,110
3,253,110
3,253,110
3,253,110
3,253,110
3,253,111
3,255,112
3,255,113
3,255,115
3,253,116
3,253,120
3,253,121
3,253,122
3,251,123
3,251,123
3,253,123
3,253,122
3,251,122
3,251,122
3,253,121
3,251,121
3,253,121
3,253,121
3,253,120
3,253,120
3,253,121
3,253,121
3,253,121
3,253,121
3,253,121
3,251,122
3,251,122
3,251,121
3,251,121
3,251,120
3,251,120
3,249,118
3,248,117
3,248,116
3,251,114
2,250,113
3,253,112
3,253,112
3,253,112
3,253,112
3,255,113
3,253,116
3,253,120
3,251,122
3,251,122
3,251,124
3,251,125
3,251,125
3,253,125
3,253,125
3,253,125
3,253,124
3,253,124
3,253,122
3,253,121
3,253,121
3,253,120
3,253,120
3,253,120
3,253,121
3,253,121
3,253,123
3,253,123
3,253,123
3,253,124
3,253,125
3,253,125
3,253,125
3,253,125
3,253,125
3,251,125
3,253,125
3,253,124
3,253,124
3,253,123
3,253,122
3,251,121
3,249,120
3,248,117
3,248,115
3,248,110
3,248,105
3,250,104
3,253,104
3,255,104
3,255,106
2,253,112
3,253,116
3,251,120
3,249,122
2,249,125
3,249,126
3,249,127
3,251,127
3,251,127
3,253,127
3,253,127
3,253,128
3,253,128
3,253,128
3,251,128
3,249,128
3,249,128
3,249,128
3,251,127
3,251,127
3,251,127
3,251,126
3,251,126
3,251,126
3,253,124
3,253,125
3,253,125
3,253,125
3,253,125
3,253,125
3,253,125
3,253,125
3,253,124
3,253,124
3,253,122
3,253,122
3,253,122
3,253,122
3,253,122
3,253,122
3,253,122
3,253,122
3,253,122
4,251,122
3,247,122
4,243,124
3,245,122
3,247,121
4,253,117
3,255,115
3,255,115
3,255,114
3,255,114
3,255,114
3,253,115
3,253,115
3,251,115
3,251,114
3,250,113
3,250,113
3,253,112
3,253,110
3,253,109
3,253,109
3,253,109
3,253,108
3,253,108
3,250,107
3,250,106
3,250,106
3,250,106
3,250,105
3,248,105
3,248,102
3,253,108
3,255,108
3,255,108
3,255,108
3,255,107
3,253,106
3,250,106
3,250,105
3,250,105
3,250,105
3,250,105
3,250,105
3,250,106
3,253,106
3,253,108
3,253,108
3,253,110
3,253,113
3,250,113
3,250,113
3,250,113
3,250,113
3,250,113
3,250,113
3,250,113
3,250,113
3,253,113
3,253,112
3,253,111
3,253,110
3,253,109
3,253,109
3,253,110
3,253,110
3,255,111
3,253,113
3,255,115
3,253,116
3,253,120
3,253,121
3,253,122
3,253,123
3,251,123
3,253,123
3,253,123
3,253,122
3,253,122
3,253,122
3,253,122
3,253,121
3,253,121
3,253,121
3,253,121
3,253,121
3,253,121
3,253,121
3,253,121
3,253,122
3,253,122
3,251,122
3,253,122
3,251,121
3,251,121
3,251,120
3,249,119
3,249,118
3,248,117
2,248,115
3,250,113
3,253,112
3,253,112
3,253,110
3,255,110
3,255,112
3,255,114
3,253,118
3,251,121
3,251,122
3,251,124
3,251,125
3,251,125
3,251,125
3,253,125
3,253,124
3,253,124
3,253,123
3,253,122
3,253,122
3,253,121
3,253,121
3,253,120
3,253,121
3,253,121
3,253,123
3,255,123
3,255,123
3,255,123
3,253,123
3,253,124
3,253,125
3,253,125
3,253,125
3,253,125
3,251,125
3,253,125
3,253,124
3,253,124
3,253,124
3,253,123
3,253,122
3,251,121
3,249,120
3,248,117
3,248,113
3,248,108
3,250,104
3,253,103
3,255,103
3,255,104
3,253,106
2,253,112
2,253,116
2,251,120
3,251,122
3,251,124
3,251,126
3,251,127
3,251,127
3,253,127
3,253,127
3,255,128
3,253,128
3,253,128
3,253,128
3,251,128
3,249,128
3,249,128
3,251,127
3,251,127
3,251,127
3,251,127
3,251,127
3,251,126
3,251,126
3,251,126
3,251,126
3,251,126
3,253,125
3,253,125
3,253,125
3,253,125
3,253,125
3,253,124
3,253,124
3,253,123
3,253,122
3,253,122
3,253,122
3,253,122
3,253,122
3,253,122
3,251,122
4,251,122
3,247,123
4,243,124
3,245,122
3,247,121
3,255,116
3,255,115
3,255,115
3,255,115
3,255,114
3,253,115
3,253,115
3,251,115
3,251,115
3,251,115
3,251,114
3,250,113
3,253,113
3,253,112
3,253,110
3,253,110
3,253,110
3,253,109
3,250,109
3,250,107
3,250,107
3,250,106
3,250,106
3,250,106
3,248,105
3,248,102
3,250,108
3,250,108
3,253,108
3,255,108
3,255,108
3,255,106
3,255,106
3,255,105
3,250,105
3,250,105
3,250,105
3,250,105
3,253,106
3,253,106
3,253,108
3,253,109
3,253,110
3,250,113
3,250,113
3,250,113
3,251,114
3,251,114
3,251,114
3,251,114
3,250,113
3,253,113
3,253,113
3,253,112
3,253,111
3,253,110
3,253,110
3,253,109
3,253,110
3,253,110
3,253,111
3,253,113
3,253,115
3,253,116
3,253,120
3,253,121
3,253,122
3,253,123
3,253,123
3,253,123
3,253,123
3,253,122
3,253,122
3,253,122
3,253,122
3,253,122
3,253,121
3,253,121
3,253,121
3,253,121
3,253,121
3,253,122
3,253,122
3,253,122
3,251,123
3,251,123
3,251,122
3,251,122
3,251,121
3,249,120
3,249,120
3,249,119
3,249,118
3,248,116
2,248,114
3,253,112
3,253,110
3,253,109
3,255,109
3,255,110
3,255,112
3,255,116
3,253,120
3,251,122
3,251,124
3,251,124
3,251,125
3,251,125
3,253,124
3,253,124
3,253,124
3,253,122
3,253,122
3,253,122
3,253,122
3,253,121
3,253,121
3,253,121
3,253,123
3,253,123
3,255,123
3,255,123
3,255,123
3,255,123
3,253,124
3,253,124
3,253,125
3,253,125
3,253,125
3,253,125
3,253,125
3,253,125
3,253,124
3,253,124
3,253,124
3,253,123
3,253,122
3,251,121
3,249,120
3,248,115
3,248,112
3,250,107
3,250,104
3,253,103
3,253,103
3,253,104
2,253,106
2,253,110
2,253,114
3,253,118
3,253,121
3,251,124
3,251,126
3,253,127
3,253,127
3,253,127
3,255,128
3,255,128
3,253,128
3,253,128
3,251,128
3,249,128
3,249,128
3,249,128
3,251,128
3,251,128
3,251,127
3,251,127
3,251,127
3,251,127
3,251,127
3,251,126
3,251,126
3,251,126
3,251,126
3,251,125
3,251,125
3,253,125
3,253,125
3,253,124
3,253,124
3,253,124
3,253,123
3,253,122
3,253,122
3,253,122
3,253,122
3,253,122
3,251,122
4,251,122
3,247,122
4,253,121
3,253,117
3,255,116
3,255,115
3,255,115
3,255,115
3,253,115
3,253,115
3,253,115
3,253,115
3,251,115
3,251,115
3,251,115
3,250,113
3,253,113
3,253,113
3,255,112
3,253,111
3,250,110
3,250,110
3,250,109
3,250,108
3,250,107
3,250,106
3,250,106
3,250,106
3,250,105
3,248,102
3,248,107
3,248,107
3,250,108
3,250,108
3,253,108
3,253,108
3,255,107
3,255,106
3,255,106
4,255,105
4,255,105
4,255,105
3,255,106
3,255,106
3,253,106
3,253,108
3,253,109
3,253,113
3,250,113
3,250,113
3,251,114
3,251,115
3,251,115
3,251,115
3,251,115
3,251,114
3,253,114
3,253,113
3,253,113
3,253,111
3,253,110
3,253,110
3,253,109
3,253,110
3,253,110
3,253,112
3,253,113
3,253,114
3,253,116
3,253,120
3,253,121
3,253,122
3,253,122
3,253,123
3,251,123
3,251,123
3,253,123
3,253,123
3,253,123
3,253,123
3,253,123
3,253,123
3,253,123
3,253,123
3,253,123
3,253,123
3,253,123
3,253,123
3,253,123
3,251,123
3,251,123
3,251,123
3,251,122
3,251,121
3,251,121
3,249,120
3,249,119
3,249,118
3,248,116
3,248,114
3,253,112
3,253,110
3,253,109
3,255,109
3,255,109
3,255,111
3,255,115
3,253,117
3,251,121
3,251,122
3,251,124
3,251,124
3,253,124
3,253,124
3,253,124
3,253,124
3,253,123
3,253,122
3,253,122
3,253,122
3,253,122
3,253,123
3,253,123
3,253,123
3,253,123
3,255,123
3,255,123
3,255,123
3,255,123
3,253,124
3,253,124
3,253,125
3,253,125
3,253,125
3,253,125
3,253,125
3,253,125
3,253,124
3,253,124
3,253,124
3,253,123
3,253,123
3,253,122
3,251,120
3,249,118
3,248,115
3,250,111
3,250,107
3,253,105
3,253,104
3,253,104
2,253,105
2,253,107
3,255,110
3,255,114
3,255,118
3,253,120
3,253,124
3,253,126
3,253,127
3,253,127
3,253,128
3,253,130
3,253,130
3,253,130
3,253,128
3,251,128
3,251,128
3,251,128
3,251,128
3,253,128
3,253,128
3,251,127
3,251,127
3,251,127
3,251,127
3,249,127
3,249,127
3,251,126
3,251,126
3,251,126
3,251,125
3,253,125
3,253,125
3,253,125
3,253,124
3,253,124
3,253,124
3,253,124
3,253,122
3,253,122
3,253,122
3,253,122
3,253,122
3,253,122
3,253,121
3,255,120
3,255,117
3,255,117
3,255,116
3,253,115
3,253,115
3,253,115
3,253,115
3,253,115
3,253,115
3,251,115
3,251,115
3,251,115
3,253,114
3,253,113
3,253,113
3,255,113
3,253,112
3,250,111
3,250,111
3,250,110
3,250,109
3,250,107
3,250,107
3,250,106
3,250,106
3,250,104
3,248,102
3,247,100
3,248,106
3,248,107
3,248,107
3,250,109
3,250,109
3,253,109
3,255,108
3,255,107
3,255,106
3,255,106
3,255,106
3,255,106
3,255,106
3,255,106
3,253,106
3,253,109
3,253,110
3,253,112
3,250,113
3,251,114
3,251,115
3,248,116
3,248,116
3,251,116
3,251,116
3,253,115
3,253,114
3,253,114
3,253,113
3,253,112
3,253,111
3,253,110
3,253,109
3,253,109
3,253,110
3,253,112
3,253,113
3,253,114
3,253,117
3,253,120
3,253,121
3,253,122
3,251,122
3,251,122
3,251,122
3,251,123
3,253,123
3,253,123
3,253,123
3,253,123
3,253,123
3,253,124
3,253,123
3,253,123
3,253,124
3,253,124
3,251,124
3,251,124
3,251,124
3,251,124
3,253,124
3,253,123
3,253,123
3,251,121
3,251,121
3,253,120
3,251,119
3,249,118
3,248,116
3,248,115
3,250,113
3,253,110
3,253,110
3,253,110
3,253,110
3,255,111
3,253,113
3,253,115
3,253,120
3,253,121
3,251,123
3,253,124
3,253,124
3,253,124
3,253,124
3,253,124
3,253,124
3,253,124
3,253,124
3,253,124
3,253,124
3,253,124
3,253,124
3,253,123
3,253,123
3,255,123
3,255,123
3,255,123
3,253,124
3,253,124
3,253,124
3,253,124
3,253,125
3,253,125
3,253,125
3,253,125
3,253,125
3,253,124
3,253,124
3,253,124
3,253,124
3,253,122
3,253,121
3,253,120
3,251,120
3,249,118
3,248,115
3,248,111
3,250,108
3,250,105
2,250,104
2,253,105
2,253,107
3,255,109
3,255,112
3,255,115
3,255,118
3,253,120
3,253,124
3,253,126
3,253,127
3,253,128
3,253,130
3,253,130
3,253,130
3,253,130
3,253,128
3,253,128
3,253,128
3,253,128
3,253,128
3,253,128
3,253,128
3,251,128
3,249,128
3,249,128
3,247,128
3,247,128
3,247,128
3,251,126
3,251,126
3,253,125
3,253,125
3,253,125
3,253,125
3,253,124
3,253,124
3,253,124
3,253,124
3,253,124
3,253,122
3,253,122
3,253,122
3,253,122
3,253,121
3,253,120
3,255,119
3,255,117
3,255,117
3,253,116
3,251,116
3,251,116
3,251,116
3,251,115
3,251,116
3,251,116
3,251,116
3,251,116
3,251,115
3,253,115
3,253,114
3,253,113
3,255,113
3,250,113
3,250,112
3,250,111
3,250,111
3,248,110
3,248,108
3,250,107
3,250,106
3,250,105
3,250,103
3,248,102
3,247,101
3,248,106
3,248,107
3,248,107
3,248,108
3,253,108
3,255,108
3,255,108
3,255,108
3,255,107
3,255,106
3,255,106
3,255,106
3,255,106
3,255,106
3,255,108
3,253,109
3,253,111
3,253,112
3,250,113
3,251,114
3,251,116
3,251,117
3,251,117
3,251,116
3,253,116
3,253,115
3,255,115
3,253,114
3,253,113
3,253,113
3,253,112
3,253,110
3,253,109
3,253,109
3,253,111
3,253,113
3,253,113
3,253,114
3,251,117
3,253,120
3,253,121
3,253,122
3,251,122
3,251,122
3,251,122
3,251,123
3,251,123
3,253,124
3,253,124
3,253,124
3,253,124
3,253,124
3,253,124
3,253,124
3,253,124
3,253,124
3,253,124
3,253,124
3,253,124
3,253,124
3,253,124
3,253,123
3,253,122
3,251,122
3,253,121
3,253,120
3,253,119
3,251,117
3,251,116
3,251,115
3,251,114
3,253,113
3,253,110
3,253,110
3,253,111
3,253,112
3,253,113
3,253,115
3,253,118
3,253,120
3,253,122
3,253,123
3,253,124
3,253,124
3,253,124
3,253,124
3,253,124
3,253,124
3,253,124
3,253,124
3,253,124
3,253,124
3,253,124
3,253,124
3,253,124
3,255,123
3,255,123
3,253,124
3,253,124
3,253,124
3,253,124
3,253,124
3,253,124
3,253,125
3,253,125
3,253,125
3,253,125
3,253,124
3,253,124
3,253,124
3,253,124
3,253,122
3,253,121
3,253,121
3,253,120
3,251,119
3,251,117
3,248,115
3,250,111
3,248,108
3,250,107
3,250,106
3,253,107
3,255,110
3,255,112
3,255,114
3,255,116
3,255,120
3,253,123
3,253,125
3,253,127
3,253,128
3,253,130
3,253,130
3,253,130
3,253,130
3,253,129
3,253,128
3,253,128
3,253,128
3,253,128
3,253,128
3,253,128
3,251,128
3,249,128
3,247,128
3,245,129
3,243,129
3,245,128
3,249,126
3,251,126
3,253,125
3,253,125
3,253,125
3,253,125
3,253,125
3,253,125
3,253,124
3,253,124
3,253,124
3,253,124
3,253,122
3,253,122
3,253,122
3,253,121
3,253,120
3,253,119
3,253,118
3,255,117
3,253,117
3,251,116
3,251,116
3,251,116
3,251,116
3,251,116
3,251,116
3,251,116
3,251,116
3,251,116
3,253,115
3,253,115
3,253,114
3,255,113
3,250,113
3,250,113
3,250,111
3,250,111
3,248,110
3,248,108
3,248,107
3,250,106
3,250,105
3,248,103
3,248,102
3,247,101
3,248,106
3,250,107
3,250,107
3,250,108
3,253,108
3,255,108
3,255,108
3,255,108
3,255,108
3,255,108
3,255,107
3,255,106
3,255,106
4,255,108
3,253,109
3,253,110
3,250,111
3,250,112
3,250,113
3,251,114
3,251,115
3,251,117
3,251,117
3,253,116
3,253,116
3,253,116
3,253,115
3,253,114
3,253,114
3,253,113
3,253,112
3,253,112
3,253,110
3,253,111
3,253,112
3,253,113
3,251,114
3,253,116
3,251,117
3,253,120
3,253,121
3,253,122
3,251,122
3,251,122
3,251,123
3,251,124
3,251,124
3,253,124
3,253,124
3,253,124
3,253,124
3,253,124
3,253,124
3,253,124
3,253,124
3,253,124
3,253,124
3,253,124
3,253,124
3,253,124
3,253,124
3,253,122
3,253,122
3,251,122
3,253,121
3,253,119
3,253,118
3,253,116
3,253,116
3,253,115
3,251,115
3,251,114
3,253,113
3,253,111
3,253,112
3,253,113
3,253,113
3,253,115
3,253,118
3,253,120
3,253,121
3,253,123
3,253,124
3,253,124
3,253,124
3,253,124
3,253,124
3,253,124
3,253,124
3,253,125
3,253,124
3,253,124
3,253,124
3,253,124
3,253,124
3,253,124
3,253,124
3,253,124
3,253,124
3,253,124
3,253,124
3,253,124
3,253,124
3,253,125
3,253,125
3,253,125
3,253,125
3,253,124
3,253,124
3,253,124
3,253,124
3,253,123
3,253,121
3,253,121
3,253,120
3,251,120
3,251,119
3,248,117
3,248,115
3,248,112
3,248,109
3,250,109
3,250,110
3,253,112
3,255,113
3,255,116
3,255,118
3,255,120
3,255,120
3,253,124
3,253,125
3,253,127
3,253,128
3,253,130
3,253,130
3,253,130
3,253,130
3,253,129
3,253,128
3,253,128
3,253,128
3,253,128
3,251,128
3,251,128
3,247,128
3,247,129
3,243,130
3,243,130
3,245,128
3,249,126
3,251,125
3,253,125
3,253,125
3,253,124
3,253,124
3,253,125
3,251,125
3,251,125
3,251,125
3,253,124
3,253,124
3,253,122
3,253,122
3,253,122
3,253,121
3,253,120
3,253,120
3,253,118
3,253,118
3,253,117
3,253,117
3,251,116
3,251,116
3,251,116
3,251,116
3,251,116
3,251,116
3,251,116
3,251,116
3,251,116
3,251,116
3,251,115
3,251,114
3,250,113
3,250,113
3,250,111
3,250,111
3,248,110
3,248,108
3,248,106
3,248,105
3,248,104
3,248,102
3,248,102
3,247,101
3,250,106
3,250,107
3,250,107
3,253,108
3,255,108
3,255,108
3,255,108
3,255,108
3,255,108
3,255,108
3,255,108
3,255,108
3,255,108
3,253,109
3,250,110
3,250,111
3,250,112
3,250,112
3,250,113
3,251,114
3,251,114
3,251,116
3,253,116
3,253,116
3,253,116
3,253,116
3,253,115
3,253,115
3,253,114
3,253,114
3,253,113
2,250,113
3,253,112
3,253,112
3,253,113
3,253,114
3,253,114
3,253,116
3,251,117
3,251,120
3,251,121
3,251,122
3,251,122
3,251,122
3,251,124
3,251,124
3,251,124
3,253,124
3,253,123
3,255,123
3,255,123
3,253,124
3,253,124
3,253,124
3,253,124
3,253,124
3,253,124
3,253,124
3,253,124
3,253,124
3,253,123
3,253,122
3,253,122
3,253,121
3,253,121
3,255,119
3,255,118
3,255,116
3,253,115
3,253,115
3,253,115
3,251,115
3,251,114
3,250,113
3,253,113
3,253,113
3,253,114
3,253,115
3,253,118
3,253,118
3,253,120
3,253,121
3,253,123
3,253,124
3,253,124
3,253,124
3,253,124
3,253,124
3,253,125
3,253,125
3,253,125
3,253,124
3,253,124
3,253,124
3,253,124
3,253,124
3,253,124
3,253,124
3,253,124
3,253,124
3,253,124
3,253,124
3,253,124
3,253,125
3,253,125
3,253,125
3,253,125
3,253,124
3,253,124
3,253,124
3,253,124
3,253,123
3,255,121
3,255,121
3,253,121
3,253,120
3,251,120
3,249,119
3,248,117
3,248,116
3,248,114
3,251,114
3,251,114
3,251,114
3,253,116
3,255,118
3,255,120
3,255,120
3,255,121
3,253,123
3,253,124
3,253,125
3,253,127
3,253,128
3,253,130
3,253,130
3,253,130
3,253,129
3,253,128
3,253,128
3,253,127
3,251,127
3,251,128
3,249,128
3,247,129
3,245,130
3,243,130
3,241,131
3,245,128
3,251,126
3,251,125
3,253,125
3,253,124
3,253,124
3,253,124
3,253,125
3,251,125
3,251,125
3,251,125
3,251,125
3,253,124
3,253,122
3,253,122
3,253,122
3,253,121
3,253,120
3,253,120
3,253,118
3,253,118
3,253,118
3,253,117
3,253,117
3,253,116
3,251,116
3,251,116
3,251,116
3,251,117
3,251,117
3,251,117
3,248,117
3,246,119
3,240,119
3,248,116
3,248,114
3,248,113
3,248,111
3,248,111
3,246,110
3,245,107
3,248,106
3,248,105
3,248,103
3,248,102
3,248,102
3,245,102
3,250,106
3,250,106
3,250,107
3,253,108
3,255,108
3,255,108
3,255,108
3,255,108
3,255,108
3,255,108
3,253,109
3,253,109
3,253,109
3,253,109
3,250,110
3,250,111
3,250,111
3,250,112
3,250,112
3,250,113
3,251,114
3,253,114
3,255,114
3,253,115
3,253,116
3,253,116
3,253,116
3,255,115
3,253,115
3,253,114
3,253,114
3,251,114
2,250,113
2,250,113
2,250,113
2,251,114
3,253,114
3,253,114
3,253,116
3,251,119
3,251,121
3,251,121
3,251,122
3,251,122
3,251,123
3,251,124
3,251,124
3,251,124
3,253,123
3,255,123
3,255,123
3,255,123
3,255,123
3,253,124
3,253,124
3,253,124
3,253,124
3,253,124
3,253,124
3,253,124
3,253,123
3,253,122
3,253,122
3,253,122
3,253,121
3,253,121
3,255,119
3,255,117
3,255,116
3,255,116
3,253,115
3,253,115
2,248,115
2,248,115
2,248,115
3,251,114
2,251,114
3,253,115
3,253,117
3,253,118
3,253,118
3,253,118
3,253,120
3,253,120
3,253,123
3,253,124
3,253,124
3,253,124
3,253,124
3,253,125
3,253,125
3,253,125
3,253,125
3,253,124
3,253,124
3,253,124
3,253,124
3,253,124
3,253,124
3,253,124
3,253,124
3,253,124
3,253,124
3,253,124
3,253,125
3,253,125
3,253,125
3,253,125
3,253,124
3,253,124
3,253,124
3,253,124
3,255,123
3,255,121
3,255,121
3,255,121
3,253,121
3,253,120
3,251,120
3,251,119
3,249,118
3,251,117
3,251,117
3,251,117
3,251,119
3,251,120
3,253,120
3,253,120
3,253,121
3,253,122
3,253,122
3,253,123
3,253,124
3,253,125
3,253,127
3,253,127
3,253,128
3,253,129
3,253,129
3,253,128
3,253,128
3,251,127
3,251,127
3,251,127
3,249,128
3,247,128
3,247,128
3,247,128
3,247,128
3,251,125
3,251,125
3,253,124
3,253,124
3,253,124
3,253,124
3,253,124
3,253,124
3,251,125
3,251,125
3,251,125
3,251,125
3,253,124
3,253,124
3,253,122
3,253,122
3,253,122
3,253,120
3,253,119
3,253,118
3,253,118
3,253,118
3,253,117
3,253,117
3,253,117
3,251,117
3,251,117
3,251,117
3,251,117
3,251,117
3,248,117
4,247,120
3,236,122
3,236,122
3,236,120
3,246,115
3,248,113
3,248,111
3,248,111
3,246,109
3,245,106
3,248,105
3,248,103
3,248,103
3,248,102
3,245,102
3,245,102
2,243,102
3,250,106
3,250,106
3,250,107
3,255,108
3,255,108
3,255,108
3,255,108
3,255,108
3,255,108
3,255,108
3,253,109
3,253,109
3,253,109
3,253,110
3,250,110
3,250,111
3,250,111
3,250,112
3,250,112
3,250,113
3,250,113
3,251,114
3,253,114
3,253,114
3,253,115
3,253,115
3,253,115
3,253,115
3,253,115
3,253,114
3,253,114
3,251,114
3,251,114
2,251,114
2,251,114
3,253,114
3,253,114
3,253,115
3,253,116
3,253,118
3,253,120
3,251,121
3,251,122
3,251,122
3,251,123
3,251,124
3,251,124
3,251,124
3,253,123
3,255,123
3,255,123
3,255,123
3,255,123
3,255,123
3,253,124
3,253,124
3,253,124
3,253,124
3,253,124
3,253,123
3,253,122
3,253,122
3,253,122
3,253,122
3,253,121
3,255,120
3,255,119
3,255,118
3,255,117
3,253,116
3,253,116
3,253,115
3,253,115
2,248,115
2,248,115
2,248,115
3,251,115
2,251,116
2,251,116
2,251,117
3,253,118
3,253,118
3,253,118
3,255,118
3,255,120
3,255,121
3,253,123
3,253,124
3,253,125
3,253,125
3,253,125
3,253,125
3,253,125
3,253,124
3,253,124
3,253,124
3,253,124
3,253,124
3,253,124
3,253,124
3,253,124
3,253,124
3,253,124
3,253,124
3,253,125
3,253,125
3,253,125
3,253,125
3,253,125
3,253,124
3,253,124
3,253,124
3,255,123
3,255,123
3,255,122
3,255,121
3,255,121
3,253,121
3,253,121
3,251,121
3,251,121
3,251,121
3,251,121
3,251,121
3,251,122
3,251,122
3,251,122
3,251,121
3,251,122
3,253,122
3,253,122
3,253,123
3,253,123
3,253,124
3,253,125
3,253,126
3,253,127
3,253,127
3,253,127
3,251,127
3,251,127
3,251,127
3,251,127
3,249,127
3,249,127
3,249,127
3,249,127
3,247,127
3,249,127
3,251,125
3,253,124
3,253,124
3,253,124
3,253,124
3,253,124
3,253,124
3,253,124
3,251,125
3,251,125
3,251,125
3,251,125
3,253,124
3,253,124
3,253,123
3,253,122
3,253,122
3,253,121
3,253,119
3,253,118
3,253,118
3,253,118
3,253,118
3,253,118
3,253,118
3,253,117
3,253,117
3,253,117
3,251,117
3,251,118
3,249,119
3,240,121
3,232,123
3,232,123
3,236,123
3,240,118
2,246,114
2,246,113
3,246,111
2,246,108
2,245,106
2,248,105
2,248,103
2,248,103
3,248,102
3,245,102
2,243,102
2,243,102
3,250,106
3,250,106
3,253,107
3,255,108
3,255,108
3,255,108
3,255,108
3,255,108
3,255,108
3,253,109
3,253,109
3,253,109
3,253,110
3,250,110
3,250,111
3,250,111
3,250,111
3,250,111
3,250,112
3,250,113
3,250,113
3,250,113
3,253,114
3,253,114
3,253,114
3,253,115
3,253,115
3,253,115
3,253,115
3,253,114
3,253,114
3,253,114
3,251,114
3,251,114
3,251,114
3,253,114
3,253,115
3,253,115
3,253,118
3,253,118
3,253,119
3,253,121
3,253,121
3,251,122
3,251,123
3,251,123
3,251,123
3,253,123
3,253,123
3,255,123
3,255,122
3,255,122
3,255,122
3,255,122
3,255,123
3,253,124
3,253,124
3,253,124
3,253,123
3,253,123
3,253,122
3,253,122
3,253,121
3,253,121
3,253,120
3,255,120
3,255,119
3,255,118
3,255,118
3,253,117
3,253,116
3,253,116
3,253,116
3,251,116
2,248,116
2,248,116
2,248,116
2,248,116
2,251,116
2,251,117
2,251,117
3,253,117
3,253,117
3,255,117
3,255,118
3,255,118
3,255,120
3,253,123
3,253,124
3,253,125
3,253,125
3,253,125
3,253,125
3,253,124
3,253,124
3,253,124
3,253,124
3,253,124
3,253,124
3,253,124
3,253,124
3,253,124
3,253,124
3,253,124
3,253,125
3,253,125
3,253,125
3,253,125
3,253,125
3,253,124
3,253,124
3,253,124
3,255,123
3,255,123
3,255,123
3,255,122
3,255,122
3,255,122
3,253,122
3,253,122
3,251,122
3,251,122
3,251,122
3,251,123
3,251,123
3,251,123
3,251,123
3,251,123
3,249,123
3,251,123
2,251,123
3,253,123
3,253,123
3,253,124
3,253,124
3,253,125
3,253,126
3,253,127
3,253,127
3,251,127
3,251,127
3,251,127
3,251,127
3,251,127
3,249,127
3,249,127
3,249,127
3,249,127
3,251,125
3,253,124
3,253,124
3,253,124
3,253,124
3,253,124
3,253,124
3,253,124
3,253,124
3,251,125
3,251,125
3,251,125
3,251,125
3,251,125
3,251,124
3,253,124
3,253,122
3,253,122
3,253,121
3,253,119
3,253,118
3,253,118
3,253,118
3,253,118
3,253,118
3,253,118
3,253,118
3,253,118
3,253,117
3,253,118
3,251,118
3,249,118
3,240,120
3,232,123
3,232,123
3,236,120
2,240,118
2,246,114
2,246,113
2,246,111
2,245,107
3,248,106
2,248,104
2,248,103
2,248,103
2,248,103
2,245,103
2,243,103
2,243,103
3,250,106
3,250,106
3,253,108
3,255,108
3,255,108
3,255,108
3,255,108
3,255,108
3,253,109
3,253,109
3,253,109
3,253,110
3,250,110
3,250,110
3,250,111
3,250,111
3,250,111
3,250,111
3,250,111
3,250,111
3,250,113
3,250,113
3,253,113
3,253,113
3,253,114
3,253,114
3,253,114
3,253,115
3,253,115
3,253,115
3,255,114
3,253,114
3,253,114
3,253,114
3,253,115
3,253,115
3,253,115
3,253,116
3,253,118
3,253,118
3,253,119
3,253,120
3,253,121
3,253,121
3,251,122
3,253,122
3,253,123
3,253,123
3,253,122
3,255,121
3,255,121
3,255,121
3,255,121
3,255,121
3,255,121
3,255,123
3,253,123
3,253,123
3,253,123
3,255,122
3,253,122
3,253,121
3,253,121
3,253,120
3,253,120
3,253,120
3,255,119
3,255,118
3,255,118
3,253,118
3,253,117
3,253,116
3,253,116
3,253,116
3,251,116
3,251,116
2,248,116
2,248,117
2,248,116
2,248,117
2,251,116
2,251,115
3,253,115
3,255,114
3,255,114
3,255,115
3,255,118
3,255,120
3,253,123
3,253,125
3,253,125
3,253,125
3,253,125
3,253,125
3,253,124
3,253,124
3,253,124
3,253,124
3,253,124
3,253,124
3,253,124
3,253,124
3,253,124
3,253,124
3,253,125
3,253,125
3,253,125
3,253,125
3,253,125
3,253,125
3,253,124
3,253,124
3,255,123
3,255,123
3,255,123
3,255,122
3,255,122
3,255,122
3,255,122
3,253,122
3,253,122
3,253,123
3,251,124
3,251,125
3,251,125
3,251,125
3,251,125
3,249,125
3,249,125
3,249,124
3,249,123
2,251,123
2,251,123
3,253,124
3,253,124
3,253,124
3,253,125
3,253,126
3,253,126
3,251,126
3,251,127
3,251,127
3,251,127
3,251,127
3,251,127
3,251,127
3,251,126
3,251,126
3,251,125
3,253,125
3,253,124
3,253,124
3,253,124
3,253,124
3,253,124
3,253,124
3,253,124
3,251,125
3,251,125
3,251,125
3,251,125
3,251,125
3,251,125
3,251,124
3,253,123
3,253,122
3,253,121
3,253,119
3,253,119
3,253,118
3,253,118
3,253,118
3,253,118
3,253,118
3,253,118
3,253,118
3,253,118
3,253,118
3,253,118
3,251,118
3,246,119
3,240,120
3,240,120
2,240,118
2,246,115
2,246,113
2,246,113
2,246,110
2,246,110
2,245,107
3,248,106
2,248,104
2,248,104
3,248,104
2,245,104
3,245,104
2,243,104
3,250,106
3,250,106
3,250,108
3,255,108
3,255,108
3,255,108
3,255,108
3,253,109
3,253,109
3,253,109
3,253,110
3,253,110
3,250,110
3,250,110
3,250,110
3,250,110
3,250,111
3,250,111
3,250,111
3,250,111
3,250,111
3,250,112
3,253,113
3,253,113
3,253,113
3,251,114
3,251,114
3,253,114
3,253,115
3,255,115
3,255,115
3,255,115
3,255,115
3,255,115
3,253,115
3,253,115
3,253,116
3,253,116
3,253,118
3,253,118
3,253,118
3,253,119
3,253,120
3,253,121
3,253,121
3,253,121
3,253,121
3,253,121
3,255,121
3,255,120
3,255,120
3,255,120
3,255,120
3,255,120
3,255,121
3,255,121
3,255,123
3,253,123
3,253,123
3,255,122
3,255,121
3,253,120
3,253,120
3,253,120
3,253,120
3,253,120
3,253,120
3,253,119
3,253,118
3,253,118
3,253,118
3,253,116
3,253,116
3,253,116
3,253,116
3,251,116
3,248,117
3,248,117
2,248,116
2,248,116
2,248,115
2,251,115
2,251,114
3,253,113
3,253,112
3,255,113
3,255,115
3,253,118
3,253,120
3,253,124
3,253,125
3,253,125
3,253,125
3,253,125
3,253,125
3,253,124
3,253,124
3,253,124
3,253,124
3,253,124
3,253,124
3,255,124
3,255,124
3,253,124
3,253,125
3,251,126
3,251,126
3,251,126
3,253,125
3,253,125
3,253,125
3,253,124
3,253,124
3,255,123
3,255,123
3,255,122
3,255,122
3,255,122
3,255,122
3,253,122
3,253,123
3,253,125
3,251,125
3,251,126
3,251,126
3,251,126
3,251,126
3,249,126
3,249,126
3,249,126
3,249,125
2,249,124
3,251,124
3,253,124
3,253,124
3,253,124
3,253,124
3,253,125
3,253,126
3,253,126
3,251,126
3,251,126
3,251,126
3,251,126
3,251,126
3,251,126
3,251,126
3,251,126
3,253,125
3,253,125
3,253,124
3,253,124
3,253,124
3,253,124
3,253,124
3,253,124
3,253,124
3,251,125
3,251,125
3,251,125
3,251,125
3,251,125
3,251,125
3,251,124
3,253,123
3,253,122
3,253,121
3,253,120
4,255,119
3,253,118
3,253,118
3,253,118
3,253,118
3,253,118
3,253,118
3,253,118
3,253,118
3,253,118
3,253,118
3,251,118
3,251,118
3,246,118
3,246,118
3,248,116
3,248,114
2,248,113
2,248,113
2,246,111
2,246,110
2,246,109
3,245,107
3,248,106
3,248,105
2,245,105
2,245,105
2,245,105
2,243,105
3,248,105
3,250,106
3,250,106
3,250,108
3,253,108
3,253,109
3,253,109
3,253,109
3,253,110
3,253,110
3,253,110
3,253,110
3,253,110
3,253,110
3,253,110
3,253,110
3,253,110
3,253,110
3,253,109
3,253,109
3,253,109
3,253,110
3,253,110
3,253,110
3,253,113
3,253,113
3,250,113
3,253,114
3,253,114
3,253,115
3,255,115
3,255,115
3,255,115
3,255,115
3,255,115
3,253,115
3,253,116
3,253,116
3,253,117
3,253,118
3,253,118
3,253,118
3,253,119
3,253,120
3,253,120
3,253,121
3,253,121
3,253,121
3,253,120
3,255,119
3,255,119
3,255,118
3,255,118
3,255,119
3,255,119
3,255,120
3,253,121
3,253,121
3,253,121
3,253,121
3,255,121
3,255,120
3,255,120
3,253,120
3,253,120
3,253,120
3,253,120
3,253,120
3,253,120
3,253,119
3,253,118
3,253,118
3,253,116
3,253,116
3,253,116
3,253,116
3,253,116
3,251,116
3,248,116
2,248,116
2,248,116
2,248,115
2,248,113
2,248,112
3,250,110
3,253,110
3,255,111
3,255,112
3,255,115
3,253,118
3,251,122
3,251,125
3,251,125
3,253,125
3,253,125
3,253,125
3,253,124
3,253,124
3,253,124
3,253,124
3,253,124
3,253,124
3,255,124
3,255,124
3,253,125
3,253,125
3,251,126
3,251,126
3,251,126
3,251,126
3,253,125
3,253,125
3,253,124
3,253,124
3,255,123
3,255,123
3,255,122
3,255,122
3,255,122
3,255,122
3,255,123
3,253,124
3,253,125
3,251,126
3,251,126
3,251,126
3,251,126
3,249,126
3,249,126
3,249,126
3,249,126
3,249,126
3,251,125
3,251,125
3,251,124
3,253,124
3,253,124
3,253,124
3,253,124
3,253,124
3,253,124
3,251,124
3,251,124
3,253,125
3,253,125
3,253,125
3,251,125
3,251,126
3,251,126
3,251,126
3,253,125
3,253,125
3,253,125
3,253,124
3,253,124
3,253,124
3,253,124
3,253,125
3,251,125
3,251,126
3,251,125
3,251,125
3,251,125
3,251,125
3,251,125
3,251,123
3,253,122
3,253,121
3,253,120
3,253,120
3,253,118
3,253,118
3,253,118
3,253,118
3,253,118
3,253,118
3,253,118
3,253,118
3,253,118
3,253,118
3,253,118
3,251,118
3,251,118
3,251,116
3,251,115
3,251,114
3,250,113
3,250,113
2,248,112
2,246,111
3,246,110
3,246,110
3,248,107
3,248,107
3,248,106
2,245,105
2,245,105
2,245,105
3,245,105
3,248,105
3,248,106
3,248,107
3,250,108
3,250,109
3,253,109
3,253,109
3,253,110
3,253,110
3,253,110
3,253,110
3,250,110
3,250,110
3,253,110
3,253,110
3,253,109
3,255,109
3,253,109
3,253,109
3,253,109
3,253,109
3,253,109
3,253,109
3,255,109
3,253,110
3,253,110
3,253,112
3,253,113
3,253,114
3,253,115
3,253,115
3,255,115
3,255,115
3,253,115
3,253,116
3,253,116
3,253,116
3,253,117
3,253,117
3,253,118
3,253,118
3,253,118
3,253,119
3,253,120
3,253,120
3,253,120
3,253,120
3,253,120
3,253,119
3,255,118
3,255,118
3,255,117
3,255,117
3,255,118
3,255,118
3,255,119
3,253,120
3,253,121
3,253,121
3,253,121
3,255,121
3,255,120
3,255,120
3,255,119
4,255,120
3,253,120
3,253,120
3,253,120
3,253,120
3,253,119
3,253,119
3,253,118
3,253,116
3,253,116
3,253,116
3,253,116
3,253,116
3,251,116
3,251,116
2,248,116
2,248,115
2,246,114
2,248,112
3,248,110
2,248,109
3,250,109
3,253,109
3,255,109
3,255,112
3,253,115
2,251,119
3,251,123
3,251,125
3,253,125
3,253,125
3,253,125
3,253,125
3,253,124
3,253,124
3,253,124
3,253,124
3,253,124
3,253,124
3,253,124
3,253,125
3,253,125
3,251,126
3,251,126
3,251,126
3,251,126
3,253,125
3,253,125
3,253,125
3,253,124
3,253,123
3,255,122
3,255,121
3,255,121
3,255,121
3,255,122
3,255,123
3,253,125
3,253,125
3,251,126
3,251,126
3,251,126
3,251,126
3,249,126
3,249,127
3,249,127
3,249,127
3,251,126
3,251,126
3,251,126
3,251,125
3,253,124
3,253,124
3,253,124
3,253,123
3,253,123
3,253,123
3,253,124
3,253,124
3,253,124
3,253,124
3,253,125
3,253,125
3,251,125
3,251,126
3,253,125
3,253,125
3,253,125
3,253,125
3,253,125
3,253,124
3,253,124
3,253,125
3,253,125
3,251,125
3,251,126
3,251,125
3,251,125
3,251,125
3,251,125
3,251,125
3,253,122
3,253,122
3,253,121
3,253,120
3,253,120
3,253,119
3,253,118
3,253,118
3,253,118
3,253,118
3,253,118
3,253,118
3,253,118
3,253,118
3,253,118
3,253,118
3,253,118
3,253,116
3,253,115
3,253,115
3,253,113
3,253,113
3,250,113
3,250,113
3,248,112
3,248,112
3,248,111
3,248,110
3,248,110
3,248,107
3,248,107
2,245,106
2,245,106
2,245,105
3,248,105
3,248,106
3,248,107
3,248,109
3,248,109
3,253,109
3,253,109
3,253,110
3,253,110
3,253,110
3,250,110
3,250,111
3,250,111
3,253,110
3,253,109
3,255,108
3,255,108
3,253,108
3,253,108
3,253,108
3,253,108
3,255,108
3,255,108
3,255,108
3,255,109
3,253,109
3,253,110
3,253,112
3,253,113
3,255,114
3,255,115
3,255,115
3,253,116
3,253,116
3,253,116
3,253,116
3,253,116
3,253,117
3,253,117
3,253,118
3,253,118
3,253,118
3,253,119
3,253,119
3,253,120
3,253,120
3,253,119
3,253,119
3,255,118
3,255,116
3,255,116
3,255,116
3,255,116
3,255,116
3,255,116
3,255,118
3,253,119
3,253,120
3,253,121
3,253,121
3,255,120
3,255,120
3,255,119
3,255,119
3,255,119
3,255,119
3,253,120
3,253,120
3,253,120
3,253,120
3,253,119
3,253,118
3,253,117
3,253,116
3,253,116
3,255,115
3,255,115
3,253,116
3,251,116
3,251,115
2,248,114
2,246,113
2,246,110
3,248,109
3,248,107
3,250,105
3,253,104
3,253,107
3,255,109
2,253,112
3,253,115
3,251,120
3,251,124
3,253,125
3,253,125
3,253,125
3,253,125
3,253,124
3,253,124
3,253,124
3,253,124
3,253,124
3,253,124
3,253,125
3,253,125
3,253,126
3,251,126
3,251,126
3,251,126
3,253,126
3,253,126
3,253,125
3,253,125
3,253,124
3,253,124
3,253,122
3,255,121
3,255,121
3,255,121
3,255,121
3,253,122
3,253,125
3,253,125
3,251,125
3,251,126
3,251,126
3,251,126
3,251,127
3,251,127
3,251,127
3,251,127
3,251,127
3,251,127
3,251,126
3,251,125
3,253,125
3,253,124
3,253,123
3,253,123
3,253,122
3,253,122
3,253,122
3,253,123
3,253,123
3,253,124
3,253,124
3,253,125
3,251,125
3,251,125
3,253,125
3,253,125
3,253,125
3,253,125
3,253,125
3,253,125
3,253,125
3,253,125
3,253,125
3,251,126
3,251,126
3,251,125
3,251,125
3,251,125
3,251,125
3,253,125
3,253,122
3,253,122
3,253,122
3,253,121
3,253,120
3,253,119
3,253,118
3,253,118
3,253,118
3,253,118
3,253,118
3,253,118
3,253,118
3,253,118
3,253,118
3,253,118
3,253,116
3,253,115
3,253,115
3,253,115
3,253,113
3,253,113
3,253,113
3,250,113
3,250,113
3,248,113
3,248,112
3,248,111
3,248,110
3,248,110
3,250,108
3,248,107
3,248,106
2,245,106
3,248,105
3,248,106
3,248,107
3,248,109
3,248,109
3,250,109
3,253,109
3,253,110
3,253,110
3,253,110
3,250,111
3,250,111
3,250,111
3,253,110
3,253,109
3,253,108
3,255,108
3,253,108
3,253,108
3,253,107
3,253,107
3,255,107
3,255,108
3,255,108
3,255,108
3,255,109
3,253,109
3,253,110
3,255,113
3,255,114
3,253,115
3,253,116
3,253,116
3,253,116
3,253,116
3,253,116
3,253,117
3,253,117
3,253,117
3,253,117
3,253,117
3,253,118
3,253,118
3,253,119
3,253,119
3,253,119
3,253,119
3,253,118
3,253,116
3,253,116
3,255,116
3,255,115
3,255,115
3,255,115
3,255,115
3,255,115
3,255,117
3,253,119
3,253,120
3,253,120
3,255,120
3,255,119
3,255,119
3,255,119
3,255,119
3,255,119
3,253,120
3,253,120
3,253,120
3,253,120
3,253,119
3,253,118
3,253,117
3,253,116
3,253,116
3,255,115
3,255,115
3,255,115
3,253,114
3,253,114
3,250,113
3,248,110
3,248,109
3,248,106
3,248,104
3,250,103
3,253,102
3,253,103
3,255,104
3,253,109
2,253,112
3,253,118
3,253,121
3,253,124
3,253,125
3,253,125
3,253,125
3,253,125
3,253,124
3,253,124
3,253,124
3,253,124
3,253,125
3,253,125
3,253,125
3,253,126
3,251,126
3,251,126
3,253,126
3,253,126
3,253,126
3,253,125
3,253,125
3,253,125
3,253,124
3,253,122
3,253,121
3,253,121
3,253,121
3,253,121
3,253,122
3,253,125
3,253,125
3,253,125
3,251,125
3,251,126
3,251,126
3,251,127
3,251,127
3,251,128
3,251,128
3,253,128
3,253,127
3,253,126
3,253,125
3,253,125
3,253,124
3,251,123
3,253,122
3,253,122
3,253,120
3,253,120
3,253,120
3,253,121
3,253,123
3,253,124
3,251,125
3,251,125
3,251,125
3,253,125
3,253,125
3,253,125
3,253,125
3,253,125
3,253,125
3,253,125
3,251,126
3,253,126
3,253,126
3,251,126
3,253,126
3,253,125
3,253,125
3,253,125
3,253,125
3,253,122
3,253,122
3,253,122
3,253,121
3,253,120
3,253,120
3,253,118
3,253,118
3,253,118
3,253,118
3,253,118
3,253,117
3,253,118
3,253,118
3,253,118
3,253,118
3,253,116
3,253,115
3,253,115
3,253,115
3,253,114
3,253,113
3,255,113
3,255,113
3,253,113
3,250,113
3,250,113
3,250,113
3,250,112
3,250,110
3,250,110
3,250,108
3,250,106
3,248,106
3,248,105
3,248,106
3,248,107
3,248,108
3,250,109
3,250,109
3,253,109
3,253,110
3,253,110
3,253,110
3,250,111
3,250,111
3,250,111
3,253,109
3,253,109
3,255,108
3,255,108
3,253,108
3,253,107
3,253,107
3,253,107
3,253,107
3,255,107
3,255,108
3,255,108
3,255,109
3,255,109
3,255,110
3,255,113
3,255,114
3,255,116
3,253,116
3,253,116
3,253,116
3,253,116
3,253,117
3,253,117
3,253,117
3,253,117
3,253,117
3,253,117
3,253,117
3,253,117
3,253,118
3,253,118
3,253,118
3,253,118
3,253,116
3,253,116
3,253,116
3,253,116
3,253,115
3,253,115
3,255,115
3,255,114
3,255,115
3,255,115
3,255,116
3,255,118
3,253,119
3,253,120
3,253,119
3,255,119
3,255,119
3,255,119
3,255,119
3,253,120
3,253,121
3,253,121
3,253,120
3,253,120
3,253,118
3,253,117
3,253,116
3,253,115
3,255,115
3,255,115
3,255,114
3,253,114
3,253,113
3,250,110
3,250,108
3,248,106
3,248,104
3,250,102
3,250,101
3,252,100
3,252,100
3,255,102
3,255,104
2,255,109
2,253,114
3,253,119
3,253,123
3,253,124
3,253,125
3,253,125
3,253,125
3,253,125
3,253,125
3,253,125
3,253,125
3,253,125
3,253,125
3,253,126
3,253,126
3,251,126
3,251,126
3,253,126
3,253,126
3,253,126
3,253,125
3,253,125
3,253,125
3,253,124
3,253,122
3,253,121
3,253,121
3,253,121
3,253,122
3,253,123
3,253,125
3,253,125
3,253,125
3,253,125
3,251,126
3,251,126
3,251,127
3,251,127
3,251,128
3,251,128
3,253,128
3,253,128
3,253,126
3,253,125
3,253,125
3,253,124
3,251,123
3,251,122
3,253,120
3,253,120
3,255,119
3,255,119
3,255,119
3,253,121
3,253,123
3,251,124
3,251,125
3,251,125
3,253,125
3,253,125
3,253,125
3,253,125
3,253,125
3,253,125
3,251,126
3,251,126
3,251,126
3,253,126
3,253,126
3,253,126
4,255,125
4,255,125
4,255,125
3,253,125
3,253,122
3,253,122
3,253,122
3,253,121
3,253,121
3,253,120
3,253,119
3,253,118
3,253,117
3,253,117
3,253,117
3,253,117
3,253,117
3,253,118
3,253,118
3,253,118
3,253,117
3,253,115
3,253,115
3,253,115
3,253,115
3,253,114
3,255,113
3,255,113
3,253,114
3,253,114
3,250,113
3,250,113
3,250,113
3,250,111
3,250,110
3,250,108
3,250,107
3,250,106
3,248,106
3,248,106
3,248,108
3,248,108
3,250,109
3,250,109
3,253,109
3,253,110
3,253,110
3,253,110
3,253,110
3,253,110
3,253,110
3,253,110
3,253,109
3,253,108
3,253,108
3,253,107
3,253,107
3,253,107
3,253,107
3,253,107
3,253,107
3,255,108
3,255,108
3,255,109
3,253,110
3,255,113
3,255,114
3,255,116
3,255,117
3,253,117
3,253,117
3,253,117
3,253,117
3,253,118
3,253,118
3,253,118
3,253,118
3,253,118
3,253,117
3,253,117
3,253,117
3,253,117
3,253,117
3,253,117
3,253,116
3,253,116
3,251,116
3,251,116
3,251,116
3,253,115
3,253,114
3,253,113
3,255,113
3,255,113
3,255,113
3,255,114
3,253,115
3,253,118
3,253,119
3,253,119
3,255,119
3,255,119
3,255,120
3,255,120
3,253,121
3,251,121
3,251,121
3,251,121
3,253,120
3,253,118
3,253,118
3,253,117
3,253,116
3,253,115
3,255,114
3,255,114
3,253,113
3,253,110
3,250,108
3,250,105
3,250,104
3,250,102
3,250,100
3,250,99
3,252,99
3,252,99
3,255,99
3,255,101
3,255,103
2,253,110
3,253,114
3,253,120
3,253,123
3,253,124
3,253,125
3,253,125
3,253,125
3,253,125
3,253,125
3,253,126
3,253,126
3,253,126
3,253,126
3,251,126
3,251,126
3,251,126
3,253,126
3,253,126
3,253,126
3,253,125
3,253,125
3,253,125
3,253,125
3,253,123
3,253,122
3,255,121
3,253,122
3,253,123
3,253,124
3,253,125
3,253,125
3,253,125
3,251,126
3,251,126
3,251,126
3,251,127
3,251,127
3,251,128
3,251,128
3,253,128
3,253,127
3,253,125
3,253,125
3,253,124
3,251,124
3,251,123
3,251,122
3,251,120
3,253,119
3,255,118
3,255,117
3,255,118
3,253,119
3,253,121
3,253,123
3,253,124
3,253,125
3,253,125
3,253,125
3,253,125
3,253,125
3,253,125
3,253,125
3,251,125
3,251,125
3,253,126
3,253,126
3,253,126
3,255,126
4,255,125
4,255,125
4,255,125
3,253,125
3,253,124
3,253,122
3,253,122
3,253,122
3,253,121
3,253,120
3,253,119
3,253,118
3,255,117
3,255,117
3,253,117
3,253,117
3,253,117
3,253,118
3,253,118
3,253,118
3,253,118
3,253,116
3,253,115
3,253,115
3,253,115
3,253,114
3,253,114
3,253,114
3,253,114
3,253,114
3,253,113
3,253,113
3,253,113
3,253,111
3,253,110
3,253,110
3,250,108
3,250,106
3,248,106
3,248,106
3,248,108
3,250,108
3,250,109
3,253,109
3,253,109
3,253,110
3,253,110
3,253,110
3,253,110
3,253,110
3,253,110
3,253,110
3,253,109
3,253,109
3,253,108
3,253,107
3,253,106
3,253,106
3,253,106
3,253,106
3,253,106
3,253,107
3,253,109
3,253,110
3,253,111
3,253,114
3,253,117
3,253,118
3,253,118
3,253,119
3,253,119
3,253,119
3,253,119
3,253,119
3,253,119
3,253,119
3,253,118
3,253,118
3,253,117
3,253,117
3,255,116
3,255,116
3,255,116
3,253,116
3,253,116
3,253,116
2,248,116
3,246,116
3,246,116
3,248,116
3,253,113
3,253,113
3,253,112
3,255,112
3,255,112
3,255,113
3,253,114
3,253,114
3,253,117
3,253,119
3,253,119
3,253,120
3,253,120
3,253,121
3,253,123
3,251,123
3,251,122
3,253,121
3,253,121
3,253,120
3,253,118
3,253,118
3,251,117
3,251,115
3,253,114
3,253,113
3,253,112
3,253,108
3,253,106
3,250,104
3,250,103
3,250,100
3,250,99
2,250,99
3,252,98
3,252,97
3,255,97
3,255,98
3,255,101
3,255,104
3,255,110
3,253,115
3,253,121
3,253,123
3,253,124
3,253,125
3,253,125
3,253,125
3,253,126
3,253,127
3,253,127
3,253,127
3,251,127
3,251,126
3,251,126
3,251,126
3,253,126
3,253,126
3,253,126
3,253,125
3,253,125
3,253,125
3,253,124
3,253,123
3,255,122
3,255,122
3,255,122
3,253,123
3,253,124
3,253,125
3,253,125
3,253,126
3,251,126
3,251,127
3,251,127
3,249,127
3,249,128
3,249,128
3,251,128
3,253,128
3,253,126
3,253,125
3,253,125
3,253,124
3,251,124
3,251,123
3,251,122
3,251,120
3,253,118
3,255,117
3,255,117
3,255,117
3,255,118
3,255,119
3,253,121
3,253,123
3,253,124
3,253,125
3,253,125
3,253,125
3,253,125
3,253,125
3,253,125
3,253,125
3,253,125
3,253,125
3,253,126
3,255,126
3,255,126
3,255,126
4,255,126
4,255,125
3,253,125
3,253,125
3,253,123
3,253,122
3,253,122
3,253,121
3,253,120
3,253,120
3,255,118
3,255,117
3,255,117
3,255,117
3,253,117
3,253,117
3,253,118
3,253,119
3,253,119
3,253,118
3,253,117
3,253,115
3,253,115
3,253,115
3,253,115
3,253,114
3,253,114
3,253,114
3,253,114
3,253,113
3,253,113
3,253,113
3,253,111
3,253,110
3,253,109
3,250,108
3,250,106
3,248,106
3,248,106
3,250,107
3,250,108
3,253,109
3,253,109
3,253,109
3,253,110
3,253,110
3,253,110
3,253,110
3,253,110
3,253,110
3,253,110
3,253,109
3,253,109
3,253,108
3,253,107
3,253,106
3,250,106
3,253,106
3,253,106
3,253,107
3,253,109
3,253,109
3,253,110
3,253,114
3,253,116
3,251,118
3,253,119
3,253,119
3,253,119
3,253,119
3,253,119
3,253,119
3,253,119
3,251,120
3,251,119
3,251,119
3,253,118
3,253,117
3,253,117
3,255,116
3,255,115
3,255,115
3,255,115
3,253,116
3,251,116
3,248,117
2,244,117
2,244,117
3,246,116
2,250,113
3,253,112
3,253,112
3,255,111
3,255,111
3,253,112
3,253,112
3,253,113
3,253,114
3,253,117
3,253,119
3,253,120
3,253,120
3,253,122
3,253,123
3,253,123
3,253,123
3,253,122
3,253,121
3,253,120
3,253,118
3,251,118
3,248,117
2,248,116
2,248,114
2,250,112
3,253,110
3,253,108
3,250,105
3,250,104
3,250,102
3,250,100
3,250,99
3,250,98
3,252,97
3,252,97
3,255,97
3,255,97
3,255,98
3,255,101
3,255,105
3,255,111
3,255,115
3,255,120
3,253,121
3,253,124
3,253,125
3,253,125
3,253,126
3,253,127
3,253,127
3,253,127
3,251,127
3,251,127
3,251,126
3,251,126
3,251,126
3,253,126
3,253,125
3,253,125
3,253,125
3,253,125
3,253,124
3,255,123
3,255,123
3,255,123
3,255,123
3,253,124
3,253,125
3,253,125
3,253,126
3,251,126
3,251,127
3,251,127
2,249,127
3,249,127
3,249,128
3,249,128
3,249,128
3,251,127
3,253,126
3,253,125
3,253,125
3,251,124
3,251,124
3,251,124
3,251,123
3,251,121
3,253,118
3,253,116
3,255,115
3,255,115
3,255,117
3,255,118
3,253,120
3,253,121
3,253,123
3,253,124
3,253,125
3,253,125
3,253,125
3,253,125
3,253,125
3,253,125
3,253,125
3,253,126
3,253,126
3,255,126
3,255,126
3,255,126
4,255,126
4,255,126
3,253,125
3,253,125
3,253,123
3,253,122
3,253,122
3,253,121
3,253,121
3,253,120
3,253,119
3,255,117
3,255,117
3,255,117
3,255,117
3,255,118
3,253,119
3,253,120
3,253,120
3,253,118
3,253,118
3,253,117
3,253,116
3,253,115
3,253,115
3,253,115
3,253,114
3,251,114
3,251,114
3,250,113
3,250,113
3,250,112
3,253,111
3,253,110
3,253,109
3,250,108
3,250,106
3,248,106
3,248,107
3,250,107
3,253,108
3,255,108
3,255,109
3,255,109
3,253,109
3,253,110
3,253,110
3,253,110
3,253,110
3,253,110
3,253,110
3,253,109
3,253,109
3,253,108
3,250,107
3,250,106
3,250,106
3,250,106
3,250,106
3,253,108
3,253,109
3,253,110
3,255,114
3,253,114
3,253,116
3,251,118
3,253,119
3,253,119
3,253,119
3,253,119
3,253,119
3,253,119
3,251,119
3,251,120
3,251,119
3,251,119
3,251,119
3,253,118
3,255,117
3,255,115
3,255,115
3,255,115
3,255,115
2,251,115
2,248,116
3,248,116
2,246,117
2,246,117
2,248,115
2,250,113
3,253,112
3,253,111
3,253,110
3,253,110
3,253,110
3,253,110
3,253,112
3,253,113
3,253,114
3,253,117
3,253,119
3,253,120
3,253,121
3,253,123
3,253,123
3,253,123
3,253,122
3,253,121
3,253,121
3,251,120
3,249,118
3,249,118
3,248,117
2,248,115
2,248,112
3,250,110
3,250,108
3,250,105
3,250,104
3,250,102
2,247,100
3,247,99
3,250,98
3,250,97
3,252,97
3,252,97
3,255,97
3,255,98
3,255,99
3,255,102
3,255,106
3,255,111
3,255,114
3,253,116
3,253,120
3,253,121
3,253,124
3,253,125
3,253,127
3,253,126
3,251,127
3,251,127
3,251,127
3,251,127
3,251,126
3,251,126
3,253,126
3,253,125
3,253,125
3,253,125
3,253,124
3,253,124
3,255,123
3,255,123
3,255,123
3,255,123
3,255,124
3,253,125
3,253,126
3,251,126
3,251,126
3,251,127
2,249,127
2,249,127
2,249,127
3,249,128
3,249,128
3,249,128
3,251,127
3,251,126
3,253,126
3,253,125
3,251,125
3,251,124
3,251,124
3,251,123
3,251,122
3,251,120
3,253,117
3,255,115
3,255,115
3,255,116
3,255,117
3,255,119
3,255,121
3,253,122
3,253,124
3,253,125
3,253,125
3,253,125
3,253,125
3,253,125
3,253,125
3,253,126
3,253,126
3,253,126
3,255,126
3,255,126
3,255,126
3,255,126
3,255,126
3,253,125
3,253,125
3,253,125
3,253,123
3,253,122
3,253,122
3,253,121
3,253,121
3,253,119
3,255,118
3,255,117
3,255,117
3,255,117
3,255,118
3,253,119
3,253,120
3,253,120
3,253,119
3,253,118
3,253,118
3,253,116
3,253,116
3,253,115
3,253,115
3,253,114
3,251,114
3,251,114
3,250,113
3,250,113
3,250,112
3,250,111
3,253,110
3,250,109
3,250,108
3,250,106
3,248,106
3,250,106
3,250,107
3,253,108
3,255,108
3,255,109
3,255,109
3,253,109
3,253,109
3,253,110
3,253,110
3,253,110
3,253,110
3,253,109
3,253,109
3,253,109
3,253,109
3,250,107
3,250,106
3,250,106
3,250,106
3,250,107
3,253,108
3,253,109
3,253,110
3,255,114
3,253,114
3,253,116
3,251,118
3,253,119
3,253,119
3,253,119
3,253,119
3,253,119
3,253,119
3,251,119
3,251,119
3,251,119
3,251,119
3,251,118
3,253,117
3,253,116
3,255,115
3,255,115
3,255,115
3,255,115
2,251,115
2,248,116
3,248,116
2,246,116
2,248,115
2,248,113
3,250,113
3,250,111
3,253,110
3,253,110
3,253,109
3,253,109
3,253,109
3,253,109
3,253,111
3,253,112
3,253,115
3,253,117
3,253,119
3,253,120
3,253,123
3,253,123
3,253,123
3,253,123
3,253,122
3,251,121
3,251,121
3,249,120
3,251,119
3,249,118
3,248,116
2,248,114
3,250,111
3,250,108
3,250,106
3,250,105
3,248,103
3,247,101
3,247,100
3,247,99
3,247,98
3,250,97
3,252,97
3,252,98
3,255,99
3,255,100
3,255,103
3,255,104
3,255,106
3,253,108
3,253,112
3,253,115
3,253,116
3,251,120
3,253,121
3,251,124
3,251,124
3,251,125
3,251,126
3,251,127
3,251,126
3,251,126
3,253,126
3,253,126
3,253,125
3,253,125
3,253,125
3,253,124
3,253,124
3,255,123
3,255,123
3,255,123
3,255,123
3,255,124
3,253,125
3,251,126
3,251,126
3,251,126
3,251,127
3,251,127
2,249,127
2,249,127
3,249,128
3,249,128
3,251,128
3,251,127
3,253,127
3,253,126
3,251,126
3,251,126
3,251,125
3,251,125
3,251,124
3,251,124
3,251,121
3,253,118
3,253,116
3,255,116
3,255,117
3,255,117
3,255,118
3,255,120
3,253,122
3,253,124
3,253,125
3,253,125
3,253,125
3,253,125
3,253,125
3,253,126
3,253,127
3,253,127
3,255,127
3,255,127
3,255,126
3,255,126
3,255,126
3,255,126
3,253,125
3,253,125
3,253,125
3,251,124
3,253,122
3,253,122
4,253,121
3,253,121
3,253,120
3,253,118
3,255,117
3,255,117
3,255,117
3,255,118
3,253,118
3,253,119
3,253,119
3,253,119
3,253,118
3,253,118
3,253,117
3,253,116
3,253,116
3,253,115
3,253,114
3,251,114
3,251,114
3,250,113
3,250,113
3,250,113
3,253,111
3,250,110
3,250,109
3,250,108
3,250,106
3,250,105
3,250,106
3,253,106
3,253,107
3,255,108
3,255,108
3,255,109
3,255,109
3,255,109
3,253,109
3,253,110
3,253,109
3,253,109
3,253,109
3,253,109
3,253,109
3,253,108
3,250,108
3,250,107
3,250,107
3,250,107
3,250,108
3,250,109
3,253,110
3,255,112
3,255,114
3,255,114
3,255,115
3,253,116
3,253,116
3,253,116
3,253,117
3,253,118
3,253,118
3,253,119
3,251,119
3,251,119
3,251,119
3,251,118
3,251,117
3,251,117
3,253,116
3,255,115
3,255,115
3,255,115
3,255,115
2,248,116
3,248,116
3,248,116
2,248,116
3,251,114
3,250,113
3,250,112
3,250,111
3,250,111
3,250,110
3,253,109
3,253,109
3,253,108
3,253,108
3,253,109
3,253,111
3,253,112
3,253,115
3,253,118
3,253,120
3,253,122
3,253,123
3,253,123
3,253,123
3,253,123
3,251,122
3,251,122
3,251,121
3,251,120
3,251,119
3,249,118
3,248,116
3,251,114
3,248,111
3,248,108
3,248,106
3,248,105
3,248,103
3,248,102
3,247,101
3,247,99
2,247,99
2,250,99
2,250,99
3,252,100
3,253,103
3,253,103
3,253,104
3,253,105
3,253,106
3,253,107
3,250,110
2,250,112
3,251,114
3,251,116
3,251,119
3,253,120
3,253,123
3,253,124
3,253,125
3,253,126
3,253,126
3,253,126
3,253,125
3,253,125
3,253,124
3,253,124
3,253,124
3,253,124
3,253,124
3,255,123
3,255,123
3,255,124
3,253,124
3,253,125
3,253,125
3,251,126
3,251,126
3,251,126
3,251,127
3,251,127
3,251,127
3,251,128
3,251,128
3,251,128
3,251,128
3,253,128
3,253,127
3,251,127
3,251,127
3,251,126
3,251,126
3,251,126
3,251,125
3,249,123
3,251,121
3,253,118
3,255,117
3,255,117
3,255,118
3,255,118
3,255,120
3,253,123
3,253,124
3,253,125
3,253,125
3,253,125
3,253,125
3,251,126
3,251,127
3,251,127
3,253,127
3,253,127
3,255,127
3,255,127
3,255,127
3,255,127
3,255,126
3,253,126
3,253,125
3,253,125
3,253,124
3,253,122
3,253,122
3,253,122
3,253,121
3,253,121
3,253,118
3,253,118
3,255,118
3,255,118
3,255,118
3,253,118
3,253,118
3,253,118
3,253,118
3,253,118
3,253,118
3,253,118
3,253,116
3,253,116
3,253,115
3,253,115
3,253,114
3,253,114
3,253,113
3,253,113
3,253,113
3,253,111
3,250,110
3,250,109
3,250,108
3,250,106
3,250,105
3,250,106
3,253,106
3,255,107
3,255,108
3,255,108
3,255,108
3,255,108
3,255,109
3,253,109
3,253,109
3,253,109
3,253,109
3,253,109
3,253,109
3,253,109
3,253,108
3,250,108
3,250,108
3,250,108
3,250,108
3,250,108
3,250,109
3,250,111
3,255,113
3,255,114
3,255,114
3,255,115
3,253,116
3,253,116
3,253,116
3,253,116
3,253,117
3,253,117
3,253,118
3,253,118
3,251,119
3,251,118
3,251,118
3,251,117
3,251,117
3,253,117
3,253,116
3,255,115
3,253,116
3,251,116
3,248,117
3,246,117
2,246,116
2,248,115
3,250,113
3,250,113
3,250,112
3,250,111
3,250,111
3,250,110
3,250,109
3,250,108
3,253,108
3,253,107
3,253,108
3,253,109
3,253,111
3,253,115
3,255,117
3,255,119
3,253,121
3,253,123
3,253,123
3,253,123
3,253,124
3,251,123
3,251,123
3,251,122
3,251,121
3,251,121
3,251,120
3,251,118
3,251,116
3,248,115
3,248,112
3,248,110
3,246,108
3,245,106
3,248,105
2,245,103
3,248,102
3,248,102
3,250,102
2,250,103
2,250,103
2,250,103
2,250,105
2,250,105
2,250,105
2,250,105
2,250,106
2,250,106
2,250,106
2,250,108
2,250,112
3,251,114
3,253,116
3,253,119
3,253,120
3,253,123
3,255,125
3,253,125
3,253,125
3,253,125
3,253,124
3,253,124
3,253,124
3,253,124
3,253,124
3,253,124
3,253,124
3,255,124
3,253,124
3,253,124
3,253,125
3,253,125
3,253,125
3,253,126
3,253,126
3,253,126
3,253,127
3,253,127
3,251,127
3,251,128
3,253,128
3,253,128
3,253,128
3,253,128
3,251,128
3,251,127
3,251,127
3,251,127
3,251,127
3,249,126
3,249,124
3,249,122
3,251,121
3,253,118
3,255,118
3,255,118
3,255,120
3,255,122
3,253,124
3,253,125
3,253,125
3,253,125
3,253,126
3,251,126
3,251,127
3,251,127
3,251,127
3,253,127
3,253,127
3,255,127
3,255,127
3,255,127
3,255,127
3,255,126
3,253,126
3,253,125
3,253,125
3,253,124
3,253,123
3,253,122
3,251,122
3,251,121
3,253,121
3,253,119
3,253,118
3,253,118
3,253,118
3,253,118
3,253,118
3,253,118
3,253,118
3,253,118
3,253,118
3,253,118
3,253,118
3,253,117
3,253,116
3,253,116
3,253,115
3,253,115
3,253,114
3,253,113
3,253,113
3,253,113
3,253,112
3,250,111
3,250,109
3,250,108
3,250,106
3,250,105
3,250,105
3,253,106
3,255,106
3,255,107
3,255,108
3,255,108
3,255,108
3,255,108
3,255,108
3,253,109
3,253,109
3,253,109
3,253,109
3,253,109
3,253,108
3,253,108
3,250,108
3,250,108
3,250,108
3,250,108
3,250,110
3,250,111
3,250,113
3,253,114
3,253,114
3,253,114
3,255,115
3,253,116
3,253,116
3,253,116
3,253,116
3,253,116
3,253,116
3,253,116
3,253,117
3,251,117
3,251,117
3,253,117
3,251,117
3,251,117
3,253,116
3,253,116
3,253,116
3,253,116
3,251,117
3,246,118
3,246,118
3,248,116
3,251,115
3,250,113
3,250,113
3,250,112
3,250,112
3,248,111
3,248,111
2,248,109
2,248,108
3,250,107
3,250,107
3,253,107
3,253,108
3,253,110
3,253,112
3,255,115
3,255,119
3,253,120
3,253,123
3,253,124
3,253,124
3,253,124
3,253,124
3,251,124
3,251,124
3,251,124
3,251,122
3,251,121
3,251,121
3,251,119
3,248,117
3,248,116
3,248,115
3,246,112
3,246,112
3,248,110
3,246,108
3,248,108
3,248,107
3,248,106
3,250,106
3,250,106
3,250,106
3,250,106
3,250,106
3,250,106
2,250,106
2,250,105
2,250,104
2,250,104
2,250,104
3,253,107
3,253,110
3,253,112
3,253,114
3,253,116
3,255,119
3,255,121
3,255,123
3,255,124
3,253,124
3,253,124
3,253,124
3,253,124
3,253,124
3,251,124
3,251,124
3,251,124
3,253,124
3,253,124
3,253,125
3,253,125
3,253,125
3,253,125
3,253,126
3,253,126
3,253,126
3,253,127
3,253,127
3,253,128
3,253,128
3,253,128
3,253,128
3,253,129
3,253,129
3,253,129
3,253,128
3,251,128
3,251,128
3,251,127
3,249,127
3,249,126
3,249,124
3,251,122
3,253,121
3,255,119
3,255,120
3,255,122
3,253,123
3,253,124
3,253,125
3,251,125
3,253,126
3,251,126
3,251,127
3,251,127
3,251,127
3,251,127
3,253,127
3,255,127
3,255,127
3,255,127
3,255,127
3,255,127
3,253,127
3,253,126
3,253,126
3,251,125
3,251,124
3,253,124
3,253,123
3,251,122
3,253,122
3,253,121
3,253,119
3,253,118
3,253,118
3,253,118
3,253,118
3,253,118
3,253,118
3,253,118
3,253,118
3,253,118
3,253,118
3,253,118
3,253,117
3,255,117
3,255,116
3,255,115
3,253,115
3,253,115
3,253,114
3,253,114
3,253,113
3,253,113
3,250,111
3,250,110
3,250,108
3,250,106
3,250,105
3,250,105
3,253,106
3,255,106
3,255,106
3,255,106
3,255,107
3,255,108
3,255,108
3,255,108
3,255,108
3,255,108
3,255,108
3,253,108
3,253,108
3,253,108
3,253,108
3,250,108
3,250,108
3,250,109
3,250,110
3,250,111
3,250,112
3,251,114
3,251,114
3,253,115
3,253,115
3,253,116
3,253,116
3,253,116
3,253,116
3,253,116
3,253,116
3,253,116
3,253,116
3,253,116
3,253,117
3,253,117
3,253,117
3,251,117
3,251,117
3,251,117
3,253,116
3,251,117
3,251,117
3,251,117
3,246,119
3,246,119
3,246,118
3,251,115
3,253,113
3,253,113
3,250,113
3,250,113
3,248,112
3,248,111
3,248,110
2,248,108
2,248,108
2,248,107
3,250,107
3,250,107
3,253,108
3,253,111
3,253,115
3,253,119
3,251,121
3,251,123
3,253,124
3,253,124
3,253,124
3,253,125
3,253,125
3,253,125
3,253,125
3,253,124
3,251,124
3,251,124
3,251,121
3,251,121
3,251,119
3,249,119
3,249,118
3,248,116
3,248,115
3,246,113
3,246,112
3,248,111
3,248,111
3,248,111
3,250,111
3,250,110
3,250,109
3,250,107
3,250,106
3,250,106
3,250,105
3,250,104
2,250,104
2,250,104
3,253,105
3,253,107
3,253,108
2,253,112
3,255,113
3,255,114
3,255,117
3,255,120
3,255,121
3,255,123
3,253,123
3,253,124
3,253,124
3,251,124
3,251,124
3,251,124
3,251,124
3,253,124
3,253,124
3,253,125
3,253,125
3,253,125
3,253,125
3,253,125
3,253,126
3,253,126
3,253,127
3,253,127
3,253,128
3,253,128
3,253,129
3,253,129
3,253,129
3,253,129
3,253,130
3,253,130
3,251,130
3,251,130
3,251,128
3,251,128
3,249,127
3,249,124
3,251,123
3,251,122
3,253,121
3,253,122
3,253,123
3,253,123
3,253,124
3,251,125
3,251,125
3,251,126
3,251,127
3,251,127
3,251,127
3,251,127
3,251,127
3,253,127
3,253,127
3,255,127
3,253,128
3,253,128
3,253,128
3,253,127
3,253,127
3,253,126
3,253,125
3,253,124
3,253,124
3,253,123
3,253,122
3,253,122
3,253,121
3,253,119
3,253,118
3,253,118
3,253,118
3,253,118
3,253,118
3,253,118
3,253,118
3,253,118
3,253,118
3,253,118
3,253,118
3,253,118
3,255,117
3,255,117
3,255,117
3,253,116
3,253,116
3,253,115
3,253,114
3,253,113
3,253,112
3,250,111
3,250,110
3,250,107
3,250,106
3,250,105
3,250,105
3,250,105
3,250,105
3,255,106
3,255,106
3,255,106
3,255,106
3,255,106
3,255,106
3,255,106
3,255,106
3,253,106
3,255,108
3,253,108
3,253,108
3,253,108
3,253,108
3,250,108
3,250,109
3,250,110
3,250,111
3,250,113
2,248,114
2,248,114
3,251,115
3,253,115
3,253,116
3,253,116
3,253,116
3,253,116
3,253,116
3,253,116
3,253,116
3,253,116
3,253,116
3,253,116
3,253,117
3,253,117
3,253,117
3,251,117
3,251,118
3,251,117
3,251,117
3,251,117
3,251,117
3,251,117
3,249,119
3,246,118
3,248,117
3,251,115
3,253,114
3,253,114
3,253,113
3,251,114
3,248,114
2,246,113
3,246,111
3,246,110
3,248,108
2,248,107
2,248,107
3,250,107
3,250,108
2,250,111
3,251,114
3,251,119
3,251,121
3,251,123
3,251,124
3,253,124
3,253,125
3,253,125
3,253,125
3,253,125
3,253,125
3,253,125
3,253,125
3,253,125
3,253,124
3,251,124
3,251,122
3,251,122
3,251,121
3,251,119
3,251,119
3,248,116
3,251,116
3,251,116
3,251,115
3,251,114
3,250,113
3,250,113
3,250,113
3,250,111
3,250,110
3,250,109
3,250,107
3,250,106
2,250,104
2,250,104
3,253,105
3,253,107
3,253,108
2,253,110
3,255,112
3,255,113
3,255,115
3,255,117
3,255,118
3,255,121
3,255,123
3,253,123
3,251,124
3,251,124
3,251,124
3,251,124
3,251,124
3,253,125
3,253,125
3,253,125
3,253,125
3,253,125
3,253,125
3,253,125
3,253,125
3,253,126
3,253,127
3,253,127
3,253,128
3,253,128
3,253,129
3,253,129
3,253,130
3,253,130
3,251,130
3,251,130
3,253,130
3,251,130
3,253,130
3,253,128
3,249,127
3,249,125
3,251,124
3,251,123
3,253,123
3,253,123
3,253,123
3,253,124
3,253,125
3,251,125
3,251,125
3,251,126
3,251,127
3,251,127
3,251,127
3,251,127
3,253,127
3,253,127
3,253,127
3,253,128
3,253,128
3,253,128
3,253,128
3,253,127
3,253,127
3,253,126
3,253,126
3,251,124
3,253,124
3,253,123
3,253,122
3,253,122
3,253,120
3,253,119
3,253,118
3,253,118
3,253,118
3,253,118
3,255,117
3,253,118
3,253,118
3,253,118
3,253,118
3,253,118
3,253,118
3,253,118
3,253,117
3,255,117
3,253,117
3,253,117
3,253,117
3,253,116
3,253,115
3,253,114
3,253,112
3,250,111
3,250,110
3,250,107
3,250,106
3,248,105
3,250,105
3,250,105
3,250,105
3,250,106
3,255,106
3,255,106
3,255,106
3,255,106
3,255,106
3,255,106
3,255,106
3,253,106
3,253,106
3,253,108
3,250,108
3,250,108
3,250,108
3,250,109
3,250,110
3,250,111
3,250,112
2,248,113
2,248,115
2,248,115
2,248,115
3,253,116
3,253,116
3,253,116
3,253,116
3,253,116
3,253,116
3,253,116
3,253,116
3,253,116
3,253,116
3,253,117
3,253,117
3,255,118
3,253,118
3,253,118
3,251,118
3,251,118
3,251,118
3,251,118
3,251,118
3,251,118
3,251,119
3,248,117
3,251,117
3,251,115
3,255,115
3,255,115
3,253,114
3,251,115
3,248,115
3,248,115
2,246,114
3,246,111
3,246,110
3,248,108
3,248,107
3,250,107
3,250,108
3,250,109
3,251,114
3,251,117
3,251,121
3,251,124
3,251,124
3,253,125
3,253,125
3,253,125
3,253,125
3,253,125
3,253,125
3,253,125
3,253,125
3,253,125
3,253,125
3,253,125
3,253,125
3,251,125
3,251,123
3,251,122
3,251,121
3,251,121
3,251,121
3,251,121
3,251,118
3,251,118
3,253,118
3,251,118
3,251,117
3,251,116
3,251,115
3,250,112
3,250,111
3,250,109
3,250,107
3,250,106
3,250,107
2,250,107
2,250,109
2,250,110
2,253,112
3,255,113
3,255,114
3,255,116
3,255,118
3,255,119
2,255,121
3,253,123
3,253,123
3,251,124
3,251,124
3,251,124
3,251,125
3,253,125
3,253,125
3,253,125
3,253,125
3,253,125
3,253,125
3,253,125
3,253,125
3,253,127
3,253,127
3,253,127
3,253,128
3,253,129
3,253,130
3,253,130
3,253,130
3,251,131
3,251,131
3,251,131
3,253,130
3,253,130
3,253,130
3,253,128
3,251,128
3,251,126
3,251,124
3,251,124
3,253,124
3,253,124
3,253,124
3,253,124
3,253,125
3,251,125
3,251,126
3,251,127
3,251,127
3,251,128
3,251,127
3,251,127
3,253,127
3,255,127
3,255,127
3,255,127
3,253,128
3,253,128
3,253,127
3,253,127
3,253,127
3,251,126
3,251,126
3,251,125
3,253,124
3,253,123
3,253,122
3,253,122
3,251,120
3,253,119
3,253,118
3,253,118
3,253,117
3,255,117
3,255,117
3,255,117
3,255,117
3,255,117
3,253,118
3,253,118
3,253,118
3,253,118
3,253,118
3,253,118
3,253,118
3,253,118
3,253,117
3,253,117
3,253,116
3,253,115
3,250,112
3,250,111
3,250,110
3,250,106
3,250,106
3,250,105
3,250,105
3,250,105
3,250,106
3,250,106
3,255,106
3,255,106
3,255,106
3,255,106
3,255,106
3,250,106
3,250,106
3,250,106
3,250,106
3,250,108
3,250,108
3,250,108
3,250,109
3,250,110
3,250,111
3,250,113
2,248,114
2,248,115
2,248,115
2,248,116
3,251,116
3,253,116
3,253,116
3,253,116
3,253,116
3,253,116
3,253,117
3,253,117
3,253,118
3,253,118
3,253,118
3,255,118
3,255,118
3,253,119
3,253,120
3,253,120
3,253,120
3,253,120
3,251,120
3,251,119
3,251,119
3,251,118
3,251,117
3,251,117
3,253,115
3,255,115
3,255,115
3,253,115
3,253,116
3,251,117
3,248,117
3,248,116
2,246,114
3,248,111
3,248,109
3,248,107
3,250,107
3,250,108
3,250,109
3,250,112
3,251,116
3,251,121
3,251,124
3,251,125
3,253,125
3,253,125
3,253,125
3,253,125
3,253,125
3,253,125
3,253,125
3,253,125
3,253,125
3,253,125
3,253,126
3,253,126
3,253,125
3,253,125
3,253,125
3,253,125
3,251,124
3,253,122
3,253,122
3,253,122
3,253,122
3,253,121
3,253,121
3,253,121
3,253,119
3,253,119
3,251,117
3,251,115
3,251,114
3,250,112
3,250,110
3,250,109
3,250,109
3,250,110
2,250,112
2,250,113
3,253,114
3,255,115
3,255,117
3,255,118
3,255,119
2,255,121
3,255,122
3,253,123
3,253,124
3,251,124
3,253,124
3,253,125
3,253,125
3,253,125
3,253,125
3,253,125
3,253,125
3,253,125
3,253,125
3,253,126
3,255,127
3,255,127
3,253,128
3,253,128
3,253,130
3,251,130
3,251,131
3,251,131
3,251,131
3,251,131
3,251,131
3,253,130
3,253,130
3,253,130
3,253,130
3,253,128
3,251,127
3,251,125
3,251,124
3,253,124
3,253,124
3,253,124
3,253,125
3,251,125
3,251,125
3,251,126
3,251,127
3,251,127
3,251,128
3,251,128
3,253,127
3,255,127
3,255,127
3,255,127
3,255,127
3,255,127
3,253,128
3,255,127
3,253,127
3,253,127
3,251,126
3,251,126
3,251,125
3,253,124
3,253,122
3,253,122
3,253,122
3,251,120
3,253,120
3,253,118
3,253,117
3,253,117
3,255,117
3,255,117
3,255,117
3,255,117
3,255,116
3,255,117
3,255,117
3,253,118
3,253,118
3,253,118
3,253,118
3,253,118
3,253,118
3,253,118
3,253,118
3,253,117
3,253,115
3,250,112
3,250,111
3,250,110
3,250,106
3,250,106
3,250,105
3,250,105
3,250,106
3,250,106
3,250,106
3,250,106
3,255,106
3,255,106
3,250,106
3,250,106
3,250,106
3,250,106
3,250,106
3,250,106
3,250,106
3,250,108
3,250,108
3,250,109
3,250,110
3,250,112
3,250,113
2,248,115
2,248,115
2,248,116
2,248,116
3,251,116
3,253,115
3,253,115
3,253,116
3,255,116
3,255,117
3,253,117
3,253,118
3,255,118
3,255,118
3,255,119
3,255,119
3,253,119
3,253,120
3,253,120
3,253,121
3,253,121
3,251,121
3,251,121
3,251,120
3,251,120
3,251,119
3,251,117
3,253,117
3,255,116
3,255,115
3,255,115
3,255,116
3,253,117
3,251,118
3,251,118
3,249,118
3,248,117
2,246,114
3,248,111
3,248,109
3,250,107
3,250,107
3,253,108
3,253,112
3,253,116
3,251,120
3,251,124
3,253,125
3,253,125
3,253,125
3,253,125
3,253,125
3,253,125
3,253,125
3,253,125
3,253,125
3,253,126
3,253,126
3,253,126
3,253,126
3,253,126
3,253,126
3,253,125
3,253,125
3,253,125
3,253,125
3,253,124
3,253,124
3,253,124
3,253,122
3,253,122
3,253,122
3,253,122
3,253,121
3,251,121
3,251,119
3,251,117
3,251,116
3,251,115
3,250,113
3,250,113
3,250,113
3,250,113
3,251,114
3,251,115
3,251,116
3,253,118
3,255,118
3,255,120
3,255,121
3,253,122
3,253,123
3,253,124
3,253,124
3,253,125
3,253,125
3,253,125
3,253,125
3,253,125
3,253,125
3,253,125
3,253,125
3,253,126
3,253,127
3,253,127
3,253,127
3,253,128
3,253,128
3,253,130
3,251,131
3,251,131
3,251,131
3,251,131
3,251,131
3,251,131
3,253,130
3,253,130
3,253,130
3,253,130
3,253,128
3,253,127
3,253,125
3,251,125
3,253,124
3,253,124
3,253,125
3,251,125
3,251,125
3,251,126
3,249,126
3,249,128
3,249,128
3,251,128
3,251,128
3,255,128
3,255,128
3,255,128
3,255,128
3,255,127
3,255,127
3,255,127
3,255,127
3,253,127
3,253,127
3,251,126
3,251,126
3,251,125
3,253,124
3,253,122
3,253,122
3,253,122
3,251,120
3,251,120
3,253,118
3,253,117
3,255,117
3,255,117
3,255,116
3,255,116
3,255,116
3,255,116
3,255,116
3,255,117
3,255,117
3,253,118
3,253,118
3,253,118
3,253,118
3,253,118
3,253,118
3,253,118
3,253,117
3,253,115
3,250,112
3,250,111
3,250,110
3,250,106
3,250,105
3,250,105
3,250,105
3,250,106
3,250,106
3,250,106
3,250,106
3,250,106
3,250,106
3,250,106
3,250,106
3,250,106
3,250,106
3,250,106
3,250,106
3,250,106
3,250,108
3,250,109
3,250,110
3,250,111
3,250,113
3,251,114
3,251,115
2,248,116
2,248,116
2,248,116
3,251,116
2,251,115
3,253,115
3,253,116
3,255,116
3,255,117
3,253,118
3,253,119
3,253,119
3,255,119
3,255,119
3,255,120
3,253,120
3,253,121
3,253,121
3,253,121
3,253,121
3,253,121
3,251,121
3,251,121
3,251,120
3,251,120
3,251,118
3,253,117
3,255,117
3,255,115
3,255,115
3,255,117
3,253,120
3,253,121
3,251,121
3,251,120
3,249,118
3,248,116
3,248,112
3,248,110
3,250,107
3,250,107
3,253,108
3,253,111
3,253,115
3,253,120
3,253,123
3,253,125
3,253,125
3,253,125
3,253,125
3,253,125
3,253,125
3,253,125
3,253,125
3,253,126
3,253,126
3,253,126
3,253,126
3,253,126
3,253,126
3,253,126
3,253,126
3,253,126
3,253,125
3,253,125
3,253,125
3,253,124
3,253,124
3,253,124
3,253,124
3,253,124
3,253,124
3,253,122
3,251,122
3,251,121
3,253,121
3,253,119
3,253,118
3,251,116
3,251,116
3,251,116
3,251,116
3,251,117
3,251,118
3,251,121
3,251,121
3,251,121
3,253,121
3,253,122
3,253,123
3,253,123
3,253,124
3,253,124
3,253,125
3,253,125
3,253,125
3,253,126
3,253,126
3,253,126
3,253,126
3,253,126
3,253,127
3,253,127
3,253,127
3,253,127
3,253,128
3,253,128
3,253,130
3,251,131
3,251,131
3,251,131
3,251,131
3,251,131
3,253,130
3,253,130
3,253,130
3,253,130
3,253,128
3,253,128
3,253,127
3,253,126
3,253,125
3,253,125
3,253,125
3,253,125
3,251,125
3,251,125
3,251,126
3,251,126
3,251,127
3,251,128
3,251,128
3,255,129
3,255,129
3,255,129
3,255,128
3,255,128
3,255,127
3,255,127
3,255,127
3,255,127
3,255,127
3,253,127
3,251,126
3,251,126
3,251,125
3,253,124
3,253,122
3,253,122
3,253,122
3,251,120
3,251,120
3,253,119
3,253,117
3,253,117
3,255,116
3,255,116
3,255,116
3,255,116
3,255,116
3,255,116
3,255,117
3,255,117
3,255,117
3,253,118
3,253,118
3,253,119
3,253,119
3,253,118
3,253,118
3,253,117
3,253,116
3,250,112
3,250,111
3,250,110
3,250,106
3,250,105
3,248,105
3,250,106
3,250,106
3,250,106
3,250,106
3,250,106
3,250,106
3,250,106
3,250,106
3,250,106
3,250,106
3,250,106
3,250,106
3,250,106
3,250,106
3,250,108
3,250,109
3,250,110
2,250,112
3,250,113
3,251,114
3,251,115
3,251,116
2,248,116
2,248,116
3,251,116
3,251,116
2,251,116
3,253,116
3,253,117
3,253,118
3,253,119
3,253,119
3,253,119
3,253,119
3,253,120
3,253,120
3,253,121
3,253,121
3,253,121
3,253,121
3,253,121
3,253,121
3,253,121
3,251,121
3,251,121
3,251,120
3,251,119
3,253,118
3,255,117
3,255,117
3,255,117
3,255,120
3,253,121
3,253,123
3,253,123
3,253,121
3,251,120
3,248,117
3,248,114
3,250,111
3,250,107
3,250,107
3,253,107
3,255,111
3,255,114
3,253,119
3,253,123
3,253,125
3,253,125
3,251,126
3,253,126
3,253,126
3,251,127
3,253,126
3,253,126
3,253,126
3,251,126
3,251,126
3,251,126
3,251,126
3,253,126
3,253,126
3,253,126
3,253,126
3,253,125
3,253,125
3,253,125
3,253,125
3,253,124
3,253,124
3,253,124
3,253,124
3,253,124
3,253,124
3,253,123
3,253,122
3,253,122
3,253,121
3,253,121
3,253,120
3,253,120
3,251,121
3,251,121
3,251,121
3,251,122
3,251,122
3,251,122
3,251,122
3,251,122
3,251,123
3,251,123
3,251,124
3,253,124
3,253,125
3,253,125
3,253,125
3,253,126
3,253,126
3,253,127
3,253,127
3,253,127
3,253,127
3,253,127
3,253,127
3,255,127
3,255,127
3,253,128
3,253,128
3,253,130
3,251,131
3,251,131
3,251,131
3,251,131
3,253,130
3,253,130
3,253,130
3,253,130
3,253,129
3,253,128
3,253,128
3,253,127
3,253,126
3,253,125
3,253,125
3,253,125
3,253,125
3,251,125
3,251,125
3,251,126
3,251,126
3,251,127
3,251,128
3,251,129
3,255,129
3,255,129
3,255,129
3,255,129
3,253,128
3,255,127
3,255,127
3,255,127
3,255,127
3,255,127
3,253,127
3,251,126
3,251,126
3,251,125
3,253,124
3,253,122
3,253,122
3,253,121
3,253,120
3,253,119
3,253,118
3,253,117
3,253,117
3,253,116
3,255,116
3,255,116
3,255,116
3,255,116
3,255,117
3,255,117
3,255,117
3,255,117
3,253,118
3,253,119
3,253,120
3,253,120
4,255,119
4,255,118
3,253,117
3,253,116
3,251,114
3,250,111
3,250,109
3,250,106
3,250,105
3,250,105
3,250,106
3,250,106
3,250,106
3,250,106
3,250,106
3,250,106
3,250,106
3,250,106
3,250,106
3,250,106
3,250,106
3,250,106
3,250,106
3,250,108
3,250,108
3,250,109
3,253,110
3,253,112
3,253,113
3,253,114
3,251,115
3,251,116
3,251,116
3,251,116
3,251,116
3,251,116
3,251,116
3,253,117
3,253,118
3,255,119
3,255,119
3,255,120
3,253,120
3,253,120
3,253,120
3,253,120
3,253,121
3,253,121
3,253,121
3,253,121
3,253,121
3,253,121
3,253,122
3,251,122
3,251,122
3,251,121
3,253,120
3,253,119
4,255,119
4,255,119
3,255,120
3,253,122
3,253,123
3,253,124
3,253,123
3,253,122
3,251,120
3,251,118
3,251,116
3,250,112
3,250,107
3,250,107
3,253,107
3,255,109
3,255,114
3,253,119
3,253,123
3,253,125
2,251,125
3,251,126
3,251,127
3,251,127
3,251,127
3,253,127
3,253,127
3,251,127
3,251,127
3,251,127
3,251,126
3,251,126
3,251,126
3,253,126
3,253,126
3,253,126
3,253,125
3,253,125
3,253,125
3,253,125
3,253,125
3,253,124
3,253,125
3,253,124
3,253,124
3,253,124
3,253,124
3,253,123
3,253,123
3,253,123
3,253,122
3,253,121
3,253,122
3,253,122
3,251,123
3,251,123
3,251,123
3,251,124
3,251,124
3,251,123
3,251,124
3,251,124
3,251,124
3,251,124
3,253,125
3,253,125
3,253,126
3,253,126
3,253,127
3,253,127
3,253,127
3,253,127
3,253,127
3,253,127
3,253,127
3,253,127
3,255,127
3,253,127
3,253,128
3,253,128
3,253,130
3,253,130
3,251,131
3,251,131
3,253,131
3,253,130
3,253,130
3,253,130
3,253,130
3,253,130
3,253,129
3,253,128
3,253,128
3,253,126
3,253,125
3,255,125
3,253,125
3,253,125
3,251,125
3,251,125
3,251,126
3,249,126
3,251,127
3,251,128
3,251,128
3,255,129
3,255,129
3,255,128
3,255,128
3,253,128
3,253,127
3,253,127
3,255,127
3,255,127
3,255,127
3,253,127
3,251,126
3,251,126
3,251,126
3,251,125
3,253,122
3,253,122
3,253,121
3,253,120
3,253,119
3,253,117
3,253,117
3,253,117
3,253,116
3,253,116
3,253,117
3,253,117
3,255,117
3,255,117
3,255,117
3,255,117
3,255,117
3,253,118
3,253,119
3,253,120
3,253,120
4,255,119
4,255,118
3,253,117
3,253,116
3,251,114
3,250,111
3,250,108
3,250,106
3,250,105
3,250,105
3,250,105
3,250,106
3,250,106
3,250,106
3,250,106
3,250,106
3,250,106
3,250,106
3,250,106
3,250,106
3,250,106
3,250,106
3,250,108
3,250,108
3,250,109
3,250,110
2,250,112
2,250,112
3,253,113
3,253,114
3,253,114
3,253,116
3,253,116
3,253,116
3,251,116
3,251,116
3,251,116
3,253,117
3,253,119
3,253,119
3,253,120
3,253,120
3,253,120
3,253,120
3,253,120
3,253,120
3,253,120
3,253,121
3,253,121
3,253,121
3,253,121
3,253,122
3,253,122
3,253,122
3,253,122
3,253,122
3,253,123
3,253,121
3,253,121
3,253,121
3,253,123
3,253,124
3,253,124
3,253,124
3,251,124
3,251,123
3,251,121
3,251,119
3,251,116
3,250,112
3,250,107
3,250,107
3,253,107
3,253,108
3,253,112
3,253,116
3,253,121
3,253,125
3,251,125
3,251,126
3,251,127
3,251,127
3,251,127
3,253,127
3,251,127
3,251,127
3,251,127
3,251,127
3,251,126
3,251,126
3,251,126
3,251,126
3,253,126
3,253,126
3,253,125
3,253,125
3,253,125
3,253,125
3,253,125
3,253,125
3,253,125
3,253,125
3,253,124
3,253,124
3,253,124
3,253,123
3,253,123
3,253,123
3,253,123
3,253,124
3,253,124
3,253,124
3,253,124
3,251,125
3,251,125
3,251,125
3,251,125
3,251,125
3,251,124
3,251,124
3,251,124
3,251,125
3,253,125
3,253,125
3,253,127
3,253,127
3,253,127
3,253,128
3,253,128
3,253,128
3,253,127
3,253,127
3,253,127
3,253,126
3,253,127
3,253,127
3,253,127
3,253,128
3,253,130
3,253,131
3,251,131
3,251,131
3,251,131
3,253,131
3,253,130
3,253,130
3,253,130
3,253,130
3,253,129
3,253,128
3,253,128
3,253,127
3,253,125
3,255,125
3,255,124
3,255,124
3,253,124
3,251,125
3,251,126
3,249,126
3,249,127
3,251,127
3,251,128
3,255,128
3,255,128
3,255,128
3,255,128
3,253,127
3,253,127
3,253,127
3,255,127
3,255,127
3,255,127
3,255,127
3,253,126
3,251,126
3,251,126
3,251,125
3,253,122
3,253,122
3,253,120
3,253,120
3,253,118
3,253,117
3,253,117
3,253,116
3,253,116
3,253,116
3,253,116
3,253,117
3,253,117
3,253,117
3,253,117
3,253,117
3,253,117
3,253,117
3,253,119
3,253,120
3,253,120
3,253,119
3,253,118
3,253,117
3,251,116
3,253,114
3,250,110
3,253,107
3,250,106
3,250,104
3,250,105
3,250,105
3,250,106
3,250,106
3,250,106
3,250,106
3,250,106
3,250,106
3,253,106
3,253,106
3,253,108
3,253,108
3,250,108
3,250,108
3,250,109
3,250,110
3,253,111
2,250,112
2,250,112
3,253,113
3,253,113
3,253,114
3,253,115
3,253,116
3,253,116
3,253,116
3,251,116
3,251,117
3,253,119
3,253,119
3,253,120
3,253,120
3,253,120
3,253,120
3,253,120
3,253,120
3,253,120
3,253,120
3,253,121
3,253,121
3,253,121
3,253,121
3,253,122
3,253,122
3,253,122
3,253,123
3,253,124
3,253,124
3,253,124
3,253,124
3,253,124
3,253,124
3,253,125
3,253,125
3,253,124
3,253,124
3,253,122
3,253,121
3,251,120
3,251,116
3,250,113
3,250,109
3,250,107
3,250,107
3,253,108
3,253,111
3,253,114
3,253,119
2,251,125
3,251,125
2,249,127
3,251,127
3,251,127
3,251,127
3,251,127
3,251,127
3,251,127
3,251,127
3,251,127
3,251,126
3,251,126
3,251,126
3,251,126
3,251,126
3,253,125
3,253,125
3,253,124
3,253,125
3,253,125
3,253,125
3,253,125
3,253,125
3,253,125
3,253,124
3,253,124
3,253,123
3,255,123
3,255,123
3,255,123
3,253,124
3,253,125
3,253,125
3,253,125
3,253,125
3,253,125
3,253,125
3,251,125
3,251,125
3,251,125
3,251,125
3,251,124
3,251,125
3,253,125
3,253,125
3,253,127
3,253,127
3,253,127
3,253,128
3,253,128
3,253,128
3,253,128
3,253,128
3,253,127
3,253,127
3,253,126
3,253,126
3,253,127
3,253,127
3,253,128
3,253,130
3,251,131
3,251,131
3,251,131
3,251,131
3,251,131
3,253,131
3,253,131
3,253,131
3,251,131
3,251,130
3,253,129
3,253,128
3,253,127
3,253,126
3,255,124
3,255,124
3,255,123
3,255,123
3,251,124
3,251,125
3,249,126
3,251,126
3,251,127
3,251,127
3,255,127
3,255,127
3,255,127
3,253,127
3,253,127
3,253,127
3,253,127
3,255,127
3,255,127
3,255,127
3,255,127
3,253,126
3,251,126
3,251,126
3,251,125
3,253,122
3,253,122
3,253,120
3,253,119
3,253,118
3,253,117
3,253,116
3,253,116
3,253,116
3,253,116
3,253,116
3,253,117
3,253,117
3,253,117
3,253,117
3,253,117
3,253,117
3,251,117
3,253,118
3,253,119
3,253,119
3,253,119
3,253,118
3,253,117
3,253,115
4,253,112
4,253,110
3,253,106
3,250,105
3,250,104
3,250,105
3,250,105
3,250,106
3,250,106
3,250,106
3,250,106
3,250,106
3,253,106
3,253,107
3,253,109
3,253,109
3,253,109
3,250,109
3,250,110
3,250,110
3,253,111
3,253,112
3,253,112
3,253,112
3,253,113
3,253,113
3,253,114
3,253,114
3,253,115
3,253,115
3,251,116
3,248,117
3,249,118
3,251,119
3,253,119
3,253,120
3,253,120
3,253,120
3,253,120
3,253,120
3,253,120
3,253,120
3,253,120
3,253,120
3,253,121
3,253,121
3,253,121
3,253,121
3,255,122
3,253,123
3,253,124
3,253,124
3,253,124
3,253,124
3,253,125
3,253,125
3,253,125
3,253,125
3,253,125
3,253,125
3,251,124
3,251,124
3,251,121
3,251,120
3,251,119
3,248,115
3,248,111
3,248,108
3,250,108
3,253,108
3,255,110
3,255,112
3,253,117
3,251,122
2,249,125
2,249,127
2,249,127
3,251,128
3,251,128
3,253,127
3,253,127
3,253,127
3,253,127
3,251,127
3,251,127
3,251,127
3,251,126
3,251,126
3,253,126
3,253,125
3,253,125
3,253,124
3,253,125
3,253,125
3,253,125
3,253,125
3,253,125
3,253,125
3,253,124
3,253,124
3,253,123
3,255,123
3,255,123
3,253,124
3,253,124
3,253,125
3,253,125
3,253,125
3,253,125
3,253,125
3,253,125
3,253,125
3,251,125
3,251,125
3,251,125
3,251,125
3,253,125
3,253,125
3,253,127
3,253,127
3,253,127
3,253,130
3,253,130
3,253,128
3,253,128
3,253,128
3,253,127
3,253,127
3,253,126
3,253,126
3,253,126
3,253,127
3,253,128
3,253,128
3,253,130
3,251,131
3,251,131
3,251,132
3,251,132
3,251,132
3,251,132
3,251,131
3,251,131
3,251,131
3,251,131
3,253,130
3,251,128
3,253,127
3,253,126
3,255,124
3,255,123
3,255,122
3,255,121
3,253,122
3,251,124
3,249,125
3,251,125
3,251,126
3,251,126
3,253,126
3,255,127
3,253,126
3,253,126
3,253,127
3,253,127
3,253,127
3,255,127
3,253,127
3,255,127
3,253,127
3,253,127
3,251,127
3,251,126
3,251,125
3,253,123
3,253,122
3,253,121
3,253,120
3,253,118
3,253,117
3,251,117
3,253,117
3,253,116
3,253,116
3,253,116
3,253,117
3,253,117
3,251,117
3,251,117
3,251,117
3,251,117
3,251,117
3,253,117
3,253,119
3,253,119
3,253,119
3,253,118
3,253,117
3,253,115
4,253,111
3,253,109
3,253,106
3,253,105
3,250,104
3,250,105
3,250,105
3,250,106
3,250,106
3,250,106
3,250,106
3,253,106
3,253,108
3,253,109
3,253,109
3,253,109
3,253,109
3,250,110
3,250,111
3,250,111
3,253,112
3,253,112
3,253,112
3,250,113
3,253,113
3,253,113
3,253,113
3,253,114
3,253,115
3,253,115
3,251,116
3,249,118
3,249,118
3,251,119
3,253,119
3,253,119
3,253,120
3,253,120
3,253,120
3,253,120
3,253,120
3,253,120
3,253,120
3,253,120
3,253,121
3,253,121
3,253,121
3,253,122
3,253,123
3,253,123
3,253,124
3,253,124
3,253,125
3,253,125
3,253,126
3,253,126
3,253,125
3,253,125
3,251,125
3,251,125
3,251,124
3,251,124
3,251,122
3,251,121
3,251,119
3,248,116
3,248,114
3,248,111
3,248,109
3,253,109
3,255,111
3,255,112
3,255,115
3,251,121
2,249,125
2,249,126
3,251,127
3,251,127
3,251,128
3,253,127
3,253,127
3,253,127
3,253,127
3,253,127
3,253,127
3,253,127
3,253,127
3,251,127
3,253,126
3,253,126
3,253,125
3,253,124
3,253,125
3,253,125
3,253,125
3,253,125
3,253,125
3,253,125
3,253,124
3,253,124
3,253,123
3,255,123
3,255,123
3,253,124
3,253,125
3,253,125
3,253,125
3,253,125
3,253,125
3,253,125
3,253,125
3,253,125
3,251,125
3,251,125
3,251,125
3,253,125
3,253,125
3,253,125
3,253,127
3,253,127
3,253,129
3,253,130
3,253,130
3,253,129
3,253,128
3,253,127
3,251,127
3,251,127
3,251,127
3,253,126
3,253,127
3,253,127
3,253,128
3,253,129
3,253,130
3,253,131
3,251,131
3,251,132
3,251,132
3,251,132
3,251,132
3,251,131
3,253,131
3,251,131
3,253,131
3,253,130
3,253,128
3,253,127
3,253,126
3,255,125
3,255,123
3,255,121
3,255,121
3,255,121
3,251,122
3,251,123
3,251,124
3,251,124
3,253,125
3,253,125
3,253,126
3,253,126
3,253,126
3,251,126
3,251,127
3,253,127
3,253,127
3,253,127
3,253,127
3,253,127
3,253,126
3,253,126
3,251,126
3,251,125
3,253,124
3,253,122
3,253,121
3,253,120
3,253,119
3,251,118
3,251,117
3,253,117
3,253,116
3,253,116
3,253,116
3,253,116
3,253,117
3,251,117
3,251,117
3,251,117
3,251,117
3,251,117
3,253,117
3,253,118
3,253,118
3,253,118
3,253,118
3,253,116
3,253,114
3,253,111
3,253,109
3,253,106
3,253,105
3,250,104
3,250,105
3,250,106
3,250,106
3,250,106
3,250,106
3,253,106
3,253,107
3,253,109
3,253,109
3,253,109
3,253,110
3,250,110
3,250,111
3,250,111
3,250,112
3,250,113
3,250,113
3,250,113
3,250,113
3,250,113
3,253,113
3,253,113
3,253,113
3,253,114
3,253,115
3,251,117
3,249,118
3,249,118
3,251,118
3,253,119
3,253,119
3,253,120
3,253,120
3,253,120
3,253,120
3,253,120
3,253,120
3,253,120
3,253,120
3,253,121
3,253,121
3,253,121
3,253,122
3,255,123
3,253,124
3,253,124
3,253,124
3,253,125
3,253,125
3,253,126
3,253,126
3,253,126
3,253,126
3,251,126
3,251,125
3,251,125
3,251,124
3,251,124
3,251,121
3,251,120
3,249,119
2,246,116
2,246,114
3,248,111
3,253,111
3,255,111
3,255,114
3,255,115
3,253,120
3,251,124
3,251,126
3,251,126
3,251,127
3,251,127
3,251,128
3,253,128
3,253,128
3,253,128
3,253,128
3,253,128
3,253,128
3,253,128
3,253,128
3,253,127
3,253,126
3,253,126
3,253,125
3,253,125
3,253,125
3,253,125
3,253,125
3,253,125
3,253,125
3,253,124
3,253,124
3,253,124
3,253,123
3,253,124
3,253,125
3,253,125
3,253,125
3,253,125
3,253,125
3,253,125
3,253,125
3,253,125
3,253,125
3,253,125
3,253,125
3,253,125
3,253,125
3,253,125
3,253,125
3,255,126
3,255,127
3,255,127
3,255,129
3,255,129
3,255,129
3,255,128
3,255,127
3,253,127
3,251,127
3,251,127
3,253,127
3,253,127
3,253,128
3,253,129
3,253,130
3,253,130
3,251,131
3,251,131
3,251,132
3,251,132
3,251,132
3,251,132
3,251,131
3,253,131
3,253,131
3,253,131
3,253,130
3,253,128
3,253,127
3,253,126
3,253,125
3,255,123
3,255,121
3,255,121
3,255,121
3,253,121
3,251,122
3,251,123
3,251,123
3,253,124
3,253,124
3,253,125
3,253,125
3,253,126
3,251,126
3,251,126
3,253,127
3,253,127
3,253,127
3,253,127
3,253,127
3,253,126
3,253,126
3,253,125
3,253,125
3,253,124
3,253,122
3,253,122
3,253,121
3,253,119
3,253,118
3,251,118
3,253,118
3,253,117
3,253,116
3,253,116
3,253,117
3,253,117
3,253,117
3,253,117
3,253,117
3,253,117
3,253,117
3,253,117
3,253,118
3,253,118
3,253,118
3,253,117
3,253,116
3,253,114
3,253,111
3,253,109
3,253,107
3,253,105
3,250,105
3,250,105
3,250,106
3,250,106
3,250,106
3,250,106
3,253,108
3,253,109
3,253,109
3,253,110
3,253,110
3,253,110
3,250,111
3,250,111
3,250,113
3,250,113
3,250,113
3,250,113
3,250,113
3,250,113
3,250,113
3,253,113
3,253,113
3,255,113
3,255,114
3,253,115
3,249,118
3,249,118
3,249,118
3,251,118
3,253,118
3,253,117
3,255,118
3,253,119
3,253,120
3,253,120
3,253,120
3,253,120
3,253,120
3,253,120
3,253,121
3,253,121
3,253,121
3,253,123
3,255,123
3,253,124
3,253,124
3,253,125
3,253,125
3,253,126
3,253,126
3,253,126
3,253,126
3,253,127
3,251,127
3,251,126
3,251,125
3,251,125
3,251,124
3,251,122
3,251,122
3,249,120
3,246,118
2,246,116
3,248,114
3,250,113
3,255,114
3,255,115
3,255,117
3,253,120
3,251,123
3,251,125
3,251,126
3,251,127
3,251,127
3,251,128
3,251,128
3,253,128
3,253,128
3,253,128
3,253,130
3,253,130
3,253,129
3,253,128
3,253,128
3,251,127
3,251,126
3,253,126
3,253,125
3,253,125
3,253,125
3,253,125
3,253,125
3,253,125
3,253,124
3,253,124
3,253,124
3,253,124
3,253,124
3,253,125
3,253,125
3,253,125
3,253,125
3,253,125
3,253,125
3,253,125
3,253,125
3,253,125
3,253,125
3,253,125
3,253,125
3,253,125
3,253,125
3,253,125
3,255,126
3,255,127
3,255,127
3,255,128
3,255,129
3,255,128
3,255,128
3,255,127
3,253,127
3,253,127
3,253,127
3,253,127
3,253,128
3,253,129
3,253,130
3,253,130
3,251,131
3,251,131
3,251,132
3,251,132
3,251,132
3,251,132
3,251,132
3,251,131
3,253,131
3,253,131
3,253,130
3,253,129
3,253,128
3,253,127
3,253,126
3,253,126
3,255,123
3,255,122
3,255,120
3,255,120
3,255,120
3,253,121
3,253,122
3,253,122
3,253,123
3,253,124
3,253,124
3,253,124
3,253,125
3,253,125
3,253,126
3,253,126
3,253,126
3,253,126
3,253,126
3,253,126
3,253,126
3,253,126
3,253,125
3,253,125
3,253,124
3,253,124
3,253,122
3,253,121
3,253,120
3,253,119
3,253,118
3,253,118
3,253,118
3,253,117
3,253,117
3,253,117
3,253,117
3,253,117
3,253,117
3,253,117
3,253,117
3,253,117
3,253,117
3,255,118
3,255,118
4,255,117
3,253,117
4,255,116
3,253,114
4,255,111
3,253,109
3,253,107
3,253,106
3,250,105
3,250,106
3,250,106
3,250,106
3,250,106
3,250,107
3,253,109
3,253,109
3,253,110
3,253,110
3,253,110
3,253,111
3,250,112
3,250,112
3,250,113
3,250,113
3,250,113
3,250,113
3,250,113
3,250,113
3,250,113
3,253,113
3,255,113
3,255,113
3,255,114
3,255,114
3,251,117
3,248,117
3,249,118
3,253,118
3,253,117
3,255,117
3,255,117
3,255,117
3,255,119
3,255,119
3,253,120
3,253,120
3,253,120
3,253,120
3,253,121
3,253,121
3,253,123
3,253,123
3,253,124
3,253,124
3,253,125
3,253,125
3,253,125
3,253,126
3,253,126
3,253,127
3,253,127
3,251,127
3,251,127
3,251,127
3,251,126
3,251,126
3,251,125
3,251,124
3,251,124
3,249,122
3,247,121
3,246,118
3,246,117
3,251,115
3,253,115
3,255,117
3,253,120
3,253,120
3,253,123
3,251,125
3,251,126
3,251,126
3,251,127
3,251,127
3,251,128
3,253,128
3,253,128
3,253,130
3,253,130
3,253,130
3,253,129
3,253,128
3,251,128
3,251,128
3,251,127
3,253,126
3,253,125
3,253,125
3,253,125
3,253,125
3,253,125
3,253,124
3,253,124
3,253,124
3,253,124
3,253,124
3,253,125
3,253,125
3,253,125
3,253,125
3,253,125
3,253,125
3,253,125
3,253,125
3,253,125
3,253,125
3,253,125
3,253,125
3,253,125
3,253,125
3,253,125
3,253,125
3,255,126
3,255,126
3,255,127
3,255,127
3,255,127
3,255,128
3,255,128
3,255,128
3,253,127
3,253,127
3,253,127
3,253,128
3,253,129
3,253,130
3,253,130
3,253,130
3,251,131
3,251,131
3,251,132
3,251,132
3,251,132
3,251,132
3,251,131
3,251,131
3,253,131
3,253,130
3,253,128
3,253,128
3,253,128
3,253,127
3,253,126
3,253,126
3,253,124
3,255,123
3,255,120
3,255,120
3,255,120
3,253,121
3,253,122
3,253,122
3,253,122
3,253,123
3,253,123
3,253,123
3,253,124
3,253,124
3,253,125
3,253,125
3,253,126
3,253,126
3,253,126
3,253,126
3,253,126
3,253,125
3,251,125
3,253,125
3,253,125
3,253,124
3,253,122
3,251,122
3,253,121
3,253,120
3,253,119
3,253,118
3,253,118
3,253,118
3,253,118
3,253,118
3,253,118
3,253,117
3,253,117
3,253,117
3,253,117
3,253,117
3,253,118
3,255,118
3,255,118
4,255,117
3,253,117
3,253,116
3,253,114
3,253,111
3,253,109
3,253,108
3,253,106
3,250,106
3,250,106
3,250,106
3,250,106
3,250,107
3,250,108
3,253,109
3,253,109
3,253,110
3,253,110
3,253,111
3,253,111
3,253,112
3,250,113
3,250,113
3,250,113
3,250,113
3,250,113
3,250,113
3,250,113
3,250,113
3,250,113
3,255,113
3,255,113
3,255,114
3,255,114
3,253,116
3,253,116
3,253,116
3,253,116
3,255,116
3,255,116
3,255,117
3,255,117
3,255,117
3,255,118
3,253,119
3,253,120
3,253,120
3,253,120
3,253,121
3,253,121
3,253,123
3,253,123
3,253,124
3,253,124
3,253,125
3,253,125
3,253,126
3,253,126
3,253,127
3,253,127
3,253,128
3,251,128
3,251,128
3,251,128
3,251,127
3,251,126
3,251,126
3,251,125
3,251,124
3,251,124
3,249,122
3,249,121
3,249,120
3,251,118
3,253,118
3,253,120
3,253,120
3,253,122
3,253,123
3,253,124
3,253,125
3,251,126
3,251,126
3,251,126
3,251,127
3,251,128
3,253,128
3,253,130
3,253,130
3,253,130
3,253,129
3,253,128
3,251,128
3,251,128
2,251,127
3,253,126
3,253,126
3,253,125
3,253,125
3,253,125
3,253,125
3,253,124
3,253,124
3,253,124
3,253,124
3,253,124
3,253,125
3,253,125
3,253,125
3,253,125
3,253,125
3,253,125
3,253,125
3,253,125
3,253,125
3,253,125
3,253,125
3,253,125
3,253,125
3,253,125
3,253,125
3,253,125
3,255,125
3,255,126
3,255,126
3,255,127
3,255,127
3,255,128
3,253,129
3,253,128
3,253,128
3,253,128
3,253,128
3,253,128
3,253,129
3,253,130
3,253,130
3,253,130
3,253,130
3,253,131
3,251,131
3,251,132
3,251,131
3,251,131
3,251,131
3,251,131
3,253,130
3,253,129
3,253,128
3,253,128
3,253,127
3,253,127
3,253,126
3,253,126
3,253,124
3,255,123
3,255,121
3,255,120
3,255,120
3,253,121
3,253,121
3,253,122
3,253,122
3,253,122
3,253,122
3,253,123
3,253,123
3,253,124
3,253,124
3,253,125
3,253,125
3,253,125
3,253,126
3,253,126
3,253,125
3,253,125
3,251,125
3,253,125
3,253,125
3,253,124
3,253,123
3,251,122
3,253,121
3,253,120
3,253,120
3,253,119
3,253,119
3,253,119
3,253,119
3,253,119
3,253,119
3,253,119
3,253,119
3,253,120
3,253,120
3,253,120
3,255,119
3,255,118
4,255,118
3,253,117
3,253,117
3,253,116
3,253,115
3,253,111
3,253,110
3,253,108
3,253,107
3,253,106
3,250,106
3,250,106
3,250,108
3,250,108
3,253,109
3,253,109
3,253,110
3,253,110
3,253,111
3,253,112
3,253,112
3,253,113
3,250,113
3,250,113
3,251,114
2,248,114
2,248,114
2,248,114
3,251,114
3,251,114
3,255,114
3,255,114
3,255,114
3,255,114
3,255,115
3,255,115
3,255,116
3,255,116
3,255,116
3,255,116
3,255,116
3,255,116
3,255,117
3,255,118
3,253,118
3,253,119
3,253,120
3,253,120
3,253,121
3,253,121
3,253,123
3,253,124
3,253,124
3,253,124
3,253,125
3,253,125
3,253,126
3,253,127
3,253,127
3,253,128
3,253,128
3,253,128
3,251,128
3,249,128
3,249,128
3,251,127
3,251,126
3,251,126
3,251,125
3,251,124
3,251,124
3,251,122
3,251,122
3,253,121
3,253,120
3,253,121
3,253,122
3,253,123
3,253,124
3,251,125
3,251,125
3,251,126
3,251,126
3,251,126
3,251,126
3,251,127
3,253,128
3,253,128
3,253,128
3,253,128
3,253,128
3,253,128
3,251,128
3,251,127
2,251,126
2,251,126
3,253,126
3,253,126
3,253,125
3,253,125
3,253,125
3,253,124
3,253,124
3,253,124
3,253,125
3,253,125
3,253,125
3,253,125
3,253,125
3,253,125
3,253,125
3,253,125
3,253,125
3,253,125
3,253,125
3,253,125
3,253,125
3,253,125
3,253,125
3,253,125
3,253,125
3,253,125
3,253,125
3,255,125
3,255,126
3,255,126
3,255,127
3,253,128
3,253,129
3,251,129
3,251,129
3,253,128
3,253,128
3,253,129
3,253,129
3,253,130
3,253,130
3,253,130
3,253,130
3,253,131
3,251,131
3,251,131
3,251,131
3,251,131
3,251,130
3,253,130
3,253,128
3,253,128
3,253,128
3,253,128
3,253,127
3,253,126
3,253,126
3,253,125
3,253,124
3,253,123
3,255,121
3,255,120
3,255,120
3,253,120
3,253,121
3,253,121
3,253,121
3,253,121
3,253,122
3,253,122
3,253,123
3,253,123
3,253,124
3,253,124
3,253,125
3,253,125
3,253,125
3,253,125
3,253,125
3,251,126
3,251,126
3,251,125
3,251,125
3,251,124
3,251,123
3,251,122
3,253,121
3,253,120
3,253,120
3,253,119
3,253,119
3,253,119
3,253,120
3,253,120
3,253,120
3,253,120
3,253,120
3,253,120
3,253,120
3,253,120
3,253,120
3,253,119
3,253,118
3,253,117
3,251,117
3,251,116
3,251,115
4,253,112
3,253,110
3,253,108
3,253,107
3,250,106
3,250,106
3,250,108
3,250,108
3,250,109
3,253,109
3,253,110
3,253,110
3,253,111
3,255,112
3,253,112
3,253,113
3,253,113
3,251,114
3,251,114
2,248,114
2,248,114
2,248,114
3,251,114
3,251,114
3,253,114
3,255,114
3,255,114
3,255,114
3,255,115
3,255,115
3,255,115
3,255,115
3,255,115
3,255,115
3,255,116
3,255,116
3,255,116
3,255,117
3,255,118
3,255,118
3,255,119
3,253,120
3,255,121
3,253,121
3,253,123
3,253,124
3,253,124
3,253,124
3,253,125
3,253,125
3,253,126
3,253,127
3,253,128
3,253,128
3,253,128
3,253,128
3,253,128
3,251,128
3,251,128
3,251,128
3,251,127
3,251,126
3,251,126
3,251,125
3,251,124
3,251,124
3,251,123
3,253,122
3,253,122
3,251,122
3,251,123
3,251,123
3,251,124
3,251,125
3,251,126
3,251,126
3,251,126
3,251,125
3,251,125
3,253,125
3,253,126
3,253,126
3,253,126
3,253,125
3,253,125
3,251,125
3,251,125
3,251,125
3,251,126
2,251,126
3,253,126
3,253,125
3,253,125
3,253,125
3,253,124
3,253,124
3,253,124
3,253,124
3,253,125
3,253,125
3,253,124
3,253,125
3,253,125
3,253,125
3,253,125
3,253,125
3,253,125
3,253,125
3,253,125
3,253,125
3,253,125
3,253,125
3,253,125
3,253,125
3,253,125
3,253,125
3,253,125
3,255,125
3,255,126
3,255,126
3,253,127
3,251,128
3,249,129
3,249,129
3,249,129
3,251,129
3,253,129
3,253,129
3,253,129
3,253,129
3,253,130
3,253,130
3,253,130
3,253,130
3,253,130
3,253,130
3,253,130
3,253,130
3,253,130
3,253,128
3,253,128
3,253,128
3,253,127
3,253,127
3,253,126
3,253,126
3,253,125
3,253,125
3,253,124
3,253,124
3,253,121
3,255,121
3,253,121
3,253,121
3,253,121
3,253,121
3,253,121
3,253,121
3,253,121
3,253,121
3,253,123
3,253,123
3,253,124
3,253,124
3,253,125
3,253,125
3,253,125
3,253,125
3,253,125
3,251,126
3,251,126
3,251,125
3,251,125
3,251,124
3,251,123
3,251,122
3,251,121
3,253,120
3,253,120
3,253,119
3,253,119
3,253,119
3,253,120
3,253,120
3,253,120
3,253,120
3,253,120
3,253,120
3,253,120
3,253,120
3,253,120
3,253,119
3,253,118
3,251,118
3,251,117
3,248,116
3,248,115
3,250,112
3,250,110
3,253,108
3,255,106
3,250,106
3,250,106
3,250,106
3,250,108
3,250,109
3,253,109
3,253,109
3,253,110
3,253,111
3,255,112
3,253,112
3,253,113
3,250,113
3,251,114
2,251,114
2,248,114
2,248,115
2,248,115
3,251,115
3,251,115
3,253,114
3,255,114
3,255,114
3,255,114
3,255,115
3,255,115
3,255,115
3,255,115
3,255,115
3,255,115
3,255,115
3,255,116
3,255,116
3,255,116
3,255,117
3,255,118
3,255,119
3,253,120
3,255,121
3,253,121
3,253,121
3,253,124
3,253,124
3,253,124
3,253,125
3,253,125
3,253,126
3,253,127
3,253,128
3,253,128
3,253,128
3,253,128
3,253,128
3,251,128
3,251,128
3,251,128
3,249,128
3,249,127
3,249,127
3,251,126
3,251,125
3,251,124
3,253,124
3,253,124
3,253,123
3,251,123
3,251,124
3,251,125
3,251,125
3,251,126
3,251,126
3,251,126
3,251,125
3,251,125
3,251,125
3,253,125
3,253,125
3,255,124
3,255,124
3,253,123
3,253,122
3,251,122
3,251,122
3,251,125
2,251,125
2,251,125
3,253,125
3,253,125
3,253,125
3,253,124
3,253,124
3,253,124
3,253,124
3,253,125
3,253,125
3,253,124
3,253,124
3,253,124
3,253,124
3,253,124
3,253,125
3,253,125
3,253,125
3,253,125
3,253,125
3,253,125
3,253,125
3,253,125
3,253,125
3,253,124
3,253,124
3,253,124
3,255,125
3,255,125
3,255,125
3,255,125
3,253,126
3,251,128
3,249,129
3,249,129
3,249,129
3,251,129
3,251,129
3,253,129
3,253,129
3,253,129
3,255,129
3,255,129
3,255,129
3,253,130
3,253,130
3,253,130
3,253,130
3,253,130
3,253,129
3,253,128
3,253,128
3,253,127
3,253,126
3,253,126
3,253,125
3,253,125
3,253,125
3,253,125
3,253,124
3,253,124
3,253,123
3,253,121
3,253,121
3,253,121
3,253,121
3,253,120
3,253,120
3,253,121
3,253,121
3,253,121
3,253,123
3,253,124
3,253,124
3,253,125
3,253,125
3,253,125
3,251,126
3,253,125
3,253,125
3,251,125
3,251,125
3,251,125
3,251,125
3,251,124
3,251,123
3,251,122
3,253,121
3,253,120
3,253,119
3,253,119
3,253,119
3,253,119
3,253,119
3,253,119
3,253,120
3,253,120
3,253,120
3,253,120
3,253,120
3,253,120
3,253,119
3,253,119
3,253,118
3,251,118
3,251,117
3,248,116
3,248,114
3,250,112
3,250,110
3,250,108
3,253,106
3,250,105
3,250,106
3,250,106
3,250,108
3,250,108
3,253,109
3,255,109
3,253,110
3,255,111
3,253,112
3,253,113
2,250,113
3,251,114
3,251,114
2,251,114
3,251,115
2,248,115
2,248,115
2,248,115
2,248,115
3,251,115
3,253,115
3,255,114
3,255,115
3,255,115
3,255,115
3,255,115
3,255,115
3,255,115
3,255,115
3,255,115
3,255,116
3,255,116
3,255,116
3,253,117
3,255,118
3,255,118
3,255,120
3,255,120
3,255,121
3,253,121
3,253,123
3,253,124
3,253,124
3,253,124
3,253,125
3,251,126
3,251,127
3,251,128
3,251,128
3,253,128
3,253,128
3,251,128
3,251,128
3,251,128
3,251,128
3,249,128
3,249,128
3,249,127
3,249,127
3,251,126
3,253,125
3,253,125
3,253,124
3,251,125
3,251,125
3,251,125
3,251,126
3,249,127
3,249,128
3,251,126
3,251,126
3,251,126
3,251,125
3,251,125
3,251,124
3,253,124
3,253,123
3,253,120
3,253,119
3,253,117
3,253,117
3,251,117
3,251,120
3,251,122
2,251,124
2,251,124
3,253,124
3,253,124
3,253,124
3,253,124
3,253,125
3,253,125
3,253,125
3,253,125
3,253,124
3,253,124
3,253,124
3,255,124
3,255,124
3,253,124
3,253,124
3,253,125
3,253,125
3,253,125
3,253,125
3,253,125
3,253,125
3,253,124
3,253,124
3,253,124
3,253,124
3,255,124
3,255,124
3,255,124
3,253,125
3,253,126
3,251,127
3,251,128
3,249,129
3,247,129
3,251,129
3,251,129
3,251,128
3,253,127
3,253,127
3,255,127
3,255,128
3,255,129
3,253,129
3,253,130
3,253,130
3,253,130
3,253,129
3,253,128
3,253,128
3,253,128
3,253,126
3,253,126
3,253,126
3,253,125
3,253,125
3,253,125
3,253,125
3,253,124
3,253,124
3,253,124
3,253,122
3,253,121
3,253,121
3,253,121
3,253,121
3,253,120
3,253,121
3,253,121
3,253,121
3,253,123
3,253,124
3,253,125
3,253,125
3,251,126
3,251,126
3,251,126
3,253,125
3,253,125
3,251,125
3,251,125
3,251,125
3,251,125
3,251,124
3,251,122
3,251,122
3,253,121
3,253,119
3,253,119
3,253,118
3,253,118
3,253,118
3,253,118
3,253,118
3,253,118
3,253,118
3,253,118
3,253,118
3,253,118
3,253,118
3,253,118
3,253,118
3,253,118
3,251,118
3,251,117
3,248,115
3,248,114
3,250,112
3,250,110
3,250,108
3,250,106
2,248,104
2,248,105
3,250,106
3,250,107
3,250,108
3,253,109
3,253,109
3,253,110
3,253,111
3,253,112
3,253,112
3,253,113
3,253,114
2,251,114
2,251,114
3,251,114
3,251,115
2,248,115
2,248,115
2,248,115
3,251,115
3,251,115
3,253,115
3,253,115
3,255,115
3,255,115
3,255,115
3,255,115
3,255,115
3,255,115
3,255,115
3,255,116
3,253,116
3,253,117
3,253,117
3,253,118
3,255,119
3,253,120
3,255,120
3,255,121
3,255,121
3,255,121
3,255,123
3,253,124
3,253,124
3,253,125
3,253,126
3,251,127
3,251,127
3,251,127
3,251,128
3,251,128
3,251,128
3,251,128
3,251,128
3,251,128
3,249,128
3,249,128
3,247,128
3,247,128
3,249,128
3,251,126
3,251,126
3,251,125
3,251,125
3,251,126
3,251,127
3,249,128
3,249,128
3,249,128
3,249,128
3,251,127
3,251,126
3,251,125
3,251,125
3,251,124
3,251,122
3,253,120
3,253,118
3,253,116
3,253,113
3,253,113
3,250,113
3,253,115
3,251,118
3,251,121
2,251,124
3,253,124
3,253,124
3,253,124
3,253,124
3,253,124
3,253,124
3,253,125
3,253,125
3,253,124
3,253,124
3,255,124
3,255,123
3,255,124
3,253,124
3,253,124
3,253,124
3,253,125
3,253,125
3,253,125
3,253,125
3,253,124
3,253,124
3,253,124
3,253,124
3,255,123
3,255,123
3,255,123
3,255,124
3,253,125
3,253,125
3,251,126
3,251,127
3,249,128
3,249,129
3,251,129
3,251,129
3,251,128
3,251,127
3,253,127
3,253,127
3,253,127
3,253,128
3,253,129
3,253,129
3,253,130
3,253,128
3,253,128
3,253,128
3,253,128
3,253,127
3,253,126
3,253,126
3,253,125
3,253,125
3,253,125
3,253,125
3,253,125
3,253,124
3,253,124
3,253,124
3,253,124
3,253,122
3,253,121
3,253,121
3,253,121
3,253,120
3,253,120
3,251,121
3,253,121
3,253,124
3,253,124
3,253,125
3,253,125
3,251,126
3,251,126
3,251,126
3,251,126
3,251,125
3,251,125
3,251,125
3,251,125
3,251,125
3,251,124
3,251,122
3,251,121
3,253,119
3,253,119
3,255,118
3,255,118
3,255,118
3,255,118
3,255,118
3,253,118
3,253,118
3,253,118
3,253,118
3,255,117
3,255,117
3,255,117
3,253,118
3,253,118
3,253,118
3,253,118
3,251,116
3,251,115
3,248,114
3,248,112
3,248,110
3,250,108
3,250,106
2,248,104
2,248,105
2,248,106
3,250,108
3,250,109
3,253,109
3,253,109
3,253,111
3,253,112
3,253,112
3,253,113
3,253,114
3,253,114
3,253,114
3,251,115
3,251,115
3,251,115
3,248,116
3,248,116
3,248,115
3,251,115
2,251,115
2,251,115
2,251,115
2,251,115
2,251,115
3,255,115
3,255,116
3,255,116
3,255,116
3,253,116
3,253,117
3,253,117
3,253,118
3,253,119
3,253,120
3,253,120
3,253,120
3,255,120
3,255,121
3,255,121
3,255,121
3,255,124
3,253,124
3,253,125
3,253,125
3,251,126
3,251,126
3,251,127
3,251,127
3,251,127
3,251,127
3,251,127
3,251,127
3,251,127
3,251,127
3,249,128
3,247,129
3,247,129
3,249,128
3,251,127
3,251,126
3,251,126
3,251,126
3,251,127
3,251,128
3,249,128
3,249,129
3,249,128
3,249,128
3,251,128
3,251,126
3,251,125
3,251,124
3,251,123
3,251,120
3,251,118
3,253,115
3,253,112
3,253,109
3,253,108
3,253,107
3,255,110
3,253,114
3,253,118
3,253,121
3,253,123
3,253,124
3,253,124
3,253,124
3,253,124
3,253,124
3,253,124
3,253,124
3,253,124
3,253,123
3,255,123
3,255,123
3,255,123
3,253,124
3,253,124
3,253,124
3,253,125
3,253,125
3,253,125
3,253,125
3,253,124
3,253,124
3,253,124
3,253,123
3,255,123
3,255,123
3,255,123
3,255,123
3,253,124
3,253,125
3,251,126
3,251,126
3,249,127
3,249,128
3,249,128
3,251,128
3,251,127
3,251,127
3,253,126
3,253,126
3,253,126
3,253,127
3,253,127
3,253,128
3,253,128
3,253,128
3,253,128
3,253,128
3,251,127
3,251,126
3,251,126
3,253,126
3,253,125
3,253,125
3,253,125
3,253,125
3,253,125
3,253,124
3,253,124
3,253,124
3,253,124
3,253,124
3,253,121
3,253,121
3,253,121
3,253,120
3,253,120
3,251,120
3,253,121
3,253,124
3,253,125
3,253,125
3,253,125
3,251,126
3,251,126
3,251,126
3,251,126
3,253,125
3,251,125
3,251,125
3,251,125
3,251,125
3,251,122
3,251,122
3,251,121
3,253,119
3,255,118
3,255,118
3,255,117
3,255,117
3,255,116
3,255,117
3,255,117
3,255,117
3,255,117
3,255,117
3,255,117
3,255,117
3,255,117
3,253,118
3,253,118
3,253,118
3,253,117
3,253,115
3,251,114
3,251,114
3,250,112
3,250,110
3,250,108
3,248,104
2,248,104
3,248,106
3,250,107
3,250,109
3,250,109
3,253,109
3,253,110
3,253,112
3,253,113
3,253,113
3,253,114
3,255,114
3,255,114
3,253,115
3,251,115
3,248,116
3,244,117
3,244,117
2,246,116
2,248,115
2,251,115
2,251,115
2,251,115
2,251,115
2,251,115
2,251,116
3,253,116
3,253,116
3,253,117
3,253,117
3,253,117
3,251,118
3,251,119
3,253,120
3,253,120
3,253,120
3,253,120
3,255,120
3,255,120
3,255,121
3,255,121
3,255,123
3,253,124
3,253,124
3,253,125
3,251,126
3,251,126
3,251,127
3,251,127
3,251,127
3,249,127
3,251,127
3,251,127
3,251,127
3,251,127
3,251,127
3,249,128
3,249,128
3,249,128
3,251,127
3,251,127
3,251,127
3,251,127
3,251,128
3,249,128
3,249,129
3,251,130
3,251,129
3,251,129
3,251,128
3,251,127
3,251,126
3,251,125
3,251,122
3,251,119
3,248,116
2,248,113
3,253,109
3,253,106
3,255,105
3,255,103
3,255,105
3,255,109
3,253,114
3,253,118
3,253,121
3,251,124
3,253,124
3,253,124
3,251,124
3,251,124
3,251,124
3,251,124
3,253,124
3,253,123
3,255,123
3,255,123
3,255,123
3,255,123
3,253,124
3,253,124
3,253,124
3,253,125
3,253,125
3,253,125
3,253,124
3,253,124
3,253,124
3,253,123
3,253,123
3,255,123
3,255,123
3,255,123
3,253,123
3,253,124
3,251,125
3,251,126
3,251,126
3,251,127
3,251,127
3,251,127
3,251,127
3,251,126
3,251,126
3,253,126
3,253,126
3,253,126
3,253,127
3,253,128
3,253,128
3,253,128
3,253,128
3,253,127
3,251,126
3,251,126
3,251,126
3,251,126
3,253,126
3,253,125
3,253,125
3,253,125
3,253,125
3,253,125
3,253,124
3,253,124
3,253,124
3,253,124
3,253,123
3,253,121
3,253,121
3,253,120
3,253,120
3,253,120
3,253,121
3,253,124
3,253,125
3,253,125
3,253,125
3,253,126
3,253,126
3,253,126
3,253,125
3,253,125
3,253,125
3,251,125
3,251,125
3,251,124
3,251,122
3,251,121
3,253,120
3,253,119
3,255,118
3,255,117
3,255,117
3,255,117
3,255,116
3,255,116
3,255,116
3,255,117
3,255,117
3,255,117
3,255,117
3,255,117
3,253,118
3,253,118
3,253,118
3,253,118
3,253,116
3,253,115
3,253,114
3,251,114
3,250,110
3,250,108
3,250,107
3,248,102
3,248,104
3,248,105
3,248,106
3,248,108
3,250,109
3,253,109
3,253,110
3,253,112
3,253,112
3,253,113
3,255,114
3,255,114
3,255,114
3,255,115
3,253,115
3,248,117
3,244,119
3,244,119
2,244,118
3,248,116
2,251,115
2,251,115
2,251,115
2,251,115
2,251,115
2,251,116
3,253,116
3,253,116
3,253,117
3,253,117
3,253,118
3,251,118
3,251,119
3,253,120
3,253,120
3,253,120
3,255,120
3,255,120
3,255,120
3,255,121
3,255,121
3,255,121
3,255,123
3,253,124
3,253,125
3,253,125
3,251,126
3,251,126
3,251,126
3,251,126
3,249,127
3,251,127
3,251,126
3,251,126
3,251,126
3,251,127
3,251,127
3,249,128
3,249,128
3,251,127
3,251,127
3,251,127
3,251,128
3,251,128
3,251,129
3,251,130
3,253,130
3,251,130
3,251,129
3,251,128
3,251,128
3,251,126
3,251,125
3,249,122
3,249,119
3,248,116
3,248,110
3,250,108
3,253,105
3,252,101
3,255,100
3,255,102
3,255,105
3,253,109
3,253,114
3,253,119
3,253,122
3,253,124
3,253,124
3,251,124
3,251,124
3,251,124
3,251,124
3,253,123
3,253,122
3,255,122
3,255,121
3,255,121
3,255,122
3,253,123
3,253,124
3,253,124
3,251,125
3,251,125
3,253,125
3,253,124
3,253,124
3,253,123
3,253,123
3,253,122
3,255,122
3,255,122
3,255,122
3,253,123
3,253,123
3,253,125
3,251,126
3,251,126
3,251,127
3,251,127
3,251,127
3,251,127
3,251,127
3,251,126
3,253,126
3,251,126
3,251,126
3,253,126
3,253,127
3,253,127
3,253,127
3,253,127
3,251,126
3,251,126
3,251,126
3,251,126
3,251,126
3,251,126
3,251,126
3,253,125
3,253,125
3,253,125
3,253,125
3,253,125
3,253,124
3,253,124
3,253,124
3,253,124
3,253,121
3,253,120
3,253,120
3,253,120
3,253,120
3,253,121
3,253,123
3,253,125
3,253,125
3,253,125
3,253,126
3,253,126
3,253,126
3,253,126
3,253,125
3,251,125
3,251,125
3,251,125
3,251,123
3,251,122
3,253,120
3,253,119
3,255,118
3,255,117
3,255,117
3,255,117
3,255,116
3,255,116
3,255,116
3,255,116
3,255,116
3,255,117
3,255,117
3,255,117
3,253,118
3,253,118
3,253,118
3,253,118
3,253,117
3,253,116
3,253,114
3,253,114
3,250,112
3,250,110
3,250,108
3,250,105
3,247,101
3,248,102
3,248,104
3,248,105
3,248,107
3,248,109
3,250,109
3,253,110
3,253,111
3,255,112
3,253,113
3,255,113
3,255,114
3,255,114
3,255,114
3,255,115
3,251,117
3,244,118
3,244,118
3,246,118
3,248,116
2,251,115
2,251,115
3,253,115
3,253,115
2,251,115
3,253,115
3,253,116
3,253,116
3,253,117
3,253,117
3,253,118
3,251,118
3,251,120
3,253,120
3,253,120
3,253,120
3,255,120
3,255,120
3,255,120
3,255,121
3,255,121
3,255,121
3,255,123
3,253,124
3,253,124
3,253,124
3,253,125
3,251,126
3,251,126
3,251,126
3,251,126
3,251,126
3,251,126
3,253,126
3,253,126
3,253,126
3,253,126
3,251,127
3,251,127
3,251,127
3,251,127
3,251,127
3,251,128
3,253,128
3,253,128
3,253,129
3,253,130
3,253,130
3,251,129
3,251,128
3,251,128
3,251,127
3,251,125
3,251,123
3,251,119
3,248,116
3,248,111
3,250,108
3,250,103
3,252,100
3,252,100
3,255,100
3,253,102
3,253,106
2,253,112
3,253,116
3,253,121
3,253,124
3,253,124
3,253,124
3,253,124
3,251,124
3,251,124
3,253,122
3,253,121
3,255,119
3,255,119
3,255,119
3,255,119
3,253,120
3,253,122
3,253,124
3,251,124
3,251,124
3,251,124
3,253,124
3,253,124
3,253,122
3,253,122
3,253,122
3,253,122
3,255,122
3,255,122
3,255,122
3,253,123
3,253,125
3,251,125
3,251,126
3,251,127
3,251,127
3,251,128
3,251,128
3,251,128
3,253,127
3,253,126
3,251,126
3,253,126
3,253,126
3,253,126
3,253,125
3,253,125
3,253,125
3,253,125
3,253,125
3,251,126
3,251,126
3,251,126
3,251,126
3,251,126
3,251,125
3,253,125
3,253,125
3,253,125
3,253,125
3,253,125
3,251,125
3,253,124
3,253,124
3,253,121
3,253,120
3,253,119
3,253,119
3,253,119
3,253,120
3,253,123
3,253,125
3,253,125
3,253,125
3,253,126
3,253,126
3,253,126
3,253,126
3,253,125
3,251,125
3,251,125
3,251,124
3,251,122
3,253,121
3,253,120
3,253,119
3,255,117
3,255,117
3,255,117
3,255,117
3,255,116
3,255,116
3,255,116
3,255,116
3,255,116
3,255,117
3,255,117
3,255,117
3,253,118
3,253,118
3,253,118
3,253,118
3,253,117
3,253,116
3,253,114
3,253,114
3,250,110
3,250,108
3,250,105
3,250,104
3,247,100
3,247,100
3,248,102
3,248,104
3,248,106
3,250,108
3,250,109
3,253,109
3,253,110
3,255,112
3,253,113
3,255,113
3,255,114
3,255,114
3,255,114
3,253,115
3,251,115
3,248,117
3,249,118
3,248,117
3,253,116
3,253,115
3,255,115
3,255,114
3,255,114
3,255,115
3,253,115
3,253,116
3,253,116
3,253,117
3,253,117
3,253,118
3,251,119
3,251,120
3,253,120
3,253,120
3,253,120
3,255,120
3,255,120
3,255,121
3,255,122
3,255,123
3,255,123
3,255,123
3,255,123
3,253,124
3,253,124
3,253,124
3,253,125
3,253,125
3,251,126
3,251,126
3,251,126
3,253,125
3,253,125
3,253,125
3,253,126
3,255,126
3,253,127
3,253,127
3,253,127
3,253,127
3,253,127
3,253,128
3,253,128
3,253,128
3,253,129
3,253,130
3,253,130
3,253,130
3,249,129
3,249,128
3,251,127
3,251,126
3,251,124
3,251,121
3,249,118
3,248,114
3,248,109
3,250,105
3,250,101
2,250,100
2,250,100
3,253,103
3,253,104
3,253,109
3,253,114
3,253,119
3,253,122
3,253,124
3,253,124
3,253,124
3,253,124
3,253,122
3,253,121
3,253,119
3,253,117
3,255,116
3,255,114
3,255,115
3,255,117
3,253,119
3,253,121
3,251,123
3,251,124
3,251,124
3,253,124
3,253,122
3,253,122
3,253,122
3,253,122
3,253,122
3,253,122
3,253,122
3,255,122
3,255,123
3,253,124
3,253,125
3,251,126
3,251,126
3,251,127
3,251,128
3,251,128
3,251,128
3,253,128
3,253,127
3,253,126
3,253,126
3,253,126
3,253,125
3,253,124
3,253,124
3,253,124
3,253,125
3,253,125
3,251,126
3,251,126
3,251,126
3,251,126
3,251,126
3,251,126
3,251,125
3,251,125
3,253,125
3,253,125
3,251,125
3,251,125
3,251,124
3,253,124
3,253,121
3,253,120
3,253,119
3,253,119
3,253,119
3,253,119
3,253,122
3,253,124
3,253,125
3,253,125
3,253,125
3,253,125
3,253,126
3,253,125
3,253,125
3,253,125
3,251,125
3,251,124
3,251,122
3,253,121
3,253,120
3,253,118
3,255,117
3,255,117
3,255,117
3,255,117
3,255,117
3,255,117
3,255,116
3,255,116
3,255,116
3,255,117
3,255,117
3,253,118
3,253,118
3,253,118
3,253,118
3,253,118
3,253,117
3,253,115
3,253,114
3,250,113
3,250,109
3,248,106
3,250,104
3,250,102
3,250,99
3,250,99
3,250,101
3,250,105
3,250,106
3,253,108
3,253,109
3,255,110
3,255,112
3,253,113
3,253,113
3,253,113
3,251,114
3,251,114
3,253,114
3,251,114
3,251,115
3,251,116
3,253,116
3,253,115
3,255,115
3,255,115
3,255,114
3,255,114
3,255,115
3,255,115
3,253,115
3,253,116
3,253,117
3,253,117
3,251,118
3,251,119
3,251,120
3,253,120
3,253,120
3,253,121
3,253,121
3,255,122
3,253,123
3,253,123
3,253,123
3,255,123
3,255,123
3,255,123
3,255,123
3,255,124
3,253,124
3,253,124
3,253,125
3,253,125
3,253,125
3,253,125
3,253,125
3,253,125
3,253,126
3,255,126
3,255,126
3,255,126
3,253,127
3,253,127
3,253,127
3,253,127
3,253,127
3,253,128
3,253,128
3,253,128
3,253,130
3,253,130
3,251,130
3,249,130
2,249,128
3,251,127
3,251,126
3,251,125
3,251,121
3,251,118
3,248,115
3,248,111
3,248,107
3,250,105
3,250,102
2,250,103
2,250,103
3,253,106
3,253,108
3,253,112
3,253,118
3,253,121
3,253,124
3,253,124
3,253,124
3,253,123
3,253,122
3,253,120
3,253,117
3,253,116
3,255,114
3,255,113
3,255,112
3,255,113
3,255,115
3,253,118
3,253,121
3,253,122
3,253,122
3,253,122
3,253,122
3,253,122
3,253,122
3,253,122
3,253,122
3,253,122
3,253,122
3,253,122
3,253,123
3,253,124
3,253,125
3,253,125
3,251,126
3,251,127
3,251,128
3,251,129
3,251,129
3,253,128
3,253,128
3,253,127
3,253,126
3,253,125
3,253,124
3,253,124
3,253,124
3,253,124
3,253,125
3,253,125
3,253,125
3,251,126
3,251,126
3,251,126
3,251,126
3,251,126
3,251,126
3,251,126
3,251,126
3,251,126
3,251,125
3,251,125
3,251,125
3,253,124
3,253,121
3,253,120
3,253,119
3,253,119
3,253,119
3,253,119
3,253,121
3,253,123
3,253,125
3,253,125
3,253,125
3,253,125
3,253,125
3,253,125
3,253,125
3,253,125
3,251,124
3,251,123
3,251,121
3,251,121
3,253,119
3,253,118
3,255,117
3,255,117
3,255,117
3,253,118
3,253,118
3,255,117
3,255,117
3,255,117
3,255,117
3,255,117
3,255,117
3,255,117
3,253,118
3,253,118
3,253,118
3,253,118
3,253,116
3,253,114
3,253,114
3,250,111
3,250,106
3,248,104
3,248,102
3,250,96
3,252,97
3,252,99
3,253,102
3,253,105
3,253,108
3,255,108
3,255,109
3,255,112
3,253,112
3,253,113
3,250,113
3,251,114
3,251,114
3,251,114
3,251,114
3,251,114
3,251,115
3,253,115
3,255,115
3,255,114
3,255,114
3,255,114
3,255,114
3,255,114
3,255,115
3,255,115
3,253,116
3,253,116
3,253,117
3,251,118
3,251,120
3,251,120
3,253,121
3,253,121
3,253,121
3,253,122
3,253,123
3,253,123
3,253,123
3,253,123
3,255,123
3,255,123
3,255,123
3,255,123
3,255,123
3,253,124
3,253,124
3,253,124
3,253,125
3,253,125
3,253,125
3,253,125
3,253,125
3,255,125
3,255,126
3,255,126
3,255,126
3,255,126
3,255,127
3,255,127
3,255,127
3,255,127
3,253,127
3,253,128
3,253,128
3,253,130
3,251,130
3,249,130
3,249,130
2,249,128
3,251,127
3,251,127
3,251,125
3,251,122
3,251,121
3,251,118
3,248,114
3,248,111
3,248,107
3,250,105
3,250,104
2,250,105
3,253,107
2,253,110
3,253,113
3,253,118
3,253,121
3,253,124
3,253,124
3,253,124
3,253,122
3,253,122
3,251,120
3,251,116
3,253,115
3,253,113
3,255,112
3,255,111
3,255,111
3,255,112
3,255,114
3,253,117
3,253,120
3,253,122
3,253,122
3,253,122
3,253,122
3,253,122
3,253,122
3,253,122
3,253,122
3,253,122
3,253,122
3,253,123
3,253,124
3,253,125
3,253,125
3,251,127
3,251,127
3,251,128
3,251,129
3,253,129
3,253,129
3,253,128
3,253,127
3,253,126
3,253,125
3,253,124
3,253,123
3,253,123
3,253,123
3,253,124
3,253,125
3,251,126
3,251,127
3,251,127
2,249,127
2,249,127
3,251,127
3,251,126
3,249,127
3,251,127
3,251,126
3,251,126
3,251,125
3,251,125
3,253,124
3,253,122
3,253,121
3,253,120
3,253,119
3,253,119
3,253,120
3,253,121
3,253,123
3,253,125
3,253,125
3,253,125
3,253,125
3,253,125
3,253,125
3,253,125
3,253,125
3,253,124
3,251,122
3,251,121
3,253,121
3,253,119
3,253,118
3,253,118
3,253,118
3,251,118
3,249,120
3,249,119
3,251,119
3,253,117
3,255,117
3,255,117
3,255,117
3,255,117
3,253,117
3,253,117
3,253,118
3,253,118
3,253,117
3,253,116
3,253,114
3,253,113
3,250,109
3,250,105
3,248,102
3,247,101
3,252,96
3,252,96
3,252,98
3,252,100
3,253,104
3,253,106
3,255,108
3,255,109
3,255,110
3,253,112
3,253,113
2,250,113
2,251,114
2,251,114
2,251,114
3,251,114
3,251,114
2,251,114
3,253,114
3,255,114
3,255,114
3,255,114
3,255,114
3,255,114
3,255,114
3,255,115
3,255,115
3,253,116
3,253,117
3,251,117
3,251,118
3,251,120
3,251,121
3,251,121
3,253,121
3,253,122
3,253,122
3,253,123
3,253,123
3,253,123
3,253,123
3,255,123
3,255,123
3,255,123
3,255,123
3,255,123
3,253,123
3,253,123
3,253,124
3,253,124
3,253,125
3,253,125
3,253,125
3,253,125
3,255,126
3,255,126
3,255,126
3,255,126
3,255,127
3,255,127
3,255,127
3,255,127
3,255,127
3,255,127
3,253,128
3,253,129
3,253,130
3,251,130
3,249,130
2,249,130
2,249,128
3,251,127
3,251,127
3,251,125
3,251,122
3,251,121
3,251,119
3,251,117
3,248,114
3,248,111
3,250,110
3,250,107
3,253,107
3,253,110
3,253,112
3,253,115
3,253,119
3,253,121
3,253,124
3,253,124
3,253,124
3,253,124
3,253,122
3,251,120
3,251,117
3,251,115
2,250,112
3,255,111
3,255,109
3,255,108
3,255,109
3,255,112
3,255,114
3,253,117
3,253,120
3,253,121
3,253,122
3,253,122
3,253,122
3,251,122
3,253,122
3,253,122
3,253,122
3,253,122
3,253,123
3,253,124
3,253,125
3,253,125
3,253,126
3,251,127
3,251,128
3,251,129
3,253,129
3,253,129
3,253,128
3,253,127
3,253,126
3,253,125
3,253,124
3,253,123
3,253,123
3,253,123
3,253,124
3,251,125
3,251,127
2,249,127
3,251,128
2,249,128
2,249,128
3,249,128
3,249,128
3,249,128
3,249,128
3,249,127
3,251,126
3,251,126
3,251,125
3,251,124
3,251,124
3,253,121
3,253,120
3,253,120
3,253,120
3,253,120
3,253,121
3,253,123
3,253,124
3,253,125
3,253,125
3,253,125
3,253,125
3,253,125
3,253,125
3,253,124
3,253,124
3,253,122
3,251,121
3,253,120
3,253,118
3,253,118
3,253,118
3,251,118
3,247,120
3,247,121
3,247,120
3,251,119
3,251,117
3,253,117
3,255,116
3,255,116
3,255,116
3,253,117
3,253,117
3,253,117
3,253,117
3,253,116
3,253,115
3,253,114
3,250,111
3,250,108
3,248,104
3,247,101
3,247,101
3,252,96
3,252,96
3,252,99
3,252,100
3,253,104
3,253,106
3,253,108
3,255,109
3,255,109
3,253,111
3,253,112
2,250,113
2,251,114
2,251,114
2,251,114
2,251,114
2,251,114
2,251,114
3,253,114
3,253,114
3,255,114
3,255,114
3,255,114
3,255,114
3,255,114
3,255,114
3,255,115
3,253,116
3,253,117
3,251,118
3,251,119
3,251,120
3,253,121
3,253,121
3,253,121
3,253,122
3,253,123
3,253,123
3,253,123
3,253,123
3,253,123
3,255,123
3,255,123
3,255,123
3,255,123
3,253,123
3,253,123
3,253,123
3,253,123
3,253,124
3,253,124
3,253,125
3,253,125
3,253,126
3,255,126
3,255,126
3,255,126
3,255,126
3,255,127
3,255,127
3,253,127
3,255,127
3,255,127
3,255,128
3,253,129
3,253,130
3,253,130
3,251,130
3,249,130
3,249,130
2,249,128
3,251,127
3,251,126
3,251,126
3,251,124
3,251,122
3,251,121
3,251,119
3,251,117
3,251,116
3,250,113
3,253,111
3,253,111
3,253,113
3,253,115
3,253,118
3,253,121
3,253,123
3,253,124
3,253,124
3,253,124
3,253,124
3,253,123
3,251,122
3,251,119
3,251,116
3,250,113
3,253,109
3,255,108
3,255,108
3,255,108
3,255,108
3,255,112
3,255,114
3,253,117
3,253,119
3,253,121
3,253,122
3,253,122
3,251,122
3,251,122
3,253,122
3,253,122
3,253,122
3,253,124
3,253,124
3,253,125
3,253,125
3,253,126
3,251,127
3,251,127
3,251,128
3,251,128
3,251,128
3,253,128
3,251,127
3,251,126
3,253,125
3,253,124
3,253,123
3,253,123
3,253,123
3,253,125
3,251,125
3,251,127
3,251,127
3,251,128
2,249,128
2,249,128
3,249,128
3,249,128
3,249,128
3,249,128
3,249,128
3,249,127
3,251,126
3,251,126
3,251,124
3,253,124
3,253,121
3,253,121
3,253,120
3,253,120
3,253,120
3,253,121
3,253,123
3,253,124
3,253,124
3,253,125
3,253,125
3,253,125
3,253,125
3,253,124
3,253,124
3,253,123
3,253,122
3,253,121
3,253,120
3,253,118
3,253,118
3,251,118
3,251,118
3,247,120
3,247,121
3,247,120
3,251,118
3,253,117
3,253,116
3,253,116
3,253,116
3,253,116
3,253,117
3,253,117
3,253,117
3,253,117
3,253,116
3,253,115
3,253,114
3,250,111
3,250,106
3,248,104
3,247,101
3,247,101
3,252,97
3,252,99
3,252,100
3,253,104
3,253,106
3,253,108
3,255,109
3,255,109
3,255,111
3,253,112
3,253,113
2,251,114
2,251,114
2,251,114
2,251,114
2,251,114
2,251,114
2,251,114
3,253,114
3,253,114
3,255,114
3,255,114
3,255,114
3,255,114
3,255,114
3,255,115
3,253,116
3,253,117
3,251,118
3,251,120
3,251,120
3,253,121
3,253,121
3,253,121
3,253,122
3,253,123
3,253,123
3,253,123
3,253,123
3,255,123
3,255,123
3,255,123
3,253,123
3,253,123
3,253,123
3,253,123
3,253,123
3,253,123
3,253,123
3,253,124
3,253,124
3,253,125
3,253,126
3,255,126
3,255,126
3,255,126
3,255,126
3,255,127
3,253,128
3,253,128
3,253,128
3,255,128
3,253,129
3,253,129
3,253,130
3,253,130
3,251,130
3,251,130
3,251,128
3,251,127
3,251,127
3,251,127
3,251,126
3,251,125
3,251,124
3,251,122
3,253,121
3,251,120
3,251,118
3,253,116
3,253,116
3,253,116
3,253,116
3,253,119
3,253,121
3,253,123
3,253,124
3,253,125
3,253,125
3,253,125
3,251,124
3,251,124
3,251,122
3,249,121
3,248,117
3,248,114
3,250,109
3,253,108
3,255,106
3,255,106
3,255,106
3,253,108
3,253,112
3,253,114
3,253,117
3,253,119
3,253,120
3,253,121
3,253,122
3,253,122
3,253,122
3,253,122
3,253,122
3,253,124
3,253,124
3,253,125
3,253,125
3,253,125
3,253,126
3,253,127
3,253,127
3,251,128
3,251,128
3,251,127
3,251,126
3,251,126
3,251,124
3,253,123
3,253,123
3,253,123
3,253,123
3,253,123
3,251,125
3,251,127
3,251,127
3,251,127
3,251,128
2,249,128
3,249,128
3,249,128
3,249,128
3,249,128
3,249,128
3,249,128
3,251,127
3,251,126
3,251,126
3,251,124
3,253,124
3,253,121
3,253,120
3,253,120
3,253,120
3,253,121
3,253,123
3,253,124
3,253,124
3,253,124
3,253,125
3,253,125
3,253,124
3,253,124
3,253,124
3,253,122
3,253,122
3,253,121
3,253,120
3,253,118
3,253,118
3,251,118
3,251,118
3,249,119
3,246,119
3,251,117
3,251,117
3,253,117
3,253,116
3,253,116
3,253,116
3,253,116
3,253,117
3,253,117
3,253,117
3,253,116
3,253,116
3,253,115
3,253,112
3,250,110
3,250,106
3,248,104
3,247,101
3,250,99
3,250,100
3,250,102
3,250,104
3,253,106
3,253,108
3,255,109
3,255,109
3,255,111
3,253,112
3,253,113
2,251,114
2,251,114
2,251,114
2,251,114
2,251,114
2,251,114
2,251,114
2,251,114
3,253,114
3,253,114
3,253,114
3,255,114
3,255,114
3,255,114
3,255,115
3,255,115
3,253,116
3,253,117
3,253,119
3,253,120
3,253,120
3,253,121
3,253,121
3,253,121
3,253,122
3,253,123
3,253,123
3,253,123
3,253,123
3,253,123
3,253,123
3,253,123
3,253,123
3,253,123
3,253,123
3,253,123
3,253,123
3,253,123
3,253,123
3,253,124
3,253,125
3,253,126
3,253,126
3,255,126
3,255,126
3,255,127
3,253,128
3,253,128
3,253,128
3,253,129
3,253,129
3,253,130
3,253,130
3,253,130
3,251,130
3,251,130
3,251,128
3,251,128
3,251,127
3,251,127
3,251,127
3,251,126
3,253,125
3,253,124
3,253,124
3,253,122
3,253,122
3,253,121
3,253,121
3,253,121
3,253,121
3,253,122
3,253,122
3,253,123
3,251,124
3,251,125
3,251,125
3,251,125
3,251,125
3,251,125
3,251,124
3,249,124
3,249,122
3,249,119
3,248,115
3,248,110
3,250,106
3,250,106
3,250,104
3,253,104
3,253,106
3,253,109
3,253,113
3,255,115
3,253,118
3,253,120
3,253,120
3,253,121
3,253,121
3,253,122
3,253,122
3,253,122
3,253,124
3,253,124
3,253,125
3,253,125
3,253,125
3,253,126
3,253,126
3,253,126
3,253,127
3,251,127
3,251,126
3,251,126
3,251,125
3,251,124
3,253,123
3,253,122
3,255,122
3,255,122
3,253,123
3,253,125
3,251,126
3,251,127
3,251,127
3,251,128
3,251,128
3,249,128
3,249,128
3,249,128
3,249,128
3,249,128
3,249,128
3,251,128
3,251,126
3,251,126
3,251,124
3,253,124
3,253,121
3,253,120
3,253,120
3,253,120
3,253,121
3,253,121
3,253,124
3,253,124
3,253,124
3,253,124
3,253,124
3,253,124
3,253,124
3,253,122
3,253,122
3,253,121
3,253,120
3,253,120
3,253,118
3,253,118
3,251,118
3,251,117
3,251,117
3,251,117
3,251,117
3,251,117
3,253,116
3,253,116
3,253,116
3,253,116
3,253,116
3,251,116
3,251,117
3,251,117
3,251,116
3,253,115
3,251,114
3,250,111
3,250,110
3,248,106
3,248,103
3,247,101
3,250,99
3,250,100
3,248,103
3,250,105
3,253,107
3,253,108
3,255,109
3,255,109
3,253,111
3,253,112
2,250,113
2,251,114
2,251,114
2,251,114
2,251,114
2,251,114
2,251,114
2,251,114
2,251,114
2,250,113
3,253,113
3,253,113
3,253,113
3,255,114
3,255,114
3,255,115
3,255,115
3,253,116
3,253,117
3,253,119
3,253,120
3,253,120
3,253,121
3,253,121
3,253,121
3,253,122
3,253,122
3,253,123
3,253,123
3,253,123
3,253,123
3,253,123
3,251,123
3,251,123
3,253,123
3,253,123
3,253,123
3,253,123
3,253,123
3,253,123
3,253,124
3,253,125
3,253,125
3,253,126
3,253,126
3,255,127
3,253,128
3,253,128
3,253,128
3,253,129
3,253,129
3,253,130
3,253,130
3,253,130
3,253,130
3,253,129
3,251,129
3,251,128
3,251,128
3,251,127
3,251,127
3,251,126
3,251,126
3,253,125
3,253,125
3,253,124
3,253,124
3,253,124
3,253,124
3,253,124
3,253,125
3,253,125
3,253,125
3,253,125
3,251,125
3,251,125
3,251,125
3,251,125
3,251,125
3,251,125
3,251,126
3,249,125
3,249,124
3,249,123
3,249,120
3,248,116
3,248,111
3,248,106
3,250,104
3,250,103
3,250,103
3,253,104
3,253,108
3,255,112
3,255,114
3,255,116
3,255,119
3,253,120
3,253,121
3,253,121
3,251,122
3,253,122
3,253,124
3,253,124
3,253,124
3,253,125
3,253,125
3,253,125
3,253,125
3,253,126
3,253,126
3,253,126
3,253,126
3,251,126
3,251,125
3,251,124
3,251,122
3,255,120
3,255,120
3,255,119
3,255,120
3,255,122
3,253,123
3,253,125
3,251,125
3,251,127
3,251,127
3,251,128
3,251,128
3,251,128
3,253,128
3,253,128
3,253,128
3,251,128
3,251,128
3,251,127
3,251,126
3,251,124
3,253,124
3,253,121
3,253,121
3,253,120
3,255,120
3,255,120
3,253,121
3,253,122
3,253,124
3,253,124
3,253,124
3,253,124
3,253,123
3,253,122
3,253,122
3,253,121
3,253,120
3,253,120
3,253,118
3,253,118
3,253,117
3,253,117
3,253,117
3,251,117
3,251,117
3,251,117
3,251,117
3,253,116
3,253,116
3,253,116
3,253,116
3,253,116
3,251,116
3,251,117
3,251,117
3,251,116
3,251,115
3,250,113
3,250,111
3,250,108
3,248,106
3,248,103
3,250,101
3,247,101
3,248,103
3,250,105
3,250,107
3,253,109
3,253,109
3,255,110
3,253,112
3,253,113
2,250,113
2,250,113
2,251,114
2,251,114
2,251,114
2,251,114
2,251,114
2,251,114
2,250,113
3,253,113
3,253,113
3,253,113
3,253,113
3,255,114
3,255,114
3,255,114
3,255,115
3,253,116
3,253,116
3,253,118
3,253,119
3,253,120
3,253,120
3,253,121
3,253,121
3,253,121
3,253,122
3,253,122
3,253,122
3,253,122
3,253,123
3,253,123
3,251,123
3,251,123
3,251,123
3,253,123
3,253,123
3,253,123
3,253,123
3,253,123
3,253,124
3,253,124
3,253,125
3,253,126
3,253,126
3,255,127
3,253,128
3,253,128
3,253,128
3,253,129
3,253,130
3,253,130
3,253,130
3,253,130
3,253,129
3,253,129
3,251,128
3,251,128
3,251,127
3,251,127
3,251,127
3,251,126
3,251,126
3,253,125
3,253,125
3,253,125
3,253,125
3,253,125
3,253,126
3,253,126
3,253,127
3,253,127
3,253,126
3,253,126
3,251,126
3,251,126
3,251,126
3,251,126
3,251,126
3,251,126
3,251,126
3,249,126
3,249,125
3,249,124
3,249,122
3,246,118
3,246,113
3,245,107
3,248,103
3,250,102
3,250,102
3,253,103
3,255,105
3,255,109
3,255,113
3,255,116
3,255,119
3,253,120
3,253,121
3,253,121
3,253,121
3,253,122
3,253,124
3,253,124
3,253,124
3,253,125
3,253,125
3,253,125
3,253,125
3,253,126
3,253,126
3,253,126
3,251,125
3,251,125
3,251,124
3,251,122
3,253,120
3,255,119
3,255,119
3,255,119
3,255,119
3,255,120
3,255,123
3,253,124
3,253,125
3,253,125
3,253,127
3,253,128
3,253,128
3,253,129
3,253,129
3,253,128
3,253,128
3,253,128
3,251,128
3,251,127
3,251,126
3,251,124
3,253,124
3,253,122
3,253,121
3,253,120
3,255,120
3,255,120
3,255,121
3,253,121
3,253,122
3,253,122
3,253,122
3,253,122
3,253,122
3,253,121
3,253,121
3,253,120
3,253,120
3,253,120
3,253,118
3,253,118
3,253,117
3,253,116
3,253,116
3,251,117
3,251,117
3,251,117
3,251,117
3,253,116
3,253,116
3,253,116
3,253,116
3,253,116
3,251,116
3,251,116
3,251,116
3,251,115
3,251,114
3,250,112
3,250,110
3,250,108
3,250,105
3,250,102
3,250,101
3,248,104
3,250,106
3,250,108
3,253,109
3,253,109
3,253,111
3,253,112
3,253,113
2,250,113
2,250,113
2,250,113
2,251,114
2,251,114
2,251,114
2,251,114
2,251,114
2,251,114
3,253,113
3,253,113
3,253,113
3,253,113
3,255,114
3,255,114
3,255,114
3,255,115
3,255,116
3,253,116
3,253,117
3,255,119
3,255,119
3,255,120
3,253,120
3,253,121
3,253,121
3,253,121
3,253,122
3,253,122
3,253,122
3,253,122
3,251,122
3,251,123
3,251,123
3,251,122
3,251,122
3,253,122
3,253,122
3,253,123
3,253,123
3,253,123
3,253,124
3,253,125
3,253,125
3,253,126
3,255,127
3,253,128
3,253,128
3,253,128
3,253,130
3,253,130
3,253,130
3,253,130
3,253,130
3,253,129
3,253,128
3,251,128
3,251,127
3,251,127
3,251,127
3,251,127
3,251,126
3,251,126
3,253,125
3,253,125
3,253,125
3,253,126
3,253,126
3,253,126
3,253,127
3,253,127
3,253,127
3,253,127
3,253,127
3,251,127
3,251,126
3,249,126
3,249,126
3,249,127
3,249,127
3,249,127
3,249,126
3,249,126
3,249,125
3,249,123
3,246,119
3,246,114
3,245,107
3,248,103
2,247,101
2,250,101
3,252,101
3,255,104
3,255,109
3,255,113
3,255,115
3,255,118
3,253,120
3,253,121
3,253,121
3,253,121
3,253,123
3,253,124
3,253,124
3,253,125
3,253,125
3,253,125
3,253,125
3,253,126
3,253,126
3,253,126
3,253,125
3,251,125
3,251,124
3,251,122
3,253,121
3,253,119
3,255,118
3,255,117
3,255,117
3,255,118
3,255,119
3,255,122
3,253,123
3,253,124
3,253,125
3,253,127
3,253,127
3,253,129
3,253,130
3,253,130
3,253,130
3,253,129
3,253,128
3,253,128
3,251,127
3,253,126
3,251,124
3,253,124
3,253,122
3,253,121
3,255,120
3,255,120
3,255,120
3,255,120
3,255,121
3,253,121
3,253,122
3,253,122
3,253,121
3,255,121
3,255,121
3,253,120
3,253,120
3,253,120
3,253,119
3,253,118
3,253,118
3,255,117
3,253,116
3,253,116
3,253,116
3,253,116
3,251,117
3,251,117
3,253,116
3,253,116
3,253,116
3,253,116
3,253,116
3,253,116
3,251,116
3,253,115
3,253,114
3,253,114
3,250,111
3,250,109
3,250,107
3,250,103
3,250,102
3,250,101
3,248,104
3,250,106
3,250,108
3,253,109
3,253,109
3,253,112
3,253,112
3,253,112
2,250,113
2,250,113
2,250,113
2,250,113
2,251,114
2,251,114
2,251,114
2,251,114
3,253,114
3,253,114
3,253,113
3,253,113
3,253,113
3,255,114
3,255,114
3,255,114
3,255,115
3,255,115
3,253,116
3,253,116
3,253,118
3,255,119
3,255,119
3,253,120
3,253,121
3,253,121
3,253,121
3,253,121
3,253,121
3,253,122
3,253,122
3,253,122
3,251,122
3,251,122
3,251,122
3,253,121
3,253,121
3,253,121
3,253,121
3,253,123
3,253,123
3,253,124
3,253,124
3,253,125
3,253,125
3,253,126
3,253,127
3,253,128
3,253,128
3,253,129
3,253,130
3,253,130
3,253,130
3,253,128
3,253,128
3,253,128
3,251,128
3,251,127
3,251,127
3,251,127
3,251,126
3,251,126
3,253,125
3,253,125
3,253,125
3,253,126
3,253,126
3,253,126
3,253,127
3,253,128
3,253,128
3,253,128
3,253,128
3,253,128
3,253,127
3,251,127
3,251,127
3,249,127
3,249,127
3,249,127
3,249,127
3,249,127
3,249,127
3,251,125
3,249,123
3,249,119
3,246,114
3,246,109
3,245,103
3,250,101
3,252,101
3,255,101
3,255,104
3,255,109
3,255,113
3,255,116
3,255,119
3,253,120
3,253,121
3,253,121
3,253,122
3,253,124
3,253,124
3,253,125
3,253,125
3,253,125
3,253,125
3,253,126
3,253,126
3,251,126
3,251,125
3,251,125
3,251,124
3,251,124
3,253,122
3,253,120
3,253,119
3,253,118
3,255,117
3,255,117
3,255,118
3,255,119
3,255,121
3,253,123
3,253,124
3,253,125
3,253,126
3,253,129
3,253,129
3,253,130
3,253,130
3,253,130
3,253,130
3,253,128
3,251,128
3,253,127
3,253,126
3,251,124
3,253,124
3,253,122
3,253,121
3,255,120
3,255,119
3,255,119
3,255,119
3,255,120
3,255,120
3,255,121
3,253,121
3,253,121
3,255,120
3,255,120
3,255,120
3,253,120
3,253,119
3,253,119
3,253,118
3,253,117
3,255,116
3,253,116
3,253,116
3,253,116
3,253,116
3,253,116
3,253,116
3,253,116
3,253,115
3,253,115
3,253,115
3,253,115
3,253,115
3,253,115
3,253,114
3,253,114
3,253,113
3,250,111
3,250,108
3,250,107
3,250,103
3,250,101
3,250,104
3,250,106
3,250,108
3,253,109
3,253,109
3,253,112
3,253,112
3,253,112
2,250,113
2,250,113
2,250,113
2,250,113
3,251,114
3,251,114
2,251,114
3,253,114
3,253,114
3,253,114
3,253,114
3,253,114
3,253,114
3,255,114
3,255,114
3,255,114
3,255,114
3,255,115
3,253,116
3,253,116
3,253,117
3,253,118
3,255,119
3,253,120
3,253,120
3,253,121
3,253,121
3,253,121
3,253,121
3,253,121
3,253,121
3,253,122
3,251,122
3,251,122
3,251,121
3,253,121
3,253,121
3,255,120
3,255,120
3,253,121
3,253,123
3,253,124
3,253,124
3,253,125
3,253,125
3,255,126
3,255,127
3,255,127
3,255,128
3,253,128
3,253,129
3,253,130
3,253,128
3,253,128
3,253,128
3,253,128
3,251,127
3,251,127
3,251,127
3,251,126
3,251,126
3,251,126
3,253,125
3,253,125
3,253,125
3,253,126
3,253,126
3,253,127
3,253,128
3,253,128
3,253,128
3,253,128
3,253,128
3,253,128
3,253,128
3,253,127
3,251,127
3,249,127
3,249,127
3,249,127
3,249,127
3,253,127
3,253,127
3,253,126
3,251,123
3,249,119
3,246,114
3,246,109
3,245,103
2,250,101
3,252,101
3,255,101
3,255,104
3,255,109
3,255,113
3,255,116
3,255,119
3,255,121
3,253,121
3,253,122
3,253,123
3,253,124
3,253,124
3,253,125
3,253,125
3,253,125
3,253,126
3,251,127
3,251,127
3,251,127
3,251,126
3,251,125
3,251,124
3,251,122
3,251,122
3,253,120
3,253,119
3,253,118
3,253,118
3,253,118
3,253,119
3,255,120
3,253,121
3,253,123
3,253,124
3,253,125
3,253,126
3,253,129
3,253,130
3,251,130
3,253,130
3,253,130
3,253,130
3,251,128
3,251,128
3,251,127
3,253,126
3,251,124
3,251,124
3,253,122
3,253,122
3,255,120
3,255,119
3,255,119
3,255,119
3,255,120
3,255,120
3,253,121
3,253,121
3,253,120
4,255,120
3,255,120
3,255,120
3,253,119
3,253,119
3,253,118
3,253,118
3,253,117
3,253,116
3,253,116
3,253,116
3,253,116
3,253,116
3,253,116
3,253,115
3,253,115
3,253,115
3,253,115
3,253,115
3,253,115
3,253,115
3,253,114
3,253,114
3,253,113
3,253,113
3,250,111
3,250,108
3,250,106
3,250,103
3,250,103
3,250,106
3,253,108
3,253,109
3,253,109
3,253,110
3,253,112
3,253,112
3,253,112
3,253,112
3,253,113
3,253,113
3,250,113
3,251,114
3,253,114
3,255,114
3,253,114
3,253,114
3,253,114
3,253,114
3,253,114
3,255,114
3,255,114
3,255,114
3,255,114
3,253,115
3,253,115
3,253,116
3,253,116
3,253,117
3,255,118
3,253,119
3,253,120
3,253,120
3,253,121
3,253,121
3,253,121
3,253,121
3,253,121
3,253,121
3,253,121
3,253,121
3,253,121
3,253,120
3,255,120
3,255,119
3,255,119
3,255,120
3,255,121
3,253,123
3,253,124
3,253,125
3,253,125
3,255,126
3,255,127
3,255,127
3,255,127
3,255,128
3,253,128
3,253,128
3,253,128
3,253,128
3,253,128
3,253,127
3,253,127
3,253,126
3,251,126
3,251,126
3,253,125
3,253,125
3,253,124
3,253,125
3,253,125
3,253,125
3,253,126
3,253,127
3,253,128
3,251,128
3,253,128
3,253,128
3,253,128
3,253,128
3,253,128
3,253,128
3,253,127
3,249,127
3,249,127
3,253,127
3,253,127
3,253,127
4,255,127
4,255,126
4,255,124
4,251,119
3,246,115
3,246,109
3,245,103
3,250,102
3,253,102
3,255,102
3,255,105
3,255,110
3,255,114
3,255,117
3,255,120
3,255,121
3,253,121
3,253,122
3,253,123
3,253,124
3,253,125
3,253,126
3,253,126
3,251,127
3,251,127
3,251,127
3,251,127
3,251,127
3,251,126
3,251,125
3,251,124
3,251,122
3,251,122
3,251,121
3,253,119
3,253,119
3,253,118
3,253,119
3,253,119
3,253,121
3,253,123
3,253,124
3,253,125
3,253,126
3,251,126
3,251,129
3,251,130
2,249,130
2,249,130
3,249,130
3,249,130
3,249,128
3,249,128
3,251,127
3,253,125
3,251,124
3,251,124
3,253,122
3,253,122
3,253,120
3,255,119
3,255,119
3,255,119
3,255,120
3,255,120
3,253,120
3,253,120
3,253,120
4,255,120
3,255,119
3,255,119
3,255,118
3,253,118
3,253,118
3,253,117
3,253,117
3,253,116
3,253,116
3,253,115
3,253,115
3,253,115
3,253,115
3,253,115
3,253,115
3,253,115
3,253,114
3,255,114
3,253,114
3,255,114
3,255,114
3,255,113
3,255,113
3,255,112
3,253,110
3,250,108
3,250,106
3,250,102
3,253,104
3,253,106
3,253,108
3,253,109
3,255,110
3,253,110
3,253,112
3,253,112
3,253,112
3,253,112
3,253,113
3,253,113
3,255,114
3,255,114
3,255,114
3,255,114
3,255,114
3,253,114
3,253,114
3,253,114
3,255,114
3,255,114
3,255,114
3,255,115
3,253,115
3,253,115
3,253,116
3,253,116
3,253,116
3,255,118
3,253,119
3,253,120
3,253,120
3,253,121
3,253,121
3,253,121
3,255,120
3,255,120
3,253,120
3,253,120
3,253,120
3,253,120
3,253,120
3,255,118
3,255,118
3,255,118
3,255,119
3,255,120
3,253,122
3,253,124
3,253,125
3,253,125
3,253,126
3,255,127
3,255,127
3,255,127
3,255,127
3,255,127
3,255,127
3,253,128
3,255,127
3,255,127
3,253,127
3,253,126
3,253,126
3,253,126
3,253,124
3,253,124
3,253,124
3,253,124
3,253,124
3,253,125
3,253,125
3,253,126
3,251,127
3,249,128
3,249,128
3,249,128
3,251,128
3,253,128
3,253,128
3,253,128
3,253,128
3,253,127
3,253,127
3,253,127
3,253,127
3,253,127
3,253,127
4,255,127
4,255,127
4,255,125
3,251,122
3,246,117
3,246,109
3,245,103
2,248,103
3,253,103
3,255,103
3,255,107
3,255,111
3,255,115
3,255,119
3,255,121
3,253,121
3,253,122
3,253,124
3,253,124
3,253,125
3,251,126
3,251,126
3,251,127
3,251,127
3,251,127
3,251,127
3,251,127
3,251,127
3,251,127
3,251,126
3,251,124
3,251,124
3,251,122
3,251,121
3,251,119
3,251,119
3,251,119
3,253,119
3,251,120
3,253,121
3,253,123
3,253,125
3,253,125
3,251,126
3,251,129
3,251,129
2,249,130
2,249,130
2,249,130
2,249,130
2,249,130
3,249,128
3,251,128
3,251,126
3,251,125
3,251,125
3,251,124
3,253,122
3,253,122
3,253,120
3,253,120
3,255,120
3,255,120
3,255,120
3,253,120
3,253,120
3,253,120
3,253,120
3,253,119
3,255,118
3,255,118
3,255,118
3,253,118
3,253,118
3,253,117
3,253,117
3,253,116
3,253,116
3,253,115
3,253,115
3,253,115
3,253,115
3,253,115
3,253,115
3,253,115
3,253,114
3,255,114
3,255,114
3,255,113
3,255,113
3,255,113
3,255,113
3,255,112
3,253,109
3,250,106
3,250,105
3,253,104
3,253,106
3,253,108
3,253,109
3,255,110
3,255,110
3,253,111
3,253,112
3,253,112
3,253,113
3,253,113
3,253,114
3,255,114
3,255,114
3,255,114
3,255,114
3,255,115
3,253,115
3,253,115
3,255,115
3,255,115
3,255,115
3,253,115
3,253,115
3,253,116
3,253,116
3,253,116
3,253,116
3,253,116
3,253,118
3,253,119
3,253,120
3,253,120
3,253,120
3,253,120
3,253,120
3,255,120
3,255,120
3,253,120
3,253,120
3,253,120
3,253,119
3,255,118
3,255,118
3,255,118
3,255,118
3,255,118
3,255,119
3,253,121
3,253,124
3,253,125
3,253,125
3,253,126
3,253,127
3,255,127
3,255,127
3,255,127
3,255,127
3,253,127
3,253,127
3,253,127
3,253,127
3,253,126
3,253,126
3,253,125
3,253,124
3,253,124
3,253,124
3,253,124
3,255,124
3,253,124
3,253,125
3,253,126
3,253,126
3,251,127
3,249,128
3,249,128
3,249,128
3,249,128
3,251,128
3,253,128
3,253,128
3,253,128
3,253,127
3,253,127
3,253,127
3,253,127
3,253,127
3,253,127
4,255,127
4,255,126
3,253,125
3,251,122
3,246,117
3,246,111
3,245,106
2,248,104
3,253,104
3,253,106
3,255,108
3,255,113
3,255,117
3,255,120
3,253,121
3,253,122
3,253,124
3,253,125
3,251,126
3,251,126
3,251,127
3,249,127
2,249,128
2,249,128
2,249,128
2,249,128
3,251,127
3,249,127
3,251,127
3,251,126
3,251,125
3,251,124
3,251,124
3,251,122
3,251,121
3,251,120
3,251,120
3,253,120
3,251,121
3,251,122
3,251,124
3,251,125
3,251,126
3,251,127
3,251,128
3,251,129
2,249,129
2,249,130
2,249,130
2,249,130
2,249,128
2,249,128
3,251,127
3,251,125
3,253,125
3,253,125
3,253,124
3,253,122
3,253,122
3,253,121
3,253,120
3,255,120
3,255,120
3,255,120
3,253,120
3,253,120
3,253,120
3,253,120
3,253,119
3,255,118
3,255,118
3,253,118
3,253,117
3,253,117
3,253,117
3,253,116
3,253,116
3,253,115
3,253,115
3,253,115
3,253,115
3,253,115
3,253,115
3,253,115
3,253,115
3,253,114
3,255,114
3,255,114
3,255,113
3,255,113
3,255,113
3,255,112
3,253,111
3,250,108
3,250,106
3,250,105
3,252,101
3,255,105
3,255,107
3,255,108
3,255,109
3,255,110
3,255,110
3,253,112
3,253,112
3,253,113
3,253,113
3,251,114
3,253,114
3,253,114
3,253,115
3,253,114
3,255,114
3,255,115
3,255,115
3,255,115
3,255,115
3,253,115
3,253,116
3,253,116
3,253,116
3,253,116
3,253,116
3,253,116
3,255,116
3,253,118
3,253,119
3,251,120
3,251,120
3,251,120
3,251,120
3,253,120
3,255,119
3,255,119
3,255,119
3,253,119
3,253,119
3,253,118
3,255,118
3,255,117
3,255,117
3,255,117
3,255,117
3,255,119
3,253,121
3,253,123
3,253,124
3,253,125
3,253,126
3,253,126
3,253,127
3,253,127
3,255,127
3,255,126
3,253,126
3,253,126
3,253,126
3,253,125
3,253,125
3,253,124
3,253,124
3,253,123
3,253,123
3,253,123
3,253,123
3,255,124
3,253,124
3,253,125
3,253,126
3,253,127
3,253,128
3,251,128
3,249,128
3,249,128
3,249,128
3,249,128
3,251,129
3,251,129
3,253,129
3,253,128
3,253,127
3,253,127
3,253,127
3,253,127
4,255,127
4,255,127
4,255,126
3,253,125
3,251,122
3,248,117
3,248,112
3,248,109
2,248,106
3,253,106
3,253,108
3,255,111
3,255,115
3,255,120
3,253,121
3,253,122
3,251,125
3,251,125
3,251,126
3,249,127
3,249,128
3,249,128
3,249,128
2,249,128
2,249,128
2,249,128
3,249,128
3,249,128
3,249,128
3,249,127
3,251,127
3,251,126
3,251,126
3,251,124
3,251,124
3,251,122
3,251,121
3,253,121
3,253,122
3,253,122
3,253,123
3,251,125
3,251,125
3,251,127
3,251,127
3,251,127
3,251,128
2,249,129
2,249,129
2,249,129
2,249,128
2,249,128
3,251,127
3,251,127
3,251,125
3,253,125
3,253,125
3,253,124
3,251,124
3,253,122
3,253,122
3,253,121
3,253,120
3,253,121
3,255,121
3,253,121
3,253,121
3,253,120
3,253,120
3,253,118
3,253,118
3,255,117
3,253,117
3,253,117
3,253,116
3,253,116
3,253,115
3,253,115
3,253,115
3,253,115
3,253,115
3,253,115
3,253,115
3,253,115
3,253,115
3,253,115
3,253,115
3,253,114
3,255,113
3,255,113
3,255,113
3,255,113
3,255,111
3,253,109
3,250,107
3,250,105
3,250,105
3,255,104
3,255,106
3,255,108
3,255,109
3,255,110
3,255,110
3,255,110
3,255,112
3,253,113
2,251,114
2,251,115
3,251,115
3,251,114
3,253,115
3,253,114
3,255,114
3,255,115
3,255,115
3,255,115
3,255,115
3,253,116
3,253,118
3,251,118
3,253,117
3,253,116
3,253,116
3,255,116
3,255,117
3,253,119
3,253,120
3,251,120
3,249,121
3,249,121
3,249,120
3,251,120
3,253,119
3,253,119
3,253,119
3,253,119
3,253,118
3,253,118
3,255,117
3,255,116
3,255,115
3,255,115
3,255,117
3,255,118
3,253,119
3,253,122
3,253,124
3,253,125
3,253,126
3,253,126
3,253,126
3,253,126
3,253,126
3,253,125
3,253,125
3,253,124
3,253,124
3,253,123
3,253,122
3,253,122
3,253,122
3,253,121
3,253,122
3,253,122
3,253,123
3,253,124
3,253,125
3,253,126
3,253,126
3,253,127
3,253,127
3,253,128
3,253,128
3,249,128
3,249,130
3,249,129
2,249,130
3,251,129
3,251,129
3,251,128
3,251,127
3,251,127
3,253,127
3,253,127
3,255,126
3,253,126
3,253,126
3,251,125
3,251,123
3,249,119
3,248,115
3,248,111
2,248,109
3,253,108
3,253,111
3,255,113
3,253,117
3,253,121
3,251,124
3,251,125
3,251,126
3,251,127
3,249,128
3,249,128
3,249,129
3,249,130
3,249,130
2,249,130
3,249,129
3,249,128
3,249,128
3,249,128
3,249,128
3,249,128
3,251,127
3,251,127
3,251,127
3,251,126
3,251,125
3,251,124
3,251,123
3,253,122
3,253,123
3,253,123
3,253,124
3,251,125
3,251,126
3,251,127
3,251,127
3,251,127
3,251,127
2,249,128
2,249,128
2,249,128
3,251,127
3,251,127
3,251,127
3,251,127
3,251,126
3,251,125
3,253,125
3,251,125
3,251,124
3,253,123
3,253,122
3,253,122
3,253,121
3,253,121
3,253,121
3,253,121
3,253,121
3,253,120
3,253,120
3,253,118
3,253,118
3,253,117
3,253,117
3,253,117
3,253,116
3,253,115
3,253,115
3,253,115
3,253,114
3,253,114
3,253,114
3,253,115
3,253,115
3,253,115
3,253,115
3,253,116
3,253,115
3,253,115
3,253,114
3,255,113
3,255,113
3,255,111
3,255,110
3,253,108
3,250,106
3,250,105
3,255,101
3,255,105
3,255,108
3,255,109
3,255,109
3,255,110
3,255,110
3,253,112
2,251,114
2,251,114
2,251,115
2,251,115
2,251,115
2,251,115
3,253,115
3,253,114
3,253,115
3,255,115
3,255,115
3,255,116
3,253,117
3,253,119
3,251,118
3,253,118
3,253,118
3,255,118
3,255,118
3,255,118
3,253,119
3,251,120
3,251,121
3,249,121
3,249,121
3,249,121
3,249,120
3,251,120
3,253,120
3,253,119
3,253,119
3,253,118
3,253,117
3,253,116
3,255,115
3,255,114
3,255,114
3,255,115
3,255,117
3,253,119
3,253,121
3,253,123
3,253,125
3,253,125
3,253,125
3,253,125
3,253,125
3,253,125
3,253,125
3,253,124
3,253,123
3,253,122
3,253,121
3,253,121
3,253,121
3,253,120
3,253,120
3,255,120
3,255,120
3,255,123
3,253,123
3,253,125
3,253,126
3,253,126
3,253,127
3,253,127
3,253,128
3,253,128
3,253,128
3,251,130
3,251,130
2,249,130
3,251,129
3,251,129
3,251,128
3,251,127
3,251,127
3,253,127
3,255,126
3,255,126
3,255,126
3,253,126
3,251,125
3,249,123
3,249,119
3,248,116
3,248,112
2,250,112
3,253,112
3,255,112
3,255,115
3,253,120
3,251,124
3,251,126
3,251,126
3,249,128
3,249,128
3,249,128
2,249,130
2,249,130
2,249,130
2,249,130
2,249,130
3,249,130
3,249,128
3,249,128
3,249,128
3,249,128
3,251,128
3,251,127
3,251,127
3,251,127
3,251,127
3,251,126
3,251,124
3,253,124
3,253,124
3,253,124
3,253,124
3,253,125
3,253,125
3,251,126
3,251,127
3,251,127
3,251,127
3,251,127
3,251,127
3,251,127
3,251,127
3,251,127
3,251,127
3,251,127
3,251,127
3,251,127
3,251,126
3,251,125
3,251,125
3,251,124
3,253,124
3,253,123
3,253,123
3,253,122
3,253,122
3,253,121
3,253,121
3,253,121
3,253,120
3,253,120
3,253,119
3,253,118
3,253,118
3,253,117
3,253,116
3,253,115
3,253,115
3,253,115
3,253,114
3,253,114
3,253,114
3,253,114
3,253,114
3,253,115
3,253,115
3,253,115
3,253,115
3,253,115
3,253,115
3,253,114
3,253,113
4,255,111
3,255,110
3,253,109
3,253,106
3,250,105
3,248,105
3,255,103
3,255,106
3,255,109
3,255,110
3,255,110
3,253,110
3,253,112
2,251,114
2,251,114
2,251,115
2,251,115
2,251,115
2,251,115
3,251,115
3,253,115
3,253,115
3,255,115
3,255,116
3,255,117
3,255,119
3,255,119
3,253,119
3,255,119
3,255,118
3,255,118
3,255,118
3,255,119
3,253,120
3,251,121
3,251,121
3,249,121
3,249,121
3,249,121
3,249,121
3,251,120
3,251,120
3,253,120
3,253,119
3,253,118
3,253,117
3,253,116
3,255,115
3,255,114
3,255,114
3,255,114
3,255,115
3,253,118
3,253,120
3,253,122
3,253,124
3,253,125
3,253,125
3,253,125
3,253,125
3,253,124
3,253,124
3,253,123
3,253,122
3,253,121
3,253,120
3,253,118
3,253,118
3,255,117
3,255,118
3,255,118
3,255,120
3,255,120
3,255,123
3,253,124
3,253,126
3,253,126
3,253,126
3,253,127
3,253,128
3,253,128
3,253,128
3,253,130
3,251,129
3,251,129
3,251,129
3,251,128
3,251,127
3,251,127
3,251,126
3,253,126
3,255,126
3,255,126
3,253,126
3,253,126
3,251,125
3,251,124
3,249,122
3,249,118
3,251,115
2,251,114
3,253,113
3,253,114
3,253,118
3,251,121
3,251,125
3,251,126
3,249,128
3,249,128
3,249,128
3,249,128
2,249,130
2,249,130
2,249,130
2,249,130
2,249,130
2,249,130
2,249,129
3,249,128
3,249,128
3,251,128
3,251,127
3,251,127
3,251,128
3,251,128
3,251,127
3,251,127
3,251,126
3,253,124
3,253,124
3,253,124
3,253,124
3,253,125
3,253,125
3,251,126
3,251,127
3,251,127
3,251,127
3,251,127
3,251,126
3,251,126
3,251,126
3,253,127
3,253,127
3,253,127
3,253,127
3,251,127
3,251,126
3,251,126
3,251,126
3,251,124
3,251,124
3,253,124
3,253,123
3,253,123
3,253,123
3,255,123
3,253,122
3,253,121
3,253,121
3,253,120
3,253,119
3,253,118
3,253,117
3,253,116
3,253,115
3,253,115
3,253,115
3,253,114
3,253,114
3,253,114
3,253,114
3,253,114
3,253,114
3,253,114
3,253,115
3,253,115
3,253,115
3,253,115
3,253,115
3,253,114
3,253,111
3,253,110
3,253,109
3,250,107
3,250,106
3,248,105
3,255,99
3,255,104
3,255,108
3,255,109
3,253,110
3,253,110
3,253,112
3,253,114
2,251,114
2,251,115
2,251,115
2,251,114
2,251,114
3,253,114
3,253,114
3,253,115
3,255,115
3,255,116
3,255,118
3,255,119
3,255,119
3,255,119
3,255,119
3,255,119
3,255,119
3,255,119
3,253,121
3,251,121
3,251,121
3,251,121
3,249,122
3,249,121
3,249,121
3,249,121
3,249,121
3,251,121
3,251,121
3,251,120
3,251,119
4,253,118
3,253,116
3,255,115
3,255,114
3,255,114
3,255,115
3,255,115
3,253,118
3,253,119
3,253,121
3,253,124
3,253,124
3,253,125
3,253,125
3,253,124
3,253,124
3,253,123
3,253,122
3,253,120
3,253,120
3,253,117
3,255,116
3,255,116
3,255,116
3,255,116
3,255,117
3,255,117
3,255,119
3,255,122
3,255,124
3,253,125
3,253,126
3,253,126
3,253,127
3,253,127
3,253,128
3,253,128
3,253,128
3,253,128
3,251,128
3,251,128
3,251,127
3,251,127
3,251,126
3,251,126
3,253,126
3,253,126
3,253,126
3,253,126
3,253,126
3,251,125
3,251,125
3,249,122
3,249,119
3,251,117
3,251,116
3,253,115
3,253,116
3,253,120
3,251,124
3,251,126
3,251,128
3,249,128
3,249,128
3,249,128
3,249,130
2,249,130
2,249,130
2,249,130
2,249,130
2,249,130
2,249,130
2,249,129
3,251,128
3,251,128
3,251,128
3,253,128
3,253,128
3,253,128
3,253,128
3,251,128
3,251,127
3,251,126
3,253,125
3,253,124
3,253,124
3,253,124
3,253,125
3,253,125
3,253,125
3,251,126
3,251,126
3,251,126
3,251,126
3,251,126
3,251,126
3,253,126
3,253,126
3,253,127
3,253,127
3,253,127
3,251,127
3,251,127
3,251,126
3,251,126
3,251,126
3,251,125
3,253,124
3,253,124
3,253,124
3,253,123
3,253,123
3,253,123
3,253,122
3,253,121
3,253,120
3,253,120
3,253,118
3,253,117
3,253,115
3,253,115
3,253,115
3,253,114
3,253,114
3,253,114
3,253,114
3,253,114
3,253,114
3,253,114
3,253,115
3,253,115
3,253,115
3,253,115
3,253,115
3,253,114
3,253,113
3,253,110
3,253,109
3,253,107
3,250,106
3,250,105
3,250,104
3,255,103
3,253,106
3,253,109
3,253,110
3,253,110
3,253,112
3,253,113
2,251,114
2,251,114
2,251,114
2,251,114
3,253,114
3,253,114
3,255,114
3,255,115
3,255,116
3,255,116
3,255,117
3,255,119
3,255,119
3,255,119
3,255,119
3,255,119
3,255,119
3,253,121
3,253,121
3,251,122
3,251,122
3,251,122
3,251,122
3,251,122
3,251,122
3,251,122
3,251,122
3,251,122
3,251,123
3,251,121
3,251,120
3,251,119
3,253,117
3,255,115
3,255,115
3,255,114
3,255,115
3,255,115
3,253,118
3,253,119
3,253,121
3,253,123
3,253,124
3,253,124
3,253,124
3,253,124
3,251,122
3,251,121
3,251,120
3,253,119
3,253,117
3,253,116
3,255,114
3,255,114
3,255,114
3,255,114
3,255,115
3,255,117
3,255,117
3,255,120
3,255,123
3,253,124
3,253,125
3,253,126
3,251,126
3,251,126
3,253,127
3,253,128
3,253,128
3,253,128
3,253,128
3,251,127
3,251,127
3,251,127
3,251,126
3,251,126
3,253,126
3,253,126
3,253,126
3,253,126
3,253,126
3,251,126
3,251,125
3,251,124
3,251,121
3,251,119
3,253,118
3,253,118
3,253,119
3,253,123
3,251,125
3,251,128
3,251,128
3,251,128
3,251,128
3,251,130
3,253,130
3,253,130
3,253,130
3,253,130
3,253,130
3,253,130
3,253,129
3,253,129
3,253,128
3,253,128
3,253,128
3,253,128
3,253,128
3,253,128
3,253,128
3,253,128
3,251,127
3,251,126
3,253,126
3,253,124
3,253,124
3,253,124
3,253,124
3,253,125
3,253,125
3,253,125
3,251,126
3,251,126
3,251,126
3,251,126
3,253,126
3,253,126
3,253,126
3,253,127
3,253,128
3,253,129
3,253,129
3,251,128
3,251,127
3,251,127
3,251,126
3,251,126
3,253,124
3,253,124
3,253,124
3,253,123
3,253,123
3,253,123
3,253,122
3,253,121
3,251,121
3,251,120
3,253,118
3,253,117
3,253,115
3,253,115
3,253,115
3,255,114
3,255,113
3,255,113
3,253,114
3,253,114
3,253,114
3,253,114
3,253,115
3,253,115
3,253,115
3,253,115
3,253,114
3,253,113
3,253,111
3,253,109
3,253,108
3,253,106
3,250,105
3,250,103
3,252,99
3,253,104
3,253,108
3,253,110
3,253,110
3,253,112
3,253,113
3,253,114
2,251,114
3,253,114
3,253,114
3,253,114
3,253,114
3,255,115
3,255,115
3,255,116
3,255,116
3,255,118
3,255,119
3,255,119
3,255,119
3,255,120
3,255,121
3,253,121
3,253,121
3,253,122
3,251,122
3,251,123
3,251,123
3,251,123
3,251,123
3,251,123
3,251,123
3,251,123
3,251,123
3,251,123
3,251,123
3,251,121
3,251,120
3,253,118
3,255,116
3,255,115
3,255,115
3,255,115
3,255,115
3,253,118
3,253,119
3,253,121
3,251,122
3,253,124
3,251,124
3,251,124
3,251,123
3,251,122
3,251,121
3,251,119
3,251,118
3,251,116
3,253,115
3,255,114
3,255,114
3,255,114
3,255,114
3,255,115
3,255,116
3,255,117
3,255,119
3,255,121
3,253,123
3,253,124
3,253,125
3,251,126
3,251,126
3,251,127
3,251,127
3,251,128
3,253,128
3,253,128
3,251,128
3,251,127
3,251,127
3,251,126
3,251,126
3,251,126
3,253,126
3,253,126
3,253,126
3,253,126
3,251,126
3,251,125
3,251,124
3,251,123
3,251,121
3,251,120
3,253,120
3,253,123
3,253,125
3,253,127
3,251,128
3,251,128
3,251,128
3,251,130
3,253,130
3,253,130
3,253,130
3,253,130
3,253,130
3,253,130
3,253,129
3,253,129
3,253,129
3,253,128
3,253,128
3,253,128
3,253,128
3,253,128
3,253,128
3,253,128
3,253,128
3,253,127
3,253,126
3,253,126
3,253,125
3,253,124
3,253,124
3,253,124
3,253,125
3,253,125
3,253,125
3,251,126
3,251,126
3,251,126
3,253,126
3,255,126
3,255,126
3,255,127
3,255,128
3,253,129
3,253,129
3,253,130
3,253,129
3,251,128
3,251,128
3,251,127
3,251,126
3,251,126
3,253,124
3,253,124
3,253,123
3,253,123
3,253,122
3,253,121
3,253,121
3,251,120
3,251,119
3,251,119
3,253,117
3,253,115
3,253,115
3,253,114
3,255,113
3,255,113
3,255,113
3,255,114
3,253,114
3,253,114
3,253,115
3,253,115
3,253,115
3,253,115
3,253,114
3,253,113
3,253,111
3,253,110
3,253,108
3,253,106
3,253,105
3,250,103
3,250,102
3,250,104
3,250,106
3,250,109
3,253,110
3,253,111
3,253,113
3,253,113
3,253,114
3,253,114
3,253,114
3,255,114
3,255,114
3,255,115
3,255,115
3,255,116
3,255,117
3,255,117
3,255,119
3,255,119
3,255,121
3,255,121
3,255,121
3,253,121
3,253,122
3,253,123
3,251,124
3,251,124
3,251,124
3,251,125
3,251,125
3,251,124
3,251,124
3,251,125
3,251,124
3,251,124
3,251,123
3,251,122
3,251,121
3,253,119
3,255,117
3,255,115
3,255,115
3,255,115
3,255,117
3,253,118
3,253,119
3,253,121
3,251,121
3,253,122
3,251,122
3,251,123
3,251,122
3,251,121
3,251,120
3,251,119
3,251,118
3,251,116
2,251,115
3,253,114
2,253,114
2,253,114
2,253,114
3,253,115
3,253,115
3,255,116
3,255,117
3,253,119
3,253,122
3,253,124
3,253,124
3,251,125
3,251,126
3,251,126
3,251,126
3,251,127
3,253,128
3,253,128
3,251,128
3,251,127
3,251,127
3,251,127
3,251,126
3,251,126
3,251,126
3,251,127
3,253,126
3,253,126
3,253,126
3,253,125
3,253,124
3,251,124
3,251,124
3,251,123
3,253,124
3,253,125
3,253,127
3,253,128
3,253,128
3,251,130
3,251,131
3,251,130
3,253,130
3,253,130
3,253,130
3,253,130
3,253,130
3,253,130
3,255,129
3,255,129
3,255,129
3,255,128
3,253,128
3,253,128
3,253,128
3,253,128
3,253,128
3,253,128
3,253,127
3,253,127
3,253,126
3,253,126
3,253,125
3,253,124
3,253,124
3,253,124
3,253,124
3,253,125
3,253,125
3,253,125
3,253,125
3,253,126
3,255,126
3,255,126
3,255,126
3,255,128
3,255,129
3,253,129
3,253,130
3,253,131
3,253,131
3,251,130
3,251,129
3,249,128
3,251,127
3,251,126
3,253,125
3,253,124
3,253,123
3,253,122
3,253,121
3,253,121
3,253,121
3,251,120
3,251,119
3,251,118
3,251,117
3,251,115
3,253,115
3,253,114
3,255,113
3,255,113
3,255,113
3,255,114
3,253,114
3,253,115
3,253,115
3,253,115
3,253,115
3,253,115
3,253,113
3,250,113
3,250,110
3,253,108
3,253,106
3,250,105
3,250,104
3,250,102
3,250,102
3,250,105
3,250,107
3,250,109
3,253,110
3,253,112
3,253,113
3,253,114
3,253,114
3,255,114
3,255,114
3,255,114
3,255,115
3,255,115
3,255,116
3,255,117
3,255,118
3,255,119
3,255,121
3,255,121
3,255,121
3,255,121
3,253,122
3,253,122
3,253,124
3,253,124
3,251,125
3,251,125
3,251,125
3,251,125
3,251,125
3,251,125
3,251,125
3,251,125
3,251,124
3,251,124
3,251,123
3,251,122
3,253,120
3,255,119
3,255,117
3,255,117
3,255,117
3,253,117
3,253,118
3,253,119
3,253,121
3,253,121
3,253,122
3,251,122
3,251,122
3,251,121
3,251,121
3,251,120
3,251,120
3,251,118
2,248,117
3,251,116
2,251,115
2,251,114
2,251,114
2,251,115
2,251,115
2,251,115
3,253,116
3,253,116
3,253,117
3,253,120
3,253,122
3,253,124
3,251,124
3,251,125
3,251,126
3,251,126
3,251,127
3,251,127
3,251,128
3,251,128
3,251,128
3,251,127
3,251,127
3,251,127
3,251,127
3,251,127
3,251,127
3,251,126
3,253,126
3,253,126
3,253,125
3,253,125
3,251,125
3,251,124
3,251,124
3,253,125
3,253,127
3,253,128
3,253,130
3,253,130
3,251,131
3,251,131
3,251,131
3,253,130
3,253,130
3,253,130
3,253,130
3,253,130
3,253,130
3,255,129
3,255,129
3,255,129
3,255,128
3,253,128
3,253,128
3,253,128
3,253,128
3,253,128
3,253,128
3,253,128
3,253,127
3,253,127
3,253,126
3,253,126
3,253,124
3,253,124
3,253,124
3,253,124
3,253,125
3,253,125
3,253,125
3,253,125
3,255,125
3,255,126
3,255,126
3,255,126
3,255,128
3,253,129
3,253,130
3,253,131
3,253,131
3,251,131
3,251,131
3,249,130
3,249,129
3,249,127
3,251,126
3,251,125
3,253,123
3,253,123
3,253,121
3,253,121
3,253,121
3,253,120
3,251,120
3,251,119
3,251,117
3,251,117
3,251,116
3,253,115
3,253,114
3,255,113
3,255,113
3,255,113
3,255,114
3,253,115
3,253,115
3,253,115
3,253,115
3,253,115
3,251,114
3,253,113
3,250,111
3,253,109
3,253,106
3,253,105
3,250,104
3,250,102
3,250,101
3,250,104
3,250,106
3,250,107
3,250,109
3,253,110
3,253,112
3,253,113
3,255,114
3,255,114
3,255,114
3,255,114
3,255,115
3,255,115
3,253,116
3,255,117
3,255,118
3,255,119
3,255,121
3,255,121
3,255,121
3,255,121
3,253,122
3,253,123
3,253,124
3,253,124
3,253,125
3,253,125
3,253,125
3,253,125
3,251,125
3,251,125
3,251,125
3,251,125
3,251,125
3,251,124
3,251,124
3,253,122
3,253,121
3,253,119
3,255,118
3,255,117
3,255,117
3,255,118
3,253,119
3,253,120
3,253,121
3,253,121
3,253,122
3,251,122
3,251,122
3,251,122
3,251,121
3,251,121
3,251,120
3,249,119
3,249,118
2,248,116
2,248,116
3,251,115
2,251,115
2,251,115
3,251,115
3,251,115
3,253,116
3,253,116
3,253,116
3,253,119
3,253,120
3,253,122
3,251,124
3,251,124
3,251,125
3,251,126
3,251,126
3,251,127
3,251,128
3,251,128
2,251,128
2,251,127
2,251,127
3,251,127
3,251,127
3,251,127
3,251,127
3,251,126
3,253,126
3,253,126
3,253,125
3,253,125
3,253,125
3,251,125
3,251,125
3,251,127
3,253,128
3,253,130
3,253,131
3,253,131
3,251,131
3,251,131
3,251,131
3,251,131
3,253,130
3,253,130
3,253,130
3,253,130
3,253,130
3,255,129
3,255,129
3,255,128
3,255,128
3,253,128
3,253,128
3,253,128
3,253,128
3,253,128
3,253,128
3,253,128
3,253,127
3,253,127
3,253,126
3,253,126
3,253,124
3,253,124
3,253,124
3,253,124
3,253,124
3,253,124
3,253,125
3,253,125
3,255,125
3,255,125
3,255,126
3,255,127
3,255,129
3,253,130
3,253,131
3,253,131
3,251,131
3,251,132
3,249,131
3,249,131
3,249,129
3,249,128
3,251,126
3,251,125
3,253,123
3,253,122
3,253,121
3,253,120
3,253,120
3,253,120
3,253,119
3,251,118
3,251,117
3,251,116
3,253,115
3,253,115
3,253,114
3,255,113
3,255,113
3,255,113
3,255,114
3,253,115
3,253,115
3,253,115
3,253,115
3,251,115
3,251,114
3,250,113
3,250,111
3,250,108
3,253,106
3,253,104
3,250,102
3,250,101
3,252,101
3,253,105
3,250,106
3,253,108
3,253,109
3,253,110
3,253,112
3,255,113
3,255,114
3,255,114
3,255,114
3,255,115
3,253,115
3,253,117
3,253,117
3,255,118
3,255,119
3,255,121
3,255,121
3,255,121
3,255,122
3,253,123
3,253,123
3,253,124
3,253,124
3,253,125
3,253,125
3,253,125
3,253,125
3,253,125
3,253,125
3,251,125
3,251,125
3,251,125
3,251,124
3,251,124
3,253,124
3,253,122
3,253,120
3,255,120
3,255,119
3,255,118
3,255,119
3,253,120
3,253,120
3,253,121
3,251,121
3,253,122
3,251,122
3,251,122
3,251,122
3,251,122
3,251,121
3,251,120
3,249,120
3,249,120
3,249,118
2,248,116
3,251,116
3,251,116
3,251,116
3,251,116
3,253,116
3,253,116
3,253,116
3,253,116
3,253,116
3,253,119
3,253,121
3,253,122
3,251,124
3,251,125
3,251,126
3,251,126
3,251,126
3,251,127
2,251,127
2,251,128
2,251,127
2,251,127
2,251,126
3,251,126
3,251,126
3,251,126
3,251,126
3,253,126
3,253,126
3,253,125
3,253,125
3,253,125
3,251,126
3,251,127
3,251,128
3,251,130
3,253,131
3,253,131
3,253,132
3,251,132
3,251,132
3,251,131
3,251,131
3,253,130
3,253,130
3,253,130
3,253,130
3,253,130
3,255,129
3,255,128
3,255,128
3,255,128
3,253,129
3,253,128
3,253,128
3,253,128
3,253,128
3,253,128
3,253,128
3,253,128
3,253,127
3,253,127
3,253,126
3,253,125
3,253,124
3,253,124
3,255,123
3,255,123
3,255,123
3,255,124
3,253,125
3,255,125
3,255,126
3,255,126
3,255,127
3,255,129
3,253,130
3,253,131
3,251,131
3,251,132
3,249,132
3,249,132
3,249,131
3,249,129
3,251,127
3,251,125
3,251,124
3,253,122
3,253,121
3,253,121
3,253,120
3,253,120
3,253,119
3,253,118
3,253,118
3,251,117
3,253,116
3,253,115
3,253,115
3,253,114
3,255,113
3,255,113
3,255,113
3,255,115
3,255,115
3,253,115
3,253,115
3,253,115
3,251,115
3,250,113
3,250,112
3,248,109
3,250,107
3,250,106
3,250,103
3,250,101
3,250,101
3,252,101
3,253,105
3,253,106
3,253,108
3,253,109
3,253,112
3,255,112
3,255,114
3,255,114
3,255,114
3,255,114
3,253,115
3,253,117
3,253,117
3,253,118
3,255,120
3,255,121
3,255,121
3,255,121
3,255,122
3,253,123
3,253,124
3,253,124
3,253,124
3,253,124
3,253,125
3,253,125
3,253,125
3,253,125
3,253,125
3,253,125
3,253,125
3,253,124
3,253,124
3,251,124
3,253,124
3,253,124
3,253,121
3,253,121
3,255,120
3,255,120
3,253,120
3,253,120
3,253,121
3,253,121
3,253,121
3,253,122
3,253,122
3,253,122
3,253,122
3,253,122
3,251,122
3,251,122
3,251,121
3,249,120
3,251,120
3,251,119
3,251,118
3,251,116
3,253,116
3,253,116
3,253,116
3,253,116
3,253,116
3,253,116
3,253,116
3,253,118
3,255,119
3,253,121
3,251,123
3,251,125
3,249,125
3,251,126
3,251,126
2,251,126
2,251,126
2,251,126
2,251,126
2,251,126
2,251,126
3,251,126
3,251,126
3,251,126
3,253,125
3,253,125
3,253,125
3,255,125
3,253,125
3,253,126
3,251,127
3,251,127
3,251,130
3,251,130
3,253,132
3,253,132
3,253,132
3,251,132
3,251,132
3,251,132
3,251,131
3,253,130
3,253,130
3,253,130
3,253,130
3,253,129
3,255,128
3,255,128
3,255,128
3,255,129
3,253,129
3,255,129
3,255,129
3,253,128
3,253,128
4,255,128
3,253,128
3,253,128
3,253,127
3,251,127
3,251,126
3,251,126
3,253,124
3,255,123
3,255,122
3,255,122
3,255,122
3,255,123
3,253,124
3,253,125
3,255,126
3,255,126
3,253,128
3,253,129
3,251,131
3,251,131
3,251,132
3,249,132
3,249,132
3,249,132
3,249,131
3,249,128
3,251,126
3,251,124
3,253,123
3,253,122
3,253,121
3,253,120
3,253,120
3,253,119
3,253,118
3,253,118
3,253,117
3,253,116
3,253,115
3,253,115
3,253,115
3,255,114
3,255,114
3,255,114
3,255,114
3,255,115
3,253,115
3,253,115
3,253,115
3,253,115
3,251,115
3,250,113
3,248,112
3,248,109
3,250,106
3,250,104
3,248,102
3,247,101
3,252,99
3,253,102
3,253,105
3,253,107
3,253,109
3,253,110
3,255,112
3,255,113
3,255,114
3,255,114
3,255,114
3,255,115
3,253,117
3,253,118
3,253,119
3,253,120
3,255,121
3,255,121
3,255,121
3,255,122
3,253,123
3,253,124
3,253,124
3,253,124
3,253,124
3,253,124
3,253,125
3,253,125
3,253,125
3,253,125
3,253,125
3,253,125
3,253,124
3,253,125
3,251,125
3,253,124
3,253,124
3,253,122
3,253,121
3,253,121
3,253,120
3,253,121
3,253,121
3,253,121
3,253,121
3,251,121
3,253,122
3,253,122
3,253,122
3,253,122
3,253,122
3,251,122
3,251,122
3,251,122
3,251,122
3,251,121
3,251,120
3,251,119
3,251,119
3,253,116
3,253,116
3,253,116
3,253,116
3,253,116
3,253,116
3,253,117
3,255,118
3,255,118
3,255,119
3,253,122
3,249,125
3,249,125
3,249,126
3,251,125
3,251,125
2,251,125
2,251,125
2,251,125
2,251,125
2,251,125
2,249,125
3,251,125
3,251,125
3,253,125
3,253,125
3,255,125
3,255,125
3,253,125
3,253,126
3,251,127
3,251,130
3,251,130
3,251,131
3,253,132
3,253,132
3,251,132
3,251,133
3,251,132
3,251,132
3,251,131
3,253,130
3,253,130
3,253,130
3,253,130
3,253,129
3,255,128
3,255,128
3,255,128
3,255,129
3,253,129
3,255,129
3,255,129
4,255,128
3,253,128
3,253,128
3,253,128
3,253,128
3,253,128
3,251,127
3,251,126
3,251,126
3,253,125
3,255,123
3,255,122
3,255,121
3,255,121
3,255,121
3,253,123
3,253,125
3,253,126
3,253,127
3,251,128
3,251,130
3,249,131
3,249,132
3,249,132
3,249,132
3,249,132
3,249,131
3,249,129
3,251,126
3,253,125
3,253,124
3,253,122
3,253,121
3,253,121
3,253,120
3,253,118
3,253,118
3,253,118
3,253,117
3,253,117
3,253,116
3,253,115
3,253,115
3,253,114
3,255,114
3,255,114
3,255,114
3,255,114
3,255,115
3,253,115
3,253,115
3,253,115
3,251,115
3,251,114
3,250,112
3,250,111
3,248,109
3,250,106
3,250,104
3,250,102
3,247,101
3,255,99
3,253,102
3,253,106
3,253,108
3,253,109
3,253,111
3,255,112
3,255,114
3,255,114
3,255,114
3,255,114
3,253,116
3,253,118
3,253,118
3,253,119
3,253,121
3,253,121
3,253,122
3,253,122
3,253,123
3,253,124
3,253,124
3,253,124
3,253,124
3,253,124
3,253,124
3,253,124
3,253,124
3,253,124
3,253,124
3,253,125
3,253,124
3,253,125
3,253,125
3,253,125
3,253,124
3,253,124
3,253,122
3,253,121
3,253,121
3,253,121
3,253,121
3,253,121
3,253,122
3,251,122
3,253,122
3,253,122
3,253,122
3,253,123
3,255,123
3,253,123
3,253,123
3,251,122
3,251,122
3,251,122
3,251,122
3,251,122
3,253,121
3,253,120
3,253,120
3,253,120
3,253,119
3,253,118
3,253,118
3,253,118
3,253,118
3,255,118
3,255,118
3,253,120
3,249,123
3,249,125
3,249,125
3,249,125
3,251,124
3,251,121
3,251,120
3,251,120
3,251,121
2,251,123
3,251,124
3,251,124
3,251,124
3,253,124
3,255,125
3,255,125
3,255,125
3,255,125
3,253,126
3,251,127
3,251,130
3,251,131
3,251,132
3,251,132
3,251,132
3,251,133
3,251,133
3,251,132
3,251,132
3,251,132
3,253,130
3,253,130
3,253,130
3,253,130
3,253,128
3,253,128
3,253,128
3,255,128
3,255,129
3,253,129
3,255,129
3,255,129
3,255,128
4,255,128
4,255,128
3,253,128
3,253,128
3,251,128
3,251,127
3,251,126
3,251,126
3,253,125
3,253,123
3,255,122
3,255,121
3,255,121
3,255,121
3,253,122
3,253,125
3,253,126
3,251,127
3,251,128
3,249,130
3,249,131
3,249,132
3,249,132
3,249,132
3,249,131
3,249,129
3,251,127
3,251,125
3,253,124
3,253,123
3,253,122
3,253,121
3,253,120
3,253,117
3,253,117
3,253,117
3,253,117
3,253,117
3,253,115
3,253,115
3,253,115
3,253,115
3,255,114
3,255,114
3,255,114
3,255,114
3,255,114
3,253,115
3,253,116
3,251,116
3,251,115
3,251,115
3,251,114
3,250,112
3,250,111
3,250,108
3,250,105
3,250,104
3,250,101
3,255,99
3,253,104
3,253,106
3,250,109
3,253,111
3,253,112
3,255,113
3,255,114
3,255,114
3,255,114
3,255,115
3,253,117
3,253,118
3,253,119
3,253,120
3,253,121
3,253,121
3,253,122
3,253,122
3,253,124
3,253,124
3,253,124
3,253,124
3,253,124
3,253,124
3,253,124
3,253,124
3,253,124
3,253,124
3,253,124
3,253,124
3,253,125
3,253,125
3,251,125
3,251,124
3,251,124
3,253,124
3,253,122
3,253,121
3,253,122
3,251,122
3,251,122
3,251,122
3,251,122
3,253,123
3,253,123
3,253,123
3,255,123
3,255,123
3,255,123
3,255,123
3,253,123
3,253,123
3,251,122
3,251,122
3,253,122
3,253,122
3,253,122
3,253,121
3,253,120
3,253,120
3,253,120
3,253,120
3,253,119
3,253,118
3,255,118
3,255,118
3,255,118
3,251,120
3,249,123
3,249,123
3,249,123
3,251,120
3,251,119
3,253,116
3,253,116
3,251,118
3,251,120
3,251,121
3,251,122
3,253,124
3,253,124
3,255,124
3,255,124
3,255,125
3,255,125
3,253,126
3,251,127
3,251,130
2,249,132
3,249,132
3,251,132
3,251,133
3,251,133
3,251,132
3,251,132
3,251,132
3,251,132
3,253,131
3,253,130
3,253,130
3,253,130
3,253,128
3,253,128
3,253,128
3,253,128
3,253,129
3,253,129
3,255,129
3,255,128
3,255,128
4,255,128
4,255,128
3,253,128
3,253,128
3,251,128
3,251,127
3,251,126
3,251,126
3,251,125
3,253,123
3,255,121
3,255,120
3,255,120
3,253,121
3,253,122
3,253,124
3,251,126
3,251,128
3,249,128
3,249,129
3,249,131
3,249,131
3,249,131
3,249,131
3,249,129
3,251,127
3,251,126
3,251,124
3,253,123
3,253,122
3,251,121
3,251,120
3,253,118
3,253,116
3,253,116
3,253,116
3,253,116
3,253,115
3,253,115
3,253,115
3,253,115
3,253,115
3,255,114
3,255,114
3,255,114
3,255,114
3,253,115
3,253,116
3,251,116
3,251,116
3,251,115
3,251,115
3,250,112
3,250,111
3,250,109
3,250,106
3,250,105
3,250,104
3,255,98
3,252,101
3,253,105
3,250,109
3,253,110
3,253,112
3,255,113
3,255,114
3,255,114
3,255,114
3,255,115
3,253,117
3,253,118
3,253,118
3,253,120
3,253,121
3,253,121
3,253,122
3,253,122
3,253,122
3,253,124
3,253,124
3,253,124
3,253,124
3,253,124
3,253,124
3,253,124
3,253,124
3,253,124
3,253,124
3,253,124
3,253,124
3,253,125
3,253,125
3,253,124
3,253,124
3,253,124
3,253,124
3,253,122
3,253,122
3,251,122
3,251,122
3,251,122
3,251,122
3,253,123
3,253,123
3,253,123
3,255,123
3,255,123
3,255,123
3,255,123
3,255,123
3,253,123
3,253,123
3,253,123
3,253,123
3,253,122
3,253,122
3,253,122
3,253,122
3,253,121
3,253,121
3,253,120
3,253,120
3,253,119
3,255,118
3,255,118
3,255,118
3,253,118
3,249,118
3,249,120
3,249,118
3,251,114
3,253,114
3,253,112
3,253,112
3,253,113
3,251,115
3,251,118
3,253,119
3,253,121
3,255,121
3,255,123
3,255,124
3,255,124
3,255,125
3,253,126
3,251,127
3,251,130
2,249,132
3,249,132
3,251,132
3,251,132
3,251,132
3,251,132
3,251,132
3,251,132
3,251,132
3,251,131
3,253,131
3,253,130
3,253,130
3,253,129
3,253,128
3,253,128
3,253,128
3,253,128
3,253,129
3,255,129
3,255,128
3,255,128
3,255,128
4,255,128
3,253,128
3,251,128
3,251,128
3,249,127
3,251,126
3,251,125
3,251,124
3,253,122
3,255,120
3,255,120
3,255,120
3,253,121
3,253,122
3,251,124
3,251,126
3,251,126
3,249,128
3,249,128
2,249,129
2,249,130
2,249,130
3,251,129
3,251,127
3,251,126
3,253,125
3,253,123
3,253,122
3,253,121
3,253,121
3,253,118
3,253,116
3,253,116
3,253,115
3,253,115
3,253,115
3,253,115
3,253,115
3,253,115
3,253,115
3,253,115
3,255,115
3,255,114
3,255,114
3,253,115
3,253,116
3,251,116
3,251,117
3,251,116
3,251,115
3,251,115
3,250,111
3,250,110
3,250,108
3,250,106
3,250,104
3,250,103
3,252,99
3,253,103
3,253,106
3,253,109
3,253,112
3,255,113
3,255,114
3,255,114
3,255,114
3,255,115
3,253,117
3,253,118
3,253,118
3,253,119
3,253,120
3,253,121
3,253,121
3,253,122
3,253,122
3,253,123
3,253,124
3,253,124
3,253,124
3,253,124
3,253,124
3,253,124
3,253,124
3,253,124
3,253,124
3,253,124
3,253,124
3,253,124
3,253,124
3,253,124
3,253,124
3,253,124
3,253,124
3,253,123
3,253,122
3,253,122
3,253,122
3,253,122
3,253,122
3,253,122
3,253,122
3,253,123
3,253,123
3,255,123
3,255,123
3,255,123
3,255,123
3,255,123
3,253,124
3,253,124
3,253,124
3,253,124
3,253,124
3,253,124
3,253,122
3,253,122
3,253,122
3,253,121
3,253,120
3,253,120
3,253,119
3,253,118
3,253,117
3,253,117
3,251,117
3,251,114
2,248,112
3,250,109
3,253,109
3,253,109
3,253,108
3,253,108
3,253,109
3,253,113
3,253,115
3,255,119
3,255,121
3,255,121
3,255,123
3,255,124
3,255,125
3,255,126
3,253,129
3,251,130
2,249,131
3,249,132
3,249,132
3,251,132
3,251,132
3,251,132
3,251,132
3,251,132
3,251,132
3,251,132
3,251,131
3,251,130
3,253,130
3,253,129
3,253,129
3,253,128
3,253,128
3,255,128
3,255,128
3,255,128
3,255,128
3,255,128
3,255,128
3,255,128
4,255,128
3,251,128
3,249,128
3,249,127
3,251,126
3,251,125
3,253,123
3,253,121
3,255,120
3,255,119
3,253,120
3,253,120
3,253,122
3,253,124
3,251,125
3,251,126
3,251,127
3,251,128
3,251,128
3,251,129
3,251,129
3,251,127
3,251,126
3,253,125
3,253,124
3,253,122
3,253,121
3,253,121
3,253,119
3,253,117
3,253,116
3,253,115
3,253,115
3,253,115
3,253,115
3,253,115
3,253,115
3,253,115
3,253,115
3,253,115
3,253,115
3,253,115
3,253,115
3,251,116
3,251,117
3,248,117
3,248,117
3,248,115
3,248,112
3,248,111
3,248,110
3,250,109
3,250,106
3,248,105
3,248,104
3,253,102
3,253,105
3,253,109
3,253,111
3,253,113
3,255,114
3,255,114
3,255,115
3,255,115
3,255,116
3,255,118
3,253,118
3,253,119
3,253,120
3,253,121
3,253,121
3,253,121
3,253,122
3,253,122
3,253,123
3,253,124
3,253,124
3,253,124
3,253,124
3,253,124
3,253,124
3,253,124
3,253,124
3,253,124
3,253,124
3,253,124
3,253,124
3,253,124
3,253,124
3,253,124
3,253,124
3,253,124
3,253,123
3,253,122
3,253,122
3,253,122
3,253,122
3,253,122
3,253,121
3,253,121
3,253,121
3,255,121
3,255,121
3,255,123
3,255,123
3,255,123
3,253,124
3,253,124
3,253,124
3,253,124
3,253,124
3,253,124
3,253,124
3,253,124
3,253,124
3,253,122
3,253,121
3,253,120
3,253,119
3,253,117
3,253,117
3,253,116
3,251,114
3,250,111
3,250,109
3,250,106
3,250,105
3,253,105
3,253,105
3,253,105
3,253,107
3,253,108
3,255,113
3,255,115
3,255,119
3,255,121
3,255,121
3,255,124
3,255,125
3,255,126
3,253,129
3,253,130
2,249,131
3,249,132
3,249,132
2,249,132
3,251,132
3,251,132
3,251,132
3,251,132
3,251,132
3,251,132
3,251,131
3,251,131
3,253,130
3,253,130
3,253,129
3,253,129
3,253,128
3,253,128
3,253,128
3,255,128
3,255,128
3,255,128
3,255,128
3,255,128
3,255,128
3,251,128
3,249,128
3,249,127
3,249,125
3,251,124
3,253,122
3,255,120
3,255,119
3,255,119
3,255,119
3,253,120
3,253,122
3,253,124
3,253,125
3,253,125
3,253,126
3,251,126
3,251,126
3,251,126
3,251,126
3,253,125
3,253,124
3,253,124
3,253,122
3,253,122
4,253,121
3,253,121
3,253,118
3,253,116
3,253,116
3,253,115
3,253,115
3,253,115
3,253,115
3,253,115
3,255,115
3,255,115
3,255,115
3,253,115
3,253,115
3,253,116
3,251,117
3,248,117
3,248,117
3,248,117
3,248,115
3,248,115
3,248,111
3,248,109
3,248,109
3,248,107
3,248,106
3,248,105
3,252,100
3,253,104
3,253,106
3,253,110
3,253,113
3,253,114
3,255,114
3,255,115
3,255,115
3,255,115
3,255,117
3,255,118
3,255,118
3,253,119
3,253,120
3,253,121
3,253,121
3,253,122
3,253,122
3,253,122
3,253,124
3,253,124
3,253,124
3,253,124
3,253,124
3,253,124
3,253,124
3,253,124
3,253,124
3,253,124
3,253,124
3,253,124
3,253,124
3,253,124
3,253,124
3,253,124
3,253,124
3,253,124
3,253,122
3,253,122
3,253,122
3,253,122
3,253,122
3,253,121
3,253,121
3,253,121
3,255,120
3,255,121
3,255,121
3,255,123
3,255,123
3,255,123
3,253,124
3,253,124
3,253,124
3,253,124
3,253,124
3,253,124
3,253,124
3,253,124
3,253,124
3,253,122
3,253,121
3,253,120
3,253,117
3,253,116
3,251,114
3,250,111
3,250,109
3,250,106
2,248,105
2,248,104
2,248,104
3,253,104
3,253,105
3,253,105
3,255,107
3,255,108
3,255,113
3,255,115
3,255,119
3,255,121
3,255,124
3,255,125
3,253,127
3,253,129
3,253,130
3,251,130
3,249,131
3,249,131
2,249,132
3,249,132
3,251,132
3,251,132
3,251,132
3,251,132
3,251,132
3,251,132
3,251,131
3,251,131
3,253,130
3,253,130
3,253,129
3,253,128
3,253,128
3,253,128
3,253,128
3,255,128
3,255,128
4,255,128
3,253,128
3,253,128
3,251,128
3,249,128
3,249,127
3,249,124
3,251,123
3,251,121
3,255,119
3,255,118
3,255,118
3,255,118
3,253,120
3,253,122
3,253,124
3,253,124
3,253,125
3,253,125
3,253,125
3,253,125
3,253,125
3,253,125
3,253,124
3,253,123
3,253,122
3,253,122
4,253,121
4,253,121
3,253,119
3,253,118
3,253,116
3,253,116
3,253,115
3,253,115
3,255,114
3,255,114
3,255,115
3,255,115
3,255,115
3,255,115
3,253,115
3,253,116
3,251,117
3,248,117
3,248,117
3,248,117
3,248,116
3,248,115
3,248,111
3,250,110
3,250,109
3,248,107
2,245,106
2,245,105
2,245,104
3,253,102
3,253,105
3,253,109
3,253,112
3,253,114
3,255,114
3,255,115
3,255,115
3,255,115
3,255,117
3,255,118
3,255,118
3,255,119
3,253,120
3,253,121
3,253,121
3,253,121
3,253,122
3,253,122
3,253,124
3,253,124
3,253,124
3,253,124
3,253,124
3,253,124
3,253,124
3,253,124
3,253,124
3,253,124
3,253,124
3,253,124
3,253,124
3,253,124
3,253,124
3,253,124
3,253,124
3,253,124
3,253,122
3,253,122
3,253,122
3,253,122
3,253,122
3,253,121
3,253,121
3,255,119
3,255,119
3,255,120
3,255,121
3,255,122
3,255,123
3,253,123
3,253,124
3,253,124
3,253,124
3,253,124
3,253,124
3,253,124
3,253,124
3,253,124
3,253,124
3,253,123
3,253,122
3,253,120
3,251,117
3,253,115
3,250,113
3,250,110
3,250,108
3,250,106
3,250,105
2,248,104
2,248,104
3,250,104
3,253,104
3,253,105
3,253,105
3,255,107
3,255,109
3,255,113
3,255,117
3,255,120
3,255,124
3,253,125
3,253,127
3,253,128
3,253,129
3,253,130
3,251,131
3,249,131
3,249,131
3,251,132
3,251,132
3,251,132
3,251,132
3,251,132
3,251,132
3,251,132
3,251,131
3,251,131
3,253,130
3,253,130
3,253,129
3,253,128
3,253,128
3,253,128
3,253,128
3,253,128
3,253,128
3,253,128
3,253,128
3,253,128
3,251,128
3,249,127
3,249,126
3,251,124
3,251,121
3,251,119
3,253,118
3,255,117
3,255,117
3,255,117
3,253,119
3,253,120
3,253,123
3,253,124
3,253,124
3,253,124
3,253,124
3,253,124
3,253,124
3,253,124
3,253,123
3,253,122
3,253,122
3,253,121
3,253,121
3,253,120
3,253,118
3,253,118
3,253,117
3,253,116
3,253,116
3,253,115
3,255,114
3,255,114
3,255,115
3,255,115
3,255,115
3,255,115
3,253,117
3,253,117
3,251,118
3,251,118
3,248,117
3,248,117
3,248,115
3,250,112
3,250,110
3,250,109
3,250,108
3,248,107
3,245,106
3,245,105
3,253,104
3,253,106
3,253,110
3,253,113
3,253,114
3,255,114
3,255,115
3,255,115
3,255,115
3,255,116
3,255,118
3,255,119
3,255,119
3,253,120
3,253,121
3,253,121
3,253,122
3,253,122
3,253,124
3,253,124
3,253,124
3,253,124
3,253,124
3,253,124
3,253,124
3,253,124
3,253,124
3,253,124
3,253,124
3,253,124
3,253,124
3,253,124
3,253,124
3,253,124
3,253,124
3,253,124
3,253,124
3,253,122
3,253,122
3,253,122
3,253,122
3,253,121
3,253,120
3,255,119
3,255,119
3,255,120
3,255,121
3,255,123
3,253,123
3,253,124
3,253,124
3,253,124
3,253,124
3,253,124
3,253,124
3,253,124
3,253,124
3,253,124
3,253,123
3,253,122
3,253,122
3,251,121
3,251,119
3,251,117
3,251,114
3,250,111
3,250,109
3,250,108
2,248,106
2,248,104
2,248,104
2,248,104
3,250,104
3,253,104
3,253,105
3,255,107
3,255,108
3,255,112
3,255,115
3,255,120
3,253,123
3,253,125
3,253,127
3,253,128
3,253,128
3,253,130
3,253,130
3,251,131
3,251,132
3,251,132
3,251,132
3,251,132
3,251,132
3,251,132
3,251,132
3,251,132
3,251,131
3,251,131
3,253,130
3,253,130
3,253,130
3,253,129
3,253,128
3,253,128
3,253,128
3,253,128
3,253,128
3,253,128
3,253,128
3,253,128
3,251,127
3,251,127
3,251,124
3,251,122
3,251,121
4,253,119
3,255,117
3,255,115
3,255,115
3,255,115
3,255,117
3,253,120
3,253,122
3,253,123
3,253,124
3,251,124
3,251,124
3,251,123
3,253,123
3,253,122
3,253,122
3,253,122
3,253,121
3,253,121
3,253,121
3,253,119
3,253,118
3,253,118
3,253,117
3,253,117
3,253,116
3,253,116
3,255,115
3,255,115
3,255,115
3,255,115
3,255,116
3,253,117
3,253,118
3,251,118
3,251,118
3,251,118
3,249,118
3,251,117
3,251,115
3,250,112
3,250,111
3,250,109
3,250,107
3,250,107
3,248,106
3,253,103
3,253,105
3,253,108
3,253,110
3,253,113
3,253,114
3,255,114
3,255,114
3,255,115
3,255,115
3,255,116
3,255,118
3,255,119
3,253,119
3,253,120
3,253,121
3,253,121
3,253,122
3,253,123
3,253,124
3,253,124
3,253,124
3,253,124
3,253,124
3,253,124
3,253,124
3,253,124
3,253,124
3,253,124
3,253,124
3,253,124
3,253,124
3,253,124
3,253,124
3,253,124
3,253,124
3,253,124
3,253,122
3,253,122
3,253,122
3,253,122
3,253,122
3,255,120
3,255,119
3,255,119
3,255,120
3,255,121
3,253,123
3,253,123
3,253,124
3,253,124
3,253,124
3,253,124
3,253,123
3,253,123
3,253,123
3,253,123
3,253,122
3,253,122
3,253,122
3,253,122
3,251,121
3,251,120
3,251,117
3,251,115
3,251,114
3,250,110
3,250,109
2,248,107
2,248,106
2,248,104
3,250,104
3,250,104
3,253,105
3,253,105
3,255,107
3,255,108
3,255,111
3,255,115
3,255,120
3,253,123
3,253,124
3,253,126
3,253,128
3,253,128
3,253,130
3,253,130
3,253,131
3,251,132
3,251,132
3,251,132
3,251,132
3,251,132
3,251,132
3,251,132
3,251,132
3,251,131
3,251,131
3,253,130
3,253,130
3,253,130
3,253,130
3,253,129
3,253,128
3,253,128
3,253,128
3,253,128
3,253,128
3,251,128
3,251,127
3,251,127
3,251,126
3,251,124
3,251,122
3,251,119
4,253,118
3,255,115
3,255,114
3,255,114
3,255,114
3,255,115
3,255,119
3,253,120
3,253,122
3,253,122
3,251,122
3,251,122
3,251,122
3,251,122
3,251,122
3,253,122
3,253,121
3,253,121
3,253,121
3,253,120
3,253,118
3,253,117
3,253,117
3,251,117
3,251,117
3,253,116
3,253,116
3,253,116
3,255,116
3,255,116
3,255,116
3,255,117
3,253,117
3,253,118
3,251,118
3,251,119
3,251,118
3,251,118
3,251,117
3,251,115
3,253,112
3,253,111
3,253,110
3,253,107
3,250,107
3,248,106
3,253,104
3,253,105
3,253,108
3,253,110
3,253,111
3,253,113
3,255,113
3,255,114
3,255,115
3,255,115
3,255,117
3,255,118
3,253,119
3,253,119
3,253,121
3,253,121
3,253,122
3,253,122
3,253,124
3,253,124
3,253,124
3,253,124
3,253,124
3,253,124
3,253,124
3,253,124
3,253,124
3,253,124
3,253,124
3,253,124
3,253,124
3,253,124
3,253,124
3,253,124
3,253,124
3,253,124
3,253,122
3,253,122
3,253,122
3,253,122
3,253,122
3,255,120
3,255,120
3,255,120
3,255,120
3,255,122
3,253,123
3,253,124
3,253,124
3,253,124
3,253,124
3,253,124
3,253,123
3,253,123
3,253,123
3,253,122
3,253,122
3,253,122
3,253,122
3,253,121
3,253,120
3,251,120
3,251,120
3,251,117
3,248,115
2,248,114
3,248,110
3,248,109
3,248,107
3,248,106
3,250,104
3,250,105
3,253,105
3,253,105
3,253,107
3,255,108
3,255,111
3,255,115
3,255,118
3,253,121
3,253,123
3,253,125
3,253,127
3,253,128
3,253,128
3,253,130
3,253,130
3,251,131
3,251,132
3,251,132
3,251,132
3,251,132
3,251,132
3,251,132
3,251,132
3,251,131
3,251,131
3,251,131
3,253,130
3,253,130
3,253,130
3,253,129
3,253,128
3,253,128
3,253,128
3,251,128
3,251,128
3,251,127
3,251,127
3,251,126
3,251,126
3,251,123
3,251,122
3,251,119
4,253,118
3,253,115
3,255,114
3,255,113
3,255,113
3,255,114
3,255,116
3,253,120
3,253,120
3,251,122
3,251,122
3,251,122
3,251,122
3,251,121
3,251,121
3,251,121
3,251,120
3,251,120
3,251,119
3,253,118
3,253,117
3,253,117
3,253,117
3,251,117
3,251,117
3,253,116
3,253,116
3,253,116
3,255,116
3,255,116
3,255,117
3,253,117
3,253,118
4,253,118
3,251,119
3,251,119
3,251,118
3,253,118
3,253,117
3,253,115
4,253,112
3,253,111
3,253,110
3,253,109
3,250,107
3,253,104
3,253,106
3,253,108
3,253,110
3,253,111
3,253,111
3,253,113
3,253,113
3,253,115
3,253,115
3,253,117
3,253,118
3,253,119
3,253,119
3,255,120
3,253,121
3,253,122
3,253,122
3,253,124
3,253,124
3,253,124
3,253,124
3,253,124
3,253,124
3,253,124
3,253,124
3,253,124
3,253,124
3,253,124
3,253,124
3,253,124
3,253,124
3,253,124
3,253,124
3,253,124
3,253,122
3,253,122
3,253,122
3,253,122
3,253,122
3,255,120
3,255,120
3,255,120
3,255,120
3,253,122
3,253,123
3,253,124
3,253,124
3,253,124
3,253,124
3,253,124
3,253,123
3,253,122
3,253,122
3,253,121
3,253,121
3,253,121
3,253,121
3,253,120
3,253,120
3,251,120
3,251,120
3,249,120
3,248,117
3,248,115
2,248,114
3,248,111
3,248,109
3,248,107
3,250,106
3,250,105
3,253,105
3,253,105
3,253,107
3,255,108
3,255,111
3,255,114
3,255,118
3,255,120
3,253,123
3,253,124
3,253,126
3,253,128
3,253,128
3,253,130
3,253,130
3,253,131
3,251,132
3,251,132
3,251,132
3,251,132
3,251,132
3,251,132
3,251,131
3,251,131
3,251,131
3,253,130
3,253,130
3,253,130
3,253,130
3,253,129
3,253,128
3,253,128
3,253,128
3,251,128
3,251,128
3,251,128
3,251,127
3,251,126
3,251,126
3,251,123
3,251,122
3,251,119
3,251,118
3,253,115
3,255,114
3,255,113
3,255,113
3,255,114
3,255,115
3,253,117
3,253,120
3,251,120
3,251,120
3,251,120
3,251,120
3,251,120
3,251,118
3,251,119
3,251,118
3,251,118
3,253,118
3,253,117
3,253,117
3,253,116
3,253,116
3,253,116
3,253,116
3,253,116
3,253,116
3,253,116
3,255,116
3,255,116
3,255,117
3,253,118
3,253,118
3,253,118
3,251,119
3,251,119
3,253,118
3,253,117
3,253,115
3,253,114
4,253,112
4,253,111
3,253,110
3,253,109
3,253,104
3,253,106
3,253,108
3,250,109
3,250,110
3,250,111
3,250,112
3,253,113
3,253,115
3,253,115
3,253,117
3,255,117
3,255,119
3,255,119
3,255,120
3,255,121
3,255,121
3,255,123
3,253,123
3,253,124
3,253,124
3,253,124
3,253,124
3,253,124
3,253,124
3,253,124
3,253,124
3,253,124
3,253,124
3,253,124
3,253,124
3,253,124
3,253,124
3,253,122
3,253,122
3,253,122
3,253,122
3,253,122
3,253,121
3,255,120
3,255,120
3,255,120
3,255,120
3,253,121
3,253,124
3,253,124
3,253,124
3,253,124
3,253,124
3,253,124
3,253,123
3,253,122
3,253,121
3,253,121
3,253,121
3,253,121
3,253,120
3,253,120
3,253,120
3,253,120
3,251,120
3,249,120
3,249,120
3,248,117
3,248,116
3,248,114
3,248,111
3,248,109
3,250,107
3,250,106
3,253,106
3,253,106
3,253,108
3,255,109
3,255,111
3,255,114
3,255,115
3,255,119
3,253,121
3,253,124
3,253,125
3,253,127
3,253,128
3,253,129
3,253,130
3,253,131
3,251,132
3,251,132
3,251,132
3,251,132
3,251,132
3,251,132
3,251,131
3,251,131
3,253,130
3,253,130
3,253,130
3,253,130
3,253,130
3,253,130
3,253,128
3,253,128
3,253,128
3,251,128
3,249,128
3,249,128
3,251,127
3,251,127
3,251,126
3,251,125
3,251,123
3,251,121
3,251,119
3,253,116
3,253,115
3,255,114
3,255,114
3,255,115
3,255,115
3,255,116
3,253,116
3,253,118
3,251,118
3,251,118
3,251,117
3,251,117
3,251,117
3,251,118
3,251,118
3,253,117
3,253,117
3,253,116
3,253,116
3,253,116
3,253,116
3,253,116
3,253,116
3,253,116
3,253,116
3,255,116
3,255,116
3,255,116
3,255,117
3,253,118
3,253,118
3,253,118
3,253,118
3,253,118
3,253,117
3,253,115
3,253,115
3,253,114
4,253,112
4,253,110
3,253,110
3,253,104
3,253,106
3,250,106
3,250,109
3,250,110
3,250,111
3,250,112
3,253,113
3,253,115
3,253,115
3,253,116
3,253,117
3,255,119
3,255,119
3,255,120
3,255,121
3,255,121
3,255,122
3,253,123
3,253,123
3,253,123
3,253,124
3,253,124
3,253,124
3,253,124
3,253,124
3,253,124
3,253,124
3,253,124
3,253,124
3,253,124
3,253,122
3,253,122
3,253,122
3,253,122
3,253,122
3,253,121
3,253,121
3,253,120
3,255,120
3,255,120
3,255,120
3,255,120
3,253,122
3,253,124
3,253,124
3,253,124
3,253,124
3,253,122
3,253,122
3,253,121
3,253,121
3,253,121
3,253,121
3,253,121
3,253,120
3,253,120
3,253,120
3,253,121
3,253,121
3,251,121
3,249,120
3,249,120
3,248,117
3,248,116
3,248,113
3,250,111
3,250,109
3,250,108
3,253,107
3,253,108
3,253,109
3,253,110
3,255,112
3,255,114
3,255,115
3,255,119
3,255,121
3,253,123
3,253,124
3,253,126
3,253,128
3,253,129
3,253,130
3,253,131
3,251,131
3,251,132
3,251,132
3,251,132
3,251,132
3,251,131
3,251,131
3,251,131
3,251,130
3,253,130
3,253,130
3,253,130
3,253,130
3,253,128
3,253,128
3,253,128
3,253,128
3,251,128
3,249,128
3,249,127
3,251,127
3,251,127
3,251,126
3,251,125
3,251,123
3,251,121
3,251,119
3,251,117
3,253,116
3,253,115
3,255,115
3,255,115
3,255,115
3,253,115
3,253,116
3,251,116
3,251,117
3,251,117
3,251,117
3,251,117
3,251,116
3,251,116
3,253,115
3,253,115
3,253,115
3,253,115
3,253,115
3,253,115
3,253,115
3,253,116
3,253,116
3,255,116
3,255,116
3,255,116
3,255,116
3,255,117
3,253,118
3,253,118
3,253,118
3,253,118
3,253,118
3,253,117
3,253,116
3,253,115
3,253,114
4,253,112
4,253,111
3,253,110
3,253,104
3,250,105
3,250,106
3,250,107
3,253,109
3,253,110
3,253,111
3,253,112
3,253,113
3,253,115
3,253,115
3,255,116
3,255,117
3,255,119
3,255,120
3,255,121
3,253,121
3,253,122
3,253,123
3,253,123
3,253,123
3,253,123
3,253,123
3,253,124
3,253,124
3,253,124
3,253,124
3,253,124
3,253,124
3,253,122
3,253,122
3,253,122
3,253,122
3,253,122
3,253,122
3,253,121
3,253,120
3,253,120
3,255,119
3,255,119
3,255,119
3,255,120
3,253,121
3,253,122
3,253,123
3,253,123
3,253,122
3,253,122
3,253,122
3,253,121
3,253,121
3,253,121
3,253,121
3,253,121
3,253,120
3,253,121
3,253,121
3,253,121
3,253,121
3,251,121
3,249,121
3,249,120
3,249,119
3,248,117
3,248,114
3,250,112
3,250,111
3,253,109
3,253,109
3,253,109
3,253,109
3,253,112
3,255,113
3,255,115
3,255,115
3,255,118
3,255,120
3,253,121
3,253,123
3,253,125
3,253,126
3,253,128
3,253,130
3,253,131
3,251,131
3,251,131
3,251,131
3,251,131
3,251,131
3,251,131
3,251,131
3,251,130
3,251,130
3,253,130
3,253,130
3,253,130
3,253,129
3,253,128
3,253,128
3,253,128
3,253,128
3,251,128
3,251,127
3,251,127
3,251,127
3,251,126
3,251,126
3,251,125
3,251,124
3,251,122
3,251,120
3,251,118
3,253,116
3,253,116
3,253,115
3,253,115
3,253,115
3,253,115
3,253,115
3,251,115
3,251,115
3,251,115
3,251,115
3,251,115
3,253,115
3,253,115
3,253,115
3,255,114
3,255,114
3,255,114
3,255,114
3,255,115
3,253,115
3,253,115
3,255,115
3,255,116
3,255,116
3,255,116
3,255,117
3,253,118
3,253,118
3,253,118
3,251,118
3,253,118
3,253,117
3,253,115
3,253,115
3,253,114
3,253,112
3,253,111
4,255,110
3,253,102
3,250,104
3,250,104
3,250,105
3,253,106
3,253,108
3,253,109
3,253,110
3,253,112
3,255,113
3,255,114
3,255,115
3,255,116
3,255,116
3,255,119
3,255,119
3,255,121
3,253,121
3,253,122
3,253,122
3,253,122
3,253,122
3,253,123
3,253,123
3,253,124
3,253,124
3,253,124
3,253,124
3,253,122
3,253,122
3,253,122
3,253,122
3,253,122
3,251,121
3,253,121
3,251,121
3,251,120
3,253,119
3,255,119
3,255,119
3,255,119
3,255,119
3,253,121
3,253,121
3,253,122
3,251,122
3,251,122
3,251,122
3,253,122
3,253,121
3,253,121
3,253,121
3,253,121
3,253,120
3,253,120
3,253,121
3,253,121
3,253,121
3,253,121
3,253,121
3,251,121
3,249,121
3,249,120
3,249,118
3,251,116
3,251,114
3,253,112
3,253,112
3,253,110
3,253,110
3,253,112
3,253,113
3,253,114
3,255,115
3,255,116
3,255,118
3,253,119
3,253,121
3,253,123
3,253,124
3,253,125
3,253,127
3,253,129
3,251,130
3,251,131
3,251,131
3,251,131
3,251,130
3,251,130
3,251,130
3,251,130
3,251,130
3,251,130
3,251,130
3,253,129
3,253,129
3,253,128
3,253,128
3,253,128
3,253,128
3,253,128
3,251,128
3,251,127
3,251,127
3,251,127
3,251,126
3,251,125
3,251,125
3,251,124
3,251,122
3,251,120
3,251,118
3,251,117
3,253,116
3,253,116
3,253,115
3,253,115
3,253,115
3,251,114
3,251,114
3,251,114
3,251,114
3,251,114
3,253,114
3,253,114
3,253,114
3,255,114
3,255,114
3,255,114
3,255,114
3,255,114
3,255,114
3,255,115
3,255,115
3,255,115
3,255,116
3,255,116
3,255,117
3,253,118
3,253,118
3,251,118
3,251,118
3,251,118
3,251,117
3,253,116
3,253,115
3,253,114
3,253,112
3,253,110
3,253,109
4,255,107
3,250,102
3,250,103
3,250,104
3,253,105
3,253,106
3,253,108
3,253,108
3,253,109
3,255,110
3,255,113
3,255,114
3,255,115
3,255,116
3,255,116
3,255,118
3,255,119
3,253,120
3,253,121
3,253,122
3,253,122
3,253,122
3,253,122
3,253,122
3,253,122
3,253,122
3,253,122
3,253,122
3,253,122
3,253,122
3,253,122
3,253,122
3,253,122
3,251,121
3,251,121
3,251,121
3,251,120
3,253,119
3,253,119
3,255,118
3,255,119
3,255,119
3,255,120
3,253,121
3,253,122
3,251,122
3,251,122
3,251,122
3,251,122
3,253,122
3,253,121
3,253,121
3,253,121
3,253,121
3,253,121
3,253,121
3,253,121
3,253,121
3,253,121
3,253,121
3,251,121
3,249,121
3,249,120
3,251,118
3,251,116
3,251,115
3,253,113
3,253,113
3,253,112
3,253,112
3,253,113
3,253,113
3,253,115
3,253,115
3,253,118
3,253,118
3,253,119
3,253,120
3,253,121
3,253,123
3,253,125
3,253,126
3,251,128
3,251,129
3,251,130
3,251,130
3,251,130
3,251,130
3,251,130
3,251,130
3,251,130
3,251,130
3,251,129
3,251,129
3,251,129
3,251,128
3,253,128
3,253,128
3,253,128
3,253,128
3,251,127
3,251,127
3,251,127
3,253,126
3,253,126
3,253,125
3,251,125
3,251,125
3,251,124
3,251,122
3,251,120
3,251,118
3,251,118
3,253,117
3,253,116
3,253,116
3,253,115
3,253,114
3,253,114
3,250,113
3,253,113
3,253,113
3,253,113
3,253,113
3,253,113
3,253,113
3,255,113
3,255,114
3,255,114
3,255,114
3,255,114
3,255,115
3,255,115
3,255,115
3,255,116
3,255,116
3,253,117
3,253,118
3,253,118
3,251,118
3,251,118
3,249,118
3,251,117
3,251,116
3,251,115
3,251,114
3,250,111
3,250,110
3,250,109
3,250,106
3,250,101
3,250,103
3,253,104
3,253,105
3,253,106
3,253,108
3,253,108
3,255,109
3,255,110
3,255,112
3,255,114
3,255,115
3,255,115
3,255,116
3,255,117
3,255,119
3,253,120
3,253,121
3,253,121
3,253,122
3,251,122
3,253,122
3,253,122
3,253,122
3,253,122
3,253,122
3,253,122
3,253,122
3,253,122
3,253,121
3,251,121
3,251,121
3,251,121
3,251,120
3,251,119
3,251,119
3,253,118
3,255,118
3,255,118
3,255,118
3,255,119
3,255,120
3,253,121
3,251,122
3,251,122
3,251,122
3,251,122
3,251,122
3,253,121
3,253,121
3,253,121
3,253,121
3,253,121
3,253,121
3,253,121
3,253,121
3,253,121
3,253,121
3,253,121
3,253,120
3,251,120
3,251,118
3,251,117
3,253,116
3,253,115
3,253,113
3,253,113
3,253,113
3,253,113
3,253,114
3,253,115
3,253,116
3,253,118
3,253,118
3,253,119
3,253,119
3,253,121
3,253,122
3,251,124
3,251,125
3,251,127
3,251,129
3,251,129
3,251,129
3,249,129
3,249,129
3,249,128
3,249,128
3,249,128
3,249,128
3,251,128
3,251,128
3,251,128
3,251,128
3,251,128
3,253,127
3,253,127
3,253,127
3,253,127
3,253,127
3,253,126
3,253,125
3,253,125
3,253,125
3,253,125
3,251,124
3,251,124
3,251,122
3,251,120
3,251,118
3,253,118
3,253,117
3,253,116
3,253,116
3,253,115
3,253,114
3,251,114
3,250,113
3,253,112
3,253,111
3,253,111
3,253,111
3,253,112
3,255,112
3,255,112
3,255,113
3,255,114
3,255,114
3,255,114
3,255,115
3,255,115
3,253,116
3,253,117
3,253,117
3,253,118
3,253,118
3,251,118
3,251,118
3,251,118
3,248,117
3,248,116
3,248,115
3,251,114
3,250,111
3,250,111
3,250,109
3,250,106
3,252,101
3,253,103
3,253,104
3,253,105
3,253,106
3,253,108
3,255,108
3,255,109
3,255,110
3,255,112
3,255,114
3,255,115
3,255,115
3,255,116
3,255,118
3,255,119
3,253,120
3,253,121
3,253,121
3,253,122
3,253,122
3,253,122
3,253,122
3,253,122
3,253,122
3,253,122
3,253,122
3,253,121
3,251,121
3,251,121
3,251,121
3,251,121
3,251,119
3,251,119
3,251,118
3,253,117
3,255,117
3,255,116
3,255,117
3,255,119
3,255,120
3,253,121
3,253,121
3,251,122
3,251,122
3,251,122
3,251,122
3,251,122
3,253,121
3,253,121
3,253,121
3,253,121
3,253,121
3,253,121
3,253,121
3,253,121
3,253,121
3,253,120
3,253,120
3,253,118
3,253,118
3,253,118
3,253,117
3,253,116
3,253,115
3,253,114
3,253,114
3,253,114
3,253,115
3,253,115
3,253,118
3,251,118
3,253,119
3,253,119
3,253,119
3,251,120
3,251,122
3,251,123
3,251,125
3,251,126
3,251,127
3,251,129
3,251,129
3,249,128
3,249,128
3,249,128
3,249,128
3,249,128
3,249,128
3,251,128
3,251,128
3,251,127
3,251,127
3,251,127
3,251,127
3,251,127
3,253,127
3,253,126
3,253,126
3,253,125
3,253,125
3,253,125
3,253,125
3,253,124
3,251,124
3,251,122
3,251,121
3,251,120
3,253,118
3,253,117
3,253,116
3,253,116
3,253,115
3,253,115
3,253,114
3,253,113
3,253,112
3,253,110
3,253,110
3,253,110
3,253,111
3,253,111
3,255,112
3,255,112
3,255,113
3,255,114
3,255,114
3,253,115
3,253,115
3,253,116
3,253,117
3,253,118
3,253,118
3,253,118
3,253,118
3,253,118
3,251,118
3,251,117
3,251,116
3,251,115
3,248,114
3,250,111
3,250,111
3,250,109
3,250,106
3,252,101
3,253,102
3,253,104
3,253,105
3,253,106
3,253,108
3,253,108
3,255,110
3,255,111
3,255,113
3,255,114
3,255,115
3,255,115
3,255,116
3,255,117
3,255,119
3,253,119
3,253,120
3,253,121
3,253,121
3,253,121
3,253,121
3,253,121
3,253,121
3,253,121
3,253,121
3,251,121
3,251,121
3,251,121
3,251,121
3,251,119
3,251,118
3,251,118
3,251,117
3,253,117
3,255,116
3,255,116
3,255,116
3,255,116
3,255,119
3,253,120
3,253,121
3,251,122
3,251,122
3,251,122
3,251,122
3,251,122
3,253,122
3,253,122
3,253,122
3,253,122
3,253,121
3,253,121
3,253,121
3,253,121
3,253,120
3,253,120
3,253,120
3,253,118
3,253,118
3,253,118
3,253,118
3,253,116
3,253,115
3,255,115
3,255,115
3,255,115
3,255,115
3,255,116
3,253,117
3,253,118
3,253,118
3,253,119
3,251,119
3,251,119
3,251,122
3,251,122
3,251,125
3,251,125
3,251,126
3,251,127
3,251,128
3,249,128
3,249,128
3,249,128
3,249,128
3,249,128
3,249,128
3,251,127
3,251,127
3,251,127
3,251,127
3,251,127
3,251,127
3,251,126
3,253,126
3,253,125
3,253,125
3,253,125
3,253,124
3,253,124
3,253,124
3,253,124
3,253,124
3,251,122
3,251,121
3,253,120
3,253,118
3,253,117
3,253,116
3,253,115
3,253,115
3,253,114
3,253,114
3,253,112
3,253,110
3,253,110
3,255,110
3,253,110
3,253,110
3,255,111
3,255,112
3,255,113
3,255,113
3,255,114
3,253,115
3,253,115
3,253,116
3,251,117
3,253,118
3,253,118
3,253,118
3,253,118
3,253,118
3,251,118
3,251,117
3,251,116
3,248,115
3,248,113
3,248,111
3,248,110
3,248,109
3,248,106
3,252,101
3,253,102
3,253,104
3,250,105
3,250,106
3,253,108
3,253,109
3,253,110
3,255,111
3,255,113
3,255,114
3,255,115
3,255,115
3,255,116
3,255,116
3,253,118
3,253,119
3,253,120
3,253,121
3,253,121
3,253,121
3,253,121
3,253,121
3,253,121
3,251,121
3,251,121
3,251,121
3,251,121
3,251,120
3,251,119
3,251,118
3,251,118
3,253,117
3,255,117
3,255,116
3,255,116
3,255,115
3,255,116
3,255,117
3,253,119
3,253,120
3,251,121
3,251,122
3,251,122
3,251,122
3,253,122
3,253,122
3,253,122
3,253,122
3,253,122
3,253,122
3,253,121
3,253,121
3,253,121
3,253,120
3,253,120
3,253,120
3,253,118
3,253,118
3,253,118
3,253,118
3,253,117
3,253,116
3,255,115
3,255,115
3,255,115
3,255,116
3,255,117
3,255,117
3,253,117
3,253,118
3,253,118
3,251,119
3,251,119
3,251,122
3,251,122
3,251,123
3,251,125
3,251,125
3,251,125
3,251,127
3,251,127
3,251,127
3,249,128
3,249,128
3,251,127
3,251,127
3,251,127
3,251,127
3,251,127
3,251,127
3,251,126
3,253,126
3,253,126
3,253,125
3,253,125
3,253,124
3,253,124
3,253,124
3,253,124
3,253,124
3,253,124
3,251,122
3,251,121
3,251,121
3,253,118
3,253,117
3,253,116
3,253,115
3,253,115
3,253,114
3,253,114
3,253,113
3,253,111
3,253,110
3,253,110
3,255,110
3,253,110
3,253,110
3,255,111
3,255,113
3,255,113
3,255,114
3,253,115
3,253,116
3,251,116
3,251,117
3,251,117
3,251,118
3,253,118
3,253,119
3,253,118
3,253,118
3,253,117
3,251,116
3,251,115
3,250,113
3,250,111
3,248,110
3,248,108
3,248,106
3,250,101
3,250,103
3,250,104
3,250,105
3,250,107
3,250,108
3,253,110
3,253,111
3,253,112
3,255,114
3,255,114
3,255,115
3,255,115
3,253,116
3,253,116
3,253,118
3,253,119
3,253,119
3,253,120
3,253,120
3,253,120
3,253,120
3,253,121
3,251,121
3,251,121
3,251,121
3,251,121
3,251,119
3,251,119
3,253,118
3,253,117
4,255,117
3,255,117
3,255,117
3,255,116
3,255,116
3,255,116
3,255,116
3,253,119
3,253,120
3,251,121
3,251,122
3,251,122
3,251,122
3,253,122
3,253,122
3,253,122
3,253,123
3,251,123
3,251,122
3,253,122
3,253,121
3,253,121
3,253,120
3,253,120
3,253,120
3,253,118
3,253,118
3,253,118
3,253,118
3,253,117
3,255,117
3,255,116
3,255,116
3,255,116
3,255,117
3,255,117
3,255,117
3,255,117
3,255,116
3,253,116
3,253,118
3,251,119
3,251,120
3,251,122
3,249,123
3,251,124
3,251,125
3,251,125
3,251,125
3,251,126
3,251,126
3,251,126
3,251,126
3,251,126
3,253,126
3,253,126
3,253,126
3,253,126
3,253,126
3,253,125
3,253,125
3,253,125
3,253,124
3,253,124
3,253,124
3,253,124
3,253,124
3,253,124
3,253,124
3,251,122
3,251,122
3,251,121
3,251,120
3,251,118
3,253,117
3,253,115
3,253,115
3,253,115
3,253,114
3,253,114
3,253,113
3,253,111
3,253,110
3,253,110
3,255,110
3,253,110
3,253,111
3,255,113
3,253,113
3,253,115
3,253,115
3,251,116
3,251,116
3,248,117
3,248,117
3,248,117
3,251,118
3,251,118
3,253,118
3,253,118
3,253,117
3,253,115
3,251,115
3,250,112
3,250,111
3,250,109
3,248,107
3,248,105
3,250,101
3,250,103
3,250,105
3,250,106
3,250,107
3,250,109
3,253,110
3,253,111
3,253,113
3,253,114
3,253,114
3,253,114
3,253,115
3,253,116
3,253,116
3,253,116
3,253,119
3,253,119
3,253,120
3,253,120
3,253,120
3,253,121
3,251,121
3,251,121
3,251,121
3,251,121
3,251,120
3,253,118
3,253,118
4,255,118
4,255,117
4,255,117
3,255,117
3,255,117
3,255,116
3,255,116
3,255,116
3,253,117
3,253,119
3,251,120
3,251,122
3,251,122
3,253,122
3,253,122
3,253,122
3,253,122
3,253,123
3,251,122
3,251,122
3,253,122
3,253,121
3,253,120
3,253,120
3,253,120
3,253,120
3,253,119
3,253,118
3,253,118
3,253,118
3,255,117
3,255,117
3,255,117
3,255,117
3,255,117
3,255,117
3,255,117
3,255,117
3,255,116
3,255,116
3,255,116
3,253,116
3,253,118
3,251,119
3,251,120
2,249,122
2,251,123
2,251,124
3,251,124
3,251,125
3,251,125
3,251,125
3,253,125
3,253,126
3,253,126
3,253,126
3,253,126
3,253,126
3,253,125
3,253,125
3,253,124
3,253,124
3,253,124
3,253,124
3,253,124
3,253,124
3,253,124
3,253,124
3,253,123
3,251,122
3,251,122
3,251,121
3,251,121
3,251,119
3,251,117
3,253,116
3,253,115
3,253,114
3,253,114
3,253,114
3,253,114
3,253,113
3,253,112
3,253,111
3,253,110
3,253,110
3,253,112
3,253,113
3,253,114
3,253,115
3,253,116
3,251,117
3,251,117
3,248,117
3,248,117
3,248,117
3,248,117
3,251,117
3,251,117
3,251,118
3,251,117
3,251,115
3,251,114
3,250,112
3,250,110
3,250,108
3,250,106
3,248,105
3,250,101
3,250,103
3,250,105
3,250,107
3,250,108
3,250,110
3,250,111
3,253,113
3,250,113
3,253,114
3,253,114
3,253,114
3,253,115
3,253,115
3,255,116
3,255,116
3,255,119
3,253,119
3,253,120
3,253,120
3,253,121
3,253,121
3,251,121
3,251,121
3,251,121
3,253,120
3,253,120
3,253,118
4,255,118
4,255,118
4,255,118
4,255,118
3,255,117
3,255,117
3,255,116
3,255,116
3,253,116
3,253,119
3,251,120
3,251,121
3,253,122
3,253,122
3,253,122
3,253,122
3,253,122
3,253,123
3,251,122
3,251,122
3,253,122
3,253,121
3,253,120
3,253,120
3,253,120
3,253,120
3,253,120
3,253,119
3,255,118
3,255,118
3,255,117
3,255,117
3,255,117
3,255,117
3,255,117
3,255,118
3,255,117
3,255,117
3,255,116
3,255,116
3,255,115
3,255,115
3,255,116
3,253,118
3,251,119
3,251,120
3,251,121
2,251,123
3,251,124
3,251,124
3,251,125
3,253,125
3,253,125
3,253,125
3,253,125
3,253,125
3,253,125
3,253,125
3,253,125
3,253,124
3,253,124
3,253,124
3,253,122
3,253,122
3,253,122
3,253,123
3,253,123
3,253,122
3,253,122
3,251,122
3,251,121
3,251,121
3,251,119
3,251,118
3,251,117
3,253,116
3,253,115
3,253,114
3,253,114
3,253,114
3,253,114
3,253,114
3,250,113
3,250,113
3,253,112
3,253,113
3,253,114
3,253,115
3,253,116
3,253,116
3,253,117
3,251,117
3,251,117
3,248,117
3,248,117
3,248,117
3,251,116
3,251,116
3,251,116
3,251,116
3,251,115
3,250,112
3,250,111
3,250,110
3,250,107
3,250,105
3,248,105
3,250,101
3,250,103
3,253,105
3,250,107
3,250,109
3,250,110
3,253,111
3,250,113
3,250,113
3,250,113
3,253,114
3,253,114
3,253,114
3,255,115
3,255,115
3,255,116
3,253,119
3,253,119
3,253,120
3,253,121
3,253,121
3,253,121
3,253,121
3,253,121
3,253,120
3,253,120
3,253,119
4,255,118
4,255,118
4,255,118
4,255,118
4,255,118
3,253,117
3,255,116
3,255,117
3,255,117
3,253,118
3,253,119
3,253,121
3,253,122
3,253,122
3,253,122
3,253,122
3,253,122
3,253,123
3,251,122
3,251,122
3,253,122
3,253,121
3,253,120
3,253,120
3,253,120
3,253,120
3,253,120
3,253,119
3,255,119
3,255,118
3,255,117
3,255,117
3,255,117
3,255,117
3,255,118
3,255,118
3,253,118
3,253,117
3,255,116
3,255,116
3,255,115
3,255,115
3,255,115
3,253,116
3,253,118
3,253,118
3,251,120
3,251,121
3,251,122
3,251,123
3,251,124
3,253,124
3,253,124
3,253,124
3,253,124
3,253,124
3,253,124
3,253,124
3,253,124
3,253,124
3,253,123
3,253,122
3,253,121
3,253,122
3,253,122
3,253,122
3,253,122
3,253,122
3,253,122
3,251,121
3,251,121
3,251,119
3,251,118
3,251,118
3,251,117
3,251,116
3,253,115
3,253,115
3,253,114
3,253,114
3,253,114
3,253,114
3,251,114
3,251,114
3,253,114
3,253,115
3,253,115
3,253,116
3,253,117
3,253,117
3,253,118
3,251,118
3,251,117
3,248,117
3,248,117
3,248,116
3,251,116
3,251,115
3,251,114
3,250,112
3,250,112
3,250,110
3,250,108
3,250,107
3,250,105
3,250,105
3,253,103
3,253,105
3,250,107
3,250,109
3,250,110
3,250,111
3,250,113
2,250,113
2,250,113
3,253,114
3,255,114
3,255,114
3,255,115
3,255,115
3,255,116
3,253,119
3,253,120
3,253,121
3,253,121
3,253,121
3,253,121
3,253,121
3,253,120
3,253,120
3,253,120
3,253,118
3,253,118
3,253,118
3,253,118
3,253,118
3,253,118
3,253,117
3,255,117
3,255,118
3,253,118
3,253,119
3,253,121
3,253,121
3,253,122
3,253,122
3,253,122
3,253,122
3,253,122
3,251,122
3,251,122
3,253,121
3,253,121
3,253,120
3,253,120
3,255,120
3,255,120
3,253,119
3,255,119
3,255,119
3,255,118
3,255,118
3,255,118
3,255,118
3,255,118
3,255,118
3,253,118
3,253,118
3,251,118
3,251,117
3,253,116
3,255,115
3,255,115
3,255,115
3,255,115
3,255,116
3,255,117
3,253,118
3,253,119
3,253,120
3,253,121
3,251,121
3,253,121
3,253,121
3,253,122
3,253,124
3,253,124
3,253,124
3,253,124
3,253,124
3,253,122
3,251,122
3,251,121
3,253,121
3,251,121
3,251,121
3,253,120
3,253,120
3,253,120
3,253,120
3,253,120
3,251,118
3,251,118
3,251,117
3,251,117
3,251,116
3,253,115
3,253,115
3,253,115
3,253,114
3,255,114
3,255,114
3,255,114
3,253,114
3,253,115
3,253,115
3,253,116
3,253,116
3,253,117
3,253,117
3,253,118
3,253,118
3,251,118
3,251,118
3,251,117
3,251,116
3,251,116
3,251,115
3,250,112
3,250,111
3,250,109
3,250,108
3,250,107
3,250,105
3,250,105
3,253,103
3,253,105
3,250,107
3,250,108
3,250,110
3,250,110
3,250,110
3,253,112
3,253,113
3,255,113
3,255,114
3,255,114
3,255,115
3,255,115
3,253,117
3,253,119
3,253,121
3,253,121
3,253,121
3,253,120
3,253,120
3,253,120
3,253,120
3,253,120
3,253,119
3,253,118
3,253,118
3,253,118
3,253,118
3,253,118
3,253,118
3,255,118
3,255,118
3,255,118
3,253,119
3,253,120
3,253,121
3,253,121
3,253,122
3,253,122
3,253,122
3,253,122
3,253,122
3,253,121
3,253,121
3,253,121
3,253,121
3,253,120
3,255,120
3,255,119
3,255,119
3,255,119
3,255,119
3,255,119
3,255,119
3,255,118
3,255,118
3,255,118
3,253,118
3,251,118
3,251,118
3,251,118
3,251,118
3,251,116
3,253,116
3,255,115
3,255,115
3,255,115
3,255,115
3,255,116
3,255,117
3,253,118
3,253,118
3,253,118
3,253,120
3,253,121
3,253,121
3,253,121
3,253,122
3,253,122
3,253,122
3,251,123
3,253,122
3,253,121
3,251,121
3,251,121
3,253,120
3,251,120
3,253,119
3,253,119
3,253,119
3,253,117
3,253,117
3,253,117
3,253,117
3,253,117
3,251,117
3,251,116
3,253,115
3,253,115
3,253,115
3,253,115
3,253,115
3,255,114
3,255,114
3,255,114
3,255,115
3,253,116
3,253,116
3,253,117
3,253,117
3,253,118
3,253,118
3,253,118
3,253,118
3,253,118
3,253,118
3,253,117
3,251,116
3,251,115
3,250,112
3,250,110
3,250,108
3,250,105
3,250,105
3,250,105
3,250,103
3,250,103
3,250,105
3,250,106
3,250,108
3,250,109
3,250,110
3,253,110
3,253,111
3,255,112
3,255,113
3,255,113
3,255,114
3,255,114
3,255,115
3,253,117
3,253,118
3,253,119
3,253,119
3,253,120
3,253,120
3,253,120
3,251,120
3,251,120
3,253,118
3,253,118
3,253,118
3,253,118
3,253,118
3,253,118
3,253,118
3,255,118
3,255,117
3,255,118
3,255,119
3,255,120
3,255,120
3,253,121
3,255,121
3,253,121
3,253,121
3,253,122
3,253,121
3,253,121
3,253,121
3,253,121
3,253,121
3,253,121
3,253,120
3,253,120
3,253,120
3,253,120
3,253,120
3,255,119
3,255,119
3,255,119
3,255,118
3,255,118
3,255,118
3,251,118
3,251,118
3,251,118
3,251,117
3,251,117
3,251,116
3,253,115
3,255,115
3,255,115
3,255,115
3,255,115
3,255,115
3,253,116
3,253,117
3,253,118
3,253,118
3,253,119
3,253,120
3,253,121
3,253,121
3,253,121
3,253,122
3,251,122
3,251,121
3,251,121
3,251,121
3,251,120
3,251,119
3,253,118
3,253,117
3,253,116
3,253,116
3,253,115
3,253,115
3,253,115
3,253,115
3,253,115
3,253,115
3,253,115
3,253,115
3,253,115
3,253,115
3,253,115
3,253,115
3,255,115
3,255,114
3,255,115
3,255,116
3,253,117
3,253,117
3,253,118
4,253,118
3,253,118
3,253,118
3,253,118
3,253,118
3,253,118
3,253,118
3,253,116
3,253,115
3,250,113
3,250,110
3,250,107
3,250,105
3,250,102
3,250,102
3,250,101
3,250,104
3,250,105
3,250,106
3,250,108
3,250,109
3,253,109
3,253,110
3,253,110
3,255,111
3,255,113
3,255,113
3,255,114
3,255,114
3,255,116
3,255,116
3,255,117
3,253,118
3,253,119
3,253,119
3,253,120
3,253,120
3,251,118
3,253,118
3,253,118
3,253,118
3,253,118
3,253,118
3,253,118
3,253,118
3,255,118
3,255,117
3,255,118
3,255,119
3,255,119
3,255,120
3,255,120
3,255,121
3,255,121
3,253,121
3,253,121
3,253,121
3,253,121
3,253,121
3,253,121
3,253,121
3,253,120
3,253,120
3,253,120
3,253,120
3,253,120
3,253,120
3,253,120
3,253,120
3,255,119
3,255,119
3,255,118
3,255,118
3,253,118
3,251,118
3,251,117
3,251,117
3,251,117
3,251,116
3,253,116
3,253,115
3,253,115
3,255,115
3,255,115
3,255,115
3,255,116
3,253,116
3,253,116
3,253,117
3,253,118
3,253,119
3,253,119
3,251,120
3,253,121
3,253,121
3,253,121
3,253,121
3,251,120
3,251,119
3,251,118
3,253,117
3,253,117
3,253,116
3,253,115
3,255,115
3,255,115
3,253,115
3,253,115
3,253,115
3,253,115
3,253,115
3,253,115
3,253,115
3,253,115
3,253,115
3,253,115
3,253,115
3,255,115
3,255,115
3,255,116
3,255,118
3,253,118
3,253,118
3,253,118
4,253,118
3,253,118
3,253,118
3,253,118
3,253,118
3,253,118
3,253,116
3,253,116
3,253,114
3,250,111
3,250,109
3,250,105
3,250,102
3,250,101
3,250,99
3,250,104
3,250,105
3,250,106
3,250,108
3,250,109
3,253,109
3,253,110
3,253,110
3,255,111
3,255,112
3,255,113
3,255,113
3,255,114
3,255,115
3,255,116
3,255,116
3,255,116
3,253,116
3,253,117
3,251,117
3,251,117
3,253,118
3,253,118
3,253,118
3,253,118
3,253,118
3,253,118
3,253,117
3,253,117
3,255,117
3,255,118
3,255,119
3,255,119
3,255,119
3,255,119
3,255,120
3,255,120
3,255,120
3,253,120
3,253,120
3,253,119
3,253,120
3,253,120
3,253,120
3,253,120
3,253,120
3,253,120
3,253,120
3,253,120
3,253,120
3,253,120
3,253,120
3,253,119
3,255,119
3,255,119
3,255,118
3,253,118
3,253,118
3,251,118
3,251,117
3,251,117
3,251,117
3,251,116
3,253,116
3,253,115
3,253,115
3,253,115
3,255,115
3,253,115
3,253,115
3,255,115
3,253,116
3,253,117
3,253,118
3,251,119
3,251,119
3,253,119
3,253,119
3,253,119
3,253,119
3,253,119
3,251,118
3,251,117
3,253,117
3,253,116
3,253,115
3,253,115
3,255,115
3,253,115
3,253,115
3,253,115
3,253,115
3,253,115
3,253,115
3,253,115
3,253,115
3,253,115
3,253,115
3,253,115
3,253,115
3,255,115
3,255,116
3,255,117
3,255,118
3,253,119
3,253,119
3,253,118
4,253,118
3,253,118
3,253,118
3,253,118
3,253,118
3,253,117
3,253,116
3,253,115
3,250,113
3,250,110
3,250,106
3,250,102
3,250,101
3,250,99
3,250,105
3,250,106
3,250,108
3,250,109
3,253,109
3,253,109
3,253,110
3,253,111
3,253,113
3,255,113
3,255,113
3,255,114
3,255,114
3,255,115
3,255,115
3,255,115
3,253,116
3,251,116
3,251,116
3,253,117
3,253,117
3,253,118
3,253,118
3,253,118
3,253,117
3,253,117
3,253,117
3,253,117
3,253,118
3,253,118
3,253,119
3,255,119
3,255,119
3,255,119
3,255,119
3,255,119
3,253,119
3,253,119
3,253,119
3,253,119
3,253,120
3,253,120
3,253,120
3,253,120
3,253,120
3,253,120
3,253,120
3,253,120
3,253,120
3,253,120
3,253,120
3,253,120
3,253,119
3,255,119
3,253,119
3,253,118
3,253,118
3,253,117
3,251,117
3,251,117
3,251,117
3,251,117
3,251,116
3,251,116
3,253,116
3,253,115
3,253,115
3,253,115
3,255,115
3,255,115
3,253,116
3,253,116
3,253,117
3,253,119
3,253,119
3,255,119
3,255,119
3,255,119
3,253,118
3,253,118
3,251,117
3,253,116
3,253,115
3,253,115
3,255,114
3,255,114
3,255,114
3,255,114
3,253,115
3,253,115
3,253,115
3,253,115
3,253,115
3,253,115
3,253,116
3,253,116
3,253,116
3,253,116
3,255,116
3,255,116
3,255,118
3,253,119
3,253,119
3,253,119
4,253,119
3,251,118
3,253,118
3,253,118
3,253,117
3,253,116
3,251,115
3,251,115
3,250,113
3,250,111
3,250,109
3,250,105
3,250,101
3,248,106
3,250,106
3,250,108
3,253,108
3,253,109
3,253,109
3,253,110
3,253,110
3,253,111
3,255,113
3,255,113
3,255,114
3,255,114
3,255,114
3,255,114
3,253,114
3,251,115
3,251,115
3,251,115
3,251,115
3,253,116
3,253,116
3,253,116
3,253,116
3,253,116
3,253,116
3,253,117
3,253,117
3,253,118
3,253,118
3,253,118
3,255,119
3,255,119
3,255,119
3,255,119
3,253,119
3,253,119
3,253,119
3,253,119
3,253,119
3,253,119
3,253,119
3,253,119
3,253,119
3,253,119
3,253,120
3,253,120
3,253,120
3,253,120
3,253,120
3,253,120
3,253,120
3,255,119
3,255,119
3,255,119
3,255,118
3,255,118
3,255,117
3,253,117
3,251,117
3,251,117
3,251,117
3,251,117
3,253,116
3,253,116
3,253,116
3,255,115
3,255,115
3,255,115
3,253,116
3,253,116
3,255,117
3,255,118
3,255,119
3,255,119
3,255,119
3,255,119
3,253,118
3,253,117
3,253,117
3,253,116
3,253,115
3,253,115
3,255,114
3,255,114
3,255,114
3,255,114
3,253,115
3,253,115
3,253,115
3,253,115
3,253,115
3,253,116
3,253,116
3,253,116
3,253,116
3,253,116
3,255,116
3,255,118
3,255,118
3,253,119
3,253,119
3,253,119
4,253,119
4,253,118
3,253,118
3,253,117
3,253,116
3,251,115
3,251,115
3,250,113
3,248,112
3,250,109
3,250,106
3,250,103
3,250,106
3,250,107
3,253,108
3,253,109
3,253,109
3,253,110
3,255,110
3,255,113
3,255,113
3,255,113
3,255,114
3,255,114
3,255,114
3,253,114
3,251,114
3,251,114
3,251,115
3,251,115
3,253,115
3,253,115
3,253,115
3,253,115
3,253,116
3,253,116
3,253,116
3,253,116
3,253,117
3,253,118
3,253,118
3,253,118
3,255,118
3,255,118
3,255,118
3,253,118
3,253,118
3,253,118
3,253,118
3,253,119
3,253,119
3,253,119
3,253,119
3,255,119
3,255,119
3,255,119
3,253,120
3,253,120
3,253,120
3,253,120
3,253,120
3,253,120
3,253,120
3,253,120
3,253,119
3,255,119
3,255,118
3,255,118
3,255,118
3,253,117
3,251,118
3,251,118
3,251,118
3,251,118
3,253,117
3,253,116
3,255,116
3,255,115
3,255,115
3,255,116
3,255,116
3,255,116
3,255,118
3,255,118
3,255,119
3,255,119
3,255,119
3,253,118
3,253,117
3,253,116
3,253,116
3,253,115
3,253,115
3,255,115
3,255,114
3,253,115
3,253,115
3,253,115
3,253,115
3,253,115
3,253,116
3,253,116
3,253,116
3,253,118
3,253,118
3,253,118
3,253,117
3,253,118
3,253,118
3,253,118
3,253,119
3,253,119
3,253,119
4,253,118
4,253,118
3,253,117
3,253,116
3,253,115
3,251,114
3,250,113
3,250,112
3,248,109
3,248,107
3,250,106
3,250,106
3,253,108
3,253,108
3,255,109
3,255,109
3,255,110
3,255,111
3,255,113
3,255,113
3,255,113
3,253,113
3,250,113
3,250,113
3,250,113
3,251,114
3,251,115
3,251,115
3,253,115
3,253,115
3,253,115
3,253,115
3,253,115
3,253,115
3,253,116
3,253,116
3,253,117
3,253,117
3,253,117
3,253,117
3,253,117
3,253,117
3,253,117
3,253,117
3,253,117
3,251,117
3,251,117
3,253,117
3,253,117
3,253,118
3,255,118
3,255,119
3,255,119
3,255,119
3,255,119
3,253,120
3,253,120
3,253,120
3,253,120
3,253,120
3,253,120
3,253,120
3,255,119
3,255,119
3,255,118
3,255,118
3,255,118
3,253,119
3,251,119
3,251,119
3,251,118
3,253,118
3,253,117
3,253,117
3,255,116
3,255,116
3,253,116
3,255,116
3,255,117
3,255,118
3,255,118
3,255,118
3,255,119
3,255,119
3,253,118
3,253,118
3,253,117
3,253,116
3,253,115
3,255,115
3,255,115
3,255,115
3,253,115
3,253,115
3,253,115
3,253,116
3,253,116
3,253,116
3,253,117
3,253,118
3,253,118
3,253,118
3,253,118
3,253,118
4,255,118
4,255,118
3,253,118
3,253,119
3,253,119
3,253,119
3,253,118
3,253,117
3,253,116
3,253,115
3,253,114
3,250,113
3,250,111
3,250,109
3,248,107
3,253,106
3,255,107
3,255,108
3,255,108
3,255,109
3,255,110
3,255,110
3,255,111
3,253,112
3,253,111
3,250,111
3,250,111
3,250,111
3,250,113
3,251,114
3,251,114
3,253,114
3,253,115
3,253,115
3,253,115
3,253,115
3,253,115
3,253,115
3,253,115
3,253,115
3,253,116
3,253,116
3,253,116
3,253,116
3,253,116
3,253,116
3,253,116
3,253,116
3,253,117
3,253,117
3,253,117
3,253,117
3,253,117
3,255,117
3,255,118
3,255,119
3,255,119
3,255,119
3,255,119
3,253,120
3,253,120
3,253,120
3,253,120
3,253,120
3,253,120
3,253,120
3,255,119
3,255,119
3,255,119
3,255,119
3,253,119
3,251,120
3,251,120
3,251,119
3,251,118
3,251,118
3,253,118
3,253,117
3,253,117
3,253,117
3,253,117
3,255,118
3,255,118
3,255,118
3,255,119
3,255,119
3,253,119
3,253,119
3,253,119
3,253,118
3,253,117
3,253,116
3,253,115
3,253,115
3,253,115
3,253,116
3,251,117
3,253,117
3,253,117
3,253,117
3,253,117
3,253,118
3,253,118
3,253,118
3,253,118
3,253,118
3,253,118
3,253,118
3,253,118
3,253,118
3,253,118
3,253,119
3,253,118
3,253,117
3,253,116
3,253,114
3,253,114
3,253,113
3,250,110
3,250,109
3,255,106
3,255,106
3,255,108
3,255,108
3,255,109
3,253,109
3,253,110
3,253,111
3,250,111
3,250,111
3,250,111
3,250,111
3,250,111
3,250,113
3,250,113
3,250,113
3,251,114
3,253,114
3,253,114
3,255,114
3,255,115
3,253,115
3,253,115
3,253,115
3,253,115
3,253,115
3,253,115
3,253,116
3,253,116
3,253,116
3,253,116
3,253,116
3,253,116
3,253,116
3,253,116
3,253,116
3,253,117
3,255,117
3,255,117
3,255,118
3,255,118
3,255,119
3,255,119
3,255,119
3,253,120
3,253,120
3,253,120
3,253,120
3,253,120
3,253,120
3,255,119
3,255,119
3,255,119
3,255,119
3,253,119
3,253,120
3,251,120
3,251,120
3,251,120
3,251,118
3,251,118
3,251,118
3,251,117
3,253,118
3,253,118
3,255,118
3,255,118
3,255,118
3,255,118
4,255,119
4,253,119
3,251,119
3,251,119
4,253,119
3,253,118
3,253,117
3,253,116
3,253,116
3,253,117
3,253,117
3,251,118
3,251,118
3,253,118
3,253,118
3,253,118
3,253,118
3,253,119
3,253,119
4,253,118
3,253,118
3,253,118
3,253,118
3,253,118
3,253,118
3,253,118
3,253,118
3,253,117
3,253,116
3,253,114
3,253,113
3,253,113
3,253,110
3,250,108
3,255,106
3,255,108
3,253,108
3,253,109
3,253,109
3,253,109
3,253,109
3,253,109
3,253,108
3,253,109
3,253,109
3,250,111
3,250,111
3,250,113
3,250,113
3,253,113
3,253,113
3,255,114
3,255,114
3,255,115
3,255,115
3,255,115
3,255,115
3,253,115
3,253,115
3,253,115
3,253,115
3,253,116
3,253,116
3,253,116
3,253,116
3,253,116
3,253,116
3,253,116
3,253,116
3,255,116
3,255,117
3,255,117
3,255,118
3,255,119
3,255,119
3,255,119
4,255,119
3,253,120
3,253,120
3,253,120
3,253,119
3,253,119
3,253,119
3,253,119
3,253,119
3,253,119
3,253,119
3,251,120
3,251,120
3,251,120
3,251,119
3,251,119
3,251,118
3,251,118
3,251,118
3,253,118
3,255,117
3,255,117
3,255,118
3,255,118
4,255,118
4,255,118
4,253,119
3,251,119
3,251,119
3,251,119
3,253,118
3,253,118
3,253,118
3,253,117
3,253,118
3,253,118
3,251,119
3,251,119
3,253,119
3,253,120
3,253,119
3,253,119
3,253,119
3,253,119
3,253,118
3,253,118
3,253,118
3,253,118
3,253,117
3,253,118
3,253,117
3,253,116
3,253,115
3,253,113
3,253,113
3,253,111
3,253,109
3,250,108
3,250,108
3,250,108
3,250,108
3,250,108
3,253,108
3,253,108
3,253,108
3,253,108
3,253,109
3,250,110
3,250,113
3,250,113
3,250,113
3,255,113
3,255,113
3,255,114
3,255,114
3,255,114
3,255,115
3,255,114
3,255,114
3,255,114
3,253,115
3,253,115
3,253,115
3,253,115
3,253,115
3,253,115
3,253,115
3,253,115
3,253,115
3,253,116
3,253,116
3,255,116
3,255,117
3,255,117
3,255,117
3,255,118
3,255,118
3,255,118
4,255,119
3,253,118
3,253,118
3,253,118
3,253,118
3,253,118
3,253,118
3,253,118
3,253,119
3,253,119
3,251,119
3,251,120
3,251,120
3,251,119
3,251,119
3,251,119
3,251,118
3,253,118
3,253,118
3,255,118
3,255,117
3,255,118
3,255,118
4,255,118
4,255,118
4,253,119
4,253,119
3,251,119
3,253,119
3,253,119
3,253,118
3,253,118
3,253,118
3,253,118
3,253,118
3,253,119
3,253,120
3,253,120
3,253,120
3,253,120
3,253,120
3,253,119
3,253,119
3,253,118
3,251,118
3,253,117
3,253,117
3,253,116
3,253,116
3,251,114
3,253,113
3,253,111
3,253,110
3,253,109
3,250,107
3,250,107
3,250,107
3,250,107
3,253,107
3,253,107
3,253,108
3,253,109
3,253,110
3,250,111
3,250,113
3,250,113
3,253,113
3,255,113
3,255,114
3,255,114
3,255,114
3,255,114
3,255,114
3,255,114
3,255,114
3,253,114
3,253,114
3,253,115
3,253,115
3,253,115
3,253,115
3,253,115
3,253,115
3,253,115
3,253,115
3,253,116
3,255,116
3,255,116
3,255,117
3,255,117
3,255,117
3,255,117
3,255,117
3,255,117
3,255,118
4,255,118
4,255,118
3,253,118
3,253,118
3,253,118
3,253,118
3,253,118
3,253,118
3,253,119
3,251,119
3,251,119
3,251,119
3,251,119
3,251,119
3,253,119
3,253,118
3,253,118
3,255,118
3,255,118
3,255,118
4,255,118
4,255,118
4,255,118
4,255,118
4,253,119
3,251,120
3,253,120
3,253,120
3,253,119
3,253,118
3,253,118
3,253,118
3,253,118
3,253,119
3,253,120
3,253,120
3,253,120
3,253,120
3,253,120
3,253,120
3,251,119
3,251,118
3,251,118
3,251,116
3,251,116
3,251,114
3,250,113
3,250,111
3,250,110
3,250,109
3,250,106
3,250,106
3,253,106
3,253,107
3,253,108
3,253,109
3,253,110
3,250,111
3,250,113
3,250,113
3,250,113
3,253,114
3,255,114
3,255,114
3,255,114
3,255,113
3,255,113
3,255,113
3,255,113
3,255,113
3,253,113
3,253,114
3,253,115
3,253,115
3,253,115
3,253,115
3,253,115
3,255,115
3,253,115
3,253,115
3,253,116
3,253,116
3,253,116
3,255,116
3,255,117
3,255,117
3,255,117
3,255,117
3,255,117
3,255,117
3,255,117
3,255,118
3,255,118
3,255,118
3,255,118
3,253,118
3,253,118
3,253,118
3,253,119
3,253,119
3,253,119
3,253,119
3,253,119
3,253,119
3,253,119
3,253,119
3,255,119
3,255,119
4,255,118
4,255,118
4,255,118
4,255,118
4,255,118
3,253,120
4,253,120
3,253,120
3,253,120
3,253,120
3,253,119
3,253,118
3,253,118
3,253,118
3,253,118
3,253,120
3,253,120
3,253,120
3,253,120
3,253,120
3,253,119
3,251,118
3,251,117
3,251,116
3,251,115
3,250,113
3,250,111
3,250,110
3,250,109
3,250,106
3,253,106
3,253,107
3,253,109
3,253,110
3,250,111
3,250,113
3,250,113
3,250,113
3,250,113
3,253,113
3,255,113
3,255,113
3,255,113
3,255,112
3,255,111
3,255,111
3,255,110
3,255,111
3,253,113
3,253,113
3,253,114
3,253,114
3,253,114
3,253,114
3,253,115
3,253,115
3,253,115
3,253,116
3,253,116
3,253,116
3,255,116
3,255,116
3,255,117
3,255,117
3,255,117
3,255,117
3,255,117
3,255,117
3,255,118
3,255,118
3,255,118
3,255,118
3,253,118
3,255,118
3,255,118
3,253,119
3,253,119
3,253,119
3,253,119
3,253,119
3,253,120
3,253,120
3,253,120
3,253,120
3,253,120
4,255,120
4,255,119
4,255,118
4,255,118
4,255,120
3,253,120
4,253,120
3,253,120
3,253,120
3,253,120
3,253,119
3,253,118
3,253,118
3,253,118
3,253,118
3,253,118
3,253,118
3,253,119
3,253,119
3,253,118
3,251,118
3,251,117
3,251,116
3,251,115
3,250,112
3,250,111
3,250,109
3,250,107
3,250,109
3,250,110
3,250,110
3,250,113
3,250,113
3,250,113
3,250,113
3,250,113
3,253,113
3,250,112
3,253,112
3,255,111
3,255,110
3,255,110
3,255,109
3,255,109
3,253,110
3,253,112
3,253,113
3,253,113
3,253,114
3,253,114
3,255,114
3,253,115
3,253,115
3,253,115
3,253,115
3,253,116
3,253,116
3,253,116
3,255,116
3,255,117
3,255,117
3,255,117
3,255,117
3,255,118
3,255,118
3,255,118
3,255,118
3,253,118
3,253,119
3,255,119
3,255,119
3,253,119
3,253,119
3,255,119
3,253,120
3,253,120
3,253,120
3,253,120
3,253,120
3,253,120
3,253,121
3,253,121
3,253,121
4,255,120
3,253,120
3,253,120
3,253,120
3,253,120
3,253,120
3,251,120
3,253,120
3,253,120
3,253,118
3,253,118
3,253,118
3,253,118
3,253,118
3,253,118
3,253,118
3,253,118
3,251,118
3,248,117
3,248,116
3,251,114
3,250,112
3,250,110
3,250,110
3,250,111
3,250,113
3,250,113
3,250,113
3,250,112
3,250,112
3,250,112
3,250,111
3,253,110
3,253,110
3,255,109
3,255,108
3,255,108
3,255,109
3,253,110
3,253,112
3,253,113
3,253,113
3,253,114
3,255,114
3,255,114
3,253,115
3,253,115
3,253,115
3,253,115
3,253,116
3,253,116
3,253,116
3,253,117
3,253,117
3,255,117
3,255,117
3,255,118
3,255,118
3,255,118
3,255,119
3,255,119
3,253,120
3,255,119
3,255,119
3,253,119
3,253,119
3,255,119
3,253,120
3,253,120
3,253,120
3,253,120
3,253,121
3,253,121
3,253,121
3,253,121
3,253,121
3,253,121
3,253,120
3,253,120
3,253,120
3,253,120
3,253,120
3,251,120
3,251,120
3,253,120
3,253,118
3,253,118
3,253,117
3,253,118
3,253,118
3,253,118
3,253,117
3,253,117
3,251,116
3,251,115
3,248,114
3,250,110
3,250,110
3,250,110
3,250,111
3,250,111
3,250,111
3,250,110
3,250,110
3,250,110
3,253,109
3,255,108
3,255,108
3,255,108
3,253,109
3,253,110
3,253,111
3,253,112
3,253,113
3,253,113
3,253,114
3,253,114
3,253,114
3,253,115
3,253,115
3,253,115
3,253,115
3,253,116
3,253,117
3,253,117
3,253,118
3,253,118
3,255,118
3,255,118
3,255,119
3,255,119
3,255,119
3,255,119
3,255,119
3,255,119
3,255,119
3,255,120
4,255,120
3,253,120
3,253,120
3,253,120
3,253,120
3,253,121
3,253,121
3,253,121
3,253,121
3,253,121
3,253,121
3,253,121
3,253,120
3,253,120
3,253,120
3,251,120
3,251,120
3,251,120
3,253,118
3,253,118
3,253,117
3,253,117
3,253,117
3,253,117
3,253,116
3,253,116
3,253,115
3,251,115
3,253,109
3,253,109
3,253,110
3,250,110
3,250,110
3,250,110
3,250,109
3,253,109
3,255,108
3,253,109
3,253,109
3,253,110
3,253,110
3,253,111
3,250,112
3,253,113
3,253,113
3,253,114
3,255,114
3,255,114
3,253,115
3,253,115
3,253,115
3,253,115
3,253,116
3,253,117
3,251,118
3,253,118
3,253,118
3,253,119
3,253,119
3,253,119
3,253,119
3,255,119
3,255,119
3,255,119
3,253,120
3,253,120
3,253,120
3,253,120
3,253,120
3,253,121
3,253,121
3,253,121
3,253,121
3,253,121
3,253,121
3,253,121
3,253,121
3,253,121
3,253,120
3,253,120
3,253,120
3,251,120
3,251,120
3,251,118
3,251,117
3,253,117
3,253,116
3,253,116
3,253,116
3,253,115
3,253,115
3,250,109
3,250,110
3,250,110
3,250,110
3,250,109
3,253,109
3,253,109
3,253,109
3,253,109
3,253,110
3,253,110
3,250,111
3,250,112
3,250,113
3,253,113
3,253,113
3,255,114
3,253,114
3,253,115
3,253,115
3,253,115
3,253,116
3,251,117
3,251,118
3,251,118
3,253,118
3,253,118
3,253,119
3,255,119
3,253,118
3,255,118
3,255,118
3,255,118
3,253,119
3,253,120
3,253,120
3,253,120
3,253,120
3,253,121
3,251,121
3,251,121
3,253,121
3,253,121
3,253,121
3,253,121
3,253,121
3,253,120
3,253,120
3,251,120
3,251,118
3,251,118
3,251,118
3,251,116
3,251,116
3,251,116
3,251,114
3,253,114
3,250,109
3,250,109
3,250,109
3,253,109
3,253,109
3,253,109
3,253,110
3,253,110
3,253,111
3,253,111
3,253,113
3,253,113
3,253,113
3,253,113
3,253,114
3,253,115
3,253,115
3,253,115
3,251,117
3,251,117
3,251,117
3,251,118
3,253,118
3,255,118
3,255,118
3,255,118
3,255,118
3,255,118
3,255,118
3,255,118
3,253,119
3,253,119
3,253,120
3,251,120
3,251,120
3,251,120
3,251,120
3,251,120
3,253,120
3,253,120
3,253,120
3,253,120
3,253,119
3,253,118
3,251,118
3,251,117
3,251,117
3,251,116
3,251,116
3,253,108
3,253,109
3,253,110
3,253,110
3,253,111
3,253,111
3,253,113
3,253,113
3,253,113
3,253,114
3,253,114
3,253,115
3,253,115
3,253,116
3,251,117
3,251,117
3,251,117
3,253,117
3,255,116
3,255,115
3,255,116
3,255,117
3,255,117
3,255,117
3,253,118
3,253,118
3,253,118
3,253,119
3,251,119
3,251,119
3,251,118
3,251,118
3,253,118
3,253,118
3,253,117
3,253,117
3,253,117
3,253,117
3,253,117
3,253,110
3,253,111
3,250,113
3,250,113
3,253,113
3,253,114
3,253,114
3,253,115
3,253,115
3,251,116
3,251,117
3,253,116
3,253,115
3,253,115
3,255,115
3,255,115
3,255,116
3,255,116
3,253,116
3,253,117
3,253,117
3,253,117
3,251,117
3,251,117
3,251,117
3,253,117
3,253,117
3,253,117
3,253,116
3,255,115
